data/medianmodel_06-Nov-2020.asc
ncols	141
nrows	288
xllcorner	-120191.398
yllcorner	-301404.813
cellsize	2000.000
NODATA_value	-999.250
[rows 58 to 86 of 288, columns 65 to 129 of 141]
537.228 502.006 438.173 382.548 310.052 244.466 224.415 214.624 198.803 179.062 154.087 136.149 122.299 101.165 106.559 152.807 245.599 325.101 355.344 381.713 366.557 323.737 303.786 291.156 243.651 242.940 253.770 267.417 263.776 265.396 283.240 319.980 305.903 330.337 364.378 427.901 450.126 451.270 447.878 445.529 468.386 480.284 554.280 619.742 691.834 692.635 738.421 753.980 835.481 893.980 993.705 969.407 -999.250 -999.250 -999.250 -999.250 -999.250 -999.250 -999.250 -999.250 -999.250 -999.250 -999.250 -999.250 -999.250
518.245 482.137 439.756 350.264 301.070 267.432 225.181 204.458 173.111 155.520 135.202 129.993 120.875 124.342 160.054 200.347 258.539 330.167 321.073 368.122 372.186 314.782 285.980 265.077 241.511 208.225 237.148 238.812 248.094 254.025 283.872 302.740 310.889 373.700 385.114 431.233 467.016 442.681 426.488 437.412 450.765 477.189 507.946 563.612 643.167 750.638 732.369 708.898 892.976 885.839 817.557 -999.250 -999.250 -999.250 -999.250 -999.250 -999.250 -999.250 -999.250 -999.250 -999.250 -999.250 -999.250 -999.250 -999.250
587.151 500.773 419.162 393.747 333.455 295.714 230.314 200.759 161.333 139.115 134.598 140.354 144.090 156.363 198.771 243.653 285.376 310.178 361.701 376.021 357.453 321.591 289.623 260.507 225.400 191.285 196.031 210.084 221.913 244.383 278.186 298.016 328.911 372.812 416.999 446.529 440.579 441.046 479.450 433.454 471.256 455.294 509.168 507.635 540.679 561.679 636.359 719.515 797.015 853.044 769.286 -999.250 -999.250 -999.250 -999.250 -999.250 -999.250 -999.250 -999.250 -999.250 -999.250 -999.250 -999.250 -999.250 -999.250
638.583 580.994 487.988 400.162 333.779 289.829 246.861 197.991 157.593 137.214 142.183 146.038 161.707 205.003 257.127 291.814 346.767 343.269 364.510 378.662 368.842 298.668 283.243 227.104 196.872 182.718 164.163 175.815 215.041 258.571 291.959 327.827 358.946 398.822 428.966 443.792 441.507 419.094 441.881 492.760 464.246 458.649 462.735 545.002 499.979 525.455 586.624 702.103 660.906 715.590 -999.250 -999.250 -999.250 -999.250 -999.250 -999.250 -999.250 -999.250 -999.250 -999.250 -999.250 -999.250 -999.250 -999.250 -999.250
634.687 548.043 488.411 398.908 334.561 295.413 266.842 202.164 171.075 115.326 139.389 169.262 205.240 243.943 302.490 332.179 361.070 401.096 366.536 338.651 329.636 305.693 256.599 235.806 184.586 154.429 147.749 186.627 227.112 278.287 304.819 350.651 374.526 404.041 426.642 425.540 415.254 421.116 427.453 437.315 451.605 429.345 417.161 480.619 483.863 -999.250 -999.250 -999.250 -999.250 -999.250 -999.250 -999.250 -999.250 -999.250 -999.250 -999.250 -999.250 -999.250 -999.250 -999.250 -999.250 -999.250 -999.250 -999.250 -999.250
687.920 574.294 500.085 463.114 386.015 325.733 294.890 254.120 201.999 159.651 171.118 215.417 245.217 277.796 304.086 347.339 384.882 431.389 410.723 341.826 307.414 259.885 240.508 186.104 172.361 149.073 115.785 177.704 228.277 301.579 339.242 361.639 414.001 435.706 435.551 412.574 432.548 431.238 419.229 431.218 422.267 406.040 425.235 428.521 439.663 446.697 -999.250 -999.250 -999.250 -999.250 -999.250 -999.250 -999.250 -999.250 -999.250 -999.250 -999.250 -999.250 -999.250 -999.250 -999.250 -999.250 -999.250 -999.250 -999.250
671.746 672.109 545.359 488.045 432.942 372.396 325.999 269.608 248.249 223.338 198.573 234.136 258.491 299.201 329.991 361.116 394.514 415.349 396.632 329.696 283.480 263.115 200.571 208.536 171.983 143.767 157.032 203.876 266.418 304.783 360.735 386.794 414.214 441.210 468.422 472.087 467.293 412.606 409.080 420.588 435.628 417.313 386.528 404.780 409.271 443.933 432.859 -999.250 -999.250 -999.250 -999.250 -999.250 -999.250 -999.250 -999.250 -999.250 -999.250 -999.250 -999.250 -999.250 -999.250 -999.250 -999.250 -999.250 -999.250
598.073 656.736 578.785 478.671 436.421 409.651 350.488 294.395 293.628 263.041 261.974 256.255 299.349 313.635 321.235 361.206 365.128 357.497 332.109 283.675 238.637 241.755 208.004 190.593 193.118 197.979 213.782 243.150 273.914 349.994 359.819 392.242 417.555 432.676 471.746 481.888 440.504 425.849 449.099 404.085 397.810 398.701 388.124 376.661 394.564 375.065 414.272 -999.250 -999.250 -999.250 -999.250 -999.250 -999.250 -999.250 -999.250 -999.250 -999.250 -999.250 -999.250 -999.250 -999.250 -999.250 -999.250 -999.250 -999.250
609.460 611.448 520.633 490.737 451.659 401.108 361.871 365.529 282.804 290.897 274.311 266.189 266.151 321.527 307.475 292.917 320.887 311.993 282.788 258.803 227.005 195.056 189.455 189.154 232.848 234.430 257.588 320.372 333.084 369.375 393.256 423.939 440.388 488.340 494.236 483.941 464.809 447.526 418.792 390.496 360.546 382.457 344.716 313.475 330.114 396.062 361.150 378.641 -999.250 -999.250 -999.250 -999.250 -999.250 -999.250 -999.250 -999.250 -999.250 -999.250 -999.250 -999.250 -999.250 -999.250 -999.250 -999.250 -999.250
556.481 521.209 532.424 486.260 457.242 413.425 370.735 364.358 313.466 328.895 294.338 291.804 272.426 285.603 286.352 294.128 264.458 265.831 242.944 213.088 186.584 180.489 197.594 210.801 226.648 277.986 312.963 326.477 370.274 408.679 411.317 436.353 461.968 496.126 503.006 467.375 469.288 437.403 430.161 372.518 381.336 357.140 325.164 303.398 268.625 330.195 323.391 338.397 329.112 -999.250 -999.250 -999.250 -999.250 -999.250 -999.250 -999.250 -999.250 -999.250 -999.250 -999.250 -999.250 -999.250 -999.250 -999.250 -999.250
538.324 505.364 483.630 498.752 462.997 429.714 383.723 343.570 324.798 287.328 290.477 276.901 260.785 259.720 260.089 247.366 209.761 211.306 192.887 170.989 148.675 152.492 176.405 235.297 256.713 306.317 377.750 410.622 418.029 427.050 432.798 444.570 475.116 524.443 546.558 500.969 518.975 450.995 423.900 375.724 380.905 376.429 334.893 297.368 285.092 299.079 314.861 324.170 318.002 -999.250 -999.250 -999.250 -999.250 -999.250 -999.250 -999.250 -999.250 -999.250 -999.250 -999.250 -999.250 -999.250 -999.250 -999.250 -999.250
494.412 462.438 471.543 465.320 447.660 432.224 386.631 302.869 296.438 283.203 271.059 230.105 238.778 234.940 234.361 206.874 203.329 171.221 164.397 132.097 114.640 125.001 152.028 205.488 278.135 360.027 404.347 449.726 484.408 461.814 467.965 469.952 489.039 545.173 479.353 548.799 456.928 444.347 402.662 392.048 323.874 328.741 286.660 280.623 282.176 276.253 281.581 311.237 304.942 -999.250 -999.250 -999.250 -999.250 -999.250 -999.250 -999.250 -999.250 -999.250 -999.250 -999.250 -999.250 -999.250 -999.250 -999.250 -999.250
473.036 408.184 433.164 441.242 432.772 390.913 347.301 328.942 296.566 264.473 232.868 190.048 202.388 203.272 198.982 172.835 160.589 157.096 138.905 109.577 112.303 101.500 92.661 222.940 321.469 434.114 489.453 480.582 506.961 560.549 552.679 517.603 561.662 573.192 584.173 574.950 491.140 435.921 389.320 352.852 320.547 309.192 281.742 277.704 275.798 264.979 266.874 305.369 290.826 298.310 302.082 -999.250 -999.250 -999.250 -999.250 -999.250 -999.250 -999.250 -999.250 -999.250 -999.250 -999.250 -999.250 -999.250 -999.250
427.078 407.405 425.436 392.779 386.758 365.959 332.445 302.892 280.128 244.201 212.386 170.685 164.398 163.432 162.806 154.704 142.586 132.589 121.535 125.777 112.058 131.445 170.555 265.358 404.766 489.297 585.535 585.829 713.430 601.031 611.852 631.039 610.536 525.937 574.478 590.779 495.058 413.918 377.014 337.769 333.960 293.157 271.022 245.038 245.978 246.784 282.319 285.179 280.520 299.303 308.153 -999.250 -999.250 -999.250 -999.250 -999.250 -999.250 -999.250 -999.250 -999.250 -999.250 -999.250 -999.250 -999.250 -999.250
386.870 383.316 391.437 345.282 333.071 323.252 293.662 278.324 269.284 215.297 185.819 162.912 152.468 141.330 133.140 131.834 120.467 112.599 103.063 128.308 136.848 181.458 254.254 337.345 443.238 534.722 711.958 773.560 822.545 698.650 763.889 676.030 742.999 637.262 666.649 552.698 461.131 413.384 381.836 336.479 314.209 265.599 246.889 250.102 237.662 245.872 245.992 288.999 294.295 289.918 -999.250 -999.250 -999.250 -999.250 -999.250 -999.250 -999.250 -999.250 -999.250 -999.250 -999.250 -999.250 -999.250 -999.250 -999.250
338.175 339.767 386.231 351.514 312.435 304.328 290.507 258.548 247.209 213.036 170.822 137.081 132.526 127.774 112.145 107.236 110.903 105.868 114.434 139.657 165.742 237.667 322.365 395.093 479.680 624.362 794.372 870.390 945.661 898.914 817.248 838.462 825.844 602.000 612.735 528.211 444.834 418.647 396.380 354.687 279.175 263.358 246.052 239.830 257.009 240.844 242.263 261.760 285.743 311.473 -999.250 -999.250 -999.250 -999.250 -999.250 -999.250 -999.250 -999.250 -999.250 -999.250 -999.250 -999.250 -999.250 -999.250 -999.250
323.589 310.317 338.456 338.427 296.068 281.365 261.828 269.751 219.704 181.198 160.061 140.948 121.492 102.934 97.525 93.774 101.308 98.013 101.861 145.012 177.734 232.165 333.417 428.136 549.827 715.556 856.128 1026.988 1032.501 945.635 768.318 832.604 818.579 691.068 543.411 521.017 406.577 417.147 378.654 314.906 269.751 244.763 232.536 225.612 225.790 241.097 246.959 276.281 284.941 278.243 -999.250 -999.250 -999.250 -999.250 -999.250 -999.250 -999.250 -999.250 -999.250 -999.250 -999.250 -999.250 -999.250 -999.250 -999.250
275.769 273.426 288.020 293.485 307.974 287.000 233.194 230.858 200.100 168.574 151.200 122.993 110.787 101.905 95.559 99.160 97.689 107.710 105.349 133.415 161.356 246.972 342.249 459.314 604.262 781.946 929.423 1194.366 1121.966 957.667 930.491 885.199 785.037 711.291 603.649 494.658 459.568 406.555 399.197 293.738 268.021 258.959 227.654 232.137 231.884 214.701 250.786 271.108 286.084 297.204 -999.250 -999.250 -999.250 -999.250 -999.250 -999.250 -999.250 -999.250 -999.250 -999.250 -999.250 -999.250 -999.250 -999.250 -999.250
247.855 270.836 251.831 267.143 293.148 265.460 253.196 226.157 208.792 196.077 147.249 123.067 105.900 97.632 111.572 122.751 118.957 126.583 119.035 128.354 128.977 266.066 373.748 487.801 627.084 757.747 909.744 1056.462 1099.580 1023.501 836.352 885.026 816.931 656.747 608.951 505.146 456.845 441.788 379.556 316.234 290.334 250.776 236.272 222.205 241.508 239.624 251.460 291.044 284.889 302.910 -999.250 -999.250 -999.250 -999.250 -999.250 -999.250 -999.250 -999.250 -999.250 -999.250 -999.250 -999.250 -999.250 -999.250 -999.250
215.110 260.326 233.071 258.820 264.457 260.606 268.079 241.496 232.932 200.822 164.862 143.563 103.627 124.709 141.083 142.010 140.577 141.108 153.039 162.599 214.979 316.966 401.775 501.141 579.023 700.920 847.941 889.002 969.409 957.537 872.932 823.833 829.555 857.648 628.701 510.869 479.476 426.996 371.523 307.989 276.577 256.219 236.539 261.136 255.791 283.647 279.028 300.142 306.923 326.045 -999.250 -999.250 -999.250 -999.250 -999.250 -999.250 -999.250 -999.250 -999.250 -999.250 -999.250 -999.250 -999.250 -999.250 -999.250
188.357 227.692 234.175 263.941 263.212 257.402 244.408 243.505 237.380 200.055 202.817 171.675 148.382 147.848 162.522 168.075 167.234 175.573 197.041 204.582 266.084 317.464 391.938 444.854 534.576 619.410 742.044 756.770 848.166 845.473 803.922 744.640 769.059 656.039 640.793 554.308 456.694 394.793 363.953 297.323 279.132 266.014 249.050 260.501 274.069 284.934 322.947 308.856 331.905 318.948 -999.250 -999.250 -999.250 -999.250 -999.250 -999.250 -999.250 -999.250 -999.250 -999.250 -999.250 -999.250 -999.250 -999.250 -999.250
182.555 217.601 234.677 236.912 253.264 256.841 272.608 247.812 262.840 248.263 225.138 220.697 190.905 173.189 176.432 185.436 182.852 212.447 239.473 256.182 285.961 365.389 398.345 433.246 488.962 548.987 563.801 684.659 611.096 735.081 659.445 713.514 716.484 631.906 513.024 511.236 469.045 406.364 360.019 351.070 346.722 278.641 285.713 286.349 282.145 280.638 324.948 301.664 311.110 349.741 -999.250 -999.250 -999.250 -999.250 -999.250 -999.250 -999.250 -999.250 -999.250 -999.250 -999.250 -999.250 -999.250 -999.250 -999.250
213.801 240.675 267.063 261.942 256.817 265.550 262.764 261.296 251.956 252.721 251.086 251.380 231.950 214.022 225.263 226.510 242.762 257.645 272.107 303.972 351.850 359.231 396.918 408.287 426.421 473.121 504.042 490.294 524.601 611.527 578.463 628.706 696.934 673.868 556.982 477.670 454.380 411.017 413.672 370.352 333.186 330.963 317.054 306.222 298.407 283.764 337.141 326.866 329.886 340.094 347.595 -999.250 -999.250 -999.250 -999.250 -999.250 -999.250 -999.250 -999.250 -999.250 -999.250 -999.250 -999.250 -999.250 -999.250
202.270 229.848 264.592 271.883 258.522 270.102 279.612 267.188 299.136 288.886 301.720 290.031 277.287 238.932 258.437 248.392 255.288 276.925 324.589 344.533 334.648 352.740 358.111 378.319 367.902 386.882 436.947 470.740 483.380 509.731 539.027 580.615 678.568 714.193 548.177 520.106 498.580 453.320 441.402 400.278 346.851 348.930 328.479 346.581 326.367 337.563 345.650 337.017 357.602 335.163 333.360 -999.250 -999.250 -999.250 -999.250 -999.250 -999.250 -999.250 -999.250 -999.250 -999.250 -999.250 -999.250 -999.250 -999.250
214.533 236.348 258.295 258.418 253.987 295.297 314.804 327.182 328.131 342.902 357.518 349.578 299.961 293.240 275.062 267.415 298.036 296.754 341.639 364.775 364.894 373.813 340.973 304.159 285.991 302.905 348.504 419.698 460.947 457.896 563.689 612.467 670.070 546.032 528.817 538.205 519.623 457.746 438.577 415.516 397.575 370.123 381.422 370.698 336.221 331.661 344.803 335.999 327.480 356.074 320.990 -999.250 -999.250 -999.250 -999.250 -999.250 -999.250 -999.250 -999.250 -999.250 -999.250 -999.250 -999.250 -999.250 -999.250
243.428 244.278 261.397 311.089 316.022 348.719 329.874 354.635 409.991 414.612 407.442 353.649 347.753 311.799 305.050 292.749 327.586 367.073 408.752 422.176 411.973 369.583 320.935 270.666 205.942 194.954 264.669 328.772 429.904 466.423 493.843 569.976 564.970 623.322 598.669 578.918 496.287 475.639 473.408 448.584 442.440 371.183 379.946 383.685 362.458 342.962 374.875 326.339 330.294 330.256 319.642 -999.250 -999.250 -999.250 -999.250 -999.250 -999.250 -999.250 -999.250 -999.250 -999.250 -999.250 -999.250 -999.250 -999.250
251.876 264.834 317.684 334.110 349.990 374.979 367.888 392.680 410.002 409.721 400.434 399.321 386.471 336.503 292.413 301.954 329.514 379.336 408.304 507.950 423.026 365.303 297.912 223.691 143.684 72.171 220.034 342.732 459.911 463.876 559.273 634.075 629.834 650.029 646.443 557.136 551.211 547.064 512.412 478.050 440.347 402.158 407.946 412.843 389.521 370.168 320.329 342.577 356.389 343.053 -999.250 -999.250 -999.250 -999.250 -999.250 -999.250 -999.250 -999.250 -999.250 -999.250 -999.250 -999.250 -999.250 -999.250 -999.250
264.075 298.866 336.895 325.331 347.918 390.180 406.137 435.806 413.285 417.951 442.442 443.004 404.979 333.935 323.195 307.455 311.553 334.384 385.641 415.691 391.170 332.596 290.614 242.630 180.204 170.020 276.503 348.936 452.362 513.945 630.970 690.678 704.204 789.127 704.413 667.121 563.470 611.664 585.893 494.611 466.473 429.758 404.598 389.325 358.179 353.487 301.313 330.407 338.248 328.435 -999.250 -999.250 -999.250 -999.250 -999.250 -999.250 -999.250 -999.250 -999.250 -999.250 -999.250 -999.250 -999.250 -999.250 -999.250
267.568 286.365 334.959 356.021 367.797 402.069 434.864 434.900 438.493 441.347 402.870 420.055 395.060 349.389 301.349 285.498 282.551 313.257 360.916 358.531 335.018 299.813 299.008 286.150 257.540 273.976 377.509 422.123 526.841 615.329 726.071 818.987 886.357 818.943 879.982 773.623 649.089 563.862 571.782 521.394 511.350 458.037 409.829 374.967 358.693 352.553 349.760 322.277 332.496 -999.250 -999.250 -999.250 -999.250 -999.250 -999.250 -999.250 -999.250 -999.250 -999.250 -999.250 -999.250 -999.250 -999.250 -999.250 -999.250
