data/medianmodel_06-Sep-2020.asc
ncols	141
nrows	288
xllcorner	-120191.398
yllcorner	-301404.813
cellsize	2000.000
NODATA_value	-999.250
[rows 62 to 92 of 288, columns 69 to 137 of 141]
0.000 0.000 0.000 0.000 0.000 0.000 3.730 9.703 20.328 25.499 25.153 21.580 13.729 11.709 26.069 48.347 65.205 69.990 69.152 56.585 33.654 12.577 0.000 0.000 0.000 0.000 0.000 0.000 0.000 0.000 0.000 0.000 0.000 0.000 0.000 0.000 0.000 0.000 0.331 2.668 6.953 -999.250 -999.250 -999.250 -999.250 -999.250 -999.250 -999.250 -999.250 -999.250 -999.250 -999.250 -999.250 -999.250 -999.250 -999.250 -999.250 -999.250 -999.250 -999.250 -999.250 -999.250 -999.250 -999.250 -999.250 -999.250 -999.250 -999.250 -999.250
0.051 0.000 0.000 0.000 0.000 0.000 0.000 6.369 10.860 16.832 21.368 20.355 17.534 10.271 40.484 66.693 97.316 99.965 86.204 73.464 56.033 28.644 0.000 0.000 0.898 0.000 0.000 0.000 0.000 0.000 0.000 0.000 0.000 0.000 0.000 0.000 0.000 0.000 0.000 0.000 4.599 9.704 -999.250 -999.250 -999.250 -999.250 -999.250 -999.250 -999.250 -999.250 -999.250 -999.250 -999.250 -999.250 -999.250 -999.250 -999.250 -999.250 -999.250 -999.250 -999.250 -999.250 -999.250 -999.250 -999.250 -999.250 -999.250 -999.250 -999.250
3.537 0.000 0.000 0.000 0.000 0.000 0.000 3.129 10.079 17.535 21.142 33.835 48.424 57.732 71.188 99.998 122.757 127.303 117.508 102.916 79.024 58.264 33.127 19.268 13.479 8.080 3.525 0.168 0.000 0.000 0.000 0.000 0.000 0.000 0.000 0.000 0.000 0.000 0.000 0.002 4.551 7.847 12.116 -999.250 -999.250 -999.250 -999.250 -999.250 -999.250 -999.250 -999.250 -999.250 -999.250 -999.250 -999.250 -999.250 -999.250 -999.250 -999.250 -999.250 -999.250 -999.250 -999.250 -999.250 -999.250 -999.250 -999.250 -999.250 -999.250
6.602 0.000 0.000 0.000 0.000 0.000 0.000 4.129 14.071 21.303 37.304 49.328 70.499 97.681 109.803 127.006 150.190 176.269 184.793 149.922 126.033 90.501 64.858 45.951 27.751 21.441 10.469 5.925 0.353 0.000 0.000 0.000 0.000 0.000 0.000 0.000 0.000 0.000 0.000 0.000 2.365 5.375 10.021 -999.250 -999.250 -999.250 -999.250 -999.250 -999.250 -999.250 -999.250 -999.250 -999.250 -999.250 -999.250 -999.250 -999.250 -999.250 -999.250 -999.250 -999.250 -999.250 -999.250 -999.250 -999.250 -999.250 -999.250 -999.250 -999.250
9.034 3.451 0.000 0.000 0.000 0.000 0.000 8.975 19.521 36.819 52.993 75.013 111.709 115.844 158.865 193.769 245.507 229.241 229.871 204.060 150.514 144.029 93.874 59.560 48.434 35.099 21.975 9.724 6.003 0.000 0.000 0.000 0.000 0.000 0.000 0.000 0.000 0.000 0.000 0.000 0.000 5.337 7.994 11.696 -999.250 -999.250 -999.250 -999.250 -999.250 -999.250 -999.250 -999.250 -999.250 -999.250 -999.250 -999.250 -999.250 -999.250 -999.250 -999.250 -999.250 -999.250 -999.250 -999.250 -999.250 -999.250 -999.250 -999.250 -999.250
11.406 4.256 0.000 0.000 0.000 0.000 1.635 12.488 26.000 45.716 71.745 98.565 120.732 153.841 280.237 306.519 357.854 518.313 348.606 348.065 205.242 163.701 112.243 83.450 61.677 47.483 30.103 17.511 9.174 1.278 0.000 0.000 0.000 0.000 0.000 0.000 0.000 0.000 0.000 0.000 0.000 1.466 8.341 9.975 10.451 -999.250 -999.250 -999.250 -999.250 -999.250 -999.250 -999.250 -999.250 -999.250 -999.250 -999.250 -999.250 -999.250 -999.250 -999.250 -999.250 -999.250 -999.250 -999.250 -999.250 -999.250 -999.250 -999.250 -999.250
14.469 4.352 0.000 0.000 0.000 0.000 2.279 10.950 28.700 56.043 93.756 113.926 148.453 251.873 348.088 428.240 584.880 572.182 553.232 478.997 324.641 208.897 139.170 111.673 83.410 56.718 44.845 26.393 10.982 3.269 0.000 0.000 0.000 0.000 0.000 0.000 0.000 0.000 0.000 0.000 0.000 0.751 5.580 7.578 11.350 -999.250 -999.250 -999.250 -999.250 -999.250 -999.250 -999.250 -999.250 -999.250 -999.250 -999.250 -999.250 -999.250 -999.250 -999.250 -999.250 -999.250 -999.250 -999.250 -999.250 -999.250 -999.250 -999.250 -999.250
11.131 2.418 0.000 0.000 0.000 0.000 0.000 9.503 29.730 58.721 102.290 134.342 148.722 225.450 332.345 436.524 542.908 661.499 638.768 550.996 454.678 231.004 145.227 118.650 88.338 61.850 48.477 27.659 14.600 5.323 1.026 0.000 0.000 0.000 0.000 0.000 0.000 0.000 0.000 0.000 0.000 0.836 5.422 9.098 9.771 -999.250 -999.250 -999.250 -999.250 -999.250 -999.250 -999.250 -999.250 -999.250 -999.250 -999.250 -999.250 -999.250 -999.250 -999.250 -999.250 -999.250 -999.250 -999.250 -999.250 -999.250 -999.250 -999.250 -999.250
7.552 1.785 0.000 0.000 0.000 0.000 0.000 6.381 25.816 58.327 96.831 132.723 168.249 227.765 318.270 434.517 533.788 664.091 667.161 582.260 356.300 225.652 147.280 106.288 85.531 61.479 49.665 34.492 17.926 7.076 0.660 0.000 0.000 0.000 0.000 0.000 0.000 0.000 0.000 0.000 0.000 1.417 5.295 8.652 8.211 9.826 11.363 -999.250 -999.250 -999.250 -999.250 -999.250 -999.250 -999.250 -999.250 -999.250 -999.250 -999.250 -999.250 -999.250 -999.250 -999.250 -999.250 -999.250 -999.250 -999.250 -999.250 -999.250 -999.250
4.172 0.000 0.000 0.000 0.000 0.000 0.000 0.000 20.449 48.749 77.773 102.913 147.446 238.016 316.406 343.100 430.629 534.849 625.956 489.546 358.164 228.198 136.511 107.975 78.111 58.427 43.657 31.542 13.766 7.025 2.904 0.000 0.000 0.000 0.000 0.000 0.000 0.000 0.000 0.000 0.000 2.192 4.712 8.241 9.090 10.544 10.606 -999.250 -999.250 -999.250 -999.250 -999.250 -999.250 -999.250 -999.250 -999.250 -999.250 -999.250 -999.250 -999.250 -999.250 -999.250 -999.250 -999.250 -999.250 -999.250 -999.250 -999.250 -999.250
1.133 0.000 0.000 0.000 0.000 0.000 0.000 5.368 19.331 41.970 65.682 89.853 129.801 161.874 212.056 192.704 256.684 331.453 418.398 373.903 290.459 135.694 125.836 86.079 62.325 50.150 31.575 18.477 10.123 1.864 0.634 0.000 0.000 0.000 0.000 0.000 0.000 0.000 0.000 0.000 0.000 4.144 3.991 6.826 8.023 10.425 -999.250 -999.250 -999.250 -999.250 -999.250 -999.250 -999.250 -999.250 -999.250 -999.250 -999.250 -999.250 -999.250 -999.250 -999.250 -999.250 -999.250 -999.250 -999.250 -999.250 -999.250 -999.250 -999.250
0.000 0.000 0.000 0.000 0.000 0.000 0.453 9.749 22.429 39.036 56.009 86.514 103.085 122.072 133.910 131.335 146.660 173.749 211.717 168.182 150.101 104.993 89.513 60.544 45.415 30.076 19.029 10.769 5.755 0.095 0.000 0.000 0.000 0.000 0.000 0.000 0.000 0.000 0.000 0.000 0.000 3.051 4.745 6.793 9.420 11.214 -999.250 -999.250 -999.250 -999.250 -999.250 -999.250 -999.250 -999.250 -999.250 -999.250 -999.250 -999.250 -999.250 -999.250 -999.250 -999.250 -999.250 -999.250 -999.250 -999.250 -999.250 -999.250 -999.250
0.000 0.000 0.000 0.000 0.000 0.000 3.766 10.661 22.356 35.051 49.580 60.182 77.082 86.039 80.455 91.878 96.156 105.152 127.189 112.913 94.358 72.541 57.123 31.966 19.621 15.655 9.056 4.807 1.558 0.000 0.000 0.000 0.000 0.000 0.000 0.000 0.000 0.000 0.000 0.000 0.000 3.427 6.736 8.976 8.869 9.971 -999.250 -999.250 -999.250 -999.250 -999.250 -999.250 -999.250 -999.250 -999.250 -999.250 -999.250 -999.250 -999.250 -999.250 -999.250 -999.250 -999.250 -999.250 -999.250 -999.250 -999.250 -999.250 -999.250
0.000 0.000 0.000 0.000 0.000 0.000 4.452 11.122 21.662 30.826 42.415 48.507 57.049 57.214 50.543 53.947 55.953 61.310 72.197 67.983 59.963 49.954 23.947 0.000 0.000 2.745 1.366 0.000 0.000 0.000 0.000 0.000 0.000 0.000 0.000 0.000 0.000 0.000 0.000 0.000 0.960 4.033 7.872 7.916 9.697 9.000 -999.250 -999.250 -999.250 -999.250 -999.250 -999.250 -999.250 -999.250 -999.250 -999.250 -999.250 -999.250 -999.250 -999.250 -999.250 -999.250 -999.250 -999.250 -999.250 -999.250 -999.250 -999.250 -999.250
0.000 0.000 0.000 0.000 0.000 1.687 6.692 14.268 20.629 24.955 28.178 27.716 28.464 31.565 23.822 15.457 0.000 20.668 34.092 38.750 30.854 21.001 8.126 0.000 0.000 0.000 0.000 0.000 0.000 0.000 0.000 0.000 0.000 0.000 0.000 0.000 0.000 0.000 0.000 0.000 0.679 3.778 4.429 6.042 5.566 7.330 -999.250 -999.250 -999.250 -999.250 -999.250 -999.250 -999.250 -999.250 -999.250 -999.250 -999.250 -999.250 -999.250 -999.250 -999.250 -999.250 -999.250 -999.250 -999.250 -999.250 -999.250 -999.250 -999.250
0.000 0.000 0.000 0.000 0.000 0.397 5.805 12.607 25.907 19.981 17.249 16.956 12.733 10.988 6.062 0.000 0.000 0.000 11.513 13.070 12.479 8.490 2.047 0.000 0.000 0.000 0.000 0.000 0.000 0.000 0.000 0.000 0.000 0.000 0.000 0.000 0.000 0.000 0.000 0.336 1.784 1.797 4.601 6.119 6.030 5.947 -999.250 -999.250 -999.250 -999.250 -999.250 -999.250 -999.250 -999.250 -999.250 -999.250 -999.250 -999.250 -999.250 -999.250 -999.250 -999.250 -999.250 -999.250 -999.250 -999.250 -999.250 -999.250 -999.250
0.000 0.000 0.000 0.000 0.026 1.299 4.717 9.738 13.925 12.484 9.561 7.567 4.535 2.250 0.000 0.000 0.000 0.000 0.000 2.345 3.814 4.907 2.985 0.000 0.000 0.000 0.000 0.000 0.000 0.000 0.000 0.000 0.000 0.000 0.000 0.000 0.000 0.000 0.189 1.486 1.975 3.688 2.607 3.489 5.019 6.867 -999.250 -999.250 -999.250 -999.250 -999.250 -999.250 -999.250 -999.250 -999.250 -999.250 -999.250 -999.250 -999.250 -999.250 -999.250 -999.250 -999.250 -999.250 -999.250 -999.250 -999.250 -999.250 -999.250
5.333 6.011 4.010 0.526 0.290 1.500 3.599 4.499 6.291 5.219 4.792 0.543 0.000 0.000 0.000 0.000 0.000 0.000 0.000 0.981 4.174 7.087 8.857 6.038 4.620 5.111 3.897 0.213 0.000 0.000 0.000 0.000 0.000 0.000 0.000 0.000 0.000 0.000 1.366 2.663 1.514 1.439 2.229 3.974 3.410 4.143 -999.250 -999.250 -999.250 -999.250 -999.250 -999.250 -999.250 -999.250 -999.250 -999.250 -999.250 -999.250 -999.250 -999.250 -999.250 -999.250 -999.250 -999.250 -999.250 -999.250 -999.250 -999.250 -999.250
14.075 10.977 8.145 5.757 3.807 2.131 0.683 1.883 1.099 0.473 0.000 0.000 0.000 0.000 0.000 0.000 0.000 0.000 0.882 4.627 10.961 14.073 14.047 15.233 13.712 11.571 9.810 4.886 1.782 0.000 0.000 0.000 0.000 0.000 0.000 0.000 0.918 2.594 2.980 2.478 3.380 0.000 0.198 1.054 0.612 0.327 1.153 -999.250 -999.250 -999.250 -999.250 -999.250 -999.250 -999.250 -999.250 -999.250 -999.250 -999.250 -999.250 -999.250 -999.250 -999.250 -999.250 -999.250 -999.250 -999.250 -999.250 -999.250 -999.250
26.005 20.001 13.931 9.120 6.760 4.597 2.370 1.264 0.000 0.000 0.000 0.000 0.000 0.000 0.000 0.000 0.000 2.324 7.115 15.460 21.908 25.139 26.889 26.334 22.600 18.485 12.681 9.179 5.804 0.925 0.000 0.000 0.000 0.000 0.000 0.184 2.021 5.430 3.765 3.904 3.175 0.942 0.245 0.000 0.000 0.000 0.000 -999.250 -999.250 -999.250 -999.250 -999.250 -999.250 -999.250 -999.250 -999.250 -999.250 -999.250 -999.250 -999.250 -999.250 -999.250 -999.250 -999.250 -999.250 -999.250 -999.250 -999.250 -999.250
40.103 28.920 20.161 12.052 8.733 7.297 6.690 3.890 0.444 0.000 0.000 0.000 0.000 0.000 0.000 0.000 0.000 5.983 12.361 23.008 31.956 41.585 42.648 39.198 33.028 22.875 17.652 12.098 9.287 4.017 0.000 0.000 0.000 0.000 1.533 3.924 4.575 6.891 4.698 4.815 0.662 0.736 0.000 0.000 0.000 0.000 0.000 -999.250 -999.250 -999.250 -999.250 -999.250 -999.250 -999.250 -999.250 -999.250 -999.250 -999.250 -999.250 -999.250 -999.250 -999.250 -999.250 -999.250 -999.250 -999.250 -999.250 -999.250 -999.250
30.842 28.952 23.122 15.035 10.817 9.471 7.318 7.621 5.566 0.735 0.000 0.000 0.000 0.000 0.000 0.000 3.037 10.458 20.357 30.152 46.421 53.956 53.926 50.071 41.507 32.719 21.027 13.849 10.147 6.967 2.318 0.324 2.360 3.463 5.165 7.449 5.922 7.028 4.116 4.143 3.586 0.000 0.000 0.000 0.000 0.000 0.000 -999.250 -999.250 -999.250 -999.250 -999.250 -999.250 -999.250 -999.250 -999.250 -999.250 -999.250 -999.250 -999.250 -999.250 -999.250 -999.250 -999.250 -999.250 -999.250 -999.250 -999.250 -999.250
24.980 25.463 21.896 18.340 15.473 12.910 13.631 12.715 9.310 4.736 0.484 0.000 0.000 0.000 0.000 0.000 2.928 11.425 21.982 38.934 54.276 72.171 59.137 47.971 40.877 28.696 22.086 15.468 12.163 6.762 6.398 5.252 5.828 5.443 7.611 7.944 7.871 6.330 5.870 4.203 1.764 0.236 0.000 0.000 0.000 0.000 -999.250 -999.250 -999.250 -999.250 -999.250 -999.250 -999.250 -999.250 -999.250 -999.250 -999.250 -999.250 -999.250 -999.250 -999.250 -999.250 -999.250 -999.250 -999.250 -999.250 -999.250 -999.250 -999.250
22.347 25.594 24.654 23.102 20.219 20.442 17.068 21.610 12.752 6.940 1.982 0.000 0.000 0.000 0.000 0.000 3.679 9.535 20.936 33.360 48.362 55.746 53.507 47.726 40.679 31.112 24.460 17.312 12.975 11.611 8.892 8.789 8.945 9.039 7.501 8.301 9.274 8.299 4.956 2.140 1.117 0.000 0.000 0.000 0.000 0.000 -999.250 -999.250 -999.250 -999.250 -999.250 -999.250 -999.250 -999.250 -999.250 -999.250 -999.250 -999.250 -999.250 -999.250 -999.250 -999.250 -999.250 -999.250 -999.250 -999.250 -999.250 -999.250 -999.250
22.413 24.434 24.363 23.538 22.922 20.277 18.640 18.043 11.866 7.138 1.873 0.000 0.000 0.000 0.000 0.000 5.111 10.505 18.539 27.251 39.709 45.251 45.010 40.392 32.544 25.089 22.302 17.604 14.949 13.673 13.635 13.756 14.800 12.068 9.917 9.965 10.399 8.421 5.979 2.260 0.023 0.000 0.000 0.000 0.000 -999.250 -999.250 -999.250 -999.250 -999.250 -999.250 -999.250 -999.250 -999.250 -999.250 -999.250 -999.250 -999.250 -999.250 -999.250 -999.250 -999.250 -999.250 -999.250 -999.250 -999.250 -999.250 -999.250 -999.250
24.992 24.252 25.095 23.018 23.666 22.327 18.682 16.055 11.418 6.520 1.764 0.000 0.000 0.000 0.000 0.000 2.766 7.071 13.359 20.678 25.049 32.485 31.455 30.499 26.530 23.002 22.018 20.694 19.321 19.722 17.014 16.256 17.750 14.642 15.207 11.410 11.228 9.092 5.822 2.985 0.000 0.000 0.000 0.000 0.000 -999.250 -999.250 -999.250 -999.250 -999.250 -999.250 -999.250 -999.250 -999.250 -999.250 -999.250 -999.250 -999.250 -999.250 -999.250 -999.250 -999.250 -999.250 -999.250 -999.250 -999.250 -999.250 -999.250 -999.250
21.748 22.620 25.885 25.244 23.923 23.302 18.110 16.354 9.609 5.793 0.684 0.000 0.000 0.000 0.000 0.000 0.000 3.010 9.105 13.149 20.164 24.663 24.432 22.684 22.747 20.941 21.485 22.394 25.661 20.758 21.074 20.784 16.699 19.188 16.407 14.683 12.041 8.061 5.777 2.960 0.000 0.000 0.000 0.000 0.000 0.000 0.000 -999.250 -999.250 -999.250 -999.250 -999.250 -999.250 -999.250 -999.250 -999.250 -999.250 -999.250 -999.250 -999.250 -999.250 -999.250 -999.250 -999.250 -999.250 -999.250 -999.250 -999.250 -999.250
19.914 24.465 30.831 25.511 24.894 21.895 18.866 14.596 9.673 7.256 1.792 0.000 0.000 0.000 0.000 0.000 0.000 0.495 4.491 7.634 12.792 17.173 17.964 17.473 19.386 19.756 19.682 21.400 23.240 21.131 21.166 19.000 19.681 17.730 16.433 14.874 10.983 7.341 5.517 3.746 0.000 0.000 0.000 0.000 0.000 0.000 0.000 -999.250 -999.250 -999.250 -999.250 -999.250 -999.250 -999.250 -999.250 -999.250 -999.250 -999.250 -999.250 -999.250 -999.250 -999.250 -999.250 -999.250 -999.250 -999.250 -999.250 -999.250 -999.250
19.874 23.460 24.080 23.851 22.330 21.590 20.651 16.847 13.557 8.530 6.308 2.062 0.000 0.000 0.000 0.000 0.000 0.000 2.489 6.881 9.311 10.616 13.281 16.762 18.588 20.745 21.172 20.992 22.603 21.816 19.521 19.178 18.257 17.187 14.755 11.346 10.210 5.915 3.678 1.819 0.000 0.000 0.000 0.000 0.000 0.000 0.000 -999.250 -999.250 -999.250 -999.250 -999.250 -999.250 -999.250 -999.250 -999.250 -999.250 -999.250 -999.250 -999.250 -999.250 -999.250 -999.250 -999.250 -999.250 -999.250 -999.250 -999.250 -999.250
16.355 20.048 23.421 23.031 22.327 23.665 23.464 20.705 17.684 12.868 9.512 6.624 1.861 0.000 0.000 0.000 0.000 0.000 0.000 1.268 5.452 8.870 11.495 18.417 18.193 19.785 21.282 21.918 21.528 19.024 17.469 16.233 17.951 15.142 12.428 10.846 8.259 4.374 3.599 2.181 0.000 0.000 0.000 0.000 0.000 0.000 -999.250 -999.250 -999.250 -999.250 -999.250 -999.250 -999.250 -999.250 -999.250 -999.250 -999.250 -999.250 -999.250 -999.250 -999.250 -999.250 -999.250 -999.250 -999.250 -999.250 -999.250 -999.250 -999.250
11.093 16.239 18.319 22.275 24.160 24.542 22.778 22.846 21.090 19.035 14.711 10.021 6.847 3.877 0.257 0.000 0.000 0.000 0.000 0.309 4.312 9.227 12.114 13.836 15.810 17.370 19.764 19.564 20.503 19.276 16.963 15.933 14.374 11.481 8.907 6.478 5.666 2.526 2.215 0.510 0.000 0.000 0.000 0.000 0.000 0.000 -999.250 -999.250 -999.250 -999.250 -999.250 -999.250 -999.250 -999.250 -999.250 -999.250 -999.250 -999.250 -999.250 -999.250 -999.250 -999.250 -999.250 -999.250 -999.250 -999.250 -999.250 -999.250 -999.250
