data/medianmodel_24-Nov-2020.asc
ncols	141
nrows	288
xllcorner	-120191.398
yllcorner	-301404.813
cellsize	2000.000
NODATA_value	-999.250
[rows 84 to 111 of 288, columns 65 to 129 of 141]
384.002 397.776 412.693 421.177 424.960 453.076 441.009 443.522 461.910 440.994 448.628 457.387 442.663 405.974 383.424 349.268 332.500 257.663 228.980 154.594 402.835 580.713 837.691 1029.820 1319.689 1457.852 1401.586 1332.481 1211.002 1159.972 1095.642 922.702 767.388 803.149 627.422 606.816 554.465 502.422 457.672 436.571 463.571 447.808 437.942 453.613 407.013 426.647 442.023 440.805 420.975 377.358 -999.250 -999.250 -999.250 -999.250 -999.250 -999.250 -999.250 -999.250 -999.250 -999.250 -999.250 -999.250 -999.250 -999.250 -999.250
405.547 388.223 392.122 395.038 405.367 407.581 419.827 405.658 408.977 429.221 414.807 405.186 406.886 402.705 401.938 349.467 313.845 287.792 256.165 300.216 435.659 614.415 858.481 1065.763 1271.005 1416.836 1435.826 1317.453 1284.722 1175.729 1050.852 886.212 817.258 701.224 707.445 624.778 589.280 509.043 511.798 479.387 467.374 450.448 488.897 443.358 440.288 431.680 435.466 403.720 409.903 401.878 -999.250 -999.250 -999.250 -999.250 -999.250 -999.250 -999.250 -999.250 -999.250 -999.250 -999.250 -999.250 -999.250 -999.250 -999.250
379.867 392.422 381.979 374.756 375.814 399.089 384.650 388.470 395.097 411.730 400.043 392.634 398.951 381.101 371.308 342.526 325.535 310.663 330.139 385.244 479.692 646.344 812.536 1126.561 1253.848 1307.474 1377.596 1324.157 1224.205 1111.538 1017.606 805.896 791.492 691.058 637.247 608.427 561.288 522.374 529.353 498.102 483.916 445.260 450.176 454.442 425.588 427.942 419.184 425.158 392.399 -999.250 -999.250 -999.250 -999.250 -999.250 -999.250 -999.250 -999.250 -999.250 -999.250 -999.250 -999.250 -999.250 -999.250 -999.250 -999.250
381.418 369.399 370.139 353.371 369.563 349.544 349.961 353.121 362.041 372.353 384.401 384.518 383.034 367.255 345.705 330.505 326.820 352.528 379.346 428.336 538.501 725.891 853.252 1078.345 1174.898 1365.215 1359.876 1264.620 1182.098 1046.363 975.470 857.877 760.368 658.906 641.196 651.301 601.903 557.201 550.230 497.271 486.755 483.357 488.488 484.793 455.575 416.996 408.419 404.221 398.078 -999.250 -999.250 -999.250 -999.250 -999.250 -999.250 -999.250 -999.250 -999.250 -999.250 -999.250 -999.250 -999.250 -999.250 -999.250 -999.250
351.347 380.845 347.659 337.643 337.548 308.666 279.412 313.493 315.890 352.522 368.891 346.407 364.182 347.602 347.654 332.052 316.066 358.609 426.993 490.889 576.999 731.127 841.141 1042.239 1187.946 1266.511 1234.655 1172.628 1051.805 1064.716 962.563 770.595 667.197 661.665 657.917 659.048 643.094 590.680 532.413 563.914 524.209 524.133 495.579 472.559 467.387 466.420 410.582 410.098 411.687 412.567 373.973 -999.250 -999.250 -999.250 -999.250 -999.250 -999.250 -999.250 -999.250 -999.250 -999.250 -999.250 -999.250 -999.250 -999.250
345.297 344.534 336.555 324.217 300.091 276.271 208.108 250.051 307.536 350.281 350.376 351.402 363.075 340.557 325.115 348.267 354.742 368.038 448.836 527.048 646.872 821.110 1020.238 1092.677 1190.582 1276.608 1223.514 1258.148 1121.265 1093.205 967.686 841.895 765.976 758.478 678.438 700.001 654.405 569.848 566.247 569.629 569.365 546.535 535.293 498.998 485.873 449.184 416.210 420.098 405.381 400.816 401.340 -999.250 -999.250 -999.250 -999.250 -999.250 -999.250 -999.250 -999.250 -999.250 -999.250 -999.250 -999.250 -999.250 -999.250
343.681 338.017 339.249 318.347 297.940 278.673 259.365 278.497 294.469 325.084 358.121 375.783 386.080 355.427 358.031 361.761 372.710 347.138 495.885 602.420 728.135 911.363 1026.767 1083.210 1295.256 1274.585 1280.379 1226.688 1170.429 1048.874 1007.620 930.933 837.692 829.574 730.307 735.575 693.981 656.921 629.063 581.805 550.874 543.048 538.587 524.214 490.609 472.655 446.815 428.617 412.149 405.406 409.714 -999.250 -999.250 -999.250 -999.250 -999.250 -999.250 -999.250 -999.250 -999.250 -999.250 -999.250 -999.250 -999.250 -999.250
327.055 346.432 347.447 331.163 311.850 301.507 289.468 296.077 309.064 350.415 354.884 392.176 395.173 393.474 410.911 433.003 440.573 515.345 596.403 700.865 900.436 963.148 1049.101 1149.509 1245.075 1339.869 1255.406 1273.340 1276.923 1183.584 1059.658 1012.980 1014.527 918.974 863.976 798.667 803.689 717.991 716.238 673.860 619.102 550.746 550.438 543.488 512.622 463.679 461.944 462.302 416.078 441.750 -999.250 -999.250 -999.250 -999.250 -999.250 -999.250 -999.250 -999.250 -999.250 -999.250 -999.250 -999.250 -999.250 -999.250 -999.250
354.381 348.650 340.680 321.368 323.890 314.850 299.954 307.193 318.189 357.925 391.472 399.302 418.896 439.458 479.591 511.421 551.191 653.414 803.265 916.672 968.495 1126.984 1213.734 1225.048 1330.952 1364.523 1360.365 1276.714 1299.619 1296.154 1187.457 1049.932 1053.644 1014.183 945.752 877.297 775.956 760.650 750.591 649.794 640.134 601.276 551.747 550.674 518.702 484.191 490.474 458.603 441.136 430.823 -999.250 -999.250 -999.250 -999.250 -999.250 -999.250 -999.250 -999.250 -999.250 -999.250 -999.250 -999.250 -999.250 -999.250 -999.250
337.907 341.470 344.119 318.570 315.814 292.339 293.896 309.030 313.660 351.252 402.907 426.766 441.264 466.153 542.720 568.417 657.621 779.941 931.909 1065.008 1112.384 1306.544 1330.637 1338.203 1365.809 1390.536 1340.086 1437.419 1321.356 1362.722 1260.352 1217.651 1142.296 1124.008 1053.631 884.502 838.731 801.063 745.659 691.535 652.786 628.724 594.397 557.151 517.609 499.974 482.285 482.229 422.481 -999.250 -999.250 -999.250 -999.250 -999.250 -999.250 -999.250 -999.250 -999.250 -999.250 -999.250 -999.250 -999.250 -999.250 -999.250 -999.250
317.183 328.561 323.590 342.142 311.662 299.988 294.262 297.741 321.191 358.357 418.607 452.526 464.084 505.400 587.989 644.043 775.506 883.459 1073.915 1280.054 1339.442 1400.233 1410.952 1410.005 1408.023 1445.521 1444.384 1495.700 1441.040 1397.852 1331.391 1315.779 1289.941 1245.174 1175.895 1030.978 991.722 833.041 792.139 792.455 717.537 685.320 607.949 539.261 511.743 523.334 479.348 490.389 450.363 -999.250 -999.250 -999.250 -999.250 -999.250 -999.250 -999.250 -999.250 -999.250 -999.250 -999.250 -999.250 -999.250 -999.250 -999.250 -999.250
320.116 310.573 315.077 319.760 309.086 277.169 278.133 297.044 294.679 357.481 404.891 434.757 493.948 536.152 622.538 750.500 890.655 1034.565 1175.385 1355.903 1496.508 1505.279 1544.517 1448.171 1453.281 1506.501 1556.020 1504.199 1544.849 1424.473 1415.132 1404.406 1375.969 1263.514 1243.177 1061.309 968.436 912.519 839.933 770.866 741.825 704.458 615.409 557.125 536.300 520.491 502.166 464.335 455.856 -999.250 -999.250 -999.250 -999.250 -999.250 -999.250 -999.250 -999.250 -999.250 -999.250 -999.250 -999.250 -999.250 -999.250 -999.250 -999.250
319.160 329.782 315.650 310.785 316.951 272.658 265.917 261.488 294.339 349.943 405.701 461.101 493.857 543.302 647.657 771.547 948.784 1083.455 1276.358 1391.615 1546.650 1484.010 1547.581 1576.810 1597.065 1615.220 1585.073 1623.495 1678.941 1606.385 1481.059 1429.765 1381.640 1321.614 1211.851 1143.821 1062.287 1003.704 952.593 793.600 786.955 679.391 661.915 598.165 567.445 548.967 532.638 473.889 448.797 427.741 -999.250 -999.250 -999.250 -999.250 -999.250 -999.250 -999.250 -999.250 -999.250 -999.250 -999.250 -999.250 -999.250 -999.250 -999.250
289.035 322.358 317.737 316.108 283.620 250.599 229.882 244.719 282.139 367.362 417.728 447.357 508.991 564.928 647.216 817.980 957.140 1167.854 1293.533 1440.008 1452.745 1518.625 1496.169 1579.439 1596.567 1655.315 1673.172 1743.350 1736.774 1727.244 1592.029 1406.819 1428.574 1344.658 1195.968 1198.442 1075.513 1048.188 931.237 896.451 791.731 701.682 637.555 636.913 566.020 584.388 539.197 493.420 481.509 443.742 397.882 -999.250 -999.250 -999.250 -999.250 -999.250 -999.250 -999.250 -999.250 -999.250 -999.250 -999.250 -999.250 -999.250 -999.250
305.668 313.391 327.779 315.145 288.301 235.342 211.617 192.167 269.368 357.323 416.897 492.180 536.511 556.042 654.178 797.931 966.747 1082.830 1186.730 1356.706 1385.259 1501.827 1451.422 1483.435 1604.628 1643.744 1774.481 1802.109 1750.547 1759.452 1695.619 1497.392 1396.618 1360.104 1362.953 1237.326 1188.722 1086.814 937.177 895.557 821.717 727.795 635.901 608.742 584.853 561.000 537.972 519.855 478.921 444.438 438.287 422.518 -999.250 -999.250 -999.250 -999.250 -999.250 -999.250 -999.250 -999.250 -999.250 -999.250 -999.250 -999.250 -999.250
333.491 345.614 343.803 338.424 317.225 251.380 217.935 150.626 249.416 361.572 424.928 520.080 547.216 599.431 680.166 792.105 890.679 1119.818 1186.176 1259.641 1294.652 1373.788 1423.209 1438.930 1495.085 1643.777 1657.225 1820.005 1784.847 1713.181 1569.888 1516.225 1477.121 1341.615 1354.191 1215.579 1110.602 1069.963 908.164 878.602 799.199 668.044 608.404 614.437 586.868 558.729 538.793 513.598 503.653 467.442 435.265 -999.250 -999.250 -999.250 -999.250 -999.250 -999.250 -999.250 -999.250 -999.250 -999.250 -999.250 -999.250 -999.250 -999.250
379.478 379.836 352.674 383.531 349.276 307.797 268.180 272.308 312.529 381.480 489.433 503.459 547.607 577.014 697.815 791.802 881.428 1069.925 1149.465 1152.599 1214.899 1323.224 1435.904 1365.592 1534.241 1574.361 1638.048 1739.896 1640.413 1669.317 1546.594 1464.346 1399.634 1376.545 1247.228 1154.022 1077.527 974.432 932.937 856.450 768.270 706.292 635.016 565.541 535.369 520.859 499.501 508.532 499.807 444.782 436.858 450.589 -999.250 -999.250 -999.250 -999.250 -999.250 -999.250 -999.250 -999.250 -999.250 -999.250 -999.250 -999.250 -999.250
408.498 427.478 403.771 398.839 391.553 391.055 348.933 373.030 382.787 429.106 467.340 558.774 596.057 585.413 714.790 761.408 802.372 1066.534 1109.812 1084.652 1225.889 1220.057 1233.723 1328.468 1398.232 1483.155 1538.464 1587.756 1598.450 1639.316 1529.184 1480.167 1358.628 1243.001 1163.051 1130.386 1094.077 937.627 912.883 847.082 724.486 728.521 627.957 592.273 553.146 524.415 493.982 482.438 458.547 444.648 -999.250 -999.250 -999.250 -999.250 -999.250 -999.250 -999.250 -999.250 -999.250 -999.250 -999.250 -999.250 -999.250 -999.250 -999.250
455.422 444.344 451.226 448.127 416.281 426.543 400.884 418.600 417.040 467.477 497.221 538.158 601.896 654.270 658.978 708.659 847.337 993.711 1040.573 1121.735 1079.356 1103.449 1042.527 1157.314 1311.801 1387.826 1421.412 1485.597 1495.790 1579.513 1398.609 1389.110 1302.244 1242.512 1118.037 1088.291 1065.675 938.207 876.009 834.325 758.853 673.136 640.032 580.534 551.951 506.765 508.574 503.302 459.644 -999.250 -999.250 -999.250 -999.250 -999.250 -999.250 -999.250 -999.250 -999.250 -999.250 -999.250 -999.250 -999.250 -999.250 -999.250 -999.250
525.879 508.262 491.139 499.084 498.125 490.389 480.469 469.027 478.392 474.960 509.991 551.271 627.323 623.553 656.303 706.399 779.181 815.619 950.122 874.278 923.795 957.022 835.702 1033.664 1179.252 1238.203 1340.380 1381.473 1525.831 1449.760 1416.188 1405.942 1297.393 1218.504 1066.376 927.739 961.154 928.248 873.141 867.020 768.987 689.767 602.239 573.469 551.793 535.783 507.348 492.301 465.920 -999.250 -999.250 -999.250 -999.250 -999.250 -999.250 -999.250 -999.250 -999.250 -999.250 -999.250 -999.250 -999.250 -999.250 -999.250 -999.250
573.463 533.324 546.023 531.132 508.276 528.273 493.003 498.183 494.277 512.720 535.723 581.727 618.702 626.343 632.100 683.912 709.095 710.807 871.794 812.539 853.063 835.339 824.079 960.918 1082.228 1227.582 1307.895 1294.423 1405.489 1374.116 1442.689 1367.770 1232.014 1169.042 1073.707 1028.855 847.041 791.099 825.057 759.264 688.222 611.695 577.549 527.786 566.250 521.854 517.062 455.517 -999.250 -999.250 -999.250 -999.250 -999.250 -999.250 -999.250 -999.250 -999.250 -999.250 -999.250 -999.250 -999.250 -999.250 -999.250 -999.250 -999.250
600.055 590.825 564.686 518.738 538.053 570.265 530.667 522.847 557.584 536.002 561.377 575.209 598.292 625.412 577.435 655.909 733.587 711.731 805.320 861.518 798.721 771.368 832.655 921.220 1085.931 1110.870 1188.765 1262.925 1318.713 1386.369 1415.457 1364.602 1151.307 1094.038 1061.516 918.916 752.517 633.418 638.742 619.708 614.642 577.922 535.449 468.788 -999.250 -999.250 -999.250 -999.250 -999.250 -999.250 -999.250 -999.250 -999.250 -999.250 -999.250 -999.250 -999.250 -999.250 -999.250 -999.250 -999.250 -999.250 -999.250 -999.250 -999.250
603.060 636.333 578.743 584.421 578.637 579.092 550.889 534.576 547.867 576.920 569.259 592.361 594.956 633.165 632.932 646.733 693.227 773.072 710.292 718.188 737.480 771.063 906.801 998.668 1034.699 1077.866 1114.979 1177.031 1309.729 1271.708 1162.516 1105.187 1083.807 1029.588 870.618 775.650 698.991 621.760 588.146 583.289 526.758 518.446 -999.250 -999.250 -999.250 -999.250 -999.250 -999.250 -999.250 -999.250 -999.250 -999.250 -999.250 -999.250 -999.250 -999.250 -999.250 -999.250 -999.250 -999.250 -999.250 -999.250 -999.250 -999.250 -999.250
616.529 592.585 629.598 591.816 593.129 609.208 582.340 570.116 524.872 557.932 569.991 557.374 631.349 617.797 632.932 648.599 617.364 664.995 694.880 718.947 726.137 755.711 812.870 983.663 992.476 1066.452 1091.412 1081.607 1193.948 1215.744 1073.508 1031.328 1022.161 984.283 787.480 707.022 625.902 575.150 527.375 515.922 513.799 474.622 -999.250 -999.250 -999.250 -999.250 -999.250 -999.250 -999.250 -999.250 -999.250 -999.250 -999.250 -999.250 -999.250 -999.250 -999.250 -999.250 -999.250 -999.250 -999.250 -999.250 -999.250 -999.250 -999.250
605.758 582.942 594.256 610.510 637.947 591.328 586.504 579.664 546.172 593.628 579.756 564.103 563.037 621.762 635.714 603.956 654.001 649.962 625.127 659.803 651.209 698.553 799.737 872.319 930.714 976.964 1027.862 988.395 1081.650 1145.029 980.583 958.608 944.710 838.015 675.052 612.903 560.771 525.917 503.393 471.163 462.539 451.957 -999.250 -999.250 -999.250 -999.250 -999.250 -999.250 -999.250 -999.250 -999.250 -999.250 -999.250 -999.250 -999.250 -999.250 -999.250 -999.250 -999.250 -999.250 -999.250 -999.250 -999.250 -999.250 -999.250
557.216 558.625 564.664 604.030 597.884 601.518 610.947 551.290 556.828 598.615 573.930 558.893 568.824 630.045 592.850 669.463 640.473 606.439 629.513 684.126 640.902 718.345 738.851 816.954 892.938 926.274 1051.818 1041.867 1081.129 969.069 1041.080 924.506 856.930 810.978 681.998 589.090 525.170 505.250 399.579 422.773 422.840 417.948 -999.250 -999.250 -999.250 -999.250 -999.250 -999.250 -999.250 -999.250 -999.250 -999.250 -999.250 -999.250 -999.250 -999.250 -999.250 -999.250 -999.250 -999.250 -999.250 -999.250 -999.250 -999.250 -999.250
546.395 524.288 553.630 567.317 591.116 588.834 572.936 556.978 571.655 564.236 570.914 554.280 597.020 623.095 599.344 633.743 648.186 596.835 566.174 596.076 615.930 650.457 660.502 746.681 845.992 925.793 987.628 976.429 991.452 909.198 931.956 833.654 775.177 708.210 700.447 587.022 519.816 484.185 429.680 404.955 402.449 392.006 -999.250 -999.250 -999.250 -999.250 -999.250 -999.250 -999.250 -999.250 -999.250 -999.250 -999.250 -999.250 -999.250 -999.250 -999.250 -999.250 -999.250 -999.250 -999.250 -999.250 -999.250 -999.250 -999.250
475.689 514.845 551.698 578.083 570.189 592.178 593.558 564.398 617.656 579.794 554.251 658.154 640.842 621.492 603.343 591.746 615.014 598.609 574.874 578.287 575.252 604.686 630.368 726.009 759.399 837.577 905.102 882.861 871.212 818.388 838.364 792.950 669.679 656.440 608.474 545.080 517.725 468.750 440.704 429.367 407.374 385.255 -999.250 -999.250 -999.250 -999.250 -999.250 -999.250 -999.250 -999.250 -999.250 -999.250 -999.250 -999.250 -999.250 -999.250 -999.250 -999.250 -999.250 -999.250 -999.250 -999.250 -999.250 -999.250 -999.250
