data/medianmodel_23-Feb-2021.asc
ncols	141
nrows	288
xllcorner	-120191.398
yllcorner	-301404.813
cellsize	2000.000
NODATA_value	-999.250
[rows 174 to 202 of 288, columns 0 to 64 of 141]
-999.250 -999.250 -999.250 -999.250 386.553 400.781 404.217 398.611 394.553 414.750 411.264 418.515 434.066 450.366 476.135 478.586 456.810 417.735 363.067 291.980 288.635 287.123 289.574 275.702 281.364 255.049 243.370 244.751 227.590 248.199 240.261 240.754 256.512 270.993 276.144 279.004 272.932 256.954 244.563 245.326 238.972 227.935 209.633 196.911 184.120 166.632 158.083 143.376 127.104 119.113 111.741 94.931 83.545 73.310 65.457 61.527 57.639 50.719 49.610 57.737 62.907 84.846 101.051 118.238 128.606
-999.250 -999.250 -999.250 -999.250 372.032 399.714 408.082 421.538 424.106 419.504 414.206 421.592 428.110 440.464 440.064 446.202 421.788 384.630 338.284 306.364 294.920 309.449 297.255 281.636 277.478 261.150 265.225 269.165 253.761 247.703 243.827 250.911 256.353 274.514 273.765 284.342 270.228 256.931 254.026 240.211 238.812 225.349 208.108 195.831 173.632 173.379 164.222 145.693 134.851 115.264 106.821 96.787 85.228 84.819 64.750 59.847 54.346 51.140 53.821 64.155 71.353 94.993 107.248 126.437 138.564
-999.250 -999.250 -999.250 -999.250 375.659 398.455 412.454 435.059 425.111 420.620 416.259 422.718 426.554 430.628 424.247 404.090 393.913 363.160 335.204 325.023 316.410 313.554 309.483 301.899 296.234 288.158 290.331 281.599 255.643 269.224 265.200 259.408 262.763 262.195 272.730 268.387 262.148 248.386 243.194 240.046 234.950 223.530 203.379 188.884 185.975 169.664 159.546 141.612 123.888 116.773 109.428 107.109 96.213 88.895 73.737 61.385 55.637 48.333 59.028 69.487 88.415 104.381 120.687 138.797 175.537
-999.250 -999.250 -999.250 -999.250 387.470 399.513 411.722 410.147 423.550 426.539 424.589 425.006 423.298 415.927 397.169 390.408 375.313 365.086 348.798 331.716 331.966 329.716 328.054 315.668 316.721 307.653 287.073 282.003 277.349 278.703 272.320 269.190 273.818 278.745 267.787 256.139 256.446 247.903 232.487 233.634 224.891 219.871 203.706 189.654 181.055 174.228 155.475 142.116 130.146 120.584 111.022 107.450 100.547 89.429 82.066 70.507 62.292 63.252 76.199 82.989 103.062 121.239 140.552 164.316 188.635
-999.250 -999.250 -999.250 -999.250 389.604 407.639 410.270 409.690 415.564 415.708 420.931 422.224 413.501 393.523 382.738 384.314 386.358 374.347 361.421 347.753 345.301 343.165 332.982 325.557 313.978 304.260 300.045 291.072 283.581 274.938 275.760 280.220 280.721 286.178 270.257 276.952 248.898 251.482 242.946 228.957 224.320 213.370 203.045 188.527 184.496 176.922 164.353 148.424 132.022 119.191 113.573 103.321 98.090 93.362 93.934 75.003 74.149 79.539 90.527 109.352 126.073 148.807 162.503 181.071 215.677
-999.250 -999.250 -999.250 378.107 400.530 400.371 400.182 412.752 400.668 413.878 394.014 410.098 400.121 391.132 377.776 381.259 368.815 372.430 367.498 358.737 367.012 358.493 343.046 341.953 326.696 322.260 292.563 302.443 284.491 280.488 288.625 280.957 291.416 283.964 275.591 276.321 266.774 255.657 247.297 232.364 218.902 212.977 199.945 187.396 178.344 181.792 163.523 154.525 130.536 122.771 113.910 104.141 98.335 94.992 97.684 96.056 93.816 96.352 107.503 124.914 144.122 167.640 193.855 212.715 240.689
-999.250 -999.250 -999.250 380.774 387.374 406.896 399.092 404.310 385.186 401.685 398.124 410.924 401.149 392.156 370.671 385.702 377.399 363.818 360.906 370.238 359.121 359.688 347.732 330.289 329.656 323.264 307.980 299.715 293.426 293.156 289.361 295.389 290.992 287.045 278.085 265.506 265.194 247.132 242.617 224.399 221.096 206.818 205.802 188.777 185.731 180.210 167.091 153.778 135.466 128.263 118.136 107.071 103.241 95.888 101.517 101.115 100.051 110.765 120.501 132.781 163.094 191.133 207.046 248.487 266.344
-999.250 -999.250 -999.250 368.543 360.864 379.898 393.186 394.374 407.494 395.931 411.287 396.235 387.311 390.891 365.470 371.142 365.803 365.403 365.318 362.685 353.775 343.748 348.365 341.289 336.344 315.103 313.769 319.367 303.862 300.430 303.100 312.076 298.461 296.465 287.724 268.081 268.170 251.208 235.242 235.562 227.071 210.185 205.628 196.583 174.980 172.057 168.834 148.083 136.174 125.360 115.998 109.140 104.234 109.678 105.327 106.412 113.122 117.700 137.828 160.896 184.593 206.259 240.871 278.570 310.020
-999.250 -999.250 371.908 359.341 375.045 364.619 375.904 390.513 387.097 403.672 407.637 399.164 397.034 392.533 379.316 372.195 356.827 354.209 345.979 357.644 346.071 361.252 344.785 337.762 324.746 313.878 305.081 315.223 312.742 315.355 312.955 302.857 301.821 291.159 291.351 289.364 281.444 269.688 247.396 244.114 225.079 215.728 208.865 194.964 193.861 182.476 171.307 160.682 136.189 126.170 117.417 113.295 117.168 106.417 108.364 116.313 125.792 137.250 163.699 189.421 203.614 228.366 266.564 317.986 345.259
-999.250 -999.250 367.649 366.921 370.454 366.927 375.276 389.245 391.435 396.334 408.860 410.483 406.853 396.718 381.382 374.390 362.892 346.015 346.636 334.783 -999.250 339.519 335.164 325.821 311.839 309.690 301.165 303.333 306.741 320.240 313.707 312.128 306.371 298.469 290.717 284.516 286.606 256.765 247.856 246.904 229.815 214.991 199.613 194.101 192.656 177.347 165.778 168.246 141.529 126.811 115.763 113.289 110.391 114.726 111.950 119.006 137.619 154.652 181.346 204.878 232.545 277.722 303.885 333.862 368.791
-999.250 350.078 371.110 373.655 352.697 370.812 386.371 396.189 399.441 405.218 398.590 404.004 400.072 403.159 392.017 371.906 338.345 338.942 336.770 -999.250 -999.250 327.464 326.346 319.328 312.910 300.491 299.945 296.991 309.231 307.562 312.106 317.552 300.217 296.928 282.463 290.578 273.201 259.734 260.028 237.526 223.095 218.130 200.349 197.981 191.507 185.947 176.643 153.413 132.814 125.014 115.623 116.042 112.833 117.195 117.236 128.494 151.100 168.611 193.585 220.234 254.238 279.904 319.559 359.824 398.627
-999.250 357.573 371.709 362.843 349.689 365.904 383.238 379.420 392.652 412.235 399.799 398.396 406.950 409.458 401.795 372.759 348.822 339.098 -999.250 -999.250 -999.250 -999.250 328.648 313.998 310.995 293.878 303.140 291.163 292.592 300.480 309.207 307.022 312.581 300.339 280.183 289.086 279.606 264.915 261.346 251.111 229.862 210.598 200.870 195.620 186.874 192.648 175.284 155.024 137.266 122.923 118.492 117.586 126.656 122.201 131.399 142.787 154.986 175.223 213.225 229.665 273.088 306.778 333.777 370.975 408.888
349.838 357.008 362.863 370.075 359.489 360.265 381.100 378.007 404.957 411.853 403.671 392.899 393.429 386.957 393.358 383.466 356.535 343.663 -999.250 -999.250 -999.250 -999.250 -999.250 324.556 301.281 288.526 298.534 289.307 283.295 292.468 293.748 293.863 305.642 295.240 286.208 290.125 290.215 289.209 276.964 250.466 241.821 217.150 211.228 205.253 195.955 177.465 166.122 146.730 136.432 135.527 129.325 128.459 123.710 128.075 138.734 151.559 160.975 184.391 209.985 242.597 287.923 324.773 360.293 412.985 441.887
-999.250 360.925 363.849 353.119 353.237 358.512 362.418 376.250 394.218 390.254 383.373 378.101 358.489 370.303 390.079 376.604 368.955 360.340 -999.250 -999.250 -999.250 -999.250 334.803 326.462 313.302 300.502 286.646 275.490 266.218 266.626 281.579 293.064 300.568 291.869 307.502 304.293 294.883 290.200 275.112 255.519 238.611 231.643 210.328 211.206 188.241 173.177 161.589 147.092 143.014 128.935 122.481 126.856 127.667 132.587 137.974 151.322 171.312 189.618 213.203 262.384 307.334 347.818 372.420 412.975 467.092
-999.250 355.304 355.428 346.871 349.306 362.815 359.752 365.008 363.963 365.696 352.380 362.365 347.236 353.567 375.243 385.268 367.793 367.224 -999.250 -999.250 -999.250 347.489 -999.250 340.832 322.565 309.210 300.362 285.280 258.541 260.191 280.734 286.285 303.700 299.326 301.406 298.353 308.260 293.470 286.981 273.743 254.240 230.655 224.564 210.367 187.057 183.611 155.723 152.764 136.953 125.695 124.774 118.945 120.610 125.953 137.970 144.876 161.503 183.578 216.350 261.381 295.930 341.609 374.664 412.221 458.897
-999.250 353.556 348.532 351.682 354.620 353.081 353.580 343.995 344.341 349.479 337.012 333.486 339.968 347.335 353.392 371.532 373.909 -999.250 -999.250 -999.250 -999.250 361.414 364.626 358.403 338.952 328.111 296.303 277.698 257.669 254.107 281.388 290.045 296.723 306.826 298.636 300.834 296.908 297.269 286.368 277.029 252.188 238.551 224.990 212.116 195.448 179.106 166.250 154.367 144.617 127.377 123.942 122.755 115.030 124.772 125.553 138.978 160.450 188.032 215.381 241.524 287.479 314.964 367.135 407.646 426.077
-999.250 351.949 342.931 347.833 350.404 342.899 337.610 331.022 330.514 330.308 325.541 311.147 326.994 333.955 346.336 355.603 366.616 -999.250 -999.250 -999.250 365.331 374.029 388.794 370.456 364.798 336.131 322.015 277.254 242.583 261.918 294.100 291.712 307.816 302.257 300.832 305.913 301.443 299.326 287.817 275.655 255.202 230.524 223.239 211.822 199.058 183.559 160.176 148.208 137.982 132.519 119.933 117.407 115.447 116.857 120.504 131.015 154.062 173.614 202.252 233.454 282.624 308.054 347.635 373.416 400.311
-999.250 -999.250 -999.250 339.285 -999.250 -999.250 330.906 329.800 322.681 -999.250 -999.250 -999.250 320.860 331.519 -999.250 -999.250 -999.250 -999.250 -999.250 -999.250 361.373 376.833 394.232 388.171 370.094 359.878 334.331 315.183 291.771 298.695 311.598 315.998 321.370 321.604 315.333 302.486 297.142 291.685 284.583 269.150 247.505 238.231 224.302 211.983 201.142 186.892 167.413 147.874 136.104 130.442 120.815 107.212 108.506 104.711 112.489 122.364 135.409 156.517 190.034 207.496 234.373 280.813 317.554 341.849 371.635
-999.250 -999.250 -999.250 -999.250 -999.250 -999.250 -999.250 -999.250 -999.250 -999.250 -999.250 -999.250 -999.250 328.531 328.971 331.023 -999.250 -999.250 -999.250 342.478 356.071 367.772 392.426 380.399 371.148 373.428 359.338 344.709 335.439 328.013 324.841 322.683 317.367 316.836 317.426 313.736 310.683 289.417 282.983 272.787 241.252 239.026 220.048 209.237 200.252 186.584 164.908 152.386 141.279 124.677 116.865 107.307 108.054 101.018 95.291 100.432 114.592 139.424 162.993 189.368 209.974 247.154 282.504 312.472 337.466
-999.250 -999.250 -999.250 -999.250 -999.250 -999.250 -999.250 -999.250 -999.250 -999.250 -999.250 318.907 317.289 324.805 318.961 326.552 -999.250 -999.250 320.252 331.351 345.257 366.453 378.178 386.372 402.363 414.432 405.957 381.290 374.453 361.737 337.218 335.933 331.421 319.388 327.367 314.223 307.796 301.312 281.836 272.606 254.808 238.568 228.041 211.748 202.678 184.137 163.820 151.959 145.698 132.361 120.441 109.564 106.210 100.930 90.507 94.534 89.474 122.985 151.130 180.006 208.070 233.986 255.764 283.596 293.879
-999.250 -999.250 -999.250 -999.250 -999.250 -999.250 -999.250 -999.250 -999.250 -999.250 -999.250 318.087 314.374 315.282 313.388 311.054 309.287 313.830 326.453 326.933 347.131 367.972 386.356 394.374 415.724 422.756 448.116 415.194 393.142 364.828 368.161 338.381 336.404 335.471 321.091 305.313 300.296 302.130 286.356 280.836 254.049 242.320 225.978 214.839 200.762 180.797 160.891 143.317 139.732 133.534 120.144 114.814 113.608 101.981 100.154 98.518 102.995 121.360 147.657 174.183 189.297 214.819 237.925 273.852 270.487
-999.250 -999.250 -999.250 -999.250 -999.250 -999.250 -999.250 -999.250 -999.250 -999.250 -999.250 -999.250 313.367 315.416 306.447 306.735 303.424 311.983 307.980 321.194 346.325 366.217 394.291 392.283 414.797 426.628 430.912 412.360 399.051 369.769 363.561 345.555 330.475 326.932 338.531 311.327 307.366 300.972 292.121 273.332 249.438 245.192 229.485 209.488 193.080 182.002 164.362 145.758 140.202 133.622 128.661 124.033 113.334 113.248 109.046 109.276 113.663 126.642 142.240 164.255 184.483 207.823 222.545 227.818 241.477
-999.250 -999.250 -999.250 -999.250 -999.250 -999.250 -999.250 -999.250 -999.250 -999.250 -999.250 -999.250 -999.250 314.908 308.274 319.198 316.996 320.649 329.348 328.939 343.543 365.108 368.354 400.286 409.901 420.254 420.390 405.221 401.053 387.146 369.465 365.206 347.593 351.524 341.023 331.930 311.747 312.839 293.990 270.282 250.926 220.396 221.763 205.620 202.689 181.768 164.287 145.955 144.338 132.388 131.489 121.394 119.339 118.270 118.436 117.901 123.126 126.313 133.205 150.509 176.869 193.004 209.120 214.844 219.417
-999.250 -999.250 -999.250 -999.250 -999.250 -999.250 -999.250 -999.250 -999.250 -999.250 -999.250 -999.250 -999.250 309.924 317.963 319.527 319.496 323.751 335.465 347.843 363.898 382.720 372.661 403.635 411.167 402.624 411.912 409.957 398.059 397.218 386.074 368.063 353.131 341.269 336.246 326.713 306.913 299.264 282.376 272.547 245.218 218.623 210.609 212.084 193.741 180.549 167.978 158.816 146.853 131.768 132.412 125.644 122.478 132.864 130.469 124.746 123.099 126.207 128.096 151.240 161.412 175.048 186.171 203.695 210.370
-999.250 -999.250 -999.250 -999.250 -999.250 -999.250 -999.250 -999.250 -999.250 -999.250 -999.250 -999.250 -999.250 315.110 300.852 316.139 323.719 335.903 341.787 357.443 362.765 387.543 398.653 390.991 373.283 406.980 415.530 407.882 410.283 394.701 387.558 375.774 350.833 334.258 326.544 329.556 301.440 293.224 277.553 279.961 252.839 226.161 216.487 207.676 195.434 180.099 163.269 159.531 149.154 146.501 133.437 133.563 135.640 137.617 125.882 132.880 134.698 131.733 138.108 147.496 168.565 166.025 178.955 197.424 197.452
-999.250 -999.250 -999.250 -999.250 -999.250 -999.250 -999.250 -999.250 -999.250 -999.250 -999.250 -999.250 -999.250 -999.250 303.556 311.769 326.992 339.670 358.672 361.282 357.523 378.268 383.990 387.508 384.306 410.551 415.284 422.338 422.269 409.327 390.690 375.729 366.897 337.000 323.594 323.414 321.263 296.514 275.810 262.908 254.530 232.788 210.653 204.516 195.681 186.161 179.589 171.135 164.496 156.943 146.480 138.356 140.918 134.223 133.341 142.294 132.155 134.262 138.703 152.294 163.423 165.320 172.169 182.848 186.118
-999.250 -999.250 -999.250 -999.250 -999.250 -999.250 -999.250 -999.250 -999.250 -999.250 -999.250 -999.250 -999.250 -999.250 307.645 311.397 339.973 348.734 356.476 375.612 375.552 381.777 382.127 398.238 396.271 409.934 419.068 427.869 431.701 415.513 406.161 380.850 357.741 339.918 334.237 325.178 312.647 292.102 285.002 264.498 248.070 235.431 231.445 212.470 209.296 200.643 190.485 177.957 167.789 151.074 150.420 150.016 145.614 145.490 139.434 143.468 146.710 139.680 157.870 163.009 168.220 171.999 166.404 171.222 171.023
-999.250 -999.250 -999.250 -999.250 -999.250 -999.250 -999.250 -999.250 -999.250 -999.250 -999.250 -999.250 -999.250 -999.250 314.321 322.754 348.133 354.855 365.485 368.908 359.898 390.399 387.519 396.903 387.644 407.713 413.274 428.780 419.815 416.068 396.439 373.760 347.537 339.004 329.803 318.540 310.421 299.330 269.861 265.513 247.055 237.342 229.086 221.231 216.078 208.945 198.467 184.446 176.907 161.915 165.187 161.037 156.028 162.023 155.080 158.241 165.920 159.160 163.385 163.472 169.497 174.115 177.763 174.329 170.683
-999.250 -999.250 -999.250 -999.250 -999.250 -999.250 -999.250 -999.250 -999.250 -999.250 -999.250 -999.250 -999.250 -999.250 315.701 331.569 345.680 356.025 373.759 366.174 367.980 386.457 391.713 370.716 390.838 -999.250 401.900 413.181 414.251 398.901 394.570 378.052 352.801 338.482 325.743 322.239 298.671 295.315 264.043 257.370 246.079 246.831 229.037 235.778 225.515 211.791 199.277 197.909 185.990 175.923 179.966 173.338 167.610 166.575 168.921 172.154 176.551 179.519 171.774 172.956 175.952 177.791 186.379 172.630 183.566
