data/medianmodel_04-Feb-2021.asc
ncols	141
nrows	288
xllcorner	-120191.398
yllcorner	-301404.813
cellsize	2000.000
NODATA_value	-999.250
[rows 112 to 139 of 288, columns 63 to 125 of 141]
1621.003 1645.758 1640.804 1527.453 1519.326 1434.529 1397.412 1341.980 1300.140 1303.202 1331.037 1265.635 1300.178 1257.606 1284.796 1311.978 1323.861 1419.404 1425.811 1466.973 1527.790 1583.153 1592.922 1575.971 1596.525 1592.230 1515.333 1469.992 1441.865 1369.553 1271.282 1197.543 1126.300 1084.370 985.369 935.230 908.182 810.799 782.741 753.523 753.906 726.945 767.371 806.705 838.333 874.809 -999.250 -999.250 -999.250 -999.250 -999.250 -999.250 -999.250 -999.250 -999.250 -999.250 -999.250 -999.250 -999.250 -999.250 -999.250 -999.250 -999.250
1605.814 1589.256 1555.146 1501.617 1440.180 1382.641 1301.410 1238.543 1267.988 1259.056 1260.974 1279.674 1244.935 1276.566 1235.824 1276.669 1298.098 1368.010 1470.538 1470.697 1517.215 1501.441 1545.596 1522.721 1518.485 1428.306 1451.315 1389.776 1395.583 1254.776 1246.372 1180.281 1109.867 1084.120 1002.216 942.881 863.168 809.234 749.851 743.234 726.301 722.618 736.801 784.106 796.777 856.023 868.139 922.862 -999.250 -999.250 -999.250 -999.250 -999.250 -999.250 -999.250 -999.250 -999.250 -999.250 -999.250 -999.250 -999.250 -999.250 -999.250
1528.557 1503.901 1440.067 1434.169 1345.648 1262.856 1221.674 1209.303 1221.353 1244.486 1200.687 1226.925 1248.447 1214.534 1167.067 1222.980 1251.970 1320.399 1330.889 1337.717 1412.232 1498.938 1544.698 1488.359 1420.406 1466.861 1389.897 1358.250 1322.290 1266.816 1188.503 1111.776 1078.081 1016.286 967.370 895.838 849.713 764.603 758.474 738.888 699.215 710.399 729.066 740.990 762.422 792.111 785.947 863.485 -999.250 -999.250 -999.250 -999.250 -999.250 -999.250 -999.250 -999.250 -999.250 -999.250 -999.250 -999.250 -999.250 -999.250 -999.250
1574.163 1439.848 1445.068 1310.916 1264.288 1230.954 1210.259 1197.700 1213.178 1193.875 1165.201 1196.272 1192.289 1190.476 1104.980 1209.483 1229.312 1313.578 1336.304 1314.419 1433.869 1473.642 1437.172 1425.451 1426.549 1445.955 1333.772 1309.822 1241.722 1194.767 1186.982 1147.805 1060.926 983.852 898.980 867.505 816.954 760.468 742.121 732.390 731.371 713.830 725.207 726.534 750.812 813.663 768.055 835.579 883.054 -999.250 -999.250 -999.250 -999.250 -999.250 -999.250 -999.250 -999.250 -999.250 -999.250 -999.250 -999.250 -999.250 -999.250
1525.696 1414.895 1286.898 1264.850 1209.131 1180.777 1146.125 1107.953 1104.639 1121.344 1077.877 1133.529 1141.550 1169.760 1166.034 1188.575 1219.171 1229.031 1322.940 1347.369 1315.597 1460.653 1435.853 1384.198 1355.628 1303.017 1248.367 1238.604 1217.668 1202.589 1128.691 1138.514 1030.007 909.949 890.506 840.573 796.901 785.591 732.126 721.300 694.218 703.223 705.191 724.338 739.358 816.013 836.024 819.223 835.017 864.249 -999.250 -999.250 -999.250 -999.250 -999.250 -999.250 -999.250 -999.250 -999.250 -999.250 -999.250 -999.250 -999.250
1463.736 1361.086 1265.164 1207.602 1179.643 1117.497 1133.772 1077.030 1022.777 1087.983 1066.645 1041.053 1065.759 1140.475 1119.819 1170.399 1225.344 1242.611 1269.156 1304.924 1363.124 1422.156 1356.065 1338.921 1291.613 1275.290 1220.835 1195.376 1141.764 1148.032 1085.704 1051.211 972.760 908.152 862.020 817.367 761.959 722.816 723.485 720.973 697.479 694.533 681.430 698.133 721.676 791.021 808.091 835.458 822.208 842.768 -999.250 -999.250 -999.250 -999.250 -999.250 -999.250 -999.250 -999.250 -999.250 -999.250 -999.250 -999.250 -999.250
1362.818 1267.526 1203.233 1104.671 1117.004 1065.960 1029.616 1011.956 1009.527 953.443 973.062 998.035 987.025 1044.720 1060.513 1105.108 1152.289 1197.215 1278.901 1292.066 1287.814 1292.923 1348.888 1339.917 1251.056 1230.410 1218.806 1204.694 1151.707 1154.104 1093.441 1023.818 980.507 908.350 829.787 795.120 749.113 709.030 711.066 717.492 698.050 691.970 694.575 702.024 717.109 742.666 765.779 780.015 779.790 786.680 811.800 -999.250 -999.250 -999.250 -999.250 -999.250 -999.250 -999.250 -999.250 -999.250 -999.250 -999.250 -999.250
1290.989 1247.556 1203.582 1072.620 1013.321 964.863 985.708 952.453 913.879 948.615 946.303 975.389 923.592 975.085 1021.470 1064.319 1110.449 1171.535 1157.674 1205.697 1245.712 1251.007 1261.783 1249.826 1217.351 1162.255 1187.487 1146.615 1070.428 1079.278 1059.707 1023.858 982.187 921.375 815.224 764.568 711.265 709.766 697.374 711.418 696.560 697.808 690.452 694.262 729.168 720.607 743.289 757.094 776.036 777.807 -999.250 -999.250 -999.250 -999.250 -999.250 -999.250 -999.250 -999.250 -999.250 -999.250 -999.250 -999.250 -999.250
1220.057 1149.421 1139.328 1006.187 969.204 917.368 892.850 886.049 862.918 867.295 914.397 927.438 903.715 953.130 982.527 980.132 1052.970 1110.407 1076.648 1202.704 1217.404 1233.876 1267.203 1287.734 1183.947 1166.486 1128.048 1100.977 1040.643 1110.190 1043.420 1013.217 987.195 911.868 842.651 759.966 730.668 700.064 684.397 679.685 687.547 681.983 685.021 696.317 738.071 718.511 731.456 748.799 769.085 765.215 -999.250 -999.250 -999.250 -999.250 -999.250 -999.250 -999.250 -999.250 -999.250 -999.250 -999.250 -999.250 -999.250
1206.173 1073.259 1038.372 975.182 916.444 841.682 809.671 804.857 795.380 814.267 831.670 872.411 911.824 917.025 917.370 956.304 989.756 998.453 1071.629 1115.804 1149.157 1200.732 1236.368 1261.554 1183.686 1187.115 1127.864 1087.124 1145.707 1122.807 1065.591 996.226 938.078 905.350 804.664 767.938 716.744 703.810 664.703 671.480 673.309 672.028 693.505 706.887 731.997 731.024 715.431 736.114 767.723 769.015 -999.250 -999.250 -999.250 -999.250 -999.250 -999.250 -999.250 -999.250 -999.250 -999.250 -999.250 -999.250 -999.250
1126.672 1030.319 980.856 938.160 865.643 800.157 746.851 719.568 741.460 753.211 812.889 830.146 868.121 913.478 964.587 944.909 1017.539 1086.300 1093.793 1152.898 1147.226 1148.041 1203.198 1187.939 1174.147 1172.624 1145.502 1079.659 1101.407 1132.198 1081.667 1006.666 950.661 882.877 809.399 743.066 709.984 679.187 681.923 673.676 695.755 681.920 708.491 732.624 747.327 755.132 748.735 764.554 774.805 820.396 -999.250 -999.250 -999.250 -999.250 -999.250 -999.250 -999.250 -999.250 -999.250 -999.250 -999.250 -999.250 -999.250
1062.016 982.203 920.969 861.767 816.612 738.894 731.072 708.276 712.080 727.778 754.682 771.883 849.915 839.433 883.139 900.939 946.596 1010.063 1097.429 1102.337 1168.547 1146.423 1192.671 1250.725 1199.724 1164.480 1106.171 1109.942 1136.052 1089.836 1078.470 1017.616 970.092 881.379 828.306 759.238 681.792 621.659 696.158 706.238 724.096 744.075 745.025 752.726 760.259 739.230 769.613 789.238 810.388 -999.250 -999.250 -999.250 -999.250 -999.250 -999.250 -999.250 -999.250 -999.250 -999.250 -999.250 -999.250 -999.250 -999.250
955.208 891.182 829.370 771.427 743.797 718.863 702.109 699.548 697.307 716.079 721.540 753.179 808.449 833.905 868.962 864.415 914.606 970.871 1005.576 1068.287 1097.364 1142.129 1169.628 1207.525 1133.262 1175.792 1159.595 1118.544 1168.767 1124.751 1128.068 1039.979 985.384 913.062 870.633 778.413 762.611 712.539 718.913 739.864 754.854 760.036 795.528 799.615 762.666 772.689 807.510 799.244 822.173 -999.250 -999.250 -999.250 -999.250 -999.250 -999.250 -999.250 -999.250 -999.250 -999.250 -999.250 -999.250 -999.250 -999.250
868.695 803.824 743.196 739.414 704.413 708.833 653.919 687.315 670.480 698.497 700.716 718.551 763.442 795.560 855.296 876.238 913.684 978.912 1000.506 1026.257 1101.140 1102.596 1189.068 1119.499 1173.342 1181.824 1182.516 1181.235 1132.793 1111.696 1124.058 1116.420 1012.671 940.713 886.567 824.387 803.721 777.589 761.548 767.045 818.096 825.368 829.118 841.090 772.870 784.470 803.333 810.793 804.534 -999.250 -999.250 -999.250 -999.250 -999.250 -999.250 -999.250 -999.250 -999.250 -999.250 -999.250 -999.250 -999.250 -999.250
804.007 750.259 721.116 716.691 691.963 649.612 645.243 635.849 642.768 651.793 692.381 709.362 765.506 797.133 817.582 836.585 902.894 910.803 957.521 1049.524 1049.647 1094.514 1110.501 1121.242 1189.459 1200.169 1197.772 1196.559 1184.556 1205.575 1179.762 1097.234 1010.742 992.221 951.820 891.401 862.615 860.437 826.122 837.076 847.398 854.659 876.366 867.016 856.691 824.711 872.364 827.851 892.116 -999.250 -999.250 -999.250 -999.250 -999.250 -999.250 -999.250 -999.250 -999.250 -999.250 -999.250 -999.250 -999.250 -999.250
736.101 715.012 689.230 690.936 653.725 629.614 598.808 567.495 592.971 657.733 668.187 711.007 734.232 756.044 814.937 847.100 920.123 931.755 1006.766 1086.635 1085.925 1148.598 1145.997 1207.290 1191.236 1202.776 1224.459 1228.046 1231.241 1228.512 1217.480 1171.383 1135.699 1072.032 980.599 991.112 947.910 931.734 921.699 930.695 912.124 922.121 917.338 905.087 878.101 880.096 882.162 846.099 -999.250 -999.250 -999.250 -999.250 -999.250 -999.250 -999.250 -999.250 -999.250 -999.250 -999.250 -999.250 -999.250 -999.250 -999.250
709.288 703.626 687.373 662.308 621.062 603.303 581.744 542.928 522.472 582.779 622.181 680.982 703.769 739.616 802.956 837.928 893.704 946.917 1033.108 1007.195 1109.924 1185.148 1203.156 1229.126 1263.743 1209.918 1259.196 1261.215 1235.172 1292.518 1246.224 1215.374 1170.245 1150.380 1132.627 1109.336 1037.525 1033.454 997.181 986.263 993.430 958.092 963.214 938.307 918.439 917.521 900.877 -999.250 -999.250 -999.250 -999.250 -999.250 -999.250 -999.250 -999.250 -999.250 -999.250 -999.250 -999.250 -999.250 -999.250 -999.250 -999.250
737.342 727.053 667.061 627.663 591.852 514.775 529.206 528.721 546.043 546.998 605.099 672.798 675.559 729.490 778.239 867.277 889.455 953.534 1002.406 1030.113 1090.174 1179.156 1234.458 1256.957 1301.814 1318.101 1286.502 1256.145 1308.646 1310.134 1307.319 1273.370 1251.208 1257.140 1257.171 1161.522 1129.045 1121.923 1110.701 1047.943 1007.355 1008.438 1039.238 1001.948 993.958 972.692 -999.250 -999.250 -999.250 -999.250 -999.250 -999.250 -999.250 -999.250 -999.250 -999.250 -999.250 -999.250 -999.250 -999.250 -999.250 -999.250 -999.250
837.285 765.138 709.071 633.193 558.969 461.854 471.837 466.106 504.823 506.820 594.820 622.304 672.416 721.860 780.261 825.176 830.448 964.080 980.032 1030.756 1137.593 1206.901 1294.315 1304.477 1324.562 1345.626 1367.795 1383.144 1329.943 1352.908 1377.079 1339.019 1345.848 1337.810 1325.833 1289.604 1298.613 1227.257 1196.597 1204.123 1106.486 1117.861 1104.158 1062.227 1081.072 1101.480 -999.250 -999.250 -999.250 -999.250 -999.250 -999.250 -999.250 -999.250 -999.250 -999.250 -999.250 -999.250 -999.250 -999.250 -999.250 -999.250 -999.250
953.629 852.983 747.607 668.179 565.264 486.089 435.807 426.894 490.478 547.198 571.979 619.169 671.893 711.574 755.337 808.495 847.668 941.130 993.949 1051.414 1167.620 1177.210 1295.852 1329.534 1355.816 1372.452 1453.919 1456.347 1448.612 1455.003 1507.128 1447.839 1441.553 1381.689 1358.961 1344.913 1391.238 1289.729 1279.903 1275.020 1200.883 1177.204 1183.044 1188.129 1212.575 1115.343 -999.250 -999.250 -999.250 -999.250 -999.250 -999.250 -999.250 -999.250 -999.250 -999.250 -999.250 -999.250 -999.250 -999.250 -999.250 -999.250 -999.250
1073.363 938.501 790.292 714.692 593.104 455.524 408.311 405.013 447.613 526.874 549.103 605.247 647.544 699.827 740.561 789.749 867.058 953.570 979.337 1056.960 1166.336 1254.274 1262.971 1313.914 1429.965 1465.282 1548.331 1537.987 1502.808 1533.602 1595.307 1509.093 1529.131 1437.163 1463.837 1424.158 1464.912 1462.369 1381.294 1348.783 1282.727 1246.868 1258.822 1276.876 1236.075 1231.630 -999.250 -999.250 -999.250 -999.250 -999.250 -999.250 -999.250 -999.250 -999.250 -999.250 -999.250 -999.250 -999.250 -999.250 -999.250 -999.250 -999.250
1139.722 1012.373 878.252 720.460 641.046 454.006 356.262 384.777 404.903 514.959 487.022 563.731 622.288 690.137 720.749 774.358 842.169 944.356 981.172 1091.839 1170.282 1254.519 1337.839 1383.415 1430.003 1531.019 1614.015 1625.156 1639.171 1593.322 1609.969 1572.255 1591.474 1548.615 1576.758 1539.333 1561.394 1559.423 1497.054 1415.832 1401.010 1348.404 1342.811 1280.050 1272.775 -999.250 -999.250 -999.250 -999.250 -999.250 -999.250 -999.250 -999.250 -999.250 -999.250 -999.250 -999.250 -999.250 -999.250 -999.250 -999.250 -999.250 -999.250
1253.935 1095.855 897.255 758.229 645.452 524.488 427.317 386.529 424.113 494.588 525.775 548.678 622.547 680.101 706.317 745.366 806.688 871.423 989.384 1096.717 1204.910 1306.767 1395.816 1386.345 1495.646 1587.729 1752.008 1765.134 1753.386 1810.986 1859.703 1735.879 1682.787 1691.258 1601.175 1611.907 1672.957 1602.460 1577.607 1501.640 1531.785 1484.369 1396.323 1356.300 1312.607 -999.250 -999.250 -999.250 -999.250 -999.250 -999.250 -999.250 -999.250 -999.250 -999.250 -999.250 -999.250 -999.250 -999.250 -999.250 -999.250 -999.250 -999.250
1318.424 1179.250 972.174 796.110 701.466 623.550 506.853 458.490 488.802 467.857 490.008 586.872 619.505 656.078 712.013 717.451 812.884 904.461 1002.523 1103.655 1224.571 1391.437 1428.962 1550.659 1644.911 1781.219 1877.445 1871.474 1946.067 1966.906 1903.287 1888.449 1732.110 1780.545 1734.563 1696.909 1749.532 1710.226 1655.972 1641.246 1575.021 1534.702 1528.129 1506.023 1462.414 -999.250 -999.250 -999.250 -999.250 -999.250 -999.250 -999.250 -999.250 -999.250 -999.250 -999.250 -999.250 -999.250 -999.250 -999.250 -999.250 -999.250 -999.250
1388.953 1206.039 1018.355 862.877 727.425 625.241 568.237 511.957 475.657 484.906 526.215 567.366 616.980 668.839 672.707 724.166 795.165 868.105 990.834 1143.360 1300.280 1481.127 1566.812 1637.802 1840.536 1902.468 1928.468 2001.313 2033.873 2012.723 2025.386 1975.954 1908.997 1936.674 1867.259 1887.001 1818.583 1800.061 1743.326 1721.031 1667.808 1626.457 1532.306 1545.520 1558.091 -999.250 -999.250 -999.250 -999.250 -999.250 -999.250 -999.250 -999.250 -999.250 -999.250 -999.250 -999.250 -999.250 -999.250 -999.250 -999.250 -999.250 -999.250
1375.034 1178.589 959.007 855.430 741.106 655.105 595.993 562.470 541.004 502.198 516.036 556.596 573.973 645.699 677.440 703.453 779.116 885.438 1029.176 1217.270 1368.999 1536.495 1608.263 1769.006 1866.974 1948.700 1988.904 2057.569 2136.146 2126.776 2152.840 2170.520 2025.493 2009.037 1958.184 1955.521 1966.907 1901.300 1784.761 1748.874 1793.286 1684.525 1626.067 1585.060 -999.250 -999.250 -999.250 -999.250 -999.250 -999.250 -999.250 -999.250 -999.250 -999.250 -999.250 -999.250 -999.250 -999.250 -999.250 -999.250 -999.250 -999.250 -999.250
1300.208 1126.404 946.914 823.893 744.952 697.562 607.489 551.402 559.391 560.955 570.770 573.638 578.188 587.356 646.306 691.467 752.006 873.986 999.756 1215.213 1423.005 1568.752 1780.533 -999.250 -999.250 -999.250 -999.250 2137.086 2156.741 2265.005 2229.293 2141.979 -999.250 -999.250 -999.250 -999.250 -999.250 -999.250 -999.250 -999.250 -999.250 -999.250 -999.250 -999.250 -999.250 -999.250 -999.250 -999.250 -999.250 -999.250 -999.250 -999.250 -999.250 -999.250 -999.250 -999.250 -999.250 -999.250 -999.250 -999.250 -999.250 -999.250 -999.250
1253.822 1034.855 897.041 810.498 759.023 690.941 650.994 624.437 573.552 592.197 572.378 590.684 590.882 586.619 601.859 686.727 731.588 867.058 1062.587 1262.598 1439.670 1653.483 1876.701 -999.250 -999.250 -999.250 -999.250 -999.250 -999.250 -999.250 -999.250 -999.250 -999.250 -999.250 -999.250 -999.250 -999.250 -999.250 -999.250 -999.250 -999.250 -999.250 -999.250 -999.250 -999.250 -999.250 -999.250 -999.250 -999.250 -999.250 -999.250 -999.250 -999.250 -999.250 -999.250 -999.250 -999.250 -999.250 -999.250 -999.250 -999.250 -999.250 -999.250
