data/medianmodel_23-Nov-2020.asc
ncols	141
nrows	288
xllcorner	-120191.398
yllcorner	-301404.813
cellsize	2000.000
NODATA_value	-999.250
[rows 145 to 173 of 288, columns 0 to 64 of 141]
-999.250 -999.250 -999.250 -999.250 -999.250 -999.250 -999.250 -999.250 -999.250 -999.250 -999.250 -999.250 -999.250 -999.250 -999.250 -999.250 -999.250 449.591 416.775 440.022 433.984 462.216 435.136 432.816 410.051 436.092 481.996 481.579 517.776 527.255 560.344 625.519 669.512 713.372 710.336 751.921 714.128 719.277 641.383 621.225 528.305 467.277 416.326 426.177 399.720 406.824 409.296 405.655 421.643 466.299 477.335 531.294 552.659 579.174 550.310 527.287 552.880 536.540 548.802 612.949 616.769 595.300 543.673 527.660 502.576
-999.250 -999.250 -999.250 -999.250 -999.250 -999.250 -999.250 -999.250 -999.250 -999.250 -999.250 -999.250 -999.250 -999.250 -999.250 417.275 386.999 410.967 407.058 434.368 448.079 462.179 441.257 434.066 461.192 438.142 469.466 497.420 523.351 550.226 631.570 638.376 740.689 755.389 787.848 794.268 851.528 808.177 753.980 615.203 522.348 389.317 413.862 423.443 390.262 381.891 386.585 401.242 435.768 467.179 494.608 554.474 553.739 566.322 582.368 567.026 517.762 449.758 520.336 548.293 581.075 570.307 596.347 600.715 564.461
-999.250 -999.250 -999.250 -999.250 -999.250 -999.250 -999.250 -999.250 -999.250 -999.250 -999.250 -999.250 -999.250 -999.250 411.183 426.045 393.133 401.706 391.653 424.338 437.094 442.985 423.779 425.401 432.489 461.288 490.838 505.709 536.595 580.268 636.168 751.806 790.195 755.906 838.979 878.983 899.312 991.564 833.568 673.836 569.642 462.598 418.081 405.744 398.505 372.216 364.474 368.197 400.205 460.077 510.728 533.118 576.166 620.347 589.735 550.570 534.966 523.483 542.705 540.640 567.957 602.185 594.477 619.309 602.561
-999.250 -999.250 -999.250 -999.250 -999.250 -999.250 -999.250 -999.250 -999.250 -999.250 -999.250 -999.250 -999.250 -999.250 414.753 390.886 402.189 396.863 402.956 402.017 414.283 415.293 426.299 434.000 451.890 500.630 518.313 531.979 537.399 574.558 685.496 737.685 831.396 816.662 961.555 1006.208 998.595 1038.332 891.637 730.929 562.284 508.756 443.208 423.030 376.905 352.537 341.006 321.673 402.576 460.738 520.799 547.372 571.712 595.705 608.583 566.995 532.724 549.878 547.454 583.340 604.847 648.745 655.651 627.699 627.957
-999.250 -999.250 -999.250 -999.250 -999.250 -999.250 -999.250 -999.250 -999.250 -999.250 -999.250 -999.250 -999.250 377.975 409.221 381.470 364.095 370.497 386.694 398.060 394.075 376.284 436.800 437.355 453.504 488.828 497.538 533.053 536.721 602.621 643.929 657.309 745.346 808.900 871.184 921.610 1026.924 993.306 882.754 698.433 586.906 548.652 490.249 450.754 383.090 359.706 353.390 372.797 430.519 481.678 518.902 563.781 573.208 591.534 610.534 573.143 532.733 535.578 561.763 604.972 573.900 599.099 617.387 627.002 673.447
-999.250 -999.250 -999.250 -999.250 -999.250 -999.250 -999.250 -999.250 -999.250 -999.250 -999.250 -999.250 380.230 377.608 354.543 357.166 360.356 364.380 358.729 363.853 359.579 368.584 386.069 416.192 438.263 475.287 492.924 497.837 530.554 577.631 666.571 691.540 795.204 858.348 843.679 955.990 910.354 946.504 822.034 660.017 589.532 535.733 488.416 464.239 394.034 368.131 382.831 386.144 440.103 478.967 518.264 539.350 592.106 583.287 576.393 565.631 542.194 587.954 558.573 555.374 583.373 593.156 602.536 593.521 666.076
-999.250 -999.250 -999.250 -999.250 -999.250 -999.250 -999.250 -999.250 -999.250 -999.250 -999.250 415.386 380.915 357.583 340.111 337.223 332.217 321.372 325.135 329.705 342.717 355.098 376.040 412.987 406.970 456.981 480.394 511.076 522.967 570.263 622.693 713.125 766.979 891.722 905.350 847.835 875.619 840.073 723.041 691.751 612.140 529.052 485.794 452.529 395.341 337.142 391.178 443.518 483.718 522.617 521.619 579.936 585.137 586.814 580.496 561.482 570.685 575.030 521.907 558.890 566.907 609.956 618.680 577.049 679.709
-999.250 -999.250 -999.250 -999.250 -999.250 -999.250 -999.250 -999.250 -999.250 -999.250 406.443 390.240 355.055 337.054 315.465 276.603 292.828 271.428 299.185 289.489 324.963 347.444 361.337 393.591 437.568 475.516 467.112 510.127 516.240 533.147 601.844 658.385 713.952 794.713 895.251 886.496 759.043 707.405 663.519 592.502 573.479 515.280 469.880 428.404 427.624 403.783 419.650 481.038 494.416 521.906 561.551 527.534 587.031 574.626 581.555 593.727 601.409 581.910 543.599 555.681 547.954 590.916 558.424 607.104 654.759
-999.250 -999.250 -999.250 -999.250 -999.250 -999.250 -999.250 -999.250 -999.250 427.803 388.013 367.379 338.263 315.926 279.363 219.409 241.045 260.551 239.129 223.455 280.247 330.116 372.404 388.094 403.682 434.315 469.449 504.489 529.762 578.860 585.932 617.623 659.919 749.238 770.612 746.169 704.055 651.065 597.271 558.626 545.521 513.129 491.633 444.469 453.657 445.281 477.837 495.695 513.880 534.092 555.279 587.973 590.539 567.314 596.102 598.405 577.574 563.306 546.308 523.716 537.289 510.516 553.317 616.430 624.337
-999.250 -999.250 -999.250 -999.250 -999.250 458.530 456.587 461.324 464.115 429.051 388.099 357.255 341.338 325.338 267.252 250.069 243.547 265.866 262.807 275.147 310.200 336.319 357.064 380.899 392.342 404.273 449.227 501.097 526.284 558.260 579.217 643.613 645.091 641.236 680.700 670.111 629.032 573.474 560.669 539.930 530.271 516.740 469.728 437.574 463.929 457.252 467.544 518.449 530.499 566.524 586.757 590.220 592.299 566.764 575.920 567.518 547.696 527.550 485.963 508.159 519.832 524.021 508.577 528.907 594.611
-999.250 -999.250 -999.250 -999.250 -999.250 -999.250 -999.250 429.585 423.641 410.640 374.549 351.263 327.746 268.858 262.437 255.069 247.075 253.414 273.089 292.647 301.189 326.389 347.383 373.202 375.310 358.212 444.615 461.079 539.580 552.501 582.066 607.514 609.979 657.761 635.723 622.096 580.497 552.046 531.086 528.299 514.200 494.434 463.530 424.505 441.178 469.820 492.870 513.695 519.138 553.462 595.595 562.248 572.456 590.627 562.266 538.510 544.006 526.344 512.330 481.914 504.430 493.152 496.531 530.928 553.781
-999.250 -999.250 -999.250 -999.250 -999.250 -999.250 -999.250 405.333 393.583 392.320 350.342 336.353 306.363 275.385 270.268 240.643 250.723 267.454 261.471 312.867 298.024 324.039 356.470 376.849 376.119 385.287 456.413 492.633 523.075 568.777 577.288 575.844 592.563 625.532 628.878 590.033 556.744 528.782 517.243 496.255 466.899 426.980 402.192 408.435 442.559 490.353 482.288 504.396 525.364 557.438 562.717 570.996 595.510 565.154 553.372 526.199 519.369 501.742 502.626 522.866 484.692 457.248 481.656 497.640 504.772
-999.250 -999.250 -999.250 -999.250 -999.250 -999.250 -999.250 356.395 360.816 329.863 307.297 287.217 274.725 276.316 257.080 255.071 254.113 275.154 294.910 319.374 321.687 339.734 333.730 382.160 403.557 423.182 468.120 521.658 543.918 618.614 616.974 601.663 614.436 611.468 603.351 568.176 525.817 494.715 478.172 441.020 385.135 392.655 373.226 382.946 411.701 451.786 476.777 518.249 526.964 554.934 567.705 570.478 560.704 568.015 545.570 501.668 509.240 534.230 494.330 513.832 457.047 426.433 411.598 423.665 438.343
-999.250 -999.250 -999.250 -999.250 -999.250 -999.250 -999.250 328.438 311.152 291.246 260.110 262.829 245.756 245.818 240.848 235.747 246.246 288.685 288.097 324.460 335.201 331.526 356.044 379.485 412.675 455.982 489.486 510.250 555.775 592.805 620.647 597.025 582.705 610.755 612.242 548.006 530.018 487.133 424.193 381.613 347.206 342.495 349.578 377.815 398.971 428.329 468.880 511.653 513.662 557.381 537.328 550.293 563.930 517.174 520.048 499.223 495.364 516.347 491.767 476.324 445.501 402.941 379.273 378.122 386.142
-999.250 -999.250 -999.250 -999.250 -999.250 -999.250 -999.250 -999.250 249.372 215.017 218.851 226.593 243.510 229.352 245.483 238.046 251.742 278.427 301.966 339.545 351.109 355.492 385.400 387.756 446.866 495.463 508.557 539.675 582.603 598.678 614.719 598.910 628.856 576.028 553.406 526.556 488.014 455.497 396.312 356.514 318.094 261.181 286.514 338.620 376.805 423.578 480.607 504.568 509.894 524.538 541.822 531.791 515.717 509.383 507.240 485.445 487.115 516.432 490.519 457.289 439.703 394.063 365.504 346.778 324.696
-999.250 -999.250 -999.250 -999.250 -999.250 -999.250 -999.250 -999.250 225.802 143.106 190.827 222.228 241.230 233.093 239.589 207.039 243.289 305.483 331.119 326.643 336.660 356.590 393.889 454.824 478.290 522.194 513.269 545.378 603.127 620.310 644.171 601.186 576.328 562.663 551.721 509.077 498.368 442.641 381.674 333.902 251.563 169.996 256.511 325.249 353.193 400.301 445.943 495.858 511.115 507.860 531.348 540.499 505.749 496.005 513.015 494.406 489.423 498.013 475.028 433.912 425.756 389.483 362.471 328.670 266.424
-999.250 -999.250 -999.250 -999.250 -999.250 -999.250 -999.250 288.265 235.254 214.489 233.596 231.964 261.985 258.853 250.040 252.821 292.884 307.322 344.122 335.384 337.567 361.558 393.060 463.512 497.087 522.389 538.741 594.408 613.956 635.131 620.056 587.905 582.199 566.322 548.756 521.560 454.538 432.654 364.614 323.326 253.626 239.196 265.296 311.235 340.701 394.275 452.055 459.458 517.768 511.292 500.242 512.024 497.394 500.049 491.597 492.742 493.257 468.305 452.230 445.260 421.198 377.110 347.500 303.126 238.341
-999.250 -999.250 -999.250 -999.250 -999.250 -999.250 -999.250 308.243 268.428 268.206 251.023 254.002 299.824 271.269 293.442 283.524 309.685 318.854 340.680 329.319 307.175 380.027 429.071 467.625 500.631 523.033 544.920 590.433 609.377 628.041 647.792 618.817 629.789 572.563 534.301 507.876 459.106 401.871 341.573 316.253 290.673 293.628 314.096 338.638 347.443 381.946 402.638 452.748 468.275 501.298 514.415 489.748 505.134 511.599 483.596 508.555 500.996 459.500 445.035 435.583 423.320 382.822 335.045 316.151 281.393
-999.250 -999.250 -999.250 -999.250 -999.250 -999.250 -999.250 323.762 331.891 316.792 312.049 295.628 314.324 319.803 330.433 342.624 339.500 351.738 347.124 368.416 366.969 429.447 439.261 481.206 516.121 565.337 631.646 649.277 594.471 664.632 652.065 645.997 603.345 577.344 542.354 506.513 447.298 383.133 283.864 315.772 311.410 334.199 345.204 351.658 352.582 385.763 404.595 444.419 476.781 490.494 482.294 489.016 506.663 495.330 486.585 501.222 474.117 468.176 452.538 404.550 402.785 364.556 339.899 309.954 316.391
-999.250 -999.250 -999.250 -999.250 -999.250 -999.250 -999.250 355.190 356.312 345.974 349.838 348.772 336.092 334.108 346.793 344.442 358.493 377.066 386.894 382.479 405.976 471.669 480.874 488.233 524.813 568.210 633.845 654.500 623.876 611.762 647.246 654.009 606.136 561.152 527.729 514.981 482.104 406.832 350.643 338.648 341.410 351.715 350.637 376.600 389.883 403.743 445.997 464.890 482.413 496.629 514.589 497.987 509.231 508.370 489.391 485.118 530.072 481.527 466.002 450.480 428.964 375.066 357.791 332.457 335.474
-999.250 -999.250 -999.250 -999.250 -999.250 -999.250 354.655 368.165 373.408 372.146 372.010 358.312 358.564 383.138 378.931 396.448 389.701 399.401 411.175 431.629 428.019 474.952 491.466 505.697 545.869 603.636 641.621 689.515 667.412 644.915 685.232 654.280 621.975 572.709 551.821 536.926 500.400 424.057 375.719 367.166 363.817 363.797 379.394 383.259 417.150 454.258 460.193 475.147 500.229 468.685 488.092 493.982 479.310 489.350 508.673 489.061 497.328 470.875 465.430 461.067 413.698 369.486 377.773 341.521 346.666
-999.250 -999.250 -999.250 -999.250 -999.250 -999.250 366.714 387.183 397.785 388.734 396.357 396.416 399.584 400.103 415.704 387.800 383.795 393.238 410.674 429.685 435.865 479.289 488.037 503.351 551.583 632.471 625.098 682.650 712.332 673.222 649.614 646.474 613.568 570.829 525.442 522.539 485.982 436.169 400.833 392.636 398.751 378.650 392.241 397.065 423.539 467.535 469.381 484.851 507.348 495.375 479.163 491.730 489.534 485.761 483.926 510.479 483.558 480.325 475.727 435.083 438.555 387.433 372.209 350.914 340.602
-999.250 -999.250 -999.250 -999.250 -999.250 413.613 409.900 417.567 450.946 429.120 416.060 408.950 428.370 424.126 421.938 402.858 391.297 390.824 399.517 453.679 440.420 479.175 473.765 531.203 581.961 629.652 666.644 704.349 677.472 651.174 612.128 599.240 564.807 546.361 521.803 508.706 503.854 455.560 447.439 384.089 443.867 402.700 393.572 423.504 454.689 462.495 470.719 486.376 490.555 492.665 492.275 488.858 473.741 484.129 482.128 503.187 463.442 457.057 449.085 413.352 409.969 384.757 372.938 359.327 343.755
-999.250 -999.250 -999.250 -999.250 -999.250 432.647 415.427 435.523 424.069 429.181 429.828 401.121 446.929 452.956 437.316 411.800 400.436 385.989 412.656 423.492 422.758 452.739 485.772 531.779 576.486 607.667 655.557 653.288 658.226 621.966 624.773 592.753 567.875 560.647 529.640 489.805 487.056 467.981 441.756 467.445 458.173 455.113 434.278 451.625 457.586 485.394 480.858 497.611 501.414 491.862 466.739 471.009 474.920 482.931 485.492 494.527 477.987 442.545 464.306 418.848 407.420 400.337 393.987 385.465 370.305
-999.250 -999.250 -999.250 -999.250 449.607 456.829 447.367 456.444 456.350 451.056 438.891 447.360 461.000 439.385 430.512 423.771 407.535 385.518 405.775 388.736 412.440 438.192 464.448 510.424 541.873 611.318 671.700 669.474 665.938 628.260 583.790 574.181 546.087 531.583 510.314 496.542 490.438 477.598 435.706 446.510 491.451 456.773 437.596 459.001 433.975 471.817 513.151 510.120 502.391 490.403 487.425 464.013 492.815 500.925 521.541 481.203 466.092 451.388 438.935 428.129 440.472 379.811 365.506 367.038 358.600
-999.250 -999.250 -999.250 -999.250 468.566 471.136 477.943 484.099 480.120 454.119 458.791 478.499 462.231 460.581 464.003 419.237 413.161 388.031 403.045 387.477 393.418 386.951 383.637 483.671 521.093 577.898 641.066 648.166 639.277 646.647 587.259 560.054 545.172 511.239 504.347 469.674 469.382 437.849 448.121 473.338 472.978 463.905 466.924 452.814 460.174 484.778 506.797 510.948 503.487 491.972 444.448 486.753 482.925 475.831 514.186 500.650 479.445 490.223 474.286 446.817 463.636 427.260 392.581 364.853 332.636
-999.250 -999.250 -999.250 -999.250 495.157 471.610 490.466 481.775 482.556 497.799 487.023 490.750 483.240 503.429 479.629 442.135 405.430 399.361 374.243 380.910 403.293 396.144 402.326 477.380 510.753 548.626 567.866 594.438 607.306 593.821 560.260 565.741 546.872 496.598 485.778 457.576 448.276 422.553 473.396 450.003 462.362 469.134 484.820 488.831 484.941 516.643 493.667 486.925 486.975 485.242 465.845 484.842 486.620 487.163 492.441 496.830 507.774 488.432 497.307 475.409 469.520 399.033 382.487 373.075 347.408
-999.250 -999.250 -999.250 -999.250 466.972 495.384 509.630 498.462 516.493 503.501 510.116 501.617 498.764 493.162 449.729 426.505 402.412 385.633 376.793 376.048 378.085 388.101 425.652 478.427 521.168 519.864 542.835 543.132 580.295 550.907 535.876 520.155 504.266 493.303 457.101 403.851 426.333 449.773 458.539 468.402 464.175 488.328 496.830 518.718 502.456 487.301 532.874 511.611 482.398 483.585 503.059 484.916 513.059 481.777 530.204 507.724 509.266 508.151 503.521 475.433 440.747 410.692 390.772 380.774 369.879
-999.250 -999.250 -999.250 -999.250 468.943 485.620 481.553 520.770 497.879 481.678 504.626 515.219 486.469 484.075 453.587 414.489 366.163 365.996 354.204 345.197 355.691 398.840 455.405 461.156 496.076 528.865 543.279 543.548 536.263 554.042 532.337 518.268 467.927 477.227 454.132 441.435 456.249 469.633 492.401 498.634 480.570 475.310 502.667 500.380 491.481 487.136 520.890 493.363 482.895 505.645 507.815 485.034 507.974 512.771 500.645 518.457 510.244 485.022 512.313 497.195 468.051 428.833 397.009 391.106 363.624
