data/medianmodel_07-Oct-2020.asc
ncols	141
nrows	288
xllcorner	-120191.398
yllcorner	-301404.813
cellsize	2000.000
NODATA_value	-999.250
[rows 0 to 29 of 288, columns 67 to 133 of 141]
-999.250 -999.250 -999.250 -999.250 -999.250 -999.250 -999.250 -999.250 -999.250 -999.250 -999.250 -999.250 -999.250 -999.250 -999.250 -999.250 -999.250 -999.250 -999.250 -999.250 -999.250 -999.250 -999.250 -999.250 -999.250 -999.250 -999.250 -999.250 -999.250 -999.250 -999.250 -999.250 -999.250 -999.250 -999.250 -999.250 -999.250 -999.250 -999.250 -999.250 -999.250 -999.250 -999.250 -999.250 -999.250 -999.250 -999.250 -999.250 -999.250 -999.250 -999.250 -999.250 -999.250 -999.250 -999.250 -999.250 -999.250 -999.250 -999.250 -999.250 -999.250 -999.250 -999.250 -999.250 -999.250 -999.250 -999.250
-999.250 -999.250 -999.250 -999.250 -999.250 -999.250 -999.250 -999.250 -999.250 -999.250 -999.250 -999.250 -999.250 -999.250 -999.250 -999.250 -999.250 -999.250 -999.250 -999.250 -999.250 -999.250 -999.250 -999.250 -999.250 -999.250 -999.250 -999.250 -999.250 -999.250 -999.250 -999.250 -999.250 -999.250 -999.250 -999.250 -999.250 -999.250 -999.250 -999.250 -999.250 -999.250 -999.250 -999.250 -999.250 -999.250 -999.250 -999.250 -999.250 -999.250 -999.250 -999.250 -999.250 -999.250 -999.250 -999.250 -999.250 -999.250 -999.250 -999.250 -999.250 -999.250 -999.250 -999.250 -999.250 -999.250 -999.250
-999.250 -999.250 -999.250 -999.250 -999.250 -999.250 -999.250 -999.250 -999.250 -999.250 -999.250 -999.250 -999.250 -999.250 -999.250 -999.250 -999.250 -999.250 -999.250 -999.250 -999.250 -999.250 -999.250 -999.250 -999.250 -999.250 -999.250 -999.250 -999.250 -999.250 -999.250 -999.250 -999.250 -999.250 -999.250 -999.250 -999.250 -999.250 -999.250 -999.250 -999.250 -999.250 -999.250 -999.250 -999.250 -999.250 -999.250 -999.250 -999.250 -999.250 -999.250 -999.250 -999.250 -999.250 -999.250 -999.250 -999.250 -999.250 -999.250 -999.250 -999.250 -999.250 -999.250 -999.250 -999.250 -999.250 -999.250
-999.250 -999.250 -999.250 -999.250 -999.250 -999.250 -999.250 -999.250 -999.250 -999.250 -999.250 -999.250 -999.250 -999.250 -999.250 -999.250 -999.250 -999.250 -999.250 -999.250 -999.250 -999.250 -999.250 -999.250 -999.250 -999.250 -999.250 -999.250 -999.250 -999.250 -999.250 -999.250 -999.250 -999.250 -999.250 -999.250 -999.250 -999.250 -999.250 -999.250 -999.250 -999.250 -999.250 -999.250 -999.250 -999.250 -999.250 -999.250 -999.250 -999.250 -999.250 -999.250 -999.250 -999.250 -999.250 -999.250 -999.250 -999.250 -999.250 -999.250 -999.250 -999.250 -999.250 -999.250 -999.250 -999.250 -999.250
-999.250 -999.250 -999.250 -999.250 -999.250 -999.250 -999.250 -999.250 -999.250 -999.250 -999.250 -999.250 -999.250 -999.250 -999.250 -999.250 -999.250 -999.250 -999.250 -999.250 -999.250 -999.250 -999.250 -999.250 -999.250 -999.250 -999.250 -999.250 -999.250 -999.250 -999.250 -999.250 -999.250 -999.250 -999.250 -999.250 -999.250 -999.250 -999.250 -999.250 -999.250 -999.250 -999.250 -999.250 -999.250 -999.250 -999.250 -999.250 -999.250 -999.250 -999.250 -999.250 -999.250 -999.250 -999.250 -999.250 -999.250 -999.250 -999.250 -999.250 -999.250 -999.250 -999.250 -999.250 -999.250 -999.250 -999.250
-999.250 -999.250 -999.250 -999.250 -999.250 -999.250 -999.250 -999.250 -999.250 -999.250 -999.250 -999.250 -999.250 -999.250 -999.250 -999.250 -999.250 -999.250 -999.250 -999.250 -999.250 -999.250 -999.250 -999.250 -999.250 -999.250 -999.250 -999.250 -999.250 -999.250 -999.250 -999.250 -999.250 -999.250 -999.250 -999.250 -999.250 -999.250 -999.250 -999.250 -999.250 -999.250 -999.250 -999.250 -999.250 -999.250 -999.250 -999.250 -999.250 -999.250 -999.250 -999.250 -999.250 -999.250 -999.250 -999.250 -999.250 -999.250 -999.250 -999.250 -999.250 -999.250 -999.250 -999.250 -999.250 -999.250 -999.250
-999.250 -999.250 -999.250 -999.250 -999.250 -999.250 -999.250 -999.250 -999.250 -999.250 -999.250 -999.250 -999.250 -999.250 -999.250 -999.250 -999.250 -999.250 -999.250 -999.250 -999.250 -999.250 -999.250 -999.250 -999.250 -999.250 -999.250 -999.250 -999.250 -999.250 -999.250 -999.250 -999.250 -999.250 -999.250 -999.250 -999.250 -999.250 -999.250 -999.250 -999.250 -999.250 -999.250 -999.250 -999.250 -999.250 -999.250 -999.250 -999.250 -999.250 -999.250 -999.250 -999.250 -999.250 -999.250 -999.250 -999.250 -999.250 -999.250 -999.250 -999.250 -999.250 -999.250 -999.250 -999.250 -999.250 -999.250
-999.250 -999.250 -999.250 -999.250 -999.250 -999.250 -999.250 -999.250 -999.250 -999.250 -999.250 -999.250 -999.250 -999.250 -999.250 -999.250 -999.250 -999.250 -999.250 -999.250 -999.250 -999.250 -999.250 -999.250 -999.250 -999.250 -999.250 -999.250 -999.250 -999.250 -999.250 -999.250 -999.250 -999.250 -999.250 -999.250 -999.250 -999.250 -999.250 -999.250 -999.250 -999.250 -999.250 -999.250 -999.250 -999.250 -999.250 -999.250 -999.250 -999.250 -999.250 -999.250 -999.250 -999.250 -999.250 -999.250 -999.250 -999.250 -999.250 -999.250 -999.250 -999.250 -999.250 -999.250 -999.250 -999.250 -999.250
-999.250 -999.250 -999.250 -999.250 -999.250 -999.250 -999.250 -999.250 -999.250 -999.250 -999.250 -999.250 -999.250 -999.250 -999.250 -999.250 -999.250 -999.250 -999.250 -999.250 -999.250 -999.250 -999.250 -999.250 -999.250 -999.250 -999.250 -999.250 -999.250 -999.250 -999.250 -999.250 -999.250 -999.250 -999.250 -999.250 -999.250 -999.250 -999.250 -999.250 -999.250 -999.250 -999.250 -999.250 -999.250 -999.250 -999.250 179.435 -999.250 -999.250 -999.250 -999.250 -999.250 -999.250 -999.250 -999.250 -999.250 -999.250 -999.250 -999.250 -999.250 -999.250 -999.250 -999.250 -999.250 -999.250 -999.250
-999.250 -999.250 -999.250 -999.250 -999.250 -999.250 -999.250 -999.250 -999.250 -999.250 -999.250 -999.250 -999.250 -999.250 -999.250 -999.250 -999.250 -999.250 -999.250 -999.250 -999.250 -999.250 -999.250 -999.250 -999.250 -999.250 -999.250 -999.250 -999.250 -999.250 -999.250 -999.250 77.196 89.623 83.583 82.363 -999.250 -999.250 -999.250 -999.250 122.456 -999.250 -999.250 -999.250 -999.250 -999.250 -999.250 224.946 244.724 -999.250 -999.250 -999.250 -999.250 -999.250 -999.250 -999.250 -999.250 -999.250 -999.250 -999.250 -999.250 -999.250 -999.250 -999.250 -999.250 -999.250 -999.250
-999.250 -999.250 -999.250 -999.250 -999.250 -999.250 -999.250 -999.250 -999.250 -999.250 -999.250 -999.250 -999.250 -999.250 -999.250 -999.250 -999.250 -999.250 -999.250 -999.250 -999.250 -999.250 -999.250 -999.250 -999.250 -999.250 -999.250 -999.250 -999.250 -999.250 -999.250 -999.250 82.908 78.890 75.843 76.673 -999.250 -999.250 -999.250 116.174 138.609 148.466 -999.250 -999.250 -999.250 -999.250 -999.250 243.737 275.771 247.718 -999.250 -999.250 -999.250 -999.250 -999.250 -999.250 238.743 224.052 -999.250 -999.250 -999.250 -999.250 -999.250 -999.250 -999.250 -999.250 -999.250
-999.250 -999.250 -999.250 -999.250 -999.250 -999.250 -999.250 -999.250 -999.250 -999.250 -999.250 -999.250 -999.250 -999.250 -999.250 -999.250 -999.250 -999.250 -999.250 -999.250 -999.250 -999.250 -999.250 -999.250 -999.250 -999.250 -999.250 -999.250 -999.250 -999.250 -999.250 -999.250 82.896 75.943 72.566 74.692 83.954 84.714 94.533 125.794 141.462 157.063 173.131 213.273 207.002 226.041 251.288 257.630 277.085 284.953 280.921 285.459 291.223 291.535 286.324 260.479 253.242 233.880 -999.250 -999.250 -999.250 -999.250 -999.250 -999.250 -999.250 -999.250 -999.250
-999.250 -999.250 294.311 -999.250 -999.250 -999.250 -999.250 -999.250 -999.250 -999.250 -999.250 -999.250 -999.250 -999.250 -999.250 -999.250 -999.250 -999.250 -999.250 -999.250 -999.250 -999.250 -999.250 -999.250 -999.250 -999.250 -999.250 -999.250 -999.250 -999.250 -999.250 -999.250 73.665 73.159 78.329 77.192 82.191 87.696 92.812 95.995 138.060 156.135 171.226 208.632 227.100 215.140 275.245 277.605 300.749 335.274 321.234 313.644 335.848 326.039 313.156 266.755 264.269 254.784 -999.250 -999.250 -999.250 -999.250 -999.250 -999.250 -999.250 -999.250 -999.250
-999.250 -999.250 348.055 -999.250 -999.250 -999.250 -999.250 -999.250 -999.250 -999.250 230.427 -999.250 -999.250 -999.250 -999.250 -999.250 -999.250 -999.250 -999.250 -999.250 -999.250 -999.250 -999.250 -999.250 -999.250 -999.250 -999.250 -999.250 -999.250 -999.250 -999.250 -999.250 76.018 76.317 76.919 79.262 81.061 92.451 94.927 125.425 144.754 158.171 177.705 205.479 245.137 273.763 320.179 292.142 305.024 391.252 355.757 354.551 354.871 327.898 299.829 286.850 259.662 259.888 -999.250 -999.250 -999.250 -999.250 -999.250 -999.250 -999.250 -999.250 -999.250
-999.250 -999.250 360.346 -999.250 -999.250 -999.250 -999.250 326.079 307.820 275.748 261.503 220.639 -999.250 -999.250 -999.250 -999.250 -999.250 -999.250 -999.250 -999.250 -999.250 -999.250 -999.250 -999.250 -999.250 -999.250 -999.250 -999.250 -999.250 -999.250 -999.250 -999.250 77.473 75.235 79.299 73.853 77.800 86.791 94.699 117.304 138.737 158.502 179.953 201.725 244.233 271.506 319.671 344.192 340.001 369.914 403.859 396.175 418.773 353.512 342.270 296.662 268.061 246.812 254.069 -999.250 -999.250 -999.250 -999.250 -999.250 -999.250 -999.250 -999.250
382.701 404.795 407.109 -999.250 -999.250 435.891 439.174 377.217 353.547 303.514 262.447 240.526 198.642 194.624 165.988 -999.250 -999.250 -999.250 -999.250 -999.250 -999.250 -999.250 -999.250 -999.250 -999.250 -999.250 -999.250 -999.250 -999.250 79.980 76.669 77.190 75.514 75.905 73.394 84.013 82.626 83.736 92.352 100.382 130.411 163.079 194.833 210.185 230.361 272.103 335.790 318.813 378.356 396.247 404.901 427.661 441.776 412.369 357.282 338.685 304.419 281.141 264.923 -999.250 -999.250 -999.250 -999.250 -999.250 -999.250 -999.250 -999.250
398.782 427.531 466.420 -999.250 477.527 472.006 457.802 427.202 353.223 289.914 271.230 255.827 221.556 207.587 -999.250 -999.250 -999.250 -999.250 -999.250 118.172 115.562 -999.250 -999.250 -999.250 98.398 -999.250 -999.250 78.736 83.308 81.157 82.711 81.140 75.060 83.808 76.473 74.926 78.299 84.112 90.326 111.535 127.983 165.686 184.400 198.912 232.627 276.060 307.032 365.870 411.924 427.215 429.646 455.154 432.818 399.576 385.710 355.539 344.330 311.772 269.426 -999.250 -999.250 -999.250 -999.250 -999.250 -999.250 -999.250 -999.250
422.844 474.032 485.774 482.696 497.829 493.186 474.244 430.700 392.056 325.296 279.585 255.248 236.896 200.341 -999.250 -999.250 140.489 142.809 126.815 111.496 97.322 101.876 -999.250 89.166 92.106 93.650 90.846 78.979 76.571 83.844 78.792 82.660 74.367 81.783 75.250 80.935 75.726 79.435 93.093 103.279 137.565 167.293 191.537 204.070 242.484 281.202 325.080 359.526 415.298 448.248 467.165 470.751 454.952 382.120 386.669 387.783 375.030 332.963 304.267 -999.250 -999.250 -999.250 -999.250 -999.250 -999.250 -999.250 -999.250
479.946 484.962 520.150 521.581 541.617 513.542 503.506 474.254 406.837 361.790 301.739 242.975 229.715 189.281 156.396 150.600 146.536 130.827 115.625 113.543 111.820 97.611 90.053 81.038 85.608 91.762 80.368 78.708 74.402 74.425 72.511 71.756 75.548 70.795 71.724 77.270 75.386 79.836 102.530 125.499 138.463 166.727 187.813 225.613 244.300 298.729 299.182 345.444 409.971 444.401 459.816 467.201 429.279 379.975 398.352 408.325 383.515 337.781 347.591 -999.250 -999.250 -999.250 -999.250 -999.250 -999.250 -999.250 -999.250
492.590 478.990 527.139 542.204 548.053 545.167 512.801 478.493 404.240 334.495 265.493 256.922 202.555 172.456 143.853 133.376 119.334 110.852 99.828 100.093 92.301 91.102 83.870 75.433 80.188 84.612 87.881 87.005 82.349 81.078 67.126 72.120 68.787 70.370 68.298 76.568 84.154 89.678 101.815 117.906 137.546 155.474 184.386 218.329 257.472 291.290 340.060 371.052 403.872 417.124 449.280 451.776 441.704 406.546 396.616 356.393 368.839 356.263 321.973 -999.250 -999.250 -999.250 -999.250 -999.250 -999.250 -999.250 -999.250
465.817 494.160 533.262 558.258 564.040 546.629 517.588 475.523 410.798 323.905 264.550 234.222 179.354 148.071 108.520 95.678 96.346 96.622 85.863 89.422 93.297 84.904 84.520 79.751 79.548 84.060 85.233 82.509 85.336 80.340 68.403 69.614 65.448 65.531 72.656 80.026 88.500 87.130 109.473 107.000 128.454 153.091 183.886 214.353 233.149 298.401 329.827 356.708 367.952 430.940 436.181 464.959 444.231 424.491 396.431 374.688 347.652 323.938 -999.250 -999.250 -999.250 -999.250 -999.250 -999.250 -999.250 -999.250 -999.250
461.200 492.837 534.775 547.693 577.970 541.016 492.547 433.206 360.110 269.878 238.101 187.285 155.771 117.275 90.710 73.964 73.897 74.495 73.892 77.186 83.878 78.125 79.354 81.821 77.084 77.581 86.659 82.124 84.754 75.676 69.435 74.825 70.740 74.254 72.393 73.070 83.545 90.841 118.147 115.513 135.509 153.112 183.683 203.208 246.452 268.789 298.840 350.144 357.744 417.217 446.625 411.525 395.183 376.080 388.519 392.265 375.443 375.567 -999.250 -999.250 -999.250 -999.250 -999.250 -999.250 -999.250 -999.250 -999.250
448.059 473.438 508.731 527.108 542.639 497.044 442.213 357.517 300.858 233.645 208.484 164.668 118.783 81.780 71.522 60.642 50.050 53.984 64.645 64.698 69.510 74.457 71.322 73.429 71.283 74.746 72.273 76.472 78.009 75.798 69.814 74.366 72.218 71.667 71.462 79.780 83.419 93.739 105.803 124.426 146.480 156.436 177.608 208.511 225.694 255.395 273.334 331.787 359.421 370.563 395.958 373.332 401.984 369.493 389.496 376.482 358.129 370.370 -999.250 -999.250 -999.250 -999.250 -999.250 -999.250 -999.250 -999.250 -999.250
405.221 423.576 459.544 479.440 478.638 458.322 384.485 311.358 273.296 202.810 159.917 107.731 70.079 49.385 42.943 37.215 38.868 38.899 41.587 55.772 56.281 63.306 64.459 66.570 67.209 74.049 71.916 74.550 77.837 80.364 76.201 77.984 73.388 72.252 75.907 80.791 80.816 89.848 107.783 126.588 131.373 164.834 180.675 212.804 229.845 272.643 275.320 347.487 350.684 396.177 341.569 342.133 352.979 368.901 367.206 341.212 322.269 346.824 -999.250 -999.250 -999.250 -999.250 -999.250 -999.250 -999.250 -999.250 -999.250
350.538 342.677 385.466 430.083 416.269 373.424 325.136 275.977 215.997 166.053 120.534 71.361 20.008 20.301 23.373 26.166 26.852 29.290 34.536 36.943 43.148 45.825 52.005 57.040 62.545 64.636 71.984 72.974 73.576 76.483 77.446 74.415 74.119 75.952 74.883 72.890 78.415 84.724 98.440 118.904 123.565 152.811 183.561 203.861 227.026 286.325 268.506 318.668 344.215 319.862 330.608 351.519 345.025 333.866 346.948 337.929 297.830 312.827 -999.250 -999.250 -999.250 -999.250 -999.250 -999.250 -999.250 -999.250 -999.250
277.088 309.090 339.181 338.258 314.713 303.198 266.632 221.628 190.783 140.884 90.766 47.509 18.055 7.949 7.351 11.340 16.896 17.300 22.231 29.792 36.348 43.233 47.759 54.016 64.649 59.684 61.433 66.076 73.732 70.440 75.235 81.784 82.981 75.248 74.829 81.564 78.518 90.350 105.570 118.242 133.926 153.777 187.816 198.124 227.207 243.789 267.019 294.792 295.134 318.997 313.109 295.931 307.051 325.809 330.823 294.255 322.443 320.193 282.870 -999.250 -999.250 -999.250 -999.250 176.073 171.561 -999.250 -999.250
246.098 261.078 273.623 272.343 270.050 240.282 218.199 185.860 140.867 94.556 70.430 37.949 14.741 6.776 2.392 1.999 5.765 9.426 17.362 24.783 34.785 37.649 41.888 58.732 50.251 56.946 61.002 72.430 75.072 71.522 71.576 73.408 75.665 73.514 79.591 76.299 79.965 88.499 94.988 110.610 132.186 154.086 161.213 183.946 199.141 225.302 244.657 260.642 302.220 296.255 280.561 286.700 327.266 310.010 306.826 336.478 342.656 301.873 271.860 284.227 -999.250 195.493 193.962 173.943 164.253 163.749 156.416
205.849 220.402 212.579 222.613 202.302 183.215 167.847 141.134 97.849 70.956 47.055 27.365 10.937 2.459 0.000 0.000 3.224 6.451 12.323 19.711 32.231 38.334 46.213 46.602 50.491 55.629 60.580 68.369 75.160 67.878 68.123 70.258 68.809 70.641 72.594 73.681 74.917 78.712 93.547 96.753 130.474 142.788 158.471 176.975 192.154 208.712 234.661 248.604 269.850 269.135 285.221 278.926 286.095 300.073 304.745 321.378 315.427 277.906 269.928 247.038 229.241 193.200 194.211 169.948 165.697 151.059 142.386
164.791 171.882 170.829 169.110 156.432 133.941 129.228 97.671 76.469 52.371 34.112 18.225 8.225 0.000 0.161 0.666 4.553 7.866 9.876 17.110 32.518 32.488 43.572 46.967 52.098 63.602 64.022 69.473 70.483 67.517 60.928 65.414 60.840 60.442 68.308 73.012 70.530 80.593 89.179 100.126 109.883 137.901 152.760 164.662 168.564 191.035 197.841 215.302 228.318 248.119 266.406 290.786 270.442 282.849 257.098 276.026 291.284 270.892 272.908 256.698 221.465 201.201 174.512 167.138 145.698 116.921 120.136
130.588 144.658 152.827 142.866 134.183 108.271 92.212 71.946 55.973 39.748 24.143 9.929 6.174 0.000 0.642 3.437 6.111 9.620 14.870 21.715 31.216 39.726 43.651 43.239 53.807 60.944 64.118 67.486 65.151 61.390 67.825 60.913 61.244 64.479 65.960 69.073 72.704 85.179 84.209 93.811 101.274 113.708 143.215 155.066 165.074 165.905 188.563 189.881 229.893 235.081 237.269 252.379 273.173 244.473 241.461 269.023 266.032 276.146 268.276 248.503 221.630 190.556 171.089 158.765 140.048 106.357 88.253
