data/medianmodel_31-Jul-2020.asc
ncols	141
nrows	288
xllcorner	-120191.398
yllcorner	-301404.813
cellsize	2000.000
NODATA_value	-999.250
[rows 240 to 269 of 288, columns 0 to 68 of 141]
-999.250 -999.250 -999.250 -999.250 -999.250 -999.250 -999.250 -999.250 -999.250 -999.250 -999.250 -999.250 -999.250 -999.250 -999.250 -999.250 -999.250 -999.250 -999.250 -999.250 -999.250 -999.250 -999.250 -999.250 -999.250 -999.250 -999.250 -999.250 -999.250 -999.250 26.726 31.503 26.961 20.487 20.946 20.252 19.351 12.674 19.208 11.383 12.085 8.629 8.037 8.384 7.725 6.071 7.431 4.173 1.458 0.000 0.000 0.000 0.000 0.000 0.000 0.000 0.000 0.000 0.000 0.000 0.000 0.000 0.000 0.000 0.000 0.000 0.000 0.000 0.000
-999.250 -999.250 -999.250 -999.250 -999.250 -999.250 -999.250 -999.250 -999.250 -999.250 -999.250 -999.250 -999.250 -999.250 -999.250 -999.250 -999.250 -999.250 -999.250 -999.250 -999.250 -999.250 -999.250 -999.250 -999.250 -999.250 -999.250 -999.250 -999.250 -999.250 20.160 27.268 20.416 22.211 18.772 17.324 17.624 19.042 18.600 14.375 14.912 9.181 8.000 8.830 7.830 5.446 3.472 4.033 0.427 0.000 0.000 0.000 0.000 0.000 0.000 0.000 0.000 0.000 0.000 0.000 0.000 0.000 0.000 0.000 0.000 0.000 0.000 0.000 0.000
-999.250 -999.250 -999.250 -999.250 -999.250 -999.250 -999.250 -999.250 -999.250 -999.250 -999.250 -999.250 -999.250 -999.250 -999.250 -999.250 -999.250 -999.250 -999.250 -999.250 -999.250 -999.250 -999.250 -999.250 -999.250 -999.250 -999.250 -999.250 -999.250 -999.250 30.014 24.268 16.350 20.717 14.836 13.005 17.022 15.238 10.706 16.053 12.402 9.417 7.614 8.355 8.496 7.804 5.260 1.670 0.885 0.000 0.000 0.000 0.000 0.000 0.000 0.000 0.000 0.000 0.000 0.000 0.000 0.000 0.000 0.000 0.000 0.000 0.000 0.000 0.000
-999.250 -999.250 -999.250 -999.250 -999.250 -999.250 -999.250 -999.250 -999.250 -999.250 -999.250 -999.250 -999.250 -999.250 -999.250 -999.250 -999.250 -999.250 -999.250 -999.250 -999.250 -999.250 -999.250 -999.250 -999.250 -999.250 -999.250 -999.250 -999.250 -999.250 17.705 21.861 15.894 19.456 16.124 15.900 15.834 16.713 14.041 10.958 10.655 11.593 8.214 8.974 6.873 8.890 5.724 3.056 2.219 0.084 0.000 0.000 0.000 0.000 0.000 0.000 0.000 0.000 0.000 0.000 0.000 0.000 0.000 0.000 0.000 0.000 0.000 0.000 0.000
-999.250 -999.250 -999.250 -999.250 -999.250 -999.250 -999.250 -999.250 -999.250 -999.250 -999.250 -999.250 -999.250 -999.250 -999.250 -999.250 -999.250 -999.250 -999.250 -999.250 -999.250 -999.250 -999.250 -999.250 -999.250 -999.250 -999.250 -999.250 -999.250 -999.250 20.414 21.301 18.583 14.273 25.756 17.695 21.476 16.959 18.118 12.348 10.647 10.306 9.214 8.847 7.394 7.789 8.027 4.295 2.597 0.925 0.618 0.000 0.000 0.000 0.000 0.000 0.000 0.000 0.000 0.000 0.000 0.000 0.000 0.000 0.000 0.000 0.000 0.000 0.000
-999.250 -999.250 -999.250 -999.250 -999.250 -999.250 -999.250 -999.250 -999.250 -999.250 -999.250 -999.250 -999.250 -999.250 -999.250 -999.250 -999.250 -999.250 -999.250 -999.250 -999.250 -999.250 -999.250 -999.250 -999.250 -999.250 -999.250 -999.250 -999.250 -999.250 -999.250 13.367 12.155 20.836 20.912 22.356 21.312 17.517 13.169 13.591 14.090 12.072 11.307 10.290 8.804 7.532 5.602 5.380 1.486 1.832 0.000 0.000 0.000 0.000 0.000 0.000 0.000 0.000 0.000 0.000 0.000 0.000 0.000 0.000 0.000 0.000 0.000 0.000 0.000
-999.250 -999.250 -999.250 -999.250 -999.250 -999.250 -999.250 -999.250 -999.250 -999.250 -999.250 -999.250 -999.250 -999.250 -999.250 -999.250 -999.250 -999.250 -999.250 -999.250 -999.250 -999.250 -999.250 -999.250 -999.250 -999.250 -999.250 -999.250 -999.250 -999.250 -999.250 13.781 17.733 15.796 21.478 22.775 22.161 23.698 15.620 16.833 15.795 16.799 12.328 10.130 10.838 10.881 6.174 5.750 3.881 2.015 0.000 0.000 0.000 0.000 0.000 0.000 0.000 0.000 0.000 0.000 0.000 0.000 0.000 0.000 0.000 0.000 0.000 0.000 0.000
-999.250 -999.250 -999.250 -999.250 -999.250 -999.250 -999.250 -999.250 -999.250 -999.250 -999.250 -999.250 -999.250 -999.250 -999.250 -999.250 -999.250 -999.250 -999.250 -999.250 -999.250 -999.250 -999.250 -999.250 -999.250 -999.250 -999.250 -999.250 -999.250 -999.250 15.164 18.407 11.359 15.185 18.968 26.980 30.194 25.854 22.440 18.528 15.156 20.607 13.720 12.478 10.531 8.585 7.874 5.389 4.933 3.083 0.825 0.013 0.000 0.000 0.000 0.000 0.000 0.000 0.000 0.000 0.000 0.000 0.000 0.000 0.000 0.000 0.000 0.000 0.000
-999.250 -999.250 -999.250 -999.250 -999.250 -999.250 -999.250 -999.250 -999.250 -999.250 -999.250 -999.250 -999.250 -999.250 -999.250 -999.250 -999.250 -999.250 -999.250 -999.250 -999.250 -999.250 -999.250 -999.250 -999.250 -999.250 -999.250 -999.250 -999.250 -999.250 16.656 15.873 18.651 18.090 17.446 20.361 24.291 22.879 22.759 19.744 20.251 19.353 16.540 15.186 11.490 10.977 7.024 7.464 5.286 3.873 0.505 0.262 0.000 0.000 0.000 0.000 0.000 0.000 0.000 0.000 0.000 0.000 0.000 0.000 0.000 0.000 0.000 0.000 0.000
-999.250 -999.250 -999.250 -999.250 -999.250 -999.250 -999.250 -999.250 -999.250 -999.250 -999.250 -999.250 -999.250 -999.250 -999.250 -999.250 -999.250 -999.250 -999.250 -999.250 -999.250 -999.250 -999.250 -999.250 -999.250 -999.250 -999.250 -999.250 -999.250 -999.250 15.708 18.426 24.143 15.982 18.741 19.745 19.589 25.640 23.525 26.640 24.861 19.686 21.378 20.331 11.229 9.458 9.105 6.125 6.592 3.792 1.977 0.000 0.000 0.000 0.000 0.000 0.000 0.000 0.000 0.000 0.000 0.000 0.000 0.000 0.000 0.000 0.000 0.000 0.000
-999.250 -999.250 -999.250 -999.250 -999.250 -999.250 -999.250 -999.250 -999.250 -999.250 -999.250 -999.250 -999.250 -999.250 -999.250 -999.250 -999.250 -999.250 -999.250 -999.250 -999.250 -999.250 -999.250 -999.250 -999.250 -999.250 -999.250 -999.250 -999.250 -999.250 13.913 11.921 15.244 15.917 17.862 20.326 17.705 21.206 27.004 28.660 25.291 22.307 23.122 18.408 12.185 8.784 8.398 8.081 7.040 4.653 0.581 0.000 0.000 0.000 0.000 0.000 0.000 0.000 0.000 0.000 0.000 0.000 0.000 0.000 0.000 0.000 0.000 0.000 0.000
-999.250 -999.250 -999.250 -999.250 -999.250 -999.250 -999.250 -999.250 -999.250 -999.250 -999.250 -999.250 -999.250 -999.250 -999.250 -999.250 -999.250 -999.250 -999.250 -999.250 -999.250 -999.250 -999.250 -999.250 -999.250 -999.250 -999.250 -999.250 -999.250 -999.250 12.528 10.740 16.337 15.546 17.923 18.279 20.945 24.008 30.342 36.412 32.347 22.584 25.399 17.873 12.607 10.344 9.528 10.050 6.345 4.508 1.828 0.239 0.000 0.000 0.000 0.000 0.000 0.000 0.000 0.000 0.000 0.000 0.000 0.000 0.000 0.000 0.000 0.000 0.000
-999.250 -999.250 -999.250 -999.250 -999.250 -999.250 -999.250 -999.250 -999.250 -999.250 -999.250 -999.250 -999.250 -999.250 -999.250 -999.250 -999.250 -999.250 -999.250 -999.250 -999.250 -999.250 -999.250 -999.250 -999.250 -999.250 -999.250 -999.250 -999.250 8.312 11.649 12.478 12.182 13.646 17.507 17.583 17.539 20.812 24.830 31.655 33.489 25.605 23.102 19.610 16.243 10.526 10.500 8.294 5.411 4.424 2.554 0.549 0.000 0.000 0.000 0.000 0.000 0.000 0.000 0.000 0.000 0.000 0.000 0.000 0.000 0.000 0.000 0.000 0.000
-999.250 -999.250 -999.250 -999.250 -999.250 -999.250 -999.250 -999.250 -999.250 -999.250 -999.250 -999.250 -999.250 -999.250 -999.250 -999.250 -999.250 -999.250 -999.250 -999.250 -999.250 -999.250 -999.250 -999.250 -999.250 -999.250 -999.250 -999.250 -999.250 -999.250 13.832 11.067 11.835 13.358 18.538 15.018 20.187 20.374 20.569 24.837 24.575 25.851 20.200 18.741 16.906 13.939 9.851 9.535 7.411 5.213 3.767 2.409 1.636 0.000 0.000 0.000 0.000 0.000 0.000 0.000 0.000 0.000 0.000 0.000 0.000 0.000 0.000 0.000 0.000
-999.250 -999.250 -999.250 -999.250 -999.250 -999.250 -999.250 -999.250 -999.250 -999.250 -999.250 -999.250 -999.250 -999.250 -999.250 -999.250 -999.250 -999.250 -999.250 -999.250 -999.250 -999.250 -999.250 -999.250 -999.250 -999.250 -999.250 -999.250 -999.250 -999.250 8.408 10.388 11.531 12.946 11.897 15.880 16.034 20.085 22.900 19.381 18.922 15.742 15.316 17.882 13.615 11.313 9.802 9.720 8.502 7.157 5.183 3.930 1.356 0.000 0.000 0.000 0.000 0.000 0.000 0.000 0.000 0.000 0.000 0.000 0.000 0.000 0.000 0.000 0.000
-999.250 -999.250 -999.250 -999.250 -999.250 -999.250 -999.250 -999.250 -999.250 -999.250 -999.250 -999.250 -999.250 -999.250 -999.250 -999.250 -999.250 -999.250 -999.250 -999.250 -999.250 -999.250 -999.250 -999.250 -999.250 -999.250 -999.250 -999.250 -999.250 -999.250 -999.250 8.563 11.247 15.269 13.910 17.162 16.234 15.905 20.378 21.031 17.766 14.938 17.159 12.135 12.362 12.371 12.235 8.839 8.381 6.245 4.087 1.980 0.806 1.684 0.113 0.000 0.000 0.000 0.000 0.000 0.000 0.000 0.000 0.000 0.000 0.000 0.000 0.000 0.000
-999.250 -999.250 -999.250 -999.250 -999.250 -999.250 -999.250 -999.250 -999.250 -999.250 -999.250 -999.250 -999.250 -999.250 -999.250 -999.250 -999.250 -999.250 -999.250 -999.250 -999.250 -999.250 -999.250 -999.250 -999.250 -999.250 -999.250 -999.250 -999.250 -999.250 -999.250 8.690 10.360 11.661 11.584 11.703 13.603 14.630 19.507 19.283 16.801 17.189 18.610 17.022 15.085 11.899 11.303 10.410 7.614 5.765 1.227 2.205 1.767 0.173 0.000 0.000 0.000 0.000 0.000 0.000 0.000 0.000 0.000 0.000 0.000 0.000 0.000 0.000 0.000
-999.250 -999.250 -999.250 -999.250 -999.250 -999.250 -999.250 -999.250 -999.250 -999.250 -999.250 -999.250 -999.250 -999.250 -999.250 -999.250 -999.250 -999.250 -999.250 -999.250 -999.250 -999.250 -999.250 -999.250 -999.250 -999.250 -999.250 -999.250 -999.250 -999.250 5.238 6.769 9.572 10.204 10.476 12.482 13.041 16.062 16.416 13.840 14.733 15.109 16.239 14.006 14.909 16.920 15.073 13.487 9.411 6.912 4.423 4.400 2.862 1.346 0.000 0.000 0.000 0.000 0.000 0.000 0.000 0.000 0.000 0.000 0.000 0.000 0.000 0.000 0.000
-999.250 -999.250 -999.250 -999.250 -999.250 -999.250 -999.250 -999.250 -999.250 -999.250 -999.250 -999.250 -999.250 -999.250 -999.250 -999.250 -999.250 -999.250 -999.250 -999.250 -999.250 -999.250 -999.250 -999.250 -999.250 -999.250 -999.250 -999.250 -999.250 -999.250 4.545 7.807 6.460 8.669 10.018 9.495 10.506 11.667 12.887 13.692 12.923 19.097 16.565 13.248 14.268 15.134 15.405 12.964 8.956 7.701 5.830 5.413 3.123 3.656 0.546 0.792 0.000 0.000 0.000 0.000 0.000 0.000 0.000 0.000 0.000 0.000 0.000 0.000 0.000
-999.250 -999.250 -999.250 -999.250 -999.250 -999.250 -999.250 -999.250 -999.250 -999.250 -999.250 -999.250 -999.250 -999.250 -999.250 -999.250 -999.250 -999.250 -999.250 -999.250 -999.250 -999.250 -999.250 -999.250 -999.250 -999.250 -999.250 -999.250 -999.250 -999.250 4.293 4.571 5.663 8.393 9.244 6.542 11.671 11.218 9.773 9.497 12.178 14.463 14.766 12.658 15.988 13.944 11.974 11.606 8.593 8.102 6.968 5.896 3.557 4.685 1.569 2.086 0.000 0.000 0.000 0.000 0.000 0.000 0.000 0.000 0.000 0.000 0.000 0.000 0.000
-999.250 -999.250 -999.250 -999.250 -999.250 -999.250 -999.250 -999.250 -999.250 -999.250 -999.250 -999.250 -999.250 -999.250 -999.250 -999.250 -999.250 -999.250 -999.250 -999.250 -999.250 -999.250 -999.250 -999.250 -999.250 -999.250 -999.250 -999.250 -999.250 -999.250 2.477 4.350 6.386 4.477 8.123 8.288 9.058 10.454 9.386 8.781 9.473 11.002 16.669 15.461 16.283 16.490 12.033 10.911 9.640 9.315 7.903 7.789 5.362 5.727 5.806 4.089 0.507 0.001 1.280 0.000 0.000 0.000 0.000 0.000 0.000 0.000 0.000 0.000 0.000
-999.250 -999.250 -999.250 -999.250 -999.250 -999.250 -999.250 -999.250 -999.250 -999.250 -999.250 -999.250 -999.250 -999.250 -999.250 -999.250 -999.250 -999.250 -999.250 -999.250 -999.250 -999.250 -999.250 -999.250 -999.250 -999.250 -999.250 -999.250 -999.250 -999.250 2.437 4.998 4.897 5.424 4.997 5.898 9.384 8.650 8.973 10.523 7.843 11.118 16.580 15.171 13.555 14.301 10.546 12.325 11.720 11.671 11.973 9.962 6.386 6.046 5.683 5.737 1.288 1.881 3.000 1.558 1.063 0.484 0.000 0.000 0.000 0.000 0.000 0.000 0.000
-999.250 -999.250 -999.250 -999.250 -999.250 -999.250 -999.250 -999.250 -999.250 -999.250 -999.250 -999.250 -999.250 -999.250 -999.250 -999.250 -999.250 -999.250 -999.250 -999.250 -999.250 -999.250 -999.250 -999.250 -999.250 -999.250 -999.250 -999.250 -999.250 -999.250 0.928 3.018 3.821 4.453 5.038 6.624 6.016 6.560 8.684 9.639 9.197 12.030 10.764 12.748 10.890 11.428 11.720 12.380 14.674 11.603 12.158 10.327 8.428 6.244 6.633 5.401 4.239 3.288 4.007 3.630 1.476 0.396 0.000 0.000 0.000 0.000 0.000 0.000 0.000
-999.250 -999.250 -999.250 -999.250 -999.250 -999.250 -999.250 -999.250 -999.250 -999.250 -999.250 -999.250 -999.250 -999.250 -999.250 -999.250 -999.250 -999.250 -999.250 -999.250 -999.250 -999.250 -999.250 -999.250 -999.250 -999.250 -999.250 -999.250 -999.250 0.000 0.000 3.039 2.977 4.464 5.324 6.847 5.406 8.186 9.909 10.626 10.360 11.807 13.086 11.054 10.988 12.406 17.244 14.923 16.811 15.719 11.203 10.799 9.364 8.616 6.552 5.654 5.040 6.153 4.854 5.262 3.827 2.994 1.007 0.595 0.334 0.000 0.000 0.000 0.000
-999.250 -999.250 -999.250 -999.250 -999.250 -999.250 -999.250 -999.250 -999.250 -999.250 -999.250 -999.250 -999.250 -999.250 -999.250 -999.250 -999.250 -999.250 -999.250 -999.250 -999.250 -999.250 -999.250 -999.250 -999.250 -999.250 -999.250 -999.250 -999.250 0.000 0.503 1.476 2.547 1.796 3.647 4.850 5.642 7.156 8.370 9.380 10.475 11.802 10.393 9.915 11.059 12.559 17.102 12.885 13.204 11.081 10.178 8.937 7.821 8.930 7.663 6.951 6.726 7.575 6.471 5.993 4.208 3.579 4.092 2.795 0.287 0.707 0.000 0.000 0.000
-999.250 -999.250 -999.250 -999.250 -999.250 -999.250 -999.250 -999.250 -999.250 -999.250 -999.250 -999.250 -999.250 -999.250 -999.250 -999.250 -999.250 -999.250 -999.250 -999.250 -999.250 -999.250 -999.250 -999.250 -999.250 -999.250 -999.250 -999.250 0.000 0.000 0.000 0.918 0.000 2.320 2.598 4.384 4.960 6.526 7.486 8.749 10.505 10.630 9.227 9.988 12.492 13.929 13.167 12.195 16.325 12.323 11.615 10.042 9.485 9.489 10.954 8.495 8.874 8.398 7.726 8.435 6.728 4.621 4.776 3.394 2.772 0.614 0.307 0.000 0.000
-999.250 -999.250 -999.250 -999.250 -999.250 -999.250 -999.250 -999.250 -999.250 -999.250 -999.250 -999.250 -999.250 -999.250 -999.250 -999.250 -999.250 -999.250 -999.250 -999.250 -999.250 -999.250 -999.250 -999.250 -999.250 -999.250 -999.250 -999.250 0.000 0.000 0.000 0.000 0.586 3.169 3.779 3.741 5.001 6.198 7.587 9.791 11.361 11.311 11.969 10.594 11.492 11.675 11.791 9.268 11.650 12.588 10.506 12.564 12.688 11.754 11.065 12.110 11.015 9.859 8.982 7.990 7.355 6.649 5.427 4.692 3.408 2.777 0.302 0.000 0.000
-999.250 -999.250 -999.250 -999.250 -999.250 -999.250 -999.250 -999.250 -999.250 -999.250 -999.250 -999.250 -999.250 -999.250 -999.250 -999.250 -999.250 -999.250 -999.250 -999.250 -999.250 -999.250 -999.250 -999.250 -999.250 -999.250 -999.250 0.000 0.000 0.000 0.000 0.000 0.021 3.246 3.147 4.020 3.528 6.094 7.107 11.262 19.697 14.532 11.189 11.645 11.292 11.583 9.335 11.049 12.032 13.304 14.299 17.763 18.116 18.105 11.970 11.660 13.055 12.868 11.315 10.147 9.509 9.203 8.840 7.456 5.417 3.459 2.498 2.153 0.000
-999.250 -999.250 -999.250 -999.250 -999.250 -999.250 -999.250 -999.250 -999.250 -999.250 -999.250 -999.250 -999.250 -999.250 -999.250 -999.250 -999.250 -999.250 -999.250 -999.250 -999.250 -999.250 -999.250 -999.250 -999.250 -999.250 -999.250 0.000 0.000 0.000 0.000 0.000 0.000 2.559 3.451 3.682 5.532 6.305 9.574 12.236 14.248 14.702 12.674 9.169 10.726 10.345 9.881 9.417 11.607 12.030 13.321 15.394 21.653 23.220 16.451 21.055 19.859 20.618 11.456 12.757 9.694 10.122 9.874 9.773 7.575 5.636 3.123 1.796 0.000
-999.250 -999.250 -999.250 -999.250 -999.250 -999.250 -999.250 -999.250 -999.250 -999.250 -999.250 -999.250 -999.250 -999.250 -999.250 -999.250 -999.250 -999.250 -999.250 -999.250 -999.250 -999.250 -999.250 -999.250 -999.250 -999.250 -999.250 0.000 0.000 0.000 0.000 0.000 0.000 1.724 3.816 4.290 6.509 8.345 9.192 9.946 11.051 10.414 10.682 11.552 11.040 11.553 10.066 9.930 10.788 13.341 14.239 23.708 26.952 26.071 28.256 29.413 25.703 21.837 23.605 14.454 16.471 13.624 12.739 16.361 8.910 7.901 5.985 3.390 0.000
