data/medianmodel_18-Dec-2020.asc
ncols	141
nrows	288
xllcorner	-120191.398
yllcorner	-301404.813
cellsize	2000.000
NODATA_value	-999.250
[rows 174 to 202 of 288, columns 0 to 63 of 141]
-999.250 -999.250 -999.250 -999.250 365.216 366.425 347.902 346.695 334.816 325.577 316.169 302.288 300.430 267.357 259.866 248.513 239.074 263.801 276.887 298.469 352.457 387.078 433.898 464.253 460.848 439.913 415.616 395.553 351.072 347.207 300.646 304.708 281.236 266.067 269.847 290.531 295.210 268.802 236.463 212.801 195.461 190.803 186.990 194.596 222.911 289.769 349.366 398.586 478.588 545.469 607.879 680.043 754.528 822.210 1007.880 1136.805 1219.283 1289.410 1242.559 1217.502 1140.385 1058.258 899.222 798.103
-999.250 -999.250 -999.250 -999.250 365.057 361.403 347.439 357.253 344.614 322.383 322.856 295.927 284.910 279.449 268.901 247.151 255.507 267.711 288.353 303.651 328.574 350.042 378.470 394.775 396.999 386.588 380.981 363.784 351.119 293.957 303.085 301.396 272.564 256.061 248.325 263.874 268.371 260.747 251.050 215.930 205.311 196.714 192.944 196.500 237.304 294.929 363.941 416.058 510.985 564.454 624.720 705.260 823.294 988.333 1162.013 1233.633 1290.489 1428.209 1401.807 1301.409 1161.067 1119.251 1001.616 906.333
-999.250 -999.250 -999.250 -999.250 344.693 351.367 350.968 364.318 362.759 342.616 329.449 311.369 288.026 290.062 285.062 282.799 270.067 283.186 284.879 304.414 321.058 323.292 345.682 362.205 364.736 352.285 352.968 333.305 312.820 274.806 274.855 266.831 242.744 249.558 262.180 242.762 260.971 251.101 230.186 219.367 205.022 204.644 202.987 200.332 245.747 313.138 371.942 450.066 507.111 574.532 685.096 751.293 848.632 1060.786 1184.204 1310.091 1496.057 1643.306 1513.628 1427.145 1274.207 1207.351 1125.614 1018.820
-999.250 -999.250 -999.250 -999.250 345.382 350.801 346.171 351.016 358.981 340.099 310.131 319.306 320.960 299.268 323.012 306.198 294.442 290.590 299.464 308.002 318.361 337.363 340.631 346.029 345.646 324.148 328.069 308.130 283.702 267.234 235.311 243.422 244.435 248.032 249.529 244.224 238.263 236.266 225.430 224.654 219.609 225.719 224.150 240.276 274.947 341.704 394.037 459.969 529.241 598.408 668.797 747.664 850.007 1112.507 1226.703 1401.838 1460.828 1480.053 1494.085 1326.615 1257.126 1210.658 1107.359 991.935
-999.250 -999.250 -999.250 -999.250 350.336 360.573 342.562 351.525 347.334 346.711 322.512 337.156 335.032 339.195 327.863 325.103 316.564 318.386 336.462 342.696 342.711 328.848 330.564 314.132 320.743 302.356 287.262 268.864 237.579 232.026 242.012 225.860 228.620 234.146 237.466 241.686 237.135 237.594 227.796 228.423 251.344 247.113 259.719 284.766 329.095 368.621 421.891 493.979 545.169 637.021 690.567 742.739 846.627 999.321 1197.881 1309.476 1386.419 1412.455 1377.098 1322.617 1314.235 1204.634 1089.291 968.576
-999.250 -999.250 -999.250 343.704 350.062 357.744 344.954 349.931 344.139 327.496 335.864 336.152 348.176 340.566 354.139 351.016 351.637 348.672 347.450 360.194 348.697 341.869 336.725 298.905 285.954 297.361 271.617 244.713 212.834 216.650 226.454 208.750 222.075 227.377 220.861 222.942 246.977 245.669 236.506 239.920 248.972 282.871 314.821 328.711 369.231 395.396 451.891 523.851 560.945 618.433 682.608 738.696 840.780 977.206 1110.736 1213.570 1287.987 1351.825 1275.943 1260.470 1176.444 1142.043 1070.681 992.555
-999.250 -999.250 -999.250 332.308 353.687 360.861 356.565 340.846 341.477 336.057 350.734 343.180 354.292 363.510 361.800 362.962 372.818 356.005 357.907 352.065 354.342 347.664 321.298 308.103 290.038 282.636 269.803 235.366 220.566 201.258 204.816 204.019 209.380 218.315 229.968 249.201 260.935 251.794 229.132 255.689 275.489 309.044 337.468 361.529 386.124 414.126 450.632 528.200 559.110 606.822 677.735 757.080 843.422 944.311 1091.476 1172.944 1225.941 1292.729 1227.438 1224.244 1146.871 1089.769 959.209 891.171
-999.250 -999.250 -999.250 350.787 345.279 348.026 343.692 349.916 344.225 335.805 335.648 354.375 364.868 362.235 373.695 379.140 381.450 386.739 380.597 375.089 366.127 347.489 334.277 309.808 288.680 282.594 256.888 212.179 210.971 203.002 193.322 216.357 219.178 217.003 240.575 251.714 265.232 250.621 256.656 274.171 306.696 306.309 362.619 379.098 405.987 443.917 487.897 533.046 581.708 639.919 690.824 741.041 848.797 906.932 1035.349 1072.398 1176.109 1199.643 1194.437 1140.434 1041.595 979.133 911.259 780.191
-999.250 -999.250 335.960 356.373 342.645 347.124 342.808 343.555 357.205 339.644 357.577 345.644 364.582 367.129 380.523 405.408 397.419 396.982 391.741 392.334 381.256 361.306 359.219 335.992 304.358 270.962 255.937 228.747 220.610 207.160 206.130 209.423 233.341 236.560 256.757 257.836 279.892 289.481 302.489 328.426 347.566 352.982 364.078 379.298 430.224 488.279 555.188 554.758 600.801 637.413 714.076 738.630 810.348 953.442 956.710 979.639 1127.804 1072.363 1148.711 1056.155 1024.150 837.767 794.233 734.644
-999.250 -999.250 334.602 345.223 349.770 331.911 335.479 353.465 350.782 354.692 360.012 351.847 360.023 370.746 382.154 412.081 428.917 416.839 422.778 404.752 -999.250 385.920 367.186 357.522 337.355 323.895 267.009 244.407 234.163 228.743 226.729 230.092 247.648 250.804 255.994 291.805 282.723 301.992 311.608 338.736 352.259 362.526 391.263 426.186 468.663 511.331 539.973 565.115 584.225 662.398 680.123 729.378 794.857 812.028 892.583 999.247 1043.445 1104.723 1049.198 1004.946 903.112 804.663 723.143 683.536
-999.250 344.360 330.645 354.244 354.130 344.553 359.681 354.262 354.740 355.741 355.644 358.801 352.101 376.803 391.308 412.251 477.802 448.139 438.888 -999.250 -999.250 417.816 401.786 367.621 357.004 334.041 304.824 285.527 266.576 258.317 252.372 252.030 278.568 299.630 285.347 295.883 309.613 329.755 337.800 352.752 356.180 373.349 419.152 455.653 483.783 519.689 553.337 577.020 581.550 663.943 700.230 728.584 786.967 753.396 847.822 925.739 873.618 898.788 991.659 869.384 794.964 731.082 649.956 580.067
-999.250 340.816 335.962 317.784 346.451 339.426 371.500 368.770 363.831 364.698 351.453 363.700 357.201 363.810 378.924 424.285 447.717 468.816 -999.250 -999.250 -999.250 -999.250 405.838 380.964 374.269 342.512 329.119 328.458 296.494 294.839 262.899 270.601 297.739 319.664 308.110 318.177 333.946 352.425 360.826 367.887 380.809 392.656 439.773 453.687 497.012 540.707 561.438 580.227 624.656 648.677 700.213 707.284 731.079 766.734 748.277 794.620 791.859 825.154 845.870 749.915 697.985 626.640 567.094 500.395
348.524 342.884 319.283 335.944 344.495 350.423 355.098 365.781 373.323 384.515 366.509 364.904 369.275 376.254 390.267 435.369 468.808 482.383 -999.250 -999.250 -999.250 -999.250 -999.250 404.699 372.444 362.593 366.401 356.850 356.551 335.990 327.738 302.930 323.925 331.281 331.631 349.425 346.441 356.059 371.038 366.298 415.405 443.033 448.476 488.140 503.109 553.304 579.371 591.719 632.913 639.544 669.682 717.869 726.535 750.716 756.036 743.501 761.584 781.942 748.210 691.392 638.698 573.683 521.209 422.643
-999.250 359.863 356.666 349.913 349.775 348.269 354.337 367.999 362.364 373.641 363.036 375.066 386.191 403.832 437.798 456.536 497.753 516.194 -999.250 -999.250 -999.250 -999.250 456.706 442.853 413.405 396.089 412.410 397.189 386.715 376.700 354.934 353.284 354.720 349.219 344.056 365.976 369.621 374.465 390.988 386.914 412.006 435.498 474.231 487.114 522.901 553.168 571.017 620.531 635.251 657.627 668.553 687.087 698.208 722.617 732.842 747.167 756.917 713.555 712.873 648.196 600.694 544.744 460.048 380.213
-999.250 338.807 342.387 353.014 359.969 351.952 350.400 365.146 358.929 355.718 356.776 379.018 393.721 422.049 463.525 497.925 508.436 511.293 -999.250 -999.250 -999.250 512.752 -999.250 470.378 461.341 450.469 446.696 448.771 455.957 416.099 390.075 374.421 370.782 370.884 367.950 367.594 372.398 377.853 364.834 385.743 427.004 460.911 481.902 517.661 512.529 543.239 569.168 620.158 638.890 651.141 659.379 652.577 693.737 728.232 714.526 702.682 725.886 677.043 641.429 601.032 571.635 501.684 441.820 352.393
-999.250 320.842 350.022 361.499 353.893 342.298 353.070 354.484 350.761 348.291 357.023 367.577 381.626 431.825 468.785 503.871 514.838 -999.250 -999.250 -999.250 -999.250 517.338 503.202 496.393 470.513 486.488 488.440 498.218 490.442 461.837 426.678 407.390 377.661 373.486 395.216 381.047 374.620 380.015 403.314 404.961 432.238 461.750 494.441 511.915 524.590 551.009 604.290 624.203 641.901 675.462 646.382 679.475 695.224 707.813 697.045 693.472 675.869 677.911 643.766 587.493 546.837 503.805 430.964 367.679
-999.250 348.506 356.542 367.496 348.303 353.192 336.722 349.124 348.718 351.861 360.956 359.623 383.786 432.604 485.965 511.660 521.209 -999.250 -999.250 -999.250 564.075 540.601 522.442 518.604 489.525 507.158 498.075 510.235 550.867 511.138 449.032 399.384 419.168 389.036 377.001 380.428 386.083 384.476 404.835 409.625 447.574 482.604 507.597 521.018 546.536 571.442 613.677 622.496 621.508 655.598 672.360 646.475 662.029 680.985 675.302 645.149 652.152 634.896 637.253 574.960 558.470 528.678 470.355 380.907
-999.250 -999.250 -999.250 362.298 -999.250 -999.250 349.351 352.242 358.237 -999.250 -999.250 -999.250 396.977 445.560 -999.250 -999.250 -999.250 -999.250 -999.250 -999.250 587.852 567.784 553.892 532.722 527.245 528.029 501.399 522.946 510.886 501.504 461.577 421.551 398.026 405.808 400.927 395.690 399.605 398.839 403.980 414.737 428.843 463.081 521.926 534.870 568.421 582.335 595.311 631.537 608.973 632.043 619.278 669.273 651.147 668.850 637.175 648.670 645.733 628.605 617.445 572.061 542.247 477.582 445.484 397.814
-999.250 -999.250 -999.250 -999.250 -999.250 -999.250 -999.250 -999.250 -999.250 -999.250 -999.250 -999.250 -999.250 468.535 518.083 549.087 -999.250 -999.250 -999.250 631.531 630.757 633.947 593.248 563.245 537.911 523.216 504.317 490.127 477.359 473.530 456.413 433.846 432.076 405.974 436.732 405.244 396.056 390.349 426.702 439.389 450.897 472.291 508.733 550.037 562.552 595.291 588.284 578.532 617.060 626.929 643.699 643.520 646.685 648.689 646.414 634.439 643.330 633.373 632.359 575.650 547.989 510.981 451.424 425.600
-999.250 -999.250 -999.250 -999.250 -999.250 -999.250 -999.250 -999.250 -999.250 -999.250 -999.250 390.684 429.977 458.532 515.252 554.310 -999.250 -999.250 610.510 662.701 673.026 675.132 632.130 562.868 539.110 496.280 461.127 463.798 444.296 440.367 444.053 420.574 403.197 418.675 418.497 400.158 409.072 415.747 429.284 435.321 446.331 471.799 489.683 519.969 539.452 558.059 571.286 563.639 593.640 600.456 609.298 630.968 617.984 610.774 626.709 651.162 651.882 631.229 619.599 574.128 560.883 528.904 478.342 486.279
-999.250 -999.250 -999.250 -999.250 -999.250 -999.250 -999.250 -999.250 -999.250 -999.250 -999.250 378.268 420.967 454.744 474.232 498.103 502.625 545.197 587.872 645.841 661.238 709.550 657.274 584.381 534.384 485.513 432.557 433.318 419.875 420.591 409.896 409.640 408.266 416.779 422.546 418.389 424.340 434.735 432.630 435.888 453.634 452.041 463.243 486.070 503.346 544.705 552.129 547.475 563.336 567.472 593.977 614.275 599.016 618.082 608.044 621.922 628.284 608.321 607.715 578.997 548.586 533.506 524.934 512.999
-999.250 -999.250 -999.250 -999.250 -999.250 -999.250 -999.250 -999.250 -999.250 -999.250 -999.250 -999.250 408.364 429.163 464.386 453.411 453.646 508.276 539.010 583.646 629.155 638.765 614.885 555.386 503.460 458.008 420.964 412.450 406.400 396.643 395.086 386.146 394.466 411.414 422.642 418.721 433.789 433.253 427.198 409.450 440.460 459.727 458.289 488.183 498.028 541.811 543.703 546.160 564.413 570.768 567.745 581.856 576.045 597.006 596.638 620.620 624.633 607.072 599.656 605.819 568.510 569.503 543.794 535.636
-999.250 -999.250 -999.250 -999.250 -999.250 -999.250 -999.250 -999.250 -999.250 -999.250 -999.250 -999.250 -999.250 407.114 410.244 431.097 450.607 480.329 521.562 550.209 578.108 594.802 570.502 529.940 483.696 436.993 406.119 406.500 392.798 403.696 406.436 382.149 405.888 405.213 412.410 420.850 415.812 424.832 418.506 432.079 447.602 456.940 468.811 481.899 491.414 510.503 526.334 539.961 561.407 555.132 571.445 584.991 583.799 596.280 575.897 601.320 612.324 627.096 614.198 610.318 613.995 584.183 569.027 558.590
-999.250 -999.250 -999.250 -999.250 -999.250 -999.250 -999.250 -999.250 -999.250 -999.250 -999.250 -999.250 -999.250 389.421 388.343 412.262 438.343 442.262 459.684 501.765 535.311 545.823 522.343 483.493 465.772 421.114 394.408 400.893 386.191 386.095 384.372 379.915 376.096 381.264 398.320 384.446 416.813 386.767 399.231 416.661 463.841 464.848 471.906 472.570 484.259 511.315 498.025 554.294 545.251 551.377 566.489 574.576 583.429 584.629 584.721 605.573 611.922 591.415 592.256 580.273 582.571 597.593 587.889 565.159
-999.250 -999.250 -999.250 -999.250 -999.250 -999.250 -999.250 -999.250 -999.250 -999.250 -999.250 -999.250 -999.250 386.285 382.343 399.446 409.870 412.050 440.588 448.431 456.050 485.900 464.182 458.241 440.624 425.679 400.800 382.069 374.150 376.375 373.734 376.946 379.537 375.941 388.289 392.755 386.675 386.879 421.471 450.906 433.547 465.064 463.930 485.826 471.171 453.309 509.373 502.840 507.383 537.395 546.171 550.287 562.745 572.025 576.172 565.433 573.881 593.457 609.178 603.955 614.962 606.379 587.731 604.592
-999.250 -999.250 -999.250 -999.250 -999.250 -999.250 -999.250 -999.250 -999.250 -999.250 -999.250 -999.250 -999.250 -999.250 375.903 381.940 390.196 380.356 401.095 399.295 434.076 446.308 438.374 430.858 414.415 398.470 384.374 388.557 385.440 384.480 379.747 372.043 380.989 376.269 386.894 387.607 384.340 417.848 413.835 435.886 434.215 452.330 477.418 441.600 448.773 440.239 429.726 477.444 501.719 522.130 502.762 530.229 543.884 551.019 552.994 546.699 570.169 607.008 602.546 613.062 621.931 582.901 575.667 607.377
-999.250 -999.250 -999.250 -999.250 -999.250 -999.250 -999.250 -999.250 -999.250 -999.250 -999.250 -999.250 -999.250 -999.250 370.820 363.421 374.135 367.953 371.939 383.153 413.570 397.861 411.324 403.993 413.864 397.209 395.129 390.583 397.825 387.569 384.676 392.199 377.822 388.801 379.462 381.065 398.545 396.553 404.159 402.058 410.924 430.437 435.172 444.045 443.986 450.516 438.449 442.010 457.679 484.992 485.437 518.484 535.912 557.940 550.946 535.823 562.964 584.109 573.555 586.997 596.961 577.107 578.783 587.385
-999.250 -999.250 -999.250 -999.250 -999.250 -999.250 -999.250 -999.250 -999.250 -999.250 -999.250 -999.250 -999.250 -999.250 363.359 355.466 363.507 366.062 371.188 372.172 392.235 389.464 395.937 393.149 391.561 381.559 387.017 395.025 378.155 388.624 383.024 379.113 372.117 364.145 367.594 385.389 385.106 393.475 393.651 428.533 421.590 404.095 452.309 430.616 415.409 455.830 458.748 446.943 476.044 456.924 472.433 486.827 480.296 520.713 526.195 536.500 569.323 542.903 562.110 559.454 577.998 586.355 569.419 600.961
-999.250 -999.250 -999.250 -999.250 -999.250 -999.250 -999.250 -999.250 -999.250 -999.250 -999.250 -999.250 -999.250 -999.250 353.375 358.890 352.601 359.281 362.762 369.800 364.644 393.348 378.234 381.173 379.133 -999.250 388.531 390.071 386.723 378.380 373.944 377.406 374.915 372.436 384.493 373.921 389.633 397.817 389.649 438.348 430.990 424.358 397.362 433.403 423.292 447.161 447.804 441.237 451.228 466.709 482.569 494.361 483.824 516.056 530.310 551.015 536.488 565.592 550.600 562.479 561.882 586.391 586.172 622.367
