data/medianmodel_05-Dec-2020.asc
ncols	141
nrows	288
xllcorner	-120191.398
yllcorner	-301404.813
cellsize	2000.000
NODATA_value	-999.250
[rows 29 to 57 of 288, columns 64 to 127 of 141]
827.084 707.951 614.640 583.129 506.350 503.755 448.768 416.981 431.247 439.962 483.229 527.738 602.009 743.686 852.938 972.039 1130.516 1316.940 1336.008 1367.707 1423.332 1468.377 1452.861 1436.982 1431.385 1385.186 1380.067 1347.710 1304.890 1295.072 1120.259 1091.522 995.787 900.390 883.358 869.992 862.161 799.845 740.425 716.669 665.851 647.191 635.076 644.789 606.425 596.209 619.554 624.132 616.858 596.808 569.315 580.927 584.780 559.626 594.538 632.881 666.104 674.017 669.290 687.304 711.756 725.409 748.960 757.973
766.486 668.593 595.841 550.438 519.431 449.550 418.414 366.505 372.732 413.113 414.753 500.161 593.283 692.978 847.623 1066.043 1190.230 1321.241 1355.580 1368.378 1399.891 1448.149 1446.386 1413.761 1384.323 1357.800 1366.658 1237.855 1237.554 1139.251 1082.285 940.969 914.622 857.903 842.580 812.302 782.810 741.649 723.222 720.360 647.087 628.332 605.926 603.294 586.921 607.771 610.184 619.825 583.560 579.181 546.031 560.221 578.254 575.715 578.383 602.744 588.910 677.059 708.997 681.716 738.016 764.573 757.230 795.426
732.513 691.881 626.328 556.125 526.647 460.655 403.716 346.744 324.796 336.284 391.762 496.053 584.610 725.293 879.730 987.685 1256.013 1298.265 1343.517 1395.842 1379.573 1387.120 1372.313 1400.871 1317.346 1307.725 1263.645 1246.846 1213.217 1142.798 981.122 900.730 867.426 821.246 774.067 715.951 733.243 775.426 700.652 650.605 614.070 596.847 587.151 616.713 614.109 563.770 580.293 613.428 612.090 593.507 566.181 541.858 572.283 591.266 590.822 630.107 613.888 643.588 680.549 716.403 723.072 707.373 733.840 763.387
744.841 675.137 594.349 539.839 490.305 468.695 402.429 328.992 299.767 274.948 352.390 454.329 590.585 801.453 914.312 1154.012 1294.435 1303.399 1370.147 1373.233 1376.373 1349.925 1354.495 1326.981 1287.120 1267.820 1231.788 1177.247 1103.612 1018.128 907.895 833.369 814.635 767.842 699.031 666.630 628.958 643.536 633.628 617.609 618.334 600.423 585.327 617.915 590.012 604.798 607.898 594.615 598.942 576.814 564.785 541.594 539.667 557.526 571.896 596.558 593.845 642.615 650.010 663.956 680.638 657.086 701.119 721.302
694.309 613.492 591.185 553.071 510.764 474.670 405.203 304.755 214.441 197.871 272.578 447.297 603.580 763.456 965.176 1209.706 1322.751 1341.897 1389.726 1403.053 1399.465 1361.004 1326.320 1295.534 1300.320 1254.964 1221.636 1154.090 949.633 877.964 858.860 796.957 781.111 684.669 639.389 603.775 580.723 581.227 582.545 569.714 615.443 579.925 608.224 593.620 599.339 608.618 588.196 592.068 581.745 588.769 527.321 575.643 543.881 557.635 561.826 581.476 600.486 627.707 645.571 653.265 628.918 621.417 656.260 657.807
652.675 641.730 600.097 592.117 549.295 515.763 434.484 333.813 229.172 116.356 267.170 454.840 668.235 799.727 985.874 1223.202 1336.248 1391.292 1407.206 1398.523 1330.560 1322.488 1289.628 1240.824 1236.395 1177.255 1131.874 959.041 847.487 784.626 773.675 744.031 678.471 651.084 581.486 559.221 552.047 569.545 563.616 554.661 567.429 598.424 576.840 581.530 588.638 586.505 593.523 566.442 578.855 555.100 524.335 559.667 533.162 524.281 543.250 573.464 568.432 584.103 603.750 619.448 620.141 617.333 655.736 671.262
696.443 676.738 677.615 647.110 592.251 579.565 513.468 443.002 338.766 306.629 381.920 495.285 615.338 794.331 998.634 1212.504 1347.313 1387.844 1371.890 1364.802 1335.052 1296.381 1158.113 1127.416 992.078 991.234 990.145 889.802 797.722 721.056 712.693 692.119 631.475 603.364 544.267 526.683 514.156 511.483 512.089 536.892 525.686 532.672 555.967 560.669 579.757 568.805 560.947 570.532 571.495 521.135 537.091 547.817 528.138 542.326 509.039 521.919 543.428 550.178 595.158 558.315 600.846 602.235 603.359 632.267
736.029 778.903 789.216 775.073 747.819 725.258 632.353 547.204 488.155 458.636 494.051 572.891 659.894 798.661 995.792 1235.063 1259.578 1326.527 1347.461 1363.568 1341.003 1228.396 1137.626 1039.289 935.660 879.221 851.431 797.059 765.730 715.181 679.159 596.408 586.567 537.775 507.908 441.298 473.901 479.797 473.108 500.945 523.507 540.024 547.683 562.065 587.219 575.620 570.426 563.311 549.194 522.125 528.735 531.791 537.880 515.952 490.892 519.965 520.167 569.132 545.918 533.075 554.379 570.633 645.146 661.474
832.313 875.281 919.797 984.958 901.234 844.787 794.054 710.328 624.349 638.172 605.974 662.535 733.917 794.198 892.892 1017.927 1166.731 1186.139 1276.559 1278.566 1209.206 1177.299 982.166 862.559 868.969 881.177 796.966 758.702 702.462 644.872 582.355 562.298 536.200 503.534 461.566 436.846 426.358 443.490 459.073 479.851 525.138 528.568 546.783 550.068 561.353 564.336 571.040 560.276 554.080 549.549 550.808 492.391 507.543 508.437 486.979 493.441 517.798 509.480 511.450 531.103 525.497 545.275 575.385 570.710
840.933 937.238 1185.355 1238.603 1188.609 1015.027 1012.037 858.752 781.406 735.228 706.392 715.512 776.625 810.979 887.295 1074.940 1060.216 1134.753 1214.922 1139.030 1107.732 1005.672 904.868 819.468 763.513 755.412 719.095 679.438 599.737 556.797 563.539 516.874 487.292 471.072 429.743 398.836 381.443 399.964 433.097 481.262 506.411 532.683 543.106 551.692 572.414 555.203 601.366 593.246 572.394 543.374 527.257 526.386 504.306 474.786 504.074 463.543 493.317 502.342 487.449 517.253 522.231 531.582 546.672 566.871
884.176 1088.517 1328.033 1410.572 1412.326 1364.309 1273.021 1020.169 939.154 865.654 784.952 769.334 746.951 787.719 841.489 926.972 939.235 1006.590 1067.194 1040.609 903.690 904.508 852.392 713.852 666.169 622.532 577.352 581.339 533.248 526.758 504.849 480.604 447.173 413.696 394.022 373.316 363.538 359.092 412.201 454.181 520.217 545.075 547.155 574.616 602.455 604.025 605.204 581.035 581.596 580.403 538.658 536.715 502.194 486.643 462.901 454.265 462.973 463.880 469.172 475.807 482.923 447.081 487.651 560.970
908.095 1288.320 1521.466 1659.833 1644.512 1589.908 1419.819 1255.800 1010.782 872.907 844.615 816.688 776.491 769.730 815.119 794.701 876.755 879.035 889.695 860.599 819.021 779.438 688.474 644.749 567.454 528.795 532.841 503.662 495.141 496.978 437.085 392.617 378.259 364.485 359.387 342.801 341.733 352.646 368.101 436.834 488.698 537.660 565.475 603.967 640.877 663.949 614.881 575.116 592.306 596.870 572.061 523.222 492.433 456.166 417.959 464.413 408.753 423.473 437.000 440.018 438.149 449.927 455.045 526.325
1073.092 1362.220 1659.653 2015.549 1831.803 1644.157 1509.683 1369.731 1130.408 971.803 884.000 799.174 730.723 744.869 721.108 769.717 750.158 758.702 825.683 772.580 721.875 681.155 620.879 564.769 533.058 502.471 493.577 478.435 432.452 417.050 399.403 370.386 339.148 320.397 319.186 315.440 312.011 315.375 344.114 401.069 458.743 521.535 545.271 595.283 649.774 641.070 601.585 635.525 614.969 562.268 559.170 522.844 498.634 459.489 427.893 393.971 391.319 392.416 399.878 387.413 413.726 432.675 437.558 475.622
1176.885 1429.510 1696.387 1855.848 1838.828 1670.182 1526.355 1395.863 1235.031 1032.528 886.312 832.007 698.967 655.889 666.260 725.405 679.327 655.525 630.290 668.498 647.467 577.925 562.823 514.628 474.022 469.473 434.726 412.445 370.825 337.482 354.989 334.532 310.632 284.598 269.841 276.200 269.791 295.593 327.135 367.809 464.343 507.353 567.307 587.604 623.566 624.336 620.149 628.419 584.329 583.775 572.385 532.859 475.059 449.859 421.900 381.647 357.591 378.777 343.114 362.675 364.057 401.712 431.266 441.942
1209.199 1370.979 1562.981 1639.390 1689.618 1616.172 1579.496 1372.893 1259.964 977.846 902.951 789.884 692.712 611.002 614.713 624.757 605.410 603.992 565.424 601.136 552.869 535.282 514.890 475.428 443.583 417.137 384.544 356.376 343.684 312.448 308.241 289.142 256.209 240.601 231.804 218.459 245.653 260.044 290.722 339.785 445.585 518.158 548.342 614.463 639.834 681.319 653.173 623.740 629.009 576.863 554.228 527.900 482.992 457.449 391.272 342.998 321.598 302.221 316.916 348.953 351.502 360.221 390.885 442.867
1217.875 1289.314 1501.173 1549.292 1568.797 1549.741 1405.860 1317.583 1124.026 954.159 866.101 731.717 654.286 578.794 563.278 551.679 542.186 536.115 526.129 531.708 521.194 471.890 501.672 451.951 415.270 388.260 386.840 325.969 315.739 282.908 256.973 246.527 204.529 201.284 199.815 198.160 199.944 232.316 262.647 337.343 421.511 504.217 556.786 624.204 638.878 661.814 670.285 627.074 591.239 557.473 539.309 529.554 521.256 461.096 399.943 317.292 283.435 269.902 307.412 343.801 379.867 400.544 423.921 447.788
1081.890 1254.019 1335.231 1413.655 1397.705 1388.150 1335.204 1241.673 1007.717 870.841 713.077 658.748 599.505 551.222 524.017 503.995 501.417 490.909 464.659 459.162 457.811 414.964 412.617 415.039 405.934 396.279 363.494 299.234 281.658 234.593 212.237 185.136 184.859 156.250 164.328 163.424 177.670 206.520 256.175 311.944 399.668 505.557 538.106 594.133 647.783 647.616 641.328 659.408 631.264 568.338 561.307 546.015 521.168 481.930 407.769 326.003 238.322 266.456 330.788 353.650 401.154 415.704 435.472 439.998
1068.014 1110.501 1162.978 1262.587 1262.228 1290.400 1212.840 1086.988 932.594 786.280 690.969 621.585 538.409 503.815 481.255 470.272 462.119 432.578 426.869 411.846 385.988 364.587 391.221 385.879 378.802 353.819 323.022 283.691 229.739 206.268 182.971 151.605 147.163 145.593 134.918 130.506 132.242 155.473 227.297 328.857 396.416 494.666 557.287 581.635 640.284 643.715 685.753 694.153 676.329 602.406 595.486 599.961 564.061 524.395 460.710 405.290 350.239 334.798 366.380 395.372 415.602 420.361 466.505 470.712
988.209 1122.904 1193.363 1083.738 1099.819 1038.829 1025.340 881.570 825.128 762.387 669.142 617.699 531.492 491.915 455.085 449.457 415.236 410.530 345.654 325.627 323.183 320.856 333.975 338.366 348.235 313.279 288.340 262.906 210.487 186.687 146.165 140.701 121.940 120.066 126.772 122.289 122.086 115.817 230.057 343.750 439.738 524.804 561.031 589.050 668.551 693.069 692.704 754.615 660.376 676.078 619.122 617.109 564.865 565.121 529.496 477.267 449.085 431.017 457.466 461.327 456.419 472.340 495.906 488.051
923.092 991.137 1034.478 956.706 948.152 866.499 833.552 783.581 763.211 687.242 637.438 554.877 519.103 463.992 459.448 445.902 363.077 328.636 298.252 247.582 252.930 263.288 303.308 293.253 290.879 283.249 264.197 228.477 190.447 157.685 136.427 106.477 99.614 115.321 116.948 130.658 146.007 187.284 256.911 377.912 453.209 537.095 575.183 638.300 678.972 704.616 721.627 762.486 754.466 692.398 676.634 690.883 649.504 602.158 574.789 530.610 502.122 493.220 505.679 481.089 488.242 493.496 505.130 515.049
913.871 903.686 935.915 900.101 817.050 801.623 759.846 756.476 654.155 607.617 589.980 559.727 498.757 460.715 448.460 401.904 369.150 297.007 249.460 168.976 200.932 234.454 266.744 264.465 256.298 253.770 246.924 215.118 194.074 142.034 115.314 70.597 95.618 118.351 132.561 180.438 192.353 241.763 327.130 418.494 496.455 546.841 575.889 674.410 695.956 787.705 794.150 845.771 837.457 779.460 790.977 747.805 714.447 678.517 670.410 593.909 607.108 570.445 511.282 -999.250 557.049 538.169 -999.250 -999.250
913.648 893.982 910.031 880.387 767.310 703.989 640.370 647.145 560.890 564.374 528.915 498.403 483.076 464.276 459.826 407.474 353.623 300.665 229.194 192.462 189.302 204.299 227.972 241.174 235.231 232.537 227.739 207.212 185.883 149.186 119.674 116.236 119.009 137.402 179.423 204.758 236.524 276.827 366.930 462.934 536.035 600.847 649.024 698.027 790.849 826.915 866.317 858.962 849.501 826.183 866.711 789.839 827.805 788.090 747.963 688.714 648.323 -999.250 -999.250 -999.250 -999.250 -999.250 -999.250 -999.250
1022.917 932.768 898.165 883.197 750.166 672.408 565.489 528.793 492.045 526.860 535.295 525.901 498.252 500.892 493.014 449.539 405.979 332.557 237.681 200.740 193.348 192.548 207.867 226.658 220.589 221.022 209.372 204.643 174.458 156.552 144.434 138.302 151.155 170.806 211.871 246.645 324.649 354.226 433.330 513.969 592.039 663.740 694.469 735.700 792.820 795.592 860.818 913.926 965.491 963.262 905.269 895.237 872.396 864.398 798.264 802.554 -999.250 -999.250 -999.250 -999.250 -999.250 -999.250 -999.250 -999.250
1003.356 921.761 861.318 804.823 714.774 566.122 495.373 459.893 434.053 446.013 515.230 504.534 514.126 532.035 538.899 485.927 444.636 350.669 256.408 209.887 196.031 181.147 182.217 203.237 217.582 211.479 209.077 204.311 199.209 178.567 163.202 155.722 172.602 199.721 224.239 263.681 330.032 424.747 504.800 570.358 646.918 706.704 711.612 803.588 843.033 837.884 930.717 970.736 984.095 1053.390 1005.683 1015.506 980.596 919.266 899.330 887.799 -999.250 -999.250 -999.250 -999.250 -999.250 -999.250 -999.250 -999.250
979.357 914.400 869.373 774.739 696.056 525.360 391.598 352.078 364.733 371.707 291.638 471.638 546.456 596.823 586.779 565.544 511.840 432.153 297.212 205.569 169.050 162.204 168.905 199.750 219.531 228.851 217.203 216.527 209.680 201.376 190.112 174.407 196.786 234.428 242.695 288.479 357.323 449.075 518.853 604.001 714.750 751.447 808.477 856.789 859.139 892.954 950.765 951.026 981.627 1052.036 1121.372 1152.945 1034.599 1047.076 993.492 -999.250 -999.250 -999.250 -999.250 -999.250 -999.250 -999.250 -999.250 -999.250
962.724 1003.218 923.105 809.714 637.535 470.086 277.498 338.957 391.279 438.413 471.473 549.043 639.839 704.466 739.269 724.758 643.207 511.394 339.919 198.046 143.765 144.764 164.541 196.624 216.563 232.648 232.650 222.736 226.127 208.832 197.267 207.412 218.865 239.480 267.404 324.628 366.674 476.836 546.407 603.019 700.336 734.737 837.460 913.403 905.010 985.820 1072.063 1164.478 1080.649 1150.497 1229.779 1256.805 1188.010 1098.565 -999.250 -999.250 -999.250 -999.250 -999.250 -999.250 -999.250 -999.250 -999.250 -999.250
942.379 992.808 992.106 809.554 637.812 501.437 439.016 449.489 497.113 545.979 624.513 727.411 755.514 900.712 919.771 902.859 750.442 538.842 339.106 163.799 111.297 129.075 154.547 187.157 215.808 252.632 239.991 233.719 222.823 206.927 203.010 204.486 236.378 266.842 284.523 320.466 363.938 434.619 523.932 612.830 690.888 730.247 814.136 876.655 924.596 988.686 1059.389 1187.014 1209.066 1272.884 1279.423 1270.738 1200.668 1162.641 -999.250 -999.250 -999.250 -999.250 -999.250 -999.250 -999.250 -999.250 -999.250 -999.250
893.298 883.647 825.909 725.780 605.097 527.866 512.103 558.822 639.794 730.693 795.749 852.305 961.126 1151.327 1195.207 1090.608 893.467 610.669 346.889 82.877 87.990 127.382 152.722 173.617 211.147 228.773 245.100 236.523 227.960 213.249 219.761 230.328 243.248 273.200 292.829 308.548 359.519 413.331 512.257 565.889 653.515 719.906 819.752 874.344 959.617 1128.812 1222.886 1213.958 1216.036 1294.913 1324.995 1352.291 1290.691 -999.250 -999.250 -999.250 -999.250 -999.250 -999.250 -999.250 -999.250 -999.250 -999.250 -999.250
779.187 805.717 753.439 677.842 542.567 553.559 574.935 632.974 749.190 899.779 877.984 895.198 1041.708 1186.676 1312.457 1386.722 999.100 686.584 421.880 218.181 150.428 133.576 152.867 186.753 206.414 226.069 239.356 238.861 216.953 229.706 221.832 242.620 252.435 275.180 291.572 318.845 343.919 369.060 488.147 566.421 629.729 701.350 748.755 869.433 948.248 1038.698 1150.839 1183.979 1231.706 1290.132 1350.126 1364.463 1372.244 -999.250 -999.250 -999.250 -999.250 -999.250 -999.250 -999.250 -999.250 -999.250 -999.250 -999.250
