data/medianmodel_23-Apr-2020.asc
ncols	141
nrows	288
xllcorner	-120191.398
yllcorner	-301404.813
cellsize	2000.000
NODATA_value	-999.250
[rows 150 to 179 of 288, columns 68 to 135 of 141]
7.802 6.164 8.787 10.252 13.041 15.129 13.988 15.040 17.477 18.109 17.757 17.540 16.987 14.410 17.425 14.289 13.306 10.942 11.333 9.339 9.138 6.926 5.666 6.210 4.987 3.194 6.939 -999.250 -999.250 -999.250 -999.250 -999.250 -999.250 -999.250 -999.250 -999.250 -999.250 -999.250 -999.250 -999.250 -999.250 -999.250 -999.250 -999.250 -999.250 -999.250 -999.250 -999.250 -999.250 -999.250 -999.250 -999.250 -999.250 -999.250 -999.250 -999.250 -999.250 -999.250 -999.250 -999.250 -999.250 -999.250 -999.250 -999.250 -999.250 -999.250 -999.250 -999.250
9.738 9.816 11.561 11.462 13.165 16.369 16.245 14.532 15.989 15.269 17.200 17.043 15.545 17.204 15.947 13.384 10.139 10.585 12.231 10.526 9.084 7.275 5.841 5.818 5.923 6.046 5.491 -999.250 -999.250 -999.250 -999.250 -999.250 -999.250 -999.250 -999.250 -999.250 -999.250 -999.250 -999.250 -999.250 -999.250 -999.250 -999.250 -999.250 -999.250 -999.250 -999.250 -999.250 -999.250 -999.250 -999.250 -999.250 -999.250 -999.250 -999.250 -999.250 -999.250 -999.250 -999.250 -999.250 -999.250 -999.250 -999.250 -999.250 -999.250 -999.250 -999.250 -999.250
10.270 10.701 13.247 14.133 13.933 16.288 16.616 16.515 15.233 14.136 14.046 13.237 15.946 15.925 13.730 13.922 13.992 11.769 9.707 11.775 9.131 7.509 4.404 3.755 3.333 4.592 5.417 -999.250 -999.250 -999.250 -999.250 -999.250 -999.250 -999.250 -999.250 -999.250 -999.250 -999.250 -999.250 -999.250 -999.250 -999.250 -999.250 -999.250 -999.250 -999.250 -999.250 -999.250 -999.250 -999.250 -999.250 -999.250 -999.250 -999.250 -999.250 -999.250 -999.250 -999.250 -999.250 -999.250 -999.250 -999.250 -999.250 -999.250 -999.250 -999.250 -999.250 -999.250
10.644 12.042 12.749 11.340 12.695 14.712 15.017 13.461 15.535 14.693 13.493 12.604 11.927 14.888 14.557 12.711 13.739 10.274 11.215 12.454 11.908 8.530 7.337 4.235 1.443 3.051 4.828 -999.250 -999.250 -999.250 -999.250 -999.250 -999.250 -999.250 -999.250 -999.250 -999.250 -999.250 -999.250 -999.250 -999.250 -999.250 -999.250 -999.250 -999.250 -999.250 -999.250 -999.250 -999.250 -999.250 -999.250 -999.250 -999.250 -999.250 -999.250 -999.250 -999.250 -999.250 -999.250 -999.250 -999.250 -999.250 -999.250 -999.250 -999.250 -999.250 -999.250 -999.250
11.291 12.768 13.291 13.285 12.155 12.164 12.311 13.427 12.568 12.359 13.077 10.150 13.669 13.555 11.914 12.782 8.957 10.160 10.853 10.796 13.777 12.276 6.839 3.934 0.000 3.412 3.358 -999.250 -999.250 -999.250 -999.250 -999.250 -999.250 -999.250 -999.250 -999.250 -999.250 -999.250 -999.250 -999.250 -999.250 -999.250 -999.250 -999.250 -999.250 -999.250 -999.250 -999.250 -999.250 -999.250 -999.250 -999.250 -999.250 -999.250 -999.250 -999.250 -999.250 -999.250 -999.250 -999.250 -999.250 -999.250 -999.250 -999.250 -999.250 -999.250 -999.250 -999.250
11.686 12.005 11.828 14.506 13.811 14.504 12.772 13.278 13.753 14.283 14.868 14.365 10.755 13.715 11.604 12.907 11.419 9.855 9.759 12.394 12.831 12.895 13.073 8.835 4.543 4.800 6.142 -999.250 -999.250 -999.250 -999.250 -999.250 -999.250 -999.250 -999.250 -999.250 -999.250 -999.250 -999.250 -999.250 -999.250 -999.250 -999.250 -999.250 -999.250 -999.250 -999.250 -999.250 -999.250 -999.250 -999.250 -999.250 -999.250 -999.250 -999.250 -999.250 -999.250 -999.250 -999.250 -999.250 -999.250 -999.250 -999.250 -999.250 -999.250 -999.250 -999.250 -999.250
11.337 11.510 12.141 14.005 13.190 11.210 13.023 15.164 13.850 9.536 12.483 12.431 9.349 11.192 9.651 10.868 10.051 7.809 11.470 10.347 13.852 13.677 13.622 12.689 9.723 6.798 8.493 11.403 -999.250 -999.250 -999.250 -999.250 -999.250 -999.250 -999.250 -999.250 -999.250 -999.250 -999.250 -999.250 -999.250 -999.250 -999.250 -999.250 -999.250 -999.250 -999.250 -999.250 -999.250 -999.250 -999.250 -999.250 -999.250 -999.250 -999.250 -999.250 -999.250 -999.250 -999.250 -999.250 -999.250 -999.250 -999.250 -999.250 -999.250 -999.250 -999.250 -999.250
10.924 10.830 11.272 12.502 11.042 13.556 13.768 13.892 15.320 11.438 12.304 11.427 10.093 7.951 4.462 4.428 4.781 8.410 9.367 11.330 13.791 15.894 13.944 13.496 12.512 11.207 9.973 11.139 8.496 -999.250 -999.250 -999.250 -999.250 -999.250 -999.250 -999.250 -999.250 -999.250 -999.250 -999.250 -999.250 -999.250 -999.250 -999.250 -999.250 -999.250 -999.250 -999.250 -999.250 -999.250 -999.250 -999.250 -999.250 -999.250 -999.250 -999.250 -999.250 -999.250 -999.250 -999.250 -999.250 -999.250 -999.250 -999.250 -999.250 -999.250 -999.250 -999.250
7.463 10.023 11.164 10.330 9.183 12.710 13.582 12.255 14.070 14.140 12.662 11.007 9.211 6.912 4.049 0.000 2.738 7.618 11.319 13.084 15.982 15.633 13.531 12.692 12.911 12.058 12.905 11.758 9.623 7.370 -999.250 -999.250 -999.250 -999.250 -999.250 -999.250 -999.250 -999.250 -999.250 -999.250 -999.250 -999.250 -999.250 -999.250 -999.250 -999.250 -999.250 -999.250 -999.250 -999.250 -999.250 -999.250 -999.250 -999.250 -999.250 -999.250 -999.250 -999.250 -999.250 -999.250 -999.250 -999.250 -999.250 -999.250 -999.250 -999.250 -999.250 -999.250
8.658 9.365 9.869 11.861 8.839 11.801 11.538 12.259 13.157 10.733 10.355 7.033 7.041 8.264 6.589 3.686 5.666 10.713 12.736 13.438 14.817 15.438 14.391 12.761 12.997 13.052 12.049 13.650 12.732 11.318 -999.250 -999.250 -999.250 -999.250 -999.250 -999.250 -999.250 -999.250 -999.250 -999.250 -999.250 -999.250 -999.250 -999.250 -999.250 -999.250 -999.250 -999.250 -999.250 -999.250 -999.250 -999.250 -999.250 -999.250 -999.250 -999.250 -999.250 -999.250 -999.250 -999.250 -999.250 -999.250 -999.250 -999.250 -999.250 -999.250 -999.250 -999.250
5.777 5.621 9.019 9.961 11.424 12.078 13.056 11.168 10.285 10.568 10.196 7.269 5.860 6.490 5.235 7.876 9.805 10.960 14.025 14.748 16.250 16.140 16.382 13.375 10.184 13.575 13.586 13.041 12.564 14.860 -999.250 -999.250 -999.250 -999.250 -999.250 -999.250 -999.250 -999.250 -999.250 -999.250 -999.250 -999.250 -999.250 -999.250 -999.250 -999.250 -999.250 -999.250 -999.250 -999.250 -999.250 -999.250 -999.250 -999.250 -999.250 -999.250 -999.250 -999.250 -999.250 -999.250 -999.250 -999.250 -999.250 -999.250 -999.250 -999.250 -999.250 -999.250
7.391 9.716 12.629 13.430 12.155 10.223 12.791 9.294 12.281 11.714 10.262 7.900 6.539 6.992 6.736 6.655 11.183 12.065 12.343 14.771 16.518 16.634 14.298 12.246 11.108 12.660 15.507 15.035 12.193 12.330 -999.250 -999.250 -999.250 -999.250 -999.250 -999.250 -999.250 -999.250 -999.250 -999.250 -999.250 -999.250 -999.250 -999.250 -999.250 -999.250 -999.250 -999.250 -999.250 -999.250 -999.250 -999.250 -999.250 -999.250 -999.250 -999.250 -999.250 -999.250 -999.250 -999.250 -999.250 -999.250 -999.250 -999.250 -999.250 -999.250 -999.250 -999.250
11.539 13.924 12.571 12.524 11.766 12.759 9.724 11.706 12.030 9.506 8.642 8.052 5.105 1.877 6.595 6.735 10.381 9.134 12.426 12.276 13.493 10.695 11.593 13.935 12.705 12.719 12.480 13.063 14.291 13.544 -999.250 -999.250 -999.250 -999.250 -999.250 -999.250 -999.250 -999.250 -999.250 -999.250 -999.250 -999.250 -999.250 -999.250 -999.250 -999.250 -999.250 -999.250 -999.250 -999.250 -999.250 -999.250 -999.250 -999.250 -999.250 -999.250 -999.250 -999.250 -999.250 -999.250 -999.250 -999.250 -999.250 -999.250 -999.250 -999.250 -999.250 -999.250
10.670 11.305 10.703 8.378 13.949 10.982 10.946 9.848 11.053 8.750 7.473 5.049 2.367 0.000 5.420 10.357 9.710 7.167 12.248 13.407 12.318 12.732 11.370 11.142 11.200 11.688 12.679 12.206 13.114 13.923 11.813 -999.250 -999.250 -999.250 -999.250 -999.250 -999.250 -999.250 -999.250 -999.250 -999.250 -999.250 -999.250 -999.250 -999.250 -999.250 -999.250 -999.250 -999.250 -999.250 -999.250 -999.250 -999.250 -999.250 -999.250 -999.250 -999.250 -999.250 -999.250 -999.250 -999.250 -999.250 -999.250 -999.250 -999.250 -999.250 -999.250 -999.250
13.153 11.331 11.815 11.991 14.706 8.700 10.824 10.864 9.586 8.803 5.515 4.674 3.958 3.630 6.147 10.476 10.406 10.765 10.823 10.599 11.751 10.767 12.893 12.615 11.221 9.871 11.464 10.320 9.716 10.612 10.708 10.258 -999.250 -999.250 -999.250 -999.250 -999.250 -999.250 -999.250 -999.250 -999.250 -999.250 -999.250 -999.250 -999.250 -999.250 -999.250 -999.250 -999.250 -999.250 -999.250 -999.250 -999.250 -999.250 -999.250 -999.250 -999.250 -999.250 -999.250 -999.250 -999.250 -999.250 -999.250 -999.250 -999.250 -999.250 -999.250 -999.250
12.161 13.237 10.896 11.385 11.002 11.608 10.124 8.524 9.723 9.259 7.785 5.442 7.509 3.197 6.826 8.120 8.200 10.190 10.761 10.272 8.869 10.874 8.901 12.168 9.660 9.834 8.633 8.099 9.520 9.609 10.592 11.368 10.506 14.890 18.933 -999.250 -999.250 -999.250 -999.250 -999.250 -999.250 -999.250 -999.250 -999.250 -999.250 -999.250 -999.250 -999.250 -999.250 -999.250 -999.250 -999.250 -999.250 -999.250 -999.250 -999.250 -999.250 -999.250 -999.250 -999.250 -999.250 -999.250 -999.250 -999.250 -999.250 -999.250 -999.250 -999.250
13.317 9.867 10.700 9.914 7.561 9.186 9.070 7.833 9.966 10.885 9.994 11.151 8.379 5.952 7.462 5.427 7.255 8.696 8.543 11.963 7.889 12.703 12.146 11.378 6.209 6.814 6.052 10.101 8.545 5.760 6.799 11.044 11.132 14.962 19.428 -999.250 -999.250 -999.250 -999.250 -999.250 -999.250 -999.250 -999.250 -999.250 -999.250 -999.250 -999.250 -999.250 -999.250 -999.250 -999.250 -999.250 -999.250 -999.250 -999.250 -999.250 -999.250 -999.250 -999.250 -999.250 -999.250 -999.250 -999.250 -999.250 -999.250 -999.250 -999.250 -999.250
10.512 10.979 10.203 10.572 11.268 9.458 7.659 11.581 9.486 11.189 7.470 7.871 7.577 7.728 7.734 7.609 10.188 9.873 7.895 9.087 7.390 9.482 12.819 10.266 8.943 5.619 7.505 6.782 7.067 8.332 6.125 10.369 14.551 17.109 -999.250 -999.250 -999.250 -999.250 -999.250 -999.250 -999.250 -999.250 -999.250 -999.250 -999.250 -999.250 -999.250 -999.250 -999.250 -999.250 -999.250 -999.250 -999.250 -999.250 -999.250 -999.250 -999.250 -999.250 -999.250 -999.250 -999.250 -999.250 -999.250 -999.250 -999.250 -999.250 -999.250 -999.250
12.589 9.212 8.466 6.744 9.625 7.993 6.990 9.534 10.525 8.599 6.547 7.377 3.528 3.805 7.085 8.414 9.308 11.894 9.360 7.758 10.352 9.699 11.237 9.176 6.971 7.673 7.350 5.080 4.683 4.686 5.196 9.004 15.945 17.555 -999.250 -999.250 -999.250 31.768 35.777 36.157 -999.250 -999.250 -999.250 -999.250 -999.250 -999.250 -999.250 -999.250 -999.250 -999.250 -999.250 -999.250 -999.250 -999.250 -999.250 -999.250 -999.250 -999.250 -999.250 -999.250 -999.250 -999.250 -999.250 -999.250 -999.250 -999.250 -999.250 -999.250
11.867 6.306 3.557 5.405 7.069 9.147 7.769 9.924 8.887 9.037 6.483 2.325 1.918 4.915 5.889 6.377 8.913 12.150 7.828 6.399 9.961 9.050 7.637 9.216 7.885 6.342 8.660 5.858 3.654 2.721 0.000 7.541 14.682 19.950 27.167 31.652 33.731 41.460 44.401 43.225 40.025 -999.250 -999.250 -999.250 -999.250 -999.250 -999.250 -999.250 -999.250 -999.250 -999.250 -999.250 -999.250 -999.250 -999.250 -999.250 -999.250 -999.250 -999.250 -999.250 -999.250 -999.250 -999.250 -999.250 -999.250 -999.250 -999.250 -999.250
8.059 3.882 0.000 3.998 9.898 10.029 9.070 8.815 8.648 6.651 4.928 3.401 0.000 2.665 6.335 8.276 8.465 8.311 7.409 8.444 9.610 7.654 7.567 8.190 7.170 7.476 5.210 6.425 3.617 4.996 4.283 9.361 15.689 19.554 25.281 29.278 37.924 43.449 46.734 50.800 43.410 39.514 -999.250 -999.250 -999.250 -999.250 -999.250 -999.250 -999.250 -999.250 -999.250 -999.250 -999.250 -999.250 -999.250 -999.250 -999.250 -999.250 -999.250 -999.250 -999.250 -999.250 -999.250 -999.250 -999.250 -999.250 -999.250 -999.250
9.573 5.019 4.246 6.406 11.102 9.523 9.301 8.693 8.541 6.890 4.887 3.917 3.406 4.980 6.964 6.745 5.777 7.931 7.434 7.806 8.102 7.738 4.625 2.977 5.723 8.099 7.621 5.711 6.525 6.227 11.008 14.620 15.927 22.290 26.487 34.598 40.022 42.813 44.276 46.130 47.289 43.382 -999.250 -999.250 -999.250 -999.250 -999.250 -999.250 -999.250 -999.250 -999.250 -999.250 -999.250 -999.250 -999.250 -999.250 -999.250 -999.250 -999.250 -999.250 -999.250 -999.250 -999.250 -999.250 -999.250 -999.250 -999.250 -999.250
10.433 9.287 6.181 8.986 9.891 9.941 11.271 8.159 7.318 5.791 7.922 4.519 6.041 5.840 8.393 8.031 8.458 10.593 11.192 7.137 6.848 6.551 4.081 0.000 2.186 5.693 7.836 10.689 10.994 10.568 14.841 17.306 21.439 21.856 26.451 33.406 37.581 42.631 48.787 46.418 45.409 45.896 -999.250 -999.250 -999.250 -999.250 -999.250 -999.250 -999.250 -999.250 -999.250 -999.250 -999.250 -999.250 -999.250 -999.250 -999.250 -999.250 -999.250 -999.250 -999.250 -999.250 -999.250 -999.250 -999.250 -999.250 -999.250 -999.250
8.261 8.745 10.287 12.430 10.240 12.125 10.071 9.794 8.549 5.445 5.932 5.973 4.135 8.447 7.791 5.938 7.232 9.110 13.668 10.852 6.630 7.937 5.450 3.986 5.808 7.611 9.413 12.495 13.677 13.507 18.379 19.697 20.561 23.126 25.707 38.417 36.334 43.885 43.954 46.954 49.694 46.199 39.738 -999.250 -999.250 -999.250 -999.250 -999.250 -999.250 -999.250 -999.250 -999.250 -999.250 -999.250 -999.250 -999.250 -999.250 -999.250 -999.250 -999.250 -999.250 -999.250 -999.250 -999.250 -999.250 -999.250 -999.250 -999.250
10.977 13.768 12.434 12.439 11.091 12.736 12.128 12.249 8.608 6.733 3.817 2.986 4.118 6.491 6.907 7.213 7.840 9.626 10.865 9.535 8.056 6.800 7.241 8.788 8.599 11.627 12.179 13.192 15.331 17.656 20.020 20.717 22.937 21.957 29.864 32.078 39.783 45.395 37.700 44.355 44.820 46.749 -999.250 -999.250 -999.250 -999.250 -999.250 -999.250 -999.250 -999.250 -999.250 -999.250 -999.250 -999.250 -999.250 -999.250 -999.250 -999.250 -999.250 -999.250 -999.250 -999.250 -999.250 -999.250 -999.250 -999.250 -999.250 -999.250
11.578 12.296 12.383 13.421 11.822 11.529 12.367 9.706 9.159 6.767 2.046 1.477 2.996 7.111 7.955 3.833 6.778 7.930 7.910 8.331 8.775 8.592 6.655 8.658 10.876 13.480 12.259 13.427 16.670 18.683 20.878 22.833 27.345 26.405 28.348 35.507 42.037 39.248 44.079 38.530 41.078 -999.250 -999.250 -999.250 -999.250 -999.250 -999.250 -999.250 -999.250 -999.250 -999.250 -999.250 -999.250 -999.250 -999.250 -999.250 -999.250 -999.250 -999.250 -999.250 -999.250 -999.250 -999.250 -999.250 -999.250 -999.250 -999.250 -999.250
10.431 10.727 13.253 13.695 15.146 11.928 11.664 9.890 7.723 6.854 3.384 0.000 1.763 6.746 6.534 4.034 6.833 6.965 8.147 10.467 8.994 7.304 10.868 10.410 12.265 14.230 13.567 15.762 22.450 21.244 21.160 23.750 24.767 23.257 28.011 34.110 39.705 38.520 39.910 41.170 35.025 -999.250 -999.250 -999.250 -999.250 -999.250 -999.250 -999.250 -999.250 -999.250 -999.250 -999.250 -999.250 -999.250 -999.250 -999.250 -999.250 -999.250 -999.250 -999.250 -999.250 -999.250 -999.250 -999.250 -999.250 -999.250 -999.250 -999.250
11.169 12.887 12.412 12.239 13.595 13.078 12.895 11.567 8.797 5.660 6.645 4.743 5.476 4.202 5.650 5.794 7.767 6.692 6.331 8.805 10.707 10.316 13.117 10.974 12.923 13.369 16.507 16.577 22.884 19.913 22.195 27.285 26.494 25.030 28.155 29.184 36.694 35.535 40.189 38.245 -999.250 -999.250 -999.250 -999.250 -999.250 -999.250 -999.250 -999.250 -999.250 -999.250 -999.250 -999.250 -999.250 -999.250 -999.250 -999.250 -999.250 -999.250 -999.250 -999.250 -999.250 -999.250 -999.250 -999.250 -999.250 -999.250 -999.250 -999.250
13.862 10.045 12.488 14.315 16.192 16.216 12.833 10.056 5.932 6.799 7.974 6.780 7.020 6.418 5.314 5.957 6.574 6.466 6.703 9.357 12.404 11.142 13.731 11.482 15.155 14.197 16.189 19.703 21.770 24.259 26.336 29.101 28.339 26.508 26.008 29.274 31.639 33.226 34.456 32.709 -999.250 -999.250 -999.250 -999.250 -999.250 -999.250 -999.250 -999.250 -999.250 -999.250 -999.250 -999.250 -999.250 -999.250 -999.250 -999.250 -999.250 -999.250 -999.250 -999.250 -999.250 -999.250 -999.250 -999.250 -999.250 -999.250 -999.250 -999.250
13.650 12.438 10.925 12.291 14.756 13.437 12.759 11.500 8.054 9.428 10.089 8.294 6.880 8.570 7.096 5.595 6.367 6.444 8.095 7.775 9.216 8.657 10.497 13.011 16.491 15.732 15.524 18.779 21.213 22.862 23.296 28.076 27.416 24.715 28.368 31.006 31.535 29.248 31.157 -999.250 -999.250 -999.250 -999.250 -999.250 -999.250 -999.250 -999.250 -999.250 -999.250 -999.250 -999.250 -999.250 -999.250 -999.250 -999.250 -999.250 -999.250 -999.250 -999.250 -999.250 -999.250 -999.250 -999.250 -999.250 -999.250 -999.250 -999.250 -999.250
