data/medianmodel_05-May-2020.asc
ncols	141
nrows	288
xllcorner	-120191.398
yllcorner	-301404.813
cellsize	2000.000
NODATA_value	-999.250
[rows 31 to 61 of 288, columns 0 to 68 of 141]
-999.250 -999.250 -999.250 -999.250 -999.250 -999.250 -999.250 -999.250 -999.250 -999.250 -999.250 -999.250 -999.250 -999.250 -999.250 -999.250 -999.250 -999.250 -999.250 -999.250 -999.250 -999.250 -999.250 -999.250 -999.250 -999.250 -999.250 -999.250 -999.250 -999.250 -999.250 -999.250 18.122 14.642 17.088 20.957 22.257 28.330 30.935 32.386 41.175 44.118 45.651 53.517 59.924 66.169 73.025 80.525 90.281 81.431 83.600 88.457 92.903 96.141 102.330 85.004 72.275 61.345 54.133 46.531 43.273 37.866 39.166 31.223 35.683 33.959 27.978 27.374 27.947
-999.250 -999.250 -999.250 -999.250 -999.250 -999.250 -999.250 -999.250 -999.250 -999.250 -999.250 -999.250 -999.250 -999.250 -999.250 -999.250 -999.250 -999.250 -999.250 -999.250 -999.250 -999.250 -999.250 -999.250 -999.250 -999.250 -999.250 -999.250 -999.250 -999.250 -999.250 -999.250 16.032 18.815 18.543 20.801 27.641 27.992 29.791 30.559 35.773 47.018 44.457 51.691 56.763 63.776 70.191 78.217 82.617 78.789 89.037 84.277 96.514 96.233 87.291 79.524 71.147 63.904 55.932 46.127 34.292 32.225 24.173 33.752 30.449 35.539 30.907 25.076 24.924
-999.250 -999.250 -999.250 -999.250 -999.250 -999.250 -999.250 -999.250 -999.250 -999.250 -999.250 -999.250 -999.250 -999.250 -999.250 -999.250 -999.250 -999.250 -999.250 -999.250 -999.250 -999.250 -999.250 -999.250 -999.250 -999.250 -999.250 -999.250 -999.250 -999.250 -999.250 -999.250 19.360 20.482 21.506 27.111 27.270 31.774 34.275 37.530 43.034 46.991 49.518 51.930 58.427 58.936 73.145 86.191 84.848 78.049 88.512 82.834 90.323 82.204 77.017 74.496 71.481 57.448 50.899 43.938 31.819 23.229 23.134 25.682 27.457 25.593 25.253 23.939 21.923
-999.250 -999.250 -999.250 -999.250 -999.250 -999.250 -999.250 -999.250 -999.250 -999.250 -999.250 -999.250 -999.250 -999.250 -999.250 -999.250 -999.250 -999.250 -999.250 -999.250 -999.250 -999.250 -999.250 -999.250 -999.250 -999.250 -999.250 -999.250 -999.250 -999.250 -999.250 -999.250 24.600 25.087 22.505 26.326 28.284 32.380 34.649 37.848 41.531 47.166 49.353 53.606 56.429 64.112 70.728 75.105 81.295 90.598 94.255 93.484 90.467 82.876 77.178 70.736 65.547 57.222 45.617 42.266 34.685 27.591 25.063 22.421 25.595 22.485 21.264 20.400 21.490
-999.250 -999.250 -999.250 -999.250 -999.250 -999.250 -999.250 -999.250 -999.250 -999.250 -999.250 -999.250 -999.250 -999.250 -999.250 -999.250 -999.250 -999.250 -999.250 -999.250 -999.250 -999.250 -999.250 -999.250 -999.250 -999.250 -999.250 -999.250 -999.250 -999.250 -999.250 -999.250 27.414 30.725 28.891 26.916 28.215 33.944 36.742 39.772 46.173 48.777 49.159 54.563 58.931 60.480 64.857 70.366 78.600 82.266 90.451 91.088 88.010 84.826 79.354 64.472 59.193 55.307 40.251 36.728 28.773 24.663 20.923 17.050 16.336 16.699 15.695 16.561 15.854
-999.250 -999.250 -999.250 -999.250 -999.250 -999.250 -999.250 -999.250 -999.250 -999.250 -999.250 -999.250 -999.250 -999.250 -999.250 -999.250 -999.250 -999.250 -999.250 -999.250 -999.250 -999.250 -999.250 -999.250 -999.250 -999.250 -999.250 -999.250 -999.250 -999.250 -999.250 -999.250 37.369 37.646 38.187 29.847 31.635 38.856 30.999 40.797 44.866 40.468 47.054 54.419 52.872 55.105 71.389 79.443 82.950 86.476 91.390 96.269 93.653 89.584 80.252 69.793 58.399 50.143 35.882 32.897 24.985 18.866 16.154 18.466 14.844 11.453 12.552 12.250 14.032
-999.250 -999.250 -999.250 -999.250 -999.250 -999.250 -999.250 -999.250 -999.250 -999.250 -999.250 -999.250 -999.250 -999.250 -999.250 -999.250 -999.250 -999.250 -999.250 -999.250 -999.250 -999.250 -999.250 -999.250 -999.250 -999.250 -999.250 -999.250 -999.250 -999.250 -999.250 -999.250 -999.250 42.001 44.746 40.050 39.890 36.416 36.919 39.009 34.729 36.507 40.098 46.583 48.814 64.319 68.533 77.616 76.636 85.043 93.005 93.239 90.525 90.394 90.180 75.678 61.719 47.463 36.088 24.459 20.173 16.528 17.360 15.111 10.904 8.900 10.061 9.857 12.661
-999.250 -999.250 -999.250 -999.250 -999.250 -999.250 -999.250 -999.250 -999.250 -999.250 -999.250 -999.250 -999.250 -999.250 -999.250 -999.250 -999.250 -999.250 -999.250 -999.250 -999.250 -999.250 -999.250 -999.250 -999.250 -999.250 -999.250 -999.250 -999.250 -999.250 -999.250 -999.250 -999.250 51.605 50.252 50.578 47.895 45.551 36.293 33.035 33.014 29.450 38.050 47.432 48.361 61.105 71.756 71.651 83.400 88.365 89.408 97.654 91.962 89.989 84.725 75.691 67.445 51.375 35.373 33.259 28.756 21.035 15.615 12.998 9.099 7.279 6.909 9.519 6.066
-999.250 -999.250 -999.250 -999.250 -999.250 -999.250 -999.250 -999.250 -999.250 -999.250 -999.250 -999.250 -999.250 -999.250 -999.250 -999.250 -999.250 -999.250 -999.250 -999.250 -999.250 -999.250 -999.250 -999.250 -999.250 -999.250 -999.250 -999.250 -999.250 -999.250 -999.250 -999.250 54.770 60.289 58.765 53.317 54.465 42.240 37.363 31.044 32.371 32.754 33.159 41.437 44.678 57.784 66.203 75.436 84.440 91.066 87.313 95.477 101.767 90.157 85.530 86.271 70.714 55.591 52.600 42.627 36.915 29.539 19.033 15.411 11.174 6.258 4.727 5.048 5.304
-999.250 -999.250 -999.250 -999.250 -999.250 -999.250 -999.250 -999.250 -999.250 -999.250 -999.250 -999.250 -999.250 -999.250 -999.250 -999.250 -999.250 -999.250 -999.250 -999.250 -999.250 -999.250 -999.250 -999.250 -999.250 -999.250 -999.250 -999.250 -999.250 -999.250 -999.250 -999.250 63.392 66.397 64.141 57.495 51.735 42.763 35.341 31.014 28.288 26.069 26.950 32.619 42.090 55.667 69.945 79.099 84.056 86.931 87.289 99.287 100.873 102.954 97.560 99.870 89.699 75.618 60.774 53.281 43.801 32.389 24.689 21.008 11.642 7.607 5.022 0.319 1.017
-999.250 -999.250 -999.250 -999.250 -999.250 -999.250 -999.250 -999.250 -999.250 -999.250 -999.250 -999.250 -999.250 -999.250 -999.250 -999.250 -999.250 -999.250 -999.250 -999.250 -999.250 -999.250 -999.250 -999.250 -999.250 -999.250 -999.250 -999.250 -999.250 -999.250 -999.250 -999.250 -999.250 70.396 70.082 58.298 52.419 42.128 36.254 24.705 25.732 21.881 25.644 29.880 38.731 51.378 67.874 81.643 98.384 99.607 97.016 101.734 98.898 99.822 108.629 110.899 107.301 97.155 78.668 70.183 54.126 43.966 34.552 22.637 11.787 7.635 4.453 0.000 0.170
-999.250 -999.250 -999.250 -999.250 -999.250 -999.250 -999.250 -999.250 -999.250 -999.250 -999.250 -999.250 -999.250 -999.250 -999.250 -999.250 -999.250 -999.250 -999.250 -999.250 -999.250 -999.250 -999.250 -999.250 -999.250 -999.250 -999.250 -999.250 -999.250 -999.250 -999.250 -999.250 -999.250 63.464 66.403 54.404 46.112 39.839 30.338 26.037 21.623 22.337 21.617 28.351 37.364 55.881 77.980 99.710 106.410 105.269 103.208 105.236 112.985 116.356 118.914 129.054 136.388 121.373 109.253 86.349 63.175 52.270 38.532 28.944 15.785 8.678 5.169 0.323 0.000
-999.250 -999.250 -999.250 -999.250 -999.250 -999.250 -999.250 -999.250 -999.250 -999.250 -999.250 -999.250 -999.250 -999.250 -999.250 -999.250 -999.250 -999.250 -999.250 -999.250 -999.250 -999.250 -999.250 -999.250 -999.250 -999.250 -999.250 -999.250 -999.250 -999.250 -999.250 -999.250 -999.250 66.303 60.167 54.783 42.246 38.085 31.921 26.765 18.838 22.791 22.111 26.005 41.236 63.203 86.428 111.674 110.186 116.248 111.276 116.310 113.131 135.100 145.142 138.850 146.157 150.650 135.907 100.825 72.192 57.054 47.275 32.965 19.839 10.298 5.915 0.394 0.411
-999.250 -999.250 -999.250 -999.250 -999.250 -999.250 -999.250 -999.250 -999.250 -999.250 -999.250 -999.250 -999.250 -999.250 -999.250 -999.250 -999.250 -999.250 -999.250 -999.250 -999.250 -999.250 -999.250 -999.250 -999.250 -999.250 -999.250 -999.250 -999.250 -999.250 -999.250 -999.250 -999.250 -999.250 57.322 52.566 43.551 43.038 34.285 24.993 19.278 17.543 19.053 24.358 37.581 60.778 85.344 100.849 113.483 121.674 119.602 123.612 136.365 132.624 151.093 157.486 162.515 156.501 132.895 105.609 83.920 63.006 48.728 33.169 19.652 14.200 7.928 4.032 0.201
-999.250 -999.250 -999.250 -999.250 -999.250 -999.250 -999.250 -999.250 -999.250 -999.250 -999.250 -999.250 -999.250 -999.250 -999.250 -999.250 -999.250 -999.250 -999.250 -999.250 -999.250 -999.250 -999.250 -999.250 -999.250 -999.250 -999.250 -999.250 -999.250 -999.250 -999.250 -999.250 -999.250 -999.250 61.998 54.276 50.528 42.006 32.883 24.858 18.332 16.405 17.843 20.824 39.141 61.996 77.037 100.223 107.558 119.140 117.596 134.583 143.802 159.912 166.256 161.691 160.798 157.434 141.891 99.256 86.482 61.484 46.034 33.638 22.589 14.344 8.282 3.461 0.062
-999.250 -999.250 -999.250 -999.250 -999.250 -999.250 -999.250 -999.250 -999.250 -999.250 -999.250 -999.250 -999.250 -999.250 -999.250 -999.250 -999.250 -999.250 -999.250 -999.250 -999.250 -999.250 -999.250 -999.250 -999.250 -999.250 -999.250 -999.250 -999.250 -999.250 -999.250 -999.250 -999.250 -999.250 63.269 52.094 54.336 45.108 39.401 29.214 23.311 21.165 19.533 26.827 47.522 69.810 88.755 92.433 94.537 108.217 116.345 119.600 155.843 166.724 161.141 170.242 165.094 145.924 129.026 103.872 84.616 65.035 52.335 34.819 24.506 16.272 11.582 5.879 0.000
-999.250 -999.250 -999.250 -999.250 -999.250 -999.250 -999.250 -999.250 -999.250 -999.250 -999.250 -999.250 -999.250 -999.250 -999.250 -999.250 -999.250 -999.250 -999.250 -999.250 -999.250 -999.250 -999.250 -999.250 -999.250 -999.250 -999.250 -999.250 -999.250 -999.250 -999.250 -999.250 -999.250 -999.250 62.735 61.313 54.898 47.821 39.684 30.248 27.525 27.080 29.700 38.504 54.700 75.056 85.698 87.444 98.217 107.374 113.219 119.722 143.362 164.308 164.688 164.652 159.826 141.827 125.652 111.428 81.271 65.571 53.062 38.746 23.390 15.387 8.294 4.284 0.019
-999.250 -999.250 -999.250 -999.250 -999.250 -999.250 -999.250 -999.250 -999.250 -999.250 -999.250 -999.250 -999.250 -999.250 -999.250 -999.250 -999.250 -999.250 -999.250 -999.250 -999.250 -999.250 -999.250 -999.250 -999.250 -999.250 -999.250 -999.250 -999.250 -999.250 -999.250 -999.250 -999.250 -999.250 -999.250 68.638 64.569 57.314 49.139 41.678 40.670 36.875 39.270 46.351 55.425 67.517 72.978 93.782 92.332 98.826 114.616 134.046 145.150 146.620 160.256 148.826 132.118 123.288 97.164 88.736 74.827 62.066 48.879 30.715 21.394 15.584 8.137 4.565 0.813
-999.250 -999.250 -999.250 -999.250 -999.250 -999.250 -999.250 -999.250 -999.250 -999.250 -999.250 -999.250 -999.250 -999.250 -999.250 -999.250 -999.250 -999.250 -999.250 -999.250 -999.250 -999.250 -999.250 -999.250 -999.250 -999.250 -999.250 -999.250 -999.250 -999.250 -999.250 -999.250 -999.250 -999.250 -999.250 74.058 71.595 68.334 60.087 53.431 45.139 48.444 51.081 50.080 61.134 70.200 69.549 84.980 89.331 93.642 103.074 113.371 115.236 125.358 130.924 119.425 113.303 103.428 90.421 70.496 61.775 50.270 41.306 30.873 19.436 11.657 7.916 5.764 1.867
-999.250 -999.250 -999.250 -999.250 -999.250 -999.250 -999.250 -999.250 -999.250 -999.250 -999.250 -999.250 -999.250 -999.250 -999.250 -999.250 -999.250 -999.250 -999.250 -999.250 -999.250 -999.250 -999.250 -999.250 -999.250 -999.250 -999.250 -999.250 -999.250 -999.250 -999.250 -999.250 -999.250 -999.250 -999.250 81.763 78.352 76.469 70.543 57.566 52.733 58.300 56.641 58.667 61.529 69.203 65.789 77.219 89.902 89.362 85.859 100.517 94.759 95.968 100.525 97.068 95.035 92.338 76.326 66.715 45.819 41.571 34.687 27.710 23.644 14.124 7.438 5.367 2.265
-999.250 -999.250 -999.250 -999.250 -999.250 -999.250 -999.250 -999.250 -999.250 -999.250 -999.250 -999.250 -999.250 -999.250 -999.250 -999.250 -999.250 -999.250 -999.250 -999.250 -999.250 -999.250 -999.250 -999.250 -999.250 -999.250 -999.250 -999.250 -999.250 -999.250 -999.250 -999.250 -999.250 -999.250 -999.250 83.356 84.888 89.264 99.796 72.590 63.361 61.598 70.810 68.645 68.326 69.253 75.554 71.687 65.056 73.685 69.646 73.252 74.984 83.184 88.515 88.797 78.676 75.825 62.617 53.451 45.059 37.961 30.273 26.372 17.557 14.183 7.675 5.630 2.415
-999.250 -999.250 -999.250 -999.250 -999.250 -999.250 -999.250 -999.250 -999.250 -999.250 -999.250 -999.250 -999.250 -999.250 -999.250 -999.250 -999.250 -999.250 -999.250 -999.250 -999.250 -999.250 -999.250 -999.250 -999.250 -999.250 -999.250 -999.250 -999.250 -999.250 -999.250 -999.250 -999.250 -999.250 -999.250 94.899 91.344 84.834 86.601 81.138 65.037 61.481 69.411 68.923 69.148 71.277 70.223 67.822 61.881 62.742 59.470 59.781 59.040 53.862 60.434 66.170 57.334 55.702 49.709 46.415 37.793 30.249 22.831 18.776 19.661 17.213 9.668 5.871 2.482
-999.250 -999.250 -999.250 -999.250 -999.250 -999.250 -999.250 -999.250 -999.250 -999.250 -999.250 -999.250 -999.250 -999.250 -999.250 -999.250 -999.250 -999.250 -999.250 -999.250 -999.250 -999.250 -999.250 -999.250 -999.250 -999.250 -999.250 -999.250 -999.250 -999.250 -999.250 -999.250 -999.250 -999.250 -999.250 -999.250 84.480 74.998 67.961 61.025 56.037 65.197 66.153 68.613 74.500 67.081 69.257 59.840 56.988 54.639 50.677 46.491 41.564 43.576 49.184 50.848 49.631 44.906 47.254 34.954 31.765 27.426 21.930 17.919 18.200 15.263 11.179 6.668 5.563
-999.250 -999.250 -999.250 -999.250 -999.250 -999.250 -999.250 -999.250 -999.250 -999.250 -999.250 -999.250 -999.250 -999.250 -999.250 -999.250 -999.250 -999.250 -999.250 -999.250 -999.250 -999.250 -999.250 -999.250 -999.250 -999.250 -999.250 -999.250 -999.250 -999.250 -999.250 -999.250 -999.250 -999.250 -999.250 -999.250 70.245 65.020 53.445 49.398 51.797 57.001 65.783 76.513 70.165 69.336 69.798 56.710 56.665 48.680 43.989 38.872 37.329 37.662 44.066 42.561 43.005 38.548 35.213 26.331 27.402 24.238 19.466 19.509 15.632 14.037 16.080 11.702 8.417
-999.250 -999.250 -999.250 -999.250 -999.250 -999.250 -999.250 -999.250 -999.250 -999.250 -999.250 -999.250 -999.250 -999.250 -999.250 -999.250 -999.250 -999.250 -999.250 -999.250 -999.250 -999.250 -999.250 -999.250 -999.250 -999.250 -999.250 -999.250 -999.250 -999.250 -999.250 -999.250 -999.250 -999.250 -999.250 -999.250 -999.250 55.721 50.980 52.345 54.585 56.310 65.127 65.666 67.374 64.852 62.350 63.253 52.007 43.664 39.727 40.136 31.750 26.955 31.097 33.830 36.585 31.946 27.241 25.743 24.792 19.918 22.169 23.691 23.998 20.450 21.336 15.341 12.925
-999.250 -999.250 -999.250 -999.250 -999.250 -999.250 -999.250 -999.250 -999.250 -999.250 -999.250 -999.250 -999.250 -999.250 -999.250 -999.250 -999.250 -999.250 -999.250 -999.250 -999.250 -999.250 -999.250 -999.250 -999.250 -999.250 -999.250 -999.250 -999.250 -999.250 -999.250 -999.250 -999.250 -999.250 -999.250 -999.250 -999.250 56.907 55.390 54.749 65.913 66.466 67.739 68.449 68.594 70.212 62.613 60.233 55.792 43.060 42.847 38.498 36.782 27.452 24.403 28.797 28.848 27.344 24.039 25.890 24.137 22.765 24.536 25.419 23.378 30.108 27.088 25.528 25.182
-999.250 -999.250 -999.250 -999.250 -999.250 -999.250 -999.250 -999.250 -999.250 -999.250 -999.250 -999.250 -999.250 -999.250 -999.250 -999.250 -999.250 -999.250 -999.250 -999.250 -999.250 -999.250 -999.250 -999.250 -999.250 -999.250 -999.250 -999.250 -999.250 -999.250 -999.250 -999.250 -999.250 -999.250 -999.250 -999.250 -999.250 51.334 64.609 69.934 75.548 73.662 64.561 67.441 67.270 65.676 61.117 57.559 51.883 41.646 40.478 34.092 32.719 30.659 29.621 26.832 23.834 27.231 21.906 25.100 21.492 25.373 27.364 32.300 33.099 33.873 34.867 36.757 39.459
-999.250 -999.250 -999.250 -999.250 -999.250 -999.250 -999.250 -999.250 -999.250 -999.250 -999.250 -999.250 -999.250 -999.250 -999.250 -999.250 -999.250 -999.250 -999.250 -999.250 -999.250 -999.250 -999.250 -999.250 -999.250 -999.250 -999.250 -999.250 -999.250 -999.250 -999.250 -999.250 -999.250 -999.250 -999.250 -999.250 -999.250 48.453 59.349 58.720 65.356 66.938 60.641 60.294 68.972 66.533 64.130 57.615 47.651 42.272 45.013 35.858 36.391 27.972 32.050 26.532 26.019 30.448 25.312 27.060 29.643 25.559 30.693 27.649 38.663 39.001 38.221 40.939 35.453
-999.250 -999.250 -999.250 -999.250 -999.250 -999.250 -999.250 -999.250 -999.250 -999.250 -999.250 -999.250 -999.250 -999.250 -999.250 -999.250 -999.250 -999.250 -999.250 -999.250 -999.250 -999.250 -999.250 -999.250 -999.250 -999.250 -999.250 -999.250 -999.250 -999.250 -999.250 -999.250 -999.250 -999.250 -999.250 -999.250 -999.250 -999.250 49.769 50.133 54.622 57.002 66.186 60.450 62.669 67.373 60.403 51.028 43.593 40.460 38.305 34.100 34.001 37.449 34.969 28.440 29.814 31.465 32.700 39.755 36.217 36.506 34.889 36.314 35.481 40.053 39.989 36.032 35.098
-999.250 -999.250 -999.250 -999.250 -999.250 -999.250 -999.250 -999.250 -999.250 -999.250 -999.250 -999.250 -999.250 -999.250 -999.250 -999.250 -999.250 -999.250 -999.250 -999.250 -999.250 -999.250 -999.250 -999.250 -999.250 -999.250 -999.250 -999.250 -999.250 -999.250 -999.250 -999.250 -999.250 -999.250 -999.250 -999.250 -999.250 -999.250 42.909 44.180 49.107 53.104 61.199 61.233 54.631 56.106 57.023 49.947 45.995 39.294 38.420 40.941 35.511 38.825 34.740 31.141 32.167 33.641 38.369 43.883 39.567 35.537 43.207 39.513 33.943 39.096 33.574 35.887 38.237
-999.250 -999.250 -999.250 -999.250 -999.250 -999.250 -999.250 -999.250 -999.250 -999.250 -999.250 -999.250 -999.250 -999.250 -999.250 -999.250 -999.250 -999.250 -999.250 -999.250 -999.250 -999.250 -999.250 -999.250 -999.250 -999.250 -999.250 -999.250 -999.250 -999.250 -999.250 -999.250 -999.250 -999.250 -999.250 -999.250 -999.250 -999.250 38.449 39.042 43.886 52.463 58.656 57.499 56.013 50.850 52.544 51.536 44.506 42.564 45.678 43.850 37.222 38.291 41.455 35.533 29.489 35.406 39.138 43.824 38.432 43.291 43.228 40.358 40.950 38.714 37.843 35.925 34.282
