data/medianmodel_29-Oct-2020.asc
ncols	141
nrows	288
xllcorner	-120191.398
yllcorner	-301404.813
cellsize	2000.000
NODATA_value	-999.250
[rows 145 to 173 of 288, columns 0 to 65 of 141]
-999.250 -999.250 -999.250 -999.250 -999.250 -999.250 -999.250 -999.250 -999.250 -999.250 -999.250 -999.250 -999.250 -999.250 -999.250 -999.250 -999.250 179.382 166.071 162.695 139.635 101.740 92.986 92.881 83.078 95.746 104.307 116.385 119.573 132.550 133.088 133.433 155.245 177.441 211.539 211.781 198.419 191.880 205.531 204.972 220.975 208.915 194.779 194.306 179.398 157.583 145.401 142.558 138.430 162.928 173.950 211.575 219.323 230.600 225.711 240.627 223.785 233.286 233.672 213.095 201.244 173.848 134.518 111.767 91.345 76.784
-999.250 -999.250 -999.250 -999.250 -999.250 -999.250 -999.250 -999.250 -999.250 -999.250 -999.250 -999.250 -999.250 -999.250 -999.250 186.634 169.287 163.392 163.407 156.988 139.410 123.318 99.449 103.519 98.918 101.614 103.983 85.518 109.598 121.173 128.930 138.698 162.405 179.409 186.916 212.033 202.315 196.589 186.128 210.078 225.183 208.971 211.790 186.413 183.762 167.086 130.610 130.023 135.828 155.170 167.782 216.199 221.410 244.558 251.794 259.650 238.762 233.419 233.255 217.501 199.702 163.454 137.895 127.132 114.864 99.045
-999.250 -999.250 -999.250 -999.250 -999.250 -999.250 -999.250 -999.250 -999.250 -999.250 -999.250 -999.250 -999.250 -999.250 155.014 161.959 166.400 167.361 174.532 157.722 140.519 116.283 111.486 117.893 99.112 105.690 110.248 126.953 119.863 135.675 146.480 167.811 155.030 176.959 189.185 211.767 212.042 206.380 205.150 200.171 220.280 215.094 212.890 222.954 197.353 174.985 141.590 115.463 114.645 139.476 168.704 208.325 241.240 272.953 260.330 259.917 246.334 239.232 231.575 200.102 186.811 171.641 130.602 126.653 107.934 89.421
-999.250 -999.250 -999.250 -999.250 -999.250 -999.250 -999.250 -999.250 -999.250 -999.250 -999.250 -999.250 -999.250 -999.250 153.865 148.457 158.926 163.718 159.393 148.281 139.028 117.597 114.219 128.376 112.584 119.015 107.355 111.170 145.264 139.600 154.379 171.468 180.505 192.983 199.810 211.741 211.533 195.175 190.413 195.826 206.533 207.217 207.603 204.808 199.017 190.185 125.545 80.418 109.642 139.239 150.939 208.894 233.764 255.890 255.512 246.622 253.597 237.180 220.947 203.274 171.688 159.268 134.036 120.050 113.255 102.039
-999.250 -999.250 -999.250 -999.250 -999.250 -999.250 -999.250 -999.250 -999.250 -999.250 -999.250 -999.250 -999.250 154.719 140.263 152.185 164.167 157.121 145.566 147.009 129.650 120.262 130.609 135.344 117.792 129.900 131.021 138.329 150.227 156.848 190.027 194.395 185.242 195.510 209.600 218.751 229.081 224.964 216.018 193.795 188.655 194.305 202.901 190.678 181.155 158.467 123.689 113.161 125.227 150.093 181.538 221.628 218.967 250.204 261.918 243.852 243.189 233.605 234.423 207.038 177.089 155.872 142.566 131.513 127.575 116.087
-999.250 -999.250 -999.250 -999.250 -999.250 -999.250 -999.250 -999.250 -999.250 -999.250 -999.250 -999.250 125.347 132.343 140.837 143.268 131.489 127.590 120.225 115.719 116.432 109.243 133.440 125.866 148.975 135.328 135.878 161.499 182.234 165.149 182.107 222.087 219.204 227.286 221.822 218.965 218.256 208.987 222.603 201.569 200.604 196.906 177.442 178.363 157.987 138.860 130.363 146.220 163.545 175.958 200.209 208.699 218.865 231.202 241.221 227.251 234.937 234.268 213.735 205.021 188.560 176.690 148.961 145.768 133.648 128.642
-999.250 -999.250 -999.250 -999.250 -999.250 -999.250 -999.250 -999.250 -999.250 -999.250 -999.250 101.899 93.840 105.642 108.018 111.066 108.598 118.499 120.056 118.088 114.849 121.684 150.956 141.357 154.123 173.249 183.231 197.694 209.125 215.950 212.406 207.550 208.035 214.663 238.820 226.695 224.166 217.358 214.009 205.358 180.357 196.109 164.671 171.156 150.975 131.111 159.807 181.869 191.214 205.812 230.628 233.952 238.726 236.001 230.354 234.054 214.984 217.816 220.934 200.763 203.867 174.581 167.309 145.839 134.244 102.793
-999.250 -999.250 -999.250 -999.250 -999.250 -999.250 -999.250 -999.250 -999.250 -999.250 81.200 90.075 91.675 94.918 94.417 87.247 90.071 103.644 110.653 111.482 112.082 132.507 148.596 158.780 185.494 219.026 204.919 239.461 192.338 208.118 232.767 212.916 235.068 235.469 234.903 225.441 231.431 243.120 216.785 202.716 204.374 185.967 161.631 158.692 166.329 173.300 205.994 220.622 219.596 227.806 218.957 239.249 255.062 253.975 246.991 226.144 197.642 178.786 189.240 208.786 180.471 148.436 167.226 140.762 120.513 120.968
-999.250 -999.250 -999.250 -999.250 -999.250 -999.250 -999.250 -999.250 -999.250 77.276 75.349 77.219 77.136 76.268 69.136 67.510 76.021 89.029 96.246 105.948 131.508 140.132 170.222 182.476 197.307 216.691 212.389 216.852 233.395 224.914 234.599 225.833 250.441 260.760 274.177 267.056 247.761 241.437 221.737 237.382 240.409 178.710 176.462 172.981 187.326 211.988 246.606 257.383 248.687 250.394 263.211 255.973 273.264 258.848 247.082 252.243 189.727 188.029 187.348 175.943 167.902 155.749 151.395 125.455 136.191 113.062
-999.250 -999.250 -999.250 -999.250 -999.250 112.309 75.469 76.031 76.025 74.257 64.061 60.903 65.736 57.715 66.475 66.303 78.485 92.207 101.592 128.931 140.073 158.381 179.950 216.373 220.194 232.001 251.611 241.891 238.383 229.285 260.672 248.200 249.713 292.343 293.167 279.085 259.763 243.314 246.543 238.733 202.911 208.772 184.461 212.115 210.389 243.940 293.574 265.202 254.812 261.160 263.125 279.546 276.599 263.481 242.511 225.480 213.305 218.423 196.886 175.264 145.219 132.198 121.812 130.352 121.299 113.398
-999.250 -999.250 -999.250 -999.250 -999.250 -999.250 -999.250 78.793 85.420 69.989 61.938 59.503 64.571 63.567 45.543 56.678 75.741 91.430 125.020 126.627 168.542 174.802 213.107 216.731 248.633 250.258 252.106 276.053 245.101 245.887 223.950 258.710 258.941 275.438 279.808 271.403 276.681 273.103 239.022 234.828 206.598 205.551 209.259 198.217 230.773 243.687 274.068 269.316 270.695 271.393 271.282 279.814 298.036 286.539 252.268 230.515 217.524 191.584 205.327 188.296 146.289 143.438 131.864 127.778 113.688 111.667
-999.250 -999.250 -999.250 -999.250 -999.250 -999.250 -999.250 102.947 87.292 84.797 77.612 67.388 49.748 46.783 51.525 55.364 80.972 109.801 133.207 155.321 188.573 205.248 233.685 249.994 271.999 279.431 269.206 276.699 264.047 260.173 265.882 264.161 258.420 266.751 301.841 310.642 257.133 288.843 275.042 229.650 215.120 202.825 176.780 191.402 206.478 227.692 262.729 262.857 276.290 276.070 271.236 270.510 262.166 290.897 281.260 248.060 229.569 204.595 199.913 182.931 155.387 142.101 139.609 136.918 113.893 141.855
-999.250 -999.250 -999.250 -999.250 -999.250 -999.250 -999.250 115.300 105.556 88.942 79.999 75.663 57.654 45.198 44.920 57.749 85.770 122.711 169.380 194.005 228.877 265.728 258.033 299.905 285.657 296.125 284.157 287.835 281.131 297.345 288.635 282.973 298.958 302.978 286.586 288.768 284.882 303.335 257.081 228.501 207.805 174.451 184.596 162.319 192.360 217.106 239.008 254.940 252.411 288.719 287.250 289.059 243.442 260.315 250.495 239.247 218.652 218.678 198.070 172.326 169.811 152.420 149.572 137.146 124.135 126.591
-999.250 -999.250 -999.250 -999.250 -999.250 -999.250 -999.250 136.136 114.101 110.645 99.526 89.673 66.732 43.813 38.033 54.762 92.998 143.448 207.567 263.334 274.917 279.396 314.182 332.097 311.649 294.550 281.456 310.442 319.813 303.326 285.173 303.061 348.689 319.959 293.015 325.956 325.821 278.399 245.052 227.179 182.271 160.779 161.315 156.421 170.774 202.624 228.534 233.451 263.178 250.757 254.878 280.732 244.217 247.780 248.335 226.729 216.654 213.995 158.552 179.540 162.739 136.824 135.449 129.643 110.484 131.283
-999.250 -999.250 -999.250 -999.250 -999.250 -999.250 -999.250 -999.250 139.252 127.531 121.766 109.473 76.667 58.549 36.909 46.208 88.547 168.084 237.344 274.704 283.929 316.030 328.613 342.098 307.228 309.574 323.201 326.947 340.080 297.237 328.226 349.426 365.445 344.356 330.302 344.753 331.379 313.443 256.172 203.059 144.855 123.568 108.854 141.252 177.373 178.969 208.746 245.468 267.766 265.104 281.747 264.637 250.544 216.539 257.269 218.948 185.053 197.603 178.883 158.907 163.251 138.262 138.492 138.387 112.758 96.039
-999.250 -999.250 -999.250 -999.250 -999.250 -999.250 -999.250 -999.250 158.451 162.444 150.403 121.654 91.459 65.393 52.826 31.852 113.417 203.796 266.077 310.265 334.997 336.825 352.581 354.113 337.939 347.672 317.708 338.101 345.975 354.669 370.846 351.230 352.211 343.522 339.141 379.728 349.795 308.299 241.513 174.776 128.580 84.998 108.079 132.101 141.997 171.829 197.473 234.565 242.449 251.472 268.466 251.495 234.984 209.962 215.460 209.782 209.400 213.461 183.208 160.874 170.182 155.273 129.659 122.362 109.089 86.701
-999.250 -999.250 -999.250 -999.250 -999.250 -999.250 -999.250 169.879 183.552 180.451 150.982 139.654 118.623 95.714 92.416 99.670 155.056 212.986 304.957 346.969 377.207 378.506 349.339 388.020 336.951 327.079 352.133 344.404 373.073 326.819 339.241 355.118 353.497 334.271 340.952 362.050 395.326 313.343 235.142 167.300 122.682 93.901 99.509 114.062 128.887 154.355 183.296 211.354 217.442 219.421 240.366 230.759 222.697 219.169 189.601 223.335 199.713 191.679 179.176 148.782 144.743 128.935 127.472 122.755 118.165 93.985
-999.250 -999.250 -999.250 -999.250 -999.250 -999.250 -999.250 177.422 186.500 184.407 161.691 164.258 147.437 130.746 145.383 160.083 203.920 261.372 325.639 386.597 438.821 398.104 381.609 384.061 384.168 346.759 335.790 380.973 370.808 339.424 345.561 330.790 348.154 349.026 359.498 355.245 321.758 275.652 204.956 144.206 119.013 100.311 102.267 117.017 128.621 139.150 152.994 173.491 192.359 222.802 227.844 237.451 219.347 211.715 173.585 190.793 182.219 190.230 159.153 146.002 112.954 116.655 106.988 113.972 110.976 98.776
-999.250 -999.250 -999.250 -999.250 -999.250 -999.250 -999.250 192.827 193.205 174.177 178.651 163.493 170.964 193.498 177.183 211.868 235.384 292.364 312.423 333.080 391.976 415.327 396.832 371.365 380.375 337.880 326.008 350.267 362.096 377.711 351.844 333.792 322.519 336.044 339.405 292.936 257.502 225.012 159.674 146.471 115.065 114.462 92.141 103.556 118.411 131.514 159.645 153.619 165.711 207.036 228.273 206.556 202.198 213.443 184.985 177.118 182.870 164.500 157.704 135.473 118.463 108.729 97.549 105.096 103.944 92.323
-999.250 -999.250 -999.250 -999.250 -999.250 -999.250 -999.250 212.034 198.524 174.910 187.670 188.856 185.439 188.008 218.574 226.441 280.923 305.000 328.297 349.557 371.863 386.573 354.142 367.697 344.459 357.855 358.305 346.170 347.167 334.563 307.047 323.836 317.047 310.031 293.295 293.401 243.803 209.541 169.755 150.569 110.724 98.841 107.581 103.311 120.248 133.342 145.825 144.580 183.448 194.453 221.037 225.519 227.584 209.286 208.720 176.115 164.086 158.778 154.373 136.011 127.896 116.070 107.514 92.095 84.181 88.219
-999.250 -999.250 -999.250 -999.250 -999.250 -999.250 218.905 241.521 202.536 197.937 207.567 208.331 176.963 212.434 216.019 249.908 274.947 275.995 320.116 368.734 360.642 375.602 396.858 365.216 337.727 325.787 320.649 333.393 353.673 341.093 312.463 318.752 307.127 273.085 265.001 257.090 219.506 202.255 170.576 130.371 116.080 99.471 100.897 97.505 126.675 132.397 144.546 160.425 173.144 184.088 197.719 191.395 202.938 184.917 171.529 171.698 172.679 164.020 150.221 127.710 125.030 108.818 110.735 93.447 80.335 86.570
-999.250 -999.250 -999.250 -999.250 -999.250 -999.250 200.566 205.104 207.681 216.435 204.855 208.371 218.518 228.747 224.229 248.632 289.422 324.055 348.793 386.482 390.193 377.936 358.985 349.779 323.434 311.958 303.055 299.466 298.230 281.518 280.355 299.546 290.177 268.706 257.977 245.993 219.211 182.184 158.499 139.152 120.392 107.560 103.112 99.011 111.365 135.325 137.843 139.899 152.282 192.192 174.475 182.421 202.691 181.965 166.971 172.878 179.693 180.831 151.286 113.809 102.206 87.551 102.609 106.894 80.470 72.888
-999.250 -999.250 -999.250 -999.250 -999.250 213.727 198.519 208.845 208.472 213.192 207.109 217.048 229.704 226.525 236.618 260.254 281.158 332.639 315.437 342.063 382.065 367.695 334.061 355.779 341.782 320.294 291.576 277.338 267.574 267.651 266.448 255.129 250.473 263.422 243.817 240.144 219.387 192.181 154.638 135.299 124.243 99.280 107.783 117.859 117.825 124.203 119.015 132.267 167.493 175.428 168.322 180.797 189.504 170.860 156.704 140.792 158.305 161.885 117.577 102.409 93.137 80.133 81.413 96.083 75.095 76.884
-999.250 -999.250 -999.250 -999.250 -999.250 197.249 196.102 200.535 218.222 204.622 189.834 182.096 199.656 217.944 237.756 239.050 278.940 278.257 300.845 345.653 360.511 342.035 345.599 346.184 315.801 312.958 295.663 282.912 290.437 263.454 254.474 251.498 251.371 266.842 254.632 222.805 203.493 192.090 150.738 144.495 120.883 118.574 114.613 123.757 132.740 129.171 129.358 139.890 170.085 170.087 161.232 143.736 157.149 147.476 136.373 138.744 143.960 144.505 115.359 97.366 80.501 80.774 78.682 74.409 64.313 61.108
-999.250 -999.250 -999.250 -999.250 211.521 215.861 219.829 223.464 229.326 212.199 206.961 201.255 213.732 236.994 227.506 238.954 272.011 263.806 293.080 337.320 352.292 372.406 368.136 349.502 326.096 291.374 301.048 296.805 268.081 258.891 241.636 227.606 243.164 222.482 234.917 217.111 172.900 161.822 155.574 157.610 132.911 131.266 120.583 106.176 128.210 122.336 137.690 154.085 175.042 154.566 141.340 133.990 143.171 129.053 132.590 131.319 145.134 113.679 116.783 82.876 77.829 71.192 67.803 69.124 75.258 66.416
-999.250 -999.250 -999.250 -999.250 214.477 208.709 226.929 220.210 214.127 201.053 196.604 209.685 203.047 214.552 224.796 228.106 258.401 299.722 304.374 327.829 356.083 410.201 404.068 373.110 331.826 301.488 300.265 289.355 256.897 256.103 242.980 254.066 223.103 222.169 229.015 194.684 179.920 165.537 146.567 140.896 133.409 131.619 110.916 116.164 128.659 129.643 132.785 166.689 145.351 156.994 149.990 141.550 134.603 140.867 130.787 120.859 97.511 116.368 110.797 72.724 64.999 51.102 66.610 65.319 63.819 61.836
-999.250 -999.250 -999.250 -999.250 242.424 228.384 222.466 239.859 217.214 218.779 209.320 203.897 222.399 207.699 226.332 205.521 226.048 251.426 291.938 308.142 335.144 370.678 354.112 344.914 343.447 336.716 288.178 286.845 263.865 253.193 237.347 228.974 209.592 210.503 209.466 193.202 165.916 155.146 137.503 131.348 133.805 119.740 113.625 101.157 117.560 117.615 138.264 146.449 154.014 143.595 128.638 118.685 127.261 116.041 91.135 101.194 97.245 81.236 77.728 63.654 60.231 63.161 68.875 85.437 70.898 60.576
-999.250 -999.250 -999.250 -999.250 246.589 252.456 258.061 237.868 239.603 215.617 208.265 204.524 204.537 205.954 204.601 211.165 212.962 252.921 266.056 284.662 327.573 336.726 349.034 346.677 308.754 292.874 288.287 277.917 261.961 253.768 226.455 235.574 203.880 200.933 189.757 169.054 168.024 172.411 154.742 134.859 120.529 136.447 101.227 114.757 113.740 114.256 137.846 140.228 110.335 129.806 107.892 98.101 115.440 96.112 86.497 72.119 73.819 68.712 70.134 58.629 56.996 64.799 76.105 68.819 70.737 70.775
-999.250 -999.250 -999.250 -999.250 241.661 265.538 262.331 261.044 248.321 224.279 204.013 200.716 204.410 203.172 207.308 208.488 206.553 238.334 263.873 304.615 313.377 340.265 330.711 324.009 283.779 289.719 301.278 269.200 236.495 238.562 228.883 223.490 204.031 209.902 189.598 174.567 168.412 161.755 158.572 136.783 121.969 142.197 119.455 108.001 120.825 123.470 123.303 131.588 124.979 115.674 111.617 94.696 102.759 93.904 69.462 59.961 61.473 63.537 59.045 53.907 55.377 56.698 65.682 72.412 72.335 68.734
