data/medianmodel_15-Feb-2021.asc
ncols	141
nrows	288
xllcorner	-120191.398
yllcorner	-301404.813
cellsize	2000.000
NODATA_value	-999.250
[rows 174 to 202 of 288, columns 0 to 64 of 141]
-999.250 -999.250 -999.250 -999.250 772.298 794.111 809.225 791.045 792.850 810.433 754.277 715.329 692.537 692.690 677.133 681.363 648.510 593.621 568.028 538.541 604.321 650.957 661.229 678.574 697.074 688.963 662.294 656.573 630.851 619.007 657.438 608.815 619.659 624.253 635.070 602.892 589.579 582.148 568.904 562.155 551.127 510.846 476.225 474.393 454.214 430.600 415.875 381.941 348.619 321.127 296.313 270.472 246.134 226.534 205.161 182.363 176.202 158.778 158.773 153.943 161.408 172.596 181.189 192.604 198.695
-999.250 -999.250 -999.250 -999.250 786.746 835.813 813.857 842.858 833.676 823.014 772.830 736.057 716.702 698.623 700.011 678.670 640.208 623.897 591.851 593.189 615.536 638.171 683.469 702.482 704.836 710.068 681.997 705.875 675.525 651.641 661.342 634.049 608.069 610.307 610.552 626.763 634.569 604.890 562.284 554.932 557.797 527.203 488.757 476.400 466.128 432.716 407.855 371.790 355.236 322.620 293.039 266.124 247.454 218.515 209.735 185.376 176.247 165.884 162.614 166.502 175.919 187.610 209.500 219.105 244.463
-999.250 -999.250 -999.250 -999.250 817.325 824.418 864.302 887.804 847.555 838.036 808.320 764.668 741.094 709.698 708.812 694.411 670.838 639.456 642.500 654.069 674.726 677.672 708.386 695.557 727.802 725.527 725.360 718.869 718.742 689.818 647.559 633.763 660.161 633.109 619.028 635.801 606.904 589.918 581.774 570.085 550.646 528.799 503.764 509.416 472.139 437.980 418.715 378.062 351.320 333.233 300.423 271.894 235.182 235.283 214.144 197.932 181.372 169.164 176.275 184.827 199.672 202.036 238.456 250.995 290.432
-999.250 -999.250 -999.250 -999.250 814.623 851.818 874.078 875.168 857.119 833.116 814.192 777.011 767.559 730.314 724.143 663.770 698.544 699.747 700.832 714.220 738.299 738.783 716.451 748.336 766.849 738.885 733.365 746.340 729.731 668.002 659.165 651.034 646.347 648.530 615.683 610.517 596.769 630.642 583.168 580.033 531.359 524.788 514.040 490.693 464.446 454.502 414.696 381.362 361.551 352.534 318.071 282.288 264.303 235.718 230.410 217.473 207.229 198.129 202.309 204.934 227.155 236.199 251.129 288.955 334.662
-999.250 -999.250 -999.250 -999.250 816.809 838.223 867.918 879.606 858.509 844.075 837.067 797.974 770.117 756.016 759.226 730.463 738.211 730.259 743.573 769.812 787.485 798.907 783.877 747.638 748.368 744.351 742.151 741.214 719.904 670.923 679.834 647.855 661.957 625.023 647.244 614.022 601.353 609.895 588.764 546.665 532.639 512.888 482.272 457.052 456.806 446.440 411.315 382.559 367.877 354.862 334.460 297.219 279.394 267.300 240.897 239.218 227.378 216.869 228.312 254.681 274.040 279.857 321.377 340.551 383.727
-999.250 -999.250 -999.250 824.091 834.529 846.563 867.216 871.750 847.883 859.860 844.655 832.899 795.883 788.198 759.136 773.669 763.615 757.170 779.521 819.958 850.962 799.118 789.020 765.756 757.673 756.780 730.985 741.518 712.709 693.373 670.345 687.330 672.133 627.273 612.897 599.369 612.933 625.804 577.569 532.725 531.354 498.319 480.393 455.302 442.804 415.842 387.584 364.322 353.133 340.706 323.695 306.904 278.671 266.219 258.241 256.309 260.507 261.809 273.293 290.564 327.427 336.095 357.931 367.585 403.574
-999.250 -999.250 -999.250 834.756 877.135 852.717 857.973 870.102 877.757 853.238 843.458 839.016 814.243 809.962 794.255 764.677 774.293 772.555 804.201 806.651 830.424 805.128 786.358 751.573 737.166 722.365 751.395 694.684 690.437 686.800 690.791 680.483 655.366 652.414 636.537 643.784 631.527 609.413 594.581 540.633 516.577 517.830 478.397 445.598 427.321 405.285 395.201 365.413 375.698 346.425 329.655 325.664 298.046 284.957 278.577 269.563 275.904 297.096 308.525 345.135 364.111 385.880 395.504 412.390 448.956
-999.250 -999.250 -999.250 826.734 827.681 861.568 886.185 871.444 847.012 867.231 815.800 843.559 796.404 811.696 819.770 780.213 779.738 781.848 791.128 814.887 789.458 793.757 772.894 773.661 738.621 724.480 733.448 699.281 708.378 691.646 691.987 665.001 648.913 624.557 636.297 589.348 593.875 576.609 550.173 554.028 510.143 500.389 496.371 448.997 433.376 422.601 394.185 366.267 362.208 356.991 331.960 295.146 282.709 278.211 284.132 305.563 303.737 304.764 355.846 371.696 409.095 442.517 450.730 497.109 517.891
-999.250 -999.250 822.862 861.577 843.590 862.443 862.900 881.055 859.285 873.002 886.625 861.690 807.517 836.340 807.653 813.924 799.140 803.032 783.386 797.858 781.090 767.698 730.295 754.506 746.422 734.136 733.567 719.559 709.456 695.326 670.938 672.010 676.871 625.710 628.861 592.661 598.381 584.558 568.014 528.951 511.796 495.113 464.518 456.830 443.726 420.874 415.328 397.359 364.794 338.504 325.690 305.426 293.236 293.609 310.758 309.211 314.784 359.733 361.575 401.106 470.915 490.926 526.576 547.349 557.384
-999.250 -999.250 819.594 813.055 849.573 845.744 857.417 851.492 867.604 861.514 882.054 856.202 868.900 851.832 843.965 826.402 796.304 808.209 772.492 767.272 -999.250 764.499 735.264 745.943 750.681 735.779 726.217 728.801 731.122 699.301 676.942 669.198 646.944 636.879 602.791 592.316 568.863 576.025 560.470 535.893 519.815 482.415 450.772 442.472 418.578 418.562 413.167 380.101 350.606 345.919 323.744 313.726 302.855 305.126 318.069 324.498 332.863 347.201 383.622 432.015 500.258 529.109 577.102 600.170 622.619
-999.250 755.397 786.651 827.095 846.577 818.383 824.373 843.556 872.303 880.336 867.366 875.894 892.176 861.861 858.893 848.215 801.172 819.480 767.395 -999.250 -999.250 720.687 743.527 714.898 711.235 711.548 706.510 739.745 726.240 692.276 683.328 679.308 657.296 646.509 604.041 596.389 557.354 570.143 573.132 520.542 490.292 496.579 447.782 433.311 422.250 416.423 398.815 382.236 352.979 333.073 326.240 307.260 306.803 306.085 318.912 336.875 351.597 378.634 403.072 447.876 508.884 561.149 617.499 641.908 688.117
-999.250 739.235 760.571 778.287 800.742 806.665 829.300 847.125 884.249 879.843 876.545 890.473 869.971 873.896 906.202 850.751 823.646 796.793 -999.250 -999.250 -999.250 -999.250 732.438 708.888 722.377 721.329 718.284 714.372 685.203 672.306 656.648 651.629 640.032 631.273 614.719 591.329 586.258 544.625 519.012 503.807 505.046 478.213 456.164 436.780 434.045 406.703 387.652 365.797 354.136 312.484 304.707 297.053 325.713 314.066 294.108 321.286 358.487 387.636 422.889 471.096 547.944 564.298 642.816 709.742 729.768
721.223 728.679 741.922 774.119 774.457 819.813 844.188 871.279 895.221 930.246 879.086 873.735 875.602 875.599 877.870 825.529 790.287 786.143 -999.250 -999.250 -999.250 -999.250 -999.250 716.523 706.208 696.657 717.048 693.926 692.224 682.657 692.012 648.135 642.017 635.333 587.608 598.488 586.259 549.724 541.221 507.264 501.897 478.754 449.764 441.811 418.692 396.764 383.416 356.349 338.489 317.521 298.930 308.709 306.823 308.203 315.057 316.960 340.822 398.155 421.491 457.612 554.054 583.692 646.402 721.986 771.238
-999.250 739.431 725.571 754.097 755.271 774.594 818.839 833.887 859.755 872.187 853.433 845.551 832.673 833.532 838.191 796.030 810.659 788.986 -999.250 -999.250 -999.250 -999.250 737.659 717.528 684.232 703.904 702.496 708.806 708.824 695.051 689.513 670.636 666.017 661.458 640.992 601.087 612.279 554.087 531.132 514.902 512.656 460.784 445.955 431.940 409.929 389.296 358.324 345.174 308.199 296.950 291.845 301.488 296.538 299.194 327.806 321.761 351.409 370.004 406.330 437.936 509.500 570.449 646.442 719.549 799.246
-999.250 711.996 709.849 748.240 737.205 754.110 803.230 830.215 823.580 852.265 863.075 861.793 847.244 825.435 810.221 800.173 794.586 775.372 -999.250 -999.250 -999.250 718.193 -999.250 676.590 676.969 713.050 700.121 707.790 713.858 701.885 701.243 703.605 682.076 661.669 646.488 630.051 588.691 553.423 545.558 513.393 478.665 469.631 447.030 423.351 402.329 385.078 374.111 336.520 339.181 302.281 300.229 279.961 279.731 295.936 291.824 306.542 339.458 352.494 396.722 420.443 474.715 558.829 650.607 720.251 792.548
-999.250 713.610 706.194 720.607 741.515 756.731 754.182 809.316 798.504 809.760 829.436 841.842 851.609 815.203 800.971 771.876 783.325 -999.250 -999.250 -999.250 -999.250 698.609 680.180 660.401 691.442 706.300 683.522 703.604 701.777 701.821 714.608 700.867 691.790 673.873 631.535 641.165 617.374 569.286 528.966 512.856 515.723 479.940 454.000 440.589 406.511 385.447 371.499 349.124 328.303 283.788 296.511 271.655 272.187 272.419 293.708 269.039 301.140 329.133 362.072 412.133 454.248 524.041 600.217 682.781 737.442
-999.250 706.145 705.617 705.966 736.589 738.173 755.451 780.192 776.546 794.129 833.817 822.962 831.778 816.137 784.330 771.056 789.263 -999.250 -999.250 -999.250 735.397 695.559 647.412 670.395 710.553 717.494 735.138 702.792 697.428 696.515 719.620 728.552 706.077 716.576 699.742 653.158 659.027 584.213 559.107 556.551 494.849 495.281 498.786 435.041 418.380 389.739 366.417 351.720 316.517 288.134 252.787 255.757 263.197 260.045 261.242 265.871 278.898 300.056 336.602 386.916 450.913 506.126 549.173 606.381 675.503
-999.250 -999.250 -999.250 708.063 -999.250 -999.250 766.342 768.438 756.157 -999.250 -999.250 -999.250 827.683 791.367 -999.250 -999.250 -999.250 -999.250 -999.250 -999.250 743.923 738.793 721.989 722.863 714.775 745.181 750.341 733.502 744.050 734.743 739.540 747.077 716.361 699.839 714.627 638.692 633.105 618.859 572.531 563.866 531.537 501.241 455.795 432.411 412.123 388.514 377.371 340.565 320.419 279.204 274.621 250.994 233.106 228.055 229.125 234.619 258.910 274.641 310.212 356.904 434.248 458.768 527.968 570.413 621.237
-999.250 -999.250 -999.250 -999.250 -999.250 -999.250 -999.250 -999.250 -999.250 -999.250 -999.250 -999.250 -999.250 779.469 777.077 768.848 -999.250 -999.250 -999.250 818.437 812.560 801.398 797.119 768.539 772.847 777.457 781.014 784.310 781.545 782.056 775.701 761.343 736.638 749.891 719.735 687.814 655.531 568.110 593.091 568.671 538.223 490.757 504.004 449.450 424.760 408.707 378.875 346.257 321.515 285.541 276.063 251.924 254.563 228.383 218.990 203.570 210.649 227.408 274.519 319.737 392.795 424.662 477.517 532.987 556.360
-999.250 -999.250 -999.250 -999.250 -999.250 -999.250 -999.250 -999.250 -999.250 -999.250 -999.250 777.356 764.433 773.808 757.309 753.672 -999.250 -999.250 793.999 845.010 852.095 867.079 838.656 814.969 822.444 842.051 842.995 825.451 840.408 820.589 800.579 799.345 761.406 750.241 730.369 703.763 663.930 606.192 587.834 581.864 543.507 519.393 493.341 447.376 427.663 418.955 374.365 362.000 327.826 307.066 282.300 245.974 230.771 221.555 201.043 188.219 178.948 209.559 245.192 297.776 340.924 385.769 429.601 451.493 487.110
-999.250 -999.250 -999.250 -999.250 -999.250 -999.250 -999.250 -999.250 -999.250 -999.250 -999.250 754.246 764.077 768.879 748.911 770.930 748.140 781.241 822.535 862.435 881.916 926.918 875.932 864.955 859.012 879.676 918.016 873.534 873.726 853.412 821.584 821.516 800.938 760.371 743.321 722.459 692.615 623.857 616.840 597.658 554.562 540.354 516.049 478.001 446.154 420.825 381.324 362.445 331.767 304.523 273.732 246.538 224.065 220.435 206.439 183.961 182.444 202.911 215.510 261.638 296.969 335.835 381.169 416.892 430.398
-999.250 -999.250 -999.250 -999.250 -999.250 -999.250 -999.250 -999.250 -999.250 -999.250 -999.250 -999.250 746.894 777.133 758.641 755.292 757.666 787.425 811.841 874.237 865.062 886.803 872.089 872.910 891.190 900.983 910.251 886.359 897.584 846.596 842.719 808.002 822.214 780.850 767.149 732.574 700.337 647.691 636.117 620.745 576.778 529.486 529.749 483.971 441.008 436.764 402.805 379.908 343.721 318.569 277.260 253.838 224.479 215.442 201.498 189.115 186.411 198.117 221.509 246.025 261.082 306.817 311.916 355.433 385.063
-999.250 -999.250 -999.250 -999.250 -999.250 -999.250 -999.250 -999.250 -999.250 -999.250 -999.250 -999.250 -999.250 772.486 788.029 769.146 770.143 814.815 841.169 849.444 875.765 886.644 872.174 868.635 903.625 909.638 909.699 940.573 939.714 881.566 867.887 816.359 804.220 818.377 797.242 742.108 713.611 682.942 629.798 615.611 561.687 558.283 518.765 496.808 472.562 460.386 414.927 390.552 343.338 329.390 304.202 258.242 233.006 214.087 212.302 193.959 191.497 206.964 212.777 225.701 235.536 270.530 282.251 303.106 331.494
-999.250 -999.250 -999.250 -999.250 -999.250 -999.250 -999.250 -999.250 -999.250 -999.250 -999.250 -999.250 -999.250 790.049 770.253 778.164 829.635 832.276 850.078 844.583 872.776 884.887 906.258 893.530 938.850 983.492 1027.211 953.375 928.308 926.312 914.585 877.718 842.690 851.025 774.312 737.346 719.165 720.326 659.404 616.537 584.339 571.970 546.436 525.233 502.632 459.150 434.324 407.663 358.496 314.696 304.743 274.443 237.256 216.327 210.239 201.829 187.167 200.573 199.492 207.023 215.831 231.586 239.155 274.968 292.616
-999.250 -999.250 -999.250 -999.250 -999.250 -999.250 -999.250 -999.250 -999.250 -999.250 -999.250 -999.250 -999.250 801.956 799.380 804.078 838.546 858.370 882.079 848.925 880.321 901.695 916.189 925.602 975.337 1064.029 1087.108 1111.916 1110.933 927.575 920.922 911.064 868.166 835.043 807.501 790.039 755.214 761.686 699.910 658.455 642.014 601.338 544.036 542.941 511.998 488.021 441.008 416.116 388.758 352.835 331.152 297.356 264.784 233.615 210.912 204.376 187.246 184.670 194.226 197.921 206.649 211.880 220.876 247.932 261.122
-999.250 -999.250 -999.250 -999.250 -999.250 -999.250 -999.250 -999.250 -999.250 -999.250 -999.250 -999.250 -999.250 -999.250 810.199 809.111 845.453 862.507 919.819 865.959 883.081 878.347 911.517 922.992 1030.938 1025.927 1177.682 1143.648 1166.196 1045.898 942.145 905.887 878.327 873.843 840.766 791.121 780.112 745.228 733.294 663.267 637.305 612.274 567.336 569.434 562.370 519.684 499.533 434.644 404.668 362.005 340.184 321.855 267.071 240.135 223.142 210.566 201.117 196.264 186.804 192.509 198.819 207.376 209.806 221.236 220.483
-999.250 -999.250 -999.250 -999.250 -999.250 -999.250 -999.250 -999.250 -999.250 -999.250 -999.250 -999.250 -999.250 -999.250 814.294 812.726 840.670 870.202 882.900 881.066 903.208 899.211 955.845 960.385 1040.933 1015.309 1076.060 1140.090 1245.592 1133.063 1030.068 913.469 903.789 854.092 813.274 807.254 750.253 749.518 699.454 657.699 657.786 631.490 597.081 577.986 566.478 552.329 527.139 462.236 416.358 396.384 363.449 328.983 285.130 268.330 251.530 217.328 204.872 210.012 203.290 186.322 189.285 193.877 195.986 196.466 200.412
-999.250 -999.250 -999.250 -999.250 -999.250 -999.250 -999.250 -999.250 -999.250 -999.250 -999.250 -999.250 -999.250 -999.250 818.701 852.677 873.165 876.417 855.834 840.210 857.569 891.397 954.109 956.858 1069.925 1107.761 1176.075 1171.290 1224.056 1140.058 979.747 887.873 865.321 857.210 824.009 811.598 757.223 755.165 719.319 711.269 689.322 688.123 665.475 634.633 602.165 579.246 541.906 505.988 441.884 417.864 390.347 336.001 321.259 269.709 253.301 229.953 215.021 212.073 200.133 186.098 189.150 182.868 188.397 193.539 189.222
-999.250 -999.250 -999.250 -999.250 -999.250 -999.250 -999.250 -999.250 -999.250 -999.250 -999.250 -999.250 -999.250 -999.250 817.348 836.676 842.165 844.227 835.146 833.561 818.785 887.027 920.479 964.737 1078.881 -999.250 1141.922 1164.828 1180.510 1010.809 964.975 902.348 867.989 877.720 805.071 821.139 789.786 761.348 741.178 713.752 702.973 696.008 700.329 656.106 660.176 588.344 580.350 534.045 468.666 428.588 414.713 390.612 359.644 316.700 287.306 241.645 222.876 211.885 209.740 191.737 177.902 176.535 178.750 177.860 173.484
