data/medianmodel_19-Jul-2020.asc
ncols	141
nrows	288
xllcorner	-120191.398
yllcorner	-301404.813
cellsize	2000.000
NODATA_value	-999.250
[rows 217 to 247 of 288, columns 0 to 69 of 141]
-999.250 -999.250 -999.250 -999.250 -999.250 -999.250 -999.250 -999.250 -999.250 -999.250 -999.250 -999.250 -999.250 -999.250 -999.250 -999.250 -999.250 -999.250 -999.250 -999.250 -999.250 -999.250 -999.250 -999.250 -999.250 -999.250 -999.250 -999.250 -999.250 -999.250 -999.250 6.658 7.767 7.139 6.448 5.312 3.132 0.913 0.951 2.002 2.032 3.760 1.587 1.233 1.551 1.083 3.026 5.218 4.830 7.248 8.220 8.278 7.742 10.126 8.959 8.218 6.912 7.378 7.392 6.129 5.455 2.465 2.685 0.627 0.000 0.000 6.003 11.612 15.701 19.614
-999.250 -999.250 -999.250 -999.250 -999.250 -999.250 -999.250 -999.250 -999.250 -999.250 -999.250 -999.250 -999.250 -999.250 -999.250 -999.250 -999.250 -999.250 -999.250 -999.250 -999.250 -999.250 -999.250 -999.250 -999.250 -999.250 -999.250 -999.250 -999.250 -999.250 -999.250 9.081 8.857 9.429 6.264 5.150 1.018 2.190 1.623 3.250 3.881 5.006 3.344 3.482 3.669 3.132 3.219 4.977 7.165 8.582 9.410 9.810 12.404 12.413 15.259 14.862 9.019 8.866 9.530 8.179 8.373 7.740 6.221 6.473 5.409 7.597 12.202 19.362 26.543 30.874
-999.250 -999.250 -999.250 -999.250 -999.250 -999.250 -999.250 -999.250 -999.250 -999.250 -999.250 -999.250 -999.250 -999.250 -999.250 -999.250 -999.250 -999.250 -999.250 -999.250 -999.250 -999.250 -999.250 -999.250 -999.250 -999.250 -999.250 -999.250 -999.250 -999.250 -999.250 9.264 8.406 9.968 8.105 4.530 3.152 2.901 4.324 3.364 5.350 6.831 5.520 4.962 3.149 2.024 3.133 5.740 9.002 9.147 11.736 12.878 15.562 16.849 18.304 14.272 17.114 13.920 11.338 12.559 11.005 11.085 10.231 9.675 10.925 11.048 18.845 26.957 36.903 44.475
-999.250 -999.250 -999.250 -999.250 -999.250 -999.250 -999.250 -999.250 -999.250 -999.250 -999.250 -999.250 -999.250 -999.250 -999.250 -999.250 -999.250 -999.250 -999.250 -999.250 -999.250 -999.250 -999.250 -999.250 -999.250 -999.250 -999.250 -999.250 -999.250 -999.250 -999.250 8.399 10.437 11.756 8.672 6.377 5.239 5.899 5.514 4.415 5.505 6.937 5.200 5.501 6.009 4.838 6.032 6.520 9.560 12.990 15.124 16.889 16.383 17.174 22.337 17.998 20.663 17.900 12.632 17.640 17.837 14.577 12.757 12.837 15.683 18.754 26.316 32.593 40.314 58.085
-999.250 -999.250 -999.250 -999.250 -999.250 -999.250 -999.250 -999.250 -999.250 -999.250 -999.250 -999.250 -999.250 -999.250 -999.250 -999.250 -999.250 -999.250 -999.250 -999.250 -999.250 -999.250 -999.250 -999.250 -999.250 -999.250 -999.250 -999.250 -999.250 -999.250 -999.250 9.580 10.300 8.716 7.750 6.581 5.622 7.032 4.867 4.930 3.880 5.555 6.284 2.614 6.211 3.554 6.634 10.146 12.162 18.919 19.243 24.711 24.999 26.092 25.619 29.023 26.487 25.537 21.958 19.839 18.451 19.041 17.357 15.331 18.431 24.124 25.117 32.754 40.957 57.269
-999.250 -999.250 -999.250 -999.250 -999.250 -999.250 -999.250 -999.250 -999.250 -999.250 -999.250 -999.250 -999.250 -999.250 -999.250 -999.250 -999.250 -999.250 -999.250 -999.250 -999.250 -999.250 -999.250 -999.250 -999.250 -999.250 -999.250 -999.250 -999.250 -999.250 -999.250 9.417 9.841 7.733 7.898 6.802 7.835 6.655 6.820 4.444 4.138 4.439 4.758 4.014 5.321 6.553 10.689 12.173 14.334 18.174 19.236 24.093 29.777 28.666 30.567 34.412 29.259 34.250 29.537 24.427 22.265 23.302 23.334 21.999 19.971 28.545 32.767 40.798 36.578 43.846
-999.250 -999.250 -999.250 -999.250 -999.250 -999.250 -999.250 -999.250 -999.250 -999.250 -999.250 -999.250 -999.250 -999.250 -999.250 -999.250 -999.250 -999.250 -999.250 -999.250 -999.250 -999.250 -999.250 -999.250 -999.250 -999.250 -999.250 -999.250 -999.250 -999.250 9.698 9.795 9.558 9.798 8.100 8.413 6.906 7.635 6.315 5.479 6.210 4.747 5.641 3.361 6.126 8.361 10.349 11.525 15.133 18.247 24.042 29.673 32.002 38.368 36.109 38.941 45.947 41.147 37.214 34.513 32.105 25.456 24.947 21.870 25.126 25.606 32.443 34.791 44.082 38.918
-999.250 -999.250 -999.250 -999.250 -999.250 -999.250 -999.250 -999.250 -999.250 -999.250 -999.250 -999.250 -999.250 -999.250 -999.250 -999.250 -999.250 -999.250 -999.250 -999.250 -999.250 -999.250 -999.250 -999.250 -999.250 -999.250 -999.250 -999.250 -999.250 -999.250 12.159 10.505 10.010 9.512 10.223 11.152 9.268 7.560 4.884 8.360 7.267 7.032 7.240 5.226 6.641 9.330 11.124 14.653 17.770 19.740 24.359 29.875 34.403 36.109 49.659 55.863 55.608 51.180 42.099 34.036 36.276 31.967 25.689 23.754 27.259 25.127 28.660 30.366 29.099 32.207
-999.250 -999.250 -999.250 -999.250 -999.250 -999.250 -999.250 -999.250 -999.250 -999.250 -999.250 -999.250 -999.250 -999.250 -999.250 -999.250 -999.250 -999.250 -999.250 -999.250 -999.250 -999.250 -999.250 -999.250 -999.250 -999.250 -999.250 -999.250 -999.250 -999.250 12.225 13.171 10.639 12.107 9.506 9.021 8.634 8.181 7.245 7.108 7.160 7.759 5.428 6.815 8.817 8.277 12.559 14.502 19.732 21.641 30.505 30.257 41.384 50.480 57.047 48.763 50.505 44.475 41.706 41.055 35.869 28.367 25.306 26.959 23.958 25.198 24.408 24.908 19.472 23.100
-999.250 -999.250 -999.250 -999.250 -999.250 -999.250 -999.250 -999.250 -999.250 -999.250 -999.250 -999.250 -999.250 -999.250 -999.250 -999.250 -999.250 -999.250 -999.250 -999.250 -999.250 -999.250 -999.250 -999.250 -999.250 -999.250 -999.250 -999.250 -999.250 -999.250 16.888 14.297 15.041 13.172 12.685 11.613 12.580 10.547 8.512 8.651 9.415 7.427 8.789 7.995 9.589 10.006 12.610 15.103 19.622 25.461 32.245 29.821 33.467 46.337 50.176 54.301 50.384 53.218 53.028 42.462 36.411 28.926 24.459 19.416 18.153 22.582 20.349 17.474 14.968 12.546
-999.250 -999.250 -999.250 -999.250 -999.250 -999.250 -999.250 -999.250 -999.250 -999.250 -999.250 -999.250 -999.250 -999.250 -999.250 -999.250 -999.250 -999.250 -999.250 -999.250 -999.250 -999.250 -999.250 -999.250 -999.250 -999.250 -999.250 -999.250 -999.250 17.670 16.872 19.352 18.100 15.596 15.692 14.266 12.027 13.374 10.544 10.380 9.986 10.875 9.894 10.733 9.902 11.363 12.478 15.413 21.539 25.198 30.367 33.044 31.134 44.950 43.857 44.529 52.315 63.735 47.476 47.476 42.949 33.349 29.097 20.702 15.010 16.265 13.960 11.766 8.826 9.224
-999.250 -999.250 -999.250 -999.250 -999.250 -999.250 -999.250 -999.250 -999.250 -999.250 -999.250 -999.250 -999.250 -999.250 -999.250 -999.250 -999.250 -999.250 -999.250 -999.250 -999.250 -999.250 -999.250 -999.250 -999.250 -999.250 -999.250 -999.250 -999.250 16.313 19.758 22.524 23.120 17.660 16.106 16.302 16.896 16.346 15.472 13.008 13.274 11.513 11.423 11.330 10.135 10.484 15.729 17.815 24.096 27.210 26.099 29.820 33.083 46.735 53.464 44.330 47.769 51.089 40.390 36.217 29.468 31.070 27.414 24.656 16.525 14.092 10.414 8.434 6.289 3.607
-999.250 -999.250 -999.250 -999.250 -999.250 -999.250 -999.250 -999.250 -999.250 -999.250 -999.250 -999.250 -999.250 -999.250 -999.250 -999.250 -999.250 -999.250 -999.250 -999.250 -999.250 -999.250 -999.250 -999.250 -999.250 -999.250 -999.250 -999.250 15.444 16.311 20.495 24.819 21.646 19.233 17.319 22.042 31.260 22.796 18.959 17.449 16.697 14.286 12.511 10.190 10.853 15.900 18.391 17.800 21.765 21.309 23.485 27.388 37.271 41.819 40.557 38.344 36.949 39.100 32.633 34.691 23.031 22.725 22.453 15.940 12.811 10.970 8.165 4.782 1.945 0.000
-999.250 -999.250 -999.250 -999.250 -999.250 -999.250 -999.250 -999.250 -999.250 -999.250 -999.250 -999.250 -999.250 -999.250 -999.250 -999.250 -999.250 -999.250 -999.250 -999.250 -999.250 -999.250 -999.250 -999.250 -999.250 -999.250 -999.250 -999.250 15.633 17.915 25.889 26.471 26.762 22.693 25.065 26.410 24.585 24.156 23.001 17.964 16.087 12.508 10.558 12.004 11.419 12.703 14.092 14.674 16.776 18.566 20.144 25.449 29.640 30.414 29.743 30.054 31.693 27.319 24.169 20.991 19.646 16.871 13.934 12.603 10.549 6.234 6.180 2.024 0.000 0.000
-999.250 -999.250 -999.250 -999.250 -999.250 -999.250 -999.250 -999.250 -999.250 -999.250 -999.250 -999.250 -999.250 -999.250 -999.250 -999.250 -999.250 -999.250 -999.250 -999.250 -999.250 -999.250 -999.250 -999.250 -999.250 -999.250 -999.250 14.524 20.322 22.007 27.615 29.140 26.785 22.919 25.656 23.186 22.668 25.539 20.621 15.388 14.570 13.570 11.713 12.067 10.955 10.046 13.569 14.329 15.736 17.973 16.043 21.693 19.446 21.317 24.631 24.496 26.804 20.767 26.014 14.915 15.128 12.055 11.311 9.857 7.234 5.855 2.193 0.088 0.000 0.000
-999.250 -999.250 -999.250 -999.250 -999.250 -999.250 -999.250 -999.250 -999.250 -999.250 -999.250 -999.250 -999.250 -999.250 -999.250 -999.250 -999.250 -999.250 -999.250 -999.250 -999.250 -999.250 -999.250 -999.250 -999.250 -999.250 -999.250 15.631 20.040 28.270 30.919 36.456 28.386 23.077 25.990 26.654 24.084 21.265 20.498 17.124 14.444 15.522 13.914 14.646 11.476 11.173 13.028 12.633 13.776 13.968 15.285 15.731 14.619 16.017 14.684 21.111 18.693 15.067 15.528 13.692 10.732 9.152 7.314 6.640 4.205 0.536 0.000 0.000 0.000 0.000
-999.250 -999.250 -999.250 -999.250 -999.250 -999.250 -999.250 -999.250 -999.250 -999.250 -999.250 -999.250 -999.250 -999.250 -999.250 -999.250 -999.250 -999.250 -999.250 -999.250 -999.250 -999.250 -999.250 -999.250 -999.250 -999.250 -999.250 -999.250 21.102 28.309 27.951 26.993 20.808 24.283 25.607 23.627 21.613 18.806 16.687 14.406 16.057 14.809 13.330 13.050 10.890 9.687 13.823 14.148 14.984 13.514 13.911 12.239 13.181 13.417 10.383 13.710 12.120 11.899 10.598 9.159 8.078 5.898 2.925 2.595 0.017 0.000 0.000 0.000 0.000 0.000
-999.250 -999.250 -999.250 -999.250 -999.250 -999.250 -999.250 -999.250 -999.250 -999.250 -999.250 -999.250 -999.250 -999.250 -999.250 -999.250 -999.250 -999.250 -999.250 -999.250 -999.250 -999.250 -999.250 -999.250 -999.250 -999.250 -999.250 -999.250 -999.250 -999.250 23.757 19.777 25.395 21.481 26.147 26.649 20.833 16.674 15.269 16.018 14.978 13.961 12.057 12.175 9.557 10.695 13.054 12.344 12.724 13.543 12.714 10.292 10.666 11.628 9.866 9.818 8.967 8.390 6.516 4.187 2.841 1.052 0.145 0.000 0.000 0.000 0.000 0.000 0.000 0.000
-999.250 -999.250 -999.250 -999.250 -999.250 -999.250 -999.250 -999.250 -999.250 -999.250 -999.250 -999.250 -999.250 -999.250 -999.250 -999.250 -999.250 -999.250 -999.250 -999.250 -999.250 -999.250 -999.250 -999.250 -999.250 -999.250 -999.250 -999.250 -999.250 -999.250 29.310 27.599 20.675 24.130 19.437 20.082 17.798 17.620 17.655 17.961 16.395 13.704 13.274 9.345 10.247 10.878 12.002 10.616 10.573 11.633 14.297 10.295 8.657 9.214 7.777 7.270 5.823 5.626 1.751 1.497 0.000 0.000 0.000 0.000 0.000 0.000 0.000 0.000 0.000 0.000
-999.250 -999.250 -999.250 -999.250 -999.250 -999.250 -999.250 -999.250 -999.250 -999.250 -999.250 -999.250 -999.250 -999.250 -999.250 -999.250 -999.250 -999.250 -999.250 -999.250 -999.250 -999.250 -999.250 -999.250 -999.250 -999.250 -999.250 -999.250 -999.250 -999.250 25.858 25.006 19.243 21.034 21.899 19.546 21.200 16.146 19.078 20.247 16.286 15.275 16.952 11.321 10.566 9.773 8.683 8.544 9.367 9.880 9.321 7.859 7.664 7.245 5.872 4.789 3.052 1.774 0.000 0.000 0.000 0.000 0.000 0.000 0.000 0.000 0.000 0.000 0.000 0.000
-999.250 -999.250 -999.250 -999.250 -999.250 -999.250 -999.250 -999.250 -999.250 -999.250 -999.250 -999.250 -999.250 -999.250 -999.250 -999.250 -999.250 -999.250 -999.250 -999.250 -999.250 -999.250 -999.250 -999.250 -999.250 -999.250 -999.250 -999.250 -999.250 -999.250 -999.250 24.974 19.733 20.259 16.769 19.489 16.635 16.143 18.491 18.256 16.738 16.859 13.473 10.334 8.359 8.163 6.191 6.934 7.875 7.656 8.066 5.606 6.076 3.668 3.188 0.390 0.000 0.000 0.000 0.000 0.000 0.000 0.000 0.000 0.000 0.000 0.000 0.000 0.000 0.000
-999.250 -999.250 -999.250 -999.250 -999.250 -999.250 -999.250 -999.250 -999.250 -999.250 -999.250 -999.250 -999.250 -999.250 -999.250 -999.250 -999.250 -999.250 -999.250 -999.250 -999.250 -999.250 -999.250 -999.250 -999.250 -999.250 -999.250 -999.250 -999.250 -999.250 18.622 18.535 18.982 21.068 16.534 15.637 15.776 13.722 13.803 19.013 17.981 15.996 14.635 10.952 8.948 8.764 6.623 6.329 7.558 7.219 4.966 3.270 3.447 0.927 0.776 0.000 0.000 0.000 0.000 0.000 0.000 0.000 0.000 0.000 0.000 0.000 0.000 0.000 0.000 0.000
-999.250 -999.250 -999.250 -999.250 -999.250 -999.250 -999.250 -999.250 -999.250 -999.250 -999.250 -999.250 -999.250 -999.250 -999.250 -999.250 -999.250 -999.250 -999.250 -999.250 -999.250 -999.250 -999.250 -999.250 -999.250 -999.250 -999.250 -999.250 -999.250 -999.250 -999.250 18.596 21.585 20.518 18.282 14.445 15.937 12.846 11.776 17.119 17.553 16.330 14.318 10.609 7.704 6.423 5.561 6.231 6.126 3.668 1.606 1.193 0.000 0.000 0.000 0.000 0.000 0.000 0.000 0.000 0.000 0.000 0.000 0.000 0.000 0.000 0.000 0.000 0.000 0.000
-999.250 -999.250 -999.250 -999.250 -999.250 -999.250 -999.250 -999.250 -999.250 -999.250 -999.250 -999.250 -999.250 -999.250 -999.250 -999.250 -999.250 -999.250 -999.250 -999.250 -999.250 -999.250 -999.250 -999.250 -999.250 -999.250 -999.250 -999.250 -999.250 -999.250 13.986 15.662 20.411 19.554 16.574 15.104 12.425 11.656 12.031 12.789 11.195 11.022 10.742 10.252 6.066 7.995 6.489 4.143 4.328 0.282 0.000 0.000 0.000 0.000 0.000 0.000 0.000 0.000 0.000 0.000 0.000 0.000 0.000 0.000 0.000 0.000 0.000 0.000 0.000 0.000
-999.250 -999.250 -999.250 -999.250 -999.250 -999.250 -999.250 -999.250 -999.250 -999.250 -999.250 -999.250 -999.250 -999.250 -999.250 -999.250 -999.250 -999.250 -999.250 -999.250 -999.250 -999.250 -999.250 -999.250 -999.250 -999.250 -999.250 -999.250 -999.250 -999.250 11.133 13.524 19.669 16.326 15.071 14.666 10.731 8.787 11.381 10.394 10.002 10.730 9.071 7.642 7.169 6.138 5.133 5.959 3.633 2.357 0.000 0.000 0.000 0.000 0.000 0.000 0.000 0.000 0.000 0.000 0.000 0.000 0.000 0.000 0.000 0.000 0.000 0.000 0.000 0.000
-999.250 -999.250 -999.250 -999.250 -999.250 -999.250 -999.250 -999.250 -999.250 -999.250 -999.250 -999.250 -999.250 -999.250 -999.250 -999.250 -999.250 -999.250 -999.250 -999.250 -999.250 -999.250 -999.250 -999.250 -999.250 -999.250 -999.250 -999.250 -999.250 -999.250 12.445 13.518 13.626 15.311 13.550 10.107 9.257 8.898 10.500 10.156 8.664 8.514 6.951 8.205 6.534 7.067 6.749 3.739 4.072 0.649 0.000 0.000 0.000 0.000 0.000 0.000 0.000 0.000 0.000 0.000 0.000 0.000 0.000 0.000 0.000 0.000 0.000 0.000 0.000 0.000
-999.250 -999.250 -999.250 -999.250 -999.250 -999.250 -999.250 -999.250 -999.250 -999.250 -999.250 -999.250 -999.250 -999.250 -999.250 -999.250 -999.250 -999.250 -999.250 -999.250 -999.250 -999.250 -999.250 -999.250 -999.250 -999.250 -999.250 -999.250 -999.250 -999.250 12.776 14.077 13.333 14.906 13.902 10.118 8.144 8.852 9.943 10.876 9.590 7.458 8.357 6.280 6.887 5.382 3.902 4.796 3.563 1.176 0.000 0.000 0.000 0.000 0.000 0.000 0.000 0.000 0.000 0.000 0.000 0.000 0.000 0.000 0.000 0.000 0.000 0.000 0.000 0.000
-999.250 -999.250 -999.250 -999.250 -999.250 -999.250 -999.250 -999.250 -999.250 -999.250 -999.250 -999.250 -999.250 -999.250 -999.250 -999.250 -999.250 -999.250 -999.250 -999.250 -999.250 -999.250 -999.250 -999.250 -999.250 -999.250 -999.250 -999.250 -999.250 -999.250 12.786 15.714 13.411 13.156 12.130 9.839 9.034 8.446 9.618 11.008 8.400 7.689 7.367 6.472 6.067 6.997 5.583 3.344 1.589 0.130 0.000 0.000 0.000 0.000 0.000 0.000 0.000 0.000 0.000 0.000 0.000 0.000 0.000 0.000 0.000 0.000 0.000 0.000 0.000 0.000
-999.250 -999.250 -999.250 -999.250 -999.250 -999.250 -999.250 -999.250 -999.250 -999.250 -999.250 -999.250 -999.250 -999.250 -999.250 -999.250 -999.250 -999.250 -999.250 -999.250 -999.250 -999.250 -999.250 -999.250 -999.250 -999.250 -999.250 -999.250 -999.250 -999.250 -999.250 11.047 13.255 13.359 11.691 10.708 8.871 10.331 8.147 8.379 9.209 7.496 6.700 5.731 7.069 5.360 2.751 1.156 1.865 0.833 0.186 0.000 0.000 0.000 0.000 0.000 0.000 0.000 0.000 0.000 0.000 0.000 0.000 0.000 0.000 0.000 0.063 0.110 0.000 0.000
-999.250 -999.250 -999.250 -999.250 -999.250 -999.250 -999.250 -999.250 -999.250 -999.250 -999.250 -999.250 -999.250 -999.250 -999.250 -999.250 -999.250 -999.250 -999.250 -999.250 -999.250 -999.250 -999.250 -999.250 -999.250 -999.250 -999.250 -999.250 -999.250 -999.250 -999.250 11.338 11.213 12.528 11.588 10.803 10.953 9.184 8.303 7.450 8.263 6.988 6.420 6.729 5.020 5.773 4.332 2.276 0.304 0.000 0.996 0.000 0.000 0.000 0.000 0.000 0.000 0.000 0.000 0.000 0.000 0.000 0.000 0.762 2.024 2.485 0.736 1.879 0.968 0.168
-999.250 -999.250 -999.250 -999.250 -999.250 -999.250 -999.250 -999.250 -999.250 -999.250 -999.250 -999.250 -999.250 -999.250 -999.250 -999.250 -999.250 -999.250 -999.250 -999.250 -999.250 -999.250 -999.250 -999.250 -999.250 -999.250 -999.250 -999.250 -999.250 -999.250 11.923 10.349 9.088 10.875 10.997 10.122 10.185 8.884 9.558 8.722 8.666 8.383 6.749 4.602 6.107 5.345 4.526 2.550 0.016 0.000 0.000 0.000 0.000 0.000 0.000 0.000 0.000 0.000 0.000 0.000 0.000 1.266 3.456 4.092 4.524 6.269 3.948 2.804 2.367 1.740
