data/medianmodel_08-Jun-2020.asc
ncols	141
nrows	288
xllcorner	-120191.398
yllcorner	-301404.813
cellsize	2000.000
NODATA_value	-999.250
[rows 186 to 216 of 288, columns 0 to 68 of 141]
117.108 94.666 119.021 127.937 126.420 129.344 104.734 134.497 126.148 188.298 222.242 235.809 223.286 191.922 138.149 143.075 138.792 123.528 -999.250 -999.250 -999.250 -999.250 -999.250 45.753 40.030 44.805 38.039 39.563 30.377 32.072 24.695 24.828 25.813 29.739 24.824 25.132 23.361 22.922 27.414 25.907 22.006 25.846 17.938 12.305 14.232 18.648 15.789 16.224 12.489 17.148 16.369 13.559 12.806 9.443 7.880 8.613 8.852 5.626 5.175 5.756 6.096 3.199 0.000 0.098 0.000 0.000 0.000 0.000 0.000
-999.250 121.231 97.507 108.926 107.379 118.495 100.527 92.920 144.836 153.029 218.874 247.991 255.288 202.845 127.584 109.107 120.250 88.443 -999.250 -999.250 -999.250 -999.250 40.813 35.935 45.370 42.797 38.228 25.938 24.916 23.393 30.039 34.875 24.563 24.034 30.112 30.021 31.122 23.977 29.120 27.528 25.880 22.422 16.398 19.476 16.276 17.647 15.435 11.982 12.697 9.434 11.323 10.160 11.239 6.982 8.739 6.643 6.105 5.646 6.024 6.736 6.152 4.282 2.304 0.000 0.000 0.000 0.000 0.000 0.000
-999.250 98.570 84.184 78.201 96.404 127.226 121.220 121.717 124.441 129.380 179.664 204.620 221.098 170.401 138.517 108.927 93.805 89.003 -999.250 -999.250 -999.250 52.235 -999.250 37.059 36.479 47.499 33.729 22.068 17.419 23.170 24.372 22.975 21.740 28.190 30.685 29.327 23.537 25.225 25.579 23.523 20.505 13.129 20.883 12.686 15.666 15.926 13.225 9.523 7.613 10.164 9.680 12.455 9.684 8.368 10.040 5.571 5.836 7.698 5.348 4.460 4.347 3.503 1.173 0.921 0.000 0.000 0.000 0.000 0.000
-999.250 100.618 58.490 65.675 76.462 106.116 110.469 94.145 78.646 93.356 96.728 121.185 167.576 115.026 106.918 111.903 113.905 -999.250 -999.250 -999.250 -999.250 37.310 31.651 24.195 21.132 29.246 27.859 20.498 15.480 18.862 16.768 28.389 32.664 28.005 31.925 32.817 25.851 29.527 25.023 20.648 18.125 15.396 14.162 12.696 12.662 15.995 16.362 11.263 9.886 5.604 7.221 6.258 8.268 6.651 5.056 5.856 8.941 7.379 6.563 6.137 4.004 4.897 1.377 1.321 1.308 0.000 0.097 0.000 0.173
-999.250 76.188 67.579 63.668 50.901 89.895 86.214 71.807 55.405 74.546 55.920 81.169 85.578 104.940 104.611 84.029 83.137 -999.250 -999.250 -999.250 33.144 33.249 26.035 23.837 22.202 23.534 21.425 20.997 20.215 15.383 16.412 26.064 26.300 28.392 25.791 29.363 29.444 21.119 20.395 14.619 17.293 15.409 15.238 14.669 13.606 12.240 14.431 12.927 11.720 10.139 7.038 7.999 6.500 8.940 5.910 5.164 6.878 8.521 5.096 2.460 3.525 2.490 2.896 0.253 1.581 1.543 1.825 1.044 0.000
-999.250 -999.250 -999.250 61.162 -999.250 -999.250 100.188 67.435 66.439 -999.250 -999.250 -999.250 75.007 85.669 -999.250 -999.250 -999.250 -999.250 -999.250 -999.250 32.102 30.849 28.618 25.988 20.625 20.272 16.358 16.155 19.606 16.338 17.052 25.283 22.030 23.780 25.245 25.818 24.757 20.847 18.671 14.960 13.925 14.263 10.939 13.051 11.637 12.682 8.169 10.983 10.360 11.644 10.008 10.387 8.001 8.411 6.766 5.107 4.200 3.062 0.766 1.029 2.655 3.301 1.488 0.325 1.967 1.294 3.359 0.597 0.000
-999.250 -999.250 -999.250 -999.250 -999.250 -999.250 -999.250 -999.250 -999.250 -999.250 -999.250 -999.250 -999.250 77.673 72.536 55.231 -999.250 -999.250 -999.250 41.117 36.967 36.100 27.052 26.128 30.704 22.389 16.567 19.356 20.973 28.603 27.439 19.319 26.897 28.425 23.191 25.253 20.804 21.366 20.185 18.224 13.237 13.186 15.069 10.193 9.463 8.885 7.425 6.285 10.083 9.932 9.112 9.375 7.355 8.167 7.820 4.181 1.200 2.419 4.139 2.995 4.577 1.875 0.857 2.965 2.606 0.000 1.895 1.281 0.000
-999.250 -999.250 -999.250 -999.250 -999.250 -999.250 -999.250 -999.250 -999.250 -999.250 -999.250 43.460 45.365 57.816 47.402 78.088 -999.250 -999.250 37.823 69.198 45.430 50.604 42.894 35.537 26.712 16.607 14.311 21.603 27.445 34.341 27.708 29.821 23.977 26.799 21.321 20.835 19.025 15.758 13.964 15.849 15.048 13.331 11.911 10.902 5.203 6.572 4.783 6.213 5.941 9.948 11.368 9.813 9.237 8.186 5.263 5.992 6.391 3.489 3.971 3.242 3.949 2.387 1.488 0.856 0.505 0.357 1.211 0.000 0.000
-999.250 -999.250 -999.250 -999.250 -999.250 -999.250 -999.250 -999.250 -999.250 -999.250 -999.250 62.204 52.440 57.717 88.110 63.067 57.179 54.609 46.108 42.618 55.825 82.289 51.496 39.708 20.786 14.224 20.227 23.687 25.411 32.256 25.758 23.757 25.344 19.310 21.218 19.577 16.963 17.077 13.891 13.031 13.609 13.345 15.759 11.229 9.616 6.760 10.086 8.535 10.319 9.344 8.053 9.787 10.266 14.180 6.921 8.804 7.143 5.152 3.691 5.121 2.450 0.555 0.903 3.311 4.567 2.359 3.442 0.000 0.000
-999.250 -999.250 -999.250 -999.250 -999.250 -999.250 -999.250 -999.250 -999.250 -999.250 -999.250 -999.250 70.321 58.678 78.070 89.866 88.225 50.712 49.653 50.908 50.742 57.588 38.481 35.046 23.818 18.413 20.809 20.662 25.323 26.445 21.148 23.016 20.249 25.093 25.190 23.330 14.318 12.767 15.135 13.190 15.614 14.437 10.874 13.546 12.344 12.373 12.451 14.165 11.828 11.171 11.774 9.713 11.446 11.221 13.333 11.898 9.901 4.384 4.681 5.016 3.739 1.577 4.357 4.406 1.237 2.598 1.155 1.730 0.000
-999.250 -999.250 -999.250 -999.250 -999.250 -999.250 -999.250 -999.250 -999.250 -999.250 -999.250 -999.250 -999.250 64.659 63.898 70.093 58.733 59.855 52.382 35.192 40.282 38.542 36.366 34.756 32.629 24.961 26.525 25.117 30.900 23.838 21.971 26.453 22.979 19.124 22.374 19.206 18.079 17.017 15.702 14.760 17.178 14.137 12.234 12.384 14.112 11.560 15.604 12.927 15.074 13.234 12.390 10.009 10.893 10.052 11.981 11.505 7.932 5.542 1.530 1.507 1.268 3.071 3.050 4.994 3.741 2.318 0.441 1.817 0.000
-999.250 -999.250 -999.250 -999.250 -999.250 -999.250 -999.250 -999.250 -999.250 -999.250 -999.250 -999.250 -999.250 44.091 60.969 69.055 49.473 51.691 49.943 47.104 27.607 32.891 34.846 35.562 29.809 24.299 20.782 25.797 20.008 20.172 20.662 28.886 26.230 27.345 23.718 21.827 17.651 15.479 17.487 18.944 14.124 16.451 13.634 14.644 14.749 13.534 13.758 15.844 10.128 12.454 9.906 7.960 9.893 6.769 9.023 7.609 7.245 5.030 2.140 4.525 2.896 3.000 2.218 4.790 2.966 0.000 0.000 1.163 0.000
-999.250 -999.250 -999.250 -999.250 -999.250 -999.250 -999.250 -999.250 -999.250 -999.250 -999.250 -999.250 -999.250 46.675 55.739 50.518 36.107 29.117 28.474 21.673 28.082 33.954 30.846 27.951 28.398 22.392 18.659 24.642 19.891 25.521 29.116 21.570 26.209 29.233 21.822 23.357 20.679 22.563 20.121 15.400 19.020 21.164 16.223 15.544 13.931 13.730 12.975 10.857 11.222 11.103 8.151 10.355 7.522 7.050 4.428 6.776 4.929 7.226 2.674 2.180 4.426 4.817 0.441 0.680 1.863 0.000 0.000 0.000 0.000
-999.250 -999.250 -999.250 -999.250 -999.250 -999.250 -999.250 -999.250 -999.250 -999.250 -999.250 -999.250 -999.250 -999.250 40.791 39.515 25.040 26.825 25.069 15.734 22.276 34.868 36.678 31.465 32.413 20.354 19.489 23.706 22.451 22.180 27.796 27.727 27.623 23.581 20.843 20.628 21.783 22.919 22.545 14.659 14.198 13.817 12.395 19.307 19.053 13.918 11.094 11.340 9.490 7.046 9.070 10.611 10.575 6.729 4.033 3.437 6.017 5.519 2.730 2.039 0.163 0.506 0.000 0.000 1.926 0.892 0.558 0.000 0.849
-999.250 -999.250 -999.250 -999.250 -999.250 -999.250 -999.250 -999.250 -999.250 -999.250 -999.250 -999.250 -999.250 -999.250 35.422 33.895 29.675 25.800 22.338 19.250 34.954 35.422 31.457 30.766 29.745 22.693 23.908 18.911 26.058 23.528 16.928 25.139 32.218 28.361 20.325 14.389 20.955 16.950 17.942 15.357 12.806 12.867 15.792 17.750 14.660 15.964 13.766 10.533 8.583 5.833 8.225 11.519 11.403 7.488 6.140 3.620 7.663 3.872 4.336 0.309 0.000 0.000 0.000 1.266 0.705 1.784 0.065 0.072 0.000
-999.250 -999.250 -999.250 -999.250 -999.250 -999.250 -999.250 -999.250 -999.250 -999.250 -999.250 -999.250 -999.250 -999.250 32.589 35.981 35.251 29.440 22.150 20.672 29.715 32.100 28.954 36.958 25.057 29.565 25.005 18.930 21.309 16.924 22.585 22.985 24.214 23.413 18.072 24.570 17.965 14.828 11.750 14.925 15.213 14.616 18.433 16.682 19.118 15.801 13.689 12.932 8.689 7.704 8.346 11.253 9.756 8.684 2.931 3.766 6.055 5.092 4.374 1.249 1.295 0.000 0.861 0.000 1.663 1.678 0.000 0.000 0.000
-999.250 -999.250 -999.250 -999.250 -999.250 -999.250 -999.250 -999.250 -999.250 -999.250 -999.250 -999.250 -999.250 -999.250 38.106 33.955 35.924 33.457 30.702 27.455 26.889 25.803 24.539 33.002 29.969 -999.250 22.609 23.855 22.941 24.642 23.168 25.863 19.989 22.601 15.310 20.138 20.066 22.069 16.122 16.295 18.990 13.800 15.380 16.700 14.762 12.360 12.351 10.961 11.635 8.805 8.420 8.494 9.088 7.409 3.905 4.371 3.463 4.682 0.493 0.034 0.000 0.000 0.570 0.000 2.105 2.808 0.594 0.000 0.000
-999.250 -999.250 -999.250 -999.250 -999.250 -999.250 -999.250 -999.250 -999.250 -999.250 -999.250 -999.250 -999.250 -999.250 35.107 42.134 30.222 32.434 32.132 29.489 32.245 28.152 25.888 -999.250 -999.250 -999.250 24.581 27.222 22.452 20.165 18.678 20.912 18.649 19.982 19.592 17.538 18.363 21.875 20.431 21.216 21.329 18.062 18.596 16.193 9.678 13.283 10.211 9.083 9.989 9.615 8.002 7.519 7.104 6.496 5.215 5.480 5.139 1.873 0.000 1.718 0.000 1.123 0.000 0.000 0.000 0.000 0.583 0.000 0.000
-999.250 -999.250 -999.250 -999.250 -999.250 -999.250 -999.250 -999.250 -999.250 -999.250 -999.250 -999.250 -999.250 45.311 39.198 49.574 37.299 38.357 31.938 39.497 43.942 34.337 -999.250 -999.250 -999.250 -999.250 -999.250 21.448 21.529 22.837 15.887 24.850 19.197 22.130 18.862 18.680 22.665 22.087 15.701 15.016 21.125 14.296 16.956 16.249 13.175 12.370 11.690 13.575 13.349 10.593 10.359 9.116 6.488 4.964 4.345 5.834 5.662 4.675 3.013 1.215 0.000 1.303 0.185 0.000 0.000 0.000 0.786 0.000 0.000
-999.250 -999.250 -999.250 -999.250 -999.250 -999.250 -999.250 -999.250 -999.250 -999.250 -999.250 -999.250 -999.250 44.255 41.535 39.746 29.688 30.556 29.751 36.083 -999.250 -999.250 -999.250 -999.250 -999.250 -999.250 -999.250 -999.250 24.670 25.010 19.997 19.010 19.530 20.307 25.786 22.495 21.903 18.850 15.005 19.784 21.832 24.751 20.275 15.488 17.545 15.443 13.689 15.911 13.366 9.865 9.020 6.821 6.019 3.899 4.591 3.136 3.475 5.629 3.637 0.998 2.432 0.985 0.000 0.000 0.908 1.003 0.000 0.000 0.000
-999.250 -999.250 -999.250 -999.250 -999.250 -999.250 -999.250 -999.250 -999.250 -999.250 -999.250 -999.250 49.946 38.629 -999.250 -999.250 -999.250 -999.250 -999.250 -999.250 -999.250 -999.250 -999.250 -999.250 -999.250 -999.250 -999.250 -999.250 -999.250 27.354 25.361 22.892 23.737 23.158 30.440 27.074 25.614 18.285 21.957 21.233 14.298 21.713 22.813 19.849 14.179 11.792 12.125 12.236 15.135 10.169 9.410 4.750 6.339 4.953 4.149 5.614 4.354 3.007 4.174 2.747 0.273 0.875 0.696 0.000 0.000 0.000 0.000 0.000 0.000
-999.250 -999.250 -999.250 -999.250 -999.250 -999.250 -999.250 -999.250 -999.250 -999.250 -999.250 -999.250 -999.250 -999.250 -999.250 -999.250 -999.250 -999.250 -999.250 -999.250 -999.250 -999.250 -999.250 -999.250 -999.250 -999.250 -999.250 -999.250 -999.250 -999.250 15.602 15.853 19.919 23.058 24.120 25.086 20.177 20.696 20.640 18.843 14.067 17.560 19.610 16.162 15.716 13.698 11.835 15.942 15.083 13.277 9.855 6.217 6.093 5.049 4.947 6.401 4.752 5.065 2.947 0.000 0.000 0.000 0.000 0.000 0.000 0.000 0.000 0.000 0.000
-999.250 -999.250 -999.250 -999.250 -999.250 -999.250 -999.250 -999.250 -999.250 -999.250 -999.250 -999.250 -999.250 -999.250 -999.250 -999.250 -999.250 -999.250 -999.250 -999.250 -999.250 -999.250 -999.250 -999.250 -999.250 -999.250 -999.250 -999.250 -999.250 -999.250 15.544 13.737 17.502 26.809 26.673 20.432 19.984 28.427 20.027 18.320 18.171 14.046 17.946 20.746 13.957 13.236 11.388 14.807 13.865 12.417 9.956 9.044 8.683 5.297 5.391 7.437 5.663 5.048 4.093 0.893 0.000 0.192 0.451 0.000 0.000 0.000 0.000 0.000 0.000
-999.250 -999.250 -999.250 -999.250 -999.250 -999.250 -999.250 -999.250 -999.250 -999.250 -999.250 -999.250 -999.250 -999.250 -999.250 -999.250 -999.250 -999.250 -999.250 -999.250 -999.250 -999.250 -999.250 -999.250 -999.250 -999.250 -999.250 -999.250 -999.250 -999.250 17.191 14.400 17.705 24.959 22.149 27.509 19.856 23.442 17.175 16.180 17.114 16.332 13.912 21.711 13.918 10.404 11.067 15.443 12.164 11.096 9.857 9.187 10.186 11.200 8.357 6.669 6.573 3.659 1.625 1.101 0.000 0.000 0.000 0.000 0.000 0.000 0.000 0.000 0.000
-999.250 -999.250 -999.250 -999.250 -999.250 -999.250 -999.250 -999.250 -999.250 -999.250 -999.250 -999.250 -999.250 -999.250 -999.250 -999.250 -999.250 -999.250 -999.250 -999.250 -999.250 -999.250 -999.250 -999.250 -999.250 -999.250 -999.250 -999.250 -999.250 -999.250 -999.250 14.363 18.092 15.539 14.849 22.004 18.800 17.680 16.748 16.285 18.462 17.569 25.731 13.349 11.691 11.367 11.908 12.456 11.348 9.504 8.224 8.433 8.458 7.269 4.814 5.340 1.695 3.341 2.422 2.173 0.026 0.000 0.000 0.000 0.000 0.000 0.000 0.000 0.000
-999.250 -999.250 -999.250 -999.250 -999.250 -999.250 -999.250 -999.250 -999.250 -999.250 -999.250 -999.250 -999.250 -999.250 -999.250 -999.250 -999.250 -999.250 -999.250 -999.250 -999.250 -999.250 -999.250 -999.250 -999.250 -999.250 -999.250 -999.250 -999.250 -999.250 -999.250 16.564 21.064 15.448 19.777 21.631 21.641 15.113 14.611 17.453 14.687 17.031 15.538 12.594 11.941 11.115 14.080 12.703 10.781 8.557 8.741 6.825 7.423 4.340 5.159 5.152 3.352 3.563 0.212 0.000 0.501 0.000 0.000 0.000 0.000 0.000 0.000 0.000 0.000
-999.250 -999.250 -999.250 -999.250 -999.250 -999.250 -999.250 -999.250 -999.250 -999.250 -999.250 -999.250 -999.250 -999.250 -999.250 -999.250 -999.250 -999.250 -999.250 -999.250 -999.250 -999.250 -999.250 -999.250 -999.250 -999.250 -999.250 -999.250 -999.250 -999.250 -999.250 20.129 20.005 15.046 16.276 25.234 17.447 13.857 10.251 11.953 14.202 12.236 16.334 15.051 11.200 13.146 13.306 12.070 9.184 6.535 8.413 7.638 5.174 4.307 5.837 3.982 5.694 3.614 0.326 0.000 0.000 0.086 0.000 0.000 0.000 0.000 0.000 0.000 0.000
-999.250 -999.250 -999.250 -999.250 -999.250 -999.250 -999.250 -999.250 -999.250 -999.250 -999.250 -999.250 -999.250 -999.250 -999.250 -999.250 -999.250 -999.250 -999.250 -999.250 -999.250 -999.250 -999.250 -999.250 -999.250 -999.250 -999.250 -999.250 -999.250 -999.250 -999.250 19.234 20.380 17.065 16.178 18.801 16.672 12.644 12.136 9.449 12.091 10.521 12.052 11.795 10.808 8.265 8.514 11.471 10.374 6.910 9.606 9.677 7.340 5.187 5.085 5.015 5.383 5.137 2.428 2.108 4.237 1.985 0.000 0.000 0.000 0.000 0.000 0.000 0.000
-999.250 -999.250 -999.250 -999.250 -999.250 -999.250 -999.250 -999.250 -999.250 -999.250 -999.250 -999.250 -999.250 -999.250 -999.250 -999.250 -999.250 -999.250 -999.250 -999.250 -999.250 -999.250 -999.250 -999.250 -999.250 -999.250 -999.250 -999.250 -999.250 -999.250 -999.250 17.684 17.378 15.213 14.303 14.250 16.848 11.629 11.605 11.022 12.382 14.164 11.126 9.177 11.925 9.116 8.253 8.294 10.536 7.821 9.417 9.571 5.839 5.453 5.801 4.434 3.323 3.232 1.381 0.223 1.508 0.000 0.000 0.000 0.000 0.000 0.000 0.000 0.000
-999.250 -999.250 -999.250 -999.250 -999.250 -999.250 -999.250 -999.250 -999.250 -999.250 -999.250 -999.250 -999.250 -999.250 -999.250 -999.250 -999.250 -999.250 -999.250 -999.250 -999.250 -999.250 -999.250 -999.250 -999.250 -999.250 -999.250 -999.250 -999.250 -999.250 -999.250 16.069 15.579 14.466 14.248 13.650 9.239 13.291 14.969 10.859 11.039 8.413 9.080 10.235 9.775 9.799 6.200 6.574 8.742 7.242 6.570 5.397 4.571 4.147 3.596 4.905 2.802 2.831 1.215 1.478 1.568 0.000 0.000 0.000 0.000 0.000 0.000 0.000 0.000
-999.250 -999.250 -999.250 -999.250 -999.250 -999.250 -999.250 -999.250 -999.250 -999.250 -999.250 -999.250 -999.250 -999.250 -999.250 -999.250 -999.250 -999.250 -999.250 -999.250 -999.250 -999.250 -999.250 -999.250 -999.250 -999.250 -999.250 -999.250 -999.250 -999.250 -999.250 16.126 15.002 11.659 12.668 16.003 12.297 9.548 12.150 11.292 8.189 8.572 11.162 13.660 9.834 7.703 6.903 7.056 6.208 8.781 6.259 6.648 5.395 3.228 2.031 3.982 0.601 2.168 1.855 2.554 0.831 1.009 0.000 0.000 0.000 0.000 0.000 0.000 0.000
