data/medianmodel_08-May-2020.asc
ncols	141
nrows	288
xllcorner	-120191.398
yllcorner	-301404.813
cellsize	2000.000
NODATA_value	-999.250
[rows 248 to 278 of 288, columns 0 to 68 of 141]
-999.250 -999.250 -999.250 -999.250 -999.250 -999.250 -999.250 -999.250 -999.250 -999.250 -999.250 -999.250 -999.250 -999.250 -999.250 -999.250 -999.250 -999.250 -999.250 -999.250 -999.250 -999.250 -999.250 -999.250 -999.250 -999.250 -999.250 -999.250 -999.250 -999.250 7.922 7.230 11.134 13.830 16.003 14.401 14.274 15.505 15.460 14.779 21.679 20.741 20.964 17.943 23.505 20.058 20.508 15.917 16.349 15.700 16.376 18.465 15.305 18.796 17.967 18.334 15.000 12.780 15.482 15.862 12.586 8.659 10.462 9.691 10.552 11.890 10.678 10.239 11.612
-999.250 -999.250 -999.250 -999.250 -999.250 -999.250 -999.250 -999.250 -999.250 -999.250 -999.250 -999.250 -999.250 -999.250 -999.250 -999.250 -999.250 -999.250 -999.250 -999.250 -999.250 -999.250 -999.250 -999.250 -999.250 -999.250 -999.250 -999.250 -999.250 -999.250 7.458 11.241 12.587 11.301 11.292 13.644 12.378 14.100 17.136 18.852 18.883 20.540 14.975 20.728 22.220 19.111 17.173 19.028 16.759 17.334 18.611 14.955 15.381 18.469 19.988 21.706 19.380 14.756 16.666 16.013 17.174 14.722 14.716 13.258 16.095 16.441 17.984 13.799 14.037
-999.250 -999.250 -999.250 -999.250 -999.250 -999.250 -999.250 -999.250 -999.250 -999.250 -999.250 -999.250 -999.250 -999.250 -999.250 -999.250 -999.250 -999.250 -999.250 -999.250 -999.250 -999.250 -999.250 -999.250 -999.250 -999.250 -999.250 -999.250 -999.250 -999.250 5.266 11.244 14.505 14.073 13.553 14.936 16.030 16.476 16.231 20.182 20.090 19.327 17.878 20.530 18.840 16.061 16.437 16.571 20.602 17.017 17.724 17.178 17.702 18.217 20.382 21.388 21.482 20.606 17.422 20.504 20.798 16.362 17.943 18.475 20.668 23.583 22.775 21.338 16.495
-999.250 -999.250 -999.250 -999.250 -999.250 -999.250 -999.250 -999.250 -999.250 -999.250 -999.250 -999.250 -999.250 -999.250 -999.250 -999.250 -999.250 -999.250 -999.250 -999.250 -999.250 -999.250 -999.250 -999.250 -999.250 -999.250 -999.250 -999.250 -999.250 -999.250 9.217 11.569 10.384 14.950 16.307 13.924 16.241 16.345 17.580 20.229 18.736 21.569 21.038 19.437 20.116 15.536 18.409 20.867 20.291 13.515 18.480 17.856 17.206 22.096 18.705 18.621 18.313 24.954 22.433 23.289 26.983 24.906 22.616 35.361 23.170 20.632 22.522 24.237 22.489
-999.250 -999.250 -999.250 -999.250 -999.250 -999.250 -999.250 -999.250 -999.250 -999.250 -999.250 -999.250 -999.250 -999.250 -999.250 -999.250 -999.250 -999.250 -999.250 -999.250 -999.250 -999.250 -999.250 -999.250 -999.250 -999.250 -999.250 -999.250 -999.250 5.614 5.696 9.859 9.362 14.932 12.895 12.819 16.882 19.548 16.058 16.758 16.962 21.761 18.348 20.342 18.219 18.429 16.416 18.892 17.890 16.368 15.891 16.479 19.155 20.833 24.947 21.968 21.864 24.528 26.036 31.024 36.393 39.058 32.817 41.939 33.845 36.145 29.629 27.893 23.690
-999.250 -999.250 -999.250 -999.250 -999.250 -999.250 -999.250 -999.250 -999.250 -999.250 -999.250 -999.250 -999.250 -999.250 -999.250 -999.250 -999.250 -999.250 -999.250 -999.250 -999.250 -999.250 -999.250 -999.250 -999.250 -999.250 -999.250 -999.250 -999.250 -999.250 6.758 9.922 10.780 13.628 9.306 11.918 13.149 15.146 17.054 18.754 16.925 19.188 20.177 19.828 19.328 20.256 15.200 14.792 20.025 15.820 17.185 21.380 19.899 21.910 23.535 27.949 25.010 31.861 37.212 38.859 40.643 51.705 47.300 49.851 50.289 41.729 38.455 32.937 25.186
-999.250 -999.250 -999.250 -999.250 -999.250 -999.250 -999.250 -999.250 -999.250 -999.250 -999.250 -999.250 -999.250 -999.250 -999.250 -999.250 -999.250 -999.250 -999.250 -999.250 -999.250 -999.250 -999.250 -999.250 -999.250 -999.250 -999.250 -999.250 -999.250 -999.250 7.658 9.077 11.329 11.529 8.884 9.668 12.038 19.411 16.726 18.114 18.075 16.763 20.559 16.990 18.129 17.937 19.703 21.386 21.349 18.130 14.635 22.879 24.781 27.618 31.716 31.458 40.888 41.124 37.019 44.533 54.123 63.567 62.934 63.878 59.892 55.495 45.962 38.475 40.175
-999.250 -999.250 -999.250 -999.250 -999.250 -999.250 -999.250 -999.250 -999.250 -999.250 -999.250 -999.250 -999.250 -999.250 -999.250 -999.250 -999.250 -999.250 -999.250 -999.250 -999.250 -999.250 -999.250 -999.250 -999.250 -999.250 -999.250 -999.250 -999.250 -999.250 -999.250 11.014 13.203 10.689 11.824 12.414 13.998 11.633 12.585 18.512 18.096 17.596 18.071 17.857 18.695 20.470 21.426 22.031 19.134 19.888 19.661 20.954 24.782 29.800 33.721 34.819 44.459 41.648 54.765 57.237 57.632 69.107 76.935 72.152 66.346 63.500 60.256 47.850 55.746
-999.250 -999.250 -999.250 -999.250 -999.250 -999.250 -999.250 -999.250 -999.250 -999.250 -999.250 -999.250 -999.250 -999.250 -999.250 -999.250 -999.250 -999.250 -999.250 -999.250 -999.250 -999.250 -999.250 -999.250 -999.250 -999.250 -999.250 -999.250 -999.250 -999.250 -999.250 11.837 9.736 11.311 10.781 13.555 13.982 12.243 16.188 16.791 18.346 19.579 17.868 13.247 14.873 19.076 18.458 18.754 18.834 19.937 21.309 24.425 27.767 24.450 35.592 41.057 40.255 39.710 55.760 58.481 66.840 65.377 82.803 85.239 79.419 78.339 69.217 61.260 55.094
-999.250 -999.250 -999.250 -999.250 -999.250 -999.250 -999.250 -999.250 -999.250 -999.250 -999.250 -999.250 -999.250 -999.250 -999.250 -999.250 -999.250 -999.250 -999.250 -999.250 -999.250 -999.250 -999.250 -999.250 -999.250 -999.250 -999.250 -999.250 -999.250 -999.250 11.822 9.350 10.191 9.959 9.175 10.609 12.850 12.064 11.893 13.535 15.167 20.081 16.386 14.523 15.031 19.400 17.202 17.699 15.272 15.245 19.343 21.430 25.992 27.676 34.303 41.639 42.954 39.435 47.323 58.358 67.339 83.335 86.328 88.349 89.219 76.415 70.081 67.272 52.120
-999.250 -999.250 -999.250 -999.250 -999.250 -999.250 -999.250 -999.250 -999.250 -999.250 -999.250 -999.250 -999.250 -999.250 -999.250 -999.250 -999.250 -999.250 -999.250 -999.250 -999.250 -999.250 -999.250 -999.250 -999.250 -999.250 -999.250 -999.250 -999.250 -999.250 8.905 8.726 6.202 10.824 8.699 9.123 7.882 7.515 13.413 10.278 13.552 15.269 18.257 15.886 12.593 16.888 14.518 18.669 18.348 16.300 15.712 19.680 27.605 31.883 31.073 37.824 41.114 44.604 46.487 56.907 66.349 70.781 84.064 82.103 78.364 77.011 68.344 63.556 65.175
-999.250 -999.250 -999.250 -999.250 -999.250 -999.250 -999.250 -999.250 -999.250 -999.250 -999.250 -999.250 -999.250 -999.250 -999.250 -999.250 -999.250 -999.250 -999.250 -999.250 -999.250 -999.250 -999.250 -999.250 -999.250 -999.250 -999.250 -999.250 -999.250 -999.250 7.236 10.219 8.590 8.068 7.907 4.920 6.667 8.843 9.724 10.008 13.451 12.460 15.912 18.176 14.073 12.504 16.656 18.022 19.647 14.928 16.508 20.574 28.995 30.511 33.007 29.650 37.933 39.014 41.206 51.258 69.690 66.695 71.471 73.982 77.241 73.036 68.243 66.997 49.241
-999.250 -999.250 -999.250 -999.250 -999.250 -999.250 -999.250 -999.250 -999.250 -999.250 -999.250 -999.250 -999.250 -999.250 -999.250 -999.250 -999.250 -999.250 -999.250 -999.250 -999.250 -999.250 -999.250 -999.250 -999.250 -999.250 -999.250 -999.250 -999.250 -999.250 6.747 6.076 5.351 7.240 8.697 9.927 7.896 7.085 6.580 12.150 8.971 10.191 16.523 14.681 17.002 12.850 14.710 14.788 19.073 16.934 19.723 23.424 22.596 25.642 30.601 29.674 31.377 46.659 47.459 50.089 63.771 64.971 69.257 73.842 76.600 76.236 59.565 57.258 45.979
-999.250 -999.250 -999.250 -999.250 -999.250 -999.250 -999.250 -999.250 -999.250 -999.250 -999.250 -999.250 -999.250 -999.250 -999.250 -999.250 -999.250 -999.250 -999.250 -999.250 -999.250 -999.250 -999.250 -999.250 -999.250 -999.250 -999.250 -999.250 -999.250 -999.250 5.231 5.931 3.306 4.873 6.635 6.557 5.318 7.265 9.135 9.956 10.304 12.549 12.008 13.216 12.496 11.800 10.951 11.716 15.713 18.518 20.351 23.667 28.064 31.723 37.302 37.094 38.109 46.993 48.866 52.944 63.808 63.839 60.090 69.740 68.252 66.755 54.856 53.625 46.378
-999.250 -999.250 -999.250 -999.250 -999.250 -999.250 -999.250 -999.250 -999.250 -999.250 -999.250 -999.250 -999.250 -999.250 -999.250 -999.250 -999.250 -999.250 -999.250 -999.250 -999.250 -999.250 -999.250 -999.250 -999.250 -999.250 -999.250 -999.250 -999.250 -999.250 2.178 4.555 4.104 5.623 5.860 5.841 5.889 3.993 6.520 8.828 8.115 10.085 12.974 10.074 9.595 10.061 12.186 10.165 14.793 15.917 18.754 28.601 30.258 32.687 36.848 34.890 38.005 40.573 55.116 62.489 62.177 67.082 65.196 56.326 56.612 55.119 51.550 40.233 35.614
-999.250 -999.250 -999.250 -999.250 -999.250 -999.250 -999.250 -999.250 -999.250 -999.250 -999.250 -999.250 -999.250 -999.250 -999.250 -999.250 -999.250 -999.250 -999.250 -999.250 -999.250 -999.250 -999.250 -999.250 -999.250 -999.250 -999.250 -999.250 -999.250 4.471 3.883 4.005 3.005 5.199 4.323 5.690 4.183 6.912 6.495 9.494 7.862 8.296 9.734 8.329 10.323 8.840 11.800 13.274 16.374 17.377 18.216 22.808 27.349 34.280 31.942 33.853 39.143 43.919 49.598 52.673 58.772 52.331 59.361 56.506 56.462 54.525 48.369 35.968 31.000
-999.250 -999.250 -999.250 -999.250 -999.250 -999.250 -999.250 -999.250 -999.250 -999.250 -999.250 -999.250 -999.250 -999.250 -999.250 -999.250 -999.250 -999.250 -999.250 -999.250 -999.250 -999.250 -999.250 -999.250 -999.250 -999.250 -999.250 -999.250 -999.250 2.357 2.672 1.564 1.746 3.440 5.156 3.907 5.297 5.729 6.203 4.809 6.216 7.890 7.393 8.889 9.951 10.221 10.528 15.783 15.446 16.082 19.061 20.129 22.264 27.256 31.249 31.741 33.935 35.349 42.209 47.204 47.589 53.004 48.939 50.557 48.703 43.083 44.119 33.209 27.343
-999.250 -999.250 -999.250 -999.250 -999.250 -999.250 -999.250 -999.250 -999.250 -999.250 -999.250 -999.250 -999.250 -999.250 -999.250 -999.250 -999.250 -999.250 -999.250 -999.250 -999.250 -999.250 -999.250 -999.250 -999.250 -999.250 -999.250 -999.250 2.152 0.831 4.146 3.457 1.488 0.842 3.837 3.784 2.695 4.857 3.741 5.018 1.792 4.930 3.326 7.064 6.581 11.533 14.374 14.691 16.782 20.714 19.485 18.121 17.869 19.891 23.993 26.347 29.631 31.423 38.652 37.312 38.121 38.285 36.376 38.730 39.597 50.077 36.802 34.879 28.538
-999.250 -999.250 -999.250 -999.250 -999.250 -999.250 -999.250 -999.250 -999.250 -999.250 -999.250 -999.250 -999.250 -999.250 -999.250 -999.250 -999.250 -999.250 -999.250 -999.250 -999.250 -999.250 -999.250 -999.250 -999.250 -999.250 -999.250 -999.250 1.524 1.925 0.118 0.155 1.331 1.202 3.452 3.031 3.525 1.769 1.031 0.000 0.173 2.142 3.025 4.970 7.282 9.071 15.228 17.367 14.575 14.648 17.565 19.292 19.625 22.489 24.801 22.745 25.335 28.605 33.798 33.761 35.014 41.995 41.085 38.443 46.361 42.582 25.101 28.075 21.218
-999.250 -999.250 -999.250 -999.250 -999.250 -999.250 -999.250 -999.250 -999.250 -999.250 -999.250 -999.250 -999.250 -999.250 -999.250 -999.250 -999.250 -999.250 -999.250 -999.250 -999.250 -999.250 -999.250 -999.250 -999.250 -999.250 -999.250 0.070 0.111 0.941 0.000 0.182 2.118 2.480 2.687 3.231 2.198 2.102 1.714 0.000 0.000 0.530 3.089 5.333 6.945 5.739 9.856 10.436 12.240 14.498 14.145 17.630 22.455 21.769 21.041 23.650 32.077 29.989 29.192 27.480 27.640 35.216 42.238 39.400 38.177 28.435 31.441 23.763 23.946
-999.250 -999.250 -999.250 -999.250 -999.250 -999.250 -999.250 -999.250 -999.250 -999.250 -999.250 -999.250 -999.250 -999.250 -999.250 -999.250 -999.250 -999.250 -999.250 -999.250 -999.250 -999.250 -999.250 -999.250 -999.250 -999.250 -999.250 0.094 0.706 0.000 0.000 0.329 2.725 5.430 2.949 3.946 1.203 2.410 2.338 0.424 0.000 1.840 2.758 3.729 5.575 5.364 7.187 9.802 8.307 11.583 15.414 15.726 20.215 16.590 21.465 20.725 25.053 29.067 25.038 29.632 35.052 31.332 40.328 31.477 22.334 23.341 17.265 20.526 23.392
-999.250 -999.250 -999.250 -999.250 -999.250 -999.250 -999.250 -999.250 -999.250 -999.250 -999.250 -999.250 -999.250 -999.250 -999.250 -999.250 -999.250 -999.250 -999.250 -999.250 -999.250 -999.250 -999.250 -999.250 -999.250 -999.250 -999.250 0.000 0.623 0.000 1.504 0.000 1.857 1.493 2.425 2.396 1.289 2.013 1.453 1.362 1.934 2.574 2.749 2.072 5.304 7.611 9.657 11.471 9.641 13.612 15.451 18.805 18.893 18.427 17.425 21.108 22.710 25.998 30.403 29.349 28.229 28.087 28.200 29.872 20.938 17.085 20.267 15.924 15.025
-999.250 -999.250 -999.250 -999.250 -999.250 -999.250 -999.250 -999.250 -999.250 -999.250 -999.250 -999.250 -999.250 -999.250 -999.250 -999.250 -999.250 -999.250 -999.250 -999.250 -999.250 -999.250 -999.250 -999.250 -999.250 -999.250 -999.250 1.186 1.805 2.521 0.499 0.279 0.555 1.997 1.687 5.460 2.905 1.956 2.480 2.403 2.297 1.437 2.598 4.500 5.942 7.624 7.962 11.578 12.431 13.030 16.717 18.138 16.598 16.216 16.655 17.448 22.055 29.340 28.340 31.358 26.340 24.308 21.207 20.298 17.888 15.346 19.724 16.839 15.710
-999.250 -999.250 -999.250 -999.250 -999.250 -999.250 -999.250 -999.250 -999.250 -999.250 -999.250 -999.250 -999.250 -999.250 -999.250 -999.250 -999.250 -999.250 -999.250 -999.250 -999.250 -999.250 -999.250 -999.250 -999.250 -999.250 -999.250 2.713 1.167 1.023 1.500 0.700 1.927 1.977 2.012 3.733 3.727 3.047 2.606 2.632 3.910 1.075 2.886 4.723 5.684 7.129 8.243 7.920 8.552 14.252 14.594 13.616 16.155 14.224 16.957 12.421 17.105 20.479 27.645 29.475 32.001 21.150 20.905 22.474 18.004 17.449 17.362 16.083 11.844
-999.250 -999.250 -999.250 -999.250 -999.250 -999.250 -999.250 -999.250 -999.250 -999.250 -999.250 -999.250 -999.250 -999.250 -999.250 -999.250 -999.250 -999.250 -999.250 -999.250 -999.250 -999.250 -999.250 -999.250 -999.250 -999.250 -999.250 2.263 2.086 1.035 0.974 2.649 1.665 2.498 2.266 3.389 3.976 4.450 4.378 2.331 2.880 2.193 3.029 5.263 5.538 7.016 8.574 8.259 6.455 8.780 8.943 12.185 13.719 14.224 17.020 19.349 18.718 20.474 22.383 24.432 27.535 21.746 21.667 20.275 15.812 13.039 12.631 13.245 6.625
-999.250 -999.250 -999.250 -999.250 -999.250 -999.250 -999.250 -999.250 -999.250 -999.250 -999.250 -999.250 -999.250 -999.250 -999.250 -999.250 -999.250 -999.250 -999.250 -999.250 -999.250 -999.250 -999.250 -999.250 -999.250 -999.250 1.399 2.287 2.338 3.212 2.891 1.514 2.187 1.257 2.349 4.822 3.315 3.852 3.912 4.615 2.268 2.665 4.227 3.354 4.869 7.315 6.745 7.847 10.334 11.589 9.485 14.052 13.110 14.448 13.456 16.401 14.894 13.667 19.462 22.273 20.591 19.980 19.750 22.247 18.344 16.674 11.334 9.056 7.532
-999.250 -999.250 -999.250 -999.250 -999.250 -999.250 -999.250 -999.250 -999.250 -999.250 -999.250 -999.250 -999.250 -999.250 -999.250 -999.250 -999.250 -999.250 -999.250 -999.250 -999.250 -999.250 -999.250 -999.250 -999.250 -999.250 0.000 1.464 2.555 2.092 0.636 1.910 2.351 2.727 3.042 3.952 4.911 3.219 2.215 3.382 1.447 2.038 4.084 3.126 4.243 5.891 8.083 9.643 8.474 11.663 9.088 13.197 13.345 11.395 11.693 12.446 12.600 16.464 15.539 19.984 18.792 19.832 19.110 20.708 20.214 17.737 13.094 8.456 5.399
-999.250 -999.250 -999.250 -999.250 -999.250 -999.250 -999.250 -999.250 -999.250 -999.250 -999.250 -999.250 -999.250 -999.250 -999.250 -999.250 -999.250 -999.250 -999.250 -999.250 -999.250 -999.250 -999.250 -999.250 -999.250 0.000 0.000 0.792 0.251 2.031 2.828 1.820 1.144 2.344 1.334 4.073 1.778 3.072 2.883 1.022 1.223 1.802 1.122 2.011 4.329 6.500 8.230 8.310 8.345 10.504 10.878 12.898 11.738 11.810 11.769 15.672 12.904 13.888 16.308 15.607 17.039 22.602 21.068 22.826 19.836 16.491 12.216 9.124 4.886
-999.250 -999.250 -999.250 -999.250 -999.250 -999.250 -999.250 -999.250 -999.250 -999.250 -999.250 -999.250 -999.250 -999.250 -999.250 -999.250 -999.250 -999.250 -999.250 -999.250 -999.250 -999.250 -999.250 -999.250 -999.250 0.000 0.000 0.000 0.085 0.000 0.679 0.000 0.367 1.964 1.942 2.638 0.550 1.038 1.881 1.897 0.284 1.103 2.102 4.447 3.052 3.489 3.869 6.078 7.196 8.865 10.588 12.422 9.102 9.463 12.108 13.904 14.192 14.609 13.229 18.277 15.738 19.632 20.664 21.936 18.277 16.545 11.530 6.932 5.347
-999.250 -999.250 -999.250 -999.250 -999.250 -999.250 -999.250 -999.250 -999.250 -999.250 -999.250 -999.250 -999.250 -999.250 -999.250 -999.250 -999.250 -999.250 -999.250 -999.250 -999.250 -999.250 -999.250 -999.250 -999.250 0.000 0.000 1.657 0.388 1.964 0.000 0.094 0.055 0.742 1.672 0.897 0.000 0.000 0.000 2.808 2.264 1.986 3.349 2.576 4.912 3.140 4.487 2.779 7.706 6.925 8.281 9.753 9.254 9.390 10.602 10.315 15.303 15.103 19.045 20.083 18.243 20.270 24.746 21.239 20.206 13.921 14.569 10.826 6.841
-999.250 -999.250 -999.250 -999.250 -999.250 -999.250 -999.250 -999.250 -999.250 -999.250 -999.250 -999.250 -999.250 -999.250 -999.250 -999.250 -999.250 -999.250 -999.250 -999.250 -999.250 -999.250 -999.250 -999.250 0.000 0.000 0.067 0.527 0.834 0.567 0.000 0.000 0.000 0.000 0.000 0.000 0.000 0.000 0.394 0.676 0.000 0.156 2.069 1.804 3.811 3.718 4.393 3.643 6.748 6.113 5.850 6.810 8.381 6.561 8.930 9.878 12.622 17.486 15.845 20.108 15.693 18.016 19.885 15.409 18.071 14.563 11.948 11.013 5.758
