data/medianmodel_02-Jan-2021.asc
ncols	141
nrows	288
xllcorner	-120191.398
yllcorner	-301404.813
cellsize	2000.000
NODATA_value	-999.250
[rows 0 to 28 of 288, columns 65 to 129 of 141]
-999.250 -999.250 -999.250 -999.250 -999.250 -999.250 -999.250 -999.250 -999.250 -999.250 -999.250 -999.250 -999.250 -999.250 -999.250 -999.250 -999.250 -999.250 -999.250 -999.250 -999.250 -999.250 -999.250 -999.250 -999.250 -999.250 -999.250 -999.250 -999.250 -999.250 -999.250 -999.250 -999.250 -999.250 -999.250 -999.250 -999.250 -999.250 -999.250 -999.250 -999.250 -999.250 -999.250 -999.250 -999.250 -999.250 -999.250 -999.250 -999.250 -999.250 -999.250 -999.250 -999.250 -999.250 -999.250 -999.250 -999.250 -999.250 -999.250 -999.250 -999.250 -999.250 -999.250 -999.250 -999.250
-999.250 -999.250 -999.250 -999.250 -999.250 -999.250 -999.250 -999.250 -999.250 -999.250 -999.250 -999.250 -999.250 -999.250 -999.250 -999.250 -999.250 -999.250 -999.250 -999.250 -999.250 -999.250 -999.250 -999.250 -999.250 -999.250 -999.250 -999.250 -999.250 -999.250 -999.250 -999.250 -999.250 -999.250 -999.250 -999.250 -999.250 -999.250 -999.250 -999.250 -999.250 -999.250 -999.250 -999.250 -999.250 -999.250 -999.250 -999.250 -999.250 -999.250 -999.250 -999.250 -999.250 -999.250 -999.250 -999.250 -999.250 -999.250 -999.250 -999.250 -999.250 -999.250 -999.250 -999.250 -999.250
-999.250 -999.250 -999.250 -999.250 -999.250 -999.250 -999.250 -999.250 -999.250 -999.250 -999.250 -999.250 -999.250 -999.250 -999.250 -999.250 -999.250 -999.250 -999.250 -999.250 -999.250 -999.250 -999.250 -999.250 -999.250 -999.250 -999.250 -999.250 -999.250 -999.250 -999.250 -999.250 -999.250 -999.250 -999.250 -999.250 -999.250 -999.250 -999.250 -999.250 -999.250 -999.250 -999.250 -999.250 -999.250 -999.250 -999.250 -999.250 -999.250 -999.250 -999.250 -999.250 -999.250 -999.250 -999.250 -999.250 -999.250 -999.250 -999.250 -999.250 -999.250 -999.250 -999.250 -999.250 -999.250
-999.250 -999.250 -999.250 -999.250 -999.250 -999.250 -999.250 -999.250 -999.250 -999.250 -999.250 -999.250 -999.250 -999.250 -999.250 -999.250 -999.250 -999.250 -999.250 -999.250 -999.250 -999.250 -999.250 -999.250 -999.250 -999.250 -999.250 -999.250 -999.250 -999.250 -999.250 -999.250 -999.250 -999.250 -999.250 -999.250 -999.250 -999.250 -999.250 -999.250 -999.250 -999.250 -999.250 -999.250 -999.250 -999.250 -999.250 -999.250 -999.250 -999.250 -999.250 -999.250 -999.250 -999.250 -999.250 -999.250 -999.250 -999.250 -999.250 -999.250 -999.250 -999.250 -999.250 -999.250 -999.250
-999.250 -999.250 -999.250 -999.250 -999.250 -999.250 -999.250 -999.250 -999.250 -999.250 -999.250 -999.250 -999.250 -999.250 -999.250 -999.250 -999.250 -999.250 -999.250 -999.250 -999.250 -999.250 -999.250 -999.250 -999.250 -999.250 -999.250 -999.250 -999.250 -999.250 -999.250 -999.250 -999.250 -999.250 -999.250 -999.250 -999.250 -999.250 -999.250 -999.250 -999.250 -999.250 -999.250 -999.250 -999.250 -999.250 -999.250 -999.250 -999.250 -999.250 -999.250 -999.250 -999.250 -999.250 -999.250 -999.250 -999.250 -999.250 -999.250 -999.250 -999.250 -999.250 -999.250 -999.250 -999.250
-999.250 -999.250 -999.250 -999.250 -999.250 -999.250 -999.250 -999.250 -999.250 -999.250 -999.250 -999.250 -999.250 -999.250 -999.250 -999.250 -999.250 -999.250 -999.250 -999.250 -999.250 -999.250 -999.250 -999.250 -999.250 -999.250 -999.250 -999.250 -999.250 -999.250 -999.250 -999.250 -999.250 -999.250 -999.250 -999.250 -999.250 -999.250 -999.250 -999.250 -999.250 -999.250 -999.250 -999.250 -999.250 -999.250 -999.250 -999.250 -999.250 -999.250 -999.250 -999.250 -999.250 -999.250 -999.250 -999.250 -999.250 -999.250 -999.250 -999.250 -999.250 -999.250 -999.250 -999.250 -999.250
-999.250 -999.250 -999.250 -999.250 -999.250 -999.250 -999.250 -999.250 -999.250 -999.250 -999.250 -999.250 -999.250 -999.250 -999.250 -999.250 -999.250 -999.250 -999.250 -999.250 -999.250 -999.250 -999.250 -999.250 -999.250 -999.250 -999.250 -999.250 -999.250 -999.250 -999.250 -999.250 -999.250 -999.250 -999.250 -999.250 -999.250 -999.250 -999.250 -999.250 -999.250 -999.250 -999.250 -999.250 -999.250 -999.250 -999.250 -999.250 -999.250 -999.250 -999.250 -999.250 -999.250 -999.250 -999.250 -999.250 -999.250 -999.250 -999.250 -999.250 -999.250 -999.250 -999.250 -999.250 -999.250
-999.250 -999.250 -999.250 -999.250 -999.250 -999.250 -999.250 -999.250 -999.250 -999.250 -999.250 -999.250 -999.250 -999.250 -999.250 -999.250 -999.250 -999.250 -999.250 -999.250 -999.250 -999.250 -999.250 -999.250 -999.250 -999.250 -999.250 -999.250 -999.250 -999.250 -999.250 -999.250 -999.250 -999.250 -999.250 -999.250 -999.250 -999.250 -999.250 -999.250 -999.250 -999.250 -999.250 -999.250 -999.250 -999.250 -999.250 -999.250 -999.250 -999.250 -999.250 -999.250 -999.250 -999.250 -999.250 -999.250 -999.250 -999.250 -999.250 -999.250 -999.250 -999.250 -999.250 -999.250 -999.250
-999.250 -999.250 -999.250 -999.250 -999.250 -999.250 -999.250 -999.250 -999.250 -999.250 -999.250 -999.250 -999.250 -999.250 -999.250 -999.250 -999.250 -999.250 -999.250 -999.250 -999.250 -999.250 -999.250 -999.250 -999.250 -999.250 -999.250 -999.250 -999.250 -999.250 -999.250 -999.250 -999.250 -999.250 -999.250 -999.250 -999.250 -999.250 -999.250 -999.250 -999.250 -999.250 -999.250 -999.250 -999.250 -999.250 -999.250 -999.250 -999.250 485.039 -999.250 -999.250 -999.250 -999.250 -999.250 -999.250 -999.250 -999.250 -999.250 -999.250 -999.250 -999.250 -999.250 -999.250 -999.250
-999.250 -999.250 -999.250 -999.250 -999.250 -999.250 -999.250 -999.250 -999.250 -999.250 -999.250 -999.250 -999.250 -999.250 -999.250 -999.250 -999.250 -999.250 -999.250 -999.250 -999.250 -999.250 -999.250 -999.250 -999.250 -999.250 -999.250 -999.250 -999.250 -999.250 -999.250 -999.250 -999.250 -999.250 499.078 502.486 478.122 441.468 -999.250 -999.250 -999.250 -999.250 390.092 -999.250 -999.250 -999.250 -999.250 -999.250 -999.250 473.316 521.591 -999.250 -999.250 -999.250 -999.250 -999.250 -999.250 -999.250 -999.250 -999.250 -999.250 -999.250 -999.250 -999.250 -999.250
-999.250 -999.250 -999.250 -999.250 -999.250 -999.250 -999.250 -999.250 -999.250 -999.250 -999.250 -999.250 -999.250 -999.250 -999.250 -999.250 -999.250 -999.250 -999.250 -999.250 -999.250 -999.250 -999.250 -999.250 -999.250 -999.250 -999.250 -999.250 -999.250 -999.250 -999.250 -999.250 -999.250 -999.250 498.944 461.370 465.468 445.974 -999.250 -999.250 -999.250 400.882 396.563 405.010 -999.250 -999.250 -999.250 -999.250 -999.250 473.742 503.423 519.795 -999.250 -999.250 -999.250 -999.250 -999.250 -999.250 637.356 679.272 -999.250 -999.250 -999.250 -999.250 -999.250
-999.250 -999.250 -999.250 -999.250 -999.250 -999.250 -999.250 -999.250 -999.250 -999.250 -999.250 -999.250 -999.250 -999.250 -999.250 -999.250 -999.250 -999.250 -999.250 -999.250 -999.250 -999.250 -999.250 -999.250 -999.250 -999.250 -999.250 -999.250 -999.250 -999.250 -999.250 -999.250 -999.250 -999.250 472.651 459.895 458.727 428.267 421.347 406.008 378.015 381.576 392.050 392.314 402.210 406.895 420.418 457.659 466.192 490.428 496.704 510.033 536.799 551.781 599.843 632.844 671.116 639.099 642.883 710.392 -999.250 -999.250 -999.250 -999.250 -999.250
-999.250 -999.250 -999.250 -999.250 1125.710 -999.250 -999.250 -999.250 -999.250 -999.250 -999.250 -999.250 -999.250 -999.250 -999.250 -999.250 -999.250 -999.250 -999.250 -999.250 -999.250 -999.250 -999.250 -999.250 -999.250 -999.250 -999.250 -999.250 -999.250 -999.250 -999.250 -999.250 -999.250 -999.250 491.546 457.060 439.668 426.856 418.411 394.612 380.650 374.699 370.043 390.767 364.112 396.657 447.818 450.908 474.275 492.109 499.692 538.876 509.569 563.902 596.561 636.463 656.030 642.560 648.070 664.067 -999.250 -999.250 -999.250 -999.250 -999.250
-999.250 -999.250 -999.250 -999.250 1284.375 -999.250 -999.250 -999.250 -999.250 -999.250 -999.250 -999.250 1084.525 -999.250 -999.250 -999.250 -999.250 -999.250 -999.250 -999.250 -999.250 -999.250 -999.250 -999.250 -999.250 -999.250 -999.250 -999.250 -999.250 -999.250 -999.250 -999.250 -999.250 -999.250 489.693 445.513 445.732 424.521 408.849 392.634 381.731 371.597 365.752 379.207 378.466 400.356 410.476 460.373 478.349 457.096 489.752 515.198 581.429 598.402 607.918 570.600 619.429 618.711 644.887 652.895 -999.250 -999.250 -999.250 -999.250 -999.250
-999.250 -999.250 -999.250 -999.250 1196.767 -999.250 -999.250 -999.250 -999.250 1191.091 1103.495 1129.671 1055.475 974.247 -999.250 -999.250 -999.250 -999.250 -999.250 -999.250 -999.250 -999.250 -999.250 -999.250 -999.250 -999.250 -999.250 -999.250 -999.250 -999.250 -999.250 -999.250 -999.250 -999.250 483.775 484.326 448.152 432.510 429.608 399.847 367.778 394.619 393.338 408.777 387.210 419.871 443.948 442.931 473.908 482.156 520.883 555.370 574.857 602.733 591.475 581.992 615.947 628.844 597.479 650.642 655.999 -999.250 -999.250 -999.250 -999.250
-999.250 1181.297 1267.787 1334.237 1315.891 -999.250 -999.250 1160.511 1195.090 1216.211 1192.650 1102.479 1105.501 1032.460 936.545 862.052 866.630 -999.250 -999.250 -999.250 -999.250 -999.250 -999.250 -999.250 -999.250 -999.250 -999.250 -999.250 -999.250 -999.250 -999.250 519.393 519.854 507.317 501.272 491.033 470.852 440.384 430.703 402.129 400.166 412.960 403.956 408.431 430.531 455.413 461.425 470.530 499.702 535.890 533.162 566.674 565.631 573.334 588.747 607.189 584.632 606.950 585.189 614.425 673.875 -999.250 -999.250 -999.250 -999.250
1163.516 1166.372 1316.199 1381.477 1389.056 -999.250 1335.266 1223.723 1291.406 1165.806 1216.859 1114.960 1117.608 1033.310 946.807 903.006 -999.250 -999.250 -999.250 -999.250 -999.250 783.746 749.539 -999.250 -999.250 -999.250 686.720 -999.250 -999.250 573.541 564.916 555.606 547.319 529.387 504.371 508.629 486.459 462.037 454.792 408.635 416.945 406.858 428.999 443.901 456.370 484.963 474.677 504.232 539.930 605.636 579.825 608.533 620.500 579.670 579.597 606.019 593.557 581.310 561.201 594.373 596.056 -999.250 -999.250 -999.250 -999.250
1334.449 1226.720 1281.426 1364.293 1377.536 1365.059 1390.356 1303.931 1386.026 1301.498 1276.389 1167.170 1086.453 970.567 959.611 885.171 -999.250 -999.250 825.697 784.222 810.325 816.386 762.075 790.525 -999.250 732.560 688.883 645.133 638.061 642.987 588.494 561.819 571.983 548.581 542.800 519.825 492.736 493.389 477.759 444.936 443.329 438.936 449.712 477.090 495.653 520.045 506.629 521.453 565.710 626.377 633.192 658.169 663.552 615.605 566.064 579.530 566.492 571.582 557.795 562.907 571.390 -999.250 -999.250 -999.250 -999.250
1209.200 1227.766 1350.631 1323.277 1492.444 1421.166 1470.452 1365.657 1375.178 1399.287 1185.675 1141.461 1089.978 1054.536 942.394 871.816 880.087 764.750 784.111 741.285 808.500 761.996 784.534 771.145 753.466 729.247 706.138 675.587 672.117 642.025 600.823 578.909 586.920 553.104 542.736 533.134 512.792 511.002 483.023 472.208 467.698 487.973 491.307 535.605 567.735 562.610 550.035 554.448 574.075 589.705 600.245 653.503 638.816 612.053 574.986 596.447 559.720 553.309 544.111 589.253 555.530 -999.250 -999.250 -999.250 -999.250
1191.327 1235.673 1339.020 1418.334 1466.813 1515.761 1528.286 1445.273 1369.517 1346.273 1195.773 1083.295 1110.005 1005.698 915.793 834.424 794.015 727.216 762.220 780.677 807.089 778.194 787.932 797.667 747.666 711.112 681.475 661.545 644.442 634.123 625.639 580.022 569.748 578.053 588.231 541.524 554.021 538.006 505.854 519.258 515.837 533.524 540.046 580.702 600.067 610.412 584.836 625.503 635.416 638.460 648.581 674.046 627.168 621.533 570.936 550.119 550.078 538.888 552.095 583.824 565.013 -999.250 -999.250 -999.250 -999.250
1266.523 1287.268 1245.124 1451.770 1502.554 1499.945 1511.507 1474.689 1394.134 1231.777 1163.808 1114.411 1050.126 958.967 901.457 883.371 756.364 751.363 752.754 720.411 760.757 761.418 790.509 774.296 753.258 713.725 687.411 667.118 636.927 608.682 598.872 565.278 574.167 578.561 556.262 586.130 578.423 589.732 557.646 567.316 557.670 559.032 627.547 645.509 688.089 655.015 699.642 666.786 674.529 682.333 665.586 621.356 648.473 590.959 560.008 564.370 538.421 522.646 532.670 566.591 -999.250 -999.250 -999.250 -999.250 -999.250
1114.434 1173.181 1383.842 1425.070 1477.618 1471.971 1544.959 1463.408 1387.407 1217.465 1121.021 1071.459 959.198 966.564 887.360 856.407 840.929 725.246 754.132 719.961 729.152 759.670 823.526 742.288 730.151 710.979 695.915 664.103 617.990 626.527 618.396 579.838 576.504 590.459 567.102 583.443 577.233 585.781 599.712 615.560 634.858 657.780 663.392 706.540 729.406 728.249 733.742 682.611 688.205 678.574 715.953 665.038 660.163 606.410 576.704 585.866 532.313 552.510 557.113 571.778 -999.250 -999.250 -999.250 -999.250 -999.250
1078.918 1207.784 1258.081 1309.453 1396.172 1423.742 1441.248 1459.077 1275.809 1115.304 1050.329 1024.199 978.592 918.853 828.745 796.047 772.710 752.014 701.148 708.709 729.081 758.853 750.500 736.361 740.944 693.264 675.621 652.355 653.765 637.258 603.561 623.653 584.788 586.461 592.727 622.034 637.587 615.271 623.939 693.655 700.728 743.398 780.146 806.508 855.789 848.719 847.428 796.383 797.507 743.426 705.958 682.892 707.870 649.322 621.766 628.102 561.643 535.816 534.581 572.095 -999.250 -999.250 -999.250 -999.250 -999.250
1066.105 1107.823 1103.761 1172.865 1250.376 1283.227 1312.608 1305.420 1328.812 1102.421 1033.659 953.182 898.344 872.339 839.173 764.952 769.275 711.792 688.105 729.858 703.455 706.245 694.570 715.791 676.376 659.512 693.559 642.300 621.186 602.559 575.713 598.733 593.316 629.243 622.310 622.457 682.643 664.699 711.616 751.039 784.724 845.628 857.562 913.033 934.342 898.779 880.979 888.647 875.629 828.613 817.826 740.965 708.876 657.149 663.424 616.417 606.680 549.986 538.856 566.909 -999.250 -999.250 -999.250 -999.250 -999.250
1008.877 1016.095 1048.937 1087.017 1156.353 1127.453 1264.067 1159.501 1175.736 1087.789 1019.836 935.654 862.368 816.750 800.320 759.828 709.279 694.696 689.769 674.154 647.351 654.809 669.419 678.171 638.275 643.228 589.723 596.277 620.044 595.963 575.273 598.458 583.830 605.550 679.119 675.034 702.787 708.901 776.861 829.422 919.203 912.257 948.391 1011.656 1009.250 999.222 985.314 1023.228 956.356 877.414 838.857 805.683 769.268 709.183 671.487 649.376 635.613 568.761 575.714 566.730 -999.250 -999.250 -999.250 -999.250 -999.250
966.457 984.645 1020.472 1068.560 1012.692 1024.097 1099.300 1058.502 1056.528 1014.791 948.095 894.718 826.419 808.611 752.979 725.078 690.706 668.046 662.719 651.043 625.178 624.179 655.380 668.027 639.384 577.532 582.003 566.460 578.773 581.687 571.679 589.808 608.157 652.016 645.519 691.043 710.016 768.659 834.017 857.817 940.638 996.665 1054.548 1063.278 1101.063 1101.600 1078.121 1094.942 1065.277 981.484 961.441 857.195 770.851 790.262 760.744 695.721 681.796 620.199 589.617 592.425 599.088 -999.250 -999.250 -999.250 -999.250
867.105 887.143 941.821 953.656 914.133 958.568 1005.134 987.312 938.683 901.498 922.162 859.678 805.857 749.267 698.617 699.912 662.317 640.451 637.508 610.279 638.547 602.165 615.733 585.215 576.412 555.895 561.466 519.209 560.436 578.947 570.386 577.837 607.796 601.102 663.309 701.109 845.349 820.314 869.988 923.364 998.171 1050.809 1200.617 1200.731 1212.833 1222.886 1165.794 1138.163 1179.424 1011.463 957.905 932.825 848.001 828.814 735.800 696.123 687.361 660.006 651.340 645.232 639.388 663.070 -999.250 724.211 778.148
801.473 818.656 863.019 859.366 820.128 854.188 870.499 845.763 884.548 896.461 876.141 839.206 787.719 767.883 698.187 669.503 654.948 622.171 601.424 584.691 566.638 602.520 565.474 539.997 516.352 524.716 533.592 544.239 517.721 536.439 556.766 587.497 605.612 628.345 676.994 690.089 749.697 830.095 901.643 957.838 1051.421 1115.310 1153.938 1310.369 1385.792 1402.691 1380.057 1239.004 1196.403 1115.950 1084.809 967.170 932.383 909.591 802.665 759.657 708.990 693.964 689.355 663.362 659.203 651.331 698.692 769.893 846.009
752.549 762.691 787.935 802.355 769.515 797.463 819.929 800.204 821.521 813.219 829.856 817.355 765.090 714.648 667.233 644.590 600.325 572.569 570.373 547.093 525.586 527.532 537.541 506.361 519.839 503.178 526.536 529.851 510.568 542.384 548.854 566.603 577.757 637.635 667.136 704.846 778.101 896.502 944.267 985.929 1089.756 1214.956 1411.797 1445.759 1498.215 1467.125 1490.726 1428.826 1387.462 1230.483 1115.258 1034.460 1005.291 883.121 851.545 820.212 768.319 716.701 693.139 688.203 671.679 693.005 748.204 822.788 890.325
