data/medianmodel_11-May-2020.asc
ncols	141
nrows	288
xllcorner	-120191.398
yllcorner	-301404.813
cellsize	2000.000
NODATA_value	-999.250
[rows 217 to 247 of 288, columns 0 to 68 of 141]
-999.250 -999.250 -999.250 -999.250 -999.250 -999.250 -999.250 -999.250 -999.250 -999.250 -999.250 -999.250 -999.250 -999.250 -999.250 -999.250 -999.250 -999.250 -999.250 -999.250 -999.250 -999.250 -999.250 -999.250 -999.250 -999.250 -999.250 -999.250 -999.250 -999.250 -999.250 11.024 12.065 11.450 12.359 16.341 13.175 15.450 13.876 15.833 14.646 14.542 17.591 13.805 9.147 13.635 10.844 8.806 10.055 11.149 10.152 9.527 8.696 7.482 3.775 6.859 3.162 2.699 4.492 2.863 2.194 2.428 1.175 0.400 0.000 0.000 0.000 0.000 0.000
-999.250 -999.250 -999.250 -999.250 -999.250 -999.250 -999.250 -999.250 -999.250 -999.250 -999.250 -999.250 -999.250 -999.250 -999.250 -999.250 -999.250 -999.250 -999.250 -999.250 -999.250 -999.250 -999.250 -999.250 -999.250 -999.250 -999.250 -999.250 -999.250 -999.250 -999.250 8.674 11.150 12.156 14.068 16.641 14.113 13.294 15.871 15.303 17.414 18.151 17.020 16.560 12.335 10.670 10.045 9.632 7.967 10.115 9.883 9.895 8.163 9.276 6.414 4.975 2.742 2.430 2.949 2.481 0.756 0.985 1.395 0.095 0.000 0.000 0.000 0.000 0.000
-999.250 -999.250 -999.250 -999.250 -999.250 -999.250 -999.250 -999.250 -999.250 -999.250 -999.250 -999.250 -999.250 -999.250 -999.250 -999.250 -999.250 -999.250 -999.250 -999.250 -999.250 -999.250 -999.250 -999.250 -999.250 -999.250 -999.250 -999.250 -999.250 -999.250 -999.250 10.354 12.199 12.087 11.801 12.327 13.101 13.543 13.525 14.214 18.403 20.493 16.077 12.591 12.917 13.088 13.532 10.692 10.436 10.476 11.378 7.798 6.361 6.764 4.359 3.781 4.548 5.145 2.293 2.028 0.616 0.652 0.861 0.000 0.000 0.000 0.000 0.000 0.000
-999.250 -999.250 -999.250 -999.250 -999.250 -999.250 -999.250 -999.250 -999.250 -999.250 -999.250 -999.250 -999.250 -999.250 -999.250 -999.250 -999.250 -999.250 -999.250 -999.250 -999.250 -999.250 -999.250 -999.250 -999.250 -999.250 -999.250 -999.250 -999.250 -999.250 -999.250 9.498 8.342 12.270 11.299 15.382 14.296 13.106 14.227 13.445 17.485 17.041 14.641 15.224 15.615 14.316 12.932 12.275 7.942 9.512 12.242 8.636 7.200 7.665 5.732 5.611 5.953 2.579 2.101 2.989 2.965 0.719 0.631 0.011 0.081 0.863 0.000 0.000 0.000
-999.250 -999.250 -999.250 -999.250 -999.250 -999.250 -999.250 -999.250 -999.250 -999.250 -999.250 -999.250 -999.250 -999.250 -999.250 -999.250 -999.250 -999.250 -999.250 -999.250 -999.250 -999.250 -999.250 -999.250 -999.250 -999.250 -999.250 -999.250 -999.250 -999.250 -999.250 10.028 9.808 10.660 10.636 12.270 15.041 13.636 14.106 13.677 12.686 15.709 14.242 12.505 12.034 10.958 10.478 8.404 10.710 12.718 7.876 10.987 7.752 5.858 6.569 4.865 4.630 5.537 3.591 2.133 3.860 2.289 2.880 1.851 0.389 0.000 0.000 0.000 0.000
-999.250 -999.250 -999.250 -999.250 -999.250 -999.250 -999.250 -999.250 -999.250 -999.250 -999.250 -999.250 -999.250 -999.250 -999.250 -999.250 -999.250 -999.250 -999.250 -999.250 -999.250 -999.250 -999.250 -999.250 -999.250 -999.250 -999.250 -999.250 -999.250 -999.250 -999.250 7.562 10.623 8.160 9.740 10.417 13.354 13.980 12.375 13.438 15.920 14.845 13.118 13.182 15.054 10.962 10.011 8.825 11.027 10.646 12.147 10.389 7.980 4.584 5.096 5.499 4.263 4.923 1.574 1.257 0.604 3.468 1.449 3.479 0.270 0.000 1.210 1.204 0.031
-999.250 -999.250 -999.250 -999.250 -999.250 -999.250 -999.250 -999.250 -999.250 -999.250 -999.250 -999.250 -999.250 -999.250 -999.250 -999.250 -999.250 -999.250 -999.250 -999.250 -999.250 -999.250 -999.250 -999.250 -999.250 -999.250 -999.250 -999.250 -999.250 -999.250 7.195 7.642 8.444 7.301 7.971 10.628 10.357 11.205 12.455 13.846 14.313 13.442 15.211 15.706 14.747 13.065 12.769 11.679 12.674 10.624 9.376 9.066 9.692 4.574 5.986 3.918 5.913 2.185 0.999 1.134 0.000 0.320 0.000 0.000 0.000 2.541 0.558 1.320 1.163
-999.250 -999.250 -999.250 -999.250 -999.250 -999.250 -999.250 -999.250 -999.250 -999.250 -999.250 -999.250 -999.250 -999.250 -999.250 -999.250 -999.250 -999.250 -999.250 -999.250 -999.250 -999.250 -999.250 -999.250 -999.250 -999.250 -999.250 -999.250 -999.250 -999.250 5.695 5.548 5.803 4.104 6.804 10.274 9.816 7.142 9.449 12.700 14.772 13.308 13.687 14.053 13.048 14.907 13.634 11.316 13.122 12.291 9.495 8.438 4.436 4.504 3.707 3.457 3.179 0.436 0.000 0.519 0.000 0.000 0.000 0.000 0.000 4.790 1.911 1.707 1.983
-999.250 -999.250 -999.250 -999.250 -999.250 -999.250 -999.250 -999.250 -999.250 -999.250 -999.250 -999.250 -999.250 -999.250 -999.250 -999.250 -999.250 -999.250 -999.250 -999.250 -999.250 -999.250 -999.250 -999.250 -999.250 -999.250 -999.250 -999.250 -999.250 -999.250 4.971 6.539 6.586 5.306 7.527 6.464 6.845 9.024 9.691 14.557 14.372 15.022 13.367 14.612 15.077 14.992 10.914 10.622 10.446 8.695 8.226 5.068 4.222 4.252 4.406 2.155 3.377 0.121 0.000 0.000 0.755 1.421 0.000 0.300 0.821 3.001 3.445 2.744 2.186
-999.250 -999.250 -999.250 -999.250 -999.250 -999.250 -999.250 -999.250 -999.250 -999.250 -999.250 -999.250 -999.250 -999.250 -999.250 -999.250 -999.250 -999.250 -999.250 -999.250 -999.250 -999.250 -999.250 -999.250 -999.250 -999.250 -999.250 -999.250 -999.250 -999.250 5.332 6.681 5.245 5.460 6.806 6.817 7.818 7.242 12.408 14.117 16.766 15.558 13.158 17.702 15.758 15.028 13.318 8.932 8.024 9.364 8.084 5.166 4.357 4.126 2.468 1.616 0.000 0.000 0.000 0.000 0.000 0.907 1.502 1.240 2.695 3.897 2.588 3.847 3.314
-999.250 -999.250 -999.250 -999.250 -999.250 -999.250 -999.250 -999.250 -999.250 -999.250 -999.250 -999.250 -999.250 -999.250 -999.250 -999.250 -999.250 -999.250 -999.250 -999.250 -999.250 -999.250 -999.250 -999.250 -999.250 -999.250 -999.250 -999.250 -999.250 4.166 5.196 7.137 6.845 8.912 8.443 6.935 8.491 8.731 10.683 13.120 16.392 13.461 14.924 14.744 11.609 11.525 9.884 8.326 9.251 9.014 7.294 5.013 3.185 2.726 2.393 2.106 0.000 0.000 0.000 0.000 0.000 0.234 2.688 1.612 1.978 2.411 2.055 2.249 4.622
-999.250 -999.250 -999.250 -999.250 -999.250 -999.250 -999.250 -999.250 -999.250 -999.250 -999.250 -999.250 -999.250 -999.250 -999.250 -999.250 -999.250 -999.250 -999.250 -999.250 -999.250 -999.250 -999.250 -999.250 -999.250 -999.250 -999.250 -999.250 -999.250 2.396 3.740 6.167 6.558 8.812 4.477 6.883 9.195 9.389 10.369 12.202 12.263 11.749 11.817 11.826 12.082 10.471 8.777 10.484 8.562 11.168 7.168 3.663 4.821 4.909 5.437 1.821 0.988 0.000 0.000 0.000 0.000 0.699 3.032 0.741 1.405 2.691 3.006 2.247 4.234
-999.250 -999.250 -999.250 -999.250 -999.250 -999.250 -999.250 -999.250 -999.250 -999.250 -999.250 -999.250 -999.250 -999.250 -999.250 -999.250 -999.250 -999.250 -999.250 -999.250 -999.250 -999.250 -999.250 -999.250 -999.250 -999.250 -999.250 -999.250 2.265 2.193 3.077 2.238 3.508 6.145 8.559 7.465 10.420 9.811 8.911 11.164 11.448 14.174 13.617 13.008 14.799 14.022 10.071 12.197 10.956 7.599 8.016 4.687 4.239 6.004 5.727 3.298 1.650 0.000 0.000 0.000 0.000 0.641 2.756 0.174 1.212 3.245 3.393 6.623 6.405
-999.250 -999.250 -999.250 -999.250 -999.250 -999.250 -999.250 -999.250 -999.250 -999.250 -999.250 -999.250 -999.250 -999.250 -999.250 -999.250 -999.250 -999.250 -999.250 -999.250 -999.250 -999.250 -999.250 -999.250 -999.250 -999.250 -999.250 -999.250 2.951 0.389 1.263 0.885 2.036 4.429 5.578 6.900 10.188 8.782 9.182 10.469 11.201 12.350 10.271 15.711 13.037 11.414 10.642 8.825 11.814 10.755 6.585 6.883 4.175 4.661 4.092 1.811 0.186 1.945 0.000 0.072 0.000 1.924 2.547 0.293 2.474 3.454 2.698 4.366 5.268
-999.250 -999.250 -999.250 -999.250 -999.250 -999.250 -999.250 -999.250 -999.250 -999.250 -999.250 -999.250 -999.250 -999.250 -999.250 -999.250 -999.250 -999.250 -999.250 -999.250 -999.250 -999.250 -999.250 -999.250 -999.250 -999.250 -999.250 3.339 2.179 2.159 0.354 0.000 0.000 2.762 5.528 8.443 8.122 10.700 7.874 11.292 10.570 12.767 12.416 13.845 10.784 9.186 10.574 10.841 11.041 11.010 7.493 7.700 5.462 3.857 2.243 1.845 0.660 0.343 0.917 0.350 0.047 0.058 2.362 2.527 3.084 2.223 5.880 5.069 6.930
-999.250 -999.250 -999.250 -999.250 -999.250 -999.250 -999.250 -999.250 -999.250 -999.250 -999.250 -999.250 -999.250 -999.250 -999.250 -999.250 -999.250 -999.250 -999.250 -999.250 -999.250 -999.250 -999.250 -999.250 -999.250 -999.250 -999.250 1.583 3.610 2.038 0.000 0.000 0.000 1.193 3.432 5.334 8.777 9.263 8.174 9.985 11.241 12.285 12.257 12.131 10.162 8.463 10.183 10.707 10.576 7.860 8.512 4.797 6.734 4.229 1.473 2.009 2.796 2.499 1.206 0.441 1.131 1.282 0.136 3.012 4.473 4.499 5.910 7.059 7.201
-999.250 -999.250 -999.250 -999.250 -999.250 -999.250 -999.250 -999.250 -999.250 -999.250 -999.250 -999.250 -999.250 -999.250 -999.250 -999.250 -999.250 -999.250 -999.250 -999.250 -999.250 -999.250 -999.250 -999.250 -999.250 -999.250 -999.250 -999.250 1.595 1.660 0.000 0.000 0.000 1.592 2.900 4.360 4.610 5.461 6.785 8.346 8.716 12.975 9.292 9.924 9.439 11.923 10.792 11.191 9.700 8.109 6.963 6.263 4.511 3.029 4.018 0.646 2.550 3.033 3.221 0.690 0.498 2.354 3.112 3.033 3.773 6.178 4.363 4.934 6.242
-999.250 -999.250 -999.250 -999.250 -999.250 -999.250 -999.250 -999.250 -999.250 -999.250 -999.250 -999.250 -999.250 -999.250 -999.250 -999.250 -999.250 -999.250 -999.250 -999.250 -999.250 -999.250 -999.250 -999.250 -999.250 -999.250 -999.250 -999.250 -999.250 -999.250 1.174 0.000 0.158 3.227 4.107 6.923 4.217 4.542 6.375 7.540 9.529 9.592 9.507 8.735 10.160 10.252 13.941 12.397 12.844 9.366 8.921 5.721 3.398 5.546 1.637 1.825 1.310 3.529 1.221 0.154 0.140 0.000 2.657 1.840 4.150 4.506 2.795 3.968 4.048
-999.250 -999.250 -999.250 -999.250 -999.250 -999.250 -999.250 -999.250 -999.250 -999.250 -999.250 -999.250 -999.250 -999.250 -999.250 -999.250 -999.250 -999.250 -999.250 -999.250 -999.250 -999.250 -999.250 -999.250 -999.250 -999.250 -999.250 -999.250 -999.250 -999.250 1.976 2.347 2.388 4.984 5.570 5.434 5.586 5.573 3.815 6.857 6.144 9.262 9.328 8.783 10.267 12.913 16.075 13.737 13.088 10.558 8.405 7.820 5.377 4.635 2.889 3.620 0.414 0.000 1.471 0.000 0.000 0.000 1.272 3.280 2.064 5.407 5.949 4.505 5.535
-999.250 -999.250 -999.250 -999.250 -999.250 -999.250 -999.250 -999.250 -999.250 -999.250 -999.250 -999.250 -999.250 -999.250 -999.250 -999.250 -999.250 -999.250 -999.250 -999.250 -999.250 -999.250 -999.250 -999.250 -999.250 -999.250 -999.250 -999.250 -999.250 -999.250 4.349 4.241 6.311 3.695 5.387 6.652 5.279 7.258 4.790 6.524 9.322 11.775 10.125 8.215 12.189 14.331 13.487 14.280 13.991 13.975 6.909 6.588 4.273 6.026 1.668 2.164 0.700 0.000 0.000 0.000 0.000 0.391 1.523 3.533 2.413 2.985 6.722 7.313 5.430
-999.250 -999.250 -999.250 -999.250 -999.250 -999.250 -999.250 -999.250 -999.250 -999.250 -999.250 -999.250 -999.250 -999.250 -999.250 -999.250 -999.250 -999.250 -999.250 -999.250 -999.250 -999.250 -999.250 -999.250 -999.250 -999.250 -999.250 -999.250 -999.250 -999.250 -999.250 5.324 5.970 5.124 5.117 4.809 7.852 4.130 4.215 6.432 10.086 10.429 8.862 9.435 10.608 14.152 10.733 13.681 12.920 9.797 8.965 7.088 6.075 2.998 1.737 2.333 1.018 0.000 0.113 0.000 0.000 0.957 1.343 3.813 1.494 6.246 6.927 5.103 5.897
-999.250 -999.250 -999.250 -999.250 -999.250 -999.250 -999.250 -999.250 -999.250 -999.250 -999.250 -999.250 -999.250 -999.250 -999.250 -999.250 -999.250 -999.250 -999.250 -999.250 -999.250 -999.250 -999.250 -999.250 -999.250 -999.250 -999.250 -999.250 -999.250 -999.250 5.318 4.895 4.489 5.360 4.232 4.584 4.075 5.469 4.090 7.362 7.006 8.726 6.990 7.111 13.422 12.902 12.196 16.746 14.887 10.242 10.400 6.684 6.625 4.987 3.669 2.695 0.991 0.240 0.000 0.000 0.000 3.388 1.174 3.903 2.573 1.437 5.437 7.189 5.893
-999.250 -999.250 -999.250 -999.250 -999.250 -999.250 -999.250 -999.250 -999.250 -999.250 -999.250 -999.250 -999.250 -999.250 -999.250 -999.250 -999.250 -999.250 -999.250 -999.250 -999.250 -999.250 -999.250 -999.250 -999.250 -999.250 -999.250 -999.250 -999.250 -999.250 -999.250 4.897 5.116 4.999 4.265 4.385 5.439 4.854 7.931 8.085 8.757 7.109 9.081 9.797 11.525 11.377 11.095 9.076 11.590 9.909 8.710 5.661 5.154 3.755 5.289 4.484 1.363 0.000 0.000 0.000 0.121 2.045 1.709 3.946 2.776 2.537 5.016 7.259 7.176
-999.250 -999.250 -999.250 -999.250 -999.250 -999.250 -999.250 -999.250 -999.250 -999.250 -999.250 -999.250 -999.250 -999.250 -999.250 -999.250 -999.250 -999.250 -999.250 -999.250 -999.250 -999.250 -999.250 -999.250 -999.250 -999.250 -999.250 -999.250 -999.250 -999.250 6.088 6.321 4.667 6.769 5.332 5.365 3.797 8.574 9.351 7.454 7.341 7.487 8.111 9.804 9.544 8.983 8.761 10.894 11.517 9.671 7.462 5.670 5.678 3.950 5.964 3.585 1.228 0.081 0.000 0.000 0.015 0.000 3.344 2.495 2.754 2.848 4.093 5.972 7.785
-999.250 -999.250 -999.250 -999.250 -999.250 -999.250 -999.250 -999.250 -999.250 -999.250 -999.250 -999.250 -999.250 -999.250 -999.250 -999.250 -999.250 -999.250 -999.250 -999.250 -999.250 -999.250 -999.250 -999.250 -999.250 -999.250 -999.250 -999.250 -999.250 -999.250 4.901 4.544 5.233 7.225 4.888 6.419 6.828 4.462 7.425 7.807 10.738 7.162 9.509 7.297 9.439 9.992 9.688 11.051 8.658 10.594 7.231 6.405 5.845 5.820 4.788 2.681 4.318 0.532 0.000 0.000 0.179 0.000 0.158 0.397 1.951 4.826 6.797 8.580 9.149
-999.250 -999.250 -999.250 -999.250 -999.250 -999.250 -999.250 -999.250 -999.250 -999.250 -999.250 -999.250 -999.250 -999.250 -999.250 -999.250 -999.250 -999.250 -999.250 -999.250 -999.250 -999.250 -999.250 -999.250 -999.250 -999.250 -999.250 -999.250 -999.250 -999.250 8.329 9.220 7.263 8.128 7.480 7.179 5.975 7.758 9.742 9.428 6.878 7.442 8.618 9.864 9.779 9.993 11.537 10.667 11.211 8.610 6.082 6.178 3.946 4.947 2.734 2.594 2.876 4.698 0.634 0.000 0.000 0.000 0.000 1.169 1.946 4.082 8.462 7.307 10.339
-999.250 -999.250 -999.250 -999.250 -999.250 -999.250 -999.250 -999.250 -999.250 -999.250 -999.250 -999.250 -999.250 -999.250 -999.250 -999.250 -999.250 -999.250 -999.250 -999.250 -999.250 -999.250 -999.250 -999.250 -999.250 -999.250 -999.250 -999.250 -999.250 -999.250 9.081 9.307 9.609 7.642 6.905 6.456 5.237 6.029 7.531 6.793 6.919 8.981 6.770 7.666 9.201 7.987 12.257 9.957 9.848 7.019 7.405 6.776 2.792 2.796 3.041 2.369 2.376 0.000 0.000 0.000 0.000 0.000 0.279 0.022 1.832 3.009 4.996 7.108 8.526
-999.250 -999.250 -999.250 -999.250 -999.250 -999.250 -999.250 -999.250 -999.250 -999.250 -999.250 -999.250 -999.250 -999.250 -999.250 -999.250 -999.250 -999.250 -999.250 -999.250 -999.250 -999.250 -999.250 -999.250 -999.250 -999.250 -999.250 -999.250 -999.250 -999.250 8.254 11.541 10.395 11.147 9.150 6.086 6.631 8.732 5.870 7.661 8.511 7.105 5.789 7.226 6.623 9.102 7.955 10.149 9.816 7.188 7.440 4.573 3.751 0.702 3.389 0.892 0.049 0.000 0.000 0.000 0.000 0.000 0.000 2.987 2.850 5.010 9.707 6.544 8.914
-999.250 -999.250 -999.250 -999.250 -999.250 -999.250 -999.250 -999.250 -999.250 -999.250 -999.250 -999.250 -999.250 -999.250 -999.250 -999.250 -999.250 -999.250 -999.250 -999.250 -999.250 -999.250 -999.250 -999.250 -999.250 -999.250 -999.250 -999.250 -999.250 -999.250 -999.250 12.058 10.461 10.135 8.888 8.094 4.625 5.487 5.841 6.436 6.051 9.154 6.864 5.937 8.101 8.962 9.607 9.680 5.503 4.067 3.471 3.257 1.749 2.127 0.948 0.000 0.000 0.000 0.000 0.000 0.000 0.000 0.000 1.842 5.268 5.681 8.319 5.553 7.245
-999.250 -999.250 -999.250 -999.250 -999.250 -999.250 -999.250 -999.250 -999.250 -999.250 -999.250 -999.250 -999.250 -999.250 -999.250 -999.250 -999.250 -999.250 -999.250 -999.250 -999.250 -999.250 -999.250 -999.250 -999.250 -999.250 -999.250 -999.250 -999.250 -999.250 -999.250 13.028 12.006 10.243 9.718 7.467 4.846 6.012 7.677 10.003 10.456 9.122 8.753 9.501 10.137 8.372 7.091 7.148 5.327 5.240 2.977 3.239 1.165 0.983 0.000 0.000 0.000 0.000 0.000 0.090 0.000 0.000 1.737 4.113 5.021 8.479 8.628 9.852 10.965
-999.250 -999.250 -999.250 -999.250 -999.250 -999.250 -999.250 -999.250 -999.250 -999.250 -999.250 -999.250 -999.250 -999.250 -999.250 -999.250 -999.250 -999.250 -999.250 -999.250 -999.250 -999.250 -999.250 -999.250 -999.250 -999.250 -999.250 -999.250 -999.250 -999.250 9.555 13.650 13.806 11.919 7.805 9.683 8.691 8.869 9.597 9.114 12.428 10.363 9.908 8.392 9.600 6.038 5.841 3.626 5.182 4.157 3.966 2.994 0.724 0.937 0.000 0.000 0.000 0.009 0.000 3.053 1.974 4.240 5.028 5.405 8.855 11.757 9.400 8.730 10.571
