data/medianmodel_03-Sep-2020.asc
ncols	141
nrows	288
xllcorner	-120191.398
yllcorner	-301404.813
cellsize	2000.000
NODATA_value	-999.250
[rows 124 to 154 of 288, columns 0 to 68 of 141]
-999.250 -999.250 -999.250 -999.250 -999.250 -999.250 -999.250 -999.250 -999.250 -999.250 -999.250 -999.250 -999.250 -999.250 -999.250 -999.250 -999.250 -999.250 -999.250 -999.250 -999.250 -999.250 -999.250 -999.250 0.000 0.655 0.996 4.300 5.518 7.731 8.111 5.716 7.206 5.899 4.595 2.868 3.090 3.534 3.002 0.852 0.931 0.000 0.000 0.000 0.000 0.000 0.000 0.000 0.000 0.000 0.000 0.000 0.000 0.000 0.000 0.000 0.000 0.000 0.000 0.000 0.000 0.737 5.294 8.312 15.603 23.026 28.556 38.238 46.873
-999.250 -999.250 -999.250 -999.250 -999.250 -999.250 -999.250 -999.250 -999.250 -999.250 -999.250 -999.250 -999.250 -999.250 -999.250 -999.250 -999.250 -999.250 -999.250 -999.250 -999.250 -999.250 -999.250 -999.250 0.117 0.501 4.597 3.568 6.297 8.052 9.245 8.047 7.488 6.900 6.665 4.949 4.644 3.466 2.465 1.188 0.000 0.000 0.000 0.000 0.000 0.000 0.000 0.000 0.000 0.000 0.000 0.000 0.000 0.000 0.000 0.000 0.000 0.000 0.000 0.000 0.000 0.334 3.089 6.927 13.928 20.293 26.859 35.238 40.412
-999.250 -999.250 -999.250 -999.250 -999.250 -999.250 -999.250 -999.250 -999.250 -999.250 -999.250 -999.250 -999.250 -999.250 -999.250 -999.250 -999.250 -999.250 -999.250 -999.250 -999.250 -999.250 -999.250 2.589 0.803 2.066 4.585 6.563 8.930 10.613 11.238 10.508 9.530 8.174 5.686 6.133 4.887 2.758 2.255 0.182 0.000 0.000 0.000 0.000 0.000 0.000 0.000 0.000 0.000 0.000 0.000 0.000 0.000 0.000 0.000 0.000 0.000 0.000 0.000 0.000 0.000 0.000 1.339 5.404 8.566 16.445 23.308 28.642 31.389
-999.250 -999.250 -999.250 -999.250 -999.250 -999.250 -999.250 -999.250 -999.250 -999.250 -999.250 -999.250 -999.250 -999.250 -999.250 -999.250 -999.250 -999.250 -999.250 -999.250 -999.250 -999.250 -999.250 0.522 2.077 1.376 4.511 7.390 9.290 11.423 13.561 12.402 12.483 8.092 7.045 7.620 6.495 4.147 1.505 0.051 0.000 0.000 0.000 0.000 0.000 0.000 0.000 0.000 0.000 0.000 0.000 0.000 0.000 0.000 0.000 0.000 0.000 0.000 0.000 0.000 0.000 0.000 0.000 1.763 5.039 9.005 17.205 24.655 27.630
-999.250 -999.250 -999.250 -999.250 -999.250 -999.250 -999.250 -999.250 -999.250 -999.250 -999.250 -999.250 -999.250 -999.250 -999.250 -999.250 -999.250 -999.250 -999.250 -999.250 -999.250 -999.250 -999.250 0.000 1.113 3.934 6.922 7.994 10.696 14.568 14.730 14.716 10.869 11.191 8.500 7.215 4.429 3.772 1.104 0.539 0.000 0.000 0.000 0.000 0.000 0.000 0.000 0.000 0.000 0.000 0.000 0.000 0.000 0.000 0.000 0.000 0.000 0.000 0.000 0.000 0.000 0.000 0.000 0.000 3.189 6.554 9.743 17.153 21.038
-999.250 -999.250 -999.250 -999.250 -999.250 -999.250 -999.250 -999.250 -999.250 -999.250 -999.250 -999.250 -999.250 -999.250 -999.250 -999.250 -999.250 -999.250 -999.250 -999.250 -999.250 -999.250 0.729 0.000 1.489 2.788 7.056 9.518 11.911 16.263 19.509 18.594 15.386 11.459 9.074 5.567 4.394 2.240 2.073 0.000 0.065 0.000 0.000 0.000 0.000 0.000 0.000 0.000 0.000 0.000 0.000 0.000 0.000 0.000 0.000 0.000 0.000 0.000 0.000 0.000 0.000 0.000 0.000 0.000 0.000 2.652 7.208 9.374 12.157
-999.250 -999.250 -999.250 -999.250 -999.250 -999.250 -999.250 -999.250 -999.250 -999.250 -999.250 -999.250 -999.250 -999.250 -999.250 -999.250 -999.250 -999.250 -999.250 -999.250 -999.250 -999.250 1.288 0.613 3.239 4.942 6.496 12.676 16.745 20.308 24.693 21.963 17.256 11.849 8.648 5.561 4.383 2.213 0.000 0.360 0.000 0.000 0.000 0.000 0.000 0.000 0.000 0.000 0.000 0.000 0.000 0.000 0.000 0.000 0.000 0.000 0.000 0.000 0.000 0.000 0.000 0.000 0.000 0.000 0.000 0.000 3.717 5.458 8.439
-999.250 -999.250 -999.250 -999.250 -999.250 -999.250 -999.250 -999.250 -999.250 -999.250 -999.250 -999.250 -999.250 -999.250 -999.250 -999.250 -999.250 -999.250 -999.250 -999.250 -999.250 1.748 1.588 2.998 5.194 5.979 8.771 13.463 19.682 22.250 31.134 22.112 15.156 11.921 8.419 6.797 5.957 2.991 0.000 0.000 0.000 0.000 0.000 0.000 0.000 0.000 0.000 0.000 0.000 0.000 0.000 0.000 0.000 0.000 0.000 0.000 0.000 0.000 0.000 0.000 0.000 0.000 0.000 0.000 0.000 0.000 0.000 0.766 3.847
-999.250 -999.250 -999.250 -999.250 -999.250 -999.250 -999.250 -999.250 -999.250 -999.250 -999.250 -999.250 -999.250 -999.250 -999.250 -999.250 -999.250 -999.250 -999.250 -999.250 -999.250 3.333 1.835 3.579 4.499 5.916 8.203 10.443 16.374 18.663 23.210 19.788 15.915 12.640 10.457 8.001 4.986 3.515 0.168 0.000 0.000 0.000 0.000 0.000 0.000 0.000 0.000 0.000 0.000 0.000 0.000 0.000 0.000 0.000 0.000 0.000 0.000 0.000 0.000 0.000 0.000 0.000 0.000 0.000 0.000 0.000 0.000 0.000 0.000
-999.250 -999.250 -999.250 -999.250 -999.250 -999.250 -999.250 -999.250 -999.250 -999.250 -999.250 -999.250 -999.250 -999.250 -999.250 -999.250 -999.250 -999.250 -999.250 -999.250 -999.250 5.667 4.117 4.229 5.638 5.588 6.652 9.163 14.078 14.690 16.701 13.042 14.009 9.095 7.416 6.664 4.698 2.348 0.000 0.000 0.000 0.000 0.000 0.000 0.000 0.000 0.000 0.000 0.000 0.000 0.000 0.000 0.000 0.000 0.000 0.000 0.000 0.000 0.000 0.000 0.000 0.000 0.000 0.000 0.000 0.000 0.000 0.000 0.000
-999.250 -999.250 -999.250 -999.250 -999.250 -999.250 -999.250 -999.250 -999.250 -999.250 -999.250 -999.250 -999.250 -999.250 -999.250 -999.250 -999.250 -999.250 -999.250 -999.250 6.811 7.025 5.605 5.176 5.315 4.468 7.058 7.788 10.492 9.858 10.781 11.505 10.477 8.295 7.639 5.434 4.282 2.362 0.000 0.000 0.000 0.000 0.000 0.000 0.000 0.000 0.000 0.000 0.000 0.000 0.000 0.000 0.000 0.000 0.000 0.000 0.000 0.000 0.000 0.000 0.000 0.000 0.000 0.000 0.000 0.000 0.000 0.000 0.000
-999.250 -999.250 -999.250 -999.250 -999.250 -999.250 -999.250 -999.250 -999.250 -999.250 -999.250 -999.250 -999.250 -999.250 -999.250 -999.250 -999.250 -999.250 -999.250 -999.250 8.620 8.557 8.705 7.046 6.434 6.469 6.753 7.903 7.808 8.351 9.634 9.151 9.730 8.012 6.599 4.805 3.787 1.680 0.000 0.000 0.000 0.000 0.000 0.000 0.000 0.000 0.000 0.000 0.000 0.000 0.000 0.000 0.000 0.000 0.000 0.000 0.000 0.000 0.000 0.000 0.000 0.000 0.000 0.000 0.000 0.000 0.000 0.000 0.000
-999.250 -999.250 -999.250 -999.250 -999.250 -999.250 -999.250 -999.250 -999.250 -999.250 -999.250 -999.250 -999.250 -999.250 -999.250 -999.250 -999.250 -999.250 -999.250 -999.250 11.891 12.111 9.158 7.271 6.725 8.391 7.559 7.943 8.069 8.760 9.279 7.617 8.430 5.879 5.637 4.900 3.058 3.193 0.000 0.000 0.000 0.000 0.000 0.000 0.000 0.000 0.000 0.000 0.000 0.000 0.000 0.000 0.000 0.000 0.000 0.000 0.000 0.000 0.000 0.000 0.000 0.000 0.000 0.000 0.000 0.000 0.000 0.000 0.000
-999.250 -999.250 -999.250 -999.250 -999.250 -999.250 -999.250 -999.250 -999.250 -999.250 -999.250 -999.250 -999.250 -999.250 -999.250 -999.250 -999.250 -999.250 -999.250 -999.250 16.752 15.455 13.056 8.913 7.391 8.806 7.807 6.765 6.088 8.683 12.529 7.483 6.729 6.373 5.402 3.186 3.765 1.651 0.591 0.000 2.271 0.000 0.000 0.000 0.000 0.000 0.000 0.000 0.000 0.000 0.000 0.000 0.000 0.000 0.000 0.000 0.000 0.000 0.000 0.000 0.000 0.000 0.000 0.000 0.000 0.000 0.000 0.000 0.000
-999.250 -999.250 -999.250 -999.250 -999.250 -999.250 -999.250 -999.250 -999.250 -999.250 -999.250 -999.250 -999.250 -999.250 -999.250 -999.250 -999.250 -999.250 -999.250 19.602 18.994 18.372 12.793 11.781 7.116 8.828 6.791 6.298 7.037 7.439 7.075 7.301 5.842 6.026 4.410 4.611 1.782 1.935 0.194 0.000 0.000 0.000 0.000 0.000 0.000 0.000 0.000 0.000 0.000 0.000 0.000 0.000 0.000 0.000 0.000 0.000 0.000 0.000 0.000 0.000 0.000 0.000 0.000 0.000 0.000 0.000 0.000 0.000 0.000
-999.250 -999.250 -999.250 -999.250 -999.250 -999.250 -999.250 -999.250 -999.250 -999.250 -999.250 -999.250 -999.250 -999.250 -999.250 -999.250 -999.250 -999.250 -999.250 23.395 22.944 19.533 18.275 12.720 7.996 7.728 4.996 5.064 6.460 6.162 6.724 6.160 4.805 3.747 3.637 2.386 2.136 0.460 0.000 0.186 0.000 0.000 0.000 0.000 0.000 0.000 0.000 0.000 0.000 0.000 0.000 0.000 0.000 0.000 0.000 0.000 0.000 0.000 0.000 0.000 0.000 0.000 0.000 0.000 0.000 0.000 0.000 0.000 0.000
-999.250 -999.250 -999.250 -999.250 -999.250 -999.250 -999.250 -999.250 -999.250 -999.250 -999.250 -999.250 -999.250 -999.250 -999.250 -999.250 -999.250 -999.250 -999.250 24.834 28.239 20.907 17.780 13.580 9.647 6.955 6.052 5.771 6.579 7.598 8.593 5.602 3.729 3.383 0.869 1.005 1.025 0.046 0.000 0.000 0.000 0.000 0.000 0.000 0.000 0.000 0.000 0.000 0.000 0.000 0.000 0.000 0.000 0.000 0.000 0.000 0.000 0.000 0.000 0.000 0.000 0.000 0.000 0.000 0.000 0.000 0.000 0.000 0.000
-999.250 -999.250 -999.250 -999.250 -999.250 -999.250 -999.250 -999.250 -999.250 -999.250 -999.250 -999.250 -999.250 -999.250 -999.250 -999.250 -999.250 -999.250 -999.250 24.454 23.548 20.777 17.097 12.788 9.326 7.929 6.591 6.167 6.360 7.193 7.006 5.632 3.932 3.644 3.303 1.927 0.971 0.425 0.000 0.000 0.000 0.000 0.000 0.000 0.000 0.000 0.000 0.000 0.000 0.000 0.000 0.000 0.000 0.000 0.000 0.000 0.000 0.000 0.000 0.000 0.000 0.000 0.000 0.000 0.000 0.000 0.000 0.000 0.000
-999.250 -999.250 -999.250 -999.250 -999.250 -999.250 -999.250 -999.250 -999.250 -999.250 -999.250 -999.250 -999.250 -999.250 -999.250 -999.250 -999.250 -999.250 -999.250 19.866 19.874 17.410 16.510 14.380 11.533 8.652 8.493 7.233 6.967 7.259 7.703 6.529 6.013 5.184 5.104 3.680 2.748 2.026 0.000 0.000 0.189 0.000 0.000 0.000 0.000 0.253 0.000 0.000 0.000 0.000 0.000 0.000 0.000 0.000 0.000 0.000 0.000 0.000 0.000 0.000 0.000 0.000 0.000 0.000 0.000 0.000 0.000 0.000 0.000
-999.250 -999.250 -999.250 -999.250 -999.250 -999.250 -999.250 -999.250 -999.250 -999.250 -999.250 -999.250 -999.250 -999.250 -999.250 -999.250 -999.250 -999.250 15.947 17.469 16.056 16.383 15.772 18.672 13.750 9.391 10.176 7.488 7.802 7.553 7.368 7.145 7.744 6.994 5.557 5.049 4.459 4.904 3.922 1.554 1.128 0.961 0.194 0.000 0.056 1.446 2.450 1.884 1.515 0.217 0.000 0.000 0.000 0.000 0.000 0.000 0.000 0.000 0.000 0.000 0.000 0.000 0.000 0.000 0.000 0.000 0.000 0.000 0.000
-999.250 -999.250 -999.250 -999.250 -999.250 -999.250 -999.250 -999.250 -999.250 -999.250 -999.250 -999.250 -999.250 -999.250 -999.250 -999.250 -999.250 11.347 13.396 15.035 13.329 12.315 15.099 15.371 13.656 11.912 10.083 9.329 8.400 10.637 8.080 9.508 8.995 8.441 6.539 5.180 5.940 4.946 5.639 4.345 4.219 3.739 2.784 0.445 3.073 4.749 5.194 5.748 4.413 2.974 0.175 0.000 0.000 0.000 0.000 0.000 0.000 0.000 0.000 0.000 0.000 0.000 0.000 0.000 0.000 0.000 0.000 0.000 0.000
-999.250 -999.250 -999.250 -999.250 -999.250 -999.250 -999.250 -999.250 -999.250 -999.250 -999.250 -999.250 -999.250 -999.250 -999.250 -999.250 -999.250 8.044 10.906 10.388 10.115 11.722 11.939 13.203 12.582 13.118 13.157 9.348 10.907 10.363 12.152 11.635 10.167 12.510 10.565 8.311 7.976 8.613 7.420 5.457 5.717 5.979 4.360 4.099 5.329 7.169 8.057 8.384 6.680 5.650 3.271 0.554 0.000 0.000 0.000 0.072 2.123 3.424 1.487 0.000 0.000 0.000 0.000 0.000 0.000 0.000 0.000 0.000 0.000
-999.250 -999.250 -999.250 -999.250 -999.250 -999.250 -999.250 -999.250 -999.250 -999.250 -999.250 -999.250 -999.250 -999.250 -999.250 7.602 6.511 8.309 8.344 8.129 9.371 9.317 10.104 12.839 14.139 12.117 13.419 14.112 12.721 15.503 16.461 16.978 14.486 14.405 16.894 11.406 12.773 10.055 8.899 8.197 7.459 8.588 4.689 5.621 7.191 9.456 14.400 13.829 10.960 8.187 5.817 3.597 0.000 0.000 0.000 0.000 4.111 8.540 4.315 0.562 0.000 0.000 0.000 0.000 0.000 0.000 0.000 0.000 0.000
-999.250 -999.250 -999.250 -999.250 -999.250 -999.250 -999.250 -999.250 -999.250 -999.250 -999.250 -999.250 -999.250 -999.250 6.007 5.887 6.370 5.950 5.552 6.413 7.463 9.136 9.986 10.833 11.799 13.008 14.273 13.582 14.924 18.502 21.135 19.282 20.430 20.296 20.935 20.804 16.406 17.965 13.432 9.374 7.994 6.739 6.840 6.279 7.715 11.423 15.872 18.424 15.809 10.870 8.236 4.090 0.000 0.000 0.000 0.000 2.129 5.074 5.159 2.574 0.200 0.000 0.000 0.000 0.000 0.000 0.000 0.000 0.000
-999.250 -999.250 -999.250 -999.250 -999.250 -999.250 -999.250 -999.250 -999.250 -999.250 -999.250 -999.250 -999.250 -999.250 3.488 2.594 4.343 4.768 5.957 4.835 5.865 8.430 9.004 9.364 9.024 13.371 15.995 12.964 18.725 20.572 24.569 23.390 26.267 26.851 26.103 23.375 22.923 23.421 15.207 12.396 8.814 6.666 5.631 7.354 11.388 13.916 18.133 26.806 20.507 13.921 8.255 3.854 0.234 0.000 0.000 0.000 1.039 2.717 4.845 3.729 1.133 0.000 0.000 0.000 0.000 0.000 0.000 0.000 0.000
-999.250 -999.250 -999.250 -999.250 -999.250 -999.250 -999.250 -999.250 -999.250 -999.250 -999.250 -999.250 -999.250 3.165 3.156 1.512 0.172 1.617 2.263 5.205 6.898 7.670 7.233 10.101 11.110 11.955 17.519 19.462 25.397 28.690 29.513 32.102 28.994 30.422 28.763 29.529 25.950 23.680 19.747 15.752 10.265 8.313 5.127 7.177 9.260 10.015 14.009 19.495 14.579 10.918 7.292 4.112 1.160 0.000 0.000 0.000 0.475 0.379 2.240 3.606 0.572 0.000 0.000 0.000 0.000 0.000 0.000 0.000 0.000
-999.250 -999.250 -999.250 -999.250 -999.250 -999.250 -999.250 -999.250 -999.250 -999.250 -999.250 -999.250 0.789 0.000 0.009 0.000 0.000 0.018 1.181 4.933 6.087 6.476 8.602 11.354 13.939 16.076 18.525 25.290 28.753 30.477 31.267 37.769 36.420 37.137 35.766 32.492 29.524 25.339 23.372 16.525 11.915 8.169 5.520 4.821 4.877 5.716 8.205 8.889 10.004 7.865 5.621 3.196 0.825 0.000 0.000 0.000 1.485 0.756 2.702 0.395 2.629 0.017 0.000 0.000 0.000 0.000 0.000 0.000 0.000
-999.250 -999.250 -999.250 -999.250 -999.250 -999.250 -999.250 -999.250 -999.250 -999.250 -999.250 0.000 0.397 0.000 0.000 0.000 0.000 0.000 0.000 2.988 5.152 5.596 8.033 12.582 18.617 22.150 24.156 26.472 31.961 37.505 37.737 38.830 40.441 42.689 39.666 36.166 32.547 31.296 23.707 20.574 15.439 8.500 5.788 2.417 0.000 0.000 2.877 5.105 7.589 5.819 4.659 2.213 0.938 0.000 0.000 0.000 0.000 1.642 0.949 2.865 1.402 1.063 0.000 0.000 0.000 0.000 0.000 0.000 0.000
-999.250 -999.250 -999.250 -999.250 -999.250 -999.250 -999.250 -999.250 -999.250 -999.250 0.000 0.000 0.000 0.000 0.000 0.000 0.000 0.000 0.000 2.726 4.283 5.717 8.255 12.227 17.976 20.598 26.057 31.462 34.125 39.270 42.482 43.609 43.646 45.392 43.754 43.232 39.019 35.882 30.294 25.013 18.407 9.630 5.399 1.156 0.000 0.000 2.673 3.688 5.548 4.814 3.141 2.633 0.610 0.000 0.000 0.000 0.000 0.672 1.857 3.082 1.882 1.352 0.114 0.000 0.000 0.000 0.000 0.000 0.000
-999.250 -999.250 -999.250 -999.250 -999.250 -999.250 -999.250 -999.250 -999.250 0.000 0.000 0.000 0.000 0.000 0.000 0.000 0.000 0.000 1.105 5.779 3.933 4.972 8.365 12.953 19.115 23.603 28.191 32.107 35.615 40.666 43.598 48.378 47.568 49.951 47.831 43.784 42.645 40.485 34.215 28.104 19.976 10.306 6.142 3.056 0.456 1.750 6.081 5.133 4.060 3.488 3.439 1.515 0.000 0.000 0.000 0.000 0.249 1.675 1.949 0.829 0.752 0.578 0.503 0.000 0.000 0.000 0.000 0.000 0.000
-999.250 -999.250 -999.250 -999.250 -999.250 6.699 3.773 2.457 0.000 0.000 0.000 0.000 0.000 0.000 0.000 0.000 0.000 0.000 0.000 1.824 2.027 5.917 9.105 16.252 19.883 26.699 30.569 33.209 34.186 43.430 45.757 48.102 54.297 55.452 54.174 51.796 47.410 44.112 39.026 29.737 22.371 14.181 6.820 1.744 1.711 4.750 10.873 6.164 4.395 3.520 1.961 0.000 0.000 0.000 0.000 0.000 0.000 1.596 0.081 1.055 0.045 0.083 1.199 0.693 0.000 0.000 0.000 0.000 0.000
