data/medianmodel_09-Aug-2020.asc
ncols	141
nrows	288
xllcorner	-120191.398
yllcorner	-301404.813
cellsize	2000.000
NODATA_value	-999.250
[rows 210 to 239 of 288, columns 0 to 67 of 141]
-999.250 -999.250 -999.250 -999.250 -999.250 -999.250 -999.250 -999.250 -999.250 -999.250 -999.250 -999.250 -999.250 -999.250 -999.250 -999.250 -999.250 -999.250 -999.250 -999.250 -999.250 -999.250 -999.250 -999.250 -999.250 -999.250 -999.250 -999.250 -999.250 -999.250 -999.250 33.683 36.074 31.154 37.908 35.581 40.315 40.664 38.377 40.380 44.557 47.490 51.462 43.510 38.347 36.249 35.118 29.562 25.480 21.964 16.414 12.932 10.501 5.851 6.154 4.145 2.525 1.366 0.000 0.000 0.000 0.000 0.000 0.000 0.000 0.000 0.000 0.000
-999.250 -999.250 -999.250 -999.250 -999.250 -999.250 -999.250 -999.250 -999.250 -999.250 -999.250 -999.250 -999.250 -999.250 -999.250 -999.250 -999.250 -999.250 -999.250 -999.250 -999.250 -999.250 -999.250 -999.250 -999.250 -999.250 -999.250 -999.250 -999.250 -999.250 -999.250 26.626 25.974 31.875 33.831 38.433 38.676 36.530 40.837 42.392 45.382 45.758 43.006 42.564 41.339 38.688 32.641 29.029 24.947 23.286 14.551 10.881 7.949 7.774 5.457 4.169 2.998 1.585 0.000 0.000 0.000 0.000 0.000 0.000 0.000 0.000 0.000 0.000
-999.250 -999.250 -999.250 -999.250 -999.250 -999.250 -999.250 -999.250 -999.250 -999.250 -999.250 -999.250 -999.250 -999.250 -999.250 -999.250 -999.250 -999.250 -999.250 -999.250 -999.250 -999.250 -999.250 -999.250 -999.250 -999.250 -999.250 -999.250 -999.250 -999.250 -999.250 23.583 23.553 30.171 34.252 35.356 38.728 38.500 39.069 43.846 45.608 44.667 45.913 42.627 38.050 37.997 32.732 26.960 21.384 19.545 14.884 12.216 8.139 6.209 6.939 4.287 2.157 1.590 0.000 0.000 0.000 0.000 0.000 0.000 0.000 0.000 0.000 0.000
-999.250 -999.250 -999.250 -999.250 -999.250 -999.250 -999.250 -999.250 -999.250 -999.250 -999.250 -999.250 -999.250 -999.250 -999.250 -999.250 -999.250 -999.250 -999.250 -999.250 -999.250 -999.250 -999.250 -999.250 -999.250 -999.250 -999.250 -999.250 -999.250 -999.250 -999.250 23.710 21.428 31.000 30.298 34.238 36.462 36.268 39.123 40.262 36.856 42.118 43.782 41.386 36.546 36.929 35.287 27.198 19.943 17.488 15.433 10.884 5.962 5.544 5.453 3.468 2.348 1.200 0.000 0.000 0.000 0.000 0.000 0.000 0.000 0.000 0.000 0.000
-999.250 -999.250 -999.250 -999.250 -999.250 -999.250 -999.250 -999.250 -999.250 -999.250 -999.250 -999.250 -999.250 -999.250 -999.250 -999.250 -999.250 -999.250 -999.250 -999.250 -999.250 -999.250 -999.250 -999.250 -999.250 -999.250 -999.250 -999.250 -999.250 -999.250 -999.250 22.501 29.460 26.745 26.429 32.962 35.558 41.947 39.507 34.230 42.479 47.295 43.836 38.559 35.461 35.958 32.210 29.037 20.732 18.208 13.491 9.568 9.065 5.841 4.685 4.228 2.332 0.111 0.000 0.000 0.000 0.000 0.000 0.000 0.000 0.000 0.000 0.000
-999.250 -999.250 -999.250 -999.250 -999.250 -999.250 -999.250 -999.250 -999.250 -999.250 -999.250 -999.250 -999.250 -999.250 -999.250 -999.250 -999.250 -999.250 -999.250 -999.250 -999.250 -999.250 -999.250 -999.250 -999.250 -999.250 -999.250 -999.250 -999.250 -999.250 -999.250 23.617 25.422 28.946 29.430 31.290 30.459 35.858 32.429 34.797 38.017 37.790 40.210 35.212 35.261 38.155 32.840 28.803 19.070 14.870 12.216 10.672 8.733 5.520 4.045 2.205 1.369 0.000 0.000 0.000 0.000 0.000 0.000 0.000 0.000 0.000 0.000 0.092
-999.250 -999.250 -999.250 -999.250 -999.250 -999.250 -999.250 -999.250 -999.250 -999.250 -999.250 -999.250 -999.250 -999.250 -999.250 -999.250 -999.250 -999.250 -999.250 -999.250 -999.250 -999.250 -999.250 -999.250 -999.250 -999.250 -999.250 -999.250 -999.250 -999.250 -999.250 23.182 25.329 28.687 26.859 31.181 31.075 31.506 28.985 34.702 43.422 41.388 38.226 37.371 35.898 32.891 32.874 26.593 20.410 17.853 14.757 11.107 9.695 6.983 4.754 2.478 1.232 0.081 0.000 0.000 0.000 0.000 0.000 0.000 0.000 0.000 0.091 2.170
-999.250 -999.250 -999.250 -999.250 -999.250 -999.250 -999.250 -999.250 -999.250 -999.250 -999.250 -999.250 -999.250 -999.250 -999.250 -999.250 -999.250 -999.250 -999.250 -999.250 -999.250 -999.250 -999.250 -999.250 -999.250 -999.250 -999.250 -999.250 -999.250 -999.250 -999.250 15.067 24.175 28.908 30.724 28.110 27.092 33.150 30.902 33.805 39.685 38.164 33.316 36.302 30.693 31.135 29.540 23.266 16.852 13.558 15.142 12.806 8.088 5.165 4.285 2.958 0.183 0.000 0.000 0.000 0.000 0.000 0.000 0.000 0.000 0.000 1.279 2.848
-999.250 -999.250 -999.250 -999.250 -999.250 -999.250 -999.250 -999.250 -999.250 -999.250 -999.250 -999.250 -999.250 -999.250 -999.250 -999.250 -999.250 -999.250 -999.250 -999.250 -999.250 -999.250 -999.250 -999.250 -999.250 -999.250 -999.250 -999.250 -999.250 -999.250 -999.250 16.371 23.070 23.364 24.136 30.700 26.616 29.878 29.651 31.791 36.456 41.002 37.001 35.165 32.968 28.685 27.316 21.774 17.958 14.285 10.333 10.550 6.851 5.962 5.216 3.837 1.313 0.000 0.000 0.000 0.000 0.000 0.000 0.000 0.000 0.978 2.951 4.492
-999.250 -999.250 -999.250 -999.250 -999.250 -999.250 -999.250 -999.250 -999.250 -999.250 -999.250 -999.250 -999.250 -999.250 -999.250 -999.250 -999.250 -999.250 -999.250 -999.250 -999.250 -999.250 -999.250 -999.250 -999.250 -999.250 -999.250 -999.250 -999.250 -999.250 -999.250 13.989 18.273 20.326 23.558 27.343 30.858 29.406 31.477 33.352 37.850 40.986 36.123 35.472 31.641 22.739 23.988 22.398 18.132 14.207 12.271 9.313 5.731 3.919 5.361 2.505 0.535 0.000 0.000 0.000 0.000 0.000 0.000 0.281 1.187 2.902 4.426 8.326
-999.250 -999.250 -999.250 -999.250 -999.250 -999.250 -999.250 -999.250 -999.250 -999.250 -999.250 -999.250 -999.250 -999.250 -999.250 -999.250 -999.250 -999.250 -999.250 -999.250 -999.250 -999.250 -999.250 -999.250 -999.250 -999.250 -999.250 -999.250 -999.250 -999.250 -999.250 16.137 18.424 18.874 18.129 25.167 25.416 29.336 29.258 33.839 35.174 35.830 32.207 30.474 27.943 27.182 23.875 15.793 16.635 10.997 10.734 7.290 6.623 2.755 2.950 1.085 0.000 0.000 0.000 0.000 0.000 0.000 0.000 1.500 2.306 4.232 5.804 9.281
-999.250 -999.250 -999.250 -999.250 -999.250 -999.250 -999.250 -999.250 -999.250 -999.250 -999.250 -999.250 -999.250 -999.250 -999.250 -999.250 -999.250 -999.250 -999.250 -999.250 -999.250 -999.250 -999.250 -999.250 -999.250 -999.250 -999.250 -999.250 -999.250 -999.250 -999.250 14.811 22.379 18.063 21.042 21.361 27.198 25.583 26.880 27.682 32.814 29.862 28.330 26.774 23.760 21.563 18.387 15.367 11.871 10.593 8.395 7.103 4.351 3.151 1.753 0.251 0.000 0.000 0.000 0.000 0.000 0.000 0.000 2.599 3.923 4.293 5.530 8.475
-999.250 -999.250 -999.250 -999.250 -999.250 -999.250 -999.250 -999.250 -999.250 -999.250 -999.250 -999.250 -999.250 -999.250 -999.250 -999.250 -999.250 -999.250 -999.250 -999.250 -999.250 -999.250 -999.250 -999.250 -999.250 -999.250 -999.250 -999.250 -999.250 -999.250 -999.250 14.445 22.005 18.503 17.942 23.104 24.197 24.231 25.502 21.186 24.483 23.844 24.129 23.874 20.996 19.110 13.621 14.888 12.489 9.369 7.948 5.603 4.252 2.337 0.589 0.363 0.000 0.000 0.000 0.000 0.000 0.000 0.000 1.582 2.305 3.413 5.316 8.439
-999.250 -999.250 -999.250 -999.250 -999.250 -999.250 -999.250 -999.250 -999.250 -999.250 -999.250 -999.250 -999.250 -999.250 -999.250 -999.250 -999.250 -999.250 -999.250 -999.250 -999.250 -999.250 -999.250 -999.250 -999.250 -999.250 -999.250 -999.250 -999.250 -999.250 8.499 13.917 14.960 18.167 16.445 20.065 18.764 17.584 22.073 21.866 17.467 19.809 19.897 19.218 16.739 17.665 14.021 13.585 10.944 7.563 5.784 5.220 2.970 2.512 0.254 0.164 0.000 0.000 0.000 0.000 0.000 0.000 0.000 1.715 3.035 4.039 5.951 6.801
-999.250 -999.250 -999.250 -999.250 -999.250 -999.250 -999.250 -999.250 -999.250 -999.250 -999.250 -999.250 -999.250 -999.250 -999.250 -999.250 -999.250 -999.250 -999.250 -999.250 -999.250 -999.250 -999.250 -999.250 -999.250 -999.250 -999.250 -999.250 -999.250 -999.250 9.543 11.350 14.990 12.084 16.143 17.155 13.652 15.911 16.927 17.891 16.666 17.996 17.706 14.454 12.603 14.718 14.394 11.417 11.099 7.435 5.163 5.131 3.080 1.400 0.000 0.000 0.000 0.000 0.000 0.000 0.000 0.000 0.000 1.121 3.352 4.378 4.565 4.159
-999.250 -999.250 -999.250 -999.250 -999.250 -999.250 -999.250 -999.250 -999.250 -999.250 -999.250 -999.250 -999.250 -999.250 -999.250 -999.250 -999.250 -999.250 -999.250 -999.250 -999.250 -999.250 -999.250 -999.250 -999.250 -999.250 -999.250 -999.250 -999.250 -999.250 8.477 10.860 12.839 11.679 12.663 10.118 13.956 13.719 16.206 17.918 17.492 17.264 18.581 15.176 12.708 13.462 15.365 10.247 10.811 7.176 6.806 5.633 2.988 0.966 0.000 0.000 0.000 0.000 0.000 0.000 0.000 0.000 0.000 0.790 2.874 3.282 2.748 3.692
-999.250 -999.250 -999.250 -999.250 -999.250 -999.250 -999.250 -999.250 -999.250 -999.250 -999.250 -999.250 -999.250 -999.250 -999.250 -999.250 -999.250 -999.250 -999.250 -999.250 -999.250 -999.250 -999.250 -999.250 -999.250 -999.250 -999.250 -999.250 -999.250 -999.250 9.446 12.218 9.776 11.431 13.883 11.711 12.668 14.165 14.720 15.114 15.067 18.039 17.169 14.173 12.276 11.327 12.337 11.570 8.056 6.711 7.165 3.584 2.532 0.941 0.000 0.000 0.000 0.000 0.000 0.000 0.000 0.000 0.000 0.529 1.664 2.170 2.171 3.706
-999.250 -999.250 -999.250 -999.250 -999.250 -999.250 -999.250 -999.250 -999.250 -999.250 -999.250 -999.250 -999.250 -999.250 -999.250 -999.250 -999.250 -999.250 -999.250 -999.250 -999.250 -999.250 -999.250 -999.250 -999.250 -999.250 -999.250 -999.250 -999.250 8.495 9.526 11.153 9.206 9.991 10.072 11.168 13.075 13.281 12.538 16.217 16.913 14.904 12.340 11.318 12.165 10.782 10.335 11.222 9.534 6.621 4.579 4.561 3.393 1.000 0.000 0.000 0.000 0.000 0.000 0.000 0.000 0.000 0.000 0.000 0.282 1.676 1.233 2.760
-999.250 -999.250 -999.250 -999.250 -999.250 -999.250 -999.250 -999.250 -999.250 -999.250 -999.250 -999.250 -999.250 -999.250 -999.250 -999.250 -999.250 -999.250 -999.250 -999.250 -999.250 -999.250 -999.250 -999.250 -999.250 -999.250 -999.250 -999.250 -999.250 6.591 9.630 8.245 12.132 10.263 12.200 12.815 14.336 15.500 12.262 14.398 12.779 11.831 11.215 12.469 10.453 14.925 11.963 9.092 8.595 6.553 5.136 3.328 2.105 0.779 0.140 0.000 0.000 0.000 0.000 0.000 0.000 0.000 0.000 0.000 0.000 0.000 0.011 0.150
-999.250 -999.250 -999.250 -999.250 -999.250 -999.250 -999.250 -999.250 -999.250 -999.250 -999.250 -999.250 -999.250 -999.250 -999.250 -999.250 -999.250 -999.250 -999.250 -999.250 -999.250 -999.250 -999.250 -999.250 -999.250 -999.250 -999.250 -999.250 9.234 8.104 10.608 8.122 8.367 11.723 9.809 11.565 17.366 14.438 12.230 11.162 10.697 8.680 10.341 8.727 7.992 8.509 10.047 6.996 7.298 7.030 4.137 3.349 2.283 0.000 0.000 0.000 0.000 0.000 0.000 0.000 0.000 0.000 0.000 0.000 0.000 0.000 0.000 0.000
-999.250 -999.250 -999.250 -999.250 -999.250 -999.250 -999.250 -999.250 -999.250 -999.250 -999.250 -999.250 -999.250 -999.250 -999.250 -999.250 -999.250 -999.250 -999.250 -999.250 -999.250 -999.250 -999.250 -999.250 -999.250 -999.250 -999.250 -999.250 9.548 8.837 7.585 9.562 11.873 9.809 10.931 8.792 10.671 10.476 12.284 10.676 11.757 10.829 10.535 9.868 8.737 8.950 8.160 7.738 7.132 5.343 3.444 3.761 1.620 0.000 0.000 0.000 0.000 0.000 0.000 0.000 0.000 0.000 0.000 0.000 0.000 0.000 0.000 0.000
-999.250 -999.250 -999.250 -999.250 -999.250 -999.250 -999.250 -999.250 -999.250 -999.250 -999.250 -999.250 -999.250 -999.250 -999.250 -999.250 -999.250 -999.250 -999.250 -999.250 -999.250 -999.250 -999.250 -999.250 -999.250 -999.250 -999.250 8.562 11.758 10.115 9.726 10.607 15.812 11.323 9.466 8.966 8.542 10.062 8.862 8.934 10.535 9.771 9.740 9.409 8.805 7.407 9.048 6.164 5.159 4.252 3.571 2.974 1.520 0.000 0.000 0.000 0.000 0.000 0.000 0.000 0.000 0.000 0.000 0.000 0.000 0.000 0.000 0.000
-999.250 -999.250 -999.250 -999.250 -999.250 -999.250 -999.250 -999.250 -999.250 -999.250 -999.250 -999.250 -999.250 -999.250 -999.250 -999.250 -999.250 -999.250 -999.250 -999.250 -999.250 -999.250 -999.250 -999.250 -999.250 -999.250 -999.250 10.397 10.607 8.103 11.541 14.583 12.772 10.229 8.516 8.084 9.333 9.596 11.709 9.280 9.279 7.366 8.938 7.864 8.618 6.235 5.651 4.835 4.659 3.053 1.633 1.484 0.199 0.000 0.000 0.000 0.000 0.000 0.000 0.000 0.000 0.000 0.000 0.000 0.000 0.000 0.000 0.000
-999.250 -999.250 -999.250 -999.250 -999.250 -999.250 -999.250 -999.250 -999.250 -999.250 -999.250 -999.250 -999.250 -999.250 -999.250 -999.250 -999.250 -999.250 -999.250 -999.250 -999.250 -999.250 -999.250 -999.250 -999.250 -999.250 -999.250 -999.250 11.131 11.006 11.622 12.437 9.134 10.917 8.445 9.865 8.446 7.538 8.265 9.909 9.943 6.922 8.783 7.635 5.582 7.417 5.865 3.867 3.803 3.904 2.714 0.211 0.000 0.000 0.000 0.000 0.000 0.000 0.000 0.000 0.000 0.000 0.000 0.000 0.000 0.000 0.000 0.000
-999.250 -999.250 -999.250 -999.250 -999.250 -999.250 -999.250 -999.250 -999.250 -999.250 -999.250 -999.250 -999.250 -999.250 -999.250 -999.250 -999.250 -999.250 -999.250 -999.250 -999.250 -999.250 -999.250 -999.250 -999.250 -999.250 -999.250 -999.250 -999.250 -999.250 9.837 9.927 10.399 9.892 10.822 10.130 10.283 8.414 5.137 5.978 5.776 6.358 6.232 6.487 6.750 5.026 3.412 4.064 3.599 3.370 2.166 1.590 0.000 0.000 0.000 0.000 0.000 0.000 0.000 0.000 0.000 0.000 0.000 0.000 0.000 0.000 0.000 0.000
-999.250 -999.250 -999.250 -999.250 -999.250 -999.250 -999.250 -999.250 -999.250 -999.250 -999.250 -999.250 -999.250 -999.250 -999.250 -999.250 -999.250 -999.250 -999.250 -999.250 -999.250 -999.250 -999.250 -999.250 -999.250 -999.250 -999.250 -999.250 -999.250 -999.250 9.326 8.262 10.042 9.626 9.534 7.914 10.521 6.302 5.581 4.195 5.538 4.636 5.791 7.359 6.131 4.802 3.500 4.708 3.843 4.072 2.185 1.009 0.000 0.000 0.000 0.000 0.000 0.000 0.000 0.000 0.000 0.000 0.000 0.000 0.000 0.000 0.000 0.000
-999.250 -999.250 -999.250 -999.250 -999.250 -999.250 -999.250 -999.250 -999.250 -999.250 -999.250 -999.250 -999.250 -999.250 -999.250 -999.250 -999.250 -999.250 -999.250 -999.250 -999.250 -999.250 -999.250 -999.250 -999.250 -999.250 -999.250 -999.250 -999.250 -999.250 7.110 8.558 10.819 9.624 10.332 9.830 8.435 5.753 5.255 3.785 3.851 4.446 5.857 5.536 5.296 3.140 3.750 4.070 3.695 1.318 0.000 0.168 0.000 0.000 0.000 0.000 0.000 0.000 0.000 0.000 0.000 0.000 0.000 0.000 0.000 0.000 0.000 0.000
-999.250 -999.250 -999.250 -999.250 -999.250 -999.250 -999.250 -999.250 -999.250 -999.250 -999.250 -999.250 -999.250 -999.250 -999.250 -999.250 -999.250 -999.250 -999.250 -999.250 -999.250 -999.250 -999.250 -999.250 -999.250 -999.250 -999.250 -999.250 -999.250 -999.250 -999.250 8.023 7.029 7.540 5.914 7.136 6.882 6.632 5.397 5.450 5.532 5.386 8.281 6.136 4.353 3.925 3.943 3.862 3.044 1.012 1.336 0.112 0.000 0.000 0.000 0.000 0.000 0.000 0.000 0.000 0.000 0.000 0.000 0.000 0.000 0.000 0.000 0.000
-999.250 -999.250 -999.250 -999.250 -999.250 -999.250 -999.250 -999.250 -999.250 -999.250 -999.250 -999.250 -999.250 -999.250 -999.250 -999.250 -999.250 -999.250 -999.250 -999.250 -999.250 -999.250 -999.250 -999.250 -999.250 -999.250 -999.250 -999.250 -999.250 -999.250 6.492 6.811 6.796 7.854 8.567 8.188 8.152 7.637 5.875 6.399 8.997 6.817 9.407 8.012 5.223 5.541 3.618 1.248 0.511 2.242 1.299 0.431 0.000 0.097 0.000 0.000 0.000 0.000 0.000 0.000 0.000 0.000 0.000 0.000 0.000 0.000 0.000 0.000
-999.250 -999.250 -999.250 -999.250 -999.250 -999.250 -999.250 -999.250 -999.250 -999.250 -999.250 -999.250 -999.250 -999.250 -999.250 -999.250 -999.250 -999.250 -999.250 -999.250 -999.250 -999.250 -999.250 -999.250 -999.250 -999.250 -999.250 -999.250 -999.250 -999.250 -999.250 6.758 5.296 5.841 11.336 11.064 9.556 5.812 7.661 5.380 6.005 5.611 9.540 9.352 5.253 5.487 4.281 3.272 0.600 2.427 2.289 2.029 0.229 0.501 0.092 0.000 0.000 0.000 0.000 0.000 0.000 0.000 0.000 0.000 0.000 0.000 0.000 0.000
