data/medianmodel_11-Feb-2021.asc
ncols	141
nrows	288
xllcorner	-120191.398
yllcorner	-301404.813
cellsize	2000.000
NODATA_value	-999.250
[rows 174 to 202 of 288, columns 0 to 63 of 141]
-999.250 -999.250 -999.250 -999.250 1111.337 1122.777 1147.664 1153.940 1149.158 1106.896 1075.800 1050.542 1069.153 1034.412 1035.182 1013.655 995.156 950.574 881.606 869.452 913.649 951.821 963.497 981.190 976.469 946.852 954.408 903.006 881.640 870.007 838.355 841.914 855.806 887.979 895.115 941.841 962.644 969.588 956.516 954.989 931.952 936.000 923.862 846.499 822.510 784.305 747.368 664.733 603.602 553.125 555.899 494.201 469.077 411.546 356.628 336.048 308.899 298.447 277.768 259.984 258.648 266.882 275.471 268.285
-999.250 -999.250 -999.250 -999.250 1152.390 1221.675 1182.392 1196.863 1198.193 1156.221 1103.094 1071.466 1068.254 1064.375 1047.055 1007.380 1002.956 955.006 951.385 934.802 973.162 992.355 1001.550 993.339 988.908 1002.506 977.703 921.935 890.281 863.539 867.743 884.472 879.434 936.841 918.786 929.739 953.755 977.291 955.129 948.446 939.054 924.192 899.801 867.183 824.115 746.224 697.153 649.048 594.294 552.377 529.043 489.425 455.218 409.379 359.602 326.274 309.110 264.953 269.508 279.139 286.710 305.332 300.571 321.360
-999.250 -999.250 -999.250 -999.250 1180.212 1205.536 1209.764 1234.437 1222.949 1158.418 1162.195 1116.516 1076.812 1076.488 1051.870 1033.739 997.182 1014.099 983.865 987.149 1020.556 1038.152 1048.587 1023.333 1003.659 999.892 992.016 937.964 924.336 922.302 921.970 903.756 925.235 913.408 919.223 940.539 958.166 923.655 938.971 940.267 910.699 895.312 917.547 881.461 827.285 776.325 693.245 616.469 587.090 554.609 503.390 440.160 429.007 402.631 354.121 335.282 301.582 265.829 260.867 270.358 305.277 321.779 332.393 330.678
-999.250 -999.250 -999.250 -999.250 1176.699 1198.081 1245.892 1269.237 1221.499 1184.251 1171.887 1128.450 1089.552 1104.950 1085.095 1057.339 1030.848 1028.748 1033.177 1041.595 1056.075 1087.318 1080.799 1060.499 1023.656 1008.771 1016.328 1000.057 967.447 939.269 938.196 928.292 950.192 978.648 975.107 973.351 945.591 920.085 913.665 905.227 929.136 921.865 889.480 868.348 830.851 757.965 714.525 612.040 583.242 558.576 495.091 445.614 417.690 380.808 365.147 329.278 307.164 291.307 288.781 299.570 319.993 334.869 348.134 373.764
-999.250 -999.250 -999.250 -999.250 1154.314 1227.936 1243.360 1244.629 1239.607 1203.458 1214.285 1176.738 1153.923 1119.430 1094.330 1090.237 1046.801 1081.428 1108.681 1117.584 1134.414 1128.274 1090.354 1070.052 1057.434 1049.535 1030.457 1009.599 997.385 980.239 965.952 956.452 955.801 976.277 949.793 956.486 951.489 944.877 912.781 888.817 914.609 922.593 879.640 825.629 789.066 722.445 689.588 597.331 582.038 539.932 496.775 445.847 404.177 386.206 362.514 337.265 328.234 321.217 320.640 351.910 350.226 373.808 393.454 423.453
-999.250 -999.250 -999.250 1136.850 1164.221 1176.378 1202.615 1241.198 1262.628 1265.411 1213.442 1214.009 1179.550 1157.907 1133.246 1117.855 1090.149 1149.065 1120.614 1149.047 1208.817 1160.885 1148.412 1132.584 1081.965 1054.594 1023.687 1017.149 999.028 979.328 982.420 965.006 949.895 966.710 932.736 946.737 954.887 902.858 869.421 833.012 822.183 836.770 836.900 764.547 717.180 664.907 632.374 585.228 556.111 536.006 492.414 449.928 403.004 384.524 371.046 346.646 343.137 335.371 359.275 372.175 391.522 398.518 444.150 466.663
-999.250 -999.250 -999.250 1127.169 1198.452 1191.448 1200.245 1217.504 1202.043 1212.749 1211.493 1250.492 1195.408 1184.486 1198.802 1112.202 1089.539 1104.635 1147.930 1169.486 1173.831 1159.945 1126.078 1099.952 1085.591 1081.386 1037.431 1027.735 993.494 1015.929 1027.145 951.696 953.654 934.626 922.174 944.606 917.332 889.568 869.491 831.904 805.995 769.516 775.640 733.296 708.465 669.218 615.940 586.934 533.657 514.022 479.484 442.625 425.141 404.528 384.404 371.588 371.477 372.518 371.284 395.075 415.097 446.865 477.037 535.153
-999.250 -999.250 -999.250 1119.743 1160.903 1182.907 1181.889 1258.109 1259.593 1268.509 1197.409 1244.300 1231.101 1223.318 1166.855 1181.169 1114.014 1123.220 1169.199 1154.825 1165.225 1174.888 1155.750 1082.084 1061.662 1032.614 1026.668 1022.931 1013.933 1011.378 1005.424 989.665 974.194 952.748 928.552 935.425 939.243 851.498 832.847 816.687 813.800 767.028 712.231 708.456 650.912 638.685 621.074 593.337 548.040 487.188 457.077 440.594 413.098 408.292 395.234 394.395 386.592 406.470 405.505 418.124 439.129 478.062 532.873 545.203
-999.250 -999.250 1129.165 1138.865 1146.771 1175.764 1187.644 1210.318 1317.609 1246.242 1237.069 1241.039 1287.519 1218.131 1223.985 1179.311 1134.910 1152.702 1149.502 1144.044 1147.715 1121.589 1139.456 1108.865 1109.887 1064.260 1050.406 1051.133 1044.222 1035.716 1033.503 1025.717 980.853 962.078 926.760 945.839 910.408 855.191 784.903 792.804 766.160 731.046 667.974 688.082 646.258 621.191 575.830 567.850 548.576 506.808 458.235 450.937 416.859 405.991 401.599 410.129 418.234 412.914 446.254 460.128 492.778 532.285 564.128 590.379
-999.250 -999.250 1105.489 1142.597 1149.582 1169.658 1185.601 1245.702 1265.687 1263.867 1280.407 1311.261 1291.892 1249.862 1224.566 1206.745 1161.879 1158.837 1129.667 1126.217 -999.250 1112.934 1111.860 1143.810 1102.411 1070.510 1072.600 1049.017 1041.963 1052.219 1057.231 1036.591 1019.512 963.064 927.033 890.188 919.397 874.743 782.862 762.023 738.897 713.644 676.714 645.421 635.663 579.327 552.570 552.445 525.467 479.364 450.197 427.128 417.377 401.202 407.917 424.584 420.535 428.245 450.831 493.108 512.867 550.506 593.573 653.694
-999.250 1073.844 1105.914 1115.840 1143.860 1157.570 1205.760 1233.988 1266.010 1270.372 1325.399 1316.303 1288.457 1260.465 1238.617 1218.533 1189.122 1164.537 1114.588 -999.250 -999.250 1091.745 1088.380 1096.405 1107.675 1103.865 1063.105 1057.176 1069.771 1065.465 1044.977 1042.805 996.104 964.558 962.320 902.455 872.800 811.892 791.898 749.996 730.594 717.197 684.430 641.510 591.984 581.935 533.988 520.863 534.252 469.817 435.755 420.203 397.583 401.261 406.894 412.935 419.297 420.310 448.154 478.196 540.221 568.454 613.202 693.793
-999.250 1053.331 1063.032 1109.515 1111.773 1095.386 1185.375 1249.216 1291.544 1323.493 1371.686 1308.792 1295.838 1251.400 1319.124 1232.716 1191.806 1166.406 -999.250 -999.250 -999.250 -999.250 1087.199 1071.570 1067.025 1099.688 1046.789 1051.693 1060.978 1071.854 1037.249 1023.339 1003.474 994.638 962.701 954.861 877.432 835.413 793.011 794.165 749.827 722.973 718.584 612.811 580.708 544.014 529.892 512.242 497.231 439.225 424.619 402.476 390.477 401.092 382.420 401.640 409.530 430.802 449.445 511.041 550.945 595.039 669.376 741.134
1023.254 1054.803 1067.012 1094.995 1107.216 1091.868 1177.366 1199.787 1265.454 1352.318 1294.400 1279.195 1270.473 1257.461 1243.961 1210.237 1165.009 1117.476 -999.250 -999.250 -999.250 -999.250 -999.250 1046.177 1040.000 1041.619 1040.399 1033.208 1068.760 1087.347 1050.402 1032.135 1013.378 1022.992 947.245 934.818 874.506 868.315 815.260 767.918 754.488 759.621 653.742 607.707 563.010 536.972 509.586 473.638 451.925 438.202 422.413 402.381 384.256 366.310 362.410 385.755 402.188 439.953 459.873 510.220 551.196 615.356 695.072 826.664
-999.250 1041.172 1050.262 1066.505 1068.414 1141.338 1137.557 1185.952 1247.402 1251.253 1268.646 1254.411 1288.931 1222.173 1182.138 1186.340 1115.279 1111.370 -999.250 -999.250 -999.250 -999.250 1033.712 1022.080 1038.589 1029.740 1041.269 1071.927 1091.082 1077.508 1078.869 1048.191 1006.450 998.399 973.599 932.542 932.995 883.879 790.215 748.463 724.042 679.840 639.062 594.686 543.204 514.712 474.850 449.019 449.072 416.815 397.159 372.831 367.343 369.299 369.422 403.016 403.897 435.519 475.012 540.461 569.494 631.240 704.945 831.990
-999.250 1037.545 1028.279 1044.813 1079.186 1116.384 1160.274 1203.188 1203.240 1207.084 1228.742 1236.855 1263.819 1204.160 1173.311 1135.197 1098.287 1074.186 -999.250 -999.250 -999.250 964.152 -999.250 986.355 1030.792 1033.892 1041.919 1062.952 1077.512 1122.111 1097.844 1077.593 1032.741 1015.382 979.869 979.654 933.286 836.034 768.393 743.808 707.497 678.043 644.640 567.139 511.179 504.892 461.551 419.186 420.273 406.061 390.215 375.518 365.157 358.859 353.005 373.221 397.852 416.368 448.829 506.721 584.382 665.983 731.372 804.917
-999.250 995.009 1032.239 1023.274 1058.962 1084.817 1141.166 1193.936 1191.743 1201.238 1203.456 1210.171 1212.592 1171.843 1171.053 1110.343 1083.109 -999.250 -999.250 -999.250 -999.250 966.820 934.130 938.826 1004.059 1043.360 1064.479 1087.098 1112.011 1075.877 1139.146 1084.466 1072.037 1017.068 998.204 983.813 925.936 859.452 794.260 765.782 689.995 631.323 609.685 568.829 519.775 486.570 436.493 405.772 412.634 383.431 391.052 370.279 356.076 352.637 357.352 368.683 394.529 413.957 446.107 490.122 564.970 653.969 704.462 759.792
-999.250 990.050 1016.393 1017.752 1032.833 1089.778 1111.562 1101.705 1131.584 1141.772 1166.630 1178.075 1138.275 1118.922 1150.701 1118.906 1098.429 -999.250 -999.250 -999.250 1025.670 958.122 866.109 939.738 1019.729 1059.073 1091.941 1127.329 1157.325 1132.124 1126.596 1125.197 1071.207 1035.481 1014.975 1006.047 928.904 917.073 806.467 744.065 704.388 632.389 581.536 564.964 510.851 486.639 470.149 424.532 402.903 381.183 390.225 357.222 341.678 358.438 357.546 354.925 377.041 403.641 439.900 497.198 554.290 589.667 650.483 702.962
-999.250 -999.250 -999.250 1036.504 -999.250 -999.250 1069.151 1061.896 1070.354 -999.250 -999.250 -999.250 1104.017 1097.369 -999.250 -999.250 -999.250 -999.250 -999.250 -999.250 1052.244 1026.543 1010.677 1030.773 1080.874 1114.790 1140.583 1145.325 1131.384 1165.631 1153.589 1129.663 1154.751 1107.242 1048.557 980.392 955.644 949.806 845.215 765.292 717.999 634.237 596.941 572.601 528.915 484.934 445.139 422.087 395.555 382.524 375.915 351.888 359.040 338.007 342.323 347.454 357.569 389.542 429.173 465.926 507.442 553.533 585.536 661.692
-999.250 -999.250 -999.250 -999.250 -999.250 -999.250 -999.250 -999.250 -999.250 -999.250 -999.250 -999.250 -999.250 1107.038 1118.838 1134.670 -999.250 -999.250 -999.250 1181.587 1145.164 1124.540 1128.035 1134.078 1146.564 1183.585 1189.758 1185.204 1195.123 1213.583 1187.621 1162.562 1160.174 1079.328 1068.280 1038.114 989.937 957.164 899.328 760.592 711.001 643.044 607.657 569.326 530.634 470.902 446.430 408.901 395.727 389.754 366.991 345.260 347.235 333.072 341.111 329.760 339.715 366.608 403.266 445.278 477.742 519.969 547.692 601.989
-999.250 -999.250 -999.250 -999.250 -999.250 -999.250 -999.250 -999.250 -999.250 -999.250 -999.250 1089.580 1088.850 1090.503 1103.153 1139.974 -999.250 -999.250 1171.905 1245.559 1222.893 1222.114 1238.530 1173.655 1199.956 1220.417 1248.760 1288.021 1269.743 1304.322 1218.940 1158.210 1129.780 1128.948 1096.024 1068.023 994.282 950.804 905.911 847.990 749.910 657.514 605.510 570.417 532.349 494.345 455.577 417.087 394.610 372.532 361.185 343.378 341.226 343.059 330.550 340.388 313.159 356.101 406.684 419.548 442.155 482.597 519.517 532.284
-999.250 -999.250 -999.250 -999.250 -999.250 -999.250 -999.250 -999.250 -999.250 -999.250 -999.250 1063.313 1102.167 1078.828 1089.515 1119.089 1129.572 1169.111 1208.366 1224.974 1274.294 1347.680 1270.143 1282.390 1286.875 1300.986 1367.689 1373.137 1369.157 1320.074 1255.661 1240.523 1170.018 1187.968 1127.619 1089.909 1030.990 985.656 923.747 831.713 741.388 697.477 635.673 583.229 542.980 504.107 480.615 438.195 417.216 384.420 361.646 351.730 335.384 356.482 336.683 337.918 344.413 350.321 380.622 415.071 429.757 469.524 495.105 517.411
-999.250 -999.250 -999.250 -999.250 -999.250 -999.250 -999.250 -999.250 -999.250 -999.250 -999.250 -999.250 1095.700 1076.225 1090.564 1133.112 1165.411 1195.499 1227.077 1242.622 1278.295 1324.141 1360.460 1316.732 1351.434 1431.963 1525.165 1428.528 1432.315 1376.476 1324.277 1292.801 1273.288 1217.395 1186.030 1125.215 1052.841 994.990 952.054 855.801 765.603 713.758 652.972 600.448 554.585 522.534 494.762 454.061 440.907 408.539 389.048 387.072 361.407 350.667 364.603 339.751 351.710 361.840 385.093 403.911 424.347 458.498 477.564 471.322
-999.250 -999.250 -999.250 -999.250 -999.250 -999.250 -999.250 -999.250 -999.250 -999.250 -999.250 -999.250 -999.250 1070.581 1095.813 1147.609 1178.024 1255.475 1278.440 1303.275 1324.875 1334.098 1395.090 1360.532 1468.214 1568.246 1607.256 1543.141 1464.569 1467.362 1362.425 1390.926 1320.321 1290.300 1183.522 1154.156 1075.365 1009.356 946.636 870.486 827.502 752.096 697.252 620.036 582.387 573.569 530.339 487.704 459.703 423.767 408.031 385.276 390.341 377.125 378.335 367.125 361.544 376.143 377.358 393.138 411.127 419.219 436.727 451.260
-999.250 -999.250 -999.250 -999.250 -999.250 -999.250 -999.250 -999.250 -999.250 -999.250 -999.250 -999.250 -999.250 1100.829 1144.715 1170.229 1203.372 1240.631 1309.252 1398.564 1459.503 1474.983 1403.234 1488.958 1537.577 1702.492 1674.122 1671.882 1617.183 1555.827 1473.621 1524.424 1440.541 1318.488 1259.071 1171.253 1072.175 1032.153 957.245 871.316 837.047 770.343 718.064 650.319 621.621 577.705 532.939 526.234 483.448 456.420 407.275 412.980 399.729 387.426 385.730 384.614 404.488 387.744 398.995 388.216 408.839 417.173 442.159 452.053
-999.250 -999.250 -999.250 -999.250 -999.250 -999.250 -999.250 -999.250 -999.250 -999.250 -999.250 -999.250 -999.250 1083.888 1133.075 1196.639 1243.304 1302.280 1314.739 1407.962 1384.716 1402.922 1444.114 1594.047 1633.076 1694.689 1783.424 1752.847 1767.969 1685.889 1623.240 1496.315 1487.946 1432.708 1323.739 1201.072 1126.499 1048.260 944.931 906.389 831.719 779.710 733.302 664.764 644.235 601.301 556.052 524.628 497.934 501.355 457.922 429.955 421.563 410.027 404.320 393.213 382.300 378.137 402.874 391.512 411.563 417.209 423.179 422.995
-999.250 -999.250 -999.250 -999.250 -999.250 -999.250 -999.250 -999.250 -999.250 -999.250 -999.250 -999.250 -999.250 -999.250 1208.497 1230.014 1264.498 1302.686 1401.905 1397.903 1416.062 1391.755 1475.697 1553.015 1678.251 1714.740 1733.235 1776.426 1778.654 1723.244 1715.060 1565.251 1573.507 1554.072 1407.227 1234.256 1163.359 1094.023 991.571 930.643 865.785 822.984 756.020 748.769 660.045 614.236 599.937 572.620 540.099 509.650 466.658 467.227 436.563 420.474 406.260 401.824 393.766 390.967 407.084 385.605 397.150 400.900 390.519 380.198
-999.250 -999.250 -999.250 -999.250 -999.250 -999.250 -999.250 -999.250 -999.250 -999.250 -999.250 -999.250 -999.250 -999.250 1182.693 1233.283 1308.033 1326.483 1357.053 1425.907 1471.341 1519.425 1548.515 1687.007 1715.227 1744.483 1742.570 1809.237 1858.833 1772.319 1662.336 1608.403 1615.457 1463.221 1366.827 1257.120 1216.214 1085.239 1021.475 950.951 901.359 808.903 777.821 764.165 694.143 640.955 646.724 612.815 572.268 539.289 510.692 464.957 451.466 425.020 423.828 408.451 393.208 404.729 398.392 389.533 388.481 388.038 387.546 380.106
-999.250 -999.250 -999.250 -999.250 -999.250 -999.250 -999.250 -999.250 -999.250 -999.250 -999.250 -999.250 -999.250 -999.250 1215.230 1228.925 1278.402 1321.420 1326.223 1417.421 1417.955 1560.074 1593.626 1623.689 1756.558 1813.555 1779.074 1823.661 1829.666 1737.719 1721.885 1666.475 1552.320 1536.916 1394.523 1336.514 1260.849 1143.554 1027.501 1005.625 972.352 922.876 850.646 816.077 755.457 696.824 638.210 611.779 601.827 559.388 507.668 492.460 475.629 436.487 430.606 417.363 423.979 413.237 407.193 389.010 392.818 373.814 371.274 372.243
-999.250 -999.250 -999.250 -999.250 -999.250 -999.250 -999.250 -999.250 -999.250 -999.250 -999.250 -999.250 -999.250 -999.250 1218.788 1235.860 1289.435 1306.292 1382.586 1466.967 1491.224 1579.160 1594.230 1732.052 1769.949 -999.250 1734.971 1757.887 1792.258 1743.939 1623.575 1627.039 1554.371 1472.542 1378.434 1264.510 1243.142 1148.730 1063.492 1041.769 1019.759 961.685 928.967 862.159 776.454 739.249 722.540 668.937 617.911 572.919 525.442 507.015 491.074 473.639 436.406 433.763 427.815 423.491 387.342 408.194 383.206 377.029 367.655 345.840
