data/medianmodel_04-Dec-2020.asc
ncols	141
nrows	288
xllcorner	-120191.398
yllcorner	-301404.813
cellsize	2000.000
NODATA_value	-999.250
[rows 174 to 202 of 288, columns 64 to 127 of 141]
144.504 145.168 142.641 151.479 153.197 157.608 164.460 165.993 175.600 168.177 187.960 172.143 179.937 175.990 174.707 197.294 199.466 222.305 225.940 217.904 222.084 220.233 226.106 225.031 208.399 186.066 187.534 181.185 190.847 198.711 197.630 202.311 211.674 212.078 214.629 234.176 230.430 231.422 213.730 212.676 210.042 198.584 205.772 194.188 201.954 208.581 -999.250 -999.250 -999.250 -999.250 -999.250 -999.250 -999.250 -999.250 -999.250 -999.250 -999.250 -999.250 -999.250 -999.250 -999.250 -999.250 -999.250 -999.250
161.510 156.128 154.527 157.841 156.617 156.734 158.365 157.868 159.794 157.173 154.674 152.962 151.594 147.547 127.637 122.407 143.478 161.754 178.627 204.659 203.969 189.061 195.491 194.760 185.603 185.335 170.564 176.093 170.072 190.389 188.691 205.728 192.081 215.785 208.391 221.370 227.123 208.451 210.633 217.071 200.593 206.056 203.544 199.214 198.961 -999.250 -999.250 -999.250 -999.250 -999.250 -999.250 -999.250 -999.250 -999.250 -999.250 -999.250 -999.250 -999.250 -999.250 -999.250 -999.250 -999.250 -999.250 -999.250
174.798 165.687 158.455 160.040 168.047 162.154 159.771 142.771 146.565 147.625 143.442 141.753 132.356 108.218 84.485 45.331 98.147 142.569 151.803 168.307 192.451 190.388 186.906 164.973 180.621 169.748 171.873 171.945 173.533 175.219 181.007 189.917 214.512 208.763 210.755 223.524 216.094 220.238 216.198 232.416 209.927 202.875 205.598 198.927 206.136 -999.250 -999.250 -999.250 -999.250 -999.250 -999.250 -999.250 -999.250 -999.250 -999.250 -999.250 -999.250 -999.250 -999.250 -999.250 -999.250 -999.250 -999.250 -999.250
182.587 173.360 166.482 161.794 154.062 152.236 148.892 144.725 133.489 137.617 131.506 124.406 129.262 108.593 93.075 69.879 91.005 122.091 145.327 154.010 172.330 165.818 179.022 170.676 175.450 161.123 168.935 172.579 177.124 186.149 189.907 205.173 210.181 224.445 222.086 229.220 229.292 223.680 231.256 239.021 231.385 204.683 208.533 204.601 -999.250 -999.250 -999.250 -999.250 -999.250 -999.250 -999.250 -999.250 -999.250 -999.250 -999.250 -999.250 -999.250 -999.250 -999.250 -999.250 -999.250 -999.250 -999.250 -999.250
169.588 160.211 165.577 155.038 158.087 153.787 151.366 145.313 146.577 138.270 125.431 123.624 127.769 110.151 96.402 101.459 102.269 117.567 120.915 145.492 159.668 170.381 168.018 163.368 162.834 164.170 157.669 161.554 169.342 170.804 181.358 197.115 214.767 225.403 245.180 225.666 240.867 223.497 227.909 231.236 221.760 221.230 212.316 208.366 -999.250 -999.250 -999.250 -999.250 -999.250 -999.250 -999.250 -999.250 -999.250 -999.250 -999.250 -999.250 -999.250 -999.250 -999.250 -999.250 -999.250 -999.250 -999.250 -999.250
176.891 167.554 156.503 160.760 152.748 167.360 159.228 151.204 141.376 135.776 129.416 127.158 120.934 120.163 122.207 117.289 118.550 134.469 137.475 145.962 159.617 163.881 168.231 156.678 150.876 162.710 157.700 170.436 172.184 172.540 194.409 205.422 224.343 237.554 230.746 245.617 253.799 234.814 242.482 222.196 226.967 207.315 218.085 -999.250 -999.250 -999.250 -999.250 -999.250 -999.250 -999.250 -999.250 -999.250 -999.250 -999.250 -999.250 -999.250 -999.250 -999.250 -999.250 -999.250 -999.250 -999.250 -999.250 -999.250
204.851 179.630 177.879 170.443 163.335 171.409 170.524 157.173 150.167 137.017 136.095 138.222 126.971 134.452 124.368 141.579 140.130 143.190 150.583 153.228 160.018 173.524 168.277 158.554 155.297 149.238 156.581 156.823 172.037 178.606 196.574 193.316 218.777 240.319 257.327 252.894 252.365 240.018 241.099 254.097 239.812 229.539 227.433 -999.250 -999.250 -999.250 -999.250 -999.250 -999.250 -999.250 -999.250 -999.250 -999.250 -999.250 -999.250 -999.250 -999.250 -999.250 -999.250 -999.250 -999.250 -999.250 -999.250 -999.250
214.888 208.297 206.024 192.606 192.989 192.021 186.328 171.517 160.056 151.817 149.022 143.346 146.803 149.851 150.573 148.155 153.561 154.258 164.061 159.453 165.921 165.655 162.674 159.363 158.268 152.046 149.872 161.963 162.090 168.818 183.972 215.343 238.208 235.444 245.576 238.557 245.003 247.781 247.565 257.727 249.724 255.367 241.912 -999.250 -999.250 -999.250 -999.250 -999.250 -999.250 -999.250 -999.250 -999.250 -999.250 -999.250 -999.250 -999.250 -999.250 -999.250 -999.250 -999.250 -999.250 -999.250 -999.250 -999.250
210.838 217.684 218.669 218.628 204.190 199.275 206.249 199.739 180.802 179.168 169.036 168.511 175.194 156.834 166.901 160.843 164.639 174.111 178.920 172.858 171.951 178.326 183.493 168.230 158.634 150.583 152.880 165.756 165.041 175.693 192.997 208.273 225.184 223.101 237.915 245.201 241.127 262.459 261.701 279.485 278.802 270.465 -999.250 -999.250 -999.250 -999.250 -999.250 -999.250 -999.250 -999.250 -999.250 -999.250 -999.250 -999.250 -999.250 -999.250 -999.250 -999.250 -999.250 -999.250 -999.250 -999.250 -999.250 -999.250
231.000 231.915 227.655 223.690 199.919 208.150 217.928 206.651 215.740 196.542 185.311 191.180 186.336 176.923 188.531 180.870 184.796 194.802 183.310 180.704 186.791 193.715 188.794 168.471 160.023 150.781 143.167 154.000 171.733 171.450 181.835 212.991 219.684 233.494 239.533 229.557 238.661 257.989 263.055 287.933 291.904 -999.250 -999.250 -999.250 -999.250 -999.250 -999.250 -999.250 -999.250 -999.250 -999.250 -999.250 -999.250 -999.250 -999.250 -999.250 -999.250 -999.250 -999.250 -999.250 -999.250 -999.250 -999.250 -999.250
254.542 234.611 235.462 234.005 209.373 222.938 221.608 235.382 227.886 230.139 210.876 211.393 199.523 206.310 195.986 190.318 200.109 193.576 197.663 197.243 196.149 195.359 191.789 164.285 156.167 146.100 118.765 140.241 160.300 176.499 198.320 209.921 227.794 232.566 237.862 247.971 278.662 288.425 310.703 299.667 297.503 -999.250 -999.250 -999.250 -999.250 -999.250 -999.250 -999.250 -999.250 -999.250 -999.250 -999.250 -999.250 -999.250 -999.250 -999.250 -999.250 -999.250 -999.250 -999.250 -999.250 -999.250 -999.250 -999.250
258.478 247.298 245.030 247.279 240.416 239.523 232.270 236.623 242.017 222.014 237.505 223.427 219.231 216.726 197.097 205.894 190.858 187.938 205.814 208.350 208.425 197.582 191.366 181.161 167.810 143.868 142.202 141.483 163.581 183.575 213.625 234.645 238.927 258.900 285.533 299.794 296.525 326.585 337.389 -999.250 -999.250 -999.250 -999.250 -999.250 -999.250 -999.250 -999.250 -999.250 -999.250 -999.250 -999.250 -999.250 -999.250 -999.250 -999.250 -999.250 -999.250 -999.250 -999.250 -999.250 -999.250 -999.250 -999.250 -999.250
284.663 256.642 254.515 269.333 252.166 264.479 249.046 263.356 261.837 250.566 267.469 256.824 230.714 213.739 206.080 202.310 205.490 198.822 216.118 206.035 219.702 201.792 198.699 187.581 183.498 170.445 155.302 130.617 174.538 210.872 245.893 273.484 271.783 286.257 313.014 311.003 329.449 357.865 -999.250 -999.250 -999.250 -999.250 -999.250 -999.250 -999.250 -999.250 -999.250 -999.250 -999.250 -999.250 -999.250 -999.250 -999.250 -999.250 -999.250 -999.250 -999.250 -999.250 -999.250 -999.250 -999.250 -999.250 -999.250 -999.250
303.575 259.815 273.232 289.063 270.772 273.476 270.415 274.715 290.397 286.056 277.394 279.140 245.952 229.748 219.256 205.852 203.992 197.976 211.302 202.828 208.420 207.503 222.713 217.164 214.631 211.878 195.103 198.673 225.327 246.093 272.074 300.696 315.297 329.115 356.448 343.562 342.689 -999.250 -999.250 -999.250 -999.250 -999.250 -999.250 -999.250 -999.250 -999.250 -999.250 -999.250 -999.250 -999.250 -999.250 -999.250 -999.250 -999.250 -999.250 -999.250 -999.250 -999.250 -999.250 -999.250 -999.250 -999.250 -999.250 -999.250
329.617 318.702 297.347 300.312 312.875 321.006 314.478 314.002 330.245 315.024 302.940 300.835 290.160 252.777 218.308 213.701 211.705 201.264 202.557 204.145 197.109 213.425 221.177 232.744 232.600 242.565 247.613 257.851 262.897 301.742 316.343 343.257 362.270 404.328 407.429 426.645 -999.250 -999.250 -999.250 -999.250 -999.250 -999.250 -999.250 -999.250 -999.250 -999.250 -999.250 -999.250 -999.250 -999.250 -999.250 -999.250 -999.250 -999.250 -999.250 -999.250 -999.250 -999.250 -999.250 -999.250 -999.250 -999.250 -999.250 -999.250
367.552 350.575 352.222 329.470 323.589 324.119 340.867 366.060 354.853 320.211 312.115 311.657 287.711 277.450 233.397 219.425 227.189 203.793 186.467 197.309 203.458 217.348 243.881 258.985 270.856 276.820 301.609 315.840 322.211 350.389 392.631 393.717 418.930 430.569 -999.250 -999.250 -999.250 -999.250 -999.250 -999.250 -999.250 -999.250 -999.250 -999.250 -999.250 -999.250 -999.250 -999.250 -999.250 -999.250 -999.250 -999.250 -999.250 -999.250 -999.250 -999.250 -999.250 -999.250 -999.250 -999.250 -999.250 -999.250 -999.250 -999.250
426.746 387.703 382.017 349.720 346.788 346.525 356.090 395.837 373.294 349.914 333.199 309.044 297.172 286.426 244.087 216.112 212.877 202.324 189.216 197.582 210.516 231.431 263.921 305.950 314.448 319.782 335.555 371.965 408.569 409.112 434.263 457.861 454.731 475.055 -999.250 -999.250 -999.250 -999.250 -999.250 -999.250 -999.250 -999.250 -999.250 -999.250 -999.250 -999.250 -999.250 -999.250 -999.250 -999.250 -999.250 -999.250 -999.250 -999.250 -999.250 -999.250 -999.250 -999.250 -999.250 -999.250 -999.250 -999.250 -999.250 -999.250
430.918 436.206 421.139 406.144 385.407 376.189 424.258 395.450 381.720 369.726 358.083 310.109 306.047 281.966 274.704 232.004 202.531 187.353 191.281 192.015 208.708 250.051 287.499 329.038 343.297 395.473 438.800 461.949 482.929 501.998 486.487 494.124 509.177 -999.250 -999.250 -999.250 -999.250 -999.250 -999.250 -999.250 -999.250 -999.250 -999.250 -999.250 -999.250 -999.250 -999.250 -999.250 -999.250 -999.250 -999.250 -999.250 -999.250 -999.250 -999.250 -999.250 -999.250 -999.250 -999.250 -999.250 -999.250 -999.250 -999.250 -999.250
451.149 448.148 447.050 430.508 437.440 418.473 422.926 419.599 419.342 430.714 363.577 324.020 301.374 305.574 273.747 239.778 224.693 191.616 174.144 183.367 219.722 255.634 298.526 371.370 399.298 473.279 487.669 502.313 517.019 516.317 510.710 496.800 525.984 -999.250 -999.250 -999.250 -999.250 -999.250 -999.250 -999.250 -999.250 -999.250 -999.250 -999.250 -999.250 -999.250 -999.250 -999.250 -999.250 -999.250 -999.250 -999.250 -999.250 -999.250 -999.250 -999.250 -999.250 -999.250 -999.250 -999.250 -999.250 -999.250 -999.250 -999.250
474.178 484.305 462.693 477.228 461.876 461.017 454.259 447.120 453.362 427.609 394.601 355.557 343.004 308.389 286.892 244.221 229.696 207.458 173.550 141.665 228.065 263.063 329.035 392.289 467.822 500.852 547.788 550.855 558.183 560.165 564.382 576.622 538.143 -999.250 -999.250 -999.250 -999.250 -999.250 -999.250 -999.250 -999.250 -999.250 -999.250 -999.250 -999.250 -999.250 -999.250 -999.250 -999.250 -999.250 -999.250 -999.250 -999.250 -999.250 -999.250 -999.250 -999.250 -999.250 -999.250 -999.250 -999.250 -999.250 -999.250 -999.250
458.559 487.829 468.031 488.649 485.420 503.687 483.649 462.799 495.149 430.700 402.506 398.299 338.224 330.815 291.615 271.269 241.102 224.535 199.065 200.101 252.859 297.801 358.904 448.410 494.124 551.808 584.373 627.609 603.972 598.090 624.063 602.002 596.402 -999.250 -999.250 -999.250 -999.250 -999.250 -999.250 -999.250 -999.250 -999.250 -999.250 -999.250 -999.250 -999.250 -999.250 -999.250 -999.250 -999.250 -999.250 -999.250 -999.250 -999.250 -999.250 -999.250 -999.250 -999.250 -999.250 -999.250 -999.250 -999.250 -999.250 -999.250
495.896 489.408 481.834 500.258 508.538 488.912 507.403 493.145 480.030 466.921 425.289 403.510 371.114 347.669 310.242 277.907 259.634 244.332 234.157 245.390 274.825 321.374 409.606 446.115 508.521 585.851 641.026 658.919 648.132 632.281 608.231 618.140 611.483 639.641 -999.250 -999.250 -999.250 -999.250 -999.250 -999.250 -999.250 -999.250 -999.250 -999.250 -999.250 -999.250 -999.250 -999.250 -999.250 -999.250 -999.250 -999.250 -999.250 -999.250 -999.250 -999.250 -999.250 -999.250 -999.250 -999.250 -999.250 -999.250 -999.250 -999.250
465.259 515.804 527.376 501.628 512.211 509.621 505.345 511.312 493.338 462.214 433.825 438.925 412.585 381.618 346.937 313.771 307.148 271.940 273.615 280.390 292.519 362.975 433.983 478.943 556.642 640.282 658.251 695.521 635.982 692.314 645.978 650.420 686.544 634.611 -999.250 -999.250 -999.250 -999.250 -999.250 -999.250 -999.250 -999.250 -999.250 -999.250 -999.250 -999.250 -999.250 -999.250 -999.250 -999.250 -999.250 -999.250 -999.250 -999.250 -999.250 -999.250 -999.250 -999.250 -999.250 -999.250 -999.250 -999.250 -999.250 -999.250
489.918 502.709 502.598 511.793 524.753 539.856 523.211 505.971 508.239 475.908 456.096 440.213 436.422 398.184 397.108 344.246 329.737 308.872 310.771 314.755 329.992 396.564 448.336 490.092 535.642 639.468 666.036 691.232 689.351 705.018 697.450 689.581 693.861 -999.250 -999.250 -999.250 -999.250 -999.250 -999.250 -999.250 -999.250 -999.250 -999.250 -999.250 -999.250 -999.250 -999.250 -999.250 -999.250 -999.250 -999.250 -999.250 -999.250 -999.250 -999.250 -999.250 -999.250 -999.250 -999.250 -999.250 -999.250 -999.250 -999.250 -999.250
494.423 510.841 495.071 520.641 531.106 520.714 523.104 539.755 523.284 504.070 483.917 443.599 417.779 426.751 376.068 360.750 333.514 330.789 342.330 346.338 388.056 429.522 483.080 515.239 573.673 619.843 626.928 701.281 706.995 733.070 712.208 712.263 -999.250 -999.250 -999.250 -999.250 -999.250 -999.250 -999.250 -999.250 -999.250 -999.250 -999.250 -999.250 -999.250 -999.250 -999.250 -999.250 -999.250 -999.250 -999.250 -999.250 -999.250 -999.250 -999.250 -999.250 -999.250 -999.250 -999.250 -999.250 -999.250 -999.250 -999.250 -999.250
495.927 494.752 484.646 536.734 534.611 536.868 534.618 517.624 501.788 487.223 462.435 443.027 433.632 411.838 398.826 352.155 345.906 329.280 363.502 387.906 398.939 431.075 463.420 523.538 575.104 587.032 642.047 701.845 747.732 755.517 745.718 741.252 -999.250 -999.250 -999.250 -999.250 -999.250 -999.250 -999.250 -999.250 -999.250 -999.250 -999.250 -999.250 -999.250 -999.250 -999.250 -999.250 -999.250 -999.250 -999.250 -999.250 -999.250 -999.250 -999.250 -999.250 -999.250 -999.250 -999.250 -999.250 -999.250 -999.250 -999.250 -999.250
500.696 495.137 485.222 518.542 523.589 530.482 520.114 501.939 502.610 470.011 462.137 428.475 426.807 387.733 363.546 344.270 346.011 373.099 359.010 419.635 407.231 417.024 468.180 534.058 542.260 561.102 659.038 698.969 730.241 732.893 769.454 740.898 -999.250 -999.250 -999.250 -999.250 -999.250 -999.250 -999.250 -999.250 -999.250 -999.250 -999.250 -999.250 -999.250 -999.250 -999.250 -999.250 -999.250 -999.250 -999.250 -999.250 -999.250 -999.250 -999.250 -999.250 -999.250 -999.250 -999.250 -999.250 -999.250 -999.250 -999.250 -999.250
460.271 467.623 482.057 490.194 483.900 494.606 493.850 500.654 470.519 466.715 451.233 430.011 369.846 365.359 380.761 390.897 370.914 398.102 385.831 393.067 417.396 422.875 477.652 511.638 524.910 589.164 646.342 690.292 719.585 751.581 777.464 790.833 -999.250 -999.250 -999.250 -999.250 -999.250 -999.250 -999.250 -999.250 -999.250 -999.250 -999.250 -999.250 -999.250 -999.250 -999.250 -999.250 -999.250 -999.250 -999.250 -999.250 -999.250 -999.250 -999.250 -999.250 -999.250 -999.250 -999.250 -999.250 -999.250 -999.250 -999.250 -999.250
440.277 465.773 471.185 457.965 477.446 488.569 490.463 477.471 469.338 449.481 425.353 418.932 366.021 366.709 365.630 367.593 376.377 383.068 412.628 372.203 420.608 423.384 494.789 515.096 565.043 603.061 672.966 688.138 758.875 747.439 746.356 -999.250 -999.250 -999.250 -999.250 -999.250 -999.250 -999.250 -999.250 -999.250 -999.250 -999.250 -999.250 -999.250 -999.250 -999.250 -999.250 -999.250 -999.250 -999.250 -999.250 -999.250 -999.250 -999.250 -999.250 -999.250 -999.250 -999.250 -999.250 -999.250 -999.250 -999.250 -999.250 -999.250
