data/medianmodel_06-Jan-2021.asc
ncols	141
nrows	288
xllcorner	-120191.398
yllcorner	-301404.813
cellsize	2000.000
NODATA_value	-999.250
[rows 0 to 28 of 288, columns 64 to 127 of 141]
-999.250 -999.250 -999.250 -999.250 -999.250 -999.250 -999.250 -999.250 -999.250 -999.250 -999.250 -999.250 -999.250 -999.250 -999.250 -999.250 -999.250 -999.250 -999.250 -999.250 -999.250 -999.250 -999.250 -999.250 -999.250 -999.250 -999.250 -999.250 -999.250 -999.250 -999.250 -999.250 -999.250 -999.250 -999.250 -999.250 -999.250 -999.250 -999.250 -999.250 -999.250 -999.250 -999.250 -999.250 -999.250 -999.250 -999.250 -999.250 -999.250 -999.250 -999.250 -999.250 -999.250 -999.250 -999.250 -999.250 -999.250 -999.250 -999.250 -999.250 -999.250 -999.250 -999.250 -999.250
-999.250 -999.250 -999.250 -999.250 -999.250 -999.250 -999.250 -999.250 -999.250 -999.250 -999.250 -999.250 -999.250 -999.250 -999.250 -999.250 -999.250 -999.250 -999.250 -999.250 -999.250 -999.250 -999.250 -999.250 -999.250 -999.250 -999.250 -999.250 -999.250 -999.250 -999.250 -999.250 -999.250 -999.250 -999.250 -999.250 -999.250 -999.250 -999.250 -999.250 -999.250 -999.250 -999.250 -999.250 -999.250 -999.250 -999.250 -999.250 -999.250 -999.250 -999.250 -999.250 -999.250 -999.250 -999.250 -999.250 -999.250 -999.250 -999.250 -999.250 -999.250 -999.250 -999.250 -999.250
-999.250 -999.250 -999.250 -999.250 -999.250 -999.250 -999.250 -999.250 -999.250 -999.250 -999.250 -999.250 -999.250 -999.250 -999.250 -999.250 -999.250 -999.250 -999.250 -999.250 -999.250 -999.250 -999.250 -999.250 -999.250 -999.250 -999.250 -999.250 -999.250 -999.250 -999.250 -999.250 -999.250 -999.250 -999.250 -999.250 -999.250 -999.250 -999.250 -999.250 -999.250 -999.250 -999.250 -999.250 -999.250 -999.250 -999.250 -999.250 -999.250 -999.250 -999.250 -999.250 -999.250 -999.250 -999.250 -999.250 -999.250 -999.250 -999.250 -999.250 -999.250 -999.250 -999.250 -999.250
-999.250 -999.250 -999.250 -999.250 -999.250 -999.250 -999.250 -999.250 -999.250 -999.250 -999.250 -999.250 -999.250 -999.250 -999.250 -999.250 -999.250 -999.250 -999.250 -999.250 -999.250 -999.250 -999.250 -999.250 -999.250 -999.250 -999.250 -999.250 -999.250 -999.250 -999.250 -999.250 -999.250 -999.250 -999.250 -999.250 -999.250 -999.250 -999.250 -999.250 -999.250 -999.250 -999.250 -999.250 -999.250 -999.250 -999.250 -999.250 -999.250 -999.250 -999.250 -999.250 -999.250 -999.250 -999.250 -999.250 -999.250 -999.250 -999.250 -999.250 -999.250 -999.250 -999.250 -999.250
-999.250 -999.250 -999.250 -999.250 -999.250 -999.250 -999.250 -999.250 -999.250 -999.250 -999.250 -999.250 -999.250 -999.250 -999.250 -999.250 -999.250 -999.250 -999.250 -999.250 -999.250 -999.250 -999.250 -999.250 -999.250 -999.250 -999.250 -999.250 -999.250 -999.250 -999.250 -999.250 -999.250 -999.250 -999.250 -999.250 -999.250 -999.250 -999.250 -999.250 -999.250 -999.250 -999.250 -999.250 -999.250 -999.250 -999.250 -999.250 -999.250 -999.250 -999.250 -999.250 -999.250 -999.250 -999.250 -999.250 -999.250 -999.250 -999.250 -999.250 -999.250 -999.250 -999.250 -999.250
-999.250 -999.250 -999.250 -999.250 -999.250 -999.250 -999.250 -999.250 -999.250 -999.250 -999.250 -999.250 -999.250 -999.250 -999.250 -999.250 -999.250 -999.250 -999.250 -999.250 -999.250 -999.250 -999.250 -999.250 -999.250 -999.250 -999.250 -999.250 -999.250 -999.250 -999.250 -999.250 -999.250 -999.250 -999.250 -999.250 -999.250 -999.250 -999.250 -999.250 -999.250 -999.250 -999.250 -999.250 -999.250 -999.250 -999.250 -999.250 -999.250 -999.250 -999.250 -999.250 -999.250 -999.250 -999.250 -999.250 -999.250 -999.250 -999.250 -999.250 -999.250 -999.250 -999.250 -999.250
-999.250 -999.250 -999.250 -999.250 -999.250 -999.250 -999.250 -999.250 -999.250 -999.250 -999.250 -999.250 -999.250 -999.250 -999.250 -999.250 -999.250 -999.250 -999.250 -999.250 -999.250 -999.250 -999.250 -999.250 -999.250 -999.250 -999.250 -999.250 -999.250 -999.250 -999.250 -999.250 -999.250 -999.250 -999.250 -999.250 -999.250 -999.250 -999.250 -999.250 -999.250 -999.250 -999.250 -999.250 -999.250 -999.250 -999.250 -999.250 -999.250 -999.250 -999.250 -999.250 -999.250 -999.250 -999.250 -999.250 -999.250 -999.250 -999.250 -999.250 -999.250 -999.250 -999.250 -999.250
-999.250 -999.250 -999.250 -999.250 -999.250 -999.250 -999.250 -999.250 -999.250 -999.250 -999.250 -999.250 -999.250 -999.250 -999.250 -999.250 -999.250 -999.250 -999.250 -999.250 -999.250 -999.250 -999.250 -999.250 -999.250 -999.250 -999.250 -999.250 -999.250 -999.250 -999.250 -999.250 -999.250 -999.250 -999.250 -999.250 -999.250 -999.250 -999.250 -999.250 -999.250 -999.250 -999.250 -999.250 -999.250 -999.250 -999.250 -999.250 -999.250 -999.250 -999.250 -999.250 -999.250 -999.250 -999.250 -999.250 -999.250 -999.250 -999.250 -999.250 -999.250 -999.250 -999.250 -999.250
-999.250 -999.250 -999.250 -999.250 -999.250 -999.250 -999.250 -999.250 -999.250 -999.250 -999.250 -999.250 -999.250 -999.250 -999.250 -999.250 -999.250 -999.250 -999.250 -999.250 -999.250 -999.250 -999.250 -999.250 -999.250 -999.250 -999.250 -999.250 -999.250 -999.250 -999.250 -999.250 -999.250 -999.250 -999.250 -999.250 -999.250 -999.250 -999.250 -999.250 -999.250 -999.250 -999.250 -999.250 -999.250 -999.250 -999.250 -999.250 -999.250 -999.250 694.268 -999.250 -999.250 -999.250 -999.250 -999.250 -999.250 -999.250 -999.250 -999.250 -999.250 -999.250 -999.250 -999.250
-999.250 -999.250 -999.250 -999.250 -999.250 -999.250 -999.250 -999.250 -999.250 -999.250 -999.250 -999.250 -999.250 -999.250 -999.250 -999.250 -999.250 -999.250 -999.250 -999.250 -999.250 -999.250 -999.250 -999.250 -999.250 -999.250 -999.250 -999.250 -999.250 -999.250 -999.250 -999.250 -999.250 -999.250 -999.250 635.662 655.185 623.201 570.861 -999.250 -999.250 -999.250 -999.250 506.137 -999.250 -999.250 -999.250 -999.250 -999.250 -999.250 692.385 716.110 -999.250 -999.250 -999.250 -999.250 -999.250 -999.250 -999.250 -999.250 -999.250 -999.250 -999.250 -999.250
-999.250 -999.250 -999.250 -999.250 -999.250 -999.250 -999.250 -999.250 -999.250 -999.250 -999.250 -999.250 -999.250 -999.250 -999.250 -999.250 -999.250 -999.250 -999.250 -999.250 -999.250 -999.250 -999.250 -999.250 -999.250 -999.250 -999.250 -999.250 -999.250 -999.250 -999.250 -999.250 -999.250 -999.250 -999.250 605.695 604.435 605.376 540.543 -999.250 -999.250 -999.250 472.309 494.500 493.224 -999.250 -999.250 -999.250 -999.250 -999.250 629.317 699.107 756.111 -999.250 -999.250 -999.250 -999.250 -999.250 -999.250 927.045 863.034 -999.250 -999.250 -999.250
-999.250 -999.250 -999.250 -999.250 -999.250 -999.250 -999.250 -999.250 -999.250 -999.250 -999.250 -999.250 -999.250 -999.250 -999.250 -999.250 -999.250 -999.250 -999.250 -999.250 -999.250 -999.250 -999.250 -999.250 -999.250 -999.250 -999.250 -999.250 -999.250 -999.250 -999.250 -999.250 -999.250 -999.250 -999.250 616.096 588.190 540.468 528.501 489.558 468.119 453.771 492.838 514.372 490.174 533.672 527.955 572.527 589.611 607.749 635.347 683.772 720.423 744.684 758.031 779.309 822.285 850.690 837.731 859.502 825.823 -999.250 -999.250 -999.250
-999.250 -999.250 -999.250 -999.250 -999.250 1285.714 -999.250 -999.250 -999.250 -999.250 -999.250 -999.250 -999.250 -999.250 -999.250 -999.250 -999.250 -999.250 -999.250 -999.250 -999.250 -999.250 -999.250 -999.250 -999.250 -999.250 -999.250 -999.250 -999.250 -999.250 -999.250 -999.250 -999.250 -999.250 -999.250 587.680 558.339 517.328 483.633 482.848 472.833 481.856 492.130 504.163 529.157 523.620 531.987 563.272 586.212 605.749 657.622 681.780 712.969 757.704 774.287 777.127 814.630 816.669 845.442 842.663 813.901 -999.250 -999.250 -999.250
-999.250 -999.250 -999.250 -999.250 -999.250 1384.469 -999.250 -999.250 -999.250 -999.250 -999.250 -999.250 -999.250 1353.072 -999.250 -999.250 -999.250 -999.250 -999.250 -999.250 -999.250 -999.250 -999.250 -999.250 -999.250 -999.250 -999.250 -999.250 -999.250 -999.250 -999.250 -999.250 -999.250 -999.250 -999.250 559.139 540.336 529.292 505.811 465.420 433.813 440.616 436.412 475.038 498.370 511.905 543.379 554.085 588.045 606.611 636.884 662.554 716.980 726.258 775.307 787.893 775.840 815.059 807.865 832.950 829.961 -999.250 -999.250 -999.250
-999.250 -999.250 -999.250 -999.250 -999.250 1303.162 -999.250 -999.250 -999.250 -999.250 1376.162 1440.392 1392.290 1366.930 1335.425 -999.250 -999.250 -999.250 -999.250 -999.250 -999.250 -999.250 -999.250 -999.250 -999.250 -999.250 -999.250 -999.250 -999.250 -999.250 -999.250 -999.250 -999.250 -999.250 -999.250 559.700 532.288 531.268 491.287 489.054 453.901 465.815 454.423 462.671 474.964 520.524 521.733 557.513 577.828 597.455 638.509 672.042 704.385 742.480 752.642 787.602 804.163 800.231 781.774 823.896 795.369 753.365 -999.250 -999.250
-999.250 -999.250 1211.241 1251.609 1320.603 1388.096 -999.250 -999.250 1455.696 1395.372 1483.628 1396.156 1387.259 1451.917 1364.518 1364.177 1346.082 1270.351 -999.250 -999.250 -999.250 -999.250 -999.250 -999.250 -999.250 -999.250 -999.250 -999.250 -999.250 -999.250 -999.250 -999.250 648.812 623.207 599.843 568.293 511.796 494.365 485.748 502.102 453.405 442.406 434.856 446.325 429.403 478.443 518.546 562.125 582.540 609.347 630.650 687.977 767.903 771.963 767.208 781.089 760.976 787.071 796.934 782.956 736.668 770.600 -999.250 -999.250
-999.250 1258.811 1272.856 1323.702 1329.420 1396.288 -999.250 1369.972 1424.811 1496.356 1425.868 1484.838 1451.915 1456.310 1400.609 1412.299 1352.889 -999.250 -999.250 -999.250 -999.250 -999.250 1201.425 1210.331 -999.250 -999.250 -999.250 818.253 -999.250 -999.250 713.994 669.771 647.856 587.355 567.999 543.163 529.545 498.714 460.270 448.379 445.884 435.352 435.216 457.965 468.369 513.361 534.637 555.411 592.436 631.781 660.291 694.187 747.874 777.837 788.763 792.738 770.397 766.105 744.180 797.417 795.990 789.429 -999.250 -999.250
-999.250 1242.153 1270.806 1360.427 1387.362 1422.473 1406.550 1404.328 1433.934 1506.116 1519.755 1451.302 1450.535 1408.138 1470.755 1392.294 1394.341 -999.250 -999.250 1301.965 1296.321 1281.666 1217.688 1191.491 1109.535 -999.250 905.492 817.157 791.237 768.749 723.586 664.807 613.951 588.018 572.107 531.235 531.029 509.557 472.730 444.794 439.584 428.607 413.116 471.400 498.965 530.030 550.402 592.210 623.585 650.422 682.906 727.917 776.965 818.282 775.489 778.613 746.492 733.416 772.060 747.376 802.654 819.714 -999.250 -999.250
1233.938 1272.976 1295.449 1311.977 1365.210 1400.240 1419.272 1417.881 1510.192 1504.008 1509.153 1455.455 1412.338 1498.729 1469.395 1414.562 1429.999 1406.978 1363.550 1360.497 1322.919 1286.494 1170.231 1137.280 1105.551 1066.114 984.188 851.086 812.860 743.577 718.417 659.995 638.192 600.908 561.198 519.754 521.994 503.520 471.989 474.189 452.402 453.548 458.098 494.607 525.529 563.608 581.830 621.043 633.736 685.688 689.961 704.607 769.029 779.142 758.247 752.905 761.444 718.302 719.345 765.663 816.198 810.965 -999.250 -999.250
1211.664 1150.160 1300.588 1363.768 1363.411 1380.862 1454.676 1461.375 1472.732 1533.255 1486.370 1527.453 1532.954 1436.035 1522.624 1434.586 1435.342 1362.273 1340.581 1315.349 1316.471 1278.867 1189.930 1107.606 1015.427 967.476 929.888 863.340 804.121 733.456 682.954 639.424 627.672 580.680 559.276 523.946 512.711 503.647 476.410 491.709 473.395 480.744 496.514 524.870 545.194 572.988 602.951 630.429 662.423 672.351 703.300 732.700 749.282 753.495 762.635 749.415 741.166 745.498 825.907 813.572 811.851 843.979 -999.250 -999.250
1192.837 1233.584 1259.939 1317.268 1388.862 1433.315 1537.754 1580.388 1507.425 1530.588 1504.508 1512.927 1471.284 1449.392 1438.906 1415.718 1411.466 1369.074 1300.489 1287.249 1289.571 1252.839 1174.251 1148.972 1029.495 953.618 861.283 813.293 747.597 707.217 655.007 627.407 603.728 563.222 553.630 533.999 518.569 477.598 515.959 512.501 521.609 534.901 527.449 541.969 583.243 627.486 659.037 665.526 712.370 716.816 745.383 757.363 744.381 745.761 767.675 755.760 778.981 783.039 815.306 802.433 832.642 -999.250 -999.250 -999.250
1131.474 1222.112 1217.451 1331.700 1344.985 1421.742 1448.077 1644.993 1567.936 1523.113 1487.124 1403.450 1427.418 1430.228 1459.729 1374.178 1416.095 1356.633 1315.497 1318.232 1243.501 1241.408 1202.295 1138.703 1098.814 993.461 874.017 779.839 716.396 710.183 662.652 626.881 595.963 568.045 557.895 520.309 524.961 540.509 540.182 533.480 544.796 567.732 586.882 583.108 620.949 681.273 709.381 723.136 731.673 732.883 802.946 794.671 762.979 791.168 783.721 773.942 794.389 792.353 801.877 807.183 816.333 -999.250 -999.250 -999.250
1093.324 1141.395 1209.974 1300.194 1336.006 1367.321 1392.397 1508.568 1511.931 1430.412 1459.943 1397.100 1414.239 1426.666 1436.797 1398.107 1394.590 1296.958 1308.919 1249.315 1236.618 1211.300 1092.777 1075.631 934.363 891.330 840.954 750.511 721.222 695.328 636.848 633.291 595.348 563.831 547.916 525.782 531.605 521.971 541.951 547.254 568.157 587.570 634.479 654.134 655.045 747.014 736.252 770.014 779.510 774.387 797.938 765.730 764.585 779.642 843.917 837.884 813.842 822.217 771.224 825.356 828.413 -999.250 -999.250 -999.250
1067.971 1107.247 1153.923 1275.710 1339.718 1356.125 1376.398 1466.298 1420.822 1386.623 1367.307 1368.916 1380.719 1387.122 1373.754 1361.551 1348.077 1320.230 1254.028 1243.890 1168.250 1172.457 1011.755 942.078 886.287 860.631 786.478 733.961 692.456 648.533 634.897 612.890 565.061 560.992 553.090 548.425 555.658 534.223 548.114 568.125 600.517 636.736 641.387 682.764 708.331 733.418 764.852 794.398 815.142 843.683 828.683 814.729 780.642 778.645 803.455 822.128 848.317 791.682 833.595 822.900 795.984 -999.250 -999.250 -999.250
1066.058 1067.800 1164.141 1199.350 1282.354 1310.982 1364.083 1360.020 1378.442 1357.800 1331.643 1333.313 1310.486 1341.211 1346.590 1300.520 1279.500 1282.250 1316.322 1173.914 1097.303 1026.118 965.306 899.267 845.173 799.790 708.656 715.053 657.707 621.322 586.623 585.196 568.634 564.879 562.034 540.111 548.001 557.714 563.148 596.409 626.332 657.362 729.749 748.906 789.841 789.631 813.090 853.169 855.741 859.080 869.085 837.162 821.969 809.088 799.975 804.908 823.326 825.746 870.956 884.532 868.945 -999.250 -999.250 -999.250
1055.263 1059.295 1091.237 1123.653 1250.561 1192.582 1293.809 1234.543 1287.637 1278.372 1293.988 1289.091 1300.128 1285.901 1282.945 1252.853 1225.730 1176.273 1186.626 1083.067 972.823 850.487 911.632 843.445 812.558 737.045 700.359 669.072 646.758 621.456 595.295 570.284 575.199 567.616 570.255 559.545 561.052 595.854 590.909 620.869 651.457 708.778 776.171 808.100 843.284 860.967 882.181 895.062 925.748 908.394 865.383 855.452 849.029 867.582 866.791 864.788 851.576 837.947 879.885 904.775 886.973 939.331 -999.250 -999.250
892.250 971.624 1047.102 1111.538 1150.491 1116.557 1180.268 1144.160 1240.197 1199.265 1239.281 1207.273 1225.424 1244.949 1255.672 1175.745 1151.603 1090.560 1095.423 986.351 907.364 870.872 840.693 787.960 732.598 715.717 656.286 659.948 631.979 599.537 575.940 544.165 554.356 556.256 564.071 579.517 576.642 620.937 621.397 667.451 710.336 773.258 823.437 850.932 869.582 914.191 927.773 995.755 918.193 959.246 917.654 879.986 885.684 878.880 953.694 933.862 856.108 833.942 858.901 906.144 902.761 906.876 1068.589 -999.250
827.363 881.355 973.835 1049.528 1048.942 1083.301 1102.072 1104.147 1120.563 1134.759 1178.434 1147.846 1134.084 1145.881 1100.604 1130.272 1061.504 1012.498 987.999 886.812 874.438 826.144 793.300 779.256 738.601 676.560 636.755 627.043 582.987 568.784 554.516 553.090 536.468 554.496 566.768 583.601 595.939 616.372 652.425 704.049 740.054 809.961 880.225 914.555 994.789 1029.441 1043.591 1036.530 1003.818 931.482 985.798 965.856 946.463 975.704 975.328 919.080 969.192 903.827 955.284 986.196 985.105 969.380 1044.823 1172.248
780.186 841.473 876.261 925.009 949.446 985.677 981.151 1015.862 987.969 1078.787 1084.667 1095.163 1074.726 1013.476 991.251 975.797 931.329 879.303 869.688 844.428 823.764 805.829 757.473 713.276 697.383 655.315 626.215 597.759 572.138 536.694 520.584 532.040 547.499 534.529 579.542 575.111 601.699 621.613 655.700 707.521 800.372 826.814 930.058 1063.088 1077.922 1125.942 1115.014 1012.966 1029.481 1066.965 1078.932 1015.249 1075.261 1038.824 1079.473 1027.712 995.738 982.802 1065.367 1033.243 1003.973 1086.472 1127.452 1256.080
