data/medianmodel_13-Nov-2020.asc
ncols	141
nrows	288
xllcorner	-120191.398
yllcorner	-301404.813
cellsize	2000.000
NODATA_value	-999.250
[rows 29 to 57 of 288, columns 65 to 129 of 141]
479.693 470.183 481.164 464.962 460.250 433.145 403.793 435.994 455.728 469.788 484.357 438.888 446.493 476.126 521.399 509.887 529.711 569.717 609.240 553.192 592.959 595.814 538.980 549.237 476.210 512.407 444.637 395.818 343.535 269.942 290.213 292.678 303.340 319.981 328.875 321.551 349.564 358.241 393.046 408.274 413.551 430.505 451.283 483.171 484.363 487.286 469.946 455.421 467.758 443.036 450.892 436.939 447.495 438.698 403.593 389.410 379.351 362.189 343.687 283.762 251.397 254.743 247.484 247.565 294.039
487.706 462.907 449.649 443.578 450.660 416.323 440.566 464.421 470.601 471.137 463.880 468.404 464.411 456.773 506.859 518.566 594.125 511.997 583.546 642.540 584.277 602.656 544.526 542.921 603.230 517.149 458.628 410.813 363.494 344.254 307.102 311.585 313.133 339.514 360.968 367.822 376.378 391.804 411.494 418.075 408.443 436.193 470.975 463.609 486.457 474.265 461.556 470.755 485.415 478.383 475.643 444.157 435.497 446.617 432.957 373.771 380.228 362.903 325.616 305.894 272.303 239.349 198.857 252.655 307.403
506.992 464.993 473.435 451.475 439.167 451.047 452.969 464.706 486.385 468.982 446.363 477.089 478.499 469.137 513.026 520.788 551.021 569.867 638.970 694.732 651.484 584.484 577.584 626.229 643.224 573.243 527.710 471.138 435.575 387.418 369.951 376.256 339.068 312.799 360.876 386.439 411.266 439.621 387.910 412.223 454.799 434.304 477.676 504.408 482.986 472.103 496.976 515.104 500.675 466.774 500.227 489.825 472.275 472.813 454.866 455.913 428.942 360.496 347.036 350.818 271.545 247.388 244.066 257.610 288.144
502.721 503.753 464.319 457.675 457.364 442.821 480.657 491.872 502.884 475.006 492.862 502.942 507.599 511.325 517.847 523.839 589.754 669.925 636.617 694.471 672.478 591.956 600.053 655.940 682.124 605.352 582.660 522.165 448.527 441.078 454.832 425.770 375.682 365.422 387.603 404.867 422.100 411.975 431.341 440.327 482.127 503.147 521.720 529.041 514.507 469.518 487.650 511.819 518.462 522.595 507.230 492.633 495.302 460.509 469.784 471.982 411.947 390.714 381.989 342.749 296.096 285.412 264.900 286.246 320.462
523.732 475.282 466.580 457.938 436.433 429.615 489.071 490.542 496.919 493.817 502.232 548.452 538.165 504.248 530.142 525.170 564.470 632.908 644.132 789.389 656.274 639.927 789.924 602.409 645.745 672.246 602.947 512.327 497.679 474.001 468.309 445.810 402.142 395.701 396.376 407.450 432.671 428.193 462.360 458.406 467.117 536.200 550.168 558.005 515.454 514.531 508.764 522.524 516.913 557.192 546.236 523.486 470.975 450.148 444.439 464.124 437.742 410.978 428.015 394.769 379.294 333.105 308.968 355.591 333.953
502.066 476.335 456.052 450.215 477.287 469.261 468.213 493.095 515.293 503.890 521.178 543.385 512.745 511.857 558.711 520.865 594.800 588.552 690.530 805.038 736.611 767.091 810.529 738.385 686.809 644.369 575.476 515.878 517.572 496.343 483.181 433.292 443.294 424.842 405.757 453.679 476.630 497.073 486.428 478.409 493.715 520.060 535.352 547.824 535.206 555.936 547.106 539.904 561.844 562.703 537.137 564.686 516.410 478.959 482.359 452.970 461.919 468.092 440.998 401.906 419.939 353.214 355.564 392.420 372.255
527.525 485.212 475.627 470.073 488.763 477.623 466.754 482.913 505.282 508.864 511.739 540.788 519.085 532.317 533.531 525.005 576.875 584.537 715.854 841.497 847.634 897.102 878.281 833.130 777.567 717.154 707.487 582.440 524.478 532.863 488.057 455.501 467.754 446.071 459.344 493.611 459.043 502.333 501.933 523.379 564.148 563.260 561.849 564.542 631.207 596.589 596.393 649.058 592.554 629.367 552.896 521.356 516.365 497.756 494.906 487.439 484.667 491.538 462.158 409.784 443.847 410.532 379.821 432.580 421.535
565.684 512.694 458.723 439.841 454.511 470.953 477.321 475.615 486.930 523.917 516.130 544.608 535.892 526.885 504.647 552.691 564.937 570.175 709.866 796.130 850.762 849.739 848.615 797.411 827.264 754.682 686.592 637.148 605.825 569.513 539.592 485.828 483.223 475.818 459.686 461.673 472.710 502.262 510.347 490.672 555.903 580.002 597.845 627.706 660.908 693.519 701.204 699.047 729.716 633.627 613.358 527.960 628.452 572.941 523.506 530.670 492.244 472.610 467.587 455.247 468.438 439.130 384.414 402.084 440.708
526.221 513.024 482.382 499.317 473.979 446.729 472.238 467.044 514.650 537.267 585.841 567.853 568.641 544.644 579.696 563.864 625.636 678.946 784.203 831.920 860.609 817.263 855.594 818.386 761.516 734.874 765.029 635.355 649.551 588.037 543.913 515.954 503.919 507.055 473.183 486.497 492.098 507.567 518.381 517.472 612.989 651.459 665.878 697.009 689.426 672.902 777.384 815.005 770.961 690.304 674.518 639.179 622.628 594.682 562.436 521.995 504.418 494.572 470.814 504.722 467.908 454.122 445.227 421.552 380.929
552.468 547.736 510.224 486.640 470.944 454.984 498.951 471.648 520.237 519.928 504.356 587.390 561.468 560.811 584.656 679.178 708.013 767.692 844.482 887.189 837.430 828.066 906.107 932.443 882.886 920.400 761.652 748.478 693.848 556.742 538.186 528.922 518.166 514.655 449.888 484.259 491.453 500.593 552.445 553.022 566.071 684.350 709.036 705.364 700.405 779.047 796.147 723.005 852.330 865.781 792.155 782.278 802.408 709.594 570.302 557.200 516.749 540.459 535.412 515.519 471.987 477.506 465.718 449.456 432.187
554.810 545.519 545.935 522.032 461.556 514.154 514.472 515.216 505.540 512.847 530.479 650.515 572.482 597.368 647.139 622.997 660.616 782.507 833.808 824.881 867.109 951.884 877.402 1009.073 974.228 934.355 799.194 667.082 655.056 650.704 534.888 513.179 520.693 496.843 472.135 463.605 477.844 468.832 521.308 616.219 617.209 708.648 698.574 679.366 683.586 748.191 672.853 815.975 847.288 875.546 831.923 792.211 791.393 764.359 709.496 685.673 601.595 584.843 575.832 546.530 521.744 538.101 501.098 510.647 448.843
597.906 565.030 527.790 504.634 512.039 497.194 467.311 499.573 504.329 500.156 528.394 597.719 576.321 628.840 660.748 641.516 671.936 854.960 799.769 878.995 910.673 945.198 998.578 1061.688 986.663 889.371 762.863 633.890 640.690 707.586 528.548 492.048 468.719 451.100 472.177 444.638 474.898 504.761 533.875 580.354 586.064 674.879 707.205 793.279 715.531 819.324 794.636 842.815 872.127 835.814 845.338 868.787 854.851 827.899 772.079 772.743 703.270 619.224 569.968 555.736 541.583 534.487 510.779 497.109 520.880
592.245 561.053 561.474 524.422 485.650 501.206 516.961 501.343 490.185 487.312 523.003 574.643 581.047 572.542 592.844 674.815 637.723 704.692 793.710 874.511 959.652 952.548 973.706 1021.020 974.892 877.285 811.777 727.838 702.196 643.982 525.256 482.710 488.066 438.963 435.970 466.720 469.440 504.037 535.549 524.634 652.990 644.200 765.933 799.278 886.383 911.579 823.540 869.904 881.278 895.610 822.440 932.358 894.083 887.716 783.255 840.922 736.586 766.679 706.202 610.154 584.345 579.621 515.418 511.792 543.136
648.372 574.440 515.944 520.062 512.147 505.868 502.257 479.530 489.145 523.527 515.144 494.460 546.494 575.366 585.336 671.124 675.113 785.464 809.230 871.649 859.496 909.290 986.692 949.173 864.526 848.277 778.708 704.691 613.412 534.909 490.705 481.963 442.046 449.276 448.055 444.728 451.285 484.414 484.735 491.036 553.737 656.401 634.971 834.182 921.941 926.353 911.229 925.994 934.561 934.464 922.496 991.787 920.298 818.516 897.562 814.474 866.710 746.546 709.807 689.628 681.213 611.879 620.656 535.628 521.361
616.299 560.186 507.298 494.522 496.297 482.395 490.690 487.466 516.696 524.496 544.933 536.330 527.173 595.471 771.644 717.053 647.452 690.338 742.532 811.563 821.223 833.612 870.848 800.406 761.808 784.895 697.961 652.451 567.339 504.390 475.464 447.099 392.137 438.478 377.960 382.748 408.159 441.173 445.769 494.263 504.635 614.711 687.345 813.292 901.099 960.802 956.002 1042.166 1067.695 1035.030 968.603 1046.732 951.407 911.333 919.124 909.116 852.757 833.007 810.917 728.561 772.092 819.913 733.256 668.704 613.436
665.991 562.931 521.480 500.799 473.681 485.073 500.402 532.055 525.576 527.835 553.112 551.962 588.831 593.080 727.519 666.327 661.084 695.904 742.127 841.920 745.112 846.003 840.353 766.850 691.676 733.758 598.001 578.206 487.985 490.903 471.374 405.806 358.567 379.364 341.239 342.361 347.584 387.670 430.240 490.342 502.106 569.170 756.598 786.086 901.855 958.952 980.059 1028.526 1042.345 1048.475 984.741 1037.847 1027.235 929.083 960.000 948.559 901.619 931.155 795.732 763.622 747.892 797.197 704.459 772.189 728.624
718.462 600.086 528.008 498.693 480.014 458.582 499.226 484.819 517.170 560.236 548.838 569.288 646.650 625.167 655.104 643.983 689.100 683.640 650.663 666.965 608.074 640.041 638.131 595.653 582.105 572.160 565.619 487.481 514.567 456.666 438.085 371.797 354.622 317.911 279.798 282.472 268.594 344.804 397.298 455.465 515.043 579.123 661.938 792.465 934.803 960.434 1038.311 1033.066 1047.336 1055.284 1018.899 1079.216 1037.243 1045.718 1024.673 941.373 926.183 926.440 843.196 653.469 786.718 779.533 807.083 865.834 783.217
757.579 560.878 523.938 482.903 486.218 498.901 513.311 498.741 487.645 533.204 560.799 588.447 608.282 659.808 666.083 697.131 721.077 730.703 619.715 584.031 532.980 561.813 565.086 524.058 497.981 531.711 516.925 467.120 458.409 417.385 402.217 355.951 315.743 277.231 255.956 235.852 243.149 301.464 361.189 465.528 550.347 626.414 654.388 877.836 917.634 985.098 985.464 959.574 1038.036 1037.621 1037.121 1091.830 1045.594 1043.935 1050.752 1015.637 995.482 956.671 955.187 879.290 815.479 887.528 856.997 808.654 673.389
825.805 604.893 547.591 504.609 491.104 482.627 484.870 473.430 527.377 556.341 609.107 586.182 722.555 685.788 742.773 746.550 737.632 664.827 615.200 572.602 515.828 537.736 505.960 432.941 460.383 463.301 481.943 449.383 457.705 411.112 372.272 313.066 275.592 258.110 225.243 200.065 181.999 281.439 354.953 458.800 530.166 593.497 696.673 790.588 872.306 951.812 943.296 1013.541 1103.205 1055.007 1110.271 1161.576 1134.142 1107.803 1042.040 1166.621 1014.719 1053.432 944.728 979.340 863.062 894.615 855.628 -999.250 -999.250
739.628 638.955 527.117 495.901 478.439 510.219 495.552 515.682 561.465 563.374 600.814 611.513 672.475 660.722 705.342 637.715 608.161 721.632 645.809 560.474 537.458 511.626 465.265 435.381 419.436 420.092 438.145 402.631 374.351 348.403 305.447 264.210 253.699 239.250 240.221 229.378 249.387 312.272 415.918 470.516 528.980 582.239 670.119 792.071 807.698 989.791 984.384 1047.019 1093.307 1072.848 1062.425 1212.265 1242.418 1210.246 1151.477 1086.637 1084.190 1052.609 952.691 982.734 947.076 844.479 828.900 -999.250 -999.250
697.667 510.063 543.152 493.113 492.008 470.530 500.279 536.562 607.991 582.434 649.593 613.074 682.741 696.053 723.162 628.611 563.066 660.099 608.314 570.011 509.029 460.117 419.156 400.154 351.423 379.241 376.218 355.728 331.713 287.096 247.088 254.627 249.985 239.597 241.675 262.542 307.324 354.923 425.086 485.808 525.394 618.993 684.911 833.080 930.274 974.695 978.318 1075.868 1043.931 1112.095 1184.244 1180.158 1207.369 1259.434 1119.943 1162.062 1001.042 972.773 -999.250 1018.552 977.474 -999.250 -999.250 -999.250 -999.250
642.515 529.165 485.321 462.902 449.365 449.919 486.226 528.925 648.521 690.690 781.426 667.608 683.105 630.649 605.042 670.395 604.473 556.349 510.514 487.753 465.130 408.484 379.441 371.794 335.851 312.067 313.703 282.625 278.471 261.690 235.089 264.023 252.124 239.172 252.960 302.398 321.989 402.988 464.339 503.414 617.971 693.863 789.407 940.164 942.364 975.384 1040.497 1078.159 1098.270 1259.201 1168.961 1264.465 1318.008 1252.129 1256.035 1150.301 -999.250 -999.250 -999.250 -999.250 -999.250 -999.250 -999.250 -999.250 -999.250
650.120 516.034 463.149 440.918 424.251 412.697 465.505 523.488 657.242 752.290 776.757 732.917 718.768 609.582 609.337 580.234 532.663 526.131 507.018 465.744 447.773 401.363 367.170 336.149 286.128 270.823 262.306 251.749 252.611 238.436 231.074 234.992 234.491 241.408 268.225 295.631 363.583 423.361 478.680 568.045 624.861 781.665 872.538 932.208 1033.308 1010.329 1077.487 1112.666 1239.767 1254.843 1270.362 1412.757 1326.965 1191.635 1148.714 -999.250 -999.250 -999.250 -999.250 -999.250 -999.250 -999.250 -999.250 -999.250 -999.250
638.089 524.481 457.470 405.822 345.488 355.369 431.505 485.205 603.886 757.691 633.206 602.149 698.379 575.166 585.432 535.638 506.281 508.296 446.555 422.798 398.656 363.812 322.920 294.962 270.263 249.184 253.909 243.695 234.266 239.979 224.100 236.830 243.072 249.332 300.122 346.885 382.495 469.203 516.807 669.093 765.942 887.243 963.344 1060.252 1075.893 1124.475 1258.691 1276.580 1446.299 1452.462 1388.689 1388.952 1553.027 1473.113 1223.490 -999.250 -999.250 -999.250 -999.250 -999.250 -999.250 -999.250 -999.250 -999.250 -999.250
691.164 519.913 462.753 374.318 268.983 242.768 279.646 396.407 487.771 500.856 550.931 563.322 556.851 531.729 507.671 462.493 450.816 469.836 405.315 383.817 365.881 341.312 290.221 257.488 247.276 231.894 228.357 217.663 208.737 222.195 230.678 232.006 259.870 283.537 321.994 370.979 414.554 489.035 555.857 675.764 841.465 905.656 1000.074 1148.688 1190.310 1273.815 1290.686 1313.983 1443.758 1780.534 1459.639 1516.215 1546.986 1420.984 -999.250 -999.250 -999.250 -999.250 -999.250 -999.250 -999.250 -999.250 -999.250 -999.250 -999.250
693.802 584.920 468.460 341.276 229.341 126.135 212.988 312.451 387.949 453.283 480.554 488.550 496.922 489.738 449.004 428.353 410.577 371.964 341.381 313.564 296.562 266.734 253.710 225.401 219.954 222.464 202.111 188.752 194.928 207.441 221.088 228.981 251.476 298.585 321.088 373.509 448.958 533.505 618.228 722.331 962.482 1045.164 1133.442 1186.855 1269.207 1241.055 1301.070 1548.918 1754.620 1766.778 1715.275 1854.978 1746.660 -999.250 -999.250 -999.250 -999.250 -999.250 -999.250 -999.250 -999.250 -999.250 -999.250 -999.250 -999.250
685.336 576.061 481.053 359.192 255.355 216.731 233.200 302.601 375.609 419.644 451.925 470.232 448.416 432.976 375.127 350.058 335.663 303.986 254.437 255.257 259.448 231.257 211.956 191.876 168.421 182.314 193.427 183.289 183.678 186.547 214.613 244.714 264.949 292.665 352.534 398.937 471.639 541.052 667.886 812.531 877.641 1028.904 1101.550 1141.509 1240.735 1229.876 1498.975 1500.919 1775.879 1762.450 1848.257 1923.191 1876.964 -999.250 -999.250 -999.250 -999.250 -999.250 -999.250 -999.250 -999.250 -999.250 -999.250 -999.250 -999.250
633.192 548.484 493.859 434.679 349.184 278.535 284.421 317.599 362.677 418.281 415.671 423.832 397.203 352.641 342.181 322.613 262.366 245.836 182.331 204.625 212.085 211.677 182.319 174.569 165.531 179.368 175.330 176.529 185.222 194.657 212.556 254.097 300.260 342.214 386.704 454.429 515.040 596.785 705.694 833.411 972.894 996.887 1039.723 1184.334 1276.846 1525.836 1391.918 1531.788 1830.738 1837.527 2006.531 2014.696 -999.250 -999.250 -999.250 -999.250 -999.250 -999.250 -999.250 -999.250 -999.250 -999.250 -999.250 -999.250 -999.250
636.714 522.414 509.728 473.513 382.470 332.596 326.130 336.500 349.468 382.272 396.140 405.358 361.572 324.111 260.010 261.796 233.500 220.098 187.786 191.967 190.423 191.642 179.816 165.483 159.542 159.742 184.889 165.526 195.799 207.844 234.109 261.777 339.749 368.293 430.134 501.256 599.723 618.925 697.568 820.289 864.979 963.174 1091.637 1169.664 1286.215 1454.836 1589.378 1711.870 1858.190 2038.057 2031.534 2098.718 -999.250 -999.250 -999.250 -999.250 -999.250 -999.250 -999.250 -999.250 -999.250 -999.250 -999.250 -999.250 -999.250
