data/medianmodel_08-Jan-2021.asc
ncols	141
nrows	288
xllcorner	-120191.398
yllcorner	-301404.813
cellsize	2000.000
NODATA_value	-999.250
[rows 87 to 115 of 288, columns 64 to 127 of 141]
972.105 961.565 920.291 960.169 1025.636 1041.402 1144.023 1187.595 1176.912 1241.937 1301.808 1475.519 1447.097 1423.491 1406.912 1426.187 1533.754 1667.413 1675.697 1754.355 1817.455 1739.487 1727.649 1658.043 1427.605 1274.608 1139.447 1109.529 1124.138 1086.261 1097.195 1143.651 1154.373 1184.799 1180.836 1170.316 1153.874 1106.015 1006.327 924.166 848.300 767.205 692.088 589.393 467.889 449.235 382.802 313.238 218.223 195.158 -999.250 -999.250 -999.250 -999.250 -999.250 -999.250 -999.250 -999.250 -999.250 -999.250 -999.250 -999.250 -999.250 -999.250
998.006 978.894 1017.607 995.569 1047.164 1072.745 1129.644 1172.014 1194.993 1232.326 1284.260 1344.447 1321.800 1253.856 1208.904 1211.155 1232.330 1198.051 1250.165 1338.636 1407.839 1437.550 1433.265 1359.349 1228.188 1157.722 1065.746 1080.518 1058.655 1027.302 1051.693 1104.120 1150.755 1200.955 1175.444 1140.771 1108.092 1029.580 887.032 799.608 736.448 678.535 601.117 492.249 399.230 302.607 285.138 229.813 197.596 196.278 175.272 176.990 -999.250 -999.250 -999.250 -999.250 -999.250 -999.250 -999.250 -999.250 -999.250 -999.250 -999.250 -999.250
1062.797 1004.995 1008.597 990.900 1056.012 1067.730 1135.535 1156.158 1189.778 1204.037 1177.249 1166.954 1173.206 1133.173 1071.884 1019.055 1000.346 880.222 871.108 969.167 1069.780 1071.386 1107.030 1100.187 1074.918 984.112 966.005 984.095 922.020 984.419 1005.618 1035.727 1087.475 1085.091 1078.367 1010.389 973.511 878.344 805.422 731.645 676.419 609.093 503.108 415.995 321.371 248.289 245.352 233.406 198.331 164.112 170.254 160.293 -999.250 -999.250 -999.250 -999.250 -999.250 -999.250 -999.250 -999.250 -999.250 -999.250 -999.250 -999.250
1043.531 1086.736 1077.120 1085.819 1079.634 1077.000 1113.286 1133.116 1132.975 1135.565 1097.060 1104.352 1077.330 995.184 926.647 842.111 768.933 640.406 484.379 654.015 753.697 789.218 848.714 872.538 860.482 843.876 876.843 854.540 893.116 905.467 976.671 972.528 967.308 937.037 925.196 884.611 848.111 801.628 730.517 661.623 595.414 556.933 446.581 369.102 303.309 214.305 234.635 206.864 185.637 137.331 146.088 154.159 -999.250 -999.250 -999.250 -999.250 -999.250 -999.250 -999.250 -999.250 -999.250 -999.250 -999.250 -999.250
1071.672 1082.252 1084.327 1119.220 1084.847 1082.624 1114.575 1117.991 1116.222 1060.452 1038.979 1029.989 983.434 887.612 798.610 725.533 656.657 512.615 447.542 481.927 531.257 623.566 669.710 692.188 716.612 733.727 776.882 800.722 854.888 856.115 871.680 861.162 847.630 853.921 795.951 789.074 768.548 722.109 692.500 632.924 574.665 496.755 439.870 364.497 299.938 252.372 267.103 220.297 190.327 151.481 166.859 -999.250 -999.250 -999.250 -999.250 -999.250 -999.250 -999.250 -999.250 -999.250 -999.250 -999.250 -999.250 -999.250
1066.317 1080.529 1153.560 1158.016 1139.717 1117.631 1088.889 1121.536 1073.798 1021.299 990.422 904.731 872.729 798.071 743.418 667.596 581.710 454.208 383.279 383.255 408.624 437.510 519.594 607.672 616.095 675.477 707.721 719.205 780.589 777.735 796.683 789.064 782.245 776.760 762.716 757.889 717.922 699.236 634.530 591.025 543.375 469.517 418.936 389.800 339.121 310.941 231.545 246.706 191.051 183.590 216.900 -999.250 -999.250 -999.250 -999.250 -999.250 -999.250 -999.250 -999.250 -999.250 -999.250 -999.250 -999.250 -999.250
1113.715 1127.833 1140.463 1202.574 1152.010 1100.163 1071.936 1084.867 1091.235 976.253 889.634 854.716 807.774 744.398 701.603 621.729 517.447 394.558 329.662 274.094 290.690 352.745 416.096 443.139 530.295 574.177 646.482 643.387 700.776 726.404 751.032 754.256 746.042 733.090 710.158 685.691 680.305 659.820 639.078 592.774 557.604 496.863 444.315 389.612 398.949 388.530 297.885 249.822 269.161 235.972 -999.250 -999.250 -999.250 -999.250 -999.250 -999.250 -999.250 -999.250 -999.250 -999.250 -999.250 -999.250 -999.250 -999.250
1142.527 1168.196 1205.202 1240.427 1172.004 1138.100 1111.744 1091.966 1041.429 916.918 894.464 822.684 765.068 726.861 676.115 598.771 484.059 389.251 267.129 248.349 199.462 228.470 280.631 340.227 429.181 487.015 514.618 603.850 666.094 688.155 685.655 704.785 725.146 697.975 698.610 665.102 654.900 635.420 616.838 604.955 522.528 499.256 458.866 424.534 432.038 425.983 404.207 374.987 366.776 329.242 -999.250 -999.250 -999.250 -999.250 -999.250 -999.250 -999.250 -999.250 -999.250 -999.250 -999.250 -999.250 -999.250 -999.250
1197.716 1203.285 1223.956 1226.234 1208.727 1202.048 1149.314 1069.658 1040.544 944.776 823.452 770.509 722.584 698.148 650.795 569.844 472.710 378.545 261.208 179.824 170.047 166.279 195.415 264.491 352.261 427.353 490.757 570.947 611.156 638.813 685.973 672.892 689.304 664.832 656.514 636.309 639.248 628.962 599.283 591.818 536.608 525.453 517.606 484.305 454.251 515.797 490.304 436.826 429.951 434.829 -999.250 -999.250 -999.250 -999.250 -999.250 -999.250 -999.250 -999.250 -999.250 -999.250 -999.250 -999.250 -999.250 -999.250
1193.392 1258.991 1258.862 1241.799 1211.653 1195.820 1187.174 1128.105 986.459 926.940 840.492 802.322 746.903 685.870 634.486 584.690 454.478 378.948 243.737 179.065 169.654 163.447 175.530 239.425 319.313 411.722 475.098 552.674 584.781 626.653 642.237 638.626 656.075 661.851 629.768 660.579 637.620 641.273 594.962 610.354 587.780 527.642 535.024 507.318 543.096 498.046 480.863 481.930 496.078 509.446 520.947 -999.250 -999.250 -999.250 -999.250 -999.250 -999.250 -999.250 -999.250 -999.250 -999.250 -999.250 -999.250 -999.250
1243.438 1283.358 1308.918 1252.610 1205.609 1132.410 1150.334 1095.780 1050.957 950.935 843.831 765.032 728.159 683.917 633.516 561.074 454.947 353.321 259.917 179.058 165.880 157.998 194.335 219.915 301.791 393.242 451.259 507.683 567.546 640.345 654.370 635.762 636.711 664.502 660.408 655.424 682.804 655.668 635.352 660.248 625.406 592.783 599.948 606.885 581.782 575.397 577.215 554.408 576.263 567.273 586.517 628.452 -999.250 -999.250 -999.250 -999.250 -999.250 -999.250 -999.250 -999.250 -999.250 -999.250 -999.250 -999.250
1345.883 1287.276 1267.388 1176.713 1167.151 1179.691 1120.038 1106.644 1016.776 925.363 826.400 753.473 703.373 658.234 610.642 497.866 425.238 318.920 236.364 196.741 164.350 175.828 212.447 271.976 324.292 401.416 441.078 516.713 583.322 656.455 673.643 669.567 668.360 684.087 707.584 690.305 688.097 665.355 669.592 675.925 651.819 660.319 647.116 628.848 644.730 614.891 649.223 658.133 614.662 640.317 635.912 632.622 646.967 -999.250 -999.250 -999.250 -999.250 -999.250 -999.250 -999.250 -999.250 -999.250 -999.250 -999.250
1240.795 1292.205 1199.784 1180.104 1152.958 1128.996 1125.750 1064.531 1049.187 936.477 815.806 738.722 656.082 590.659 525.657 481.793 428.495 324.935 233.975 236.686 203.615 208.322 259.554 325.380 385.349 419.002 451.059 566.674 581.518 635.240 670.616 693.316 690.920 708.307 717.840 711.397 695.883 702.521 696.832 703.887 699.102 699.984 694.720 701.103 699.288 692.897 697.592 683.968 677.663 688.732 700.983 688.972 -999.250 -999.250 -999.250 -999.250 -999.250 -999.250 -999.250 -999.250 -999.250 -999.250 -999.250 -999.250
1187.088 1205.654 1224.008 1190.908 1144.572 1129.386 1022.669 989.447 973.622 899.206 820.153 721.735 651.975 578.476 528.969 453.261 440.886 357.821 287.196 279.749 248.406 255.939 319.350 374.385 431.166 450.934 523.398 557.215 611.548 657.399 675.832 702.560 710.036 729.982 734.766 739.332 726.206 743.115 743.155 744.935 742.729 755.531 737.013 730.076 748.386 746.630 721.594 765.752 736.828 698.726 715.152 710.131 753.543 -999.250 -999.250 -999.250 -999.250 -999.250 -999.250 -999.250 -999.250 -999.250 -999.250 -999.250
1178.252 1179.429 1146.447 1130.622 1097.530 1090.256 1057.865 986.859 921.636 860.550 778.478 712.855 626.455 547.773 498.804 453.146 408.423 395.925 302.276 311.617 318.290 311.234 379.630 412.551 456.471 510.174 568.868 594.188 645.867 688.678 689.941 714.995 736.330 774.593 772.395 781.188 769.054 799.320 805.373 820.245 853.440 828.527 842.500 819.265 818.274 795.692 822.498 801.739 744.475 746.274 736.483 -999.250 -999.250 -999.250 -999.250 -999.250 -999.250 -999.250 -999.250 -999.250 -999.250 -999.250 -999.250 -999.250
1171.923 1184.227 1206.604 1154.617 1065.560 1082.657 1006.172 988.446 916.258 832.029 767.640 687.050 608.823 540.635 497.429 451.761 386.089 376.327 350.844 364.295 330.018 394.113 432.369 473.030 551.401 593.843 601.650 620.352 672.950 684.876 710.482 756.309 784.404 831.043 832.056 843.618 883.529 904.170 897.502 884.326 900.211 933.706 906.739 922.685 906.017 899.043 877.313 840.248 848.304 829.127 -999.250 -999.250 -999.250 -999.250 -999.250 -999.250 -999.250 -999.250 -999.250 -999.250 -999.250 -999.250 -999.250 -999.250
1144.976 1142.700 1149.622 1118.464 1051.758 1000.827 934.327 888.591 810.890 754.206 696.451 654.981 596.300 521.255 454.963 445.338 421.516 422.567 386.599 390.159 416.258 449.149 503.029 564.259 598.827 624.430 656.626 682.581 711.811 748.941 762.890 795.847 811.590 871.759 867.785 974.474 1053.106 1052.582 1027.593 1040.584 964.264 997.550 1044.782 1089.901 1072.613 1017.034 976.420 938.594 888.281 872.883 -999.250 -999.250 -999.250 -999.250 -999.250 -999.250 -999.250 -999.250 -999.250 -999.250 -999.250 -999.250 -999.250 -999.250
1129.635 1116.068 1083.546 1036.571 1031.834 949.574 910.557 826.357 763.184 727.725 680.306 617.524 572.910 531.507 488.679 444.298 448.870 434.547 431.557 432.949 459.744 504.509 585.172 617.556 661.937 687.208 720.418 716.608 790.798 804.659 819.192 864.722 845.185 900.005 980.567 1063.113 1071.712 1120.378 1139.535 1112.242 1124.933 1113.113 1120.462 1138.607 1122.372 1081.111 1040.554 982.752 984.166 -999.250 -999.250 -999.250 -999.250 -999.250 -999.250 -999.250 -999.250 -999.250 -999.250 -999.250 -999.250 -999.250 -999.250 -999.250
1104.833 1106.748 1116.213 1024.737 938.348 896.379 835.544 774.277 713.510 681.153 639.247 595.235 574.334 560.888 487.565 461.564 453.259 449.253 470.051 493.262 524.378 584.485 650.604 708.283 725.677 779.517 809.287 806.591 849.727 886.691 955.673 946.501 1018.865 1023.365 1100.295 1110.366 1130.711 1178.549 1202.814 1182.311 1199.155 1156.644 1191.216 1174.948 1120.740 -999.250 -999.250 -999.250 -999.250 -999.250 -999.250 -999.250 -999.250 -999.250 -999.250 -999.250 -999.250 -999.250 -999.250 -999.250 -999.250 -999.250 -999.250 -999.250
1128.764 1129.047 1111.856 1027.067 846.694 806.083 768.641 723.335 677.264 640.045 610.473 547.219 568.144 494.921 511.147 524.600 460.226 463.233 517.912 558.414 598.095 659.141 705.031 746.316 800.682 827.212 867.250 917.957 978.525 964.181 1008.786 1084.996 1092.418 1151.611 1194.144 1154.543 1182.290 1264.721 1334.650 1284.085 1283.439 1237.477 1275.930 -999.250 -999.250 -999.250 -999.250 -999.250 -999.250 -999.250 -999.250 -999.250 -999.250 -999.250 -999.250 -999.250 -999.250 -999.250 -999.250 -999.250 -999.250 -999.250 -999.250 -999.250
1190.056 1143.717 1043.283 958.346 837.688 783.154 712.913 618.192 616.432 598.353 544.708 522.364 486.335 499.524 479.984 460.315 486.888 515.925 548.749 589.744 655.318 695.970 740.627 804.716 831.446 917.127 948.067 977.654 1023.248 1022.407 1082.720 1124.646 1122.951 1168.102 1235.197 1274.914 1315.147 1358.582 1420.888 1418.916 1348.544 1342.442 1316.082 -999.250 -999.250 -999.250 -999.250 -999.250 -999.250 -999.250 -999.250 -999.250 -999.250 -999.250 -999.250 -999.250 -999.250 -999.250 -999.250 -999.250 -999.250 -999.250 -999.250 -999.250
1161.044 1134.649 1046.633 895.416 842.764 742.102 679.984 595.669 575.137 521.694 496.278 497.848 497.280 493.286 467.243 473.805 494.479 534.823 564.416 647.697 700.546 745.461 836.259 887.576 1008.552 1033.889 995.658 1019.069 1032.851 1108.376 1091.262 1163.877 1169.881 1211.756 1331.795 1346.596 1439.887 1496.798 1509.489 1560.839 1462.750 1389.576 1382.336 -999.250 -999.250 -999.250 -999.250 -999.250 -999.250 -999.250 -999.250 -999.250 -999.250 -999.250 -999.250 -999.250 -999.250 -999.250 -999.250 -999.250 -999.250 -999.250 -999.250 -999.250
1225.606 1130.726 1063.956 869.191 787.375 695.158 609.185 563.009 501.581 468.117 442.922 449.726 462.386 471.055 507.937 509.744 530.085 562.489 615.752 659.468 724.155 818.497 926.924 1042.593 1056.286 1073.395 1078.130 1078.852 1059.200 1112.663 1114.014 1166.454 1215.072 1248.004 1347.282 1468.865 1586.422 1615.978 1640.712 1682.439 1625.025 1532.868 1434.480 -999.250 -999.250 -999.250 -999.250 -999.250 -999.250 -999.250 -999.250 -999.250 -999.250 -999.250 -999.250 -999.250 -999.250 -999.250 -999.250 -999.250 -999.250 -999.250 -999.250 -999.250
1283.720 1148.399 1019.911 825.449 716.292 629.424 537.548 445.591 418.607 429.477 425.398 416.942 445.328 481.285 495.052 524.261 591.952 604.934 672.706 700.263 756.540 858.280 984.692 1113.418 1153.970 1143.485 1134.046 1125.336 1107.110 1140.402 1200.478 1204.312 1230.330 1245.568 1380.390 1445.710 1579.086 1605.988 1661.516 1727.548 1632.510 1595.268 1504.735 -999.250 -999.250 -999.250 -999.250 -999.250 -999.250 -999.250 -999.250 -999.250 -999.250 -999.250 -999.250 -999.250 -999.250 -999.250 -999.250 -999.250 -999.250 -999.250 -999.250 -999.250
1228.657 1114.540 872.994 741.783 656.568 522.271 427.072 348.571 324.986 342.314 356.401 382.837 409.682 448.279 478.296 544.548 589.637 617.514 678.758 711.654 792.655 851.913 990.921 1127.837 1125.762 1176.238 1149.279 1104.094 1107.980 1137.440 1200.331 1203.577 1237.164 1367.750 1271.443 1383.517 1582.695 1587.303 1609.289 1663.391 1637.260 1605.120 1517.100 -999.250 -999.250 -999.250 -999.250 -999.250 -999.250 -999.250 -999.250 -999.250 -999.250 -999.250 -999.250 -999.250 -999.250 -999.250 -999.250 -999.250 -999.250 -999.250 -999.250 -999.250
1186.965 1078.962 862.312 715.254 583.484 464.546 325.854 267.612 250.163 246.115 296.048 318.314 365.202 418.111 460.897 512.070 557.640 632.051 684.354 729.328 795.419 891.530 998.197 1032.791 1145.371 1194.319 1165.320 1179.681 1140.747 1161.312 1223.968 1265.053 1313.942 1346.940 1409.914 1434.493 1516.765 1610.228 1646.537 1664.056 1673.902 1634.334 1480.471 1339.944 1273.114 -999.250 -999.250 -999.250 -999.250 -999.250 -999.250 -999.250 -999.250 -999.250 -999.250 -999.250 -999.250 -999.250 -999.250 -999.250 -999.250 -999.250 -999.250 -999.250
1131.811 1010.847 807.744 695.179 568.076 420.822 272.480 224.182 211.241 206.414 263.999 280.676 335.500 362.777 462.222 541.192 569.567 640.855 696.593 737.350 832.338 880.589 956.440 1011.340 1138.067 1196.459 1162.013 1197.963 1202.297 1218.178 1255.580 1346.347 1270.803 1374.549 1403.065 1536.655 1566.074 1621.587 1594.288 1654.992 1609.802 1457.599 1489.654 1457.618 1343.991 1240.560 1153.592 -999.250 -999.250 -999.250 -999.250 -999.250 -999.250 -999.250 -999.250 -999.250 -999.250 -999.250 -999.250 -999.250 -999.250 -999.250 -999.250 -999.250
1052.165 912.657 805.526 675.487 512.625 379.594 295.949 208.807 205.641 198.207 208.589 230.095 286.134 348.176 407.370 461.114 579.425 619.087 682.546 739.440 802.113 848.978 938.576 1053.757 1126.514 1165.822 1201.218 1225.617 1274.390 1220.622 1340.549 1380.832 1331.162 1371.369 1534.856 1534.589 1529.728 1607.074 1589.237 1603.785 1606.446 1554.879 1528.568 1324.180 1343.696 1248.856 1174.465 -999.250 -999.250 -999.250 -999.250 -999.250 -999.250 -999.250 -999.250 -999.250 -999.250 -999.250 -999.250 -999.250 -999.250 -999.250 -999.250 -999.250
984.746 837.109 767.203 680.303 550.919 414.923 301.338 218.018 200.477 173.818 190.295 196.913 248.267 341.946 399.800 466.397 546.120 577.916 664.728 723.175 789.288 828.955 972.670 992.302 1108.325 1185.685 1233.797 1245.176 1284.849 1310.695 1277.878 1360.422 1332.996 1386.947 1512.586 1596.738 1631.910 1672.732 1654.469 1701.554 1549.824 1534.077 1465.219 1406.525 1300.163 1309.806 1221.321 1163.676 -999.250 -999.250 -999.250 -999.250 -999.250 -999.250 -999.250 -999.250 -999.250 -999.250 -999.250 -999.250 -999.250 -999.250 -999.250 -999.250
