data/medianmodel_09-Jul-2020.asc
ncols	141
nrows	288
xllcorner	-120191.398
yllcorner	-301404.813
cellsize	2000.000
NODATA_value	-999.250
[rows 155 to 185 of 288, columns 0 to 68 of 141]
-999.250 -999.250 -999.250 -999.250 -999.250 -999.250 -999.250 52.911 47.249 46.084 46.958 43.029 47.053 46.901 56.417 64.420 70.582 76.656 84.491 73.860 90.457 60.048 44.336 25.922 14.439 4.907 0.000 0.000 0.000 0.000 0.000 0.000 0.000 2.255 7.071 5.375 5.131 5.345 4.874 3.753 3.480 1.755 0.681 0.000 0.000 0.000 0.000 0.000 0.000 0.000 0.000 0.000 0.000 0.000 0.000 0.000 0.000 0.000 0.000 0.000 0.000 0.000 0.000 0.000 0.000 0.000 0.000 0.000 0.000
-999.250 -999.250 -999.250 -999.250 -999.250 -999.250 -999.250 39.323 38.598 40.839 36.180 32.796 37.045 32.855 39.241 51.110 55.184 58.628 66.287 72.738 70.358 57.043 37.832 20.333 15.427 5.152 0.614 0.000 0.000 0.000 0.000 0.000 1.615 4.944 7.486 7.806 6.882 6.977 5.068 5.883 4.362 3.773 1.099 0.000 0.000 0.000 0.000 0.000 0.000 0.000 0.000 0.000 0.000 0.000 0.000 0.000 0.000 0.000 0.000 0.000 0.000 0.000 0.000 0.000 0.000 0.000 0.000 0.000 0.000
-999.250 -999.250 -999.250 -999.250 -999.250 -999.250 -999.250 34.703 33.862 32.649 30.615 27.371 22.460 22.842 32.884 28.038 42.534 42.951 52.548 56.806 51.411 41.030 32.052 18.777 13.835 7.763 2.122 0.111 0.000 0.000 0.000 0.000 4.167 5.114 7.604 8.000 9.101 7.025 8.193 8.310 6.562 4.225 3.803 1.619 0.000 0.000 0.000 0.000 0.000 0.000 0.000 0.000 0.000 0.000 0.000 0.000 0.000 0.000 0.000 0.000 0.000 0.000 0.000 0.000 0.000 0.000 0.000 0.000 0.000
-999.250 -999.250 -999.250 -999.250 -999.250 -999.250 -999.250 25.076 25.961 28.533 33.969 21.695 18.302 20.468 17.482 19.607 22.305 31.075 38.276 45.099 41.319 34.366 26.216 21.454 14.688 8.784 4.901 2.196 0.580 1.838 0.000 0.321 4.164 5.819 9.065 10.303 9.411 8.543 9.048 9.773 9.344 8.000 5.888 3.167 0.614 0.000 0.000 0.000 0.000 0.000 0.000 0.000 0.000 0.000 0.000 0.000 0.000 0.000 0.000 0.000 0.000 0.000 0.000 0.000 0.000 0.000 0.000 0.000 0.000
-999.250 -999.250 -999.250 -999.250 -999.250 -999.250 -999.250 -999.250 34.299 29.177 22.720 18.998 15.224 15.080 13.006 16.392 22.508 21.556 34.664 55.201 47.867 35.557 29.513 25.749 18.568 14.919 6.782 4.543 4.013 4.024 3.735 4.094 4.217 6.321 8.038 11.924 12.333 10.950 9.692 11.012 10.181 10.704 8.489 4.751 1.628 0.332 0.000 0.000 0.000 0.000 0.000 0.000 0.000 0.000 0.000 0.000 0.000 0.000 0.000 0.000 0.000 0.000 0.000 0.000 0.000 0.000 0.000 0.000 0.000
-999.250 -999.250 -999.250 -999.250 -999.250 -999.250 -999.250 -999.250 27.664 30.942 22.865 18.452 12.096 13.532 11.783 15.926 20.496 25.053 40.058 54.282 48.656 41.090 33.693 28.955 20.987 15.874 8.657 6.949 7.074 4.753 6.050 4.565 6.685 9.245 12.126 14.017 14.710 13.285 10.280 11.228 11.870 14.166 7.495 6.167 4.650 1.965 0.445 0.000 0.000 0.000 0.000 0.000 0.000 0.000 0.000 0.000 0.000 0.000 0.000 0.000 0.000 0.000 0.000 0.000 0.000 0.000 0.000 0.000 0.000
-999.250 -999.250 -999.250 -999.250 -999.250 -999.250 -999.250 32.822 29.625 25.115 21.904 16.434 14.614 13.497 10.895 14.297 18.491 26.856 36.245 51.482 53.810 52.899 41.354 25.302 23.517 18.509 15.040 12.419 8.999 7.883 9.319 6.464 8.688 9.163 12.619 14.446 20.898 12.347 8.772 8.393 10.453 8.434 6.243 5.719 3.383 2.198 0.882 0.000 0.000 0.000 0.000 0.000 0.000 0.000 0.000 0.000 0.000 0.000 0.000 0.000 0.000 0.000 0.000 0.000 0.000 0.000 0.000 0.000 0.000
-999.250 -999.250 -999.250 -999.250 -999.250 -999.250 -999.250 38.310 27.672 20.020 19.969 17.386 13.268 13.792 13.624 15.757 20.875 33.018 46.753 57.263 65.823 60.673 46.111 36.342 26.139 23.266 20.453 14.704 12.240 7.168 8.985 8.565 10.009 8.660 9.584 11.835 11.643 9.100 6.088 5.670 6.368 5.989 5.321 4.744 3.097 1.419 1.808 0.581 0.559 0.000 0.000 0.000 0.000 0.000 0.000 0.000 0.000 0.000 0.000 0.000 0.000 0.000 0.000 0.000 0.000 0.000 0.000 0.000 0.000
-999.250 -999.250 -999.250 -999.250 -999.250 -999.250 -999.250 37.928 34.406 26.310 24.194 25.266 20.073 18.980 18.349 20.751 27.408 46.322 52.629 53.688 60.754 63.079 47.150 47.300 30.623 29.880 22.373 17.551 12.523 11.557 11.933 9.095 7.913 5.964 7.104 6.566 6.456 5.452 4.435 4.606 4.872 3.609 3.847 3.039 2.213 1.136 1.453 0.344 0.000 0.000 0.000 0.000 0.000 0.000 0.000 0.000 0.000 0.000 0.000 0.000 0.000 0.000 0.000 0.000 0.000 0.000 0.000 0.000 0.000
-999.250 -999.250 -999.250 -999.250 -999.250 -999.250 -999.250 38.043 31.450 35.938 29.503 35.201 24.547 28.204 33.871 26.417 40.311 38.144 48.893 54.774 60.192 62.900 56.795 40.331 36.477 37.830 26.829 21.142 20.417 11.938 9.741 8.992 6.518 6.138 4.290 3.497 1.242 0.390 1.280 1.747 2.579 2.535 2.510 2.233 2.495 1.006 1.424 0.475 0.613 0.336 0.000 0.000 0.000 0.000 0.000 0.000 0.000 0.000 0.000 0.000 0.000 0.000 0.000 0.000 0.000 0.000 0.000 0.000 0.000
-999.250 -999.250 -999.250 -999.250 -999.250 -999.250 45.514 53.308 50.706 39.163 43.104 44.103 38.649 31.431 36.208 46.845 45.877 52.738 44.635 58.686 49.554 55.062 61.042 55.243 60.479 40.819 35.428 26.767 19.830 14.598 13.137 12.582 6.462 4.414 0.985 0.000 0.000 0.000 0.000 0.000 0.878 0.748 1.165 0.529 2.010 1.186 0.334 0.890 0.296 1.011 0.000 0.000 0.000 0.024 0.000 0.000 0.000 0.208 0.000 0.000 0.000 0.000 0.000 0.000 0.000 0.000 0.000 0.000 0.000
-999.250 -999.250 -999.250 -999.250 -999.250 -999.250 57.972 55.920 56.203 55.578 56.840 60.328 45.135 47.986 40.802 40.093 43.406 44.209 46.931 54.848 51.232 58.757 59.346 59.983 48.944 52.394 46.788 36.656 28.784 21.370 14.608 11.070 6.242 2.334 0.000 0.000 0.000 0.000 0.000 0.000 0.000 0.743 2.688 2.618 1.408 0.075 0.797 2.868 2.555 2.954 1.820 0.000 0.000 0.000 0.000 0.000 0.000 0.000 0.000 0.669 0.000 0.000 0.000 0.000 0.000 0.000 0.000 0.000 0.000
-999.250 -999.250 -999.250 -999.250 -999.250 69.060 70.298 67.267 73.899 66.161 67.935 61.390 57.332 56.320 53.928 57.034 56.899 58.398 49.423 60.584 50.674 53.352 64.418 65.274 60.209 54.603 51.713 52.826 38.143 27.691 15.774 11.447 6.615 1.637 0.000 0.000 0.000 0.000 0.000 0.000 0.000 0.794 2.342 2.034 2.198 1.657 2.404 2.580 2.640 3.037 2.189 0.274 0.507 1.153 0.000 0.000 0.000 0.000 0.303 0.005 0.270 0.000 0.000 0.000 0.000 0.000 0.000 0.000 0.000
-999.250 -999.250 -999.250 -999.250 -999.250 67.907 78.821 73.625 62.510 77.722 78.548 77.677 66.490 67.673 61.447 58.027 62.510 50.987 56.614 52.844 47.415 63.953 64.861 62.256 60.936 47.017 45.452 36.918 36.613 26.122 17.189 12.609 6.887 1.691 0.000 0.000 0.000 0.000 0.000 0.000 0.000 0.414 2.316 4.485 4.733 5.511 5.421 3.802 4.103 3.873 2.327 1.346 0.986 1.000 0.000 2.244 0.777 1.842 2.214 1.716 2.263 1.377 0.000 0.000 0.000 0.000 0.000 0.000 0.000
-999.250 -999.250 -999.250 -999.250 73.279 73.235 81.298 92.467 91.352 82.918 87.526 84.638 79.990 70.839 64.692 66.881 56.286 61.090 59.449 60.005 51.766 68.332 68.045 74.386 64.283 47.133 50.227 33.997 32.535 25.266 17.983 14.578 9.464 2.653 0.988 0.000 0.000 0.000 0.000 0.000 0.000 0.000 2.871 6.463 4.393 5.506 5.516 4.951 5.645 4.821 4.375 1.477 2.593 0.661 1.504 2.703 2.253 3.531 4.535 4.032 3.463 1.217 1.109 1.263 0.000 0.000 0.000 0.000 0.000
-999.250 -999.250 -999.250 -999.250 73.336 91.784 91.336 93.318 83.275 95.884 86.735 79.328 74.172 65.733 73.406 71.326 76.586 68.911 55.050 49.525 50.778 66.358 77.181 69.148 60.582 59.129 48.823 40.354 27.888 26.681 17.959 14.467 9.941 5.853 0.867 0.000 0.000 0.000 0.000 0.000 0.000 0.512 2.387 3.514 5.605 4.502 5.885 6.141 5.932 6.357 4.374 3.193 3.783 1.943 3.635 4.769 4.757 3.469 4.442 3.781 2.971 2.131 1.461 0.329 0.000 0.000 0.000 0.000 0.000
-999.250 -999.250 -999.250 -999.250 95.699 91.593 105.250 102.261 109.955 95.749 81.030 76.258 77.304 80.648 74.635 74.949 77.552 67.525 53.836 40.727 50.185 56.036 64.274 67.544 60.803 54.571 48.336 48.525 32.077 25.464 17.627 13.904 11.501 4.955 4.229 1.596 0.000 0.000 0.000 0.000 0.723 0.594 4.278 7.123 6.261 7.090 6.980 5.073 6.460 5.906 5.435 3.570 4.538 4.622 4.588 6.054 5.339 5.955 5.126 4.726 5.138 3.710 2.686 0.012 0.916 0.000 0.000 0.000 0.000
-999.250 -999.250 -999.250 -999.250 110.940 124.809 100.354 126.157 112.754 97.868 97.783 90.168 86.071 94.209 80.116 79.826 81.368 62.324 39.563 32.317 44.958 53.659 54.492 64.863 44.569 49.679 46.364 33.718 31.398 30.430 20.796 18.213 12.410 8.902 5.353 4.696 2.208 0.385 0.000 0.875 3.052 4.751 6.308 7.946 8.956 9.600 8.535 8.403 6.845 5.965 6.853 4.045 4.023 5.563 5.784 4.944 5.830 6.367 5.151 7.317 5.741 5.739 3.905 3.329 1.895 0.479 0.433 0.000 0.000
-999.250 -999.250 -999.250 -999.250 125.673 123.432 120.547 124.100 115.203 116.054 115.982 94.129 87.219 88.635 80.643 79.223 93.888 67.701 37.109 23.550 26.004 36.522 42.431 40.639 45.193 46.201 38.755 50.150 42.425 29.219 21.845 15.622 14.118 10.665 8.041 5.120 2.592 2.221 4.195 4.521 4.155 6.282 8.405 8.657 8.914 10.326 11.248 8.930 7.894 7.496 6.571 6.245 4.658 6.644 7.588 7.808 6.007 8.506 9.035 8.563 7.038 5.181 4.382 5.534 2.565 1.108 0.000 0.000 0.000
-999.250 -999.250 -999.250 -999.250 126.920 133.305 119.110 122.428 120.295 119.728 120.393 104.845 92.742 77.672 81.305 74.206 71.593 55.166 23.661 12.977 21.317 36.454 38.787 55.045 51.428 59.757 57.026 51.730 42.782 34.282 23.008 20.874 14.235 15.251 8.361 4.848 3.239 3.638 4.561 5.623 7.522 10.209 11.302 11.746 12.601 11.268 10.311 10.574 8.018 10.508 6.782 8.657 6.169 6.749 6.711 9.393 12.540 10.754 12.258 10.736 9.949 6.969 5.217 4.731 4.151 2.264 0.251 0.000 0.000
-999.250 -999.250 -999.250 -999.250 124.304 123.925 122.931 127.415 129.628 129.214 119.094 119.897 113.393 92.283 68.957 73.851 61.188 44.687 23.351 19.722 22.891 40.537 53.905 52.824 59.668 52.366 60.817 57.678 47.018 42.169 27.931 25.188 19.666 15.472 10.252 7.785 7.495 7.090 5.820 8.481 8.106 10.789 14.433 15.258 15.304 13.897 12.774 10.440 11.887 9.599 7.412 8.463 6.612 8.427 9.167 12.201 14.231 16.985 15.288 14.908 14.891 11.570 9.238 5.942 5.127 3.786 0.390 0.685 0.000
-999.250 -999.250 -999.250 -999.250 124.781 122.515 132.702 147.378 137.546 129.550 125.081 120.585 105.805 92.524 93.774 67.553 57.898 45.173 40.503 40.785 48.591 59.176 62.487 67.020 72.683 67.546 66.641 62.593 56.783 46.012 36.875 36.133 22.096 19.781 17.522 12.346 9.651 10.230 10.870 13.061 12.525 14.057 15.961 22.895 16.072 14.904 11.280 11.527 10.874 8.475 6.628 6.737 8.414 9.435 10.966 13.563 16.110 24.166 17.741 14.761 12.425 8.877 11.237 6.875 4.927 4.856 2.156 0.385 0.704
-999.250 -999.250 -999.250 -999.250 120.180 127.532 130.210 142.019 134.425 126.690 125.810 118.500 108.708 94.951 92.643 70.242 57.316 62.278 63.107 66.220 76.299 79.753 73.668 83.279 80.267 70.394 71.199 68.080 59.085 58.453 52.561 38.620 26.675 18.905 20.284 15.007 11.738 12.649 9.243 13.072 13.341 13.601 17.626 18.662 15.247 10.634 14.104 10.401 10.924 7.760 8.175 9.415 9.215 9.834 12.288 13.772 15.716 18.735 16.948 14.507 13.111 13.624 7.719 7.672 7.191 4.875 5.341 2.201 1.739
-999.250 -999.250 -999.250 -999.250 130.810 134.280 139.618 140.449 145.518 142.726 129.310 128.326 119.004 127.435 107.476 86.278 85.483 69.501 86.353 98.528 107.366 95.147 93.730 100.098 88.281 87.594 85.805 73.361 71.631 64.784 53.348 37.361 28.019 24.791 22.656 15.252 14.137 12.149 9.835 12.551 13.411 14.256 14.469 18.912 15.187 12.297 10.683 12.648 8.964 8.557 8.380 8.104 9.937 8.675 11.721 14.678 15.839 17.170 15.726 14.252 12.889 12.071 7.791 7.841 6.117 6.125 5.147 3.213 0.750
-999.250 -999.250 -999.250 114.758 133.629 134.592 133.376 142.492 139.210 148.415 140.930 124.695 130.972 127.313 111.692 108.112 114.669 101.925 109.987 120.541 133.843 120.037 98.503 101.425 93.030 91.700 90.981 83.456 71.342 66.561 56.907 41.894 34.771 32.616 25.267 19.868 15.852 15.764 11.971 13.857 15.329 14.535 17.613 15.746 12.998 9.951 9.839 11.840 10.896 7.617 8.046 11.656 9.389 11.501 13.417 15.525 13.787 14.258 13.940 13.041 11.418 9.564 10.959 9.959 5.426 4.809 5.406 3.139 1.730
-999.250 -999.250 -999.250 116.277 127.359 138.259 143.830 137.650 138.593 138.199 136.063 132.144 129.347 119.817 124.671 122.175 113.345 121.638 116.127 118.748 123.682 122.862 105.949 98.214 97.179 91.660 91.560 84.680 74.727 69.053 60.569 47.093 35.458 33.626 27.951 23.529 18.512 14.893 14.637 14.997 13.971 18.396 16.643 13.243 13.360 9.621 10.609 9.776 9.671 10.790 10.036 10.525 8.442 10.469 11.425 13.357 14.859 13.035 13.693 11.153 10.482 9.599 6.916 7.152 6.021 4.921 2.591 1.650 1.626
-999.250 -999.250 -999.250 123.620 137.911 140.023 149.480 145.930 138.834 139.712 139.084 141.771 134.395 132.270 126.430 126.830 131.647 116.481 128.103 123.490 112.007 118.834 103.696 97.020 77.550 76.927 77.345 71.324 70.112 68.605 65.877 56.762 35.216 29.421 25.029 27.745 21.636 17.719 14.252 13.578 12.417 12.575 12.844 14.147 11.605 10.429 11.868 10.407 8.174 9.179 9.412 9.719 6.586 8.789 9.566 12.281 11.113 10.614 12.005 10.584 9.982 7.885 6.546 5.130 5.959 5.058 1.784 0.800 0.614
-999.250 -999.250 118.358 125.567 128.079 145.524 139.478 154.247 141.558 137.289 145.035 134.082 150.178 130.870 126.177 140.380 135.799 124.849 124.054 127.252 114.235 117.443 99.314 84.934 89.140 80.162 75.528 68.400 73.494 66.530 56.893 47.995 39.564 34.412 30.008 32.411 22.605 21.950 14.720 12.702 13.675 13.427 14.449 13.811 11.813 11.059 9.179 6.744 8.637 9.797 9.839 10.283 7.479 6.248 7.851 9.596 9.029 10.389 9.045 9.146 6.892 7.240 5.542 3.788 4.294 3.085 1.310 0.044 0.000
-999.250 -999.250 125.795 127.603 140.212 135.022 162.732 150.224 137.605 138.469 138.372 141.253 143.754 137.080 142.815 139.394 141.021 131.316 125.378 120.656 -999.250 89.320 89.425 78.671 76.791 74.515 78.756 69.494 68.716 68.623 60.602 60.615 41.760 34.152 27.697 36.177 22.302 22.270 19.285 15.640 12.240 13.583 13.244 12.510 10.822 9.501 6.897 5.386 7.498 5.981 7.073 8.105 6.512 7.672 9.402 10.949 6.851 8.691 6.665 5.189 4.802 5.874 4.848 3.949 3.991 2.651 0.203 0.000 0.000
-999.250 124.067 120.844 125.649 128.830 154.556 158.764 141.448 146.917 152.717 149.428 157.685 154.160 144.185 151.267 147.145 155.367 138.498 127.156 -999.250 -999.250 91.680 91.600 90.778 74.534 62.341 64.364 51.900 59.021 55.920 44.182 48.958 43.128 23.957 21.265 22.349 23.691 22.677 19.079 16.227 17.309 15.328 12.658 12.391 10.678 8.335 6.974 5.994 6.130 4.479 2.229 4.781 5.244 5.887 7.113 6.532 6.269 6.772 4.789 3.953 4.861 4.960 2.450 2.527 1.926 0.000 1.283 0.000 0.000
-999.250 123.586 132.693 139.085 143.659 145.619 145.371 148.821 148.240 175.045 170.080 164.322 160.008 161.827 159.482 143.042 136.844 129.773 -999.250 -999.250 -999.250 -999.250 79.378 79.701 71.728 56.008 49.073 49.852 49.542 44.406 34.594 37.073 31.794 24.299 20.799 21.359 19.395 21.625 15.630 15.483 14.857 15.390 13.073 11.125 9.474 8.286 6.826 8.385 4.458 2.782 3.902 2.647 2.598 4.509 5.190 6.011 4.141 5.489 5.744 5.870 1.966 1.539 2.616 0.747 0.000 0.000 0.000 0.000 0.000
