data/medianmodel_03-Oct-2020.asc
ncols	141
nrows	288
xllcorner	-120191.398
yllcorner	-301404.813
cellsize	2000.000
NODATA_value	-999.250
[rows 210 to 239 of 288, columns 67 to 133 of 141]
5.021 5.017 6.131 9.266 9.425 8.881 10.041 11.719 10.916 6.114 8.167 13.136 13.640 18.229 20.378 24.114 25.181 29.372 27.229 27.117 24.687 26.492 27.300 21.455 21.516 19.240 14.556 10.994 7.319 5.410 6.031 7.675 -999.250 -999.250 -999.250 -999.250 -999.250 -999.250 -999.250 -999.250 -999.250 -999.250 -999.250 -999.250 -999.250 -999.250 -999.250 -999.250 -999.250 -999.250 -999.250 -999.250 -999.250 -999.250 -999.250 -999.250 -999.250 -999.250 -999.250 -999.250 -999.250 -999.250 -999.250 -999.250 -999.250 -999.250 -999.250
3.593 4.303 7.174 8.941 10.166 10.727 9.335 7.750 7.330 7.893 5.619 9.898 11.700 16.142 16.904 19.227 24.000 23.846 24.034 25.696 26.089 26.960 25.008 23.942 19.099 17.305 17.017 13.203 11.258 6.758 8.787 8.029 8.706 -999.250 -999.250 -999.250 -999.250 -999.250 -999.250 -999.250 -999.250 -999.250 -999.250 -999.250 -999.250 -999.250 -999.250 -999.250 -999.250 -999.250 -999.250 -999.250 -999.250 -999.250 -999.250 -999.250 -999.250 -999.250 -999.250 -999.250 -999.250 -999.250 -999.250 -999.250 -999.250 -999.250 -999.250
4.875 6.153 8.291 9.290 11.348 7.399 10.502 13.404 11.239 7.254 3.044 3.341 9.565 13.768 17.040 19.247 20.592 21.959 23.393 24.251 21.429 23.997 25.498 24.163 21.887 18.855 17.819 15.205 11.590 11.397 9.825 10.559 8.071 8.715 -999.250 -999.250 -999.250 -999.250 -999.250 -999.250 -999.250 -999.250 -999.250 -999.250 -999.250 -999.250 -999.250 -999.250 -999.250 -999.250 -999.250 -999.250 -999.250 -999.250 -999.250 -999.250 -999.250 -999.250 -999.250 -999.250 -999.250 -999.250 -999.250 -999.250 -999.250 -999.250 -999.250
4.493 8.423 10.421 13.890 13.588 11.999 12.545 14.677 11.476 7.957 5.614 0.000 9.109 15.914 14.699 16.123 17.149 22.743 22.037 22.859 20.893 20.949 23.003 24.341 22.563 22.789 19.674 17.392 15.012 15.053 11.844 7.056 8.483 7.831 -999.250 -999.250 -999.250 -999.250 -999.250 -999.250 -999.250 -999.250 -999.250 -999.250 -999.250 -999.250 -999.250 -999.250 -999.250 -999.250 -999.250 -999.250 -999.250 -999.250 -999.250 -999.250 -999.250 -999.250 -999.250 -999.250 -999.250 -999.250 -999.250 -999.250 -999.250 -999.250 -999.250
5.900 10.460 12.048 14.637 16.378 14.520 15.149 18.003 13.378 9.550 8.516 7.303 11.738 16.263 15.606 15.682 20.090 24.898 29.028 29.035 24.713 23.124 23.162 29.338 27.233 27.380 24.064 20.653 18.268 18.647 15.711 12.335 11.835 9.971 7.460 -999.250 -999.250 -999.250 -999.250 -999.250 -999.250 -999.250 -999.250 -999.250 -999.250 -999.250 -999.250 -999.250 -999.250 -999.250 -999.250 -999.250 -999.250 -999.250 -999.250 -999.250 -999.250 -999.250 -999.250 -999.250 -999.250 -999.250 -999.250 -999.250 -999.250 -999.250 -999.250
9.024 9.576 14.909 17.411 17.096 19.018 20.111 20.425 16.036 15.690 15.745 12.350 15.024 17.201 15.896 16.728 20.509 24.329 26.214 33.270 35.059 28.387 30.449 30.671 38.683 33.927 30.338 26.630 24.193 19.999 18.066 19.081 14.863 15.568 10.201 6.938 -999.250 -999.250 -999.250 -999.250 -999.250 -999.250 -999.250 -999.250 -999.250 -999.250 -999.250 -999.250 -999.250 -999.250 -999.250 -999.250 -999.250 -999.250 -999.250 -999.250 -999.250 -999.250 -999.250 -999.250 -999.250 -999.250 -999.250 -999.250 -999.250 -999.250 -999.250
9.013 13.835 15.952 17.139 17.861 21.871 26.227 25.343 24.802 25.950 22.359 17.637 22.406 19.149 20.257 18.473 24.389 26.556 31.072 31.745 36.070 41.315 33.308 42.930 41.319 45.553 35.898 30.864 33.666 27.705 24.183 21.778 22.014 17.236 14.484 11.665 -999.250 -999.250 -999.250 -999.250 -999.250 -999.250 -999.250 -999.250 -999.250 -999.250 -999.250 -999.250 -999.250 -999.250 -999.250 -999.250 -999.250 -999.250 -999.250 -999.250 -999.250 -999.250 -999.250 -999.250 -999.250 -999.250 -999.250 -999.250 -999.250 -999.250 -999.250
14.475 17.710 20.075 21.633 23.158 30.069 32.748 36.462 36.298 35.916 30.623 26.713 25.077 20.611 18.358 25.637 28.400 29.350 33.223 38.263 40.502 39.868 43.454 46.994 41.771 42.591 43.440 37.764 37.463 34.306 32.289 24.862 24.135 20.624 16.450 10.482 -999.250 -999.250 -999.250 -999.250 -999.250 -999.250 -999.250 -999.250 -999.250 -999.250 -999.250 -999.250 -999.250 -999.250 -999.250 -999.250 -999.250 -999.250 -999.250 -999.250 -999.250 -999.250 -999.250 -999.250 -999.250 -999.250 -999.250 -999.250 -999.250 -999.250 -999.250
19.266 21.962 24.321 26.968 29.715 33.956 36.082 41.449 43.466 42.047 36.315 34.512 29.930 23.715 24.675 25.341 27.520 34.724 38.408 41.539 44.547 46.093 44.887 47.537 45.228 49.760 49.154 44.903 43.062 41.017 33.461 31.883 29.721 22.668 18.980 13.179 10.828 -999.250 -999.250 -999.250 -999.250 -999.250 -999.250 -999.250 10.066 -999.250 -999.250 -999.250 -999.250 -999.250 -999.250 -999.250 -999.250 -999.250 -999.250 -999.250 -999.250 -999.250 -999.250 -999.250 -999.250 -999.250 -999.250 -999.250 -999.250 -999.250 -999.250
25.782 26.015 30.406 35.558 39.823 41.361 40.694 49.195 49.826 45.078 46.067 41.637 34.176 36.546 36.013 32.029 34.648 45.467 50.063 47.065 47.498 48.647 50.829 53.305 53.010 48.310 52.600 54.364 47.823 49.057 41.679 36.934 36.941 30.284 19.208 16.365 12.883 8.581 -999.250 -999.250 -999.250 3.037 4.564 6.625 8.360 -999.250 -999.250 -999.250 -999.250 -999.250 -999.250 -999.250 -999.250 -999.250 -999.250 -999.250 -999.250 -999.250 -999.250 -999.250 -999.250 -999.250 -999.250 -999.250 -999.250 -999.250 -999.250
30.658 35.781 37.968 43.526 51.132 54.317 54.234 54.601 55.296 54.438 55.464 52.248 46.407 48.271 43.347 42.426 42.623 48.180 49.683 50.046 51.910 56.208 58.170 58.325 60.480 62.982 62.774 66.178 61.023 49.125 46.390 41.753 34.637 30.447 24.575 21.139 15.201 11.244 -999.250 2.676 0.557 0.020 4.175 6.134 -999.250 -999.250 -999.250 -999.250 -999.250 -999.250 -999.250 -999.250 -999.250 -999.250 -999.250 -999.250 -999.250 -999.250 -999.250 -999.250 -999.250 -999.250 -999.250 -999.250 -999.250 -999.250 -999.250
41.312 43.852 49.686 57.006 59.949 61.192 61.003 64.681 59.117 55.989 55.943 50.752 54.075 58.198 54.545 53.367 54.488 52.051 60.965 61.066 53.279 59.315 66.139 66.604 72.695 70.551 69.064 60.533 55.911 52.722 49.269 47.258 45.068 34.084 28.938 20.716 15.827 14.484 8.704 6.954 0.000 1.322 6.386 10.533 -999.250 -999.250 -999.250 -999.250 -999.250 -999.250 -999.250 -999.250 -999.250 -999.250 -999.250 -999.250 -999.250 -999.250 -999.250 -999.250 -999.250 -999.250 -999.250 -999.250 -999.250 -999.250 -999.250
47.232 54.761 58.251 68.091 70.588 68.444 63.878 66.239 60.685 63.017 66.161 57.699 59.648 61.660 59.207 60.972 62.375 62.306 61.534 60.951 64.780 68.120 71.222 75.453 79.503 80.187 72.212 67.866 61.440 57.593 56.475 53.846 47.989 43.816 33.111 24.992 22.200 17.216 12.943 11.234 6.140 4.057 8.183 9.028 -999.250 -999.250 -999.250 -999.250 -999.250 -999.250 -999.250 -999.250 -999.250 -999.250 -999.250 -999.250 -999.250 -999.250 -999.250 -999.250 -999.250 -999.250 -999.250 -999.250 -999.250 -999.250 -999.250
55.170 60.845 64.538 73.269 79.535 82.570 79.982 68.458 68.811 70.276 61.660 66.895 65.605 64.752 62.618 71.202 70.707 65.454 62.919 72.015 76.043 74.195 72.306 78.791 77.493 79.440 81.060 66.719 60.855 62.341 50.357 51.153 48.293 41.645 36.840 31.427 25.474 20.841 17.448 13.386 11.624 11.141 9.284 13.069 -999.250 -999.250 -999.250 -999.250 -999.250 -999.250 -999.250 -999.250 -999.250 -999.250 -999.250 -999.250 -999.250 -999.250 -999.250 -999.250 -999.250 -999.250 -999.250 -999.250 -999.250 -999.250 -999.250
65.863 69.109 75.071 81.564 83.696 98.530 86.553 76.680 78.140 72.379 67.716 72.361 75.602 72.566 72.188 71.899 70.741 68.518 71.105 74.652 74.421 78.514 73.108 73.502 80.919 87.929 76.187 77.188 67.335 62.838 57.791 53.642 48.214 38.514 34.764 37.094 29.796 22.474 23.476 18.131 16.161 13.771 16.386 -999.250 -999.250 -999.250 -999.250 -999.250 -999.250 -999.250 -999.250 -999.250 -999.250 -999.250 -999.250 -999.250 -999.250 -999.250 -999.250 -999.250 -999.250 -999.250 -999.250 -999.250 -999.250 -999.250 -999.250
70.230 73.871 87.602 89.531 95.288 95.324 105.077 89.810 74.253 83.250 78.929 77.238 74.735 79.579 68.787 69.114 65.921 68.806 77.199 71.675 82.129 80.094 78.056 83.771 86.258 89.577 94.858 83.297 71.818 69.931 62.903 60.074 51.527 43.019 39.603 39.165 31.630 28.882 22.373 19.448 23.889 16.240 17.049 -999.250 -999.250 -999.250 -999.250 -999.250 -999.250 -999.250 -999.250 -999.250 -999.250 -999.250 -999.250 -999.250 -999.250 -999.250 -999.250 -999.250 -999.250 -999.250 -999.250 -999.250 -999.250 -999.250 -999.250
77.522 84.324 93.868 102.983 98.346 108.881 98.183 100.548 99.831 81.397 76.278 75.388 78.342 74.444 78.137 76.332 74.407 78.172 75.858 75.828 92.005 85.591 84.329 84.383 84.424 86.660 89.771 86.353 78.605 72.303 72.008 66.667 54.716 47.949 43.495 39.061 31.919 30.008 28.722 27.889 24.812 20.524 19.087 -999.250 -999.250 -999.250 -999.250 -999.250 -999.250 -999.250 -999.250 -999.250 -999.250 -999.250 -999.250 -999.250 -999.250 -999.250 -999.250 -999.250 -999.250 -999.250 -999.250 -999.250 -999.250 -999.250 -999.250
86.547 96.368 106.090 123.053 122.455 120.594 120.016 116.108 115.419 111.769 87.683 86.049 83.667 88.258 82.054 88.588 86.634 82.313 74.191 76.781 82.938 79.860 86.633 92.103 87.490 90.096 102.068 84.335 80.475 82.687 74.195 65.936 60.815 53.443 46.605 44.308 39.722 33.895 34.123 28.820 25.907 24.771 -999.250 -999.250 -999.250 -999.250 -999.250 -999.250 -999.250 -999.250 -999.250 -999.250 -999.250 -999.250 -999.250 -999.250 -999.250 -999.250 -999.250 -999.250 -999.250 -999.250 -999.250 -999.250 -999.250 -999.250 -999.250
92.599 109.771 131.939 128.743 128.501 128.097 128.401 115.462 112.797 112.804 94.320 81.006 81.086 80.411 88.159 93.369 83.853 80.682 77.103 76.211 79.948 82.510 87.777 85.665 87.808 84.651 87.520 92.208 86.623 74.240 72.206 66.966 60.634 55.876 45.124 45.752 44.661 -999.250 -999.250 29.161 26.261 27.487 -999.250 -999.250 -999.250 -999.250 -999.250 -999.250 -999.250 -999.250 -999.250 -999.250 -999.250 -999.250 -999.250 -999.250 -999.250 -999.250 -999.250 -999.250 -999.250 -999.250 -999.250 -999.250 -999.250 -999.250 -999.250
116.835 122.281 131.365 148.903 139.056 132.745 123.312 113.429 102.097 97.542 106.104 85.174 93.874 76.443 80.899 92.668 83.100 84.370 82.042 85.689 76.209 77.353 80.899 80.618 76.127 85.321 85.158 86.137 75.972 70.658 73.832 63.775 56.735 53.535 55.453 44.613 41.092 -999.250 -999.250 -999.250 -999.250 -999.250 -999.250 -999.250 -999.250 -999.250 -999.250 -999.250 -999.250 -999.250 -999.250 -999.250 -999.250 -999.250 -999.250 -999.250 -999.250 -999.250 -999.250 -999.250 -999.250 -999.250 -999.250 -999.250 -999.250 -999.250 -999.250
111.251 128.758 127.646 144.232 144.225 132.719 122.804 116.297 105.497 120.253 95.237 92.951 84.126 80.229 81.439 77.203 78.149 78.853 74.761 82.063 83.974 81.335 81.416 74.503 84.497 81.301 89.252 85.148 68.882 75.054 63.003 55.245 59.035 -999.250 -999.250 48.510 -999.250 -999.250 -999.250 -999.250 -999.250 -999.250 -999.250 -999.250 -999.250 -999.250 -999.250 -999.250 -999.250 -999.250 -999.250 -999.250 -999.250 -999.250 -999.250 -999.250 -999.250 -999.250 -999.250 -999.250 -999.250 -999.250 -999.250 -999.250 -999.250 -999.250 -999.250
103.245 112.081 116.395 138.441 131.749 130.917 126.464 106.930 112.725 106.683 93.315 83.049 73.817 76.621 76.557 74.367 75.958 77.008 73.452 81.603 78.948 85.353 79.893 76.032 83.894 84.397 75.774 81.015 71.994 64.113 59.184 -999.250 -999.250 -999.250 -999.250 -999.250 -999.250 -999.250 -999.250 -999.250 -999.250 -999.250 -999.250 -999.250 -999.250 -999.250 -999.250 -999.250 -999.250 -999.250 -999.250 -999.250 -999.250 -999.250 -999.250 -999.250 -999.250 -999.250 -999.250 -999.250 -999.250 -999.250 -999.250 -999.250 -999.250 -999.250 -999.250
105.176 115.203 121.042 125.688 122.960 124.765 125.968 121.348 105.851 104.537 94.333 81.401 76.436 78.806 77.160 72.711 77.651 76.297 78.554 79.891 81.134 79.472 83.935 77.942 75.859 79.347 74.396 72.670 68.745 67.175 67.610 -999.250 -999.250 -999.250 -999.250 -999.250 -999.250 -999.250 -999.250 -999.250 -999.250 -999.250 -999.250 -999.250 -999.250 -999.250 -999.250 -999.250 -999.250 -999.250 -999.250 -999.250 -999.250 -999.250 -999.250 -999.250 -999.250 -999.250 -999.250 -999.250 -999.250 -999.250 -999.250 -999.250 -999.250 -999.250 -999.250
87.554 111.103 109.703 100.778 106.645 110.071 110.692 102.405 100.585 94.657 84.762 72.827 80.089 80.212 79.325 72.851 73.502 72.474 74.293 76.551 79.091 75.823 71.628 75.921 78.493 78.832 70.360 69.646 67.842 61.750 69.831 -999.250 -999.250 -999.250 -999.250 -999.250 -999.250 -999.250 -999.250 -999.250 -999.250 -999.250 -999.250 -999.250 -999.250 -999.250 -999.250 -999.250 -999.250 -999.250 -999.250 -999.250 -999.250 -999.250 -999.250 -999.250 -999.250 -999.250 -999.250 -999.250 -999.250 -999.250 -999.250 -999.250 -999.250 -999.250 -999.250
82.924 83.055 95.922 94.262 93.743 109.969 98.430 98.442 89.512 88.456 82.420 71.724 80.000 79.292 73.179 72.549 76.045 78.465 76.920 75.982 70.022 72.765 79.178 77.911 71.351 68.833 61.855 63.572 64.779 59.830 59.233 -999.250 -999.250 -999.250 -999.250 -999.250 -999.250 -999.250 -999.250 -999.250 -999.250 -999.250 -999.250 -999.250 -999.250 -999.250 -999.250 -999.250 -999.250 -999.250 -999.250 -999.250 -999.250 -999.250 -999.250 -999.250 -999.250 -999.250 -999.250 -999.250 -999.250 -999.250 -999.250 -999.250 -999.250 -999.250 -999.250
75.330 76.380 86.874 89.347 98.174 103.009 100.388 98.494 88.326 79.441 80.853 72.804 72.981 76.357 73.048 79.530 76.445 79.402 85.129 87.209 79.263 75.160 66.650 72.148 68.061 67.705 64.258 64.695 56.185 57.607 -999.250 -999.250 -999.250 -999.250 -999.250 -999.250 -999.250 -999.250 -999.250 -999.250 -999.250 -999.250 -999.250 -999.250 -999.250 -999.250 -999.250 -999.250 -999.250 -999.250 -999.250 -999.250 -999.250 -999.250 -999.250 -999.250 -999.250 -999.250 -999.250 -999.250 -999.250 -999.250 -999.250 -999.250 -999.250 -999.250 -999.250
67.720 75.939 79.014 81.979 81.372 95.527 93.823 97.654 82.469 83.298 74.067 79.870 70.400 73.856 74.018 74.262 78.312 81.058 90.884 80.366 74.290 72.535 78.830 71.622 70.551 69.994 69.188 69.556 62.046 65.437 -999.250 -999.250 -999.250 -999.250 -999.250 -999.250 -999.250 -999.250 -999.250 -999.250 -999.250 -999.250 -999.250 -999.250 -999.250 -999.250 -999.250 -999.250 -999.250 -999.250 -999.250 -999.250 -999.250 -999.250 -999.250 -999.250 -999.250 -999.250 -999.250 -999.250 -999.250 -999.250 -999.250 -999.250 -999.250 -999.250 -999.250
68.533 68.738 72.145 68.774 75.584 84.189 85.279 84.063 80.857 72.681 72.750 75.236 64.901 70.818 69.998 75.522 76.892 79.926 79.333 80.007 72.526 71.440 84.184 74.384 65.935 72.430 77.283 68.251 66.297 65.716 -999.250 -999.250 -999.250 -999.250 -999.250 -999.250 -999.250 -999.250 -999.250 -999.250 -999.250 -999.250 -999.250 -999.250 -999.250 -999.250 -999.250 -999.250 -999.250 -999.250 -999.250 -999.250 -999.250 -999.250 -999.250 -999.250 -999.250 -999.250 -999.250 -999.250 -999.250 -999.250 -999.250 -999.250 -999.250 -999.250 -999.250
52.896 57.126 64.432 65.078 69.144 64.656 69.296 73.053 74.231 71.092 73.101 67.463 72.349 71.185 68.071 71.199 72.036 75.148 72.399 70.844 73.670 69.310 73.908 72.520 72.928 72.336 74.067 64.539 64.590 -999.250 -999.250 -999.250 -999.250 -999.250 -999.250 -999.250 -999.250 -999.250 -999.250 -999.250 -999.250 -999.250 -999.250 -999.250 -999.250 -999.250 -999.250 -999.250 -999.250 -999.250 -999.250 -999.250 -999.250 -999.250 -999.250 -999.250 -999.250 -999.250 -999.250 -999.250 -999.250 -999.250 -999.250 -999.250 -999.250 -999.250 -999.250
48.499 49.761 53.018 50.878 49.243 56.388 60.392 62.316 64.295 69.802 70.401 58.724 61.598 61.924 68.641 67.917 69.615 71.772 64.944 69.546 70.546 76.171 68.479 67.841 62.517 72.495 79.391 68.518 66.209 -999.250 -999.250 -999.250 -999.250 -999.250 -999.250 -999.250 -999.250 -999.250 -999.250 -999.250 -999.250 -999.250 -999.250 -999.250 -999.250 -999.250 -999.250 -999.250 -999.250 -999.250 -999.250 -999.250 -999.250 -999.250 -999.250 -999.250 -999.250 -999.250 -999.250 -999.250 -999.250 -999.250 -999.250 -999.250 -999.250 -999.250 -999.250
