data/medianmodel_10-Aug-2020.asc
ncols	141
nrows	288
xllcorner	-120191.398
yllcorner	-301404.813
cellsize	2000.000
NODATA_value	-999.250
[rows 150 to 179 of 288, columns 0 to 67 of 141]
-999.250 -999.250 -999.250 -999.250 -999.250 -999.250 -999.250 -999.250 -999.250 -999.250 -999.250 -999.250 1.466 4.468 7.480 10.789 14.893 17.550 21.992 25.315 26.981 27.598 25.823 29.163 29.281 27.462 26.869 21.431 17.811 16.951 10.607 10.264 9.219 5.477 3.560 2.345 3.156 3.618 7.878 16.527 24.167 34.631 41.577 47.590 68.489 64.152 49.606 39.816 27.739 16.649 11.632 12.164 13.181 11.981 13.757 15.766 17.017 19.043 21.956 32.192 45.547 61.708 93.953 118.869 137.413 138.384 183.107 186.948
-999.250 -999.250 -999.250 -999.250 -999.250 -999.250 -999.250 -999.250 -999.250 -999.250 -999.250 0.453 1.907 3.733 6.731 8.887 9.454 14.576 19.345 24.432 27.085 23.358 25.370 26.487 28.813 22.809 22.958 18.912 14.194 16.310 12.307 10.140 8.051 7.141 4.795 5.199 6.718 7.121 14.175 24.461 29.942 38.236 45.878 56.077 66.644 93.650 57.641 41.764 33.638 25.437 17.643 12.808 10.983 11.608 10.868 15.325 15.677 21.117 27.600 32.227 40.650 56.592 90.583 114.954 134.141 159.943 139.378 162.988
-999.250 -999.250 -999.250 -999.250 -999.250 -999.250 -999.250 -999.250 -999.250 -999.250 0.000 0.450 1.760 3.859 4.994 7.369 10.171 11.687 19.846 22.117 23.064 24.361 19.743 23.705 25.805 19.329 17.639 18.584 16.704 12.865 12.304 10.156 9.770 8.344 7.048 8.753 8.114 12.534 18.005 22.562 33.159 39.440 43.407 53.751 59.847 71.129 56.300 39.875 33.550 27.201 18.340 12.912 12.359 9.698 12.947 12.954 19.155 20.965 26.343 28.708 40.376 49.530 80.443 110.960 116.156 127.079 127.627 138.913
-999.250 -999.250 -999.250 -999.250 -999.250 -999.250 -999.250 -999.250 -999.250 0.000 0.000 0.023 1.532 2.936 4.627 8.439 8.319 9.139 15.756 23.116 21.718 21.715 22.632 22.478 21.691 16.827 16.222 13.912 11.762 11.807 12.226 9.451 9.711 8.308 7.952 9.886 10.806 18.435 18.679 28.167 34.264 39.966 47.041 54.208 52.149 50.553 44.321 32.407 28.276 23.773 20.081 12.971 12.449 10.026 10.582 11.998 13.594 16.746 23.417 28.601 33.239 45.712 56.784 88.904 87.987 109.613 109.709 129.160
-999.250 -999.250 -999.250 -999.250 -999.250 4.617 3.773 1.385 0.000 0.000 0.000 0.000 0.166 0.844 2.993 4.299 5.140 6.812 10.235 15.471 14.434 16.139 13.744 15.637 14.449 13.921 15.279 11.645 10.481 12.946 9.584 9.779 9.955 8.943 10.959 11.183 14.585 17.583 26.871 29.453 34.717 43.128 51.436 48.115 44.196 38.690 32.619 28.379 23.314 20.575 14.171 11.595 11.033 8.677 10.768 8.363 9.774 13.799 15.450 23.390 30.568 42.700 51.947 70.072 79.040 99.608 101.591 114.094
-999.250 -999.250 -999.250 -999.250 -999.250 -999.250 -999.250 1.767 1.545 0.275 0.023 0.000 0.013 0.131 0.114 1.474 3.564 4.407 6.714 7.933 9.519 10.117 8.326 10.873 11.228 14.721 11.185 11.124 11.692 10.320 8.519 7.965 8.810 8.824 11.186 10.183 14.263 17.072 20.746 29.138 36.378 40.321 42.316 41.072 39.753 38.245 33.955 29.357 23.902 16.708 15.542 9.892 11.210 7.845 7.427 6.380 8.125 11.733 15.500 21.841 31.851 39.036 43.261 50.274 59.105 79.512 94.433 91.319
-999.250 -999.250 -999.250 -999.250 -999.250 -999.250 -999.250 6.395 5.077 4.586 2.731 3.047 1.812 0.058 0.000 0.000 0.502 1.905 3.575 3.945 5.803 6.725 6.174 8.890 8.869 8.865 9.568 8.162 7.559 7.689 7.868 8.000 8.559 9.181 9.553 10.900 15.112 17.123 22.784 29.327 35.756 35.778 38.885 38.335 37.292 32.754 31.749 27.440 19.946 17.262 12.537 6.948 8.405 6.643 7.424 6.449 7.450 10.225 14.575 20.353 31.683 30.556 39.593 44.821 50.583 51.058 58.016 72.896
-999.250 -999.250 -999.250 -999.250 -999.250 -999.250 -999.250 11.331 8.046 7.056 7.490 6.018 3.290 2.037 0.000 0.000 0.000 0.000 0.034 1.750 3.233 4.351 4.869 5.494 5.843 5.424 5.766 5.441 6.082 6.389 6.635 7.008 7.531 8.858 10.238 11.453 13.150 16.386 23.207 24.809 26.848 33.875 36.698 32.451 34.459 30.677 31.396 23.415 19.812 14.326 13.658 9.752 7.771 5.763 4.642 5.895 8.354 10.360 10.731 17.752 23.143 27.814 34.564 40.432 40.274 43.526 45.076 49.331
-999.250 -999.250 -999.250 -999.250 -999.250 -999.250 -999.250 18.293 16.417 14.444 14.540 9.641 6.007 3.781 0.000 0.000 0.000 0.000 0.000 0.357 1.699 2.389 3.039 4.551 5.947 4.800 4.870 4.602 5.766 6.184 5.744 5.128 7.137 7.689 8.889 11.173 12.530 15.461 18.630 23.056 29.744 28.178 30.344 30.047 33.029 26.131 29.822 24.154 22.045 16.252 13.675 13.411 10.712 7.600 5.580 3.949 6.603 10.640 9.614 13.857 18.492 25.348 30.186 31.069 37.283 34.513 42.658 48.727
-999.250 -999.250 -999.250 -999.250 -999.250 -999.250 -999.250 -999.250 26.769 24.841 22.879 14.768 11.392 5.956 0.869 0.000 0.000 0.000 0.000 0.000 0.585 1.474 2.204 2.996 3.355 4.277 3.831 4.089 3.549 5.637 5.146 5.418 5.446 5.889 6.121 9.021 12.706 13.916 15.854 17.849 24.835 29.610 28.151 28.123 27.763 27.502 31.029 22.259 24.317 18.901 17.795 13.472 12.322 9.301 5.680 5.976 7.953 8.311 8.302 10.288 13.822 23.415 27.775 28.536 35.862 39.813 40.929 38.892
-999.250 -999.250 -999.250 -999.250 -999.250 -999.250 -999.250 -999.250 33.960 38.677 30.288 23.644 17.506 9.291 5.077 0.000 0.000 0.000 0.934 1.226 2.267 1.928 1.754 3.111 4.109 4.620 4.099 3.227 4.280 4.660 3.709 4.232 5.136 5.654 5.452 8.827 11.484 11.076 12.806 19.723 21.826 28.333 25.604 27.546 25.513 26.157 27.073 23.402 21.022 19.126 15.172 11.854 13.434 11.837 6.455 5.787 6.203 8.755 7.579 10.339 15.066 18.490 24.476 27.802 34.469 40.016 37.640 35.764
-999.250 -999.250 -999.250 -999.250 -999.250 -999.250 -999.250 32.194 36.514 37.071 33.190 33.673 24.126 21.144 11.895 6.843 4.709 3.199 3.333 3.630 4.358 4.206 3.972 4.640 4.854 4.221 4.228 4.605 4.617 3.029 2.830 5.218 4.922 4.563 5.979 7.211 12.191 10.387 11.462 17.738 19.350 21.844 20.804 21.384 20.440 24.496 22.033 22.490 23.673 20.937 19.728 15.766 12.815 12.325 12.090 10.591 8.200 9.458 12.923 11.609 12.251 16.926 21.544 25.415 29.220 30.986 32.062 30.417
-999.250 -999.250 -999.250 -999.250 -999.250 -999.250 -999.250 36.016 36.584 36.972 37.412 37.681 30.550 25.223 19.141 14.238 9.523 8.019 6.029 5.586 7.314 6.438 5.544 6.166 6.996 7.324 6.268 7.232 4.941 4.029 3.148 3.638 4.345 3.996 4.601 6.712 7.771 9.829 12.259 15.613 15.583 16.599 20.955 20.078 23.347 21.861 22.608 22.163 22.384 23.531 24.568 22.499 18.833 12.334 13.693 12.425 11.938 8.579 11.415 12.691 14.426 16.904 15.879 20.352 19.098 23.796 21.783 19.932
-999.250 -999.250 -999.250 -999.250 -999.250 -999.250 -999.250 41.702 40.936 44.251 41.195 41.612 37.770 33.972 32.309 30.326 18.532 13.760 8.856 9.207 7.202 6.669 7.570 8.449 8.462 11.005 10.222 9.616 7.296 4.778 3.196 2.878 2.072 2.312 3.276 4.661 5.590 7.201 13.306 12.669 14.273 13.992 14.028 15.816 18.448 21.682 21.296 17.007 23.146 21.360 23.788 21.048 20.774 16.256 17.664 13.058 13.671 15.669 13.918 13.154 13.373 15.515 14.089 17.879 17.476 14.815 16.366 14.990
-999.250 -999.250 -999.250 -999.250 -999.250 -999.250 -999.250 39.476 43.909 51.122 48.932 43.614 47.810 39.236 40.158 37.432 32.486 22.813 17.784 13.280 11.079 9.285 9.786 11.057 12.237 14.690 15.059 12.661 9.451 6.556 4.756 2.253 1.303 1.894 1.149 2.872 3.469 4.804 8.159 9.188 11.251 12.250 13.395 15.115 14.569 20.360 21.311 18.291 20.777 24.002 20.716 21.987 23.353 21.292 22.386 22.869 19.944 18.195 20.305 15.360 18.449 17.897 16.228 16.465 15.804 12.931 13.209 8.904
-999.250 -999.250 -999.250 -999.250 -999.250 -999.250 48.048 48.832 50.742 61.035 56.160 56.245 55.233 50.209 46.419 42.567 38.058 27.639 26.794 21.415 17.065 14.819 12.096 12.007 12.849 20.125 18.376 18.905 13.783 9.804 6.799 4.194 0.484 0.000 0.000 0.807 2.090 4.165 5.136 7.140 8.698 10.654 11.749 14.722 16.171 16.684 18.344 20.469 21.629 25.076 25.931 26.659 23.990 27.433 27.230 30.248 28.954 23.956 21.587 20.650 18.975 17.001 15.861 13.421 13.519 6.980 6.893 7.820
-999.250 -999.250 -999.250 -999.250 -999.250 -999.250 53.413 64.942 71.917 63.666 86.376 84.852 69.890 66.180 55.088 52.084 42.328 38.093 34.243 25.306 21.511 17.708 14.077 14.728 19.939 22.548 27.349 30.801 24.546 14.373 6.856 4.266 1.835 0.000 0.000 0.000 0.395 1.880 2.320 4.396 5.520 8.755 11.087 10.916 14.221 14.805 14.364 17.871 23.892 26.336 22.512 26.529 26.326 26.732 31.847 37.148 31.520 28.156 25.219 21.187 24.042 18.377 17.632 16.895 11.485 6.610 5.137 5.258
-999.250 -999.250 -999.250 -999.250 -999.250 56.437 71.591 64.398 82.632 93.587 108.005 96.632 93.454 70.737 64.968 57.416 52.761 46.078 37.029 34.837 24.207 18.744 18.203 19.494 22.575 28.783 34.542 44.022 32.816 19.445 9.512 4.506 1.720 0.000 0.000 0.000 0.000 0.000 0.587 2.794 3.902 5.142 6.810 9.004 11.553 11.889 17.812 20.543 21.924 27.511 26.282 30.690 29.003 31.330 28.333 30.872 35.238 30.723 31.668 32.460 30.050 25.498 20.024 15.250 15.538 9.969 5.351 4.141
-999.250 -999.250 -999.250 -999.250 -999.250 49.034 61.916 75.835 87.817 102.340 107.502 124.793 106.645 90.675 85.365 86.958 60.681 46.420 41.111 38.682 29.068 22.425 20.350 20.294 24.992 30.660 31.243 36.547 27.060 19.336 9.555 5.564 1.689 0.000 0.000 0.000 0.000 0.000 0.000 0.000 1.817 2.404 4.039 5.298 7.659 12.794 17.433 23.237 24.460 23.376 29.616 35.591 34.639 34.970 32.762 35.107 34.657 36.690 34.780 32.329 28.413 26.947 21.791 20.466 13.745 7.807 7.220 5.307
-999.250 -999.250 -999.250 -999.250 43.379 49.615 68.382 79.154 104.299 113.188 108.668 121.505 112.243 110.833 102.568 87.944 67.916 53.483 48.815 40.207 35.999 24.423 21.473 18.300 21.956 25.340 27.218 32.270 22.028 17.345 11.093 7.217 3.614 0.000 0.000 0.000 0.000 0.000 0.000 0.000 0.000 0.000 1.231 3.437 5.588 9.244 15.879 18.727 20.757 24.777 28.941 33.332 32.432 36.974 38.923 37.625 43.132 43.198 41.551 37.256 37.574 30.835 29.732 28.007 19.196 13.586 7.906 4.885
-999.250 -999.250 -999.250 -999.250 44.950 56.622 60.822 67.839 92.863 103.038 107.348 125.489 111.366 125.588 114.736 103.868 89.987 74.589 57.001 45.136 34.776 28.415 22.700 20.993 20.947 26.101 27.247 26.069 26.468 19.767 12.316 8.449 3.761 0.462 0.000 0.000 0.000 0.000 0.000 0.000 0.000 0.000 0.178 2.357 4.747 8.242 9.365 15.726 21.259 29.755 30.599 33.401 37.453 40.001 45.487 47.240 46.899 44.484 44.423 45.296 39.525 36.748 33.201 26.860 23.767 20.007 9.458 6.122
-999.250 -999.250 -999.250 -999.250 50.384 53.822 52.633 68.888 76.594 93.336 106.889 122.462 116.606 112.226 115.419 121.381 122.982 99.701 69.959 50.415 38.710 26.422 27.237 24.534 22.672 24.896 25.601 26.899 22.238 20.575 16.196 10.341 4.802 1.765 0.000 0.000 0.000 0.000 0.000 0.000 0.000 0.000 0.000 1.852 5.188 8.938 10.567 18.837 23.177 28.471 35.214 36.042 37.848 44.066 40.404 53.275 57.612 51.942 50.093 50.978 45.195 41.513 37.562 29.166 28.325 20.795 13.077 9.048
-999.250 -999.250 -999.250 -999.250 45.917 55.316 60.962 71.736 82.566 88.143 111.245 114.443 127.991 119.768 130.464 133.073 122.083 100.051 74.522 52.082 37.814 32.119 26.559 26.767 27.996 32.911 30.663 24.465 24.318 22.650 17.320 12.930 8.992 4.776 0.926 0.000 0.000 0.000 0.000 0.000 0.000 0.000 0.025 1.719 4.529 7.775 13.513 20.205 29.848 32.849 35.200 41.955 44.439 50.918 43.453 59.085 63.960 57.613 54.759 56.927 52.925 45.144 39.206 36.710 27.672 20.795 15.807 9.504
-999.250 -999.250 -999.250 -999.250 48.978 49.620 62.516 72.314 87.160 94.604 115.841 109.758 132.394 133.120 125.841 133.666 140.832 101.218 66.622 50.397 39.252 34.242 31.224 27.289 26.755 31.701 30.397 27.323 26.466 22.466 21.177 16.844 10.357 8.569 4.596 2.072 0.000 0.000 0.000 0.000 0.000 0.000 1.880 2.893 5.652 7.840 15.346 22.567 33.227 35.605 38.806 43.000 48.274 54.518 54.239 62.887 65.114 60.259 68.894 62.603 58.409 53.745 46.273 39.845 34.316 25.023 18.610 14.426
-999.250 -999.250 -999.250 -999.250 46.869 51.190 56.399 63.640 77.920 87.712 105.153 115.627 127.151 132.093 130.418 125.375 120.801 95.007 65.658 51.908 40.565 37.252 33.965 32.155 32.513 33.528 34.301 32.501 27.442 19.643 23.498 21.184 17.580 14.991 9.322 4.905 2.402 0.703 0.000 0.000 0.000 0.528 2.831 5.261 7.019 12.119 15.828 17.482 33.871 38.651 39.192 41.377 50.868 60.370 68.155 79.174 84.363 79.623 92.314 81.111 66.908 54.898 49.447 41.852 37.336 35.502 23.413 16.013
-999.250 -999.250 -999.250 -999.250 48.838 53.927 51.968 63.834 67.266 77.814 89.223 98.456 108.425 112.175 130.489 112.219 99.961 74.528 63.317 52.186 44.753 38.992 32.850 35.908 34.957 37.072 35.097 33.121 32.804 31.084 26.714 24.356 18.782 17.590 13.297 8.476 4.633 4.833 1.773 2.647 1.539 2.554 4.778 7.156 9.460 13.343 16.900 25.104 33.068 37.398 41.427 42.435 52.570 65.443 63.491 81.197 98.875 96.898 107.780 93.266 90.918 74.571 56.103 46.752 40.389 37.920 30.044 22.191
-999.250 -999.250 -999.250 -999.250 44.278 48.202 55.812 73.099 65.017 65.318 72.215 99.444 96.785 107.295 107.105 95.312 76.236 70.413 58.473 50.412 44.050 39.979 34.106 32.662 32.661 35.087 38.185 38.675 35.100 33.353 31.267 28.989 21.563 19.593 18.190 10.066 8.073 6.014 4.178 5.036 2.959 3.559 6.494 11.447 10.767 11.855 21.392 26.952 32.404 37.674 37.431 44.278 50.020 66.168 84.645 81.708 114.465 120.831 103.949 93.284 102.145 77.783 65.600 51.178 45.793 37.662 33.817 27.232
-999.250 -999.250 -999.250 -999.250 40.544 48.576 50.853 58.294 57.615 59.079 69.074 82.793 88.430 96.252 87.178 75.026 62.929 56.690 60.149 47.126 48.093 42.540 36.802 36.253 38.519 34.849 40.761 40.876 40.750 35.346 34.063 32.030 27.634 25.185 20.172 14.118 10.861 10.428 7.833 5.928 4.951 4.885 5.212 7.200 10.255 14.978 21.389 26.172 29.898 33.580 39.595 44.947 50.077 58.598 78.580 98.388 100.276 113.550 106.746 98.350 85.724 71.525 57.926 46.217 41.072 36.416 35.080 31.764
-999.250 -999.250 -999.250 -999.250 41.674 45.293 49.097 53.446 52.723 54.250 59.939 60.517 63.197 72.368 58.455 64.194 57.213 56.891 51.616 56.015 51.335 47.233 42.231 38.472 38.189 37.978 41.649 41.480 39.150 38.846 39.888 34.816 32.885 27.099 23.711 18.077 15.206 10.868 9.545 7.657 4.971 5.283 5.464 8.105 8.814 12.965 15.472 26.261 29.597 35.441 34.931 43.505 46.340 60.128 83.160 102.038 95.653 103.056 95.611 89.264 72.849 60.872 51.304 42.216 41.140 39.738 35.616 32.165
-999.250 -999.250 -999.250 35.662 38.472 40.077 44.446 46.318 48.454 48.096 51.451 57.666 56.787 59.971 53.063 56.281 62.373 53.977 54.826 52.987 61.991 51.272 47.411 41.860 41.099 41.365 43.705 44.926 46.216 42.938 40.465 37.803 37.821 29.659 30.305 22.461 18.603 13.934 12.077 7.166 6.626 7.121 6.646 9.146 10.154 9.854 17.932 22.707 24.434 32.312 39.576 44.220 51.063 57.555 70.390 76.330 77.283 68.576 78.172 71.933 63.875 56.747 50.442 44.985 39.526 36.785 36.968 33.045
