data/medianmodel_10-Jul-2020.asc
ncols	141
nrows	288
xllcorner	-120191.398
yllcorner	-301404.813
cellsize	2000.000
NODATA_value	-999.250
[rows 248 to 278 of 288, columns 0 to 68 of 141]
-999.250 -999.250 -999.250 -999.250 -999.250 -999.250 -999.250 -999.250 -999.250 -999.250 -999.250 -999.250 -999.250 -999.250 -999.250 -999.250 -999.250 -999.250 -999.250 -999.250 -999.250 -999.250 -999.250 -999.250 -999.250 -999.250 -999.250 -999.250 -999.250 -999.250 13.388 10.148 8.287 6.932 6.372 10.948 12.686 10.945 10.974 8.988 8.465 9.469 7.398 6.578 5.553 6.361 6.533 5.203 3.108 1.253 0.000 0.130 0.000 0.131 0.000 0.000 0.000 0.000 0.000 0.000 0.000 0.000 0.000 0.000 0.000 0.000 0.000 0.086 1.271
-999.250 -999.250 -999.250 -999.250 -999.250 -999.250 -999.250 -999.250 -999.250 -999.250 -999.250 -999.250 -999.250 -999.250 -999.250 -999.250 -999.250 -999.250 -999.250 -999.250 -999.250 -999.250 -999.250 -999.250 -999.250 -999.250 -999.250 -999.250 -999.250 -999.250 12.444 13.326 9.065 9.397 10.401 12.480 11.242 9.303 11.647 9.349 8.686 8.708 7.246 7.267 9.194 8.954 5.884 4.936 4.452 1.061 0.118 0.346 0.000 0.000 0.000 0.000 0.000 0.000 0.000 0.000 0.000 0.000 0.000 0.000 1.128 0.651 0.007 0.000 0.000
-999.250 -999.250 -999.250 -999.250 -999.250 -999.250 -999.250 -999.250 -999.250 -999.250 -999.250 -999.250 -999.250 -999.250 -999.250 -999.250 -999.250 -999.250 -999.250 -999.250 -999.250 -999.250 -999.250 -999.250 -999.250 -999.250 -999.250 -999.250 -999.250 -999.250 13.566 11.671 10.224 10.197 10.811 11.072 9.891 12.695 12.078 11.320 11.138 9.483 7.282 7.496 6.537 9.760 7.122 5.343 2.633 1.482 2.600 0.480 1.906 0.743 0.000 0.000 0.000 0.000 0.000 0.000 0.000 0.076 0.745 1.681 3.671 2.713 1.081 1.256 2.554
-999.250 -999.250 -999.250 -999.250 -999.250 -999.250 -999.250 -999.250 -999.250 -999.250 -999.250 -999.250 -999.250 -999.250 -999.250 -999.250 -999.250 -999.250 -999.250 -999.250 -999.250 -999.250 -999.250 -999.250 -999.250 -999.250 -999.250 -999.250 -999.250 -999.250 14.226 12.678 8.138 11.065 10.229 11.446 11.886 13.237 12.561 16.183 12.047 10.749 9.588 7.287 6.380 8.156 5.466 6.884 2.131 4.188 3.165 2.735 1.036 1.883 0.000 0.000 0.000 0.000 0.000 0.000 0.599 2.215 4.476 4.851 5.312 5.653 4.153 5.018 5.065
-999.250 -999.250 -999.250 -999.250 -999.250 -999.250 -999.250 -999.250 -999.250 -999.250 -999.250 -999.250 -999.250 -999.250 -999.250 -999.250 -999.250 -999.250 -999.250 -999.250 -999.250 -999.250 -999.250 -999.250 -999.250 -999.250 -999.250 -999.250 -999.250 14.368 15.769 11.977 12.141 13.497 10.417 11.507 12.027 13.539 11.545 13.506 14.923 11.670 8.446 8.387 8.298 8.360 7.044 5.267 5.070 4.015 1.646 1.677 0.996 2.370 1.565 0.475 0.000 0.246 2.760 2.660 3.763 5.609 7.180 6.846 7.736 8.806 8.051 6.711 6.506
-999.250 -999.250 -999.250 -999.250 -999.250 -999.250 -999.250 -999.250 -999.250 -999.250 -999.250 -999.250 -999.250 -999.250 -999.250 -999.250 -999.250 -999.250 -999.250 -999.250 -999.250 -999.250 -999.250 -999.250 -999.250 -999.250 -999.250 -999.250 -999.250 -999.250 13.642 13.471 13.172 13.881 12.352 15.022 11.267 13.276 13.023 13.626 12.514 11.120 9.344 10.092 8.840 11.753 8.679 7.551 5.871 3.410 3.924 2.781 1.652 1.492 2.172 4.347 2.754 2.838 4.585 5.296 4.526 6.761 9.995 10.846 11.532 9.201 10.208 9.015 8.913
-999.250 -999.250 -999.250 -999.250 -999.250 -999.250 -999.250 -999.250 -999.250 -999.250 -999.250 -999.250 -999.250 -999.250 -999.250 -999.250 -999.250 -999.250 -999.250 -999.250 -999.250 -999.250 -999.250 -999.250 -999.250 -999.250 -999.250 -999.250 -999.250 -999.250 13.856 14.394 13.252 16.297 13.660 11.634 13.119 16.170 14.857 15.914 14.057 12.856 9.598 11.236 12.411 9.909 11.306 8.307 5.426 4.392 2.226 2.836 1.295 3.623 5.393 5.865 6.833 6.726 6.643 7.983 5.965 8.977 12.026 11.698 12.580 13.727 10.004 11.645 10.815
-999.250 -999.250 -999.250 -999.250 -999.250 -999.250 -999.250 -999.250 -999.250 -999.250 -999.250 -999.250 -999.250 -999.250 -999.250 -999.250 -999.250 -999.250 -999.250 -999.250 -999.250 -999.250 -999.250 -999.250 -999.250 -999.250 -999.250 -999.250 -999.250 -999.250 -999.250 16.459 18.437 16.580 19.457 18.854 15.445 14.515 17.766 15.093 10.313 11.265 14.591 14.638 10.361 8.795 8.829 7.204 6.448 6.134 3.038 2.620 2.954 2.429 5.538 5.337 7.811 8.267 7.065 8.518 7.485 9.551 9.884 15.055 13.387 14.003 12.414 12.822 11.103
-999.250 -999.250 -999.250 -999.250 -999.250 -999.250 -999.250 -999.250 -999.250 -999.250 -999.250 -999.250 -999.250 -999.250 -999.250 -999.250 -999.250 -999.250 -999.250 -999.250 -999.250 -999.250 -999.250 -999.250 -999.250 -999.250 -999.250 -999.250 -999.250 -999.250 -999.250 29.806 22.903 18.884 20.282 19.381 19.959 20.123 19.347 19.564 12.258 14.696 14.555 15.422 12.473 10.196 11.015 9.788 7.122 7.507 4.021 3.005 2.044 5.172 5.363 5.473 6.650 8.107 9.294 11.320 8.535 8.934 12.262 17.255 17.235 15.415 14.733 16.176 12.010
-999.250 -999.250 -999.250 -999.250 -999.250 -999.250 -999.250 -999.250 -999.250 -999.250 -999.250 -999.250 -999.250 -999.250 -999.250 -999.250 -999.250 -999.250 -999.250 -999.250 -999.250 -999.250 -999.250 -999.250 -999.250 -999.250 -999.250 -999.250 -999.250 -999.250 29.120 28.479 20.884 23.029 22.815 19.743 23.310 28.410 26.187 25.901 14.287 14.861 15.648 19.501 16.376 16.541 11.349 10.161 8.866 5.709 6.076 4.241 2.265 5.802 4.691 5.723 6.101 7.425 10.690 8.728 9.315 10.558 15.004 19.586 29.740 18.824 13.773 13.471 10.262
-999.250 -999.250 -999.250 -999.250 -999.250 -999.250 -999.250 -999.250 -999.250 -999.250 -999.250 -999.250 -999.250 -999.250 -999.250 -999.250 -999.250 -999.250 -999.250 -999.250 -999.250 -999.250 -999.250 -999.250 -999.250 -999.250 -999.250 -999.250 -999.250 -999.250 31.904 31.434 29.061 25.824 25.260 22.087 22.268 32.480 35.701 25.461 18.823 16.907 22.056 16.852 19.009 15.328 13.439 13.098 11.208 9.285 4.973 5.618 4.562 6.144 6.806 6.678 9.048 10.890 10.663 9.646 10.727 12.221 13.550 17.059 19.474 19.966 16.602 13.485 12.634
-999.250 -999.250 -999.250 -999.250 -999.250 -999.250 -999.250 -999.250 -999.250 -999.250 -999.250 -999.250 -999.250 -999.250 -999.250 -999.250 -999.250 -999.250 -999.250 -999.250 -999.250 -999.250 -999.250 -999.250 -999.250 -999.250 -999.250 -999.250 -999.250 -999.250 47.316 36.087 37.436 30.977 33.251 35.232 35.770 33.253 35.871 28.344 26.628 24.043 24.545 24.135 17.390 23.868 13.506 13.777 13.683 10.084 8.705 5.643 4.905 4.291 4.787 6.633 6.599 8.498 11.416 11.976 11.540 12.537 13.836 15.046 14.725 16.071 15.630 14.823 13.039
-999.250 -999.250 -999.250 -999.250 -999.250 -999.250 -999.250 -999.250 -999.250 -999.250 -999.250 -999.250 -999.250 -999.250 -999.250 -999.250 -999.250 -999.250 -999.250 -999.250 -999.250 -999.250 -999.250 -999.250 -999.250 -999.250 -999.250 -999.250 -999.250 -999.250 52.261 48.202 37.051 46.150 29.565 36.861 48.210 48.275 40.641 41.372 35.609 47.439 30.499 36.155 25.974 22.146 19.590 15.586 15.959 13.558 7.804 6.463 5.499 6.445 3.279 5.668 6.628 8.111 10.387 11.395 12.926 12.897 16.084 12.784 14.918 14.198 14.845 13.191 13.505
-999.250 -999.250 -999.250 -999.250 -999.250 -999.250 -999.250 -999.250 -999.250 -999.250 -999.250 -999.250 -999.250 -999.250 -999.250 -999.250 -999.250 -999.250 -999.250 -999.250 -999.250 -999.250 -999.250 -999.250 -999.250 -999.250 -999.250 -999.250 -999.250 -999.250 49.670 57.582 50.427 49.077 45.847 60.433 58.934 60.937 55.185 58.040 57.290 49.011 33.604 33.577 26.946 28.160 22.426 15.377 16.585 12.747 8.410 7.704 5.854 5.122 6.436 5.839 5.971 6.069 11.007 13.484 12.940 11.403 15.458 14.029 14.242 12.674 10.995 11.895 7.338
-999.250 -999.250 -999.250 -999.250 -999.250 -999.250 -999.250 -999.250 -999.250 -999.250 -999.250 -999.250 -999.250 -999.250 -999.250 -999.250 -999.250 -999.250 -999.250 -999.250 -999.250 -999.250 -999.250 -999.250 -999.250 -999.250 -999.250 -999.250 -999.250 -999.250 58.636 66.191 63.671 61.740 64.666 66.142 65.658 51.614 56.765 47.550 66.637 51.094 55.914 38.634 29.402 29.438 25.584 20.934 19.583 14.912 10.631 7.677 6.954 5.210 6.188 5.899 5.884 6.730 8.331 11.674 10.389 10.664 12.850 11.963 11.347 11.958 14.634 11.057 9.538
-999.250 -999.250 -999.250 -999.250 -999.250 -999.250 -999.250 -999.250 -999.250 -999.250 -999.250 -999.250 -999.250 -999.250 -999.250 -999.250 -999.250 -999.250 -999.250 -999.250 -999.250 -999.250 -999.250 -999.250 -999.250 -999.250 -999.250 -999.250 -999.250 65.839 72.644 78.399 83.436 74.602 77.318 70.529 70.307 74.781 64.001 64.571 68.377 50.486 55.196 47.990 47.267 33.416 22.773 27.094 16.985 14.758 11.930 9.477 6.428 6.986 7.155 7.056 5.080 7.319 9.291 11.781 9.410 9.633 13.141 12.106 10.559 11.065 13.267 9.108 8.965
-999.250 -999.250 -999.250 -999.250 -999.250 -999.250 -999.250 -999.250 -999.250 -999.250 -999.250 -999.250 -999.250 -999.250 -999.250 -999.250 -999.250 -999.250 -999.250 -999.250 -999.250 -999.250 -999.250 -999.250 -999.250 -999.250 -999.250 -999.250 -999.250 75.055 70.930 87.098 85.969 86.022 84.062 95.059 69.394 94.705 75.936 74.290 66.968 68.847 60.932 60.605 52.691 43.155 37.413 31.745 17.235 14.969 11.334 12.090 7.305 6.343 6.258 6.287 6.366 5.409 6.543 9.116 11.915 10.842 9.609 10.220 10.222 9.782 11.317 10.489 8.187
-999.250 -999.250 -999.250 -999.250 -999.250 -999.250 -999.250 -999.250 -999.250 -999.250 -999.250 -999.250 -999.250 -999.250 -999.250 -999.250 -999.250 -999.250 -999.250 -999.250 -999.250 -999.250 -999.250 -999.250 -999.250 -999.250 -999.250 -999.250 97.410 95.254 105.434 106.782 100.500 96.568 100.070 95.203 87.467 97.794 85.630 81.924 79.832 73.095 74.812 74.065 66.844 55.984 50.639 22.993 16.505 13.822 9.594 10.147 6.574 6.720 4.545 4.530 6.479 5.626 4.935 7.353 10.274 8.015 6.803 9.092 8.602 7.140 9.725 10.957 10.327
-999.250 -999.250 -999.250 -999.250 -999.250 -999.250 -999.250 -999.250 -999.250 -999.250 -999.250 -999.250 -999.250 -999.250 -999.250 -999.250 -999.250 -999.250 -999.250 -999.250 -999.250 -999.250 -999.250 -999.250 -999.250 -999.250 -999.250 -999.250 102.313 116.601 115.757 99.531 98.194 92.047 94.963 101.005 86.311 98.531 115.987 116.505 101.266 98.667 74.620 70.565 54.011 51.089 41.447 24.729 15.945 12.208 8.878 7.056 7.140 4.930 2.905 5.976 2.941 0.932 4.374 3.573 5.335 5.327 6.802 6.421 6.681 8.022 8.298 9.753 7.418
-999.250 -999.250 -999.250 -999.250 -999.250 -999.250 -999.250 -999.250 -999.250 -999.250 -999.250 -999.250 -999.250 -999.250 -999.250 -999.250 -999.250 -999.250 -999.250 -999.250 -999.250 -999.250 -999.250 -999.250 -999.250 -999.250 -999.250 105.032 98.958 106.460 119.659 112.423 109.261 98.004 106.959 113.129 103.173 100.885 109.798 117.960 118.180 108.128 77.188 69.032 59.860 42.342 32.905 28.379 15.861 12.315 8.680 8.864 5.229 4.531 3.739 3.881 4.495 1.875 4.127 3.170 6.985 6.459 5.190 5.476 6.031 9.931 9.479 9.592 6.230
-999.250 -999.250 -999.250 -999.250 -999.250 -999.250 -999.250 -999.250 -999.250 -999.250 -999.250 -999.250 -999.250 -999.250 -999.250 -999.250 -999.250 -999.250 -999.250 -999.250 -999.250 -999.250 -999.250 -999.250 -999.250 -999.250 -999.250 96.772 101.555 108.685 125.134 118.996 119.459 108.093 112.932 105.173 98.266 93.531 105.034 107.761 103.041 111.735 89.750 79.574 53.619 42.574 33.461 20.030 13.762 9.988 9.670 8.564 5.111 3.417 3.828 1.058 2.656 4.186 4.223 4.112 5.845 7.531 6.023 4.368 5.899 7.117 9.303 5.512 4.449
-999.250 -999.250 -999.250 -999.250 -999.250 -999.250 -999.250 -999.250 -999.250 -999.250 -999.250 -999.250 -999.250 -999.250 -999.250 -999.250 -999.250 -999.250 -999.250 -999.250 -999.250 -999.250 -999.250 -999.250 -999.250 -999.250 -999.250 106.511 100.407 118.376 118.266 118.961 112.595 125.901 112.360 110.372 97.575 91.677 96.808 104.113 105.094 86.503 75.018 57.105 47.840 40.900 26.070 17.295 13.808 11.815 8.540 6.645 4.743 2.177 3.323 3.258 3.060 3.462 4.109 5.101 7.171 6.939 4.962 4.967 5.804 6.277 5.497 3.563 3.806
-999.250 -999.250 -999.250 -999.250 -999.250 -999.250 -999.250 -999.250 -999.250 -999.250 -999.250 -999.250 -999.250 -999.250 -999.250 -999.250 -999.250 -999.250 -999.250 -999.250 -999.250 -999.250 -999.250 -999.250 -999.250 -999.250 -999.250 89.104 96.215 107.492 110.483 104.915 101.684 106.094 95.862 86.587 83.929 93.774 94.584 79.863 83.047 66.714 66.271 48.343 44.160 30.847 25.010 17.975 10.290 7.613 7.360 5.557 3.712 2.435 5.321 4.528 4.248 5.721 5.891 4.428 6.745 4.437 6.370 4.976 6.406 6.844 5.355 5.698 6.655
-999.250 -999.250 -999.250 -999.250 -999.250 -999.250 -999.250 -999.250 -999.250 -999.250 -999.250 -999.250 -999.250 -999.250 -999.250 -999.250 -999.250 -999.250 -999.250 -999.250 -999.250 -999.250 -999.250 -999.250 -999.250 -999.250 -999.250 72.763 74.553 81.968 86.702 97.045 97.669 95.434 97.032 83.519 87.975 79.331 81.474 85.059 64.792 57.778 49.308 43.343 39.045 28.458 14.425 9.325 7.920 5.086 4.074 2.005 3.622 3.811 4.072 4.617 5.633 8.088 7.626 5.914 5.662 5.626 5.362 5.774 5.458 6.408 5.378 6.304 9.042
-999.250 -999.250 -999.250 -999.250 -999.250 -999.250 -999.250 -999.250 -999.250 -999.250 -999.250 -999.250 -999.250 -999.250 -999.250 -999.250 -999.250 -999.250 -999.250 -999.250 -999.250 -999.250 -999.250 -999.250 -999.250 -999.250 -999.250 74.066 69.756 72.558 82.442 82.067 77.522 89.271 95.988 79.809 79.678 80.493 60.790 66.431 52.344 49.900 37.424 31.121 17.184 16.082 13.043 7.798 8.011 4.442 1.769 1.285 2.535 2.303 4.916 6.326 6.920 9.017 8.575 7.140 6.556 6.987 6.730 7.459 5.271 8.376 6.842 7.013 6.851
-999.250 -999.250 -999.250 -999.250 -999.250 -999.250 -999.250 -999.250 -999.250 -999.250 -999.250 -999.250 -999.250 -999.250 -999.250 -999.250 -999.250 -999.250 -999.250 -999.250 -999.250 -999.250 -999.250 -999.250 -999.250 -999.250 47.571 53.355 58.005 69.688 67.239 82.073 77.484 75.335 75.775 69.414 58.781 58.383 53.804 55.713 43.934 35.104 30.890 19.279 15.244 12.712 7.068 2.369 2.116 0.393 0.715 1.665 3.595 4.666 7.531 6.963 8.130 11.239 10.588 8.876 6.753 6.673 7.755 5.396 6.139 7.102 6.440 7.089 7.105
-999.250 -999.250 -999.250 -999.250 -999.250 -999.250 -999.250 -999.250 -999.250 -999.250 -999.250 -999.250 -999.250 -999.250 -999.250 -999.250 -999.250 -999.250 -999.250 -999.250 -999.250 -999.250 -999.250 -999.250 -999.250 -999.250 42.234 37.519 49.370 54.150 58.796 57.629 70.133 75.146 69.499 61.136 55.219 54.898 38.612 33.481 33.086 28.983 24.304 16.146 10.812 8.901 3.932 0.055 0.000 0.000 0.000 3.049 3.922 6.054 7.607 9.204 10.578 13.470 11.868 8.529 9.950 7.379 8.432 6.558 7.432 6.831 7.271 6.352 8.785
-999.250 -999.250 -999.250 -999.250 -999.250 -999.250 -999.250 -999.250 -999.250 -999.250 -999.250 -999.250 -999.250 -999.250 -999.250 -999.250 -999.250 -999.250 -999.250 -999.250 -999.250 -999.250 -999.250 -999.250 -999.250 20.940 27.934 29.709 40.598 49.819 58.097 53.293 56.689 54.305 57.873 51.921 41.424 42.381 34.732 31.985 28.374 34.245 18.928 14.594 7.362 3.644 0.236 0.000 0.000 0.000 0.000 1.188 3.424 7.218 10.843 12.021 12.241 14.446 12.173 13.449 7.521 9.203 10.290 9.157 7.734 7.051 8.754 8.883 8.379
-999.250 -999.250 -999.250 -999.250 -999.250 -999.250 -999.250 -999.250 -999.250 -999.250 -999.250 -999.250 -999.250 -999.250 -999.250 -999.250 -999.250 -999.250 -999.250 -999.250 -999.250 -999.250 -999.250 -999.250 -999.250 17.403 20.441 23.894 29.027 33.329 40.456 37.756 50.168 50.449 46.945 47.485 46.230 33.242 29.925 21.009 21.372 19.437 13.452 8.485 5.182 0.000 0.000 0.000 0.000 0.000 0.000 2.717 7.135 9.906 12.462 13.738 15.292 16.621 17.575 13.727 12.964 10.986 10.810 8.520 7.876 8.845 10.761 10.189 10.822
-999.250 -999.250 -999.250 -999.250 -999.250 -999.250 -999.250 -999.250 -999.250 -999.250 -999.250 -999.250 -999.250 -999.250 -999.250 -999.250 -999.250 -999.250 -999.250 -999.250 -999.250 -999.250 -999.250 -999.250 -999.250 12.005 12.090 15.698 20.266 25.374 28.556 35.970 37.700 36.680 42.211 48.097 49.983 34.939 34.347 19.606 16.612 11.911 8.110 5.217 2.197 0.000 0.000 0.000 0.000 0.000 0.000 5.894 9.354 11.403 16.192 17.332 17.805 16.633 18.917 17.042 15.389 14.637 16.012 11.152 10.458 9.832 10.766 10.892 9.910
-999.250 -999.250 -999.250 -999.250 -999.250 -999.250 -999.250 -999.250 -999.250 -999.250 -999.250 -999.250 -999.250 -999.250 -999.250 -999.250 -999.250 -999.250 -999.250 -999.250 -999.250 -999.250 -999.250 -999.250 3.715 5.077 6.876 9.394 14.413 18.462 23.257 28.338 37.182 39.140 47.842 49.033 39.985 33.251 26.390 17.230 14.945 8.883 6.354 1.902 0.000 0.000 0.000 0.000 0.000 0.000 1.872 7.346 13.321 16.339 19.168 17.286 21.175 18.692 19.034 18.201 16.732 15.688 13.124 12.035 11.129 11.106 9.723 9.076 9.435
