data/medianmodel_10-Jan-2021.asc
ncols	141
nrows	288
xllcorner	-120191.398
yllcorner	-301404.813
cellsize	2000.000
NODATA_value	-999.250
[rows 174 to 202 of 288, columns 0 to 63 of 141]
-999.250 -999.250 -999.250 -999.250 922.717 951.343 943.839 929.366 936.625 940.631 938.899 937.118 950.984 965.250 947.486 943.271 965.758 954.578 935.806 953.802 875.876 838.714 775.446 738.359 701.755 687.375 622.139 678.955 645.734 613.774 644.348 588.266 615.222 618.738 572.782 558.306 522.268 515.194 465.810 450.783 402.382 418.825 441.432 466.508 493.641 575.231 694.134 787.954 880.239 948.019 1070.164 1153.027 1234.326 1342.048 1419.147 1604.972 1761.801 1782.785 1789.726 1645.562 1573.292 1407.239 1325.441 1261.212
-999.250 -999.250 -999.250 -999.250 930.299 904.562 933.301 933.406 953.234 944.911 926.753 923.285 943.692 953.152 944.938 968.110 949.113 928.976 924.297 900.249 890.243 856.228 795.564 749.043 737.654 707.833 726.420 678.789 708.241 623.130 653.716 655.365 627.100 613.126 585.943 565.724 522.028 479.124 456.466 430.027 365.998 365.694 381.964 421.932 491.506 574.129 704.795 806.029 908.148 998.965 1125.931 1205.101 1314.437 1445.649 1661.125 1678.528 1819.823 2065.620 1894.959 1751.691 1679.119 1560.814 1494.968 1351.145
-999.250 -999.250 -999.250 -999.250 927.894 953.058 929.669 979.768 938.219 936.869 939.258 910.066 942.378 936.924 946.863 958.702 922.232 918.629 911.134 890.424 883.063 842.919 788.947 758.113 747.539 743.894 741.030 737.121 704.338 707.655 647.967 710.982 698.122 623.684 565.525 577.332 499.017 488.699 479.043 413.000 393.585 387.566 390.505 377.769 478.944 574.729 712.575 829.960 910.992 988.361 1204.533 1257.111 1355.653 1478.381 1755.272 1870.317 2045.975 2271.629 2077.515 1932.001 1780.167 1821.620 1636.898 1443.033
-999.250 -999.250 -999.250 -999.250 910.389 903.702 930.172 929.602 929.981 938.157 947.285 910.673 925.452 948.101 968.908 924.198 906.071 906.396 889.533 907.043 870.059 849.834 833.995 795.563 775.291 763.534 768.457 741.262 738.055 737.224 727.726 728.740 711.932 658.410 654.068 605.722 523.265 519.187 465.119 462.054 398.188 408.357 456.367 447.200 496.146 570.398 714.755 783.236 898.863 1030.097 1198.423 1283.355 1329.322 1584.073 1626.126 1923.371 2124.597 2140.242 2078.756 1995.263 1956.256 1804.639 1697.905 1500.681
-999.250 -999.250 -999.250 -999.250 928.358 909.470 919.430 908.876 916.618 912.901 924.753 936.234 918.567 932.418 943.469 916.601 909.784 887.012 881.412 895.945 866.615 845.192 821.274 807.963 796.953 797.384 796.057 813.478 795.976 763.126 751.161 747.527 704.934 649.894 646.458 584.359 550.676 518.408 486.378 481.259 470.811 447.412 463.825 487.711 548.549 603.301 744.367 844.647 926.781 1036.238 1227.598 1298.664 1535.111 1586.517 1804.675 1865.120 2003.622 2013.664 2033.596 1961.023 1989.342 1958.160 1838.509 1592.952
-999.250 -999.250 -999.250 910.303 887.067 931.277 892.689 894.889 912.558 907.702 918.534 930.026 922.768 915.348 915.058 913.461 917.601 883.651 884.937 906.049 863.642 837.732 846.179 813.797 821.181 816.584 798.834 830.741 809.620 819.767 779.407 766.160 746.108 702.156 677.402 617.533 560.688 527.884 494.919 504.391 486.428 488.784 507.793 534.698 571.003 659.769 742.041 876.245 964.424 1094.017 1185.759 1304.049 1457.289 1696.491 1823.935 1858.904 1859.407 1979.375 1985.821 1971.006 1931.909 1843.925 1908.415 1555.793
-999.250 -999.250 -999.250 876.407 869.422 889.739 884.523 903.957 893.377 887.242 902.509 902.247 912.825 925.800 931.351 942.702 916.860 902.975 893.525 900.214 887.023 866.035 836.025 820.482 822.892 854.771 859.408 856.970 871.699 846.484 779.043 763.565 753.196 715.915 695.235 647.793 566.508 532.295 493.216 505.009 515.037 514.027 547.052 577.523 635.204 660.727 793.138 888.208 976.551 1074.179 1194.132 1304.303 1428.339 1485.391 1676.749 1778.966 1784.338 1871.310 2009.382 2054.291 1939.907 1794.095 1679.656 1532.133
-999.250 -999.250 -999.250 833.261 842.920 853.584 871.098 872.598 874.566 883.396 899.592 894.131 897.656 913.874 942.643 948.063 950.687 927.595 933.188 894.489 883.915 878.606 847.145 850.340 849.591 859.640 855.317 887.615 866.570 845.389 824.766 790.010 796.661 756.254 746.023 672.410 604.008 569.419 556.487 507.827 528.184 541.440 565.140 576.367 674.438 746.233 861.933 893.124 932.722 1110.314 1176.272 1295.645 1375.631 1583.796 1656.642 1735.831 1772.085 1924.000 1935.331 1934.856 1931.539 1735.745 1591.046 1518.997
-999.250 -999.250 814.306 833.452 852.294 847.390 880.314 876.088 865.268 866.103 872.356 894.500 921.572 922.753 931.111 930.396 944.813 940.939 934.595 906.808 894.794 889.069 860.191 863.458 865.532 875.459 884.775 915.509 901.736 888.006 857.590 848.431 807.556 773.386 760.768 705.332 668.933 622.207 563.126 566.066 569.861 606.238 632.350 653.868 699.096 781.954 879.744 927.459 1010.141 1045.888 1159.853 1266.943 1381.096 1447.845 1707.901 1579.336 1677.260 1745.184 1796.822 1778.087 1875.818 1716.611 1518.517 1386.881
-999.250 -999.250 761.615 795.188 817.110 817.451 846.235 860.945 852.940 854.437 859.352 878.851 894.186 925.110 925.189 918.613 924.249 947.789 944.614 922.018 -999.250 881.428 887.399 886.934 876.015 902.895 886.766 897.233 916.455 977.060 906.030 862.273 829.935 829.232 775.027 738.461 728.156 671.160 628.832 653.178 642.388 691.738 734.343 757.399 759.511 771.330 879.300 919.678 993.827 1080.944 1199.102 1323.172 1312.763 1430.084 1450.258 1579.175 1552.963 1610.810 1596.436 1556.217 1571.822 1622.300 1392.208 1353.288
-999.250 756.262 756.231 770.931 777.385 797.506 786.094 830.106 837.545 844.798 828.493 869.314 911.583 903.086 917.917 913.484 981.810 949.768 939.031 -999.250 -999.250 889.597 892.969 884.143 889.132 899.752 913.930 911.111 928.522 965.750 928.027 893.125 884.639 856.131 819.442 798.041 761.019 724.155 702.847 715.970 740.042 768.328 806.944 822.902 830.469 860.771 926.137 940.521 980.110 1141.220 1217.060 1248.151 1305.108 1359.683 1377.065 1547.473 1530.437 1533.285 1534.631 1556.679 1571.021 1476.561 1416.582 1320.296
-999.250 727.115 709.576 754.339 760.850 775.229 795.397 797.027 810.278 824.855 827.708 821.504 854.717 889.603 916.711 934.014 923.931 921.757 -999.250 -999.250 -999.250 -999.250 929.508 906.903 940.120 940.417 916.855 930.841 940.324 939.022 954.998 925.286 898.602 866.321 846.198 823.826 795.327 774.213 786.873 792.511 789.627 840.714 863.869 859.744 873.560 919.005 943.163 1043.240 1064.376 1199.797 1203.802 1227.810 1263.907 1285.297 1349.082 1436.358 1418.264 1438.205 1477.350 1412.434 1409.109 1372.697 1363.025 1283.180
719.270 773.934 739.592 756.732 775.747 777.585 798.760 800.693 811.713 801.478 818.271 819.748 842.806 861.487 911.865 924.573 922.576 912.431 -999.250 -999.250 -999.250 -999.250 -999.250 915.718 962.272 932.679 959.635 963.886 987.284 986.451 1008.637 960.168 910.212 889.761 894.152 879.136 848.697 818.023 821.158 858.786 850.805 906.111 919.875 914.907 918.087 932.495 1002.922 1069.623 1128.545 1124.405 1180.807 1182.035 1188.151 1266.604 1283.699 1285.084 1291.675 1315.422 1351.178 1382.413 1348.734 1383.177 1322.499 1287.714
-999.250 737.728 749.688 733.368 731.672 731.550 742.657 784.949 771.895 776.815 761.413 768.388 797.367 836.209 867.295 910.157 920.047 931.969 -999.250 -999.250 -999.250 -999.250 878.568 896.529 924.509 966.353 1010.572 1045.683 1043.020 1066.972 1006.039 995.147 946.310 927.491 915.793 919.442 893.707 865.278 878.081 904.477 922.067 959.043 957.792 963.367 1000.703 1026.151 1116.587 1078.342 1162.409 1208.273 1202.920 1200.717 1190.700 1223.385 1218.171 1264.522 1241.760 1255.313 1299.953 1325.132 1271.716 1321.356 1266.860 1300.906
-999.250 735.457 749.060 720.540 729.197 701.446 737.098 753.778 764.518 762.676 771.268 782.459 807.428 850.977 882.566 920.091 896.986 886.255 -999.250 -999.250 -999.250 814.002 -999.250 902.815 926.955 968.742 1044.025 1081.664 1128.665 1103.550 1103.246 1057.077 1014.879 996.594 979.722 925.101 940.648 953.933 923.695 968.832 1006.439 1105.186 1087.724 1055.222 1137.291 1202.500 1121.999 1123.593 1189.527 1173.439 1188.748 1134.687 1171.715 1176.537 1206.431 1209.554 1234.889 1278.772 1219.772 1218.642 1260.466 1263.407 1264.248 1269.536
-999.250 727.948 706.167 717.628 725.532 691.374 743.058 718.167 742.781 746.064 765.027 782.325 808.525 843.809 868.472 887.739 869.273 -999.250 -999.250 -999.250 -999.250 767.291 780.703 863.928 916.784 997.585 1078.352 1146.665 1181.877 1184.933 1153.171 1117.789 1106.455 1059.831 983.851 964.191 983.196 957.916 1001.096 1016.460 1093.604 1188.739 1155.530 1179.223 1223.698 1219.855 1188.599 1179.073 1168.520 1178.126 1121.502 1126.994 1153.074 1168.920 1177.440 1154.000 1114.704 1168.486 1155.560 1150.498 1171.403 1157.768 1180.590 1220.000
-999.250 734.882 705.899 722.819 724.707 722.257 693.601 705.678 742.598 739.442 760.673 780.123 817.388 841.988 859.455 867.004 849.341 -999.250 -999.250 -999.250 800.232 757.470 737.668 844.751 952.984 992.126 1073.745 1193.494 1268.510 1207.610 1166.183 1177.604 1163.818 1129.348 1081.814 1051.636 1034.377 1093.964 1099.168 1140.533 1182.586 1254.933 1229.020 1299.872 1302.841 1306.762 1264.096 1278.509 1293.977 1239.709 1233.858 1245.568 1185.778 1197.809 1185.802 1131.258 1122.875 1108.686 1119.883 1135.256 1125.813 1062.039 1104.978 1121.751
-999.250 -999.250 -999.250 699.424 -999.250 -999.250 693.442 702.623 721.799 -999.250 -999.250 -999.250 802.099 851.340 -999.250 -999.250 -999.250 -999.250 -999.250 -999.250 801.832 807.013 816.044 875.928 950.070 1003.589 1095.706 1161.542 1235.323 1221.643 1204.616 1166.992 1173.303 1174.219 1166.683 1147.618 1154.812 1161.121 1171.861 1211.301 1226.968 1254.733 1292.369 1380.296 1370.517 1424.796 1339.157 1280.834 1285.302 1257.068 1214.215 1257.205 1228.847 1227.107 1188.263 1135.930 1108.961 1048.640 1070.942 1026.960 1040.663 992.612 1033.828 996.224
-999.250 -999.250 -999.250 -999.250 -999.250 -999.250 -999.250 -999.250 -999.250 -999.250 -999.250 -999.250 -999.250 846.915 855.575 855.220 -999.250 -999.250 -999.250 807.725 809.831 868.794 874.705 909.094 943.325 1045.010 1143.033 1173.827 1213.619 1267.808 1248.317 1238.548 1205.733 1215.083 1192.942 1232.808 1191.570 1164.071 1246.374 1257.187 1289.295 1285.100 1335.143 1349.760 1497.722 1590.404 1398.479 1313.277 1311.076 1268.842 1233.564 1278.385 1209.115 1256.069 1140.334 1089.361 1008.897 1031.515 1012.305 1022.855 967.247 957.403 947.657 943.621
-999.250 -999.250 -999.250 -999.250 -999.250 -999.250 -999.250 -999.250 -999.250 -999.250 -999.250 811.710 808.316 834.348 834.783 892.102 -999.250 -999.250 770.671 782.466 851.501 889.705 911.889 932.997 994.121 1072.458 1150.695 1170.404 1206.638 1243.582 1247.118 1240.997 1247.613 1259.165 1299.452 1270.194 1228.086 1249.611 1297.225 1329.876 1310.064 1354.282 1396.796 1422.103 1437.139 1541.070 1419.518 1346.554 1337.521 1304.967 1327.908 1289.524 1264.213 1212.314 1109.452 1063.990 1016.169 980.843 960.780 955.061 935.746 939.846 936.853 929.461
-999.250 -999.250 -999.250 -999.250 -999.250 -999.250 -999.250 -999.250 -999.250 -999.250 -999.250 801.660 832.936 839.386 851.744 857.687 826.575 799.267 751.241 825.444 865.544 965.734 964.834 984.899 1011.632 1098.933 1149.854 1180.470 1219.021 1274.841 1269.319 1289.011 1278.880 1245.154 1304.607 1320.456 1332.981 1362.252 1325.931 1390.119 1353.734 1404.231 1366.487 1561.991 1565.894 1451.138 1412.361 1396.420 1393.416 1337.653 1337.349 1309.492 1272.018 1210.619 1117.758 1090.588 1056.207 983.762 935.582 913.405 914.918 913.459 914.750 912.940
-999.250 -999.250 -999.250 -999.250 -999.250 -999.250 -999.250 -999.250 -999.250 -999.250 -999.250 -999.250 808.344 826.936 813.691 814.673 800.587 783.837 775.693 808.562 850.638 924.106 997.542 983.739 1100.077 1138.138 1157.356 1211.761 1210.128 1290.352 1317.608 1349.592 1337.574 1323.664 1373.614 1346.233 1296.293 1376.519 1406.686 1410.189 1472.666 1519.577 1548.600 1597.547 1618.952 1553.749 1478.287 1432.303 1369.784 1381.823 1311.757 1350.876 1269.832 1239.003 1142.123 1109.869 1088.193 960.416 928.675 917.359 897.234 899.054 883.699 902.803
-999.250 -999.250 -999.250 -999.250 -999.250 -999.250 -999.250 -999.250 -999.250 -999.250 -999.250 -999.250 -999.250 799.497 829.741 805.700 765.055 782.809 785.652 799.082 850.049 916.421 948.809 993.667 1082.798 1152.674 1215.845 1213.053 1264.764 1284.510 1347.887 1273.615 1319.416 1383.072 1409.886 1454.299 1397.896 1421.738 1429.690 1465.646 1518.988 1626.157 1641.467 1614.371 1610.182 1623.846 1504.254 1483.385 1467.273 1406.542 1393.360 1310.089 1298.516 1234.663 1149.314 1135.880 1077.474 991.501 952.135 906.180 904.780 904.482 896.359 898.302
-999.250 -999.250 -999.250 -999.250 -999.250 -999.250 -999.250 -999.250 -999.250 -999.250 -999.250 -999.250 -999.250 777.998 794.372 782.083 773.001 749.066 782.030 812.143 839.163 895.582 928.795 998.523 1110.446 1158.484 1174.301 1274.699 1265.812 1352.496 1361.544 1366.845 1436.960 1495.844 1510.025 1513.210 1563.567 1477.102 1496.067 1536.787 1643.437 1807.058 1709.004 1710.223 1615.304 1687.039 1438.748 1427.287 1494.096 1440.225 1445.183 1346.834 1307.435 1275.812 1210.555 1163.561 1118.039 992.342 969.596 940.119 933.463 906.282 905.020 898.227
-999.250 -999.250 -999.250 -999.250 -999.250 -999.250 -999.250 -999.250 -999.250 -999.250 -999.250 -999.250 -999.250 770.291 765.480 744.775 753.800 745.135 760.818 831.230 850.438 900.289 1009.811 1040.620 1153.457 1171.565 1274.896 1285.167 1330.074 1403.914 1403.146 1404.050 1506.141 1465.349 1624.198 1734.376 1650.554 1617.628 1572.454 1608.465 1794.598 1822.225 1809.215 1766.592 1728.197 1545.593 1413.723 1439.289 1483.744 1455.187 1458.718 1349.725 1365.285 1265.831 1226.169 1160.106 1062.585 1040.725 943.410 945.110 947.488 888.022 869.865 852.085
-999.250 -999.250 -999.250 -999.250 -999.250 -999.250 -999.250 -999.250 -999.250 -999.250 -999.250 -999.250 -999.250 -999.250 735.730 744.019 736.920 762.719 755.910 799.534 859.411 905.361 966.486 1094.790 1117.377 1179.668 1257.381 1296.943 1351.232 1386.210 1422.246 1518.135 1501.439 1681.112 1655.635 1639.577 1763.633 1624.643 1646.310 1767.809 1895.714 1839.121 1977.577 1797.999 1780.246 1740.514 1716.101 1686.660 1625.299 1553.168 1487.337 1391.913 1416.866 1273.058 1183.448 1128.971 1076.221 1063.279 982.614 970.013 947.630 915.934 903.698 910.089
-999.250 -999.250 -999.250 -999.250 -999.250 -999.250 -999.250 -999.250 -999.250 -999.250 -999.250 -999.250 -999.250 -999.250 748.959 728.078 754.194 741.054 775.123 802.383 847.143 899.527 972.672 1017.606 1122.081 1201.057 1220.842 1300.194 1417.577 1410.362 1494.319 1587.191 1653.293 1759.834 1644.816 1718.650 1719.991 1773.827 1721.076 1835.737 1999.005 2022.569 1961.718 1950.208 1738.659 1865.725 1687.663 1652.345 1559.783 1688.688 1579.081 1417.522 1444.460 1369.272 1312.047 1201.412 1154.257 1109.558 1084.661 969.217 955.552 969.685 948.678 927.738
-999.250 -999.250 -999.250 -999.250 -999.250 -999.250 -999.250 -999.250 -999.250 -999.250 -999.250 -999.250 -999.250 -999.250 734.602 725.551 766.643 769.695 787.089 844.812 867.798 906.699 950.478 1005.946 1144.334 1187.652 1250.639 1295.351 1323.596 1404.237 1492.127 1609.056 1663.175 1669.521 1676.877 1732.822 1754.622 1661.478 1816.321 1927.246 1966.244 2010.241 1993.969 2004.771 1758.455 1837.415 1848.160 1702.911 1601.260 1610.619 1594.408 1418.052 1403.658 1370.869 1314.489 1286.599 1237.916 1140.323 1141.493 1046.842 1010.095 997.021 1041.914 964.839
-999.250 -999.250 -999.250 -999.250 -999.250 -999.250 -999.250 -999.250 -999.250 -999.250 -999.250 -999.250 -999.250 -999.250 731.722 716.704 751.935 757.631 797.177 831.586 881.641 899.099 924.116 1026.044 1115.572 -999.250 1200.835 1264.187 1297.691 1442.537 1559.949 1536.690 1610.316 1595.296 1703.824 1822.325 1833.314 1867.857 2054.643 2073.704 2108.602 2040.474 1914.828 2071.302 1899.252 1896.323 1784.173 1758.879 1724.234 1762.409 1772.219 1540.345 1439.510 1422.514 1387.711 1358.885 1271.419 1192.681 1154.523 1116.720 1062.210 1089.168 1027.053 1046.173
