data/medianmodel_01-Aug-2020.asc
ncols	141
nrows	288
xllcorner	-120191.398
yllcorner	-301404.813
cellsize	2000.000
NODATA_value	-999.250
[rows 155 to 185 of 288, columns 68 to 135 of 141]
134.476 126.620 138.999 131.447 109.185 100.790 89.865 76.348 63.709 52.239 28.135 17.466 10.389 7.369 3.570 0.000 0.000 0.000 0.000 0.000 0.854 3.613 7.564 17.626 21.810 25.179 25.027 -999.250 -999.250 -999.250 -999.250 -999.250 -999.250 -999.250 -999.250 -999.250 -999.250 -999.250 -999.250 -999.250 -999.250 -999.250 -999.250 -999.250 -999.250 -999.250 -999.250 -999.250 -999.250 -999.250 -999.250 -999.250 -999.250 -999.250 -999.250 -999.250 -999.250 -999.250 -999.250 -999.250 -999.250 -999.250 -999.250 -999.250 -999.250 -999.250 -999.250 -999.250
120.882 115.979 108.245 107.508 112.626 90.114 74.016 69.817 59.145 36.615 30.100 16.821 10.038 6.184 3.239 0.000 0.000 0.000 0.000 0.000 0.000 2.596 5.575 9.193 12.950 18.842 17.201 21.499 -999.250 -999.250 -999.250 -999.250 -999.250 -999.250 -999.250 -999.250 -999.250 -999.250 -999.250 -999.250 -999.250 -999.250 -999.250 -999.250 -999.250 -999.250 -999.250 -999.250 -999.250 -999.250 -999.250 -999.250 -999.250 -999.250 -999.250 -999.250 -999.250 -999.250 -999.250 -999.250 -999.250 -999.250 -999.250 -999.250 -999.250 -999.250 -999.250 -999.250
85.945 103.200 97.880 96.760 90.954 72.791 65.906 53.560 49.413 29.344 21.049 13.126 7.590 4.165 0.000 0.000 0.000 0.000 0.000 0.000 0.000 0.000 1.493 4.817 8.549 11.508 13.372 17.356 16.207 -999.250 -999.250 -999.250 -999.250 -999.250 -999.250 -999.250 -999.250 -999.250 -999.250 -999.250 -999.250 -999.250 -999.250 -999.250 -999.250 -999.250 -999.250 -999.250 -999.250 -999.250 -999.250 -999.250 -999.250 -999.250 -999.250 -999.250 -999.250 -999.250 -999.250 -999.250 -999.250 -999.250 -999.250 -999.250 -999.250 -999.250 -999.250 -999.250
86.984 82.251 82.080 74.769 70.479 62.521 61.923 49.718 40.659 22.443 18.520 11.579 6.991 3.025 0.000 0.000 0.000 0.000 0.000 0.000 0.000 0.000 0.000 1.254 5.634 8.557 11.501 11.638 11.629 11.011 -999.250 -999.250 -999.250 -999.250 -999.250 -999.250 -999.250 -999.250 -999.250 -999.250 -999.250 -999.250 -999.250 -999.250 -999.250 -999.250 -999.250 -999.250 -999.250 -999.250 -999.250 -999.250 -999.250 -999.250 -999.250 -999.250 -999.250 -999.250 -999.250 -999.250 -999.250 -999.250 -999.250 -999.250 -999.250 -999.250 -999.250 -999.250
65.448 72.272 67.471 55.787 57.568 47.057 39.180 33.503 29.195 23.019 17.366 10.839 6.860 0.515 0.000 0.000 0.000 0.000 0.000 0.000 0.000 0.000 0.000 0.000 3.755 7.114 7.727 8.274 8.720 10.558 -999.250 -999.250 -999.250 -999.250 -999.250 -999.250 -999.250 -999.250 -999.250 -999.250 -999.250 -999.250 -999.250 -999.250 -999.250 -999.250 -999.250 -999.250 -999.250 -999.250 -999.250 -999.250 -999.250 -999.250 -999.250 -999.250 -999.250 -999.250 -999.250 -999.250 -999.250 -999.250 -999.250 -999.250 -999.250 -999.250 -999.250 -999.250
52.985 48.400 42.335 47.395 50.142 43.349 31.191 28.817 26.725 17.876 14.469 9.035 3.080 0.000 0.000 0.000 0.000 0.000 0.000 0.000 0.000 0.000 0.000 0.000 0.916 4.899 6.051 6.631 6.466 7.922 -999.250 -999.250 -999.250 -999.250 -999.250 -999.250 -999.250 -999.250 -999.250 -999.250 -999.250 -999.250 -999.250 -999.250 -999.250 -999.250 -999.250 -999.250 -999.250 -999.250 -999.250 -999.250 -999.250 -999.250 -999.250 -999.250 -999.250 -999.250 -999.250 -999.250 -999.250 -999.250 -999.250 -999.250 -999.250 -999.250 -999.250 -999.250
42.019 44.159 48.898 38.910 33.388 33.913 28.720 22.360 22.958 16.517 12.204 7.142 2.602 0.000 0.000 0.000 0.000 0.000 0.000 0.000 0.000 0.000 0.000 0.000 0.000 1.110 2.584 4.759 5.738 6.284 -999.250 -999.250 -999.250 -999.250 -999.250 -999.250 -999.250 -999.250 -999.250 -999.250 -999.250 -999.250 -999.250 -999.250 -999.250 -999.250 -999.250 -999.250 -999.250 -999.250 -999.250 -999.250 -999.250 -999.250 -999.250 -999.250 -999.250 -999.250 -999.250 -999.250 -999.250 -999.250 -999.250 -999.250 -999.250 -999.250 -999.250 -999.250
27.329 35.546 32.050 29.106 24.235 23.894 23.445 19.750 18.103 15.823 8.895 5.056 0.527 0.000 0.000 0.000 0.000 0.000 0.000 0.000 0.000 0.000 0.000 0.000 0.000 0.000 3.412 2.466 2.809 2.175 -999.250 -999.250 -999.250 -999.250 -999.250 -999.250 -999.250 -999.250 -999.250 -999.250 -999.250 -999.250 -999.250 -999.250 -999.250 -999.250 -999.250 -999.250 -999.250 -999.250 -999.250 -999.250 -999.250 -999.250 -999.250 -999.250 -999.250 -999.250 -999.250 -999.250 -999.250 -999.250 -999.250 -999.250 -999.250 -999.250 -999.250 -999.250
22.329 20.812 18.005 22.807 19.142 16.082 15.687 14.589 13.064 10.041 6.316 5.537 1.608 0.000 0.000 0.000 0.000 0.000 0.000 0.000 0.000 0.000 0.000 0.000 0.000 0.000 0.000 1.166 1.813 3.484 0.960 -999.250 -999.250 -999.250 -999.250 -999.250 -999.250 -999.250 -999.250 -999.250 -999.250 -999.250 -999.250 -999.250 -999.250 -999.250 -999.250 -999.250 -999.250 -999.250 -999.250 -999.250 -999.250 -999.250 -999.250 -999.250 -999.250 -999.250 -999.250 -999.250 -999.250 -999.250 -999.250 -999.250 -999.250 -999.250 -999.250 -999.250
14.307 13.730 15.782 13.078 13.778 12.069 11.024 10.933 9.944 8.826 7.036 6.587 5.433 2.894 0.657 0.000 0.000 0.000 0.000 0.000 0.000 0.000 0.000 0.000 0.000 0.000 0.000 0.000 0.000 0.000 0.000 0.000 -999.250 -999.250 -999.250 -999.250 -999.250 -999.250 -999.250 -999.250 -999.250 -999.250 -999.250 -999.250 -999.250 -999.250 -999.250 -999.250 -999.250 -999.250 -999.250 -999.250 -999.250 -999.250 -999.250 -999.250 -999.250 -999.250 -999.250 -999.250 -999.250 -999.250 -999.250 -999.250 -999.250 -999.250 -999.250 -999.250
7.511 8.294 8.427 8.779 9.456 9.581 8.971 8.978 10.731 9.681 8.947 9.761 10.168 8.660 5.139 3.442 2.119 0.000 0.000 0.000 0.000 0.000 0.000 0.000 0.000 0.000 0.000 0.000 0.000 0.000 0.000 0.000 0.000 0.000 0.000 -999.250 -999.250 -999.250 -999.250 -999.250 -999.250 -999.250 -999.250 -999.250 -999.250 -999.250 -999.250 -999.250 -999.250 -999.250 -999.250 -999.250 -999.250 -999.250 -999.250 -999.250 -999.250 -999.250 -999.250 -999.250 -999.250 -999.250 -999.250 -999.250 -999.250 -999.250 -999.250 -999.250
3.977 3.134 4.227 4.532 5.361 6.802 8.208 9.452 13.296 12.601 12.523 13.579 18.044 15.938 11.524 8.554 7.278 4.372 2.722 1.666 0.000 0.000 0.000 0.000 0.000 0.000 0.000 0.000 0.000 0.000 0.000 0.000 0.000 0.000 0.000 -999.250 -999.250 -999.250 -999.250 -999.250 -999.250 -999.250 -999.250 -999.250 -999.250 -999.250 -999.250 -999.250 -999.250 -999.250 -999.250 -999.250 -999.250 -999.250 -999.250 -999.250 -999.250 -999.250 -999.250 -999.250 -999.250 -999.250 -999.250 -999.250 -999.250 -999.250 -999.250 -999.250
0.000 0.000 0.129 2.221 4.738 6.552 8.150 10.299 15.571 17.627 20.029 24.705 26.231 24.150 20.772 14.714 10.891 8.674 4.740 3.585 1.962 0.000 0.000 0.000 0.000 0.000 0.000 0.000 0.000 0.000 0.000 0.000 0.000 0.000 -999.250 -999.250 -999.250 -999.250 -999.250 -999.250 -999.250 -999.250 -999.250 -999.250 -999.250 -999.250 -999.250 -999.250 -999.250 -999.250 -999.250 -999.250 -999.250 -999.250 -999.250 -999.250 -999.250 -999.250 -999.250 -999.250 -999.250 -999.250 -999.250 -999.250 -999.250 -999.250 -999.250 -999.250
0.000 0.000 0.000 0.177 3.263 6.270 8.156 12.397 17.823 23.935 30.905 34.136 38.090 34.242 26.387 23.781 15.437 9.318 7.883 5.388 3.913 0.208 0.000 0.000 0.000 0.000 0.000 0.000 0.000 0.000 0.000 0.000 0.000 0.000 -999.250 -999.250 -999.250 0.000 0.000 0.000 -999.250 -999.250 -999.250 -999.250 -999.250 -999.250 -999.250 -999.250 -999.250 -999.250 -999.250 -999.250 -999.250 -999.250 -999.250 -999.250 -999.250 -999.250 -999.250 -999.250 -999.250 -999.250 -999.250 -999.250 -999.250 -999.250 -999.250 -999.250
0.000 0.000 0.000 0.000 2.735 5.441 8.018 12.481 18.063 26.093 38.625 49.519 51.514 44.948 39.307 25.024 23.002 16.377 9.655 6.604 4.647 1.521 0.000 0.000 0.000 0.000 0.000 0.000 0.000 0.000 0.000 0.000 0.000 0.000 0.000 0.000 0.000 0.000 0.000 0.000 0.000 -999.250 -999.250 -999.250 -999.250 -999.250 -999.250 -999.250 -999.250 -999.250 -999.250 -999.250 -999.250 -999.250 -999.250 -999.250 -999.250 -999.250 -999.250 -999.250 -999.250 -999.250 -999.250 -999.250 -999.250 -999.250 -999.250 -999.250
0.000 0.000 0.000 0.000 0.637 4.473 8.778 11.656 19.075 24.966 39.190 54.117 67.249 51.940 42.022 27.919 24.491 16.969 11.103 8.578 5.195 0.075 0.000 0.000 0.000 0.000 0.000 0.000 0.000 0.000 0.000 0.000 0.000 0.000 0.000 0.000 0.000 0.000 0.000 0.000 0.000 0.000 -999.250 -999.250 -999.250 -999.250 -999.250 -999.250 -999.250 -999.250 -999.250 -999.250 -999.250 -999.250 -999.250 -999.250 -999.250 -999.250 -999.250 -999.250 -999.250 -999.250 -999.250 -999.250 -999.250 -999.250 -999.250 -999.250
0.000 0.000 0.000 0.000 0.576 4.421 6.525 9.887 16.050 22.668 35.860 44.962 53.374 45.391 40.714 32.091 24.486 19.984 13.972 8.104 4.552 1.421 0.000 0.000 0.000 0.000 0.000 0.000 0.000 0.000 0.000 0.000 0.000 0.000 0.000 0.000 0.000 0.000 0.000 0.000 0.000 0.000 -999.250 -999.250 -999.250 -999.250 -999.250 -999.250 -999.250 -999.250 -999.250 -999.250 -999.250 -999.250 -999.250 -999.250 -999.250 -999.250 -999.250 -999.250 -999.250 -999.250 -999.250 -999.250 -999.250 -999.250 -999.250 -999.250
0.000 0.000 0.000 0.000 1.223 3.799 6.025 8.818 12.125 19.524 27.082 36.455 35.274 37.190 34.401 28.683 21.792 16.191 12.917 7.157 3.664 1.526 0.000 0.000 0.000 0.000 0.000 0.000 0.000 0.000 0.000 0.000 0.000 0.000 0.000 0.000 0.000 0.000 0.000 0.000 0.000 0.000 -999.250 -999.250 -999.250 -999.250 -999.250 -999.250 -999.250 -999.250 -999.250 -999.250 -999.250 -999.250 -999.250 -999.250 -999.250 -999.250 -999.250 -999.250 -999.250 -999.250 -999.250 -999.250 -999.250 -999.250 -999.250 -999.250
0.000 0.000 0.000 1.232 2.715 3.564 6.496 6.823 8.381 12.570 19.712 21.709 21.126 23.586 20.739 19.190 14.270 11.114 10.116 6.698 2.685 0.000 0.000 0.000 0.000 0.000 0.000 0.000 0.000 0.000 0.000 0.000 0.000 0.000 0.121 0.000 0.000 0.000 0.000 0.000 0.000 0.076 0.000 -999.250 -999.250 -999.250 -999.250 -999.250 -999.250 -999.250 -999.250 -999.250 -999.250 -999.250 -999.250 -999.250 -999.250 -999.250 -999.250 -999.250 -999.250 -999.250 -999.250 -999.250 -999.250 -999.250 -999.250 -999.250
2.834 3.012 3.051 1.588 1.201 2.988 4.131 4.090 6.854 8.258 10.423 10.936 12.475 14.042 13.018 10.920 10.755 9.075 5.571 3.969 0.029 0.000 0.000 0.000 0.000 0.000 0.000 0.000 0.164 0.693 1.687 2.986 1.050 2.675 2.618 1.550 0.839 1.554 0.659 1.201 1.350 1.563 -999.250 -999.250 -999.250 -999.250 -999.250 -999.250 -999.250 -999.250 -999.250 -999.250 -999.250 -999.250 -999.250 -999.250 -999.250 -999.250 -999.250 -999.250 -999.250 -999.250 -999.250 -999.250 -999.250 -999.250 -999.250 -999.250
8.234 7.578 6.013 5.975 3.853 4.453 4.819 4.547 4.401 5.673 5.561 5.430 6.799 8.023 8.540 7.933 7.345 5.564 2.670 1.813 0.190 0.000 0.000 0.000 0.000 0.000 0.000 0.026 1.703 2.688 3.648 3.669 3.160 3.931 4.330 3.393 3.894 3.500 2.004 2.671 1.837 -999.250 -999.250 -999.250 -999.250 -999.250 -999.250 -999.250 -999.250 -999.250 -999.250 -999.250 -999.250 -999.250 -999.250 -999.250 -999.250 -999.250 -999.250 -999.250 -999.250 -999.250 -999.250 -999.250 -999.250 -999.250 -999.250 -999.250
10.982 13.995 10.035 9.116 8.341 7.787 7.516 5.698 3.805 2.288 0.650 0.000 0.653 2.992 4.894 4.453 4.441 3.609 0.654 1.497 0.000 0.000 0.000 0.000 0.000 0.000 0.181 1.913 3.011 3.117 4.496 4.161 4.735 5.984 6.052 7.259 7.077 6.807 3.690 4.181 3.432 -999.250 -999.250 -999.250 -999.250 -999.250 -999.250 -999.250 -999.250 -999.250 -999.250 -999.250 -999.250 -999.250 -999.250 -999.250 -999.250 -999.250 -999.250 -999.250 -999.250 -999.250 -999.250 -999.250 -999.250 -999.250 -999.250 -999.250
13.077 15.600 16.738 15.834 15.649 9.418 10.129 6.592 4.836 1.825 0.000 0.000 0.000 0.000 0.864 1.858 1.580 0.180 0.000 0.000 0.000 0.000 0.000 0.000 0.000 0.000 1.962 2.866 2.304 5.967 4.751 6.323 6.973 9.228 8.167 7.283 7.171 8.606 7.361 5.710 -999.250 -999.250 -999.250 -999.250 -999.250 -999.250 -999.250 -999.250 -999.250 -999.250 -999.250 -999.250 -999.250 -999.250 -999.250 -999.250 -999.250 -999.250 -999.250 -999.250 -999.250 -999.250 -999.250 -999.250 -999.250 -999.250 -999.250 -999.250
22.832 29.192 22.873 20.269 15.878 17.559 13.441 9.536 6.347 3.101 0.182 0.000 0.000 0.000 0.000 0.000 0.000 0.000 0.000 0.000 0.000 0.000 0.000 0.000 0.000 1.699 0.749 4.293 4.894 6.841 7.813 7.698 9.063 10.492 11.526 11.206 11.570 9.977 8.343 6.101 -999.250 -999.250 -999.250 -999.250 -999.250 -999.250 -999.250 -999.250 -999.250 -999.250 -999.250 -999.250 -999.250 -999.250 -999.250 -999.250 -999.250 -999.250 -999.250 -999.250 -999.250 -999.250 -999.250 -999.250 -999.250 -999.250 -999.250 -999.250
34.196 30.308 35.740 27.616 26.630 23.030 16.447 11.494 8.833 7.533 1.695 1.624 0.000 0.000 0.000 0.000 0.000 0.000 0.000 0.000 0.000 0.000 0.000 0.000 0.000 0.979 2.851 3.633 5.300 7.086 8.857 9.754 11.103 14.027 17.202 13.538 13.608 13.886 7.992 -999.250 -999.250 -999.250 -999.250 -999.250 -999.250 -999.250 -999.250 -999.250 -999.250 -999.250 -999.250 -999.250 -999.250 -999.250 -999.250 -999.250 -999.250 -999.250 -999.250 -999.250 -999.250 -999.250 -999.250 -999.250 -999.250 -999.250 -999.250 -999.250
50.822 46.638 46.492 37.462 39.771 30.080 22.525 14.366 12.224 9.414 5.637 2.501 0.000 0.000 0.000 0.000 0.000 0.000 0.000 0.000 0.000 0.000 0.000 0.000 0.000 1.269 1.687 4.776 6.604 7.632 9.009 11.026 18.122 18.799 18.204 21.343 12.343 14.162 10.359 -999.250 -999.250 -999.250 -999.250 -999.250 -999.250 -999.250 -999.250 -999.250 -999.250 -999.250 -999.250 -999.250 -999.250 -999.250 -999.250 -999.250 -999.250 -999.250 -999.250 -999.250 -999.250 -999.250 -999.250 -999.250 -999.250 -999.250 -999.250 -999.250
57.081 52.369 51.620 43.365 42.004 37.153 25.231 21.694 12.787 11.318 8.499 4.128 0.952 0.000 0.000 0.000 0.000 0.000 0.000 0.000 0.000 0.000 0.000 0.000 0.000 1.512 3.853 6.754 6.790 8.035 9.925 12.003 16.503 21.054 24.928 24.067 24.387 18.047 12.005 -999.250 -999.250 -999.250 -999.250 -999.250 -999.250 -999.250 -999.250 -999.250 -999.250 -999.250 -999.250 -999.250 -999.250 -999.250 -999.250 -999.250 -999.250 -999.250 -999.250 -999.250 -999.250 -999.250 -999.250 -999.250 -999.250 -999.250 -999.250 -999.250
64.777 62.550 58.767 59.403 42.491 42.514 32.810 23.347 18.091 13.903 8.009 5.574 2.840 0.185 0.000 0.000 0.000 0.000 0.000 0.000 0.000 0.000 0.000 0.000 0.000 2.892 4.526 4.243 6.659 7.747 11.449 15.222 22.611 25.928 29.258 28.287 25.867 23.951 -999.250 -999.250 -999.250 -999.250 -999.250 -999.250 -999.250 -999.250 -999.250 -999.250 -999.250 -999.250 -999.250 -999.250 -999.250 -999.250 -999.250 -999.250 -999.250 -999.250 -999.250 -999.250 -999.250 -999.250 -999.250 -999.250 -999.250 -999.250 -999.250 -999.250
79.070 77.137 66.378 64.066 54.450 53.360 39.215 25.999 22.789 18.517 11.606 6.886 5.377 0.575 0.000 0.000 0.000 0.000 0.000 0.000 0.000 0.000 0.000 0.000 0.000 1.018 3.799 4.818 8.227 9.101 11.981 17.971 19.739 28.433 38.971 34.768 32.746 -999.250 -999.250 -999.250 -999.250 -999.250 -999.250 -999.250 -999.250 -999.250 -999.250 -999.250 -999.250 -999.250 -999.250 -999.250 -999.250 -999.250 -999.250 -999.250 -999.250 -999.250 -999.250 -999.250 -999.250 -999.250 -999.250 -999.250 -999.250 -999.250 -999.250 -999.250
84.303 86.385 71.837 64.355 60.490 47.283 36.892 25.601 20.901 19.964 10.956 6.844 4.680 1.123 0.000 0.000 0.000 0.000 0.000 0.000 0.000 0.000 0.000 0.000 0.000 1.606 3.565 3.697 7.583 7.758 10.601 15.925 24.009 26.425 33.801 32.286 30.231 -999.250 -999.250 -999.250 -999.250 -999.250 -999.250 -999.250 -999.250 -999.250 -999.250 -999.250 -999.250 -999.250 -999.250 -999.250 -999.250 -999.250 -999.250 -999.250 -999.250 -999.250 -999.250 -999.250 -999.250 -999.250 -999.250 -999.250 -999.250 -999.250 -999.250 -999.250
92.000 86.207 85.555 80.877 70.902 56.334 45.922 29.750 22.412 18.944 11.354 8.182 3.058 0.019 0.000 0.000 0.000 0.000 0.000 0.000 0.000 0.000 0.000 0.000 0.000 0.000 2.050 2.930 6.310 8.665 13.365 16.661 21.314 20.758 27.189 -999.250 -999.250 -999.250 -999.250 -999.250 -999.250 -999.250 -999.250 -999.250 -999.250 -999.250 -999.250 -999.250 -999.250 -999.250 -999.250 -999.250 -999.250 -999.250 -999.250 -999.250 -999.250 -999.250 -999.250 -999.250 -999.250 -999.250 -999.250 -999.250 -999.250 -999.250 -999.250 -999.250
