data/medianmodel_21-Jan-2021.asc
ncols	141
nrows	288
xllcorner	-120191.398
yllcorner	-301404.813
cellsize	2000.000
NODATA_value	-999.250
[rows 224 to 251 of 288, columns 0 to 62 of 141]
-999.250 -999.250 -999.250 -999.250 -999.250 -999.250 -999.250 -999.250 -999.250 -999.250 -999.250 -999.250 -999.250 -999.250 -999.250 -999.250 -999.250 -999.250 -999.250 -999.250 -999.250 -999.250 -999.250 -999.250 -999.250 -999.250 -999.250 -999.250 -999.250 -999.250 931.693 951.376 962.004 972.579 922.880 844.955 861.448 808.283 743.129 709.034 699.006 765.103 709.052 736.528 765.177 801.386 848.372 864.804 917.810 993.656 1069.983 1104.347 1098.822 1162.664 1206.026 1266.829 1290.680 1384.746 1438.591 1508.937 1611.109 1693.740 1809.157
-999.250 -999.250 -999.250 -999.250 -999.250 -999.250 -999.250 -999.250 -999.250 -999.250 -999.250 -999.250 -999.250 -999.250 -999.250 -999.250 -999.250 -999.250 -999.250 -999.250 -999.250 -999.250 -999.250 -999.250 -999.250 -999.250 -999.250 -999.250 -999.250 -999.250 896.658 915.623 927.893 874.236 859.503 790.864 767.702 717.901 702.564 663.423 670.953 649.352 634.570 643.277 686.759 700.287 787.779 822.790 867.951 910.698 983.006 1055.991 1130.750 1127.027 1116.412 1237.204 1277.889 1356.100 1396.584 1500.262 1562.707 1718.294 1855.355
-999.250 -999.250 -999.250 -999.250 -999.250 -999.250 -999.250 -999.250 -999.250 -999.250 -999.250 -999.250 -999.250 -999.250 -999.250 -999.250 -999.250 -999.250 -999.250 -999.250 -999.250 -999.250 -999.250 -999.250 -999.250 -999.250 -999.250 -999.250 -999.250 -999.250 891.770 857.985 801.557 787.265 744.294 726.528 672.669 631.309 650.385 591.265 605.042 631.750 644.148 631.675 642.091 679.071 752.971 750.379 854.885 883.762 904.394 971.868 1041.142 1048.367 1044.455 1180.218 1248.533 1291.529 1362.941 1486.430 1589.314 1687.570 1793.601
-999.250 -999.250 -999.250 -999.250 -999.250 -999.250 -999.250 -999.250 -999.250 -999.250 -999.250 -999.250 -999.250 -999.250 -999.250 -999.250 -999.250 -999.250 -999.250 -999.250 -999.250 -999.250 -999.250 -999.250 -999.250 -999.250 -999.250 -999.250 -999.250 883.648 799.103 726.177 777.763 692.950 671.771 635.908 630.479 597.141 560.765 576.186 565.178 528.900 582.775 601.154 640.455 679.366 715.736 750.439 798.264 875.360 926.243 928.849 956.134 1003.496 1076.051 1165.446 1241.579 1261.950 1393.560 1470.068 1612.743 1684.372 1801.016
-999.250 -999.250 -999.250 -999.250 -999.250 -999.250 -999.250 -999.250 -999.250 -999.250 -999.250 -999.250 -999.250 -999.250 -999.250 -999.250 -999.250 -999.250 -999.250 -999.250 -999.250 -999.250 -999.250 -999.250 -999.250 -999.250 -999.250 -999.250 -999.250 810.831 764.753 717.727 693.169 699.034 638.149 562.555 531.402 523.229 539.499 502.074 539.530 540.112 602.441 609.652 631.542 639.661 719.112 736.696 752.659 818.042 830.309 882.926 976.383 1078.156 1155.495 1208.000 1284.717 1310.926 1430.200 1522.324 1642.964 1688.333 1745.361
-999.250 -999.250 -999.250 -999.250 -999.250 -999.250 -999.250 -999.250 -999.250 -999.250 -999.250 -999.250 -999.250 -999.250 -999.250 -999.250 -999.250 -999.250 -999.250 -999.250 -999.250 -999.250 -999.250 -999.250 -999.250 -999.250 -999.250 -999.250 779.707 771.800 735.199 714.393 640.557 634.291 633.790 531.953 451.530 471.891 493.763 471.700 502.997 517.691 544.603 522.768 571.975 657.621 700.672 685.385 784.492 827.738 869.035 931.758 986.592 1033.521 1180.890 1230.271 1281.337 1343.033 1343.899 1492.594 1644.099 1646.796 1669.286
-999.250 -999.250 -999.250 -999.250 -999.250 -999.250 -999.250 -999.250 -999.250 -999.250 -999.250 -999.250 -999.250 -999.250 -999.250 -999.250 -999.250 -999.250 -999.250 -999.250 -999.250 -999.250 -999.250 -999.250 -999.250 -999.250 -999.250 -999.250 797.940 774.771 715.783 672.583 649.610 596.523 541.032 498.995 468.780 470.667 471.816 493.644 458.436 451.938 486.335 533.761 580.674 626.189 679.523 690.092 772.867 853.338 906.256 967.252 974.359 1004.161 1107.902 1213.046 1271.589 1342.148 1427.525 1520.247 1599.360 1609.272 1663.710
-999.250 -999.250 -999.250 -999.250 -999.250 -999.250 -999.250 -999.250 -999.250 -999.250 -999.250 -999.250 -999.250 -999.250 -999.250 -999.250 -999.250 -999.250 -999.250 -999.250 -999.250 -999.250 -999.250 -999.250 -999.250 -999.250 -999.250 842.927 758.971 713.582 684.744 655.963 618.159 601.835 545.110 532.697 485.014 475.505 449.071 472.102 468.067 442.051 479.282 535.438 572.671 648.449 674.018 692.957 749.988 801.804 875.327 976.516 1044.350 1104.289 1181.676 1237.719 1275.447 1293.350 1403.167 1505.132 1547.713 1577.736 1626.612
-999.250 -999.250 -999.250 -999.250 -999.250 -999.250 -999.250 -999.250 -999.250 -999.250 -999.250 -999.250 -999.250 -999.250 -999.250 -999.250 -999.250 -999.250 -999.250 -999.250 -999.250 -999.250 -999.250 -999.250 -999.250 -999.250 -999.250 825.901 776.495 703.405 661.065 634.342 615.131 609.239 576.633 563.749 542.766 493.667 493.588 473.127 481.227 475.734 487.480 501.915 536.743 600.368 691.708 698.705 769.225 835.437 887.914 949.374 998.916 1130.240 1246.831 1277.909 1374.140 1364.238 1419.086 1573.589 1606.026 1563.569 1667.411
-999.250 -999.250 -999.250 -999.250 -999.250 -999.250 -999.250 -999.250 -999.250 -999.250 -999.250 -999.250 -999.250 -999.250 -999.250 -999.250 -999.250 -999.250 -999.250 -999.250 -999.250 -999.250 -999.250 -999.250 -999.250 -999.250 -999.250 -999.250 713.849 690.538 663.403 619.672 605.560 593.084 561.718 531.867 508.592 477.550 507.210 483.105 517.063 531.944 511.278 495.920 575.990 637.648 685.753 688.727 726.452 803.854 899.585 922.376 998.695 1062.996 1180.976 1278.186 1313.897 1366.549 1446.492 1569.607 1566.748 1588.602 1634.358
-999.250 -999.250 -999.250 -999.250 -999.250 -999.250 -999.250 -999.250 -999.250 -999.250 -999.250 -999.250 -999.250 -999.250 -999.250 -999.250 -999.250 -999.250 -999.250 -999.250 -999.250 -999.250 -999.250 -999.250 -999.250 -999.250 -999.250 -999.250 -999.250 -999.250 668.699 643.631 628.993 605.076 545.280 535.237 535.765 487.743 475.874 492.126 510.707 497.554 538.176 567.463 600.465 667.896 690.801 692.986 730.029 775.805 880.158 942.925 1047.539 1032.224 1223.451 1277.293 1350.712 1384.578 1390.825 1491.734 1491.892 1506.561 1597.124
-999.250 -999.250 -999.250 -999.250 -999.250 -999.250 -999.250 -999.250 -999.250 -999.250 -999.250 -999.250 -999.250 -999.250 -999.250 -999.250 -999.250 -999.250 -999.250 -999.250 -999.250 -999.250 -999.250 -999.250 -999.250 -999.250 -999.250 -999.250 -999.250 -999.250 658.986 604.862 596.781 596.469 577.405 583.080 575.429 535.348 538.577 559.788 544.777 566.823 600.374 614.888 654.895 663.572 670.428 706.217 740.451 754.814 869.808 952.328 1012.362 1102.254 1208.539 1272.984 1293.838 1382.496 1445.458 1518.543 1519.116 1501.877 1514.193
-999.250 -999.250 -999.250 -999.250 -999.250 -999.250 -999.250 -999.250 -999.250 -999.250 -999.250 -999.250 -999.250 -999.250 -999.250 -999.250 -999.250 -999.250 -999.250 -999.250 -999.250 -999.250 -999.250 -999.250 -999.250 -999.250 -999.250 -999.250 -999.250 -999.250 615.480 610.103 581.318 571.571 542.212 583.668 593.333 572.132 575.179 563.271 590.325 607.292 614.552 606.457 659.506 656.211 663.458 688.013 698.790 801.466 871.404 936.606 1005.813 1094.926 1161.561 1221.078 1321.104 1351.874 1454.831 1527.828 1508.680 1486.828 1419.578
-999.250 -999.250 -999.250 -999.250 -999.250 -999.250 -999.250 -999.250 -999.250 -999.250 -999.250 -999.250 -999.250 -999.250 -999.250 -999.250 -999.250 -999.250 -999.250 -999.250 -999.250 -999.250 -999.250 -999.250 -999.250 -999.250 -999.250 -999.250 -999.250 -999.250 -999.250 624.355 589.903 567.608 559.530 562.118 567.352 561.206 622.443 581.289 622.021 635.295 651.210 678.750 664.846 688.974 670.129 689.817 728.816 823.991 865.188 921.021 958.538 1072.388 1189.324 1212.972 1252.303 1328.927 1395.587 1416.592 1409.605 1352.832 1349.380
-999.250 -999.250 -999.250 -999.250 -999.250 -999.250 -999.250 -999.250 -999.250 -999.250 -999.250 -999.250 -999.250 -999.250 -999.250 -999.250 -999.250 -999.250 -999.250 -999.250 -999.250 -999.250 -999.250 -999.250 -999.250 -999.250 -999.250 -999.250 -999.250 -999.250 654.281 604.177 577.409 623.892 596.118 605.395 557.080 592.841 643.382 611.796 612.383 673.529 648.346 653.600 721.491 720.048 716.578 771.368 808.501 869.910 845.647 902.048 955.805 1041.608 1134.709 1214.227 1269.934 1299.471 1329.878 1327.638 1342.377 1278.452 1288.543
-999.250 -999.250 -999.250 -999.250 -999.250 -999.250 -999.250 -999.250 -999.250 -999.250 -999.250 -999.250 -999.250 -999.250 -999.250 -999.250 -999.250 -999.250 -999.250 -999.250 -999.250 -999.250 -999.250 -999.250 -999.250 -999.250 -999.250 -999.250 -999.250 -999.250 -999.250 637.997 653.525 643.742 629.101 594.992 595.794 586.676 651.803 605.769 650.774 635.545 633.468 677.783 694.606 706.828 717.304 723.612 747.510 818.790 900.040 956.587 1016.088 1038.195 1067.699 1174.734 1240.327 1278.111 1242.183 1241.112 1249.046 1189.961 1186.955
-999.250 -999.250 -999.250 -999.250 -999.250 -999.250 -999.250 -999.250 -999.250 -999.250 -999.250 -999.250 -999.250 -999.250 -999.250 -999.250 -999.250 -999.250 -999.250 -999.250 -999.250 -999.250 -999.250 -999.250 -999.250 -999.250 -999.250 -999.250 -999.250 -999.250 648.925 623.094 607.768 638.255 611.738 595.322 660.787 638.523 604.466 616.647 670.842 672.837 683.306 637.284 675.683 729.070 795.250 787.933 831.057 870.200 903.385 936.111 976.164 1018.578 1082.131 1139.505 1147.994 1166.033 1152.231 1135.884 1133.473 1076.814 1068.277
-999.250 -999.250 -999.250 -999.250 -999.250 -999.250 -999.250 -999.250 -999.250 -999.250 -999.250 -999.250 -999.250 -999.250 -999.250 -999.250 -999.250 -999.250 -999.250 -999.250 -999.250 -999.250 -999.250 -999.250 -999.250 -999.250 -999.250 -999.250 -999.250 -999.250 630.071 599.293 567.656 624.681 602.333 589.346 620.273 609.512 634.706 681.323 688.251 677.565 680.185 652.345 676.820 697.397 717.487 805.289 850.489 898.571 931.986 944.818 1014.381 1040.744 1121.044 1136.752 1043.101 1098.716 1130.112 1064.457 1011.672 990.181 992.688
-999.250 -999.250 -999.250 -999.250 -999.250 -999.250 -999.250 -999.250 -999.250 -999.250 -999.250 -999.250 -999.250 -999.250 -999.250 -999.250 -999.250 -999.250 -999.250 -999.250 -999.250 -999.250 -999.250 -999.250 -999.250 -999.250 -999.250 -999.250 -999.250 -999.250 604.369 565.434 589.829 614.403 617.341 627.395 634.545 645.477 678.164 680.153 693.293 655.441 687.071 718.604 690.596 711.905 756.047 803.959 838.777 889.773 953.050 987.694 1052.580 1016.497 1096.403 1070.388 1100.035 1117.290 1039.438 975.762 918.160 907.900 917.428
-999.250 -999.250 -999.250 -999.250 -999.250 -999.250 -999.250 -999.250 -999.250 -999.250 -999.250 -999.250 -999.250 -999.250 -999.250 -999.250 -999.250 -999.250 -999.250 -999.250 -999.250 -999.250 -999.250 -999.250 -999.250 -999.250 -999.250 -999.250 -999.250 -999.250 619.515 580.579 609.707 597.979 598.387 589.456 646.575 671.961 677.935 639.191 661.159 683.792 694.696 703.155 706.560 739.120 775.118 788.717 858.259 946.641 965.788 1003.183 1067.596 1099.718 1099.350 1129.625 1064.253 1048.218 994.287 940.532 828.730 768.958 798.942
-999.250 -999.250 -999.250 -999.250 -999.250 -999.250 -999.250 -999.250 -999.250 -999.250 -999.250 -999.250 -999.250 -999.250 -999.250 -999.250 -999.250 -999.250 -999.250 -999.250 -999.250 -999.250 -999.250 -999.250 -999.250 -999.250 -999.250 -999.250 -999.250 -999.250 594.327 626.780 626.942 565.133 586.317 623.910 649.442 631.757 649.063 667.287 684.108 656.866 691.902 723.749 777.111 788.914 818.901 845.048 883.428 982.211 973.188 1044.478 1125.310 1135.101 1105.049 1066.456 1066.061 1030.534 945.912 876.800 782.207 668.671 699.754
-999.250 -999.250 -999.250 -999.250 -999.250 -999.250 -999.250 -999.250 -999.250 -999.250 -999.250 -999.250 -999.250 -999.250 -999.250 -999.250 -999.250 -999.250 -999.250 -999.250 -999.250 -999.250 -999.250 -999.250 -999.250 -999.250 -999.250 -999.250 -999.250 -999.250 -999.250 544.769 629.355 565.398 595.731 606.822 620.005 589.644 633.694 663.951 664.088 680.654 696.164 735.490 721.860 737.453 847.369 895.432 955.193 1071.911 1050.023 1155.850 1127.572 1157.019 1194.602 1155.909 1094.929 998.908 954.018 840.122 713.381 561.232 648.607
-999.250 -999.250 -999.250 -999.250 -999.250 -999.250 -999.250 -999.250 -999.250 -999.250 -999.250 -999.250 -999.250 -999.250 -999.250 -999.250 -999.250 -999.250 -999.250 -999.250 -999.250 -999.250 -999.250 -999.250 -999.250 -999.250 -999.250 -999.250 -999.250 -999.250 -999.250 550.983 561.494 568.259 599.395 589.137 611.071 625.197 635.540 631.083 632.846 680.053 692.091 699.510 760.535 823.120 852.413 949.992 958.495 990.349 1097.551 1125.286 1203.541 1226.549 1206.097 1153.426 1149.629 990.571 951.949 859.995 713.276 643.810 654.299
-999.250 -999.250 -999.250 -999.250 -999.250 -999.250 -999.250 -999.250 -999.250 -999.250 -999.250 -999.250 -999.250 -999.250 -999.250 -999.250 -999.250 -999.250 -999.250 -999.250 -999.250 -999.250 -999.250 -999.250 -999.250 -999.250 -999.250 -999.250 -999.250 -999.250 572.617 541.732 588.616 583.029 570.710 600.418 584.542 574.199 595.816 623.864 664.312 658.123 677.153 689.968 770.625 822.646 908.119 920.206 966.675 1055.073 1042.636 1102.110 1173.500 1265.974 1236.463 1232.226 1172.112 1050.716 988.012 897.361 826.318 735.097 711.780
-999.250 -999.250 -999.250 -999.250 -999.250 -999.250 -999.250 -999.250 -999.250 -999.250 -999.250 -999.250 -999.250 -999.250 -999.250 -999.250 -999.250 -999.250 -999.250 -999.250 -999.250 -999.250 -999.250 -999.250 -999.250 -999.250 -999.250 -999.250 -999.250 -999.250 600.330 564.477 528.829 506.509 532.686 555.068 550.121 556.464 579.677 599.618 666.699 681.356 698.453 718.412 792.040 877.251 940.376 1018.424 1031.873 1037.031 1101.468 1141.854 1199.581 1256.768 1296.227 1279.749 1238.160 1124.641 1082.680 978.893 880.252 816.659 819.820
-999.250 -999.250 -999.250 -999.250 -999.250 -999.250 -999.250 -999.250 -999.250 -999.250 -999.250 -999.250 -999.250 -999.250 -999.250 -999.250 -999.250 -999.250 -999.250 -999.250 -999.250 -999.250 -999.250 -999.250 -999.250 -999.250 -999.250 -999.250 -999.250 -999.250 552.253 515.782 492.372 522.006 530.044 510.503 512.930 525.409 580.096 593.316 638.165 677.045 716.927 738.056 763.422 887.361 986.299 1054.868 1026.000 1117.868 1133.962 1155.938 1213.372 1297.390 1343.003 1389.190 1264.712 1214.662 1071.794 1001.889 935.309 880.094 900.846
-999.250 -999.250 -999.250 -999.250 -999.250 -999.250 -999.250 -999.250 -999.250 -999.250 -999.250 -999.250 -999.250 -999.250 -999.250 -999.250 -999.250 -999.250 -999.250 -999.250 -999.250 -999.250 -999.250 -999.250 -999.250 -999.250 -999.250 -999.250 -999.250 -999.250 498.633 508.804 522.985 515.876 495.699 493.958 527.524 528.397 536.846 537.984 575.867 650.129 698.821 757.546 732.099 824.278 944.166 1016.350 1044.704 1123.994 1163.384 1195.761 1281.486 1336.059 1343.094 1366.718 1289.268 1213.526 1161.912 1057.134 1023.606 994.944 982.404
-999.250 -999.250 -999.250 -999.250 -999.250 -999.250 -999.250 -999.250 -999.250 -999.250 -999.250 -999.250 -999.250 -999.250 -999.250 -999.250 -999.250 -999.250 -999.250 -999.250 -999.250 -999.250 -999.250 -999.250 -999.250 -999.250 -999.250 -999.250 -999.250 -999.250 535.115 502.093 462.942 468.990 537.119 484.382 529.519 532.584 540.047 534.045 576.335 631.130 672.992 703.831 756.071 877.069 948.279 997.108 1020.090 1098.619 1186.933 1264.909 1245.604 1320.112 1307.123 1311.894 1319.872 1280.255 1195.117 1166.117 1129.534 1080.449 1073.927
