data/medianmodel_31-Aug-2020.asc
ncols	141
nrows	288
xllcorner	-120191.398
yllcorner	-301404.813
cellsize	2000.000
NODATA_value	-999.250
[rows 186 to 216 of 288, columns 0 to 68 of 141]
37.718 37.695 38.408 38.636 42.465 44.630 45.931 50.937 58.397 69.749 71.865 83.457 90.835 90.465 88.566 70.696 59.216 48.266 -999.250 -999.250 -999.250 -999.250 -999.250 28.657 27.891 25.733 22.364 22.625 20.729 18.144 12.890 10.308 6.603 2.609 0.000 0.000 0.000 0.000 0.000 0.000 0.000 0.000 0.000 3.113 8.684 15.663 28.040 41.375 52.998 55.171 70.775 90.736 94.774 103.153 107.789 140.433 176.407 192.685 211.127 239.163 226.470 212.635 159.273 135.238 111.146 98.028 95.438 88.502 64.538
-999.250 37.363 37.099 39.425 40.483 41.034 43.304 46.848 54.654 60.365 71.970 76.246 85.820 79.193 72.340 63.833 55.871 46.394 -999.250 -999.250 -999.250 -999.250 24.985 20.272 22.766 17.736 18.023 17.619 16.621 14.104 11.822 7.681 5.828 1.216 0.000 0.000 0.000 0.000 0.000 0.000 0.000 0.000 0.000 0.000 6.501 12.058 22.052 34.945 42.850 54.829 68.651 87.089 90.571 99.335 100.881 116.158 139.296 112.484 134.338 137.456 160.150 124.688 129.005 108.386 100.231 101.039 79.173 66.301 54.536
-999.250 35.474 36.684 39.653 41.218 41.698 42.938 49.013 55.804 58.505 64.860 68.853 73.066 70.283 64.628 62.609 52.439 43.442 -999.250 -999.250 -999.250 20.522 -999.250 15.120 15.394 15.062 16.125 18.598 17.480 14.645 10.535 7.418 3.719 0.000 0.000 0.000 0.000 0.000 0.000 0.000 0.000 0.000 0.000 0.000 3.390 9.394 17.964 25.842 37.778 53.154 64.583 69.819 73.948 91.221 96.025 100.293 113.161 118.586 117.313 114.730 114.527 110.750 104.185 92.498 91.941 77.026 63.180 54.190 44.645
-999.250 36.390 38.719 39.222 41.515 42.222 41.917 44.025 51.772 57.262 60.977 63.162 63.956 61.217 58.458 52.608 44.493 -999.250 -999.250 -999.250 -999.250 16.685 13.238 12.747 12.150 12.629 15.666 17.148 17.693 14.185 10.909 7.789 4.167 0.000 0.000 0.000 0.000 0.000 0.000 0.000 0.000 0.000 0.000 0.000 0.000 4.776 12.161 18.973 33.974 41.796 54.704 59.219 68.168 80.227 84.365 98.822 106.303 100.572 99.491 89.438 91.705 89.517 90.154 79.151 72.661 60.294 53.096 39.604 34.192
-999.250 36.772 39.129 44.942 40.044 40.779 42.482 42.215 48.280 52.418 57.624 62.568 58.781 56.239 48.615 45.480 41.780 -999.250 -999.250 -999.250 19.563 14.267 10.414 9.067 9.738 10.718 12.703 16.307 25.269 15.606 10.780 7.346 3.974 2.173 0.000 0.000 0.000 0.000 0.000 0.000 0.000 0.000 0.000 0.000 0.000 2.310 7.864 13.815 22.927 37.992 42.974 55.212 60.538 72.192 74.328 94.327 94.831 93.822 90.937 86.908 78.619 85.881 76.728 72.277 60.174 51.132 46.029 37.104 29.002
-999.250 -999.250 -999.250 38.558 -999.250 -999.250 40.213 43.390 42.577 -999.250 -999.250 -999.250 51.855 51.797 -999.250 -999.250 -999.250 -999.250 -999.250 -999.250 20.852 14.901 9.946 9.192 9.008 8.969 11.210 13.910 15.115 12.610 9.889 6.579 4.690 3.892 0.000 0.000 0.000 0.000 0.000 0.000 0.000 0.000 0.000 0.000 0.000 0.000 3.297 11.565 21.073 32.232 41.364 50.496 54.798 68.727 70.796 90.401 87.258 90.107 87.714 80.997 69.353 70.598 58.497 53.552 49.936 40.140 34.641 28.396 21.936
-999.250 -999.250 -999.250 -999.250 -999.250 -999.250 -999.250 -999.250 -999.250 -999.250 -999.250 -999.250 -999.250 44.623 41.717 42.148 -999.250 -999.250 -999.250 27.075 22.231 17.025 11.831 8.538 7.697 8.570 8.424 10.096 11.853 11.887 10.116 6.311 5.207 4.293 2.588 2.669 0.000 0.000 0.000 0.000 0.000 0.000 0.000 0.000 0.000 0.000 1.287 9.666 18.560 28.203 37.005 40.384 50.442 63.941 71.505 77.947 87.156 88.295 82.685 69.359 62.658 63.157 50.778 43.966 38.433 35.889 29.762 20.165 14.745
-999.250 -999.250 -999.250 -999.250 -999.250 -999.250 -999.250 -999.250 -999.250 -999.250 -999.250 41.141 40.915 41.521 42.801 46.735 -999.250 -999.250 30.660 31.937 26.182 22.277 16.311 11.499 9.272 8.174 10.057 10.647 11.566 11.758 12.256 9.929 9.342 9.156 7.634 7.579 5.947 3.512 2.744 0.616 0.680 0.000 0.000 0.000 0.000 0.254 2.888 11.142 16.508 25.750 32.613 37.889 45.339 54.578 65.503 72.736 89.474 72.949 63.940 61.308 56.531 50.973 40.591 37.753 32.128 28.375 20.499 14.205 11.282
-999.250 -999.250 -999.250 -999.250 -999.250 -999.250 -999.250 -999.250 -999.250 -999.250 -999.250 39.277 39.970 39.131 38.605 38.913 37.992 33.449 29.900 28.170 28.009 31.052 22.124 14.365 12.706 10.985 14.004 13.764 15.800 17.352 14.546 15.963 15.838 12.494 12.188 12.912 10.715 9.791 8.320 7.539 9.268 6.775 4.185 3.561 3.765 6.067 7.687 11.811 14.733 22.748 28.230 37.974 38.718 47.595 55.817 60.680 63.525 61.009 57.469 54.211 46.823 39.236 30.097 28.373 26.149 19.270 13.135 9.353 5.361
-999.250 -999.250 -999.250 -999.250 -999.250 -999.250 -999.250 -999.250 -999.250 -999.250 -999.250 -999.250 36.784 36.018 35.601 35.676 38.748 31.193 28.880 27.982 27.294 26.681 24.578 18.590 16.678 14.646 17.750 20.531 22.641 24.565 24.266 24.615 25.007 21.946 20.692 18.718 21.234 20.478 18.843 18.913 16.838 13.956 13.435 10.574 11.598 11.199 12.549 16.154 19.251 25.518 29.614 31.546 35.946 38.840 42.682 49.775 52.735 46.825 43.389 39.359 36.256 32.078 27.365 18.329 16.007 11.328 9.224 5.150 0.224
-999.250 -999.250 -999.250 -999.250 -999.250 -999.250 -999.250 -999.250 -999.250 -999.250 -999.250 -999.250 -999.250 34.767 34.075 33.176 32.198 31.508 29.557 28.318 27.424 27.994 26.189 25.586 23.200 24.057 28.029 28.824 30.134 34.541 33.032 36.243 32.957 30.894 29.197 30.312 34.379 33.082 32.033 31.537 28.882 27.662 25.191 21.523 21.540 19.222 19.709 20.183 25.597 26.709 28.467 30.202 31.611 36.180 36.740 39.968 39.945 36.937 32.986 32.340 27.946 27.246 18.412 13.542 8.372 6.531 3.902 0.006 0.000
-999.250 -999.250 -999.250 -999.250 -999.250 -999.250 -999.250 -999.250 -999.250 -999.250 -999.250 -999.250 -999.250 30.269 29.931 30.209 28.937 30.026 29.071 29.421 29.833 29.376 29.808 28.684 28.818 29.351 35.547 41.181 42.236 45.587 43.182 45.291 41.796 42.185 40.559 39.731 42.823 40.856 42.812 39.709 39.690 36.913 33.997 32.914 30.742 30.890 29.564 29.779 29.656 31.546 34.987 32.621 33.269 31.612 32.185 31.497 31.651 28.281 27.482 22.904 19.751 18.215 14.800 8.931 2.538 0.000 0.000 0.000 0.000
-999.250 -999.250 -999.250 -999.250 -999.250 -999.250 -999.250 -999.250 -999.250 -999.250 -999.250 -999.250 -999.250 29.061 28.124 28.683 28.710 29.089 30.441 33.059 32.344 32.720 36.776 35.781 37.431 36.657 43.307 48.069 56.485 58.368 57.097 53.134 54.736 55.411 53.165 56.484 53.866 57.602 55.960 51.489 44.445 45.487 43.427 39.896 40.437 38.554 38.990 37.025 36.028 35.593 37.352 35.079 31.263 29.842 29.761 27.405 22.682 23.192 21.325 16.027 13.458 9.793 8.110 5.100 0.000 0.000 0.000 0.000 0.000
-999.250 -999.250 -999.250 -999.250 -999.250 -999.250 -999.250 -999.250 -999.250 -999.250 -999.250 -999.250 -999.250 -999.250 27.143 26.817 29.539 33.430 38.567 33.766 33.763 37.483 37.332 38.985 42.947 45.213 54.007 62.513 72.585 72.357 69.125 63.343 58.934 59.142 63.525 64.132 61.612 63.440 63.538 62.403 64.584 59.324 56.447 54.073 56.129 55.472 56.049 49.572 46.771 39.520 37.744 40.063 33.367 28.743 29.382 24.068 20.102 18.574 13.669 10.926 10.401 4.595 2.207 0.000 0.000 0.000 0.000 0.000 0.000
-999.250 -999.250 -999.250 -999.250 -999.250 -999.250 -999.250 -999.250 -999.250 -999.250 -999.250 -999.250 -999.250 -999.250 27.678 27.760 29.786 32.997 36.745 36.655 36.122 39.052 41.723 44.243 48.110 58.073 65.712 82.397 96.416 87.276 83.559 64.964 62.086 67.979 71.911 73.121 76.481 80.645 81.327 79.956 80.313 77.999 72.465 67.174 71.281 68.015 62.260 59.711 56.959 53.013 49.887 48.713 37.510 29.434 28.044 24.370 19.590 18.148 11.591 8.825 3.262 0.876 0.000 0.000 0.000 0.000 0.000 0.000 0.000
-999.250 -999.250 -999.250 -999.250 -999.250 -999.250 -999.250 -999.250 -999.250 -999.250 -999.250 -999.250 -999.250 -999.250 26.376 25.792 27.791 32.975 35.539 37.330 38.578 41.814 45.441 49.659 56.393 59.523 66.036 78.667 87.473 87.452 81.385 83.031 80.438 73.302 81.092 83.115 87.882 87.889 84.015 82.940 94.643 92.321 90.755 88.550 79.585 86.068 71.530 73.607 68.557 57.448 54.832 49.996 40.269 32.204 29.328 23.765 19.368 14.996 10.556 6.381 2.943 0.000 0.000 0.000 0.000 0.000 0.000 0.000 0.000
-999.250 -999.250 -999.250 -999.250 -999.250 -999.250 -999.250 -999.250 -999.250 -999.250 -999.250 -999.250 -999.250 -999.250 26.570 28.164 31.367 33.997 36.030 37.123 41.455 42.435 46.544 50.746 56.219 -999.250 68.769 70.257 74.514 86.590 84.455 80.349 79.935 88.925 91.971 95.844 96.058 93.047 95.392 91.351 100.183 98.667 100.473 96.647 93.568 92.335 84.756 86.254 76.891 67.811 60.330 56.370 46.014 36.433 31.407 25.575 18.588 12.465 9.407 6.806 2.270 0.000 0.000 0.000 0.000 0.000 0.000 0.000 0.000
-999.250 -999.250 -999.250 -999.250 -999.250 -999.250 -999.250 -999.250 -999.250 -999.250 -999.250 -999.250 -999.250 -999.250 29.779 29.878 35.393 36.409 36.919 40.195 41.021 45.331 48.644 -999.250 -999.250 -999.250 68.787 66.925 73.407 82.006 80.599 84.005 85.686 91.038 91.322 90.415 96.519 98.149 90.044 93.678 98.938 109.947 100.342 96.718 96.538 98.432 89.166 79.863 82.341 75.230 70.672 59.591 48.932 42.546 37.015 29.600 22.330 14.856 11.319 8.334 4.545 1.091 0.000 0.000 0.000 0.000 0.000 0.000 0.000
-999.250 -999.250 -999.250 -999.250 -999.250 -999.250 -999.250 -999.250 -999.250 -999.250 -999.250 -999.250 -999.250 29.141 31.421 33.375 32.924 37.720 38.813 43.323 43.695 48.078 -999.250 -999.250 -999.250 -999.250 -999.250 62.682 69.545 77.539 82.170 84.018 84.710 81.630 89.595 97.291 94.603 98.531 101.622 113.900 119.135 139.583 124.505 114.703 114.095 111.418 97.061 86.323 80.370 74.964 70.765 64.568 53.669 52.268 39.787 29.245 25.071 18.737 11.809 9.676 6.125 0.437 0.000 0.000 0.000 0.000 0.000 0.000 0.000
-999.250 -999.250 -999.250 -999.250 -999.250 -999.250 -999.250 -999.250 -999.250 -999.250 -999.250 -999.250 -999.250 30.126 30.479 32.418 36.986 35.915 40.743 41.737 -999.250 -999.250 -999.250 -999.250 -999.250 -999.250 -999.250 -999.250 66.825 76.820 71.264 72.823 81.116 89.467 87.362 93.943 100.710 102.700 106.970 121.081 132.086 127.395 131.002 109.797 118.744 126.720 99.978 92.974 90.118 87.285 79.844 66.365 54.509 50.981 40.493 30.288 28.513 17.170 13.998 8.368 2.506 0.263 0.000 0.000 0.000 0.000 0.000 0.000 0.000
-999.250 -999.250 -999.250 -999.250 -999.250 -999.250 -999.250 -999.250 -999.250 -999.250 -999.250 -999.250 31.353 31.893 -999.250 -999.250 -999.250 -999.250 -999.250 -999.250 -999.250 -999.250 -999.250 -999.250 -999.250 -999.250 -999.250 -999.250 -999.250 68.789 76.027 80.825 79.684 97.070 92.076 98.417 109.591 106.431 147.731 124.814 122.479 130.299 173.101 155.233 133.258 119.028 111.247 102.648 93.508 86.014 74.980 70.698 61.508 56.560 44.783 36.525 27.774 18.927 14.931 9.062 3.195 0.483 0.000 0.000 0.000 0.000 0.000 0.000 0.000
-999.250 -999.250 -999.250 -999.250 -999.250 -999.250 -999.250 -999.250 -999.250 -999.250 -999.250 -999.250 -999.250 -999.250 -999.250 -999.250 -999.250 -999.250 -999.250 -999.250 -999.250 -999.250 -999.250 -999.250 -999.250 -999.250 -999.250 -999.250 -999.250 -999.250 69.742 71.051 73.086 89.323 93.340 99.717 114.832 122.819 134.056 149.095 151.597 139.376 135.273 142.695 119.389 109.858 115.990 102.020 95.739 88.390 82.976 69.286 59.464 49.595 45.380 37.914 28.489 20.144 13.372 9.851 5.073 0.851 0.000 0.000 0.000 0.000 0.000 0.000 0.000
-999.250 -999.250 -999.250 -999.250 -999.250 -999.250 -999.250 -999.250 -999.250 -999.250 -999.250 -999.250 -999.250 -999.250 -999.250 -999.250 -999.250 -999.250 -999.250 -999.250 -999.250 -999.250 -999.250 -999.250 -999.250 -999.250 -999.250 -999.250 -999.250 -999.250 61.198 70.482 69.770 90.542 100.880 100.413 105.969 119.272 120.798 133.637 126.552 130.641 156.957 166.097 139.214 177.392 122.519 117.176 99.888 93.362 86.562 71.479 60.111 50.818 41.274 39.975 30.671 21.851 13.873 8.995 6.299 2.025 0.000 0.000 0.000 0.000 0.000 0.000 0.000
-999.250 -999.250 -999.250 -999.250 -999.250 -999.250 -999.250 -999.250 -999.250 -999.250 -999.250 -999.250 -999.250 -999.250 -999.250 -999.250 -999.250 -999.250 -999.250 -999.250 -999.250 -999.250 -999.250 -999.250 -999.250 -999.250 -999.250 -999.250 -999.250 -999.250 56.543 61.200 77.188 89.780 91.745 93.038 105.314 115.547 121.321 118.977 126.333 147.747 163.235 183.305 147.899 141.432 117.262 109.172 98.361 101.977 91.926 68.109 68.054 55.495 43.726 36.414 29.725 21.466 14.743 8.104 4.272 2.045 0.000 0.000 0.000 0.000 0.000 0.000 0.000
-999.250 -999.250 -999.250 -999.250 -999.250 -999.250 -999.250 -999.250 -999.250 -999.250 -999.250 -999.250 -999.250 -999.250 -999.250 -999.250 -999.250 -999.250 -999.250 -999.250 -999.250 -999.250 -999.250 -999.250 -999.250 -999.250 -999.250 -999.250 -999.250 -999.250 -999.250 62.701 68.156 83.910 83.244 94.708 102.534 104.741 155.667 127.163 146.746 177.864 223.004 181.921 172.462 143.798 124.187 113.081 97.000 91.742 80.556 74.400 62.066 55.184 42.400 39.043 29.400 20.155 14.699 10.083 5.003 0.000 0.000 0.000 0.000 0.000 0.000 0.000 0.000
-999.250 -999.250 -999.250 -999.250 -999.250 -999.250 -999.250 -999.250 -999.250 -999.250 -999.250 -999.250 -999.250 -999.250 -999.250 -999.250 -999.250 -999.250 -999.250 -999.250 -999.250 -999.250 -999.250 -999.250 -999.250 -999.250 -999.250 -999.250 -999.250 -999.250 -999.250 53.894 62.269 72.369 85.644 89.216 101.270 109.102 118.790 119.771 159.125 145.968 166.247 169.837 155.139 122.505 121.141 101.343 99.067 87.671 78.787 67.757 56.748 49.451 43.941 30.390 26.790 19.936 14.119 6.813 2.898 0.264 0.000 0.000 0.000 0.000 0.000 0.000 0.000
-999.250 -999.250 -999.250 -999.250 -999.250 -999.250 -999.250 -999.250 -999.250 -999.250 -999.250 -999.250 -999.250 -999.250 -999.250 -999.250 -999.250 -999.250 -999.250 -999.250 -999.250 -999.250 -999.250 -999.250 -999.250 -999.250 -999.250 -999.250 -999.250 -999.250 -999.250 53.857 68.285 66.913 80.611 88.988 96.683 98.311 107.709 106.150 116.272 179.010 160.943 130.109 113.980 119.215 120.851 99.411 95.917 84.726 71.885 64.498 58.233 47.744 40.150 34.198 24.822 17.681 12.113 9.919 2.701 0.000 0.000 0.000 0.000 0.000 0.000 0.000 0.000
-999.250 -999.250 -999.250 -999.250 -999.250 -999.250 -999.250 -999.250 -999.250 -999.250 -999.250 -999.250 -999.250 -999.250 -999.250 -999.250 -999.250 -999.250 -999.250 -999.250 -999.250 -999.250 -999.250 -999.250 -999.250 -999.250 -999.250 -999.250 -999.250 -999.250 -999.250 51.952 62.036 65.726 74.036 85.943 93.461 95.195 91.587 97.278 100.470 107.201 106.482 102.906 113.326 109.097 103.649 95.203 81.938 78.306 68.085 64.526 54.774 42.616 37.980 33.700 24.000 15.772 10.614 6.959 2.200 0.000 0.000 0.000 0.000 0.000 0.000 0.000 0.000
-999.250 -999.250 -999.250 -999.250 -999.250 -999.250 -999.250 -999.250 -999.250 -999.250 -999.250 -999.250 -999.250 -999.250 -999.250 -999.250 -999.250 -999.250 -999.250 -999.250 -999.250 -999.250 -999.250 -999.250 -999.250 -999.250 -999.250 -999.250 -999.250 -999.250 -999.250 41.276 58.117 58.604 61.675 67.427 75.183 84.366 90.797 92.460 93.817 97.239 97.021 96.617 94.374 94.512 96.862 86.538 72.773 68.227 64.603 55.327 43.376 37.955 32.900 26.654 20.670 14.728 8.855 4.168 0.574 0.000 0.000 0.000 0.000 0.000 0.000 0.000 0.000
-999.250 -999.250 -999.250 -999.250 -999.250 -999.250 -999.250 -999.250 -999.250 -999.250 -999.250 -999.250 -999.250 -999.250 -999.250 -999.250 -999.250 -999.250 -999.250 -999.250 -999.250 -999.250 -999.250 -999.250 -999.250 -999.250 -999.250 -999.250 -999.250 -999.250 -999.250 36.261 46.170 47.823 54.077 54.381 59.607 65.923 74.763 84.920 83.013 83.110 84.417 77.107 81.904 82.595 73.029 67.379 61.605 58.416 54.475 45.735 40.129 37.740 26.995 23.758 14.940 11.518 8.214 6.122 2.196 0.000 0.000 0.000 0.000 0.000 0.000 0.000 0.000
-999.250 -999.250 -999.250 -999.250 -999.250 -999.250 -999.250 -999.250 -999.250 -999.250 -999.250 -999.250 -999.250 -999.250 -999.250 -999.250 -999.250 -999.250 -999.250 -999.250 -999.250 -999.250 -999.250 -999.250 -999.250 -999.250 -999.250 -999.250 -999.250 -999.250 -999.250 34.454 39.899 40.509 43.955 43.338 49.218 58.911 63.695 60.772 64.024 64.175 60.828 60.711 62.250 60.710 57.218 55.479 53.973 49.440 42.725 40.968 38.360 31.038 21.173 15.897 14.152 9.135 5.874 5.014 2.092 0.000 0.000 0.000 0.000 0.000 0.000 0.000 0.000
