data/medianmodel_19-Dec-2020.asc
ncols	141
nrows	288
xllcorner	-120191.398
yllcorner	-301404.813
cellsize	2000.000
NODATA_value	-999.250
[rows 145 to 173 of 288, columns 0 to 63 of 141]
-999.250 -999.250 -999.250 -999.250 -999.250 -999.250 -999.250 -999.250 -999.250 -999.250 -999.250 -999.250 -999.250 -999.250 -999.250 -999.250 -999.250 181.731 180.395 177.775 181.544 197.045 232.312 276.817 329.461 378.707 440.723 480.313 513.815 532.309 533.686 516.558 482.676 415.860 392.400 371.006 337.418 313.712 327.105 319.989 340.720 339.216 317.674 268.899 235.987 210.926 197.992 203.907 188.940 190.266 178.961 192.903 199.843 195.210 191.129 200.565 213.042 245.724 275.236 305.194 328.302 361.820 416.747 462.828
-999.250 -999.250 -999.250 -999.250 -999.250 -999.250 -999.250 -999.250 -999.250 -999.250 -999.250 -999.250 -999.250 -999.250 -999.250 205.784 203.990 204.772 200.350 200.110 216.797 224.307 262.736 328.855 352.624 384.881 427.408 462.735 491.699 503.221 522.029 475.807 446.856 404.835 371.735 334.904 330.270 288.753 301.952 322.861 339.815 354.965 310.462 255.813 228.923 215.534 202.424 201.040 198.534 197.771 198.540 211.006 209.237 210.234 212.408 225.778 238.557 287.504 296.819 344.634 374.259 413.431 502.637 565.294
-999.250 -999.250 -999.250 -999.250 -999.250 -999.250 -999.250 -999.250 -999.250 -999.250 -999.250 -999.250 -999.250 -999.250 231.686 224.320 250.991 232.586 235.368 246.232 232.882 276.722 306.622 343.725 371.343 406.301 424.644 451.724 472.890 483.326 492.408 472.438 422.858 380.051 342.904 299.354 278.898 259.314 261.515 282.700 310.942 306.151 286.214 246.647 211.333 201.169 198.898 213.826 216.390 209.267 201.828 210.987 219.168 248.139 222.542 229.905 243.255 287.038 331.182 364.644 399.165 467.728 567.303 653.828
-999.250 -999.250 -999.250 -999.250 -999.250 -999.250 -999.250 -999.250 -999.250 -999.250 -999.250 -999.250 -999.250 -999.250 252.578 233.282 234.692 271.490 258.170 274.791 300.864 323.352 339.199 354.216 383.290 410.267 441.002 452.625 474.175 493.333 479.276 452.693 424.195 377.605 324.630 275.857 247.821 226.403 229.912 255.735 247.925 246.375 245.230 219.931 202.513 190.185 194.012 227.851 216.041 220.429 215.619 208.068 215.855 219.904 226.443 227.267 244.825 298.365 337.874 380.148 430.375 497.956 607.173 730.003
-999.250 -999.250 -999.250 -999.250 -999.250 -999.250 -999.250 -999.250 -999.250 -999.250 -999.250 -999.250 -999.250 246.694 258.513 269.076 289.212 285.835 290.803 322.606 339.117 353.687 352.280 375.851 408.708 445.908 474.579 486.539 510.787 485.098 469.273 447.058 415.075 371.601 339.778 278.868 242.407 217.837 226.352 228.066 233.027 220.835 206.401 199.004 182.843 181.616 193.924 207.713 196.624 215.484 218.485 213.530 222.112 224.137 213.363 239.477 260.846 317.942 341.529 383.441 451.469 524.057 612.654 759.145
-999.250 -999.250 -999.250 -999.250 -999.250 -999.250 -999.250 -999.250 -999.250 -999.250 -999.250 -999.250 283.277 280.396 295.719 283.141 304.488 324.585 331.449 342.274 354.895 372.322 389.377 406.404 420.827 462.664 496.725 484.048 503.811 492.642 456.731 427.899 407.153 360.218 318.613 288.328 255.632 232.713 225.086 227.372 218.673 218.770 198.490 191.604 182.237 185.863 193.382 207.362 216.975 225.014 227.750 219.518 228.668 227.687 239.053 261.832 290.628 331.418 365.185 405.234 470.378 566.627 655.142 766.026
-999.250 -999.250 -999.250 -999.250 -999.250 -999.250 -999.250 -999.250 -999.250 -999.250 -999.250 306.235 294.093 289.850 310.092 302.486 312.883 317.887 341.847 358.182 378.802 394.365 412.037 441.069 452.001 498.955 515.881 507.182 517.174 513.561 466.383 428.711 392.125 362.210 325.126 294.871 250.056 234.460 244.178 223.058 211.726 196.735 191.010 190.274 182.582 187.301 197.781 211.078 231.669 209.763 224.429 236.115 234.849 242.831 259.586 268.640 291.259 339.725 351.423 405.573 492.778 557.709 632.110 777.829
-999.250 -999.250 -999.250 -999.250 -999.250 -999.250 -999.250 -999.250 -999.250 -999.250 335.037 323.748 315.264 309.264 314.822 308.392 334.839 345.169 364.061 385.055 393.211 413.653 438.792 458.820 478.861 516.115 532.208 548.297 520.102 526.668 479.289 440.424 391.292 379.148 343.129 314.747 292.133 250.687 239.672 228.039 213.225 201.536 189.359 191.444 196.023 212.643 235.616 244.063 250.383 236.839 240.054 241.418 244.426 258.922 267.477 268.009 291.712 311.301 342.923 372.006 456.363 542.129 615.485 744.284
-999.250 -999.250 -999.250 -999.250 -999.250 -999.250 -999.250 -999.250 -999.250 347.630 349.243 337.541 320.827 319.978 307.574 312.236 316.559 335.173 361.079 400.678 403.939 414.663 465.637 463.707 491.115 543.472 548.663 536.754 537.309 514.108 481.198 464.780 424.789 378.523 362.252 319.896 289.358 267.186 238.876 223.698 193.348 194.989 190.455 193.384 215.767 252.721 281.563 278.545 282.807 268.789 252.523 250.791 259.204 256.012 256.555 265.307 265.135 278.467 334.974 378.836 433.738 530.066 592.790 655.474
-999.250 -999.250 -999.250 -999.250 -999.250 421.753 426.399 403.079 388.909 367.337 345.037 340.937 324.057 312.875 295.043 309.017 313.258 319.391 344.081 367.448 391.972 414.168 454.395 468.477 532.376 548.018 551.216 543.547 544.785 523.190 504.718 451.028 423.829 394.014 361.367 346.344 321.087 291.497 250.262 230.293 204.859 204.916 195.618 216.644 233.711 288.168 337.066 315.295 285.376 270.846 278.573 264.082 275.256 265.366 272.151 267.105 267.858 258.431 324.290 344.110 424.239 480.318 540.343 610.756
-999.250 -999.250 -999.250 -999.250 -999.250 -999.250 -999.250 409.361 411.166 384.901 353.004 344.857 323.802 313.217 303.074 280.946 300.901 312.818 340.091 359.769 374.128 398.161 432.781 477.321 533.633 574.120 561.265 553.561 529.688 528.982 485.270 426.319 416.185 396.408 376.161 355.933 343.602 302.571 280.874 231.596 216.599 194.920 191.843 202.161 239.334 267.757 315.836 313.919 277.012 274.854 283.712 302.451 297.789 296.997 271.191 259.357 252.185 281.165 266.530 327.250 373.672 415.490 487.241 565.173
-999.250 -999.250 -999.250 -999.250 -999.250 -999.250 -999.250 432.974 428.130 404.087 376.003 356.774 334.178 315.666 285.322 266.117 274.101 275.568 311.014 346.731 357.506 376.099 413.406 461.433 497.893 541.863 536.898 536.167 540.160 514.804 497.912 453.720 442.993 412.154 391.493 372.274 347.574 321.053 266.994 245.043 207.081 194.544 188.547 201.449 236.923 244.482 277.447 283.997 297.606 292.571 302.096 316.211 318.041 300.456 271.800 249.592 260.937 250.495 265.408 281.171 333.515 362.406 400.314 470.614
-999.250 -999.250 -999.250 -999.250 -999.250 -999.250 -999.250 438.644 423.679 404.336 377.916 358.769 337.428 303.521 276.908 245.882 240.461 238.947 265.654 292.782 333.975 363.111 380.336 425.924 452.614 481.805 497.850 503.078 514.904 507.740 506.574 445.621 445.564 437.204 413.775 387.283 379.908 342.692 286.214 241.606 215.158 192.594 182.761 194.577 203.283 233.919 261.487 266.963 291.972 324.253 306.793 312.478 304.152 292.642 267.577 258.817 247.066 244.379 238.424 273.576 286.128 310.539 349.302 369.699
-999.250 -999.250 -999.250 -999.250 -999.250 -999.250 -999.250 440.750 449.615 418.382 397.291 374.775 332.853 297.304 256.531 238.882 215.144 227.654 242.350 264.707 302.761 324.906 357.560 385.128 418.913 446.424 457.083 467.590 493.617 496.638 485.543 449.758 455.962 439.718 430.491 420.003 396.748 359.182 303.081 239.148 197.108 183.662 170.660 176.103 192.157 225.639 234.167 250.353 270.424 317.317 294.918 302.675 279.180 263.394 256.243 247.839 247.674 223.630 226.249 225.424 239.845 262.187 295.223 314.240
-999.250 -999.250 -999.250 -999.250 -999.250 -999.250 -999.250 -999.250 449.989 444.861 413.905 375.031 351.698 295.403 249.714 220.808 210.882 204.216 211.791 215.280 241.374 284.419 323.797 352.921 383.217 400.582 429.708 435.678 448.869 445.211 435.578 448.046 441.768 439.903 440.474 454.058 437.341 365.354 314.301 238.551 190.183 165.455 155.891 163.600 184.100 189.109 221.792 237.552 285.260 280.759 293.260 281.476 276.226 276.624 277.553 258.096 240.015 230.065 216.149 214.297 220.964 221.040 233.281 229.706
-999.250 -999.250 -999.250 -999.250 -999.250 -999.250 -999.250 -999.250 465.377 471.862 406.354 373.815 338.613 302.671 259.164 230.929 211.529 189.511 186.504 195.224 211.977 241.803 303.938 340.356 364.634 396.994 396.249 408.968 420.682 404.818 409.452 432.215 439.623 453.676 478.298 471.191 470.162 413.530 323.364 238.888 176.883 127.497 143.763 153.106 175.710 189.258 201.205 254.312 280.163 275.554 285.849 295.505 302.881 309.719 276.828 276.044 268.276 258.486 230.934 221.242 202.495 199.414 193.724 182.614
-999.250 -999.250 -999.250 -999.250 -999.250 -999.250 -999.250 453.110 454.600 442.788 402.746 382.039 345.064 300.093 266.119 251.255 221.956 197.906 188.965 184.247 186.081 220.766 271.748 324.414 353.120 375.884 385.674 399.246 393.690 373.804 378.608 394.046 415.356 415.704 441.002 484.466 539.872 419.020 323.776 233.569 180.574 136.519 128.678 142.317 154.989 182.117 203.774 244.941 256.937 287.104 308.107 303.547 308.785 297.525 317.760 285.086 277.983 260.306 230.506 215.573 204.084 192.570 189.635 181.511
-999.250 -999.250 -999.250 -999.250 -999.250 -999.250 -999.250 434.022 439.518 430.038 404.753 368.140 347.743 319.749 269.741 243.141 229.552 216.745 202.383 190.214 182.842 222.847 284.804 338.105 365.935 368.999 363.962 377.764 385.972 369.837 360.071 350.928 361.902 383.072 407.150 420.536 430.225 363.228 294.054 226.251 187.045 163.165 151.757 165.625 164.728 191.197 221.996 245.628 269.920 305.183 306.505 322.370 345.825 327.932 333.945 309.802 290.984 251.332 229.496 224.587 207.451 194.734 187.079 186.449
-999.250 -999.250 -999.250 -999.250 -999.250 -999.250 -999.250 406.954 419.085 415.479 390.733 367.038 342.045 318.417 281.758 260.574 246.702 227.249 224.182 225.779 238.794 272.369 310.453 360.295 364.941 379.891 385.415 374.679 364.213 353.776 334.545 325.332 333.054 347.071 351.109 369.448 349.050 317.867 261.687 209.487 187.486 161.274 161.038 179.317 179.376 200.151 224.548 239.262 287.329 325.578 341.941 353.505 353.132 368.054 356.160 336.692 303.513 278.768 267.786 233.618 226.545 217.172 202.893 195.573
-999.250 -999.250 -999.250 -999.250 -999.250 -999.250 -999.250 399.967 401.170 405.878 383.105 361.727 347.927 337.500 312.768 304.741 280.364 272.767 271.075 289.107 308.899 332.823 358.449 382.241 390.005 395.209 398.144 374.754 363.450 331.649 301.810 276.882 264.259 301.271 305.746 310.653 289.912 280.431 235.507 201.564 188.635 171.323 172.493 182.289 193.965 221.574 245.448 275.503 305.991 335.181 353.027 378.797 375.084 397.780 384.117 362.280 362.363 325.109 319.135 311.273 273.052 246.135 231.128 212.389
-999.250 -999.250 -999.250 -999.250 -999.250 -999.250 400.553 390.856 401.925 388.419 368.092 364.400 353.884 344.853 329.866 324.007 323.342 319.971 336.058 354.403 357.958 391.743 416.772 431.685 433.010 427.888 431.184 398.921 372.204 332.702 284.263 239.064 250.228 261.197 280.401 292.191 273.607 250.048 211.088 195.982 184.154 178.299 184.004 181.935 202.431 233.755 271.761 286.752 325.412 363.628 364.745 399.960 406.019 426.235 421.964 408.763 399.335 378.448 370.293 357.533 330.294 305.740 282.616 269.460
-999.250 -999.250 -999.250 -999.250 -999.250 -999.250 383.793 385.941 405.295 378.609 370.718 364.360 364.019 362.705 340.909 336.860 346.484 355.620 375.637 403.461 427.758 456.428 504.990 489.122 494.909 487.979 471.910 429.275 397.800 350.543 298.561 252.226 250.149 260.888 261.004 267.399 271.982 241.638 209.550 200.107 182.763 185.050 177.345 191.248 212.426 230.351 274.790 306.951 339.526 364.438 382.401 407.637 437.223 460.762 455.192 469.264 458.432 430.719 393.338 403.635 407.597 373.175 354.753 320.233
-999.250 -999.250 -999.250 -999.250 -999.250 369.873 373.703 376.721 368.082 369.892 367.034 371.905 353.403 348.131 341.047 332.545 354.501 374.753 408.651 462.428 502.556 519.260 551.852 554.920 556.831 525.937 517.739 497.447 425.401 368.435 342.681 296.253 266.639 245.961 273.652 273.537 258.818 244.021 212.577 204.803 189.994 184.936 197.640 192.695 206.138 235.781 275.502 324.240 360.515 393.335 436.129 466.381 502.777 539.139 523.064 537.529 517.419 498.760 482.883 470.817 446.079 429.045 400.531 372.786
-999.250 -999.250 -999.250 -999.250 -999.250 369.267 367.879 367.971 368.969 359.684 364.079 374.379 361.238 349.678 357.187 354.879 370.866 391.885 428.855 492.163 536.784 570.382 600.582 602.742 584.812 573.510 536.861 500.362 443.401 395.787 353.327 324.682 274.102 273.130 263.771 247.037 245.269 237.272 217.659 210.405 199.527 192.652 183.299 196.679 213.828 230.419 293.672 339.622 360.783 424.397 461.205 504.286 558.412 568.576 569.332 596.255 591.296 559.285 563.335 541.782 547.933 497.014 476.099 419.687
-999.250 -999.250 -999.250 -999.250 357.874 342.559 360.500 359.078 355.417 353.095 348.986 347.867 349.832 352.602 338.552 351.429 371.002 386.543 440.114 490.805 569.223 606.362 679.345 654.496 613.308 565.502 549.578 509.999 454.015 404.011 363.142 332.712 305.687 284.852 272.135 270.773 280.649 255.176 229.644 220.312 199.741 186.470 189.528 192.462 220.386 249.240 300.931 356.794 374.370 444.378 491.985 547.515 598.873 609.235 669.450 691.093 654.457 652.045 635.898 591.872 592.056 568.789 536.163 499.387
-999.250 -999.250 -999.250 -999.250 350.291 354.294 345.259 368.340 343.547 343.216 327.919 331.473 322.446 313.994 322.344 341.386 355.625 376.497 420.730 490.192 554.847 630.920 737.764 674.667 611.233 568.447 554.461 512.837 462.744 405.859 365.577 352.868 332.180 306.433 310.218 299.545 285.725 256.866 234.454 213.753 196.956 193.418 190.672 201.816 227.764 278.236 334.235 373.584 419.348 465.316 553.646 569.920 622.213 668.212 758.284 744.139 736.306 738.256 721.871 658.740 662.631 624.382 597.849 572.015
-999.250 -999.250 -999.250 -999.250 351.776 345.810 354.706 349.040 346.498 333.149 316.177 327.789 309.281 284.689 298.019 299.038 330.721 351.260 397.529 460.629 532.913 596.348 632.823 624.978 579.975 549.309 519.304 480.245 444.338 424.029 377.408 357.588 344.386 320.235 335.676 323.098 278.946 274.638 242.275 215.403 198.947 181.245 186.679 199.804 230.245 297.753 348.162 378.606 445.108 515.929 595.108 628.085 668.182 706.411 821.077 827.631 918.137 878.498 854.669 775.478 775.455 743.917 649.328 603.438
-999.250 -999.250 -999.250 -999.250 359.415 358.648 353.422 345.019 339.715 325.626 303.404 303.251 267.676 278.042 274.307 264.660 276.831 327.165 357.969 410.569 486.189 530.896 567.298 567.613 542.691 492.018 501.660 462.382 436.767 394.928 360.530 362.885 349.385 334.716 341.071 338.108 294.220 258.381 230.121 203.992 191.680 187.939 194.483 195.374 244.937 286.896 354.820 395.311 476.726 535.864 606.173 660.836 747.130 821.366 896.112 1006.891 1055.573 1095.243 1028.497 923.671 907.046 820.198 767.595 683.989
-999.250 -999.250 -999.250 -999.250 354.087 348.702 348.200 343.497 332.717 320.089 298.337 259.483 280.261 283.323 266.466 238.581 244.108 287.407 330.694 368.327 405.234 468.384 482.259 500.717 483.147 466.728 453.919 439.103 401.638 377.502 367.523 359.000 338.890 337.143 325.739 304.457 276.592 261.940 229.136 203.775 198.023 194.868 195.387 205.709 237.263 295.979 352.596 401.240 496.141 563.610 618.959 701.765 795.978 952.445 1065.048 1116.848 1173.387 1161.491 1185.055 1106.767 1048.068 933.600 849.645 780.135
