data/medianmodel_31-May-2020.asc
ncols	141
nrows	288
xllcorner	-120191.398
yllcorner	-301404.813
cellsize	2000.000
NODATA_value	-999.250
[rows 93 to 123 of 288, columns 69 to 137 of 141]
0.000 0.000 0.000 0.000 0.000 0.000 0.000 0.000 0.000 0.000 0.000 0.000 0.000 0.000 0.000 0.000 0.000 0.000 0.000 0.000 0.000 0.000 0.881 1.704 0.708 0.000 0.643 1.079 1.318 1.162 0.433 0.000 0.988 1.447 0.000 0.000 0.760 0.000 0.000 1.753 2.471 0.000 0.000 0.000 0.000 -999.250 -999.250 -999.250 -999.250 -999.250 -999.250 -999.250 -999.250 -999.250 -999.250 -999.250 -999.250 -999.250 -999.250 -999.250 -999.250 -999.250 -999.250 -999.250 -999.250 -999.250 -999.250 -999.250 -999.250
0.000 0.000 0.000 0.000 0.000 0.000 0.000 0.000 0.000 0.000 0.000 0.000 0.000 0.000 0.000 0.000 0.000 0.000 0.000 0.000 0.000 1.958 1.409 0.312 0.000 0.000 0.127 1.025 0.881 0.607 0.981 0.350 3.360 3.140 1.005 1.230 0.403 0.000 0.000 1.652 1.283 1.784 0.174 0.000 0.000 -999.250 -999.250 -999.250 -999.250 -999.250 -999.250 -999.250 -999.250 -999.250 -999.250 -999.250 -999.250 -999.250 -999.250 -999.250 -999.250 -999.250 -999.250 -999.250 -999.250 -999.250 -999.250 -999.250 -999.250
0.000 0.000 0.000 0.000 0.000 0.000 0.000 0.000 0.000 0.000 0.000 0.000 0.000 0.000 0.000 0.000 0.000 0.000 0.000 0.000 0.000 1.408 2.127 2.377 1.431 0.000 1.421 1.290 2.497 2.467 0.751 3.177 1.772 3.247 2.332 2.668 0.545 0.219 0.000 0.000 0.816 0.643 0.071 0.000 0.000 -999.250 -999.250 -999.250 -999.250 -999.250 -999.250 -999.250 -999.250 -999.250 -999.250 -999.250 -999.250 -999.250 -999.250 -999.250 -999.250 -999.250 -999.250 -999.250 -999.250 -999.250 -999.250 -999.250 -999.250
0.000 0.000 0.000 0.000 0.000 0.000 0.000 0.000 0.000 0.000 0.000 0.000 0.000 0.000 0.000 0.000 0.000 0.000 0.000 0.000 0.000 1.625 1.757 3.964 3.200 3.143 0.805 0.693 0.000 3.307 1.198 0.966 1.928 1.568 0.923 2.830 0.792 0.000 0.000 0.000 0.460 0.711 1.768 0.000 0.000 0.513 -999.250 -999.250 -999.250 -999.250 -999.250 -999.250 -999.250 -999.250 -999.250 -999.250 -999.250 -999.250 -999.250 -999.250 -999.250 -999.250 -999.250 -999.250 -999.250 -999.250 -999.250 -999.250 -999.250
0.000 0.000 0.000 0.000 0.000 0.000 0.000 0.000 0.000 0.000 0.000 0.000 0.000 0.000 0.000 0.000 0.000 0.000 0.000 0.000 0.068 1.155 3.143 6.647 7.742 7.285 2.835 4.347 2.263 0.000 0.418 3.232 2.796 0.000 0.000 0.000 0.000 0.577 0.551 0.629 0.380 0.244 1.851 0.686 2.507 0.000 0.256 -999.250 -999.250 -999.250 -999.250 -999.250 -999.250 -999.250 -999.250 -999.250 -999.250 -999.250 -999.250 -999.250 -999.250 -999.250 -999.250 -999.250 -999.250 -999.250 -999.250 -999.250 -999.250
0.000 0.000 0.000 0.000 0.015 0.000 0.000 0.000 0.000 0.000 0.000 0.000 0.000 0.000 0.000 0.000 0.000 0.000 0.000 0.000 0.127 1.977 3.906 7.635 15.630 7.962 6.013 3.660 2.391 0.488 2.493 1.339 0.720 0.000 0.000 0.000 0.000 0.901 1.394 1.639 1.825 1.641 0.133 0.722 1.707 3.839 0.579 0.851 -999.250 -999.250 -999.250 -999.250 -999.250 -999.250 -999.250 -999.250 -999.250 -999.250 -999.250 -999.250 -999.250 -999.250 -999.250 -999.250 -999.250 -999.250 -999.250 -999.250 -999.250
0.000 0.000 1.218 5.194 0.000 0.000 0.000 0.000 0.000 0.000 0.000 0.000 0.000 0.000 0.000 0.000 0.000 0.000 0.000 0.000 1.465 0.543 2.797 5.042 7.862 7.416 5.171 4.352 5.182 3.804 1.788 2.880 2.015 0.000 0.000 0.000 0.000 0.112 1.119 3.699 3.072 1.322 1.058 2.705 1.504 1.225 3.813 -999.250 -999.250 -999.250 -999.250 -999.250 -999.250 -999.250 -999.250 -999.250 -999.250 -999.250 -999.250 -999.250 -999.250 -999.250 -999.250 -999.250 -999.250 -999.250 -999.250 -999.250 -999.250
0.000 0.000 0.000 1.452 0.051 0.000 0.000 0.000 0.000 0.000 0.000 0.000 0.000 0.000 0.000 0.000 0.000 0.000 0.930 0.949 0.124 0.559 2.167 4.292 5.561 5.360 6.694 4.678 3.189 2.951 3.314 1.509 2.235 0.000 0.000 0.000 0.000 2.498 4.093 4.655 2.695 2.588 1.401 2.343 0.000 2.595 2.157 2.308 -999.250 -999.250 -999.250 -999.250 -999.250 -999.250 -999.250 -999.250 -999.250 -999.250 -999.250 -999.250 -999.250 -999.250 -999.250 -999.250 -999.250 -999.250 -999.250 -999.250 -999.250
0.000 0.000 0.000 0.000 0.607 0.000 0.000 0.000 0.000 0.000 0.000 0.000 0.000 0.000 0.000 0.000 0.000 0.000 0.000 0.611 2.256 2.769 2.929 5.219 3.242 3.350 3.855 4.724 2.936 3.248 3.714 2.221 2.869 1.406 0.000 0.000 0.850 3.770 3.900 5.527 3.934 2.069 1.548 2.931 1.842 2.608 -999.250 -999.250 -999.250 -999.250 -999.250 -999.250 -999.250 -999.250 -999.250 -999.250 -999.250 -999.250 -999.250 -999.250 -999.250 -999.250 -999.250 -999.250 -999.250 -999.250 -999.250 -999.250 -999.250
0.000 0.000 0.000 0.000 1.067 0.000 0.000 0.000 0.000 0.000 0.000 0.000 0.000 0.000 0.000 0.000 0.000 0.000 0.000 0.000 0.565 2.914 3.754 3.265 2.811 3.925 4.164 3.703 4.926 3.542 3.955 2.988 1.795 2.034 3.085 2.506 2.167 5.113 5.223 4.147 4.086 3.694 2.975 3.023 2.390 -999.250 -999.250 -999.250 -999.250 -999.250 -999.250 -999.250 -999.250 -999.250 -999.250 -999.250 -999.250 -999.250 -999.250 -999.250 -999.250 -999.250 -999.250 -999.250 -999.250 -999.250 -999.250 -999.250 -999.250
0.000 0.000 0.000 0.060 0.000 0.000 0.000 0.000 0.000 0.000 0.000 0.000 0.000 0.000 0.000 0.000 0.000 0.000 2.137 0.000 0.824 1.710 2.801 2.468 3.640 4.765 3.362 5.821 2.902 5.006 3.069 1.990 2.898 3.066 3.202 4.227 2.105 2.788 2.457 5.303 4.296 3.143 3.556 3.870 2.968 -999.250 -999.250 -999.250 -999.250 -999.250 -999.250 -999.250 -999.250 -999.250 -999.250 -999.250 -999.250 -999.250 -999.250 -999.250 -999.250 -999.250 -999.250 -999.250 -999.250 -999.250 -999.250 -999.250 -999.250
0.000 0.000 0.000 0.000 0.000 0.000 0.000 0.000 0.000 0.000 0.000 0.000 0.000 0.000 0.000 0.000 0.000 0.000 0.000 0.000 0.000 0.924 3.966 3.499 2.951 4.088 3.060 3.943 3.675 2.768 5.929 3.242 3.695 3.631 3.735 3.224 5.669 4.774 2.968 4.882 3.032 3.647 2.806 2.531 -999.250 -999.250 -999.250 -999.250 -999.250 -999.250 -999.250 -999.250 -999.250 -999.250 -999.250 -999.250 -999.250 -999.250 -999.250 -999.250 -999.250 -999.250 -999.250 -999.250 -999.250 -999.250 -999.250 -999.250 -999.250
0.000 0.000 0.000 0.000 0.000 0.000 0.000 0.000 0.000 0.000 0.000 0.000 0.000 0.000 0.000 0.000 0.000 0.000 0.732 0.774 0.766 3.503 3.130 4.898 2.771 3.323 4.590 4.327 3.705 3.739 4.751 5.728 4.869 2.233 3.864 3.300 3.659 3.950 5.253 5.226 -999.250 -999.250 -999.250 -999.250 -999.250 -999.250 -999.250 -999.250 -999.250 -999.250 -999.250 -999.250 -999.250 -999.250 -999.250 -999.250 -999.250 -999.250 -999.250 -999.250 -999.250 -999.250 -999.250 -999.250 -999.250 -999.250 -999.250 -999.250 -999.250
0.000 0.000 0.000 0.000 0.000 1.145 0.000 0.000 0.000 0.000 0.000 0.000 0.000 0.000 0.232 0.000 1.630 0.739 2.654 3.154 0.000 1.076 1.701 3.049 4.795 4.133 3.592 4.981 4.494 5.232 5.399 3.630 3.129 3.823 4.892 4.479 5.905 5.332 -999.250 -999.250 -999.250 -999.250 -999.250 -999.250 -999.250 -999.250 -999.250 -999.250 -999.250 -999.250 -999.250 -999.250 -999.250 -999.250 -999.250 -999.250 -999.250 -999.250 -999.250 -999.250 -999.250 -999.250 -999.250 -999.250 -999.250 -999.250 -999.250 -999.250 -999.250
0.000 0.000 0.000 0.000 0.179 1.036 0.556 0.175 0.088 0.000 0.000 0.000 0.000 0.000 0.000 0.484 0.000 0.145 2.293 2.514 1.579 2.119 2.180 2.373 4.380 3.553 3.943 3.771 3.579 3.659 6.772 6.116 6.085 7.835 7.344 6.461 8.179 7.837 -999.250 -999.250 -999.250 -999.250 -999.250 -999.250 -999.250 -999.250 -999.250 -999.250 -999.250 -999.250 -999.250 -999.250 -999.250 -999.250 -999.250 -999.250 -999.250 -999.250 -999.250 -999.250 -999.250 -999.250 -999.250 -999.250 -999.250 -999.250 -999.250 -999.250 -999.250
0.000 0.000 0.000 0.222 0.000 0.000 1.743 0.466 0.000 0.000 0.000 0.000 0.000 0.000 0.000 0.587 0.049 1.780 2.001 1.365 2.967 1.168 3.159 4.690 3.632 4.990 3.321 2.384 3.490 4.711 8.037 8.715 9.253 12.017 12.788 8.579 8.444 7.438 -999.250 -999.250 -999.250 -999.250 -999.250 -999.250 -999.250 -999.250 -999.250 -999.250 -999.250 -999.250 -999.250 -999.250 -999.250 -999.250 -999.250 -999.250 -999.250 -999.250 -999.250 -999.250 -999.250 -999.250 -999.250 -999.250 -999.250 -999.250 -999.250 -999.250 -999.250
0.000 0.000 0.000 0.000 0.000 1.002 0.000 0.000 0.000 0.000 0.000 0.000 0.892 0.000 0.030 0.000 0.000 0.000 1.973 2.125 0.081 2.803 1.353 3.301 3.009 5.819 5.997 3.889 4.260 5.128 5.829 7.602 8.801 11.466 21.030 11.974 11.603 7.206 -999.250 -999.250 -999.250 -999.250 -999.250 -999.250 -999.250 -999.250 -999.250 -999.250 -999.250 -999.250 -999.250 -999.250 -999.250 -999.250 -999.250 -999.250 -999.250 -999.250 -999.250 -999.250 -999.250 -999.250 -999.250 -999.250 -999.250 -999.250 -999.250 -999.250 -999.250
0.000 0.000 0.000 0.000 0.000 0.000 0.000 1.164 0.000 0.000 0.271 0.174 0.000 0.000 0.000 0.000 0.000 0.000 3.774 1.118 1.301 5.360 3.541 3.956 4.050 4.378 4.507 6.504 4.178 5.579 5.841 3.616 6.120 10.059 8.754 7.585 8.992 7.342 -999.250 -999.250 -999.250 -999.250 -999.250 -999.250 -999.250 -999.250 -999.250 -999.250 -999.250 -999.250 -999.250 -999.250 -999.250 -999.250 -999.250 -999.250 -999.250 -999.250 -999.250 -999.250 -999.250 -999.250 -999.250 -999.250 -999.250 -999.250 -999.250 -999.250 -999.250
0.000 0.000 0.000 0.000 0.082 0.184 0.000 0.000 0.000 0.000 0.000 0.000 0.000 0.000 0.000 0.000 0.000 0.000 0.622 0.000 2.594 2.553 6.122 5.501 3.731 4.245 3.461 3.794 4.246 4.883 3.712 5.800 4.733 4.801 6.227 5.614 6.123 5.879 -999.250 -999.250 -999.250 -999.250 -999.250 -999.250 -999.250 -999.250 -999.250 -999.250 -999.250 -999.250 -999.250 -999.250 -999.250 -999.250 -999.250 -999.250 -999.250 -999.250 -999.250 -999.250 -999.250 -999.250 -999.250 -999.250 -999.250 -999.250 -999.250 -999.250 -999.250
0.000 0.000 0.000 0.000 0.000 0.000 0.007 0.000 0.561 0.000 0.000 0.000 0.000 0.000 1.518 0.000 2.931 0.164 1.347 2.845 0.328 2.591 3.634 5.151 3.744 4.633 3.458 3.763 3.044 3.393 4.712 6.084 3.957 3.900 5.623 4.820 5.167 4.465 3.103 6.076 -999.250 -999.250 -999.250 -999.250 -999.250 -999.250 -999.250 -999.250 -999.250 -999.250 -999.250 -999.250 -999.250 -999.250 -999.250 -999.250 -999.250 -999.250 -999.250 -999.250 -999.250 -999.250 -999.250 -999.250 -999.250 -999.250 -999.250 -999.250 -999.250
0.000 0.000 0.000 0.000 0.000 0.000 0.000 1.643 0.000 1.223 2.096 0.423 0.129 0.000 1.164 1.814 3.060 3.303 2.629 3.841 2.306 2.964 2.234 1.903 1.965 3.652 2.685 6.539 4.894 3.996 3.781 5.171 5.357 4.347 5.695 3.766 4.048 2.775 4.253 4.194 5.454 7.774 -999.250 -999.250 -999.250 -999.250 -999.250 -999.250 -999.250 -999.250 -999.250 -999.250 -999.250 -999.250 -999.250 -999.250 -999.250 -999.250 -999.250 -999.250 -999.250 -999.250 -999.250 -999.250 -999.250 -999.250 -999.250 -999.250 -999.250
0.000 0.000 0.000 0.000 0.000 0.000 0.000 1.280 2.643 1.027 2.606 0.000 1.353 2.231 2.288 3.836 3.527 2.505 4.691 5.065 5.133 3.112 1.873 1.198 1.412 3.719 5.660 5.578 3.538 3.903 3.950 3.226 5.023 8.031 3.737 5.535 4.711 5.315 5.114 3.542 4.577 4.543 -999.250 -999.250 -999.250 -999.250 -999.250 -999.250 -999.250 -999.250 -999.250 -999.250 -999.250 -999.250 -999.250 -999.250 -999.250 -999.250 -999.250 -999.250 -999.250 -999.250 -999.250 -999.250 -999.250 -999.250 -999.250 -999.250 -999.250
0.000 0.000 0.000 0.000 0.000 0.000 0.367 0.000 0.592 0.834 0.646 2.247 3.033 4.782 4.425 2.889 3.388 3.172 3.743 4.854 5.555 3.534 2.865 0.619 4.706 4.314 5.128 7.350 5.391 2.558 0.979 4.656 6.714 5.991 3.901 4.149 8.324 7.097 5.577 4.389 3.716 3.414 3.909 -999.250 -999.250 -999.250 -999.250 -999.250 -999.250 -999.250 -999.250 -999.250 -999.250 -999.250 -999.250 -999.250 -999.250 -999.250 -999.250 -999.250 -999.250 -999.250 -999.250 -999.250 -999.250 -999.250 -999.250 -999.250 -999.250
0.000 0.000 0.000 0.000 0.000 0.000 0.000 2.012 2.932 0.115 0.553 3.865 5.351 6.871 6.899 3.065 3.995 5.199 4.742 3.198 3.365 3.191 1.862 5.252 4.698 7.302 6.108 9.056 6.509 4.438 4.911 3.190 2.962 4.080 3.292 1.432 2.825 3.067 4.489 4.260 6.828 5.137 7.392 5.556 -999.250 -999.250 -999.250 -999.250 -999.250 -999.250 -999.250 -999.250 -999.250 -999.250 -999.250 -999.250 -999.250 -999.250 -999.250 -999.250 -999.250 -999.250 -999.250 -999.250 -999.250 -999.250 -999.250 -999.250 -999.250
0.000 0.000 0.000 0.000 0.116 2.212 2.536 3.537 2.899 4.873 3.286 3.787 5.148 5.585 3.418 2.842 2.748 4.731 4.017 2.955 2.377 1.976 3.835 5.094 5.210 5.141 6.395 4.007 4.420 3.140 4.735 4.872 4.509 4.876 3.892 4.826 4.504 3.920 3.076 3.888 3.608 4.342 5.071 4.187 -999.250 -999.250 -999.250 -999.250 -999.250 -999.250 -999.250 -999.250 -999.250 -999.250 -999.250 -999.250 -999.250 -999.250 -999.250 -999.250 -999.250 -999.250 -999.250 -999.250 -999.250 -999.250 -999.250 -999.250 -999.250
0.000 0.000 0.000 1.739 0.000 0.000 1.330 1.282 1.762 4.068 5.268 4.526 3.615 7.800 3.835 4.174 5.786 6.652 6.512 6.421 3.277 1.829 3.188 4.067 7.126 4.827 3.345 3.676 2.714 3.149 5.512 2.951 3.726 1.660 4.987 3.264 3.392 2.868 2.307 2.892 3.099 3.530 3.708 3.853 2.193 -999.250 -999.250 -999.250 -999.250 -999.250 -999.250 -999.250 -999.250 -999.250 -999.250 -999.250 -999.250 -999.250 -999.250 -999.250 -999.250 -999.250 -999.250 -999.250 -999.250 -999.250 -999.250 -999.250 -999.250
0.000 0.000 0.000 0.000 1.198 0.187 2.115 0.000 0.506 3.688 5.526 4.627 6.575 5.550 4.215 4.163 6.620 5.582 6.974 5.383 7.786 2.593 4.381 3.249 5.191 3.894 5.167 2.041 1.355 3.987 2.786 1.290 0.683 1.273 3.660 6.368 3.512 2.475 2.977 4.181 2.610 2.668 4.863 6.236 -999.250 -999.250 -999.250 -999.250 -999.250 -999.250 -999.250 -999.250 -999.250 -999.250 -999.250 -999.250 -999.250 -999.250 -999.250 -999.250 -999.250 -999.250 -999.250 -999.250 -999.250 -999.250 -999.250 -999.250 -999.250
0.000 0.000 0.000 0.000 0.000 2.360 0.243 1.870 3.812 4.193 4.566 4.220 5.179 6.630 6.714 6.061 6.115 6.611 7.057 7.383 7.114 5.571 5.428 4.674 4.480 4.963 3.099 2.142 3.561 2.605 2.409 0.729 2.932 2.835 3.375 5.459 4.826 3.690 3.339 4.678 3.249 3.414 3.804 3.709 -999.250 -999.250 -999.250 -999.250 -999.250 -999.250 -999.250 -999.250 -999.250 -999.250 -999.250 -999.250 -999.250 -999.250 -999.250 -999.250 -999.250 -999.250 -999.250 -999.250 -999.250 -999.250 -999.250 -999.250 -999.250
0.000 0.000 0.000 0.000 0.000 1.566 2.550 1.177 2.966 2.083 3.548 6.273 7.201 8.676 8.084 4.534 5.786 4.481 7.431 6.112 5.570 5.448 4.985 4.310 4.599 3.725 3.147 2.469 1.762 1.206 2.377 0.000 0.000 3.120 5.370 6.010 1.677 4.304 5.170 5.623 3.749 4.200 4.876 2.170 -999.250 -999.250 -999.250 -999.250 -999.250 -999.250 -999.250 -999.250 -999.250 -999.250 -999.250 -999.250 -999.250 -999.250 -999.250 -999.250 -999.250 -999.250 -999.250 -999.250 -999.250 -999.250 -999.250 -999.250 -999.250
0.000 0.000 0.000 0.244 0.949 3.779 4.475 4.021 4.864 4.877 4.875 8.558 7.002 6.562 5.983 5.613 4.907 4.839 5.848 6.767 5.943 6.031 7.319 5.806 3.570 3.744 3.625 0.659 2.497 0.633 0.000 0.000 0.000 0.000 2.049 1.081 1.889 3.072 4.960 5.131 3.876 2.239 0.760 1.920 -999.250 -999.250 -999.250 -999.250 -999.250 -999.250 -999.250 -999.250 -999.250 -999.250 -999.250 -999.250 -999.250 -999.250 -999.250 -999.250 -999.250 -999.250 -999.250 -999.250 -999.250 -999.250 -999.250 -999.250 -999.250
0.000 0.000 0.000 0.116 2.634 1.806 0.888 4.039 3.508 3.488 5.013 6.809 6.446 6.655 6.053 4.765 7.500 3.818 6.190 6.886 8.477 4.831 6.639 4.076 3.593 4.426 3.658 1.597 2.570 2.322 0.000 0.000 0.000 0.049 0.000 0.267 0.000 4.346 4.555 3.739 0.731 0.000 0.911 -999.250 -999.250 -999.250 -999.250 -999.250 -999.250 -999.250 -999.250 -999.250 -999.250 -999.250 -999.250 -999.250 -999.250 -999.250 -999.250 -999.250 -999.250 -999.250 -999.250 -999.250 -999.250 -999.250 -999.250 -999.250 -999.250
