data/medianmodel_18-Dec-2020.asc
ncols	141
nrows	288
xllcorner	-120191.398
yllcorner	-301404.813
cellsize	2000.000
NODATA_value	-999.250
[rows 116 to 144 of 288, columns 0 to 63 of 141]
-999.250 -999.250 -999.250 -999.250 -999.250 -999.250 -999.250 -999.250 -999.250 -999.250 -999.250 -999.250 -999.250 -999.250 -999.250 -999.250 -999.250 -999.250 -999.250 -999.250 -999.250 -999.250 -999.250 -999.250 -999.250 -999.250 -999.250 363.528 360.705 341.605 352.399 370.086 351.014 357.603 374.715 383.951 383.832 419.359 416.418 436.967 439.368 444.037 459.168 479.680 488.049 475.566 445.822 434.762 435.836 426.339 464.557 502.817 508.308 520.288 516.536 489.017 479.382 455.067 390.968 334.211 273.330 242.951 210.788 188.380
-999.250 -999.250 -999.250 -999.250 -999.250 -999.250 -999.250 -999.250 -999.250 -999.250 -999.250 -999.250 -999.250 -999.250 -999.250 -999.250 -999.250 -999.250 -999.250 -999.250 -999.250 -999.250 -999.250 -999.250 -999.250 -999.250 -999.250 348.459 347.706 372.570 347.210 366.827 375.580 368.113 361.059 362.327 393.404 386.588 426.827 450.191 469.664 441.943 465.067 456.601 449.548 441.656 423.554 420.451 405.775 370.576 431.698 472.190 494.807 511.868 522.504 504.384 506.696 497.322 397.888 330.319 260.421 222.764 197.620 182.354
-999.250 -999.250 -999.250 -999.250 -999.250 -999.250 -999.250 -999.250 -999.250 -999.250 -999.250 -999.250 -999.250 -999.250 -999.250 -999.250 -999.250 -999.250 -999.250 -999.250 -999.250 -999.250 -999.250 -999.250 -999.250 -999.250 350.777 346.142 356.210 362.443 356.986 362.730 359.903 355.164 356.902 368.343 371.228 384.726 395.966 413.535 445.997 475.066 455.489 458.539 430.729 415.104 424.566 391.226 385.284 398.245 441.281 454.882 510.183 542.548 534.113 522.790 495.764 448.977 376.196 329.030 264.367 214.886 196.167 181.203
-999.250 -999.250 -999.250 -999.250 -999.250 -999.250 -999.250 -999.250 -999.250 -999.250 -999.250 -999.250 -999.250 -999.250 -999.250 -999.250 -999.250 -999.250 -999.250 -999.250 -999.250 -999.250 -999.250 -999.250 -999.250 -999.250 370.206 361.829 348.876 348.603 358.035 357.758 354.292 342.081 357.484 361.399 370.090 378.035 390.589 416.980 430.460 442.137 436.959 433.500 431.250 438.728 428.128 412.081 420.219 442.106 467.615 484.536 535.788 531.324 543.629 526.615 482.797 405.961 348.836 287.977 253.916 202.698 193.878 176.925
-999.250 -999.250 -999.250 -999.250 -999.250 -999.250 -999.250 -999.250 -999.250 -999.250 -999.250 -999.250 -999.250 -999.250 -999.250 -999.250 -999.250 -999.250 -999.250 -999.250 -999.250 -999.250 -999.250 -999.250 -999.250 -999.250 353.452 346.934 351.196 357.366 349.971 354.004 351.693 348.925 356.224 355.841 368.121 381.122 383.811 394.996 412.200 421.607 439.433 420.570 450.333 464.250 454.303 461.750 454.291 494.882 504.501 523.892 535.579 551.679 534.467 520.639 435.912 366.767 297.838 255.399 217.178 193.209 179.219 166.148
-999.250 -999.250 -999.250 -999.250 -999.250 -999.250 -999.250 -999.250 -999.250 -999.250 -999.250 -999.250 -999.250 -999.250 -999.250 -999.250 -999.250 -999.250 -999.250 -999.250 -999.250 -999.250 -999.250 -999.250 -999.250 335.983 346.685 345.203 372.288 358.373 350.445 358.011 346.237 357.362 350.607 354.678 365.103 366.347 375.225 401.385 396.916 407.637 418.744 432.694 457.142 467.325 490.278 494.740 491.770 511.251 514.247 551.516 558.933 561.808 551.238 508.789 423.970 355.917 263.930 233.268 212.384 189.701 173.137 136.315
-999.250 -999.250 -999.250 -999.250 -999.250 -999.250 -999.250 -999.250 -999.250 -999.250 -999.250 -999.250 -999.250 -999.250 -999.250 -999.250 -999.250 -999.250 -999.250 -999.250 -999.250 -999.250 -999.250 -999.250 -999.250 314.521 359.715 374.623 353.810 367.499 362.126 372.663 364.355 362.087 347.475 353.402 358.421 359.469 366.078 365.919 390.995 401.063 403.301 427.151 447.018 468.314 505.741 531.606 516.993 509.468 536.109 558.611 583.928 604.191 560.385 527.717 452.578 353.296 284.974 244.211 200.797 194.781 171.483 142.482
-999.250 -999.250 -999.250 -999.250 -999.250 -999.250 -999.250 -999.250 -999.250 -999.250 -999.250 -999.250 -999.250 -999.250 -999.250 -999.250 -999.250 -999.250 -999.250 -999.250 -999.250 -999.250 -999.250 -999.250 -999.250 325.763 354.135 362.233 368.760 373.847 382.808 365.709 370.260 362.141 362.442 352.451 356.743 352.184 363.382 370.811 378.010 371.220 390.466 406.501 417.202 450.609 460.508 514.492 511.769 516.110 544.249 571.304 618.392 606.271 580.089 545.093 469.424 379.188 315.405 239.737 207.540 193.315 173.434 131.564
-999.250 -999.250 -999.250 -999.250 -999.250 -999.250 -999.250 -999.250 -999.250 -999.250 -999.250 -999.250 -999.250 -999.250 -999.250 -999.250 -999.250 -999.250 -999.250 -999.250 -999.250 -999.250 -999.250 -999.250 323.980 347.084 357.318 373.579 381.544 389.212 396.390 385.711 381.655 372.830 371.840 361.763 369.800 371.142 364.747 356.742 359.518 356.438 360.296 380.526 390.870 418.476 420.819 438.214 455.968 504.719 526.781 560.457 616.619 659.628 671.720 587.398 491.413 395.031 328.979 253.169 216.513 188.865 172.301 138.963
-999.250 -999.250 -999.250 -999.250 -999.250 -999.250 -999.250 -999.250 -999.250 -999.250 -999.250 -999.250 -999.250 -999.250 -999.250 -999.250 -999.250 -999.250 -999.250 -999.250 -999.250 -999.250 -999.250 -999.250 329.444 347.567 364.750 379.928 401.680 395.870 411.342 418.360 393.152 399.417 386.589 378.137 365.789 364.051 353.769 351.873 342.967 343.441 346.281 355.464 353.175 362.203 375.371 379.667 391.801 443.186 481.362 535.090 593.348 674.349 754.310 612.439 493.218 396.717 337.005 260.642 221.101 191.043 161.718 136.598
-999.250 -999.250 -999.250 -999.250 -999.250 -999.250 -999.250 -999.250 -999.250 -999.250 -999.250 -999.250 -999.250 -999.250 -999.250 -999.250 -999.250 -999.250 -999.250 -999.250 -999.250 -999.250 -999.250 291.253 310.657 339.553 362.474 389.708 385.574 414.460 425.397 428.575 425.690 413.815 389.152 377.347 376.465 366.485 362.553 352.159 341.443 316.821 314.324 330.054 329.237 301.010 328.754 339.968 342.795 373.018 425.647 481.001 534.754 596.816 618.242 556.578 476.732 375.172 329.780 254.687 216.613 190.000 166.435 137.232
-999.250 -999.250 -999.250 -999.250 -999.250 -999.250 -999.250 -999.250 -999.250 -999.250 -999.250 -999.250 -999.250 -999.250 -999.250 -999.250 -999.250 -999.250 -999.250 -999.250 -999.250 -999.250 -999.250 285.589 328.737 344.167 362.447 382.666 407.143 423.211 450.649 446.406 453.569 439.500 433.817 386.744 383.242 365.824 353.230 335.077 316.117 310.255 269.937 280.028 268.968 260.162 246.502 242.577 254.951 300.336 347.417 406.136 472.554 510.252 534.694 481.119 419.000 366.318 307.910 252.425 210.440 186.471 175.897 136.273
-999.250 -999.250 -999.250 -999.250 -999.250 -999.250 -999.250 -999.250 -999.250 -999.250 -999.250 -999.250 -999.250 -999.250 -999.250 -999.250 -999.250 -999.250 -999.250 -999.250 -999.250 -999.250 -999.250 307.119 313.614 337.436 353.182 378.903 414.756 451.539 469.874 487.627 503.363 470.851 438.534 408.930 392.581 372.111 355.131 312.168 309.294 282.117 251.182 257.428 235.150 219.656 193.894 192.087 181.901 225.683 288.380 360.119 395.331 402.872 416.804 395.950 370.891 323.950 280.889 236.802 200.287 185.152 185.223 136.697
-999.250 -999.250 -999.250 -999.250 -999.250 -999.250 -999.250 -999.250 -999.250 -999.250 -999.250 -999.250 -999.250 -999.250 -999.250 -999.250 -999.250 -999.250 -999.250 -999.250 -999.250 -999.250 233.780 263.542 293.317 323.081 356.588 393.135 437.184 463.453 482.631 513.337 518.551 492.530 463.320 412.145 381.255 364.132 351.575 339.330 310.663 257.140 248.123 224.775 211.015 192.964 177.577 166.023 161.558 195.076 226.683 272.594 307.886 330.583 347.131 346.298 309.820 272.109 231.935 204.706 190.548 178.219 157.251 125.486
-999.250 -999.250 -999.250 -999.250 -999.250 -999.250 -999.250 -999.250 -999.250 -999.250 -999.250 -999.250 -999.250 -999.250 -999.250 -999.250 -999.250 -999.250 -999.250 -999.250 -999.250 -999.250 224.903 256.909 272.451 314.872 352.230 409.077 440.868 474.611 527.239 531.772 510.945 488.046 455.981 422.131 390.606 368.963 344.169 328.353 289.285 250.080 230.583 218.151 196.018 183.539 156.372 132.776 140.089 168.126 187.810 203.055 232.685 262.754 264.411 285.826 246.185 226.945 210.315 196.626 180.007 164.220 136.475 120.510
-999.250 -999.250 -999.250 -999.250 -999.250 -999.250 -999.250 -999.250 -999.250 -999.250 -999.250 -999.250 -999.250 -999.250 -999.250 -999.250 -999.250 -999.250 -999.250 -999.250 -999.250 202.870 219.891 245.581 283.058 322.586 361.667 380.437 434.705 501.207 553.218 525.894 518.072 480.544 449.238 412.785 385.146 359.268 339.548 292.717 283.427 244.560 217.792 198.493 171.546 147.035 134.439 123.041 122.766 141.796 154.160 167.799 182.729 205.162 204.947 211.342 215.373 196.736 191.895 185.417 158.085 144.304 135.091 113.351
-999.250 -999.250 -999.250 -999.250 -999.250 -999.250 -999.250 -999.250 -999.250 -999.250 -999.250 -999.250 -999.250 -999.250 -999.250 -999.250 -999.250 -999.250 -999.250 -999.250 -999.250 188.290 204.345 236.309 263.240 292.424 350.710 371.858 406.326 464.474 494.221 495.162 480.514 448.666 414.485 390.958 382.494 364.597 326.507 299.197 263.216 233.222 209.803 186.629 170.943 142.789 128.847 122.300 120.062 122.427 119.922 128.001 132.896 148.389 154.250 177.437 185.037 184.400 172.310 166.895 151.347 136.093 122.945 104.504
-999.250 -999.250 -999.250 -999.250 -999.250 -999.250 -999.250 -999.250 -999.250 -999.250 -999.250 -999.250 -999.250 -999.250 -999.250 -999.250 -999.250 -999.250 -999.250 -999.250 -999.250 189.889 194.855 222.305 245.757 287.051 340.868 362.180 403.105 422.478 443.966 440.102 446.440 420.478 416.891 381.059 375.874 349.683 305.233 282.613 254.650 223.553 205.657 184.339 160.096 146.602 126.322 117.869 102.193 98.182 97.269 93.598 99.411 112.048 124.013 140.926 156.836 150.966 165.604 138.436 136.847 125.519 115.638 98.470
-999.250 -999.250 -999.250 -999.250 -999.250 -999.250 -999.250 -999.250 -999.250 -999.250 -999.250 -999.250 -999.250 -999.250 -999.250 -999.250 -999.250 -999.250 -999.250 -999.250 162.562 180.762 188.908 217.326 236.045 276.081 314.321 353.209 379.537 404.722 397.508 400.724 419.932 406.840 395.945 379.668 364.579 354.198 315.466 277.629 281.355 228.543 204.323 183.232 164.955 137.646 126.369 113.027 95.189 91.680 85.625 79.477 75.386 88.089 106.786 127.502 143.679 154.903 151.812 149.083 125.383 123.942 106.434 95.461
-999.250 -999.250 -999.250 -999.250 -999.250 -999.250 -999.250 -999.250 -999.250 -999.250 -999.250 -999.250 -999.250 -999.250 -999.250 -999.250 -999.250 -999.250 -999.250 -999.250 137.499 155.713 174.432 204.118 224.096 274.007 313.232 355.712 359.682 379.661 373.472 384.714 392.321 385.241 389.112 377.627 366.776 333.704 319.421 305.843 255.684 226.612 202.965 189.651 151.747 138.586 127.115 101.533 98.279 86.790 81.268 74.617 78.809 86.250 95.105 123.361 128.675 156.848 173.855 156.735 144.716 121.410 106.143 92.987
-999.250 -999.250 -999.250 -999.250 -999.250 -999.250 -999.250 -999.250 -999.250 -999.250 -999.250 -999.250 -999.250 -999.250 -999.250 -999.250 -999.250 -999.250 -999.250 -999.250 133.197 139.512 172.586 200.951 226.497 280.547 319.219 340.891 358.311 365.074 363.048 384.982 390.862 374.051 377.072 379.287 349.659 326.396 316.773 273.028 246.446 226.377 216.911 188.280 145.982 132.654 118.408 115.467 102.012 92.896 84.988 83.722 79.867 87.820 94.103 119.085 131.700 174.140 183.274 180.628 155.803 129.989 106.683 94.318
-999.250 -999.250 -999.250 -999.250 -999.250 -999.250 -999.250 -999.250 -999.250 -999.250 -999.250 -999.250 -999.250 -999.250 -999.250 -999.250 -999.250 -999.250 -999.250 -999.250 122.256 133.310 161.736 193.451 224.496 273.179 318.414 363.983 371.127 385.822 369.605 393.334 404.027 389.728 386.927 373.063 347.081 330.970 307.210 286.467 272.455 253.870 219.499 194.689 173.726 142.542 131.280 121.400 105.576 93.678 91.550 84.609 87.041 85.851 96.565 120.667 142.758 167.988 186.383 210.653 163.030 133.227 116.221 99.444
-999.250 -999.250 -999.250 -999.250 -999.250 -999.250 -999.250 -999.250 -999.250 -999.250 -999.250 -999.250 -999.250 -999.250 -999.250 -999.250 -999.250 -999.250 -999.250 97.743 114.322 130.220 161.467 184.608 228.872 277.713 349.493 399.720 429.555 441.478 453.171 451.045 441.619 409.996 384.772 360.347 348.209 317.107 308.088 277.212 258.677 229.452 212.668 200.712 177.851 150.058 137.225 124.640 103.906 105.266 92.647 88.450 92.982 93.100 102.298 125.060 151.814 174.011 187.988 179.539 153.077 132.411 106.613 94.538
-999.250 -999.250 -999.250 -999.250 -999.250 -999.250 -999.250 -999.250 -999.250 -999.250 -999.250 -999.250 -999.250 -999.250 -999.250 -999.250 -999.250 -999.250 -999.250 97.785 101.158 115.926 141.184 185.559 228.228 295.395 360.311 420.841 481.026 528.700 560.168 546.819 493.116 424.645 399.408 379.008 351.659 344.497 315.555 288.006 253.621 243.473 218.308 192.865 184.236 172.703 149.598 130.441 119.402 112.014 105.341 98.890 98.491 105.593 107.201 124.893 143.616 171.909 181.096 176.019 150.983 124.819 108.651 100.426
-999.250 -999.250 -999.250 -999.250 -999.250 -999.250 -999.250 -999.250 -999.250 -999.250 -999.250 -999.250 -999.250 -999.250 -999.250 -999.250 -999.250 -999.250 -999.250 91.074 98.835 118.477 136.719 179.008 227.023 297.915 372.837 447.493 504.311 576.192 674.543 588.115 534.055 459.864 437.453 374.311 350.013 338.396 316.561 291.292 259.566 256.215 223.159 206.987 202.464 191.968 165.532 143.061 132.442 122.175 113.459 104.186 104.253 115.093 120.694 133.082 148.977 181.054 176.025 171.978 141.554 126.841 106.955 103.634
-999.250 -999.250 -999.250 -999.250 -999.250 -999.250 -999.250 -999.250 -999.250 -999.250 -999.250 -999.250 -999.250 -999.250 -999.250 -999.250 -999.250 -999.250 -999.250 101.706 99.432 118.573 134.310 183.834 226.317 317.379 380.235 465.597 535.716 587.178 632.263 592.129 549.273 471.817 415.590 378.965 348.772 319.544 304.840 297.278 284.266 277.266 234.203 225.525 208.465 191.254 172.061 157.732 152.389 131.156 119.512 116.682 117.065 124.561 134.215 135.907 149.336 177.999 172.860 174.758 162.566 139.418 127.366 107.845
-999.250 -999.250 -999.250 -999.250 -999.250 -999.250 -999.250 -999.250 -999.250 -999.250 -999.250 -999.250 -999.250 -999.250 -999.250 -999.250 -999.250 -999.250 -999.250 111.122 116.680 134.182 161.474 199.116 235.487 331.456 376.628 444.830 508.013 554.991 571.437 568.041 533.713 482.180 408.063 382.351 341.044 310.169 290.040 285.879 271.204 262.232 245.930 233.011 216.800 193.805 179.838 177.118 168.288 145.027 129.120 131.512 128.335 132.519 148.976 165.205 170.971 174.811 187.784 187.285 185.967 183.455 175.090 146.824
-999.250 -999.250 -999.250 -999.250 -999.250 -999.250 -999.250 -999.250 -999.250 -999.250 -999.250 -999.250 -999.250 -999.250 -999.250 -999.250 -999.250 -999.250 128.913 128.867 141.092 153.084 181.083 212.865 258.584 332.135 380.246 455.159 507.456 544.654 549.215 532.734 483.135 466.894 402.557 360.989 333.989 287.068 299.702 282.395 286.204 257.804 253.811 242.279 217.601 199.610 182.668 173.107 176.016 159.845 151.741 139.915 127.875 147.921 149.825 169.988 186.051 197.525 203.839 219.138 219.957 226.112 232.925 258.318
-999.250 -999.250 -999.250 -999.250 -999.250 -999.250 -999.250 -999.250 -999.250 -999.250 -999.250 -999.250 -999.250 -999.250 -999.250 -999.250 -999.250 152.226 163.176 148.626 167.712 184.143 196.495 234.686 286.116 347.469 377.098 437.374 488.795 532.044 534.403 527.722 472.129 410.707 378.607 353.057 300.243 277.542 279.568 284.323 270.360 279.480 260.384 244.166 220.640 204.336 192.785 185.586 179.707 168.927 153.788 150.374 147.934 152.834 180.238 184.016 197.074 212.499 237.852 267.308 268.672 300.512 315.957 361.672
