data/medianmodel_01-Jan-2021.asc
ncols	141
nrows	288
xllcorner	-120191.398
yllcorner	-301404.813
cellsize	2000.000
NODATA_value	-999.250
[rows 87 to 115 of 288, columns 0 to 64 of 141]
-999.250 -999.250 -999.250 -999.250 -999.250 -999.250 -999.250 -999.250 -999.250 -999.250 -999.250 -999.250 -999.250 -999.250 -999.250 -999.250 -999.250 -999.250 -999.250 -999.250 -999.250 -999.250 -999.250 -999.250 -999.250 -999.250 -999.250 -999.250 -999.250 -999.250 -999.250 -999.250 -999.250 409.197 402.390 393.618 376.021 364.642 355.943 345.376 348.274 359.155 371.147 403.240 441.702 477.950 527.879 555.739 579.326 564.222 540.169 519.203 471.886 420.435 391.465 360.232 338.813 311.921 302.372 281.036 278.136 283.186 296.965 323.016 356.337
-999.250 -999.250 -999.250 -999.250 -999.250 -999.250 -999.250 -999.250 -999.250 -999.250 -999.250 -999.250 -999.250 -999.250 -999.250 -999.250 -999.250 -999.250 -999.250 -999.250 -999.250 -999.250 -999.250 -999.250 -999.250 -999.250 -999.250 -999.250 -999.250 -999.250 -999.250 -999.250 428.490 412.485 402.030 381.105 370.392 380.127 353.437 344.874 352.905 360.829 379.946 424.056 479.594 517.810 554.114 590.184 600.423 600.909 576.951 529.930 475.942 449.765 392.043 374.256 337.143 320.697 300.623 290.136 285.594 284.643 296.565 332.606 364.218
-999.250 -999.250 -999.250 -999.250 -999.250 -999.250 -999.250 -999.250 -999.250 -999.250 -999.250 -999.250 -999.250 -999.250 -999.250 -999.250 -999.250 -999.250 -999.250 -999.250 -999.250 -999.250 -999.250 -999.250 -999.250 -999.250 -999.250 -999.250 -999.250 -999.250 -999.250 -999.250 411.013 408.774 400.041 385.228 390.030 387.630 367.352 383.550 378.432 377.926 403.674 470.251 506.848 572.699 604.965 628.079 642.684 628.703 607.899 560.719 506.998 466.778 427.684 382.921 356.298 340.552 319.767 288.623 296.142 299.592 322.366 338.825 354.757
-999.250 -999.250 -999.250 -999.250 -999.250 -999.250 -999.250 -999.250 -999.250 -999.250 -999.250 -999.250 -999.250 -999.250 -999.250 -999.250 -999.250 -999.250 -999.250 -999.250 -999.250 -999.250 -999.250 -999.250 -999.250 -999.250 -999.250 -999.250 -999.250 -999.250 -999.250 -999.250 415.503 421.810 404.920 385.802 417.766 401.228 395.940 383.061 398.180 424.270 455.331 506.529 576.761 617.339 677.622 689.136 680.135 664.252 633.066 565.684 534.948 477.838 441.428 416.564 375.355 349.704 327.339 323.659 322.456 320.657 322.495 350.902 383.514
-999.250 -999.250 -999.250 -999.250 -999.250 -999.250 -999.250 -999.250 -999.250 -999.250 -999.250 -999.250 -999.250 -999.250 -999.250 -999.250 -999.250 -999.250 -999.250 -999.250 -999.250 -999.250 -999.250 -999.250 -999.250 -999.250 -999.250 -999.250 -999.250 -999.250 -999.250 -999.250 412.972 413.525 405.285 406.913 413.561 404.308 402.409 414.865 445.625 456.459 483.831 557.196 656.677 719.504 774.157 791.148 756.878 718.506 683.899 628.614 556.358 508.993 472.076 423.298 381.224 356.425 351.336 344.459 350.309 358.273 366.301 386.749 415.201
-999.250 -999.250 -999.250 -999.250 -999.250 -999.250 -999.250 -999.250 -999.250 -999.250 -999.250 -999.250 -999.250 -999.250 -999.250 -999.250 -999.250 -999.250 -999.250 -999.250 -999.250 -999.250 -999.250 -999.250 -999.250 -999.250 -999.250 -999.250 -999.250 -999.250 -999.250 397.423 402.298 411.360 413.549 393.964 422.735 426.485 431.632 459.778 473.530 509.066 543.314 615.420 686.587 780.989 863.817 844.875 808.473 749.184 675.383 654.092 569.530 513.170 474.100 427.165 411.788 385.950 368.535 370.460 375.386 392.147 427.784 434.014 462.505
-999.250 -999.250 -999.250 -999.250 -999.250 -999.250 -999.250 -999.250 -999.250 -999.250 -999.250 -999.250 -999.250 -999.250 -999.250 -999.250 -999.250 -999.250 -999.250 -999.250 -999.250 -999.250 -999.250 -999.250 -999.250 -999.250 -999.250 -999.250 -999.250 -999.250 -999.250 375.928 397.241 406.716 412.304 411.145 429.880 443.973 466.341 480.308 513.646 554.450 605.183 664.499 742.810 806.474 975.860 911.868 836.112 778.760 706.243 609.068 557.070 508.104 483.112 466.153 425.021 396.596 380.701 378.838 395.458 439.925 465.753 500.488 505.387
-999.250 -999.250 -999.250 -999.250 -999.250 -999.250 -999.250 -999.250 -999.250 -999.250 -999.250 -999.250 -999.250 -999.250 -999.250 -999.250 -999.250 -999.250 -999.250 -999.250 -999.250 -999.250 -999.250 -999.250 -999.250 -999.250 -999.250 -999.250 -999.250 -999.250 -999.250 387.579 398.266 411.545 416.688 426.790 430.001 454.178 473.985 497.847 546.881 585.696 648.882 685.197 749.351 822.060 878.049 836.187 785.819 731.960 680.268 639.527 543.956 505.569 476.227 450.996 414.855 397.133 391.152 381.844 422.389 463.871 508.708 555.734 604.743
-999.250 -999.250 -999.250 -999.250 -999.250 -999.250 -999.250 -999.250 -999.250 -999.250 -999.250 -999.250 -999.250 -999.250 -999.250 -999.250 -999.250 -999.250 -999.250 -999.250 -999.250 -999.250 -999.250 -999.250 -999.250 -999.250 -999.250 -999.250 -999.250 -999.250 -999.250 378.135 402.572 416.099 431.034 420.693 431.542 454.749 487.132 535.175 572.270 624.708 637.561 686.663 752.926 759.049 820.976 768.461 749.977 711.955 665.128 621.182 549.679 495.661 470.036 439.414 413.235 420.081 404.519 415.919 456.062 496.857 597.659 670.304 674.483
-999.250 -999.250 -999.250 -999.250 -999.250 -999.250 -999.250 -999.250 -999.250 -999.250 -999.250 -999.250 -999.250 -999.250 -999.250 -999.250 -999.250 -999.250 -999.250 -999.250 -999.250 -999.250 -999.250 -999.250 -999.250 -999.250 -999.250 -999.250 -999.250 -999.250 376.277 368.677 375.442 405.916 410.730 416.923 435.714 466.020 490.337 534.188 579.355 608.330 655.151 688.449 700.454 702.282 701.736 696.527 709.276 688.199 634.879 562.044 506.256 475.337 455.913 445.440 441.260 429.811 428.164 449.675 477.217 562.778 644.874 750.306 828.280
-999.250 -999.250 -999.250 -999.250 -999.250 -999.250 -999.250 -999.250 -999.250 -999.250 -999.250 -999.250 -999.250 -999.250 -999.250 -999.250 -999.250 -999.250 -999.250 -999.250 -999.250 -999.250 -999.250 -999.250 -999.250 -999.250 -999.250 -999.250 -999.250 -999.250 361.215 391.390 391.114 391.278 399.453 424.034 438.688 481.699 505.456 564.074 596.779 629.607 649.938 663.290 657.274 674.054 662.850 663.121 650.857 654.761 578.179 531.962 486.469 468.299 462.413 446.651 453.114 455.413 461.024 492.900 543.770 627.945 727.755 840.294 909.320
-999.250 -999.250 -999.250 -999.250 -999.250 -999.250 -999.250 -999.250 -999.250 -999.250 -999.250 -999.250 -999.250 -999.250 -999.250 -999.250 -999.250 -999.250 -999.250 -999.250 -999.250 -999.250 -999.250 -999.250 -999.250 -999.250 -999.250 -999.250 -999.250 -999.250 354.566 370.810 375.101 391.403 408.620 410.599 435.883 483.683 536.699 581.442 630.217 643.365 639.820 639.819 648.082 635.795 622.199 595.092 585.561 558.882 510.837 493.393 463.922 422.524 431.762 452.109 480.239 511.189 502.571 547.017 597.017 670.824 797.932 928.997 1090.781
-999.250 -999.250 -999.250 -999.250 -999.250 -999.250 -999.250 -999.250 -999.250 -999.250 -999.250 -999.250 -999.250 -999.250 -999.250 -999.250 -999.250 -999.250 -999.250 -999.250 -999.250 -999.250 -999.250 -999.250 -999.250 -999.250 -999.250 -999.250 -999.250 -999.250 364.323 350.265 366.124 372.230 398.091 419.320 448.773 493.013 526.408 590.521 671.218 646.483 636.578 630.391 614.252 564.378 573.959 551.735 539.368 488.066 468.560 433.943 422.905 408.580 429.796 462.220 479.690 504.332 560.913 586.668 648.436 737.206 833.794 919.019 992.158
-999.250 -999.250 -999.250 -999.250 -999.250 -999.250 -999.250 -999.250 -999.250 -999.250 -999.250 -999.250 -999.250 -999.250 -999.250 -999.250 -999.250 -999.250 -999.250 -999.250 -999.250 -999.250 -999.250 -999.250 -999.250 -999.250 -999.250 -999.250 -999.250 349.806 350.303 350.885 358.353 364.510 389.962 400.517 446.306 472.840 512.558 568.134 617.072 627.802 607.904 591.891 596.233 559.836 543.775 514.558 492.493 464.061 418.122 398.674 379.784 373.423 406.218 442.935 497.957 554.292 567.642 661.579 732.206 774.482 830.503 892.723 977.530
-999.250 -999.250 -999.250 -999.250 -999.250 -999.250 -999.250 -999.250 -999.250 -999.250 -999.250 -999.250 -999.250 -999.250 -999.250 -999.250 -999.250 -999.250 -999.250 -999.250 -999.250 -999.250 -999.250 -999.250 -999.250 -999.250 -999.250 -999.250 -999.250 343.706 344.040 353.564 358.041 351.892 381.255 389.052 419.101 458.603 486.322 544.181 571.607 557.304 557.083 552.361 537.086 499.586 517.350 492.164 481.847 457.976 421.259 376.422 355.363 346.231 394.694 464.036 525.250 574.108 640.508 678.886 708.389 750.266 830.508 888.486 934.528
-999.250 -999.250 -999.250 -999.250 -999.250 -999.250 -999.250 -999.250 -999.250 -999.250 -999.250 -999.250 -999.250 -999.250 -999.250 -999.250 -999.250 -999.250 -999.250 -999.250 -999.250 -999.250 -999.250 -999.250 -999.250 -999.250 -999.250 -999.250 -999.250 332.391 320.595 322.002 325.766 337.924 342.250 366.229 403.531 410.788 448.355 490.222 503.787 543.549 513.974 511.937 489.280 473.667 487.608 475.081 471.580 454.333 442.908 400.016 370.680 328.611 435.314 501.489 560.378 609.799 652.480 689.469 726.610 728.759 800.332 889.831 915.598
-999.250 -999.250 -999.250 -999.250 -999.250 -999.250 -999.250 -999.250 -999.250 -999.250 -999.250 -999.250 -999.250 -999.250 -999.250 -999.250 -999.250 -999.250 -999.250 -999.250 -999.250 -999.250 -999.250 -999.250 -999.250 -999.250 -999.250 -999.250 -999.250 305.338 311.531 301.966 297.057 305.133 319.365 343.374 370.905 401.668 416.779 464.575 461.534 474.275 468.433 487.200 470.967 457.847 459.413 481.253 487.518 487.934 476.621 478.259 496.247 503.035 561.560 620.610 658.831 673.908 711.104 733.510 751.133 769.499 810.211 864.653 897.404
-999.250 -999.250 -999.250 -999.250 -999.250 -999.250 -999.250 -999.250 -999.250 -999.250 -999.250 -999.250 -999.250 -999.250 -999.250 -999.250 -999.250 -999.250 -999.250 -999.250 -999.250 -999.250 -999.250 -999.250 -999.250 -999.250 -999.250 -999.250 288.623 287.630 286.699 277.641 281.398 272.674 299.006 335.843 346.338 358.081 394.029 430.867 444.384 444.103 447.406 464.414 456.769 446.189 453.651 465.845 497.996 522.379 546.043 566.181 630.390 687.526 737.461 776.997 791.193 782.330 736.510 731.820 806.857 795.711 808.523 811.760 820.717
-999.250 -999.250 -999.250 -999.250 -999.250 -999.250 -999.250 -999.250 -999.250 -999.250 -999.250 -999.250 -999.250 -999.250 -999.250 -999.250 -999.250 -999.250 -999.250 -999.250 -999.250 -999.250 -999.250 -999.250 -999.250 -999.250 -999.250 -999.250 285.829 261.265 233.709 267.747 266.038 276.340 284.025 325.594 341.345 341.496 353.015 373.610 414.205 424.226 435.035 445.764 447.519 453.084 456.897 473.861 520.148 591.451 625.995 682.350 812.427 890.803 948.419 961.719 964.812 854.557 792.727 794.128 779.315 770.344 807.920 814.041 823.788
-999.250 -999.250 -999.250 -999.250 -999.250 -999.250 -999.250 -999.250 -999.250 -999.250 -999.250 -999.250 -999.250 -999.250 -999.250 -999.250 -999.250 -999.250 -999.250 -999.250 -999.250 -999.250 -999.250 -999.250 -999.250 -999.250 -999.250 263.058 245.570 234.255 230.751 246.416 243.673 256.046 264.244 288.982 315.980 320.757 340.945 361.336 389.651 405.520 435.699 451.314 440.186 459.046 474.513 503.722 555.219 632.654 695.038 805.160 922.480 1030.271 1196.627 1172.581 1052.224 909.155 818.287 730.774 770.295 739.237 790.458 820.093 785.286
-999.250 -999.250 -999.250 -999.250 -999.250 -999.250 -999.250 -999.250 -999.250 -999.250 -999.250 -999.250 -999.250 -999.250 -999.250 -999.250 -999.250 -999.250 -999.250 -999.250 -999.250 -999.250 -999.250 -999.250 -999.250 -999.250 -999.250 262.445 245.552 202.878 232.546 239.295 247.901 277.031 277.016 286.369 319.959 319.095 342.783 364.895 403.868 415.068 426.084 429.219 440.803 455.166 483.719 533.132 620.692 666.304 781.020 906.112 959.419 1103.222 1412.307 1223.583 1023.618 843.308 722.435 695.977 651.826 674.273 708.261 762.666 705.945
-999.250 -999.250 -999.250 -999.250 -999.250 -999.250 -999.250 -999.250 -999.250 -999.250 -999.250 -999.250 -999.250 -999.250 -999.250 -999.250 -999.250 -999.250 -999.250 -999.250 -999.250 -999.250 -999.250 -999.250 -999.250 -999.250 -999.250 248.395 231.553 206.969 209.843 218.666 233.042 247.403 278.171 298.471 310.243 338.990 353.759 388.114 407.904 413.495 425.438 435.893 459.302 479.692 529.121 578.418 619.183 708.256 806.268 873.372 966.330 1062.304 1078.176 1034.625 920.239 734.585 643.837 577.912 533.503 533.589 590.304 609.683 604.829
-999.250 -999.250 -999.250 -999.250 -999.250 -999.250 -999.250 -999.250 -999.250 -999.250 -999.250 -999.250 -999.250 -999.250 -999.250 -999.250 -999.250 -999.250 -999.250 -999.250 -999.250 -999.250 -999.250 -999.250 -999.250 -999.250 -999.250 217.932 224.528 220.262 222.990 220.547 239.186 250.296 288.253 313.087 340.287 346.000 375.507 401.214 425.583 422.462 436.597 443.437 467.938 508.780 560.440 624.066 662.160 726.806 799.752 894.696 918.503 936.113 930.052 864.680 758.971 620.389 515.812 448.163 427.563 417.074 443.244 459.848 475.153
-999.250 -999.250 -999.250 -999.250 -999.250 -999.250 -999.250 -999.250 -999.250 -999.250 -999.250 -999.250 -999.250 -999.250 -999.250 -999.250 -999.250 -999.250 -999.250 -999.250 -999.250 -999.250 -999.250 -999.250 -999.250 -999.250 -999.250 -999.250 214.246 239.545 243.096 244.704 254.266 286.566 300.245 341.618 357.995 396.194 422.324 439.877 438.473 431.264 450.592 471.621 482.308 522.909 538.972 599.140 676.052 700.468 776.118 836.640 864.114 813.524 706.292 630.033 585.740 456.447 371.131 297.015 274.812 279.901 318.630 354.106 373.571
-999.250 -999.250 -999.250 -999.250 -999.250 -999.250 -999.250 -999.250 -999.250 -999.250 -999.250 -999.250 -999.250 -999.250 -999.250 -999.250 -999.250 -999.250 -999.250 -999.250 -999.250 -999.250 -999.250 -999.250 -999.250 -999.250 -999.250 -999.250 226.391 231.986 240.122 272.624 269.419 285.067 332.905 355.087 378.025 429.775 453.969 469.226 464.841 479.541 485.651 503.520 494.668 517.200 559.400 618.318 668.827 712.603 798.990 803.326 749.469 670.355 556.362 459.643 390.924 325.380 233.632 171.136 105.125 142.730 185.141 247.285 272.499
-999.250 -999.250 -999.250 -999.250 -999.250 -999.250 -999.250 -999.250 -999.250 -999.250 -999.250 -999.250 -999.250 -999.250 -999.250 -999.250 -999.250 -999.250 -999.250 -999.250 -999.250 -999.250 -999.250 -999.250 -999.250 -999.250 -999.250 -999.250 245.920 240.442 251.039 272.540 288.851 325.582 338.259 363.626 416.922 454.897 481.661 521.977 524.199 510.215 514.309 525.656 523.626 568.682 569.526 593.856 655.212 731.674 795.724 818.911 705.933 588.331 454.488 291.409 259.308 216.606 141.582 112.964 76.856 91.117 131.127 152.962 177.409
-999.250 -999.250 -999.250 -999.250 -999.250 -999.250 -999.250 -999.250 -999.250 -999.250 -999.250 -999.250 -999.250 -999.250 -999.250 -999.250 -999.250 -999.250 -999.250 -999.250 -999.250 -999.250 -999.250 -999.250 -999.250 -999.250 -999.250 -999.250 244.362 276.154 284.498 289.487 324.034 321.614 357.277 391.192 438.914 474.638 521.163 544.427 546.567 539.344 560.514 552.438 553.744 575.199 556.592 591.224 638.131 726.142 779.903 841.989 686.048 539.950 406.199 285.609 190.221 148.737 122.146 94.355 81.646 77.114 106.725 124.606 129.443
-999.250 -999.250 -999.250 -999.250 -999.250 -999.250 -999.250 -999.250 -999.250 -999.250 -999.250 -999.250 -999.250 -999.250 -999.250 -999.250 -999.250 -999.250 -999.250 -999.250 -999.250 -999.250 -999.250 -999.250 -999.250 -999.250 -999.250 -999.250 274.938 277.823 282.461 309.707 320.927 356.437 364.452 406.875 455.470 500.471 559.175 573.071 592.495 590.269 601.717 589.023 554.127 560.155 567.380 561.895 608.930 632.819 702.493 691.223 657.520 517.044 416.838 320.957 220.914 148.470 112.773 103.458 98.294 89.859 108.984 109.486 116.355
-999.250 -999.250 -999.250 -999.250 -999.250 -999.250 -999.250 -999.250 -999.250 -999.250 -999.250 -999.250 -999.250 -999.250 -999.250 -999.250 -999.250 -999.250 -999.250 -999.250 -999.250 -999.250 -999.250 -999.250 -999.250 -999.250 -999.250 269.080 294.092 289.749 297.702 323.426 345.496 351.609 396.210 431.689 462.499 502.941 569.954 677.570 628.194 605.518 604.057 584.475 580.305 586.758 560.129 550.713 573.240 604.467 633.225 632.073 612.116 537.617 442.860 356.129 275.426 199.973 137.181 125.563 108.291 108.559 115.512 111.117 121.682
