data/medianmodel_22-Mar-2020.asc
ncols	141
nrows	288
xllcorner	-120191.398
yllcorner	-301404.813
cellsize	2000.000
NODATA_value	-999.250
[rows 62 to 92 of 288, columns 70 to 139 of 141]
2.769 1.918 0.018 0.000 0.000 0.000 0.000 0.000 0.000 0.000 0.000 0.000 0.000 0.450 2.732 2.500 3.752 3.688 2.500 0.914 0.000 0.000 0.000 0.000 0.000 0.000 0.000 0.000 0.000 0.000 0.000 0.000 0.000 0.005 1.371 2.137 1.632 2.874 1.296 0.331 -999.250 -999.250 -999.250 -999.250 -999.250 -999.250 -999.250 -999.250 -999.250 -999.250 -999.250 -999.250 -999.250 -999.250 -999.250 -999.250 -999.250 -999.250 -999.250 -999.250 -999.250 -999.250 -999.250 -999.250 -999.250 -999.250 -999.250 -999.250 -999.250 -999.250
0.739 0.000 0.000 0.000 0.000 0.000 0.000 0.000 0.000 0.000 0.000 0.000 0.000 0.423 2.974 3.313 4.267 3.968 3.501 2.845 0.000 0.000 0.000 0.000 0.000 0.000 0.000 0.000 0.000 0.000 0.000 0.000 0.000 0.391 1.051 1.657 1.822 2.469 0.590 0.248 0.000 -999.250 -999.250 -999.250 -999.250 -999.250 -999.250 -999.250 -999.250 -999.250 -999.250 -999.250 -999.250 -999.250 -999.250 -999.250 -999.250 -999.250 -999.250 -999.250 -999.250 -999.250 -999.250 -999.250 -999.250 -999.250 -999.250 -999.250 -999.250 -999.250
3.593 0.295 0.000 0.000 0.000 0.000 0.000 0.000 0.000 0.000 0.000 0.472 0.532 2.542 4.658 4.370 4.654 5.528 3.833 3.425 1.361 0.000 0.000 0.000 0.000 0.000 0.000 0.000 0.000 0.000 0.000 0.000 0.000 0.111 0.000 0.722 1.087 2.159 0.000 0.000 0.000 0.000 -999.250 -999.250 -999.250 -999.250 -999.250 -999.250 -999.250 -999.250 -999.250 -999.250 -999.250 -999.250 -999.250 -999.250 -999.250 -999.250 -999.250 -999.250 -999.250 -999.250 -999.250 -999.250 -999.250 -999.250 -999.250 -999.250 -999.250 -999.250
1.994 0.000 0.000 0.000 0.000 0.000 0.000 0.000 0.000 0.102 0.476 2.188 2.889 4.021 5.480 6.063 6.714 6.331 6.006 5.379 3.546 2.362 1.603 0.725 0.000 0.000 0.204 0.000 0.000 0.000 0.000 0.000 0.000 0.654 0.000 0.000 0.224 0.401 0.000 0.000 0.000 0.000 -999.250 -999.250 -999.250 -999.250 -999.250 -999.250 -999.250 -999.250 -999.250 -999.250 -999.250 -999.250 -999.250 -999.250 -999.250 -999.250 -999.250 -999.250 -999.250 -999.250 -999.250 -999.250 -999.250 -999.250 -999.250 -999.250 -999.250 -999.250
0.091 0.000 0.000 0.000 0.000 0.000 0.000 0.000 0.691 1.805 2.689 4.249 4.715 5.702 8.346 8.126 8.707 8.533 7.692 7.499 5.556 4.315 3.327 2.427 3.157 2.061 1.460 0.388 0.000 0.000 0.000 0.000 0.000 0.000 0.000 0.000 0.630 0.006 0.000 0.000 0.000 0.000 0.000 -999.250 -999.250 -999.250 -999.250 -999.250 -999.250 -999.250 -999.250 -999.250 -999.250 -999.250 -999.250 -999.250 -999.250 -999.250 -999.250 -999.250 -999.250 -999.250 -999.250 -999.250 -999.250 -999.250 -999.250 -999.250 -999.250 -999.250
0.000 0.000 0.000 0.000 0.000 0.000 0.000 0.046 0.505 1.843 2.712 4.927 6.783 7.129 9.177 9.183 10.232 10.491 9.661 8.254 6.609 5.681 4.143 2.583 3.682 3.159 1.416 0.205 0.000 0.000 0.000 0.000 0.000 0.000 0.000 0.000 0.000 0.000 0.000 0.000 0.000 0.000 0.000 0.000 -999.250 -999.250 -999.250 -999.250 -999.250 -999.250 -999.250 -999.250 -999.250 -999.250 -999.250 -999.250 -999.250 -999.250 -999.250 -999.250 -999.250 -999.250 -999.250 -999.250 -999.250 -999.250 -999.250 -999.250 -999.250 -999.250
0.000 0.000 0.000 0.000 0.000 0.000 0.000 0.000 0.327 2.828 3.885 5.792 6.103 8.025 9.146 10.796 12.154 12.357 11.322 10.812 7.975 7.006 4.291 4.941 4.150 3.255 2.231 1.062 0.000 0.000 0.000 0.000 0.000 0.000 0.000 0.000 0.000 0.000 0.000 0.000 0.000 0.000 0.000 0.000 -999.250 -999.250 -999.250 -999.250 -999.250 -999.250 -999.250 -999.250 -999.250 -999.250 -999.250 -999.250 -999.250 -999.250 -999.250 -999.250 -999.250 -999.250 -999.250 -999.250 -999.250 -999.250 -999.250 -999.250 -999.250 -999.250
0.000 0.000 0.000 0.000 0.000 0.000 0.000 0.000 0.742 3.457 3.736 6.289 7.757 9.928 11.006 11.745 13.149 14.687 14.117 11.671 8.745 6.663 5.566 4.800 3.613 2.560 2.726 0.935 0.110 0.031 0.000 0.000 0.000 0.000 0.000 0.000 0.000 0.000 0.000 0.000 0.000 0.000 0.000 0.000 -999.250 -999.250 -999.250 -999.250 -999.250 -999.250 -999.250 -999.250 -999.250 -999.250 -999.250 -999.250 -999.250 -999.250 -999.250 -999.250 -999.250 -999.250 -999.250 -999.250 -999.250 -999.250 -999.250 -999.250 -999.250 -999.250
0.000 0.000 0.000 0.000 0.000 0.000 0.000 0.000 1.674 2.992 3.635 5.465 7.329 9.024 11.093 13.389 14.665 18.532 14.145 11.630 7.218 5.824 5.331 4.387 2.405 2.799 2.220 1.368 0.922 0.000 0.000 0.000 0.000 0.000 0.000 0.000 0.000 0.223 0.000 0.022 0.000 0.000 0.684 0.000 0.000 0.000 -999.250 -999.250 -999.250 -999.250 -999.250 -999.250 -999.250 -999.250 -999.250 -999.250 -999.250 -999.250 -999.250 -999.250 -999.250 -999.250 -999.250 -999.250 -999.250 -999.250 -999.250 -999.250 -999.250 -999.250
0.000 0.000 0.000 0.000 0.000 0.000 0.000 0.000 1.291 2.229 4.233 5.285 7.632 7.380 10.774 11.457 13.549 13.084 12.576 9.533 7.136 6.572 4.332 3.936 2.408 2.703 1.703 1.214 0.000 0.310 0.000 0.000 0.022 0.000 0.000 0.335 0.000 0.327 0.602 0.000 0.000 0.973 1.443 0.000 0.000 0.000 -999.250 -999.250 -999.250 -999.250 -999.250 -999.250 -999.250 -999.250 -999.250 -999.250 -999.250 -999.250 -999.250 -999.250 -999.250 -999.250 -999.250 -999.250 -999.250 -999.250 -999.250 -999.250 -999.250 -999.250
0.484 0.000 0.000 0.000 0.000 0.000 0.000 0.000 2.749 2.771 2.578 5.484 6.651 6.724 6.887 8.173 10.324 8.588 9.200 9.503 6.945 6.055 4.655 2.404 1.902 1.455 0.739 0.387 0.263 0.000 0.000 0.000 0.000 0.000 0.000 0.123 0.131 0.000 0.000 0.369 0.254 0.415 1.271 0.000 0.000 -999.250 -999.250 -999.250 -999.250 -999.250 -999.250 -999.250 -999.250 -999.250 -999.250 -999.250 -999.250 -999.250 -999.250 -999.250 -999.250 -999.250 -999.250 -999.250 -999.250 -999.250 -999.250 -999.250 -999.250 -999.250
1.241 0.814 0.000 0.000 0.000 0.000 0.000 0.000 1.050 1.833 3.188 4.594 5.619 5.209 5.800 6.085 6.463 6.733 7.451 7.836 6.859 4.236 3.018 1.379 1.508 0.734 0.078 0.000 0.089 0.000 0.000 0.000 0.000 0.000 0.000 0.000 0.000 0.251 0.431 0.122 0.000 0.659 0.348 0.000 0.000 -999.250 -999.250 -999.250 -999.250 -999.250 -999.250 -999.250 -999.250 -999.250 -999.250 -999.250 -999.250 -999.250 -999.250 -999.250 -999.250 -999.250 -999.250 -999.250 -999.250 -999.250 -999.250 -999.250 -999.250 -999.250
1.441 1.338 1.028 0.000 0.000 0.000 0.000 0.171 0.392 1.269 1.842 3.262 2.976 2.899 4.689 5.189 4.996 4.558 5.827 4.114 4.060 2.391 0.686 0.000 0.000 0.152 1.163 0.000 0.148 0.000 0.030 0.000 0.000 0.000 0.000 0.000 0.000 0.820 0.017 0.945 0.944 0.997 0.650 0.094 0.000 -999.250 -999.250 -999.250 -999.250 -999.250 -999.250 -999.250 -999.250 -999.250 -999.250 -999.250 -999.250 -999.250 -999.250 -999.250 -999.250 -999.250 -999.250 -999.250 -999.250 -999.250 -999.250 -999.250 -999.250 -999.250
1.879 1.365 1.276 0.000 0.000 0.000 0.000 0.000 0.000 0.780 0.619 1.884 1.330 2.176 1.717 1.705 3.359 3.178 3.775 4.151 1.231 0.001 0.000 0.000 0.000 0.000 0.000 0.000 0.435 0.512 0.445 0.377 0.000 0.000 0.000 0.000 0.000 0.783 0.101 1.282 1.070 1.586 0.991 0.000 0.000 -999.250 -999.250 -999.250 -999.250 -999.250 -999.250 -999.250 -999.250 -999.250 -999.250 -999.250 -999.250 -999.250 -999.250 -999.250 -999.250 -999.250 -999.250 -999.250 -999.250 -999.250 -999.250 -999.250 -999.250 -999.250
2.416 2.673 1.699 0.000 0.000 0.000 0.000 0.000 0.000 0.000 0.000 1.042 0.017 0.000 0.000 0.000 0.000 0.476 1.765 0.560 0.000 0.000 0.000 0.000 0.000 0.000 0.035 0.000 0.000 0.000 1.679 0.939 0.000 0.000 0.000 0.000 0.000 0.000 0.554 0.299 0.428 1.291 0.029 0.000 0.000 -999.250 -999.250 -999.250 -999.250 -999.250 -999.250 -999.250 -999.250 -999.250 -999.250 -999.250 -999.250 -999.250 -999.250 -999.250 -999.250 -999.250 -999.250 -999.250 -999.250 -999.250 -999.250 -999.250 -999.250 -999.250
2.115 1.802 0.686 0.450 0.000 0.000 0.000 0.000 0.000 0.000 0.000 0.000 0.000 0.000 0.000 0.000 0.000 0.000 0.000 0.000 0.000 0.000 0.000 0.000 0.000 0.000 0.000 0.000 0.000 0.847 0.044 0.000 0.031 0.000 0.000 0.435 1.120 0.734 0.097 0.357 0.611 0.000 0.000 0.000 0.000 -999.250 -999.250 -999.250 -999.250 -999.250 -999.250 -999.250 -999.250 -999.250 -999.250 -999.250 -999.250 -999.250 -999.250 -999.250 -999.250 -999.250 -999.250 -999.250 -999.250 -999.250 -999.250 -999.250 -999.250 -999.250
3.552 2.443 1.621 0.007 0.000 0.000 0.000 0.000 0.000 0.000 0.000 0.000 0.000 0.000 0.000 0.000 0.000 0.000 0.000 0.000 0.000 0.000 0.000 0.000 0.000 0.000 0.000 0.000 0.000 0.000 0.000 0.132 1.610 0.000 0.908 0.303 1.679 1.097 0.570 0.605 0.873 0.751 0.000 0.000 0.000 -999.250 -999.250 -999.250 -999.250 -999.250 -999.250 -999.250 -999.250 -999.250 -999.250 -999.250 -999.250 -999.250 -999.250 -999.250 -999.250 -999.250 -999.250 -999.250 -999.250 -999.250 -999.250 -999.250 -999.250 -999.250
3.684 3.734 2.152 1.459 0.000 0.000 0.000 0.000 0.000 0.000 0.000 0.000 0.000 0.000 0.000 0.000 0.000 0.000 0.000 0.000 0.000 0.000 0.000 0.000 0.000 0.000 0.000 0.000 0.000 0.000 0.000 0.474 0.582 0.115 0.591 1.223 1.250 1.615 0.411 1.178 1.300 0.776 0.212 0.000 0.000 -999.250 -999.250 -999.250 -999.250 -999.250 -999.250 -999.250 -999.250 -999.250 -999.250 -999.250 -999.250 -999.250 -999.250 -999.250 -999.250 -999.250 -999.250 -999.250 -999.250 -999.250 -999.250 -999.250 -999.250 -999.250
4.224 2.375 0.783 0.654 0.000 0.000 0.000 0.000 0.000 0.000 0.000 0.000 0.000 0.000 0.000 0.000 0.000 0.000 0.000 0.000 0.000 0.000 0.000 0.000 0.000 0.000 0.000 0.000 0.000 0.000 0.000 1.053 0.679 0.736 0.492 1.166 1.837 1.196 0.000 0.682 0.835 0.252 0.876 0.000 0.000 0.000 -999.250 -999.250 -999.250 -999.250 -999.250 -999.250 -999.250 -999.250 -999.250 -999.250 -999.250 -999.250 -999.250 -999.250 -999.250 -999.250 -999.250 -999.250 -999.250 -999.250 -999.250 -999.250 -999.250 -999.250
3.297 2.476 2.227 1.003 0.794 0.000 0.000 0.000 0.000 0.000 0.000 0.000 0.000 0.000 0.000 0.000 0.000 0.000 0.000 0.000 0.000 0.000 0.000 0.000 0.000 0.000 0.000 0.000 0.000 0.077 1.101 2.139 0.881 0.539 1.784 0.558 2.268 3.378 2.047 2.320 2.461 1.353 0.341 0.000 0.000 0.000 -999.250 -999.250 -999.250 -999.250 -999.250 -999.250 -999.250 -999.250 -999.250 -999.250 -999.250 -999.250 -999.250 -999.250 -999.250 -999.250 -999.250 -999.250 -999.250 -999.250 -999.250 -999.250 -999.250 -999.250
3.266 2.322 1.584 1.213 0.000 0.000 0.000 0.000 0.000 0.000 0.000 0.000 0.000 0.000 0.000 0.000 0.000 0.000 0.000 0.000 0.000 0.000 0.000 0.000 0.000 0.000 0.157 0.192 0.949 1.674 0.902 1.988 2.597 2.614 2.506 1.341 1.873 1.924 3.352 2.026 0.919 1.701 0.673 0.000 0.000 0.000 -999.250 -999.250 -999.250 -999.250 -999.250 -999.250 -999.250 -999.250 -999.250 -999.250 -999.250 -999.250 -999.250 -999.250 -999.250 -999.250 -999.250 -999.250 -999.250 -999.250 -999.250 -999.250 -999.250 -999.250
2.805 1.939 1.579 1.567 0.428 0.000 0.000 0.000 0.000 0.000 0.000 0.000 0.000 0.000 0.000 0.000 0.000 0.000 0.000 0.000 0.000 0.000 0.000 0.000 0.000 0.000 0.436 0.901 0.892 1.857 2.077 2.074 2.293 3.115 3.741 3.039 2.325 0.739 2.250 2.405 2.272 1.622 0.266 0.000 0.000 0.000 -999.250 -999.250 -999.250 -999.250 -999.250 -999.250 -999.250 -999.250 -999.250 -999.250 -999.250 -999.250 -999.250 -999.250 -999.250 -999.250 -999.250 -999.250 -999.250 -999.250 -999.250 -999.250 -999.250 -999.250
3.175 2.160 2.801 0.866 0.000 0.000 0.000 0.000 0.000 0.000 0.000 0.000 0.000 0.000 0.000 0.000 0.000 0.000 0.000 0.000 0.000 0.000 0.000 0.000 0.000 0.713 1.409 1.847 2.297 2.287 1.614 2.211 1.729 1.815 2.032 2.334 3.122 1.719 2.501 1.387 1.559 1.559 0.152 0.000 0.000 -999.250 -999.250 -999.250 -999.250 -999.250 -999.250 -999.250 -999.250 -999.250 -999.250 -999.250 -999.250 -999.250 -999.250 -999.250 -999.250 -999.250 -999.250 -999.250 -999.250 -999.250 -999.250 -999.250 -999.250 -999.250
2.379 2.696 2.312 1.769 0.274 0.000 0.000 0.000 0.000 0.581 1.740 1.540 1.419 1.369 0.330 0.051 0.000 0.472 0.002 0.000 0.000 0.375 0.075 1.043 2.232 0.869 0.920 2.494 1.346 2.128 2.247 1.597 1.610 2.221 1.505 3.299 2.276 1.580 1.711 0.982 2.442 1.207 0.000 0.000 0.000 -999.250 -999.250 -999.250 -999.250 -999.250 -999.250 -999.250 -999.250 -999.250 -999.250 -999.250 -999.250 -999.250 -999.250 -999.250 -999.250 -999.250 -999.250 -999.250 -999.250 -999.250 -999.250 -999.250 -999.250 -999.250
3.516 4.186 5.205 3.198 1.639 0.763 0.318 0.764 1.268 1.656 1.368 2.150 2.672 2.033 1.562 0.665 2.690 1.154 0.679 1.040 1.816 1.902 0.711 1.112 1.685 1.621 1.675 2.564 1.202 1.781 2.263 1.806 1.900 1.985 3.183 1.933 2.057 2.213 1.884 0.534 0.854 0.096 0.263 0.000 -999.250 -999.250 -999.250 -999.250 -999.250 -999.250 -999.250 -999.250 -999.250 -999.250 -999.250 -999.250 -999.250 -999.250 -999.250 -999.250 -999.250 -999.250 -999.250 -999.250 -999.250 -999.250 -999.250 -999.250 -999.250 -999.250
5.034 4.287 4.963 3.855 3.782 2.393 1.678 1.358 1.986 3.100 2.757 3.895 3.607 3.355 1.669 2.012 2.378 1.892 2.020 2.073 2.426 3.407 3.712 1.893 2.326 2.200 3.370 2.187 1.852 2.164 2.346 1.382 2.360 2.282 2.506 3.213 1.913 2.252 2.910 1.849 0.000 0.273 0.274 0.000 -999.250 -999.250 -999.250 -999.250 -999.250 -999.250 -999.250 -999.250 -999.250 -999.250 -999.250 -999.250 -999.250 -999.250 -999.250 -999.250 -999.250 -999.250 -999.250 -999.250 -999.250 -999.250 -999.250 -999.250 -999.250 -999.250
5.681 5.612 6.173 4.633 3.176 2.850 3.396 3.720 3.036 3.798 4.739 5.779 5.050 5.614 4.185 4.004 2.700 2.955 2.516 2.885 2.483 3.532 3.754 3.163 2.626 2.594 2.923 2.566 1.764 2.616 3.081 3.451 3.364 2.921 3.651 3.312 3.043 3.186 3.430 1.344 0.429 1.255 0.000 0.000 0.000 0.000 -999.250 -999.250 -999.250 -999.250 -999.250 -999.250 -999.250 -999.250 -999.250 -999.250 -999.250 -999.250 -999.250 -999.250 -999.250 -999.250 -999.250 -999.250 -999.250 -999.250 -999.250 -999.250 -999.250 -999.250
6.938 7.708 6.033 5.434 4.699 3.896 3.532 4.085 3.114 4.792 5.308 5.865 6.899 6.141 6.013 4.553 4.277 3.476 4.967 3.158 2.190 2.718 4.284 4.008 3.793 3.291 2.599 2.304 2.659 2.085 4.157 4.177 3.323 2.909 3.790 3.495 2.776 1.601 2.761 2.139 0.462 0.602 0.000 0.000 0.000 0.000 -999.250 -999.250 -999.250 -999.250 -999.250 -999.250 -999.250 -999.250 -999.250 -999.250 -999.250 -999.250 -999.250 -999.250 -999.250 -999.250 -999.250 -999.250 -999.250 -999.250 -999.250 -999.250 -999.250 -999.250
5.794 6.943 5.887 5.836 4.998 3.438 3.817 3.859 2.205 5.024 4.411 6.695 8.073 6.205 5.513 5.080 4.791 4.710 4.515 4.121 4.075 3.119 3.143 4.158 2.303 1.987 3.573 2.964 1.416 2.916 4.186 4.203 3.891 3.024 3.973 2.685 1.984 2.875 3.630 1.236 1.615 0.408 0.277 0.000 0.000 0.000 -999.250 -999.250 -999.250 -999.250 -999.250 -999.250 -999.250 -999.250 -999.250 -999.250 -999.250 -999.250 -999.250 -999.250 -999.250 -999.250 -999.250 -999.250 -999.250 -999.250 -999.250 -999.250 -999.250 -999.250
4.200 5.640 4.753 4.588 4.390 4.667 4.288 2.676 3.304 3.412 4.219 6.211 6.664 5.290 3.943 4.478 4.793 4.899 3.457 2.511 1.901 2.260 3.140 3.184 3.141 3.068 3.368 3.826 2.292 2.690 4.417 4.619 2.863 2.619 3.132 3.830 4.121 1.708 3.705 2.779 2.697 1.043 1.198 0.000 0.000 -999.250 -999.250 -999.250 -999.250 -999.250 -999.250 -999.250 -999.250 -999.250 -999.250 -999.250 -999.250 -999.250 -999.250 -999.250 -999.250 -999.250 -999.250 -999.250 -999.250 -999.250 -999.250 -999.250 -999.250 -999.250
4.858 5.249 4.870 3.658 3.880 3.683 4.732 3.804 2.183 2.897 4.555 4.849 3.752 4.927 4.534 3.965 3.522 4.063 2.532 1.987 2.117 2.425 3.382 4.545 2.862 2.248 2.704 3.384 3.532 3.705 3.735 3.120 2.942 2.623 2.933 4.584 1.952 2.484 2.053 2.353 2.600 1.806 1.165 0.000 0.000 -999.250 -999.250 -999.250 -999.250 -999.250 -999.250 -999.250 -999.250 -999.250 -999.250 -999.250 -999.250 -999.250 -999.250 -999.250 -999.250 -999.250 -999.250 -999.250 -999.250 -999.250 -999.250 -999.250 -999.250 -999.250
