data/medianmodel_09-Jul-2020.asc
ncols	141
nrows	288
xllcorner	-120191.398
yllcorner	-301404.813
cellsize	2000.000
NODATA_value	-999.250
[rows 124 to 154 of 288, columns 0 to 68 of 141]
-999.250 -999.250 -999.250 -999.250 -999.250 -999.250 -999.250 -999.250 -999.250 -999.250 -999.250 -999.250 -999.250 -999.250 -999.250 -999.250 -999.250 -999.250 -999.250 -999.250 -999.250 -999.250 -999.250 -999.250 6.751 6.364 5.851 5.281 7.444 5.079 7.595 8.276 7.945 9.517 12.952 15.932 15.769 14.972 13.646 7.582 3.511 0.000 0.000 0.000 0.000 0.000 0.000 12.726 30.842 66.238 94.368 135.675 149.823 193.423 179.732 144.033 128.854 82.021 44.774 24.234 12.519 3.792 0.000 0.000 0.000 0.000 0.824 5.760 14.272
-999.250 -999.250 -999.250 -999.250 -999.250 -999.250 -999.250 -999.250 -999.250 -999.250 -999.250 -999.250 -999.250 -999.250 -999.250 -999.250 -999.250 -999.250 -999.250 -999.250 -999.250 -999.250 -999.250 -999.250 6.497 6.646 6.702 8.482 5.358 5.483 7.124 11.162 11.522 10.459 13.376 16.085 14.685 13.808 9.067 5.398 2.984 0.000 0.000 0.000 0.000 0.000 0.703 12.298 24.951 65.510 110.800 131.376 180.645 200.993 251.437 178.936 126.208 89.668 62.541 43.108 17.381 8.997 0.000 0.000 0.000 0.000 0.000 4.821 8.369
-999.250 -999.250 -999.250 -999.250 -999.250 -999.250 -999.250 -999.250 -999.250 -999.250 -999.250 -999.250 -999.250 -999.250 -999.250 -999.250 -999.250 -999.250 -999.250 -999.250 -999.250 -999.250 -999.250 8.070 5.906 7.031 7.377 8.819 6.682 5.666 6.983 9.326 9.281 8.888 12.433 12.534 14.660 11.038 10.270 6.225 2.202 0.000 0.000 0.000 0.000 0.000 0.000 9.002 17.302 55.530 85.355 130.556 151.828 168.536 194.992 172.357 128.504 96.533 60.048 52.595 21.563 9.993 1.885 0.000 0.000 0.000 0.000 1.222 4.792
-999.250 -999.250 -999.250 -999.250 -999.250 -999.250 -999.250 -999.250 -999.250 -999.250 -999.250 -999.250 -999.250 -999.250 -999.250 -999.250 -999.250 -999.250 -999.250 -999.250 -999.250 -999.250 -999.250 7.992 8.615 8.205 7.902 6.574 7.485 8.042 6.991 9.460 10.934 13.639 13.465 14.630 14.179 11.455 11.888 6.200 3.663 0.000 0.000 0.000 0.000 0.000 0.000 0.740 12.934 38.637 75.530 123.841 132.433 144.171 156.312 156.035 121.096 102.016 68.696 47.897 24.663 10.168 0.000 0.000 0.000 0.000 0.000 0.000 2.632
-999.250 -999.250 -999.250 -999.250 -999.250 -999.250 -999.250 -999.250 -999.250 -999.250 -999.250 -999.250 -999.250 -999.250 -999.250 -999.250 -999.250 -999.250 -999.250 -999.250 -999.250 -999.250 -999.250 9.851 11.601 9.994 8.280 9.607 6.630 7.905 11.903 11.900 12.189 13.419 15.641 14.521 14.935 14.293 9.994 8.631 5.570 1.796 0.000 0.000 0.000 0.000 0.000 0.000 0.000 27.940 63.838 104.661 118.933 129.230 135.252 136.712 118.238 83.543 71.065 42.281 22.257 10.074 0.000 0.000 0.000 0.000 0.000 0.000 0.000
-999.250 -999.250 -999.250 -999.250 -999.250 -999.250 -999.250 -999.250 -999.250 -999.250 -999.250 -999.250 -999.250 -999.250 -999.250 -999.250 -999.250 -999.250 -999.250 -999.250 -999.250 -999.250 10.621 10.488 11.642 11.661 10.567 9.431 10.612 12.500 13.645 16.312 15.030 17.186 14.293 15.998 14.786 14.042 14.155 12.607 8.422 3.432 0.000 0.000 0.000 0.000 0.000 0.000 3.594 17.085 49.072 74.507 102.239 124.184 119.236 119.586 114.312 82.350 76.076 47.136 19.725 11.526 1.542 0.000 0.000 0.000 0.000 0.000 0.000
-999.250 -999.250 -999.250 -999.250 -999.250 -999.250 -999.250 -999.250 -999.250 -999.250 -999.250 -999.250 -999.250 -999.250 -999.250 -999.250 -999.250 -999.250 -999.250 -999.250 -999.250 -999.250 12.241 10.825 14.658 12.904 10.390 11.779 11.341 12.860 15.774 17.188 17.474 17.795 17.328 19.688 15.297 15.605 15.239 15.752 12.781 5.601 2.259 0.000 0.000 0.000 0.000 0.000 5.487 15.015 30.595 66.170 71.142 101.088 100.795 102.707 92.046 73.955 60.048 39.314 20.911 10.726 2.174 0.000 0.000 0.000 0.000 0.000 0.000
-999.250 -999.250 -999.250 -999.250 -999.250 -999.250 -999.250 -999.250 -999.250 -999.250 -999.250 -999.250 -999.250 -999.250 -999.250 -999.250 -999.250 -999.250 -999.250 -999.250 -999.250 10.190 11.392 13.900 18.178 13.920 11.081 11.309 11.159 13.525 19.957 17.344 17.287 18.243 18.962 20.696 17.844 20.501 22.265 16.802 13.835 10.250 6.860 4.300 0.000 0.000 0.000 0.000 3.882 11.829 23.115 43.731 58.414 63.123 61.406 65.370 72.589 50.311 43.771 39.432 22.519 11.982 4.913 0.595 0.000 0.000 0.000 0.000 0.000
-999.250 -999.250 -999.250 -999.250 -999.250 -999.250 -999.250 -999.250 -999.250 -999.250 -999.250 -999.250 -999.250 -999.250 -999.250 -999.250 -999.250 -999.250 -999.250 -999.250 -999.250 10.699 13.250 10.744 11.814 12.619 9.075 8.199 11.005 12.867 13.241 13.878 16.170 16.685 19.455 25.334 22.050 28.857 28.487 23.641 18.861 14.837 12.610 8.754 2.898 0.000 0.000 0.000 0.832 8.065 15.015 22.460 35.764 49.394 48.672 56.718 50.767 34.609 41.826 29.078 22.106 14.127 7.911 2.092 0.000 0.000 0.000 0.000 0.000
-999.250 -999.250 -999.250 -999.250 -999.250 -999.250 -999.250 -999.250 -999.250 -999.250 -999.250 -999.250 -999.250 -999.250 -999.250 -999.250 -999.250 -999.250 -999.250 -999.250 -999.250 10.438 10.710 9.233 9.498 7.740 6.857 8.178 8.390 9.719 12.508 14.234 15.416 18.151 21.457 24.968 30.274 29.465 29.130 29.155 26.373 19.304 16.668 12.685 5.790 1.413 0.000 0.000 0.000 3.373 9.056 13.958 20.564 26.522 35.017 38.127 33.658 31.949 28.588 22.111 17.586 12.739 8.103 5.777 1.394 0.000 0.000 0.000 0.000
-999.250 -999.250 -999.250 -999.250 -999.250 -999.250 -999.250 -999.250 -999.250 -999.250 -999.250 -999.250 -999.250 -999.250 -999.250 -999.250 -999.250 -999.250 -999.250 -999.250 10.859 9.262 6.912 7.650 7.213 6.882 7.842 6.430 8.241 9.552 12.501 13.323 15.247 20.822 22.234 32.092 32.138 34.460 36.467 49.096 39.636 29.118 21.842 17.432 8.970 3.495 0.000 0.000 0.000 0.000 3.556 7.391 12.564 16.489 17.998 24.919 21.584 30.359 23.240 23.851 18.488 12.797 10.371 7.346 4.503 1.442 0.099 0.000 0.000
-999.250 -999.250 -999.250 -999.250 -999.250 -999.250 -999.250 -999.250 -999.250 -999.250 -999.250 -999.250 -999.250 -999.250 -999.250 -999.250 -999.250 -999.250 -999.250 -999.250 12.569 7.466 7.293 6.524 6.143 4.750 5.207 5.287 7.498 8.617 11.677 13.910 18.156 18.819 23.025 31.982 34.554 40.936 44.384 49.438 45.260 37.355 29.853 18.489 9.330 6.813 0.889 0.000 0.000 0.000 0.000 1.598 5.604 10.184 14.265 17.834 21.541 27.047 22.951 22.067 18.471 16.192 12.838 9.146 5.435 4.161 0.567 0.000 0.000
-999.250 -999.250 -999.250 -999.250 -999.250 -999.250 -999.250 -999.250 -999.250 -999.250 -999.250 -999.250 -999.250 -999.250 -999.250 -999.250 -999.250 -999.250 -999.250 -999.250 11.754 7.624 6.104 5.160 3.553 4.020 4.908 5.660 6.206 10.299 14.634 14.455 16.893 16.492 21.121 30.509 40.510 47.178 48.500 52.513 52.685 41.366 30.765 20.175 14.187 8.032 1.672 0.000 0.000 0.000 0.000 0.000 2.691 6.117 10.751 15.685 20.581 21.853 23.649 24.969 19.862 15.548 13.709 8.911 5.937 4.318 3.465 0.000 0.000
-999.250 -999.250 -999.250 -999.250 -999.250 -999.250 -999.250 -999.250 -999.250 -999.250 -999.250 -999.250 -999.250 -999.250 -999.250 -999.250 -999.250 -999.250 -999.250 -999.250 10.407 7.704 5.254 4.117 3.767 4.427 1.998 4.412 5.731 9.890 18.794 14.667 16.075 15.524 20.643 29.142 42.046 42.764 58.819 55.372 63.573 47.036 33.036 20.731 16.380 9.443 4.339 0.000 0.000 0.000 0.000 0.000 0.000 4.324 7.480 12.522 17.564 22.672 24.007 30.093 20.115 18.909 14.443 10.506 7.080 5.569 3.706 0.238 0.000
-999.250 -999.250 -999.250 -999.250 -999.250 -999.250 -999.250 -999.250 -999.250 -999.250 -999.250 -999.250 -999.250 -999.250 -999.250 -999.250 -999.250 -999.250 -999.250 13.355 13.574 8.215 7.077 3.742 1.186 0.000 0.061 1.881 5.284 7.894 13.332 14.744 16.280 18.777 24.082 22.342 38.450 41.692 46.703 50.184 53.295 39.789 28.623 23.401 15.689 12.194 5.835 0.174 0.000 0.000 0.000 0.000 0.000 2.420 7.497 10.538 12.250 16.432 18.710 20.177 18.353 17.753 14.353 12.317 8.849 6.616 3.808 1.554 0.000
-999.250 -999.250 -999.250 -999.250 -999.250 -999.250 -999.250 -999.250 -999.250 -999.250 -999.250 -999.250 -999.250 -999.250 -999.250 -999.250 -999.250 -999.250 -999.250 14.988 15.072 8.951 7.432 3.663 0.000 0.000 0.000 0.000 1.740 5.677 8.852 11.330 13.793 17.136 20.673 26.896 30.667 47.578 33.459 45.866 39.160 37.654 33.218 20.399 14.761 10.582 5.048 0.278 0.000 0.000 0.000 0.000 0.000 0.833 5.231 8.485 10.725 14.627 15.474 16.921 15.331 14.099 15.054 10.471 9.787 6.304 3.385 1.645 0.019
-999.250 -999.250 -999.250 -999.250 -999.250 -999.250 -999.250 -999.250 -999.250 -999.250 -999.250 -999.250 -999.250 -999.250 -999.250 -999.250 -999.250 -999.250 -999.250 18.518 21.179 12.606 7.283 3.132 0.013 0.000 0.000 0.000 0.878 4.146 8.593 7.924 10.983 12.801 19.708 21.733 30.428 34.266 29.654 36.643 25.841 27.632 23.441 23.402 16.196 11.221 4.759 0.306 0.000 0.000 0.000 0.000 0.000 0.676 4.975 7.287 9.865 14.211 13.864 14.548 15.423 15.393 15.315 14.356 10.541 8.582 5.516 1.107 2.403
-999.250 -999.250 -999.250 -999.250 -999.250 -999.250 -999.250 -999.250 -999.250 -999.250 -999.250 -999.250 -999.250 -999.250 -999.250 -999.250 -999.250 -999.250 -999.250 15.845 16.264 11.886 8.304 3.777 0.190 0.000 0.000 0.000 0.000 3.691 4.381 8.261 10.716 11.619 17.011 20.463 21.521 22.767 21.541 26.809 26.297 19.147 21.426 19.248 15.416 10.035 4.087 0.659 0.000 0.000 0.000 0.000 0.000 3.017 4.575 7.224 9.642 12.556 15.287 16.564 17.389 15.971 16.004 11.902 13.236 9.417 6.171 4.216 2.944
-999.250 -999.250 -999.250 -999.250 -999.250 -999.250 -999.250 -999.250 -999.250 -999.250 -999.250 -999.250 -999.250 -999.250 -999.250 -999.250 -999.250 -999.250 -999.250 16.003 15.080 10.729 9.189 5.170 3.593 0.000 0.000 0.000 0.000 2.258 3.637 6.029 9.799 11.794 16.372 15.364 20.366 20.552 19.282 15.551 16.767 16.274 17.751 16.264 13.207 10.457 5.849 2.710 0.000 0.000 0.000 0.000 0.000 1.103 5.511 8.328 10.911 13.284 17.895 18.625 16.785 19.499 16.397 13.732 15.957 8.818 6.540 3.497 2.164
-999.250 -999.250 -999.250 -999.250 -999.250 -999.250 -999.250 -999.250 -999.250 -999.250 -999.250 -999.250 -999.250 -999.250 -999.250 -999.250 -999.250 -999.250 19.872 20.025 13.937 11.012 10.146 9.336 4.749 1.961 0.000 0.000 0.000 1.261 1.790 4.308 7.442 7.832 10.633 13.184 17.469 14.872 16.223 14.389 16.417 14.410 12.020 11.042 11.484 7.494 6.528 2.599 0.000 0.000 0.000 0.000 0.000 0.563 5.666 8.216 14.973 15.144 16.053 19.181 17.387 16.264 16.938 14.142 12.477 7.201 5.728 1.928 1.763
-999.250 -999.250 -999.250 -999.250 -999.250 -999.250 -999.250 -999.250 -999.250 -999.250 -999.250 -999.250 -999.250 -999.250 -999.250 -999.250 -999.250 29.321 26.162 24.600 17.586 13.268 13.013 11.127 7.539 3.704 0.572 0.000 0.000 0.000 0.000 3.073 3.981 5.698 6.995 11.200 13.675 11.134 13.111 11.934 10.955 12.618 10.808 7.169 7.061 7.050 3.743 3.383 0.742 0.000 0.000 0.000 0.000 0.284 4.362 6.950 11.568 14.946 18.021 26.731 19.331 16.573 12.647 11.597 9.052 6.175 3.375 1.927 0.336
-999.250 -999.250 -999.250 -999.250 -999.250 -999.250 -999.250 -999.250 -999.250 -999.250 -999.250 -999.250 -999.250 -999.250 -999.250 -999.250 -999.250 30.558 31.193 30.816 21.288 19.090 16.373 11.616 7.099 4.758 1.909 0.032 0.000 0.000 0.000 0.827 1.422 2.057 4.231 5.262 6.895 8.455 8.999 10.304 9.592 10.864 8.522 8.041 8.586 9.528 6.670 5.267 2.323 0.000 0.000 0.000 0.000 0.276 3.113 5.818 8.437 14.196 14.683 16.704 14.701 12.793 8.305 6.710 5.449 3.699 2.978 0.640 0.000
-999.250 -999.250 -999.250 -999.250 -999.250 -999.250 -999.250 -999.250 -999.250 -999.250 -999.250 -999.250 -999.250 -999.250 -999.250 50.221 52.477 41.191 45.074 34.991 28.408 24.381 16.468 15.119 9.108 6.096 4.509 0.953 0.000 0.000 0.000 0.000 0.000 0.375 1.140 3.077 2.359 4.727 5.477 5.283 7.172 11.450 10.212 10.226 9.482 7.254 6.477 6.031 4.175 2.422 0.000 0.000 0.000 0.000 2.721 5.715 10.187 14.233 12.117 13.330 12.407 10.063 6.566 5.486 4.591 4.272 1.037 0.000 0.000
-999.250 -999.250 -999.250 -999.250 -999.250 -999.250 -999.250 -999.250 -999.250 -999.250 -999.250 -999.250 -999.250 -999.250 55.914 59.261 48.919 56.515 53.616 51.549 37.879 32.728 19.808 16.518 12.344 7.965 1.750 0.506 0.000 0.000 0.000 0.000 0.000 0.000 0.000 0.000 0.013 0.251 2.665 3.226 6.550 7.945 9.028 10.659 11.210 9.452 9.279 8.258 5.941 2.505 0.411 0.000 0.000 0.000 0.000 3.146 6.783 7.945 9.078 7.978 8.374 6.337 4.488 3.681 1.779 0.044 0.000 0.000 0.000
-999.250 -999.250 -999.250 -999.250 -999.250 -999.250 -999.250 -999.250 -999.250 -999.250 -999.250 -999.250 -999.250 -999.250 65.622 71.293 67.395 74.369 68.843 61.762 45.642 39.030 26.636 18.996 15.910 8.311 4.611 1.869 0.000 0.000 0.000 0.000 0.000 0.000 0.000 0.000 0.000 0.000 0.000 0.989 2.552 5.707 5.374 8.746 12.353 13.916 10.533 13.403 7.521 3.555 1.385 0.000 0.000 0.000 0.000 0.881 3.865 4.351 5.826 6.110 5.277 4.162 3.191 1.872 1.090 0.000 0.000 0.000 0.000
-999.250 -999.250 -999.250 -999.250 -999.250 -999.250 -999.250 -999.250 -999.250 -999.250 -999.250 -999.250 -999.250 77.610 82.191 79.066 85.340 82.755 77.705 76.427 73.177 49.235 42.276 28.542 20.044 11.822 5.700 2.490 0.000 0.000 0.000 0.000 0.000 0.000 0.000 0.000 0.000 0.000 0.000 0.000 0.000 4.214 4.592 6.008 8.667 9.057 6.856 6.546 3.971 1.832 0.000 0.000 0.000 0.000 0.000 0.000 1.696 3.437 3.654 3.962 1.290 1.234 1.307 1.784 0.000 0.000 0.000 0.000 0.000
-999.250 -999.250 -999.250 -999.250 -999.250 -999.250 -999.250 -999.250 -999.250 -999.250 -999.250 -999.250 73.319 78.014 81.864 87.674 93.481 91.313 99.416 97.077 73.812 70.842 55.112 31.708 20.809 14.809 8.176 2.304 0.000 0.000 0.000 0.000 0.000 0.000 0.000 0.000 0.000 0.000 0.000 0.000 0.000 1.306 1.733 2.971 3.093 3.527 1.909 2.637 0.822 0.000 0.000 0.000 0.000 0.000 0.000 0.000 0.000 0.000 1.185 1.362 1.491 0.039 0.000 0.180 0.000 0.000 0.000 0.000 0.000
-999.250 -999.250 -999.250 -999.250 -999.250 -999.250 -999.250 -999.250 -999.250 -999.250 -999.250 83.160 73.652 82.062 86.530 89.597 87.356 98.246 102.351 97.172 85.758 82.461 62.820 37.243 19.504 14.654 7.333 1.284 0.000 0.000 0.000 0.000 0.000 0.000 0.000 0.000 0.000 0.000 0.000 0.000 0.000 0.000 0.000 0.727 0.000 0.000 0.000 0.000 0.000 0.000 0.000 0.000 0.000 0.000 0.000 0.000 0.000 0.000 0.000 0.000 0.000 0.000 0.000 0.000 0.000 0.000 0.000 0.000 0.000
-999.250 -999.250 -999.250 -999.250 -999.250 -999.250 -999.250 -999.250 -999.250 -999.250 68.627 68.932 71.211 74.797 80.707 87.383 92.200 103.837 115.434 111.931 95.996 74.653 60.254 44.838 21.784 10.280 5.524 0.000 0.000 0.000 0.000 0.000 0.000 0.000 0.000 0.000 0.000 0.000 0.000 0.000 0.000 0.000 0.000 0.000 0.000 0.000 0.000 0.000 0.000 0.000 0.000 0.000 0.000 0.000 0.000 0.000 0.000 0.000 0.000 0.000 0.000 0.000 0.000 0.000 0.000 0.000 0.000 0.000 0.000
-999.250 -999.250 -999.250 -999.250 -999.250 -999.250 -999.250 -999.250 -999.250 55.363 66.874 73.271 66.835 71.602 73.240 84.388 101.102 105.903 118.878 125.212 113.708 86.216 59.844 35.717 18.940 10.226 2.533 0.000 0.000 0.000 0.000 0.000 0.000 0.000 0.000 0.287 0.752 0.084 0.072 0.000 0.000 0.000 0.000 0.000 0.000 0.000 0.000 0.000 0.000 0.000 0.000 0.000 0.000 0.000 0.000 0.000 0.000 0.000 0.000 0.000 0.000 0.000 0.000 0.000 0.000 0.000 0.000 0.000 0.000
-999.250 -999.250 -999.250 -999.250 -999.250 49.225 64.148 59.777 57.322 51.115 56.951 65.452 59.794 61.016 67.781 71.569 77.224 93.929 97.523 115.169 96.236 75.714 55.599 32.156 17.576 6.867 0.109 0.000 0.000 0.000 0.000 0.000 0.000 0.000 2.955 3.002 4.922 2.834 0.991 1.780 1.907 0.549 0.000 0.000 0.000 0.000 0.000 0.000 0.000 0.000 0.000 0.000 0.000 0.000 0.000 0.000 0.000 0.000 0.000 0.000 0.000 0.000 0.000 0.000 0.000 0.000 0.000 0.000 0.000
