data/medianmodel_06-Jul-2020.asc
ncols	141
nrows	288
xllcorner	-120191.398
yllcorner	-301404.813
cellsize	2000.000
NODATA_value	-999.250
[rows 31 to 61 of 288, columns 0 to 68 of 141]
-999.250 -999.250 -999.250 -999.250 -999.250 -999.250 -999.250 -999.250 -999.250 -999.250 -999.250 -999.250 -999.250 -999.250 -999.250 -999.250 -999.250 -999.250 -999.250 -999.250 -999.250 -999.250 -999.250 -999.250 -999.250 -999.250 -999.250 -999.250 -999.250 -999.250 -999.250 -999.250 0.755 0.680 0.000 0.190 0.209 0.000 1.807 0.000 0.000 0.000 0.000 0.000 0.000 0.000 0.000 1.306 4.463 6.562 9.891 12.236 14.136 21.309 27.908 17.637 12.847 8.229 2.816 0.000 0.000 0.000 0.000 0.000 0.000 0.000 0.000 0.000 2.456
-999.250 -999.250 -999.250 -999.250 -999.250 -999.250 -999.250 -999.250 -999.250 -999.250 -999.250 -999.250 -999.250 -999.250 -999.250 -999.250 -999.250 -999.250 -999.250 -999.250 -999.250 -999.250 -999.250 -999.250 -999.250 -999.250 -999.250 -999.250 -999.250 -999.250 -999.250 -999.250 2.414 2.400 1.827 2.181 0.175 0.000 0.677 1.840 1.386 0.388 0.000 0.000 0.000 0.000 0.958 2.647 4.905 5.658 7.751 10.217 11.879 13.033 13.892 12.719 9.187 5.759 2.022 0.000 0.000 0.000 0.000 0.000 0.000 0.000 0.000 0.000 2.265
-999.250 -999.250 -999.250 -999.250 -999.250 -999.250 -999.250 -999.250 -999.250 -999.250 -999.250 -999.250 -999.250 -999.250 -999.250 -999.250 -999.250 -999.250 -999.250 -999.250 -999.250 -999.250 -999.250 -999.250 -999.250 -999.250 -999.250 -999.250 -999.250 -999.250 -999.250 -999.250 3.461 5.852 2.996 2.098 0.987 0.792 1.743 1.870 4.303 1.490 0.000 0.000 0.000 0.000 0.587 3.417 6.569 5.695 5.098 6.424 8.245 9.164 9.205 8.066 6.910 3.688 0.000 0.000 0.000 0.000 0.000 0.000 2.003 2.711 2.376 2.484 4.083
-999.250 -999.250 -999.250 -999.250 -999.250 -999.250 -999.250 -999.250 -999.250 -999.250 -999.250 -999.250 -999.250 -999.250 -999.250 -999.250 -999.250 -999.250 -999.250 -999.250 -999.250 -999.250 -999.250 -999.250 -999.250 -999.250 -999.250 -999.250 -999.250 -999.250 -999.250 -999.250 4.327 3.810 2.923 2.446 0.783 1.321 1.051 1.683 2.405 3.430 0.071 0.000 0.000 0.000 0.000 0.483 3.169 3.864 3.122 3.723 4.468 4.476 6.136 5.067 4.212 2.233 0.000 0.000 0.000 0.000 1.130 2.455 6.399 4.674 3.707 3.960 5.278
-999.250 -999.250 -999.250 -999.250 -999.250 -999.250 -999.250 -999.250 -999.250 -999.250 -999.250 -999.250 -999.250 -999.250 -999.250 -999.250 -999.250 -999.250 -999.250 -999.250 -999.250 -999.250 -999.250 -999.250 -999.250 -999.250 -999.250 -999.250 -999.250 -999.250 -999.250 -999.250 4.910 5.301 5.700 3.479 2.093 1.112 0.564 0.700 0.000 0.000 0.000 0.000 0.000 0.000 0.000 0.000 0.000 0.411 0.694 1.212 2.208 2.649 3.626 2.940 1.161 2.547 1.524 1.286 0.000 0.000 0.000 3.006 4.518 5.014 4.256 3.233 4.851
-999.250 -999.250 -999.250 -999.250 -999.250 -999.250 -999.250 -999.250 -999.250 -999.250 -999.250 -999.250 -999.250 -999.250 -999.250 -999.250 -999.250 -999.250 -999.250 -999.250 -999.250 -999.250 -999.250 -999.250 -999.250 -999.250 -999.250 -999.250 -999.250 -999.250 -999.250 -999.250 5.532 7.024 5.559 4.660 4.422 0.532 0.345 0.000 0.000 0.000 0.000 0.000 0.000 0.000 0.000 0.000 0.000 0.000 0.000 0.000 0.828 1.168 1.773 2.026 0.665 3.429 4.446 2.865 0.082 0.911 0.000 0.537 1.509 2.150 2.713 3.185 3.500
-999.250 -999.250 -999.250 -999.250 -999.250 -999.250 -999.250 -999.250 -999.250 -999.250 -999.250 -999.250 -999.250 -999.250 -999.250 -999.250 -999.250 -999.250 -999.250 -999.250 -999.250 -999.250 -999.250 -999.250 -999.250 -999.250 -999.250 -999.250 -999.250 -999.250 -999.250 -999.250 -999.250 6.794 5.355 6.148 5.199 2.375 1.128 0.000 0.000 0.000 0.000 0.000 0.000 0.000 0.000 0.000 0.000 0.000 0.000 0.000 1.224 1.509 2.269 4.197 3.258 4.203 5.319 5.498 3.829 1.524 0.000 0.000 0.074 0.164 0.000 0.315 1.501
-999.250 -999.250 -999.250 -999.250 -999.250 -999.250 -999.250 -999.250 -999.250 -999.250 -999.250 -999.250 -999.250 -999.250 -999.250 -999.250 -999.250 -999.250 -999.250 -999.250 -999.250 -999.250 -999.250 -999.250 -999.250 -999.250 -999.250 -999.250 -999.250 -999.250 -999.250 -999.250 -999.250 9.022 9.332 8.085 5.646 3.984 3.678 1.238 0.000 0.000 0.000 0.000 0.000 0.000 0.000 0.000 0.000 0.000 0.000 0.093 1.830 1.053 1.512 3.467 4.057 5.513 8.323 5.686 1.944 0.298 0.000 0.000 0.000 0.000 0.000 0.000 0.274
-999.250 -999.250 -999.250 -999.250 -999.250 -999.250 -999.250 -999.250 -999.250 -999.250 -999.250 -999.250 -999.250 -999.250 -999.250 -999.250 -999.250 -999.250 -999.250 -999.250 -999.250 -999.250 -999.250 -999.250 -999.250 -999.250 -999.250 -999.250 -999.250 -999.250 -999.250 -999.250 7.128 12.643 12.126 8.452 9.933 7.056 6.555 1.559 0.592 0.000 0.000 0.000 0.000 0.000 0.000 0.000 0.000 0.000 0.000 0.000 3.939 1.902 3.270 4.052 6.019 6.572 6.024 4.066 2.039 0.000 0.000 0.000 0.000 0.000 0.000 0.000 0.000
-999.250 -999.250 -999.250 -999.250 -999.250 -999.250 -999.250 -999.250 -999.250 -999.250 -999.250 -999.250 -999.250 -999.250 -999.250 -999.250 -999.250 -999.250 -999.250 -999.250 -999.250 -999.250 -999.250 -999.250 -999.250 -999.250 -999.250 -999.250 -999.250 -999.250 -999.250 -999.250 10.414 14.128 14.855 12.891 13.152 10.090 7.097 3.638 2.271 0.000 0.009 0.000 0.000 0.000 0.000 0.000 0.000 0.000 0.000 0.000 0.000 0.018 3.049 3.983 5.508 6.352 5.591 4.319 2.672 0.000 0.000 0.000 0.000 0.000 0.000 0.000 0.000
-999.250 -999.250 -999.250 -999.250 -999.250 -999.250 -999.250 -999.250 -999.250 -999.250 -999.250 -999.250 -999.250 -999.250 -999.250 -999.250 -999.250 -999.250 -999.250 -999.250 -999.250 -999.250 -999.250 -999.250 -999.250 -999.250 -999.250 -999.250 -999.250 -999.250 -999.250 -999.250 -999.250 16.332 20.706 15.920 12.793 10.665 6.888 6.147 3.324 0.963 0.696 0.062 2.278 0.000 0.000 0.000 0.000 0.000 0.000 0.000 0.000 0.000 2.660 6.614 7.068 8.009 7.703 5.119 2.517 0.000 0.000 0.000 0.000 0.000 0.000 0.000 0.000
-999.250 -999.250 -999.250 -999.250 -999.250 -999.250 -999.250 -999.250 -999.250 -999.250 -999.250 -999.250 -999.250 -999.250 -999.250 -999.250 -999.250 -999.250 -999.250 -999.250 -999.250 -999.250 -999.250 -999.250 -999.250 -999.250 -999.250 -999.250 -999.250 -999.250 -999.250 -999.250 -999.250 15.578 20.052 16.963 15.374 11.858 8.523 5.273 3.312 3.556 2.017 1.470 0.312 0.000 0.000 0.813 2.387 1.895 1.361 0.000 0.000 0.000 2.023 6.548 8.769 12.274 9.933 6.178 3.175 0.454 0.000 0.000 0.000 0.000 0.000 0.000 0.000
-999.250 -999.250 -999.250 -999.250 -999.250 -999.250 -999.250 -999.250 -999.250 -999.250 -999.250 -999.250 -999.250 -999.250 -999.250 -999.250 -999.250 -999.250 -999.250 -999.250 -999.250 -999.250 -999.250 -999.250 -999.250 -999.250 -999.250 -999.250 -999.250 -999.250 -999.250 -999.250 -999.250 16.922 21.079 22.544 16.695 13.165 10.008 7.265 5.522 4.846 4.221 1.245 1.178 0.338 2.071 5.878 6.928 6.947 7.086 3.935 2.045 0.662 4.474 7.369 11.546 19.496 12.660 7.040 2.186 0.000 0.000 0.000 0.000 0.000 0.000 0.000 0.000
-999.250 -999.250 -999.250 -999.250 -999.250 -999.250 -999.250 -999.250 -999.250 -999.250 -999.250 -999.250 -999.250 -999.250 -999.250 -999.250 -999.250 -999.250 -999.250 -999.250 -999.250 -999.250 -999.250 -999.250 -999.250 -999.250 -999.250 -999.250 -999.250 -999.250 -999.250 -999.250 -999.250 -999.250 21.770 28.786 18.312 13.849 10.432 7.722 5.958 7.229 6.863 5.274 3.663 3.733 6.547 8.519 11.003 15.398 15.744 14.022 9.406 7.206 7.647 8.047 11.745 12.122 10.593 7.206 2.536 0.000 0.000 0.000 0.000 0.000 0.000 0.000 0.000
-999.250 -999.250 -999.250 -999.250 -999.250 -999.250 -999.250 -999.250 -999.250 -999.250 -999.250 -999.250 -999.250 -999.250 -999.250 -999.250 -999.250 -999.250 -999.250 -999.250 -999.250 -999.250 -999.250 -999.250 -999.250 -999.250 -999.250 -999.250 -999.250 -999.250 -999.250 -999.250 -999.250 -999.250 19.043 20.116 16.252 12.178 10.352 8.866 7.865 7.645 8.100 10.412 8.291 7.383 9.259 13.250 16.612 26.486 26.941 20.818 14.885 11.034 8.259 7.752 9.530 9.108 8.373 6.965 3.937 1.416 0.542 0.000 0.000 0.000 0.000 0.000 0.000
-999.250 -999.250 -999.250 -999.250 -999.250 -999.250 -999.250 -999.250 -999.250 -999.250 -999.250 -999.250 -999.250 -999.250 -999.250 -999.250 -999.250 -999.250 -999.250 -999.250 -999.250 -999.250 -999.250 -999.250 -999.250 -999.250 -999.250 -999.250 -999.250 -999.250 -999.250 -999.250 -999.250 -999.250 15.165 14.531 16.029 11.603 9.206 8.819 6.337 7.286 7.794 8.277 7.358 9.707 11.927 16.900 25.342 34.816 47.596 26.844 16.405 10.878 7.295 6.251 6.255 6.773 5.607 4.604 3.366 1.678 1.512 0.000 0.000 0.000 0.000 0.000 0.000
-999.250 -999.250 -999.250 -999.250 -999.250 -999.250 -999.250 -999.250 -999.250 -999.250 -999.250 -999.250 -999.250 -999.250 -999.250 -999.250 -999.250 -999.250 -999.250 -999.250 -999.250 -999.250 -999.250 -999.250 -999.250 -999.250 -999.250 -999.250 -999.250 -999.250 -999.250 -999.250 -999.250 -999.250 12.978 11.022 12.090 10.826 8.973 6.280 6.686 5.783 7.102 7.736 9.515 12.076 14.289 21.172 25.588 29.195 30.225 25.139 14.388 9.846 6.416 4.262 3.093 2.842 2.453 1.807 1.732 1.326 2.223 0.524 0.000 0.000 0.000 0.000 0.000
-999.250 -999.250 -999.250 -999.250 -999.250 -999.250 -999.250 -999.250 -999.250 -999.250 -999.250 -999.250 -999.250 -999.250 -999.250 -999.250 -999.250 -999.250 -999.250 -999.250 -999.250 -999.250 -999.250 -999.250 -999.250 -999.250 -999.250 -999.250 -999.250 -999.250 -999.250 -999.250 -999.250 -999.250 -999.250 10.247 10.546 9.011 6.893 7.333 6.252 6.945 6.398 8.847 9.628 11.834 15.797 20.109 25.346 24.738 22.065 16.604 12.986 7.613 5.610 4.003 1.874 0.418 1.565 0.673 1.273 1.868 3.760 2.077 0.000 0.000 0.000 0.000 0.000
-999.250 -999.250 -999.250 -999.250 -999.250 -999.250 -999.250 -999.250 -999.250 -999.250 -999.250 -999.250 -999.250 -999.250 -999.250 -999.250 -999.250 -999.250 -999.250 -999.250 -999.250 -999.250 -999.250 -999.250 -999.250 -999.250 -999.250 -999.250 -999.250 -999.250 -999.250 -999.250 -999.250 -999.250 -999.250 7.133 7.068 7.468 6.293 6.816 7.445 6.829 8.684 9.096 9.020 10.897 13.163 16.518 19.645 20.327 17.049 15.810 10.023 5.959 4.741 2.347 1.398 0.093 0.375 0.000 0.000 1.675 1.005 0.361 0.000 0.000 0.000 0.000 0.000
-999.250 -999.250 -999.250 -999.250 -999.250 -999.250 -999.250 -999.250 -999.250 -999.250 -999.250 -999.250 -999.250 -999.250 -999.250 -999.250 -999.250 -999.250 -999.250 -999.250 -999.250 -999.250 -999.250 -999.250 -999.250 -999.250 -999.250 -999.250 -999.250 -999.250 -999.250 -999.250 -999.250 -999.250 -999.250 4.822 6.504 6.578 7.161 10.074 8.116 8.787 10.338 9.129 8.065 8.894 11.503 11.683 12.319 14.674 12.257 12.106 11.046 9.019 5.049 2.567 4.331 3.017 1.900 2.116 0.751 0.800 0.000 0.000 0.000 0.000 0.000 0.000 0.000
-999.250 -999.250 -999.250 -999.250 -999.250 -999.250 -999.250 -999.250 -999.250 -999.250 -999.250 -999.250 -999.250 -999.250 -999.250 -999.250 -999.250 -999.250 -999.250 -999.250 -999.250 -999.250 -999.250 -999.250 -999.250 -999.250 -999.250 -999.250 -999.250 -999.250 -999.250 -999.250 -999.250 -999.250 -999.250 5.651 6.187 5.691 8.554 7.075 7.389 9.571 13.341 9.930 8.057 10.665 10.923 10.881 9.795 9.730 9.750 9.726 8.462 8.003 7.737 4.922 4.772 4.891 6.162 6.343 2.998 3.538 0.388 0.000 0.000 0.000 0.000 0.000 0.000
-999.250 -999.250 -999.250 -999.250 -999.250 -999.250 -999.250 -999.250 -999.250 -999.250 -999.250 -999.250 -999.250 -999.250 -999.250 -999.250 -999.250 -999.250 -999.250 -999.250 -999.250 -999.250 -999.250 -999.250 -999.250 -999.250 -999.250 -999.250 -999.250 -999.250 -999.250 -999.250 -999.250 -999.250 -999.250 6.141 5.705 6.592 8.300 7.807 8.518 9.316 12.082 10.767 10.444 9.987 8.850 6.698 6.365 5.809 6.066 8.713 11.496 10.062 9.055 7.959 7.638 7.716 9.163 12.314 8.781 6.947 5.919 2.078 0.341 0.000 0.000 0.000 0.000
-999.250 -999.250 -999.250 -999.250 -999.250 -999.250 -999.250 -999.250 -999.250 -999.250 -999.250 -999.250 -999.250 -999.250 -999.250 -999.250 -999.250 -999.250 -999.250 -999.250 -999.250 -999.250 -999.250 -999.250 -999.250 -999.250 -999.250 -999.250 -999.250 -999.250 -999.250 -999.250 -999.250 -999.250 -999.250 -999.250 8.499 8.203 9.658 11.558 10.475 10.799 10.820 12.854 10.826 9.299 7.250 6.895 4.918 3.693 4.984 7.923 15.766 12.989 11.859 10.287 10.193 10.747 15.929 21.361 14.682 12.515 10.491 7.495 5.297 1.560 0.000 0.000 0.000
-999.250 -999.250 -999.250 -999.250 -999.250 -999.250 -999.250 -999.250 -999.250 -999.250 -999.250 -999.250 -999.250 -999.250 -999.250 -999.250 -999.250 -999.250 -999.250 -999.250 -999.250 -999.250 -999.250 -999.250 -999.250 -999.250 -999.250 -999.250 -999.250 -999.250 -999.250 -999.250 -999.250 -999.250 -999.250 -999.250 8.508 9.919 12.853 17.082 12.686 11.391 13.087 15.664 10.496 8.303 6.604 4.913 3.852 2.688 4.433 7.006 11.223 11.703 13.046 13.452 14.210 15.667 20.858 24.166 23.169 18.165 15.720 12.235 9.917 7.135 5.094 1.640 0.000
-999.250 -999.250 -999.250 -999.250 -999.250 -999.250 -999.250 -999.250 -999.250 -999.250 -999.250 -999.250 -999.250 -999.250 -999.250 -999.250 -999.250 -999.250 -999.250 -999.250 -999.250 -999.250 -999.250 -999.250 -999.250 -999.250 -999.250 -999.250 -999.250 -999.250 -999.250 -999.250 -999.250 -999.250 -999.250 -999.250 -999.250 12.140 12.225 16.134 16.905 14.352 14.261 13.258 8.975 7.575 5.281 2.101 0.000 0.000 0.791 5.050 6.075 9.618 13.374 18.989 21.590 26.432 31.018 33.949 32.984 30.692 24.968 21.215 12.673 11.529 10.668 3.563 0.460
-999.250 -999.250 -999.250 -999.250 -999.250 -999.250 -999.250 -999.250 -999.250 -999.250 -999.250 -999.250 -999.250 -999.250 -999.250 -999.250 -999.250 -999.250 -999.250 -999.250 -999.250 -999.250 -999.250 -999.250 -999.250 -999.250 -999.250 -999.250 -999.250 -999.250 -999.250 -999.250 -999.250 -999.250 -999.250 -999.250 -999.250 11.465 14.535 17.419 21.056 16.791 15.473 12.697 9.555 7.277 4.304 1.430 0.658 0.000 0.000 2.785 5.449 9.828 13.278 20.119 30.325 37.759 51.355 51.182 48.884 44.160 38.547 25.339 19.042 16.294 10.488 7.182 4.256
-999.250 -999.250 -999.250 -999.250 -999.250 -999.250 -999.250 -999.250 -999.250 -999.250 -999.250 -999.250 -999.250 -999.250 -999.250 -999.250 -999.250 -999.250 -999.250 -999.250 -999.250 -999.250 -999.250 -999.250 -999.250 -999.250 -999.250 -999.250 -999.250 -999.250 -999.250 -999.250 -999.250 -999.250 -999.250 -999.250 -999.250 10.112 14.067 17.069 29.620 21.211 14.530 15.379 10.704 7.337 4.026 1.888 0.319 0.000 0.000 0.788 4.581 7.338 15.756 30.009 34.565 42.841 56.982 71.494 72.166 66.591 51.699 33.885 26.494 19.417 13.564 11.046 9.865
-999.250 -999.250 -999.250 -999.250 -999.250 -999.250 -999.250 -999.250 -999.250 -999.250 -999.250 -999.250 -999.250 -999.250 -999.250 -999.250 -999.250 -999.250 -999.250 -999.250 -999.250 -999.250 -999.250 -999.250 -999.250 -999.250 -999.250 -999.250 -999.250 -999.250 -999.250 -999.250 -999.250 -999.250 -999.250 -999.250 -999.250 9.846 12.234 16.698 21.133 18.579 14.643 12.835 10.932 7.656 4.577 2.901 0.000 0.000 0.000 0.000 2.494 8.727 19.393 37.133 71.757 74.624 95.157 99.941 85.900 84.146 69.420 53.437 36.218 29.715 17.902 13.776 10.592
-999.250 -999.250 -999.250 -999.250 -999.250 -999.250 -999.250 -999.250 -999.250 -999.250 -999.250 -999.250 -999.250 -999.250 -999.250 -999.250 -999.250 -999.250 -999.250 -999.250 -999.250 -999.250 -999.250 -999.250 -999.250 -999.250 -999.250 -999.250 -999.250 -999.250 -999.250 -999.250 -999.250 -999.250 -999.250 -999.250 -999.250 -999.250 9.274 13.011 15.554 15.692 16.384 15.412 11.615 8.742 6.719 1.985 0.000 0.000 0.000 0.000 0.000 9.429 22.633 53.949 81.040 114.006 129.839 128.219 118.564 112.108 83.830 75.538 64.753 39.483 24.919 17.428 11.917
-999.250 -999.250 -999.250 -999.250 -999.250 -999.250 -999.250 -999.250 -999.250 -999.250 -999.250 -999.250 -999.250 -999.250 -999.250 -999.250 -999.250 -999.250 -999.250 -999.250 -999.250 -999.250 -999.250 -999.250 -999.250 -999.250 -999.250 -999.250 -999.250 -999.250 -999.250 -999.250 -999.250 -999.250 -999.250 -999.250 -999.250 -999.250 7.085 9.083 13.795 14.867 17.585 15.210 13.254 8.734 7.709 5.163 0.000 0.000 0.000 0.000 0.000 6.471 30.771 63.096 88.995 127.965 164.438 133.071 131.037 112.710 81.742 77.395 65.856 40.915 33.867 22.441 13.211
-999.250 -999.250 -999.250 -999.250 -999.250 -999.250 -999.250 -999.250 -999.250 -999.250 -999.250 -999.250 -999.250 -999.250 -999.250 -999.250 -999.250 -999.250 -999.250 -999.250 -999.250 -999.250 -999.250 -999.250 -999.250 -999.250 -999.250 -999.250 -999.250 -999.250 -999.250 -999.250 -999.250 -999.250 -999.250 -999.250 -999.250 -999.250 4.973 7.686 12.968 15.554 14.489 15.148 14.453 11.037 7.941 3.829 0.000 0.000 0.000 0.000 3.131 12.774 31.283 61.422 98.143 122.146 139.494 142.223 126.106 118.736 105.808 73.393 73.365 50.082 33.266 24.320 14.053
