data/medianmodel_17-Oct-2020.asc
ncols	141
nrows	288
xllcorner	-120191.398
yllcorner	-301404.813
cellsize	2000.000
NODATA_value	-999.250
[rows 30 to 59 of 288, columns 67 to 133 of 141]
144.992 151.448 159.311 151.558 163.654 176.298 157.159 159.035 169.129 138.967 153.908 166.120 168.134 151.064 141.819 163.252 143.758 147.650 143.540 129.007 126.732 121.434 129.895 121.089 116.096 122.587 124.372 113.468 119.890 116.506 140.123 123.257 127.998 111.933 123.160 130.296 148.985 155.721 154.102 163.384 158.710 168.853 177.397 189.537 221.932 219.039 199.560 191.855 198.891 219.208 202.960 219.738 192.525 207.209 185.760 156.524 143.523 127.584 115.299 87.641 74.571 64.205 58.580 54.359 52.802 50.024 57.778
141.497 158.692 147.809 156.285 181.410 169.795 165.417 153.206 174.206 172.850 169.161 176.267 174.816 188.048 181.360 178.034 187.529 174.421 167.685 136.808 111.033 114.798 128.423 118.018 110.906 113.674 119.777 114.307 102.738 115.926 109.294 117.035 115.313 111.569 127.575 129.571 162.973 124.664 132.356 154.481 164.828 163.857 173.674 203.430 216.051 193.846 202.238 209.273 212.619 204.316 198.089 206.909 190.569 191.738 161.680 134.282 116.325 117.688 96.669 74.188 64.408 53.700 53.224 40.002 34.369 34.708 35.129
124.822 125.846 143.775 149.532 171.783 181.956 181.966 180.186 168.816 184.268 185.047 195.878 188.803 210.876 225.618 203.801 204.990 169.110 163.894 144.222 121.750 101.082 103.911 95.200 88.370 97.114 100.847 100.838 108.913 94.746 110.678 102.465 116.100 109.174 110.713 123.628 123.319 128.189 147.282 148.878 171.084 174.017 184.179 181.836 198.790 202.319 202.621 198.706 204.747 214.025 204.624 212.064 180.238 185.509 180.989 129.043 118.984 126.810 92.939 70.058 50.529 48.015 40.561 41.349 32.333 24.082 24.110
105.179 113.239 131.394 124.879 172.940 184.179 184.643 205.670 222.299 208.033 207.249 215.652 251.474 259.457 244.915 233.719 219.799 199.661 172.036 163.229 115.983 103.710 91.277 85.076 81.422 78.167 79.053 83.770 93.888 80.196 91.241 95.189 113.405 106.479 111.418 130.384 134.279 139.815 135.219 147.543 174.274 186.002 177.526 189.410 205.269 184.112 187.958 207.189 208.729 206.676 200.238 221.587 184.263 181.009 159.088 158.560 126.341 111.540 99.329 85.289 58.842 46.434 34.480 37.416 30.015 18.116 16.480
81.156 88.745 108.373 131.522 160.304 177.017 216.090 229.900 194.099 222.454 247.000 259.152 273.254 281.343 276.346 267.243 236.972 181.055 157.637 145.481 113.755 92.692 83.258 67.827 63.781 63.245 68.881 68.190 72.154 76.100 90.942 100.623 102.590 95.627 123.651 120.166 126.030 126.802 143.612 136.350 159.234 166.005 186.099 182.148 226.855 218.680 214.098 200.147 210.384 208.707 191.273 190.544 175.930 156.455 163.810 156.362 124.851 122.174 94.475 86.557 62.704 46.137 44.444 34.087 26.536 15.902 6.114
77.282 94.347 101.513 131.083 144.367 181.605 205.435 225.816 213.057 214.402 234.589 251.121 254.993 308.587 326.060 277.136 246.737 184.149 152.779 121.456 101.219 75.123 58.248 60.519 51.933 55.738 55.556 56.904 67.793 67.131 82.208 90.117 99.530 119.653 110.562 120.354 137.050 149.675 145.195 126.989 143.950 192.327 183.267 170.215 183.645 192.784 190.935 197.328 199.727 188.882 210.035 187.043 189.706 193.238 185.721 167.594 140.291 141.963 115.689 94.911 63.908 61.989 53.439 37.600 19.903 11.487 7.191
65.543 69.196 78.122 94.652 133.285 158.768 195.363 207.047 223.696 227.924 243.452 259.018 310.283 301.310 286.196 261.755 210.572 165.378 137.019 115.105 80.441 68.843 49.849 50.974 45.192 41.175 45.276 56.046 66.221 64.136 77.414 90.187 96.534 115.122 114.584 129.454 152.510 151.274 134.177 142.561 148.355 165.977 164.387 171.202 190.797 177.374 190.833 187.698 181.968 181.106 197.569 213.658 226.768 201.160 190.175 177.987 155.685 135.156 132.693 120.750 97.425 77.213 55.857 35.544 33.006 21.900 15.720
51.742 66.392 74.918 89.432 132.758 153.664 181.916 214.026 233.095 237.310 250.255 265.237 265.418 285.495 250.269 222.925 193.566 157.329 119.799 103.003 60.452 46.259 35.776 32.067 34.531 31.965 43.378 49.353 58.786 62.610 80.513 89.549 93.535 107.146 125.939 147.309 148.220 157.279 141.235 157.715 155.440 150.172 195.270 184.756 198.885 209.691 199.333 191.452 188.572 213.429 227.842 212.255 243.827 220.261 185.538 184.138 160.301 165.066 140.134 132.496 105.827 81.283 70.888 59.782 41.730 38.213 31.276
44.019 45.660 56.295 74.937 107.916 153.472 180.789 206.800 213.663 234.474 226.691 236.234 225.479 252.156 240.884 197.486 172.683 140.484 101.268 70.359 52.463 32.876 23.453 20.012 20.562 31.948 36.316 46.477 59.629 64.636 74.494 76.343 100.460 117.927 120.119 128.925 133.182 156.349 135.449 151.918 149.129 175.060 187.634 195.449 194.602 195.658 194.375 184.782 206.540 211.545 213.851 225.026 191.321 191.593 204.368 201.381 190.945 167.403 144.939 126.304 117.175 100.163 77.831 63.872 54.149 48.769 44.927
42.113 41.917 52.991 76.045 114.814 144.162 176.974 198.178 234.397 226.365 214.293 232.018 220.103 214.295 208.071 185.065 157.894 117.665 81.475 56.107 34.740 15.677 12.090 7.649 14.681 23.739 33.792 38.540 56.801 62.809 73.136 76.206 86.459 111.389 120.014 146.938 139.397 162.561 171.078 157.698 168.221 213.419 205.743 192.442 179.106 203.430 201.921 209.411 223.681 229.458 192.947 217.185 222.054 200.052 207.567 185.731 188.945 182.352 154.285 142.928 121.176 111.671 98.127 79.495 66.701 60.585 47.289
36.042 37.796 49.775 68.222 115.821 124.835 148.662 206.011 207.738 238.200 222.131 221.521 216.752 201.518 195.800 155.733 135.131 91.005 64.559 43.843 22.725 0.000 0.000 3.973 6.955 21.367 33.226 42.143 56.730 65.344 83.055 87.154 124.165 117.100 133.674 169.889 168.118 185.403 191.232 195.112 193.941 206.675 222.397 238.436 236.249 248.803 227.697 224.790 247.039 245.859 219.617 233.211 192.131 230.218 214.239 236.258 217.618 196.380 175.107 172.165 164.744 131.542 116.206 107.208 72.002 59.545 58.847
28.794 42.906 59.932 73.373 101.942 115.655 153.951 184.357 209.588 204.185 249.199 218.622 210.504 184.232 176.501 150.509 129.994 95.727 61.144 45.592 22.296 9.416 2.403 6.447 8.900 18.057 33.080 43.362 53.376 74.372 101.703 132.181 134.602 133.363 141.516 175.340 194.070 196.426 185.506 206.498 201.283 221.996 254.365 263.322 273.660 234.931 209.735 256.337 254.196 229.452 235.190 213.244 222.607 226.530 222.997 250.709 247.417 213.255 198.792 186.502 172.628 126.613 130.902 102.773 91.153 75.421 72.454
52.687 55.393 65.578 80.958 105.754 129.256 146.365 179.157 189.212 205.534 224.053 226.990 198.090 188.786 188.919 151.195 133.126 96.057 58.071 44.135 29.821 19.148 14.178 11.746 11.782 19.010 31.936 39.033 50.744 83.187 110.000 119.177 137.531 157.565 161.309 172.866 188.778 209.475 212.052 230.647 218.339 240.841 271.814 271.790 234.525 248.793 239.220 262.771 227.007 212.390 262.265 260.808 249.552 278.966 279.257 243.406 243.308 219.022 215.913 172.921 164.901 140.725 136.269 121.925 111.461 -999.250 -999.250
61.376 69.268 71.335 89.419 118.366 145.984 150.380 179.009 194.272 204.673 220.820 200.419 192.577 188.056 156.285 133.120 106.809 77.947 56.671 40.965 37.064 25.964 19.831 20.376 23.658 26.109 34.260 47.761 61.362 80.334 104.011 121.260 151.185 180.643 184.125 177.984 182.333 202.506 207.952 224.864 217.155 264.004 285.714 250.599 263.778 252.504 245.367 240.349 228.251 213.844 276.817 270.536 285.127 300.336 283.640 267.797 228.918 256.872 239.161 197.967 181.253 152.976 145.706 118.267 109.189 101.310 -999.250
85.749 87.120 80.455 101.291 121.019 145.440 152.031 199.628 204.960 222.716 219.413 202.146 196.403 178.342 159.950 129.923 88.817 71.350 49.287 45.821 40.728 34.989 31.552 26.218 25.579 32.293 40.237 51.363 67.352 92.108 107.331 148.085 154.455 199.752 205.236 194.547 214.821 214.302 220.653 206.809 237.654 247.591 245.704 254.819 254.504 270.411 275.146 221.791 240.011 245.129 243.591 265.441 279.442 301.568 293.292 255.823 265.460 241.075 198.401 204.517 169.834 162.760 155.578 134.004 -999.250 -999.250 -999.250
105.763 91.950 103.620 101.233 123.523 136.251 170.463 189.854 211.495 219.552 217.861 208.798 196.233 194.301 136.256 109.247 83.035 70.772 56.535 57.573 56.207 41.246 40.065 36.700 35.665 35.995 40.800 48.396 66.061 100.291 122.543 132.174 175.407 190.955 221.450 187.156 197.677 199.394 233.008 227.265 255.235 239.992 228.146 243.569 235.256 232.886 224.222 201.145 202.094 233.407 267.064 267.913 318.254 345.567 306.548 264.163 254.653 211.916 206.111 176.387 170.993 143.083 145.922 127.404 -999.250 -999.250 -999.250
129.986 92.922 92.953 96.686 105.108 118.350 167.758 195.947 197.465 246.187 229.447 188.202 176.285 168.541 138.569 100.544 82.602 65.192 56.598 48.134 58.035 54.422 50.624 44.735 37.545 31.754 37.547 54.490 63.927 89.592 116.610 151.134 175.772 199.997 229.022 193.457 204.538 205.968 211.741 206.645 201.518 219.130 213.408 202.721 185.737 187.621 211.333 186.949 199.738 197.021 220.585 252.853 271.347 305.400 304.075 257.085 227.510 209.055 189.024 180.232 154.783 150.570 131.288 -999.250 -999.250 -999.250 -999.250
128.481 104.093 83.231 84.590 82.237 114.292 124.477 165.895 171.496 191.241 199.820 183.750 152.612 134.001 102.146 81.026 58.637 60.627 54.797 54.968 55.749 65.882 52.647 46.690 38.702 26.211 32.174 39.243 52.530 77.577 101.598 135.333 171.236 191.994 231.635 210.103 192.903 207.240 191.761 203.182 186.239 185.738 175.826 184.122 175.764 159.539 184.562 189.547 213.647 188.911 207.424 240.637 247.771 261.889 278.045 243.099 224.446 179.822 180.857 165.129 140.866 -999.250 -999.250 -999.250 -999.250 -999.250 -999.250
143.658 121.511 86.764 73.530 63.591 76.218 103.594 111.823 145.312 158.259 142.293 152.404 130.026 90.311 78.535 64.108 52.271 50.448 48.572 52.381 52.973 53.414 49.673 40.761 35.629 21.506 19.207 19.637 32.217 53.644 78.517 110.590 138.846 169.181 188.665 177.118 160.248 168.968 184.977 205.258 188.057 157.522 162.740 177.631 149.824 158.630 163.688 164.936 157.547 181.761 190.170 198.827 210.464 211.691 218.283 210.063 171.970 158.937 149.317 161.758 138.601 -999.250 -999.250 -999.250 -999.250 -999.250 -999.250
128.562 94.268 80.417 58.071 48.983 57.750 62.841 84.535 95.726 110.970 119.215 109.389 83.112 81.127 64.156 49.938 33.795 36.607 39.128 44.830 45.319 42.575 39.707 30.201 24.970 18.212 13.487 4.464 0.000 26.904 53.550 92.225 103.662 127.268 126.375 139.666 132.967 132.818 135.281 159.385 166.509 129.524 131.002 120.690 150.797 127.930 136.125 125.033 164.571 162.266 185.626 187.280 197.259 189.708 187.886 177.017 -999.250 149.623 130.542 -999.250 -999.250 -999.250 -999.250 -999.250 -999.250 -999.250 -999.250
109.923 85.443 59.361 53.389 45.924 40.549 45.793 50.832 60.731 80.695 91.251 76.808 76.410 62.944 56.753 48.825 39.452 38.603 42.565 39.255 37.541 36.335 32.412 30.846 23.490 15.065 9.440 1.135 2.311 15.117 42.481 59.190 73.258 85.667 93.056 104.487 92.229 99.847 93.644 108.356 115.241 127.165 106.617 104.441 108.747 119.667 110.985 111.148 140.427 144.761 163.528 163.413 165.934 160.990 -999.250 -999.250 -999.250 -999.250 -999.250 -999.250 -999.250 -999.250 -999.250 -999.250 -999.250 -999.250 -999.250
95.349 69.138 46.233 38.838 35.581 25.930 27.003 30.096 41.679 61.418 74.210 71.922 69.272 57.083 51.761 48.820 45.630 44.120 44.880 39.892 40.573 32.036 36.283 24.246 23.911 14.711 10.700 0.419 4.622 14.904 33.704 45.940 55.357 54.361 70.649 64.128 57.827 59.562 62.512 71.692 77.715 86.443 81.482 50.728 69.178 75.340 83.257 83.384 89.843 102.565 119.172 121.726 141.489 -999.250 -999.250 -999.250 -999.250 -999.250 -999.250 -999.250 -999.250 -999.250 -999.250 -999.250 -999.250 -999.250 -999.250
74.476 61.271 47.601 34.642 30.035 25.318 22.438 15.154 37.977 56.082 57.518 67.841 58.771 57.288 51.611 53.640 41.958 43.844 50.641 46.525 37.860 40.504 38.580 29.149 19.507 10.471 7.607 1.844 4.516 12.171 21.030 35.480 38.508 40.386 37.594 38.380 30.602 32.143 40.934 47.062 43.954 54.438 43.569 42.765 48.710 52.073 54.726 62.661 65.917 77.971 98.698 97.600 110.931 -999.250 -999.250 -999.250 -999.250 -999.250 -999.250 -999.250 -999.250 -999.250 -999.250 -999.250 -999.250 -999.250 -999.250
74.270 63.071 47.195 37.127 27.821 25.084 40.049 63.400 51.869 53.818 56.800 60.565 69.236 62.136 65.043 61.193 49.869 49.571 48.783 50.159 43.621 37.043 37.913 27.621 26.084 16.975 11.295 9.580 11.346 17.595 21.518 24.800 20.914 23.301 20.478 17.974 12.465 0.000 15.218 20.110 28.666 30.114 35.262 31.043 34.014 32.928 42.884 47.121 51.011 58.154 73.940 79.874 -999.250 -999.250 -999.250 -999.250 -999.250 -999.250 -999.250 -999.250 -999.250 -999.250 -999.250 -999.250 -999.250 -999.250 -999.250
91.020 82.409 64.761 50.454 42.883 37.886 46.825 56.978 51.242 56.838 55.640 59.468 65.079 64.970 70.801 66.098 62.354 58.114 57.927 51.439 48.846 45.664 39.822 35.393 28.957 17.072 15.567 12.274 15.172 13.476 17.026 19.194 14.350 16.609 12.343 9.404 0.453 1.962 8.725 14.801 18.694 17.586 17.972 19.460 19.470 25.164 19.126 29.934 33.942 47.266 49.179 -999.250 -999.250 -999.250 -999.250 -999.250 -999.250 -999.250 -999.250 -999.250 -999.250 -999.250 -999.250 -999.250 -999.250 -999.250 -999.250
124.578 108.349 101.190 74.256 56.285 50.320 45.285 48.778 48.270 45.924 55.444 64.301 63.153 69.871 72.628 75.941 68.162 63.589 62.648 58.060 54.386 51.563 42.105 36.255 32.169 21.318 18.008 14.845 15.259 13.541 16.135 16.233 15.052 15.138 9.132 8.969 7.214 7.465 9.796 8.280 15.421 15.846 17.750 18.858 17.087 15.058 14.670 19.194 24.494 33.576 44.308 -999.250 -999.250 -999.250 -999.250 -999.250 -999.250 -999.250 -999.250 -999.250 -999.250 -999.250 -999.250 -999.250 -999.250 -999.250 -999.250
179.672 187.277 150.798 124.484 76.388 54.442 49.554 44.496 45.384 50.660 54.480 60.494 69.336 71.139 72.297 77.770 82.877 77.123 72.263 58.804 53.120 48.404 46.029 42.871 34.010 25.635 18.248 20.378 18.841 15.208 15.713 15.002 16.711 15.240 12.026 11.375 9.149 9.490 11.708 10.290 10.242 14.516 18.180 16.497 13.901 16.266 10.443 8.912 10.234 19.392 -999.250 -999.250 -999.250 -999.250 -999.250 -999.250 -999.250 -999.250 -999.250 -999.250 -999.250 -999.250 -999.250 -999.250 -999.250 -999.250 -999.250
252.851 286.081 195.480 140.840 97.883 65.518 52.219 47.219 44.812 47.727 48.848 59.660 69.336 71.346 76.354 77.834 76.107 82.480 78.052 61.998 60.850 49.550 44.486 40.239 33.282 27.450 19.528 21.988 18.003 18.343 22.902 19.559 20.655 18.331 15.377 13.633 16.562 11.263 13.679 11.670 12.842 11.353 14.592 12.747 11.740 10.157 10.521 5.909 0.000 17.315 -999.250 -999.250 -999.250 -999.250 -999.250 -999.250 -999.250 -999.250 -999.250 -999.250 -999.250 -999.250 -999.250 -999.250 -999.250 -999.250 -999.250
261.223 257.452 208.933 148.425 94.671 65.835 48.225 43.525 42.571 41.809 50.658 50.879 64.040 61.549 71.756 81.712 81.165 76.427 76.123 55.272 50.555 42.315 43.202 37.976 31.688 25.725 19.847 23.498 16.870 20.516 23.821 18.184 16.035 21.043 19.526 12.586 17.129 17.141 16.130 15.885 17.066 16.244 12.494 12.862 11.541 14.744 13.272 10.610 10.884 20.455 -999.250 -999.250 -999.250 -999.250 -999.250 -999.250 -999.250 -999.250 -999.250 -999.250 -999.250 -999.250 -999.250 -999.250 -999.250 -999.250 -999.250
239.644 223.732 178.934 129.991 88.033 57.283 45.409 34.153 33.555 35.659 43.961 51.341 54.688 63.800 72.503 79.359 76.591 69.626 67.537 61.915 51.207 44.667 36.531 30.571 29.151 21.983 23.754 16.382 15.733 17.382 19.855 24.117 25.257 21.973 22.675 22.472 20.271 23.012 20.165 15.464 16.652 15.130 16.428 12.227 13.445 15.786 17.145 15.806 14.864 -999.250 -999.250 -999.250 -999.250 -999.250 -999.250 -999.250 -999.250 -999.250 -999.250 -999.250 -999.250 -999.250 -999.250 -999.250 -999.250 -999.250 -999.250
