data/medianmodel_28-Apr-2020.asc
ncols	141
nrows	288
xllcorner	-120191.398
yllcorner	-301404.813
cellsize	2000.000
NODATA_value	-999.250
[rows 120 to 149 of 288, columns 68 to 135 of 141]
9.312 5.595 5.865 6.134 6.699 8.047 11.027 9.410 8.836 16.690 14.575 14.606 14.805 16.789 20.141 19.120 20.336 18.797 15.526 14.773 14.349 12.625 13.805 13.858 12.366 13.133 13.080 12.644 9.831 10.728 10.893 10.698 11.566 10.665 10.546 11.717 12.157 11.821 12.285 13.950 16.157 13.246 14.631 13.436 11.735 -999.250 -999.250 -999.250 -999.250 -999.250 -999.250 -999.250 -999.250 -999.250 -999.250 -999.250 -999.250 -999.250 -999.250 -999.250 -999.250 -999.250 -999.250 -999.250 -999.250 -999.250 -999.250 -999.250
5.045 2.806 3.238 5.406 6.528 9.576 12.638 12.189 11.793 15.928 15.651 15.146 16.399 13.915 17.589 19.015 18.215 17.434 18.047 16.829 15.889 16.765 13.389 15.490 11.534 12.724 10.336 12.116 10.081 10.674 10.713 9.058 6.755 7.785 8.292 10.255 14.825 15.501 14.116 12.114 13.080 10.521 14.239 9.773 10.334 -999.250 -999.250 -999.250 -999.250 -999.250 -999.250 -999.250 -999.250 -999.250 -999.250 -999.250 -999.250 -999.250 -999.250 -999.250 -999.250 -999.250 -999.250 -999.250 -999.250 -999.250 -999.250 -999.250
3.969 2.103 0.000 2.429 7.918 7.886 9.981 9.718 13.945 12.271 15.778 14.798 16.879 16.943 15.929 16.581 19.164 16.110 16.594 15.263 17.963 18.164 15.397 14.230 13.041 9.942 12.918 12.172 10.594 9.004 6.671 5.418 4.305 6.186 9.651 11.901 11.937 11.691 10.615 13.390 12.358 14.551 13.038 12.024 11.874 -999.250 -999.250 -999.250 -999.250 -999.250 -999.250 -999.250 -999.250 -999.250 -999.250 -999.250 -999.250 -999.250 -999.250 -999.250 -999.250 -999.250 -999.250 -999.250 -999.250 -999.250 -999.250 -999.250
7.504 2.809 4.166 6.071 7.376 7.421 7.183 9.091 12.542 12.838 15.074 15.119 15.388 17.493 16.271 19.476 19.439 17.730 15.438 14.584 16.137 15.214 13.051 11.012 11.660 12.315 12.701 12.624 9.901 8.534 7.098 4.274 0.000 4.447 9.371 9.868 10.879 13.599 13.939 14.656 15.114 13.581 12.913 10.819 -999.250 -999.250 -999.250 -999.250 -999.250 -999.250 -999.250 -999.250 -999.250 -999.250 -999.250 -999.250 -999.250 -999.250 -999.250 -999.250 -999.250 -999.250 -999.250 -999.250 -999.250 -999.250 -999.250 -999.250
9.763 8.741 7.414 7.330 9.954 8.625 8.665 11.328 10.801 13.491 14.784 15.350 13.810 16.001 14.725 16.054 18.317 16.859 13.271 14.206 15.781 11.925 12.218 14.495 9.473 11.257 12.503 12.740 11.934 9.308 8.145 5.907 4.181 6.567 10.103 10.750 11.856 10.526 10.980 11.130 12.948 10.238 10.584 11.395 -999.250 -999.250 -999.250 -999.250 -999.250 -999.250 -999.250 -999.250 -999.250 -999.250 -999.250 -999.250 -999.250 -999.250 -999.250 -999.250 -999.250 -999.250 -999.250 -999.250 -999.250 -999.250 -999.250 -999.250
11.197 11.316 9.196 10.183 10.040 10.141 7.998 9.358 12.608 13.008 15.599 17.618 13.204 13.965 13.558 15.831 17.159 16.615 15.082 14.961 13.127 13.142 12.937 12.980 10.187 9.467 10.912 13.086 10.064 9.369 7.451 9.460 7.842 11.177 9.015 8.041 9.195 8.491 10.551 11.663 10.006 12.021 11.368 10.433 -999.250 -999.250 -999.250 -999.250 -999.250 -999.250 -999.250 -999.250 -999.250 -999.250 -999.250 -999.250 -999.250 -999.250 -999.250 -999.250 -999.250 -999.250 -999.250 -999.250 -999.250 -999.250 -999.250 -999.250
13.381 11.432 10.753 10.227 11.859 11.129 9.822 8.152 9.755 13.279 15.391 14.574 9.757 12.290 12.983 13.467 18.460 15.411 14.463 12.465 13.389 13.740 13.802 12.355 9.544 12.729 11.437 12.316 9.683 9.737 11.861 9.128 9.514 10.163 9.352 8.857 9.431 10.555 10.102 10.672 11.407 13.027 9.928 9.432 -999.250 -999.250 -999.250 -999.250 -999.250 -999.250 -999.250 -999.250 -999.250 -999.250 -999.250 -999.250 -999.250 -999.250 -999.250 -999.250 -999.250 -999.250 -999.250 -999.250 -999.250 -999.250 -999.250 -999.250
12.249 11.089 10.530 10.774 10.065 11.915 11.383 10.314 10.967 11.490 13.929 11.694 12.249 14.421 14.491 15.111 15.213 14.186 12.453 12.663 8.557 8.990 10.369 10.619 9.686 10.267 11.356 11.700 12.256 13.782 12.123 9.073 9.723 10.040 11.831 9.088 10.760 12.457 11.446 12.448 10.021 10.648 11.008 -999.250 -999.250 -999.250 -999.250 -999.250 -999.250 -999.250 -999.250 -999.250 -999.250 -999.250 -999.250 -999.250 -999.250 -999.250 -999.250 -999.250 -999.250 -999.250 -999.250 -999.250 -999.250 -999.250 -999.250 -999.250
9.728 10.264 10.451 10.033 9.253 9.762 12.413 10.082 12.514 13.519 12.720 10.498 11.381 12.522 14.352 13.911 15.431 15.623 12.206 10.583 5.771 7.255 8.015 8.630 11.693 12.133 11.926 12.198 11.185 13.903 11.512 9.564 11.262 9.969 10.370 11.553 10.667 9.468 12.220 12.818 12.064 9.190 -999.250 -999.250 -999.250 -999.250 -999.250 -999.250 -999.250 -999.250 -999.250 -999.250 -999.250 -999.250 -999.250 -999.250 -999.250 -999.250 -999.250 -999.250 -999.250 -999.250 -999.250 -999.250 -999.250 -999.250 -999.250 -999.250
7.322 6.792 7.620 9.097 9.586 14.039 14.842 12.065 12.771 12.360 11.161 11.660 13.510 11.934 12.654 14.793 13.977 11.611 12.183 10.442 6.562 6.728 8.108 9.610 10.354 13.814 13.247 14.915 14.829 12.880 12.059 11.975 9.151 10.980 11.193 11.136 10.005 10.640 12.233 10.680 12.159 -999.250 -999.250 -999.250 -999.250 -999.250 -999.250 -999.250 -999.250 -999.250 -999.250 -999.250 -999.250 -999.250 -999.250 -999.250 -999.250 -999.250 -999.250 -999.250 -999.250 -999.250 -999.250 -999.250 -999.250 -999.250 -999.250 -999.250
6.801 7.488 7.455 7.366 9.158 11.257 12.548 12.015 10.127 9.935 11.086 12.960 13.836 10.835 11.569 12.292 9.561 13.290 12.010 10.581 11.226 11.238 9.856 11.978 11.293 14.315 13.951 13.378 13.750 12.213 13.197 14.634 12.404 12.963 9.633 13.558 10.807 8.574 12.122 11.534 8.896 -999.250 -999.250 -999.250 -999.250 -999.250 -999.250 -999.250 -999.250 -999.250 -999.250 -999.250 -999.250 -999.250 -999.250 -999.250 -999.250 -999.250 -999.250 -999.250 -999.250 -999.250 -999.250 -999.250 -999.250 -999.250 -999.250 -999.250
6.094 4.861 6.595 6.733 9.208 9.317 10.754 9.931 8.765 10.523 9.069 10.898 11.412 10.673 10.225 9.521 9.755 12.930 13.461 11.277 14.505 13.825 10.917 12.997 12.030 12.626 13.183 15.655 14.964 14.248 12.837 12.752 13.834 15.370 12.957 14.888 12.675 12.790 11.722 11.655 9.079 -999.250 -999.250 -999.250 -999.250 -999.250 -999.250 -999.250 -999.250 -999.250 -999.250 -999.250 -999.250 -999.250 -999.250 -999.250 -999.250 -999.250 -999.250 -999.250 -999.250 -999.250 -999.250 -999.250 -999.250 -999.250 -999.250 -999.250
3.296 2.022 4.623 6.388 7.654 10.694 10.691 10.744 9.430 11.023 9.853 9.855 11.025 10.972 10.046 10.991 11.261 11.005 14.867 12.670 12.999 12.417 14.166 13.527 13.797 14.149 13.480 13.519 16.851 13.999 14.525 12.955 13.565 13.518 8.650 11.998 11.999 12.706 13.904 10.393 10.677 -999.250 -999.250 -999.250 -999.250 -999.250 -999.250 -999.250 -999.250 -999.250 -999.250 -999.250 -999.250 -999.250 -999.250 -999.250 -999.250 -999.250 -999.250 -999.250 -999.250 -999.250 -999.250 -999.250 -999.250 -999.250 -999.250 -999.250
0.836 0.000 2.998 7.291 7.800 10.886 10.214 10.972 9.718 9.552 7.956 9.670 6.907 10.720 9.832 9.294 7.242 8.586 11.465 9.703 12.546 13.161 12.499 10.434 10.204 14.050 11.972 12.673 14.936 14.551 15.077 16.047 13.746 13.937 9.392 8.246 10.698 9.861 12.056 12.146 -999.250 -999.250 -999.250 -999.250 -999.250 -999.250 -999.250 -999.250 -999.250 -999.250 -999.250 -999.250 -999.250 -999.250 -999.250 -999.250 -999.250 -999.250 -999.250 -999.250 -999.250 -999.250 -999.250 -999.250 -999.250 -999.250 -999.250 -999.250
4.627 3.739 2.797 7.020 7.669 9.631 8.268 9.205 7.842 8.445 6.088 8.475 8.859 8.793 10.930 10.641 10.544 10.385 11.390 13.723 11.065 9.701 9.651 12.489 10.114 9.988 12.340 11.323 10.596 15.278 14.128 18.277 13.798 12.244 13.919 12.499 11.948 13.720 11.499 12.581 -999.250 -999.250 -999.250 -999.250 -999.250 -999.250 -999.250 -999.250 -999.250 -999.250 -999.250 -999.250 -999.250 -999.250 -999.250 -999.250 -999.250 -999.250 -999.250 -999.250 -999.250 -999.250 -999.250 -999.250 -999.250 -999.250 -999.250 -999.250
4.969 4.226 5.774 7.389 7.620 9.797 10.487 9.855 8.067 6.316 3.984 3.999 8.588 6.978 10.758 11.695 11.058 10.140 10.974 12.433 10.545 9.862 11.170 9.855 10.365 11.561 14.320 12.845 12.327 14.045 14.347 12.928 17.093 12.549 12.904 14.605 14.365 13.239 11.886 10.823 -999.250 -999.250 -999.250 -999.250 -999.250 -999.250 -999.250 -999.250 -999.250 -999.250 -999.250 -999.250 -999.250 -999.250 -999.250 -999.250 -999.250 -999.250 -999.250 -999.250 -999.250 -999.250 -999.250 -999.250 -999.250 -999.250 -999.250 -999.250
5.318 5.154 5.228 6.548 6.652 10.065 9.340 9.882 9.129 5.610 3.033 0.000 4.434 5.119 7.038 11.414 10.095 12.944 10.738 12.198 13.830 12.310 12.106 8.460 9.681 12.265 12.526 16.182 16.219 12.951 14.926 13.583 12.184 10.928 11.975 11.745 12.108 9.743 11.990 8.157 -999.250 -999.250 -999.250 -999.250 -999.250 -999.250 -999.250 -999.250 -999.250 -999.250 -999.250 -999.250 -999.250 -999.250 -999.250 -999.250 -999.250 -999.250 -999.250 -999.250 -999.250 -999.250 -999.250 -999.250 -999.250 -999.250 -999.250 -999.250
6.319 5.271 6.775 6.868 8.119 9.626 9.215 8.661 8.845 7.151 6.095 5.379 7.164 9.486 9.475 7.499 11.000 12.421 13.119 10.727 12.351 10.414 8.825 8.768 8.631 6.394 10.314 11.283 12.566 12.651 11.263 11.886 12.645 12.890 11.564 15.242 13.123 13.732 9.065 -999.250 -999.250 -999.250 -999.250 -999.250 -999.250 -999.250 -999.250 -999.250 -999.250 -999.250 -999.250 -999.250 -999.250 -999.250 -999.250 -999.250 -999.250 -999.250 -999.250 -999.250 -999.250 -999.250 -999.250 -999.250 -999.250 -999.250 -999.250 -999.250
7.096 5.912 6.188 6.453 8.582 7.783 10.508 9.369 8.998 9.726 9.195 9.004 8.368 11.554 10.576 11.180 14.486 15.562 -999.250 -999.250 -999.250 -999.250 8.455 7.530 8.167 8.303 9.448 -999.250 -999.250 -999.250 -999.250 -999.250 -999.250 -999.250 -999.250 -999.250 -999.250 -999.250 -999.250 -999.250 -999.250 -999.250 -999.250 -999.250 -999.250 -999.250 -999.250 -999.250 -999.250 -999.250 -999.250 -999.250 -999.250 -999.250 -999.250 -999.250 -999.250 -999.250 -999.250 -999.250 -999.250 -999.250 -999.250 -999.250 -999.250 -999.250 -999.250 -999.250
8.177 9.235 8.810 8.020 10.206 12.273 12.884 10.450 9.867 11.598 11.791 9.659 9.049 9.720 14.067 14.429 14.161 13.865 -999.250 -999.250 -999.250 -999.250 -999.250 -999.250 -999.250 -999.250 -999.250 -999.250 -999.250 -999.250 -999.250 -999.250 -999.250 -999.250 -999.250 -999.250 -999.250 -999.250 -999.250 -999.250 -999.250 -999.250 -999.250 -999.250 -999.250 -999.250 -999.250 -999.250 -999.250 -999.250 -999.250 -999.250 -999.250 -999.250 -999.250 -999.250 -999.250 -999.250 -999.250 -999.250 -999.250 -999.250 -999.250 -999.250 -999.250 -999.250 -999.250 -999.250
10.404 6.409 6.382 10.174 9.208 12.219 12.650 14.671 12.380 15.333 15.379 12.457 15.973 14.895 14.545 15.028 14.905 14.673 -999.250 -999.250 -999.250 -999.250 -999.250 -999.250 -999.250 -999.250 -999.250 -999.250 -999.250 -999.250 -999.250 -999.250 -999.250 -999.250 -999.250 -999.250 -999.250 -999.250 -999.250 -999.250 -999.250 -999.250 -999.250 -999.250 -999.250 -999.250 -999.250 -999.250 -999.250 -999.250 -999.250 -999.250 -999.250 -999.250 -999.250 -999.250 -999.250 -999.250 -999.250 -999.250 -999.250 -999.250 -999.250 -999.250 -999.250 -999.250 -999.250 -999.250
8.266 8.100 9.205 10.274 10.327 10.709 11.616 14.643 16.850 15.147 12.673 13.363 15.037 17.264 15.449 14.656 13.673 13.285 9.351 -999.250 -999.250 -999.250 -999.250 -999.250 -999.250 -999.250 -999.250 -999.250 -999.250 -999.250 -999.250 -999.250 -999.250 -999.250 -999.250 -999.250 -999.250 -999.250 -999.250 -999.250 -999.250 -999.250 -999.250 -999.250 -999.250 -999.250 -999.250 -999.250 -999.250 -999.250 -999.250 -999.250 -999.250 -999.250 -999.250 -999.250 -999.250 -999.250 -999.250 -999.250 -999.250 -999.250 -999.250 -999.250 -999.250 -999.250 -999.250 -999.250
10.648 9.180 10.709 10.122 9.745 11.614 12.295 14.469 15.550 15.357 15.689 16.443 16.730 16.607 16.516 15.790 14.725 14.449 12.353 11.707 -999.250 -999.250 -999.250 -999.250 -999.250 -999.250 -999.250 -999.250 -999.250 -999.250 -999.250 -999.250 -999.250 -999.250 -999.250 -999.250 -999.250 -999.250 -999.250 -999.250 -999.250 -999.250 -999.250 -999.250 -999.250 -999.250 -999.250 -999.250 -999.250 -999.250 -999.250 -999.250 -999.250 -999.250 -999.250 -999.250 -999.250 -999.250 -999.250 -999.250 -999.250 -999.250 -999.250 -999.250 -999.250 -999.250 -999.250 -999.250
7.841 9.712 10.496 9.708 12.548 13.530 13.494 14.997 18.606 17.498 17.401 17.571 17.050 17.874 16.475 15.580 12.506 14.801 14.333 13.059 9.383 -999.250 -999.250 -999.250 -999.250 -999.250 -999.250 -999.250 -999.250 -999.250 -999.250 -999.250 -999.250 -999.250 -999.250 -999.250 -999.250 -999.250 -999.250 -999.250 -999.250 -999.250 -999.250 -999.250 -999.250 -999.250 -999.250 -999.250 -999.250 -999.250 -999.250 -999.250 -999.250 -999.250 -999.250 -999.250 -999.250 -999.250 -999.250 -999.250 -999.250 -999.250 -999.250 -999.250 -999.250 -999.250 -999.250 -999.250
9.291 10.488 10.843 11.912 13.529 14.126 14.916 16.346 14.737 16.177 18.021 17.946 17.379 17.086 17.364 16.206 15.175 14.183 14.758 11.979 10.122 -999.250 -999.250 -999.250 -999.250 -999.250 -999.250 -999.250 -999.250 -999.250 -999.250 -999.250 -999.250 -999.250 -999.250 -999.250 -999.250 -999.250 -999.250 -999.250 -999.250 -999.250 -999.250 -999.250 -999.250 -999.250 -999.250 -999.250 -999.250 -999.250 -999.250 -999.250 -999.250 -999.250 -999.250 -999.250 -999.250 -999.250 -999.250 -999.250 -999.250 -999.250 -999.250 -999.250 -999.250 -999.250 -999.250 -999.250
8.419 11.289 10.711 11.297 10.502 15.113 14.623 14.826 14.707 18.971 18.536 19.576 16.274 16.499 17.308 16.066 17.027 16.050 13.577 10.928 5.951 6.690 5.986 -999.250 -999.250 -999.250 -999.250 -999.250 -999.250 -999.250 -999.250 -999.250 -999.250 -999.250 -999.250 -999.250 -999.250 -999.250 -999.250 -999.250 -999.250 -999.250 -999.250 -999.250 -999.250 -999.250 -999.250 -999.250 -999.250 -999.250 -999.250 -999.250 -999.250 -999.250 -999.250 -999.250 -999.250 -999.250 -999.250 -999.250 -999.250 -999.250 -999.250 -999.250 -999.250 -999.250 -999.250 -999.250
7.103 8.840 7.099 10.237 11.159 13.907 17.954 16.157 16.707 18.746 17.712 16.147 17.130 16.628 17.405 16.153 17.150 13.239 13.658 12.158 8.028 6.184 4.234 4.692 -999.250 -999.250 -999.250 -999.250 -999.250 -999.250 -999.250 -999.250 -999.250 -999.250 -999.250 -999.250 -999.250 -999.250 -999.250 -999.250 -999.250 -999.250 -999.250 -999.250 -999.250 -999.250 -999.250 -999.250 -999.250 -999.250 -999.250 -999.250 -999.250 -999.250 -999.250 -999.250 -999.250 -999.250 -999.250 -999.250 -999.250 -999.250 -999.250 -999.250 -999.250 -999.250 -999.250 -999.250
5.509 5.731 5.825 8.363 10.452 12.259 16.641 17.041 15.298 15.977 16.924 16.972 17.943 14.229 16.768 16.467 16.722 13.236 12.188 9.636 8.561 4.611 1.540 1.100 -999.250 -999.250 -999.250 -999.250 -999.250 -999.250 -999.250 -999.250 -999.250 -999.250 -999.250 -999.250 -999.250 -999.250 -999.250 -999.250 -999.250 -999.250 -999.250 -999.250 -999.250 -999.250 -999.250 -999.250 -999.250 -999.250 -999.250 -999.250 -999.250 -999.250 -999.250 -999.250 -999.250 -999.250 -999.250 -999.250 -999.250 -999.250 -999.250 -999.250 -999.250 -999.250 -999.250 -999.250
4.828 0.000 5.364 7.360 12.361 12.293 12.272 15.228 15.832 16.776 17.492 15.861 14.267 14.169 15.468 15.660 15.457 13.170 11.524 11.287 6.784 2.067 0.000 0.816 2.149 2.692 4.275 -999.250 -999.250 -999.250 -999.250 -999.250 -999.250 -999.250 -999.250 -999.250 -999.250 -999.250 -999.250 -999.250 -999.250 -999.250 -999.250 -999.250 -999.250 -999.250 -999.250 -999.250 -999.250 -999.250 -999.250 -999.250 -999.250 -999.250 -999.250 -999.250 -999.250 -999.250 -999.250 -999.250 -999.250 -999.250 -999.250 -999.250 -999.250 -999.250 -999.250 -999.250
5.469 2.613 5.175 6.257 10.361 11.671 12.191 14.471 14.255 16.501 17.123 16.494 13.522 13.975 12.951 15.630 12.726 11.688 10.187 9.430 7.366 2.959 1.905 1.916 1.297 4.278 4.742 3.042 -999.250 -999.250 -999.250 -999.250 -999.250 -999.250 -999.250 -999.250 -999.250 -999.250 -999.250 -999.250 -999.250 -999.250 -999.250 -999.250 -999.250 -999.250 -999.250 -999.250 -999.250 -999.250 -999.250 -999.250 -999.250 -999.250 -999.250 -999.250 -999.250 -999.250 -999.250 -999.250 -999.250 -999.250 -999.250 -999.250 -999.250 -999.250 -999.250 -999.250
