data/medianmodel_22-Dec-2020.asc
ncols	141
nrows	288
xllcorner	-120191.398
yllcorner	-301404.813
cellsize	2000.000
NODATA_value	-999.250
[rows 203 to 231 of 288, columns 0 to 63 of 141]
-999.250 -999.250 -999.250 -999.250 -999.250 -999.250 -999.250 -999.250 -999.250 -999.250 -999.250 -999.250 -999.250 -999.250 384.997 378.313 377.410 364.804 370.977 376.281 352.645 376.846 363.090 -999.250 -999.250 -999.250 324.656 329.893 318.105 330.380 321.901 305.431 288.795 284.624 284.488 290.737 270.837 268.752 272.231 288.968 312.501 298.157 320.003 322.005 336.068 369.243 384.000 411.503 454.970 458.210 508.471 551.365 601.518 685.577 691.386 736.425 735.117 817.431 878.402 875.447 969.528 962.728 972.938 936.641
-999.250 -999.250 -999.250 -999.250 -999.250 -999.250 -999.250 -999.250 -999.250 -999.250 -999.250 -999.250 -999.250 365.037 370.003 373.402 363.784 365.115 367.295 359.713 340.802 359.360 -999.250 -999.250 -999.250 -999.250 -999.250 320.739 319.302 295.834 307.022 302.797 288.630 266.713 291.560 283.135 262.724 254.076 257.639 273.693 279.905 281.905 272.264 287.997 314.971 342.181 375.386 398.330 454.566 484.868 519.884 571.565 661.187 680.956 724.931 781.560 859.055 845.256 952.145 1011.635 1074.231 963.782 1013.100 1078.187
-999.250 -999.250 -999.250 -999.250 -999.250 -999.250 -999.250 -999.250 -999.250 -999.250 -999.250 -999.250 -999.250 362.667 351.580 367.129 353.452 342.239 356.163 349.761 -999.250 -999.250 -999.250 -999.250 -999.250 -999.250 -999.250 -999.250 311.378 299.547 287.944 281.430 271.782 278.834 270.907 265.293 256.383 239.591 241.378 249.763 243.327 254.508 251.324 269.825 290.518 309.640 355.884 390.938 445.375 471.655 512.601 568.910 639.166 676.281 746.054 832.121 891.166 945.747 979.481 1052.350 1033.918 1056.756 1104.574 1109.506
-999.250 -999.250 -999.250 -999.250 -999.250 -999.250 -999.250 -999.250 -999.250 -999.250 -999.250 -999.250 351.662 349.936 -999.250 -999.250 -999.250 -999.250 -999.250 -999.250 -999.250 -999.250 -999.250 -999.250 -999.250 -999.250 -999.250 -999.250 -999.250 300.765 292.433 280.763 281.832 276.683 264.042 255.416 242.971 234.386 244.080 224.011 220.862 228.282 246.800 247.346 272.222 293.427 335.882 372.865 443.383 484.982 527.910 557.815 621.230 703.446 754.162 873.779 892.444 924.132 986.125 1037.972 1047.990 1086.306 1156.508 1149.208
-999.250 -999.250 -999.250 -999.250 -999.250 -999.250 -999.250 -999.250 -999.250 -999.250 -999.250 -999.250 -999.250 -999.250 -999.250 -999.250 -999.250 -999.250 -999.250 -999.250 -999.250 -999.250 -999.250 -999.250 -999.250 -999.250 -999.250 -999.250 -999.250 -999.250 293.350 278.557 250.237 262.930 255.235 249.547 223.742 219.438 223.141 214.091 212.383 206.459 216.955 222.620 259.610 274.330 315.018 356.135 396.054 471.705 491.554 565.614 641.414 688.423 719.686 814.990 921.573 954.288 970.133 967.191 1065.790 1120.742 1172.111 1226.007
-999.250 -999.250 -999.250 -999.250 -999.250 -999.250 -999.250 -999.250 -999.250 -999.250 -999.250 -999.250 -999.250 -999.250 -999.250 -999.250 -999.250 -999.250 -999.250 -999.250 -999.250 -999.250 -999.250 -999.250 -999.250 -999.250 -999.250 -999.250 -999.250 -999.250 270.771 270.569 251.605 258.788 256.877 230.500 217.889 207.317 200.727 200.565 193.268 200.069 204.835 215.633 233.575 263.648 288.681 356.354 402.055 422.785 478.673 542.302 592.887 664.693 708.954 783.513 839.133 915.128 945.435 995.388 1064.154 1132.004 1217.463 1259.282
-999.250 -999.250 -999.250 -999.250 -999.250 -999.250 -999.250 -999.250 -999.250 -999.250 -999.250 -999.250 -999.250 -999.250 -999.250 -999.250 -999.250 -999.250 -999.250 -999.250 -999.250 -999.250 -999.250 -999.250 -999.250 -999.250 -999.250 -999.250 -999.250 -999.250 247.965 262.128 271.312 250.934 245.686 229.474 233.344 211.506 201.305 206.450 201.773 192.623 191.492 205.147 218.761 257.627 291.477 355.891 369.476 397.400 461.316 537.382 593.857 666.098 746.622 764.162 775.642 876.266 910.290 994.091 1091.347 1138.912 1213.948 1282.214
-999.250 -999.250 -999.250 -999.250 -999.250 -999.250 -999.250 -999.250 -999.250 -999.250 -999.250 -999.250 -999.250 -999.250 -999.250 -999.250 -999.250 -999.250 -999.250 -999.250 -999.250 -999.250 -999.250 -999.250 -999.250 -999.250 -999.250 -999.250 -999.250 -999.250 -999.250 248.831 258.494 253.820 235.159 227.132 229.775 219.753 213.203 206.501 200.767 193.517 188.695 203.815 231.593 258.821 299.156 316.322 364.974 400.094 447.151 508.982 576.929 617.583 666.507 711.484 755.617 804.273 872.176 966.529 1013.797 1150.226 1180.667 1272.907
-999.250 -999.250 -999.250 -999.250 -999.250 -999.250 -999.250 -999.250 -999.250 -999.250 -999.250 -999.250 -999.250 -999.250 -999.250 -999.250 -999.250 -999.250 -999.250 -999.250 -999.250 -999.250 -999.250 -999.250 -999.250 -999.250 -999.250 -999.250 -999.250 -999.250 -999.250 267.142 251.755 244.931 248.753 222.568 236.375 233.685 219.522 223.233 205.785 201.169 207.111 219.685 231.169 256.650 293.371 333.043 370.321 398.225 425.422 508.152 530.520 584.863 595.280 659.555 701.525 751.434 840.211 934.379 987.284 1039.451 1115.543 1192.426
-999.250 -999.250 -999.250 -999.250 -999.250 -999.250 -999.250 -999.250 -999.250 -999.250 -999.250 -999.250 -999.250 -999.250 -999.250 -999.250 -999.250 -999.250 -999.250 -999.250 -999.250 -999.250 -999.250 -999.250 -999.250 -999.250 -999.250 -999.250 -999.250 -999.250 -999.250 242.620 242.313 252.288 240.955 233.542 245.095 245.663 232.995 229.864 213.158 215.499 220.924 237.064 256.897 272.063 297.069 333.274 364.819 393.275 432.149 475.072 526.256 539.418 588.059 591.595 630.514 689.298 742.251 787.152 886.842 930.656 946.781 1096.165
-999.250 -999.250 -999.250 -999.250 -999.250 -999.250 -999.250 -999.250 -999.250 -999.250 -999.250 -999.250 -999.250 -999.250 -999.250 -999.250 -999.250 -999.250 -999.250 -999.250 -999.250 -999.250 -999.250 -999.250 -999.250 -999.250 -999.250 -999.250 -999.250 -999.250 -999.250 229.665 242.121 248.252 240.559 245.099 245.561 242.063 249.203 236.457 241.596 246.530 248.957 261.636 264.496 272.814 298.013 343.819 367.505 391.026 410.418 441.680 491.279 516.875 529.200 562.707 596.546 616.820 649.358 715.303 733.525 791.929 869.592 915.374
-999.250 -999.250 -999.250 -999.250 -999.250 -999.250 -999.250 -999.250 -999.250 -999.250 -999.250 -999.250 -999.250 -999.250 -999.250 -999.250 -999.250 -999.250 -999.250 -999.250 -999.250 -999.250 -999.250 -999.250 -999.250 -999.250 -999.250 -999.250 -999.250 -999.250 -999.250 240.378 235.962 236.044 248.717 252.699 256.630 259.094 256.139 264.026 263.906 268.589 273.840 273.825 287.263 298.599 324.215 350.485 363.891 374.361 380.760 393.863 451.928 482.180 496.766 510.419 526.426 546.030 556.419 585.163 620.469 657.353 695.693 709.332
-999.250 -999.250 -999.250 -999.250 -999.250 -999.250 -999.250 -999.250 -999.250 -999.250 -999.250 -999.250 -999.250 -999.250 -999.250 -999.250 -999.250 -999.250 -999.250 -999.250 -999.250 -999.250 -999.250 -999.250 -999.250 -999.250 -999.250 -999.250 -999.250 -999.250 -999.250 242.365 241.866 240.983 240.038 257.616 277.504 278.031 278.833 294.668 295.865 304.649 303.121 322.733 313.354 316.799 324.523 339.362 357.322 375.811 372.079 373.638 403.682 432.550 450.268 473.922 477.672 510.238 498.648 498.875 499.764 515.098 549.966 542.853
-999.250 -999.250 -999.250 -999.250 -999.250 -999.250 -999.250 -999.250 -999.250 -999.250 -999.250 -999.250 -999.250 -999.250 -999.250 -999.250 -999.250 -999.250 -999.250 -999.250 -999.250 -999.250 -999.250 -999.250 -999.250 -999.250 -999.250 -999.250 -999.250 -999.250 -999.250 234.510 225.854 249.058 254.578 268.520 278.946 283.237 311.582 312.390 340.880 341.776 341.392 343.350 325.458 330.942 313.206 328.409 347.641 357.713 349.690 352.160 366.384 390.694 388.630 400.636 397.401 403.482 419.777 418.252 388.480 394.784 394.208 386.092
-999.250 -999.250 -999.250 -999.250 -999.250 -999.250 -999.250 -999.250 -999.250 -999.250 -999.250 -999.250 -999.250 -999.250 -999.250 -999.250 -999.250 -999.250 -999.250 -999.250 -999.250 -999.250 -999.250 -999.250 -999.250 -999.250 -999.250 -999.250 -999.250 -999.250 -999.250 215.850 229.615 243.696 251.519 263.579 281.515 307.122 321.860 345.126 360.021 374.246 380.777 369.719 356.971 336.885 329.356 332.138 326.873 318.655 318.152 302.993 325.463 344.092 345.681 355.782 371.184 363.384 346.859 338.999 316.389 288.852 269.805 256.137
-999.250 -999.250 -999.250 -999.250 -999.250 -999.250 -999.250 -999.250 -999.250 -999.250 -999.250 -999.250 -999.250 -999.250 -999.250 -999.250 -999.250 -999.250 -999.250 -999.250 -999.250 -999.250 -999.250 -999.250 -999.250 -999.250 -999.250 -999.250 -999.250 -999.250 -999.250 222.139 239.054 242.205 249.474 275.343 284.677 319.965 344.311 378.748 398.584 410.062 398.976 371.880 352.241 345.147 331.785 309.272 290.811 289.734 293.070 296.723 300.404 304.348 301.612 302.711 298.166 297.808 275.859 273.351 239.292 209.129 193.257 165.899
-999.250 -999.250 -999.250 -999.250 -999.250 -999.250 -999.250 -999.250 -999.250 -999.250 -999.250 -999.250 -999.250 -999.250 -999.250 -999.250 -999.250 -999.250 -999.250 -999.250 -999.250 -999.250 -999.250 -999.250 -999.250 -999.250 -999.250 -999.250 -999.250 -999.250 -999.250 219.534 231.584 236.030 255.089 277.120 286.783 317.603 351.270 374.122 420.078 464.513 401.646 377.809 357.142 324.223 307.372 289.404 275.766 274.245 282.133 256.588 259.422 267.942 259.665 265.045 248.578 247.030 225.593 212.387 170.866 152.864 125.648 104.918
-999.250 -999.250 -999.250 -999.250 -999.250 -999.250 -999.250 -999.250 -999.250 -999.250 -999.250 -999.250 -999.250 -999.250 -999.250 -999.250 -999.250 -999.250 -999.250 -999.250 -999.250 -999.250 -999.250 -999.250 -999.250 -999.250 -999.250 -999.250 -999.250 -999.250 -999.250 197.513 208.144 215.102 222.521 252.389 272.161 308.592 333.588 369.734 384.014 403.707 389.595 358.179 341.663 302.278 280.489 268.374 261.193 263.565 239.532 223.379 231.156 230.769 208.665 224.083 231.274 192.915 198.518 169.121 135.334 114.959 105.800 84.965
-999.250 -999.250 -999.250 -999.250 -999.250 -999.250 -999.250 -999.250 -999.250 -999.250 -999.250 -999.250 -999.250 -999.250 -999.250 -999.250 -999.250 -999.250 -999.250 -999.250 -999.250 -999.250 -999.250 -999.250 -999.250 -999.250 -999.250 -999.250 -999.250 -999.250 -999.250 181.964 193.100 197.051 214.223 236.766 257.073 289.075 296.712 327.156 356.301 367.990 367.742 340.427 315.586 276.118 263.143 236.937 230.084 232.930 207.925 196.328 193.109 198.589 189.627 184.648 186.536 170.572 154.574 136.203 114.962 99.072 79.508 70.779
-999.250 -999.250 -999.250 -999.250 -999.250 -999.250 -999.250 -999.250 -999.250 -999.250 -999.250 -999.250 -999.250 -999.250 -999.250 -999.250 -999.250 -999.250 -999.250 -999.250 -999.250 -999.250 -999.250 -999.250 -999.250 -999.250 -999.250 -999.250 -999.250 -999.250 -999.250 153.715 178.837 184.401 202.966 218.560 239.984 251.096 271.821 289.160 321.980 335.906 311.258 293.285 268.329 244.442 232.617 220.355 208.710 203.361 178.295 176.443 179.830 162.934 172.778 158.879 147.170 144.601 126.278 117.383 100.494 87.150 78.557 76.248
-999.250 -999.250 -999.250 -999.250 -999.250 -999.250 -999.250 -999.250 -999.250 -999.250 -999.250 -999.250 -999.250 -999.250 -999.250 -999.250 -999.250 -999.250 -999.250 -999.250 -999.250 -999.250 -999.250 -999.250 -999.250 -999.250 -999.250 -999.250 -999.250 -999.250 121.600 125.607 150.406 158.747 172.116 201.255 221.127 232.719 248.581 262.934 287.467 276.149 277.462 256.809 243.587 213.610 202.404 198.093 171.708 165.022 152.969 149.476 146.748 138.974 137.631 128.787 123.533 122.839 110.699 106.014 92.463 88.480 75.411 70.894
-999.250 -999.250 -999.250 -999.250 -999.250 -999.250 -999.250 -999.250 -999.250 -999.250 -999.250 -999.250 -999.250 -999.250 -999.250 -999.250 -999.250 -999.250 -999.250 -999.250 -999.250 -999.250 -999.250 -999.250 -999.250 -999.250 -999.250 -999.250 -999.250 -999.250 112.481 107.932 123.312 129.856 158.819 173.123 192.378 213.571 225.878 229.438 230.400 231.832 223.312 221.847 202.694 197.302 161.775 159.873 141.859 135.288 128.568 137.206 127.022 121.761 119.670 116.460 117.302 110.937 104.517 102.132 90.670 85.368 82.154 72.775
-999.250 -999.250 -999.250 -999.250 -999.250 -999.250 -999.250 -999.250 -999.250 -999.250 -999.250 -999.250 -999.250 -999.250 -999.250 -999.250 -999.250 -999.250 -999.250 -999.250 -999.250 -999.250 -999.250 -999.250 -999.250 -999.250 -999.250 -999.250 -999.250 -999.250 84.630 89.669 106.260 110.066 118.748 136.277 163.463 173.147 199.519 212.934 209.870 193.145 187.733 183.704 177.191 152.765 136.059 126.401 124.716 122.813 117.958 118.579 106.815 109.306 104.801 114.681 108.026 109.938 96.129 91.286 73.263 71.898 70.284 71.237
-999.250 -999.250 -999.250 -999.250 -999.250 -999.250 -999.250 -999.250 -999.250 -999.250 -999.250 -999.250 -999.250 -999.250 -999.250 -999.250 -999.250 -999.250 -999.250 -999.250 -999.250 -999.250 -999.250 -999.250 -999.250 -999.250 -999.250 -999.250 -999.250 -999.250 70.238 72.050 89.480 97.537 105.466 112.938 124.638 141.951 166.784 170.591 176.020 159.678 144.747 133.310 128.067 117.704 118.569 109.405 110.203 97.298 101.238 86.301 86.535 99.482 96.664 102.297 108.305 113.374 102.571 88.317 82.769 72.807 75.784 85.823
-999.250 -999.250 -999.250 -999.250 -999.250 -999.250 -999.250 -999.250 -999.250 -999.250 -999.250 -999.250 -999.250 -999.250 -999.250 -999.250 -999.250 -999.250 -999.250 -999.250 -999.250 -999.250 -999.250 -999.250 -999.250 -999.250 -999.250 -999.250 -999.250 69.752 68.007 65.256 69.679 74.310 84.918 104.841 115.978 124.480 140.196 143.251 139.390 117.222 125.542 108.599 104.936 106.745 94.138 82.520 76.019 71.330 59.840 63.216 64.689 68.785 69.702 88.369 105.889 127.470 101.842 76.591 69.246 72.330 71.209 92.965
-999.250 -999.250 -999.250 -999.250 -999.250 -999.250 -999.250 -999.250 -999.250 -999.250 -999.250 -999.250 -999.250 -999.250 -999.250 -999.250 -999.250 -999.250 -999.250 -999.250 -999.250 -999.250 -999.250 -999.250 -999.250 -999.250 -999.250 -999.250 -999.250 49.806 48.049 64.750 55.564 66.315 82.549 103.025 113.128 115.829 116.585 118.410 112.215 104.867 105.840 97.663 86.434 68.742 60.884 52.478 47.289 45.615 42.262 43.487 38.587 35.722 50.830 63.572 79.761 89.501 76.994 70.875 68.492 66.588 67.221 86.489
-999.250 -999.250 -999.250 -999.250 -999.250 -999.250 -999.250 -999.250 -999.250 -999.250 -999.250 -999.250 -999.250 -999.250 -999.250 -999.250 -999.250 -999.250 -999.250 -999.250 -999.250 -999.250 -999.250 -999.250 -999.250 -999.250 -999.250 -999.250 52.124 44.363 39.441 45.376 49.660 58.922 77.962 92.127 118.093 110.364 109.373 108.228 100.492 94.162 84.284 79.628 68.327 54.721 39.880 31.607 36.529 28.570 27.196 25.189 21.803 23.202 25.934 31.606 44.877 48.237 58.531 62.742 68.121 69.149 79.330 108.009
-999.250 -999.250 -999.250 -999.250 -999.250 -999.250 -999.250 -999.250 -999.250 -999.250 -999.250 -999.250 -999.250 -999.250 -999.250 -999.250 -999.250 -999.250 -999.250 -999.250 -999.250 -999.250 -999.250 -999.250 -999.250 -999.250 -999.250 -999.250 48.310 48.785 41.588 47.545 39.684 47.521 57.690 78.494 96.395 99.241 91.586 90.073 86.839 63.079 66.796 55.027 48.478 36.743 29.869 24.249 23.560 20.290 19.310 14.429 11.743 14.280 19.676 21.774 28.301 34.479 39.682 50.288 64.264 87.492 106.691 110.293
-999.250 -999.250 -999.250 -999.250 -999.250 -999.250 -999.250 -999.250 -999.250 -999.250 -999.250 -999.250 -999.250 -999.250 -999.250 -999.250 -999.250 -999.250 -999.250 -999.250 -999.250 -999.250 -999.250 -999.250 -999.250 -999.250 -999.250 61.111 51.730 47.923 42.758 48.563 44.845 46.657 54.650 58.782 79.877 68.261 74.349 74.362 64.395 53.267 52.847 40.800 29.733 29.795 22.315 16.073 15.293 12.721 8.877 2.876 1.836 3.009 11.276 11.622 16.845 20.412 30.940 35.636 54.777 86.116 95.037 123.393
