data/medianmodel_26-Feb-2021.asc
ncols	141
nrows	288
xllcorner	-120191.398
yllcorner	-301404.813
cellsize	2000.000
NODATA_value	-999.250
[rows 116 to 144 of 288, columns 0 to 65 of 141]
-999.250 -999.250 -999.250 -999.250 -999.250 -999.250 -999.250 -999.250 -999.250 -999.250 -999.250 -999.250 -999.250 -999.250 -999.250 -999.250 -999.250 -999.250 -999.250 -999.250 -999.250 -999.250 -999.250 -999.250 -999.250 -999.250 -999.250 197.647 203.437 197.646 212.253 213.150 216.275 221.052 222.771 215.373 232.047 233.760 227.533 219.706 227.595 219.719 225.685 231.404 258.299 277.059 305.861 351.815 418.051 456.049 447.905 398.192 384.434 366.404 355.044 383.191 438.537 455.023 417.786 319.292 274.961 239.998 208.695 190.411 161.801 146.386
-999.250 -999.250 -999.250 -999.250 -999.250 -999.250 -999.250 -999.250 -999.250 -999.250 -999.250 -999.250 -999.250 -999.250 -999.250 -999.250 -999.250 -999.250 -999.250 -999.250 -999.250 -999.250 -999.250 -999.250 -999.250 -999.250 -999.250 186.604 189.026 191.865 205.192 207.312 223.982 224.859 215.767 214.397 228.800 224.741 215.080 220.211 225.987 231.950 246.218 248.316 265.338 293.961 314.678 376.256 432.695 518.807 470.986 441.340 384.860 356.214 370.499 375.898 427.385 459.067 367.001 301.227 269.476 227.575 210.127 181.028 151.647 137.971
-999.250 -999.250 -999.250 -999.250 -999.250 -999.250 -999.250 -999.250 -999.250 -999.250 -999.250 -999.250 -999.250 -999.250 -999.250 -999.250 -999.250 -999.250 -999.250 -999.250 -999.250 -999.250 -999.250 -999.250 -999.250 -999.250 183.431 190.437 179.254 190.266 195.496 193.575 207.979 214.702 212.716 220.323 218.895 216.424 214.158 203.305 219.242 235.946 239.930 239.575 260.069 280.911 303.168 349.983 432.049 471.658 446.707 418.261 390.331 363.608 367.916 351.416 384.275 362.682 334.155 272.187 238.484 217.399 195.777 170.018 150.909 137.202
-999.250 -999.250 -999.250 -999.250 -999.250 -999.250 -999.250 -999.250 -999.250 -999.250 -999.250 -999.250 -999.250 -999.250 -999.250 -999.250 -999.250 -999.250 -999.250 -999.250 -999.250 -999.250 -999.250 -999.250 -999.250 -999.250 195.021 189.280 180.773 184.446 185.455 196.723 205.478 208.271 215.189 222.091 217.664 227.852 212.581 208.417 219.623 225.153 241.793 249.235 260.424 278.393 287.432 333.074 361.640 404.135 422.480 375.436 354.841 343.960 331.314 321.833 316.436 282.802 258.684 222.115 201.224 181.406 179.976 160.171 142.507 132.010
-999.250 -999.250 -999.250 -999.250 -999.250 -999.250 -999.250 -999.250 -999.250 -999.250 -999.250 -999.250 -999.250 -999.250 -999.250 -999.250 -999.250 -999.250 -999.250 -999.250 -999.250 -999.250 -999.250 -999.250 -999.250 -999.250 182.830 178.822 175.421 187.240 192.035 197.797 210.469 211.963 209.770 207.805 216.635 224.243 220.627 212.803 211.588 221.920 238.306 245.489 254.937 260.726 274.529 295.946 322.349 324.446 341.670 313.573 299.588 302.121 291.446 283.761 261.356 222.915 173.828 156.755 152.534 153.532 146.389 142.315 133.776 123.219
-999.250 -999.250 -999.250 -999.250 -999.250 -999.250 -999.250 -999.250 -999.250 -999.250 -999.250 -999.250 -999.250 -999.250 -999.250 -999.250 -999.250 -999.250 -999.250 -999.250 -999.250 -999.250 -999.250 -999.250 -999.250 166.497 167.977 160.826 181.854 176.910 187.974 198.244 197.825 203.050 208.649 205.721 211.091 212.816 210.217 213.927 208.144 221.438 226.401 229.295 237.135 244.791 245.893 263.338 269.862 279.452 290.283 279.800 260.729 262.023 248.608 227.373 199.026 145.869 87.977 101.649 123.618 129.005 129.881 124.170 119.932 110.339
-999.250 -999.250 -999.250 -999.250 -999.250 -999.250 -999.250 -999.250 -999.250 -999.250 -999.250 -999.250 -999.250 -999.250 -999.250 -999.250 -999.250 -999.250 -999.250 -999.250 -999.250 -999.250 -999.250 -999.250 -999.250 158.040 155.844 161.089 166.989 170.550 171.624 182.111 181.621 193.534 197.760 205.232 198.949 203.360 208.946 208.693 214.298 206.882 210.303 218.148 213.468 204.582 205.400 199.352 222.912 242.310 242.958 236.265 217.090 197.790 188.459 160.821 143.882 116.228 82.549 81.971 94.659 109.159 113.408 113.907 114.802 113.715
-999.250 -999.250 -999.250 -999.250 -999.250 -999.250 -999.250 -999.250 -999.250 -999.250 -999.250 -999.250 -999.250 -999.250 -999.250 -999.250 -999.250 -999.250 -999.250 -999.250 -999.250 -999.250 -999.250 -999.250 -999.250 147.397 142.199 157.100 161.476 156.113 171.915 168.093 184.536 188.092 189.775 190.635 198.564 193.613 198.208 208.526 198.006 199.913 201.342 196.503 197.641 188.033 180.611 174.772 190.956 200.249 195.472 177.131 169.311 152.910 133.185 122.573 108.230 89.004 78.123 74.086 80.864 104.423 106.689 127.511 121.382 123.524
-999.250 -999.250 -999.250 -999.250 -999.250 -999.250 -999.250 -999.250 -999.250 -999.250 -999.250 -999.250 -999.250 -999.250 -999.250 -999.250 -999.250 -999.250 -999.250 -999.250 -999.250 -999.250 -999.250 -999.250 130.157 138.097 133.544 148.105 161.055 157.898 160.734 155.638 168.460 182.036 183.104 184.256 188.114 183.983 181.835 182.265 186.545 179.151 179.380 182.731 164.203 164.075 163.093 160.907 168.869 169.591 162.146 143.632 121.298 101.853 87.822 84.674 78.870 75.865 71.918 80.537 85.323 94.471 102.152 114.031 124.580 118.037
-999.250 -999.250 -999.250 -999.250 -999.250 -999.250 -999.250 -999.250 -999.250 -999.250 -999.250 -999.250 -999.250 -999.250 -999.250 -999.250 -999.250 -999.250 -999.250 -999.250 -999.250 -999.250 -999.250 -999.250 125.724 130.896 136.796 139.834 152.286 147.831 156.165 150.173 162.397 170.942 181.327 174.856 165.766 165.804 167.662 171.157 167.185 175.605 165.883 164.807 154.874 152.069 148.755 148.135 148.119 149.246 132.672 113.545 92.923 74.314 53.879 59.470 64.706 71.215 74.307 77.386 84.166 99.423 116.772 116.719 121.051 123.295
-999.250 -999.250 -999.250 -999.250 -999.250 -999.250 -999.250 -999.250 -999.250 -999.250 -999.250 -999.250 -999.250 -999.250 -999.250 -999.250 -999.250 -999.250 -999.250 -999.250 -999.250 -999.250 -999.250 128.241 124.359 124.219 129.206 121.105 136.844 140.140 135.475 142.325 149.450 166.883 167.491 156.403 160.424 154.507 157.346 152.076 160.621 162.467 162.634 153.682 144.511 140.414 131.968 139.163 139.909 125.773 119.700 90.199 79.216 64.253 52.415 53.317 59.581 69.912 77.756 81.013 89.627 107.534 111.401 117.423 116.515 111.011
-999.250 -999.250 -999.250 -999.250 -999.250 -999.250 -999.250 -999.250 -999.250 -999.250 -999.250 -999.250 -999.250 -999.250 -999.250 -999.250 -999.250 -999.250 -999.250 -999.250 -999.250 -999.250 -999.250 121.393 112.258 116.535 113.886 122.927 118.965 125.343 130.164 136.341 139.641 147.969 138.523 145.877 145.085 147.225 140.850 147.354 147.890 149.927 151.618 145.180 139.295 139.245 130.897 126.694 127.646 115.600 102.951 90.539 80.350 72.010 66.336 68.149 72.340 76.146 82.407 87.704 96.405 113.791 120.131 124.691 119.396 125.225
-999.250 -999.250 -999.250 -999.250 -999.250 -999.250 -999.250 -999.250 -999.250 -999.250 -999.250 -999.250 -999.250 -999.250 -999.250 -999.250 -999.250 -999.250 -999.250 -999.250 -999.250 -999.250 -999.250 106.521 110.870 109.297 109.764 120.480 106.508 116.209 122.061 132.073 131.769 135.388 126.700 130.294 136.837 134.697 128.755 139.985 136.315 137.579 134.205 135.231 138.593 133.576 130.036 128.039 121.267 117.312 107.022 95.429 88.355 81.698 82.931 81.510 82.727 89.076 88.481 97.894 107.057 121.072 123.482 123.857 125.635 132.541
-999.250 -999.250 -999.250 -999.250 -999.250 -999.250 -999.250 -999.250 -999.250 -999.250 -999.250 -999.250 -999.250 -999.250 -999.250 -999.250 -999.250 -999.250 -999.250 -999.250 -999.250 -999.250 101.054 105.879 105.039 104.377 110.324 108.905 104.645 106.772 111.502 113.363 118.556 121.084 120.321 126.891 126.017 121.135 126.016 126.527 124.440 122.245 131.204 134.089 130.820 133.597 135.784 128.643 125.958 123.605 120.567 110.157 106.238 101.847 99.428 95.288 97.862 98.606 108.490 117.698 113.386 122.261 124.343 122.445 129.209 130.909
-999.250 -999.250 -999.250 -999.250 -999.250 -999.250 -999.250 -999.250 -999.250 -999.250 -999.250 -999.250 -999.250 -999.250 -999.250 -999.250 -999.250 -999.250 -999.250 -999.250 -999.250 -999.250 101.282 100.513 95.513 91.824 97.531 93.746 94.852 101.992 106.157 105.150 110.530 116.155 117.496 118.999 118.607 122.082 120.394 111.364 116.975 123.491 124.707 128.766 138.330 130.555 134.216 137.530 132.883 138.773 133.745 132.930 130.798 130.604 121.135 112.643 121.244 118.629 119.593 128.578 123.587 127.863 126.158 130.400 127.200 125.678
-999.250 -999.250 -999.250 -999.250 -999.250 -999.250 -999.250 -999.250 -999.250 -999.250 -999.250 -999.250 -999.250 -999.250 -999.250 -999.250 -999.250 -999.250 -999.250 -999.250 -999.250 88.557 95.892 97.565 90.890 88.278 85.913 92.277 92.886 94.655 100.585 111.504 109.797 106.305 100.040 101.934 108.320 115.664 113.259 110.788 109.115 119.388 128.041 131.003 132.884 136.303 138.236 148.415 151.428 153.953 144.250 154.763 155.477 151.863 144.017 135.129 134.608 137.463 134.903 131.473 127.597 128.226 128.581 129.625 121.390 125.026
-999.250 -999.250 -999.250 -999.250 -999.250 -999.250 -999.250 -999.250 -999.250 -999.250 -999.250 -999.250 -999.250 -999.250 -999.250 -999.250 -999.250 -999.250 -999.250 -999.250 -999.250 85.443 86.913 89.264 81.176 83.764 79.733 83.170 87.839 91.915 93.052 100.160 98.751 102.877 99.551 96.612 97.702 103.552 110.715 105.347 110.285 112.473 113.395 121.217 126.868 143.373 151.421 155.481 170.217 167.575 173.175 179.405 181.206 176.823 160.788 154.120 145.921 145.271 144.797 143.911 132.948 131.897 123.666 133.371 122.388 117.836
-999.250 -999.250 -999.250 -999.250 -999.250 -999.250 -999.250 -999.250 -999.250 -999.250 -999.250 -999.250 -999.250 -999.250 -999.250 -999.250 -999.250 -999.250 -999.250 -999.250 -999.250 79.799 82.220 76.116 77.069 76.572 75.537 83.469 83.329 86.171 88.743 98.425 97.790 98.676 98.197 102.252 98.670 103.576 101.267 102.017 107.688 119.792 114.316 120.985 132.722 138.548 152.588 162.562 174.089 176.364 193.892 202.350 206.136 198.716 183.464 162.654 164.029 156.325 147.381 135.042 127.335 123.288 117.657 117.475 123.273 117.541
-999.250 -999.250 -999.250 -999.250 -999.250 -999.250 -999.250 -999.250 -999.250 -999.250 -999.250 -999.250 -999.250 -999.250 -999.250 -999.250 -999.250 -999.250 -999.250 -999.250 67.925 74.661 72.587 67.005 71.487 73.560 79.217 76.481 81.424 88.598 92.689 91.529 94.392 94.399 95.540 99.040 102.330 96.445 103.656 96.169 105.724 109.079 116.349 124.294 133.360 146.507 161.772 169.609 193.149 197.928 209.151 221.834 226.159 216.773 202.612 180.458 169.466 159.095 150.334 135.088 126.796 120.374 119.299 116.861 127.447 124.766
-999.250 -999.250 -999.250 -999.250 -999.250 -999.250 -999.250 -999.250 -999.250 -999.250 -999.250 -999.250 -999.250 -999.250 -999.250 -999.250 -999.250 -999.250 -999.250 -999.250 63.186 64.271 68.474 69.893 70.775 74.141 75.658 80.606 86.573 93.327 93.539 99.425 94.698 96.365 100.056 96.294 93.846 90.411 94.162 96.107 103.424 110.722 114.111 122.176 135.100 143.978 164.073 174.773 183.351 207.659 219.240 232.232 236.203 219.207 210.221 201.063 174.213 166.880 151.150 140.751 129.791 117.065 115.143 116.728 109.262 101.382
-999.250 -999.250 -999.250 -999.250 -999.250 -999.250 -999.250 -999.250 -999.250 -999.250 -999.250 -999.250 -999.250 -999.250 -999.250 -999.250 -999.250 -999.250 -999.250 -999.250 63.611 65.110 66.833 64.797 68.689 74.132 77.818 81.784 86.628 94.790 100.980 104.803 94.079 98.377 95.389 94.544 100.777 91.496 92.536 89.242 99.138 105.296 107.779 122.382 137.643 148.126 153.788 171.295 193.331 206.059 215.419 225.753 229.390 223.317 208.224 193.216 175.302 161.716 146.691 129.444 118.974 115.562 101.621 99.856 110.114 103.843
-999.250 -999.250 -999.250 -999.250 -999.250 -999.250 -999.250 -999.250 -999.250 -999.250 -999.250 -999.250 -999.250 -999.250 -999.250 -999.250 -999.250 -999.250 -999.250 -999.250 61.309 60.356 65.782 68.815 72.783 74.242 81.918 86.410 95.126 93.712 106.496 105.547 102.022 97.042 97.909 100.672 104.695 96.484 95.058 91.163 88.548 104.551 115.708 123.366 139.122 143.156 164.717 175.449 198.879 206.625 219.723 226.231 224.195 216.792 204.527 198.037 170.938 149.042 133.703 120.373 114.131 106.629 100.383 99.228 95.485 91.899
-999.250 -999.250 -999.250 -999.250 -999.250 -999.250 -999.250 -999.250 -999.250 -999.250 -999.250 -999.250 -999.250 -999.250 -999.250 -999.250 -999.250 -999.250 -999.250 54.938 59.446 63.669 64.595 72.051 74.574 81.712 87.590 92.056 102.051 104.296 107.758 110.463 109.386 102.912 104.361 104.262 99.581 102.996 100.409 90.512 88.519 102.819 106.547 125.020 137.848 145.525 165.181 171.144 198.063 206.315 204.526 214.808 209.008 208.334 194.547 176.162 166.698 147.315 136.626 123.127 108.679 105.339 96.489 92.622 87.289 83.203
-999.250 -999.250 -999.250 -999.250 -999.250 -999.250 -999.250 -999.250 -999.250 -999.250 -999.250 -999.250 -999.250 -999.250 -999.250 -999.250 -999.250 -999.250 -999.250 54.892 57.150 63.965 65.061 71.386 74.644 82.564 87.543 93.687 105.796 109.305 112.923 118.099 118.742 110.103 105.243 107.829 109.890 102.194 96.774 94.335 91.181 99.995 104.316 113.162 126.261 149.936 162.513 170.363 183.844 197.879 207.228 201.467 203.130 190.998 185.001 168.361 152.732 143.598 133.865 116.119 112.374 99.857 94.066 86.739 79.459 74.538
-999.250 -999.250 -999.250 -999.250 -999.250 -999.250 -999.250 -999.250 -999.250 -999.250 -999.250 -999.250 -999.250 -999.250 -999.250 -999.250 -999.250 -999.250 -999.250 52.181 56.477 60.008 69.601 76.475 78.101 92.180 96.642 103.197 116.750 115.416 120.301 117.473 115.568 116.952 120.727 111.918 106.817 104.491 97.419 93.369 88.211 92.438 96.978 108.438 125.429 136.976 150.172 166.613 182.609 187.867 186.709 184.544 182.794 174.738 176.290 156.993 149.201 137.779 128.166 119.174 104.139 96.125 84.833 75.672 70.516 70.301
-999.250 -999.250 -999.250 -999.250 -999.250 -999.250 -999.250 -999.250 -999.250 -999.250 -999.250 -999.250 -999.250 -999.250 -999.250 -999.250 -999.250 -999.250 -999.250 56.613 60.519 64.358 72.140 81.342 86.756 93.745 102.668 111.080 122.521 121.494 123.193 123.746 126.027 125.562 118.442 111.933 114.579 106.663 101.377 92.172 85.441 92.362 99.819 98.329 111.984 131.918 142.512 159.031 168.717 166.912 171.032 166.302 160.797 156.293 148.184 144.116 136.981 124.174 121.303 108.928 99.830 86.415 80.389 72.325 62.217 62.990
-999.250 -999.250 -999.250 -999.250 -999.250 -999.250 -999.250 -999.250 -999.250 -999.250 -999.250 -999.250 -999.250 -999.250 -999.250 -999.250 -999.250 -999.250 -999.250 67.358 64.054 73.078 78.130 84.594 92.622 101.828 113.108 117.657 131.823 129.329 129.839 130.256 134.283 129.430 125.537 124.105 116.065 114.362 92.593 89.071 86.484 83.474 88.946 92.733 106.522 117.944 125.872 140.188 149.177 145.153 145.510 144.700 141.084 133.382 132.874 127.837 122.699 118.123 112.585 103.808 95.364 85.332 72.487 62.472 47.870 57.362
-999.250 -999.250 -999.250 -999.250 -999.250 -999.250 -999.250 -999.250 -999.250 -999.250 -999.250 -999.250 -999.250 -999.250 -999.250 -999.250 -999.250 -999.250 58.292 63.302 68.305 77.660 87.862 93.362 103.946 108.247 116.844 129.741 131.169 142.002 135.507 143.704 144.522 134.971 132.856 126.617 116.518 111.251 91.052 85.554 83.800 78.572 82.389 86.401 91.739 95.409 107.280 116.149 119.853 124.352 122.572 118.345 120.446 106.684 107.096 105.725 102.216 102.957 108.055 104.846 92.199 82.891 74.251 63.296 57.824 57.496
-999.250 -999.250 -999.250 -999.250 -999.250 -999.250 -999.250 -999.250 -999.250 -999.250 -999.250 -999.250 -999.250 -999.250 -999.250 -999.250 -999.250 58.001 61.541 69.401 73.243 82.515 93.055 105.947 114.477 130.059 134.383 141.043 141.396 150.745 157.928 151.384 154.308 141.952 140.623 128.902 120.376 112.152 98.108 92.061 85.677 80.100 77.251 75.550 82.483 81.723 92.538 91.854 102.316 105.136 100.920 92.898 88.610 88.168 82.320 84.326 82.545 85.781 89.404 106.923 90.120 80.619 74.934 66.843 63.263 64.010
