data/medianmodel_26-Apr-2020.asc
ncols	141
nrows	288
xllcorner	-120191.398
yllcorner	-301404.813
cellsize	2000.000
NODATA_value	-999.250
[rows 120 to 149 of 288, columns 0 to 67 of 141]
-999.250 -999.250 -999.250 -999.250 -999.250 -999.250 -999.250 -999.250 -999.250 -999.250 -999.250 -999.250 -999.250 -999.250 -999.250 -999.250 -999.250 -999.250 -999.250 -999.250 -999.250 -999.250 -999.250 -999.250 -999.250 -999.250 13.580 10.056 10.813 11.437 11.685 11.411 13.232 12.484 14.652 12.042 14.930 17.225 16.703 15.920 20.748 28.300 36.954 34.114 30.933 31.503 23.628 18.461 10.660 4.394 3.396 4.881 7.888 12.820 16.972 22.767 23.750 26.203 25.607 24.100 21.229 20.236 17.385 15.528 14.165 12.653 12.028 10.991
-999.250 -999.250 -999.250 -999.250 -999.250 -999.250 -999.250 -999.250 -999.250 -999.250 -999.250 -999.250 -999.250 -999.250 -999.250 -999.250 -999.250 -999.250 -999.250 -999.250 -999.250 -999.250 -999.250 -999.250 -999.250 12.625 11.758 10.141 9.413 10.539 11.348 9.340 14.555 13.238 14.026 15.209 16.602 18.398 19.763 17.982 21.551 22.595 22.711 24.548 24.218 25.030 21.342 17.163 12.651 6.876 5.511 4.245 9.123 11.839 15.181 15.141 20.123 25.426 29.326 26.396 21.136 18.072 17.975 15.741 15.087 13.122 12.022 11.445
-999.250 -999.250 -999.250 -999.250 -999.250 -999.250 -999.250 -999.250 -999.250 -999.250 -999.250 -999.250 -999.250 -999.250 -999.250 -999.250 -999.250 -999.250 -999.250 -999.250 -999.250 -999.250 -999.250 -999.250 -999.250 12.282 13.297 12.106 11.798 11.793 12.273 14.105 15.084 14.240 15.959 15.638 16.229 16.387 17.069 18.363 17.517 20.008 22.470 21.263 21.186 17.534 16.637 16.613 12.567 9.723 5.623 3.675 6.667 9.015 11.366 14.784 18.173 20.023 21.465 24.887 22.302 15.846 15.920 14.617 16.020 13.866 12.788 10.734
-999.250 -999.250 -999.250 -999.250 -999.250 -999.250 -999.250 -999.250 -999.250 -999.250 -999.250 -999.250 -999.250 -999.250 -999.250 -999.250 -999.250 -999.250 -999.250 -999.250 -999.250 -999.250 -999.250 -999.250 -999.250 15.554 12.323 12.396 11.045 12.439 14.321 13.733 15.094 13.320 13.716 13.868 16.017 17.397 17.489 17.657 19.386 19.811 20.994 16.880 18.425 18.577 15.403 14.892 11.596 10.053 5.945 7.443 4.222 5.753 9.351 14.158 14.475 17.710 19.759 20.292 18.722 15.952 16.336 13.909 13.630 13.191 12.838 11.887
-999.250 -999.250 -999.250 -999.250 -999.250 -999.250 -999.250 -999.250 -999.250 -999.250 -999.250 -999.250 -999.250 -999.250 -999.250 -999.250 -999.250 -999.250 -999.250 -999.250 -999.250 -999.250 -999.250 -999.250 13.285 13.532 14.805 14.378 12.662 13.075 14.306 13.289 14.304 14.916 14.561 15.078 15.532 16.798 14.915 15.245 18.600 20.558 17.340 20.249 17.633 16.116 14.713 13.569 11.988 7.315 7.895 5.440 4.356 3.240 6.527 11.381 13.714 17.106 19.496 17.654 18.671 17.195 15.970 15.494 13.439 12.196 12.696 12.424
-999.250 -999.250 -999.250 -999.250 -999.250 -999.250 -999.250 -999.250 -999.250 -999.250 -999.250 -999.250 -999.250 -999.250 -999.250 -999.250 -999.250 -999.250 -999.250 -999.250 -999.250 -999.250 -999.250 -999.250 14.961 13.581 14.997 12.252 13.420 13.572 16.422 12.854 13.798 16.224 13.559 16.507 15.279 14.946 15.489 15.154 17.951 17.874 17.377 18.863 18.879 17.922 15.881 14.985 11.245 7.146 8.005 6.672 3.688 0.000 0.000 6.226 14.649 16.029 15.696 16.807 18.091 17.543 14.856 14.186 14.800 12.145 11.049 11.647
-999.250 -999.250 -999.250 -999.250 -999.250 -999.250 -999.250 -999.250 -999.250 -999.250 -999.250 -999.250 -999.250 -999.250 -999.250 -999.250 -999.250 -999.250 -999.250 -999.250 -999.250 -999.250 -999.250 11.284 13.753 11.855 12.933 13.741 14.040 13.686 15.139 15.367 16.340 17.107 14.792 13.722 13.216 16.439 16.106 16.295 16.985 18.799 20.997 18.685 19.318 18.857 14.692 16.542 12.201 9.761 7.490 8.223 6.196 2.466 2.835 8.544 10.726 9.863 13.246 14.570 13.231 14.120 14.014 15.264 12.817 14.199 11.255 11.557
-999.250 -999.250 -999.250 -999.250 -999.250 -999.250 -999.250 -999.250 -999.250 -999.250 -999.250 -999.250 -999.250 -999.250 -999.250 -999.250 -999.250 -999.250 -999.250 -999.250 -999.250 -999.250 -999.250 11.341 13.607 12.085 12.755 13.010 13.776 13.522 15.242 16.914 17.737 18.665 16.736 12.653 13.228 14.128 14.554 15.522 19.459 17.034 16.534 19.214 19.130 16.470 16.120 17.264 13.748 11.342 8.719 8.795 6.640 5.618 9.168 9.345 9.868 11.124 13.990 13.507 13.372 13.151 11.346 12.890 12.194 11.976 13.885 9.878
-999.250 -999.250 -999.250 -999.250 -999.250 -999.250 -999.250 -999.250 -999.250 -999.250 -999.250 -999.250 -999.250 -999.250 -999.250 -999.250 -999.250 -999.250 -999.250 -999.250 -999.250 -999.250 -999.250 8.300 11.100 11.453 11.074 14.057 14.015 13.474 12.442 16.551 15.364 15.208 14.732 16.845 13.651 11.849 13.701 12.609 15.463 17.933 19.399 16.724 16.933 16.797 15.686 16.025 15.158 13.843 10.297 11.905 8.866 6.626 7.799 8.869 9.992 11.654 13.083 13.014 11.910 9.755 6.860 10.812 11.252 10.272 10.656 9.652
-999.250 -999.250 -999.250 -999.250 -999.250 -999.250 -999.250 -999.250 -999.250 -999.250 -999.250 -999.250 -999.250 -999.250 -999.250 -999.250 -999.250 -999.250 -999.250 -999.250 -999.250 -999.250 4.291 6.425 7.466 8.737 9.946 12.872 13.772 14.783 16.266 15.639 16.151 15.982 16.687 15.156 16.943 13.611 13.068 14.829 16.742 15.270 15.207 16.427 15.641 14.936 15.339 16.143 15.450 12.636 11.691 12.127 10.541 9.934 9.562 8.813 12.177 12.099 12.896 12.279 8.905 8.279 8.222 10.294 9.916 8.685 9.115 8.112
-999.250 -999.250 -999.250 -999.250 -999.250 -999.250 -999.250 -999.250 -999.250 -999.250 -999.250 -999.250 -999.250 -999.250 -999.250 -999.250 -999.250 -999.250 -999.250 -999.250 -999.250 -999.250 7.837 6.994 4.864 5.427 8.525 12.427 13.361 14.504 16.775 16.856 14.240 14.737 16.318 15.935 14.708 13.755 13.504 13.948 13.639 16.168 14.417 15.939 15.283 14.960 14.397 14.857 14.813 13.979 12.592 12.437 11.600 12.985 12.934 12.237 12.653 13.425 12.945 8.654 11.241 11.253 10.271 9.635 8.924 8.027 6.968 7.477
-999.250 -999.250 -999.250 -999.250 -999.250 -999.250 -999.250 -999.250 -999.250 -999.250 -999.250 -999.250 -999.250 -999.250 -999.250 -999.250 -999.250 -999.250 -999.250 -999.250 -999.250 7.699 7.403 4.969 2.597 5.125 9.245 14.241 12.539 15.752 15.966 15.739 14.397 16.117 16.508 15.374 14.620 15.009 14.175 12.763 13.632 16.289 17.053 14.904 14.941 14.358 13.882 16.186 15.202 12.922 12.751 11.758 12.387 12.776 10.177 12.069 11.880 11.708 12.192 8.793 10.562 12.953 9.071 12.506 8.324 6.803 7.834 5.021
-999.250 -999.250 -999.250 -999.250 -999.250 -999.250 -999.250 -999.250 -999.250 -999.250 -999.250 -999.250 -999.250 -999.250 -999.250 -999.250 -999.250 -999.250 -999.250 -999.250 -999.250 7.249 7.760 5.718 5.313 5.322 8.059 11.276 12.598 14.888 14.521 15.153 14.269 16.593 14.025 15.537 14.628 14.375 13.910 14.109 15.447 14.792 14.599 14.962 15.467 13.552 13.544 15.228 14.626 14.424 15.010 11.449 12.465 11.601 13.349 12.626 12.338 8.794 10.111 8.916 8.826 9.286 9.664 9.185 7.843 7.111 5.840 5.316
-999.250 -999.250 -999.250 -999.250 -999.250 -999.250 -999.250 -999.250 -999.250 -999.250 -999.250 -999.250 -999.250 -999.250 -999.250 -999.250 -999.250 -999.250 -999.250 -999.250 -999.250 6.959 9.784 6.760 6.283 7.232 9.953 14.172 13.134 12.813 12.292 15.191 14.422 14.304 14.718 17.394 13.477 13.669 16.887 15.031 15.045 15.849 15.240 14.548 15.037 13.808 14.047 15.612 13.989 14.403 13.039 14.361 13.306 11.544 12.021 12.018 12.685 10.850 10.525 8.667 8.895 8.651 5.804 5.822 6.108 5.255 6.658 5.895
-999.250 -999.250 -999.250 -999.250 -999.250 -999.250 -999.250 -999.250 -999.250 -999.250 -999.250 -999.250 -999.250 -999.250 -999.250 -999.250 -999.250 -999.250 -999.250 -999.250 6.321 6.010 9.489 5.733 6.265 7.199 9.150 10.727 10.867 12.373 13.068 15.327 15.182 15.568 15.912 17.712 15.517 12.738 14.462 15.010 16.506 16.894 16.080 16.446 16.146 14.715 15.492 13.859 12.909 13.337 13.718 13.131 12.564 12.655 11.226 10.854 11.280 9.451 8.307 7.681 5.875 7.048 6.060 6.001 6.463 4.230 7.455 5.649
-999.250 -999.250 -999.250 -999.250 -999.250 -999.250 -999.250 -999.250 -999.250 -999.250 -999.250 -999.250 -999.250 -999.250 -999.250 -999.250 -999.250 -999.250 -999.250 -999.250 3.931 5.572 10.122 10.561 8.290 9.729 8.103 9.132 9.557 11.554 12.132 12.649 15.524 17.219 14.524 17.809 16.226 16.386 14.714 16.971 16.502 15.242 16.147 16.740 17.220 16.214 14.037 12.961 12.502 14.422 13.569 12.217 14.506 11.876 9.716 11.698 10.426 8.343 7.252 5.281 4.634 7.761 3.364 6.869 4.498 6.173 7.088 6.465
-999.250 -999.250 -999.250 -999.250 -999.250 -999.250 -999.250 -999.250 -999.250 -999.250 -999.250 -999.250 -999.250 -999.250 -999.250 -999.250 -999.250 -999.250 -999.250 -999.250 5.030 5.861 10.171 10.487 8.883 7.382 10.251 9.686 8.860 10.293 11.914 10.503 12.953 16.381 16.748 17.294 16.349 16.596 16.308 16.680 16.446 17.292 17.403 18.252 18.188 18.149 15.445 15.480 12.561 12.628 14.092 10.975 12.308 11.000 7.464 9.390 10.188 5.009 2.030 3.301 3.795 3.512 3.508 5.569 6.377 7.763 8.742 4.845
-999.250 -999.250 -999.250 -999.250 -999.250 -999.250 -999.250 -999.250 -999.250 -999.250 -999.250 -999.250 -999.250 -999.250 -999.250 -999.250 -999.250 -999.250 -999.250 -999.250 3.028 7.409 8.661 10.329 10.246 9.640 11.867 10.005 9.284 9.186 6.264 10.067 13.439 14.471 19.430 16.607 17.663 18.225 17.730 17.683 15.893 16.442 17.225 19.008 16.132 15.322 13.932 13.725 15.625 12.654 9.444 12.097 12.060 9.472 9.593 8.076 8.499 6.308 1.284 0.000 2.317 3.710 4.416 6.701 7.656 7.619 6.304 8.007
-999.250 -999.250 -999.250 -999.250 -999.250 -999.250 -999.250 -999.250 -999.250 -999.250 -999.250 -999.250 -999.250 -999.250 -999.250 -999.250 -999.250 -999.250 -999.250 3.178 2.877 5.235 8.079 9.584 9.268 9.224 9.899 11.798 11.232 12.034 9.980 11.312 12.387 14.712 17.100 17.378 18.213 18.594 19.010 16.123 18.375 19.774 18.200 16.229 16.008 17.002 16.451 14.145 13.303 10.944 11.473 10.939 11.197 8.973 7.653 8.130 8.355 3.770 1.844 2.756 2.726 5.295 2.401 6.581 5.959 7.634 8.374 6.547
-999.250 -999.250 -999.250 -999.250 -999.250 -999.250 -999.250 -999.250 -999.250 -999.250 -999.250 -999.250 -999.250 -999.250 -999.250 -999.250 -999.250 -999.250 -999.250 0.000 0.000 4.085 9.416 9.844 10.643 11.119 12.241 12.561 11.895 14.313 13.421 12.151 12.376 14.749 16.839 16.520 16.884 17.700 19.465 17.384 18.342 19.941 20.717 20.918 17.497 17.121 14.157 13.216 12.254 11.289 12.173 11.770 11.524 9.082 9.371 10.498 7.171 4.333 2.923 1.474 2.656 2.905 4.309 3.696 6.546 6.454 7.317 6.738
-999.250 -999.250 -999.250 -999.250 -999.250 -999.250 -999.250 -999.250 -999.250 -999.250 -999.250 -999.250 -999.250 -999.250 -999.250 -999.250 -999.250 -999.250 -999.250 0.322 0.000 6.234 8.853 13.338 12.316 13.249 15.018 15.485 17.320 16.177 17.186 15.913 15.198 15.267 17.291 18.816 16.514 18.049 16.053 20.095 19.741 19.526 19.303 19.426 18.730 14.493 12.942 9.621 8.311 7.252 10.471 10.792 8.225 9.629 7.974 8.051 9.035 5.047 5.016 3.233 1.894 3.024 3.283 3.943 5.271 6.374 8.702 6.882
-999.250 -999.250 -999.250 -999.250 -999.250 -999.250 -999.250 -999.250 -999.250 -999.250 -999.250 -999.250 -999.250 -999.250 -999.250 -999.250 -999.250 -999.250 -999.250 3.365 6.918 10.298 13.855 17.328 16.503 15.069 16.959 15.083 17.426 17.216 17.877 18.882 15.451 18.371 17.964 17.865 20.546 18.670 20.682 18.645 21.372 22.667 20.610 19.265 16.658 15.889 11.888 9.332 5.442 7.956 10.103 7.869 7.969 8.662 9.098 8.494 7.104 5.573 3.672 2.478 1.960 2.476 3.102 1.563 2.537 6.042 5.646 5.890
-999.250 -999.250 -999.250 -999.250 -999.250 -999.250 -999.250 -999.250 -999.250 -999.250 -999.250 -999.250 -999.250 -999.250 -999.250 -999.250 -999.250 -999.250 -999.250 10.597 9.918 13.046 14.633 18.426 19.941 18.160 17.783 17.830 20.788 19.167 20.503 16.418 17.111 17.784 20.525 20.204 24.569 23.023 28.390 24.706 25.411 24.229 25.341 17.470 18.896 16.108 15.599 10.603 9.499 9.787 8.376 8.697 6.971 7.580 9.168 8.579 6.098 6.635 2.559 1.458 0.542 1.721 0.925 0.000 0.000 4.360 4.090 5.710
-999.250 -999.250 -999.250 -999.250 -999.250 -999.250 -999.250 -999.250 -999.250 -999.250 -999.250 -999.250 -999.250 -999.250 -999.250 -999.250 -999.250 -999.250 7.158 9.229 13.195 14.390 18.437 26.141 23.763 19.604 22.945 25.399 24.685 20.331 21.891 20.101 21.002 21.765 20.288 21.000 22.146 24.274 28.252 30.265 31.282 24.204 24.081 18.633 18.724 16.770 15.047 11.872 12.084 10.090 7.857 7.894 8.211 7.990 7.607 7.907 7.842 5.269 0.910 0.000 0.000 3.657 3.170 0.979 0.593 4.074 5.190 7.913
-999.250 -999.250 -999.250 -999.250 -999.250 -999.250 -999.250 -999.250 -999.250 -999.250 -999.250 -999.250 -999.250 -999.250 -999.250 -999.250 -999.250 8.303 8.313 11.906 15.387 18.757 21.174 26.030 26.645 24.790 27.532 24.185 22.841 25.696 28.424 22.319 24.791 24.537 25.705 27.400 23.879 27.876 27.430 34.319 32.348 28.986 25.702 18.998 18.855 19.763 17.711 15.857 12.200 7.830 6.399 4.737 6.460 6.469 6.480 7.182 8.838 4.619 3.859 0.000 0.088 2.680 4.973 3.245 3.884 5.200 6.360 6.998
-999.250 -999.250 -999.250 -999.250 -999.250 -999.250 -999.250 -999.250 -999.250 -999.250 -999.250 -999.250 -999.250 -999.250 -999.250 -999.250 -999.250 10.791 13.374 13.193 14.235 16.695 19.637 24.529 24.793 26.322 22.870 25.769 29.594 27.128 25.711 25.439 28.030 29.772 29.201 30.293 34.777 26.991 29.881 31.214 32.274 30.922 26.897 24.815 23.508 22.556 19.405 15.597 13.802 10.584 7.193 5.357 2.793 4.462 5.791 10.668 8.914 10.808 10.059 7.491 5.319 6.638 7.391 7.045 3.208 7.039 6.115 7.248
-999.250 -999.250 -999.250 -999.250 -999.250 -999.250 -999.250 -999.250 -999.250 -999.250 -999.250 -999.250 -999.250 -999.250 -999.250 8.183 9.725 14.930 15.142 14.457 18.561 19.405 22.874 24.433 31.543 25.377 29.458 34.083 33.217 31.280 33.465 35.320 32.161 34.351 31.426 34.569 32.618 31.099 31.954 37.412 36.751 31.489 29.440 23.202 25.478 24.760 19.339 17.423 14.529 9.586 7.960 3.590 3.868 2.114 5.739 11.055 13.655 17.079 13.941 9.567 9.973 11.062 9.130 9.930 8.011 8.386 6.191 6.611
-999.250 -999.250 -999.250 -999.250 -999.250 -999.250 -999.250 -999.250 -999.250 -999.250 -999.250 -999.250 -999.250 -999.250 8.885 12.211 13.374 14.843 17.106 16.756 17.411 20.182 23.503 25.999 25.043 30.037 33.321 30.526 33.631 34.499 38.557 39.490 36.376 34.818 28.294 28.985 31.884 34.522 30.635 36.634 33.458 29.296 32.214 27.776 27.186 25.184 20.389 14.987 14.561 10.841 9.491 5.584 3.102 0.000 7.208 11.120 13.993 15.912 14.477 12.755 14.321 13.471 11.288 10.424 10.457 7.291 4.960 5.793
-999.250 -999.250 -999.250 -999.250 -999.250 -999.250 -999.250 -999.250 -999.250 -999.250 -999.250 -999.250 -999.250 -999.250 13.075 13.785 16.054 14.234 16.527 20.753 22.523 23.717 25.995 26.213 26.641 33.434 32.243 35.211 39.656 37.446 33.132 37.088 39.843 33.627 38.917 29.416 35.299 39.035 38.388 31.182 28.147 28.914 28.491 26.811 28.079 27.832 18.107 13.403 14.564 12.671 11.822 7.879 7.304 5.754 9.945 14.368 16.360 16.023 18.295 14.870 15.206 13.875 13.189 11.558 10.533 8.209 7.452 5.885
-999.250 -999.250 -999.250 -999.250 -999.250 -999.250 -999.250 -999.250 -999.250 -999.250 -999.250 -999.250 -999.250 9.511 12.494 13.147 15.527 17.948 19.546 20.411 26.031 30.591 31.893 36.109 38.112 36.801 41.173 36.427 40.538 40.022 42.993 38.105 38.380 38.896 32.889 38.390 39.172 42.745 33.926 32.820 33.748 24.776 26.363 25.290 22.812 18.037 15.715 14.919 14.966 17.515 14.298 12.631 10.772 11.607 13.101 14.379 15.892 16.822 17.134 17.757 15.789 15.654 15.164 10.984 11.110 7.217 8.176 4.565
