data/medianmodel_16-Apr-2020.asc
ncols	141
nrows	288
xllcorner	-120191.398
yllcorner	-301404.813
cellsize	2000.000
NODATA_value	-999.250
[rows 0 to 29 of 288, columns 67 to 133 of 141]
-999.250 -999.250 -999.250 -999.250 -999.250 -999.250 -999.250 -999.250 -999.250 -999.250 -999.250 -999.250 -999.250 -999.250 -999.250 -999.250 -999.250 -999.250 -999.250 -999.250 -999.250 -999.250 -999.250 -999.250 -999.250 -999.250 -999.250 -999.250 -999.250 -999.250 -999.250 -999.250 -999.250 -999.250 -999.250 -999.250 -999.250 -999.250 -999.250 -999.250 -999.250 -999.250 -999.250 -999.250 -999.250 -999.250 -999.250 -999.250 -999.250 -999.250 -999.250 -999.250 -999.250 -999.250 -999.250 -999.250 -999.250 -999.250 -999.250 -999.250 -999.250 -999.250 -999.250 -999.250 -999.250 -999.250 -999.250
-999.250 -999.250 -999.250 -999.250 -999.250 -999.250 -999.250 -999.250 -999.250 -999.250 -999.250 -999.250 -999.250 -999.250 -999.250 -999.250 -999.250 -999.250 -999.250 -999.250 -999.250 -999.250 -999.250 -999.250 -999.250 -999.250 -999.250 -999.250 -999.250 -999.250 -999.250 -999.250 -999.250 -999.250 -999.250 -999.250 -999.250 -999.250 -999.250 -999.250 -999.250 -999.250 -999.250 -999.250 -999.250 -999.250 -999.250 -999.250 -999.250 -999.250 -999.250 -999.250 -999.250 -999.250 -999.250 -999.250 -999.250 -999.250 -999.250 -999.250 -999.250 -999.250 -999.250 -999.250 -999.250 -999.250 -999.250
-999.250 -999.250 -999.250 -999.250 -999.250 -999.250 -999.250 -999.250 -999.250 -999.250 -999.250 -999.250 -999.250 -999.250 -999.250 -999.250 -999.250 -999.250 -999.250 -999.250 -999.250 -999.250 -999.250 -999.250 -999.250 -999.250 -999.250 -999.250 -999.250 -999.250 -999.250 -999.250 -999.250 -999.250 -999.250 -999.250 -999.250 -999.250 -999.250 -999.250 -999.250 -999.250 -999.250 -999.250 -999.250 -999.250 -999.250 -999.250 -999.250 -999.250 -999.250 -999.250 -999.250 -999.250 -999.250 -999.250 -999.250 -999.250 -999.250 -999.250 -999.250 -999.250 -999.250 -999.250 -999.250 -999.250 -999.250
-999.250 -999.250 -999.250 -999.250 -999.250 -999.250 -999.250 -999.250 -999.250 -999.250 -999.250 -999.250 -999.250 -999.250 -999.250 -999.250 -999.250 -999.250 -999.250 -999.250 -999.250 -999.250 -999.250 -999.250 -999.250 -999.250 -999.250 -999.250 -999.250 -999.250 -999.250 -999.250 -999.250 -999.250 -999.250 -999.250 -999.250 -999.250 -999.250 -999.250 -999.250 -999.250 -999.250 -999.250 -999.250 -999.250 -999.250 -999.250 -999.250 -999.250 -999.250 -999.250 -999.250 -999.250 -999.250 -999.250 -999.250 -999.250 -999.250 -999.250 -999.250 -999.250 -999.250 -999.250 -999.250 -999.250 -999.250
-999.250 -999.250 -999.250 -999.250 -999.250 -999.250 -999.250 -999.250 -999.250 -999.250 -999.250 -999.250 -999.250 -999.250 -999.250 -999.250 -999.250 -999.250 -999.250 -999.250 -999.250 -999.250 -999.250 -999.250 -999.250 -999.250 -999.250 -999.250 -999.250 -999.250 -999.250 -999.250 -999.250 -999.250 -999.250 -999.250 -999.250 -999.250 -999.250 -999.250 -999.250 -999.250 -999.250 -999.250 -999.250 -999.250 -999.250 -999.250 -999.250 -999.250 -999.250 -999.250 -999.250 -999.250 -999.250 -999.250 -999.250 -999.250 -999.250 -999.250 -999.250 -999.250 -999.250 -999.250 -999.250 -999.250 -999.250
-999.250 -999.250 -999.250 -999.250 -999.250 -999.250 -999.250 -999.250 -999.250 -999.250 -999.250 -999.250 -999.250 -999.250 -999.250 -999.250 -999.250 -999.250 -999.250 -999.250 -999.250 -999.250 -999.250 -999.250 -999.250 -999.250 -999.250 -999.250 -999.250 -999.250 -999.250 -999.250 -999.250 -999.250 -999.250 -999.250 -999.250 -999.250 -999.250 -999.250 -999.250 -999.250 -999.250 -999.250 -999.250 -999.250 -999.250 -999.250 -999.250 -999.250 -999.250 -999.250 -999.250 -999.250 -999.250 -999.250 -999.250 -999.250 -999.250 -999.250 -999.250 -999.250 -999.250 -999.250 -999.250 -999.250 -999.250
-999.250 -999.250 -999.250 -999.250 -999.250 -999.250 -999.250 -999.250 -999.250 -999.250 -999.250 -999.250 -999.250 -999.250 -999.250 -999.250 -999.250 -999.250 -999.250 -999.250 -999.250 -999.250 -999.250 -999.250 -999.250 -999.250 -999.250 -999.250 -999.250 -999.250 -999.250 -999.250 -999.250 -999.250 -999.250 -999.250 -999.250 -999.250 -999.250 -999.250 -999.250 -999.250 -999.250 -999.250 -999.250 -999.250 -999.250 -999.250 -999.250 -999.250 -999.250 -999.250 -999.250 -999.250 -999.250 -999.250 -999.250 -999.250 -999.250 -999.250 -999.250 -999.250 -999.250 -999.250 -999.250 -999.250 -999.250
-999.250 -999.250 -999.250 -999.250 -999.250 -999.250 -999.250 -999.250 -999.250 -999.250 -999.250 -999.250 -999.250 -999.250 -999.250 -999.250 -999.250 -999.250 -999.250 -999.250 -999.250 -999.250 -999.250 -999.250 -999.250 -999.250 -999.250 -999.250 -999.250 -999.250 -999.250 -999.250 -999.250 -999.250 -999.250 -999.250 -999.250 -999.250 -999.250 -999.250 -999.250 -999.250 -999.250 -999.250 -999.250 -999.250 -999.250 -999.250 -999.250 -999.250 -999.250 -999.250 -999.250 -999.250 -999.250 -999.250 -999.250 -999.250 -999.250 -999.250 -999.250 -999.250 -999.250 -999.250 -999.250 -999.250 -999.250
-999.250 -999.250 -999.250 -999.250 -999.250 -999.250 -999.250 -999.250 -999.250 -999.250 -999.250 -999.250 -999.250 -999.250 -999.250 -999.250 -999.250 -999.250 -999.250 -999.250 -999.250 -999.250 -999.250 -999.250 -999.250 -999.250 -999.250 -999.250 -999.250 -999.250 -999.250 -999.250 -999.250 -999.250 -999.250 -999.250 -999.250 -999.250 -999.250 -999.250 -999.250 -999.250 -999.250 -999.250 -999.250 -999.250 -999.250 75.291 -999.250 -999.250 -999.250 -999.250 -999.250 -999.250 -999.250 -999.250 -999.250 -999.250 -999.250 -999.250 -999.250 -999.250 -999.250 -999.250 -999.250 -999.250 -999.250
-999.250 -999.250 -999.250 -999.250 -999.250 -999.250 -999.250 -999.250 -999.250 -999.250 -999.250 -999.250 -999.250 -999.250 -999.250 -999.250 -999.250 -999.250 -999.250 -999.250 -999.250 -999.250 -999.250 -999.250 -999.250 -999.250 -999.250 -999.250 -999.250 -999.250 -999.250 -999.250 42.794 42.040 51.756 60.524 -999.250 -999.250 -999.250 -999.250 78.475 -999.250 -999.250 -999.250 -999.250 -999.250 -999.250 72.323 94.808 -999.250 -999.250 -999.250 -999.250 -999.250 -999.250 -999.250 -999.250 -999.250 -999.250 -999.250 -999.250 -999.250 -999.250 -999.250 -999.250 -999.250 -999.250
-999.250 -999.250 -999.250 -999.250 -999.250 -999.250 -999.250 -999.250 -999.250 -999.250 -999.250 -999.250 -999.250 -999.250 -999.250 -999.250 -999.250 -999.250 -999.250 -999.250 -999.250 -999.250 -999.250 -999.250 -999.250 -999.250 -999.250 -999.250 -999.250 -999.250 -999.250 -999.250 39.127 59.843 59.376 66.941 -999.250 -999.250 -999.250 83.071 79.209 74.551 -999.250 -999.250 -999.250 -999.250 -999.250 81.159 83.534 84.636 -999.250 -999.250 -999.250 -999.250 -999.250 -999.250 50.570 46.933 -999.250 -999.250 -999.250 -999.250 -999.250 -999.250 -999.250 -999.250 -999.250
-999.250 -999.250 -999.250 -999.250 -999.250 -999.250 -999.250 -999.250 -999.250 -999.250 -999.250 -999.250 -999.250 -999.250 -999.250 -999.250 -999.250 -999.250 -999.250 -999.250 -999.250 -999.250 -999.250 -999.250 -999.250 -999.250 -999.250 -999.250 -999.250 -999.250 -999.250 -999.250 52.921 56.966 72.006 60.094 73.074 77.363 83.149 81.429 84.227 92.435 92.852 107.201 97.382 83.500 89.136 95.557 85.941 69.836 72.226 71.507 67.590 70.482 60.287 57.580 50.060 59.840 -999.250 -999.250 -999.250 -999.250 -999.250 -999.250 -999.250 -999.250 -999.250
-999.250 -999.250 131.949 -999.250 -999.250 -999.250 -999.250 -999.250 -999.250 -999.250 -999.250 -999.250 -999.250 -999.250 -999.250 -999.250 -999.250 -999.250 -999.250 -999.250 -999.250 -999.250 -999.250 -999.250 -999.250 -999.250 -999.250 -999.250 -999.250 -999.250 -999.250 -999.250 55.775 62.826 67.078 80.202 79.715 95.539 92.378 94.829 86.437 103.095 97.585 93.481 100.449 103.421 116.913 96.901 104.574 88.516 90.492 79.470 86.012 71.163 64.035 54.976 50.587 61.728 -999.250 -999.250 -999.250 -999.250 -999.250 -999.250 -999.250 -999.250 -999.250
-999.250 -999.250 101.639 -999.250 -999.250 -999.250 -999.250 -999.250 -999.250 -999.250 35.067 -999.250 -999.250 -999.250 -999.250 -999.250 -999.250 -999.250 -999.250 -999.250 -999.250 -999.250 -999.250 -999.250 -999.250 -999.250 -999.250 -999.250 -999.250 -999.250 -999.250 -999.250 55.733 55.684 73.072 91.627 77.563 93.323 93.768 94.198 91.759 100.511 108.582 125.786 118.304 111.393 99.335 101.126 90.953 96.400 93.928 88.325 77.871 75.457 59.184 61.153 69.170 65.909 -999.250 -999.250 -999.250 -999.250 -999.250 -999.250 -999.250 -999.250 -999.250
-999.250 -999.250 84.680 -999.250 -999.250 -999.250 -999.250 38.041 40.479 39.153 32.138 32.534 -999.250 -999.250 -999.250 -999.250 -999.250 -999.250 -999.250 -999.250 -999.250 -999.250 -999.250 -999.250 -999.250 -999.250 -999.250 -999.250 -999.250 -999.250 -999.250 -999.250 59.961 75.865 72.119 99.077 95.894 84.874 91.702 103.867 112.050 112.217 110.677 126.528 117.705 119.629 109.548 119.562 111.674 107.374 105.430 86.570 80.561 67.142 72.936 72.850 84.476 75.881 76.945 -999.250 -999.250 -999.250 -999.250 -999.250 -999.250 -999.250 -999.250
97.602 73.685 68.199 -999.250 -999.250 45.731 36.994 32.185 30.372 32.227 35.609 30.223 29.633 32.928 34.358 -999.250 -999.250 -999.250 -999.250 -999.250 -999.250 -999.250 -999.250 -999.250 -999.250 -999.250 -999.250 -999.250 -999.250 43.811 51.879 59.097 51.093 77.100 84.261 86.047 92.404 100.710 112.565 104.289 110.258 108.348 124.061 147.885 123.315 111.068 108.583 120.895 120.346 126.466 103.484 92.355 110.776 96.175 85.419 77.301 73.819 82.177 69.025 -999.250 -999.250 -999.250 -999.250 -999.250 -999.250 -999.250 -999.250
74.561 68.922 50.468 -999.250 40.904 31.700 27.108 28.737 27.988 23.254 23.960 23.102 25.681 30.700 -999.250 -999.250 -999.250 -999.250 -999.250 25.964 27.712 -999.250 -999.250 -999.250 26.588 -999.250 -999.250 36.191 37.026 44.493 44.562 61.011 66.826 78.753 88.371 98.119 104.626 107.022 119.780 113.799 120.767 122.850 124.184 124.174 120.500 126.638 130.124 111.292 131.394 117.158 118.598 101.638 95.180 91.008 90.193 81.059 74.561 73.021 77.760 -999.250 -999.250 -999.250 -999.250 -999.250 -999.250 -999.250 -999.250
71.481 59.018 44.130 36.573 30.522 26.163 21.505 20.068 21.465 21.715 21.588 22.603 23.928 25.230 -999.250 -999.250 19.240 19.139 20.039 17.237 21.223 23.565 -999.250 26.672 33.067 29.612 34.573 35.894 39.993 43.705 45.892 45.865 61.394 80.495 87.776 86.606 107.393 114.248 123.813 142.009 123.348 110.457 146.656 129.543 134.693 134.079 138.560 126.599 124.483 130.139 133.901 118.392 110.498 94.404 75.305 81.944 86.323 90.008 99.053 -999.250 -999.250 -999.250 -999.250 -999.250 -999.250 -999.250 -999.250
66.631 50.212 38.653 30.414 23.788 17.272 20.070 15.933 18.488 15.462 15.016 17.184 18.258 18.123 20.474 20.368 19.343 16.326 15.746 18.400 17.853 20.986 22.783 25.955 25.871 26.772 29.591 37.288 36.717 39.489 43.438 55.315 64.686 81.844 83.098 92.774 97.143 119.996 116.023 137.533 138.167 112.486 114.774 126.408 124.594 141.182 125.230 127.233 141.075 130.372 115.688 120.216 94.955 90.226 78.602 79.002 83.468 98.366 100.593 -999.250 -999.250 -999.250 -999.250 -999.250 -999.250 -999.250 -999.250
55.133 43.779 33.673 26.840 17.921 13.999 14.768 11.732 11.424 12.493 9.124 13.550 12.992 16.804 15.607 15.962 15.082 15.990 15.918 16.484 18.045 19.646 19.506 21.232 25.674 26.661 26.760 31.792 30.517 38.590 42.195 48.905 56.396 73.183 69.173 101.314 99.503 100.553 116.892 135.034 125.477 122.226 121.465 107.786 117.870 132.569 147.409 150.431 134.707 128.800 107.848 115.036 88.567 100.597 89.431 89.403 95.919 104.643 93.556 -999.250 -999.250 -999.250 -999.250 -999.250 -999.250 -999.250 -999.250
45.231 37.435 27.887 19.055 9.934 6.155 7.537 2.712 10.657 9.407 6.978 10.113 12.899 13.925 13.727 15.412 16.540 17.053 14.870 13.438 17.137 18.058 17.443 18.317 25.072 28.440 25.875 29.393 34.666 35.098 37.465 44.228 52.311 67.968 83.903 96.292 100.535 97.254 117.654 130.386 127.728 119.393 105.998 118.225 103.962 114.743 151.728 154.726 142.788 116.222 115.709 116.078 100.589 95.607 84.688 86.755 104.743 132.025 -999.250 -999.250 -999.250 -999.250 -999.250 -999.250 -999.250 -999.250 -999.250
40.665 33.198 24.113 17.294 0.000 0.341 3.584 1.633 6.599 4.572 6.341 4.443 4.621 9.945 10.554 14.826 15.548 15.398 14.182 13.563 12.709 16.567 17.709 20.466 23.362 28.273 26.999 25.687 25.861 32.770 34.092 40.065 54.270 64.668 77.280 83.756 93.297 90.718 140.619 126.608 125.773 132.195 124.508 124.670 113.519 117.553 142.810 160.378 120.833 143.067 121.874 100.276 87.256 95.994 82.771 104.151 112.709 100.156 -999.250 -999.250 -999.250 -999.250 -999.250 -999.250 -999.250 -999.250 -999.250
33.849 33.689 27.737 18.494 7.582 3.577 5.691 3.767 6.776 4.932 6.863 4.016 6.403 10.285 6.431 10.644 14.000 15.056 13.358 11.363 11.946 16.029 18.354 19.917 21.423 25.410 26.757 29.078 25.919 29.431 30.173 43.667 46.096 54.860 71.304 89.508 74.499 102.003 103.257 120.828 133.560 104.531 138.029 119.396 104.670 109.931 125.901 123.716 144.102 113.489 113.840 104.023 105.170 82.904 80.905 93.507 105.047 114.805 -999.250 -999.250 -999.250 -999.250 -999.250 -999.250 -999.250 -999.250 -999.250
39.638 38.299 29.207 24.246 16.716 14.543 11.583 6.713 7.797 5.960 3.628 3.338 4.065 3.751 5.899 8.987 12.866 13.456 11.627 15.170 15.032 15.719 18.409 17.363 20.690 22.913 24.291 26.973 24.165 28.136 36.121 40.396 44.178 57.972 61.867 68.712 74.927 95.095 96.311 104.889 140.546 102.373 117.586 111.859 102.630 111.199 117.465 112.859 98.912 113.069 102.031 110.905 94.416 84.436 81.706 82.245 100.721 101.965 -999.250 -999.250 -999.250 -999.250 -999.250 -999.250 -999.250 -999.250 -999.250
43.591 39.079 31.547 26.933 19.491 16.374 16.275 10.181 7.869 3.386 3.133 1.588 0.000 3.887 6.928 12.108 7.241 11.343 13.344 14.262 16.666 17.943 15.536 17.812 22.471 20.512 19.640 23.353 26.047 27.756 30.287 37.545 38.070 51.772 60.792 67.331 77.048 87.990 103.099 113.978 104.146 107.753 102.011 94.954 108.428 99.890 119.035 131.418 117.434 129.161 124.108 116.126 108.953 90.608 81.691 89.805 90.039 81.585 -999.250 -999.250 -999.250 -999.250 -999.250 -999.250 -999.250 -999.250 -999.250
43.311 39.816 39.418 29.020 23.252 21.674 18.301 15.145 11.222 10.139 4.400 0.455 2.644 3.823 4.895 4.787 6.537 6.618 11.040 13.425 15.232 16.665 15.524 16.591 15.512 19.369 18.252 18.447 22.718 29.415 30.530 29.517 35.857 38.168 49.437 55.463 67.897 99.344 97.508 91.799 112.872 108.738 100.851 97.885 82.334 114.917 116.270 108.497 120.185 133.239 128.145 121.489 101.433 94.029 87.095 86.440 73.184 81.952 87.623 -999.250 -999.250 -999.250 -999.250 61.192 63.432 -999.250 -999.250
41.769 42.722 37.585 30.397 26.903 24.879 23.613 17.888 13.166 10.228 6.233 6.175 5.175 4.051 2.445 4.069 3.007 6.178 9.496 13.639 13.288 11.072 15.783 15.888 17.442 16.327 14.562 16.563 21.661 24.324 29.463 33.868 31.494 38.457 48.601 57.495 61.777 71.327 96.135 100.351 108.610 116.918 96.171 95.789 87.464 90.979 108.005 105.527 112.143 119.694 110.475 116.796 101.736 91.976 91.340 90.003 89.114 86.697 83.059 88.460 -999.250 69.782 63.250 62.242 60.236 53.902 42.760
52.249 40.213 32.288 35.755 29.392 28.077 23.378 23.056 16.907 14.117 9.684 7.737 6.774 5.732 8.893 6.762 7.736 10.720 9.803 10.248 12.643 11.846 13.184 17.403 15.910 15.359 12.512 14.755 20.307 24.982 28.499 33.943 28.932 36.822 41.231 49.504 62.446 55.031 59.740 70.373 86.521 94.040 104.304 84.488 79.550 85.207 82.970 93.053 96.640 98.089 107.082 99.503 92.069 94.153 94.711 80.766 88.338 82.360 91.112 78.816 76.371 68.740 69.087 63.227 58.786 45.677 39.143
44.668 38.442 35.723 34.012 34.183 31.907 26.858 23.239 18.070 15.309 13.108 9.208 7.425 8.150 9.745 5.591 6.686 9.232 11.481 10.106 9.335 12.627 11.072 12.950 13.928 13.883 11.934 13.547 18.704 25.020 26.829 28.020 34.439 34.979 43.212 47.324 45.563 52.078 63.554 77.511 77.491 93.976 88.440 81.224 86.816 75.750 83.652 67.540 93.441 98.288 102.240 74.688 88.365 83.922 72.298 80.408 89.357 98.241 94.576 92.221 81.516 78.026 76.864 64.887 61.410 41.203 44.241
46.251 43.243 34.190 36.222 31.733 31.894 27.016 23.707 19.481 17.363 16.017 16.437 9.332 10.700 10.701 8.122 7.932 13.167 12.603 12.008 9.727 13.923 13.703 14.249 13.980 11.756 11.014 6.748 16.962 22.515 26.231 28.827 32.896 33.484 36.671 42.738 38.658 44.451 59.290 58.654 80.204 83.784 87.500 89.392 85.089 75.206 69.930 73.313 76.808 91.118 97.492 86.852 89.291 82.468 81.786 75.601 92.620 92.918 95.051 94.611 87.636 90.734 77.619 59.433 59.000 55.947 42.493
