data/medianmodel_07-Jul-2020.asc
ncols	141
nrows	288
xllcorner	-120191.398
yllcorner	-301404.813
cellsize	2000.000
NODATA_value	-999.250
[rows 217 to 247 of 288, columns 0 to 68 of 141]
-999.250 -999.250 -999.250 -999.250 -999.250 -999.250 -999.250 -999.250 -999.250 -999.250 -999.250 -999.250 -999.250 -999.250 -999.250 -999.250 -999.250 -999.250 -999.250 -999.250 -999.250 -999.250 -999.250 -999.250 -999.250 -999.250 -999.250 -999.250 -999.250 -999.250 -999.250 37.371 49.532 52.617 45.869 45.899 57.421 68.722 76.934 72.654 90.361 90.977 84.132 74.138 72.099 46.010 36.454 31.643 18.499 18.595 12.492 10.491 8.708 8.531 8.567 5.556 5.024 4.010 3.924 2.755 0.225 0.000 0.000 0.000 0.000 0.000 0.000 0.000 0.000
-999.250 -999.250 -999.250 -999.250 -999.250 -999.250 -999.250 -999.250 -999.250 -999.250 -999.250 -999.250 -999.250 -999.250 -999.250 -999.250 -999.250 -999.250 -999.250 -999.250 -999.250 -999.250 -999.250 -999.250 -999.250 -999.250 -999.250 -999.250 -999.250 -999.250 -999.250 31.168 52.432 50.306 54.721 55.256 68.172 72.375 88.268 97.392 106.354 106.890 87.241 81.689 70.156 53.789 37.734 32.970 21.291 15.963 14.529 11.663 8.558 7.187 6.571 4.569 4.208 2.358 2.276 0.875 0.249 0.000 0.000 0.000 0.000 0.000 0.000 0.000 0.000
-999.250 -999.250 -999.250 -999.250 -999.250 -999.250 -999.250 -999.250 -999.250 -999.250 -999.250 -999.250 -999.250 -999.250 -999.250 -999.250 -999.250 -999.250 -999.250 -999.250 -999.250 -999.250 -999.250 -999.250 -999.250 -999.250 -999.250 -999.250 -999.250 -999.250 -999.250 34.093 51.555 57.187 59.060 58.263 65.133 68.006 83.865 90.786 103.766 116.128 102.792 88.964 76.994 53.066 47.055 38.769 26.830 23.600 15.677 11.699 10.323 8.458 4.095 3.587 1.552 1.441 0.000 0.000 0.000 0.000 0.000 0.000 0.000 0.000 0.000 0.000 0.000
-999.250 -999.250 -999.250 -999.250 -999.250 -999.250 -999.250 -999.250 -999.250 -999.250 -999.250 -999.250 -999.250 -999.250 -999.250 -999.250 -999.250 -999.250 -999.250 -999.250 -999.250 -999.250 -999.250 -999.250 -999.250 -999.250 -999.250 -999.250 -999.250 -999.250 -999.250 34.855 42.696 49.891 60.854 64.568 60.630 67.806 72.959 83.965 103.436 105.724 102.263 86.160 77.494 65.489 47.700 38.192 26.394 19.751 17.533 14.544 11.942 7.932 4.371 2.927 2.265 0.452 0.000 0.000 0.000 0.000 0.000 0.000 0.000 0.000 0.000 0.000 0.000
-999.250 -999.250 -999.250 -999.250 -999.250 -999.250 -999.250 -999.250 -999.250 -999.250 -999.250 -999.250 -999.250 -999.250 -999.250 -999.250 -999.250 -999.250 -999.250 -999.250 -999.250 -999.250 -999.250 -999.250 -999.250 -999.250 -999.250 -999.250 -999.250 -999.250 -999.250 32.074 40.213 36.136 40.256 49.787 58.538 72.917 78.831 75.058 86.153 96.180 92.877 81.047 73.548 59.479 48.094 39.640 25.101 17.393 15.727 15.745 12.834 6.838 5.882 3.216 1.253 0.000 0.000 0.000 0.000 0.000 0.000 0.000 0.000 0.000 0.000 0.000 0.000
-999.250 -999.250 -999.250 -999.250 -999.250 -999.250 -999.250 -999.250 -999.250 -999.250 -999.250 -999.250 -999.250 -999.250 -999.250 -999.250 -999.250 -999.250 -999.250 -999.250 -999.250 -999.250 -999.250 -999.250 -999.250 -999.250 -999.250 -999.250 -999.250 -999.250 -999.250 30.019 34.468 39.246 47.386 51.560 57.584 64.188 64.441 76.675 90.597 87.358 85.928 71.592 69.139 53.867 46.686 39.265 24.561 20.390 14.056 16.422 14.029 6.355 3.303 4.713 0.000 0.000 0.000 0.000 0.000 0.000 0.000 0.000 0.000 0.000 0.000 0.000 0.000
-999.250 -999.250 -999.250 -999.250 -999.250 -999.250 -999.250 -999.250 -999.250 -999.250 -999.250 -999.250 -999.250 -999.250 -999.250 -999.250 -999.250 -999.250 -999.250 -999.250 -999.250 -999.250 -999.250 -999.250 -999.250 -999.250 -999.250 -999.250 -999.250 -999.250 15.991 18.865 22.044 31.649 35.820 46.394 44.502 49.681 54.592 73.005 71.744 75.149 72.763 58.605 53.248 50.787 41.921 32.349 23.766 19.829 16.585 15.028 8.306 5.581 3.970 0.745 2.150 0.000 0.000 0.000 0.000 0.000 0.000 0.000 0.000 0.000 0.000 0.000 0.000
-999.250 -999.250 -999.250 -999.250 -999.250 -999.250 -999.250 -999.250 -999.250 -999.250 -999.250 -999.250 -999.250 -999.250 -999.250 -999.250 -999.250 -999.250 -999.250 -999.250 -999.250 -999.250 -999.250 -999.250 -999.250 -999.250 -999.250 -999.250 -999.250 -999.250 11.988 17.886 19.550 18.223 26.401 33.125 29.453 38.282 48.226 49.628 50.767 59.406 55.137 56.026 41.050 37.593 37.750 29.979 25.747 21.402 13.571 10.850 9.761 5.058 1.710 0.053 0.000 0.000 0.000 0.000 0.000 0.000 0.000 0.000 0.000 0.000 0.000 0.000 0.000
-999.250 -999.250 -999.250 -999.250 -999.250 -999.250 -999.250 -999.250 -999.250 -999.250 -999.250 -999.250 -999.250 -999.250 -999.250 -999.250 -999.250 -999.250 -999.250 -999.250 -999.250 -999.250 -999.250 -999.250 -999.250 -999.250 -999.250 -999.250 -999.250 -999.250 11.161 13.042 14.318 13.158 20.688 32.561 32.084 31.068 35.241 36.431 40.291 38.834 31.786 44.875 40.353 38.952 36.062 26.084 23.606 16.227 12.121 9.465 8.757 3.972 0.275 0.000 0.000 0.000 0.000 0.000 0.000 0.000 0.000 0.000 0.000 0.000 0.000 0.000 0.000
-999.250 -999.250 -999.250 -999.250 -999.250 -999.250 -999.250 -999.250 -999.250 -999.250 -999.250 -999.250 -999.250 -999.250 -999.250 -999.250 -999.250 -999.250 -999.250 -999.250 -999.250 -999.250 -999.250 -999.250 -999.250 -999.250 -999.250 -999.250 -999.250 -999.250 9.591 10.627 13.140 11.786 19.533 22.163 21.783 24.750 24.854 24.997 30.357 33.647 34.334 39.019 38.080 33.621 26.393 29.396 18.190 14.389 12.407 7.753 7.008 1.808 0.000 0.000 0.000 0.000 0.000 0.000 0.000 0.000 0.000 0.000 0.000 0.000 0.000 0.000 0.000
-999.250 -999.250 -999.250 -999.250 -999.250 -999.250 -999.250 -999.250 -999.250 -999.250 -999.250 -999.250 -999.250 -999.250 -999.250 -999.250 -999.250 -999.250 -999.250 -999.250 -999.250 -999.250 -999.250 -999.250 -999.250 -999.250 -999.250 -999.250 -999.250 9.426 9.847 9.879 10.130 10.754 11.391 16.633 20.653 24.309 22.460 24.593 29.762 29.123 31.845 27.013 27.026 32.797 23.038 19.236 15.650 12.137 8.004 7.559 7.764 3.991 0.000 0.000 0.000 0.000 0.000 0.000 0.000 0.000 0.000 0.000 0.000 0.000 0.000 0.000 0.000
-999.250 -999.250 -999.250 -999.250 -999.250 -999.250 -999.250 -999.250 -999.250 -999.250 -999.250 -999.250 -999.250 -999.250 -999.250 -999.250 -999.250 -999.250 -999.250 -999.250 -999.250 -999.250 -999.250 -999.250 -999.250 -999.250 -999.250 -999.250 -999.250 12.168 12.472 8.553 8.210 9.118 10.343 13.266 15.353 14.029 19.032 18.206 20.456 20.273 18.681 21.186 19.407 26.216 23.582 18.607 15.963 10.449 10.064 6.694 5.739 7.088 2.537 0.144 0.000 0.000 0.000 0.000 0.000 0.000 0.000 0.000 0.000 0.000 0.000 0.000 0.000
-999.250 -999.250 -999.250 -999.250 -999.250 -999.250 -999.250 -999.250 -999.250 -999.250 -999.250 -999.250 -999.250 -999.250 -999.250 -999.250 -999.250 -999.250 -999.250 -999.250 -999.250 -999.250 -999.250 -999.250 -999.250 -999.250 -999.250 -999.250 13.123 11.946 10.259 9.596 8.608 10.233 9.569 11.218 13.893 13.853 13.266 14.636 15.579 16.122 16.256 16.996 15.535 17.442 17.795 11.813 11.291 11.467 9.865 7.832 6.219 3.828 2.858 1.787 1.964 1.099 1.475 0.611 1.770 0.002 0.000 0.329 0.264 0.721 0.000 0.361 0.000
-999.250 -999.250 -999.250 -999.250 -999.250 -999.250 -999.250 -999.250 -999.250 -999.250 -999.250 -999.250 -999.250 -999.250 -999.250 -999.250 -999.250 -999.250 -999.250 -999.250 -999.250 -999.250 -999.250 -999.250 -999.250 -999.250 -999.250 -999.250 15.808 13.124 10.906 8.447 7.788 7.002 8.329 7.067 7.561 8.266 10.382 12.683 11.594 12.010 12.636 13.791 14.462 13.111 14.675 15.268 12.026 8.866 8.999 7.249 7.188 5.658 7.928 6.095 6.279 5.066 4.530 1.885 2.475 3.591 1.629 2.786 3.286 1.737 0.875 0.000 0.000
-999.250 -999.250 -999.250 -999.250 -999.250 -999.250 -999.250 -999.250 -999.250 -999.250 -999.250 -999.250 -999.250 -999.250 -999.250 -999.250 -999.250 -999.250 -999.250 -999.250 -999.250 -999.250 -999.250 -999.250 -999.250 -999.250 -999.250 14.122 13.204 13.973 12.499 10.259 7.689 6.573 5.740 6.418 5.551 7.332 7.861 9.602 9.934 10.131 12.330 12.779 12.765 11.015 14.396 11.984 12.304 8.513 9.006 11.269 10.042 10.554 6.429 8.704 9.761 8.072 7.392 8.203 8.134 6.583 4.749 3.652 3.493 0.728 0.000 0.000 0.000
-999.250 -999.250 -999.250 -999.250 -999.250 -999.250 -999.250 -999.250 -999.250 -999.250 -999.250 -999.250 -999.250 -999.250 -999.250 -999.250 -999.250 -999.250 -999.250 -999.250 -999.250 -999.250 -999.250 -999.250 -999.250 -999.250 -999.250 14.558 15.497 13.885 12.247 14.583 8.780 7.004 3.646 4.199 5.144 5.711 7.506 8.461 10.690 10.779 10.288 12.429 12.728 13.129 12.742 13.566 11.892 9.799 9.934 10.389 10.753 11.837 11.341 12.886 10.642 10.844 13.594 12.490 10.699 8.231 6.272 5.580 3.837 1.141 0.948 0.024 0.000
-999.250 -999.250 -999.250 -999.250 -999.250 -999.250 -999.250 -999.250 -999.250 -999.250 -999.250 -999.250 -999.250 -999.250 -999.250 -999.250 -999.250 -999.250 -999.250 -999.250 -999.250 -999.250 -999.250 -999.250 -999.250 -999.250 -999.250 -999.250 14.459 12.800 13.514 11.239 7.500 6.892 5.248 4.331 4.784 3.833 5.913 7.500 9.413 10.390 10.416 11.973 13.395 12.882 16.316 13.758 10.398 13.402 11.831 13.111 14.946 15.097 14.152 13.659 12.270 13.606 14.284 14.801 12.898 10.003 8.496 6.836 4.630 3.561 1.912 2.259 2.150
-999.250 -999.250 -999.250 -999.250 -999.250 -999.250 -999.250 -999.250 -999.250 -999.250 -999.250 -999.250 -999.250 -999.250 -999.250 -999.250 -999.250 -999.250 -999.250 -999.250 -999.250 -999.250 -999.250 -999.250 -999.250 -999.250 -999.250 -999.250 -999.250 -999.250 13.201 10.115 7.489 5.776 4.057 6.524 6.430 4.938 6.661 6.506 7.553 10.204 9.046 11.680 12.847 14.246 14.014 14.657 12.843 12.401 15.591 14.626 16.079 19.331 19.302 16.819 14.763 17.700 17.521 19.928 15.265 13.455 11.192 8.898 7.998 6.239 5.089 5.425 0.325
-999.250 -999.250 -999.250 -999.250 -999.250 -999.250 -999.250 -999.250 -999.250 -999.250 -999.250 -999.250 -999.250 -999.250 -999.250 -999.250 -999.250 -999.250 -999.250 -999.250 -999.250 -999.250 -999.250 -999.250 -999.250 -999.250 -999.250 -999.250 -999.250 -999.250 12.583 9.493 7.956 7.149 6.685 3.676 6.245 7.207 6.568 9.667 7.560 8.630 8.004 11.356 13.510 12.530 14.676 13.775 12.857 13.352 14.764 14.017 21.438 20.230 20.702 19.494 19.584 18.972 24.155 26.221 22.296 15.524 11.228 9.135 8.281 6.658 5.027 2.950 0.000
-999.250 -999.250 -999.250 -999.250 -999.250 -999.250 -999.250 -999.250 -999.250 -999.250 -999.250 -999.250 -999.250 -999.250 -999.250 -999.250 -999.250 -999.250 -999.250 -999.250 -999.250 -999.250 -999.250 -999.250 -999.250 -999.250 -999.250 -999.250 -999.250 -999.250 8.469 8.016 6.941 7.686 8.426 6.951 6.367 7.086 8.159 9.475 10.279 9.991 10.208 10.133 13.470 12.537 13.476 10.803 15.055 14.513 14.146 19.881 18.690 20.726 23.792 18.227 22.692 24.230 28.222 36.377 21.616 15.913 11.709 8.747 6.622 4.680 3.500 2.422 1.874
-999.250 -999.250 -999.250 -999.250 -999.250 -999.250 -999.250 -999.250 -999.250 -999.250 -999.250 -999.250 -999.250 -999.250 -999.250 -999.250 -999.250 -999.250 -999.250 -999.250 -999.250 -999.250 -999.250 -999.250 -999.250 -999.250 -999.250 -999.250 -999.250 -999.250 -999.250 8.792 8.959 7.220 7.649 7.863 7.795 5.661 4.248 6.998 6.583 8.727 12.165 12.592 12.408 13.590 12.683 15.610 14.266 18.244 19.544 24.873 24.818 27.071 25.711 24.057 26.059 23.780 21.497 21.345 20.290 18.244 13.709 8.496 5.035 3.852 3.948 2.424 2.311
-999.250 -999.250 -999.250 -999.250 -999.250 -999.250 -999.250 -999.250 -999.250 -999.250 -999.250 -999.250 -999.250 -999.250 -999.250 -999.250 -999.250 -999.250 -999.250 -999.250 -999.250 -999.250 -999.250 -999.250 -999.250 -999.250 -999.250 -999.250 -999.250 -999.250 7.977 9.958 8.113 7.723 6.195 6.468 6.255 6.096 5.527 7.593 8.882 9.638 10.894 11.350 13.904 15.592 14.280 13.480 15.973 15.647 18.755 26.557 27.354 25.929 28.994 22.257 24.535 19.182 17.592 17.268 16.044 14.356 12.649 7.550 4.715 4.578 3.764 3.257 1.872
-999.250 -999.250 -999.250 -999.250 -999.250 -999.250 -999.250 -999.250 -999.250 -999.250 -999.250 -999.250 -999.250 -999.250 -999.250 -999.250 -999.250 -999.250 -999.250 -999.250 -999.250 -999.250 -999.250 -999.250 -999.250 -999.250 -999.250 -999.250 -999.250 -999.250 -999.250 9.466 9.551 9.059 6.506 8.355 8.867 9.614 6.591 10.290 10.122 10.502 7.325 10.046 13.674 12.235 14.202 14.389 18.643 16.145 19.674 20.294 27.439 27.278 22.532 24.717 24.654 24.432 18.478 13.771 14.796 10.598 9.097 7.261 4.295 2.435 1.148 1.224 0.000
-999.250 -999.250 -999.250 -999.250 -999.250 -999.250 -999.250 -999.250 -999.250 -999.250 -999.250 -999.250 -999.250 -999.250 -999.250 -999.250 -999.250 -999.250 -999.250 -999.250 -999.250 -999.250 -999.250 -999.250 -999.250 -999.250 -999.250 -999.250 -999.250 -999.250 9.442 10.369 10.625 8.420 7.362 8.571 9.158 6.982 7.412 7.514 9.558 11.376 12.314 11.887 12.574 13.549 13.215 16.249 14.439 17.019 18.150 23.056 19.517 23.887 23.725 23.258 22.209 19.726 20.232 14.766 11.147 10.385 8.026 4.739 2.206 2.270 0.340 0.182 0.276
-999.250 -999.250 -999.250 -999.250 -999.250 -999.250 -999.250 -999.250 -999.250 -999.250 -999.250 -999.250 -999.250 -999.250 -999.250 -999.250 -999.250 -999.250 -999.250 -999.250 -999.250 -999.250 -999.250 -999.250 -999.250 -999.250 -999.250 -999.250 -999.250 -999.250 9.283 9.492 10.821 12.098 8.757 9.639 8.914 7.335 9.730 7.544 9.948 9.048 10.947 10.208 10.449 11.106 13.728 13.707 13.409 15.873 16.271 16.130 20.245 19.259 20.181 17.886 18.940 15.713 16.517 13.569 10.172 7.025 4.505 0.766 0.694 0.040 0.000 0.000 0.000
-999.250 -999.250 -999.250 -999.250 -999.250 -999.250 -999.250 -999.250 -999.250 -999.250 -999.250 -999.250 -999.250 -999.250 -999.250 -999.250 -999.250 -999.250 -999.250 -999.250 -999.250 -999.250 -999.250 -999.250 -999.250 -999.250 -999.250 -999.250 -999.250 -999.250 9.148 8.968 9.574 10.601 11.073 9.576 8.465 8.905 7.957 7.349 9.292 8.689 12.781 11.383 11.132 10.980 12.741 15.012 14.892 15.303 15.251 15.530 16.935 16.651 20.379 18.702 13.743 13.375 12.796 12.268 9.085 5.320 3.218 0.001 0.000 0.000 0.000 0.000 0.000
-999.250 -999.250 -999.250 -999.250 -999.250 -999.250 -999.250 -999.250 -999.250 -999.250 -999.250 -999.250 -999.250 -999.250 -999.250 -999.250 -999.250 -999.250 -999.250 -999.250 -999.250 -999.250 -999.250 -999.250 -999.250 -999.250 -999.250 -999.250 -999.250 -999.250 7.630 6.414 11.824 10.238 8.573 11.463 8.986 8.953 7.751 6.548 9.141 7.875 10.565 11.227 12.039 10.551 13.304 12.768 14.940 15.256 20.200 18.032 18.405 22.778 22.294 15.373 13.066 12.750 11.300 9.431 6.866 3.487 0.000 0.000 0.000 0.000 0.000 0.000 0.000
-999.250 -999.250 -999.250 -999.250 -999.250 -999.250 -999.250 -999.250 -999.250 -999.250 -999.250 -999.250 -999.250 -999.250 -999.250 -999.250 -999.250 -999.250 -999.250 -999.250 -999.250 -999.250 -999.250 -999.250 -999.250 -999.250 -999.250 -999.250 -999.250 -999.250 9.931 8.661 10.857 9.411 11.704 8.379 8.723 6.987 8.138 7.325 8.914 8.642 8.852 11.671 10.066 11.979 12.079 12.222 15.978 18.966 15.376 18.037 15.943 21.308 21.846 18.602 14.619 13.510 10.622 7.286 4.384 0.000 0.000 0.000 0.000 0.000 0.000 0.000 0.000
-999.250 -999.250 -999.250 -999.250 -999.250 -999.250 -999.250 -999.250 -999.250 -999.250 -999.250 -999.250 -999.250 -999.250 -999.250 -999.250 -999.250 -999.250 -999.250 -999.250 -999.250 -999.250 -999.250 -999.250 -999.250 -999.250 -999.250 -999.250 -999.250 -999.250 -999.250 10.797 7.804 9.343 8.545 8.875 7.850 6.396 6.382 9.600 7.008 8.416 6.853 9.193 10.440 12.927 11.059 13.339 13.332 14.857 16.185 15.453 19.285 19.293 21.543 17.421 14.295 13.873 12.030 5.403 2.310 0.000 0.000 0.000 0.000 0.000 0.000 0.000 0.000
-999.250 -999.250 -999.250 -999.250 -999.250 -999.250 -999.250 -999.250 -999.250 -999.250 -999.250 -999.250 -999.250 -999.250 -999.250 -999.250 -999.250 -999.250 -999.250 -999.250 -999.250 -999.250 -999.250 -999.250 -999.250 -999.250 -999.250 -999.250 -999.250 -999.250 -999.250 8.786 7.926 12.274 9.576 10.278 7.742 9.024 7.428 7.401 6.775 6.121 7.116 6.330 10.977 14.223 14.013 14.058 13.576 18.067 16.662 18.380 23.693 20.473 23.601 22.220 18.464 15.945 12.659 6.179 2.012 0.000 0.000 0.000 0.000 0.000 0.000 0.000 0.000
-999.250 -999.250 -999.250 -999.250 -999.250 -999.250 -999.250 -999.250 -999.250 -999.250 -999.250 -999.250 -999.250 -999.250 -999.250 -999.250 -999.250 -999.250 -999.250 -999.250 -999.250 -999.250 -999.250 -999.250 -999.250 -999.250 -999.250 -999.250 -999.250 -999.250 9.777 9.822 10.327 8.212 10.476 10.360 8.080 7.878 7.326 6.012 4.493 6.505 4.718 8.154 8.856 11.653 12.704 14.088 15.539 18.025 13.335 19.220 20.669 22.517 27.911 25.072 21.822 14.634 11.847 8.165 4.649 0.000 0.000 0.000 0.000 0.000 0.000 0.000 0.000
