data/medianmodel_02-Dec-2020.asc
ncols	141
nrows	288
xllcorner	-120191.398
yllcorner	-301404.813
cellsize	2000.000
NODATA_value	-999.250
[rows 232 to 260 of 288, columns 0 to 63 of 141]
-999.250 -999.250 -999.250 -999.250 -999.250 -999.250 -999.250 -999.250 -999.250 -999.250 -999.250 -999.250 -999.250 -999.250 -999.250 -999.250 -999.250 -999.250 -999.250 -999.250 -999.250 -999.250 -999.250 -999.250 -999.250 -999.250 -999.250 403.770 452.381 453.231 421.197 422.895 407.068 354.914 319.606 297.385 249.389 257.161 251.492 245.848 257.800 232.950 230.961 222.390 206.015 198.551 160.016 153.581 153.724 133.195 126.313 132.634 119.261 113.035 99.859 87.544 89.740 86.936 85.464 83.710 99.958 101.740 123.186 149.481
-999.250 -999.250 -999.250 -999.250 -999.250 -999.250 -999.250 -999.250 -999.250 -999.250 -999.250 -999.250 -999.250 -999.250 -999.250 -999.250 -999.250 -999.250 -999.250 -999.250 -999.250 -999.250 -999.250 -999.250 -999.250 -999.250 -999.250 -999.250 439.780 445.702 451.856 458.325 424.755 389.101 358.755 334.924 316.219 279.458 276.718 281.806 254.635 242.483 225.056 226.802 186.676 191.614 158.052 144.190 149.072 128.383 121.556 124.338 117.373 113.823 83.956 95.344 85.980 79.317 86.514 84.473 92.592 97.178 121.103 145.120
-999.250 -999.250 -999.250 -999.250 -999.250 -999.250 -999.250 -999.250 -999.250 -999.250 -999.250 -999.250 -999.250 -999.250 -999.250 -999.250 -999.250 -999.250 -999.250 -999.250 -999.250 -999.250 -999.250 -999.250 -999.250 -999.250 -999.250 -999.250 -999.250 -999.250 452.380 450.891 436.559 414.247 400.970 353.534 360.295 329.483 297.414 283.528 289.614 246.657 233.119 232.498 225.849 221.230 173.495 179.876 151.245 138.072 145.308 136.897 129.887 105.125 89.309 91.359 90.138 79.639 76.560 78.907 78.739 93.409 125.102 131.566
-999.250 -999.250 -999.250 -999.250 -999.250 -999.250 -999.250 -999.250 -999.250 -999.250 -999.250 -999.250 -999.250 -999.250 -999.250 -999.250 -999.250 -999.250 -999.250 -999.250 -999.250 -999.250 -999.250 -999.250 -999.250 -999.250 -999.250 -999.250 -999.250 -999.250 459.385 456.554 430.379 438.811 407.978 380.998 352.069 364.742 311.384 288.147 279.769 265.518 256.365 235.453 243.271 233.566 197.543 177.737 171.289 172.753 143.309 133.229 126.024 113.306 105.607 91.987 89.225 83.907 75.053 66.346 80.327 89.653 120.960 134.126
-999.250 -999.250 -999.250 -999.250 -999.250 -999.250 -999.250 -999.250 -999.250 -999.250 -999.250 -999.250 -999.250 -999.250 -999.250 -999.250 -999.250 -999.250 -999.250 -999.250 -999.250 -999.250 -999.250 -999.250 -999.250 -999.250 -999.250 -999.250 -999.250 -999.250 446.409 472.041 464.989 422.420 399.645 367.969 365.700 369.527 360.388 327.928 299.113 301.900 296.981 248.899 265.635 239.087 215.021 213.858 189.915 187.476 163.247 150.433 137.393 128.852 114.619 100.842 92.331 86.227 75.100 36.377 74.689 92.399 122.704 125.168
-999.250 -999.250 -999.250 -999.250 -999.250 -999.250 -999.250 -999.250 -999.250 -999.250 -999.250 -999.250 -999.250 -999.250 -999.250 -999.250 -999.250 -999.250 -999.250 -999.250 -999.250 -999.250 -999.250 -999.250 -999.250 -999.250 -999.250 -999.250 -999.250 -999.250 -999.250 470.709 449.071 450.941 405.073 389.383 376.879 369.741 362.899 365.586 353.674 322.483 301.644 290.707 256.224 246.523 237.376 224.408 212.181 193.919 185.615 164.320 157.193 137.685 117.230 117.391 108.743 106.811 84.272 79.458 80.307 105.472 123.421 137.467
-999.250 -999.250 -999.250 -999.250 -999.250 -999.250 -999.250 -999.250 -999.250 -999.250 -999.250 -999.250 -999.250 -999.250 -999.250 -999.250 -999.250 -999.250 -999.250 -999.250 -999.250 -999.250 -999.250 -999.250 -999.250 -999.250 -999.250 -999.250 -999.250 -999.250 472.934 488.343 468.475 460.789 440.002 421.846 405.272 425.112 390.079 431.289 403.517 353.952 323.701 307.412 289.991 281.338 259.924 241.723 230.675 211.476 182.166 157.433 167.450 149.257 135.415 123.114 117.738 123.714 101.666 91.677 105.334 112.617 127.651 158.037
-999.250 -999.250 -999.250 -999.250 -999.250 -999.250 -999.250 -999.250 -999.250 -999.250 -999.250 -999.250 -999.250 -999.250 -999.250 -999.250 -999.250 -999.250 -999.250 -999.250 -999.250 -999.250 -999.250 -999.250 -999.250 -999.250 -999.250 -999.250 -999.250 -999.250 -999.250 483.579 465.643 459.357 436.214 428.685 419.457 427.083 407.293 418.134 391.945 390.099 358.473 340.112 328.819 307.098 303.570 272.993 232.117 223.956 197.943 194.658 173.431 172.896 151.651 147.147 140.327 141.067 124.484 127.400 120.568 132.335 150.777 153.395
-999.250 -999.250 -999.250 -999.250 -999.250 -999.250 -999.250 -999.250 -999.250 -999.250 -999.250 -999.250 -999.250 -999.250 -999.250 -999.250 -999.250 -999.250 -999.250 -999.250 -999.250 -999.250 -999.250 -999.250 -999.250 -999.250 -999.250 -999.250 -999.250 -999.250 538.958 525.637 480.280 515.326 479.540 457.355 434.934 433.361 455.457 432.015 417.028 396.882 403.968 372.893 352.624 347.275 318.540 272.045 238.405 215.469 217.139 205.398 190.409 181.920 153.436 143.078 152.359 153.027 155.476 149.953 141.474 152.075 161.950 175.524
-999.250 -999.250 -999.250 -999.250 -999.250 -999.250 -999.250 -999.250 -999.250 -999.250 -999.250 -999.250 -999.250 -999.250 -999.250 -999.250 -999.250 -999.250 -999.250 -999.250 -999.250 -999.250 -999.250 -999.250 -999.250 -999.250 -999.250 -999.250 -999.250 -999.250 504.147 484.910 481.215 503.469 484.028 473.659 474.384 469.287 476.243 462.185 455.398 405.485 402.497 403.776 362.978 377.374 340.013 293.956 236.048 228.026 229.100 212.969 188.705 193.105 186.830 173.093 182.234 170.087 181.914 161.111 181.103 172.221 181.882 196.144
-999.250 -999.250 -999.250 -999.250 -999.250 -999.250 -999.250 -999.250 -999.250 -999.250 -999.250 -999.250 -999.250 -999.250 -999.250 -999.250 -999.250 -999.250 -999.250 -999.250 -999.250 -999.250 -999.250 -999.250 -999.250 -999.250 -999.250 -999.250 -999.250 -999.250 505.279 481.592 468.085 485.966 487.351 509.829 484.461 477.628 493.684 487.260 458.911 436.964 425.242 405.624 399.656 383.431 343.985 312.565 253.587 236.934 221.950 218.028 200.084 196.822 195.925 176.761 176.896 182.032 177.983 175.943 188.932 198.247 194.693 210.161
-999.250 -999.250 -999.250 -999.250 -999.250 -999.250 -999.250 -999.250 -999.250 -999.250 -999.250 -999.250 -999.250 -999.250 -999.250 -999.250 -999.250 -999.250 -999.250 -999.250 -999.250 -999.250 -999.250 -999.250 -999.250 -999.250 -999.250 -999.250 -999.250 -999.250 485.214 479.390 490.193 478.192 501.147 461.617 501.401 524.593 496.345 483.071 478.811 451.486 458.117 418.023 426.722 396.067 374.252 323.730 251.671 243.675 231.124 234.955 201.507 222.591 194.408 180.265 184.263 183.608 187.705 189.847 196.174 201.113 207.127 216.833
-999.250 -999.250 -999.250 -999.250 -999.250 -999.250 -999.250 -999.250 -999.250 -999.250 -999.250 -999.250 -999.250 -999.250 -999.250 -999.250 -999.250 -999.250 -999.250 -999.250 -999.250 -999.250 -999.250 -999.250 -999.250 -999.250 -999.250 -999.250 -999.250 -999.250 492.532 479.017 480.854 516.630 548.495 511.240 493.830 488.922 512.894 483.713 477.937 469.524 455.836 449.105 440.904 407.672 382.926 360.749 299.633 256.608 235.844 222.080 219.772 207.635 190.244 193.157 184.430 196.425 195.567 195.911 204.226 213.885 214.672 216.663
-999.250 -999.250 -999.250 -999.250 -999.250 -999.250 -999.250 -999.250 -999.250 -999.250 -999.250 -999.250 -999.250 -999.250 -999.250 -999.250 -999.250 -999.250 -999.250 -999.250 -999.250 -999.250 -999.250 -999.250 -999.250 -999.250 -999.250 -999.250 -999.250 -999.250 -999.250 476.749 513.502 544.298 534.092 516.255 507.633 492.678 514.113 535.798 499.846 524.136 473.463 457.313 483.258 423.820 402.823 353.304 297.465 260.748 250.615 233.390 214.795 206.771 199.944 188.571 195.177 197.609 199.118 207.835 207.303 201.468 226.328 231.074
-999.250 -999.250 -999.250 -999.250 -999.250 -999.250 -999.250 -999.250 -999.250 -999.250 -999.250 -999.250 -999.250 -999.250 -999.250 -999.250 -999.250 -999.250 -999.250 -999.250 -999.250 -999.250 -999.250 -999.250 -999.250 -999.250 -999.250 -999.250 -999.250 -999.250 -999.250 470.827 478.649 512.064 511.426 551.744 558.269 542.118 532.593 508.865 524.347 503.136 490.252 472.533 475.567 426.400 399.505 373.103 322.327 291.012 253.691 245.927 228.072 211.913 202.582 188.978 197.252 195.567 202.581 214.000 209.033 214.061 234.849 227.137
-999.250 -999.250 -999.250 -999.250 -999.250 -999.250 -999.250 -999.250 -999.250 -999.250 -999.250 -999.250 -999.250 -999.250 -999.250 -999.250 -999.250 -999.250 -999.250 -999.250 -999.250 -999.250 -999.250 -999.250 -999.250 -999.250 -999.250 -999.250 -999.250 -999.250 447.243 464.603 476.339 508.398 501.516 522.392 551.161 525.890 535.588 508.587 507.624 507.811 496.682 478.734 461.744 450.391 412.834 371.065 331.938 305.498 272.513 243.263 244.453 211.494 192.574 176.960 187.121 179.002 204.037 199.761 211.653 224.465 226.193 238.548
-999.250 -999.250 -999.250 -999.250 -999.250 -999.250 -999.250 -999.250 -999.250 -999.250 -999.250 -999.250 -999.250 -999.250 -999.250 -999.250 -999.250 -999.250 -999.250 -999.250 -999.250 -999.250 -999.250 -999.250 -999.250 -999.250 -999.250 -999.250 -999.250 -999.250 500.682 542.821 485.050 511.657 546.805 545.147 534.820 534.149 554.503 505.141 510.907 548.628 505.728 505.769 468.804 455.505 436.031 389.398 380.971 316.377 286.926 244.837 216.220 216.684 191.146 165.472 164.508 165.696 194.039 195.251 214.122 217.458 227.929 238.316
-999.250 -999.250 -999.250 -999.250 -999.250 -999.250 -999.250 -999.250 -999.250 -999.250 -999.250 -999.250 -999.250 -999.250 -999.250 -999.250 -999.250 -999.250 -999.250 -999.250 -999.250 -999.250 -999.250 -999.250 -999.250 -999.250 -999.250 -999.250 -999.250 -999.250 471.731 493.827 536.918 546.967 561.048 554.647 535.561 542.944 555.968 538.934 565.441 556.552 510.222 522.988 504.734 462.932 385.827 379.950 370.191 325.337 310.114 232.958 219.792 212.497 184.527 130.237 144.992 174.725 193.258 190.278 207.698 222.438 223.789 230.394
-999.250 -999.250 -999.250 -999.250 -999.250 -999.250 -999.250 -999.250 -999.250 -999.250 -999.250 -999.250 -999.250 -999.250 -999.250 -999.250 -999.250 -999.250 -999.250 -999.250 -999.250 -999.250 -999.250 -999.250 -999.250 -999.250 -999.250 -999.250 -999.250 -999.250 484.707 483.419 522.839 543.914 514.928 545.873 534.570 550.858 565.333 555.676 524.667 543.324 561.916 514.665 476.766 444.696 392.296 397.326 379.653 326.955 311.442 234.050 235.151 219.719 192.419 155.738 153.588 180.589 185.863 195.720 211.922 215.982 200.464 201.183
-999.250 -999.250 -999.250 -999.250 -999.250 -999.250 -999.250 -999.250 -999.250 -999.250 -999.250 -999.250 -999.250 -999.250 -999.250 -999.250 -999.250 -999.250 -999.250 -999.250 -999.250 -999.250 -999.250 -999.250 -999.250 -999.250 -999.250 -999.250 -999.250 -999.250 485.777 497.127 552.195 533.366 461.873 523.273 557.841 542.995 523.240 550.229 554.854 535.306 539.712 509.636 479.129 435.095 424.360 387.786 352.700 345.575 334.327 296.085 241.742 227.480 192.346 182.935 183.393 186.475 191.080 202.896 190.118 193.304 199.048 196.256
-999.250 -999.250 -999.250 -999.250 -999.250 -999.250 -999.250 -999.250 -999.250 -999.250 -999.250 -999.250 -999.250 -999.250 -999.250 -999.250 -999.250 -999.250 -999.250 -999.250 -999.250 -999.250 -999.250 -999.250 -999.250 -999.250 -999.250 -999.250 -999.250 459.684 526.593 500.603 542.357 495.385 478.087 512.871 498.950 555.502 529.420 531.278 525.984 560.490 529.348 527.701 487.487 455.155 428.009 417.312 351.608 348.249 326.958 284.538 241.993 229.518 210.798 200.284 179.747 192.731 181.013 195.582 186.337 188.700 195.331 189.155
-999.250 -999.250 -999.250 -999.250 -999.250 -999.250 -999.250 -999.250 -999.250 -999.250 -999.250 -999.250 -999.250 -999.250 -999.250 -999.250 -999.250 -999.250 -999.250 -999.250 -999.250 -999.250 -999.250 -999.250 -999.250 -999.250 -999.250 -999.250 -999.250 -999.250 465.791 500.872 543.479 491.884 502.552 488.207 500.928 541.280 544.141 525.790 527.834 528.346 518.116 507.263 465.929 439.317 405.110 403.242 368.143 351.063 333.885 284.267 266.792 231.879 211.243 209.677 189.062 187.063 182.024 197.635 197.933 193.127 187.212 186.100
-999.250 -999.250 -999.250 -999.250 -999.250 -999.250 -999.250 -999.250 -999.250 -999.250 -999.250 -999.250 -999.250 -999.250 -999.250 -999.250 -999.250 -999.250 -999.250 -999.250 -999.250 -999.250 -999.250 -999.250 -999.250 -999.250 -999.250 -999.250 -999.250 -999.250 436.415 480.450 480.106 493.697 479.477 472.900 490.111 500.758 554.781 547.266 508.185 482.843 488.782 495.300 433.673 407.448 405.979 394.224 362.085 346.905 339.480 272.201 264.494 236.341 211.406 213.027 199.142 190.587 192.348 197.403 194.993 192.802 174.402 173.612
-999.250 -999.250 -999.250 -999.250 -999.250 -999.250 -999.250 -999.250 -999.250 -999.250 -999.250 -999.250 -999.250 -999.250 -999.250 -999.250 -999.250 -999.250 -999.250 -999.250 -999.250 -999.250 -999.250 -999.250 -999.250 -999.250 -999.250 -999.250 -999.250 -999.250 -999.250 448.087 470.885 460.427 451.053 471.416 473.747 504.772 515.208 534.520 494.310 484.593 460.329 463.323 440.212 405.955 406.857 378.610 358.180 350.386 318.215 295.612 256.368 232.485 227.539 220.141 213.513 198.716 189.210 195.638 190.633 177.386 178.186 164.118
-999.250 -999.250 -999.250 -999.250 -999.250 -999.250 -999.250 -999.250 -999.250 -999.250 -999.250 -999.250 -999.250 -999.250 -999.250 -999.250 -999.250 -999.250 -999.250 -999.250 -999.250 -999.250 -999.250 -999.250 -999.250 -999.250 -999.250 -999.250 -999.250 -999.250 -999.250 449.160 462.226 466.068 440.117 457.600 481.514 521.255 519.021 480.970 504.004 468.052 466.482 437.028 418.396 403.335 392.590 372.742 347.452 322.435 321.965 285.121 254.676 244.811 229.207 222.689 208.844 198.202 198.647 186.551 170.016 174.529 157.136 155.260
-999.250 -999.250 -999.250 -999.250 -999.250 -999.250 -999.250 -999.250 -999.250 -999.250 -999.250 -999.250 -999.250 -999.250 -999.250 -999.250 -999.250 -999.250 -999.250 -999.250 -999.250 -999.250 -999.250 -999.250 -999.250 -999.250 -999.250 -999.250 -999.250 -999.250 414.979 445.614 406.040 429.935 440.955 459.739 474.065 507.855 486.133 480.579 484.192 462.732 443.000 415.854 433.335 398.119 383.064 351.360 339.939 297.030 277.578 284.365 258.719 260.896 234.241 230.444 202.395 216.954 204.185 189.939 192.421 164.598 151.812 132.915
-999.250 -999.250 -999.250 -999.250 -999.250 -999.250 -999.250 -999.250 -999.250 -999.250 -999.250 -999.250 -999.250 -999.250 -999.250 -999.250 -999.250 -999.250 -999.250 -999.250 -999.250 -999.250 -999.250 -999.250 -999.250 -999.250 -999.250 -999.250 -999.250 -999.250 379.618 420.336 421.415 438.315 438.420 469.121 475.525 494.019 460.475 443.784 468.762 447.617 435.849 418.153 414.289 362.055 373.839 355.054 313.462 268.844 279.498 241.893 248.170 246.029 228.474 225.595 205.339 205.070 199.432 190.122 191.712 173.904 153.798 139.489
-999.250 -999.250 -999.250 -999.250 -999.250 -999.250 -999.250 -999.250 -999.250 -999.250 -999.250 -999.250 -999.250 -999.250 -999.250 -999.250 -999.250 -999.250 -999.250 -999.250 -999.250 -999.250 -999.250 -999.250 -999.250 -999.250 -999.250 -999.250 -999.250 -999.250 354.419 362.025 399.503 428.473 453.977 474.156 476.176 476.492 455.118 462.029 448.548 407.941 373.379 378.375 392.553 357.705 353.062 331.591 311.725 276.361 251.486 233.333 239.758 262.054 235.100 218.497 215.158 208.040 189.189 187.946 195.413 188.223 150.971 157.156
-999.250 -999.250 -999.250 -999.250 -999.250 -999.250 -999.250 -999.250 -999.250 -999.250 -999.250 -999.250 -999.250 -999.250 -999.250 -999.250 -999.250 -999.250 -999.250 -999.250 -999.250 -999.250 -999.250 -999.250 -999.250 -999.250 -999.250 -999.250 -999.250 -999.250 348.078 346.514 376.980 435.818 415.466 425.835 438.800 431.501 424.619 413.774 420.526 412.546 360.528 378.878 372.458 359.930 354.106 321.384 297.704 260.303 264.062 254.756 254.372 231.858 218.106 215.263 215.593 196.527 183.711 191.799 188.096 186.321 185.258 159.891
