data/medianmodel_20-Oct-2020.asc
ncols	141
nrows	288
xllcorner	-120191.398
yllcorner	-301404.813
cellsize	2000.000
NODATA_value	-999.250
[rows 240 to 269 of 288, columns 0 to 66 of 141]
-999.250 -999.250 -999.250 -999.250 -999.250 -999.250 -999.250 -999.250 -999.250 -999.250 -999.250 -999.250 -999.250 -999.250 -999.250 -999.250 -999.250 -999.250 -999.250 -999.250 -999.250 -999.250 -999.250 -999.250 -999.250 -999.250 -999.250 -999.250 -999.250 -999.250 86.310 90.469 82.748 68.868 78.613 73.760 80.270 78.607 76.001 77.427 80.725 76.068 72.756 73.010 76.582 69.088 68.845 68.047 64.790 57.418 61.524 58.416 43.908 42.295 43.065 34.177 33.462 24.442 25.762 28.049 30.972 36.697 50.877 64.997 65.577 72.976 101.199
-999.250 -999.250 -999.250 -999.250 -999.250 -999.250 -999.250 -999.250 -999.250 -999.250 -999.250 -999.250 -999.250 -999.250 -999.250 -999.250 -999.250 -999.250 -999.250 -999.250 -999.250 -999.250 -999.250 -999.250 -999.250 -999.250 -999.250 -999.250 -999.250 -999.250 79.077 74.507 81.459 74.601 74.927 81.273 95.854 75.171 72.730 81.424 70.753 80.058 76.438 81.491 77.913 72.406 69.524 67.292 58.439 57.086 51.423 50.234 42.812 32.958 34.838 36.439 34.170 29.981 25.962 26.178 35.118 36.582 46.779 49.193 64.741 71.671 84.482
-999.250 -999.250 -999.250 -999.250 -999.250 -999.250 -999.250 -999.250 -999.250 -999.250 -999.250 -999.250 -999.250 -999.250 -999.250 -999.250 -999.250 -999.250 -999.250 -999.250 -999.250 -999.250 -999.250 -999.250 -999.250 -999.250 -999.250 -999.250 -999.250 -999.250 82.078 80.439 73.514 66.746 77.512 88.668 85.043 82.948 90.481 81.513 82.674 86.818 89.095 89.388 89.436 86.263 71.950 65.545 66.156 63.663 56.810 46.726 44.346 35.910 29.473 22.810 26.477 23.538 27.227 29.188 31.846 26.901 32.202 49.653 63.453 73.089 73.217
-999.250 -999.250 -999.250 -999.250 -999.250 -999.250 -999.250 -999.250 -999.250 -999.250 -999.250 -999.250 -999.250 -999.250 -999.250 -999.250 -999.250 -999.250 -999.250 -999.250 -999.250 -999.250 -999.250 -999.250 -999.250 -999.250 -999.250 -999.250 -999.250 -999.250 74.622 72.098 73.283 70.767 77.503 77.738 91.131 86.335 96.218 101.511 112.675 111.281 103.521 95.584 88.577 76.262 78.974 67.204 68.791 48.085 40.592 44.651 40.689 36.186 32.721 24.997 25.236 21.441 21.483 25.883 23.609 20.789 32.726 42.427 59.253 73.150 74.257
-999.250 -999.250 -999.250 -999.250 -999.250 -999.250 -999.250 -999.250 -999.250 -999.250 -999.250 -999.250 -999.250 -999.250 -999.250 -999.250 -999.250 -999.250 -999.250 -999.250 -999.250 -999.250 -999.250 -999.250 -999.250 -999.250 -999.250 -999.250 -999.250 -999.250 69.175 86.754 93.251 81.732 80.046 85.055 77.626 102.456 103.776 105.308 111.978 112.817 107.073 107.611 100.631 81.720 80.758 73.655 58.956 43.557 43.170 44.909 41.329 34.164 25.305 21.108 23.920 23.571 26.581 17.882 18.503 19.121 33.034 39.827 62.939 63.305 81.124
-999.250 -999.250 -999.250 -999.250 -999.250 -999.250 -999.250 -999.250 -999.250 -999.250 -999.250 -999.250 -999.250 -999.250 -999.250 -999.250 -999.250 -999.250 -999.250 -999.250 -999.250 -999.250 -999.250 -999.250 -999.250 -999.250 -999.250 -999.250 -999.250 -999.250 -999.250 75.941 96.447 86.461 91.105 88.716 94.871 96.014 103.144 110.777 143.125 122.910 115.668 112.125 90.952 83.205 81.231 74.211 62.780 51.697 52.404 44.933 32.574 30.633 24.017 20.642 18.509 19.216 21.862 16.790 14.050 14.391 29.140 46.140 56.264 67.781 66.693
-999.250 -999.250 -999.250 -999.250 -999.250 -999.250 -999.250 -999.250 -999.250 -999.250 -999.250 -999.250 -999.250 -999.250 -999.250 -999.250 -999.250 -999.250 -999.250 -999.250 -999.250 -999.250 -999.250 -999.250 -999.250 -999.250 -999.250 -999.250 -999.250 -999.250 -999.250 77.837 80.194 88.446 107.349 108.574 103.519 105.013 111.733 120.083 111.740 119.912 115.417 99.464 90.415 80.242 81.642 68.506 52.820 47.892 47.506 46.141 31.039 27.532 20.157 18.892 14.717 13.972 17.701 17.939 17.695 24.102 34.493 38.375 57.211 64.022 77.178
-999.250 -999.250 -999.250 -999.250 -999.250 -999.250 -999.250 -999.250 -999.250 -999.250 -999.250 -999.250 -999.250 -999.250 -999.250 -999.250 -999.250 -999.250 -999.250 -999.250 -999.250 -999.250 -999.250 -999.250 -999.250 -999.250 -999.250 -999.250 -999.250 -999.250 72.629 93.422 100.156 103.160 99.047 111.541 114.680 121.823 140.021 137.469 131.118 123.290 112.501 91.942 92.882 91.542 73.616 62.890 56.669 54.431 51.311 43.156 34.478 20.813 20.610 12.586 9.646 14.034 13.059 17.173 19.171 28.627 40.362 47.640 59.257 67.047 84.930
-999.250 -999.250 -999.250 -999.250 -999.250 -999.250 -999.250 -999.250 -999.250 -999.250 -999.250 -999.250 -999.250 -999.250 -999.250 -999.250 -999.250 -999.250 -999.250 -999.250 -999.250 -999.250 -999.250 -999.250 -999.250 -999.250 -999.250 -999.250 -999.250 -999.250 82.246 98.337 116.305 124.917 110.271 132.344 131.030 147.569 142.743 134.781 128.890 125.954 118.877 106.974 99.083 92.038 83.060 72.917 68.336 54.023 42.858 34.984 32.459 18.671 14.284 4.048 9.527 8.809 14.098 17.205 23.513 27.573 32.853 45.494 47.829 63.856 74.384
-999.250 -999.250 -999.250 -999.250 -999.250 -999.250 -999.250 -999.250 -999.250 -999.250 -999.250 -999.250 -999.250 -999.250 -999.250 -999.250 -999.250 -999.250 -999.250 -999.250 -999.250 -999.250 -999.250 -999.250 -999.250 -999.250 -999.250 -999.250 -999.250 -999.250 86.436 92.620 108.465 116.936 136.691 116.804 134.279 151.976 148.600 140.977 130.910 121.266 122.212 100.670 97.851 91.272 94.112 81.693 67.750 66.245 47.109 45.183 31.194 22.768 14.876 0.000 8.509 13.035 16.740 19.769 27.961 33.924 35.844 37.578 46.626 57.309 63.804
-999.250 -999.250 -999.250 -999.250 -999.250 -999.250 -999.250 -999.250 -999.250 -999.250 -999.250 -999.250 -999.250 -999.250 -999.250 -999.250 -999.250 -999.250 -999.250 -999.250 -999.250 -999.250 -999.250 -999.250 -999.250 -999.250 -999.250 -999.250 -999.250 -999.250 70.574 97.256 105.409 107.180 115.200 106.337 123.007 134.737 151.750 157.747 141.840 116.530 119.616 101.686 96.810 89.421 82.139 77.077 69.633 65.113 57.543 48.185 38.307 28.298 14.131 8.906 15.356 17.555 22.522 22.327 25.488 31.877 33.636 39.902 46.309 56.740 64.806
-999.250 -999.250 -999.250 -999.250 -999.250 -999.250 -999.250 -999.250 -999.250 -999.250 -999.250 -999.250 -999.250 -999.250 -999.250 -999.250 -999.250 -999.250 -999.250 -999.250 -999.250 -999.250 -999.250 -999.250 -999.250 -999.250 -999.250 -999.250 -999.250 -999.250 75.047 77.682 90.892 82.657 96.689 111.665 104.834 138.594 130.120 153.740 143.345 135.422 114.208 115.741 99.939 84.825 80.709 80.388 69.058 54.821 54.702 55.321 46.861 33.953 23.701 18.448 22.847 24.437 27.248 27.239 22.470 27.276 36.467 36.006 47.083 52.837 50.123
-999.250 -999.250 -999.250 -999.250 -999.250 -999.250 -999.250 -999.250 -999.250 -999.250 -999.250 -999.250 -999.250 -999.250 -999.250 -999.250 -999.250 -999.250 -999.250 -999.250 -999.250 -999.250 -999.250 -999.250 -999.250 -999.250 -999.250 -999.250 -999.250 76.840 85.180 77.283 77.220 90.373 108.909 108.037 104.055 128.085 139.134 139.266 137.160 124.638 122.217 116.732 91.937 86.118 69.819 87.587 67.468 64.784 62.955 55.439 45.863 41.165 29.188 27.722 26.093 31.725 30.582 26.820 29.850 35.889 38.108 40.641 43.445 55.670 62.866
-999.250 -999.250 -999.250 -999.250 -999.250 -999.250 -999.250 -999.250 -999.250 -999.250 -999.250 -999.250 -999.250 -999.250 -999.250 -999.250 -999.250 -999.250 -999.250 -999.250 -999.250 -999.250 -999.250 -999.250 -999.250 -999.250 -999.250 -999.250 -999.250 -999.250 79.109 79.953 74.850 73.724 106.360 102.116 115.308 133.267 145.259 126.981 131.828 128.952 126.213 122.501 95.274 80.450 74.960 81.997 77.390 65.801 59.544 51.897 47.116 36.204 35.394 30.916 29.301 30.700 35.768 35.162 32.576 40.379 38.111 45.671 42.649 51.867 57.604
-999.250 -999.250 -999.250 -999.250 -999.250 -999.250 -999.250 -999.250 -999.250 -999.250 -999.250 -999.250 -999.250 -999.250 -999.250 -999.250 -999.250 -999.250 -999.250 -999.250 -999.250 -999.250 -999.250 -999.250 -999.250 -999.250 -999.250 -999.250 -999.250 -999.250 72.507 85.916 86.284 95.462 94.558 94.986 114.858 104.962 129.718 121.838 119.212 120.638 124.329 125.769 105.351 93.273 89.187 81.933 72.393 60.443 58.926 50.425 52.592 52.409 43.069 37.018 32.267 32.680 37.698 37.833 32.192 30.207 34.726 31.069 35.382 42.641 53.308
-999.250 -999.250 -999.250 -999.250 -999.250 -999.250 -999.250 -999.250 -999.250 -999.250 -999.250 -999.250 -999.250 -999.250 -999.250 -999.250 -999.250 -999.250 -999.250 -999.250 -999.250 -999.250 -999.250 -999.250 -999.250 -999.250 -999.250 -999.250 -999.250 -999.250 -999.250 78.129 83.567 93.039 92.269 98.499 103.855 111.545 129.794 131.112 115.801 124.527 139.880 128.551 104.470 86.937 94.605 84.228 73.849 68.302 67.110 63.045 61.137 50.996 43.734 36.847 42.020 43.350 38.037 30.472 35.503 34.259 38.637 40.455 31.327 35.919 48.649
-999.250 -999.250 -999.250 -999.250 -999.250 -999.250 -999.250 -999.250 -999.250 -999.250 -999.250 -999.250 -999.250 -999.250 -999.250 -999.250 -999.250 -999.250 -999.250 -999.250 -999.250 -999.250 -999.250 -999.250 -999.250 -999.250 -999.250 -999.250 -999.250 -999.250 -999.250 81.696 89.132 85.812 92.131 107.223 110.681 110.642 121.844 116.958 102.837 111.118 145.232 137.057 103.887 86.316 93.086 93.347 79.418 71.646 69.249 63.646 52.109 51.335 54.160 52.527 49.527 46.615 35.138 31.611 30.787 34.681 30.968 31.305 20.933 30.534 38.283
-999.250 -999.250 -999.250 -999.250 -999.250 -999.250 -999.250 -999.250 -999.250 -999.250 -999.250 -999.250 -999.250 -999.250 -999.250 -999.250 -999.250 -999.250 -999.250 -999.250 -999.250 -999.250 -999.250 -999.250 -999.250 -999.250 -999.250 -999.250 -999.250 -999.250 72.666 76.623 91.397 97.933 89.060 95.695 103.322 101.772 104.484 101.442 107.039 116.545 107.429 105.712 115.281 93.131 85.952 83.270 75.838 65.116 68.039 62.119 63.501 52.090 54.630 49.778 51.303 43.652 40.494 33.336 27.075 34.832 29.387 23.580 14.870 30.840 47.213
-999.250 -999.250 -999.250 -999.250 -999.250 -999.250 -999.250 -999.250 -999.250 -999.250 -999.250 -999.250 -999.250 -999.250 -999.250 -999.250 -999.250 -999.250 -999.250 -999.250 -999.250 -999.250 -999.250 -999.250 -999.250 -999.250 -999.250 -999.250 -999.250 -999.250 76.265 85.722 81.025 90.977 99.925 97.572 103.751 102.172 96.419 91.186 93.713 86.845 92.709 107.409 96.824 86.113 79.287 72.379 64.101 69.503 64.690 67.920 66.555 60.008 46.962 49.232 43.215 42.182 39.587 43.339 39.548 36.857 30.309 28.582 31.379 32.119 40.811
-999.250 -999.250 -999.250 -999.250 -999.250 -999.250 -999.250 -999.250 -999.250 -999.250 -999.250 -999.250 -999.250 -999.250 -999.250 -999.250 -999.250 -999.250 -999.250 -999.250 -999.250 -999.250 -999.250 -999.250 -999.250 -999.250 -999.250 -999.250 -999.250 -999.250 61.916 88.168 84.219 84.069 89.272 84.300 100.649 79.652 75.893 73.955 82.145 83.382 78.804 85.238 85.631 88.715 84.417 67.090 73.059 57.351 68.808 64.900 65.318 57.053 64.601 49.633 47.311 45.199 39.725 49.810 43.487 35.705 34.707 30.867 37.853 39.698 48.040
-999.250 -999.250 -999.250 -999.250 -999.250 -999.250 -999.250 -999.250 -999.250 -999.250 -999.250 -999.250 -999.250 -999.250 -999.250 -999.250 -999.250 -999.250 -999.250 -999.250 -999.250 -999.250 -999.250 -999.250 -999.250 -999.250 -999.250 -999.250 -999.250 -999.250 59.503 78.984 74.156 77.637 84.197 84.494 82.221 66.460 74.388 74.364 75.772 82.726 72.662 66.528 71.420 83.543 79.388 69.191 61.574 61.656 68.272 68.454 67.568 57.475 63.448 51.636 53.824 52.578 48.809 45.296 44.538 41.433 35.340 45.621 47.278 47.760 57.483
-999.250 -999.250 -999.250 -999.250 -999.250 -999.250 -999.250 -999.250 -999.250 -999.250 -999.250 -999.250 -999.250 -999.250 -999.250 -999.250 -999.250 -999.250 -999.250 -999.250 -999.250 -999.250 -999.250 -999.250 -999.250 -999.250 -999.250 -999.250 -999.250 -999.250 58.069 65.588 73.488 75.192 68.837 73.757 71.906 70.662 64.440 72.257 75.060 68.550 72.143 69.347 78.471 80.357 77.208 64.753 65.984 66.428 67.072 66.042 64.026 57.168 54.194 51.903 57.355 61.004 58.072 58.354 55.331 41.844 45.143 54.977 59.629 56.959 58.391
-999.250 -999.250 -999.250 -999.250 -999.250 -999.250 -999.250 -999.250 -999.250 -999.250 -999.250 -999.250 -999.250 -999.250 -999.250 -999.250 -999.250 -999.250 -999.250 -999.250 -999.250 -999.250 -999.250 -999.250 -999.250 -999.250 -999.250 -999.250 -999.250 -999.250 58.421 61.410 64.286 62.836 66.820 66.268 75.877 66.596 68.139 71.051 67.134 73.958 62.156 64.107 72.396 68.056 69.933 69.045 66.536 63.029 60.888 66.296 58.971 70.236 59.485 59.348 60.469 58.119 53.940 53.077 53.525 57.132 56.646 58.336 56.448 59.762 74.085
-999.250 -999.250 -999.250 -999.250 -999.250 -999.250 -999.250 -999.250 -999.250 -999.250 -999.250 -999.250 -999.250 -999.250 -999.250 -999.250 -999.250 -999.250 -999.250 -999.250 -999.250 -999.250 -999.250 -999.250 -999.250 -999.250 -999.250 -999.250 -999.250 60.716 52.365 53.833 58.470 59.628 60.524 62.597 62.267 60.849 67.274 66.350 56.054 65.561 55.077 64.526 63.197 66.138 70.478 65.754 57.942 59.640 66.525 64.389 67.550 59.442 70.988 61.535 55.505 58.543 52.068 57.501 56.029 62.445 71.183 60.964 64.195 65.436 82.546
-999.250 -999.250 -999.250 -999.250 -999.250 -999.250 -999.250 -999.250 -999.250 -999.250 -999.250 -999.250 -999.250 -999.250 -999.250 -999.250 -999.250 -999.250 -999.250 -999.250 -999.250 -999.250 -999.250 -999.250 -999.250 -999.250 -999.250 -999.250 -999.250 57.814 55.394 47.281 55.611 56.595 53.872 55.186 56.073 64.177 62.990 59.009 57.982 54.472 48.904 51.202 61.993 66.417 68.230 63.186 61.009 64.088 64.493 61.926 58.562 58.250 64.336 63.942 59.948 59.484 64.180 60.761 73.528 66.732 71.956 59.939 65.844 72.716 84.554
-999.250 -999.250 -999.250 -999.250 -999.250 -999.250 -999.250 -999.250 -999.250 -999.250 -999.250 -999.250 -999.250 -999.250 -999.250 -999.250 -999.250 -999.250 -999.250 -999.250 -999.250 -999.250 -999.250 -999.250 -999.250 -999.250 -999.250 -999.250 56.391 58.427 47.270 41.627 50.403 46.401 38.166 54.162 49.064 56.915 57.347 58.390 46.916 49.363 50.720 53.576 65.946 65.398 67.105 61.204 62.391 65.414 64.825 60.666 66.494 69.171 67.025 64.359 60.097 64.621 65.295 61.609 64.139 66.486 64.081 67.285 72.008 70.745 73.304
-999.250 -999.250 -999.250 -999.250 -999.250 -999.250 -999.250 -999.250 -999.250 -999.250 -999.250 -999.250 -999.250 -999.250 -999.250 -999.250 -999.250 -999.250 -999.250 -999.250 -999.250 -999.250 -999.250 -999.250 -999.250 -999.250 -999.250 -999.250 54.136 47.839 37.626 34.433 34.382 43.311 45.406 51.184 53.958 43.271 49.862 50.706 42.408 47.252 49.740 53.077 64.100 69.599 71.638 74.065 72.512 61.626 63.478 67.670 74.052 80.711 72.330 56.578 63.194 64.656 57.654 71.171 71.117 75.499 75.248 80.094 82.354 84.440 84.215
-999.250 -999.250 -999.250 -999.250 -999.250 -999.250 -999.250 -999.250 -999.250 -999.250 -999.250 -999.250 -999.250 -999.250 -999.250 -999.250 -999.250 -999.250 -999.250 -999.250 -999.250 -999.250 -999.250 -999.250 -999.250 -999.250 -999.250 45.462 47.061 38.484 28.374 25.830 31.182 32.856 41.021 49.542 48.634 39.517 46.759 42.749 39.393 41.767 53.324 58.350 56.043 58.047 58.836 64.492 70.575 60.651 65.368 68.816 71.259 74.708 74.222 70.266 65.483 71.736 68.625 75.275 76.971 70.876 72.660 80.888 91.015 90.022 103.479
-999.250 -999.250 -999.250 -999.250 -999.250 -999.250 -999.250 -999.250 -999.250 -999.250 -999.250 -999.250 -999.250 -999.250 -999.250 -999.250 -999.250 -999.250 -999.250 -999.250 -999.250 -999.250 -999.250 -999.250 -999.250 -999.250 -999.250 53.469 45.071 34.153 17.876 26.397 30.396 37.921 38.059 47.309 48.416 50.473 47.593 45.270 45.764 50.085 57.260 62.481 68.154 53.463 57.545 60.169 57.663 62.672 58.554 64.907 61.412 67.470 70.323 81.008 70.828 63.575 76.507 87.593 80.080 82.525 80.950 94.576 101.591 96.330 103.699
-999.250 -999.250 -999.250 -999.250 -999.250 -999.250 -999.250 -999.250 -999.250 -999.250 -999.250 -999.250 -999.250 -999.250 -999.250 -999.250 -999.250 -999.250 -999.250 -999.250 -999.250 -999.250 -999.250 -999.250 -999.250 -999.250 -999.250 61.849 46.005 39.032 35.748 34.278 45.398 47.644 48.872 48.943 55.126 53.928 56.800 52.842 60.664 53.089 53.806 60.839 68.721 63.656 64.670 58.915 49.858 59.552 59.207 75.646 72.892 68.927 71.683 68.166 74.500 68.926 74.483 91.767 94.101 94.796 83.181 102.722 88.175 96.925 98.069
