data/medianmodel_15-Apr-2020.asc
ncols	141
nrows	288
xllcorner	-120191.398
yllcorner	-301404.813
cellsize	2000.000
NODATA_value	-999.250
[rows 30 to 59 of 288, columns 68 to 135 of 141]
44.754 38.090 35.977 30.740 26.887 28.569 22.983 18.797 17.215 15.446 12.861 8.813 9.672 9.154 9.830 10.669 11.968 14.893 14.211 14.555 15.926 15.659 16.375 16.114 15.803 9.600 12.985 17.358 19.114 22.168 24.643 32.611 30.334 36.647 41.967 43.152 48.408 45.972 57.991 67.429 65.643 67.823 71.595 67.562 74.913 82.378 84.131 80.007 101.591 112.042 145.753 113.617 129.783 124.119 126.723 130.986 116.593 126.965 115.577 124.285 117.901 94.859 91.496 65.732 78.263 72.390 59.756 59.671
43.226 38.315 40.425 33.877 31.025 26.877 25.945 22.654 18.992 16.037 13.369 9.419 11.727 12.563 11.867 13.095 12.437 15.681 15.546 19.040 18.652 18.150 17.778 16.050 16.521 14.607 15.574 18.745 21.561 21.620 31.252 28.649 29.405 34.334 37.702 44.163 44.736 46.213 50.822 58.532 64.168 64.454 67.444 74.002 73.638 86.362 82.251 80.858 89.630 116.044 120.061 109.176 102.993 115.967 91.493 108.377 100.581 117.338 100.086 124.530 108.448 92.936 76.635 67.593 70.557 55.975 51.434 48.826
41.255 32.553 38.509 37.492 30.442 31.336 23.687 21.894 17.695 16.414 12.029 8.516 11.003 13.298 10.491 10.081 14.871 17.836 20.363 17.812 20.316 17.406 20.251 16.998 19.435 14.910 19.875 22.044 24.317 24.797 27.340 30.772 35.814 33.774 41.330 44.111 44.336 43.864 47.017 52.378 57.401 59.280 60.893 78.122 68.920 77.570 85.825 76.823 83.641 92.836 101.755 90.088 116.220 91.514 91.634 95.991 88.718 94.720 118.256 87.543 98.214 77.548 68.389 59.550 68.441 56.428 49.047 41.871
39.785 36.051 38.151 35.996 36.012 32.872 28.017 22.123 19.350 14.897 11.786 10.531 9.403 6.901 10.407 13.176 15.669 17.312 20.788 21.690 19.249 23.524 22.574 21.525 19.193 19.592 19.800 21.486 22.070 23.169 29.270 31.217 34.174 35.376 36.179 39.442 43.756 42.058 44.219 57.408 62.001 56.175 58.046 68.123 69.173 72.313 76.916 76.153 78.828 78.078 97.002 95.122 97.127 89.316 104.207 79.111 88.351 93.129 96.303 85.305 80.676 69.631 65.109 52.940 57.978 49.619 44.703 43.536
40.967 36.730 34.288 38.597 36.861 33.245 29.791 24.716 19.505 16.602 12.787 11.571 4.719 1.709 4.528 13.307 16.854 20.742 26.434 29.433 29.195 25.057 23.554 25.695 20.585 20.931 20.479 21.758 23.489 26.720 30.277 31.705 32.793 38.560 39.363 40.014 39.463 38.574 43.955 53.191 56.827 55.276 61.684 55.529 63.188 68.841 70.614 70.045 71.925 81.500 100.187 93.451 84.260 81.899 83.136 76.778 72.098 85.380 79.387 77.088 68.592 56.155 51.194 56.679 46.569 49.065 48.847 45.185
39.734 31.852 33.048 37.859 33.367 31.976 30.330 28.663 23.583 17.823 15.897 13.420 9.393 0.000 7.398 13.407 20.586 25.326 34.097 36.228 36.393 30.765 26.002 27.288 25.090 23.339 23.792 24.896 26.090 30.007 27.672 33.484 31.696 30.370 37.144 38.881 40.282 46.407 51.903 49.365 52.072 53.407 53.975 49.819 52.508 55.653 67.097 65.876 68.555 69.954 77.084 86.215 80.333 79.679 71.174 69.677 72.593 69.991 67.746 58.213 57.100 51.194 57.333 45.870 45.411 45.880 43.924 42.495
34.978 38.536 33.975 34.855 29.293 31.564 30.873 27.163 22.666 20.595 20.444 16.806 14.079 11.694 16.064 19.892 23.900 27.897 37.760 40.533 40.661 33.936 26.284 27.732 30.102 26.345 25.442 25.262 28.402 27.803 28.241 32.178 30.599 31.604 29.098 41.875 42.691 43.893 45.005 47.203 47.844 51.286 50.749 49.690 47.239 50.663 62.513 64.313 56.479 58.120 62.822 74.058 72.185 66.701 71.895 64.183 79.191 70.500 58.366 62.378 60.626 47.433 48.020 51.855 43.099 44.460 38.408 36.002
33.110 29.103 34.021 33.794 31.010 27.924 30.084 27.772 25.444 20.613 21.487 20.043 22.011 22.483 23.632 26.908 30.159 33.896 39.150 42.466 38.214 38.721 35.226 29.496 30.697 26.250 21.403 22.732 25.019 23.740 23.803 24.743 23.222 28.193 29.690 33.166 36.293 43.588 44.704 41.780 42.724 40.381 45.158 44.752 41.342 45.424 48.560 45.928 48.209 60.557 55.613 59.729 66.386 57.322 55.049 59.560 60.440 62.031 63.434 63.691 58.317 56.249 44.773 49.902 39.938 34.991 36.748 35.856
28.894 30.701 32.732 34.731 31.063 28.184 28.076 26.191 27.668 22.788 23.572 25.572 24.792 28.525 31.191 34.979 39.433 38.494 42.338 45.555 49.283 42.365 35.856 34.120 26.882 24.697 20.958 22.681 20.813 20.608 18.971 20.182 19.285 21.306 25.254 27.036 29.106 31.235 37.096 37.422 40.578 39.961 37.526 38.646 39.253 42.879 43.779 43.777 49.036 45.460 57.421 49.980 54.447 52.644 60.645 54.593 60.025 61.211 66.751 60.228 50.011 47.579 38.640 38.250 41.400 35.572 34.220 35.066
32.335 28.301 31.111 31.257 34.229 31.846 33.325 30.721 27.998 25.262 23.936 28.093 29.525 29.533 36.279 36.241 43.085 42.163 43.705 50.233 46.170 43.789 37.234 33.441 25.927 19.994 16.900 13.835 14.558 15.452 14.237 15.785 17.753 19.029 19.870 19.944 21.621 24.209 33.248 27.628 33.909 34.980 35.318 39.805 36.410 36.822 40.716 43.847 41.906 42.789 52.456 43.315 52.767 53.183 52.908 48.409 49.709 54.534 54.450 61.271 49.650 50.204 38.054 35.281 34.981 30.549 37.662 30.758
27.532 29.336 29.694 37.910 37.669 35.315 31.269 29.735 29.672 30.111 30.552 31.882 31.899 34.483 35.670 35.958 43.335 42.193 48.713 48.600 54.915 41.928 34.059 28.410 21.126 17.982 13.366 12.109 13.323 9.689 8.614 13.576 14.729 14.863 17.189 15.289 17.785 21.719 24.556 26.064 25.748 27.903 27.566 30.188 35.671 30.788 36.151 36.741 40.357 45.252 45.314 46.788 54.798 45.868 42.435 45.356 47.409 49.583 53.899 50.565 50.053 46.832 39.473 37.105 34.740 33.540 33.224 -999.250
27.321 28.088 29.993 35.648 38.741 33.868 34.871 34.823 37.970 32.213 32.017 36.056 36.327 39.942 37.029 38.584 41.457 42.650 41.948 40.051 40.739 32.652 28.598 23.198 18.558 13.348 10.322 5.741 3.149 5.227 6.206 5.559 12.162 13.334 11.962 12.762 13.909 17.675 18.229 22.234 24.332 25.021 25.147 24.694 23.606 26.947 25.492 32.949 35.078 40.653 45.453 39.721 40.332 38.905 48.231 48.629 46.998 45.567 49.811 47.165 45.921 38.121 39.841 36.579 35.444 29.744 31.217 27.284
34.804 34.336 31.116 35.645 36.747 35.236 32.944 32.413 35.322 34.773 37.273 35.610 38.734 33.578 34.333 38.610 36.558 39.010 39.074 35.765 30.811 25.147 21.822 18.149 14.026 8.426 5.984 1.254 2.282 1.129 1.782 8.099 9.260 10.554 13.018 13.175 15.563 17.673 19.098 20.984 20.917 20.466 22.400 21.879 22.609 26.674 21.937 24.452 28.439 32.639 33.662 39.987 40.901 44.483 47.355 51.933 52.855 45.650 51.008 50.345 44.483 44.838 42.478 38.989 -999.250 -999.250 -999.250 -999.250
36.060 37.536 32.333 32.594 31.995 36.868 35.290 35.954 38.607 39.728 42.219 41.672 40.802 40.213 33.708 34.504 33.674 33.929 29.252 26.589 21.933 17.614 16.412 12.807 7.634 3.612 1.472 0.000 0.907 5.175 8.357 11.897 13.411 15.648 15.870 17.382 16.348 18.914 20.876 22.675 22.425 21.978 22.078 21.439 18.655 18.555 18.953 18.477 18.802 24.227 27.898 28.342 32.933 41.050 44.341 50.795 44.773 45.248 43.626 46.507 45.083 39.948 39.689 41.444 39.853 -999.250 -999.250 -999.250
37.517 36.913 31.916 33.179 29.774 33.565 38.905 36.803 37.986 41.646 37.922 34.405 36.757 36.920 32.678 30.471 26.435 23.808 20.487 19.261 15.660 14.147 9.983 8.624 0.765 0.000 0.000 0.000 1.626 9.852 13.380 17.289 21.283 21.129 22.114 20.025 24.069 24.159 23.925 25.359 24.124 21.621 20.804 19.904 19.092 17.260 15.267 15.919 13.972 16.488 21.670 23.253 28.488 33.400 38.757 38.944 40.050 46.664 44.587 46.493 49.113 43.607 40.667 -999.250 -999.250 -999.250 -999.250 -999.250
34.399 36.347 31.126 27.343 28.166 34.959 34.037 39.950 43.861 44.161 40.724 37.541 29.367 29.355 24.170 21.925 21.422 18.077 16.468 13.989 12.609 9.842 6.846 1.002 0.000 0.000 0.000 0.354 7.449 16.602 19.278 23.514 27.248 34.658 34.850 40.352 36.968 34.423 34.388 37.622 29.408 26.278 25.788 19.307 15.409 14.944 12.918 12.479 13.004 12.930 16.884 20.549 23.832 25.937 36.133 37.621 36.937 41.739 46.100 42.869 45.781 39.659 43.490 -999.250 -999.250 -999.250 -999.250 -999.250
31.755 29.562 27.698 28.276 30.009 26.586 32.396 38.162 48.036 45.304 40.714 33.383 29.149 22.283 18.642 15.040 14.173 13.599 13.373 8.767 6.816 3.857 0.042 0.000 0.000 0.000 0.000 3.912 15.225 24.134 32.680 36.466 43.097 47.949 49.525 59.873 57.359 51.344 46.702 44.788 43.615 34.117 23.997 21.980 16.796 17.033 12.385 10.825 11.402 12.067 12.356 15.556 19.542 24.023 27.197 33.014 33.185 39.214 37.587 35.492 38.500 38.524 -999.250 -999.250 -999.250 -999.250 -999.250 -999.250
26.807 26.222 21.631 25.810 22.254 23.324 26.613 33.493 37.366 36.808 39.367 32.670 26.430 18.815 16.012 11.962 10.980 7.567 7.490 1.664 0.000 0.000 0.000 0.000 0.000 0.000 0.256 10.741 22.067 35.424 48.144 55.760 68.041 66.181 70.696 82.832 79.284 83.314 69.004 60.516 58.567 43.426 37.376 29.739 22.686 17.815 9.976 10.758 7.438 5.133 8.627 11.193 15.625 20.221 23.107 31.023 27.699 35.131 34.589 35.218 -999.250 -999.250 -999.250 -999.250 -999.250 -999.250 -999.250 -999.250
24.206 22.647 20.434 15.665 17.543 20.845 21.140 26.533 31.342 38.456 31.951 29.710 22.104 16.633 11.849 7.618 3.722 2.602 0.548 1.507 0.000 0.000 0.000 0.000 0.000 6.138 12.226 19.331 37.015 59.855 74.525 88.554 100.821 87.039 118.026 123.464 105.003 111.538 93.139 93.124 74.770 59.727 47.355 37.410 31.865 19.013 13.111 9.629 8.206 0.715 2.267 7.342 9.846 15.900 17.433 23.014 25.156 30.267 33.578 28.473 -999.250 -999.250 -999.250 -999.250 -999.250 -999.250 -999.250 -999.250
17.376 16.492 16.480 15.214 14.474 14.882 15.895 21.635 31.137 37.522 38.780 32.390 23.666 16.383 8.204 0.000 0.000 0.000 0.669 0.000 0.000 0.000 0.000 1.349 11.336 18.855 25.584 35.298 65.844 86.772 117.775 161.417 177.275 179.732 159.823 168.311 155.360 158.171 143.440 117.967 99.752 82.830 64.320 51.151 33.311 22.223 16.166 11.574 0.891 0.000 0.000 2.855 5.000 10.153 14.587 -999.250 22.796 23.858 -999.250 -999.250 -999.250 -999.250 -999.250 -999.250 -999.250 -999.250 -999.250 -999.250
14.340 13.785 17.963 16.725 13.723 12.527 12.701 21.539 33.582 42.435 42.007 32.659 24.306 17.475 12.413 1.544 0.000 0.000 0.000 0.000 0.000 1.655 7.338 13.314 21.801 40.562 53.599 74.088 112.626 157.397 183.192 214.903 222.200 224.314 215.459 208.665 210.518 201.776 169.416 155.406 150.691 132.501 90.986 77.396 52.688 28.076 18.970 11.973 0.000 0.000 0.000 0.000 3.951 -999.250 -999.250 -999.250 -999.250 -999.250 -999.250 -999.250 -999.250 -999.250 -999.250 -999.250 -999.250 -999.250 -999.250 -999.250
13.517 13.898 18.426 25.014 18.337 13.283 9.618 32.228 51.425 51.550 45.958 40.924 30.666 21.743 14.087 5.825 0.763 0.000 0.000 0.000 2.110 5.546 15.003 23.865 37.512 58.013 85.055 129.031 197.594 227.813 255.949 265.701 271.834 272.128 266.231 248.675 236.156 227.069 211.437 210.112 196.520 176.968 123.879 85.303 53.173 36.672 24.851 13.003 0.427 0.000 0.000 0.000 -999.250 -999.250 -999.250 -999.250 -999.250 -999.250 -999.250 -999.250 -999.250 -999.250 -999.250 -999.250 -999.250 -999.250 -999.250 -999.250
12.592 13.330 17.559 25.390 36.234 47.490 15.154 77.332 86.346 70.861 66.385 43.148 36.442 23.909 17.671 9.730 1.377 0.000 0.000 0.000 2.056 8.312 21.106 32.579 56.188 84.109 150.191 173.121 226.104 282.797 293.117 328.141 375.174 316.316 318.967 305.678 288.295 257.877 245.031 237.851 217.813 192.586 153.000 108.752 78.142 44.638 28.845 12.252 0.000 0.000 0.000 0.000 -999.250 -999.250 -999.250 -999.250 -999.250 -999.250 -999.250 -999.250 -999.250 -999.250 -999.250 -999.250 -999.250 -999.250 -999.250 -999.250
14.361 9.823 10.060 25.922 59.711 117.041 240.918 164.354 134.219 95.588 80.121 50.454 38.219 24.019 15.232 9.014 5.910 0.000 0.000 0.000 0.000 10.452 27.162 47.197 75.770 125.427 161.491 246.441 290.815 306.693 357.903 426.631 438.521 469.059 458.902 386.080 337.882 302.580 274.928 278.884 244.553 220.304 189.656 151.813 93.449 65.021 35.146 13.353 0.159 0.000 0.000 -999.250 -999.250 -999.250 -999.250 -999.250 -999.250 -999.250 -999.250 -999.250 -999.250 -999.250 -999.250 -999.250 -999.250 -999.250 -999.250 -999.250
23.666 17.088 0.000 35.943 74.275 146.687 214.828 167.070 126.252 100.482 70.745 47.717 34.072 22.760 16.796 12.659 6.769 2.528 0.000 0.000 0.950 14.445 37.184 68.668 109.930 172.910 225.887 271.867 330.266 444.442 492.901 551.126 592.995 620.420 607.397 532.901 459.613 439.211 341.988 326.398 268.610 249.040 222.947 159.609 95.892 64.804 38.756 16.362 2.354 0.000 -999.250 -999.250 -999.250 -999.250 -999.250 -999.250 -999.250 -999.250 -999.250 -999.250 -999.250 -999.250 -999.250 -999.250 -999.250 -999.250 -999.250 -999.250
57.411 43.726 45.667 49.957 82.885 108.916 130.865 131.564 102.834 85.012 72.545 46.430 24.022 18.142 16.435 14.601 9.575 0.000 0.000 1.362 7.409 14.035 50.632 86.172 134.956 218.926 259.218 321.541 413.346 518.951 584.854 667.468 692.761 725.466 690.558 659.638 554.469 507.858 427.002 339.327 292.803 262.951 218.384 185.126 103.493 68.531 39.311 15.458 0.000 0.000 -999.250 -999.250 -999.250 -999.250 -999.250 -999.250 -999.250 -999.250 -999.250 -999.250 -999.250 -999.250 -999.250 -999.250 -999.250 -999.250 -999.250 -999.250
121.879 101.580 87.250 82.500 81.844 87.100 86.930 89.762 73.538 61.769 41.290 22.987 14.125 15.359 14.841 16.576 13.068 5.632 3.759 10.501 19.269 31.902 65.790 112.116 180.768 247.472 298.964 372.521 478.594 545.515 616.194 718.456 859.956 855.283 817.640 680.536 662.992 580.955 504.959 396.413 328.169 268.549 249.881 188.516 107.254 65.499 34.034 6.636 0.000 -999.250 -999.250 -999.250 -999.250 -999.250 -999.250 -999.250 -999.250 -999.250 -999.250 -999.250 -999.250 -999.250 -999.250 -999.250 -999.250 -999.250 -999.250 -999.250
226.892 172.133 136.435 105.337 98.691 80.337 79.825 62.630 56.356 43.912 23.179 0.000 3.000 8.354 12.488 14.683 12.651 8.314 8.911 15.889 22.026 41.341 67.986 132.651 192.866 229.604 319.022 384.571 525.156 624.139 670.225 852.727 963.614 1045.671 920.709 862.344 661.122 572.269 506.690 437.142 337.178 292.142 233.871 206.319 136.444 73.356 30.464 0.000 0.000 -999.250 -999.250 -999.250 -999.250 -999.250 -999.250 -999.250 -999.250 -999.250 -999.250 -999.250 -999.250 -999.250 -999.250 -999.250 -999.250 -999.250 -999.250 -999.250
232.666 203.387 158.240 134.703 101.109 80.393 63.700 51.781 39.991 30.552 18.192 6.463 3.502 8.173 14.141 13.138 11.547 8.703 11.436 17.036 26.470 46.329 69.432 128.148 193.643 256.230 301.207 392.160 533.894 624.551 698.898 807.883 931.951 956.751 916.795 824.928 723.510 606.488 508.382 428.625 333.728 277.916 225.875 203.661 121.821 67.010 26.257 2.009 0.000 -999.250 -999.250 -999.250 -999.250 -999.250 -999.250 -999.250 -999.250 -999.250 -999.250 -999.250 -999.250 -999.250 -999.250 -999.250 -999.250 -999.250 -999.250 -999.250
228.582 219.361 203.909 153.228 133.140 75.645 52.373 38.766 32.858 23.433 16.855 8.966 9.210 12.869 17.460 16.069 13.413 10.256 13.676 17.555 30.371 52.906 74.768 135.093 175.735 252.031 293.593 373.501 516.055 589.610 678.783 772.999 808.115 900.759 882.658 822.561 692.041 618.992 548.682 470.525 352.954 274.158 228.527 170.918 114.557 60.986 20.321 1.748 -999.250 -999.250 -999.250 -999.250 -999.250 -999.250 -999.250 -999.250 -999.250 -999.250 -999.250 -999.250 -999.250 -999.250 -999.250 -999.250 -999.250 -999.250 -999.250 -999.250
