data/medianmodel_18-Feb-2021.asc
ncols	141
nrows	288
xllcorner	-120191.398
yllcorner	-301404.813
cellsize	2000.000
NODATA_value	-999.250
[rows 29 to 57 of 288, columns 65 to 129 of 141]
180.178 188.454 190.808 209.406 237.020 269.990 300.592 347.980 386.107 436.087 471.694 487.409 513.582 512.262 526.849 512.346 517.364 484.387 467.304 442.886 391.324 368.319 331.496 287.568 274.129 239.464 225.732 202.761 187.307 175.462 187.479 197.143 201.188 216.148 208.400 224.454 220.322 208.428 217.394 201.753 195.633 190.294 184.697 182.703 178.554 191.902 198.891 206.243 222.861 216.969 219.985 221.432 233.979 231.641 237.755 258.448 244.689 273.789 268.732 267.440 267.072 289.407 279.938 286.314 291.944
178.884 168.190 173.508 188.718 199.214 216.657 268.935 299.763 329.280 360.667 408.832 452.712 466.675 479.235 494.909 476.882 467.196 468.148 422.332 405.059 381.229 348.863 311.933 294.911 262.386 236.745 225.079 212.464 199.965 196.251 209.008 212.690 221.794 232.716 247.373 250.119 248.053 229.834 225.806 207.688 200.459 198.166 184.219 187.514 184.943 180.832 198.267 199.635 209.720 205.056 221.451 212.225 222.062 224.757 235.985 256.982 260.015 259.645 257.643 260.855 272.087 278.556 273.428 278.274 282.146
153.345 143.763 152.004 171.203 189.722 198.335 234.488 271.393 283.143 303.394 345.080 376.539 430.181 433.766 439.231 436.483 404.551 379.052 385.115 383.851 333.138 331.525 312.106 294.116 275.189 246.978 228.139 209.742 215.672 218.957 237.785 237.898 258.427 262.707 263.076 279.814 266.261 267.809 238.158 246.099 226.821 202.510 185.141 188.747 181.986 187.633 187.191 193.004 195.333 211.935 196.770 212.526 221.912 233.499 225.300 220.279 233.611 235.254 227.418 232.336 247.793 262.903 274.336 269.952 272.217
136.530 139.960 146.677 163.094 162.798 182.736 191.649 204.730 219.601 268.302 294.399 334.764 358.928 371.910 370.115 389.476 371.792 351.588 345.249 326.288 319.434 303.142 292.630 272.627 266.657 271.056 243.351 239.097 234.539 251.790 257.108 274.896 279.453 287.160 289.733 290.959 282.035 278.165 273.263 256.102 228.611 213.861 199.882 186.251 180.885 183.452 182.340 185.847 189.358 189.184 199.966 195.873 207.250 213.294 226.297 223.124 231.728 219.921 219.903 244.327 230.311 251.574 265.347 266.476 256.132
131.849 131.096 138.145 135.183 142.368 154.438 152.923 153.788 176.728 202.116 248.452 287.521 317.573 319.224 343.062 354.015 338.398 322.868 306.663 298.208 298.458 284.304 270.635 262.219 258.735 242.243 260.343 263.610 267.753 271.709 279.316 285.955 307.149 307.640 315.707 316.314 303.815 286.329 276.799 257.846 237.931 220.534 199.276 179.113 174.153 182.143 186.666 180.618 183.060 183.118 192.704 199.038 212.623 210.677 214.080 211.824 210.215 212.467 222.061 217.448 239.698 237.019 246.302 240.497 236.098
128.444 129.092 132.149 134.014 131.042 128.879 121.939 118.109 116.356 165.261 200.883 247.641 284.798 294.380 307.992 326.694 315.073 293.110 286.726 273.726 258.410 261.079 252.268 228.957 242.962 241.993 248.707 263.204 279.064 286.333 303.087 320.516 344.403 363.782 357.238 351.975 331.874 310.356 302.442 279.056 257.026 223.708 203.850 188.728 182.036 178.920 181.942 179.284 172.517 181.053 176.879 188.816 192.601 190.034 200.310 202.794 195.563 205.026 213.281 221.429 228.512 237.764 228.203 231.297 234.845
130.957 129.251 123.087 119.652 117.298 114.497 104.190 113.309 115.501 137.482 179.511 211.725 243.014 269.715 277.704 289.517 292.618 286.466 280.627 271.297 251.144 236.895 215.506 212.186 230.260 240.608 270.760 277.559 293.490 310.198 350.178 363.132 380.223 390.900 396.294 387.949 365.072 329.539 300.078 275.723 261.750 236.266 212.670 195.890 182.507 178.057 177.048 175.302 175.723 177.919 171.631 176.055 186.763 178.303 191.314 199.213 193.566 199.767 198.562 213.521 208.556 215.563 223.790 229.219 223.789
124.109 127.309 128.573 122.910 111.254 112.333 109.544 110.564 119.347 130.051 166.706 190.671 219.543 235.231 253.362 271.641 270.380 267.275 256.909 242.247 220.222 208.195 200.014 201.226 213.743 248.174 273.137 287.413 311.858 343.330 374.390 376.966 410.689 421.790 445.895 413.221 399.451 368.446 335.317 295.071 279.499 255.512 224.438 203.934 189.018 182.107 178.843 180.422 174.668 175.252 180.207 172.552 175.136 182.655 181.029 191.383 191.814 184.623 187.872 199.144 203.104 205.926 212.301 204.582 219.749
132.810 131.792 125.907 130.277 124.827 117.929 114.899 116.608 121.176 136.451 170.731 184.896 201.172 226.296 241.085 254.485 243.598 241.324 232.779 221.573 212.934 193.868 184.217 194.334 206.213 227.285 249.989 283.260 313.102 357.792 374.194 398.417 410.733 440.249 443.392 444.033 400.815 400.881 327.787 300.358 284.485 242.177 213.125 196.777 188.078 178.294 178.699 171.216 170.710 171.023 175.633 168.712 168.577 170.314 168.378 179.629 183.421 183.707 181.464 190.199 190.444 195.833 205.443 203.548 207.766
137.037 136.744 137.965 132.920 132.828 126.524 121.224 121.950 134.718 145.857 164.117 178.350 194.844 208.599 228.464 226.164 223.177 222.753 216.003 202.132 194.676 187.257 183.885 187.951 195.883 214.386 240.076 280.739 308.075 350.975 365.593 412.481 444.473 449.832 460.872 431.567 423.758 408.348 348.544 307.387 284.743 254.048 212.161 191.307 184.996 181.656 178.281 175.078 166.351 167.318 166.245 165.661 167.824 172.551 154.553 160.950 162.797 163.143 179.041 171.381 184.012 189.061 190.457 194.765 199.150
150.080 152.999 159.454 155.153 146.015 130.086 133.370 132.015 133.553 149.789 169.278 181.507 194.872 203.838 214.760 204.485 201.797 202.487 200.675 194.449 187.444 183.992 175.930 177.101 190.200 220.474 256.782 284.348 312.321 366.896 379.607 407.017 441.052 456.078 453.693 456.935 425.832 395.542 372.335 319.447 282.602 259.138 231.408 206.858 188.531 175.947 169.215 166.812 164.446 168.808 164.997 168.004 168.182 155.817 160.279 158.168 160.972 161.352 162.798 165.355 171.231 190.065 188.853 195.040 194.421
168.076 177.372 187.087 175.637 168.822 154.255 149.041 145.287 146.522 163.702 169.806 184.727 191.397 198.646 207.305 198.714 191.149 194.940 192.395 195.815 186.286 172.329 169.765 164.745 189.530 216.697 248.312 286.722 317.347 348.724 377.026 422.435 453.612 441.595 460.349 448.282 430.435 395.868 370.681 320.264 289.666 257.327 221.313 201.475 183.793 174.463 157.613 154.888 158.634 157.305 156.282 152.085 155.480 146.198 154.720 142.226 154.351 153.525 156.558 169.742 172.457 182.659 179.496 189.040 198.416
181.616 189.476 201.555 181.973 177.428 163.809 159.421 169.197 164.848 166.179 178.817 188.679 190.255 200.957 204.284 201.160 195.073 193.306 184.951 187.468 178.135 183.917 182.155 186.716 208.046 243.897 271.836 300.136 317.220 366.347 390.442 407.860 432.550 462.486 485.400 454.429 428.822 401.968 372.639 322.554 287.460 258.934 236.737 196.886 176.448 160.211 146.614 144.765 140.770 151.103 146.038 152.839 150.725 148.019 141.661 152.740 144.603 158.148 164.617 169.223 159.197 174.416 173.697 181.090 185.142
196.381 197.810 189.528 180.209 179.780 168.340 165.984 166.921 173.614 175.398 184.722 191.342 190.645 197.920 190.370 185.002 187.157 185.628 182.091 186.058 189.352 191.826 201.362 203.614 227.318 264.174 275.932 298.245 351.960 375.018 404.065 440.569 476.774 472.469 473.213 452.022 433.769 395.972 371.390 344.536 297.270 262.789 222.783 189.779 168.205 149.302 136.253 136.220 145.722 131.074 137.588 138.975 145.031 152.940 152.485 150.640 159.995 145.811 155.474 166.626 161.217 168.263 177.240 176.150 180.112
197.442 193.034 188.483 177.085 180.402 166.333 169.545 166.308 180.732 180.216 194.575 197.736 195.756 189.714 192.833 187.382 174.343 176.911 177.942 187.228 187.814 202.036 217.076 235.767 260.014 282.092 301.555 332.853 372.645 413.880 426.629 436.257 474.632 487.561 455.781 468.234 430.934 406.599 376.416 352.694 299.425 273.072 224.558 186.854 153.846 148.179 137.367 134.315 133.164 127.417 135.172 133.157 142.916 147.594 143.160 144.367 144.967 149.404 152.922 146.412 167.086 169.296 172.931 169.693 187.109
207.889 200.178 191.381 187.969 182.221 169.709 175.969 179.184 180.165 195.316 198.640 201.051 203.902 193.453 181.821 173.416 178.285 167.143 181.203 182.449 189.977 212.951 239.409 261.474 284.528 291.608 313.105 337.174 377.549 396.018 432.179 439.663 490.900 487.060 477.042 458.103 453.841 436.025 378.111 338.538 299.751 261.622 217.200 186.714 149.909 139.509 134.820 129.435 129.728 128.156 133.366 140.073 138.391 140.371 139.944 133.340 133.138 138.543 137.659 141.015 147.764 170.683 169.695 180.663 186.805
207.588 203.592 186.031 179.300 174.443 158.503 157.420 170.491 180.106 190.094 203.430 213.755 199.089 186.365 177.404 168.263 149.596 156.632 161.218 173.263 199.827 223.378 272.450 281.165 297.805 317.898 334.984 355.324 384.806 410.041 421.569 435.884 462.433 492.988 478.403 477.687 484.981 450.697 391.152 343.914 312.001 269.875 205.701 183.213 156.448 149.416 142.910 131.613 128.157 132.159 127.361 131.046 133.378 136.860 132.588 131.077 132.334 132.889 132.376 148.774 145.649 159.618 179.130 182.291 194.298
214.950 190.821 184.597 169.233 159.299 145.582 142.652 144.459 151.867 175.665 192.627 226.172 196.220 173.606 144.160 135.280 131.636 128.779 143.678 163.662 194.004 234.049 267.085 293.318 314.421 339.889 343.720 382.010 388.508 429.342 434.120 441.860 471.023 476.106 503.434 494.603 495.782 455.896 396.383 351.140 293.206 247.660 196.805 174.110 156.530 140.383 135.495 133.661 124.752 125.273 131.300 133.965 131.937 129.959 130.730 128.444 133.386 138.419 129.965 145.278 152.404 156.885 170.043 177.265 184.826
213.185 187.075 177.966 158.490 139.138 135.619 122.719 124.545 133.953 162.271 170.687 180.793 170.684 155.525 137.228 118.994 117.502 113.078 126.273 148.152 194.840 238.484 284.735 320.000 324.642 337.746 362.849 378.810 399.143 437.376 444.862 446.355 463.471 466.207 507.549 501.837 496.360 444.932 401.678 321.215 274.065 219.319 182.642 172.437 137.023 133.963 124.709 128.409 129.381 130.350 130.218 128.600 128.787 132.252 133.507 129.466 131.821 129.073 134.682 142.438 147.445 148.820 162.430 -999.250 -999.250
208.412 187.270 179.029 151.260 131.556 120.858 107.569 105.151 112.737 119.079 129.595 132.536 134.411 129.446 119.082 108.588 82.128 72.174 83.049 129.261 187.329 233.052 283.629 315.111 346.689 350.404 376.312 398.677 416.791 425.434 441.104 434.444 463.889 478.248 480.832 469.822 448.968 405.088 360.187 298.115 249.084 197.426 180.015 146.432 133.866 133.123 128.284 128.715 123.649 125.649 130.061 127.673 124.671 133.362 142.517 128.025 128.260 132.041 128.683 137.627 147.946 139.107 157.898 -999.250 -999.250
206.816 187.923 171.106 144.897 125.555 108.045 94.704 76.685 73.825 93.096 104.174 114.241 118.644 106.216 99.873 80.112 63.321 49.910 50.693 119.958 171.196 244.655 279.924 316.263 352.873 370.339 383.355 398.273 435.717 449.202 441.228 463.744 453.739 456.246 446.359 440.806 397.949 337.284 308.401 257.419 207.908 176.507 156.935 139.608 130.821 122.473 125.761 126.555 128.564 129.463 119.196 128.286 130.398 135.754 134.393 131.893 136.998 133.881 -999.250 138.367 136.890 -999.250 -999.250 -999.250 -999.250
197.280 183.948 158.041 136.240 112.572 93.570 69.323 58.437 45.889 49.770 65.478 97.434 108.456 95.829 85.987 81.226 69.420 66.282 86.488 129.932 184.840 238.787 294.098 327.545 359.624 393.835 411.566 436.860 443.267 445.013 447.020 444.167 440.998 443.267 423.893 399.400 343.465 294.047 260.609 215.249 179.173 149.685 128.426 123.138 121.481 121.312 121.656 116.775 119.849 118.381 119.138 114.135 128.177 128.970 135.958 132.859 -999.250 -999.250 -999.250 -999.250 -999.250 -999.250 -999.250 -999.250 -999.250
191.154 183.896 169.524 147.345 113.854 78.386 63.881 53.358 43.936 40.551 65.243 81.548 104.271 95.079 85.904 86.370 94.048 90.447 115.695 148.209 200.080 263.610 294.911 346.077 398.519 410.487 419.417 449.228 451.584 453.169 420.948 430.985 426.712 420.547 402.313 353.368 320.834 267.246 210.870 172.740 140.854 123.071 109.782 107.897 107.921 111.357 113.461 118.142 111.055 117.083 124.738 123.898 119.049 127.504 135.725 -999.250 -999.250 -999.250 -999.250 -999.250 -999.250 -999.250 -999.250 -999.250 -999.250
210.225 215.016 195.353 179.748 144.192 102.969 91.985 87.826 84.888 60.615 109.208 121.402 119.968 111.973 106.041 100.611 105.977 112.649 125.460 169.394 218.095 277.781 311.772 378.477 393.671 432.484 460.158 459.801 459.767 451.242 438.872 423.652 399.631 397.400 370.466 348.915 307.420 233.213 172.739 121.719 104.214 96.199 73.175 94.775 105.483 104.174 110.113 107.352 123.973 119.338 131.341 124.257 130.089 135.194 137.946 -999.250 -999.250 -999.250 -999.250 -999.250 -999.250 -999.250 -999.250 -999.250 -999.250
257.048 253.336 256.573 252.543 211.500 146.039 123.083 133.587 161.572 209.218 174.381 157.999 142.061 134.896 118.977 124.713 119.614 123.851 141.743 177.252 224.874 286.853 352.768 380.640 428.677 453.480 455.515 469.157 455.265 448.672 451.380 438.540 416.329 420.111 386.430 343.953 294.006 231.654 153.026 64.977 71.769 80.366 82.516 79.434 83.409 92.654 103.931 114.247 115.383 120.786 125.286 130.358 132.315 133.561 -999.250 -999.250 -999.250 -999.250 -999.250 -999.250 -999.250 -999.250 -999.250 -999.250 -999.250
307.900 312.435 394.502 433.518 362.520 227.043 220.797 223.235 225.943 236.550 215.184 187.745 173.693 156.029 135.589 139.742 130.866 132.309 153.931 185.153 237.906 289.864 369.117 426.296 458.786 469.177 468.772 472.936 454.712 449.873 437.965 440.308 413.625 408.804 371.011 362.149 291.648 253.775 174.745 119.126 104.999 93.575 84.565 84.896 89.957 102.719 106.144 113.061 115.176 127.640 126.626 125.047 140.390 -999.250 -999.250 -999.250 -999.250 -999.250 -999.250 -999.250 -999.250 -999.250 -999.250 -999.250 -999.250
414.364 400.043 647.040 702.690 646.188 522.213 421.394 361.649 321.252 290.309 274.713 230.869 202.250 181.802 176.635 161.634 143.105 138.244 154.482 184.062 249.406 302.346 349.741 431.833 491.228 483.385 467.142 461.306 431.838 414.840 408.746 409.467 402.868 398.856 382.135 355.566 312.721 282.341 203.086 164.735 130.568 115.512 108.047 95.099 85.484 104.902 108.751 116.130 118.946 129.087 130.294 143.950 138.947 -999.250 -999.250 -999.250 -999.250 -999.250 -999.250 -999.250 -999.250 -999.250 -999.250 -999.250 -999.250
634.820 741.735 1069.855 1162.527 1011.160 773.281 606.879 501.347 418.412 336.053 295.344 257.055 227.845 199.082 198.104 184.268 166.632 157.534 149.179 196.830 256.175 318.494 381.808 419.063 454.860 470.466 463.606 435.499 424.438 401.526 383.975 388.540 383.493 377.387 391.888 381.329 351.217 306.206 241.621 185.584 147.332 132.544 123.291 119.044 117.837 105.100 114.499 119.294 125.367 129.558 145.916 134.752 -999.250 -999.250 -999.250 -999.250 -999.250 -999.250 -999.250 -999.250 -999.250 -999.250 -999.250 -999.250 -999.250
888.006 1207.350 1634.198 1864.457 1473.193 1025.880 726.594 596.988 478.008 392.811 329.052 279.156 256.486 246.883 242.676 212.569 196.429 185.107 188.661 226.543 274.663 312.719 375.931 413.465 438.255 447.319 434.866 426.275 401.979 372.937 359.202 358.656 377.793 358.221 392.604 377.813 399.815 326.721 264.706 206.224 179.397 157.996 135.132 123.251 119.024 116.095 118.642 114.333 124.581 128.713 151.607 144.818 -999.250 -999.250 -999.250 -999.250 -999.250 -999.250 -999.250 -999.250 -999.250 -999.250 -999.250 -999.250 -999.250
