data/medianmodel_27-Oct-2020.asc
ncols	141
nrows	288
xllcorner	-120191.398
yllcorner	-301404.813
cellsize	2000.000
NODATA_value	-999.250
[rows 174 to 202 of 288, columns 0 to 65 of 141]
-999.250 -999.250 -999.250 -999.250 242.018 243.372 250.632 242.016 234.382 212.507 188.728 184.300 173.781 176.179 170.112 174.058 203.517 262.714 301.040 324.423 335.135 341.102 294.804 292.812 272.970 279.773 245.656 230.742 194.761 182.939 156.679 158.371 153.045 128.266 122.220 114.323 108.752 111.719 108.546 105.433 102.550 99.979 99.334 103.000 96.826 99.984 100.032 94.993 102.720 105.833 90.873 82.543 72.138 55.257 54.171 35.600 31.007 30.755 31.988 32.990 37.411 44.193 48.465 49.232 49.304 52.076
-999.250 -999.250 -999.250 -999.250 269.066 289.446 286.099 266.982 249.554 236.349 212.210 200.029 192.209 184.319 221.296 223.088 236.126 267.012 308.140 304.383 323.909 321.344 309.708 269.307 268.700 265.198 255.208 214.038 176.981 154.019 157.354 152.865 153.317 146.713 136.673 122.319 121.691 116.299 108.645 109.826 104.496 101.681 92.451 87.895 85.867 88.377 96.950 97.968 101.406 99.422 99.524 79.262 72.918 58.078 53.154 35.217 26.737 15.670 23.101 31.816 42.995 44.458 52.321 49.757 62.416 60.764
-999.250 -999.250 -999.250 -999.250 272.304 279.130 285.534 312.441 288.596 253.874 241.273 232.488 214.913 205.401 227.406 237.177 241.869 270.990 294.983 312.303 315.343 306.252 290.512 267.257 277.524 275.015 236.779 231.359 210.520 174.380 145.705 155.912 145.217 141.635 129.825 136.591 121.600 130.920 129.054 123.672 114.174 110.926 93.077 80.133 83.609 85.055 98.894 97.694 97.528 99.798 106.507 74.114 70.585 55.838 44.443 28.879 20.380 0.000 16.695 22.726 32.526 39.559 52.333 54.363 51.490 63.402
-999.250 -999.250 -999.250 -999.250 291.921 300.809 283.359 300.229 248.928 274.896 251.205 275.327 248.178 256.058 232.620 232.504 259.923 297.960 305.238 327.852 342.979 318.551 277.945 258.087 258.389 233.354 230.154 207.007 195.044 188.016 158.645 151.377 146.390 150.029 150.258 128.090 128.693 123.866 114.711 108.761 110.381 100.316 97.639 90.022 81.208 89.136 103.057 110.507 90.697 91.199 82.401 79.408 70.712 59.034 49.852 36.040 27.610 14.050 17.849 25.426 28.800 33.210 50.567 48.751 56.281 65.110
-999.250 -999.250 -999.250 -999.250 292.965 287.782 300.187 279.216 280.994 275.004 272.926 269.296 248.866 262.388 260.166 265.763 265.076 287.059 308.510 335.768 331.573 305.159 297.088 298.875 264.698 262.921 252.785 203.078 184.346 192.650 175.310 156.403 170.238 167.743 148.591 141.406 142.315 118.155 109.671 105.154 105.552 92.133 94.232 95.203 80.147 90.390 93.087 93.595 94.821 105.992 95.499 78.901 75.144 67.533 53.043 40.558 39.532 25.892 29.081 29.954 41.435 40.345 47.076 46.090 49.410 54.360
-999.250 -999.250 -999.250 269.563 264.633 276.453 285.757 277.043 286.160 274.104 256.688 234.176 263.474 268.077 273.172 254.521 258.659 304.425 304.939 320.901 365.604 332.139 289.628 287.268 255.754 237.392 226.948 195.615 205.596 205.879 198.374 186.222 191.663 162.108 157.969 133.731 133.570 133.320 109.436 106.245 95.043 105.825 97.372 106.027 84.781 85.940 88.949 96.148 96.251 104.368 93.783 80.774 68.878 63.312 56.016 52.809 45.004 38.155 35.764 32.402 41.605 47.730 52.048 55.980 52.355 54.261
-999.250 -999.250 -999.250 262.657 275.839 273.762 291.341 278.492 262.574 298.146 258.709 245.441 253.344 275.946 269.429 270.943 284.446 283.176 280.422 317.830 340.911 329.276 299.393 252.416 269.387 250.315 221.871 201.832 225.949 200.329 205.768 187.660 184.900 177.600 150.526 151.230 145.185 142.544 119.033 119.007 105.980 101.946 100.725 94.127 100.414 94.033 104.605 98.538 97.008 95.990 98.700 85.244 74.664 67.100 63.920 56.537 58.365 53.871 45.721 42.328 44.587 47.258 45.067 59.452 60.819 58.232
-999.250 -999.250 -999.250 272.802 286.430 293.522 312.769 271.334 280.122 287.260 255.561 262.692 243.093 255.747 274.893 269.174 270.607 280.508 318.705 322.996 333.922 311.556 289.639 254.416 245.318 239.847 208.808 223.788 209.204 230.628 193.914 205.176 170.345 172.454 149.495 150.710 142.740 146.816 136.236 123.418 108.392 98.179 100.539 109.113 109.478 108.408 107.128 99.595 95.080 89.939 89.963 90.451 82.306 81.467 75.517 71.407 62.566 57.666 55.607 53.806 47.494 49.275 53.986 52.426 59.439 56.371
-999.250 -999.250 219.502 279.239 281.456 276.000 282.104 277.449 305.643 279.159 249.709 284.300 270.276 277.113 302.279 271.745 270.313 277.288 304.205 301.388 308.079 289.189 284.102 234.973 252.281 223.260 188.284 184.148 202.085 218.578 208.280 206.754 169.808 176.211 151.027 154.782 131.299 126.114 123.054 139.395 114.513 111.459 98.418 102.795 105.193 101.104 102.401 105.150 115.419 96.038 91.574 96.456 98.201 90.703 89.370 79.625 66.261 66.331 60.202 60.215 57.215 43.466 44.147 46.840 49.565 52.587
-999.250 -999.250 261.026 256.775 297.121 279.399 288.780 308.493 302.514 289.749 258.433 270.326 287.467 302.853 288.321 293.211 294.900 302.810 289.510 285.519 -999.250 313.007 261.511 240.874 207.216 203.003 202.226 199.945 206.436 215.672 208.677 210.298 178.238 183.193 147.241 146.960 137.313 127.063 123.878 128.359 112.639 123.950 108.011 100.269 100.611 102.069 105.839 104.176 110.739 109.420 100.830 101.714 103.424 107.425 99.179 86.487 87.912 78.790 71.775 70.436 66.400 56.307 47.001 39.362 49.002 52.268
-999.250 222.571 251.392 254.942 293.755 278.978 275.946 309.153 308.585 304.073 286.675 271.885 288.035 277.238 277.183 310.739 342.557 322.673 305.557 -999.250 -999.250 281.850 258.792 221.065 212.380 214.358 190.477 195.606 194.925 183.603 181.258 173.945 188.281 165.262 146.150 151.689 158.458 129.947 123.676 118.948 114.924 104.521 120.235 104.004 108.015 104.292 121.412 103.014 96.893 96.492 99.031 104.016 105.075 115.442 108.665 93.158 88.430 85.195 75.796 72.334 67.367 68.102 50.342 49.773 50.551 59.388
-999.250 242.819 267.035 271.048 293.566 278.618 299.494 273.698 300.888 328.555 274.360 271.269 258.064 275.505 313.400 310.523 298.668 298.198 -999.250 -999.250 -999.250 -999.250 242.125 214.063 200.720 197.442 192.214 177.408 166.387 178.105 176.857 177.669 179.199 172.557 194.777 168.345 147.415 157.526 145.790 120.672 115.065 103.038 93.091 93.581 98.075 89.936 91.895 98.664 113.306 102.468 100.990 109.847 124.324 119.069 116.676 101.355 101.568 84.148 90.230 85.043 74.792 67.171 58.179 55.436 60.895 53.116
250.378 264.599 266.709 271.953 281.606 286.225 298.784 322.944 320.558 343.381 288.916 318.315 293.379 298.917 311.939 341.610 333.825 309.876 -999.250 -999.250 -999.250 -999.250 -999.250 206.971 178.031 170.487 187.343 161.640 162.110 158.560 167.406 152.143 156.134 160.937 155.165 150.919 138.165 147.180 139.678 126.060 113.159 109.741 92.700 88.913 83.368 82.752 77.100 83.661 109.417 98.697 99.337 110.036 114.190 111.345 118.372 106.328 107.785 109.280 103.550 92.068 74.456 65.846 60.082 61.493 52.566 52.923
-999.250 282.067 309.647 293.783 279.309 295.263 295.501 287.814 310.049 317.148 283.931 286.396 304.716 298.102 342.538 346.701 349.488 296.226 -999.250 -999.250 -999.250 -999.250 199.998 200.536 183.374 160.844 159.128 151.951 143.765 148.188 168.727 159.050 156.135 146.402 148.325 170.507 141.108 157.325 151.419 135.626 114.698 95.465 94.698 97.522 79.808 88.124 77.861 87.529 86.577 97.620 112.965 116.103 115.207 116.242 119.062 136.827 134.226 107.727 115.176 101.827 85.232 77.617 79.405 61.804 54.215 43.303
-999.250 281.549 362.476 294.237 291.341 286.624 255.728 284.486 284.661 299.960 291.675 286.266 297.282 311.450 345.705 408.035 359.651 309.622 -999.250 -999.250 -999.250 201.468 -999.250 184.549 162.703 144.778 145.050 129.325 138.787 133.506 149.785 146.056 155.136 162.379 151.784 160.500 161.651 152.383 146.219 131.322 111.144 96.500 88.312 78.547 64.776 74.499 70.821 74.672 82.523 96.870 97.921 115.940 118.393 131.039 137.916 151.816 140.852 122.694 130.485 117.099 100.056 93.996 78.757 84.159 67.462 58.631
-999.250 275.484 311.283 294.261 280.408 283.541 295.033 283.722 299.884 304.838 277.645 285.387 305.299 330.581 319.964 384.992 347.088 -999.250 -999.250 -999.250 -999.250 208.600 182.561 188.858 162.435 146.436 136.398 131.859 116.772 140.294 151.324 129.616 139.963 144.355 150.023 160.721 169.818 158.675 144.521 131.168 103.063 104.912 97.364 78.593 73.030 70.907 66.270 72.287 85.486 89.671 99.369 110.781 123.217 133.584 141.306 146.417 158.219 144.719 130.967 129.839 109.338 93.876 100.581 106.232 82.717 64.943
-999.250 295.703 313.479 343.620 297.100 299.503 300.825 306.524 284.863 284.513 277.474 296.492 285.649 305.195 313.005 326.747 330.950 -999.250 -999.250 -999.250 220.045 200.825 177.040 182.302 169.087 146.694 141.918 139.875 121.292 125.019 114.764 139.624 156.771 162.077 165.517 188.452 154.092 134.985 152.075 134.952 111.475 100.612 88.353 80.221 70.990 72.693 63.130 75.238 74.883 92.362 93.225 100.039 128.770 145.001 159.827 183.139 162.422 152.929 153.911 143.487 115.462 115.396 116.828 105.529 101.618 72.503
-999.250 -999.250 -999.250 304.279 -999.250 -999.250 282.263 278.624 278.198 -999.250 -999.250 -999.250 295.741 294.576 -999.250 -999.250 -999.250 -999.250 -999.250 -999.250 203.818 190.142 175.320 178.682 167.635 152.581 146.669 144.582 140.642 140.733 135.170 137.968 164.698 159.215 156.032 166.331 155.110 132.774 118.532 125.550 117.067 92.702 77.022 72.160 64.814 67.903 71.891 82.302 80.575 100.446 109.091 130.343 126.535 165.613 172.730 193.762 185.746 179.800 171.130 163.511 139.394 132.076 116.485 104.815 97.922 81.096
-999.250 -999.250 -999.250 -999.250 -999.250 -999.250 -999.250 -999.250 -999.250 -999.250 -999.250 -999.250 -999.250 318.261 319.592 297.725 -999.250 -999.250 -999.250 187.877 184.241 210.832 170.569 170.662 179.312 155.830 172.925 165.669 149.036 149.354 143.429 161.218 153.646 157.000 167.258 158.380 154.495 137.909 119.203 116.584 106.594 101.541 79.941 65.445 62.817 53.310 65.588 74.088 97.298 94.785 119.174 112.978 139.350 153.568 183.637 185.131 197.687 213.984 181.486 156.862 146.656 140.772 125.355 116.975 102.791 98.354
-999.250 -999.250 -999.250 -999.250 -999.250 -999.250 -999.250 -999.250 -999.250 -999.250 -999.250 281.614 280.815 289.625 310.452 318.861 -999.250 -999.250 181.051 145.049 190.094 203.802 189.542 179.609 178.123 192.765 183.879 179.931 185.781 171.832 174.514 169.763 160.048 159.414 151.200 168.153 147.610 138.802 121.426 110.280 125.317 106.563 78.316 78.522 74.630 70.038 71.038 87.961 97.157 94.197 105.145 107.974 143.065 160.852 177.734 211.261 223.685 200.705 179.858 162.248 160.605 139.161 132.100 120.179 122.300 101.932
-999.250 -999.250 -999.250 -999.250 -999.250 -999.250 -999.250 -999.250 -999.250 -999.250 -999.250 276.132 245.149 277.170 266.454 274.133 236.078 221.102 180.655 184.747 188.039 222.026 197.913 208.320 212.024 208.281 219.390 211.989 194.511 181.768 190.018 187.480 168.324 164.794 152.258 162.757 136.711 132.503 115.958 132.211 118.740 96.431 82.648 77.251 76.790 80.300 85.738 104.001 111.135 127.626 120.297 120.716 141.046 157.709 178.774 218.761 196.604 196.749 178.538 172.441 163.258 149.544 143.280 128.248 145.712 123.077
-999.250 -999.250 -999.250 -999.250 -999.250 -999.250 -999.250 -999.250 -999.250 -999.250 -999.250 -999.250 253.043 266.995 262.600 259.483 234.274 214.735 198.902 204.619 191.826 199.308 198.436 209.765 219.405 214.893 207.543 220.072 185.620 196.087 194.436 188.931 186.791 167.569 155.824 149.041 130.406 142.059 127.562 121.127 118.957 102.010 98.674 89.112 82.962 88.029 86.005 109.104 130.009 137.408 139.317 148.619 156.063 160.286 200.628 191.706 194.967 205.739 168.384 157.436 153.627 135.214 139.483 136.673 125.444 134.581
-999.250 -999.250 -999.250 -999.250 -999.250 -999.250 -999.250 -999.250 -999.250 -999.250 -999.250 -999.250 -999.250 256.933 236.746 232.057 225.447 217.212 212.075 212.325 210.155 225.622 221.961 205.158 207.009 235.168 227.319 235.981 216.865 213.138 205.652 181.736 185.470 167.858 151.232 156.797 146.260 132.125 138.798 119.920 103.088 127.552 115.438 112.985 106.311 107.782 105.869 115.772 115.932 146.692 160.151 158.859 171.298 171.518 190.110 189.572 182.857 194.513 170.905 155.665 146.774 148.290 143.244 156.138 153.109 135.521
-999.250 -999.250 -999.250 -999.250 -999.250 -999.250 -999.250 -999.250 -999.250 -999.250 -999.250 -999.250 -999.250 230.286 233.646 216.118 224.219 236.206 216.520 200.125 199.683 210.307 213.061 203.417 212.446 224.394 230.796 222.269 245.868 236.951 197.060 195.681 183.530 171.170 146.058 156.974 144.725 135.317 123.009 120.487 119.192 109.296 115.941 105.209 116.610 118.336 110.253 124.416 120.119 142.847 162.725 187.865 187.293 180.478 185.827 185.823 208.735 181.146 183.372 170.755 167.402 168.789 156.482 154.558 165.668 148.077
-999.250 -999.250 -999.250 -999.250 -999.250 -999.250 -999.250 -999.250 -999.250 -999.250 -999.250 -999.250 -999.250 223.186 236.936 222.818 222.291 239.513 235.855 228.449 215.279 193.092 192.303 217.122 211.120 234.497 254.536 243.425 235.128 231.563 228.002 202.059 196.146 170.488 158.871 163.947 159.619 144.618 148.025 144.015 146.835 126.379 129.626 133.327 116.658 125.235 122.657 122.743 129.545 140.278 140.824 171.548 196.390 193.829 211.510 188.956 180.594 194.547 184.597 156.612 161.303 179.306 154.242 167.741 140.291 160.665
-999.250 -999.250 -999.250 -999.250 -999.250 -999.250 -999.250 -999.250 -999.250 -999.250 -999.250 -999.250 -999.250 -999.250 226.994 219.493 214.241 234.755 244.899 220.115 211.979 206.668 211.526 224.545 234.257 252.540 248.539 262.450 242.515 238.132 221.678 214.801 209.123 182.121 152.399 151.479 146.110 151.472 144.527 146.382 153.552 146.302 135.977 131.370 128.994 111.812 140.354 141.291 125.133 148.820 162.912 170.331 174.868 177.825 179.447 210.608 185.705 187.348 178.810 173.331 187.374 171.514 151.502 151.240 142.212 152.064
-999.250 -999.250 -999.250 -999.250 -999.250 -999.250 -999.250 -999.250 -999.250 -999.250 -999.250 -999.250 -999.250 -999.250 226.344 237.094 220.721 227.403 234.354 240.816 238.010 220.179 224.477 229.718 221.652 236.154 238.668 233.825 257.110 246.572 240.722 226.231 198.146 178.974 152.144 158.046 140.186 135.228 138.699 163.371 162.026 156.157 130.604 153.785 127.289 128.198 137.576 136.173 150.674 170.738 161.942 147.860 145.781 185.490 188.136 198.832 178.975 194.652 201.178 173.655 178.767 164.078 172.369 152.204 152.167 148.835
-999.250 -999.250 -999.250 -999.250 -999.250 -999.250 -999.250 -999.250 -999.250 -999.250 -999.250 -999.250 -999.250 -999.250 219.041 205.302 217.798 221.416 244.425 228.963 225.900 201.091 221.173 240.017 217.777 217.931 223.576 232.763 238.217 252.866 219.565 197.681 204.613 169.359 160.866 154.607 141.120 146.593 150.952 132.091 161.321 148.805 141.902 131.237 141.678 131.660 135.107 144.656 152.246 170.373 161.233 137.819 135.651 153.118 205.103 175.689 173.193 158.734 181.644 169.847 193.483 170.895 166.802 164.035 143.731 142.891
-999.250 -999.250 -999.250 -999.250 -999.250 -999.250 -999.250 -999.250 -999.250 -999.250 -999.250 -999.250 -999.250 -999.250 227.579 225.449 244.949 239.311 244.290 238.080 237.157 238.587 243.912 219.854 239.087 -999.250 232.900 225.009 237.164 229.474 232.171 190.901 178.651 162.704 157.949 143.601 149.193 158.811 136.773 136.098 143.388 143.393 152.806 156.553 137.204 145.867 139.122 140.390 131.362 157.351 169.169 140.183 140.022 148.616 157.877 173.023 180.725 174.369 178.753 182.173 184.030 174.163 147.374 150.732 165.340 161.036
