data/medianmodel_20-Apr-2020.asc
ncols	141
nrows	288
xllcorner	-120191.398
yllcorner	-301404.813
cellsize	2000.000
NODATA_value	-999.250
[rows 30 to 59 of 288, columns 67 to 133 of 141]
36.626 33.564 31.134 29.020 26.902 19.112 16.363 16.086 11.590 12.470 8.325 8.878 7.096 6.976 8.261 9.451 12.559 15.042 17.520 20.112 25.521 32.066 33.986 32.931 32.823 29.508 23.304 20.800 21.867 28.562 33.805 34.256 35.879 40.664 43.231 41.899 44.434 52.013 49.313 58.242 47.495 55.806 58.848 60.761 63.540 62.358 62.054 60.649 51.455 57.418 49.995 47.931 39.882 35.962 39.302 41.304 42.619 51.456 48.589 53.862 49.714 47.260 45.024 39.410 41.775 39.177 39.674
44.349 32.320 32.992 30.600 33.197 24.266 20.584 18.794 14.637 12.770 10.837 11.997 9.453 11.465 8.779 15.107 17.322 20.440 25.002 29.475 30.669 38.881 40.796 39.480 36.291 31.464 24.799 24.522 27.507 29.352 34.875 32.071 32.500 40.077 39.496 40.720 47.424 40.193 44.238 41.442 41.985 51.565 54.193 57.393 54.488 55.320 58.988 56.974 52.978 39.981 45.271 41.519 34.843 39.115 40.773 46.248 42.578 48.587 52.044 49.969 49.854 49.860 42.528 39.736 42.457 46.255 46.596
46.457 40.030 36.761 31.325 34.885 27.508 26.052 24.957 19.828 16.325 13.799 10.332 10.771 10.746 10.979 16.221 21.370 23.186 31.377 35.180 38.250 44.661 46.937 42.703 39.568 34.473 29.140 27.072 26.993 28.915 28.869 25.859 30.423 29.166 34.427 35.912 37.219 37.775 35.568 35.299 33.596 36.775 38.406 45.530 55.404 50.763 52.411 47.636 44.442 41.369 40.688 41.617 38.912 40.116 46.688 44.742 42.216 43.522 46.777 51.054 51.113 47.354 45.270 42.641 54.434 46.991 44.480
54.335 41.289 42.083 37.255 35.694 32.382 30.537 27.222 23.560 21.626 16.303 14.505 9.043 8.856 11.783 16.047 22.270 28.636 33.857 44.058 39.351 46.475 50.056 54.037 52.639 43.247 33.008 33.215 27.976 26.968 27.035 26.001 29.849 28.605 29.436 31.429 29.380 24.619 29.415 27.711 26.988 27.556 35.153 43.378 41.924 49.481 48.759 46.214 38.286 39.691 37.461 40.867 37.282 41.231 42.203 45.334 42.175 44.415 47.353 51.735 44.843 46.475 49.163 43.398 41.156 46.875 45.478
44.303 44.043 40.057 35.226 35.564 35.317 33.245 29.916 26.854 23.194 17.379 15.915 10.324 8.510 7.614 15.363 23.857 30.072 39.981 51.505 48.009 53.466 69.072 64.571 54.771 49.123 37.004 31.768 25.737 23.768 24.347 23.968 26.754 24.579 25.905 25.581 23.512 24.023 21.294 19.995 21.086 21.752 27.495 31.858 34.465 39.634 36.544 36.228 35.203 37.416 42.157 39.797 39.619 36.004 39.391 38.059 38.305 39.802 42.276 44.224 40.643 41.122 49.420 43.797 43.366 40.975 44.142
42.461 40.848 40.509 42.100 33.568 36.562 34.329 29.630 29.045 25.450 20.986 17.187 13.138 6.839 0.000 16.973 30.272 36.461 45.812 55.234 48.652 67.944 80.274 63.339 57.151 58.634 51.339 34.900 27.004 24.737 22.328 21.604 23.433 22.033 19.180 17.456 15.578 14.755 15.312 15.532 16.115 17.283 21.641 20.275 27.812 32.540 34.644 36.286 36.454 38.575 37.516 40.330 41.502 40.857 41.805 38.730 39.790 42.594 42.434 39.174 42.377 41.085 39.955 41.963 44.422 41.959 57.395
44.712 37.112 34.203 36.551 37.438 36.664 35.766 33.519 31.016 30.535 23.800 21.867 16.684 14.562 16.602 24.301 39.531 46.046 65.376 72.769 73.532 82.582 81.349 75.224 71.387 61.843 47.484 33.772 31.901 24.942 22.401 21.488 18.387 16.632 15.251 11.382 9.878 6.880 7.965 11.985 11.610 12.926 15.156 18.407 19.728 24.065 28.013 31.652 36.660 34.046 32.177 33.506 37.966 41.504 41.374 42.771 46.320 45.962 41.154 40.423 40.863 39.773 37.282 41.997 45.231 46.598 50.008
41.600 37.077 32.860 29.729 36.779 34.564 29.257 30.196 26.980 31.561 30.522 26.038 21.223 19.466 25.516 31.955 40.479 58.100 78.821 83.956 90.722 100.237 104.155 96.859 68.031 63.015 53.040 45.534 35.277 25.884 18.559 17.145 13.374 13.398 9.835 7.654 4.223 5.867 1.480 3.806 4.603 5.887 10.802 12.977 14.739 18.075 22.733 26.659 30.948 31.636 31.938 32.018 31.977 36.593 40.261 38.384 43.728 45.962 44.973 42.364 48.008 39.360 38.664 47.700 58.849 52.757 54.855
33.131 29.575 32.807 32.436 32.177 33.239 29.802 31.230 33.092 29.250 32.258 28.020 27.976 24.593 28.331 30.204 43.963 61.681 90.928 98.821 102.567 120.252 117.791 97.339 77.133 59.588 47.133 44.030 32.636 24.299 15.573 13.239 11.070 8.617 7.449 6.442 1.439 0.000 0.932 3.360 0.635 2.870 6.114 7.347 8.650 12.143 15.310 18.686 23.090 24.335 34.168 33.006 33.846 38.671 39.845 42.090 39.371 45.894 45.252 52.900 47.731 44.145 42.309 57.942 54.777 57.887 56.533
32.223 30.964 30.914 30.882 30.684 33.182 29.758 35.116 30.318 30.204 29.685 28.400 26.161 28.016 32.007 36.285 44.320 65.499 86.876 105.797 123.445 155.426 141.928 104.549 77.873 78.171 53.416 39.555 31.460 21.795 15.645 13.469 9.161 8.302 4.898 1.118 1.298 0.000 0.083 1.822 2.613 2.208 4.391 7.902 5.131 4.325 12.304 14.232 16.450 18.712 25.814 29.289 29.151 37.643 42.190 46.554 44.411 42.293 42.460 50.691 50.710 42.700 42.780 50.421 52.117 61.296 50.141
30.485 28.137 28.359 29.607 29.410 32.029 31.959 31.438 30.119 30.683 30.613 28.895 30.664 33.787 36.908 40.978 54.236 75.378 84.304 113.039 136.177 164.745 127.783 114.774 79.344 70.646 52.189 35.974 27.084 21.730 17.466 12.044 8.417 6.405 1.845 0.000 0.000 0.000 1.654 2.502 4.108 4.781 6.417 7.078 2.607 5.753 6.140 10.063 10.583 16.031 26.177 26.691 31.215 35.340 37.151 44.557 49.102 50.708 51.891 49.116 45.935 46.754 49.120 50.508 52.001 48.407 51.008
28.794 29.115 28.184 27.596 28.907 31.815 34.124 34.018 29.669 28.126 28.328 28.341 27.922 30.718 40.952 47.529 57.684 69.746 91.505 108.827 130.346 150.617 108.496 103.321 75.388 64.151 49.561 32.252 22.267 19.050 15.391 10.198 5.872 4.465 0.581 0.000 0.000 1.492 1.767 5.428 6.828 11.381 10.884 8.489 4.167 3.996 3.696 6.082 9.155 12.628 18.711 25.040 27.687 30.259 36.768 44.561 56.985 51.148 51.158 53.640 45.200 43.001 45.146 45.246 52.199 54.068 53.970
25.053 24.763 23.037 26.263 24.652 28.422 28.909 26.904 28.105 28.982 28.697 27.737 28.221 28.007 31.369 46.524 54.352 54.804 68.202 93.801 94.026 104.776 88.719 89.423 69.336 59.231 48.555 31.816 21.323 16.061 13.512 10.104 6.543 1.239 1.211 0.000 0.000 3.809 6.044 9.827 12.313 14.648 15.957 13.150 9.429 4.932 3.412 5.023 7.240 12.228 17.747 22.641 27.326 27.021 30.236 36.849 44.906 48.971 47.604 43.034 39.524 38.241 46.605 46.091 47.172 -999.250 -999.250
25.919 22.507 21.740 23.512 22.865 26.127 26.376 26.305 24.930 28.066 28.048 26.145 22.919 23.714 29.363 38.200 44.596 46.355 56.129 62.951 67.105 68.407 77.284 70.591 59.724 48.957 38.875 24.778 18.631 15.722 11.069 6.018 4.889 1.763 2.443 0.485 3.146 3.117 7.334 11.935 14.839 18.863 21.978 16.395 11.061 4.898 0.831 4.903 9.862 12.481 14.836 19.080 23.589 26.464 31.924 38.971 42.623 48.515 45.145 53.000 51.955 45.548 42.015 42.570 50.463 44.893 -999.250
25.288 24.491 21.210 18.495 22.489 25.614 23.331 27.124 29.990 31.661 27.435 25.888 22.061 24.379 28.436 31.262 39.270 41.667 38.424 43.046 57.795 51.998 55.305 52.394 39.834 31.341 25.380 18.802 15.371 14.284 8.222 5.042 3.000 1.271 0.096 1.594 3.084 2.855 8.300 12.372 14.483 17.986 18.610 16.325 11.916 7.880 4.860 5.162 6.912 7.741 12.016 16.170 19.816 23.907 33.294 36.933 42.883 48.070 54.750 47.629 50.249 51.697 44.238 47.116 -999.250 -999.250 -999.250
22.100 22.098 20.707 21.438 20.336 20.443 23.388 23.876 26.077 31.106 28.155 26.075 24.096 19.048 22.866 27.362 31.824 31.843 34.464 37.592 39.295 42.107 38.782 37.171 28.644 24.791 19.687 12.522 8.275 6.838 8.476 7.768 5.113 0.827 0.000 0.354 2.188 3.419 7.494 10.819 13.856 16.006 14.646 14.359 13.060 10.539 6.922 2.813 5.388 5.451 8.527 13.747 17.883 23.832 28.432 32.638 38.662 44.793 46.357 58.093 49.304 50.572 55.543 46.950 -999.250 -999.250 -999.250
21.875 20.843 17.245 17.577 17.094 14.478 16.856 19.530 22.992 30.023 25.957 21.826 22.897 19.416 22.044 22.880 24.739 24.063 25.061 28.528 26.242 30.606 29.810 28.180 21.804 16.920 13.669 7.769 5.544 5.836 11.677 11.687 13.455 5.091 0.000 0.000 4.518 4.130 5.716 10.678 12.592 13.550 14.401 15.276 11.614 10.154 5.692 3.645 4.178 4.587 9.075 10.030 14.114 18.621 22.986 27.443 32.669 34.040 47.866 49.671 46.922 59.953 56.016 -999.250 -999.250 -999.250 -999.250
22.251 18.721 15.445 14.627 14.905 11.367 15.198 16.893 20.854 20.946 22.527 24.490 21.847 19.926 16.492 15.075 14.294 15.055 15.345 19.335 18.349 18.823 21.922 18.741 16.810 12.957 11.652 6.384 5.383 10.706 14.813 21.162 21.203 14.099 0.000 6.893 10.336 8.440 9.541 7.056 8.514 10.001 13.834 12.515 13.237 10.549 7.467 7.699 2.685 3.191 3.138 6.113 10.780 15.417 17.449 22.373 24.103 31.872 39.152 48.458 53.261 -999.250 -999.250 -999.250 -999.250 -999.250 -999.250
20.192 17.143 16.034 15.023 14.119 10.746 10.063 12.775 15.855 20.555 23.977 20.745 23.811 20.012 16.089 11.953 7.478 7.203 10.228 12.190 13.552 12.800 15.166 16.733 15.447 13.585 12.251 7.985 10.103 22.916 30.023 43.951 41.524 34.129 27.370 21.294 18.924 12.631 7.394 7.821 8.771 9.785 11.522 13.704 16.016 10.604 8.681 2.960 3.759 2.989 4.335 2.457 6.870 9.040 12.137 16.027 20.007 25.579 35.737 46.924 45.144 -999.250 -999.250 -999.250 -999.250 -999.250 -999.250
19.650 18.092 17.212 17.550 14.756 9.901 8.433 7.556 13.488 21.525 26.404 24.687 24.044 18.046 14.367 7.803 0.000 1.889 4.946 5.615 6.250 9.224 13.048 16.543 18.091 17.643 19.411 21.380 17.649 39.463 61.511 72.617 82.032 66.318 56.909 45.674 30.352 19.230 10.733 9.978 11.121 12.261 13.066 14.421 12.962 7.766 7.396 6.002 2.921 0.718 1.628 0.000 1.307 3.438 5.731 10.331 -999.250 21.903 28.937 -999.250 -999.250 -999.250 -999.250 -999.250 -999.250 -999.250 -999.250
17.699 17.832 17.788 21.851 18.843 13.717 9.357 6.170 16.926 28.814 34.217 30.267 32.397 22.382 16.943 11.219 2.086 0.025 1.934 1.564 2.066 6.281 11.302 17.214 20.237 31.126 34.875 44.487 63.464 77.199 102.920 135.038 166.401 125.310 112.388 76.091 53.887 27.449 16.158 12.545 14.795 12.248 13.762 14.429 12.651 8.311 8.671 6.451 0.047 0.000 0.000 0.000 0.000 0.000 -999.250 -999.250 -999.250 -999.250 -999.250 -999.250 -999.250 -999.250 -999.250 -999.250 -999.250 -999.250 -999.250
14.382 16.631 18.143 25.549 27.765 25.869 17.588 11.614 31.872 49.056 52.996 49.419 35.809 30.064 19.141 10.489 5.874 0.000 0.000 0.074 3.217 7.836 13.641 21.762 30.912 46.156 63.703 84.438 122.017 165.939 187.019 184.977 205.541 204.115 157.714 126.890 73.106 45.670 25.623 20.341 21.831 18.456 16.605 14.670 14.694 13.606 8.959 8.824 3.633 0.000 0.000 0.000 0.000 -999.250 -999.250 -999.250 -999.250 -999.250 -999.250 -999.250 -999.250 -999.250 -999.250 -999.250 -999.250 -999.250 -999.250
13.481 12.451 14.365 26.621 36.341 52.193 68.570 15.154 79.188 87.166 80.936 68.414 56.718 33.840 22.615 14.227 9.587 3.205 0.000 0.000 0.844 5.952 13.032 22.264 44.867 65.794 102.363 155.696 200.228 212.138 241.628 259.115 290.546 268.532 225.514 201.624 113.267 58.909 37.561 40.230 34.472 31.742 28.861 22.508 20.994 16.872 14.211 7.533 1.792 0.433 0.000 0.000 0.000 -999.250 -999.250 -999.250 -999.250 -999.250 -999.250 -999.250 -999.250 -999.250 -999.250 -999.250 -999.250 -999.250 -999.250
10.956 8.186 6.138 16.950 40.464 82.904 169.070 285.298 189.725 167.714 112.794 81.688 61.783 36.697 26.855 16.870 11.298 5.110 0.000 0.000 0.000 5.150 16.922 28.257 54.361 102.464 166.690 192.067 239.501 273.261 307.643 376.232 416.465 364.484 350.417 273.365 191.101 64.977 71.070 75.726 75.889 56.458 38.662 37.660 30.310 22.128 17.223 10.315 2.948 0.000 0.000 0.000 -999.250 -999.250 -999.250 -999.250 -999.250 -999.250 -999.250 -999.250 -999.250 -999.250 -999.250 -999.250 -999.250 -999.250 -999.250
11.054 9.923 4.151 0.000 41.608 90.064 190.167 242.384 219.434 175.155 121.516 95.123 59.222 39.202 25.354 17.500 13.376 10.963 0.000 0.000 0.000 6.454 16.155 38.538 67.668 97.250 168.534 234.900 296.110 306.233 356.071 434.163 479.078 521.871 499.032 435.233 294.904 220.846 176.669 160.556 132.603 94.741 71.817 51.844 40.453 28.977 22.658 16.705 7.204 0.000 0.000 -999.250 -999.250 -999.250 -999.250 -999.250 -999.250 -999.250 -999.250 -999.250 -999.250 -999.250 -999.250 -999.250 -999.250 -999.250 -999.250
20.493 24.457 21.341 27.160 57.620 101.797 163.181 188.089 165.752 148.835 102.856 76.730 44.357 27.872 20.396 18.100 13.547 12.013 4.895 1.982 1.468 7.026 14.035 44.533 89.883 132.408 196.617 250.492 328.326 362.784 475.992 505.576 680.804 650.922 694.805 608.765 465.583 297.086 269.007 237.836 182.531 143.826 98.837 76.326 54.038 41.331 29.784 17.480 5.105 0.000 0.000 -999.250 -999.250 -999.250 -999.250 -999.250 -999.250 -999.250 -999.250 -999.250 -999.250 -999.250 -999.250 -999.250 -999.250 -999.250 -999.250
42.008 51.738 48.968 49.897 59.048 86.978 109.017 132.053 138.977 95.925 72.876 51.510 23.622 17.966 16.412 15.907 16.576 12.987 7.508 6.354 8.419 14.222 26.886 58.032 91.875 180.967 236.189 276.993 360.108 438.083 521.246 700.423 822.565 963.412 955.195 830.501 660.255 471.391 400.008 274.758 229.927 204.755 156.195 103.627 81.302 48.983 32.773 17.957 1.504 0.000 -999.250 -999.250 -999.250 -999.250 -999.250 -999.250 -999.250 -999.250 -999.250 -999.250 -999.250 -999.250 -999.250 -999.250 -999.250 -999.250 -999.250
70.246 98.648 74.624 69.391 73.263 76.416 84.354 81.940 79.232 62.524 52.204 24.638 0.000 6.863 12.422 16.749 15.953 14.904 12.967 10.114 13.713 20.240 34.683 63.701 118.120 180.275 246.652 286.424 374.050 466.647 527.735 675.671 886.982 1065.797 1214.824 950.321 712.637 598.985 475.356 377.763 276.972 227.194 213.764 146.567 86.128 61.377 39.046 17.784 0.000 0.000 -999.250 -999.250 -999.250 -999.250 -999.250 -999.250 -999.250 -999.250 -999.250 -999.250 -999.250 -999.250 -999.250 -999.250 -999.250 -999.250 -999.250
86.498 92.268 88.785 84.424 72.957 74.547 66.277 63.585 57.941 45.300 33.318 16.601 1.023 3.691 10.765 15.947 15.904 17.437 12.611 14.627 16.023 24.040 44.346 76.322 154.108 192.413 229.414 294.107 415.025 459.318 533.781 738.755 870.204 947.626 1117.402 970.885 803.507 723.824 510.917 408.829 299.724 241.944 207.221 154.669 108.294 66.522 45.585 19.703 6.356 0.000 -999.250 -999.250 -999.250 -999.250 -999.250 -999.250 -999.250 -999.250 -999.250 -999.250 -999.250 -999.250 -999.250 -999.250 -999.250 -999.250 -999.250
89.183 107.609 105.857 99.886 73.052 69.218 59.286 46.501 38.153 29.297 22.022 12.667 9.927 10.847 15.803 18.548 19.527 19.861 18.833 17.123 19.873 23.499 42.801 70.240 110.890 176.475 211.656 271.729 339.464 419.349 489.690 653.731 838.479 957.654 971.301 894.764 790.002 704.652 571.349 457.336 385.824 262.005 212.415 154.826 112.093 89.079 48.427 21.127 2.445 -999.250 -999.250 -999.250 -999.250 -999.250 -999.250 -999.250 -999.250 -999.250 -999.250 -999.250 -999.250 -999.250 -999.250 -999.250 -999.250 -999.250 -999.250
