data/medianmodel_01-Oct-2020.asc
ncols	141
nrows	288
xllcorner	-120191.398
yllcorner	-301404.813
cellsize	2000.000
NODATA_value	-999.250
[rows 240 to 269 of 288, columns 0 to 66 of 141]
-999.250 -999.250 -999.250 -999.250 -999.250 -999.250 -999.250 -999.250 -999.250 -999.250 -999.250 -999.250 -999.250 -999.250 -999.250 -999.250 -999.250 -999.250 -999.250 -999.250 -999.250 -999.250 -999.250 -999.250 -999.250 -999.250 -999.250 -999.250 -999.250 -999.250 39.007 38.794 39.479 35.552 32.816 35.135 35.632 43.270 47.277 53.712 61.200 66.568 73.901 84.624 95.332 104.563 120.457 111.277 121.548 114.201 127.199 137.457 132.593 117.114 122.199 105.427 96.137 77.858 61.300 46.549 35.615 25.743 15.697 14.933 13.576 15.941 13.852
-999.250 -999.250 -999.250 -999.250 -999.250 -999.250 -999.250 -999.250 -999.250 -999.250 -999.250 -999.250 -999.250 -999.250 -999.250 -999.250 -999.250 -999.250 -999.250 -999.250 -999.250 -999.250 -999.250 -999.250 -999.250 -999.250 -999.250 -999.250 -999.250 -999.250 36.958 42.407 36.603 33.269 34.403 33.787 37.580 39.184 50.813 55.955 67.960 69.901 85.551 99.330 106.726 124.723 127.742 138.247 128.982 139.029 149.470 153.443 158.717 137.526 136.299 125.979 103.804 94.095 70.697 50.876 34.255 22.778 14.630 11.287 7.746 11.009 9.321
-999.250 -999.250 -999.250 -999.250 -999.250 -999.250 -999.250 -999.250 -999.250 -999.250 -999.250 -999.250 -999.250 -999.250 -999.250 -999.250 -999.250 -999.250 -999.250 -999.250 -999.250 -999.250 -999.250 -999.250 -999.250 -999.250 -999.250 -999.250 -999.250 -999.250 36.510 34.710 34.285 32.074 33.116 31.113 35.488 42.322 41.591 61.796 62.797 79.101 94.388 103.560 119.034 130.846 149.563 147.190 145.002 148.137 159.963 167.493 167.471 165.260 150.799 144.187 128.503 106.832 77.119 54.673 33.075 18.157 10.787 4.090 1.985 1.793 3.452
-999.250 -999.250 -999.250 -999.250 -999.250 -999.250 -999.250 -999.250 -999.250 -999.250 -999.250 -999.250 -999.250 -999.250 -999.250 -999.250 -999.250 -999.250 -999.250 -999.250 -999.250 -999.250 -999.250 -999.250 -999.250 -999.250 -999.250 -999.250 -999.250 -999.250 31.568 30.498 29.185 28.274 30.564 31.020 34.752 46.231 50.163 58.013 68.684 82.907 106.764 108.696 129.852 139.198 152.080 150.545 172.584 177.613 174.435 174.186 183.525 176.616 178.193 166.684 159.079 126.149 90.100 60.307 31.522 17.010 6.118 0.000 0.000 0.000 0.000
-999.250 -999.250 -999.250 -999.250 -999.250 -999.250 -999.250 -999.250 -999.250 -999.250 -999.250 -999.250 -999.250 -999.250 -999.250 -999.250 -999.250 -999.250 -999.250 -999.250 -999.250 -999.250 -999.250 -999.250 -999.250 -999.250 -999.250 -999.250 -999.250 -999.250 28.061 30.707 26.290 27.375 26.982 31.494 33.705 42.995 52.799 63.959 71.681 82.220 101.890 120.043 133.886 153.707 168.086 169.059 182.797 183.607 194.934 200.662 192.638 190.431 183.074 173.847 173.401 143.377 98.594 65.910 34.003 10.166 0.000 0.000 0.000 0.000 0.000
-999.250 -999.250 -999.250 -999.250 -999.250 -999.250 -999.250 -999.250 -999.250 -999.250 -999.250 -999.250 -999.250 -999.250 -999.250 -999.250 -999.250 -999.250 -999.250 -999.250 -999.250 -999.250 -999.250 -999.250 -999.250 -999.250 -999.250 -999.250 -999.250 -999.250 -999.250 26.597 25.072 28.138 24.052 29.136 33.510 43.622 53.443 65.734 70.841 80.930 103.406 128.180 137.858 157.194 161.168 176.744 193.233 185.009 210.058 204.147 205.392 199.135 204.201 192.785 166.672 147.779 118.850 75.438 39.716 0.000 0.000 0.000 0.000 0.000 0.000
-999.250 -999.250 -999.250 -999.250 -999.250 -999.250 -999.250 -999.250 -999.250 -999.250 -999.250 -999.250 -999.250 -999.250 -999.250 -999.250 -999.250 -999.250 -999.250 -999.250 -999.250 -999.250 -999.250 -999.250 -999.250 -999.250 -999.250 -999.250 -999.250 -999.250 -999.250 24.854 22.493 26.948 25.775 26.283 31.638 35.940 52.340 60.106 73.625 96.256 106.706 129.743 151.817 171.540 173.945 189.142 186.567 203.281 216.693 210.956 215.626 221.661 225.794 217.634 195.456 169.810 134.491 94.463 59.939 26.611 12.126 4.944 0.000 0.000 0.000
-999.250 -999.250 -999.250 -999.250 -999.250 -999.250 -999.250 -999.250 -999.250 -999.250 -999.250 -999.250 -999.250 -999.250 -999.250 -999.250 -999.250 -999.250 -999.250 -999.250 -999.250 -999.250 -999.250 -999.250 -999.250 -999.250 -999.250 -999.250 -999.250 -999.250 23.853 22.266 19.491 18.799 23.544 27.426 29.467 35.051 45.778 56.283 77.290 93.080 112.188 124.652 143.274 162.095 181.273 188.163 184.099 208.561 227.117 230.375 237.779 265.199 278.125 270.061 222.323 183.890 154.782 111.314 78.048 52.600 27.199 15.854 5.886 0.834 0.000
-999.250 -999.250 -999.250 -999.250 -999.250 -999.250 -999.250 -999.250 -999.250 -999.250 -999.250 -999.250 -999.250 -999.250 -999.250 -999.250 -999.250 -999.250 -999.250 -999.250 -999.250 -999.250 -999.250 -999.250 -999.250 -999.250 -999.250 -999.250 -999.250 -999.250 22.198 24.486 19.892 20.577 21.034 22.617 27.191 34.900 43.324 55.772 72.116 84.967 107.192 125.669 140.212 162.308 168.363 180.372 184.733 191.861 213.398 222.550 246.426 278.572 309.105 308.612 272.791 211.636 180.687 134.330 96.903 68.556 44.520 22.587 14.376 6.261 0.000
-999.250 -999.250 -999.250 -999.250 -999.250 -999.250 -999.250 -999.250 -999.250 -999.250 -999.250 -999.250 -999.250 -999.250 -999.250 -999.250 -999.250 -999.250 -999.250 -999.250 -999.250 -999.250 -999.250 -999.250 -999.250 -999.250 -999.250 -999.250 -999.250 -999.250 21.234 20.702 16.466 17.877 17.184 19.838 23.111 30.086 34.787 49.324 64.132 81.116 95.952 121.977 142.916 154.519 186.663 198.455 192.929 197.718 210.879 234.539 278.074 277.174 331.263 369.004 282.476 222.634 184.256 145.296 114.559 78.058 56.307 30.984 17.608 10.092 0.307
-999.250 -999.250 -999.250 -999.250 -999.250 -999.250 -999.250 -999.250 -999.250 -999.250 -999.250 -999.250 -999.250 -999.250 -999.250 -999.250 -999.250 -999.250 -999.250 -999.250 -999.250 -999.250 -999.250 -999.250 -999.250 -999.250 -999.250 -999.250 -999.250 -999.250 20.115 16.023 14.627 12.977 13.382 15.541 18.203 28.767 32.518 47.962 62.909 77.850 98.545 116.033 138.392 160.944 179.955 179.467 197.424 212.528 254.625 240.172 262.167 296.314 317.779 342.207 273.398 223.806 184.084 150.078 123.374 86.603 62.144 38.325 21.830 13.822 1.413
-999.250 -999.250 -999.250 -999.250 -999.250 -999.250 -999.250 -999.250 -999.250 -999.250 -999.250 -999.250 -999.250 -999.250 -999.250 -999.250 -999.250 -999.250 -999.250 -999.250 -999.250 -999.250 -999.250 -999.250 -999.250 -999.250 -999.250 -999.250 -999.250 -999.250 16.209 13.437 12.062 11.356 13.085 12.049 16.803 23.390 30.242 40.458 57.526 79.157 97.878 110.020 129.724 163.327 168.102 171.527 189.661 204.980 227.677 244.406 254.392 282.976 304.790 304.236 281.752 224.066 177.242 153.849 120.991 87.972 70.932 47.135 26.659 16.006 6.084
-999.250 -999.250 -999.250 -999.250 -999.250 -999.250 -999.250 -999.250 -999.250 -999.250 -999.250 -999.250 -999.250 -999.250 -999.250 -999.250 -999.250 -999.250 -999.250 -999.250 -999.250 -999.250 -999.250 -999.250 -999.250 -999.250 -999.250 -999.250 -999.250 22.264 15.545 14.199 12.006 9.784 12.187 14.324 14.932 18.848 27.666 40.259 55.910 69.994 93.056 92.856 124.655 154.788 167.200 171.338 189.899 204.713 224.500 229.488 251.893 254.483 258.438 268.031 240.455 202.810 165.567 149.671 115.825 85.500 65.584 43.355 26.568 14.788 6.554
-999.250 -999.250 -999.250 -999.250 -999.250 -999.250 -999.250 -999.250 -999.250 -999.250 -999.250 -999.250 -999.250 -999.250 -999.250 -999.250 -999.250 -999.250 -999.250 -999.250 -999.250 -999.250 -999.250 -999.250 -999.250 -999.250 -999.250 -999.250 -999.250 -999.250 15.086 13.538 11.530 7.441 8.122 10.347 10.555 16.568 22.146 36.297 47.468 69.021 85.621 96.967 116.643 147.527 155.042 167.156 186.235 202.421 202.385 213.910 227.136 247.171 216.975 222.392 198.281 186.015 160.356 139.178 105.236 83.782 64.189 36.831 26.197 14.966 4.370
-999.250 -999.250 -999.250 -999.250 -999.250 -999.250 -999.250 -999.250 -999.250 -999.250 -999.250 -999.250 -999.250 -999.250 -999.250 -999.250 -999.250 -999.250 -999.250 -999.250 -999.250 -999.250 -999.250 -999.250 -999.250 -999.250 -999.250 -999.250 -999.250 -999.250 14.629 10.667 7.474 6.358 4.655 4.857 9.537 13.016 21.419 33.746 46.544 59.209 76.288 92.751 113.660 134.208 157.806 172.703 185.719 185.247 185.267 218.563 205.245 208.256 219.075 192.999 193.776 169.905 152.381 130.758 93.369 75.279 48.338 32.677 19.769 11.533 6.534
-999.250 -999.250 -999.250 -999.250 -999.250 -999.250 -999.250 -999.250 -999.250 -999.250 -999.250 -999.250 -999.250 -999.250 -999.250 -999.250 -999.250 -999.250 -999.250 -999.250 -999.250 -999.250 -999.250 -999.250 -999.250 -999.250 -999.250 -999.250 -999.250 -999.250 -999.250 10.328 4.856 3.931 3.331 5.424 7.855 10.742 18.917 26.905 41.066 59.603 73.699 83.079 99.462 126.790 149.610 161.352 179.195 188.743 187.988 195.863 195.615 189.274 198.175 182.942 176.423 155.628 140.663 120.467 88.457 63.791 44.405 29.579 16.801 9.293 4.026
-999.250 -999.250 -999.250 -999.250 -999.250 -999.250 -999.250 -999.250 -999.250 -999.250 -999.250 -999.250 -999.250 -999.250 -999.250 -999.250 -999.250 -999.250 -999.250 -999.250 -999.250 -999.250 -999.250 -999.250 -999.250 -999.250 -999.250 -999.250 -999.250 -999.250 -999.250 8.549 3.645 2.545 0.589 6.858 5.661 11.441 16.153 24.188 33.954 52.372 65.522 80.132 89.719 113.987 134.643 155.290 165.633 182.109 178.327 198.479 186.255 186.242 175.699 164.236 154.817 139.534 125.843 114.103 81.490 57.697 37.427 23.320 10.293 0.803 1.060
-999.250 -999.250 -999.250 -999.250 -999.250 -999.250 -999.250 -999.250 -999.250 -999.250 -999.250 -999.250 -999.250 -999.250 -999.250 -999.250 -999.250 -999.250 -999.250 -999.250 -999.250 -999.250 -999.250 -999.250 -999.250 -999.250 -999.250 -999.250 -999.250 -999.250 13.622 7.278 1.622 0.000 0.000 0.000 5.910 9.253 14.595 21.239 31.466 44.094 62.403 68.623 86.596 98.420 120.933 148.883 154.741 168.729 172.937 177.973 177.352 177.408 163.187 143.362 141.054 125.829 117.027 98.579 73.135 49.191 29.458 16.468 0.000 0.000 0.000
-999.250 -999.250 -999.250 -999.250 -999.250 -999.250 -999.250 -999.250 -999.250 -999.250 -999.250 -999.250 -999.250 -999.250 -999.250 -999.250 -999.250 -999.250 -999.250 -999.250 -999.250 -999.250 -999.250 -999.250 -999.250 -999.250 -999.250 -999.250 -999.250 -999.250 10.730 6.017 0.937 0.000 0.000 0.000 3.979 7.643 13.746 18.840 29.645 35.587 44.882 61.253 77.790 94.532 110.194 131.669 136.314 146.233 169.042 158.310 165.739 158.134 146.818 131.211 127.334 115.828 98.825 77.726 64.963 42.144 28.889 15.827 3.733 0.000 0.000
-999.250 -999.250 -999.250 -999.250 -999.250 -999.250 -999.250 -999.250 -999.250 -999.250 -999.250 -999.250 -999.250 -999.250 -999.250 -999.250 -999.250 -999.250 -999.250 -999.250 -999.250 -999.250 -999.250 -999.250 -999.250 -999.250 -999.250 -999.250 -999.250 -999.250 9.679 5.400 0.252 0.000 0.000 0.000 1.526 8.322 10.524 14.136 22.542 31.471 41.842 56.342 64.169 84.766 94.795 118.117 124.624 139.109 155.203 132.747 141.711 139.124 133.056 123.647 118.748 97.238 85.767 71.871 54.943 33.805 26.480 15.595 8.902 1.364 0.462
-999.250 -999.250 -999.250 -999.250 -999.250 -999.250 -999.250 -999.250 -999.250 -999.250 -999.250 -999.250 -999.250 -999.250 -999.250 -999.250 -999.250 -999.250 -999.250 -999.250 -999.250 -999.250 -999.250 -999.250 -999.250 -999.250 -999.250 -999.250 -999.250 -999.250 5.144 3.457 0.000 0.624 0.000 0.000 1.404 6.889 9.972 11.047 17.543 27.340 35.115 43.025 57.008 70.833 79.239 93.968 106.137 116.254 117.923 127.072 122.694 132.902 120.606 104.977 108.859 91.119 75.819 60.630 43.630 33.014 22.508 13.330 2.811 2.061 3.065
-999.250 -999.250 -999.250 -999.250 -999.250 -999.250 -999.250 -999.250 -999.250 -999.250 -999.250 -999.250 -999.250 -999.250 -999.250 -999.250 -999.250 -999.250 -999.250 -999.250 -999.250 -999.250 -999.250 -999.250 -999.250 -999.250 -999.250 -999.250 -999.250 -999.250 4.064 0.494 0.397 0.000 0.000 0.000 0.212 3.026 8.522 12.216 16.840 22.269 29.388 34.954 41.521 55.280 65.889 73.312 80.520 95.522 116.112 109.943 107.655 103.838 100.705 99.394 90.994 79.154 63.967 53.221 43.964 29.194 19.313 12.856 8.467 4.562 7.306
-999.250 -999.250 -999.250 -999.250 -999.250 -999.250 -999.250 -999.250 -999.250 -999.250 -999.250 -999.250 -999.250 -999.250 -999.250 -999.250 -999.250 -999.250 -999.250 -999.250 -999.250 -999.250 -999.250 -999.250 -999.250 -999.250 -999.250 -999.250 -999.250 -999.250 2.378 1.086 0.000 0.000 0.000 0.000 0.000 1.251 6.302 10.763 13.909 18.990 20.871 23.878 37.146 44.978 61.249 65.430 75.661 86.691 80.012 101.875 99.613 99.778 92.078 82.158 73.271 66.549 56.716 44.782 33.798 29.055 18.104 13.456 7.794 6.098 10.036
-999.250 -999.250 -999.250 -999.250 -999.250 -999.250 -999.250 -999.250 -999.250 -999.250 -999.250 -999.250 -999.250 -999.250 -999.250 -999.250 -999.250 -999.250 -999.250 -999.250 -999.250 -999.250 -999.250 -999.250 -999.250 -999.250 -999.250 -999.250 -999.250 6.732 1.069 0.250 0.000 0.000 0.000 0.000 0.000 0.518 1.493 4.325 11.624 15.049 17.385 24.462 30.927 35.337 52.423 52.218 67.800 69.812 74.665 72.503 81.198 83.059 75.740 70.078 65.083 54.749 46.181 37.984 32.093 19.192 15.785 8.148 9.102 9.393 12.291
-999.250 -999.250 -999.250 -999.250 -999.250 -999.250 -999.250 -999.250 -999.250 -999.250 -999.250 -999.250 -999.250 -999.250 -999.250 -999.250 -999.250 -999.250 -999.250 -999.250 -999.250 -999.250 -999.250 -999.250 -999.250 -999.250 -999.250 -999.250 -999.250 3.984 0.000 0.000 0.000 0.000 0.000 0.000 0.000 0.000 2.837 4.404 5.908 11.739 14.628 20.134 23.611 30.988 35.828 44.806 55.504 62.199 60.107 58.793 65.984 68.875 65.505 58.083 54.166 43.617 35.233 33.001 32.455 20.610 15.717 9.618 10.973 9.646 11.942
-999.250 -999.250 -999.250 -999.250 -999.250 -999.250 -999.250 -999.250 -999.250 -999.250 -999.250 -999.250 -999.250 -999.250 -999.250 -999.250 -999.250 -999.250 -999.250 -999.250 -999.250 -999.250 -999.250 -999.250 -999.250 -999.250 -999.250 -999.250 9.617 4.872 0.000 0.000 0.000 0.000 0.000 0.000 0.000 0.710 2.797 0.423 4.051 9.020 11.983 17.162 18.171 24.803 30.546 33.563 40.634 49.127 47.665 53.335 56.980 55.574 58.794 52.312 41.762 38.919 35.582 30.268 26.915 20.683 15.524 13.169 12.047 10.638 13.369
-999.250 -999.250 -999.250 -999.250 -999.250 -999.250 -999.250 -999.250 -999.250 -999.250 -999.250 -999.250 -999.250 -999.250 -999.250 -999.250 -999.250 -999.250 -999.250 -999.250 -999.250 -999.250 -999.250 -999.250 -999.250 -999.250 -999.250 -999.250 9.418 2.357 0.000 0.000 0.000 0.000 0.000 0.000 0.000 0.001 0.000 0.000 0.060 6.751 11.933 14.709 18.458 21.963 27.340 28.920 33.780 38.330 40.698 47.415 48.665 51.264 50.052 48.599 36.985 34.921 32.603 27.142 24.063 21.360 16.052 12.392 11.407 14.003 14.239
-999.250 -999.250 -999.250 -999.250 -999.250 -999.250 -999.250 -999.250 -999.250 -999.250 -999.250 -999.250 -999.250 -999.250 -999.250 -999.250 -999.250 -999.250 -999.250 -999.250 -999.250 -999.250 -999.250 -999.250 -999.250 -999.250 -999.250 10.872 8.042 1.657 0.000 0.000 0.000 1.604 3.495 1.840 1.969 3.404 3.966 0.000 0.000 6.160 13.276 18.086 19.133 21.148 24.109 25.098 26.758 33.693 38.868 42.269 42.561 44.592 42.060 42.355 38.450 36.446 30.775 29.442 26.896 25.362 17.032 15.092 13.337 13.097 14.386
-999.250 -999.250 -999.250 -999.250 -999.250 -999.250 -999.250 -999.250 -999.250 -999.250 -999.250 -999.250 -999.250 -999.250 -999.250 -999.250 -999.250 -999.250 -999.250 -999.250 -999.250 -999.250 -999.250 -999.250 -999.250 -999.250 -999.250 12.761 7.914 4.015 0.000 3.526 1.727 5.646 6.100 5.193 3.043 7.447 9.017 8.104 8.114 12.160 15.414 16.547 19.130 20.846 23.501 24.753 28.968 33.913 34.182 41.237 38.210 41.830 44.679 44.093 38.585 32.360 30.668 27.944 27.448 25.284 19.839 16.099 14.886 15.871 14.401
-999.250 -999.250 -999.250 -999.250 -999.250 -999.250 -999.250 -999.250 -999.250 -999.250 -999.250 -999.250 -999.250 -999.250 -999.250 -999.250 -999.250 -999.250 -999.250 -999.250 -999.250 -999.250 -999.250 -999.250 -999.250 -999.250 -999.250 16.014 14.273 12.531 9.451 10.665 9.170 12.806 13.398 11.268 12.927 13.692 14.324 15.667 16.239 16.180 18.012 22.768 22.996 23.036 22.777 24.003 28.317 34.172 34.218 32.838 43.162 42.017 42.844 38.256 40.394 34.526 32.699 29.816 29.014 25.904 23.553 19.444 18.752 16.900 16.337
