data/medianmodel_22-Jan-2021.asc
ncols	141
nrows	288
xllcorner	-120191.398
yllcorner	-301404.813
cellsize	2000.000
NODATA_value	-999.250
[rows 140 to 167 of 288, columns 63 to 125 of 141]
1344.128 1389.767 1445.144 1367.715 1324.865 1260.497 1188.666 1109.743 991.877 940.905 884.402 829.551 813.661 794.562 835.269 913.932 999.338 1099.724 1205.174 1375.105 1522.422 1673.715 1802.686 -999.250 -999.250 -999.250 -999.250 -999.250 -999.250 -999.250 -999.250 -999.250 -999.250 -999.250 -999.250 -999.250 -999.250 -999.250 -999.250 -999.250 -999.250 -999.250 -999.250 -999.250 -999.250 -999.250 -999.250 -999.250 -999.250 -999.250 -999.250 -999.250 -999.250 -999.250 -999.250 -999.250 -999.250 -999.250 -999.250 -999.250 -999.250 -999.250 -999.250
1442.931 1623.349 1593.052 1469.969 1401.496 1329.712 1265.178 1210.361 1038.384 1018.996 923.057 919.817 895.488 870.646 922.184 957.984 1103.977 1205.710 1298.634 1429.780 1631.625 1740.211 1991.656 2040.489 -999.250 -999.250 -999.250 -999.250 -999.250 -999.250 -999.250 -999.250 -999.250 -999.250 -999.250 -999.250 -999.250 -999.250 -999.250 -999.250 -999.250 -999.250 -999.250 -999.250 -999.250 -999.250 -999.250 -999.250 -999.250 -999.250 -999.250 -999.250 -999.250 -999.250 -999.250 -999.250 -999.250 -999.250 -999.250 -999.250 -999.250 -999.250 -999.250
1520.704 1755.226 1652.412 1560.034 1418.783 1347.853 1311.796 1220.258 1190.340 1036.506 1017.704 972.103 980.025 1005.803 970.355 1033.451 1115.291 1232.375 1346.408 1536.171 1720.827 1919.295 2059.583 2184.610 2443.708 -999.250 -999.250 -999.250 -999.250 -999.250 -999.250 -999.250 -999.250 -999.250 -999.250 -999.250 -999.250 -999.250 -999.250 -999.250 -999.250 -999.250 -999.250 -999.250 -999.250 -999.250 -999.250 -999.250 -999.250 -999.250 -999.250 -999.250 -999.250 -999.250 -999.250 -999.250 -999.250 -999.250 -999.250 -999.250 -999.250 -999.250 -999.250
1571.250 1716.659 1628.941 1544.780 1494.403 1382.153 1294.710 1247.030 1187.120 1133.336 1090.689 1043.432 1053.455 1040.263 1071.735 1156.999 1186.488 1278.609 1395.078 1615.920 1812.371 2046.178 2171.020 2325.958 2669.184 2770.372 -999.250 -999.250 -999.250 -999.250 -999.250 -999.250 -999.250 -999.250 -999.250 -999.250 -999.250 -999.250 -999.250 -999.250 -999.250 -999.250 -999.250 -999.250 -999.250 -999.250 -999.250 -999.250 -999.250 -999.250 -999.250 -999.250 -999.250 -999.250 -999.250 -999.250 -999.250 -999.250 -999.250 -999.250 -999.250 -999.250 -999.250
1462.210 1583.752 1606.335 1577.327 1426.649 1391.425 1346.450 1270.414 1215.786 1185.379 1116.321 1146.728 1155.001 1132.253 1177.962 1200.600 1246.488 1261.896 1422.802 1703.356 1905.743 2164.499 2489.712 2546.026 2732.222 2901.586 -999.250 -999.250 -999.250 -999.250 -999.250 -999.250 -999.250 -999.250 -999.250 -999.250 -999.250 -999.250 -999.250 -999.250 -999.250 -999.250 -999.250 -999.250 -999.250 -999.250 -999.250 -999.250 -999.250 -999.250 -999.250 -999.250 -999.250 -999.250 -999.250 -999.250 -999.250 -999.250 -999.250 -999.250 -999.250 -999.250 -999.250
1386.121 1446.770 1479.880 1474.629 1422.625 1388.359 1349.094 1290.267 1203.816 1167.857 1229.545 1201.489 1173.566 1216.493 1238.894 1278.803 1287.120 1345.208 1418.908 1715.084 1928.435 2344.122 2663.751 2705.698 2921.547 3071.032 3264.254 3163.845 -999.250 -999.250 -999.250 -999.250 -999.250 -999.250 -999.250 -999.250 -999.250 -999.250 -999.250 -999.250 -999.250 -999.250 -999.250 -999.250 -999.250 -999.250 -999.250 -999.250 -999.250 -999.250 -999.250 -999.250 -999.250 -999.250 -999.250 -999.250 -999.250 -999.250 -999.250 -999.250 -999.250 -999.250 -999.250
1315.040 1375.728 1387.770 1394.341 1354.135 1314.743 1329.188 1278.899 1246.919 1195.887 1192.618 1213.689 1269.593 1290.776 1316.266 1297.555 1332.194 1447.377 1566.070 1785.813 2060.732 2414.038 2714.137 2771.999 3091.242 3268.503 3323.564 3263.824 3170.940 -999.250 -999.250 -999.250 -999.250 -999.250 -999.250 -999.250 -999.250 -999.250 -999.250 -999.250 -999.250 -999.250 -999.250 -999.250 -999.250 -999.250 -999.250 -999.250 -999.250 -999.250 -999.250 -999.250 -999.250 -999.250 -999.250 -999.250 -999.250 -999.250 -999.250 -999.250 -999.250 -999.250 -999.250
1288.086 1356.201 1427.391 1391.337 1320.348 1318.747 1287.327 1278.251 1273.383 1264.105 1264.132 1253.744 1272.037 1268.175 1328.623 1378.155 1445.002 1520.990 1682.962 1926.103 2085.146 2478.286 2751.684 2841.793 3092.312 3346.071 3643.637 3668.783 3178.762 -999.250 -999.250 -999.250 -999.250 -999.250 -999.250 -999.250 -999.250 -999.250 -999.250 -999.250 -999.250 -999.250 -999.250 -999.250 -999.250 -999.250 -999.250 -999.250 -999.250 -999.250 -999.250 -999.250 -999.250 -999.250 -999.250 -999.250 -999.250 -999.250 -999.250 -999.250 -999.250 -999.250 -999.250
1313.934 1378.213 1381.146 1408.488 1384.741 1314.925 1225.866 1265.828 1272.841 1306.326 1317.436 1278.874 1331.718 1325.114 1349.755 1454.874 1522.627 1588.111 1746.228 1949.503 2141.617 2454.661 2698.437 2931.124 3004.000 3372.779 3468.068 3905.447 3282.390 2819.311 2613.709 2290.880 -999.250 -999.250 -999.250 -999.250 -999.250 -999.250 -999.250 -999.250 -999.250 -999.250 -999.250 -999.250 -999.250 -999.250 -999.250 -999.250 -999.250 -999.250 -999.250 -999.250 -999.250 -999.250 -999.250 -999.250 -999.250 -999.250 -999.250 -999.250 -999.250 -999.250 -999.250
1328.631 1345.462 1401.572 1410.506 1375.876 1301.432 1292.442 1326.250 1329.368 1290.377 1357.188 1386.858 1322.893 1372.708 1401.903 1489.573 1594.026 1667.647 1761.159 1912.472 2106.782 2472.354 2635.675 2824.770 2948.691 2982.939 3121.540 3276.412 2963.945 2635.670 2341.724 2029.649 1928.053 -999.250 -999.250 -999.250 -999.250 -999.250 -999.250 -999.250 -999.250 -999.250 -999.250 -999.250 -999.250 -999.250 -999.250 -999.250 -999.250 -999.250 -999.250 -999.250 -999.250 -999.250 -999.250 -999.250 -999.250 -999.250 -999.250 -999.250 -999.250 -999.250 -999.250
1360.645 1374.922 1371.187 1455.756 1371.058 1372.363 1394.849 1419.227 1444.875 1335.475 1374.377 1434.555 1400.605 1374.090 1387.358 1484.090 1587.459 1709.939 1801.948 1897.259 2011.284 2180.328 2403.763 2529.018 2677.830 2760.363 2797.136 2773.850 2661.578 2315.422 2057.788 1854.293 -999.250 -999.250 -999.250 -999.250 -999.250 -999.250 -999.250 -999.250 -999.250 -999.250 -999.250 -999.250 -999.250 -999.250 -999.250 -999.250 -999.250 -999.250 -999.250 -999.250 -999.250 -999.250 -999.250 -999.250 -999.250 -999.250 -999.250 -999.250 -999.250 -999.250 -999.250
1402.475 1440.823 1470.670 1490.812 1505.177 1443.555 1502.013 1453.945 1444.727 1415.793 1391.193 1467.205 1406.303 1426.607 1489.195 1472.121 1600.412 1663.475 1741.736 1798.073 1875.005 2021.872 2237.740 2279.395 2337.754 2451.057 2453.542 2354.522 2199.844 1962.176 1796.329 1655.488 -999.250 -999.250 -999.250 -999.250 -999.250 -999.250 -999.250 -999.250 -999.250 -999.250 -999.250 -999.250 -999.250 -999.250 -999.250 -999.250 -999.250 -999.250 -999.250 -999.250 -999.250 -999.250 -999.250 -999.250 -999.250 -999.250 -999.250 -999.250 -999.250 -999.250 -999.250
1446.547 1464.468 1522.521 1552.825 1572.232 1576.261 1533.344 1539.817 1483.905 1522.919 1484.334 1523.150 1486.017 1433.038 1440.722 1454.389 1524.644 1562.828 1677.056 1793.898 1801.683 1844.026 1975.509 2082.704 2100.625 2121.246 2034.997 2013.468 1740.937 1621.379 1466.770 1391.598 -999.250 -999.250 -999.250 -999.250 -999.250 -999.250 -999.250 -999.250 -999.250 -999.250 -999.250 -999.250 -999.250 -999.250 -999.250 -999.250 -999.250 -999.250 -999.250 -999.250 -999.250 -999.250 -999.250 -999.250 -999.250 -999.250 -999.250 -999.250 -999.250 -999.250 -999.250
1470.700 1531.647 1564.971 1590.231 1571.815 1612.363 1624.182 1578.656 1563.287 1572.260 1611.110 1515.079 1484.660 1429.761 1472.481 1496.331 1457.777 1488.433 1536.222 1610.544 1634.278 1760.312 1801.022 1830.253 1806.598 1822.829 1735.740 1594.976 1412.309 1278.246 1174.382 1198.197 -999.250 -999.250 -999.250 -999.250 -999.250 -999.250 -999.250 -999.250 -999.250 -999.250 -999.250 -999.250 -999.250 -999.250 -999.250 -999.250 -999.250 -999.250 -999.250 -999.250 -999.250 -999.250 -999.250 -999.250 -999.250 -999.250 -999.250 -999.250 -999.250 -999.250 -999.250
1515.575 1546.821 1638.756 1680.409 1713.775 1667.236 1623.100 1680.909 1615.266 1592.709 1486.814 1447.525 1455.662 1429.832 1423.552 1438.076 1422.582 1422.732 1407.773 1453.389 1513.653 1516.008 1592.986 1685.556 1667.390 1581.403 1418.981 1301.839 1124.671 965.058 987.850 992.147 -999.250 -999.250 -999.250 -999.250 -999.250 -999.250 -999.250 -999.250 -999.250 -999.250 -999.250 -999.250 -999.250 -999.250 -999.250 -999.250 -999.250 -999.250 -999.250 -999.250 -999.250 -999.250 -999.250 -999.250 -999.250 -999.250 -999.250 -999.250 -999.250 -999.250 -999.250
1605.659 1601.257 1695.843 1687.663 1734.461 1770.718 1712.062 1699.795 1688.032 1707.027 1597.252 1549.452 1499.301 1467.525 1380.479 1422.520 1389.798 1342.308 1318.387 1339.019 1317.195 1344.330 1409.942 1440.426 1395.955 1335.428 1253.684 1124.172 959.204 861.881 915.897 944.240 -999.250 -999.250 -999.250 -999.250 -999.250 -999.250 -999.250 -999.250 -999.250 -999.250 -999.250 -999.250 -999.250 -999.250 -999.250 -999.250 -999.250 -999.250 -999.250 -999.250 -999.250 -999.250 -999.250 -999.250 -999.250 -999.250 -999.250 -999.250 -999.250 -999.250 -999.250
1699.449 1708.977 1777.275 1790.423 1794.475 1741.739 1734.567 1711.948 1764.599 1726.059 1720.159 1608.033 1480.628 1464.784 1364.458 1389.611 1345.893 1275.340 1243.255 1182.216 1153.031 1185.635 1201.137 1235.403 1206.952 1171.264 1039.412 960.666 869.940 864.165 866.237 922.843 933.323 -999.250 -999.250 -999.250 -999.250 -999.250 -999.250 -999.250 -999.250 -999.250 -999.250 -999.250 -999.250 -999.250 -999.250 -999.250 -999.250 -999.250 -999.250 -999.250 -999.250 -999.250 -999.250 -999.250 -999.250 -999.250 -999.250 -999.250 -999.250 -999.250 -999.250
1733.340 1775.193 1784.632 1838.007 1856.609 1792.437 1756.595 1746.928 1759.446 1732.852 1660.510 1632.762 1553.716 1454.206 1459.910 1349.929 1331.112 1295.877 1181.317 1091.059 1009.763 1034.366 1054.962 1187.592 1101.430 1004.086 957.812 908.304 860.472 864.326 872.040 923.149 965.029 1006.944 -999.250 -999.250 -999.250 -999.250 -999.250 -999.250 -999.250 -999.250 -999.250 -999.250 -999.250 -999.250 -999.250 -999.250 -999.250 -999.250 -999.250 -999.250 -999.250 -999.250 -999.250 -999.250 -999.250 -999.250 -999.250 -999.250 -999.250 -999.250 -999.250
1805.520 1819.593 1867.587 1954.313 1927.825 1844.807 1737.209 1759.846 1762.375 1718.453 1658.384 1664.776 1658.639 1547.010 1443.365 1398.864 1340.611 1260.544 1150.715 1010.512 830.936 932.367 964.675 1004.375 976.528 956.922 904.687 820.855 834.540 858.266 915.402 903.726 930.887 1053.088 1097.510 -999.250 -999.250 -999.250 -999.250 -999.250 -999.250 -999.250 -999.250 -999.250 -999.250 -999.250 -999.250 -999.250 -999.250 -999.250 -999.250 -999.250 -999.250 -999.250 -999.250 -999.250 -999.250 -999.250 -999.250 -999.250 -999.250 -999.250 -999.250
1861.019 1918.692 1982.108 2008.583 1918.715 1861.679 1780.322 1754.422 1711.807 1754.943 1675.726 1632.520 1601.639 1601.805 1456.033 1451.327 1417.692 1301.935 1208.025 1111.699 973.076 999.394 997.703 1001.718 937.422 902.304 856.712 874.570 833.492 870.598 900.872 912.952 986.131 1007.953 1066.456 -999.250 -999.250 -999.250 -999.250 -999.250 -999.250 -999.250 -999.250 -999.250 -999.250 -999.250 -999.250 -999.250 -999.250 -999.250 -999.250 -999.250 -999.250 -999.250 -999.250 -999.250 -999.250 -999.250 -999.250 -999.250 -999.250 -999.250 -999.250
1841.153 1965.529 2127.518 2017.542 1885.659 1863.519 1781.295 1778.759 1746.405 1659.305 1690.274 1634.069 1641.231 1544.747 1504.348 1503.316 1508.833 1400.392 1309.274 1254.373 1187.032 1133.129 1039.484 977.600 977.176 937.172 911.594 871.957 890.408 888.231 888.685 928.889 935.480 1020.876 1059.562 -999.250 -999.250 -999.250 -999.250 -999.250 -999.250 -999.250 -999.250 -999.250 -999.250 -999.250 -999.250 -999.250 -999.250 -999.250 -999.250 -999.250 -999.250 -999.250 -999.250 -999.250 -999.250 -999.250 -999.250 -999.250 -999.250 -999.250 -999.250
1811.739 1940.776 1982.611 1939.984 1947.042 1851.213 1729.692 1750.450 1728.323 1722.481 1630.506 1665.712 1594.484 1583.843 1597.902 1557.919 1632.294 1608.431 1451.049 1385.390 1314.317 1238.741 1180.782 1090.810 1077.471 996.141 956.587 934.814 940.087 931.005 930.368 1004.023 1027.552 1015.888 1070.730 -999.250 -999.250 -999.250 -999.250 -999.250 -999.250 -999.250 -999.250 -999.250 -999.250 -999.250 -999.250 -999.250 -999.250 -999.250 -999.250 -999.250 -999.250 -999.250 -999.250 -999.250 -999.250 -999.250 -999.250 -999.250 -999.250 -999.250 -999.250
1776.009 1775.392 1831.957 1841.383 1843.258 1826.077 1721.110 1696.628 1615.861 1686.247 1697.728 1620.332 1635.097 1655.168 1676.358 1635.765 1642.424 1672.431 1662.266 1602.252 1445.735 1377.404 1255.060 1196.063 1180.610 1084.863 1031.847 991.988 956.434 970.129 967.035 1082.380 1049.805 1099.147 1174.874 -999.250 -999.250 -999.250 -999.250 -999.250 -999.250 -999.250 -999.250 -999.250 -999.250 -999.250 -999.250 -999.250 -999.250 -999.250 -999.250 -999.250 -999.250 -999.250 -999.250 -999.250 -999.250 -999.250 -999.250 -999.250 -999.250 -999.250 -999.250
1682.049 1671.296 1707.053 1750.394 1723.369 1742.007 1598.328 1580.255 1625.841 1556.298 1539.046 1608.065 1622.403 1588.469 1735.368 1693.235 1732.891 1773.677 1832.543 1708.473 1579.889 1427.879 1312.760 1248.319 1209.557 1161.479 1097.032 1051.600 1044.033 1068.818 1079.175 1146.917 1166.716 1181.421 1177.938 1205.107 -999.250 -999.250 -999.250 -999.250 -999.250 -999.250 -999.250 -999.250 -999.250 -999.250 -999.250 -999.250 -999.250 -999.250 -999.250 -999.250 -999.250 -999.250 -999.250 -999.250 -999.250 -999.250 -999.250 -999.250 -999.250 -999.250 -999.250
1632.327 1558.510 1587.665 1584.702 1596.042 1560.000 1518.431 1521.381 1498.172 1462.516 1453.094 1505.728 1529.137 1564.558 1650.303 1701.703 1756.846 1809.928 1804.037 1730.458 1638.729 1526.580 1402.353 1332.144 1246.855 1224.535 1176.705 1147.397 1152.969 1138.815 1181.494 1163.891 1152.064 1159.543 1222.906 1237.122 1260.780 -999.250 -999.250 -999.250 -999.250 -999.250 -999.250 -999.250 -999.250 -999.250 -999.250 -999.250 -999.250 -999.250 -999.250 -999.250 -999.250 -999.250 -999.250 -999.250 -999.250 -999.250 -999.250 -999.250 -999.250 -999.250 -999.250
1479.553 1492.463 1457.847 1465.303 1401.824 1423.874 1420.656 1380.876 1418.699 1414.093 1429.950 1462.366 1539.847 1585.530 1602.786 1697.193 1755.335 1780.570 1753.055 1710.856 1643.270 1538.375 1446.832 1348.846 1350.465 1325.447 1261.346 1222.253 1231.365 1189.288 1186.230 1240.042 1207.832 1201.778 1232.303 1267.368 1365.098 1352.654 1482.774 1545.524 -999.250 -999.250 -999.250 -999.250 -999.250 -999.250 -999.250 -999.250 -999.250 -999.250 -999.250 -999.250 -999.250 -999.250 -999.250 -999.250 -999.250 -999.250 -999.250 -999.250 -999.250 -999.250 -999.250
1365.755 1404.469 1346.913 1302.242 1295.950 1263.623 1279.355 1244.789 1292.173 1328.141 1364.202 1380.957 1433.281 1512.456 1596.780 1665.076 1703.728 1679.216 1667.517 1700.617 1600.050 1532.956 1407.031 1417.155 1341.562 1341.817 1344.024 1303.219 1278.895 1303.262 1253.817 1268.580 1238.297 1267.108 1220.486 1303.150 1338.579 1393.204 1502.270 1578.535 -999.250 -999.250 -999.250 -999.250 -999.250 -999.250 -999.250 -999.250 -999.250 -999.250 -999.250 -999.250 -999.250 -999.250 -999.250 -999.250 -999.250 -999.250 -999.250 -999.250 -999.250 -999.250 -999.250
1274.748 1303.578 1267.934 1237.910 1205.170 1176.197 1129.159 1174.294 1202.972 1208.809 1316.912 1347.533 1340.216 1481.542 1495.816 1605.806 1663.302 1636.603 1694.965 1708.470 1620.408 1578.604 1502.185 1457.006 1383.061 1370.595 1345.246 1373.418 1319.963 1293.333 1277.373 1274.847 1274.476 1265.280 1294.280 1301.015 1375.914 1448.928 1562.947 -999.250 -999.250 -999.250 -999.250 -999.250 -999.250 -999.250 -999.250 -999.250 -999.250 -999.250 -999.250 -999.250 -999.250 -999.250 -999.250 -999.250 -999.250 -999.250 -999.250 -999.250 -999.250 -999.250 -999.250
