data/medianmodel_05-Oct-2020.asc
ncols	141
nrows	288
xllcorner	-120191.398
yllcorner	-301404.813
cellsize	2000.000
NODATA_value	-999.250
[rows 30 to 59 of 288, columns 67 to 133 of 141]
58.867 60.887 65.355 65.612 57.576 54.335 42.331 35.575 26.273 14.348 14.516 3.922 1.970 0.000 0.198 1.578 3.006 8.742 12.866 22.035 25.115 28.761 35.549 44.005 48.863 48.558 55.748 58.183 55.649 62.725 63.564 64.984 70.899 66.327 66.749 76.667 80.141 89.089 109.225 106.995 129.165 130.150 153.404 152.128 165.705 169.114 181.628 206.572 219.921 242.684 239.972 222.085 232.158 224.188 237.849 232.940 216.234 233.302 226.057 245.212 248.571 218.045 191.288 165.950 157.255 136.744 127.038
43.976 41.653 44.042 43.212 39.170 32.588 27.061 23.817 16.607 7.886 3.329 0.000 0.000 0.000 0.305 1.807 6.474 10.224 15.882 22.397 28.369 34.899 40.138 48.910 50.704 51.225 51.576 49.553 53.291 59.305 60.801 65.240 69.279 70.319 67.178 65.238 79.505 92.971 87.907 105.109 130.658 126.408 132.909 151.951 164.188 157.796 163.451 180.014 197.542 220.758 215.300 212.287 208.497 208.003 222.363 219.256 214.544 222.691 225.525 239.637 227.967 214.335 174.687 163.021 139.747 119.334 118.788
31.393 28.991 26.808 30.859 24.644 21.325 14.831 9.675 8.686 2.729 1.132 0.000 0.000 0.000 1.219 5.441 9.200 15.303 18.864 30.729 33.950 40.689 45.003 43.395 56.020 53.244 51.676 45.372 55.058 54.321 59.414 55.427 57.325 58.376 59.130 65.619 74.469 80.393 86.734 97.521 116.190 128.617 132.785 141.096 138.006 148.170 150.112 164.735 166.440 185.410 192.761 190.791 190.592 193.119 186.493 187.269 214.093 203.663 195.607 197.948 189.865 175.631 159.115 138.244 114.663 111.439 105.105
15.242 17.744 17.503 19.089 18.146 13.029 9.025 3.960 1.723 0.756 0.000 0.000 0.000 0.889 2.094 7.811 12.138 15.772 22.994 32.524 36.057 40.463 43.422 49.993 50.624 54.806 48.868 51.211 46.909 48.094 49.778 53.323 46.106 57.197 60.882 62.420 70.774 75.983 83.847 95.710 104.168 124.001 128.421 138.689 132.838 143.335 136.194 155.251 161.477 165.363 172.100 174.349 172.693 170.605 186.568 185.210 181.021 176.576 178.724 161.929 164.712 162.644 149.019 120.879 109.043 91.534 77.906
7.348 9.365 8.444 8.123 9.239 5.398 0.000 0.000 1.887 2.297 2.126 0.102 3.255 5.749 7.095 13.027 14.938 20.274 26.934 29.611 35.050 40.940 45.815 47.356 49.519 54.207 45.329 46.300 43.281 45.575 45.917 49.624 44.198 51.525 51.671 60.974 70.523 72.577 76.845 87.341 93.168 102.000 110.235 118.689 116.503 111.858 116.513 140.127 154.592 138.635 153.850 156.341 159.367 146.192 168.952 151.899 170.027 159.313 142.694 143.246 141.122 137.672 117.179 97.170 92.970 76.003 75.391
2.418 0.632 2.807 1.684 5.351 1.836 0.000 0.000 1.965 3.295 4.849 6.004 4.449 7.576 8.361 16.915 21.715 25.950 30.407 33.933 38.323 43.339 43.922 49.009 48.769 52.101 50.574 46.920 40.000 35.342 39.164 40.455 38.484 41.565 42.664 52.230 54.601 62.549 71.701 79.392 79.861 92.799 95.589 98.073 111.470 106.035 122.762 134.024 126.627 132.114 137.138 136.004 135.853 133.727 149.005 143.668 144.763 142.413 116.892 125.563 114.633 101.151 96.667 85.604 81.102 70.452 65.380
0.000 0.000 1.903 1.115 2.898 0.239 0.302 3.430 3.004 4.010 7.616 10.205 11.860 15.547 15.409 20.407 23.257 28.900 34.276 38.182 37.978 41.425 47.839 45.840 46.574 47.023 46.067 38.665 34.181 32.923 32.237 33.390 32.178 36.251 40.546 45.719 47.955 58.478 60.981 69.213 74.955 75.137 89.835 82.176 84.237 89.018 95.926 110.755 117.433 118.459 126.847 127.483 122.734 123.991 115.733 126.157 111.861 117.670 119.087 106.289 107.128 91.659 82.148 75.258 68.267 65.505 59.242
0.000 0.000 0.000 0.223 2.776 3.390 5.172 4.659 8.803 11.165 13.109 17.398 15.067 22.824 25.240 27.356 33.030 37.335 37.872 44.748 48.100 48.080 52.250 46.547 49.087 44.102 41.166 34.180 34.723 33.146 31.307 31.561 29.479 30.648 35.037 41.487 40.122 48.559 52.375 60.321 68.179 78.672 80.476 79.176 74.279 82.915 92.476 98.532 92.834 114.739 108.116 108.466 115.133 109.715 101.914 101.546 110.200 98.211 98.854 91.598 93.283 84.343 72.857 67.878 64.739 58.872 52.434
0.000 0.000 0.000 1.501 6.415 7.191 8.774 10.622 11.666 16.519 20.944 22.982 24.805 28.680 28.531 37.953 36.407 46.206 50.044 48.807 53.297 56.166 54.348 51.329 44.583 44.560 38.765 33.869 33.576 30.139 28.986 28.994 27.344 30.920 31.616 36.089 33.991 40.283 44.615 49.003 57.378 61.971 62.952 65.823 69.903 71.144 84.681 78.270 79.399 85.844 98.364 91.739 98.855 96.402 95.853 94.835 85.511 76.862 82.363 79.368 77.360 73.774 67.451 60.344 54.813 52.289 55.210
0.000 0.000 0.000 5.066 6.715 9.169 15.148 15.619 17.360 21.837 25.856 30.366 28.744 31.045 31.078 36.266 45.497 42.904 52.285 53.788 57.887 56.088 56.210 49.537 46.312 42.741 37.003 39.847 33.569 29.811 27.248 28.207 28.926 29.225 30.967 31.766 26.890 33.050 37.814 42.897 42.472 49.849 57.753 57.211 57.305 64.079 63.504 75.380 83.136 93.317 77.428 81.413 90.203 75.939 83.895 69.801 71.975 72.987 71.067 68.761 69.737 69.638 70.960 56.103 59.245 54.841 63.534
0.000 0.000 0.000 8.388 12.507 13.598 15.590 23.267 20.348 27.153 28.881 33.524 36.834 36.317 36.411 37.993 45.013 47.078 44.548 50.778 50.413 54.915 50.692 45.653 43.672 42.282 35.257 33.322 27.643 29.729 26.414 26.470 29.118 25.725 27.639 27.819 27.485 29.390 34.228 33.597 37.104 39.370 49.603 50.248 49.669 61.335 63.933 64.483 74.135 79.087 76.665 74.593 73.784 69.822 73.556 71.249 67.088 63.338 59.871 58.501 60.801 59.522 65.228 60.773 53.166 51.124 50.630
0.000 0.000 1.193 9.889 11.979 16.204 26.080 29.995 31.790 33.866 34.080 38.284 40.457 38.276 39.620 39.733 47.400 46.358 42.719 48.339 49.366 49.547 47.459 40.946 40.743 37.536 32.395 25.567 23.731 21.618 26.344 28.220 24.735 23.705 22.083 21.428 26.125 28.354 30.045 27.482 32.141 33.830 47.116 48.829 50.464 57.618 59.997 55.941 57.914 66.451 68.931 61.842 68.965 66.224 67.953 64.563 64.230 61.240 49.118 58.975 64.054 54.867 57.971 65.002 54.733 56.327 54.814
3.832 4.047 5.252 9.283 14.030 21.470 24.731 30.270 36.353 39.951 42.684 48.034 43.138 42.476 43.406 46.617 45.992 43.664 43.923 42.003 45.151 42.000 38.144 34.394 32.816 33.103 25.498 23.488 23.571 25.481 23.748 24.421 25.592 24.341 23.165 23.209 21.000 24.429 26.993 26.131 27.847 34.017 40.981 44.474 46.860 52.430 56.368 60.478 53.286 66.543 64.228 65.002 64.306 57.997 64.350 59.365 59.931 61.907 55.058 65.118 61.472 61.592 55.229 59.495 68.866 -999.250 -999.250
8.729 7.214 8.120 10.615 14.535 20.263 27.117 29.658 36.032 41.086 42.301 46.698 43.309 43.494 44.879 43.828 40.114 42.880 38.791 37.843 34.202 33.505 32.475 29.143 27.559 27.364 18.535 20.717 21.151 18.616 18.599 19.472 24.365 20.158 18.526 25.399 23.645 24.282 23.498 25.155 30.794 36.491 43.956 52.232 60.585 61.272 59.393 60.849 62.370 61.799 63.908 65.975 66.929 64.850 63.096 58.728 54.856 55.906 57.286 64.765 55.078 57.449 58.889 61.010 69.033 68.398 -999.250
12.744 12.165 10.499 12.720 17.401 25.394 31.993 34.458 37.427 46.272 46.737 50.867 45.600 43.087 40.636 39.900 38.578 39.323 37.674 29.787 28.995 30.253 25.171 21.313 19.847 15.866 16.965 17.144 21.102 17.971 17.846 19.404 18.206 20.118 17.301 20.561 25.953 24.090 24.385 29.303 33.867 42.464 53.419 57.477 68.770 68.681 72.299 66.608 61.377 70.264 66.815 69.565 74.466 67.794 67.095 58.821 55.176 59.972 63.088 64.842 65.807 64.570 63.635 67.696 -999.250 -999.250 -999.250
16.224 14.087 14.098 14.538 24.932 24.051 32.081 37.160 44.127 52.421 52.118 51.089 48.001 37.453 38.579 36.375 33.915 27.880 28.334 22.884 23.739 17.215 15.213 12.997 8.812 10.606 13.073 16.549 17.026 16.303 13.814 14.788 16.325 16.049 19.417 22.189 19.139 22.011 29.151 32.706 37.986 48.109 57.356 68.275 77.154 74.779 80.420 82.180 85.894 77.860 85.814 79.901 80.234 71.497 75.442 70.875 68.186 66.809 68.491 69.683 74.790 67.369 62.761 66.418 -999.250 -999.250 -999.250
24.010 18.470 19.074 20.753 21.582 28.639 34.307 38.634 50.915 56.043 53.574 49.382 43.129 37.272 34.723 34.081 31.099 24.328 20.639 18.740 14.002 10.448 7.597 7.433 5.072 6.976 9.529 13.442 16.111 14.181 11.912 12.164 10.243 14.489 15.193 21.456 23.978 27.310 31.356 40.545 44.195 64.583 67.956 81.313 85.247 88.018 96.710 101.992 97.857 101.911 114.184 100.489 90.932 86.892 86.600 80.503 77.519 78.144 75.960 74.705 76.265 76.882 71.361 -999.250 -999.250 -999.250 -999.250
26.668 22.248 24.434 25.471 26.237 29.758 35.201 40.509 43.332 45.092 41.527 41.091 34.521 38.021 34.751 34.001 30.161 21.180 17.492 12.800 8.710 0.000 0.895 1.664 1.042 2.782 4.415 10.980 10.061 12.364 9.418 9.681 10.527 13.037 16.545 20.557 23.867 30.977 42.423 46.778 56.381 69.234 84.256 86.854 101.976 107.004 118.809 135.146 126.163 119.073 127.206 127.708 120.124 103.405 104.343 100.961 90.289 91.118 89.179 78.719 85.448 -999.250 -999.250 -999.250 -999.250 -999.250 -999.250
28.879 24.482 24.977 23.152 21.886 28.607 32.148 35.925 37.612 38.258 37.714 32.448 33.041 33.533 27.809 26.654 22.758 20.621 15.394 8.247 4.447 0.000 0.000 0.000 0.000 0.047 2.811 1.327 4.005 4.878 8.287 6.599 9.422 12.131 15.287 21.161 30.537 38.134 44.774 57.119 68.349 86.687 100.352 95.591 118.497 138.528 139.423 137.520 160.599 158.863 156.424 134.031 136.807 126.393 135.054 113.690 119.910 110.308 99.342 95.352 85.553 -999.250 -999.250 -999.250 -999.250 -999.250 -999.250
28.276 26.214 21.673 21.098 20.614 21.407 28.178 27.094 30.670 31.051 31.978 33.775 26.392 25.368 20.850 19.828 16.898 16.311 11.071 4.766 1.219 0.000 0.000 0.000 0.000 0.030 0.596 0.000 0.000 1.239 2.884 2.880 5.704 9.234 18.655 23.812 31.294 46.918 60.641 73.198 86.706 99.795 101.433 122.851 140.651 156.663 164.873 182.291 189.050 186.342 171.019 167.660 156.431 161.861 150.939 146.783 -999.250 119.066 105.780 -999.250 -999.250 -999.250 -999.250 -999.250 -999.250 -999.250 -999.250
35.554 27.443 25.606 18.731 16.401 17.527 20.408 23.126 22.330 24.453 26.883 24.920 20.975 20.114 17.912 16.744 13.826 8.886 7.927 4.727 4.197 0.323 0.000 0.000 0.000 0.000 0.000 0.000 0.000 0.000 0.000 1.411 4.027 9.535 15.927 29.270 40.469 55.183 71.516 84.802 91.967 111.280 123.177 149.164 175.490 175.797 182.838 210.288 227.247 232.474 211.842 212.284 197.260 182.816 -999.250 -999.250 -999.250 -999.250 -999.250 -999.250 -999.250 -999.250 -999.250 -999.250 -999.250 -999.250 -999.250
36.868 31.590 24.632 16.856 13.192 14.231 14.420 15.185 17.962 19.947 16.936 19.018 16.571 14.220 13.891 12.281 10.601 4.793 4.812 4.972 1.561 0.215 0.000 0.000 0.000 0.000 0.000 0.000 0.000 0.000 0.000 0.000 2.140 9.297 18.552 31.540 43.329 60.781 74.953 90.030 100.189 122.746 143.747 175.692 180.245 222.235 221.738 235.851 233.609 231.823 241.710 238.314 229.101 -999.250 -999.250 -999.250 -999.250 -999.250 -999.250 -999.250 -999.250 -999.250 -999.250 -999.250 -999.250 -999.250 -999.250
46.264 34.075 23.085 13.585 10.665 10.847 12.582 15.154 18.643 19.583 17.520 14.553 16.268 11.105 10.897 8.550 5.046 1.885 0.045 2.728 2.920 0.000 0.000 0.000 0.000 0.000 0.000 0.000 0.000 0.000 0.000 2.556 6.168 15.865 24.269 33.584 48.145 65.477 81.471 102.975 118.444 140.494 156.994 199.349 221.290 248.446 264.420 285.427 289.652 301.202 274.344 280.895 251.356 -999.250 -999.250 -999.250 -999.250 -999.250 -999.250 -999.250 -999.250 -999.250 -999.250 -999.250 -999.250 -999.250 -999.250
53.530 38.183 22.961 8.248 4.182 7.442 14.157 25.360 20.497 18.073 13.625 12.763 10.459 8.770 7.257 4.422 3.607 3.504 0.460 0.504 2.232 1.312 0.000 0.000 0.473 0.000 0.000 0.000 0.000 0.000 0.000 2.728 8.228 13.183 26.660 39.710 55.472 77.973 91.275 110.313 136.526 149.318 184.747 203.958 249.413 291.173 280.499 322.888 329.560 348.277 304.231 296.025 -999.250 -999.250 -999.250 -999.250 -999.250 -999.250 -999.250 -999.250 -999.250 -999.250 -999.250 -999.250 -999.250 -999.250 -999.250
68.788 44.389 24.615 0.000 0.000 5.003 13.335 18.902 17.314 19.322 15.729 8.451 6.870 1.696 0.648 2.224 0.352 0.400 1.469 0.000 0.281 0.813 0.000 2.383 1.135 0.000 0.133 0.903 0.264 0.000 0.000 1.007 8.454 16.836 27.653 41.192 59.613 81.409 90.680 108.930 146.343 157.466 190.707 221.777 257.541 315.937 348.862 353.994 383.444 374.407 370.864 -999.250 -999.250 -999.250 -999.250 -999.250 -999.250 -999.250 -999.250 -999.250 -999.250 -999.250 -999.250 -999.250 -999.250 -999.250 -999.250
79.648 57.976 33.987 16.346 7.841 8.603 10.316 15.472 17.294 16.899 12.539 6.702 2.362 0.000 0.000 0.000 0.000 0.000 2.897 0.586 0.769 0.528 0.000 2.426 4.148 3.922 4.566 2.865 0.536 0.356 1.631 3.091 8.244 15.537 24.909 45.216 62.637 82.885 98.131 122.354 150.141 170.508 215.295 253.649 305.834 339.406 362.780 399.874 416.526 442.082 413.347 -999.250 -999.250 -999.250 -999.250 -999.250 -999.250 -999.250 -999.250 -999.250 -999.250 -999.250 -999.250 -999.250 -999.250 -999.250 -999.250
87.247 74.925 49.613 32.884 16.949 12.104 13.907 15.159 13.939 9.361 10.219 4.755 0.000 0.000 0.000 0.000 0.000 0.000 0.942 1.145 4.689 4.886 3.533 4.407 6.331 6.823 7.371 7.969 6.232 3.793 3.817 7.362 11.986 19.399 28.202 51.274 70.505 88.885 110.561 140.564 163.761 181.053 217.247 281.346 300.709 367.998 382.148 415.056 455.435 444.703 -999.250 -999.250 -999.250 -999.250 -999.250 -999.250 -999.250 -999.250 -999.250 -999.250 -999.250 -999.250 -999.250 -999.250 -999.250 -999.250 -999.250
86.106 88.784 64.673 46.179 29.583 22.663 16.067 17.563 14.012 11.215 8.595 2.758 0.000 0.000 0.000 0.000 0.000 0.000 1.806 8.014 9.047 7.583 9.257 9.617 11.425 9.226 10.040 12.259 10.529 8.532 7.777 10.454 15.456 23.897 30.755 50.032 72.597 88.172 106.719 149.234 176.973 218.439 240.639 311.409 351.372 370.111 413.046 442.428 454.821 454.837 -999.250 -999.250 -999.250 -999.250 -999.250 -999.250 -999.250 -999.250 -999.250 -999.250 -999.250 -999.250 -999.250 -999.250 -999.250 -999.250 -999.250
84.095 85.303 67.663 46.191 35.964 28.001 21.252 16.697 14.860 12.453 7.664 4.097 0.000 0.000 0.000 0.000 0.000 0.000 5.877 7.927 7.374 12.270 13.404 16.607 18.580 14.104 16.467 14.820 14.523 13.846 14.186 13.943 23.612 25.920 39.649 51.265 68.427 93.944 115.635 140.720 174.931 218.777 258.468 288.963 353.188 384.767 421.541 439.122 461.349 453.606 -999.250 -999.250 -999.250 -999.250 -999.250 -999.250 -999.250 -999.250 -999.250 -999.250 -999.250 -999.250 -999.250 -999.250 -999.250 -999.250 -999.250
79.807 71.850 67.010 52.266 41.943 32.100 27.174 21.449 18.085 14.041 9.118 7.262 0.032 0.000 0.000 0.000 0.000 0.843 8.016 9.097 12.278 17.347 18.696 24.347 24.663 24.349 19.162 21.316 20.733 22.526 16.727 17.207 25.536 33.788 43.543 61.856 76.760 96.459 119.385 147.031 173.316 223.479 259.062 329.958 357.535 376.960 395.365 419.478 441.672 -999.250 -999.250 -999.250 -999.250 -999.250 -999.250 -999.250 -999.250 -999.250 -999.250 -999.250 -999.250 -999.250 -999.250 -999.250 -999.250 -999.250 -999.250
