data/medianmodel_23-Oct-2020.asc
ncols	141
nrows	288
xllcorner	-120191.398
yllcorner	-301404.813
cellsize	2000.000
NODATA_value	-999.250
[rows 180 to 209 of 288, columns 0 to 65 of 141]
-999.250 -999.250 -999.250 221.798 242.045 249.230 271.075 246.394 218.139 214.245 220.856 191.020 185.137 220.149 233.822 231.078 229.787 253.800 239.719 262.779 271.093 255.480 222.239 197.891 192.617 175.079 162.922 160.494 139.066 147.981 142.302 140.624 161.830 148.076 120.170 98.496 108.551 95.433 98.974 100.241 88.389 84.421 77.946 77.158 84.573 75.031 80.338 89.582 77.028 76.356 72.290 65.412 54.881 56.035 47.558 40.494 36.745 42.732 36.347 36.763 41.734 44.434 40.563 47.866 58.013 63.058
-999.250 -999.250 -999.250 227.196 243.902 293.062 281.875 287.480 274.236 231.417 211.490 206.876 214.316 210.894 226.719 242.017 242.421 255.250 277.027 275.028 244.187 229.709 195.704 184.953 189.040 190.068 152.186 154.743 148.136 142.247 163.051 160.710 136.082 141.236 125.986 119.124 113.866 109.388 103.294 106.011 95.330 90.923 89.843 81.733 96.287 85.019 81.626 87.231 80.263 75.182 71.471 72.989 67.082 59.738 56.469 58.962 56.265 42.847 44.160 43.749 41.746 47.828 43.603 49.660 52.033 53.457
-999.250 -999.250 224.582 225.774 254.130 290.099 265.126 246.470 257.847 242.032 243.562 249.346 226.725 240.737 258.858 262.863 261.179 264.038 236.676 253.281 248.954 191.193 191.468 183.031 172.751 150.153 136.074 151.058 149.177 168.689 153.569 166.798 159.656 152.140 146.215 136.798 123.975 120.428 121.736 104.373 107.325 106.288 91.946 100.619 92.087 83.372 92.962 93.332 89.378 81.456 78.322 82.481 75.152 71.400 68.256 67.109 63.758 57.632 49.448 50.827 58.174 52.897 48.554 45.144 52.036 52.672
-999.250 -999.250 232.109 245.966 270.832 289.042 279.132 286.192 247.757 250.484 270.058 257.663 223.239 230.106 236.779 266.731 296.210 284.466 278.627 246.433 -999.250 220.771 180.004 173.000 155.444 137.064 136.583 147.105 155.461 173.191 155.068 145.587 148.789 146.864 147.564 129.886 138.079 140.579 128.153 117.480 110.318 106.879 100.593 102.921 79.168 90.335 75.351 78.991 78.092 76.911 86.879 92.521 87.278 97.581 87.737 85.816 75.530 69.859 71.170 62.579 53.374 63.408 55.064 50.578 57.326 55.100
-999.250 214.860 224.293 248.336 264.712 270.774 275.072 298.574 260.270 286.858 277.266 257.203 240.261 250.517 248.258 262.679 318.690 288.339 272.645 -999.250 -999.250 204.286 190.233 165.891 153.499 132.967 139.755 142.025 140.783 152.505 158.434 144.663 142.918 141.223 139.197 126.463 139.164 125.696 128.268 134.600 122.930 115.667 114.646 101.024 96.964 84.009 86.014 76.490 79.521 80.141 87.356 104.351 115.662 103.793 112.730 85.248 82.962 75.329 75.495 72.348 66.138 64.554 51.079 47.411 52.898 53.317
-999.250 261.633 271.082 259.598 283.832 291.758 280.773 303.499 284.153 323.201 288.264 276.375 248.298 281.369 275.075 273.548 304.157 298.698 -999.250 -999.250 -999.250 -999.250 207.560 174.221 154.436 132.704 135.273 132.954 124.169 142.164 138.100 126.720 132.134 155.062 147.561 142.125 146.719 145.223 139.097 144.016 116.698 126.323 116.821 98.768 99.592 93.758 75.974 93.478 84.029 95.434 96.443 93.444 112.329 123.689 130.432 116.357 93.762 93.835 99.890 77.914 79.803 61.574 64.569 56.473 58.765 59.522
259.106 248.120 252.144 280.397 290.048 303.786 280.975 305.114 274.686 312.211 294.942 285.636 283.085 271.036 271.991 303.745 281.253 270.687 -999.250 -999.250 -999.250 -999.250 -999.250 167.169 150.409 125.135 125.499 128.892 135.512 117.441 123.413 146.844 138.232 154.674 166.259 141.223 132.032 145.793 161.706 144.702 117.776 119.930 108.212 98.004 95.037 80.469 88.861 91.494 85.699 87.561 107.322 98.173 121.285 145.815 142.052 129.492 121.055 110.310 102.250 87.482 101.559 69.416 65.074 62.584 50.885 55.306
-999.250 254.213 244.001 284.826 271.428 275.958 289.691 286.818 287.512 287.434 278.487 291.929 291.137 319.058 302.732 339.281 296.035 282.618 -999.250 -999.250 -999.250 -999.250 174.122 150.192 134.700 128.882 131.085 118.243 122.686 114.816 128.990 125.154 155.011 153.660 155.372 147.556 135.058 148.555 142.471 133.910 106.517 100.036 92.008 103.845 75.926 79.078 87.441 91.665 105.810 99.688 119.462 127.939 129.330 154.416 157.808 142.988 139.992 140.051 120.308 115.376 106.117 82.946 77.430 66.968 61.686 57.737
-999.250 259.688 258.969 300.286 299.385 287.238 262.088 260.393 279.540 290.925 268.953 293.097 307.144 296.522 312.086 369.763 336.605 309.210 -999.250 -999.250 -999.250 186.979 -999.250 156.642 137.720 127.427 125.546 117.294 106.429 109.288 123.833 135.275 157.223 162.526 142.310 131.236 160.236 145.429 119.553 111.165 108.754 89.322 76.867 70.038 74.313 70.952 87.979 88.478 108.864 115.232 117.147 123.644 134.356 167.803 181.827 158.806 155.860 143.516 128.999 126.115 103.635 102.635 92.429 77.908 74.998 63.817
-999.250 281.314 302.024 319.421 285.917 278.736 278.924 265.738 275.327 268.161 263.313 270.152 263.766 282.945 325.511 317.805 308.155 -999.250 -999.250 -999.250 -999.250 189.984 172.762 153.231 155.929 128.892 125.881 116.838 120.192 124.862 111.356 128.636 133.724 138.717 148.594 154.293 156.057 147.787 131.900 107.477 110.190 76.431 80.376 70.781 67.980 60.673 88.479 96.636 100.953 117.248 108.069 134.612 137.620 146.872 175.229 169.489 173.790 156.390 147.475 134.933 137.825 108.727 95.828 77.446 85.427 79.833
-999.250 302.430 294.256 336.598 291.237 287.316 282.619 282.138 246.709 238.692 260.015 277.327 276.052 273.758 277.604 294.930 273.353 -999.250 -999.250 -999.250 180.908 175.231 177.040 154.673 128.101 114.890 123.283 117.893 121.292 116.677 123.198 123.938 144.121 131.782 159.082 158.290 170.134 154.096 129.958 121.791 98.155 75.478 70.187 70.698 58.424 62.581 74.666 89.674 105.850 117.106 136.055 157.259 167.992 157.287 181.567 182.762 184.985 177.082 170.374 159.712 137.837 141.866 117.260 96.432 100.854 103.358
-999.250 -999.250 -999.250 273.543 -999.250 -999.250 258.666 259.395 254.243 -999.250 -999.250 -999.250 257.062 275.655 -999.250 -999.250 -999.250 -999.250 -999.250 -999.250 171.147 162.029 155.088 145.056 134.797 122.462 118.087 121.412 125.298 129.220 125.353 135.762 136.074 141.406 154.608 125.609 139.457 138.956 118.319 110.153 110.132 85.713 67.110 71.409 65.362 57.871 68.277 81.630 96.803 127.139 127.832 155.743 164.171 187.440 185.417 195.464 191.715 187.941 174.118 172.931 143.831 126.597 121.488 129.636 107.255 110.058
-999.250 -999.250 -999.250 -999.250 -999.250 -999.250 -999.250 -999.250 -999.250 -999.250 -999.250 -999.250 -999.250 252.433 276.375 272.542 -999.250 -999.250 -999.250 150.770 137.817 162.427 160.266 146.147 125.045 140.497 124.224 138.487 139.130 117.756 126.790 112.047 143.801 135.782 148.402 143.388 140.341 138.227 129.039 109.684 111.346 105.538 91.680 77.357 70.364 62.195 68.997 80.448 100.877 114.416 129.090 148.556 176.830 180.089 193.513 204.047 198.143 214.456 188.347 181.064 153.551 139.444 133.397 117.031 128.392 115.035
-999.250 -999.250 -999.250 -999.250 -999.250 -999.250 -999.250 -999.250 -999.250 -999.250 -999.250 224.608 211.556 242.897 253.338 269.760 -999.250 -999.250 153.344 127.750 141.812 169.194 164.263 144.097 139.469 147.847 144.630 141.969 134.459 134.162 140.816 131.074 139.960 152.160 139.649 132.510 148.362 143.997 131.492 126.606 129.605 121.719 105.106 97.603 79.566 72.949 78.289 87.843 92.367 103.823 132.927 157.812 168.056 167.367 191.118 223.438 262.031 235.447 208.224 187.123 171.231 139.143 125.528 127.590 134.893 120.821
-999.250 -999.250 -999.250 -999.250 -999.250 -999.250 -999.250 -999.250 -999.250 -999.250 -999.250 192.753 216.508 246.025 239.244 228.795 193.933 174.940 148.845 135.852 150.984 190.973 177.595 159.429 154.136 157.649 163.376 140.535 143.488 139.803 138.093 129.741 158.832 142.003 143.570 164.718 128.346 139.552 138.704 122.409 123.982 107.044 104.288 96.355 88.003 92.729 91.187 99.229 99.567 118.009 134.443 151.173 156.495 180.731 189.575 204.325 215.453 217.674 184.035 202.795 180.470 170.061 160.308 146.060 145.988 146.074
-999.250 -999.250 -999.250 -999.250 -999.250 -999.250 -999.250 -999.250 -999.250 -999.250 -999.250 -999.250 199.696 210.530 220.730 211.904 203.872 172.427 153.437 146.890 162.096 165.909 154.252 170.463 162.808 174.195 165.382 155.881 146.400 138.624 139.150 147.851 170.844 163.479 168.601 160.888 154.942 125.581 128.730 123.549 117.703 95.372 102.769 103.785 100.606 109.879 109.814 119.048 110.632 116.000 132.508 141.510 158.405 178.194 181.140 203.445 191.446 195.983 192.727 187.972 178.997 172.944 157.222 144.825 160.683 138.551
-999.250 -999.250 -999.250 -999.250 -999.250 -999.250 -999.250 -999.250 -999.250 -999.250 -999.250 -999.250 -999.250 224.904 223.723 189.639 184.590 175.426 152.959 145.286 146.940 176.714 165.181 157.619 172.576 167.610 159.689 162.312 153.281 156.181 150.212 151.668 156.126 163.100 152.859 160.856 128.910 114.636 127.090 131.798 117.203 100.864 105.090 106.657 108.801 114.756 118.384 126.773 136.108 128.214 141.823 156.196 167.973 172.866 176.910 185.343 178.370 175.126 178.291 203.027 189.126 194.297 161.728 150.001 143.660 140.993
-999.250 -999.250 -999.250 -999.250 -999.250 -999.250 -999.250 -999.250 -999.250 -999.250 -999.250 -999.250 -999.250 202.003 185.572 187.514 172.689 184.138 165.967 160.606 163.450 160.246 163.158 173.197 183.554 166.131 177.586 168.814 177.267 145.491 157.298 167.095 156.802 152.651 159.407 140.044 125.318 116.960 117.540 118.345 142.091 124.740 112.770 129.764 141.148 103.849 110.600 129.018 126.180 139.104 155.944 152.520 156.248 151.100 167.027 170.483 175.632 160.436 166.369 187.107 178.456 160.212 179.866 187.180 163.234 162.538
-999.250 -999.250 -999.250 -999.250 -999.250 -999.250 -999.250 -999.250 -999.250 -999.250 -999.250 -999.250 -999.250 175.719 179.761 197.509 191.571 188.880 177.645 160.751 160.015 142.890 168.325 185.056 189.686 204.365 184.192 196.762 194.887 174.093 175.377 146.547 173.448 158.643 130.621 135.865 130.410 140.142 125.662 121.665 132.469 130.125 128.171 130.380 138.206 110.606 114.449 126.723 157.566 148.315 156.648 161.944 139.100 121.169 157.962 155.339 174.164 172.946 175.106 166.439 167.476 176.382 168.784 172.918 163.204 151.332
-999.250 -999.250 -999.250 -999.250 -999.250 -999.250 -999.250 -999.250 -999.250 -999.250 -999.250 -999.250 -999.250 -999.250 195.556 173.917 185.184 179.359 196.691 172.983 169.979 169.494 168.917 166.413 180.134 198.847 187.306 193.838 203.638 177.304 166.998 164.298 169.069 150.043 141.138 138.013 142.181 143.924 125.331 143.471 142.740 133.295 119.064 124.535 129.291 112.180 133.334 139.827 154.622 147.630 169.266 170.872 155.413 158.270 148.025 148.905 160.089 170.304 148.262 145.922 158.250 161.319 156.975 169.149 165.591 134.464
-999.250 -999.250 -999.250 -999.250 -999.250 -999.250 -999.250 -999.250 -999.250 -999.250 -999.250 -999.250 -999.250 -999.250 190.962 179.642 178.730 188.270 181.243 178.496 164.189 169.676 184.716 199.406 189.457 194.946 187.299 210.617 227.577 196.278 175.065 183.975 183.746 153.186 136.587 127.998 123.735 124.076 138.011 144.284 150.984 142.033 129.663 125.362 141.431 127.813 161.360 146.181 156.639 168.393 170.820 168.379 149.373 152.889 149.234 149.146 169.333 166.794 141.298 150.039 134.795 139.122 155.813 153.035 134.578 135.806
-999.250 -999.250 -999.250 -999.250 -999.250 -999.250 -999.250 -999.250 -999.250 -999.250 -999.250 -999.250 -999.250 -999.250 183.192 169.076 169.055 169.073 177.049 172.051 172.867 179.139 181.152 184.756 191.095 196.229 179.203 187.110 191.000 180.310 162.517 155.682 156.379 144.643 137.747 128.915 120.685 118.203 126.624 138.201 127.146 134.406 130.322 115.598 134.345 126.575 139.474 139.549 166.305 156.423 159.661 149.867 168.105 147.631 145.226 137.553 167.617 155.167 155.882 151.959 156.853 141.443 149.196 138.771 135.014 134.297
-999.250 -999.250 -999.250 -999.250 -999.250 -999.250 -999.250 -999.250 -999.250 -999.250 -999.250 -999.250 -999.250 -999.250 169.121 160.461 157.900 171.384 164.381 157.915 178.288 168.274 157.082 175.185 186.729 -999.250 179.184 179.045 191.249 169.266 160.204 174.428 138.572 137.634 148.736 145.738 130.886 125.495 128.198 148.957 138.701 136.105 133.433 126.701 125.379 140.971 128.247 141.757 141.610 145.535 133.842 138.259 141.701 136.910 163.353 164.909 159.637 160.371 145.796 153.424 133.788 151.573 150.951 163.296 139.376 145.307
-999.250 -999.250 -999.250 -999.250 -999.250 -999.250 -999.250 -999.250 -999.250 -999.250 -999.250 -999.250 -999.250 -999.250 160.893 171.317 150.236 185.219 163.697 158.172 170.383 152.659 168.590 -999.250 -999.250 -999.250 171.520 183.161 176.236 160.456 157.937 148.046 139.944 122.789 119.611 108.641 108.100 112.837 121.949 148.762 144.935 141.762 135.119 126.157 128.547 141.185 141.585 148.212 155.593 172.313 127.681 137.706 146.617 140.817 145.167 158.420 175.377 156.177 160.112 159.278 138.202 147.860 155.509 159.531 150.766 157.874
-999.250 -999.250 -999.250 -999.250 -999.250 -999.250 -999.250 -999.250 -999.250 -999.250 -999.250 -999.250 -999.250 137.199 155.116 168.835 174.189 162.551 175.896 178.139 169.407 163.292 -999.250 -999.250 -999.250 -999.250 -999.250 180.281 156.459 140.556 131.939 143.718 126.461 112.815 113.919 100.780 113.332 117.697 131.758 142.230 120.448 139.223 152.827 139.483 138.731 154.207 177.038 169.521 152.498 157.805 164.816 155.689 133.753 155.120 129.658 141.466 141.988 155.791 164.779 139.652 142.627 154.483 167.217 175.383 169.154 170.456
-999.250 -999.250 -999.250 -999.250 -999.250 -999.250 -999.250 -999.250 -999.250 -999.250 -999.250 -999.250 -999.250 150.106 157.486 171.613 172.225 183.589 179.152 167.600 -999.250 -999.250 -999.250 -999.250 -999.250 -999.250 -999.250 -999.250 174.232 143.424 137.542 126.789 119.504 113.273 106.345 116.219 103.594 125.776 142.497 136.398 121.226 124.554 134.926 157.128 135.708 150.269 147.475 155.408 175.523 165.647 163.378 164.033 154.299 163.535 135.601 129.536 129.513 148.809 144.118 161.023 135.988 161.300 147.248 175.806 183.904 192.261
-999.250 -999.250 -999.250 -999.250 -999.250 -999.250 -999.250 -999.250 -999.250 -999.250 -999.250 -999.250 138.836 153.566 -999.250 -999.250 -999.250 -999.250 -999.250 -999.250 -999.250 -999.250 -999.250 -999.250 -999.250 -999.250 -999.250 -999.250 -999.250 144.349 131.004 150.051 121.181 131.902 104.800 109.274 93.697 119.756 129.846 126.346 131.561 124.370 140.000 136.588 135.623 148.068 143.751 159.014 169.331 162.110 140.845 172.505 161.283 149.648 129.161 137.617 124.604 139.318 143.499 161.668 148.739 126.837 170.472 167.520 193.744 182.721
-999.250 -999.250 -999.250 -999.250 -999.250 -999.250 -999.250 -999.250 -999.250 -999.250 -999.250 -999.250 -999.250 -999.250 -999.250 -999.250 -999.250 -999.250 -999.250 -999.250 -999.250 -999.250 -999.250 -999.250 -999.250 -999.250 -999.250 -999.250 -999.250 -999.250 127.113 137.937 123.708 106.627 118.218 102.380 106.713 110.715 130.616 128.956 139.337 128.382 123.598 126.246 142.039 139.443 142.892 147.451 146.115 145.573 126.753 152.315 133.989 134.868 123.585 148.819 134.548 137.632 136.724 147.818 145.102 158.064 169.588 156.791 169.485 168.968
-999.250 -999.250 -999.250 -999.250 -999.250 -999.250 -999.250 -999.250 -999.250 -999.250 -999.250 -999.250 -999.250 -999.250 -999.250 -999.250 -999.250 -999.250 -999.250 -999.250 -999.250 -999.250 -999.250 -999.250 -999.250 -999.250 -999.250 -999.250 -999.250 -999.250 122.289 131.035 117.491 119.871 114.700 109.978 112.654 112.240 145.279 135.934 131.312 133.598 135.228 148.219 139.509 130.412 136.313 136.734 135.550 149.135 134.023 135.279 141.687 135.468 125.996 137.980 140.847 151.492 135.691 147.680 152.656 134.960 147.998 152.121 177.021 174.214
-999.250 -999.250 -999.250 -999.250 -999.250 -999.250 -999.250 -999.250 -999.250 -999.250 -999.250 -999.250 -999.250 -999.250 -999.250 -999.250 -999.250 -999.250 -999.250 -999.250 -999.250 -999.250 -999.250 -999.250 -999.250 -999.250 -999.250 -999.250 -999.250 -999.250 131.899 126.319 112.643 94.970 100.295 111.875 105.220 108.709 123.146 118.172 142.198 131.542 148.580 133.955 135.555 132.725 120.547 126.552 130.251 129.159 140.472 119.377 118.883 136.387 121.548 134.201 149.451 136.613 130.374 128.217 146.844 161.842 155.322 139.636 174.145 174.188
