data/medianmodel_04-Oct-2020.asc
ncols	141
nrows	288
xllcorner	-120191.398
yllcorner	-301404.813
cellsize	2000.000
NODATA_value	-999.250
[rows 210 to 239 of 288, columns 67 to 133 of 141]
2.127 3.878 2.487 2.818 3.941 6.985 7.747 10.438 10.526 9.630 11.876 12.055 13.679 15.112 16.025 22.019 24.643 27.004 27.468 28.532 23.611 27.481 24.614 19.964 20.281 14.191 13.699 8.915 4.509 4.167 2.426 7.931 -999.250 -999.250 -999.250 -999.250 -999.250 -999.250 -999.250 -999.250 -999.250 -999.250 -999.250 -999.250 -999.250 -999.250 -999.250 -999.250 -999.250 -999.250 -999.250 -999.250 -999.250 -999.250 -999.250 -999.250 -999.250 -999.250 -999.250 -999.250 -999.250 -999.250 -999.250 -999.250 -999.250 -999.250 -999.250
2.603 3.179 3.237 7.459 5.311 6.810 8.967 10.159 12.257 10.223 8.716 10.020 9.015 11.262 16.189 18.487 19.490 24.157 22.255 27.938 26.157 22.761 20.995 19.560 19.309 15.838 15.479 14.238 10.325 7.352 8.693 10.484 7.051 -999.250 -999.250 -999.250 -999.250 -999.250 -999.250 -999.250 -999.250 -999.250 -999.250 -999.250 -999.250 -999.250 -999.250 -999.250 -999.250 -999.250 -999.250 -999.250 -999.250 -999.250 -999.250 -999.250 -999.250 -999.250 -999.250 -999.250 -999.250 -999.250 -999.250 -999.250 -999.250 -999.250 -999.250
5.239 4.498 4.117 6.514 4.966 7.652 10.246 11.096 10.248 8.003 8.383 5.072 8.066 10.826 16.090 16.605 21.571 22.007 28.872 26.512 28.836 30.611 25.024 21.687 18.212 17.267 17.566 15.820 12.191 10.717 13.011 8.908 9.289 10.176 -999.250 -999.250 -999.250 -999.250 -999.250 -999.250 -999.250 -999.250 -999.250 -999.250 -999.250 -999.250 -999.250 -999.250 -999.250 -999.250 -999.250 -999.250 -999.250 -999.250 -999.250 -999.250 -999.250 -999.250 -999.250 -999.250 -999.250 -999.250 -999.250 -999.250 -999.250 -999.250 -999.250
4.999 8.223 5.459 11.234 10.473 9.460 11.013 11.793 9.296 8.973 3.009 0.000 3.533 8.013 12.905 16.819 23.951 23.754 31.230 28.470 26.931 23.572 27.465 23.133 20.286 20.743 17.755 17.427 15.096 15.731 14.157 13.374 12.659 10.766 -999.250 -999.250 -999.250 -999.250 -999.250 -999.250 -999.250 -999.250 -999.250 -999.250 -999.250 -999.250 -999.250 -999.250 -999.250 -999.250 -999.250 -999.250 -999.250 -999.250 -999.250 -999.250 -999.250 -999.250 -999.250 -999.250 -999.250 -999.250 -999.250 -999.250 -999.250 -999.250 -999.250
6.463 9.703 10.347 13.539 14.143 11.909 14.664 14.757 13.832 8.932 8.461 6.206 5.996 10.655 12.136 16.877 20.246 22.692 27.941 25.802 27.826 27.166 25.233 22.109 20.676 22.019 22.456 21.579 17.820 19.843 16.186 14.626 15.964 13.169 11.243 -999.250 -999.250 -999.250 -999.250 -999.250 -999.250 -999.250 -999.250 -999.250 -999.250 -999.250 -999.250 -999.250 -999.250 -999.250 -999.250 -999.250 -999.250 -999.250 -999.250 -999.250 -999.250 -999.250 -999.250 -999.250 -999.250 -999.250 -999.250 -999.250 -999.250 -999.250 -999.250
9.405 11.393 13.397 17.080 16.088 16.186 19.004 21.033 18.034 15.893 13.233 11.950 12.248 12.473 12.053 16.877 15.005 21.126 21.257 21.924 24.655 25.254 24.809 25.460 27.987 23.965 26.690 25.010 25.742 21.125 15.260 16.960 15.081 14.453 11.201 7.645 -999.250 -999.250 -999.250 -999.250 -999.250 -999.250 -999.250 -999.250 -999.250 -999.250 -999.250 -999.250 -999.250 -999.250 -999.250 -999.250 -999.250 -999.250 -999.250 -999.250 -999.250 -999.250 -999.250 -999.250 -999.250 -999.250 -999.250 -999.250 -999.250 -999.250 -999.250
10.294 12.618 16.171 17.700 19.948 25.653 27.562 27.654 29.095 21.832 19.915 16.993 15.146 15.498 16.140 13.358 13.702 16.881 20.840 22.808 26.258 23.526 28.302 23.369 27.812 29.671 28.057 28.455 27.328 22.533 20.736 19.504 17.282 13.525 9.242 9.061 -999.250 -999.250 -999.250 -999.250 -999.250 -999.250 -999.250 -999.250 -999.250 -999.250 -999.250 -999.250 -999.250 -999.250 -999.250 -999.250 -999.250 -999.250 -999.250 -999.250 -999.250 -999.250 -999.250 -999.250 -999.250 -999.250 -999.250 -999.250 -999.250 -999.250 -999.250
12.675 16.692 20.598 26.028 30.387 28.357 27.887 31.725 36.298 31.247 26.453 23.169 18.938 17.690 15.009 18.186 17.088 18.923 22.000 27.107 24.374 26.943 30.121 29.563 32.018 33.837 28.264 31.317 27.786 26.864 24.257 18.839 19.883 15.714 12.200 9.567 -999.250 -999.250 -999.250 -999.250 -999.250 -999.250 -999.250 -999.250 -999.250 -999.250 -999.250 -999.250 -999.250 -999.250 -999.250 -999.250 -999.250 -999.250 -999.250 -999.250 -999.250 -999.250 -999.250 -999.250 -999.250 -999.250 -999.250 -999.250 -999.250 -999.250 -999.250
19.035 21.222 28.569 30.171 31.467 34.312 35.326 40.941 40.989 36.009 28.566 25.990 22.171 18.920 18.256 18.121 18.823 22.698 24.597 27.364 28.264 29.526 32.436 31.005 38.734 36.891 36.736 31.908 31.041 26.150 24.498 22.731 21.165 16.381 11.834 10.439 6.652 -999.250 -999.250 -999.250 -999.250 -999.250 -999.250 -999.250 7.135 -999.250 -999.250 -999.250 -999.250 -999.250 -999.250 -999.250 -999.250 -999.250 -999.250 -999.250 -999.250 -999.250 -999.250 -999.250 -999.250 -999.250 -999.250 -999.250 -999.250 -999.250 -999.250
21.645 28.420 31.621 38.572 37.644 36.883 43.679 42.294 37.710 38.704 35.010 29.690 27.126 21.719 18.472 20.733 22.495 23.886 24.614 30.954 31.089 36.722 40.595 38.064 38.578 40.605 39.576 35.421 37.568 32.419 29.882 25.724 22.240 16.670 12.767 10.619 8.397 4.738 -999.250 -999.250 -999.250 4.968 4.582 8.490 7.892 -999.250 -999.250 -999.250 -999.250 -999.250 -999.250 -999.250 -999.250 -999.250 -999.250 -999.250 -999.250 -999.250 -999.250 -999.250 -999.250 -999.250 -999.250 -999.250 -999.250 -999.250 -999.250
31.868 35.204 38.310 43.526 41.331 44.410 45.883 44.206 41.916 41.782 35.452 39.837 32.183 33.202 27.111 24.423 24.860 23.795 25.572 31.224 32.321 38.578 48.436 50.078 46.737 48.993 40.202 42.061 38.389 33.119 31.270 25.629 29.170 19.629 14.522 12.232 10.103 7.293 -999.250 0.016 0.000 2.276 2.965 9.145 -999.250 -999.250 -999.250 -999.250 -999.250 -999.250 -999.250 -999.250 -999.250 -999.250 -999.250 -999.250 -999.250 -999.250 -999.250 -999.250 -999.250 -999.250 -999.250 -999.250 -999.250 -999.250 -999.250
38.788 39.136 46.246 45.913 48.880 49.862 53.581 51.775 50.162 53.826 46.019 40.382 38.509 28.951 28.930 30.086 25.478 33.365 30.383 36.537 41.498 45.266 56.209 56.681 54.012 53.790 51.562 46.818 47.003 39.448 32.827 31.979 27.198 27.684 21.559 12.926 11.901 9.738 7.685 0.205 0.000 1.597 4.568 6.195 -999.250 -999.250 -999.250 -999.250 -999.250 -999.250 -999.250 -999.250 -999.250 -999.250 -999.250 -999.250 -999.250 -999.250 -999.250 -999.250 -999.250 -999.250 -999.250 -999.250 -999.250 -999.250 -999.250
48.154 50.902 49.683 59.120 63.186 61.555 60.403 60.083 58.796 52.697 50.188 51.470 48.169 39.516 33.924 32.412 34.938 39.354 36.619 42.147 50.605 54.320 49.460 56.216 55.885 58.318 58.706 54.711 50.401 46.304 40.048 34.346 30.812 26.604 24.693 17.784 14.562 11.557 9.171 6.091 2.322 3.761 4.214 8.297 -999.250 -999.250 -999.250 -999.250 -999.250 -999.250 -999.250 -999.250 -999.250 -999.250 -999.250 -999.250 -999.250 -999.250 -999.250 -999.250 -999.250 -999.250 -999.250 -999.250 -999.250 -999.250 -999.250
54.849 62.577 61.360 66.931 64.390 69.029 71.284 69.089 61.340 60.045 56.769 57.246 63.662 51.675 45.693 37.514 38.510 43.243 50.020 50.909 56.955 57.938 64.205 63.643 58.990 62.104 58.031 54.613 50.804 49.708 40.685 37.244 37.362 30.626 21.978 24.280 19.023 14.779 13.297 9.449 7.167 9.286 8.651 8.461 -999.250 -999.250 -999.250 -999.250 -999.250 -999.250 -999.250 -999.250 -999.250 -999.250 -999.250 -999.250 -999.250 -999.250 -999.250 -999.250 -999.250 -999.250 -999.250 -999.250 -999.250 -999.250 -999.250
66.149 70.284 71.290 71.337 73.254 80.706 77.380 76.059 71.690 67.469 68.931 65.247 63.148 62.114 58.143 50.237 45.923 53.126 58.178 59.240 63.425 58.931 66.369 59.488 59.554 61.259 63.817 57.019 59.282 47.548 51.747 39.356 37.225 37.369 30.833 26.319 22.793 18.792 15.752 12.921 8.650 12.013 10.102 -999.250 -999.250 -999.250 -999.250 -999.250 -999.250 -999.250 -999.250 -999.250 -999.250 -999.250 -999.250 -999.250 -999.250 -999.250 -999.250 -999.250 -999.250 -999.250 -999.250 -999.250 -999.250 -999.250 -999.250
74.981 78.338 84.565 80.425 85.753 86.805 82.692 80.626 80.185 67.790 66.277 66.131 71.877 60.415 60.837 56.610 56.404 61.987 67.991 61.112 63.481 58.342 57.244 63.258 60.738 62.943 63.975 64.562 60.175 55.181 47.652 47.201 42.391 37.606 35.722 32.896 29.518 25.785 16.479 15.491 15.826 13.918 12.082 -999.250 -999.250 -999.250 -999.250 -999.250 -999.250 -999.250 -999.250 -999.250 -999.250 -999.250 -999.250 -999.250 -999.250 -999.250 -999.250 -999.250 -999.250 -999.250 -999.250 -999.250 -999.250 -999.250 -999.250
82.251 86.540 98.850 94.596 107.338 94.564 98.081 92.672 92.940 80.584 73.859 67.872 65.610 58.874 54.597 52.813 57.253 57.456 59.090 71.749 69.665 68.261 64.930 63.652 67.957 63.560 66.303 66.669 64.475 58.025 51.099 54.451 43.360 44.125 37.824 35.052 30.895 27.999 25.877 17.991 17.200 16.195 15.215 -999.250 -999.250 -999.250 -999.250 -999.250 -999.250 -999.250 -999.250 -999.250 -999.250 -999.250 -999.250 -999.250 -999.250 -999.250 -999.250 -999.250 -999.250 -999.250 -999.250 -999.250 -999.250 -999.250 -999.250
82.856 97.316 101.128 119.907 120.935 121.155 122.441 98.047 101.984 84.737 77.942 75.909 71.699 60.470 63.014 58.133 61.514 60.782 70.845 66.541 70.442 74.490 67.434 66.072 70.011 71.138 72.844 75.328 66.499 64.798 58.677 51.085 52.760 42.780 43.053 38.025 34.239 29.578 25.714 22.199 20.568 15.602 -999.250 -999.250 -999.250 -999.250 -999.250 -999.250 -999.250 -999.250 -999.250 -999.250 -999.250 -999.250 -999.250 -999.250 -999.250 -999.250 -999.250 -999.250 -999.250 -999.250 -999.250 -999.250 -999.250 -999.250 -999.250
87.270 111.773 122.878 131.005 130.006 126.896 123.989 101.038 94.417 91.273 93.313 82.289 74.726 66.578 61.468 62.609 62.304 66.608 67.668 73.680 77.165 69.105 65.743 71.082 71.632 66.432 68.394 75.225 68.347 58.623 60.508 56.120 50.993 40.574 40.242 36.490 36.038 -999.250 -999.250 29.417 22.778 20.736 -999.250 -999.250 -999.250 -999.250 -999.250 -999.250 -999.250 -999.250 -999.250 -999.250 -999.250 -999.250 -999.250 -999.250 -999.250 -999.250 -999.250 -999.250 -999.250 -999.250 -999.250 -999.250 -999.250 -999.250 -999.250
93.623 122.690 128.247 148.903 135.953 131.462 131.264 116.041 92.859 90.843 99.466 82.061 80.471 75.125 67.568 68.536 68.097 68.901 74.894 70.128 73.257 60.182 71.841 72.760 73.027 75.217 73.371 73.226 75.266 70.558 60.713 58.851 52.631 50.515 48.241 36.935 34.157 -999.250 -999.250 -999.250 -999.250 -999.250 -999.250 -999.250 -999.250 -999.250 -999.250 -999.250 -999.250 -999.250 -999.250 -999.250 -999.250 -999.250 -999.250 -999.250 -999.250 -999.250 -999.250 -999.250 -999.250 -999.250 -999.250 -999.250 -999.250 -999.250 -999.250
99.275 124.282 124.422 130.096 129.398 124.992 125.225 108.530 107.826 114.015 90.495 84.360 79.316 75.271 71.045 63.655 72.738 67.102 66.962 68.159 69.609 73.120 71.369 75.996 70.969 74.504 70.162 67.298 70.702 65.808 69.139 53.153 50.452 -999.250 -999.250 37.083 -999.250 -999.250 -999.250 -999.250 -999.250 -999.250 -999.250 -999.250 -999.250 -999.250 -999.250 -999.250 -999.250 -999.250 -999.250 -999.250 -999.250 -999.250 -999.250 -999.250 -999.250 -999.250 -999.250 -999.250 -999.250 -999.250 -999.250 -999.250 -999.250 -999.250 -999.250
99.967 113.100 118.166 117.439 122.996 116.796 98.355 106.953 114.550 105.102 96.225 81.154 89.028 82.546 72.745 69.836 75.608 65.581 71.108 75.472 77.820 69.948 67.879 72.763 72.277 74.494 73.310 69.170 68.908 69.507 69.112 -999.250 -999.250 -999.250 -999.250 -999.250 -999.250 -999.250 -999.250 -999.250 -999.250 -999.250 -999.250 -999.250 -999.250 -999.250 -999.250 -999.250 -999.250 -999.250 -999.250 -999.250 -999.250 -999.250 -999.250 -999.250 -999.250 -999.250 -999.250 -999.250 -999.250 -999.250 -999.250 -999.250 -999.250 -999.250 -999.250
108.980 115.438 119.364 110.920 106.629 113.139 101.967 107.779 92.418 102.129 92.485 84.420 83.316 81.049 76.596 76.735 71.160 67.506 73.542 72.536 72.355 73.303 73.642 64.717 75.820 79.173 71.544 69.274 67.392 70.691 65.533 -999.250 -999.250 -999.250 -999.250 -999.250 -999.250 -999.250 -999.250 -999.250 -999.250 -999.250 -999.250 -999.250 -999.250 -999.250 -999.250 -999.250 -999.250 -999.250 -999.250 -999.250 -999.250 -999.250 -999.250 -999.250 -999.250 -999.250 -999.250 -999.250 -999.250 -999.250 -999.250 -999.250 -999.250 -999.250 -999.250
99.127 110.005 110.025 108.297 115.582 99.117 105.811 96.363 90.504 91.144 82.818 87.495 84.652 82.753 73.300 75.577 74.183 77.920 75.399 76.143 75.747 74.611 70.724 69.887 69.557 70.159 69.314 68.876 70.191 69.278 68.486 -999.250 -999.250 -999.250 -999.250 -999.250 -999.250 -999.250 -999.250 -999.250 -999.250 -999.250 -999.250 -999.250 -999.250 -999.250 -999.250 -999.250 -999.250 -999.250 -999.250 -999.250 -999.250 -999.250 -999.250 -999.250 -999.250 -999.250 -999.250 -999.250 -999.250 -999.250 -999.250 -999.250 -999.250 -999.250 -999.250
93.990 95.591 92.786 96.505 102.646 97.629 88.937 89.258 86.500 81.245 78.173 75.530 82.606 78.743 75.187 75.368 72.922 70.023 74.306 74.591 77.996 75.106 69.895 66.090 75.630 70.319 66.945 67.179 66.381 66.234 68.568 -999.250 -999.250 -999.250 -999.250 -999.250 -999.250 -999.250 -999.250 -999.250 -999.250 -999.250 -999.250 -999.250 -999.250 -999.250 -999.250 -999.250 -999.250 -999.250 -999.250 -999.250 -999.250 -999.250 -999.250 -999.250 -999.250 -999.250 -999.250 -999.250 -999.250 -999.250 -999.250 -999.250 -999.250 -999.250 -999.250
86.343 85.013 86.774 87.925 80.253 84.632 83.494 80.937 77.552 77.334 77.211 75.044 76.945 69.933 70.850 73.196 75.302 77.677 75.726 78.278 76.633 77.274 70.606 67.352 74.098 71.316 61.585 61.559 66.550 57.331 -999.250 -999.250 -999.250 -999.250 -999.250 -999.250 -999.250 -999.250 -999.250 -999.250 -999.250 -999.250 -999.250 -999.250 -999.250 -999.250 -999.250 -999.250 -999.250 -999.250 -999.250 -999.250 -999.250 -999.250 -999.250 -999.250 -999.250 -999.250 -999.250 -999.250 -999.250 -999.250 -999.250 -999.250 -999.250 -999.250 -999.250
67.055 79.191 75.946 75.167 78.553 83.145 76.913 76.849 76.555 71.929 69.209 72.414 72.792 78.972 78.886 71.996 83.246 82.407 90.884 77.812 76.183 82.481 78.805 87.703 77.777 73.603 67.186 70.823 62.352 62.063 -999.250 -999.250 -999.250 -999.250 -999.250 -999.250 -999.250 -999.250 -999.250 -999.250 -999.250 -999.250 -999.250 -999.250 -999.250 -999.250 -999.250 -999.250 -999.250 -999.250 -999.250 -999.250 -999.250 -999.250 -999.250 -999.250 -999.250 -999.250 -999.250 -999.250 -999.250 -999.250 -999.250 -999.250 -999.250 -999.250 -999.250
65.290 67.890 61.610 64.785 76.208 76.788 74.502 80.176 77.351 80.116 67.298 66.044 75.623 83.382 72.146 71.951 78.832 83.487 82.952 82.542 81.112 80.922 79.570 87.372 79.633 71.628 68.586 66.878 60.526 66.059 -999.250 -999.250 -999.250 -999.250 -999.250 -999.250 -999.250 -999.250 -999.250 -999.250 -999.250 -999.250 -999.250 -999.250 -999.250 -999.250 -999.250 -999.250 -999.250 -999.250 -999.250 -999.250 -999.250 -999.250 -999.250 -999.250 -999.250 -999.250 -999.250 -999.250 -999.250 -999.250 -999.250 -999.250 -999.250 -999.250 -999.250
54.355 52.957 65.672 64.113 68.604 76.491 78.883 77.577 77.367 72.602 67.421 64.980 64.353 75.040 75.431 79.456 74.086 79.427 77.974 83.359 87.649 88.846 86.982 87.779 90.477 76.879 70.877 70.329 67.661 -999.250 -999.250 -999.250 -999.250 -999.250 -999.250 -999.250 -999.250 -999.250 -999.250 -999.250 -999.250 -999.250 -999.250 -999.250 -999.250 -999.250 -999.250 -999.250 -999.250 -999.250 -999.250 -999.250 -999.250 -999.250 -999.250 -999.250 -999.250 -999.250 -999.250 -999.250 -999.250 -999.250 -999.250 -999.250 -999.250 -999.250 -999.250
45.488 47.682 50.621 49.724 64.825 62.749 70.297 72.721 78.337 71.167 67.525 64.890 63.829 63.442 70.440 69.567 68.808 77.724 78.069 76.785 80.084 81.890 82.346 81.890 75.097 74.972 75.774 71.487 66.317 -999.250 -999.250 -999.250 -999.250 -999.250 -999.250 -999.250 -999.250 -999.250 -999.250 -999.250 -999.250 -999.250 -999.250 -999.250 -999.250 -999.250 -999.250 -999.250 -999.250 -999.250 -999.250 -999.250 -999.250 -999.250 -999.250 -999.250 -999.250 -999.250 -999.250 -999.250 -999.250 -999.250 -999.250 -999.250 -999.250 -999.250 -999.250
