data/medianmodel_21-Apr-2020.asc
ncols	141
nrows	288
xllcorner	-120191.398
yllcorner	-301404.813
cellsize	2000.000
NODATA_value	-999.250
[rows 150 to 179 of 288, columns 0 to 67 of 141]
-999.250 -999.250 -999.250 -999.250 -999.250 -999.250 -999.250 -999.250 -999.250 -999.250 -999.250 -999.250 17.283 18.276 16.540 17.713 18.502 21.958 25.217 23.684 26.118 26.242 28.446 33.469 31.148 27.046 29.796 29.962 32.589 36.102 36.020 42.959 41.390 40.211 40.393 46.932 43.568 43.846 37.118 36.794 30.535 33.042 29.137 26.509 23.289 21.694 23.804 29.794 29.906 28.583 24.930 23.498 21.116 19.049 16.950 17.531 20.628 21.109 19.885 22.925 24.578 18.887 18.470 18.097 18.776 15.526 16.815 12.184
-999.250 -999.250 -999.250 -999.250 -999.250 -999.250 -999.250 -999.250 -999.250 -999.250 -999.250 13.970 14.943 15.841 16.866 16.815 19.084 22.025 23.528 25.417 26.953 26.283 30.821 34.038 29.440 26.198 30.556 26.843 34.190 40.885 34.177 42.469 44.941 44.113 42.998 41.275 40.796 44.778 40.149 39.711 33.329 34.002 30.707 31.636 23.804 18.730 26.737 34.202 34.201 31.784 27.730 26.555 23.653 21.399 20.668 18.883 20.262 21.086 19.669 24.495 23.816 20.555 18.823 17.879 17.614 16.405 16.351 14.951
-999.250 -999.250 -999.250 -999.250 -999.250 -999.250 -999.250 -999.250 -999.250 -999.250 16.166 15.907 16.075 14.877 13.064 15.456 18.366 21.915 23.805 27.092 28.613 27.504 31.895 29.409 30.396 26.793 26.031 24.651 31.398 31.490 38.465 40.583 44.479 42.970 41.199 39.939 41.934 42.774 40.375 38.380 37.372 33.592 32.821 30.667 27.560 31.514 37.877 41.301 44.618 40.406 34.902 29.158 26.794 22.761 22.192 22.559 23.048 23.367 24.529 23.887 22.760 20.992 20.815 17.431 16.608 14.881 16.694 16.002
-999.250 -999.250 -999.250 -999.250 -999.250 -999.250 -999.250 -999.250 -999.250 15.537 16.181 17.543 16.385 13.258 12.299 8.439 15.543 20.293 21.744 26.969 25.561 28.896 29.825 30.480 28.848 31.668 30.227 27.201 25.872 30.107 38.048 39.043 43.706 37.013 41.365 42.960 45.429 40.233 39.715 36.184 34.697 36.974 36.379 37.766 39.774 43.317 52.532 48.904 52.972 42.722 43.144 38.194 29.528 24.620 25.358 24.939 25.050 27.367 23.690 25.505 24.572 23.047 21.779 18.946 14.393 17.523 15.130 14.825
-999.250 -999.250 -999.250 -999.250 -999.250 17.299 15.094 16.782 16.446 16.248 15.482 16.248 12.955 12.474 10.914 11.632 12.775 17.903 20.769 23.769 26.191 27.381 28.959 26.494 27.013 28.326 26.694 27.950 27.152 28.974 32.385 38.913 41.500 39.682 40.553 42.187 40.859 40.813 40.670 36.299 38.590 34.946 38.337 41.498 46.914 55.849 76.112 63.793 55.440 47.487 44.847 41.084 31.696 28.164 28.124 28.144 29.119 32.942 29.514 26.785 23.094 23.264 21.795 17.570 16.842 16.190 15.659 14.740
-999.250 -999.250 -999.250 -999.250 -999.250 -999.250 -999.250 17.859 17.528 15.092 14.284 14.237 11.446 12.253 10.553 12.259 13.393 15.192 18.616 20.945 21.340 23.597 24.939 23.827 24.249 24.535 27.369 25.573 25.272 27.772 31.023 39.083 37.888 41.612 38.072 45.522 42.085 40.059 39.190 36.475 36.889 38.464 39.143 49.991 59.348 67.180 70.671 62.931 64.506 67.517 49.139 44.623 41.688 34.326 32.507 33.083 29.636 33.315 27.997 23.393 24.153 23.417 21.375 16.774 17.508 17.359 13.459 13.128
-999.250 -999.250 -999.250 -999.250 -999.250 -999.250 -999.250 15.944 16.748 15.661 13.491 11.525 11.034 8.307 9.246 10.951 13.571 14.058 15.451 18.807 21.194 22.174 25.384 24.884 23.343 22.396 27.423 28.145 28.365 26.187 27.811 35.472 40.070 37.698 43.377 42.525 42.301 42.031 39.079 42.473 39.382 40.906 45.047 54.055 52.563 62.634 64.619 65.303 72.422 65.168 56.478 45.962 40.082 42.496 37.601 35.842 32.991 33.021 28.794 27.180 22.959 21.645 23.783 18.388 14.694 16.001 15.565 14.244
-999.250 -999.250 -999.250 -999.250 -999.250 -999.250 -999.250 15.804 16.448 15.712 12.641 12.594 8.170 7.579 8.106 10.950 12.011 10.116 16.730 18.128 18.537 21.421 21.337 22.206 21.223 23.227 24.292 26.148 27.776 32.997 29.665 36.489 35.738 35.570 40.570 38.617 42.281 48.124 39.864 38.588 45.133 42.734 51.121 64.259 58.621 59.641 62.402 62.569 58.355 61.777 65.103 52.712 52.447 45.241 43.139 43.182 41.009 33.730 29.330 29.431 23.698 24.858 19.428 17.968 15.498 12.926 12.883 9.807
-999.250 -999.250 -999.250 -999.250 -999.250 -999.250 -999.250 15.352 15.328 15.942 14.158 10.437 8.459 5.499 4.463 5.369 8.398 10.745 14.145 17.316 18.557 17.115 19.725 19.253 19.437 21.185 21.324 25.874 29.254 30.115 28.947 34.592 33.403 34.910 41.190 43.543 42.263 43.923 40.447 41.921 40.918 45.781 53.337 50.319 53.012 54.717 59.992 55.733 47.176 60.152 58.676 49.399 46.744 48.465 44.699 40.784 38.418 37.333 33.060 29.579 27.642 23.026 18.967 15.268 13.746 11.537 10.584 8.735
-999.250 -999.250 -999.250 -999.250 -999.250 -999.250 -999.250 -999.250 14.217 11.989 11.789 9.596 8.148 5.677 4.579 3.495 4.282 9.338 11.774 14.633 16.802 20.283 19.291 20.934 21.178 21.145 22.024 25.196 27.555 30.738 31.456 37.539 34.168 36.827 41.368 41.655 44.163 39.956 38.441 41.282 41.270 39.263 50.442 48.951 54.682 48.984 54.192 57.687 59.266 59.030 60.403 54.918 49.151 48.309 45.945 40.820 38.275 31.971 31.227 28.076 26.068 25.789 20.790 16.861 11.462 5.989 7.461 7.619
-999.250 -999.250 -999.250 -999.250 -999.250 -999.250 -999.250 -999.250 13.705 7.735 9.612 10.301 7.659 7.312 3.138 0.000 2.225 7.331 7.523 11.450 13.846 17.680 18.718 18.546 19.266 19.856 21.338 25.701 28.997 30.016 32.755 34.156 36.606 38.340 36.438 44.391 43.029 40.108 37.040 39.569 36.845 42.499 47.720 42.312 43.477 40.967 46.427 48.086 54.375 52.825 54.527 54.151 49.946 48.065 46.812 37.805 35.522 33.067 29.875 28.298 22.322 21.235 20.616 14.982 8.370 0.000 3.307 6.768
-999.250 -999.250 -999.250 -999.250 -999.250 -999.250 -999.250 14.214 13.369 11.851 9.537 9.823 10.083 10.024 5.454 2.802 4.049 6.809 8.479 10.560 11.865 13.385 15.458 17.154 19.204 22.039 21.583 24.889 27.692 30.886 31.755 33.034 33.143 33.366 34.622 43.193 45.280 35.463 29.789 34.043 33.863 36.175 40.445 40.421 42.150 40.880 46.033 44.228 46.077 46.022 43.582 49.514 50.534 46.558 39.243 39.026 37.454 32.011 28.414 24.584 24.171 18.814 18.827 15.169 10.456 4.855 7.194 7.560
-999.250 -999.250 -999.250 -999.250 -999.250 -999.250 -999.250 16.206 14.073 12.619 12.001 9.954 11.408 8.160 7.856 3.859 7.714 5.143 6.116 8.100 7.314 12.035 16.039 19.406 21.455 24.952 21.162 25.975 27.080 28.076 31.241 31.056 31.826 32.742 34.253 34.482 35.635 28.458 25.180 30.614 27.517 35.525 37.311 38.192 38.441 43.805 39.832 39.720 37.896 41.175 43.313 51.234 44.327 42.554 38.806 30.689 32.405 27.843 25.580 22.903 22.965 21.287 18.026 15.566 12.214 8.740 8.211 8.300
-999.250 -999.250 -999.250 -999.250 -999.250 -999.250 -999.250 15.753 12.810 12.981 13.934 13.105 12.997 11.858 9.397 7.225 5.942 7.890 9.372 10.585 10.147 14.129 16.385 22.286 23.010 25.084 25.716 26.286 27.877 28.823 30.859 31.211 30.858 30.506 34.618 34.119 30.825 28.079 17.741 22.847 25.988 29.070 34.458 38.619 36.409 37.550 35.972 39.483 41.933 43.119 41.709 46.171 44.373 41.778 36.923 27.836 30.261 28.671 25.785 23.697 23.620 19.872 18.150 15.751 15.258 10.115 13.043 10.051
-999.250 -999.250 -999.250 -999.250 -999.250 -999.250 -999.250 16.059 14.841 13.215 13.268 12.048 10.902 12.861 8.648 8.276 7.506 10.361 10.595 10.161 10.322 14.134 18.404 22.292 23.531 25.131 25.184 26.344 27.614 30.176 27.334 28.684 29.096 32.068 32.434 29.217 26.460 21.188 22.061 22.073 29.286 27.977 28.064 31.218 33.899 36.503 36.937 42.016 42.919 45.450 43.448 42.649 41.772 40.860 32.858 32.609 28.612 30.366 24.708 25.487 23.364 21.272 17.290 15.642 15.229 12.239 13.509 12.515
-999.250 -999.250 -999.250 -999.250 -999.250 -999.250 19.100 16.992 15.538 16.213 16.407 10.864 13.462 12.136 10.031 10.386 8.903 8.475 11.136 11.613 14.402 14.343 18.293 20.369 22.603 25.180 24.297 26.032 28.092 24.711 29.985 25.165 26.518 27.977 25.516 23.527 22.018 22.111 22.765 24.356 26.491 25.639 27.805 30.363 29.359 39.038 38.843 40.467 45.326 46.831 41.585 39.507 37.872 40.853 36.820 32.810 31.935 29.243 27.201 24.683 23.025 19.564 20.916 18.229 14.114 14.294 13.694 13.096
-999.250 -999.250 -999.250 -999.250 -999.250 -999.250 17.382 17.130 16.445 16.906 16.706 14.365 10.577 13.053 11.548 11.657 8.454 8.949 9.973 11.786 12.658 14.378 17.430 18.301 21.407 25.937 29.067 31.246 29.343 26.043 26.553 27.283 26.325 23.128 24.092 19.905 23.190 21.264 23.361 25.264 29.404 27.587 28.625 29.576 33.931 36.551 44.537 43.304 45.600 45.677 43.687 46.355 40.773 32.245 33.644 29.425 29.877 31.282 26.807 24.503 20.546 20.718 16.379 17.551 13.748 15.710 13.161 14.489
-999.250 -999.250 -999.250 -999.250 -999.250 16.091 16.312 17.886 18.939 17.720 19.132 16.263 14.710 14.035 11.754 12.797 9.750 9.816 11.513 12.988 11.715 13.530 13.821 16.819 24.548 24.338 26.279 30.815 28.581 26.054 26.244 28.588 22.682 26.348 24.235 21.926 24.376 25.344 23.929 28.366 27.276 25.034 27.682 31.568 34.604 35.722 41.895 41.204 46.484 50.000 47.352 45.444 38.426 35.448 28.711 28.498 28.505 30.700 29.044 23.073 20.109 17.181 16.949 15.333 12.953 13.902 12.928 10.748
-999.250 -999.250 -999.250 -999.250 -999.250 17.376 19.364 18.132 18.474 19.725 18.293 14.007 14.933 14.490 11.936 10.635 8.348 7.395 10.181 11.673 10.522 12.863 15.620 19.522 22.357 26.121 29.266 30.488 28.110 24.363 23.455 24.390 23.130 24.738 22.828 21.713 23.863 21.604 24.173 29.060 27.608 30.944 35.152 34.009 39.903 40.687 44.211 44.947 46.642 41.154 41.353 35.657 33.768 34.675 28.394 29.953 26.959 24.522 22.340 20.762 18.136 15.760 16.442 14.644 13.445 13.560 14.327 10.801
-999.250 -999.250 -999.250 -999.250 17.711 19.625 21.563 21.904 21.367 20.498 17.425 15.422 16.552 12.944 11.933 11.040 7.192 6.350 8.549 8.752 10.673 13.935 13.828 16.991 22.261 23.684 26.621 26.708 27.580 25.044 27.180 26.775 24.659 25.496 23.450 22.767 23.760 25.193 26.872 29.152 36.051 36.966 38.901 40.274 39.628 40.701 40.402 40.721 48.970 47.261 42.338 40.862 32.367 34.692 35.968 25.988 27.956 22.637 19.667 17.626 14.953 14.466 14.954 13.094 13.338 11.641 12.367 12.047
-999.250 -999.250 -999.250 -999.250 23.392 21.220 22.757 24.232 21.133 21.855 18.438 16.687 14.432 14.377 10.027 7.969 5.915 7.842 7.057 7.867 10.701 11.679 11.350 18.560 22.858 25.061 29.527 29.528 28.987 28.221 30.600 29.492 27.494 24.687 26.791 24.340 23.286 28.947 26.512 34.762 36.453 41.508 41.039 41.945 47.362 42.762 44.088 44.738 45.074 43.084 42.908 35.070 41.305 32.791 28.270 26.576 22.850 21.639 16.641 16.426 16.461 13.384 16.261 13.743 13.470 14.956 12.477 10.832
-999.250 -999.250 -999.250 -999.250 22.645 20.904 26.852 25.609 23.949 22.698 20.633 13.746 15.084 12.593 10.879 8.363 5.596 4.920 6.390 8.713 10.723 14.887 16.013 20.693 22.904 26.614 27.311 27.052 29.716 34.296 28.759 27.616 26.896 30.591 26.257 26.062 27.445 30.487 34.122 37.973 43.323 46.282 44.586 40.760 43.831 42.724 43.772 47.258 44.987 42.270 41.684 37.677 36.970 27.794 25.491 22.293 18.573 16.533 14.915 15.414 14.793 14.858 14.403 13.024 13.136 13.090 8.608 6.911
-999.250 -999.250 -999.250 -999.250 22.629 22.852 23.373 24.110 23.623 22.076 22.388 17.423 14.595 14.408 12.530 7.234 2.609 3.312 5.440 8.507 13.938 17.560 19.501 20.079 25.582 28.483 28.877 30.527 28.199 28.641 28.307 30.967 28.061 26.349 27.870 28.176 30.762 33.425 40.720 45.923 50.539 50.196 44.992 46.477 45.675 42.270 51.191 44.320 51.679 43.432 43.713 36.537 32.052 29.436 24.365 22.232 17.264 14.637 13.749 12.691 11.077 9.918 12.097 13.458 12.548 11.456 10.702 10.771
-999.250 -999.250 -999.250 -999.250 22.655 21.666 23.826 25.918 27.788 27.128 25.167 21.148 17.194 13.841 10.612 4.970 0.000 3.419 7.151 11.824 15.774 18.582 22.346 23.661 26.211 29.676 34.792 32.494 32.803 34.257 31.111 27.295 29.250 30.399 34.679 34.453 38.984 37.059 43.976 50.537 52.177 53.681 53.630 56.215 51.678 42.784 51.719 47.125 50.644 43.717 40.092 37.173 29.314 26.766 23.684 20.756 16.773 15.131 12.051 11.756 10.643 11.277 8.676 10.948 12.494 12.035 13.335 11.115
-999.250 -999.250 -999.250 -999.250 25.772 24.988 27.563 27.720 33.552 26.158 24.145 21.213 19.082 13.422 9.220 8.852 5.595 6.543 12.985 12.977 18.809 21.812 26.157 24.648 26.680 31.523 32.020 29.016 33.714 33.323 33.096 31.010 32.118 29.955 32.373 36.505 37.698 41.389 49.678 49.448 60.491 54.729 56.694 64.947 52.394 51.824 51.041 50.369 56.037 43.737 36.721 37.499 29.010 25.269 21.479 17.263 15.621 11.477 9.063 10.401 8.594 8.464 9.047 10.605 12.038 11.325 11.511 12.026
-999.250 -999.250 -999.250 -999.250 26.661 28.813 31.264 32.121 32.112 28.132 23.331 23.857 21.150 17.085 15.367 12.118 14.267 15.621 19.016 23.956 25.101 33.581 30.428 31.061 33.104 34.091 33.047 34.437 36.371 32.915 36.263 33.125 33.890 33.245 32.461 38.450 43.339 43.316 44.203 57.136 58.521 67.481 62.880 68.693 60.182 59.569 52.246 47.977 52.484 43.508 37.561 34.176 27.988 21.037 18.483 14.925 11.468 7.312 5.444 7.773 5.040 5.222 7.026 8.594 8.663 8.177 10.197 11.029
-999.250 -999.250 -999.250 -999.250 29.698 31.431 33.368 38.908 33.917 27.963 25.638 24.207 25.543 22.055 18.884 20.265 19.967 22.040 27.310 31.253 32.906 35.572 38.795 35.809 36.156 37.907 39.334 38.448 36.126 32.050 34.346 37.026 36.102 34.258 35.691 37.850 40.245 44.579 55.936 56.586 62.442 63.295 72.930 74.409 66.613 63.049 52.842 44.552 44.462 40.929 37.113 35.971 27.919 25.471 20.639 13.955 7.468 0.000 0.800 3.244 7.590 4.709 5.724 6.424 6.769 9.701 10.127 10.949
-999.250 -999.250 -999.250 -999.250 34.207 37.939 37.143 38.077 35.993 27.916 29.585 28.060 25.688 26.603 25.732 27.169 32.893 35.115 36.700 40.193 41.591 47.003 42.226 41.734 42.553 37.982 35.338 33.770 39.797 35.123 34.715 37.957 36.543 33.361 33.493 38.383 38.699 47.240 57.274 58.651 63.782 60.118 65.339 76.007 68.563 66.913 53.965 45.811 38.443 41.600 38.197 36.188 30.211 27.695 21.291 15.973 12.993 6.172 5.283 5.975 6.076 4.003 7.078 5.863 5.830 8.622 8.167 10.406
-999.250 -999.250 -999.250 -999.250 30.710 34.346 37.603 45.950 41.539 32.257 31.910 32.469 28.861 30.941 39.956 36.896 39.503 43.179 50.573 52.420 56.618 62.365 51.787 45.740 43.645 41.021 36.887 36.577 36.293 35.747 34.019 34.712 31.215 35.576 35.812 37.529 39.978 48.842 52.722 70.897 69.408 62.648 72.920 66.207 65.663 59.499 53.923 47.351 40.364 42.552 40.773 33.850 32.646 28.085 24.549 18.389 14.882 11.186 8.491 8.287 7.580 5.336 4.390 5.887 3.075 4.736 8.075 8.682
-999.250 -999.250 -999.250 30.983 37.298 38.380 43.082 44.587 42.242 41.205 39.479 44.533 44.659 41.992 43.898 45.731 47.467 58.870 63.253 64.486 71.853 62.964 64.826 59.523 51.955 40.601 34.276 34.571 39.042 41.081 33.154 42.696 33.999 34.810 36.483 38.523 40.048 43.781 52.533 60.206 69.731 68.844 61.858 63.550 67.907 56.659 51.575 42.555 41.620 43.106 43.321 38.357 31.398 27.917 24.206 22.294 17.818 14.791 10.282 8.973 10.648 8.429 8.453 6.964 4.522 5.518 6.838 7.598
