data/medianmodel_07-Dec-2020.asc
ncols	141
nrows	288
xllcorner	-120191.398
yllcorner	-301404.813
cellsize	2000.000
NODATA_value	-999.250
[rows 0 to 28 of 288, columns 64 to 127 of 141]
-999.250 -999.250 -999.250 -999.250 -999.250 -999.250 -999.250 -999.250 -999.250 -999.250 -999.250 -999.250 -999.250 -999.250 -999.250 -999.250 -999.250 -999.250 -999.250 -999.250 -999.250 -999.250 -999.250 -999.250 -999.250 -999.250 -999.250 -999.250 -999.250 -999.250 -999.250 -999.250 -999.250 -999.250 -999.250 -999.250 -999.250 -999.250 -999.250 -999.250 -999.250 -999.250 -999.250 -999.250 -999.250 -999.250 -999.250 -999.250 -999.250 -999.250 -999.250 -999.250 -999.250 -999.250 -999.250 -999.250 -999.250 -999.250 -999.250 -999.250 -999.250 -999.250 -999.250 -999.250
-999.250 -999.250 -999.250 -999.250 -999.250 -999.250 -999.250 -999.250 -999.250 -999.250 -999.250 -999.250 -999.250 -999.250 -999.250 -999.250 -999.250 -999.250 -999.250 -999.250 -999.250 -999.250 -999.250 -999.250 -999.250 -999.250 -999.250 -999.250 -999.250 -999.250 -999.250 -999.250 -999.250 -999.250 -999.250 -999.250 -999.250 -999.250 -999.250 -999.250 -999.250 -999.250 -999.250 -999.250 -999.250 -999.250 -999.250 -999.250 -999.250 -999.250 -999.250 -999.250 -999.250 -999.250 -999.250 -999.250 -999.250 -999.250 -999.250 -999.250 -999.250 -999.250 -999.250 -999.250
-999.250 -999.250 -999.250 -999.250 -999.250 -999.250 -999.250 -999.250 -999.250 -999.250 -999.250 -999.250 -999.250 -999.250 -999.250 -999.250 -999.250 -999.250 -999.250 -999.250 -999.250 -999.250 -999.250 -999.250 -999.250 -999.250 -999.250 -999.250 -999.250 -999.250 -999.250 -999.250 -999.250 -999.250 -999.250 -999.250 -999.250 -999.250 -999.250 -999.250 -999.250 -999.250 -999.250 -999.250 -999.250 -999.250 -999.250 -999.250 -999.250 -999.250 -999.250 -999.250 -999.250 -999.250 -999.250 -999.250 -999.250 -999.250 -999.250 -999.250 -999.250 -999.250 -999.250 -999.250
-999.250 -999.250 -999.250 -999.250 -999.250 -999.250 -999.250 -999.250 -999.250 -999.250 -999.250 -999.250 -999.250 -999.250 -999.250 -999.250 -999.250 -999.250 -999.250 -999.250 -999.250 -999.250 -999.250 -999.250 -999.250 -999.250 -999.250 -999.250 -999.250 -999.250 -999.250 -999.250 -999.250 -999.250 -999.250 -999.250 -999.250 -999.250 -999.250 -999.250 -999.250 -999.250 -999.250 -999.250 -999.250 -999.250 -999.250 -999.250 -999.250 -999.250 -999.250 -999.250 -999.250 -999.250 -999.250 -999.250 -999.250 -999.250 -999.250 -999.250 -999.250 -999.250 -999.250 -999.250
-999.250 -999.250 -999.250 -999.250 -999.250 -999.250 -999.250 -999.250 -999.250 -999.250 -999.250 -999.250 -999.250 -999.250 -999.250 -999.250 -999.250 -999.250 -999.250 -999.250 -999.250 -999.250 -999.250 -999.250 -999.250 -999.250 -999.250 -999.250 -999.250 -999.250 -999.250 -999.250 -999.250 -999.250 -999.250 -999.250 -999.250 -999.250 -999.250 -999.250 -999.250 -999.250 -999.250 -999.250 -999.250 -999.250 -999.250 -999.250 -999.250 -999.250 -999.250 -999.250 -999.250 -999.250 -999.250 -999.250 -999.250 -999.250 -999.250 -999.250 -999.250 -999.250 -999.250 -999.250
-999.250 -999.250 -999.250 -999.250 -999.250 -999.250 -999.250 -999.250 -999.250 -999.250 -999.250 -999.250 -999.250 -999.250 -999.250 -999.250 -999.250 -999.250 -999.250 -999.250 -999.250 -999.250 -999.250 -999.250 -999.250 -999.250 -999.250 -999.250 -999.250 -999.250 -999.250 -999.250 -999.250 -999.250 -999.250 -999.250 -999.250 -999.250 -999.250 -999.250 -999.250 -999.250 -999.250 -999.250 -999.250 -999.250 -999.250 -999.250 -999.250 -999.250 -999.250 -999.250 -999.250 -999.250 -999.250 -999.250 -999.250 -999.250 -999.250 -999.250 -999.250 -999.250 -999.250 -999.250
-999.250 -999.250 -999.250 -999.250 -999.250 -999.250 -999.250 -999.250 -999.250 -999.250 -999.250 -999.250 -999.250 -999.250 -999.250 -999.250 -999.250 -999.250 -999.250 -999.250 -999.250 -999.250 -999.250 -999.250 -999.250 -999.250 -999.250 -999.250 -999.250 -999.250 -999.250 -999.250 -999.250 -999.250 -999.250 -999.250 -999.250 -999.250 -999.250 -999.250 -999.250 -999.250 -999.250 -999.250 -999.250 -999.250 -999.250 -999.250 -999.250 -999.250 -999.250 -999.250 -999.250 -999.250 -999.250 -999.250 -999.250 -999.250 -999.250 -999.250 -999.250 -999.250 -999.250 -999.250
-999.250 -999.250 -999.250 -999.250 -999.250 -999.250 -999.250 -999.250 -999.250 -999.250 -999.250 -999.250 -999.250 -999.250 -999.250 -999.250 -999.250 -999.250 -999.250 -999.250 -999.250 -999.250 -999.250 -999.250 -999.250 -999.250 -999.250 -999.250 -999.250 -999.250 -999.250 -999.250 -999.250 -999.250 -999.250 -999.250 -999.250 -999.250 -999.250 -999.250 -999.250 -999.250 -999.250 -999.250 -999.250 -999.250 -999.250 -999.250 -999.250 -999.250 -999.250 -999.250 -999.250 -999.250 -999.250 -999.250 -999.250 -999.250 -999.250 -999.250 -999.250 -999.250 -999.250 -999.250
-999.250 -999.250 -999.250 -999.250 -999.250 -999.250 -999.250 -999.250 -999.250 -999.250 -999.250 -999.250 -999.250 -999.250 -999.250 -999.250 -999.250 -999.250 -999.250 -999.250 -999.250 -999.250 -999.250 -999.250 -999.250 -999.250 -999.250 -999.250 -999.250 -999.250 -999.250 -999.250 -999.250 -999.250 -999.250 -999.250 -999.250 -999.250 -999.250 -999.250 -999.250 -999.250 -999.250 -999.250 -999.250 -999.250 -999.250 -999.250 -999.250 -999.250 445.283 -999.250 -999.250 -999.250 -999.250 -999.250 -999.250 -999.250 -999.250 -999.250 -999.250 -999.250 -999.250 -999.250
-999.250 -999.250 -999.250 -999.250 -999.250 -999.250 -999.250 -999.250 -999.250 -999.250 -999.250 -999.250 -999.250 -999.250 -999.250 -999.250 -999.250 -999.250 -999.250 -999.250 -999.250 -999.250 -999.250 -999.250 -999.250 -999.250 -999.250 -999.250 -999.250 -999.250 -999.250 -999.250 -999.250 -999.250 -999.250 748.937 687.937 687.790 597.877 -999.250 -999.250 -999.250 -999.250 461.412 -999.250 -999.250 -999.250 -999.250 -999.250 -999.250 453.364 465.203 -999.250 -999.250 -999.250 -999.250 -999.250 -999.250 -999.250 -999.250 -999.250 -999.250 -999.250 -999.250
-999.250 -999.250 -999.250 -999.250 -999.250 -999.250 -999.250 -999.250 -999.250 -999.250 -999.250 -999.250 -999.250 -999.250 -999.250 -999.250 -999.250 -999.250 -999.250 -999.250 -999.250 -999.250 -999.250 -999.250 -999.250 -999.250 -999.250 -999.250 -999.250 -999.250 -999.250 -999.250 -999.250 -999.250 -999.250 728.683 684.323 641.636 617.224 -999.250 -999.250 -999.250 490.215 503.112 438.248 -999.250 -999.250 -999.250 -999.250 -999.250 472.749 453.707 484.133 -999.250 -999.250 -999.250 -999.250 -999.250 -999.250 540.515 592.844 -999.250 -999.250 -999.250
-999.250 -999.250 -999.250 -999.250 -999.250 -999.250 -999.250 -999.250 -999.250 -999.250 -999.250 -999.250 -999.250 -999.250 -999.250 -999.250 -999.250 -999.250 -999.250 -999.250 -999.250 -999.250 -999.250 -999.250 -999.250 -999.250 -999.250 -999.250 -999.250 -999.250 -999.250 -999.250 -999.250 -999.250 -999.250 795.611 714.654 668.533 619.796 590.058 559.019 515.311 520.883 485.527 450.091 408.009 416.541 416.911 438.867 439.628 482.266 459.140 548.580 578.787 526.880 564.029 577.901 629.583 646.463 638.062 595.533 -999.250 -999.250 -999.250
-999.250 -999.250 -999.250 -999.250 -999.250 518.267 -999.250 -999.250 -999.250 -999.250 -999.250 -999.250 -999.250 -999.250 -999.250 -999.250 -999.250 -999.250 -999.250 -999.250 -999.250 -999.250 -999.250 -999.250 -999.250 -999.250 -999.250 -999.250 -999.250 -999.250 -999.250 -999.250 -999.250 -999.250 -999.250 833.000 809.290 707.110 663.307 647.764 575.130 554.747 553.461 455.879 421.906 412.162 452.409 430.663 435.250 461.110 482.881 506.277 527.446 557.605 587.346 573.860 630.882 632.758 617.881 691.905 682.843 -999.250 -999.250 -999.250
-999.250 -999.250 -999.250 -999.250 -999.250 501.519 -999.250 -999.250 -999.250 -999.250 -999.250 -999.250 -999.250 910.360 -999.250 -999.250 -999.250 -999.250 -999.250 -999.250 -999.250 -999.250 -999.250 -999.250 -999.250 -999.250 -999.250 -999.250 -999.250 -999.250 -999.250 -999.250 -999.250 -999.250 -999.250 837.898 766.462 689.071 698.732 607.456 560.819 551.292 503.670 463.134 437.791 435.798 446.766 448.154 455.961 487.743 508.291 496.584 538.500 576.150 600.275 585.865 670.117 674.788 686.725 699.512 734.331 -999.250 -999.250 -999.250
-999.250 -999.250 -999.250 -999.250 -999.250 485.928 -999.250 -999.250 -999.250 -999.250 669.534 754.699 877.166 972.482 1053.980 -999.250 -999.250 -999.250 -999.250 -999.250 -999.250 -999.250 -999.250 -999.250 -999.250 -999.250 -999.250 -999.250 -999.250 -999.250 -999.250 -999.250 -999.250 -999.250 -999.250 957.181 822.311 757.343 654.016 625.277 547.203 508.857 484.288 426.530 446.818 433.956 427.412 443.737 455.917 492.332 546.335 532.573 566.527 598.096 621.588 642.207 687.838 711.611 683.153 736.658 747.147 789.654 -999.250 -999.250
-999.250 -999.250 419.017 436.090 454.800 498.955 -999.250 -999.250 606.068 636.575 679.408 681.264 815.637 919.377 1044.173 1103.427 1204.564 1290.803 -999.250 -999.250 -999.250 -999.250 -999.250 -999.250 -999.250 -999.250 -999.250 -999.250 -999.250 -999.250 -999.250 -999.250 1250.632 1242.605 1106.057 950.664 832.740 773.370 673.290 594.946 537.782 502.058 442.329 414.027 425.487 436.339 440.869 456.459 472.548 523.449 539.769 545.758 573.204 609.927 648.560 680.864 718.138 728.994 724.339 734.816 837.559 822.646 -999.250 -999.250
-999.250 412.020 453.977 490.767 471.341 501.277 -999.250 559.737 641.418 634.928 656.157 800.024 820.878 904.000 1054.612 1185.536 1192.776 -999.250 -999.250 -999.250 -999.250 -999.250 1716.769 1687.069 -999.250 -999.250 -999.250 1584.634 -999.250 -999.250 1383.718 1362.002 1284.040 1211.637 1097.697 958.802 882.146 822.294 691.028 611.729 562.758 491.266 447.430 436.792 424.287 421.574 431.001 462.401 513.269 479.407 538.689 547.570 587.807 643.640 674.799 724.378 776.656 751.957 707.812 752.818 754.002 865.096 -999.250 -999.250
-999.250 441.714 445.428 487.441 485.056 534.920 550.379 573.885 615.065 632.927 668.468 707.426 759.097 901.237 1056.789 1163.326 1254.242 -999.250 -999.250 1492.259 1579.029 1831.832 1756.834 1886.707 1942.249 -999.250 1669.413 1632.974 1490.794 1492.938 1406.687 1347.932 1282.047 1144.282 1083.405 970.889 945.269 804.652 709.176 631.471 567.173 489.397 400.207 411.201 431.719 429.293 441.292 459.471 488.259 495.161 532.994 555.584 617.321 663.552 668.514 725.618 748.324 779.738 733.567 783.387 782.947 765.493 -999.250 -999.250
444.631 501.714 511.345 499.756 518.295 529.227 568.002 577.023 587.657 637.530 651.491 685.461 741.505 858.761 1045.230 1139.021 1262.379 1355.316 1450.598 1518.655 1596.050 1864.659 1927.783 1920.761 2024.870 1945.282 1884.570 1706.200 1653.175 1520.250 1481.446 1421.267 1303.921 1133.548 1082.863 1021.100 970.372 773.437 734.169 682.140 597.476 521.965 442.149 436.622 437.004 435.608 457.253 493.758 485.839 521.223 520.387 577.109 638.586 634.222 674.109 732.265 729.464 785.306 744.467 776.750 771.029 748.197 -999.250 -999.250
490.791 510.830 523.968 551.529 543.532 539.597 531.458 550.825 564.159 617.445 645.463 659.019 704.626 868.970 973.891 1125.282 1281.146 1342.643 1427.971 1581.633 1665.624 1880.925 1969.812 2022.455 1993.802 1993.312 1920.300 1854.786 1582.170 1509.908 1441.832 1441.418 1275.174 1182.604 1135.125 979.186 932.678 827.810 759.563 680.103 636.040 560.755 492.747 471.703 447.774 451.711 482.507 464.335 516.598 544.318 567.063 591.339 621.060 641.591 685.312 705.692 721.217 810.070 814.712 846.443 862.178 883.787 -999.250 -999.250
487.026 534.913 559.952 541.563 547.236 541.403 532.111 543.530 582.625 572.927 631.898 669.909 755.707 822.163 970.855 1115.048 1214.177 1363.790 1452.094 1568.691 1611.922 1862.595 1982.992 2040.279 2022.352 2027.119 1955.532 1832.785 1723.230 1560.498 1461.186 1397.808 1326.318 1215.450 1071.032 1051.417 900.151 818.207 737.440 711.370 682.288 588.398 511.311 473.555 493.737 500.085 482.150 499.374 517.178 540.755 551.305 589.070 636.464 685.790 689.221 721.354 735.561 810.250 758.483 843.674 847.436 -999.250 -999.250 -999.250
541.593 565.648 576.930 549.209 542.454 535.567 512.329 522.396 542.013 566.792 576.314 630.007 696.426 754.606 912.423 1070.469 1167.812 1337.528 1432.550 1521.293 1679.607 1903.942 2082.005 2058.816 2021.918 1993.126 1996.203 1922.802 1682.770 1481.469 1458.677 1373.000 1307.017 1252.146 1056.573 976.571 918.382 815.208 793.995 738.702 680.061 590.412 547.183 536.809 520.281 490.199 477.343 504.593 506.232 556.217 567.680 565.721 618.806 667.301 718.059 756.910 786.690 819.442 749.875 812.108 897.179 -999.250 -999.250 -999.250
578.659 565.871 548.929 574.586 528.043 501.899 488.203 497.644 509.700 525.596 545.013 598.896 628.555 695.459 872.916 996.736 1098.862 1270.632 1354.520 1500.161 1706.869 1888.935 2008.917 2041.305 1947.581 1949.817 1994.124 1841.492 1687.392 1527.991 1432.684 1320.950 1263.347 1190.583 1067.029 1013.511 924.813 874.266 773.000 710.548 691.710 605.425 562.506 537.110 500.186 517.268 505.298 536.360 542.575 541.358 576.817 608.995 634.759 715.793 711.899 693.021 763.100 768.448 795.998 825.014 828.044 -999.250 -999.250 -999.250
610.464 600.941 567.007 544.484 525.148 503.693 488.035 506.661 519.931 522.025 569.452 559.298 618.690 662.114 736.268 832.931 961.354 1156.047 1327.639 1461.615 1619.551 1824.113 1919.768 1980.524 1932.648 1970.460 1872.604 1777.968 1581.140 1444.660 1390.754 1332.714 1242.572 1172.197 1035.988 963.404 887.421 841.381 818.090 702.633 690.427 628.207 563.386 546.455 535.279 530.940 528.332 539.952 537.538 544.326 590.529 626.171 656.446 688.405 698.392 700.562 724.148 768.202 850.536 823.039 840.677 -999.250 -999.250 -999.250
649.335 639.300 595.337 551.489 500.994 488.358 483.493 485.509 495.364 512.571 561.106 583.458 601.680 617.874 686.191 720.288 935.558 1094.116 1296.905 1397.751 1527.529 1586.721 1679.068 1906.063 1897.018 1796.514 1761.083 1741.915 1497.227 1408.490 1415.898 1348.384 1307.602 1185.815 1096.498 937.447 856.785 762.628 759.470 737.074 672.893 617.630 582.783 572.268 559.565 579.133 565.096 554.616 551.767 550.690 597.777 635.822 606.531 667.162 686.059 696.787 725.350 823.739 803.039 848.237 863.014 -999.250 -999.250 -999.250
699.014 617.582 545.718 520.027 474.600 455.853 469.448 448.651 475.033 499.035 522.958 546.111 594.005 634.368 637.919 730.694 918.316 1085.628 1268.887 1403.656 1489.895 1574.269 1631.846 1706.414 1856.273 1706.223 1630.796 1581.503 1430.312 1372.457 1366.844 1305.220 1275.885 1242.859 1126.578 933.028 876.663 804.552 741.170 771.352 700.788 608.193 597.680 594.004 571.085 594.691 590.507 579.101 560.097 578.915 614.669 644.061 634.700 651.072 666.058 707.833 777.809 822.491 841.873 892.163 865.904 826.152 -999.250 -999.250
706.621 632.542 582.475 500.660 469.289 465.066 448.453 453.830 432.205 474.196 500.356 514.817 568.189 630.201 672.085 789.324 995.155 1104.664 1265.104 1338.530 1409.475 1458.329 1535.235 1560.127 1531.152 1540.437 1495.775 1443.608 1356.204 1331.159 1330.041 1286.699 1257.527 1171.485 1075.166 1031.293 869.832 772.951 725.317 724.359 678.477 634.848 586.296 611.142 565.380 593.134 577.010 589.457 578.251 633.298 632.979 624.416 694.370 645.173 688.870 700.342 737.183 783.534 858.392 857.681 874.251 902.324 957.505 -999.250
732.825 670.446 588.069 528.759 477.438 450.987 418.171 389.245 409.277 434.471 464.386 526.905 589.880 622.574 705.926 817.450 993.670 1141.369 1262.217 1345.114 1411.140 1482.113 1481.357 1480.847 1488.626 1466.577 1377.056 1370.075 1375.569 1297.979 1259.937 1250.761 1154.990 1015.045 1020.124 930.640 813.152 803.192 766.353 737.258 683.076 665.471 604.621 588.043 629.376 590.705 607.401 606.344 588.643 603.385 637.788 633.874 659.697 668.330 704.188 680.891 720.156 806.284 832.773 821.917 881.176 865.486 872.803 969.566
745.008 653.389 576.003 528.200 469.618 423.637 412.184 400.674 365.459 399.468 462.946 514.527 539.450 649.934 758.279 857.620 992.552 1174.755 1274.006 1346.491 1370.544 1444.796 1496.833 1439.499 1428.683 1394.714 1374.867 1347.841 1292.213 1234.055 1177.674 1063.681 1035.161 985.662 985.226 866.368 811.270 762.039 742.324 712.332 657.256 597.381 610.380 616.087 637.802 621.806 637.224 601.530 596.942 588.933 617.537 650.515 678.817 652.976 687.908 716.720 773.160 782.683 791.209 873.983 912.342 852.623 903.649 944.651
