data/medianmodel_14-Feb-2021.asc
ncols	141
nrows	288
xllcorner	-120191.398
yllcorner	-301404.813
cellsize	2000.000
NODATA_value	-999.250
[rows 116 to 144 of 288, columns 65 to 129 of 141]
634.587 538.783 478.862 455.047 433.861 425.785 430.230 416.043 387.293 389.099 392.404 416.463 430.455 439.536 446.636 461.263 472.874 492.527 487.791 520.864 545.941 557.310 553.662 559.342 535.863 523.417 478.213 464.756 399.125 410.463 411.262 382.664 357.699 327.797 311.986 311.597 323.589 315.863 340.266 350.509 348.325 339.705 357.810 349.978 329.478 325.104 334.898 349.909 -999.250 -999.250 -999.250 -999.250 -999.250 -999.250 -999.250 -999.250 -999.250 -999.250 -999.250 -999.250 -999.250 -999.250 -999.250 -999.250 -999.250
620.738 564.487 484.526 456.907 438.916 423.573 405.055 412.669 367.270 392.271 393.552 409.993 423.697 423.551 431.220 448.191 461.888 466.335 480.436 491.081 481.317 493.712 471.040 534.119 545.042 477.846 448.439 442.611 409.632 385.299 381.786 364.561 342.517 321.632 309.385 323.246 293.467 313.545 336.092 350.677 338.771 327.146 331.111 339.234 306.552 304.113 313.764 318.642 -999.250 -999.250 -999.250 -999.250 -999.250 -999.250 -999.250 -999.250 -999.250 -999.250 -999.250 -999.250 -999.250 -999.250 -999.250 -999.250 -999.250
591.449 511.695 478.116 445.581 438.135 416.139 409.136 399.681 384.242 380.589 398.917 395.390 417.435 422.240 423.770 424.037 449.810 450.109 446.598 455.653 471.070 478.861 463.184 493.860 480.773 461.285 444.298 430.723 389.820 381.383 372.002 349.856 336.930 311.160 301.044 287.794 280.371 293.319 306.665 309.832 318.822 326.756 325.784 326.201 301.761 306.568 285.547 293.528 318.559 -999.250 -999.250 -999.250 -999.250 -999.250 -999.250 -999.250 -999.250 -999.250 -999.250 -999.250 -999.250 -999.250 -999.250 -999.250 -999.250
580.349 505.603 456.813 423.932 396.131 400.910 401.931 389.728 389.727 384.512 388.317 393.696 403.726 398.838 424.627 434.953 429.218 440.701 454.054 451.545 470.428 463.197 469.454 463.073 466.967 453.083 428.094 434.298 408.939 382.380 369.079 342.115 316.912 310.065 283.793 283.659 255.878 280.251 278.838 283.830 291.577 315.718 302.151 296.191 287.207 289.235 290.397 291.403 -999.250 -999.250 -999.250 -999.250 -999.250 -999.250 -999.250 -999.250 -999.250 -999.250 -999.250 -999.250 -999.250 -999.250 -999.250 -999.250 -999.250
524.884 481.435 444.834 420.799 406.133 399.980 406.718 401.443 375.090 370.333 379.060 376.981 379.778 379.260 422.341 416.740 435.742 426.942 435.529 450.332 444.158 454.045 451.275 447.377 437.338 426.983 440.576 422.968 411.400 375.126 362.796 323.237 304.164 298.123 262.911 249.618 259.016 266.235 271.790 286.411 274.130 299.939 298.548 291.965 264.074 281.572 293.355 291.561 -999.250 -999.250 -999.250 -999.250 -999.250 -999.250 -999.250 -999.250 -999.250 -999.250 -999.250 -999.250 -999.250 -999.250 -999.250 -999.250 -999.250
471.259 447.365 451.639 433.491 408.305 402.607 384.047 393.274 363.688 365.901 381.701 382.712 392.149 385.456 418.101 424.831 427.773 436.412 421.356 433.732 457.812 451.414 449.495 458.094 441.080 424.575 420.911 423.714 407.275 395.261 347.085 331.667 308.110 290.819 254.884 242.563 243.760 249.142 254.130 266.826 275.783 274.777 282.346 292.949 286.180 253.507 260.121 268.504 -999.250 -999.250 -999.250 -999.250 -999.250 -999.250 -999.250 -999.250 -999.250 -999.250 -999.250 -999.250 -999.250 -999.250 -999.250 -999.250 -999.250
447.152 434.877 426.532 415.508 415.560 379.772 375.218 379.850 371.493 366.142 373.188 391.448 395.667 385.953 405.545 405.713 422.016 421.630 408.841 422.717 437.588 438.976 443.621 431.719 432.241 446.330 438.017 421.994 408.908 369.289 354.135 325.224 321.913 274.143 252.684 234.346 233.162 241.792 241.353 255.690 256.312 259.167 248.038 272.640 261.746 255.166 254.605 262.813 -999.250 -999.250 -999.250 -999.250 -999.250 -999.250 -999.250 -999.250 -999.250 -999.250 -999.250 -999.250 -999.250 -999.250 -999.250 -999.250 -999.250
395.240 413.796 406.567 413.520 376.400 371.771 382.426 366.525 361.299 351.399 357.229 366.490 373.289 393.570 410.327 420.617 397.659 408.847 400.996 428.090 440.934 432.876 430.870 423.543 421.896 448.048 429.576 416.944 404.969 391.953 352.984 352.657 313.314 274.541 238.125 236.230 230.970 234.675 249.424 255.725 240.717 241.966 264.807 253.367 279.056 252.719 273.078 -999.250 -999.250 -999.250 -999.250 -999.250 -999.250 -999.250 -999.250 -999.250 -999.250 -999.250 -999.250 -999.250 -999.250 -999.250 -999.250 -999.250 -999.250
398.757 400.968 394.717 385.908 370.490 356.735 349.465 346.733 327.332 331.764 350.589 358.865 355.516 369.890 376.109 387.343 384.532 395.021 391.440 386.919 410.445 414.520 435.550 408.327 408.783 448.330 428.611 411.254 418.962 397.230 367.685 345.401 305.155 271.054 249.484 239.289 239.111 243.006 239.214 242.692 248.595 249.356 236.329 248.744 268.822 270.249 257.443 -999.250 -999.250 -999.250 -999.250 -999.250 -999.250 -999.250 -999.250 -999.250 -999.250 -999.250 -999.250 -999.250 -999.250 -999.250 -999.250 -999.250 -999.250
400.486 390.898 374.751 361.254 348.895 333.621 326.518 321.970 312.724 320.889 317.676 339.513 329.901 347.660 369.412 365.298 366.132 379.986 391.067 379.466 387.961 410.340 410.560 413.808 405.216 424.672 420.184 424.831 398.459 380.097 367.540 316.736 309.019 287.168 270.425 255.298 247.310 244.746 240.239 255.405 250.623 254.283 243.461 240.567 263.275 267.360 245.146 -999.250 -999.250 -999.250 -999.250 -999.250 -999.250 -999.250 -999.250 -999.250 -999.250 -999.250 -999.250 -999.250 -999.250 -999.250 -999.250 -999.250 -999.250
389.031 370.118 357.169 344.718 326.244 303.122 308.997 289.193 279.101 267.209 281.934 289.017 310.135 328.567 353.988 344.961 352.155 366.828 372.418 369.540 365.717 388.437 406.285 414.807 418.966 426.328 422.429 402.549 410.934 379.603 356.786 341.518 309.545 301.001 303.397 282.118 278.314 271.034 248.185 261.738 245.941 268.957 243.177 269.348 268.181 259.700 248.276 -999.250 -999.250 -999.250 -999.250 -999.250 -999.250 -999.250 -999.250 -999.250 -999.250 -999.250 -999.250 -999.250 -999.250 -999.250 -999.250 -999.250 -999.250
395.702 386.654 353.480 319.012 320.189 297.440 274.875 274.605 266.396 238.507 252.039 265.669 294.578 322.074 325.189 324.406 359.445 345.805 373.021 373.992 375.636 378.285 389.738 412.382 417.577 426.352 421.584 422.909 402.091 386.632 360.058 356.496 335.933 313.811 328.772 303.107 297.299 306.835 287.178 288.048 294.463 271.316 266.109 277.874 268.686 250.128 -999.250 -999.250 -999.250 -999.250 -999.250 -999.250 -999.250 -999.250 -999.250 -999.250 -999.250 -999.250 -999.250 -999.250 -999.250 -999.250 -999.250 -999.250 -999.250
407.729 383.823 350.603 316.364 289.008 277.883 256.507 237.321 231.777 232.954 227.373 253.026 266.319 284.091 295.894 315.669 316.124 320.329 349.572 370.793 377.662 406.439 403.655 409.718 432.565 437.316 444.453 430.449 420.919 397.125 382.043 382.799 348.705 365.948 354.593 338.229 325.625 317.565 302.833 285.957 295.767 299.611 283.161 270.560 277.326 -999.250 -999.250 -999.250 -999.250 -999.250 -999.250 -999.250 -999.250 -999.250 -999.250 -999.250 -999.250 -999.250 -999.250 -999.250 -999.250 -999.250 -999.250 -999.250 -999.250
403.121 360.059 335.284 309.915 258.252 238.668 222.693 227.707 222.977 223.122 224.371 234.940 244.908 260.145 272.752 299.226 300.839 323.911 337.222 384.213 396.523 403.820 419.138 435.140 442.077 453.794 466.678 452.993 441.105 422.413 410.748 394.750 386.501 363.707 363.785 347.838 333.406 345.451 333.591 317.539 299.590 284.963 281.919 288.948 -999.250 -999.250 -999.250 -999.250 -999.250 -999.250 -999.250 -999.250 -999.250 -999.250 -999.250 -999.250 -999.250 -999.250 -999.250 -999.250 -999.250 -999.250 -999.250 -999.250 -999.250
398.927 368.235 318.887 267.997 242.177 210.277 213.471 213.111 217.984 207.129 201.933 219.962 234.931 234.075 246.086 279.268 294.888 302.062 354.955 395.364 391.868 395.492 419.728 442.155 458.799 459.371 499.704 485.427 445.646 430.703 423.989 433.574 402.744 397.144 403.344 376.817 395.966 370.927 367.169 328.104 324.320 311.857 292.944 287.561 -999.250 -999.250 -999.250 -999.250 -999.250 -999.250 -999.250 -999.250 -999.250 -999.250 -999.250 -999.250 -999.250 -999.250 -999.250 -999.250 -999.250 -999.250 -999.250 -999.250 -999.250
370.966 340.208 298.990 255.904 232.828 213.502 210.465 197.131 192.110 203.788 196.840 201.898 212.006 230.130 241.139 247.151 277.907 302.274 351.187 375.263 403.923 422.056 449.435 457.935 478.803 479.460 491.083 492.496 467.242 462.011 443.354 452.432 428.727 425.510 431.861 427.999 423.459 408.591 381.445 375.960 342.862 334.269 320.212 330.685 -999.250 -999.250 -999.250 -999.250 -999.250 -999.250 -999.250 -999.250 -999.250 -999.250 -999.250 -999.250 -999.250 -999.250 -999.250 -999.250 -999.250 -999.250 -999.250 -999.250 -999.250
371.335 322.791 280.643 234.938 214.261 193.582 185.172 177.840 179.009 178.912 196.084 187.913 194.874 211.270 235.164 257.570 273.700 315.286 328.971 376.752 412.628 440.261 437.689 470.613 495.607 506.520 539.067 529.294 481.242 462.799 464.380 456.031 465.226 440.046 453.486 447.674 442.867 426.269 411.358 402.747 393.494 381.512 366.938 357.503 -999.250 -999.250 -999.250 -999.250 -999.250 -999.250 -999.250 -999.250 -999.250 -999.250 -999.250 -999.250 -999.250 -999.250 -999.250 -999.250 -999.250 -999.250 -999.250 -999.250 -999.250
362.852 324.342 261.939 224.807 191.833 179.246 173.407 171.784 164.075 165.016 178.133 181.760 191.350 207.224 217.244 241.958 272.330 316.081 347.714 376.849 415.598 438.465 458.207 492.837 501.781 547.733 558.937 556.553 531.110 517.350 489.175 510.495 464.707 464.813 465.341 480.878 472.977 478.005 445.723 418.410 425.393 408.106 406.681 -999.250 -999.250 -999.250 -999.250 -999.250 -999.250 -999.250 -999.250 -999.250 -999.250 -999.250 -999.250 -999.250 -999.250 -999.250 -999.250 -999.250 -999.250 -999.250 -999.250 -999.250 -999.250
369.161 308.187 253.734 220.731 196.760 180.942 166.484 167.204 157.161 164.043 173.841 176.161 181.589 199.180 220.521 250.786 283.042 320.073 360.117 400.191 435.423 447.739 482.482 508.692 565.060 580.496 604.713 606.055 575.837 580.288 564.546 569.952 537.263 519.191 509.884 532.741 522.651 488.837 452.116 452.313 458.945 431.701 422.824 -999.250 -999.250 -999.250 -999.250 -999.250 -999.250 -999.250 -999.250 -999.250 -999.250 -999.250 -999.250 -999.250 -999.250 -999.250 -999.250 -999.250 -999.250 -999.250 -999.250 -999.250 -999.250
358.414 309.281 252.634 220.735 209.795 188.084 182.121 165.821 165.153 160.566 163.506 171.643 181.570 199.280 225.293 258.258 294.574 333.463 400.002 432.690 451.816 479.036 504.679 561.730 617.300 623.634 653.338 670.243 663.896 614.870 650.067 650.352 637.791 559.614 526.343 577.044 561.145 522.664 503.329 455.129 445.951 446.028 420.721 -999.250 -999.250 -999.250 -999.250 -999.250 -999.250 -999.250 -999.250 -999.250 -999.250 -999.250 -999.250 -999.250 -999.250 -999.250 -999.250 -999.250 -999.250 -999.250 -999.250 -999.250 -999.250
351.579 304.524 255.678 221.756 220.031 197.580 192.034 177.093 167.427 169.248 180.928 175.119 184.356 207.896 222.646 266.403 300.995 351.367 398.758 435.546 463.065 511.531 582.235 610.213 621.692 731.758 742.904 772.856 719.744 707.441 704.303 714.345 633.424 605.140 604.763 588.080 584.264 532.023 514.000 478.107 451.241 449.295 439.037 -999.250 -999.250 -999.250 -999.250 -999.250 -999.250 -999.250 -999.250 -999.250 -999.250 -999.250 -999.250 -999.250 -999.250 -999.250 -999.250 -999.250 -999.250 -999.250 -999.250 -999.250 -999.250
340.227 307.271 262.373 238.873 230.677 216.690 199.701 199.506 190.933 187.974 186.380 190.243 197.123 216.826 233.110 280.484 304.588 368.748 430.221 463.008 503.020 562.871 649.490 661.968 761.130 799.313 771.319 784.173 766.112 774.642 770.617 760.049 729.967 669.469 657.540 642.846 604.384 551.757 544.203 510.868 474.543 471.803 -999.250 -999.250 -999.250 -999.250 -999.250 -999.250 -999.250 -999.250 -999.250 -999.250 -999.250 -999.250 -999.250 -999.250 -999.250 -999.250 -999.250 -999.250 -999.250 -999.250 -999.250 -999.250 -999.250
337.400 301.869 275.654 251.237 242.462 234.589 231.210 220.193 211.606 205.108 217.525 218.725 217.912 232.961 253.056 275.276 332.539 389.692 435.437 504.919 570.316 -999.250 -999.250 -999.250 -999.250 822.761 820.699 822.297 805.649 797.035 -999.250 -999.250 -999.250 -999.250 -999.250 -999.250 -999.250 -999.250 -999.250 -999.250 -999.250 -999.250 -999.250 -999.250 -999.250 -999.250 -999.250 -999.250 -999.250 -999.250 -999.250 -999.250 -999.250 -999.250 -999.250 -999.250 -999.250 -999.250 -999.250 -999.250 -999.250 -999.250 -999.250 -999.250 -999.250
326.104 306.878 308.704 290.752 281.585 285.805 292.084 257.201 240.870 240.032 229.121 226.344 238.138 243.606 267.853 289.131 353.072 427.189 485.807 586.191 626.930 -999.250 -999.250 -999.250 -999.250 -999.250 -999.250 -999.250 -999.250 -999.250 -999.250 -999.250 -999.250 -999.250 -999.250 -999.250 -999.250 -999.250 -999.250 -999.250 -999.250 -999.250 -999.250 -999.250 -999.250 -999.250 -999.250 -999.250 -999.250 -999.250 -999.250 -999.250 -999.250 -999.250 -999.250 -999.250 -999.250 -999.250 -999.250 -999.250 -999.250 -999.250 -999.250 -999.250 -999.250
313.448 326.520 338.370 343.014 356.843 325.143 324.665 289.366 277.244 271.941 255.809 265.199 251.654 265.092 288.737 329.432 383.553 429.345 487.855 609.944 742.304 -999.250 -999.250 -999.250 -999.250 -999.250 -999.250 -999.250 -999.250 -999.250 -999.250 -999.250 -999.250 -999.250 -999.250 -999.250 -999.250 -999.250 -999.250 -999.250 -999.250 -999.250 -999.250 -999.250 -999.250 -999.250 -999.250 -999.250 -999.250 -999.250 -999.250 -999.250 -999.250 -999.250 -999.250 -999.250 -999.250 -999.250 -999.250 -999.250 -999.250 -999.250 -999.250 -999.250 -999.250
297.729 356.591 385.654 404.540 409.349 387.703 382.688 344.402 346.094 322.117 299.774 287.270 281.027 270.183 283.913 313.200 373.926 454.770 566.147 678.994 800.545 836.053 -999.250 -999.250 -999.250 -999.250 -999.250 -999.250 -999.250 -999.250 -999.250 -999.250 -999.250 -999.250 -999.250 -999.250 -999.250 -999.250 -999.250 -999.250 -999.250 -999.250 -999.250 -999.250 -999.250 -999.250 -999.250 -999.250 -999.250 -999.250 -999.250 -999.250 -999.250 -999.250 -999.250 -999.250 -999.250 -999.250 -999.250 -999.250 -999.250 -999.250 -999.250 -999.250 -999.250
350.328 401.057 436.289 454.513 463.549 459.570 453.701 419.780 396.165 364.510 347.987 322.517 299.145 276.137 287.774 314.308 376.111 454.986 605.929 710.251 829.095 905.271 961.053 -999.250 -999.250 -999.250 -999.250 -999.250 -999.250 -999.250 -999.250 -999.250 -999.250 -999.250 -999.250 -999.250 -999.250 -999.250 -999.250 -999.250 -999.250 -999.250 -999.250 -999.250 -999.250 -999.250 -999.250 -999.250 -999.250 -999.250 -999.250 -999.250 -999.250 -999.250 -999.250 -999.250 -999.250 -999.250 -999.250 -999.250 -999.250 -999.250 -999.250 -999.250 -999.250
418.960 460.848 504.350 551.811 551.791 553.018 557.852 485.465 458.663 434.149 381.474 356.929 329.123 295.567 290.279 297.242 372.682 472.848 612.902 784.759 890.805 964.376 1171.186 1186.163 -999.250 -999.250 -999.250 -999.250 -999.250 -999.250 -999.250 -999.250 -999.250 -999.250 -999.250 -999.250 -999.250 -999.250 -999.250 -999.250 -999.250 -999.250 -999.250 -999.250 -999.250 -999.250 -999.250 -999.250 -999.250 -999.250 -999.250 -999.250 -999.250 -999.250 -999.250 -999.250 -999.250 -999.250 -999.250 -999.250 -999.250 -999.250 -999.250 -999.250 -999.250
478.961 563.596 631.805 648.964 689.296 648.159 691.502 600.893 543.730 464.793 416.895 384.678 352.039 322.742 292.282 274.951 328.451 469.772 644.333 820.913 946.330 1084.178 1234.755 1331.277 -999.250 -999.250 -999.250 -999.250 -999.250 -999.250 -999.250 -999.250 -999.250 -999.250 -999.250 -999.250 -999.250 -999.250 -999.250 -999.250 -999.250 -999.250 -999.250 -999.250 -999.250 -999.250 -999.250 -999.250 -999.250 -999.250 -999.250 -999.250 -999.250 -999.250 -999.250 -999.250 -999.250 -999.250 -999.250 -999.250 -999.250 -999.250 -999.250 -999.250 -999.250
