data/medianmodel_20-Oct-2020.asc
ncols	141
nrows	288
xllcorner	-120191.398
yllcorner	-301404.813
cellsize	2000.000
NODATA_value	-999.250
[rows 180 to 209 of 288, columns 0 to 66 of 141]
-999.250 -999.250 -999.250 220.584 223.415 220.508 198.545 214.410 205.938 203.680 224.048 234.115 248.861 226.552 265.020 271.427 265.863 260.263 307.481 278.255 277.784 235.343 252.140 221.273 202.433 186.153 165.411 144.832 132.244 128.135 133.741 117.246 114.829 107.445 79.356 81.053 78.508 90.434 91.352 73.768 74.849 74.552 67.090 67.784 65.728 72.526 59.312 52.460 59.646 53.316 67.251 58.393 58.460 44.650 35.438 36.236 32.138 24.082 22.740 20.682 26.083 25.914 27.498 29.809 37.940 35.056 34.208
-999.250 -999.250 -999.250 266.970 241.198 230.337 240.798 209.643 215.341 213.486 223.466 216.815 235.749 273.365 260.044 242.375 271.463 268.059 259.078 267.638 243.155 242.501 202.551 204.444 184.824 177.487 162.162 138.707 133.800 131.642 126.750 108.869 112.308 95.388 88.274 81.507 80.038 82.696 80.673 75.640 82.884 81.868 85.969 75.237 72.060 66.669 62.776 54.284 69.868 64.298 68.674 62.871 56.749 50.845 43.539 40.911 47.643 39.357 29.252 19.851 30.294 33.648 29.896 38.092 34.848 41.300 39.375
-999.250 -999.250 234.232 231.686 252.546 242.068 230.811 238.214 224.551 212.239 234.050 252.895 239.526 244.047 261.673 287.720 281.722 263.669 236.829 230.406 237.133 223.113 200.805 193.779 173.536 151.044 162.347 161.702 149.838 136.413 126.848 110.644 101.633 100.986 100.112 88.943 89.928 91.369 79.630 77.354 89.808 74.408 74.490 76.379 67.099 60.190 65.854 70.244 61.042 72.261 67.105 69.100 55.562 64.158 53.959 62.197 53.415 49.817 40.682 29.353 38.377 40.107 41.262 41.183 38.635 50.860 48.753
-999.250 -999.250 232.211 224.687 226.845 254.312 217.690 229.997 249.156 254.469 223.306 260.983 252.784 241.733 239.306 272.665 280.110 270.170 249.954 231.151 -999.250 227.780 167.283 155.887 157.965 141.643 161.249 156.769 141.378 130.710 120.266 100.260 100.827 97.973 104.584 99.570 96.730 83.989 97.182 107.015 83.777 80.106 73.574 74.689 59.073 58.336 71.146 75.398 78.195 74.682 76.651 76.721 71.204 74.011 68.185 67.415 63.485 59.986 53.506 44.459 42.532 53.837 44.716 36.890 45.732 52.308 56.305
-999.250 227.970 227.875 249.464 248.243 213.645 233.416 239.806 237.785 254.423 273.900 264.538 240.314 243.525 248.199 269.419 308.863 267.693 232.631 -999.250 -999.250 187.841 173.010 168.782 157.530 133.576 149.982 137.494 125.818 117.377 113.691 97.121 99.767 100.350 97.706 102.788 93.302 96.914 110.345 98.360 96.754 83.295 80.506 72.066 69.610 65.092 65.319 70.773 82.101 79.682 74.952 68.370 70.119 71.040 70.891 70.519 73.348 67.769 63.852 58.588 53.669 56.787 53.207 52.745 45.756 49.770 62.430
-999.250 242.629 234.072 254.929 275.470 261.086 249.084 228.260 258.815 260.255 281.861 261.031 250.096 249.362 247.877 260.484 273.676 251.755 -999.250 -999.250 -999.250 -999.250 177.350 148.504 136.464 138.422 131.613 129.397 130.240 111.024 104.696 97.520 91.066 95.113 97.839 94.895 100.450 116.263 117.092 96.646 95.599 80.046 75.301 67.088 68.925 67.772 68.604 70.636 78.943 86.018 85.096 95.377 86.880 81.558 79.203 77.446 81.108 81.386 73.612 69.545 72.602 71.092 67.002 59.280 55.243 58.974 58.882
230.562 232.918 235.560 279.305 256.575 254.617 246.588 262.954 263.599 283.851 275.337 248.254 268.984 252.116 248.801 237.017 250.762 233.449 -999.250 -999.250 -999.250 -999.250 -999.250 152.888 120.381 111.334 108.866 119.234 120.612 103.961 100.601 119.436 103.572 99.431 96.753 103.777 109.555 99.766 97.787 97.624 88.268 87.719 83.338 75.319 72.637 64.948 74.357 74.059 77.503 84.580 94.586 94.210 87.519 92.626 99.585 103.464 91.883 93.479 88.380 86.180 80.588 74.021 73.763 67.912 62.325 59.172 58.122
-999.250 220.105 255.964 236.709 258.008 254.375 242.397 246.311 236.516 261.529 256.201 246.423 259.090 265.562 249.063 270.126 262.195 211.371 -999.250 -999.250 -999.250 -999.250 137.847 138.283 110.276 104.436 97.256 113.958 120.460 112.991 116.321 117.405 111.995 102.055 104.272 113.691 103.607 113.554 116.904 101.546 95.033 72.770 84.413 74.710 72.281 68.482 71.431 73.017 85.980 75.715 89.084 88.041 101.200 95.663 110.529 116.331 102.907 99.895 92.637 98.979 94.338 83.284 81.925 68.724 61.907 57.737 61.648
-999.250 233.389 240.497 256.322 262.535 258.414 236.907 237.643 268.609 256.450 255.220 258.605 262.997 257.253 288.073 314.024 259.804 230.368 -999.250 -999.250 -999.250 135.030 -999.250 128.826 108.973 103.389 101.553 108.515 127.905 115.336 111.624 108.290 108.987 110.981 117.392 113.457 105.785 108.207 110.999 102.487 95.231 86.408 73.483 72.179 71.724 72.062 70.345 81.153 83.656 89.361 88.938 91.413 96.745 116.730 112.153 116.852 118.745 100.844 109.508 105.627 104.365 92.317 94.796 95.512 75.607 67.925 68.434
-999.250 236.585 248.497 270.492 280.617 250.183 226.320 226.254 246.751 224.643 219.645 236.087 241.167 271.599 256.885 264.716 270.904 -999.250 -999.250 -999.250 -999.250 131.986 139.612 122.986 105.737 99.871 102.891 106.482 113.515 115.478 128.613 103.155 93.860 106.044 106.034 108.524 109.844 122.156 114.672 105.497 92.233 90.181 80.413 69.135 73.315 73.513 75.947 85.856 77.962 84.729 93.685 91.522 101.505 108.281 120.452 123.031 128.203 119.915 127.949 116.256 121.572 116.269 112.588 91.570 77.880 69.401 80.522
-999.250 212.584 256.761 288.847 274.606 249.404 234.608 226.961 228.041 206.757 209.821 229.978 229.378 265.986 270.020 264.147 226.994 -999.250 -999.250 -999.250 134.230 131.080 137.119 130.623 102.439 117.354 111.513 113.999 121.292 114.086 114.040 118.081 111.952 109.012 105.909 103.733 118.565 126.058 116.581 116.527 104.368 90.023 79.265 71.309 68.461 61.461 68.886 73.791 78.009 85.298 91.626 110.340 107.353 126.934 138.113 135.459 142.532 143.846 134.173 122.019 128.389 120.276 105.114 115.618 83.588 78.507 79.720
-999.250 -999.250 -999.250 259.580 -999.250 -999.250 217.740 209.566 207.587 -999.250 -999.250 -999.250 215.912 243.577 -999.250 -999.250 -999.250 -999.250 -999.250 -999.250 113.473 126.362 122.777 127.713 128.357 116.699 124.936 123.733 123.934 114.994 109.850 111.310 106.587 111.222 94.629 109.304 121.015 117.035 118.023 114.701 101.568 83.081 70.957 75.930 61.598 63.179 70.037 79.065 74.483 94.505 95.380 100.200 111.755 143.850 173.332 151.547 151.462 158.358 145.848 124.786 121.607 111.365 104.066 105.082 92.326 82.576 100.549
-999.250 -999.250 -999.250 -999.250 -999.250 -999.250 -999.250 -999.250 -999.250 -999.250 -999.250 -999.250 -999.250 208.590 222.832 217.410 -999.250 -999.250 -999.250 110.205 106.867 126.670 131.463 129.776 120.630 116.841 126.085 117.206 128.177 108.137 119.214 105.045 113.676 103.297 113.461 117.424 134.460 132.308 129.755 111.561 95.987 74.990 74.192 68.794 62.791 53.310 65.535 69.680 77.445 94.544 106.117 102.916 131.264 150.960 173.099 176.629 176.058 170.622 136.264 136.268 137.890 116.083 109.664 92.936 107.055 92.667 108.869
-999.250 -999.250 -999.250 -999.250 -999.250 -999.250 -999.250 -999.250 -999.250 -999.250 -999.250 191.181 213.515 222.846 212.665 212.969 -999.250 -999.250 115.366 99.804 123.234 125.259 134.238 119.910 121.111 114.997 126.434 120.281 120.590 117.015 112.447 101.868 98.074 109.774 105.708 111.318 118.683 118.585 115.863 95.322 86.726 89.901 77.618 71.395 64.561 59.406 60.120 64.272 71.560 82.778 98.655 120.811 144.617 165.750 163.540 183.008 204.512 174.790 151.491 144.222 133.564 120.028 136.543 126.575 104.969 112.465 97.831
-999.250 -999.250 -999.250 -999.250 -999.250 -999.250 -999.250 -999.250 -999.250 -999.250 -999.250 213.536 186.266 208.607 207.910 187.901 176.960 143.653 129.398 113.832 129.438 147.500 129.465 128.575 116.926 119.913 132.257 133.178 123.893 123.918 113.731 108.830 104.866 102.408 103.066 105.704 95.319 99.658 111.095 99.303 92.433 80.392 76.335 73.259 62.474 63.858 64.746 68.274 68.582 100.701 91.800 126.757 150.591 157.619 170.442 201.763 185.949 187.089 179.952 163.626 129.311 126.837 114.291 120.473 100.606 105.468 136.054
-999.250 -999.250 -999.250 -999.250 -999.250 -999.250 -999.250 -999.250 -999.250 -999.250 -999.250 -999.250 204.735 202.476 207.892 191.425 178.835 145.729 138.465 122.682 123.803 131.173 126.437 128.900 120.358 120.518 139.014 122.642 134.656 130.075 126.878 115.253 116.783 117.047 103.191 107.458 95.403 105.244 92.427 96.778 80.624 74.313 86.334 71.333 68.105 66.435 69.673 73.385 83.658 96.341 115.386 146.722 148.495 138.125 167.766 176.604 195.898 213.840 170.703 149.177 130.305 130.795 123.658 118.020 105.443 118.890 126.507
-999.250 -999.250 -999.250 -999.250 -999.250 -999.250 -999.250 -999.250 -999.250 -999.250 -999.250 -999.250 -999.250 173.619 163.853 165.251 160.000 138.671 135.274 132.944 134.199 116.544 131.000 129.127 135.183 137.820 143.362 125.608 129.953 134.610 126.097 111.349 103.366 97.333 114.093 93.043 89.713 90.713 87.891 89.221 87.843 83.449 78.242 75.270 75.004 82.806 81.065 77.016 96.578 103.992 118.003 134.387 129.533 142.467 153.516 159.881 177.131 181.956 170.142 139.876 142.180 139.221 120.378 129.235 126.500 128.765 137.781
-999.250 -999.250 -999.250 -999.250 -999.250 -999.250 -999.250 -999.250 -999.250 -999.250 -999.250 -999.250 -999.250 152.521 164.947 161.130 144.839 146.531 131.931 132.619 123.517 132.083 139.099 133.688 134.096 134.260 142.704 133.877 141.809 127.036 122.580 103.787 108.478 97.804 105.607 106.468 97.197 92.110 84.921 91.402 75.257 75.022 70.294 88.285 77.131 77.432 97.735 87.653 108.611 93.908 127.745 110.960 127.253 149.987 149.518 154.734 167.438 157.982 150.025 155.386 148.983 139.539 133.601 141.326 127.927 130.292 135.588
-999.250 -999.250 -999.250 -999.250 -999.250 -999.250 -999.250 -999.250 -999.250 -999.250 -999.250 -999.250 -999.250 144.702 144.947 139.417 138.180 150.496 145.127 144.768 134.476 140.343 127.945 147.159 133.383 134.627 132.398 145.501 141.704 155.577 125.462 110.429 105.787 103.433 113.047 114.672 109.925 96.867 96.568 84.844 90.533 94.690 97.319 81.884 88.668 90.287 94.414 89.219 102.850 103.538 107.891 104.584 121.192 138.113 152.114 161.548 144.996 136.188 153.723 160.906 132.210 134.033 139.694 125.458 135.764 141.326 152.272
-999.250 -999.250 -999.250 -999.250 -999.250 -999.250 -999.250 -999.250 -999.250 -999.250 -999.250 -999.250 -999.250 -999.250 135.526 128.161 129.466 137.771 154.267 144.840 138.756 125.125 129.175 138.038 141.599 150.766 150.802 151.011 164.829 152.421 144.721 125.441 126.797 114.952 113.469 119.186 101.218 94.442 95.626 94.148 93.209 100.594 86.449 103.937 92.149 81.228 98.808 96.878 108.893 106.648 113.567 107.623 112.231 125.947 125.751 140.077 132.049 135.428 129.428 134.165 137.936 134.438 132.873 131.291 140.588 155.476 150.431
-999.250 -999.250 -999.250 -999.250 -999.250 -999.250 -999.250 -999.250 -999.250 -999.250 -999.250 -999.250 -999.250 -999.250 122.985 136.270 136.731 139.915 143.404 139.114 128.585 132.157 125.060 138.006 124.678 154.251 185.573 180.763 186.752 164.666 162.063 142.986 131.388 122.274 119.930 119.440 101.163 111.657 95.694 113.187 97.175 77.504 91.781 99.740 94.232 88.888 106.061 99.179 106.865 114.495 109.001 96.684 110.374 118.964 131.019 122.437 130.421 145.609 133.724 144.460 133.829 142.792 121.696 127.717 127.718 139.972 160.124
-999.250 -999.250 -999.250 -999.250 -999.250 -999.250 -999.250 -999.250 -999.250 -999.250 -999.250 -999.250 -999.250 -999.250 119.650 129.374 131.510 132.819 133.068 131.538 128.045 122.719 123.988 131.351 138.491 143.753 167.701 161.904 161.195 166.877 149.130 154.809 135.642 122.400 104.168 109.331 95.339 96.056 88.957 106.460 93.933 87.385 86.622 91.991 104.379 108.697 103.264 103.731 107.721 120.303 124.683 119.095 123.336 127.879 144.514 136.215 118.030 128.536 128.900 140.962 138.882 130.942 118.984 123.221 122.782 142.418 134.373
-999.250 -999.250 -999.250 -999.250 -999.250 -999.250 -999.250 -999.250 -999.250 -999.250 -999.250 -999.250 -999.250 -999.250 147.637 133.243 125.049 132.087 125.069 138.523 120.468 119.651 120.944 127.697 124.681 -999.250 157.406 158.421 162.484 172.405 144.955 149.339 117.710 125.376 115.777 110.502 94.481 83.958 94.525 95.375 91.102 78.559 89.592 108.184 112.309 113.555 99.863 90.652 97.126 115.547 120.673 109.745 129.598 134.161 134.522 147.031 147.731 120.498 119.422 138.903 133.383 106.374 127.340 130.755 136.511 119.606 122.968
-999.250 -999.250 -999.250 -999.250 -999.250 -999.250 -999.250 -999.250 -999.250 -999.250 -999.250 -999.250 -999.250 -999.250 125.286 136.230 124.942 133.619 122.116 129.293 126.251 129.602 114.597 -999.250 -999.250 -999.250 136.318 131.945 149.259 145.111 132.265 137.453 126.341 113.875 104.025 92.652 81.564 81.084 75.562 82.553 80.759 91.338 96.528 106.239 112.668 108.382 109.345 109.725 103.716 100.026 101.279 116.254 128.668 120.929 135.292 124.535 129.280 131.497 119.456 124.507 132.400 117.561 124.250 121.968 106.728 117.526 115.532
-999.250 -999.250 -999.250 -999.250 -999.250 -999.250 -999.250 -999.250 -999.250 -999.250 -999.250 -999.250 -999.250 132.378 122.479 128.728 112.431 145.667 124.935 120.202 127.994 122.922 -999.250 -999.250 -999.250 -999.250 -999.250 119.461 122.004 131.450 116.070 120.522 112.016 106.405 105.367 101.283 85.554 84.886 69.420 86.509 84.669 83.722 87.719 91.973 96.999 116.555 104.506 97.288 106.801 93.505 95.359 106.594 122.712 126.587 147.659 132.762 132.133 123.997 115.668 122.689 134.704 128.207 124.428 117.824 104.108 126.343 124.271
-999.250 -999.250 -999.250 -999.250 -999.250 -999.250 -999.250 -999.250 -999.250 -999.250 -999.250 -999.250 -999.250 135.180 110.432 119.827 131.434 130.003 120.065 108.002 -999.250 -999.250 -999.250 -999.250 -999.250 -999.250 -999.250 -999.250 120.583 118.705 117.037 98.867 91.337 103.085 98.721 91.386 88.501 91.053 87.425 91.432 82.638 87.912 89.248 95.837 99.408 106.767 109.561 106.733 97.537 94.431 91.287 119.983 126.823 136.355 126.897 119.972 114.924 125.927 125.011 133.235 139.086 144.344 124.493 128.306 111.915 127.838 151.118
-999.250 -999.250 -999.250 -999.250 -999.250 -999.250 -999.250 -999.250 -999.250 -999.250 -999.250 -999.250 138.341 128.559 -999.250 -999.250 -999.250 -999.250 -999.250 -999.250 -999.250 -999.250 -999.250 -999.250 -999.250 -999.250 -999.250 -999.250 -999.250 96.298 102.497 92.244 84.933 76.701 99.683 85.392 77.527 87.139 78.766 88.831 85.266 86.953 97.706 93.923 99.598 102.181 93.105 91.217 92.754 103.023 109.146 123.673 105.309 119.220 134.774 122.552 106.741 112.507 125.671 131.271 148.408 135.494 127.910 127.012 140.966 138.156 130.448
-999.250 -999.250 -999.250 -999.250 -999.250 -999.250 -999.250 -999.250 -999.250 -999.250 -999.250 -999.250 -999.250 -999.250 -999.250 -999.250 -999.250 -999.250 -999.250 -999.250 -999.250 -999.250 -999.250 -999.250 -999.250 -999.250 -999.250 -999.250 -999.250 -999.250 89.268 99.615 79.030 69.897 93.217 90.455 91.883 81.391 82.634 78.053 79.572 80.707 83.688 90.388 89.919 91.937 93.456 93.189 93.627 94.752 100.224 103.130 107.431 101.892 115.210 111.005 109.884 121.795 128.654 118.230 127.982 134.454 132.298 128.085 145.482 137.739 132.188
-999.250 -999.250 -999.250 -999.250 -999.250 -999.250 -999.250 -999.250 -999.250 -999.250 -999.250 -999.250 -999.250 -999.250 -999.250 -999.250 -999.250 -999.250 -999.250 -999.250 -999.250 -999.250 -999.250 -999.250 -999.250 -999.250 -999.250 -999.250 -999.250 -999.250 85.538 76.679 80.589 81.731 75.025 83.098 76.408 75.867 77.043 72.559 71.313 87.506 87.558 90.773 86.981 89.947 104.396 100.297 104.001 85.647 97.133 108.219 111.524 103.745 112.561 116.513 116.127 112.480 115.356 120.676 139.506 143.051 140.776 142.762 135.614 134.786 140.818
-999.250 -999.250 -999.250 -999.250 -999.250 -999.250 -999.250 -999.250 -999.250 -999.250 -999.250 -999.250 -999.250 -999.250 -999.250 -999.250 -999.250 -999.250 -999.250 -999.250 -999.250 -999.250 -999.250 -999.250 -999.250 -999.250 -999.250 -999.250 -999.250 -999.250 84.646 80.654 72.610 86.452 74.508 68.610 71.199 73.915 78.611 78.650 83.279 83.919 90.634 95.368 100.353 88.523 92.505 91.941 93.592 79.261 101.427 94.631 98.032 106.135 105.634 125.406 112.831 107.312 111.922 119.759 128.585 143.812 135.129 130.340 140.165 151.703 131.280
