data/medianmodel_01-Sep-2020.asc
ncols	141
nrows	288
xllcorner	-120191.398
yllcorner	-301404.813
cellsize	2000.000
NODATA_value	-999.250
[rows 186 to 216 of 288, columns 0 to 68 of 141]
38.758 40.676 43.178 43.796 45.425 52.322 49.761 55.153 58.435 70.260 73.611 78.590 82.645 84.426 79.673 67.114 56.849 45.799 -999.250 -999.250 -999.250 -999.250 -999.250 28.771 27.445 26.850 25.556 23.447 20.579 18.947 15.792 10.048 8.124 4.490 0.258 0.000 0.000 0.000 0.000 0.000 0.000 0.000 0.000 4.230 15.188 23.448 37.127 48.842 57.446 60.538 81.632 97.270 97.609 110.046 136.849 143.890 164.146 170.079 156.091 131.116 112.134 125.160 125.321 115.809 98.566 104.490 94.138 85.010 72.784
-999.250 39.190 42.316 41.550 44.735 46.973 51.771 53.999 58.971 66.033 72.960 78.698 89.622 78.143 70.952 60.490 52.871 42.982 -999.250 -999.250 -999.250 -999.250 24.749 23.162 22.056 20.300 22.492 16.150 17.479 15.584 12.371 8.044 4.808 0.822 0.000 0.000 0.000 0.000 0.000 0.000 0.000 0.000 0.000 0.426 8.919 17.457 24.554 37.572 51.054 57.778 70.989 84.589 91.401 104.425 109.095 124.873 128.518 137.204 122.543 105.081 107.519 106.518 109.853 103.274 107.175 101.039 85.301 76.019 65.454
-999.250 38.495 42.040 41.130 46.961 46.250 49.134 50.947 58.160 62.756 67.962 73.209 78.226 69.475 62.733 59.468 49.528 43.107 -999.250 -999.250 -999.250 23.266 -999.250 14.306 15.748 18.024 16.257 14.251 14.385 11.399 9.726 6.787 2.918 0.139 0.000 0.000 0.000 0.000 0.000 0.000 0.000 0.000 0.000 0.000 5.421 11.363 21.231 32.382 45.424 48.831 61.868 69.612 88.182 98.295 96.536 107.497 97.398 107.370 107.252 99.699 99.765 87.362 90.243 87.739 92.553 82.958 71.381 60.113 50.436
-999.250 38.899 40.506 43.546 45.560 43.163 46.524 48.448 54.511 59.507 63.821 67.773 66.330 62.545 58.264 52.541 47.877 -999.250 -999.250 -999.250 -999.250 17.312 13.235 9.771 10.683 11.712 11.943 12.882 15.920 12.306 8.111 5.025 2.979 1.215 0.000 0.000 0.000 0.000 0.000 0.000 0.000 0.000 0.000 0.000 1.106 8.801 14.020 26.779 33.561 42.797 54.897 64.934 70.075 82.755 84.035 92.128 95.487 94.542 89.824 83.736 87.900 80.258 77.565 82.852 72.722 65.576 62.022 48.863 39.269
-999.250 40.118 41.971 47.751 42.622 41.308 43.061 46.686 51.472 51.412 57.330 62.568 58.301 54.745 49.749 48.609 45.742 -999.250 -999.250 -999.250 23.719 16.597 12.150 9.057 7.692 8.904 10.605 14.045 20.215 13.044 8.651 6.813 5.235 2.468 0.064 0.000 0.000 0.000 0.000 0.000 0.000 0.000 0.000 0.000 0.000 2.727 9.507 16.219 23.486 35.024 43.755 57.168 67.811 72.032 74.713 86.771 90.301 86.199 86.398 83.479 75.756 73.585 69.418 64.981 61.316 56.213 49.375 38.303 33.759
-999.250 -999.250 -999.250 43.868 -999.250 -999.250 42.653 44.437 44.997 -999.250 -999.250 -999.250 51.287 51.126 -999.250 -999.250 -999.250 -999.250 -999.250 -999.250 24.591 18.182 12.928 9.636 9.211 8.438 9.554 10.928 12.852 11.761 8.599 7.196 5.916 3.300 2.897 1.584 0.278 0.000 0.000 0.000 0.000 0.000 0.000 0.000 0.000 0.000 6.013 11.646 18.765 28.885 41.916 54.232 60.514 66.355 71.083 77.809 82.760 83.755 79.383 69.989 76.255 66.148 62.096 55.331 44.717 46.473 37.842 30.742 24.546
-999.250 -999.250 -999.250 -999.250 -999.250 -999.250 -999.250 -999.250 -999.250 -999.250 -999.250 -999.250 -999.250 43.425 42.815 42.506 -999.250 -999.250 -999.250 33.234 29.802 23.382 16.849 13.641 10.520 8.565 10.046 8.516 10.414 11.120 10.346 8.499 6.820 5.034 3.920 4.368 4.406 4.207 3.875 0.000 0.000 0.000 0.000 0.000 0.000 0.000 4.711 9.427 13.829 22.720 36.266 41.566 55.310 56.265 63.723 72.521 79.456 78.803 73.488 66.148 62.918 59.627 54.347 47.567 38.695 35.433 29.015 24.716 17.200
-999.250 -999.250 -999.250 -999.250 -999.250 -999.250 -999.250 -999.250 -999.250 -999.250 -999.250 42.303 40.473 40.756 42.216 46.735 -999.250 -999.250 36.156 37.260 32.229 29.275 22.687 17.524 13.988 12.783 11.546 9.892 12.562 13.183 12.108 11.334 10.394 9.887 8.476 6.037 7.603 9.080 6.458 5.165 2.966 2.053 0.000 0.000 0.000 1.239 5.370 11.020 17.576 25.125 36.043 39.049 44.799 53.287 58.343 65.803 76.692 69.752 63.047 58.746 55.289 50.371 47.234 39.138 31.426 26.428 20.478 16.909 11.215
-999.250 -999.250 -999.250 -999.250 -999.250 -999.250 -999.250 -999.250 -999.250 -999.250 -999.250 40.327 38.533 37.835 37.625 38.326 39.884 37.414 33.873 34.341 32.105 35.710 28.044 20.072 16.481 16.995 17.116 14.774 14.666 18.440 17.884 16.255 14.570 13.500 13.565 13.487 12.964 14.096 11.308 11.408 11.444 7.140 4.760 4.963 5.670 6.815 10.889 14.578 18.395 25.092 28.576 34.878 37.191 45.107 52.606 57.348 60.605 61.005 55.645 49.899 43.839 42.388 37.874 32.056 26.119 18.431 15.749 10.422 8.245
-999.250 -999.250 -999.250 -999.250 -999.250 -999.250 -999.250 -999.250 -999.250 -999.250 -999.250 -999.250 37.530 35.494 35.124 35.138 38.152 34.396 33.520 32.189 32.871 31.164 28.113 24.907 23.968 22.597 21.401 22.958 25.009 25.676 26.382 27.355 24.348 23.678 22.762 23.418 26.628 26.492 23.841 17.838 18.006 13.730 12.332 11.497 11.830 12.321 14.971 18.889 22.174 24.822 27.488 32.507 35.890 37.926 41.009 43.317 42.318 42.248 41.924 39.519 37.179 31.767 27.477 22.087 16.279 11.978 9.631 6.114 4.337
-999.250 -999.250 -999.250 -999.250 -999.250 -999.250 -999.250 -999.250 -999.250 -999.250 -999.250 -999.250 -999.250 34.906 33.939 33.160 32.153 31.482 31.761 32.861 32.275 31.988 32.458 29.712 29.030 30.392 29.709 33.327 35.560 33.964 33.280 33.246 33.084 30.347 31.772 32.109 33.273 30.374 30.899 30.241 28.917 23.352 22.321 21.048 20.523 22.283 24.709 28.211 26.450 29.953 33.789 34.527 35.264 34.279 34.532 34.874 35.476 29.810 31.965 28.407 23.365 18.988 19.211 13.499 8.237 6.717 5.444 2.755 0.000
-999.250 -999.250 -999.250 -999.250 -999.250 -999.250 -999.250 -999.250 -999.250 -999.250 -999.250 -999.250 -999.250 34.232 31.315 32.106 28.833 28.089 30.679 31.972 30.794 32.245 35.356 34.819 35.222 37.161 37.794 39.694 42.656 46.119 44.193 41.707 41.574 43.149 45.078 39.271 39.793 39.713 40.623 39.068 36.511 35.683 36.153 32.972 35.011 35.175 33.530 35.058 32.607 34.824 35.861 35.071 32.957 32.805 32.760 28.859 26.831 24.069 23.976 19.154 15.140 10.043 8.387 7.517 4.207 2.212 0.000 0.000 0.000
-999.250 -999.250 -999.250 -999.250 -999.250 -999.250 -999.250 -999.250 -999.250 -999.250 -999.250 -999.250 -999.250 31.801 32.829 30.018 28.171 28.822 30.078 29.979 32.757 34.706 37.725 38.875 42.088 42.526 50.894 57.157 57.067 58.808 55.368 53.207 54.339 52.660 53.803 49.303 51.380 48.447 48.098 52.964 44.343 48.054 46.905 48.964 46.823 41.681 46.042 43.314 43.021 41.618 37.952 37.198 33.437 33.097 27.395 26.962 24.228 16.596 15.643 12.081 9.500 5.043 3.998 1.070 0.000 0.000 0.000 0.000 0.000
-999.250 -999.250 -999.250 -999.250 -999.250 -999.250 -999.250 -999.250 -999.250 -999.250 -999.250 -999.250 -999.250 -999.250 29.672 26.870 29.039 30.638 34.710 33.402 35.564 37.208 37.918 43.264 49.896 56.035 60.055 64.927 71.084 69.346 67.771 64.293 61.017 58.926 61.431 59.716 58.879 58.435 59.643 60.835 60.842 63.877 64.070 60.793 56.927 58.202 56.554 51.124 51.861 47.421 42.355 41.871 38.347 31.556 25.704 24.962 21.152 16.374 9.175 8.207 5.532 1.068 0.000 0.000 0.000 0.000 0.000 0.000 0.000
-999.250 -999.250 -999.250 -999.250 -999.250 -999.250 -999.250 -999.250 -999.250 -999.250 -999.250 -999.250 -999.250 -999.250 28.671 28.847 28.493 29.907 33.372 36.209 37.030 37.786 44.276 49.962 57.546 62.695 68.597 78.288 92.942 78.033 68.820 66.691 66.894 64.789 65.336 60.260 65.486 69.717 70.993 73.548 73.632 78.125 76.237 69.779 65.424 70.207 63.694 58.711 63.265 54.577 49.969 48.202 45.450 37.118 29.108 26.104 19.572 13.227 8.865 7.007 2.617 0.000 0.000 0.000 0.000 0.000 0.000 0.000 0.000
-999.250 -999.250 -999.250 -999.250 -999.250 -999.250 -999.250 -999.250 -999.250 -999.250 -999.250 -999.250 -999.250 -999.250 28.070 28.374 27.718 29.369 32.197 36.134 38.499 43.327 49.502 56.862 59.915 65.937 72.823 84.264 85.492 77.010 73.581 72.081 70.364 70.659 73.460 75.165 74.742 76.171 88.505 89.831 89.413 95.294 90.140 87.215 72.888 73.931 77.677 76.579 64.724 63.644 54.977 53.043 44.274 36.698 35.152 29.800 22.076 12.549 8.739 4.713 0.139 0.000 0.000 0.000 0.000 0.000 0.000 0.000 0.000
-999.250 -999.250 -999.250 -999.250 -999.250 -999.250 -999.250 -999.250 -999.250 -999.250 -999.250 -999.250 -999.250 -999.250 27.978 29.695 29.721 31.190 35.438 36.218 39.128 46.125 53.321 56.847 60.598 -999.250 67.970 81.700 81.162 77.720 76.817 67.192 72.110 79.110 84.711 91.475 83.153 88.199 98.075 99.775 99.379 102.579 113.562 96.969 89.787 91.034 88.644 75.236 71.333 69.827 70.129 54.445 45.672 37.768 36.460 29.405 25.057 16.197 12.297 4.338 0.000 0.000 0.000 0.000 0.000 0.000 0.000 0.000 0.000
-999.250 -999.250 -999.250 -999.250 -999.250 -999.250 -999.250 -999.250 -999.250 -999.250 -999.250 -999.250 -999.250 -999.250 27.884 30.251 29.461 31.218 36.650 38.166 42.438 52.092 59.692 -999.250 -999.250 -999.250 73.131 80.664 81.832 79.554 78.322 76.477 82.674 88.292 78.060 87.961 92.552 97.014 107.020 100.036 113.328 121.313 115.999 102.980 98.838 100.703 86.990 90.770 78.638 71.069 69.821 62.721 56.493 45.717 37.159 35.740 26.041 17.734 10.629 4.886 0.641 0.000 0.000 0.000 0.000 0.000 0.000 0.000 0.000
-999.250 -999.250 -999.250 -999.250 -999.250 -999.250 -999.250 -999.250 -999.250 -999.250 -999.250 -999.250 -999.250 29.277 29.323 28.667 32.613 34.337 36.955 40.900 46.144 56.275 -999.250 -999.250 -999.250 -999.250 -999.250 75.242 81.999 79.612 82.828 80.641 87.734 80.106 84.142 90.609 102.577 98.883 102.061 120.638 126.443 107.742 140.788 124.332 121.999 126.315 100.009 85.823 89.481 84.778 74.210 67.552 57.162 46.148 40.218 33.843 26.555 16.540 12.101 4.825 1.156 0.000 0.000 0.000 0.000 0.000 0.000 0.000 0.000
-999.250 -999.250 -999.250 -999.250 -999.250 -999.250 -999.250 -999.250 -999.250 -999.250 -999.250 -999.250 -999.250 32.672 32.348 33.397 35.611 35.313 37.833 43.136 -999.250 -999.250 -999.250 -999.250 -999.250 -999.250 -999.250 -999.250 71.040 84.591 89.240 92.495 92.736 90.206 99.373 100.026 103.497 101.037 126.550 135.829 141.862 124.674 133.429 118.464 131.432 135.458 110.928 97.476 96.690 94.010 75.928 68.874 60.639 50.980 37.291 35.392 26.909 20.315 13.192 6.180 2.042 0.000 0.000 0.000 0.000 0.000 0.000 0.000 0.000
-999.250 -999.250 -999.250 -999.250 -999.250 -999.250 -999.250 -999.250 -999.250 -999.250 -999.250 -999.250 33.669 32.226 -999.250 -999.250 -999.250 -999.250 -999.250 -999.250 -999.250 -999.250 -999.250 -999.250 -999.250 -999.250 -999.250 -999.250 -999.250 77.926 86.079 80.027 88.343 88.514 101.860 118.966 109.904 111.490 108.807 131.222 126.232 127.876 157.461 161.679 138.572 132.557 121.303 120.031 111.179 99.756 89.386 73.164 66.321 56.693 42.891 34.824 28.848 19.995 12.126 7.628 3.013 0.000 0.000 0.000 0.000 0.000 0.000 0.000 0.000
-999.250 -999.250 -999.250 -999.250 -999.250 -999.250 -999.250 -999.250 -999.250 -999.250 -999.250 -999.250 -999.250 -999.250 -999.250 -999.250 -999.250 -999.250 -999.250 -999.250 -999.250 -999.250 -999.250 -999.250 -999.250 -999.250 -999.250 -999.250 -999.250 -999.250 74.830 90.735 86.594 86.349 101.403 114.065 117.850 121.110 122.724 138.714 133.839 182.720 240.131 193.942 173.048 142.820 119.985 118.205 113.073 103.582 80.744 68.100 62.190 57.234 44.854 37.231 32.236 24.506 17.843 9.454 4.456 0.098 0.000 0.000 0.000 0.000 0.000 0.000 0.000
-999.250 -999.250 -999.250 -999.250 -999.250 -999.250 -999.250 -999.250 -999.250 -999.250 -999.250 -999.250 -999.250 -999.250 -999.250 -999.250 -999.250 -999.250 -999.250 -999.250 -999.250 -999.250 -999.250 -999.250 -999.250 -999.250 -999.250 -999.250 -999.250 -999.250 68.455 77.756 87.874 81.246 90.629 88.533 114.905 123.542 142.115 134.307 158.288 189.051 250.203 206.310 159.306 134.529 125.595 134.625 114.879 102.579 82.151 75.390 62.585 53.242 48.047 37.573 32.027 23.835 17.361 10.788 6.223 1.516 0.000 0.000 0.000 0.000 0.000 0.000 0.000
-999.250 -999.250 -999.250 -999.250 -999.250 -999.250 -999.250 -999.250 -999.250 -999.250 -999.250 -999.250 -999.250 -999.250 -999.250 -999.250 -999.250 -999.250 -999.250 -999.250 -999.250 -999.250 -999.250 -999.250 -999.250 -999.250 -999.250 -999.250 -999.250 -999.250 65.122 70.876 79.599 81.088 85.030 103.274 122.070 104.284 109.435 132.402 173.827 171.898 209.707 184.341 174.406 144.426 115.367 114.142 108.046 100.124 91.820 75.056 66.091 53.844 43.809 39.166 32.291 25.072 18.254 12.801 5.975 1.299 0.000 0.000 0.000 0.000 0.000 0.000 0.000
-999.250 -999.250 -999.250 -999.250 -999.250 -999.250 -999.250 -999.250 -999.250 -999.250 -999.250 -999.250 -999.250 -999.250 -999.250 -999.250 -999.250 -999.250 -999.250 -999.250 -999.250 -999.250 -999.250 -999.250 -999.250 -999.250 -999.250 -999.250 -999.250 -999.250 -999.250 65.241 72.651 76.845 95.938 87.649 101.679 106.522 116.113 135.577 168.312 204.215 223.004 170.606 148.583 124.038 119.077 98.810 98.387 91.524 84.698 71.850 67.455 57.240 49.633 40.528 35.296 25.993 19.309 11.852 6.670 0.196 0.000 0.000 0.000 0.000 0.000 0.000 0.000
-999.250 -999.250 -999.250 -999.250 -999.250 -999.250 -999.250 -999.250 -999.250 -999.250 -999.250 -999.250 -999.250 -999.250 -999.250 -999.250 -999.250 -999.250 -999.250 -999.250 -999.250 -999.250 -999.250 -999.250 -999.250 -999.250 -999.250 -999.250 -999.250 -999.250 -999.250 57.747 66.046 70.204 85.002 95.273 91.541 89.685 99.906 115.569 130.977 163.149 191.771 143.912 125.653 147.497 123.537 108.214 94.546 83.306 78.634 73.128 63.095 51.679 46.649 39.285 34.346 26.431 18.485 13.403 8.722 3.184 0.000 0.000 0.000 0.000 0.000 0.000 0.000
-999.250 -999.250 -999.250 -999.250 -999.250 -999.250 -999.250 -999.250 -999.250 -999.250 -999.250 -999.250 -999.250 -999.250 -999.250 -999.250 -999.250 -999.250 -999.250 -999.250 -999.250 -999.250 -999.250 -999.250 -999.250 -999.250 -999.250 -999.250 -999.250 -999.250 -999.250 55.108 62.238 72.927 75.126 74.733 84.357 92.853 95.549 96.537 102.195 127.435 141.152 119.975 115.836 114.543 116.828 96.567 80.750 79.766 71.332 69.731 63.968 55.057 44.632 38.065 36.874 27.034 19.165 14.364 8.247 1.913 0.000 0.000 0.000 0.000 0.000 0.000 0.000
-999.250 -999.250 -999.250 -999.250 -999.250 -999.250 -999.250 -999.250 -999.250 -999.250 -999.250 -999.250 -999.250 -999.250 -999.250 -999.250 -999.250 -999.250 -999.250 -999.250 -999.250 -999.250 -999.250 -999.250 -999.250 -999.250 -999.250 -999.250 -999.250 -999.250 -999.250 50.472 60.824 59.769 63.490 63.479 73.945 82.163 88.013 94.299 96.013 105.928 105.125 114.385 118.438 99.750 94.282 92.359 77.265 70.902 66.911 63.956 62.474 56.273 45.425 35.326 34.345 27.874 17.494 13.397 8.771 3.945 0.000 0.000 0.000 0.000 0.000 0.000 0.000
-999.250 -999.250 -999.250 -999.250 -999.250 -999.250 -999.250 -999.250 -999.250 -999.250 -999.250 -999.250 -999.250 -999.250 -999.250 -999.250 -999.250 -999.250 -999.250 -999.250 -999.250 -999.250 -999.250 -999.250 -999.250 -999.250 -999.250 -999.250 -999.250 -999.250 -999.250 48.066 53.987 56.129 58.956 63.071 67.261 69.862 80.023 75.187 87.016 89.020 93.690 98.778 102.416 98.286 96.740 88.401 74.366 72.550 65.509 62.476 57.721 49.860 41.050 37.630 30.554 20.319 16.318 12.875 8.873 3.333 0.000 0.000 0.000 0.000 0.000 0.000 0.000
-999.250 -999.250 -999.250 -999.250 -999.250 -999.250 -999.250 -999.250 -999.250 -999.250 -999.250 -999.250 -999.250 -999.250 -999.250 -999.250 -999.250 -999.250 -999.250 -999.250 -999.250 -999.250 -999.250 -999.250 -999.250 -999.250 -999.250 -999.250 -999.250 -999.250 -999.250 40.156 46.350 45.198 52.221 52.710 58.631 64.637 66.755 78.692 76.722 87.131 82.969 80.684 80.928 78.681 73.645 76.533 68.265 63.211 58.724 52.253 51.759 42.088 38.771 35.775 28.061 21.251 17.097 12.178 5.468 2.163 0.000 0.000 0.000 0.000 0.000 0.000 0.000
-999.250 -999.250 -999.250 -999.250 -999.250 -999.250 -999.250 -999.250 -999.250 -999.250 -999.250 -999.250 -999.250 -999.250 -999.250 -999.250 -999.250 -999.250 -999.250 -999.250 -999.250 -999.250 -999.250 -999.250 -999.250 -999.250 -999.250 -999.250 -999.250 -999.250 -999.250 38.481 38.734 42.170 44.077 52.756 50.250 54.857 57.653 59.955 59.916 64.855 64.388 65.407 67.482 63.177 60.934 62.844 55.799 51.966 50.467 46.586 38.553 37.192 35.313 29.417 22.273 15.370 14.482 10.357 4.042 1.067 0.000 0.000 0.000 0.000 0.000 0.000 0.000
