data/medianmodel_13-Jun-2020.asc
ncols	141
nrows	288
xllcorner	-120191.398
yllcorner	-301404.813
cellsize	2000.000
NODATA_value	-999.250
[rows 124 to 154 of 288, columns 0 to 68 of 141]
-999.250 -999.250 -999.250 -999.250 -999.250 -999.250 -999.250 -999.250 -999.250 -999.250 -999.250 -999.250 -999.250 -999.250 -999.250 -999.250 -999.250 -999.250 -999.250 -999.250 -999.250 -999.250 -999.250 -999.250 2.774 2.274 3.173 4.312 3.087 0.326 1.207 3.080 3.060 2.182 4.621 3.593 5.063 7.109 10.509 9.152 6.292 6.086 3.313 1.710 1.881 2.757 1.205 0.618 0.000 0.000 0.000 0.000 0.000 0.000 0.000 0.000 0.000 0.000 0.000 0.000 0.000 0.000 0.000 0.000 0.000 0.000 0.000 0.000 0.000
-999.250 -999.250 -999.250 -999.250 -999.250 -999.250 -999.250 -999.250 -999.250 -999.250 -999.250 -999.250 -999.250 -999.250 -999.250 -999.250 -999.250 -999.250 -999.250 -999.250 -999.250 -999.250 -999.250 -999.250 3.377 2.718 3.251 3.517 2.563 2.284 0.794 3.605 3.964 4.635 5.716 3.678 2.639 3.765 7.496 6.929 6.668 3.910 0.751 1.978 1.479 3.034 0.333 0.000 0.000 0.000 0.000 0.000 0.000 0.000 0.000 0.000 0.000 0.000 0.000 0.000 0.000 0.000 0.000 0.000 0.000 0.000 0.000 0.000 0.000
-999.250 -999.250 -999.250 -999.250 -999.250 -999.250 -999.250 -999.250 -999.250 -999.250 -999.250 -999.250 -999.250 -999.250 -999.250 -999.250 -999.250 -999.250 -999.250 -999.250 -999.250 -999.250 -999.250 3.002 3.033 1.890 2.449 2.468 3.433 1.947 3.463 3.717 5.839 4.704 4.501 4.311 3.202 5.666 7.649 6.805 7.013 3.853 3.611 1.062 2.630 1.110 0.000 0.000 0.000 0.000 0.000 0.000 0.000 0.000 0.000 0.000 0.000 0.000 0.000 0.000 0.000 0.000 0.000 0.000 0.000 0.000 0.000 0.000 0.566
-999.250 -999.250 -999.250 -999.250 -999.250 -999.250 -999.250 -999.250 -999.250 -999.250 -999.250 -999.250 -999.250 -999.250 -999.250 -999.250 -999.250 -999.250 -999.250 -999.250 -999.250 -999.250 -999.250 4.501 1.941 1.139 1.816 2.519 3.338 2.634 4.480 4.379 4.571 8.631 4.190 3.633 3.945 5.435 4.711 5.607 3.316 2.389 1.406 3.569 3.207 2.565 0.000 0.000 0.000 0.000 0.000 0.000 0.000 0.000 0.000 0.000 0.000 0.000 0.000 0.000 0.000 0.000 0.000 0.000 0.000 0.000 0.000 1.408 2.840
-999.250 -999.250 -999.250 -999.250 -999.250 -999.250 -999.250 -999.250 -999.250 -999.250 -999.250 -999.250 -999.250 -999.250 -999.250 -999.250 -999.250 -999.250 -999.250 -999.250 -999.250 -999.250 -999.250 3.604 1.250 0.328 1.717 3.391 4.161 3.274 3.196 3.918 3.600 3.397 3.044 3.364 4.708 6.680 5.711 6.224 5.110 4.408 3.377 3.024 1.390 0.113 0.000 0.000 0.000 0.000 0.000 0.000 0.000 0.000 0.000 0.000 0.000 0.000 0.000 0.000 0.000 0.000 0.000 0.000 0.000 0.000 2.779 1.689 1.754
-999.250 -999.250 -999.250 -999.250 -999.250 -999.250 -999.250 -999.250 -999.250 -999.250 -999.250 -999.250 -999.250 -999.250 -999.250 -999.250 -999.250 -999.250 -999.250 -999.250 -999.250 -999.250 3.595 2.932 2.665 2.470 3.323 4.156 2.718 3.480 1.743 2.987 4.223 4.729 6.288 3.686 4.046 4.866 4.611 3.406 6.793 4.894 4.727 2.900 1.428 0.000 0.413 0.000 0.000 0.000 0.000 0.000 0.000 0.000 0.000 0.000 0.000 0.000 0.000 0.000 0.000 0.000 0.000 0.000 0.060 0.562 2.492 1.853 1.412
-999.250 -999.250 -999.250 -999.250 -999.250 -999.250 -999.250 -999.250 -999.250 -999.250 -999.250 -999.250 -999.250 -999.250 -999.250 -999.250 -999.250 -999.250 -999.250 -999.250 -999.250 -999.250 2.662 1.020 1.119 2.886 2.803 0.913 3.160 1.476 2.895 2.539 2.732 2.375 3.148 3.877 5.319 2.706 4.004 5.894 6.403 5.310 5.143 3.940 0.000 0.610 2.603 0.000 0.000 0.000 0.000 0.000 0.000 0.000 0.000 0.000 0.000 0.000 0.000 0.000 0.000 0.000 0.000 0.000 2.506 0.720 2.269 2.068 3.528
-999.250 -999.250 -999.250 -999.250 -999.250 -999.250 -999.250 -999.250 -999.250 -999.250 -999.250 -999.250 -999.250 -999.250 -999.250 -999.250 -999.250 -999.250 -999.250 -999.250 -999.250 6.827 4.212 2.295 5.194 2.153 2.725 3.165 2.603 3.138 6.386 3.636 3.595 1.643 1.034 3.934 4.154 5.911 6.016 3.908 4.377 4.913 4.217 3.571 1.318 0.613 0.000 0.000 0.000 0.000 0.000 0.000 0.000 0.000 0.000 0.000 0.000 0.000 0.000 0.000 0.000 0.000 0.000 2.181 3.151 3.254 4.224 3.520 8.112
-999.250 -999.250 -999.250 -999.250 -999.250 -999.250 -999.250 -999.250 -999.250 -999.250 -999.250 -999.250 -999.250 -999.250 -999.250 -999.250 -999.250 -999.250 -999.250 -999.250 -999.250 6.177 4.638 3.219 5.632 4.484 4.221 3.712 3.596 3.216 2.406 3.410 5.436 5.156 6.292 4.879 6.353 4.527 4.446 6.515 3.438 5.386 4.342 3.584 0.000 0.160 0.158 0.000 0.000 0.000 0.000 0.000 0.000 0.000 0.000 0.000 0.000 0.000 0.000 0.000 0.000 0.000 1.659 2.839 2.089 3.455 2.957 5.762 8.241
-999.250 -999.250 -999.250 -999.250 -999.250 -999.250 -999.250 -999.250 -999.250 -999.250 -999.250 -999.250 -999.250 -999.250 -999.250 -999.250 -999.250 -999.250 -999.250 -999.250 -999.250 7.641 7.542 5.186 5.834 5.463 6.217 4.471 5.947 3.596 3.735 5.606 6.560 6.448 4.122 5.515 5.113 4.134 6.532 6.324 5.038 6.016 3.905 1.058 0.000 0.000 0.000 0.000 0.000 0.000 0.000 0.000 0.000 0.000 0.000 0.000 0.000 0.000 0.000 0.000 0.000 1.416 0.000 2.563 3.186 2.681 4.425 6.820 12.840
-999.250 -999.250 -999.250 -999.250 -999.250 -999.250 -999.250 -999.250 -999.250 -999.250 -999.250 -999.250 -999.250 -999.250 -999.250 -999.250 -999.250 -999.250 -999.250 -999.250 6.005 7.664 6.733 7.435 6.272 6.399 5.244 3.394 2.614 3.954 5.273 8.309 7.046 5.211 5.532 4.347 4.261 4.785 3.110 3.743 5.111 5.808 3.767 2.500 0.000 0.000 0.000 0.000 0.000 0.000 0.000 0.000 0.000 0.000 0.000 0.000 0.000 0.000 0.000 0.000 0.000 1.836 0.858 2.945 1.992 4.015 4.028 5.843 10.911
-999.250 -999.250 -999.250 -999.250 -999.250 -999.250 -999.250 -999.250 -999.250 -999.250 -999.250 -999.250 -999.250 -999.250 -999.250 -999.250 -999.250 -999.250 -999.250 -999.250 9.476 10.481 7.975 9.216 6.311 4.792 4.956 2.782 3.883 4.610 4.858 7.230 5.962 3.257 2.945 3.490 3.608 3.876 4.410 4.335 4.351 3.796 3.267 2.951 1.059 0.000 0.024 0.000 0.067 0.000 0.000 0.000 0.000 0.000 0.000 0.000 0.000 0.000 0.000 0.000 0.000 0.202 1.379 3.060 3.054 6.552 5.044 5.804 8.544
-999.250 -999.250 -999.250 -999.250 -999.250 -999.250 -999.250 -999.250 -999.250 -999.250 -999.250 -999.250 -999.250 -999.250 -999.250 -999.250 -999.250 -999.250 -999.250 -999.250 10.175 11.632 7.520 7.908 4.906 8.679 7.022 5.349 3.400 5.182 6.743 4.524 6.500 7.331 5.339 5.667 3.673 3.686 6.417 6.298 8.224 5.961 3.345 2.943 1.591 0.193 0.000 0.000 0.000 0.000 0.000 0.000 0.000 0.000 0.000 0.000 0.000 0.000 0.000 0.000 0.000 0.000 2.329 3.111 3.658 2.347 3.780 4.663 6.013
-999.250 -999.250 -999.250 -999.250 -999.250 -999.250 -999.250 -999.250 -999.250 -999.250 -999.250 -999.250 -999.250 -999.250 -999.250 -999.250 -999.250 -999.250 -999.250 -999.250 9.970 7.501 5.704 5.334 5.415 4.011 8.327 4.995 4.790 5.576 12.529 7.135 5.935 5.789 6.872 4.460 7.289 5.159 8.947 9.327 15.893 9.579 5.281 4.679 2.444 0.000 1.296 0.000 0.000 0.000 0.000 0.000 0.000 0.000 0.000 0.000 0.000 0.000 0.000 0.000 0.000 0.000 1.123 0.498 4.689 2.958 0.824 4.169 5.763
-999.250 -999.250 -999.250 -999.250 -999.250 -999.250 -999.250 -999.250 -999.250 -999.250 -999.250 -999.250 -999.250 -999.250 -999.250 -999.250 -999.250 -999.250 -999.250 7.476 6.428 8.885 6.060 5.655 4.537 7.352 8.202 6.873 6.478 4.868 5.348 3.756 3.330 5.641 8.374 8.748 8.719 10.076 9.081 9.152 8.347 7.224 5.593 4.910 4.030 1.746 0.000 0.000 0.000 0.000 0.000 0.000 0.000 0.000 0.000 0.000 0.000 0.000 0.000 0.000 0.000 0.000 0.123 1.824 2.828 3.481 5.561 7.033 8.124
-999.250 -999.250 -999.250 -999.250 -999.250 -999.250 -999.250 -999.250 -999.250 -999.250 -999.250 -999.250 -999.250 -999.250 -999.250 -999.250 -999.250 -999.250 -999.250 4.114 3.345 1.801 6.047 6.968 6.939 4.483 5.970 7.882 5.105 2.774 0.995 1.200 4.552 3.880 7.052 6.315 7.346 7.948 7.802 6.354 6.581 7.510 5.739 3.504 3.888 0.512 0.000 0.000 0.000 0.000 0.000 0.000 0.000 0.000 0.000 0.000 0.000 0.000 0.000 0.000 0.000 0.000 0.000 0.775 1.705 3.237 4.606 6.122 4.843
-999.250 -999.250 -999.250 -999.250 -999.250 -999.250 -999.250 -999.250 -999.250 -999.250 -999.250 -999.250 -999.250 -999.250 -999.250 -999.250 -999.250 -999.250 -999.250 3.236 0.000 0.000 1.978 6.289 5.023 11.138 7.947 6.099 4.964 4.182 4.296 1.754 1.222 4.487 6.241 6.780 7.576 6.581 5.001 5.029 4.147 6.036 1.991 0.778 2.325 2.665 0.719 0.000 0.005 0.212 0.000 0.000 0.000 0.000 0.000 0.000 0.000 0.000 0.000 0.000 0.000 0.000 0.072 1.702 0.887 3.589 4.768 6.791 5.922
-999.250 -999.250 -999.250 -999.250 -999.250 -999.250 -999.250 -999.250 -999.250 -999.250 -999.250 -999.250 -999.250 -999.250 -999.250 -999.250 -999.250 -999.250 -999.250 3.813 2.433 4.033 7.378 11.877 8.634 7.306 7.268 5.463 6.325 4.036 4.716 4.684 4.211 4.565 5.601 6.427 5.108 7.952 5.137 5.133 7.570 4.071 2.274 1.876 1.461 2.818 1.590 0.723 5.442 2.709 0.000 0.000 0.000 0.000 0.000 0.000 0.000 0.000 0.000 0.094 0.000 0.562 4.360 4.168 8.074 4.464 5.024 5.144 6.932
-999.250 -999.250 -999.250 -999.250 -999.250 -999.250 -999.250 -999.250 -999.250 -999.250 -999.250 -999.250 -999.250 -999.250 -999.250 -999.250 -999.250 -999.250 -999.250 6.838 7.184 10.554 17.185 19.014 15.621 10.765 6.417 8.351 7.925 5.730 5.821 6.667 7.966 7.934 9.584 6.684 6.669 5.530 5.070 5.523 4.565 4.440 3.470 3.390 1.731 2.666 0.807 0.253 0.000 1.367 1.280 0.000 0.000 0.000 0.000 0.000 0.000 0.000 0.000 0.000 0.000 0.095 6.098 7.016 15.957 7.355 4.781 7.985 6.427
-999.250 -999.250 -999.250 -999.250 -999.250 -999.250 -999.250 -999.250 -999.250 -999.250 -999.250 -999.250 -999.250 -999.250 -999.250 -999.250 -999.250 -999.250 16.676 12.344 14.856 18.872 20.041 31.743 14.213 12.123 11.515 7.197 7.531 10.621 8.458 7.835 8.802 11.093 7.622 7.272 7.798 5.178 7.102 6.987 6.317 4.157 1.325 2.289 2.481 2.778 0.921 0.094 0.000 2.711 1.007 0.000 0.000 0.000 0.000 0.000 0.000 0.000 0.000 0.000 0.000 0.000 3.073 6.632 9.003 7.125 7.182 4.580 4.313
-999.250 -999.250 -999.250 -999.250 -999.250 -999.250 -999.250 -999.250 -999.250 -999.250 -999.250 -999.250 -999.250 -999.250 -999.250 -999.250 -999.250 20.133 17.523 16.944 18.703 17.437 15.567 17.037 17.677 12.897 13.062 9.576 7.884 11.792 10.981 11.202 10.071 7.494 10.031 4.570 4.785 3.718 3.775 5.318 4.564 2.899 0.610 3.212 2.399 5.176 4.051 2.396 0.005 1.413 0.000 0.000 0.000 0.000 1.052 1.145 0.669 0.071 0.000 0.000 0.000 0.000 3.310 6.244 5.714 6.930 5.766 4.559 2.810
-999.250 -999.250 -999.250 -999.250 -999.250 -999.250 -999.250 -999.250 -999.250 -999.250 -999.250 -999.250 -999.250 -999.250 -999.250 -999.250 -999.250 20.034 22.382 17.438 20.289 22.362 21.635 16.521 13.230 20.990 12.303 13.172 10.051 12.572 14.141 9.965 10.420 9.635 8.040 5.417 5.678 3.361 6.740 6.215 4.007 3.083 1.235 4.747 4.398 4.673 4.716 1.320 0.000 0.000 0.000 0.000 0.000 0.000 1.899 1.908 2.942 4.519 1.603 0.000 0.000 0.000 2.923 2.875 3.106 4.377 4.769 5.678 1.922
-999.250 -999.250 -999.250 -999.250 -999.250 -999.250 -999.250 -999.250 -999.250 -999.250 -999.250 -999.250 -999.250 -999.250 -999.250 27.163 21.700 23.923 20.170 26.872 25.584 22.045 22.194 15.128 16.790 18.725 19.389 12.137 17.023 13.079 11.830 11.325 11.099 10.169 11.425 6.119 2.839 3.584 4.706 2.358 2.680 5.725 3.270 3.416 6.796 8.225 2.925 0.000 0.000 0.000 0.000 0.000 0.000 0.000 0.000 1.278 4.478 11.386 4.428 0.697 0.647 0.212 2.080 3.566 1.536 2.487 2.788 1.040 0.000
-999.250 -999.250 -999.250 -999.250 -999.250 -999.250 -999.250 -999.250 -999.250 -999.250 -999.250 -999.250 -999.250 -999.250 31.068 25.097 22.805 28.693 19.922 32.245 38.022 40.823 28.528 23.314 14.829 18.154 21.975 16.863 16.347 12.547 11.540 10.951 11.267 10.784 9.401 5.273 3.582 4.743 2.648 4.316 3.602 3.751 2.844 6.378 14.610 12.908 4.674 0.000 0.000 0.000 0.000 0.000 0.000 0.000 0.000 0.000 2.146 4.906 4.261 1.154 0.737 1.629 0.347 0.000 0.759 0.504 0.661 0.000 0.000
-999.250 -999.250 -999.250 -999.250 -999.250 -999.250 -999.250 -999.250 -999.250 -999.250 -999.250 -999.250 -999.250 -999.250 36.840 40.175 32.330 26.546 28.749 28.371 34.651 36.527 28.997 23.519 24.179 20.794 14.278 12.377 12.788 15.678 12.843 9.364 14.224 12.551 8.621 7.562 5.711 7.807 5.238 5.108 6.926 6.321 7.843 11.625 21.989 27.832 7.567 0.000 0.000 0.000 0.000 0.000 0.000 0.000 0.000 0.000 0.000 2.234 3.303 0.000 0.000 2.470 1.017 0.397 0.000 0.000 0.484 0.000 0.000
-999.250 -999.250 -999.250 -999.250 -999.250 -999.250 -999.250 -999.250 -999.250 -999.250 -999.250 -999.250 -999.250 43.458 35.036 50.758 41.789 33.692 25.651 32.069 36.532 34.678 35.358 27.631 31.404 17.522 16.088 21.270 19.664 13.364 15.447 10.392 12.556 10.340 12.477 8.280 5.269 5.142 7.136 7.165 7.019 7.245 9.363 11.880 17.494 13.399 7.924 0.000 0.000 0.000 0.000 0.000 0.000 0.000 0.000 0.000 0.000 0.124 0.247 0.463 3.377 1.004 2.789 1.134 1.070 2.103 0.963 0.000 0.000
-999.250 -999.250 -999.250 -999.250 -999.250 -999.250 -999.250 -999.250 -999.250 -999.250 -999.250 -999.250 46.176 45.481 52.357 49.570 50.632 41.321 31.731 28.351 37.112 42.848 31.712 34.581 33.582 21.351 16.463 15.524 16.236 13.702 12.381 13.037 14.851 15.935 12.289 9.655 8.752 9.146 7.879 9.549 9.981 10.813 8.417 12.475 12.314 12.199 8.736 3.775 1.252 0.083 0.000 0.000 0.000 0.000 0.000 0.000 1.879 0.000 0.621 1.458 0.889 3.007 1.323 1.685 3.362 0.853 2.879 0.000 0.000
-999.250 -999.250 -999.250 -999.250 -999.250 -999.250 -999.250 -999.250 -999.250 -999.250 -999.250 46.978 42.081 49.581 51.284 48.274 36.252 36.699 48.971 51.636 49.084 39.232 54.226 34.965 41.839 27.465 26.339 23.285 15.798 13.820 14.046 18.731 16.193 16.351 13.993 9.124 11.673 17.045 14.670 11.763 12.536 12.023 10.871 9.437 9.030 18.730 9.076 4.171 4.267 2.342 1.291 0.000 0.000 0.000 0.000 0.000 2.644 1.039 2.449 1.310 4.406 2.111 0.993 0.000 0.647 2.529 0.994 0.000 0.000
-999.250 -999.250 -999.250 -999.250 -999.250 -999.250 -999.250 -999.250 -999.250 -999.250 32.445 35.657 44.931 41.227 57.093 62.166 64.734 55.461 45.650 62.244 56.483 29.983 44.075 35.868 28.788 25.928 20.060 23.452 17.709 18.390 15.785 15.339 16.227 20.382 16.584 13.086 15.813 12.709 13.575 13.545 14.335 16.155 11.734 6.413 8.212 8.785 6.008 2.393 1.923 2.632 3.342 0.918 0.000 0.131 1.039 0.029 1.223 3.721 2.833 2.844 5.262 2.702 3.369 0.000 0.061 0.000 1.383 0.350 0.042
-999.250 -999.250 -999.250 -999.250 -999.250 -999.250 -999.250 -999.250 -999.250 33.778 35.828 42.841 46.375 44.356 61.268 84.388 74.633 59.718 76.620 80.906 55.210 31.104 42.413 23.865 23.315 19.570 18.366 22.017 20.451 16.806 22.702 20.368 19.179 18.359 17.027 15.455 20.788 16.973 12.311 17.851 11.296 9.337 7.281 8.273 4.505 2.456 0.087 0.024 2.426 3.322 3.062 1.513 0.949 1.263 2.394 3.138 1.375 2.852 4.417 6.344 6.165 3.885 4.328 2.045 0.000 0.000 0.000 0.677 0.000
-999.250 -999.250 -999.250 -999.250 -999.250 39.751 60.375 43.449 37.558 37.829 38.907 35.901 61.458 47.101 58.150 59.783 59.366 39.180 47.333 46.785 43.021 27.657 46.320 24.789 19.378 12.401 17.114 20.659 17.828 21.118 24.020 20.283 22.818 19.115 12.052 19.017 24.672 21.115 8.793 15.705 13.536 6.457 6.495 5.514 3.666 0.065 0.000 0.000 3.811 5.562 3.674 2.004 2.470 3.341 3.530 4.383 6.478 5.274 4.595 6.471 5.911 4.433 4.193 2.894 1.126 0.000 0.000 0.000 0.000
