data/medianmodel_10-Jul-2020.asc
ncols	141
nrows	288
xllcorner	-120191.398
yllcorner	-301404.813
cellsize	2000.000
NODATA_value	-999.250
[rows 186 to 216 of 288, columns 0 to 68 of 141]
116.755 132.876 143.253 142.502 142.755 144.824 153.962 161.552 162.155 189.064 181.105 171.266 164.347 159.991 148.055 146.252 143.214 135.698 -999.250 -999.250 -999.250 -999.250 -999.250 47.991 45.632 39.221 35.596 31.059 26.053 20.924 20.065 16.826 15.770 17.745 18.039 16.673 18.160 15.797 16.946 18.072 10.364 8.826 8.102 6.501 2.490 6.623 4.612 3.358 3.378 2.119 2.215 1.059 2.093 2.208 2.366 2.990 3.560 3.246 4.604 1.774 0.000 0.000 0.000 0.000 0.000 0.000 0.000 0.000 0.000
-999.250 133.008 141.669 149.053 151.564 152.376 168.123 157.550 169.412 185.652 181.818 180.720 197.169 164.639 142.384 140.114 130.893 130.445 -999.250 -999.250 -999.250 -999.250 45.937 37.040 33.087 28.914 25.227 22.492 18.213 16.220 15.818 13.061 14.011 14.228 14.849 14.910 13.918 14.091 13.193 13.672 9.487 9.045 6.497 5.181 5.735 3.593 4.206 0.819 0.977 0.058 1.075 2.176 3.352 1.923 2.856 2.766 2.495 4.113 4.261 0.547 0.000 0.000 0.000 0.000 0.000 0.000 0.000 0.000 0.000
-999.250 135.490 140.290 140.920 149.090 155.924 154.524 155.209 162.908 162.572 169.122 171.918 159.401 158.296 143.256 133.460 127.739 125.061 -999.250 -999.250 -999.250 44.985 -999.250 30.767 27.835 22.277 17.904 16.709 13.395 11.500 12.693 10.475 11.358 12.890 12.565 12.488 13.588 14.704 13.802 12.719 13.744 7.964 7.672 5.116 3.391 1.139 0.000 0.000 0.000 0.000 0.428 2.330 2.270 1.840 2.883 0.733 1.211 3.674 2.665 1.101 0.000 0.000 0.000 0.000 0.000 0.000 0.000 0.000 0.000
-999.250 132.114 140.408 138.959 140.295 151.506 153.048 153.743 155.656 156.917 155.426 149.695 149.635 142.406 124.886 126.227 112.528 -999.250 -999.250 -999.250 -999.250 47.481 37.070 25.261 20.521 16.227 13.694 10.625 13.918 10.988 7.947 9.295 12.193 12.874 13.110 12.586 13.641 13.765 13.945 12.477 10.174 8.428 6.119 3.268 1.241 0.000 0.062 0.000 0.000 0.000 0.000 0.000 0.000 0.256 2.940 3.139 2.537 0.531 0.196 0.000 0.000 0.000 0.000 0.000 0.000 0.000 0.000 0.078 1.892
-999.250 127.959 140.798 148.403 141.564 140.314 143.967 145.291 151.851 143.613 142.413 146.555 141.805 123.203 111.296 107.842 110.755 -999.250 -999.250 -999.250 60.056 47.490 45.128 28.141 19.345 17.348 14.989 13.886 15.162 9.827 8.341 6.148 6.379 8.183 9.694 12.139 13.637 13.764 12.329 11.898 9.965 7.912 4.624 1.975 0.000 0.000 0.000 0.000 0.000 0.000 0.000 0.000 0.000 0.000 3.228 2.133 0.423 0.651 0.000 0.000 0.000 0.000 0.000 0.000 0.000 0.000 1.379 2.453 3.021
-999.250 -999.250 -999.250 137.819 -999.250 -999.250 131.362 137.525 137.480 -999.250 -999.250 -999.250 124.710 109.747 -999.250 -999.250 -999.250 -999.250 -999.250 -999.250 74.436 63.377 48.718 37.897 29.298 19.203 16.854 12.881 11.862 7.758 5.382 5.522 7.960 8.993 10.620 9.970 13.262 14.683 13.720 12.117 10.213 6.963 4.239 1.953 0.000 0.000 0.000 0.000 0.000 0.000 0.000 0.000 0.000 0.170 1.886 2.564 1.059 0.212 0.115 0.000 0.003 0.239 0.172 0.000 0.167 1.907 1.793 3.445 4.045
-999.250 -999.250 -999.250 -999.250 -999.250 -999.250 -999.250 -999.250 -999.250 -999.250 -999.250 -999.250 -999.250 114.113 79.661 81.532 -999.250 -999.250 -999.250 78.312 85.273 81.995 66.176 51.146 37.250 28.567 21.720 14.244 10.720 8.778 8.153 7.330 9.342 8.530 10.654 11.800 12.793 13.881 13.476 14.009 12.417 6.667 4.934 2.574 0.000 0.000 0.000 0.000 0.000 0.000 0.000 0.000 0.000 1.810 1.971 2.214 3.451 2.135 1.021 0.000 0.000 0.000 1.027 1.561 2.888 3.546 5.129 7.092 7.658
-999.250 -999.250 -999.250 -999.250 -999.250 -999.250 -999.250 -999.250 -999.250 -999.250 -999.250 94.416 82.114 79.666 65.431 68.032 -999.250 -999.250 86.013 89.159 101.802 94.400 82.407 58.226 47.388 34.095 20.171 13.952 11.223 10.296 8.947 10.885 11.072 10.920 13.360 12.038 11.454 9.325 14.932 11.557 10.730 5.995 3.601 2.402 0.000 0.000 0.000 0.000 0.000 0.000 0.000 0.000 0.000 2.089 1.108 4.385 6.391 3.336 2.784 3.396 1.081 2.286 3.499 5.629 4.980 4.466 5.144 8.172 8.542
-999.250 -999.250 -999.250 -999.250 -999.250 -999.250 -999.250 -999.250 -999.250 -999.250 -999.250 64.151 65.424 57.365 59.176 59.132 57.067 61.772 74.064 99.063 114.277 124.210 110.429 73.034 63.398 43.000 31.119 18.675 13.478 12.823 14.481 10.153 11.388 9.070 12.982 12.138 11.797 11.547 10.251 9.546 9.680 7.644 5.314 3.433 0.000 0.000 0.000 0.000 0.000 0.000 0.000 0.000 1.645 2.253 4.297 4.948 4.357 3.596 3.169 2.373 3.011 3.355 5.827 6.448 5.604 5.521 7.440 10.010 12.382
-999.250 -999.250 -999.250 -999.250 -999.250 -999.250 -999.250 -999.250 -999.250 -999.250 -999.250 -999.250 54.088 55.614 52.564 56.133 68.554 65.641 77.729 98.937 97.681 114.329 103.185 77.968 65.179 50.886 31.117 21.173 17.690 17.801 14.555 14.732 11.231 10.914 13.643 14.497 11.763 12.249 11.896 10.787 10.076 8.886 5.834 2.701 0.135 0.000 0.000 0.000 0.000 0.000 0.000 0.171 0.973 3.199 3.487 4.366 3.166 3.857 3.605 4.093 4.946 4.064 5.440 8.025 7.107 9.083 9.409 10.979 13.903
-999.250 -999.250 -999.250 -999.250 -999.250 -999.250 -999.250 -999.250 -999.250 -999.250 -999.250 -999.250 -999.250 44.388 47.476 50.476 54.166 60.075 69.766 74.834 83.808 81.609 76.534 67.937 57.713 45.182 34.199 27.518 22.262 21.150 18.609 17.380 15.580 14.122 13.293 15.696 14.458 13.562 12.151 11.963 9.123 9.297 6.793 3.037 2.607 0.000 0.000 0.000 0.000 0.000 0.000 1.765 2.692 3.426 3.475 3.198 2.753 4.454 4.402 5.650 6.885 6.244 8.482 7.179 11.281 10.029 13.356 13.179 14.166
-999.250 -999.250 -999.250 -999.250 -999.250 -999.250 -999.250 -999.250 -999.250 -999.250 -999.250 -999.250 -999.250 39.815 42.176 42.506 44.705 43.338 47.909 65.080 58.896 59.054 63.287 68.977 56.996 54.104 40.794 33.415 33.574 22.729 25.199 19.956 16.473 15.943 15.046 14.276 13.553 14.288 13.609 7.783 11.334 10.278 5.685 4.441 3.377 1.491 2.002 1.732 0.636 0.725 2.472 3.308 3.514 3.868 1.664 3.274 1.899 4.825 3.919 5.338 6.174 6.168 8.912 11.114 13.604 13.455 13.671 17.581 20.687
-999.250 -999.250 -999.250 -999.250 -999.250 -999.250 -999.250 -999.250 -999.250 -999.250 -999.250 -999.250 -999.250 35.479 38.267 40.213 34.921 39.205 44.956 44.873 47.624 52.026 61.030 48.382 52.471 56.490 46.096 40.799 33.966 28.078 26.062 18.248 17.614 16.924 16.333 15.451 13.255 12.223 11.479 10.528 9.247 9.057 8.947 6.814 3.519 2.854 2.639 4.936 3.497 2.665 2.080 2.914 3.679 3.717 4.285 2.900 3.131 4.342 4.775 3.921 7.355 7.219 8.377 13.173 14.424 16.769 17.535 21.087 24.511
-999.250 -999.250 -999.250 -999.250 -999.250 -999.250 -999.250 -999.250 -999.250 -999.250 -999.250 -999.250 -999.250 -999.250 25.409 26.315 32.505 32.766 38.567 43.015 51.635 57.088 45.416 42.874 46.781 50.885 45.129 51.578 43.453 33.338 33.186 22.270 19.025 20.597 18.776 16.676 17.712 12.965 13.301 8.806 9.779 8.483 6.673 6.249 4.544 5.328 6.384 2.871 5.023 5.133 5.015 4.769 4.082 3.066 4.787 3.139 3.387 5.196 5.373 6.888 6.740 7.307 10.336 12.564 15.406 15.809 16.421 19.107 22.070
-999.250 -999.250 -999.250 -999.250 -999.250 -999.250 -999.250 -999.250 -999.250 -999.250 -999.250 -999.250 -999.250 -999.250 20.625 22.676 25.105 28.066 28.938 36.674 45.159 40.361 39.894 34.679 36.232 38.111 46.294 48.743 49.511 39.197 34.302 26.419 21.953 22.170 20.708 19.097 20.120 13.779 12.744 9.988 7.687 7.411 8.425 6.491 5.440 3.981 8.070 4.605 2.350 4.163 5.861 7.369 6.102 5.397 5.644 4.250 5.089 4.877 6.485 5.469 6.880 8.159 8.211 12.048 14.305 12.293 15.312 20.798 23.579
-999.250 -999.250 -999.250 -999.250 -999.250 -999.250 -999.250 -999.250 -999.250 -999.250 -999.250 -999.250 -999.250 -999.250 21.231 21.289 22.286 32.608 28.044 34.723 40.647 34.627 32.496 34.611 36.471 35.661 36.461 43.740 39.812 36.885 36.680 28.291 25.140 24.578 21.439 21.438 15.803 15.252 12.318 11.804 6.823 10.106 6.222 7.300 7.714 6.248 7.757 8.403 5.680 5.728 5.379 4.774 5.393 5.507 4.760 5.628 4.433 5.212 5.037 8.956 4.369 7.196 8.972 11.817 11.714 12.473 16.921 16.141 19.576
-999.250 -999.250 -999.250 -999.250 -999.250 -999.250 -999.250 -999.250 -999.250 -999.250 -999.250 -999.250 -999.250 -999.250 16.020 27.152 22.030 28.932 23.523 28.856 33.814 30.942 35.411 42.989 41.509 -999.250 33.960 26.020 36.846 25.169 25.258 27.925 25.246 19.805 17.315 15.215 13.629 12.885 11.422 7.531 10.383 8.233 7.371 6.711 5.954 5.747 6.758 5.344 6.892 6.105 5.991 5.596 5.180 5.298 5.612 5.635 4.958 6.884 6.209 6.175 8.006 8.186 10.015 12.369 11.027 12.102 12.132 14.693 15.661
-999.250 -999.250 -999.250 -999.250 -999.250 -999.250 -999.250 -999.250 -999.250 -999.250 -999.250 -999.250 -999.250 -999.250 21.551 25.830 25.048 28.342 31.900 28.240 33.144 25.323 29.462 -999.250 -999.250 -999.250 28.951 28.516 29.217 31.013 28.342 23.809 24.969 18.187 17.009 18.673 15.097 13.921 13.107 11.183 10.796 7.494 8.483 6.614 5.696 5.209 6.005 4.047 7.058 5.161 4.592 4.889 7.296 7.436 5.670 5.218 6.370 5.128 6.817 6.072 6.054 8.247 6.987 8.543 6.816 8.492 10.998 13.065 14.678
-999.250 -999.250 -999.250 -999.250 -999.250 -999.250 -999.250 -999.250 -999.250 -999.250 -999.250 -999.250 -999.250 26.268 32.037 25.384 27.397 26.218 25.250 21.966 24.532 26.074 -999.250 -999.250 -999.250 -999.250 -999.250 27.631 29.675 25.239 21.340 18.836 23.200 18.509 17.984 16.678 12.176 16.447 12.875 12.576 10.025 9.850 9.537 8.346 7.726 6.705 6.646 5.316 4.608 5.994 5.255 4.980 6.222 5.043 3.831 3.608 3.913 2.900 4.068 3.707 5.724 5.227 4.226 4.626 5.360 8.252 8.287 8.363 10.927
-999.250 -999.250 -999.250 -999.250 -999.250 -999.250 -999.250 -999.250 -999.250 -999.250 -999.250 -999.250 -999.250 33.200 33.898 28.121 28.271 32.234 21.200 23.940 -999.250 -999.250 -999.250 -999.250 -999.250 -999.250 -999.250 -999.250 21.578 24.949 18.025 16.126 19.529 16.258 17.476 18.419 12.628 12.874 10.630 11.405 10.925 12.706 12.713 8.539 7.099 7.292 6.139 7.623 6.486 5.157 4.918 4.890 4.266 3.622 4.020 2.760 1.201 0.908 3.428 3.360 4.396 3.085 5.202 4.391 4.343 5.691 6.022 7.750 7.539
-999.250 -999.250 -999.250 -999.250 -999.250 -999.250 -999.250 -999.250 -999.250 -999.250 -999.250 -999.250 31.164 31.102 -999.250 -999.250 -999.250 -999.250 -999.250 -999.250 -999.250 -999.250 -999.250 -999.250 -999.250 -999.250 -999.250 -999.250 -999.250 17.063 21.811 20.882 16.557 19.456 15.674 18.098 14.608 12.933 12.778 9.829 10.583 9.858 8.650 8.299 9.024 8.485 9.700 9.564 6.190 5.512 4.624 3.583 3.965 3.666 4.316 1.254 1.377 1.919 0.049 1.211 1.750 3.545 3.422 4.301 4.198 4.442 4.420 5.466 6.408
-999.250 -999.250 -999.250 -999.250 -999.250 -999.250 -999.250 -999.250 -999.250 -999.250 -999.250 -999.250 -999.250 -999.250 -999.250 -999.250 -999.250 -999.250 -999.250 -999.250 -999.250 -999.250 -999.250 -999.250 -999.250 -999.250 -999.250 -999.250 -999.250 -999.250 20.785 21.710 22.949 18.477 17.846 17.357 13.445 13.742 12.774 10.005 11.714 11.029 10.783 11.365 11.122 8.921 11.904 7.338 7.643 6.052 6.088 4.236 3.244 2.278 3.110 0.691 2.379 0.618 0.222 1.473 2.150 1.190 0.000 1.024 1.543 3.294 2.872 4.743 6.202
-999.250 -999.250 -999.250 -999.250 -999.250 -999.250 -999.250 -999.250 -999.250 -999.250 -999.250 -999.250 -999.250 -999.250 -999.250 -999.250 -999.250 -999.250 -999.250 -999.250 -999.250 -999.250 -999.250 -999.250 -999.250 -999.250 -999.250 -999.250 -999.250 -999.250 20.520 23.380 24.404 16.804 16.401 14.788 13.822 14.937 16.669 15.169 11.476 13.405 11.604 15.187 12.781 11.078 13.724 9.952 8.892 6.353 6.460 5.989 3.549 4.337 3.353 1.748 0.359 0.763 0.867 1.746 0.837 0.000 0.000 0.454 2.329 1.231 2.031 1.260 2.379
-999.250 -999.250 -999.250 -999.250 -999.250 -999.250 -999.250 -999.250 -999.250 -999.250 -999.250 -999.250 -999.250 -999.250 -999.250 -999.250 -999.250 -999.250 -999.250 -999.250 -999.250 -999.250 -999.250 -999.250 -999.250 -999.250 -999.250 -999.250 -999.250 -999.250 18.144 24.465 17.499 16.760 14.563 16.075 13.418 16.729 13.936 15.014 15.529 15.391 15.766 15.823 13.272 10.815 11.124 10.590 9.545 6.732 7.270 6.369 6.202 5.527 5.739 3.288 2.275 0.002 0.077 0.101 1.542 0.000 0.000 0.000 0.000 0.000 0.193 0.505 2.170
-999.250 -999.250 -999.250 -999.250 -999.250 -999.250 -999.250 -999.250 -999.250 -999.250 -999.250 -999.250 -999.250 -999.250 -999.250 -999.250 -999.250 -999.250 -999.250 -999.250 -999.250 -999.250 -999.250 -999.250 -999.250 -999.250 -999.250 -999.250 -999.250 -999.250 -999.250 19.516 15.926 19.792 16.869 16.915 19.682 16.612 17.377 17.392 18.729 17.746 25.731 17.926 13.028 10.038 11.063 11.348 10.113 10.931 8.799 10.077 7.891 8.749 7.011 3.101 1.566 1.772 1.726 1.064 0.000 0.000 0.000 0.000 0.000 0.000 0.000 0.000 0.000
-999.250 -999.250 -999.250 -999.250 -999.250 -999.250 -999.250 -999.250 -999.250 -999.250 -999.250 -999.250 -999.250 -999.250 -999.250 -999.250 -999.250 -999.250 -999.250 -999.250 -999.250 -999.250 -999.250 -999.250 -999.250 -999.250 -999.250 -999.250 -999.250 -999.250 -999.250 18.283 17.802 21.113 16.369 20.416 18.631 18.904 14.132 15.719 18.789 18.743 21.936 19.447 17.355 12.048 12.752 12.094 11.845 10.761 11.326 11.459 8.838 10.341 6.292 4.801 2.669 1.813 0.987 0.000 0.000 0.000 0.000 0.000 0.000 0.000 0.000 0.000 0.000
-999.250 -999.250 -999.250 -999.250 -999.250 -999.250 -999.250 -999.250 -999.250 -999.250 -999.250 -999.250 -999.250 -999.250 -999.250 -999.250 -999.250 -999.250 -999.250 -999.250 -999.250 -999.250 -999.250 -999.250 -999.250 -999.250 -999.250 -999.250 -999.250 -999.250 -999.250 18.320 15.551 18.912 22.323 22.428 25.342 16.453 16.267 15.109 19.975 18.662 18.507 16.908 17.554 14.230 12.554 14.320 13.261 11.216 10.829 11.353 12.221 8.523 6.684 5.177 4.507 3.634 2.007 0.000 0.000 0.000 0.000 0.000 0.000 0.000 0.000 0.000 0.000
-999.250 -999.250 -999.250 -999.250 -999.250 -999.250 -999.250 -999.250 -999.250 -999.250 -999.250 -999.250 -999.250 -999.250 -999.250 -999.250 -999.250 -999.250 -999.250 -999.250 -999.250 -999.250 -999.250 -999.250 -999.250 -999.250 -999.250 -999.250 -999.250 -999.250 -999.250 20.135 18.873 21.886 20.863 26.556 27.506 20.202 19.158 17.732 18.443 15.884 19.057 17.058 16.538 14.316 13.367 11.986 12.588 10.948 12.669 12.238 10.442 10.912 6.450 4.054 2.926 1.566 1.421 0.000 0.000 0.000 0.000 0.000 0.000 0.000 0.000 0.000 0.000
-999.250 -999.250 -999.250 -999.250 -999.250 -999.250 -999.250 -999.250 -999.250 -999.250 -999.250 -999.250 -999.250 -999.250 -999.250 -999.250 -999.250 -999.250 -999.250 -999.250 -999.250 -999.250 -999.250 -999.250 -999.250 -999.250 -999.250 -999.250 -999.250 -999.250 -999.250 13.958 21.644 24.505 22.760 27.297 21.401 29.132 26.406 16.853 19.233 23.904 17.931 20.303 21.509 17.883 16.195 12.685 12.923 11.989 12.230 10.518 12.614 10.418 6.289 3.748 2.760 1.989 0.850 0.000 0.000 0.000 0.000 0.000 0.000 0.000 0.000 0.000 0.000
-999.250 -999.250 -999.250 -999.250 -999.250 -999.250 -999.250 -999.250 -999.250 -999.250 -999.250 -999.250 -999.250 -999.250 -999.250 -999.250 -999.250 -999.250 -999.250 -999.250 -999.250 -999.250 -999.250 -999.250 -999.250 -999.250 -999.250 -999.250 -999.250 -999.250 -999.250 16.645 19.662 23.075 27.625 24.007 35.866 31.955 22.629 22.859 27.217 27.558 29.970 26.999 29.381 27.513 23.437 16.989 13.415 16.232 14.041 12.773 11.049 8.442 5.863 3.053 2.149 2.002 0.597 0.000 0.000 0.000 0.000 0.000 0.000 0.000 0.000 0.000 0.000
-999.250 -999.250 -999.250 -999.250 -999.250 -999.250 -999.250 -999.250 -999.250 -999.250 -999.250 -999.250 -999.250 -999.250 -999.250 -999.250 -999.250 -999.250 -999.250 -999.250 -999.250 -999.250 -999.250 -999.250 -999.250 -999.250 -999.250 -999.250 -999.250 -999.250 -999.250 15.193 19.362 22.497 28.324 38.536 41.118 37.545 27.479 31.016 31.306 40.997 41.187 28.868 34.718 38.689 21.118 16.412 15.281 13.506 11.756 12.488 10.662 5.667 6.652 2.455 1.228 0.597 0.403 0.029 0.000 0.000 0.000 0.000 0.000 0.000 0.000 0.000 0.000
