data/medianmodel_16-Dec-2020.asc
ncols	141
nrows	288
xllcorner	-120191.398
yllcorner	-301404.813
cellsize	2000.000
NODATA_value	-999.250
[rows 116 to 144 of 288, columns 0 to 63 of 141]
-999.250 -999.250 -999.250 -999.250 -999.250 -999.250 -999.250 -999.250 -999.250 -999.250 -999.250 -999.250 -999.250 -999.250 -999.250 -999.250 -999.250 -999.250 -999.250 -999.250 -999.250 -999.250 -999.250 -999.250 -999.250 -999.250 -999.250 353.338 366.295 405.673 434.921 445.283 434.878 442.056 429.135 438.170 434.356 441.544 450.783 443.992 450.320 455.399 453.027 441.462 450.283 466.195 457.730 469.245 448.945 483.018 511.874 545.917 543.044 524.408 525.319 515.499 512.958 484.721 430.927 381.197 310.693 287.271 256.382 238.915
-999.250 -999.250 -999.250 -999.250 -999.250 -999.250 -999.250 -999.250 -999.250 -999.250 -999.250 -999.250 -999.250 -999.250 -999.250 -999.250 -999.250 -999.250 -999.250 -999.250 -999.250 -999.250 -999.250 -999.250 -999.250 -999.250 -999.250 372.007 382.418 414.674 421.552 438.597 440.395 431.397 441.144 432.169 448.334 443.956 461.884 434.418 452.622 447.521 449.484 461.389 452.863 457.100 456.230 445.195 436.934 407.634 468.038 510.981 527.054 548.685 534.556 530.748 536.449 535.578 439.637 395.319 344.304 288.270 249.603 232.613
-999.250 -999.250 -999.250 -999.250 -999.250 -999.250 -999.250 -999.250 -999.250 -999.250 -999.250 -999.250 -999.250 -999.250 -999.250 -999.250 -999.250 -999.250 -999.250 -999.250 -999.250 -999.250 -999.250 -999.250 -999.250 -999.250 329.664 360.800 376.826 406.533 406.528 426.424 420.179 423.089 438.553 431.976 434.196 445.364 446.084 447.971 463.297 457.427 463.340 468.284 487.955 456.145 458.987 464.522 459.827 452.739 464.119 505.180 516.302 517.166 526.198 511.342 501.097 496.152 424.047 366.139 314.835 275.741 242.497 219.527
-999.250 -999.250 -999.250 -999.250 -999.250 -999.250 -999.250 -999.250 -999.250 -999.250 -999.250 -999.250 -999.250 -999.250 -999.250 -999.250 -999.250 -999.250 -999.250 -999.250 -999.250 -999.250 -999.250 -999.250 -999.250 -999.250 355.353 342.649 380.137 388.320 389.476 406.297 424.442 408.551 411.275 431.093 433.074 436.543 438.024 450.906 445.273 449.566 463.575 468.314 467.796 471.552 490.435 495.941 486.341 469.187 497.861 502.978 498.282 523.534 515.114 508.801 466.321 425.815 376.357 302.164 267.129 246.626 229.717 191.846
-999.250 -999.250 -999.250 -999.250 -999.250 -999.250 -999.250 -999.250 -999.250 -999.250 -999.250 -999.250 -999.250 -999.250 -999.250 -999.250 -999.250 -999.250 -999.250 -999.250 -999.250 -999.250 -999.250 -999.250 -999.250 -999.250 348.996 359.476 377.794 391.717 397.951 409.749 423.083 421.265 405.892 406.383 409.420 422.176 419.756 428.431 438.251 446.906 469.079 477.349 481.720 486.506 492.692 514.954 505.732 527.986 508.916 498.296 499.535 524.780 489.287 467.131 425.894 376.996 302.577 262.978 242.003 215.666 194.570 171.771
-999.250 -999.250 -999.250 -999.250 -999.250 -999.250 -999.250 -999.250 -999.250 -999.250 -999.250 -999.250 -999.250 -999.250 -999.250 -999.250 -999.250 -999.250 -999.250 -999.250 -999.250 -999.250 -999.250 -999.250 -999.250 361.497 381.427 377.214 393.923 387.932 401.360 417.032 413.610 391.409 401.597 403.527 386.461 395.862 404.152 416.516 420.097 430.365 451.278 446.394 466.491 485.182 505.630 530.066 526.996 531.318 518.483 515.643 505.588 504.772 499.303 457.725 403.141 309.303 234.604 215.406 202.114 178.392 167.667 162.846
-999.250 -999.250 -999.250 -999.250 -999.250 -999.250 -999.250 -999.250 -999.250 -999.250 -999.250 -999.250 -999.250 -999.250 -999.250 -999.250 -999.250 -999.250 -999.250 -999.250 -999.250 -999.250 -999.250 -999.250 -999.250 381.326 387.423 386.344 394.681 408.544 385.503 406.667 411.512 389.966 397.581 400.378 384.181 377.886 385.588 372.477 370.244 393.103 434.924 443.412 451.394 473.254 512.362 539.912 527.725 514.310 513.443 519.462 521.895 518.035 506.221 436.259 393.133 307.326 253.084 214.057 182.643 167.856 155.042 147.692
-999.250 -999.250 -999.250 -999.250 -999.250 -999.250 -999.250 -999.250 -999.250 -999.250 -999.250 -999.250 -999.250 -999.250 -999.250 -999.250 -999.250 -999.250 -999.250 -999.250 -999.250 -999.250 -999.250 -999.250 -999.250 400.553 404.581 401.479 376.817 396.711 407.144 412.127 411.595 415.588 401.577 376.692 366.667 369.994 343.950 378.482 385.927 386.647 406.301 412.134 426.092 466.315 462.842 504.032 516.344 514.807 510.347 514.831 526.591 530.388 504.424 449.717 401.743 325.294 254.245 213.324 178.789 164.232 143.297 121.807
-999.250 -999.250 -999.250 -999.250 -999.250 -999.250 -999.250 -999.250 -999.250 -999.250 -999.250 -999.250 -999.250 -999.250 -999.250 -999.250 -999.250 -999.250 -999.250 -999.250 -999.250 -999.250 -999.250 -999.250 366.745 377.865 400.001 399.814 410.594 415.554 420.269 422.600 412.469 396.116 386.632 403.864 369.230 359.087 340.810 348.032 354.784 369.462 390.814 399.161 411.783 427.010 442.864 448.983 454.676 464.146 472.209 501.791 519.266 537.183 536.063 468.126 391.585 335.588 264.067 224.810 182.861 158.428 137.850 121.427
-999.250 -999.250 -999.250 -999.250 -999.250 -999.250 -999.250 -999.250 -999.250 -999.250 -999.250 -999.250 -999.250 -999.250 -999.250 -999.250 -999.250 -999.250 -999.250 -999.250 -999.250 -999.250 -999.250 -999.250 364.129 351.105 398.051 389.132 423.776 449.300 421.058 423.364 409.842 392.688 372.072 378.826 366.679 352.209 347.900 327.117 338.159 330.058 370.575 354.520 380.335 399.292 402.115 404.283 405.802 412.158 432.900 470.542 494.212 540.301 574.713 468.604 406.248 303.617 256.933 216.786 195.351 167.396 149.161 120.840
-999.250 -999.250 -999.250 -999.250 -999.250 -999.250 -999.250 -999.250 -999.250 -999.250 -999.250 -999.250 -999.250 -999.250 -999.250 -999.250 -999.250 -999.250 -999.250 -999.250 -999.250 -999.250 -999.250 341.439 360.996 382.145 401.301 399.825 423.921 435.834 430.117 431.604 429.494 425.308 397.550 377.093 355.890 347.348 321.334 321.845 308.824 319.395 322.594 352.831 324.160 327.705 310.319 309.504 318.309 345.729 368.796 422.572 447.825 481.322 493.774 453.448 376.402 303.102 248.317 215.969 190.823 167.847 148.986 125.599
-999.250 -999.250 -999.250 -999.250 -999.250 -999.250 -999.250 -999.250 -999.250 -999.250 -999.250 -999.250 -999.250 -999.250 -999.250 -999.250 -999.250 -999.250 -999.250 -999.250 -999.250 -999.250 -999.250 316.690 353.475 373.998 395.416 414.080 414.690 435.060 434.230 447.834 451.241 432.462 425.697 388.266 383.836 352.885 336.137 311.848 303.321 298.137 288.768 297.908 276.731 264.916 270.380 240.795 246.238 251.609 297.145 350.288 389.726 405.162 422.100 390.566 321.828 295.221 243.722 223.442 192.188 173.163 165.836 136.962
-999.250 -999.250 -999.250 -999.250 -999.250 -999.250 -999.250 -999.250 -999.250 -999.250 -999.250 -999.250 -999.250 -999.250 -999.250 -999.250 -999.250 -999.250 -999.250 -999.250 -999.250 -999.250 -999.250 311.444 341.328 375.647 390.679 404.544 423.864 437.264 452.183 449.090 465.629 451.408 433.992 401.662 380.887 328.408 321.847 325.463 306.520 278.437 268.626 266.275 251.404 234.834 222.907 187.163 166.743 197.954 241.132 290.298 312.323 322.028 334.355 302.710 282.180 267.616 229.227 201.530 178.413 171.956 164.643 126.019
-999.250 -999.250 -999.250 -999.250 -999.250 -999.250 -999.250 -999.250 -999.250 -999.250 -999.250 -999.250 -999.250 -999.250 -999.250 -999.250 -999.250 -999.250 -999.250 -999.250 -999.250 -999.250 287.059 310.537 332.760 359.874 381.388 414.362 444.059 461.429 486.501 497.471 476.239 461.994 457.809 417.239 401.530 357.090 326.536 308.454 274.843 246.647 241.131 238.190 217.529 197.286 176.525 167.641 162.430 175.789 190.891 229.647 254.077 261.462 277.058 257.172 245.102 225.216 209.077 186.720 177.514 164.100 147.433 118.041
-999.250 -999.250 -999.250 -999.250 -999.250 -999.250 -999.250 -999.250 -999.250 -999.250 -999.250 -999.250 -999.250 -999.250 -999.250 -999.250 -999.250 -999.250 -999.250 -999.250 -999.250 -999.250 256.878 300.856 325.868 356.560 388.416 419.787 452.433 478.942 518.860 506.397 481.467 463.746 448.357 426.156 427.849 383.517 368.216 290.594 273.500 266.375 232.633 225.452 195.557 181.246 164.617 151.997 151.454 157.906 169.099 186.938 192.327 205.357 210.139 217.608 212.353 204.921 179.034 178.081 153.639 143.985 121.255 111.126
-999.250 -999.250 -999.250 -999.250 -999.250 -999.250 -999.250 -999.250 -999.250 -999.250 -999.250 -999.250 -999.250 -999.250 -999.250 -999.250 -999.250 -999.250 -999.250 -999.250 -999.250 232.429 249.629 282.136 309.027 331.363 369.691 425.612 449.122 483.593 512.505 502.213 483.926 465.871 452.189 445.721 425.393 383.880 356.811 301.804 280.724 250.890 224.978 217.104 193.519 172.953 158.542 143.731 143.236 140.426 144.226 156.610 156.837 166.466 170.182 175.735 186.356 183.830 173.311 157.313 149.339 140.353 113.325 107.560
-999.250 -999.250 -999.250 -999.250 -999.250 -999.250 -999.250 -999.250 -999.250 -999.250 -999.250 -999.250 -999.250 -999.250 -999.250 -999.250 -999.250 -999.250 -999.250 -999.250 -999.250 228.188 252.086 265.344 288.611 302.732 365.720 402.183 430.380 458.306 489.648 474.445 475.225 462.999 436.419 435.784 424.271 391.818 337.618 323.929 292.917 245.548 227.876 206.847 201.400 171.658 154.875 129.714 120.044 117.282 117.746 116.639 112.877 125.660 143.079 153.834 157.894 167.529 163.452 153.062 131.681 110.583 109.708 94.985
-999.250 -999.250 -999.250 -999.250 -999.250 -999.250 -999.250 -999.250 -999.250 -999.250 -999.250 -999.250 -999.250 -999.250 -999.250 -999.250 -999.250 -999.250 -999.250 -999.250 -999.250 213.037 230.774 253.381 289.787 311.324 340.426 387.488 424.296 444.109 471.993 500.939 462.361 438.809 427.671 417.984 405.380 383.516 369.258 321.334 289.034 254.182 234.747 208.362 199.060 175.945 155.340 135.686 116.422 96.761 102.853 89.277 86.558 92.465 109.260 121.139 137.516 147.897 139.737 137.880 120.801 114.582 109.025 103.966
-999.250 -999.250 -999.250 -999.250 -999.250 -999.250 -999.250 -999.250 -999.250 -999.250 -999.250 -999.250 -999.250 -999.250 -999.250 -999.250 -999.250 -999.250 -999.250 -999.250 193.880 211.418 226.514 252.706 284.067 314.062 383.209 378.757 425.879 424.036 455.154 460.224 449.449 441.252 419.623 408.723 406.095 389.858 363.921 327.857 293.119 273.360 248.587 215.442 188.810 174.607 155.698 135.729 121.327 99.359 91.313 76.054 62.822 70.824 92.041 114.167 128.865 135.510 135.714 137.521 122.094 111.376 95.192 94.928
-999.250 -999.250 -999.250 -999.250 -999.250 -999.250 -999.250 -999.250 -999.250 -999.250 -999.250 -999.250 -999.250 -999.250 -999.250 -999.250 -999.250 -999.250 -999.250 -999.250 179.277 195.784 219.930 243.768 274.150 324.594 357.927 378.944 406.152 430.359 442.332 430.894 446.019 441.988 424.893 410.928 412.300 390.698 353.885 308.315 293.294 271.197 244.088 210.534 183.842 171.360 163.507 153.254 128.298 111.505 96.398 72.462 70.216 73.066 83.811 100.483 121.254 126.962 135.035 145.617 124.554 108.112 93.299 93.890
-999.250 -999.250 -999.250 -999.250 -999.250 -999.250 -999.250 -999.250 -999.250 -999.250 -999.250 -999.250 -999.250 -999.250 -999.250 -999.250 -999.250 -999.250 -999.250 -999.250 174.074 186.071 207.447 247.800 278.008 311.710 341.510 387.840 396.092 403.006 414.538 424.610 432.296 433.183 426.405 425.591 403.365 374.927 356.004 316.600 272.651 259.673 243.131 213.862 187.607 183.058 163.743 150.535 137.667 126.011 104.361 77.766 79.662 77.518 98.863 108.666 124.406 152.104 157.535 154.454 132.912 111.131 97.429 90.325
-999.250 -999.250 -999.250 -999.250 -999.250 -999.250 -999.250 -999.250 -999.250 -999.250 -999.250 -999.250 -999.250 -999.250 -999.250 -999.250 -999.250 -999.250 -999.250 -999.250 156.132 172.050 210.196 222.585 264.772 297.733 348.741 384.168 413.769 422.311 400.927 418.744 428.206 401.894 429.495 433.034 408.985 377.990 322.616 310.689 283.807 273.279 248.643 235.603 199.553 181.282 177.196 170.519 157.384 135.646 118.112 95.544 89.565 89.886 94.170 115.011 134.797 149.528 162.956 180.560 145.679 113.664 92.747 85.776
-999.250 -999.250 -999.250 -999.250 -999.250 -999.250 -999.250 -999.250 -999.250 -999.250 -999.250 -999.250 -999.250 -999.250 -999.250 -999.250 -999.250 -999.250 -999.250 141.795 155.407 156.682 198.815 221.319 259.246 300.432 337.550 398.942 435.459 462.123 470.196 470.675 470.954 446.073 443.123 434.569 409.121 382.872 325.055 303.318 277.679 276.905 266.231 231.201 206.954 195.164 183.010 167.076 165.027 150.713 135.409 110.171 108.234 110.636 104.275 124.155 135.456 147.421 159.783 160.380 145.374 116.663 95.073 88.737
-999.250 -999.250 -999.250 -999.250 -999.250 -999.250 -999.250 -999.250 -999.250 -999.250 -999.250 -999.250 -999.250 -999.250 -999.250 -999.250 -999.250 -999.250 -999.250 118.230 126.879 157.259 197.065 235.051 269.302 308.778 389.654 428.045 482.850 545.962 569.678 550.304 531.657 473.267 454.155 426.384 398.324 380.445 315.971 296.803 284.387 280.089 266.350 235.644 220.063 193.932 190.659 180.592 170.277 165.256 150.211 135.419 123.251 119.009 125.025 129.156 141.302 144.387 151.554 150.559 127.848 107.959 87.940 80.456
-999.250 -999.250 -999.250 -999.250 -999.250 -999.250 -999.250 -999.250 -999.250 -999.250 -999.250 -999.250 -999.250 -999.250 -999.250 -999.250 -999.250 -999.250 -999.250 115.852 112.954 142.255 182.647 229.931 283.020 317.833 388.612 461.162 545.901 597.430 678.840 603.081 555.472 496.352 456.288 411.601 391.967 377.360 339.768 315.133 299.024 285.168 269.447 249.481 227.059 227.960 200.793 195.244 179.149 169.731 167.621 149.018 137.217 133.617 132.315 143.723 147.603 153.702 149.599 139.521 129.364 111.347 88.031 72.380
-999.250 -999.250 -999.250 -999.250 -999.250 -999.250 -999.250 -999.250 -999.250 -999.250 -999.250 -999.250 -999.250 -999.250 -999.250 -999.250 -999.250 -999.250 -999.250 111.492 117.421 142.151 171.142 227.726 269.734 324.068 402.469 470.270 546.659 592.892 617.607 602.437 564.906 501.819 451.666 428.142 402.861 362.268 360.869 300.959 294.684 279.952 274.289 280.726 254.533 230.185 224.089 208.147 201.371 186.532 177.765 165.984 159.887 158.857 158.505 153.913 155.847 157.024 145.090 144.225 140.428 120.548 94.487 82.185
-999.250 -999.250 -999.250 -999.250 -999.250 -999.250 -999.250 -999.250 -999.250 -999.250 -999.250 -999.250 -999.250 -999.250 -999.250 -999.250 -999.250 -999.250 -999.250 123.756 144.745 155.179 170.205 203.054 257.167 320.681 403.360 465.528 536.011 596.475 584.784 575.477 545.146 499.944 448.861 416.205 399.292 366.037 326.270 315.014 299.810 299.482 290.531 277.797 251.991 240.863 219.733 210.301 204.894 191.909 180.265 171.930 175.036 165.351 174.832 168.496 166.819 159.653 160.056 157.367 156.187 136.857 133.344 116.683
-999.250 -999.250 -999.250 -999.250 -999.250 -999.250 -999.250 -999.250 -999.250 -999.250 -999.250 -999.250 -999.250 -999.250 -999.250 -999.250 -999.250 -999.250 151.913 148.164 155.948 161.726 170.248 188.591 254.859 317.002 413.309 479.856 528.094 559.494 557.767 561.042 531.983 472.650 438.114 406.256 385.913 353.940 324.011 306.947 305.580 310.745 297.319 278.999 262.729 237.929 231.541 205.103 206.445 200.440 189.599 177.258 181.474 171.904 172.719 174.744 173.093 176.306 182.601 179.469 174.992 190.489 198.953 208.535
-999.250 -999.250 -999.250 -999.250 -999.250 -999.250 -999.250 -999.250 -999.250 -999.250 -999.250 -999.250 -999.250 -999.250 -999.250 -999.250 -999.250 177.361 166.329 165.244 170.317 180.707 196.176 222.815 268.557 313.875 406.050 457.111 530.964 550.824 560.350 527.723 516.671 471.719 428.582 397.055 364.178 329.877 316.336 309.918 313.695 305.570 289.893 271.957 248.321 238.731 232.064 214.230 207.391 196.146 189.227 185.647 186.645 183.974 178.925 193.565 194.370 201.164 218.226 213.847 228.681 251.822 285.943 319.237
