data/medianmodel_29-Mar-2020.asc
ncols	141
nrows	288
xllcorner	-120191.398
yllcorner	-301404.813
cellsize	2000.000
NODATA_value	-999.250
[rows 155 to 185 of 288, columns 0 to 68 of 141]
-999.250 -999.250 -999.250 -999.250 -999.250 -999.250 -999.250 7.075 7.844 7.225 8.041 9.487 9.139 9.480 9.622 8.912 7.471 7.340 7.463 6.450 5.884 7.293 8.570 9.846 11.957 14.721 18.280 23.624 29.265 31.123 29.757 30.722 34.460 32.208 33.232 36.073 39.782 36.676 31.135 27.134 24.594 23.544 18.479 12.507 8.272 5.873 3.010 4.160 2.671 5.224 6.126 3.389 7.025 7.763 9.791 9.306 9.161 9.436 8.470 7.800 9.157 9.053 10.396 9.188 8.170 7.419 9.203 7.761 9.717
-999.250 -999.250 -999.250 -999.250 -999.250 -999.250 -999.250 8.626 6.152 6.461 7.159 9.201 9.106 10.552 9.614 9.204 7.510 8.002 5.895 6.685 6.210 7.518 9.025 10.210 14.139 15.489 20.663 23.002 29.307 30.817 32.664 32.370 32.575 39.399 42.159 42.203 35.257 39.712 36.121 36.394 32.850 25.410 21.180 16.293 11.913 7.768 5.346 5.643 7.411 7.374 6.978 5.897 6.150 7.747 7.645 10.082 8.212 9.269 8.386 9.465 9.042 8.666 9.659 10.263 6.619 7.593 7.793 7.373 9.907
-999.250 -999.250 -999.250 -999.250 -999.250 -999.250 -999.250 5.385 3.656 3.948 4.410 7.296 9.130 9.515 8.542 6.526 8.265 7.309 7.578 6.679 5.765 8.920 8.928 10.855 13.801 17.412 18.746 26.081 30.038 30.111 32.945 34.512 33.945 42.378 38.161 43.140 40.350 39.136 40.700 38.663 35.478 32.478 24.344 20.879 16.905 11.277 11.016 11.518 8.069 7.848 7.232 7.513 6.996 8.339 7.214 6.938 8.907 9.619 10.292 9.968 8.694 9.052 8.969 7.011 5.791 4.212 7.105 8.033 9.189
-999.250 -999.250 -999.250 -999.250 -999.250 -999.250 -999.250 5.236 6.438 4.283 4.315 4.956 8.723 6.850 9.304 8.375 7.289 7.912 4.058 6.387 4.781 7.810 7.349 9.996 12.689 15.151 19.723 27.266 29.980 33.395 35.340 36.994 40.070 39.560 46.200 45.834 44.699 40.207 38.971 36.817 36.077 31.445 28.421 25.083 22.820 13.808 14.541 12.907 11.483 8.986 7.625 6.518 6.446 7.026 7.444 7.960 9.182 9.716 9.223 9.250 8.246 8.210 8.021 6.436 5.133 2.705 6.013 7.337 7.343
-999.250 -999.250 -999.250 -999.250 -999.250 -999.250 -999.250 -999.250 2.891 0.655 2.072 1.947 5.246 7.912 6.740 9.240 8.244 5.394 7.510 4.288 6.619 8.348 7.989 9.492 11.825 15.661 16.735 23.275 27.819 30.152 31.439 38.723 45.894 43.288 46.194 45.769 46.765 43.206 35.862 36.739 35.674 38.364 34.014 30.384 21.505 20.579 17.359 17.382 12.121 11.386 9.854 8.276 7.386 9.415 9.656 9.921 10.100 10.928 9.188 9.346 8.904 7.395 6.392 3.392 2.449 0.451 3.763 5.599 7.519
-999.250 -999.250 -999.250 -999.250 -999.250 -999.250 -999.250 -999.250 1.944 0.000 1.077 3.977 5.072 6.820 8.239 7.963 6.979 7.228 6.928 6.354 4.011 5.494 7.167 9.765 12.059 15.158 17.860 23.860 26.304 29.511 30.095 37.423 38.747 42.922 46.635 47.302 47.960 43.979 39.967 38.142 39.642 42.499 34.515 27.821 28.841 22.410 21.359 17.209 12.771 12.234 11.916 9.223 8.525 10.855 9.447 11.919 12.151 10.066 9.502 10.334 9.041 7.318 3.941 4.933 2.488 0.000 4.363 5.098 8.125
-999.250 -999.250 -999.250 -999.250 -999.250 -999.250 -999.250 5.974 5.210 1.897 2.897 4.034 5.970 6.074 8.586 7.412 7.613 5.418 4.378 3.487 2.145 3.836 6.861 7.517 11.967 12.462 16.389 20.775 24.026 30.046 31.093 33.773 36.444 42.647 47.933 49.728 52.246 45.453 41.576 43.910 38.323 37.038 36.321 30.323 29.633 27.201 18.228 17.146 14.457 14.581 12.616 10.015 7.085 13.064 12.365 11.423 10.837 9.465 8.763 9.715 8.224 7.610 6.547 4.797 6.523 4.763 5.981 7.712 7.873
-999.250 -999.250 -999.250 -999.250 -999.250 -999.250 -999.250 10.023 8.594 5.229 5.254 7.998 8.428 7.359 6.874 6.450 4.023 5.009 3.424 0.507 0.000 0.811 4.884 7.194 10.796 12.801 15.669 22.269 28.777 28.277 33.858 36.259 36.653 45.398 45.960 48.982 44.298 41.115 36.508 34.263 35.762 36.202 30.893 32.234 26.650 27.328 24.520 18.507 14.456 13.437 10.765 9.267 11.352 9.940 12.891 10.264 10.104 10.381 8.709 8.362 8.848 7.506 7.021 7.431 6.264 6.577 6.548 7.818 8.866
-999.250 -999.250 -999.250 -999.250 -999.250 -999.250 -999.250 10.861 8.482 9.030 8.647 7.521 6.531 8.338 5.845 5.212 5.644 2.666 1.682 1.842 1.883 3.799 5.913 8.023 10.544 11.744 14.186 17.515 28.630 32.327 32.888 37.101 34.760 40.588 38.814 36.884 38.634 38.229 31.048 30.422 33.547 34.999 29.388 31.103 25.626 23.721 23.736 19.574 15.239 12.216 12.038 12.077 13.322 12.045 10.866 11.876 9.191 9.301 9.826 9.218 10.062 7.616 6.195 7.071 7.978 7.401 7.931 10.134 6.909
-999.250 -999.250 -999.250 -999.250 -999.250 -999.250 -999.250 11.865 12.598 11.460 9.964 9.230 7.918 7.185 4.891 4.161 6.229 5.719 2.243 5.639 3.701 4.652 8.362 8.976 10.655 13.279 13.683 19.631 24.240 29.830 32.718 37.137 37.312 38.707 36.467 35.155 37.602 33.264 31.376 31.704 30.561 29.085 31.581 28.667 25.443 21.372 21.908 23.001 16.194 13.863 11.598 14.095 11.868 11.591 11.562 11.307 9.831 9.844 9.829 8.622 9.271 9.504 6.786 5.663 7.482 8.922 8.719 8.592 8.813
-999.250 -999.250 -999.250 -999.250 -999.250 -999.250 15.524 13.096 12.042 12.094 11.026 9.505 7.991 8.705 5.719 7.739 8.191 7.322 5.368 5.849 6.310 8.116 8.715 10.865 11.432 11.790 11.578 17.670 28.102 29.986 32.619 41.941 38.147 36.830 39.284 33.031 30.889 31.679 27.550 26.701 28.256 28.412 28.501 26.565 23.100 20.244 18.533 22.184 20.672 17.099 14.269 13.356 13.406 12.435 10.423 10.312 9.846 10.105 9.725 9.719 9.044 7.556 6.969 7.133 6.348 10.117 9.397 9.368 8.173
-999.250 -999.250 -999.250 -999.250 -999.250 -999.250 15.340 13.026 12.597 14.106 14.096 10.425 7.366 8.234 5.687 6.673 7.864 7.542 7.067 8.411 8.149 7.508 8.940 10.503 11.168 11.210 12.824 13.879 22.510 26.561 30.511 35.456 37.623 35.109 28.890 28.956 26.783 27.107 29.464 24.588 24.023 26.130 25.685 23.745 23.590 21.465 19.839 18.587 24.467 21.816 19.013 15.074 13.844 13.342 11.540 11.025 9.509 10.599 8.401 5.691 7.284 8.768 8.123 6.646 6.952 8.111 9.277 9.015 7.468
-999.250 -999.250 -999.250 -999.250 -999.250 15.262 17.083 17.765 14.461 14.070 15.550 12.316 11.642 9.037 8.376 6.868 5.472 5.632 6.925 8.383 7.992 7.799 9.986 9.144 12.689 10.007 12.804 13.207 18.780 24.338 26.179 29.256 32.386 33.031 27.560 28.920 25.158 27.990 27.941 27.640 20.601 24.868 25.091 23.952 21.243 20.732 18.762 16.853 21.053 19.470 18.974 16.706 16.658 14.091 12.474 11.261 9.190 9.400 9.034 6.953 6.354 9.016 6.929 8.599 8.611 7.723 9.007 8.286 8.013
-999.250 -999.250 -999.250 -999.250 -999.250 17.845 17.355 18.616 18.228 16.354 16.032 12.734 11.501 8.547 7.813 6.838 7.603 7.749 6.338 7.465 7.884 9.752 10.381 13.104 12.146 13.215 12.164 13.551 14.614 20.036 23.216 26.775 26.639 26.646 25.203 20.108 18.624 22.487 22.883 26.061 23.064 24.870 22.533 22.627 22.914 17.982 16.389 19.070 16.162 17.347 21.054 17.117 14.643 13.042 11.656 11.972 9.549 8.649 8.152 6.255 7.039 7.559 9.133 9.729 9.420 7.489 8.500 8.851 5.480
-999.250 -999.250 -999.250 -999.250 20.400 17.779 19.307 22.557 17.494 16.767 15.167 13.417 12.605 10.319 8.601 8.239 5.342 5.989 6.620 7.276 7.807 10.031 9.251 12.224 12.851 13.195 12.943 12.822 15.036 17.026 17.496 21.501 19.774 18.075 17.909 17.142 15.766 13.243 16.334 20.307 22.991 18.611 22.339 21.206 22.141 16.564 18.163 15.076 15.721 20.372 17.068 16.162 17.106 12.898 11.053 10.018 9.436 9.256 7.484 9.119 7.765 7.774 6.942 8.437 7.356 7.439 7.742 5.494 3.618
-999.250 -999.250 -999.250 -999.250 20.331 20.396 20.920 22.545 18.861 16.675 15.572 14.785 11.257 9.103 7.766 7.281 7.429 5.654 6.196 8.137 9.564 10.252 11.350 10.481 11.717 11.900 14.368 14.612 15.800 18.058 18.193 20.063 14.777 14.561 14.314 12.349 10.714 11.788 14.828 18.059 21.709 20.098 22.187 20.294 23.000 19.309 19.892 17.885 13.544 18.762 14.107 14.218 17.339 13.115 10.066 11.868 11.857 8.662 9.158 7.990 6.460 4.712 6.943 7.993 9.418 8.140 8.644 6.416 6.101
-999.250 -999.250 -999.250 -999.250 25.273 23.927 20.372 22.887 21.015 18.495 17.652 14.961 12.387 9.787 8.188 3.685 3.430 4.786 6.040 5.334 7.610 7.789 11.907 12.334 12.870 13.903 15.600 14.838 16.206 15.276 15.261 15.589 14.629 14.135 10.156 9.505 8.868 9.414 11.561 16.524 17.464 21.162 19.629 21.401 20.679 18.399 16.770 19.664 16.645 16.800 17.095 14.706 12.860 12.439 13.624 9.103 9.167 8.014 8.265 8.551 6.518 6.981 6.741 8.360 9.039 7.771 7.338 7.914 7.206
-999.250 -999.250 -999.250 -999.250 28.817 27.267 24.324 23.450 17.599 18.509 17.667 12.810 10.446 8.793 7.658 3.548 1.292 2.308 2.133 4.181 6.273 8.032 9.153 11.730 14.886 13.995 14.530 17.290 14.983 16.131 18.592 18.083 15.736 11.497 8.388 4.696 8.489 9.801 12.169 14.985 16.442 19.163 22.797 17.883 17.292 22.579 21.272 21.266 17.780 16.782 15.611 17.316 13.014 10.319 10.090 10.689 8.987 6.242 6.580 8.064 8.166 8.017 6.072 6.775 9.054 8.654 7.592 7.877 4.967
-999.250 -999.250 -999.250 -999.250 29.248 29.586 28.332 23.583 23.296 19.147 16.043 12.999 11.409 9.823 7.004 2.317 0.000 0.000 0.000 1.772 5.930 8.758 10.838 12.865 14.830 13.391 13.826 14.855 15.601 16.733 18.567 17.167 14.037 11.464 9.249 8.062 10.621 11.028 12.068 17.345 17.240 19.849 21.417 19.694 18.890 19.621 21.484 23.225 20.203 18.390 21.500 13.593 12.072 10.635 10.148 10.065 8.101 6.648 5.963 6.776 8.141 6.512 5.368 6.600 8.920 9.216 9.387 6.364 6.622
-999.250 -999.250 -999.250 -999.250 30.660 32.529 31.433 28.624 23.495 23.299 16.769 15.014 11.136 9.879 4.681 2.200 0.000 0.000 0.000 0.000 5.842 8.903 9.306 12.823 12.917 14.227 17.646 16.089 18.359 20.047 21.116 15.944 14.908 14.450 12.434 13.103 12.015 12.506 16.309 21.155 24.009 24.925 26.361 23.864 23.880 19.325 23.568 22.532 20.215 19.217 15.444 14.296 11.277 11.591 11.433 9.894 5.162 4.067 3.805 6.823 7.636 7.554 7.691 7.994 9.033 10.222 8.021 8.503 7.854
-999.250 -999.250 -999.250 -999.250 29.723 31.461 32.111 31.034 28.634 22.952 24.280 16.818 12.656 10.055 5.773 1.834 3.209 0.000 0.279 1.844 4.756 8.737 11.829 12.989 15.530 19.444 22.720 21.597 22.357 25.497 21.901 22.090 21.421 18.370 15.980 14.699 16.305 14.241 17.120 17.281 23.985 22.117 23.551 27.238 25.494 26.679 22.929 25.115 22.040 16.658 16.392 12.969 12.911 14.034 11.899 8.103 2.414 1.571 1.437 3.913 5.506 6.193 6.939 8.090 8.667 8.411 6.347 8.346 7.294
-999.250 -999.250 -999.250 -999.250 30.146 31.851 31.692 34.192 32.926 27.565 23.539 20.196 14.392 10.464 8.103 4.220 5.643 4.800 3.739 6.060 8.244 11.621 12.701 13.489 17.987 22.524 24.335 24.487 25.184 26.462 23.897 28.745 26.512 22.253 22.155 19.447 22.708 18.914 22.814 21.077 23.779 23.336 25.543 28.619 24.431 26.242 22.319 23.698 23.602 18.296 14.330 13.776 13.033 12.490 9.173 4.446 3.492 0.000 1.447 2.813 5.897 6.258 5.140 5.965 6.529 7.316 8.697 7.823 8.059
-999.250 -999.250 -999.250 -999.250 34.761 33.029 31.556 34.201 30.595 29.471 27.211 20.654 17.817 14.423 10.784 9.848 9.343 8.558 8.508 9.277 11.642 13.158 15.137 16.581 20.153 22.426 23.109 27.586 29.662 29.468 29.875 29.519 26.567 28.951 23.869 25.740 23.866 18.093 22.516 25.764 26.499 23.954 25.033 28.268 28.037 24.691 27.280 27.406 24.560 17.583 17.411 16.168 15.170 9.928 8.778 6.962 5.527 3.473 4.766 4.610 6.240 4.693 5.514 4.986 8.136 6.621 9.045 5.866 6.935
-999.250 -999.250 -999.250 -999.250 33.216 32.151 36.086 35.584 30.653 28.877 28.497 24.883 21.959 17.858 14.326 12.258 11.950 11.522 13.413 14.146 11.619 17.589 16.123 22.071 23.274 26.804 26.239 29.453 29.483 28.100 34.786 30.792 28.553 29.552 24.595 29.471 28.879 23.770 24.975 27.228 28.863 25.397 26.132 27.076 25.791 24.666 26.019 24.839 24.149 18.803 20.613 19.135 15.154 11.113 8.372 6.904 6.184 5.571 6.043 5.278 5.764 6.261 5.818 4.791 4.584 6.051 5.503 5.118 6.471
-999.250 -999.250 -999.250 33.840 34.160 32.488 35.616 34.342 30.660 31.988 28.618 23.133 25.889 18.773 18.589 16.638 15.554 16.872 14.905 15.897 18.315 18.277 17.383 22.320 25.467 24.193 26.767 27.988 28.837 33.212 35.903 33.079 33.817 31.420 28.760 31.104 28.114 28.825 27.719 27.647 27.578 26.683 25.192 23.229 26.010 27.210 27.587 21.311 17.403 17.777 19.866 18.491 14.838 10.507 10.619 7.804 6.525 8.370 6.730 7.376 7.940 5.923 5.271 6.196 5.693 5.409 6.745 6.990 5.788
-999.250 -999.250 -999.250 32.190 35.347 33.241 40.514 35.864 31.169 28.369 29.220 27.957 27.991 24.967 20.461 19.774 16.539 16.541 19.047 19.168 21.015 20.301 17.766 24.242 26.633 25.872 28.594 29.877 34.292 33.958 38.963 40.455 36.906 32.136 29.491 27.294 29.156 30.809 25.784 27.890 24.030 26.996 24.568 25.713 23.357 24.104 24.727 19.744 16.513 20.747 17.410 17.149 11.084 11.898 10.235 9.680 9.788 8.249 8.268 8.838 8.660 5.894 4.793 3.722 4.700 3.563 5.512 6.045 6.694
-999.250 -999.250 -999.250 34.757 33.057 37.421 38.361 31.506 33.614 31.178 27.653 30.559 29.694 24.539 26.849 24.534 25.748 23.379 24.470 21.807 21.496 24.206 26.983 27.297 26.880 26.978 28.042 28.598 34.737 38.592 37.626 38.511 35.425 31.250 29.514 30.563 32.595 29.235 26.586 25.444 22.758 28.057 27.693 28.714 25.033 25.567 21.159 22.850 18.808 18.233 14.509 15.512 13.152 11.798 10.328 11.920 9.647 8.356 10.193 7.722 7.931 5.364 4.783 4.632 6.172 5.308 5.933 6.472 6.240
-999.250 -999.250 35.201 33.087 36.832 33.567 36.351 34.737 33.311 35.883 32.958 33.957 33.067 28.783 27.659 25.796 28.918 26.068 26.457 24.520 26.931 24.392 28.438 29.508 26.322 24.284 27.455 30.832 35.800 40.313 39.385 36.871 29.608 29.650 29.414 31.348 30.459 27.372 26.520 24.382 26.258 27.301 26.131 27.719 27.080 25.324 21.696 21.777 17.660 20.377 15.863 17.687 14.901 15.797 12.628 11.551 9.684 9.022 8.294 9.233 8.486 8.842 3.223 3.414 4.756 5.701 7.427 5.534 6.303
-999.250 -999.250 33.563 40.947 40.010 36.235 35.832 36.072 35.587 32.623 33.272 34.875 32.631 32.473 32.763 31.258 30.501 32.815 31.117 33.402 -999.250 28.952 29.495 28.568 29.155 29.788 28.247 30.715 34.855 42.481 33.792 33.874 31.831 31.772 31.443 27.844 27.742 27.811 26.568 27.340 23.845 22.006 22.898 24.429 24.078 20.728 19.542 18.148 16.896 16.455 15.182 17.032 14.253 15.989 13.415 11.898 9.620 8.681 8.451 8.290 10.444 7.715 5.726 4.450 5.415 5.382 5.351 7.485 6.319
-999.250 35.053 39.254 38.207 40.371 40.632 39.542 38.416 37.412 36.268 31.954 35.393 32.862 31.544 29.806 34.059 36.034 34.589 35.944 -999.250 -999.250 29.026 29.576 27.749 29.294 33.147 31.983 33.890 37.879 35.960 32.312 32.138 31.233 30.295 30.238 26.971 23.866 25.990 26.010 25.803 26.913 23.256 21.419 19.682 17.794 15.346 16.526 17.454 16.049 17.701 15.171 17.669 13.034 13.577 10.910 11.476 9.714 8.560 8.687 7.312 7.093 8.290 7.142 5.457 4.322 6.673 7.097 8.513 5.831
-999.250 33.431 38.475 35.828 38.550 38.016 42.899 38.995 38.548 40.500 36.226 32.896 32.828 32.709 39.561 39.843 40.756 41.251 -999.250 -999.250 -999.250 -999.250 28.071 25.041 29.456 36.888 33.059 36.675 34.089 32.336 35.387 30.811 28.374 29.087 28.970 25.625 25.678 22.458 20.593 21.491 22.259 17.230 20.180 17.148 16.501 13.482 12.998 11.756 12.220 14.129 14.023 13.870 16.582 13.660 12.992 11.799 11.611 11.823 8.387 8.505 8.627 6.886 4.977 6.134 6.745 3.521 5.383 6.243 3.172
