data/medianmodel_19-Feb-2021.asc
ncols	141
nrows	288
xllcorner	-120191.398
yllcorner	-301404.813
cellsize	2000.000
NODATA_value	-999.250
[rows 87 to 115 of 288, columns 65 to 129 of 141]
238.969 242.937 242.123 229.885 223.663 226.011 218.037 206.338 200.546 189.680 179.089 173.880 179.096 173.073 173.642 177.668 189.495 208.593 229.090 259.736 276.764 287.002 289.224 293.733 274.945 264.859 252.596 252.768 255.581 254.890 251.546 247.334 244.898 254.209 257.763 254.887 260.924 260.457 268.322 266.554 277.826 287.587 307.041 322.017 341.015 350.844 359.001 373.199 384.242 -999.250 -999.250 -999.250 -999.250 -999.250 -999.250 -999.250 -999.250 -999.250 -999.250 -999.250 -999.250 -999.250 -999.250 -999.250 -999.250
226.767 231.350 212.616 215.462 214.766 211.979 194.371 193.717 187.177 173.468 171.994 177.152 181.893 190.183 191.722 209.120 243.404 270.882 307.444 349.831 370.607 390.986 410.850 409.176 377.702 366.211 322.002 302.555 298.429 289.819 277.252 266.791 256.614 256.318 261.230 261.691 268.917 267.704 269.601 267.864 274.614 287.124 304.453 323.275 348.942 363.867 386.064 381.127 372.946 392.903 407.276 -999.250 -999.250 -999.250 -999.250 -999.250 -999.250 -999.250 -999.250 -999.250 -999.250 -999.250 -999.250 -999.250 -999.250
226.460 233.290 217.392 205.634 205.409 198.141 192.693 172.570 174.916 163.506 168.888 175.087 185.707 206.292 233.172 261.403 290.924 353.204 402.887 451.063 488.002 509.204 508.455 508.360 479.773 446.087 409.711 363.154 336.333 307.233 302.818 282.605 279.683 274.931 268.847 279.021 275.545 281.984 280.824 292.022 283.255 293.935 309.526 327.933 333.223 368.497 364.042 380.133 376.161 380.102 415.668 -999.250 -999.250 -999.250 -999.250 -999.250 -999.250 -999.250 -999.250 -999.250 -999.250 -999.250 -999.250 -999.250 -999.250
251.450 237.435 229.337 215.397 196.931 187.197 179.949 163.428 166.706 162.152 166.427 184.665 213.679 235.717 266.315 303.170 356.823 435.941 503.187 532.097 568.378 590.298 599.519 568.716 533.495 500.841 470.877 406.064 369.730 340.159 325.354 296.615 291.117 287.637 286.386 277.087 272.676 281.711 283.455 288.628 296.276 306.857 318.388 298.352 326.911 338.811 363.499 348.407 351.561 366.490 376.374 -999.250 -999.250 -999.250 -999.250 -999.250 -999.250 -999.250 -999.250 -999.250 -999.250 -999.250 -999.250 -999.250 -999.250
260.046 246.093 234.478 210.228 199.318 177.156 168.267 157.289 153.934 162.081 165.478 186.015 220.381 255.718 329.883 372.456 440.677 532.291 562.269 602.111 689.640 747.557 779.450 720.215 633.114 556.106 510.000 434.277 412.286 376.296 350.448 326.570 304.314 304.313 293.610 290.791 290.790 283.571 278.041 282.265 295.457 299.065 308.856 307.306 317.317 327.882 349.138 341.195 347.597 347.150 -999.250 -999.250 -999.250 -999.250 -999.250 -999.250 -999.250 -999.250 -999.250 -999.250 -999.250 -999.250 -999.250 -999.250 -999.250
258.287 257.935 247.344 220.429 201.190 177.040 158.871 152.314 154.934 161.657 174.350 199.490 245.742 281.872 356.170 438.878 508.442 567.300 787.953 865.798 938.864 1030.404 989.886 910.561 737.392 660.930 555.178 484.406 465.054 407.598 365.720 349.558 317.639 310.710 314.067 293.373 293.734 284.479 278.482 287.131 286.935 294.587 305.850 306.370 315.550 320.089 336.815 336.589 318.246 357.426 -999.250 -999.250 -999.250 -999.250 -999.250 -999.250 -999.250 -999.250 -999.250 -999.250 -999.250 -999.250 -999.250 -999.250 -999.250
276.132 276.660 262.557 235.483 207.944 185.385 160.579 146.699 154.194 161.742 170.743 201.861 244.994 297.070 386.615 492.898 575.975 783.866 925.975 1262.446 1364.892 1407.291 1160.876 963.430 852.317 679.413 588.507 511.455 469.116 424.319 392.242 353.982 331.367 337.428 318.601 285.966 284.385 279.373 293.061 281.752 285.168 285.155 287.852 318.619 314.958 313.101 307.652 317.701 314.210 -999.250 -999.250 -999.250 -999.250 -999.250 -999.250 -999.250 -999.250 -999.250 -999.250 -999.250 -999.250 -999.250 -999.250 -999.250 -999.250
296.361 284.017 280.444 246.954 221.021 187.270 170.485 153.443 156.295 160.542 172.563 210.517 246.898 300.549 405.753 521.400 672.046 923.174 1140.470 1657.884 1785.040 1821.522 1595.491 1235.750 930.484 790.901 655.091 538.038 475.757 430.923 418.809 369.399 321.967 335.291 322.332 301.674 296.768 294.443 282.820 284.536 279.394 293.370 287.851 291.769 297.561 304.428 299.016 302.259 297.797 -999.250 -999.250 -999.250 -999.250 -999.250 -999.250 -999.250 -999.250 -999.250 -999.250 -999.250 -999.250 -999.250 -999.250 -999.250 -999.250
307.194 292.105 279.139 258.685 225.694 192.542 171.097 156.816 146.159 161.235 172.809 205.843 245.467 300.762 426.677 541.742 675.280 999.412 1338.053 1789.077 1962.089 1934.753 1754.711 1423.210 1025.892 843.914 624.338 548.100 492.449 443.078 395.251 370.272 332.198 318.922 317.802 303.543 308.813 288.460 288.684 279.223 272.675 289.300 295.323 292.974 308.241 317.866 301.623 306.217 300.796 -999.250 -999.250 -999.250 -999.250 -999.250 -999.250 -999.250 -999.250 -999.250 -999.250 -999.250 -999.250 -999.250 -999.250 -999.250 -999.250
324.234 304.104 277.879 259.275 240.833 199.767 172.781 166.919 150.807 169.595 187.262 216.585 265.546 314.081 386.795 539.326 721.538 1039.465 1295.932 1835.542 1904.054 1870.694 1786.109 1321.779 1047.918 829.713 621.348 530.045 465.079 409.208 369.627 362.251 338.139 307.992 301.283 302.130 292.718 298.419 287.322 279.661 288.620 291.126 282.221 292.563 297.662 298.676 301.008 303.914 289.829 295.059 -999.250 -999.250 -999.250 -999.250 -999.250 -999.250 -999.250 -999.250 -999.250 -999.250 -999.250 -999.250 -999.250 -999.250 -999.250
338.232 318.179 296.012 264.673 229.690 199.085 175.596 159.865 162.845 183.701 205.078 245.639 278.906 346.347 452.685 559.628 895.607 988.522 1251.222 1498.721 1750.369 1716.925 1479.131 1414.256 1085.783 726.069 591.613 510.719 414.707 387.317 353.306 320.505 312.117 306.074 293.402 294.721 293.644 286.784 289.580 277.396 287.715 278.669 282.543 291.150 307.111 302.254 299.656 291.208 297.714 290.710 302.751 -999.250 -999.250 -999.250 -999.250 -999.250 -999.250 -999.250 -999.250 -999.250 -999.250 -999.250 -999.250 -999.250 -999.250
353.184 324.510 298.664 267.541 244.321 201.141 171.919 160.981 170.593 207.428 236.814 266.048 301.781 377.711 482.634 558.538 794.263 955.075 1127.653 1515.893 1547.505 1573.312 1329.544 1093.648 847.525 652.923 542.362 468.828 359.487 338.007 324.834 309.033 314.187 305.368 296.113 299.477 303.271 295.094 281.402 283.669 287.634 288.218 284.229 283.716 292.756 298.397 296.363 293.808 289.675 286.033 298.063 303.384 -999.250 -999.250 -999.250 -999.250 -999.250 -999.250 -999.250 -999.250 -999.250 -999.250 -999.250 -999.250 -999.250
348.096 320.012 301.358 267.793 245.266 199.381 169.083 155.820 182.511 217.891 253.172 286.728 345.511 422.455 516.883 600.380 673.942 892.942 1055.445 1108.896 1059.179 1089.014 1078.097 866.481 736.482 574.660 509.416 453.564 371.055 322.132 307.214 330.321 302.577 309.448 307.982 307.298 306.657 298.602 288.158 273.973 280.714 294.845 299.632 298.116 295.473 295.764 298.591 299.645 293.505 290.738 300.202 -999.250 -999.250 -999.250 -999.250 -999.250 -999.250 -999.250 -999.250 -999.250 -999.250 -999.250 -999.250 -999.250 -999.250
332.341 317.328 302.941 271.635 252.748 226.398 193.437 185.310 200.381 228.633 271.069 299.522 350.632 449.960 510.180 545.672 636.436 849.242 928.113 975.598 846.615 892.398 856.286 727.263 564.169 550.876 487.331 420.850 364.960 330.229 315.928 323.432 318.251 312.068 307.536 321.773 311.127 304.073 293.243 297.178 289.260 301.795 304.552 301.293 297.362 300.308 299.695 300.126 298.291 288.536 297.025 298.930 -999.250 -999.250 -999.250 -999.250 -999.250 -999.250 -999.250 -999.250 -999.250 -999.250 -999.250 -999.250 -999.250
306.343 285.831 284.845 276.718 254.195 242.753 215.610 219.932 230.381 249.456 280.092 314.377 362.426 431.602 475.884 509.142 592.106 633.276 729.754 664.009 698.218 640.794 611.010 565.104 508.750 494.377 427.228 393.746 340.983 326.077 311.496 335.230 332.537 319.392 316.274 316.133 320.337 324.727 325.597 310.006 312.741 313.808 303.933 321.253 318.289 303.586 316.370 307.356 291.875 298.971 -999.250 -999.250 -999.250 -999.250 -999.250 -999.250 -999.250 -999.250 -999.250 -999.250 -999.250 -999.250 -999.250 -999.250 -999.250
292.114 281.255 276.981 267.313 262.577 243.752 234.836 235.181 231.978 254.714 281.836 316.918 363.592 387.814 455.389 517.187 537.624 541.205 554.755 549.570 522.177 508.758 489.796 464.316 442.231 414.282 387.852 342.440 338.814 319.896 330.627 329.872 338.994 343.349 340.247 361.165 337.093 349.259 344.615 340.812 338.145 334.476 341.570 343.793 318.833 315.218 321.543 308.979 301.647 -999.250 -999.250 -999.250 -999.250 -999.250 -999.250 -999.250 -999.250 -999.250 -999.250 -999.250 -999.250 -999.250 -999.250 -999.250 -999.250
284.627 272.885 271.541 257.142 252.173 258.118 246.502 245.982 253.822 265.992 283.934 320.468 350.468 396.065 417.305 456.527 475.654 478.711 491.420 495.296 456.216 426.284 316.327 347.660 353.318 357.154 341.824 335.950 349.420 327.431 331.300 335.303 336.771 360.750 365.445 355.056 357.957 373.253 380.189 375.239 376.980 362.076 348.882 356.456 336.321 329.911 312.818 306.270 294.132 -999.250 -999.250 -999.250 -999.250 -999.250 -999.250 -999.250 -999.250 -999.250 -999.250 -999.250 -999.250 -999.250 -999.250 -999.250 -999.250
281.017 269.184 268.073 264.644 260.066 252.883 252.605 252.506 266.375 272.355 283.568 307.224 329.307 351.853 400.694 441.186 439.165 442.451 449.303 443.432 385.857 353.144 316.158 294.147 305.112 325.906 323.206 317.611 337.995 331.489 325.024 348.078 358.121 373.455 394.059 402.744 390.760 395.937 410.911 408.836 391.137 400.613 382.064 374.990 348.876 347.479 295.539 286.222 -999.250 -999.250 -999.250 -999.250 -999.250 -999.250 -999.250 -999.250 -999.250 -999.250 -999.250 -999.250 -999.250 -999.250 -999.250 -999.250 -999.250
285.000 270.157 260.720 265.147 259.503 259.256 260.135 264.346 272.461 277.896 295.629 313.468 346.247 355.548 364.539 387.188 402.324 391.980 421.465 371.515 351.076 323.142 306.471 306.116 308.086 300.838 291.751 296.352 301.682 323.871 337.039 350.037 372.674 378.838 412.784 420.716 424.141 444.872 431.424 433.299 410.546 409.687 384.240 386.391 -999.250 -999.250 -999.250 -999.250 -999.250 -999.250 -999.250 -999.250 -999.250 -999.250 -999.250 -999.250 -999.250 -999.250 -999.250 -999.250 -999.250 -999.250 -999.250 -999.250 -999.250
284.747 271.913 274.225 268.549 268.099 265.266 265.576 272.442 281.214 292.182 301.758 320.978 310.102 345.618 364.380 360.722 365.448 377.315 365.199 365.885 326.956 319.371 304.086 303.406 302.276 299.099 295.584 293.670 314.168 315.129 352.939 369.497 386.668 409.948 427.697 433.339 444.826 447.645 469.707 450.224 437.722 420.957 -999.250 -999.250 -999.250 -999.250 -999.250 -999.250 -999.250 -999.250 -999.250 -999.250 -999.250 -999.250 -999.250 -999.250 -999.250 -999.250 -999.250 -999.250 -999.250 -999.250 -999.250 -999.250 -999.250
273.480 266.840 265.581 267.198 272.289 270.870 273.890 284.402 288.078 280.953 296.699 312.842 305.109 324.372 341.093 339.538 331.616 343.775 348.301 359.334 312.328 318.357 315.617 295.260 298.387 291.941 293.026 304.507 315.609 331.633 358.915 374.055 384.666 409.252 441.771 446.964 472.157 484.259 489.512 475.595 483.935 449.886 -999.250 -999.250 -999.250 -999.250 -999.250 -999.250 -999.250 -999.250 -999.250 -999.250 -999.250 -999.250 -999.250 -999.250 -999.250 -999.250 -999.250 -999.250 -999.250 -999.250 -999.250 -999.250 -999.250
251.429 259.750 265.639 268.704 267.540 269.625 277.640 280.344 274.627 282.298 295.004 290.654 295.064 304.130 301.552 309.470 319.915 317.123 313.151 320.630 308.051 322.060 304.603 295.399 297.164 304.320 310.495 316.217 319.943 340.475 361.591 386.720 414.157 416.455 447.854 476.639 485.738 506.503 515.895 491.118 474.101 444.562 -999.250 -999.250 -999.250 -999.250 -999.250 -999.250 -999.250 -999.250 -999.250 -999.250 -999.250 -999.250 -999.250 -999.250 -999.250 -999.250 -999.250 -999.250 -999.250 -999.250 -999.250 -999.250 -999.250
249.417 256.101 266.650 273.088 274.156 289.174 283.567 285.293 286.806 279.807 279.395 278.771 288.706 296.338 300.090 292.298 296.506 298.785 304.828 305.216 299.293 306.070 313.584 301.992 311.109 322.666 310.755 306.815 330.985 343.448 359.768 380.208 391.253 430.011 451.490 483.022 494.813 514.669 546.793 506.647 480.447 445.263 -999.250 -999.250 -999.250 -999.250 -999.250 -999.250 -999.250 -999.250 -999.250 -999.250 -999.250 -999.250 -999.250 -999.250 -999.250 -999.250 -999.250 -999.250 -999.250 -999.250 -999.250 -999.250 -999.250
241.179 252.060 267.677 282.230 271.058 285.677 287.534 293.307 283.177 276.906 297.551 282.986 289.520 286.093 276.704 281.214 279.657 287.687 286.089 278.473 292.706 294.009 313.267 308.584 311.178 319.274 319.150 309.919 337.915 345.950 362.168 359.409 393.224 408.070 429.538 456.117 485.338 502.665 506.294 499.662 478.081 442.674 -999.250 -999.250 -999.250 -999.250 -999.250 -999.250 -999.250 -999.250 -999.250 -999.250 -999.250 -999.250 -999.250 -999.250 -999.250 -999.250 -999.250 -999.250 -999.250 -999.250 -999.250 -999.250 -999.250
256.311 261.208 277.597 280.766 284.616 300.828 299.893 303.725 293.233 278.516 281.933 272.140 264.677 276.420 273.808 265.045 269.928 280.288 277.371 273.455 271.076 281.059 281.865 288.859 294.150 305.963 306.473 307.310 321.593 349.438 355.792 351.532 364.201 370.751 414.105 420.818 455.336 467.363 461.896 469.730 445.887 417.940 -999.250 -999.250 -999.250 -999.250 -999.250 -999.250 -999.250 -999.250 -999.250 -999.250 -999.250 -999.250 -999.250 -999.250 -999.250 -999.250 -999.250 -999.250 -999.250 -999.250 -999.250 -999.250 -999.250
274.468 277.586 278.058 291.186 296.736 304.224 310.384 287.481 295.916 276.964 278.159 272.094 261.925 269.139 255.525 257.136 269.702 275.851 270.577 260.200 255.982 264.202 263.862 268.653 284.310 293.607 295.733 304.761 303.237 318.071 337.966 336.141 346.455 367.849 369.231 405.961 436.782 423.746 439.098 432.807 430.289 402.277 359.748 327.222 -999.250 -999.250 -999.250 -999.250 -999.250 -999.250 -999.250 -999.250 -999.250 -999.250 -999.250 -999.250 -999.250 -999.250 -999.250 -999.250 -999.250 -999.250 -999.250 -999.250 -999.250
300.537 299.749 279.217 287.504 303.910 322.021 310.620 284.398 286.045 273.402 272.480 250.908 252.229 249.226 259.462 264.438 255.129 260.105 259.469 241.736 242.636 239.206 236.518 265.997 268.585 270.780 282.829 289.623 288.221 307.273 311.581 323.304 330.326 346.240 334.690 381.398 403.637 401.717 383.798 386.437 380.418 362.250 353.529 324.152 300.865 297.598 -999.250 -999.250 -999.250 -999.250 -999.250 -999.250 -999.250 -999.250 -999.250 -999.250 -999.250 -999.250 -999.250 -999.250 -999.250 -999.250 -999.250 -999.250 -999.250
330.720 315.283 308.653 304.026 297.624 297.432 289.914 272.946 269.951 264.922 253.044 241.427 248.479 252.471 232.799 243.968 240.697 237.208 230.229 240.127 228.095 221.260 229.293 248.537 254.602 262.825 281.972 273.237 282.640 298.404 299.613 309.895 309.788 304.486 315.406 352.320 359.146 357.153 334.804 335.599 336.967 310.231 301.919 297.611 287.128 278.924 -999.250 -999.250 -999.250 -999.250 -999.250 -999.250 -999.250 -999.250 -999.250 -999.250 -999.250 -999.250 -999.250 -999.250 -999.250 -999.250 -999.250 -999.250 -999.250
358.497 323.294 322.051 289.142 287.896 279.667 275.723 265.555 255.752 246.096 238.601 240.824 237.075 230.908 221.036 230.212 237.986 217.184 217.351 212.495 200.516 203.646 206.896 226.318 232.698 261.024 249.454 249.727 255.583 271.136 281.893 278.215 281.964 286.664 298.836 310.428 332.529 331.248 320.818 308.732 291.359 283.419 277.736 263.807 267.345 267.875 271.625 -999.250 -999.250 -999.250 -999.250 -999.250 -999.250 -999.250 -999.250 -999.250 -999.250 -999.250 -999.250 -999.250 -999.250 -999.250 -999.250 -999.250 -999.250
