data/medianmodel_24-Oct-2020.asc
ncols	141
nrows	288
xllcorner	-120191.398
yllcorner	-301404.813
cellsize	2000.000
NODATA_value	-999.250
[rows 60 to 89 of 288, columns 66 to 131 of 141]
275.862 245.650 172.091 150.836 109.268 82.143 58.116 44.679 42.960 41.949 48.776 61.573 95.513 116.854 148.445 191.618 197.229 219.430 206.378 208.502 189.470 166.073 133.140 90.229 63.183 42.930 25.393 18.567 18.995 19.111 32.719 40.196 53.637 71.527 74.244 79.547 82.557 78.679 67.018 68.260 54.522 48.026 43.391 40.641 37.207 42.434 48.374 51.519 57.623 66.885 -999.250 -999.250 -999.250 -999.250 -999.250 -999.250 -999.250 -999.250 -999.250 -999.250 -999.250 -999.250 -999.250 -999.250 -999.250 -999.250
256.619 209.281 168.218 130.382 101.085 66.150 59.285 38.334 26.420 33.399 38.669 64.916 86.238 106.472 140.279 157.882 166.578 177.225 199.186 186.186 157.186 130.769 99.157 73.060 41.935 26.860 17.033 18.150 17.920 20.637 30.837 34.192 46.819 56.561 66.527 73.435 80.307 84.069 83.267 79.253 67.355 52.068 43.861 41.328 47.632 57.828 55.458 61.228 71.825 -999.250 -999.250 -999.250 -999.250 -999.250 -999.250 -999.250 -999.250 -999.250 -999.250 -999.250 -999.250 -999.250 -999.250 -999.250 -999.250 -999.250
283.929 224.390 166.978 126.482 99.707 74.748 46.080 29.147 12.814 23.754 38.082 54.469 72.444 96.366 106.291 119.299 144.588 141.197 162.603 165.779 139.688 117.712 83.089 61.492 35.969 15.664 2.608 1.559 6.454 18.273 18.204 27.422 40.279 52.906 64.669 70.884 74.854 79.893 90.730 72.263 71.612 66.742 50.626 54.043 -999.250 -999.250 -999.250 -999.250 -999.250 -999.250 -999.250 -999.250 -999.250 -999.250 -999.250 -999.250 -999.250 -999.250 -999.250 -999.250 -999.250 -999.250 -999.250 -999.250 -999.250 -999.250
242.578 201.879 165.583 127.425 95.585 69.560 45.720 28.853 24.956 24.601 35.980 46.353 76.611 80.391 88.245 90.550 92.440 106.443 131.410 139.434 131.458 106.813 65.453 48.660 25.872 0.000 0.000 0.000 0.000 5.488 2.480 14.817 34.577 57.828 63.590 69.557 79.386 85.735 85.781 74.461 73.410 63.713 61.164 56.399 61.555 -999.250 -999.250 -999.250 -999.250 -999.250 -999.250 -999.250 -999.250 -999.250 -999.250 -999.250 -999.250 -999.250 -999.250 -999.250 -999.250 -999.250 -999.250 -999.250 -999.250 -999.250
282.548 221.216 166.822 126.208 96.884 77.002 48.975 36.422 37.380 36.164 39.592 51.495 63.216 76.547 83.245 85.581 92.336 97.601 120.975 118.366 111.781 101.027 74.507 44.362 22.548 5.535 0.000 0.000 0.000 0.000 1.745 0.000 32.756 53.439 73.214 84.600 89.044 86.442 78.307 72.413 73.679 72.131 57.704 52.003 56.237 67.651 -999.250 -999.250 -999.250 -999.250 -999.250 -999.250 -999.250 -999.250 -999.250 -999.250 -999.250 -999.250 -999.250 -999.250 -999.250 -999.250 -999.250 -999.250 -999.250 -999.250
263.432 187.393 162.073 120.173 90.889 78.986 64.985 54.324 58.185 53.568 53.535 69.265 69.006 75.182 74.855 86.292 87.136 96.816 104.558 100.573 94.287 90.140 66.290 54.085 32.238 19.740 3.355 8.316 12.640 14.153 18.227 26.271 36.952 51.702 74.978 90.174 102.915 99.642 95.692 86.489 84.508 83.537 65.159 59.630 54.630 63.310 -999.250 -999.250 -999.250 -999.250 -999.250 -999.250 -999.250 -999.250 -999.250 -999.250 -999.250 -999.250 -999.250 -999.250 -999.250 -999.250 -999.250 -999.250 -999.250 -999.250
215.269 151.794 136.774 108.409 93.368 81.245 82.033 70.924 83.802 80.427 80.518 94.943 83.279 82.320 86.858 96.118 96.670 105.444 110.814 90.621 102.172 92.029 78.892 55.700 46.720 34.748 25.867 27.514 27.478 28.463 36.523 50.785 61.892 78.026 88.927 110.050 110.528 125.730 111.908 95.422 95.818 94.752 78.477 62.784 64.900 66.929 60.189 -999.250 -999.250 -999.250 -999.250 -999.250 -999.250 -999.250 -999.250 -999.250 -999.250 -999.250 -999.250 -999.250 -999.250 -999.250 -999.250 -999.250 -999.250 -999.250
163.357 147.404 117.012 101.356 104.614 97.566 95.508 98.520 107.428 115.894 112.170 108.668 110.433 99.056 107.433 110.807 108.289 103.744 106.663 103.391 96.086 100.713 88.007 77.392 69.205 59.680 48.419 47.621 46.691 43.290 67.278 68.327 84.912 92.766 111.547 127.245 134.053 133.688 140.803 126.864 118.447 111.443 87.442 71.633 69.586 73.329 71.005 63.835 -999.250 -999.250 -999.250 -999.250 -999.250 -999.250 -999.250 -999.250 -999.250 -999.250 -999.250 -999.250 -999.250 -999.250 -999.250 -999.250 -999.250 -999.250
128.786 116.685 105.988 94.046 89.683 108.612 101.197 120.582 140.719 148.773 147.828 157.265 135.841 135.240 120.969 127.741 128.964 113.847 114.414 117.983 103.640 104.753 99.988 94.885 98.265 75.967 71.249 69.401 66.886 74.261 88.498 119.375 132.412 127.138 152.889 145.798 165.211 171.522 171.010 166.771 166.998 137.389 124.925 107.371 89.940 79.444 73.156 75.445 -999.250 -999.250 -999.250 -999.250 -999.250 -999.250 -999.250 -999.250 -999.250 -999.250 -999.250 -999.250 -999.250 -999.250 -999.250 -999.250 -999.250 -999.250
112.366 95.431 97.049 92.666 87.701 93.195 104.767 152.423 161.057 162.195 163.996 170.228 163.246 151.073 148.724 121.954 133.916 136.470 124.398 122.760 131.034 141.734 130.247 123.773 131.403 112.899 111.785 100.612 101.242 121.301 139.777 145.936 158.760 176.822 182.437 199.572 224.299 211.381 188.852 222.547 199.127 180.472 166.207 151.339 95.819 93.305 93.369 89.367 -999.250 -999.250 -999.250 -999.250 -999.250 -999.250 -999.250 -999.250 -999.250 -999.250 -999.250 -999.250 -999.250 -999.250 -999.250 -999.250 -999.250 -999.250
82.233 84.915 83.038 78.340 91.461 96.509 116.353 130.217 147.595 186.766 186.347 182.610 168.799 155.383 134.937 122.516 125.560 113.813 131.100 128.936 136.448 166.790 158.281 155.674 145.644 131.038 134.142 124.501 143.959 151.850 173.712 177.466 199.905 218.065 243.324 260.672 329.447 270.659 256.672 296.304 259.927 207.848 196.367 160.969 142.031 121.501 98.262 83.997 87.261 88.462 -999.250 -999.250 -999.250 -999.250 -999.250 -999.250 -999.250 -999.250 -999.250 -999.250 -999.250 -999.250 -999.250 -999.250 -999.250 -999.250
64.573 77.891 75.662 79.314 85.730 95.758 116.428 141.166 168.209 194.668 213.356 190.786 176.063 156.595 144.585 129.014 110.087 114.108 115.514 119.035 129.565 154.744 159.981 170.761 136.894 169.244 164.632 158.435 166.179 195.392 205.968 230.480 233.438 290.194 331.228 373.089 380.720 345.514 381.658 341.569 313.749 279.221 226.527 190.573 163.438 165.779 137.423 110.645 99.851 103.892 -999.250 -999.250 -999.250 -999.250 -999.250 -999.250 -999.250 -999.250 -999.250 -999.250 -999.250 -999.250 -999.250 -999.250 -999.250 -999.250
48.838 56.070 65.839 71.826 84.154 102.382 115.046 149.737 164.557 183.279 196.007 184.698 179.424 153.738 128.511 106.024 101.948 110.549 107.180 114.194 125.267 147.614 163.748 159.487 162.624 176.456 187.185 192.147 212.870 195.565 237.484 254.642 282.020 370.724 405.272 461.132 492.198 490.856 498.325 433.854 385.106 337.394 258.444 228.191 191.164 157.563 156.104 127.082 124.995 -999.250 -999.250 -999.250 -999.250 -999.250 -999.250 -999.250 -999.250 -999.250 -999.250 -999.250 -999.250 -999.250 -999.250 -999.250 -999.250 -999.250
45.647 50.804 62.970 72.772 84.662 104.792 120.543 154.684 157.956 185.235 175.373 181.232 156.720 127.134 123.421 103.884 107.926 101.701 93.620 101.784 125.669 146.224 153.529 172.275 185.745 191.502 212.118 226.039 211.474 202.547 234.404 298.568 325.905 419.350 462.493 481.312 493.991 590.518 605.365 513.490 464.391 380.534 309.262 251.860 219.375 191.043 164.960 121.436 105.661 -999.250 -999.250 -999.250 -999.250 -999.250 -999.250 -999.250 -999.250 -999.250 -999.250 -999.250 -999.250 -999.250 -999.250 -999.250 -999.250 -999.250
36.934 44.425 61.502 74.443 88.023 108.532 121.345 146.852 169.751 173.128 160.814 158.838 116.828 106.286 106.017 98.843 85.000 78.062 72.986 84.626 104.310 123.585 147.429 176.513 188.732 190.196 221.474 242.552 214.448 237.120 259.211 319.981 370.176 420.417 468.040 537.255 530.973 610.083 641.285 660.855 517.407 419.417 361.897 302.453 256.508 190.779 187.385 153.238 125.905 -999.250 -999.250 -999.250 -999.250 -999.250 -999.250 -999.250 -999.250 -999.250 -999.250 -999.250 -999.250 -999.250 -999.250 -999.250 -999.250 -999.250
32.772 44.565 68.900 79.551 96.499 115.135 120.841 152.239 145.407 171.682 150.250 141.304 114.643 94.091 90.390 78.402 73.804 66.737 60.290 65.218 75.146 105.046 131.796 161.131 183.075 205.056 259.155 260.859 259.371 261.732 315.268 334.125 375.385 427.122 564.455 565.194 598.132 669.277 728.469 705.381 651.933 502.806 363.081 317.061 257.926 207.258 176.750 134.834 120.076 -999.250 -999.250 -999.250 -999.250 -999.250 -999.250 -999.250 -999.250 -999.250 -999.250 -999.250 -999.250 -999.250 -999.250 -999.250 -999.250 -999.250
38.957 54.212 70.286 92.567 107.535 111.977 134.717 146.102 141.172 129.624 129.019 138.068 110.935 103.846 81.811 67.776 60.981 45.992 46.188 42.992 65.282 84.895 107.539 142.233 182.893 197.785 246.777 229.455 231.596 245.704 344.551 309.465 372.880 454.272 526.796 593.033 650.316 654.596 670.478 699.141 695.493 464.557 347.259 296.004 269.579 204.215 176.351 122.588 105.237 -999.250 -999.250 -999.250 -999.250 -999.250 -999.250 -999.250 -999.250 -999.250 -999.250 -999.250 -999.250 -999.250 -999.250 -999.250 -999.250 -999.250
65.807 64.474 79.726 97.153 115.643 106.244 126.976 126.352 126.035 118.767 121.918 120.898 106.369 82.162 69.569 54.313 51.199 44.160 38.020 40.918 54.154 75.944 95.968 119.185 140.868 190.838 196.155 225.172 229.396 263.445 289.268 356.509 448.603 478.122 599.377 648.239 672.813 665.797 610.614 652.551 633.140 450.050 352.484 337.332 269.939 219.106 145.786 129.183 107.205 -999.250 -999.250 -999.250 -999.250 -999.250 -999.250 -999.250 -999.250 -999.250 -999.250 -999.250 -999.250 -999.250 -999.250 -999.250 -999.250 -999.250
70.815 79.510 97.958 102.523 113.972 124.590 111.087 119.668 117.577 105.840 104.857 102.332 85.108 65.169 61.491 44.743 35.006 38.050 35.222 38.616 48.671 73.881 85.305 108.711 113.110 158.283 175.298 201.497 224.729 253.570 294.561 404.995 422.954 489.724 575.554 629.602 601.665 656.248 620.081 612.820 636.962 489.293 395.269 352.488 270.638 196.901 154.887 147.948 123.179 -999.250 -999.250 -999.250 -999.250 -999.250 -999.250 -999.250 -999.250 -999.250 -999.250 -999.250 -999.250 -999.250 -999.250 -999.250 -999.250 -999.250
75.516 95.245 112.599 109.262 123.118 132.299 106.923 106.413 110.247 106.132 82.547 84.161 72.249 52.369 49.145 49.486 31.983 39.844 41.533 40.162 45.042 63.542 78.280 98.758 118.096 125.278 156.561 176.822 247.783 252.295 322.817 386.726 435.142 529.032 577.722 597.609 599.239 608.813 621.958 624.813 496.090 430.863 420.177 292.065 232.130 205.286 183.186 141.697 132.919 -999.250 -999.250 -999.250 -999.250 -999.250 -999.250 -999.250 -999.250 -999.250 -999.250 -999.250 -999.250 -999.250 -999.250 -999.250 -999.250 -999.250
94.903 100.300 119.020 128.984 126.787 135.208 120.439 100.316 98.353 89.038 81.195 79.628 56.101 41.166 44.597 44.225 38.601 35.447 38.260 37.970 43.711 55.751 64.587 80.802 95.755 101.269 136.931 172.640 227.402 224.936 326.587 360.048 448.484 574.155 553.103 530.473 554.993 609.936 520.042 547.523 507.729 392.874 347.578 293.628 203.905 171.632 162.604 122.660 120.321 116.793 -999.250 -999.250 -999.250 -999.250 -999.250 -999.250 -999.250 -999.250 -999.250 -999.250 -999.250 -999.250 -999.250 -999.250 -999.250 -999.250
106.770 122.354 147.828 146.833 153.298 138.712 128.041 98.716 88.378 88.978 79.572 72.367 42.164 43.683 39.341 43.919 43.618 35.505 37.248 37.444 42.486 47.472 57.713 66.666 76.014 97.355 132.762 173.008 240.857 273.893 284.569 343.546 501.155 470.762 523.074 505.888 473.216 599.825 505.131 418.278 401.631 386.085 295.536 256.701 205.089 171.518 162.827 126.802 114.774 122.053 -999.250 -999.250 -999.250 -999.250 -999.250 -999.250 -999.250 -999.250 -999.250 -999.250 -999.250 -999.250 -999.250 -999.250 -999.250 -999.250
117.646 126.613 146.373 179.950 173.940 137.200 122.236 101.533 92.232 85.731 74.685 66.904 48.780 44.527 46.394 44.004 49.507 45.640 43.533 44.228 44.300 44.821 48.479 58.972 70.348 95.480 129.651 177.414 210.791 228.327 267.457 402.345 427.402 563.213 525.504 557.249 560.646 503.627 484.402 417.016 339.861 299.455 272.040 224.549 190.000 158.870 166.533 145.142 126.348 120.698 -999.250 -999.250 -999.250 -999.250 -999.250 -999.250 -999.250 -999.250 -999.250 -999.250 -999.250 -999.250 -999.250 -999.250 -999.250 -999.250
116.295 130.522 154.516 157.982 159.610 132.340 118.472 104.088 99.712 82.972 73.644 66.525 60.354 54.282 56.703 54.732 54.927 49.145 54.645 51.111 53.359 54.802 47.906 55.574 74.525 91.946 131.920 161.272 231.886 273.832 354.524 388.181 434.530 482.159 495.992 482.189 470.380 488.059 380.037 363.238 342.277 273.715 215.443 202.426 171.717 168.355 127.310 138.775 128.536 134.196 -999.250 -999.250 -999.250 -999.250 -999.250 -999.250 -999.250 -999.250 -999.250 -999.250 -999.250 -999.250 -999.250 -999.250 -999.250 -999.250
108.473 123.915 122.732 149.752 137.133 124.487 116.372 111.661 100.778 86.635 84.489 75.228 67.719 63.579 59.784 62.933 65.134 68.900 66.254 56.354 56.765 62.104 53.721 61.528 72.171 110.192 151.626 161.134 221.170 263.345 350.662 366.667 433.968 411.728 409.379 465.769 428.149 448.302 369.529 349.515 283.574 264.932 228.100 196.207 150.693 134.837 138.566 124.046 120.069 -999.250 -999.250 -999.250 -999.250 -999.250 -999.250 -999.250 -999.250 -999.250 -999.250 -999.250 -999.250 -999.250 -999.250 -999.250 -999.250 -999.250
108.765 110.118 125.670 124.062 128.721 111.017 114.784 111.649 100.921 88.868 86.440 74.150 66.475 74.147 71.967 76.710 69.978 78.013 70.478 68.105 64.389 67.940 63.315 79.347 96.730 123.050 146.088 184.058 267.805 349.023 334.181 393.123 417.763 429.475 405.269 425.980 404.684 407.190 370.461 340.720 286.635 230.838 212.381 172.103 131.255 140.624 125.951 108.948 121.750 -999.250 -999.250 -999.250 -999.250 -999.250 -999.250 -999.250 -999.250 -999.250 -999.250 -999.250 -999.250 -999.250 -999.250 -999.250 -999.250 -999.250
101.964 96.724 98.989 109.954 109.171 98.197 86.526 91.222 94.241 92.384 86.579 79.699 73.654 77.443 89.177 81.878 86.471 79.544 78.893 79.335 68.328 72.331 74.909 87.833 116.281 134.870 185.290 211.640 288.212 319.460 423.305 416.038 446.017 420.813 376.681 389.797 379.441 375.241 328.542 278.501 236.093 230.805 184.463 148.273 149.007 136.312 139.302 125.815 -999.250 -999.250 -999.250 -999.250 -999.250 -999.250 -999.250 -999.250 -999.250 -999.250 -999.250 -999.250 -999.250 -999.250 -999.250 -999.250 -999.250 -999.250
100.998 84.264 91.161 95.979 102.767 92.281 84.197 80.942 88.376 104.084 91.424 86.983 87.330 80.216 87.601 89.921 88.150 76.605 77.824 81.688 75.533 76.199 86.435 104.038 132.490 159.989 210.783 253.580 313.226 410.393 484.011 479.885 451.571 459.244 468.080 398.649 389.915 340.555 296.850 237.244 244.358 215.307 176.275 153.030 172.896 158.298 162.543 124.993 -999.250 -999.250 -999.250 -999.250 -999.250 -999.250 -999.250 -999.250 -999.250 -999.250 -999.250 -999.250 -999.250 -999.250 -999.250 -999.250 -999.250 -999.250
101.581 80.896 78.417 81.344 74.948 86.477 80.398 80.661 83.001 90.465 85.734 87.859 97.610 88.552 98.170 101.518 104.844 89.299 89.520 72.891 76.812 85.787 93.763 134.443 156.081 177.585 239.593 291.117 343.538 427.520 564.166 556.853 511.027 476.052 490.577 424.861 368.177 313.768 291.997 252.230 194.044 179.496 169.294 167.160 180.860 160.582 169.631 159.734 135.798 147.776 -999.250 -999.250 -999.250 -999.250 -999.250 -999.250 -999.250 -999.250 -999.250 -999.250 -999.250 -999.250 -999.250 -999.250 -999.250 -999.250
91.205 83.441 68.163 73.348 76.680 77.077 79.073 71.949 84.132 86.980 86.346 85.736 93.781 99.544 95.735 102.268 98.457 100.354 83.732 82.227 75.980 89.312 104.652 126.619 199.109 224.175 236.336 286.035 353.590 412.448 511.166 555.104 527.522 504.394 395.703 362.470 322.557 283.562 272.757 242.362 202.307 189.355 215.111 179.658 175.995 161.963 162.118 147.147 142.463 159.215 -999.250 -999.250 -999.250 -999.250 -999.250 -999.250 -999.250 -999.250 -999.250 -999.250 -999.250 -999.250 -999.250 -999.250 -999.250 -999.250
