data/medianmodel_01-Dec-2020.asc
ncols	141
nrows	288
xllcorner	-120191.398
yllcorner	-301404.813
cellsize	2000.000
NODATA_value	-999.250
[rows 145 to 173 of 288, columns 64 to 127 of 141]
856.552 960.300 984.723 1150.994 1269.287 1379.253 1333.424 1421.928 1413.492 1409.859 1370.707 1325.642 1376.320 1279.173 1153.761 1133.069 1093.820 1039.432 962.146 839.341 767.850 650.535 565.264 487.226 449.898 433.716 425.108 -999.250 -999.250 -999.250 -999.250 -999.250 -999.250 -999.250 -999.250 -999.250 -999.250 -999.250 -999.250 -999.250 -999.250 -999.250 -999.250 -999.250 -999.250 -999.250 -999.250 -999.250 -999.250 -999.250 -999.250 -999.250 -999.250 -999.250 -999.250 -999.250 -999.250 -999.250 -999.250 -999.250 -999.250 -999.250 -999.250 -999.250
967.006 1063.235 1235.123 1321.120 1468.163 1596.063 1605.526 1589.981 1571.579 1562.287 1472.350 1452.610 1484.245 1386.809 1305.305 1255.375 1172.847 1085.232 1001.370 915.556 795.880 698.917 596.321 523.439 520.247 456.120 416.983 423.735 -999.250 -999.250 -999.250 -999.250 -999.250 -999.250 -999.250 -999.250 -999.250 -999.250 -999.250 -999.250 -999.250 -999.250 -999.250 -999.250 -999.250 -999.250 -999.250 -999.250 -999.250 -999.250 -999.250 -999.250 -999.250 -999.250 -999.250 -999.250 -999.250 -999.250 -999.250 -999.250 -999.250 -999.250 -999.250 -999.250
1080.030 1204.397 1363.343 1474.544 1659.720 1821.767 1868.463 1787.380 1692.485 1679.067 1615.605 1660.520 1529.223 1481.426 1412.497 1327.559 1224.749 1197.729 1061.362 959.670 881.780 755.155 651.045 599.565 511.703 436.609 405.480 454.525 -999.250 -999.250 -999.250 -999.250 -999.250 -999.250 -999.250 -999.250 -999.250 -999.250 -999.250 -999.250 -999.250 -999.250 -999.250 -999.250 -999.250 -999.250 -999.250 -999.250 -999.250 -999.250 -999.250 -999.250 -999.250 -999.250 -999.250 -999.250 -999.250 -999.250 -999.250 -999.250 -999.250 -999.250 -999.250 -999.250
1124.075 1264.417 1455.089 1592.585 1722.725 1930.739 1941.909 1902.714 1828.646 1785.756 1700.287 1681.214 1617.699 1510.925 1426.975 1406.637 1311.458 1249.822 1159.056 1044.298 954.837 871.467 761.293 623.770 595.282 473.570 376.841 498.122 562.993 627.478 675.224 -999.250 -999.250 -999.250 -999.250 -999.250 -999.250 -999.250 -999.250 -999.250 -999.250 -999.250 -999.250 -999.250 -999.250 -999.250 -999.250 -999.250 -999.250 -999.250 -999.250 -999.250 -999.250 -999.250 -999.250 -999.250 -999.250 -999.250 -999.250 -999.250 -999.250 -999.250 -999.250 -999.250
1178.271 1333.003 1465.800 1589.259 1771.666 1908.515 1946.293 1936.135 1909.475 1839.380 1728.098 1677.480 1617.043 1580.329 1544.778 1442.032 1387.226 1333.186 1251.233 1149.380 1008.924 923.779 847.398 746.716 676.757 592.222 551.160 621.387 714.513 732.175 726.132 751.359 -999.250 -999.250 -999.250 -999.250 -999.250 -999.250 -999.250 -999.250 -999.250 -999.250 -999.250 -999.250 -999.250 -999.250 -999.250 -999.250 -999.250 -999.250 -999.250 -999.250 -999.250 -999.250 -999.250 -999.250 -999.250 -999.250 -999.250 -999.250 -999.250 -999.250 -999.250 -999.250
1065.068 1230.016 1350.710 1457.836 1606.978 1737.059 1822.350 1874.504 1843.148 1803.901 1796.104 1691.100 1616.702 1564.658 1551.459 1431.878 1371.470 1331.281 1296.635 1224.852 1126.207 1010.511 928.928 850.890 747.546 707.014 733.056 784.655 886.965 915.764 904.955 -999.250 -999.250 -999.250 -999.250 -999.250 -999.250 -999.250 -999.250 -999.250 -999.250 -999.250 -999.250 -999.250 -999.250 -999.250 -999.250 -999.250 -999.250 -999.250 -999.250 -999.250 -999.250 -999.250 -999.250 -999.250 -999.250 -999.250 -999.250 -999.250 -999.250 -999.250 -999.250 -999.250
1109.838 1210.426 1293.516 1413.241 1517.559 1640.673 1700.819 1760.020 1781.957 1693.138 1730.184 1664.050 1637.873 1540.993 1520.604 1445.704 1407.969 1406.043 1303.051 1255.500 1167.825 1046.307 1002.205 949.121 859.622 879.448 930.959 995.606 997.671 1061.117 1069.238 -999.250 -999.250 -999.250 -999.250 -999.250 -999.250 -999.250 -999.250 -999.250 -999.250 -999.250 -999.250 -999.250 -999.250 -999.250 -999.250 -999.250 -999.250 -999.250 -999.250 -999.250 -999.250 -999.250 -999.250 -999.250 -999.250 -999.250 -999.250 -999.250 -999.250 -999.250 -999.250 -999.250
985.404 1141.610 1179.976 1317.064 1457.600 1577.994 1600.010 1624.073 1643.239 1698.791 1644.626 1593.936 1571.313 1541.537 1525.103 1457.119 1418.947 1412.918 1312.640 1244.641 1159.169 1161.472 1057.299 1052.026 1058.971 1022.347 998.189 1037.807 1054.532 1108.900 1084.073 -999.250 -999.250 -999.250 -999.250 -999.250 -999.250 -999.250 -999.250 -999.250 -999.250 -999.250 -999.250 -999.250 -999.250 -999.250 -999.250 -999.250 -999.250 -999.250 -999.250 -999.250 -999.250 -999.250 -999.250 -999.250 -999.250 -999.250 -999.250 -999.250 -999.250 -999.250 -999.250 -999.250
941.622 1026.423 1117.651 1234.090 1289.752 1372.445 1445.178 1545.257 1512.511 1575.827 1530.218 1578.995 1543.286 1501.252 1515.468 1502.044 1459.127 1405.951 1365.667 1317.317 1234.456 1183.518 1258.883 1185.476 1164.038 1198.614 1117.557 1196.972 1186.937 1210.744 1146.489 -999.250 -999.250 -999.250 -999.250 -999.250 -999.250 -999.250 -999.250 -999.250 -999.250 -999.250 -999.250 -999.250 -999.250 -999.250 -999.250 -999.250 -999.250 -999.250 -999.250 -999.250 -999.250 -999.250 -999.250 -999.250 -999.250 -999.250 -999.250 -999.250 -999.250 -999.250 -999.250 -999.250
824.559 874.843 994.591 1126.046 1164.563 1275.588 1300.642 1388.509 1419.114 1433.218 1476.375 1468.046 1468.553 1452.511 1500.256 1410.074 1412.524 1404.011 1375.606 1383.383 1336.845 1355.366 1299.180 1310.043 1325.421 1304.432 1251.509 1215.198 1264.559 1307.582 1241.470 -999.250 -999.250 -999.250 -999.250 -999.250 -999.250 -999.250 -999.250 -999.250 -999.250 -999.250 -999.250 -999.250 -999.250 -999.250 -999.250 -999.250 -999.250 -999.250 -999.250 -999.250 -999.250 -999.250 -999.250 -999.250 -999.250 -999.250 -999.250 -999.250 -999.250 -999.250 -999.250 -999.250
691.183 759.608 815.342 910.347 996.523 1149.182 1133.651 1289.504 1296.778 1296.831 1377.336 1379.105 1365.456 1329.329 1381.973 1402.276 1420.567 1449.719 1379.741 1413.365 1418.580 1449.080 1398.602 1346.962 1366.007 1348.616 1341.829 1329.302 1331.042 1321.661 1338.896 -999.250 -999.250 -999.250 -999.250 -999.250 -999.250 -999.250 -999.250 -999.250 -999.250 -999.250 -999.250 -999.250 -999.250 -999.250 -999.250 -999.250 -999.250 -999.250 -999.250 -999.250 -999.250 -999.250 -999.250 -999.250 -999.250 -999.250 -999.250 -999.250 -999.250 -999.250 -999.250 -999.250
596.338 627.903 719.827 786.915 845.162 986.511 1029.214 1135.836 1138.775 1124.651 1196.033 1216.443 1258.168 1263.015 1301.946 1375.142 1415.464 1404.053 1450.378 1404.803 1446.273 1356.753 1354.028 1396.451 1409.627 1412.586 1370.742 1353.303 1365.556 1343.262 1311.848 1248.784 -999.250 -999.250 -999.250 -999.250 -999.250 -999.250 -999.250 -999.250 -999.250 -999.250 -999.250 -999.250 -999.250 -999.250 -999.250 -999.250 -999.250 -999.250 -999.250 -999.250 -999.250 -999.250 -999.250 -999.250 -999.250 -999.250 -999.250 -999.250 -999.250 -999.250 -999.250 -999.250
483.922 506.442 550.537 655.338 710.523 792.861 847.863 871.218 980.065 947.500 1073.098 1083.110 1070.367 1237.859 1203.050 1278.388 1308.394 1379.309 1388.474 1427.395 1442.557 1428.194 1415.936 1354.933 1416.896 1366.790 1382.588 1323.602 1311.869 1330.356 1228.695 1213.944 1146.549 -999.250 -999.250 -999.250 -999.250 -999.250 -999.250 -999.250 -999.250 -999.250 -999.250 -999.250 -999.250 -999.250 -999.250 -999.250 -999.250 -999.250 -999.250 -999.250 -999.250 -999.250 -999.250 -999.250 -999.250 -999.250 -999.250 -999.250 -999.250 -999.250 -999.250 -999.250
374.256 405.839 434.467 508.956 609.816 672.065 696.809 794.431 779.652 831.765 943.388 989.708 965.394 1090.411 1116.648 1113.733 1223.422 1313.768 1305.840 1374.241 1359.341 1300.679 1372.801 1359.847 1332.780 1378.998 1303.446 1310.363 1271.264 1268.837 1197.304 1173.871 1082.294 1025.279 -999.250 -999.250 -999.250 -999.250 -999.250 -999.250 -999.250 -999.250 -999.250 -999.250 -999.250 -999.250 -999.250 -999.250 -999.250 -999.250 -999.250 -999.250 -999.250 -999.250 -999.250 -999.250 -999.250 -999.250 -999.250 -999.250 -999.250 -999.250 -999.250 -999.250
252.313 239.421 325.012 431.989 503.802 566.106 606.259 692.547 709.082 723.642 815.689 820.643 890.380 916.161 967.557 1004.717 1061.891 1156.836 1193.763 1237.573 1223.928 1206.808 1232.324 1241.909 1226.911 1298.101 1291.097 1322.842 1215.891 1207.840 1129.999 1124.767 1036.987 1009.971 -999.250 -999.250 -999.250 -999.250 -999.250 -999.250 -999.250 -999.250 -999.250 -999.250 -999.250 -999.250 -999.250 -999.250 -999.250 -999.250 -999.250 -999.250 -999.250 -999.250 -999.250 -999.250 -999.250 -999.250 -999.250 -999.250 -999.250 -999.250 -999.250 -999.250
145.450 86.701 211.917 328.460 419.992 482.619 539.931 590.676 657.074 684.487 721.828 701.598 734.263 754.810 845.151 814.533 829.536 906.308 962.566 1075.097 1072.194 1128.002 1144.129 1164.655 1180.363 1249.944 1299.787 1264.877 1186.847 1189.763 1101.985 1011.004 1019.231 962.190 -999.250 -999.250 -999.250 -999.250 -999.250 -999.250 -999.250 -999.250 -999.250 -999.250 -999.250 -999.250 -999.250 -999.250 -999.250 -999.250 -999.250 -999.250 -999.250 -999.250 -999.250 -999.250 -999.250 -999.250 -999.250 -999.250 -999.250 -999.250 -999.250 -999.250
113.091 116.895 202.370 274.738 362.797 457.642 483.292 537.139 543.629 574.379 596.850 643.246 634.399 634.303 684.209 639.185 646.254 705.688 747.570 866.098 947.533 965.057 1018.563 1030.092 1059.994 1082.453 1168.330 1170.006 1137.072 1018.655 1059.769 928.748 966.561 898.352 -999.250 -999.250 -999.250 -999.250 -999.250 -999.250 -999.250 -999.250 -999.250 -999.250 -999.250 -999.250 -999.250 -999.250 -999.250 -999.250 -999.250 -999.250 -999.250 -999.250 -999.250 -999.250 -999.250 -999.250 -999.250 -999.250 -999.250 -999.250 -999.250 -999.250
122.509 152.539 189.685 247.490 336.127 386.354 442.229 466.646 486.219 524.438 529.248 562.416 525.067 551.415 545.257 532.806 507.715 498.239 580.142 688.586 747.101 888.825 938.779 961.510 981.418 1039.752 1037.284 1057.921 1042.746 975.699 953.079 902.103 835.826 778.509 -999.250 -999.250 -999.250 -999.250 -999.250 -999.250 -999.250 -999.250 -999.250 -999.250 -999.250 -999.250 -999.250 -999.250 -999.250 -999.250 -999.250 -999.250 -999.250 -999.250 -999.250 -999.250 -999.250 -999.250 -999.250 -999.250 -999.250 -999.250 -999.250 -999.250
124.084 152.796 176.968 232.345 276.057 309.716 361.829 415.613 449.166 479.539 499.674 485.057 471.280 485.817 473.505 453.278 391.993 284.360 438.399 576.187 661.018 728.473 813.974 840.999 907.497 952.618 981.985 993.743 940.350 861.424 832.021 809.599 793.137 765.905 688.913 -999.250 -999.250 -999.250 -999.250 -999.250 -999.250 -999.250 -999.250 -999.250 -999.250 -999.250 -999.250 -999.250 -999.250 -999.250 -999.250 -999.250 -999.250 -999.250 -999.250 -999.250 -999.250 -999.250 -999.250 -999.250 -999.250 -999.250 -999.250 -999.250
129.800 145.984 171.488 210.766 235.383 290.640 335.347 370.456 394.537 437.488 436.937 442.856 439.556 432.467 424.908 411.483 353.414 316.279 397.433 500.974 538.378 639.962 729.036 746.645 808.776 838.211 857.224 779.765 797.614 745.539 763.928 717.269 702.791 674.949 629.921 600.050 -999.250 -999.250 -999.250 -999.250 -999.250 -999.250 -999.250 -999.250 -999.250 -999.250 -999.250 -999.250 -999.250 -999.250 -999.250 -999.250 -999.250 -999.250 -999.250 -999.250 -999.250 -999.250 -999.250 -999.250 -999.250 -999.250 -999.250 -999.250
127.266 149.478 165.514 200.839 227.274 248.089 298.946 338.464 356.525 408.344 408.638 393.475 373.735 385.040 349.904 347.158 349.371 340.813 394.294 481.132 511.716 538.026 629.359 619.589 688.530 740.471 722.096 715.024 725.299 698.971 648.760 617.371 642.630 614.660 588.289 532.874 512.877 488.574 474.294 -999.250 -999.250 -999.250 -999.250 -999.250 -999.250 -999.250 -999.250 -999.250 -999.250 -999.250 -999.250 -999.250 -999.250 -999.250 -999.250 -999.250 -999.250 -999.250 -999.250 -999.250 -999.250 -999.250 -999.250 -999.250
125.207 148.042 163.176 192.577 213.992 233.977 262.854 305.279 328.572 344.538 379.724 354.211 384.765 330.571 348.407 353.059 367.199 377.655 389.162 439.555 463.817 482.561 529.233 554.339 562.490 599.967 628.153 679.796 608.014 603.182 577.971 581.643 546.640 539.861 507.434 456.638 469.242 379.345 401.345 -999.250 -999.250 -999.250 -999.250 -999.250 -999.250 -999.250 -999.250 -999.250 -999.250 -999.250 -999.250 -999.250 -999.250 -999.250 -999.250 -999.250 -999.250 -999.250 -999.250 -999.250 -999.250 -999.250 -999.250 -999.250
120.708 143.488 148.352 168.173 180.134 212.423 236.742 250.776 290.734 298.288 306.018 330.036 364.161 333.146 346.306 370.779 363.975 378.089 379.716 423.419 430.431 453.578 466.288 475.827 495.162 530.792 520.305 524.950 538.136 550.117 504.952 470.200 494.542 457.484 445.064 444.990 404.711 370.866 -999.250 -999.250 -999.250 -999.250 -999.250 -999.250 -999.250 -999.250 -999.250 -999.250 -999.250 -999.250 -999.250 -999.250 -999.250 -999.250 -999.250 -999.250 -999.250 -999.250 -999.250 -999.250 -999.250 -999.250 -999.250 -999.250
123.532 138.725 149.405 141.702 158.744 184.423 205.749 218.942 239.962 248.637 267.895 283.579 301.320 311.096 350.088 345.495 374.623 363.087 387.983 382.227 393.942 391.729 401.113 421.897 433.264 452.106 449.242 465.392 448.523 428.443 427.707 424.346 435.031 393.278 380.802 351.565 342.909 307.060 -999.250 -999.250 -999.250 269.944 264.837 257.211 -999.250 -999.250 -999.250 -999.250 -999.250 -999.250 -999.250 -999.250 -999.250 -999.250 -999.250 -999.250 -999.250 -999.250 -999.250 -999.250 -999.250 -999.250 -999.250 -999.250
129.186 128.524 135.974 136.858 143.901 155.456 162.596 189.822 212.700 235.945 259.613 266.237 281.724 301.603 341.162 352.613 372.798 383.952 354.006 356.851 344.635 337.188 345.465 370.097 352.394 366.816 350.160 357.076 353.326 345.356 326.547 367.683 358.994 356.092 283.688 297.632 273.708 279.348 276.062 267.038 259.892 241.314 231.829 212.186 207.688 -999.250 -999.250 -999.250 -999.250 -999.250 -999.250 -999.250 -999.250 -999.250 -999.250 -999.250 -999.250 -999.250 -999.250 -999.250 -999.250 -999.250 -999.250 -999.250
120.688 130.849 140.578 136.844 136.045 122.832 117.730 148.163 187.405 208.571 226.316 251.692 261.786 285.416 296.482 347.891 369.872 366.688 337.049 334.690 333.232 314.456 297.493 315.100 295.461 286.411 269.304 266.694 266.555 277.067 272.271 282.643 292.225 275.830 270.256 264.163 261.190 262.433 261.533 247.970 244.805 234.734 205.174 152.400 179.451 191.815 -999.250 -999.250 -999.250 -999.250 -999.250 -999.250 -999.250 -999.250 -999.250 -999.250 -999.250 -999.250 -999.250 -999.250 -999.250 -999.250 -999.250 -999.250
120.630 120.381 132.838 119.895 123.394 115.554 122.673 137.846 161.375 174.068 198.547 236.744 227.212 246.860 256.806 314.913 349.994 355.678 327.444 320.538 310.030 283.522 271.688 255.532 243.339 232.326 209.495 212.296 215.608 236.206 247.615 255.769 248.471 247.553 259.099 258.699 246.394 250.221 241.931 235.666 226.796 221.025 183.097 176.118 173.878 172.741 -999.250 -999.250 -999.250 -999.250 -999.250 -999.250 -999.250 -999.250 -999.250 -999.250 -999.250 -999.250 -999.250 -999.250 -999.250 -999.250 -999.250 -999.250
124.110 128.083 116.857 111.533 113.293 116.405 113.712 128.213 148.906 149.162 174.512 204.538 212.243 216.320 244.803 282.569 300.932 309.701 296.622 293.938 254.814 251.391 226.634 216.570 203.828 188.845 156.597 134.454 167.896 188.012 223.065 230.859 218.285 237.216 238.604 233.338 238.900 232.921 239.753 226.058 231.284 210.449 192.241 183.685 181.744 179.642 -999.250 -999.250 -999.250 -999.250 -999.250 -999.250 -999.250 -999.250 -999.250 -999.250 -999.250 -999.250 -999.250 -999.250 -999.250 -999.250 -999.250 -999.250
136.043 127.456 119.807 114.295 114.798 119.323 114.557 115.311 129.889 133.161 155.173 161.578 172.629 200.207 194.249 227.644 232.104 242.860 260.908 261.533 233.690 222.474 196.559 193.509 177.168 166.447 145.912 140.801 147.359 172.865 195.035 210.083 216.362 234.332 232.562 240.369 252.397 230.868 225.120 226.835 226.037 201.966 189.614 197.798 180.323 176.715 169.575 -999.250 -999.250 -999.250 -999.250 -999.250 -999.250 -999.250 -999.250 -999.250 -999.250 -999.250 -999.250 -999.250 -999.250 -999.250 -999.250 -999.250
