data/medianmodel_26-Dec-2020.asc
ncols	141
nrows	288
xllcorner	-120191.398
yllcorner	-301404.813
cellsize	2000.000
NODATA_value	-999.250
[rows 116 to 144 of 288, columns 0 to 63 of 141]
-999.250 -999.250 -999.250 -999.250 -999.250 -999.250 -999.250 -999.250 -999.250 -999.250 -999.250 -999.250 -999.250 -999.250 -999.250 -999.250 -999.250 -999.250 -999.250 -999.250 -999.250 -999.250 -999.250 -999.250 -999.250 -999.250 -999.250 314.953 315.155 321.473 329.086 329.059 336.550 339.364 340.565 346.801 373.155 384.492 425.570 437.329 438.774 442.489 445.048 460.534 457.387 457.965 437.514 406.473 379.037 369.302 390.581 431.210 453.796 480.062 482.137 494.691 483.770 474.554 408.733 333.867 269.507 225.995 182.610 157.872
-999.250 -999.250 -999.250 -999.250 -999.250 -999.250 -999.250 -999.250 -999.250 -999.250 -999.250 -999.250 -999.250 -999.250 -999.250 -999.250 -999.250 -999.250 -999.250 -999.250 -999.250 -999.250 -999.250 -999.250 -999.250 -999.250 -999.250 316.069 335.310 333.683 328.385 332.987 338.456 342.050 343.909 348.250 367.523 377.927 406.507 420.027 431.804 432.068 439.019 444.088 454.443 453.893 431.829 387.631 355.275 333.519 382.103 433.768 469.799 504.449 524.988 524.760 530.246 573.833 464.571 380.916 322.978 270.219 219.460 184.151
-999.250 -999.250 -999.250 -999.250 -999.250 -999.250 -999.250 -999.250 -999.250 -999.250 -999.250 -999.250 -999.250 -999.250 -999.250 -999.250 -999.250 -999.250 -999.250 -999.250 -999.250 -999.250 -999.250 -999.250 -999.250 -999.250 305.789 313.340 330.722 333.146 332.643 335.250 336.434 331.619 338.291 344.267 357.586 357.429 386.616 377.113 406.126 417.876 430.108 443.021 436.622 449.452 443.673 416.355 395.580 396.726 408.417 460.771 514.752 536.382 560.431 555.029 543.936 527.147 462.942 395.040 332.678 290.022 241.794 222.548
-999.250 -999.250 -999.250 -999.250 -999.250 -999.250 -999.250 -999.250 -999.250 -999.250 -999.250 -999.250 -999.250 -999.250 -999.250 -999.250 -999.250 -999.250 -999.250 -999.250 -999.250 -999.250 -999.250 -999.250 -999.250 -999.250 298.498 315.196 331.398 339.648 328.546 330.958 345.944 338.669 336.571 336.117 344.733 343.307 354.208 371.070 391.076 419.291 432.318 441.639 433.682 455.300 447.131 462.759 447.243 449.939 471.775 504.153 553.403 576.163 589.936 604.775 551.076 522.121 463.516 383.246 348.059 305.328 272.985 258.418
-999.250 -999.250 -999.250 -999.250 -999.250 -999.250 -999.250 -999.250 -999.250 -999.250 -999.250 -999.250 -999.250 -999.250 -999.250 -999.250 -999.250 -999.250 -999.250 -999.250 -999.250 -999.250 -999.250 -999.250 -999.250 -999.250 310.265 313.966 327.042 333.738 334.314 342.594 344.434 336.697 337.578 324.684 333.330 341.209 343.232 359.572 370.177 400.700 419.793 442.340 438.043 464.003 478.221 484.813 497.671 515.336 531.518 584.071 627.639 662.747 648.429 634.630 579.549 518.550 456.273 397.409 346.146 317.071 288.839 274.080
-999.250 -999.250 -999.250 -999.250 -999.250 -999.250 -999.250 -999.250 -999.250 -999.250 -999.250 -999.250 -999.250 -999.250 -999.250 -999.250 -999.250 -999.250 -999.250 -999.250 -999.250 -999.250 -999.250 -999.250 -999.250 307.357 316.442 320.614 339.294 339.629 336.158 336.607 339.292 348.580 336.285 329.901 322.391 325.958 329.416 353.841 374.362 366.019 416.846 427.717 465.034 478.102 511.664 522.098 554.242 575.620 610.811 715.003 753.464 727.575 758.940 664.109 613.944 539.690 469.208 422.478 362.700 338.194 314.291 280.334
-999.250 -999.250 -999.250 -999.250 -999.250 -999.250 -999.250 -999.250 -999.250 -999.250 -999.250 -999.250 -999.250 -999.250 -999.250 -999.250 -999.250 -999.250 -999.250 -999.250 -999.250 -999.250 -999.250 -999.250 -999.250 312.743 322.076 335.803 345.476 356.095 347.379 351.678 351.496 344.411 346.231 336.306 328.519 335.276 330.496 347.064 361.540 384.578 422.939 435.607 457.293 475.732 537.382 614.669 588.822 641.474 661.983 768.288 826.708 802.607 800.700 745.786 677.023 582.856 499.368 455.980 422.389 355.696 338.295 310.130
-999.250 -999.250 -999.250 -999.250 -999.250 -999.250 -999.250 -999.250 -999.250 -999.250 -999.250 -999.250 -999.250 -999.250 -999.250 -999.250 -999.250 -999.250 -999.250 -999.250 -999.250 -999.250 -999.250 -999.250 -999.250 319.815 328.486 334.344 339.552 351.390 362.632 359.484 353.519 342.249 339.138 339.998 323.954 328.408 328.404 334.254 345.089 365.484 394.047 425.190 449.012 480.370 515.078 559.719 586.266 655.137 749.379 816.519 889.276 922.540 940.914 855.576 748.272 646.323 537.225 477.430 434.155 404.674 357.485 329.017
-999.250 -999.250 -999.250 -999.250 -999.250 -999.250 -999.250 -999.250 -999.250 -999.250 -999.250 -999.250 -999.250 -999.250 -999.250 -999.250 -999.250 -999.250 -999.250 -999.250 -999.250 -999.250 -999.250 -999.250 329.021 332.696 350.544 344.556 356.278 368.058 367.605 364.749 361.155 353.625 350.363 338.295 329.123 324.795 318.453 329.102 333.965 354.003 376.282 398.401 422.164 463.644 491.048 527.945 583.414 668.537 789.450 852.544 944.226 1008.847 1044.588 968.103 830.573 681.523 574.647 526.342 471.854 423.688 385.696 337.201
-999.250 -999.250 -999.250 -999.250 -999.250 -999.250 -999.250 -999.250 -999.250 -999.250 -999.250 -999.250 -999.250 -999.250 -999.250 -999.250 -999.250 -999.250 -999.250 -999.250 -999.250 -999.250 -999.250 -999.250 337.089 340.788 363.418 361.222 367.975 390.419 385.833 380.497 379.685 355.925 359.515 342.429 330.406 331.196 325.044 327.911 330.605 346.361 349.077 357.226 377.406 432.818 450.055 486.622 530.543 662.412 762.273 842.573 964.399 1067.419 1257.184 1054.067 865.859 711.050 602.936 540.674 478.761 441.226 395.715 351.132
-999.250 -999.250 -999.250 -999.250 -999.250 -999.250 -999.250 -999.250 -999.250 -999.250 -999.250 -999.250 -999.250 -999.250 -999.250 -999.250 -999.250 -999.250 -999.250 -999.250 -999.250 -999.250 -999.250 330.062 333.038 347.142 373.169 390.251 414.098 420.273 428.051 408.490 396.035 376.421 367.024 350.339 339.539 334.464 323.651 320.967 315.658 321.456 336.000 336.681 354.992 374.178 413.747 452.330 488.385 557.199 669.634 788.278 927.449 992.838 1028.021 975.574 841.470 707.969 593.850 538.069 483.811 457.574 406.171 354.734
-999.250 -999.250 -999.250 -999.250 -999.250 -999.250 -999.250 -999.250 -999.250 -999.250 -999.250 -999.250 -999.250 -999.250 -999.250 -999.250 -999.250 -999.250 -999.250 -999.250 -999.250 -999.250 -999.250 329.135 344.043 356.241 379.765 377.856 414.705 419.592 444.059 421.686 430.376 400.826 400.244 356.900 346.805 332.046 313.418 317.124 314.295 312.699 314.974 312.392 326.876 321.722 340.525 358.942 406.267 484.668 561.595 681.719 820.896 852.355 922.627 877.963 824.548 669.131 581.286 525.303 489.046 469.239 419.743 346.387
-999.250 -999.250 -999.250 -999.250 -999.250 -999.250 -999.250 -999.250 -999.250 -999.250 -999.250 -999.250 -999.250 -999.250 -999.250 -999.250 -999.250 -999.250 -999.250 -999.250 -999.250 -999.250 -999.250 322.069 344.449 357.819 387.385 388.968 431.191 437.709 457.560 450.671 456.721 419.437 396.491 365.059 352.752 332.478 317.919 315.143 314.083 289.432 289.671 288.882 296.049 293.024 294.255 296.446 303.168 401.397 496.594 596.609 690.684 769.070 766.821 784.229 735.812 604.762 567.174 510.548 478.217 466.339 432.188 351.162
-999.250 -999.250 -999.250 -999.250 -999.250 -999.250 -999.250 -999.250 -999.250 -999.250 -999.250 -999.250 -999.250 -999.250 -999.250 -999.250 -999.250 -999.250 -999.250 -999.250 -999.250 -999.250 302.817 323.388 340.978 355.856 386.497 417.948 444.113 464.588 471.457 463.275 454.046 439.361 422.534 389.795 339.129 343.700 319.103 311.678 297.892 293.301 285.079 281.342 273.413 261.216 247.316 253.020 272.487 336.728 421.248 496.115 564.039 616.017 619.801 642.610 618.775 552.812 527.323 492.810 472.438 446.787 392.375 340.626
-999.250 -999.250 -999.250 -999.250 -999.250 -999.250 -999.250 -999.250 -999.250 -999.250 -999.250 -999.250 -999.250 -999.250 -999.250 -999.250 -999.250 -999.250 -999.250 -999.250 -999.250 -999.250 298.027 313.970 334.413 361.354 381.654 425.014 457.939 486.873 505.321 489.195 471.018 451.207 424.901 388.931 353.000 340.169 320.857 321.303 298.644 282.966 266.450 252.346 253.861 230.584 222.578 230.921 256.719 312.343 343.642 430.467 467.904 486.653 509.835 543.852 510.193 511.759 494.588 478.673 451.616 412.655 358.626 326.877
-999.250 -999.250 -999.250 -999.250 -999.250 -999.250 -999.250 -999.250 -999.250 -999.250 -999.250 -999.250 -999.250 -999.250 -999.250 -999.250 -999.250 -999.250 -999.250 -999.250 -999.250 261.214 294.212 318.850 347.980 353.423 369.256 425.981 452.259 488.402 545.235 489.981 469.685 449.130 432.257 392.314 349.523 341.574 321.941 306.105 297.150 272.555 260.204 236.231 235.705 209.632 212.505 208.054 235.562 257.077 308.786 330.437 362.736 407.755 458.185 454.812 461.057 466.137 444.838 436.222 427.241 382.248 349.045 315.423
-999.250 -999.250 -999.250 -999.250 -999.250 -999.250 -999.250 -999.250 -999.250 -999.250 -999.250 -999.250 -999.250 -999.250 -999.250 -999.250 -999.250 -999.250 -999.250 -999.250 -999.250 244.229 280.499 302.178 334.534 341.965 359.921 407.041 447.913 475.156 480.892 483.235 454.946 437.056 405.450 374.903 359.150 342.899 326.324 303.220 289.816 263.154 258.552 240.297 231.124 206.257 201.390 199.917 210.435 220.140 244.121 270.084 313.506 331.815 343.224 381.162 386.046 424.551 422.177 403.939 374.944 365.780 338.693 324.393
-999.250 -999.250 -999.250 -999.250 -999.250 -999.250 -999.250 -999.250 -999.250 -999.250 -999.250 -999.250 -999.250 -999.250 -999.250 -999.250 -999.250 -999.250 -999.250 -999.250 -999.250 226.837 265.550 286.776 322.201 339.447 352.375 397.097 418.153 437.767 432.217 442.153 436.572 417.041 402.526 363.902 355.428 336.165 326.169 311.749 299.576 282.457 262.151 229.761 232.218 197.228 195.105 181.179 173.486 193.703 193.768 204.502 231.700 269.724 294.489 321.493 334.642 360.139 361.087 360.913 361.923 347.877 337.724 315.265
-999.250 -999.250 -999.250 -999.250 -999.250 -999.250 -999.250 -999.250 -999.250 -999.250 -999.250 -999.250 -999.250 -999.250 -999.250 -999.250 -999.250 -999.250 -999.250 -999.250 190.580 214.598 228.784 272.846 307.689 334.659 336.611 364.792 376.996 401.408 410.844 407.490 396.600 398.424 369.264 357.787 340.250 339.343 327.283 312.950 288.971 265.546 237.437 234.029 214.533 198.747 190.780 167.548 169.785 153.921 149.454 167.664 175.901 206.906 233.719 294.296 314.712 317.467 328.024 343.506 355.931 349.086 339.416 324.734
-999.250 -999.250 -999.250 -999.250 -999.250 -999.250 -999.250 -999.250 -999.250 -999.250 -999.250 -999.250 -999.250 -999.250 -999.250 -999.250 -999.250 -999.250 -999.250 -999.250 175.972 203.581 222.328 250.078 299.435 318.074 325.041 344.851 356.949 354.583 357.743 358.434 359.831 356.971 354.186 343.772 336.346 329.854 329.478 300.864 281.202 259.005 234.295 229.489 219.387 209.844 189.200 173.427 150.082 147.232 148.227 145.282 152.528 169.851 202.983 242.748 267.325 283.104 306.971 326.177 338.923 348.870 361.796 351.015
-999.250 -999.250 -999.250 -999.250 -999.250 -999.250 -999.250 -999.250 -999.250 -999.250 -999.250 -999.250 -999.250 -999.250 -999.250 -999.250 -999.250 -999.250 -999.250 -999.250 153.335 172.332 225.435 255.078 293.294 312.959 334.143 343.214 352.475 338.345 340.236 345.368 352.038 349.672 345.985 341.846 333.735 332.023 313.814 300.644 281.935 270.139 264.126 247.087 216.808 212.532 189.908 186.363 153.459 145.654 136.480 143.996 140.448 156.269 179.752 222.406 240.355 257.153 282.805 313.568 332.921 355.860 377.860 406.191
-999.250 -999.250 -999.250 -999.250 -999.250 -999.250 -999.250 -999.250 -999.250 -999.250 -999.250 -999.250 -999.250 -999.250 -999.250 -999.250 -999.250 -999.250 -999.250 -999.250 143.101 161.001 213.660 250.666 279.238 320.776 334.386 345.539 368.916 339.777 319.489 338.643 354.577 346.761 350.635 345.495 325.881 340.059 311.637 306.575 288.348 277.150 266.300 255.148 224.946 219.238 205.073 182.795 173.041 154.106 140.369 141.260 141.371 144.584 162.294 196.580 223.740 243.591 273.360 300.933 339.529 380.104 422.702 458.106
-999.250 -999.250 -999.250 -999.250 -999.250 -999.250 -999.250 -999.250 -999.250 -999.250 -999.250 -999.250 -999.250 -999.250 -999.250 -999.250 -999.250 -999.250 -999.250 126.571 134.092 151.149 188.813 244.700 286.684 323.252 350.200 379.886 401.710 415.943 413.298 407.710 403.741 388.877 349.770 349.040 345.033 331.024 316.384 315.449 305.162 287.988 278.770 266.912 241.353 229.223 221.113 200.322 188.777 157.392 162.607 145.120 148.207 138.526 155.383 175.884 200.413 229.944 253.201 295.534 343.141 414.061 459.804 503.355
-999.250 -999.250 -999.250 -999.250 -999.250 -999.250 -999.250 -999.250 -999.250 -999.250 -999.250 -999.250 -999.250 -999.250 -999.250 -999.250 -999.250 -999.250 -999.250 110.274 115.041 143.428 181.234 237.256 282.901 316.257 356.306 407.667 460.495 504.907 527.673 486.545 441.952 413.428 374.519 345.167 334.192 331.126 320.951 316.451 309.698 302.920 284.509 285.278 252.625 255.097 228.240 218.786 188.522 166.946 159.620 153.334 153.559 152.589 155.106 163.820 177.818 199.147 236.895 285.735 343.068 442.427 514.955 610.651
-999.250 -999.250 -999.250 -999.250 -999.250 -999.250 -999.250 -999.250 -999.250 -999.250 -999.250 -999.250 -999.250 -999.250 -999.250 -999.250 -999.250 -999.250 -999.250 106.117 112.954 149.704 183.713 224.427 268.604 324.711 390.987 440.150 485.683 560.131 665.951 550.949 490.763 453.719 403.220 358.567 350.068 340.331 328.311 328.613 321.902 309.201 303.039 289.476 270.174 252.447 248.822 236.180 207.048 189.851 163.419 155.637 149.941 158.509 150.979 151.857 164.337 172.805 217.009 274.595 355.280 462.391 578.045 664.456
-999.250 -999.250 -999.250 -999.250 -999.250 -999.250 -999.250 -999.250 -999.250 -999.250 -999.250 -999.250 -999.250 -999.250 -999.250 -999.250 -999.250 -999.250 -999.250 113.050 129.072 155.976 181.360 225.764 291.094 341.943 392.666 456.759 507.560 559.450 616.135 546.004 492.745 448.477 421.174 396.927 354.916 339.322 345.141 336.816 338.279 332.735 329.742 311.105 301.645 267.195 257.070 242.657 236.748 204.865 172.432 159.112 155.832 160.463 156.309 145.521 150.868 155.222 198.298 264.196 346.337 466.157 613.138 763.638
-999.250 -999.250 -999.250 -999.250 -999.250 -999.250 -999.250 -999.250 -999.250 -999.250 -999.250 -999.250 -999.250 -999.250 -999.250 -999.250 -999.250 -999.250 -999.250 137.785 157.880 184.107 210.391 258.091 311.343 363.149 426.380 464.084 495.216 534.393 552.973 527.925 492.213 467.031 427.476 383.375 362.125 356.060 344.579 346.739 346.258 352.868 343.054 325.735 311.360 289.530 261.484 242.162 224.058 189.471 182.463 161.234 157.636 157.109 145.752 134.252 130.540 148.494 179.861 235.318 331.654 469.295 610.581 813.640
-999.250 -999.250 -999.250 -999.250 -999.250 -999.250 -999.250 -999.250 -999.250 -999.250 -999.250 -999.250 -999.250 -999.250 -999.250 -999.250 -999.250 -999.250 162.777 162.740 194.542 195.480 230.101 276.351 330.610 369.387 428.704 468.866 505.756 520.276 504.154 509.812 476.172 450.967 420.804 385.095 363.603 350.478 344.966 353.765 361.083 384.039 354.395 338.610 322.397 304.560 259.044 233.696 210.480 195.133 176.936 173.900 163.939 147.975 145.439 146.624 135.131 140.975 147.374 208.488 304.862 446.473 598.366 787.922
-999.250 -999.250 -999.250 -999.250 -999.250 -999.250 -999.250 -999.250 -999.250 -999.250 -999.250 -999.250 -999.250 -999.250 -999.250 -999.250 -999.250 184.400 179.761 199.084 217.082 238.375 274.058 312.408 341.163 381.818 429.786 462.556 490.437 502.665 505.660 490.354 464.786 442.169 415.634 368.828 352.006 345.769 347.309 363.451 381.894 399.742 380.411 338.742 320.097 289.018 261.544 228.479 205.949 193.730 185.807 173.317 177.216 161.837 159.204 150.967 154.898 145.365 145.171 160.385 288.385 433.964 563.391 727.814
