data/medianmodel_09-Dec-2020.asc
ncols	141
nrows	288
xllcorner	-120191.398
yllcorner	-301404.813
cellsize	2000.000
NODATA_value	-999.250
[rows 58 to 86 of 288, columns 64 to 127 of 141]
722.315 713.515 651.558 629.288 586.073 589.198 594.485 660.629 712.074 849.783 885.307 899.863 985.569 1106.247 1147.758 1177.881 1131.879 1016.115 926.525 798.157 687.776 583.341 456.003 378.091 321.193 259.522 204.403 171.491 150.015 126.984 114.248 110.893 123.293 130.893 157.457 188.352 231.551 281.332 365.942 437.174 506.295 580.344 629.797 652.114 701.874 682.992 673.217 633.783 633.739 613.230 596.808 577.491 575.368 -999.250 -999.250 -999.250 -999.250 -999.250 -999.250 -999.250 -999.250 -999.250 -999.250 -999.250
683.386 640.191 619.773 606.832 595.375 604.261 622.849 637.056 682.799 717.647 767.593 795.788 875.993 990.526 1016.674 1030.478 1001.489 895.716 760.574 664.794 587.132 501.747 427.935 345.667 291.174 226.731 175.469 149.024 133.885 118.976 112.216 112.254 117.441 128.873 157.305 215.777 250.191 309.233 377.266 452.704 505.813 587.494 674.152 686.684 677.289 668.121 670.781 662.587 636.898 597.215 650.973 608.725 -999.250 -999.250 -999.250 -999.250 -999.250 -999.250 -999.250 -999.250 -999.250 -999.250 -999.250 -999.250
651.095 612.820 594.495 559.693 564.647 597.775 566.712 608.783 603.850 608.762 674.446 710.106 733.912 842.707 851.387 839.963 748.546 683.363 649.840 557.824 463.882 407.267 359.573 301.000 228.716 200.100 152.301 120.820 111.093 113.405 107.568 111.688 122.642 140.428 171.819 216.454 275.921 343.444 399.052 464.442 546.285 609.256 674.693 705.720 692.529 717.397 692.961 682.635 660.459 666.626 649.186 616.686 -999.250 -999.250 -999.250 -999.250 -999.250 -999.250 -999.250 -999.250 -999.250 -999.250 -999.250 -999.250
572.423 541.659 519.146 537.328 553.180 527.722 544.364 542.172 532.615 511.580 506.554 542.771 590.629 624.611 652.149 652.522 577.362 517.235 447.835 395.564 360.079 314.491 283.779 240.598 175.345 153.356 122.880 100.647 88.450 84.828 94.993 105.957 116.582 144.884 179.458 242.443 311.751 369.050 417.686 474.015 547.375 611.266 663.054 674.269 705.633 713.335 693.941 688.667 678.136 647.630 645.461 -999.250 -999.250 -999.250 -999.250 -999.250 -999.250 -999.250 -999.250 -999.250 -999.250 -999.250 -999.250 -999.250
533.787 504.882 506.839 501.433 488.816 491.592 496.252 468.602 442.803 389.231 345.976 415.641 451.964 485.560 497.838 490.035 414.214 343.921 278.197 243.012 239.572 234.406 213.788 168.539 143.962 116.104 92.909 70.832 68.283 64.832 85.972 106.849 123.010 154.102 201.319 264.320 329.346 387.311 422.829 497.891 557.953 603.488 657.711 668.100 666.997 707.843 -999.250 -999.250 -999.250 -999.250 -999.250 -999.250 -999.250 -999.250 -999.250 -999.250 -999.250 -999.250 -999.250 -999.250 -999.250 -999.250 -999.250 -999.250
523.469 483.585 474.696 479.054 487.900 462.859 433.907 399.166 371.693 340.949 310.520 327.685 350.313 378.596 362.844 338.193 283.516 186.143 71.898 120.756 150.505 153.305 133.039 116.843 110.763 83.772 62.034 38.595 47.448 62.981 84.609 99.283 122.849 167.113 234.385 296.840 353.646 389.606 468.892 526.390 576.663 594.945 673.687 674.768 721.418 700.681 710.932 -999.250 -999.250 -999.250 -999.250 -999.250 -999.250 -999.250 -999.250 -999.250 -999.250 -999.250 -999.250 -999.250 -999.250 -999.250 -999.250 -999.250
501.059 482.282 491.663 458.046 454.503 430.179 411.025 367.840 336.766 311.676 297.365 275.132 295.160 294.864 270.077 247.488 168.366 116.272 73.826 72.496 99.265 107.221 109.713 103.499 85.716 63.666 50.751 41.201 45.493 65.059 86.156 106.302 133.185 174.406 246.000 300.606 387.928 427.546 498.966 552.478 607.861 659.141 698.141 708.682 745.779 728.011 754.359 796.578 -999.250 -999.250 -999.250 -999.250 -999.250 -999.250 -999.250 -999.250 -999.250 -999.250 -999.250 -999.250 -999.250 -999.250 -999.250 -999.250
495.441 470.246 491.906 454.072 419.701 397.502 378.332 335.279 307.915 290.468 275.076 262.533 243.149 236.463 208.337 173.984 129.946 102.816 74.373 59.718 73.924 92.507 90.830 80.404 63.320 60.520 47.767 47.370 58.564 69.878 99.401 120.658 155.849 190.449 264.736 317.371 401.411 466.661 579.402 619.451 623.054 701.693 747.554 751.607 773.639 767.069 773.982 782.865 -999.250 -999.250 -999.250 -999.250 -999.250 -999.250 -999.250 -999.250 -999.250 -999.250 -999.250 -999.250 -999.250 -999.250 -999.250 -999.250
476.486 454.281 447.218 421.861 404.781 385.326 359.053 315.583 310.353 278.132 265.963 248.887 232.901 210.144 180.799 152.557 119.234 93.688 74.528 71.956 74.138 70.271 73.252 63.785 62.325 52.633 53.826 59.661 70.247 91.108 116.124 153.298 186.211 239.958 317.436 385.181 443.565 516.639 585.457 653.652 659.422 736.969 764.122 800.491 803.428 826.230 803.657 780.625 807.009 -999.250 -999.250 -999.250 -999.250 -999.250 -999.250 -999.250 -999.250 -999.250 -999.250 -999.250 -999.250 -999.250 -999.250 -999.250
463.666 422.476 423.088 402.232 386.570 378.707 360.817 329.825 292.648 279.731 258.528 236.780 212.565 191.627 160.508 154.488 124.528 110.808 99.798 95.363 96.186 83.791 75.396 68.589 60.927 51.176 60.647 69.824 83.962 118.498 138.189 176.787 238.308 275.467 368.388 435.486 470.506 567.784 629.859 653.487 709.159 760.710 783.381 821.796 856.132 859.599 840.473 793.066 798.468 759.757 -999.250 -999.250 -999.250 -999.250 -999.250 -999.250 -999.250 -999.250 -999.250 -999.250 -999.250 -999.250 -999.250 -999.250
446.951 425.186 402.848 384.021 379.838 368.950 357.157 320.052 274.187 276.859 261.743 234.831 205.317 199.054 171.390 154.128 142.669 137.244 128.120 125.418 114.454 106.043 103.054 81.277 70.997 69.726 77.175 85.482 110.783 134.036 176.133 231.439 267.610 335.459 393.133 481.057 528.532 611.875 658.171 716.650 807.899 813.302 799.945 871.236 840.507 888.479 847.822 836.568 789.475 845.610 -999.250 -999.250 -999.250 -999.250 -999.250 -999.250 -999.250 -999.250 -999.250 -999.250 -999.250 -999.250 -999.250 -999.250
408.689 409.616 409.577 394.205 386.068 374.775 361.822 328.084 301.063 276.090 262.277 242.730 222.437 195.715 193.105 175.524 162.730 171.665 173.231 166.404 152.706 137.222 117.153 101.671 96.477 96.646 97.773 108.372 125.797 164.900 216.324 271.238 332.679 370.722 440.241 539.209 595.390 657.641 692.943 817.795 853.155 832.800 882.673 869.111 878.325 882.643 862.040 823.914 809.594 838.110 -999.250 -999.250 -999.250 -999.250 -999.250 -999.250 -999.250 -999.250 -999.250 -999.250 -999.250 -999.250 -999.250 -999.250
402.888 401.381 379.106 375.349 381.067 372.319 350.215 325.136 299.211 262.252 247.776 238.659 223.359 215.354 213.000 193.551 202.145 219.970 223.787 225.225 220.664 200.355 167.169 129.726 130.157 131.909 127.026 139.215 146.776 198.474 234.056 301.938 360.987 421.038 480.740 578.520 633.015 694.212 733.169 849.139 881.582 875.173 916.282 923.751 902.840 890.817 853.611 832.351 825.984 817.865 801.657 696.466 -999.250 -999.250 -999.250 -999.250 -999.250 -999.250 -999.250 -999.250 -999.250 -999.250 -999.250 -999.250
370.712 366.784 379.286 369.063 377.083 365.607 344.034 329.953 307.888 274.715 264.048 256.665 234.692 223.543 226.264 243.985 234.600 259.016 287.500 302.732 294.350 282.997 247.821 207.861 197.132 181.828 162.336 174.287 194.058 218.677 277.932 350.956 386.965 466.603 542.256 600.950 700.807 725.777 798.273 860.753 883.161 898.726 900.925 959.607 909.778 932.406 899.781 895.214 857.616 830.250 752.032 702.443 -999.250 -999.250 -999.250 -999.250 -999.250 -999.250 -999.250 -999.250 -999.250 -999.250 -999.250 -999.250
366.601 363.232 378.249 366.402 367.232 340.922 340.827 310.493 307.642 291.096 273.934 259.104 249.708 249.647 247.656 269.887 283.499 309.296 360.375 384.178 373.506 366.536 349.662 302.535 275.184 259.989 231.982 228.026 224.487 251.935 292.877 336.165 408.074 470.926 582.320 646.334 697.298 785.728 899.720 902.977 907.048 970.981 965.518 963.916 944.731 918.547 873.096 865.360 798.592 773.032 749.752 -999.250 -999.250 -999.250 -999.250 -999.250 -999.250 -999.250 -999.250 -999.250 -999.250 -999.250 -999.250 -999.250
354.836 366.947 365.351 362.378 342.824 344.053 335.300 328.119 297.931 277.981 284.016 265.321 253.090 253.339 266.382 292.195 311.483 365.688 405.048 426.575 460.836 451.155 434.010 390.229 362.242 306.436 285.661 275.245 251.840 262.150 319.187 376.840 434.928 515.507 629.431 714.164 797.221 853.909 899.265 921.630 1005.955 1029.365 1027.510 1014.814 968.367 920.921 904.138 838.698 773.505 696.306 707.303 -999.250 -999.250 -999.250 -999.250 -999.250 -999.250 -999.250 -999.250 -999.250 -999.250 -999.250 -999.250 -999.250
351.016 348.445 370.901 366.546 359.543 348.277 348.083 328.482 308.031 303.590 291.923 272.567 255.513 255.180 286.130 334.591 374.110 401.379 428.183 510.433 550.281 560.707 518.969 478.895 410.613 365.201 327.506 290.353 262.685 299.886 345.412 389.500 479.758 558.023 634.022 683.620 785.356 873.605 902.036 1011.657 1057.821 1068.743 1045.265 966.478 964.983 887.165 856.840 822.822 791.235 712.160 675.985 -999.250 -999.250 -999.250 -999.250 -999.250 -999.250 -999.250 -999.250 -999.250 -999.250 -999.250 -999.250 -999.250
315.700 344.516 342.931 358.978 350.965 341.150 350.008 323.115 315.055 319.932 297.534 286.508 256.607 280.018 309.317 339.906 367.261 413.798 478.442 557.967 611.949 654.182 637.286 552.187 481.876 416.987 362.577 303.628 259.155 325.404 393.163 431.334 481.818 552.921 645.112 706.546 834.367 900.977 1008.649 1054.033 1104.453 1081.533 1040.990 1015.075 946.605 873.108 804.315 774.334 708.745 677.877 671.678 -999.250 -999.250 -999.250 -999.250 -999.250 -999.250 -999.250 -999.250 -999.250 -999.250 -999.250 -999.250 -999.250
303.814 327.993 336.461 344.385 374.465 351.057 327.342 331.602 310.503 317.324 313.206 279.569 265.428 282.182 307.370 353.006 379.932 431.688 506.653 589.493 667.338 773.861 661.416 603.425 511.560 450.779 399.196 363.739 347.494 370.175 411.701 475.696 531.607 605.746 650.221 681.868 811.053 889.032 975.406 1038.211 1055.428 1084.153 1043.747 996.727 926.651 872.231 824.179 735.194 699.724 676.877 640.901 -999.250 -999.250 -999.250 -999.250 -999.250 -999.250 -999.250 -999.250 -999.250 -999.250 -999.250 -999.250 -999.250
309.125 318.399 331.823 355.480 355.794 366.020 343.017 347.306 352.588 338.899 307.502 285.480 279.615 276.339 314.813 348.511 393.044 441.211 520.670 572.450 659.857 691.311 650.716 602.269 513.047 474.285 410.079 388.876 379.429 429.099 463.009 499.726 555.366 592.305 649.644 731.775 848.549 861.969 903.634 987.327 1012.028 1002.624 969.746 972.836 857.923 869.383 774.165 722.186 698.440 637.145 574.161 -999.250 -999.250 -999.250 -999.250 -999.250 -999.250 -999.250 -999.250 -999.250 -999.250 -999.250 -999.250 -999.250
304.808 333.850 323.582 351.747 367.297 378.578 363.941 363.697 363.361 341.749 337.396 326.577 306.065 303.975 328.237 371.081 405.707 449.307 505.731 535.855 596.329 639.519 626.588 578.282 505.920 451.534 414.195 424.365 433.332 457.642 486.621 504.095 572.112 597.865 664.376 757.258 848.914 890.253 854.275 940.118 907.296 907.176 876.310 868.152 795.260 790.862 704.339 691.748 614.804 603.460 529.946 -999.250 -999.250 -999.250 -999.250 -999.250 -999.250 -999.250 -999.250 -999.250 -999.250 -999.250 -999.250 -999.250
292.870 310.510 342.880 352.383 359.349 378.163 355.865 362.564 362.114 358.206 312.685 319.816 309.528 321.650 343.197 360.069 396.771 423.575 475.430 506.260 536.836 525.636 514.442 501.953 484.150 443.966 438.711 441.196 428.952 478.876 485.079 517.550 628.548 637.913 680.908 725.201 815.023 846.688 856.286 856.690 869.715 874.368 854.684 818.074 796.454 696.481 675.553 654.362 565.762 501.353 484.769 -999.250 -999.250 -999.250 -999.250 -999.250 -999.250 -999.250 -999.250 -999.250 -999.250 -999.250 -999.250 -999.250
312.647 327.194 352.509 369.236 385.270 389.075 384.005 370.073 357.856 334.954 316.372 299.810 312.805 321.837 327.521 363.824 367.586 394.216 429.367 418.838 430.671 445.929 432.164 437.835 430.094 423.876 428.623 437.879 442.559 477.954 496.510 540.325 585.813 626.244 667.646 721.455 792.489 808.554 779.822 827.367 819.998 802.858 778.622 712.938 665.426 630.636 633.875 591.143 554.931 492.135 466.851 440.859 -999.250 -999.250 -999.250 -999.250 -999.250 -999.250 -999.250 -999.250 -999.250 -999.250 -999.250 -999.250
340.874 353.888 377.726 385.042 422.631 404.870 399.228 382.334 358.731 336.325 311.245 293.229 297.964 314.281 323.261 320.915 354.682 366.844 363.907 378.276 382.259 381.343 382.743 381.992 381.935 400.076 404.926 443.925 457.019 477.194 510.506 533.644 593.121 661.601 670.964 721.565 738.946 808.025 836.215 770.451 745.801 756.928 742.045 681.297 639.012 633.744 593.064 581.804 505.161 447.433 425.092 373.489 -999.250 -999.250 -999.250 -999.250 -999.250 -999.250 -999.250 -999.250 -999.250 -999.250 -999.250 -999.250
321.406 368.952 385.985 407.676 423.686 437.022 405.205 384.659 360.264 335.366 314.563 300.709 292.432 268.148 278.354 286.617 290.008 302.463 320.557 316.951 311.720 330.206 363.288 361.371 373.655 391.117 396.006 418.289 456.431 484.771 511.623 520.341 589.237 632.139 670.461 683.658 740.782 771.197 762.615 727.764 715.041 701.218 692.890 651.030 634.061 592.540 540.627 515.764 452.783 411.194 376.948 357.344 -999.250 -999.250 -999.250 -999.250 -999.250 -999.250 -999.250 -999.250 -999.250 -999.250 -999.250 -999.250
321.204 360.441 378.171 419.770 432.356 438.086 420.356 385.048 368.586 339.524 301.568 281.581 256.718 254.230 260.680 277.178 270.950 276.201 262.481 250.939 254.283 267.942 305.380 321.201 347.973 372.632 382.640 401.577 450.475 502.975 522.744 535.538 556.921 585.765 625.288 686.199 718.212 734.389 729.994 718.983 706.282 670.191 659.597 646.061 598.283 588.525 507.552 446.195 396.865 373.584 329.815 317.951 -999.250 -999.250 -999.250 -999.250 -999.250 -999.250 -999.250 -999.250 -999.250 -999.250 -999.250 -999.250
327.529 366.043 395.838 421.083 431.697 449.516 441.457 403.929 391.650 345.967 305.832 264.433 226.575 228.541 241.734 249.387 255.649 255.912 241.263 201.079 176.678 229.132 281.150 313.907 330.875 353.234 360.854 408.453 415.863 469.105 477.513 517.140 529.635 584.731 610.778 655.368 673.822 679.308 686.065 691.097 663.647 678.905 622.893 591.880 553.399 504.253 443.946 410.981 363.330 320.398 274.442 -999.250 -999.250 -999.250 -999.250 -999.250 -999.250 -999.250 -999.250 -999.250 -999.250 -999.250 -999.250 -999.250
356.510 375.497 384.684 417.735 435.000 471.792 459.474 436.534 405.503 369.894 303.907 243.590 167.477 205.053 242.094 246.435 260.921 253.068 238.837 228.559 203.080 222.835 276.515 311.535 328.242 345.775 374.029 401.765 423.722 471.245 530.234 543.057 537.093 634.751 648.885 657.362 650.720 668.677 658.536 644.156 646.354 668.918 625.414 570.517 526.393 464.867 437.002 389.278 364.302 321.339 273.810 -999.250 -999.250 -999.250 -999.250 -999.250 -999.250 -999.250 -999.250 -999.250 -999.250 -999.250 -999.250 -999.250
335.799 364.014 395.699 409.703 467.607 471.967 501.035 464.856 426.474 386.577 349.656 284.005 253.895 243.524 257.207 265.764 277.418 285.387 262.812 250.394 251.281 247.968 282.544 300.658 326.553 356.876 382.784 404.977 462.498 488.785 509.185 542.318 572.220 638.823 639.049 666.323 646.175 642.769 644.093 652.116 616.698 654.217 588.454 566.850 508.012 456.021 406.736 362.767 323.520 317.536 -999.250 -999.250 -999.250 -999.250 -999.250 -999.250 -999.250 -999.250 -999.250 -999.250 -999.250 -999.250 -999.250 -999.250
