data/medianmodel_06-Oct-2020.asc
ncols	141
nrows	288
xllcorner	-120191.398
yllcorner	-301404.813
cellsize	2000.000
NODATA_value	-999.250
[rows 240 to 269 of 288, columns 0 to 66 of 141]
-999.250 -999.250 -999.250 -999.250 -999.250 -999.250 -999.250 -999.250 -999.250 -999.250 -999.250 -999.250 -999.250 -999.250 -999.250 -999.250 -999.250 -999.250 -999.250 -999.250 -999.250 -999.250 -999.250 -999.250 -999.250 -999.250 -999.250 -999.250 -999.250 -999.250 25.534 19.697 17.289 18.390 18.810 16.697 27.230 29.100 27.335 33.075 36.489 42.737 49.923 46.353 47.212 51.528 56.191 68.498 71.328 77.904 71.194 71.328 68.149 66.994 68.908 67.923 57.367 52.702 42.305 32.387 29.569 27.295 23.178 20.551 24.993 24.605 31.336
-999.250 -999.250 -999.250 -999.250 -999.250 -999.250 -999.250 -999.250 -999.250 -999.250 -999.250 -999.250 -999.250 -999.250 -999.250 -999.250 -999.250 -999.250 -999.250 -999.250 -999.250 -999.250 -999.250 -999.250 -999.250 -999.250 -999.250 -999.250 -999.250 -999.250 22.535 19.571 22.287 16.715 18.893 21.215 27.194 28.575 30.812 37.635 41.441 46.129 51.455 57.026 58.791 58.478 68.595 72.786 75.175 83.450 84.993 81.658 79.085 82.869 73.616 67.777 63.522 57.220 42.746 36.855 31.192 22.090 20.395 14.686 21.213 24.636 25.536
-999.250 -999.250 -999.250 -999.250 -999.250 -999.250 -999.250 -999.250 -999.250 -999.250 -999.250 -999.250 -999.250 -999.250 -999.250 -999.250 -999.250 -999.250 -999.250 -999.250 -999.250 -999.250 -999.250 -999.250 -999.250 -999.250 -999.250 -999.250 -999.250 -999.250 23.555 18.598 19.037 19.849 18.022 22.873 24.457 27.471 35.385 38.973 45.257 47.901 54.029 62.980 62.997 64.748 71.613 80.830 87.290 91.308 90.571 108.047 107.835 90.861 91.124 79.481 67.472 51.987 49.450 36.706 31.711 14.020 11.884 12.611 11.832 11.968 14.555
-999.250 -999.250 -999.250 -999.250 -999.250 -999.250 -999.250 -999.250 -999.250 -999.250 -999.250 -999.250 -999.250 -999.250 -999.250 -999.250 -999.250 -999.250 -999.250 -999.250 -999.250 -999.250 -999.250 -999.250 -999.250 -999.250 -999.250 -999.250 -999.250 -999.250 23.358 20.298 21.617 21.115 21.821 23.953 29.628 31.083 35.202 42.070 41.568 53.450 53.730 58.797 66.269 73.323 86.560 88.563 92.380 92.703 101.776 117.464 122.126 100.484 104.039 83.628 74.417 60.504 53.669 40.499 26.607 13.815 7.324 8.453 9.219 6.545 12.864
-999.250 -999.250 -999.250 -999.250 -999.250 -999.250 -999.250 -999.250 -999.250 -999.250 -999.250 -999.250 -999.250 -999.250 -999.250 -999.250 -999.250 -999.250 -999.250 -999.250 -999.250 -999.250 -999.250 -999.250 -999.250 -999.250 -999.250 -999.250 -999.250 -999.250 23.073 22.025 21.217 21.756 22.616 24.563 32.247 35.220 40.897 36.203 50.729 57.972 64.454 61.535 66.302 72.670 88.407 96.111 109.047 117.079 116.723 130.073 130.366 112.700 102.625 83.610 73.204 63.481 52.258 35.675 23.110 7.669 2.161 1.849 2.460 6.104 3.740
-999.250 -999.250 -999.250 -999.250 -999.250 -999.250 -999.250 -999.250 -999.250 -999.250 -999.250 -999.250 -999.250 -999.250 -999.250 -999.250 -999.250 -999.250 -999.250 -999.250 -999.250 -999.250 -999.250 -999.250 -999.250 -999.250 -999.250 -999.250 -999.250 -999.250 -999.250 27.233 24.555 19.155 28.888 25.448 30.937 36.361 39.696 48.822 51.819 58.523 60.179 69.074 72.843 77.887 90.156 94.113 106.501 117.311 131.000 134.649 128.889 133.198 117.791 97.282 83.089 71.813 52.915 39.476 18.338 0.000 0.000 0.000 0.000 0.000 2.577
-999.250 -999.250 -999.250 -999.250 -999.250 -999.250 -999.250 -999.250 -999.250 -999.250 -999.250 -999.250 -999.250 -999.250 -999.250 -999.250 -999.250 -999.250 -999.250 -999.250 -999.250 -999.250 -999.250 -999.250 -999.250 -999.250 -999.250 -999.250 -999.250 -999.250 -999.250 24.137 25.385 23.730 29.231 33.050 31.635 40.427 42.347 51.823 52.401 62.672 65.533 76.011 79.515 82.966 93.634 111.314 116.970 116.523 130.312 139.326 140.775 143.874 136.944 117.566 100.617 86.233 65.175 47.993 24.569 8.539 4.011 1.371 0.238 2.428 2.695
-999.250 -999.250 -999.250 -999.250 -999.250 -999.250 -999.250 -999.250 -999.250 -999.250 -999.250 -999.250 -999.250 -999.250 -999.250 -999.250 -999.250 -999.250 -999.250 -999.250 -999.250 -999.250 -999.250 -999.250 -999.250 -999.250 -999.250 -999.250 -999.250 -999.250 30.684 25.108 24.952 20.953 26.696 33.311 34.483 37.747 39.972 48.344 55.711 60.091 62.172 67.944 80.868 85.684 97.682 109.277 106.648 117.026 144.302 144.326 151.593 146.793 152.536 135.802 124.109 94.149 71.376 54.913 30.654 17.556 9.366 2.263 2.190 3.061 5.658
-999.250 -999.250 -999.250 -999.250 -999.250 -999.250 -999.250 -999.250 -999.250 -999.250 -999.250 -999.250 -999.250 -999.250 -999.250 -999.250 -999.250 -999.250 -999.250 -999.250 -999.250 -999.250 -999.250 -999.250 -999.250 -999.250 -999.250 -999.250 -999.250 -999.250 27.009 26.721 22.687 25.606 32.224 28.554 32.955 40.810 45.713 51.239 55.457 56.772 64.612 73.792 79.340 90.610 101.117 95.245 111.337 127.651 144.560 146.788 151.378 164.798 163.954 150.321 136.665 108.154 77.239 60.244 38.025 23.642 13.079 6.675 1.883 2.256 2.640
-999.250 -999.250 -999.250 -999.250 -999.250 -999.250 -999.250 -999.250 -999.250 -999.250 -999.250 -999.250 -999.250 -999.250 -999.250 -999.250 -999.250 -999.250 -999.250 -999.250 -999.250 -999.250 -999.250 -999.250 -999.250 -999.250 -999.250 -999.250 -999.250 -999.250 27.045 27.342 26.131 27.399 27.499 29.426 34.703 38.547 42.436 51.982 53.498 58.522 60.928 72.374 74.111 89.977 98.357 107.722 123.642 140.726 144.508 143.178 150.005 161.220 176.199 173.649 147.151 106.571 83.844 63.516 46.192 26.367 14.257 8.455 5.365 5.133 3.133
-999.250 -999.250 -999.250 -999.250 -999.250 -999.250 -999.250 -999.250 -999.250 -999.250 -999.250 -999.250 -999.250 -999.250 -999.250 -999.250 -999.250 -999.250 -999.250 -999.250 -999.250 -999.250 -999.250 -999.250 -999.250 -999.250 -999.250 -999.250 -999.250 -999.250 31.462 26.399 26.644 27.123 28.898 34.172 35.311 36.988 42.217 48.515 52.952 54.767 64.477 70.673 80.653 85.567 88.582 104.157 126.470 139.383 154.099 159.003 145.897 164.389 162.015 159.866 130.218 107.986 87.490 66.224 47.779 28.320 16.979 8.691 5.076 6.955 6.800
-999.250 -999.250 -999.250 -999.250 -999.250 -999.250 -999.250 -999.250 -999.250 -999.250 -999.250 -999.250 -999.250 -999.250 -999.250 -999.250 -999.250 -999.250 -999.250 -999.250 -999.250 -999.250 -999.250 -999.250 -999.250 -999.250 -999.250 -999.250 -999.250 -999.250 30.537 24.171 27.714 28.249 31.002 32.223 33.103 36.888 45.308 52.595 54.842 59.845 59.803 64.836 79.868 80.912 97.434 115.041 136.256 138.173 144.342 130.329 149.514 153.451 154.659 144.864 134.872 113.680 83.200 64.085 41.636 28.016 18.761 10.025 7.182 8.494 7.688
-999.250 -999.250 -999.250 -999.250 -999.250 -999.250 -999.250 -999.250 -999.250 -999.250 -999.250 -999.250 -999.250 -999.250 -999.250 -999.250 -999.250 -999.250 -999.250 -999.250 -999.250 -999.250 -999.250 -999.250 -999.250 -999.250 -999.250 -999.250 -999.250 27.639 28.194 26.195 27.687 27.336 31.036 31.517 31.510 38.247 39.579 52.933 55.794 56.991 62.893 66.514 70.296 85.392 98.092 105.433 125.074 133.260 137.026 137.334 143.891 167.007 145.191 135.098 120.855 92.811 77.110 58.749 43.646 26.383 13.791 11.661 8.201 9.844 9.287
-999.250 -999.250 -999.250 -999.250 -999.250 -999.250 -999.250 -999.250 -999.250 -999.250 -999.250 -999.250 -999.250 -999.250 -999.250 -999.250 -999.250 -999.250 -999.250 -999.250 -999.250 -999.250 -999.250 -999.250 -999.250 -999.250 -999.250 -999.250 -999.250 -999.250 26.702 26.474 28.075 28.181 31.118 27.649 27.479 34.070 34.825 43.950 47.365 51.581 54.488 63.702 67.506 79.453 86.739 94.105 110.377 124.312 136.478 137.230 129.541 138.442 140.969 126.620 106.549 82.723 74.098 59.980 34.909 24.715 19.318 12.063 9.098 9.457 14.422
-999.250 -999.250 -999.250 -999.250 -999.250 -999.250 -999.250 -999.250 -999.250 -999.250 -999.250 -999.250 -999.250 -999.250 -999.250 -999.250 -999.250 -999.250 -999.250 -999.250 -999.250 -999.250 -999.250 -999.250 -999.250 -999.250 -999.250 -999.250 -999.250 -999.250 25.456 28.835 30.743 26.198 23.115 23.111 25.384 24.677 31.485 35.275 41.020 48.749 52.536 56.663 64.562 71.987 83.256 86.600 95.924 108.135 116.032 123.585 122.042 109.761 99.450 98.343 87.434 71.046 67.854 50.417 32.966 22.873 13.862 10.489 9.031 9.945 18.262
-999.250 -999.250 -999.250 -999.250 -999.250 -999.250 -999.250 -999.250 -999.250 -999.250 -999.250 -999.250 -999.250 -999.250 -999.250 -999.250 -999.250 -999.250 -999.250 -999.250 -999.250 -999.250 -999.250 -999.250 -999.250 -999.250 -999.250 -999.250 -999.250 -999.250 -999.250 27.180 27.769 26.370 23.245 23.744 25.471 22.091 25.892 28.934 36.358 43.721 44.417 52.645 60.646 68.259 71.278 73.966 87.889 92.125 94.761 105.962 113.414 109.013 95.746 89.953 76.885 67.316 54.989 47.398 33.647 19.890 11.569 7.996 5.425 9.897 23.122
-999.250 -999.250 -999.250 -999.250 -999.250 -999.250 -999.250 -999.250 -999.250 -999.250 -999.250 -999.250 -999.250 -999.250 -999.250 -999.250 -999.250 -999.250 -999.250 -999.250 -999.250 -999.250 -999.250 -999.250 -999.250 -999.250 -999.250 -999.250 -999.250 -999.250 -999.250 22.338 19.309 21.603 22.237 25.651 21.471 20.407 19.197 23.880 26.715 36.377 40.858 41.073 51.336 57.241 66.567 76.351 71.431 75.393 89.766 85.083 93.894 87.360 80.646 76.792 70.657 56.822 48.856 40.727 30.194 20.191 8.993 2.643 3.721 11.053 25.455
-999.250 -999.250 -999.250 -999.250 -999.250 -999.250 -999.250 -999.250 -999.250 -999.250 -999.250 -999.250 -999.250 -999.250 -999.250 -999.250 -999.250 -999.250 -999.250 -999.250 -999.250 -999.250 -999.250 -999.250 -999.250 -999.250 -999.250 -999.250 -999.250 -999.250 15.757 17.339 20.730 16.524 16.404 16.985 17.450 15.931 18.480 23.607 25.537 29.866 32.900 39.397 43.150 51.975 61.635 73.400 63.627 68.151 77.449 89.791 87.381 90.017 78.971 67.770 57.555 52.684 42.397 37.058 26.065 18.343 9.799 3.516 0.000 11.988 28.326
-999.250 -999.250 -999.250 -999.250 -999.250 -999.250 -999.250 -999.250 -999.250 -999.250 -999.250 -999.250 -999.250 -999.250 -999.250 -999.250 -999.250 -999.250 -999.250 -999.250 -999.250 -999.250 -999.250 -999.250 -999.250 -999.250 -999.250 -999.250 -999.250 -999.250 22.405 15.355 15.836 11.149 11.758 11.705 11.322 11.139 14.647 20.891 24.469 24.441 28.343 38.791 44.121 51.817 57.202 56.198 60.148 63.817 75.159 67.052 73.547 70.258 72.036 58.106 52.284 46.267 43.624 35.780 26.142 19.931 11.990 7.957 12.352 20.321 36.642
-999.250 -999.250 -999.250 -999.250 -999.250 -999.250 -999.250 -999.250 -999.250 -999.250 -999.250 -999.250 -999.250 -999.250 -999.250 -999.250 -999.250 -999.250 -999.250 -999.250 -999.250 -999.250 -999.250 -999.250 -999.250 -999.250 -999.250 -999.250 -999.250 -999.250 17.096 14.524 12.895 8.861 8.356 9.245 9.787 8.570 12.031 13.384 22.003 19.845 23.574 31.966 39.944 42.599 54.035 59.239 60.213 58.138 68.535 68.012 69.310 68.584 65.032 54.354 46.749 35.855 39.109 37.378 25.375 22.417 16.430 19.592 21.434 26.481 39.279
-999.250 -999.250 -999.250 -999.250 -999.250 -999.250 -999.250 -999.250 -999.250 -999.250 -999.250 -999.250 -999.250 -999.250 -999.250 -999.250 -999.250 -999.250 -999.250 -999.250 -999.250 -999.250 -999.250 -999.250 -999.250 -999.250 -999.250 -999.250 -999.250 -999.250 12.969 10.458 7.897 8.254 6.844 7.053 8.066 7.386 11.446 11.280 14.766 20.497 22.468 30.783 37.009 46.813 42.441 48.567 57.724 52.354 54.337 63.232 64.026 59.586 54.840 49.233 47.886 40.715 36.773 37.422 28.824 20.646 23.099 20.971 27.493 31.957 45.021
-999.250 -999.250 -999.250 -999.250 -999.250 -999.250 -999.250 -999.250 -999.250 -999.250 -999.250 -999.250 -999.250 -999.250 -999.250 -999.250 -999.250 -999.250 -999.250 -999.250 -999.250 -999.250 -999.250 -999.250 -999.250 -999.250 -999.250 -999.250 -999.250 -999.250 11.759 8.123 5.652 3.767 5.312 4.361 4.311 7.249 6.550 8.895 12.444 19.564 20.635 24.131 31.295 33.531 39.480 39.222 44.676 45.296 43.681 47.475 52.868 52.600 51.376 45.985 44.135 38.458 37.543 32.071 30.518 22.856 24.721 23.546 29.603 36.022 52.182
-999.250 -999.250 -999.250 -999.250 -999.250 -999.250 -999.250 -999.250 -999.250 -999.250 -999.250 -999.250 -999.250 -999.250 -999.250 -999.250 -999.250 -999.250 -999.250 -999.250 -999.250 -999.250 -999.250 -999.250 -999.250 -999.250 -999.250 -999.250 -999.250 -999.250 8.788 3.742 0.455 0.535 2.017 0.830 4.669 1.014 3.104 6.282 10.407 12.970 14.889 17.894 19.580 25.376 28.780 34.010 34.870 34.694 37.222 36.842 37.919 43.532 42.960 37.389 38.514 35.756 31.189 28.211 30.894 26.102 29.789 26.520 33.336 43.754 47.668
-999.250 -999.250 -999.250 -999.250 -999.250 -999.250 -999.250 -999.250 -999.250 -999.250 -999.250 -999.250 -999.250 -999.250 -999.250 -999.250 -999.250 -999.250 -999.250 -999.250 -999.250 -999.250 -999.250 -999.250 -999.250 -999.250 -999.250 -999.250 -999.250 12.307 4.851 0.000 0.248 0.000 0.000 0.000 1.428 0.593 0.610 4.296 7.454 7.903 9.641 11.118 15.466 21.073 24.455 28.901 26.570 31.012 31.474 27.658 28.886 33.876 34.313 37.220 37.885 35.663 30.481 25.500 30.517 29.575 31.529 26.378 36.815 38.827 53.695
-999.250 -999.250 -999.250 -999.250 -999.250 -999.250 -999.250 -999.250 -999.250 -999.250 -999.250 -999.250 -999.250 -999.250 -999.250 -999.250 -999.250 -999.250 -999.250 -999.250 -999.250 -999.250 -999.250 -999.250 -999.250 -999.250 -999.250 -999.250 -999.250 8.402 2.391 0.000 0.000 0.000 0.000 0.000 0.000 0.000 0.000 0.530 2.369 4.165 7.095 10.766 8.494 11.940 17.682 19.306 27.400 23.960 22.982 28.774 32.726 32.445 38.475 35.060 40.046 35.059 31.534 30.287 34.264 30.234 28.897 28.456 33.855 44.821 54.979
-999.250 -999.250 -999.250 -999.250 -999.250 -999.250 -999.250 -999.250 -999.250 -999.250 -999.250 -999.250 -999.250 -999.250 -999.250 -999.250 -999.250 -999.250 -999.250 -999.250 -999.250 -999.250 -999.250 -999.250 -999.250 -999.250 -999.250 -999.250 8.904 5.794 0.000 0.000 0.000 0.000 0.000 0.000 0.000 0.000 0.000 0.000 0.106 3.002 5.753 8.734 12.695 13.573 11.673 16.268 22.614 20.598 27.958 25.084 27.666 31.998 35.633 31.962 32.716 39.877 30.707 28.164 34.532 33.017 31.898 32.054 35.506 40.949 52.124
-999.250 -999.250 -999.250 -999.250 -999.250 -999.250 -999.250 -999.250 -999.250 -999.250 -999.250 -999.250 -999.250 -999.250 -999.250 -999.250 -999.250 -999.250 -999.250 -999.250 -999.250 -999.250 -999.250 -999.250 -999.250 -999.250 -999.250 -999.250 7.290 3.641 0.000 0.000 0.000 0.000 0.000 0.000 0.000 0.000 1.498 0.326 0.000 0.862 4.806 8.273 11.579 17.045 16.778 18.665 17.559 25.685 27.009 30.647 30.861 28.646 32.526 35.384 38.424 36.381 38.964 32.928 32.503 35.050 36.362 35.048 42.827 38.513 47.447
-999.250 -999.250 -999.250 -999.250 -999.250 -999.250 -999.250 -999.250 -999.250 -999.250 -999.250 -999.250 -999.250 -999.250 -999.250 -999.250 -999.250 -999.250 -999.250 -999.250 -999.250 -999.250 -999.250 -999.250 -999.250 -999.250 -999.250 13.688 8.686 1.225 0.000 0.000 0.000 0.899 1.592 1.580 3.545 1.566 3.156 2.267 0.000 2.587 6.992 6.997 10.699 11.056 16.904 17.254 19.687 23.629 28.897 28.069 36.568 31.434 33.820 38.221 44.003 37.322 38.422 36.898 39.962 37.590 34.982 33.956 36.225 36.492 38.291
-999.250 -999.250 -999.250 -999.250 -999.250 -999.250 -999.250 -999.250 -999.250 -999.250 -999.250 -999.250 -999.250 -999.250 -999.250 -999.250 -999.250 -999.250 -999.250 -999.250 -999.250 -999.250 -999.250 -999.250 -999.250 -999.250 -999.250 12.448 12.424 6.346 0.000 0.000 0.405 2.380 6.841 7.915 10.971 10.708 9.913 10.521 10.062 9.703 13.635 14.130 15.079 15.473 25.639 21.481 24.693 31.009 27.828 28.285 34.334 37.534 39.989 40.917 41.473 42.996 43.805 43.473 41.052 45.037 36.788 33.529 36.216 33.838 40.955
-999.250 -999.250 -999.250 -999.250 -999.250 -999.250 -999.250 -999.250 -999.250 -999.250 -999.250 -999.250 -999.250 -999.250 -999.250 -999.250 -999.250 -999.250 -999.250 -999.250 -999.250 -999.250 -999.250 -999.250 -999.250 -999.250 -999.250 23.185 9.503 11.464 7.767 6.864 7.535 9.950 11.337 10.273 15.515 18.662 18.543 19.296 19.085 17.398 19.099 22.044 21.816 22.737 22.022 24.477 27.867 30.526 30.469 34.727 37.554 42.910 38.302 48.574 50.900 55.592 53.337 49.809 54.668 42.431 34.449 35.787 33.926 28.787 38.981
