data/medianmodel_24-Jul-2020.asc
ncols	141
nrows	288
xllcorner	-120191.398
yllcorner	-301404.813
cellsize	2000.000
NODATA_value	-999.250
[rows 186 to 216 of 288, columns 0 to 69 of 141]
83.623 93.907 97.091 102.459 109.265 113.510 113.512 111.758 121.508 127.746 116.184 115.856 117.275 112.860 109.868 102.596 93.074 85.480 -999.250 -999.250 -999.250 -999.250 -999.250 52.271 44.567 44.502 44.397 38.178 42.213 48.909 41.654 40.217 41.486 27.363 25.418 23.313 19.687 16.512 14.841 14.633 14.721 9.957 10.220 6.971 4.254 3.294 1.926 3.148 1.990 3.405 0.662 1.590 0.000 3.838 7.102 8.079 11.770 15.138 26.485 35.918 55.614 61.657 71.582 85.958 93.475 93.745 97.577 87.927 80.475 76.345
-999.250 93.452 96.576 104.493 110.242 105.367 104.027 103.385 104.792 111.843 113.189 118.625 122.755 107.345 98.688 93.572 88.293 80.771 -999.250 -999.250 -999.250 -999.250 49.771 38.592 34.119 24.922 29.122 28.920 29.957 30.322 27.096 21.537 23.451 21.222 19.954 19.998 14.388 13.345 13.241 12.064 9.831 8.173 8.168 6.661 4.606 1.243 1.090 0.130 0.000 0.255 0.050 0.506 0.300 2.416 5.809 8.445 12.572 16.983 26.122 31.814 45.235 61.941 69.748 84.619 97.793 115.473 97.304 95.617 82.550 76.502
-999.250 97.469 93.830 100.764 107.205 105.595 91.094 88.950 90.124 95.299 99.397 104.788 104.733 100.641 89.366 82.824 78.083 77.447 -999.250 -999.250 -999.250 56.079 -999.250 29.105 21.380 21.172 19.475 18.391 20.254 17.236 15.756 18.816 13.379 13.353 18.018 15.467 11.818 10.629 12.524 11.363 7.656 6.289 6.095 3.829 2.298 0.000 0.000 0.000 0.000 0.000 0.000 0.000 0.000 3.238 6.147 7.994 12.733 15.380 23.412 28.882 48.638 70.191 64.443 81.717 92.339 92.712 98.579 94.511 88.117 67.193
-999.250 94.968 94.391 96.251 102.305 99.950 90.355 73.376 77.275 84.966 85.881 88.191 91.431 89.488 81.770 77.535 80.833 -999.250 -999.250 -999.250 -999.250 37.878 31.534 24.864 25.246 17.192 15.057 15.065 14.720 13.244 11.486 9.958 9.018 8.319 11.588 10.434 12.023 11.188 8.682 8.360 7.303 5.547 4.397 1.944 0.000 0.000 0.000 0.000 0.000 0.000 0.000 0.000 0.000 0.645 3.512 8.035 12.227 15.782 21.657 31.578 37.468 54.928 61.712 66.450 85.710 83.612 87.068 90.561 77.901 73.454
-999.250 87.005 91.277 91.289 92.071 93.136 86.039 74.360 73.553 79.743 72.234 68.768 75.395 76.318 84.177 75.498 78.183 -999.250 -999.250 -999.250 57.426 43.631 34.714 25.034 20.649 14.508 10.589 12.257 15.162 10.100 7.040 6.116 5.134 6.524 6.355 8.409 9.784 9.045 7.998 6.480 6.191 4.883 2.582 1.218 0.000 0.000 0.000 0.000 0.000 0.000 0.000 0.000 0.000 0.000 1.934 5.095 10.021 14.254 18.769 23.512 29.230 46.834 48.940 69.983 74.000 72.274 78.906 77.429 80.797 70.719
-999.250 -999.250 -999.250 82.743 -999.250 -999.250 83.252 80.038 71.299 -999.250 -999.250 -999.250 63.745 70.561 -999.250 -999.250 -999.250 -999.250 -999.250 -999.250 67.190 62.898 54.658 39.929 23.047 15.878 9.925 8.185 7.675 7.000 4.748 2.948 2.512 4.009 4.199 5.422 4.514 7.402 6.028 6.932 5.805 2.448 2.756 0.000 0.000 0.000 0.000 0.000 0.000 0.000 0.000 0.000 0.000 0.000 0.000 0.000 5.199 8.954 10.987 17.744 24.458 26.158 39.587 55.304 63.436 64.706 52.375 69.590 65.036 65.546
-999.250 -999.250 -999.250 -999.250 -999.250 -999.250 -999.250 -999.250 -999.250 -999.250 -999.250 -999.250 -999.250 69.140 68.357 81.319 -999.250 -999.250 -999.250 79.546 88.429 86.196 77.042 58.397 38.791 17.056 8.883 5.843 5.387 2.286 0.800 1.329 0.726 1.098 0.721 2.524 4.256 5.721 4.740 4.628 1.419 0.387 0.000 0.000 0.000 0.000 0.000 0.000 0.000 0.000 0.000 0.000 0.000 0.000 0.000 0.000 2.494 6.897 8.468 12.321 14.235 22.193 26.491 42.357 53.172 49.357 40.100 48.067 40.842 38.309
-999.250 -999.250 -999.250 -999.250 -999.250 -999.250 -999.250 -999.250 -999.250 -999.250 -999.250 62.286 65.075 71.561 75.838 76.905 -999.250 -999.250 82.830 87.828 103.098 106.463 93.488 63.680 38.701 20.240 11.615 5.551 4.241 2.156 0.065 0.000 0.000 0.000 0.000 1.420 2.877 2.682 3.656 2.086 0.330 0.000 0.000 0.000 0.000 0.000 0.000 0.000 0.000 0.000 0.000 0.000 0.000 0.000 0.000 0.000 0.000 3.197 5.584 9.278 9.807 16.876 18.776 24.453 30.543 32.360 25.361 27.264 35.319 29.544
-999.250 -999.250 -999.250 -999.250 -999.250 -999.250 -999.250 -999.250 -999.250 -999.250 -999.250 57.365 54.616 69.507 69.645 74.117 77.095 81.593 83.758 93.610 111.690 127.315 108.596 77.328 40.409 22.079 17.116 9.239 6.678 4.621 1.767 0.615 0.000 0.000 0.000 0.257 2.342 2.518 0.000 0.239 0.000 0.000 0.000 0.000 0.000 0.000 0.000 0.000 0.000 0.000 0.000 0.000 0.000 0.000 0.000 0.000 0.000 0.000 3.743 6.094 6.947 10.015 15.538 14.127 17.428 21.756 19.918 19.814 20.836 17.091
-999.250 -999.250 -999.250 -999.250 -999.250 -999.250 -999.250 -999.250 -999.250 -999.250 -999.250 -999.250 67.888 67.278 72.662 72.231 72.726 77.827 77.716 87.544 103.870 114.328 104.678 79.945 54.288 33.715 17.859 11.908 7.787 6.288 5.275 0.888 0.889 0.000 0.000 0.184 2.748 2.757 0.000 0.000 0.000 0.000 0.000 0.000 0.000 0.000 0.000 0.000 0.000 0.000 0.000 0.000 0.000 0.000 0.000 0.000 0.000 0.000 2.173 3.966 4.139 8.659 8.410 11.765 10.644 14.031 13.022 16.072 15.978 15.711
-999.250 -999.250 -999.250 -999.250 -999.250 -999.250 -999.250 -999.250 -999.250 -999.250 -999.250 -999.250 -999.250 47.412 62.958 68.236 68.167 74.321 74.654 80.747 91.792 98.277 93.520 81.168 55.125 39.598 24.287 15.662 10.508 9.574 7.327 3.983 2.676 1.106 1.239 0.438 1.212 1.266 0.564 0.862 0.114 0.000 0.000 0.000 0.000 0.000 0.000 0.000 0.000 0.000 0.000 0.000 0.000 0.000 0.000 0.000 0.000 0.000 2.569 1.947 3.723 3.445 6.357 7.327 10.599 9.652 11.773 11.195 11.719 14.062
-999.250 -999.250 -999.250 -999.250 -999.250 -999.250 -999.250 -999.250 -999.250 -999.250 -999.250 -999.250 -999.250 41.354 40.463 57.385 65.970 65.303 64.434 74.451 74.375 88.462 87.311 73.964 64.382 39.844 25.158 16.577 17.202 13.029 10.017 6.913 5.696 5.268 2.859 4.309 3.026 3.300 0.324 0.053 0.999 0.000 0.000 0.000 0.000 0.000 0.000 0.000 0.000 0.000 0.000 0.000 0.000 0.000 0.000 0.000 0.000 0.000 0.115 1.456 1.553 4.614 3.958 5.715 8.207 8.603 8.192 8.365 8.879 8.075
-999.250 -999.250 -999.250 -999.250 -999.250 -999.250 -999.250 -999.250 -999.250 -999.250 -999.250 -999.250 -999.250 36.756 44.535 41.251 43.547 56.958 42.834 53.616 68.794 78.155 71.395 69.623 64.882 40.280 32.839 27.358 22.088 19.281 13.931 8.811 6.251 5.534 5.118 4.950 5.668 1.884 0.190 0.661 0.000 0.000 0.000 0.000 0.000 0.000 0.000 0.000 0.000 0.000 0.000 0.000 0.000 0.000 0.000 0.000 0.000 0.000 0.000 0.230 2.976 3.038 3.903 6.333 6.106 6.558 7.197 7.528 7.082 9.537
-999.250 -999.250 -999.250 -999.250 -999.250 -999.250 -999.250 -999.250 -999.250 -999.250 -999.250 -999.250 -999.250 -999.250 30.753 37.019 41.728 41.957 38.567 42.227 62.307 68.783 56.530 60.799 54.136 42.162 33.278 31.313 28.869 24.615 18.044 12.000 9.402 8.909 6.180 6.043 6.866 2.375 3.030 2.783 0.231 0.000 0.000 0.000 0.000 0.000 0.000 0.000 0.000 0.000 0.000 0.000 0.000 0.000 0.000 0.000 0.000 0.000 0.000 0.000 0.265 0.546 3.586 4.227 5.742 4.003 5.917 6.575 4.940 6.167
-999.250 -999.250 -999.250 -999.250 -999.250 -999.250 -999.250 -999.250 -999.250 -999.250 -999.250 -999.250 -999.250 -999.250 22.950 26.827 29.402 29.293 30.238 36.813 46.485 51.767 52.907 60.231 44.788 35.958 36.214 40.931 42.562 28.993 22.589 17.831 10.454 9.740 8.431 7.719 6.052 6.288 4.370 3.452 1.176 0.137 0.000 0.000 0.000 0.000 0.000 0.000 0.000 0.000 0.000 0.000 0.000 0.000 0.000 0.000 0.000 0.000 0.000 0.009 0.000 0.472 0.782 1.870 2.401 3.167 5.515 2.948 5.030 4.194
-999.250 -999.250 -999.250 -999.250 -999.250 -999.250 -999.250 -999.250 -999.250 -999.250 -999.250 -999.250 -999.250 -999.250 24.064 20.422 29.546 28.577 32.609 33.915 46.196 45.186 40.076 47.192 40.934 43.980 34.298 31.457 29.400 22.293 19.239 16.118 11.245 12.149 9.330 8.949 6.734 6.552 6.166 4.654 1.909 0.949 0.000 0.000 0.000 0.000 0.000 0.000 0.000 0.000 0.000 0.000 0.000 0.000 0.000 0.000 0.000 0.000 0.000 0.000 0.312 0.072 0.000 0.000 1.782 2.234 2.392 2.547 2.283 2.962
-999.250 -999.250 -999.250 -999.250 -999.250 -999.250 -999.250 -999.250 -999.250 -999.250 -999.250 -999.250 -999.250 -999.250 19.422 19.206 25.545 22.307 27.040 24.305 33.031 41.642 37.898 35.412 31.282 -999.250 30.949 31.880 29.554 25.646 21.037 14.871 12.782 13.348 9.304 8.412 7.865 6.207 4.604 5.155 2.404 1.282 0.000 0.000 0.000 0.000 0.000 0.000 0.000 0.000 0.023 0.000 0.000 0.000 0.000 0.000 0.000 0.000 0.882 0.606 1.297 0.358 0.530 0.263 1.257 2.686 1.415 1.041 1.567 1.501
-999.250 -999.250 -999.250 -999.250 -999.250 -999.250 -999.250 -999.250 -999.250 -999.250 -999.250 -999.250 -999.250 -999.250 19.239 19.503 22.935 19.069 23.323 23.078 23.695 29.690 24.613 -999.250 -999.250 -999.250 25.342 32.219 25.663 20.492 16.654 14.210 16.113 12.875 10.201 6.075 7.235 6.743 5.231 4.595 2.591 2.047 0.183 0.000 0.000 0.000 0.000 0.000 0.000 0.000 0.000 0.000 0.000 0.000 0.000 0.000 0.000 0.000 0.008 0.000 0.838 2.134 0.191 1.370 0.000 1.038 2.079 0.558 0.000 0.000
-999.250 -999.250 -999.250 -999.250 -999.250 -999.250 -999.250 -999.250 -999.250 -999.250 -999.250 -999.250 -999.250 16.103 19.242 14.537 23.880 21.510 19.313 17.623 16.144 18.200 -999.250 -999.250 -999.250 -999.250 -999.250 20.666 21.271 18.276 17.399 14.769 13.535 11.830 8.135 7.346 6.230 6.029 3.473 4.667 2.112 1.807 0.000 0.000 0.000 0.000 0.000 0.000 0.297 0.000 0.283 0.000 0.000 1.417 0.159 0.000 0.000 1.918 0.419 1.033 2.148 2.018 1.137 0.815 0.000 0.005 0.000 0.000 0.000 0.000
-999.250 -999.250 -999.250 -999.250 -999.250 -999.250 -999.250 -999.250 -999.250 -999.250 -999.250 -999.250 -999.250 17.663 19.681 17.444 17.762 20.509 16.608 13.355 -999.250 -999.250 -999.250 -999.250 -999.250 -999.250 -999.250 -999.250 15.568 19.320 13.976 16.073 12.689 9.255 10.063 7.056 5.688 5.697 3.869 2.055 2.606 0.886 0.000 0.000 0.000 0.000 0.000 0.000 0.170 0.000 0.000 0.010 0.000 0.000 0.000 0.105 0.000 0.000 1.241 1.983 2.670 1.791 0.000 0.000 0.000 0.000 0.000 0.000 0.159 0.402
-999.250 -999.250 -999.250 -999.250 -999.250 -999.250 -999.250 -999.250 -999.250 -999.250 -999.250 -999.250 19.014 19.833 -999.250 -999.250 -999.250 -999.250 -999.250 -999.250 -999.250 -999.250 -999.250 -999.250 -999.250 -999.250 -999.250 -999.250 -999.250 15.605 12.482 13.212 13.563 9.481 10.622 7.904 5.197 3.091 3.412 1.480 0.529 0.335 0.000 0.000 0.000 0.000 0.000 0.000 0.000 0.381 0.000 0.000 0.000 0.000 0.000 0.000 0.000 0.516 0.056 0.192 1.129 0.638 0.000 0.000 0.000 0.000 0.000 0.000 0.000 0.000
-999.250 -999.250 -999.250 -999.250 -999.250 -999.250 -999.250 -999.250 -999.250 -999.250 -999.250 -999.250 -999.250 -999.250 -999.250 -999.250 -999.250 -999.250 -999.250 -999.250 -999.250 -999.250 -999.250 -999.250 -999.250 -999.250 -999.250 -999.250 -999.250 -999.250 15.293 15.380 9.977 8.920 8.018 6.894 5.499 3.821 3.172 0.000 0.000 0.000 0.000 0.000 0.000 0.000 0.000 0.000 0.000 0.000 0.000 0.000 0.000 0.000 0.000 0.000 1.230 0.209 0.442 0.037 0.000 0.000 0.000 0.000 0.000 0.000 0.000 0.000 0.000 0.000
-999.250 -999.250 -999.250 -999.250 -999.250 -999.250 -999.250 -999.250 -999.250 -999.250 -999.250 -999.250 -999.250 -999.250 -999.250 -999.250 -999.250 -999.250 -999.250 -999.250 -999.250 -999.250 -999.250 -999.250 -999.250 -999.250 -999.250 -999.250 -999.250 -999.250 12.887 13.079 9.620 9.997 6.583 5.087 4.102 0.798 0.792 0.000 0.000 0.000 0.000 0.000 0.000 0.000 0.000 0.000 0.000 0.000 0.000 0.248 0.000 0.000 0.000 0.000 1.190 0.077 0.000 0.000 0.000 0.000 0.000 0.000 0.000 0.000 0.000 0.000 0.000 0.464
-999.250 -999.250 -999.250 -999.250 -999.250 -999.250 -999.250 -999.250 -999.250 -999.250 -999.250 -999.250 -999.250 -999.250 -999.250 -999.250 -999.250 -999.250 -999.250 -999.250 -999.250 -999.250 -999.250 -999.250 -999.250 -999.250 -999.250 -999.250 -999.250 -999.250 10.857 12.180 8.429 8.119 7.059 6.626 3.765 1.218 0.000 0.000 0.000 0.000 0.000 0.000 0.000 0.000 0.000 0.000 0.000 0.000 0.274 0.000 0.000 0.000 0.000 0.000 0.000 0.000 0.000 0.000 0.000 0.000 0.000 0.000 0.000 0.000 0.000 0.000 0.000 0.000
-999.250 -999.250 -999.250 -999.250 -999.250 -999.250 -999.250 -999.250 -999.250 -999.250 -999.250 -999.250 -999.250 -999.250 -999.250 -999.250 -999.250 -999.250 -999.250 -999.250 -999.250 -999.250 -999.250 -999.250 -999.250 -999.250 -999.250 -999.250 -999.250 -999.250 -999.250 12.018 8.829 8.545 6.405 4.667 1.756 0.000 0.000 0.000 0.000 0.000 0.000 0.000 0.000 0.000 0.000 0.000 0.000 0.000 0.000 0.000 0.000 0.000 0.000 0.000 0.000 0.000 0.000 0.000 0.000 0.000 0.000 0.000 0.000 0.000 0.000 0.000 0.000 0.000
-999.250 -999.250 -999.250 -999.250 -999.250 -999.250 -999.250 -999.250 -999.250 -999.250 -999.250 -999.250 -999.250 -999.250 -999.250 -999.250 -999.250 -999.250 -999.250 -999.250 -999.250 -999.250 -999.250 -999.250 -999.250 -999.250 -999.250 -999.250 -999.250 -999.250 -999.250 11.125 10.079 6.992 5.511 2.752 1.024 2.121 0.000 0.000 0.000 0.000 0.000 0.000 0.000 0.000 0.000 0.000 0.000 0.000 0.000 0.000 0.379 0.279 0.000 0.000 0.000 0.000 0.000 0.000 0.000 0.000 0.000 0.000 0.000 0.000 0.000 0.000 0.000 0.000
-999.250 -999.250 -999.250 -999.250 -999.250 -999.250 -999.250 -999.250 -999.250 -999.250 -999.250 -999.250 -999.250 -999.250 -999.250 -999.250 -999.250 -999.250 -999.250 -999.250 -999.250 -999.250 -999.250 -999.250 -999.250 -999.250 -999.250 -999.250 -999.250 -999.250 -999.250 9.525 7.913 7.641 4.922 3.119 2.881 0.692 0.000 0.000 0.000 0.000 0.000 0.000 0.000 0.000 0.000 0.000 0.000 0.000 0.102 0.172 0.256 0.204 0.000 0.000 0.000 0.000 0.000 0.000 0.000 0.000 0.000 0.000 0.000 0.000 0.000 0.000 0.000 0.716
-999.250 -999.250 -999.250 -999.250 -999.250 -999.250 -999.250 -999.250 -999.250 -999.250 -999.250 -999.250 -999.250 -999.250 -999.250 -999.250 -999.250 -999.250 -999.250 -999.250 -999.250 -999.250 -999.250 -999.250 -999.250 -999.250 -999.250 -999.250 -999.250 -999.250 -999.250 8.380 8.807 7.674 3.331 3.641 2.174 0.530 0.157 0.000 0.000 0.000 0.000 0.000 0.000 0.000 0.000 0.000 0.000 0.557 0.901 0.000 0.000 0.641 0.044 0.000 0.000 0.000 0.000 0.000 0.000 0.000 0.000 0.000 0.000 0.000 0.000 0.000 0.102 4.803
-999.250 -999.250 -999.250 -999.250 -999.250 -999.250 -999.250 -999.250 -999.250 -999.250 -999.250 -999.250 -999.250 -999.250 -999.250 -999.250 -999.250 -999.250 -999.250 -999.250 -999.250 -999.250 -999.250 -999.250 -999.250 -999.250 -999.250 -999.250 -999.250 -999.250 -999.250 10.441 7.470 5.957 6.836 4.783 5.297 0.770 0.327 0.000 0.000 0.000 0.000 0.000 0.000 0.000 0.000 0.000 0.000 0.896 3.860 2.500 2.926 5.660 2.885 1.314 0.000 0.000 0.000 0.000 0.000 0.000 0.000 0.000 0.000 0.000 0.000 0.185 4.465 6.171
-999.250 -999.250 -999.250 -999.250 -999.250 -999.250 -999.250 -999.250 -999.250 -999.250 -999.250 -999.250 -999.250 -999.250 -999.250 -999.250 -999.250 -999.250 -999.250 -999.250 -999.250 -999.250 -999.250 -999.250 -999.250 -999.250 -999.250 -999.250 -999.250 -999.250 -999.250 7.126 9.749 7.460 5.010 2.714 2.969 0.780 1.015 0.000 0.000 0.000 0.000 0.000 0.000 0.000 0.000 0.022 0.670 6.031 4.456 6.322 6.080 6.343 5.089 5.251 2.822 1.318 0.000 0.000 0.000 0.000 0.000 0.000 0.000 0.000 0.000 1.615 7.402 8.594
-999.250 -999.250 -999.250 -999.250 -999.250 -999.250 -999.250 -999.250 -999.250 -999.250 -999.250 -999.250 -999.250 -999.250 -999.250 -999.250 -999.250 -999.250 -999.250 -999.250 -999.250 -999.250 -999.250 -999.250 -999.250 -999.250 -999.250 -999.250 -999.250 -999.250 -999.250 7.686 7.625 6.979 7.299 6.170 2.477 0.870 1.112 0.857 0.000 0.000 0.000 0.000 0.000 0.000 0.152 3.743 2.184 4.115 8.159 8.210 8.353 8.633 11.457 9.772 7.976 5.662 2.941 0.149 0.000 0.000 0.000 0.000 0.000 0.000 0.000 5.494 10.092 12.462
