data/medianmodel_23-Dec-2020.asc
ncols	141
nrows	288
xllcorner	-120191.398
yllcorner	-301404.813
cellsize	2000.000
NODATA_value	-999.250
[rows 145 to 173 of 288, columns 64 to 127 of 141]
587.568 718.773 849.706 1039.867 1175.263 1249.767 1268.758 1299.238 1336.501 1398.872 1413.351 1434.055 1489.369 1701.909 1791.463 1891.525 1913.141 1979.871 1980.421 1998.505 1974.810 1968.554 1927.591 1873.720 1943.259 1950.785 1919.827 -999.250 -999.250 -999.250 -999.250 -999.250 -999.250 -999.250 -999.250 -999.250 -999.250 -999.250 -999.250 -999.250 -999.250 -999.250 -999.250 -999.250 -999.250 -999.250 -999.250 -999.250 -999.250 -999.250 -999.250 -999.250 -999.250 -999.250 -999.250 -999.250 -999.250 -999.250 -999.250 -999.250 -999.250 -999.250 -999.250 -999.250
683.070 813.553 1004.450 1139.065 1257.126 1457.460 1457.905 1500.549 1502.988 1578.819 1563.201 1568.977 1696.897 1759.811 1793.601 1888.421 1962.871 1984.203 1986.199 1986.262 1987.288 1974.399 1986.516 1947.054 1971.632 2039.745 1988.380 2087.334 -999.250 -999.250 -999.250 -999.250 -999.250 -999.250 -999.250 -999.250 -999.250 -999.250 -999.250 -999.250 -999.250 -999.250 -999.250 -999.250 -999.250 -999.250 -999.250 -999.250 -999.250 -999.250 -999.250 -999.250 -999.250 -999.250 -999.250 -999.250 -999.250 -999.250 -999.250 -999.250 -999.250 -999.250 -999.250 -999.250
743.722 913.348 1034.874 1223.753 1441.240 1588.994 1687.983 1705.214 1644.833 1642.219 1783.094 1749.974 1689.526 1804.975 1785.266 1815.113 1939.508 1952.950 2005.588 1964.737 1994.425 1962.829 2012.716 2007.070 2003.811 2055.721 2020.222 2031.534 -999.250 -999.250 -999.250 -999.250 -999.250 -999.250 -999.250 -999.250 -999.250 -999.250 -999.250 -999.250 -999.250 -999.250 -999.250 -999.250 -999.250 -999.250 -999.250 -999.250 -999.250 -999.250 -999.250 -999.250 -999.250 -999.250 -999.250 -999.250 -999.250 -999.250 -999.250 -999.250 -999.250 -999.250 -999.250 -999.250
818.681 946.590 1084.817 1259.175 1546.440 1808.152 1885.214 1832.429 1894.943 1736.909 1693.835 1741.153 1725.711 1873.901 1918.526 1885.297 1934.577 1869.513 1946.361 1955.843 1978.880 1934.292 1954.321 1940.999 2007.360 2044.290 2021.240 2072.926 2051.549 2036.037 2026.928 -999.250 -999.250 -999.250 -999.250 -999.250 -999.250 -999.250 -999.250 -999.250 -999.250 -999.250 -999.250 -999.250 -999.250 -999.250 -999.250 -999.250 -999.250 -999.250 -999.250 -999.250 -999.250 -999.250 -999.250 -999.250 -999.250 -999.250 -999.250 -999.250 -999.250 -999.250 -999.250 -999.250
791.957 979.919 1153.988 1216.136 1474.179 1818.053 1822.069 1776.127 1772.158 1714.506 1658.619 1755.477 1775.679 1795.654 1862.496 1872.967 1906.043 1899.132 1914.692 1879.938 1984.672 1902.695 1951.625 2006.161 2001.313 2038.555 2015.766 2057.122 2055.401 2045.764 2061.599 2038.083 -999.250 -999.250 -999.250 -999.250 -999.250 -999.250 -999.250 -999.250 -999.250 -999.250 -999.250 -999.250 -999.250 -999.250 -999.250 -999.250 -999.250 -999.250 -999.250 -999.250 -999.250 -999.250 -999.250 -999.250 -999.250 -999.250 -999.250 -999.250 -999.250 -999.250 -999.250 -999.250
815.860 973.637 1113.316 1257.014 1419.134 1717.839 1717.266 1688.971 1722.207 1744.915 1520.765 1695.833 1689.335 1661.732 1778.027 1782.915 1673.796 1742.282 1823.455 1859.350 1923.321 1926.832 1940.115 1994.984 1966.369 2015.721 2018.800 2060.359 2122.001 2081.829 2094.616 -999.250 -999.250 -999.250 -999.250 -999.250 -999.250 -999.250 -999.250 -999.250 -999.250 -999.250 -999.250 -999.250 -999.250 -999.250 -999.250 -999.250 -999.250 -999.250 -999.250 -999.250 -999.250 -999.250 -999.250 -999.250 -999.250 -999.250 -999.250 -999.250 -999.250 -999.250 -999.250 -999.250
755.925 905.732 1079.503 1211.530 1292.433 1415.512 1617.341 1641.723 1571.569 1668.886 1571.632 1516.453 1534.995 1579.564 1581.187 1658.369 1668.387 1734.571 1815.153 1818.577 1930.657 1887.501 1858.771 1976.738 2000.715 2008.951 2059.730 2164.064 2135.139 2115.172 2133.106 -999.250 -999.250 -999.250 -999.250 -999.250 -999.250 -999.250 -999.250 -999.250 -999.250 -999.250 -999.250 -999.250 -999.250 -999.250 -999.250 -999.250 -999.250 -999.250 -999.250 -999.250 -999.250 -999.250 -999.250 -999.250 -999.250 -999.250 -999.250 -999.250 -999.250 -999.250 -999.250 -999.250
743.138 876.727 1004.228 1085.431 1247.108 1346.870 1391.385 1470.447 1542.392 1486.125 1528.255 1498.618 1491.887 1472.931 1587.902 1607.733 1510.950 1597.978 1767.003 1758.435 1806.662 1770.172 1856.516 1881.117 2011.997 1964.774 2074.013 2146.314 2147.056 2133.371 2077.270 -999.250 -999.250 -999.250 -999.250 -999.250 -999.250 -999.250 -999.250 -999.250 -999.250 -999.250 -999.250 -999.250 -999.250 -999.250 -999.250 -999.250 -999.250 -999.250 -999.250 -999.250 -999.250 -999.250 -999.250 -999.250 -999.250 -999.250 -999.250 -999.250 -999.250 -999.250 -999.250 -999.250
648.830 768.759 920.688 998.949 1155.938 1232.479 1302.741 1317.750 1401.039 1406.632 1413.156 1424.619 1577.916 1598.615 1484.953 1486.505 1377.107 1566.790 1658.586 1500.439 1666.907 1540.721 1635.937 1778.169 1867.716 1910.697 2030.994 2136.476 2228.147 2148.456 2148.370 -999.250 -999.250 -999.250 -999.250 -999.250 -999.250 -999.250 -999.250 -999.250 -999.250 -999.250 -999.250 -999.250 -999.250 -999.250 -999.250 -999.250 -999.250 -999.250 -999.250 -999.250 -999.250 -999.250 -999.250 -999.250 -999.250 -999.250 -999.250 -999.250 -999.250 -999.250 -999.250 -999.250
596.732 720.284 828.431 957.120 1136.740 1167.657 1183.029 1245.159 1281.518 1288.197 1427.563 1520.605 1581.181 1496.719 1464.891 1436.931 1368.588 1350.944 1498.766 1546.821 1475.673 1494.153 1550.443 1670.881 1660.956 1889.879 1981.491 2073.306 2362.729 2172.943 2039.806 -999.250 -999.250 -999.250 -999.250 -999.250 -999.250 -999.250 -999.250 -999.250 -999.250 -999.250 -999.250 -999.250 -999.250 -999.250 -999.250 -999.250 -999.250 -999.250 -999.250 -999.250 -999.250 -999.250 -999.250 -999.250 -999.250 -999.250 -999.250 -999.250 -999.250 -999.250 -999.250 -999.250
521.579 604.911 732.922 874.629 979.604 1053.706 1117.394 1168.448 1187.156 1220.813 1319.390 1405.774 1448.151 1449.857 1408.368 1430.775 1437.663 1307.369 1382.335 1386.719 1386.806 1502.203 1463.024 1462.661 1510.301 1581.659 1755.970 1923.594 1999.611 2035.268 1962.093 -999.250 -999.250 -999.250 -999.250 -999.250 -999.250 -999.250 -999.250 -999.250 -999.250 -999.250 -999.250 -999.250 -999.250 -999.250 -999.250 -999.250 -999.250 -999.250 -999.250 -999.250 -999.250 -999.250 -999.250 -999.250 -999.250 -999.250 -999.250 -999.250 -999.250 -999.250 -999.250 -999.250
443.561 544.880 636.410 714.164 799.245 868.951 969.245 1116.915 1142.391 1172.265 1212.267 1275.215 1301.885 1261.409 1308.532 1345.364 1372.270 1340.559 1341.272 1260.435 1276.389 1250.761 1230.554 1253.223 1224.895 1285.239 1404.541 1563.968 1759.562 1784.939 1731.348 1657.898 -999.250 -999.250 -999.250 -999.250 -999.250 -999.250 -999.250 -999.250 -999.250 -999.250 -999.250 -999.250 -999.250 -999.250 -999.250 -999.250 -999.250 -999.250 -999.250 -999.250 -999.250 -999.250 -999.250 -999.250 -999.250 -999.250 -999.250 -999.250 -999.250 -999.250 -999.250 -999.250
382.181 433.588 531.104 607.605 669.512 816.081 896.763 1020.824 1074.665 1136.919 1200.182 1251.432 1255.694 1363.144 1293.256 1360.807 1325.029 1262.650 1262.242 1270.109 1219.380 1189.961 1195.317 1163.016 1111.776 1059.116 1110.665 1178.711 1265.839 1304.590 1395.264 1309.405 1265.743 -999.250 -999.250 -999.250 -999.250 -999.250 -999.250 -999.250 -999.250 -999.250 -999.250 -999.250 -999.250 -999.250 -999.250 -999.250 -999.250 -999.250 -999.250 -999.250 -999.250 -999.250 -999.250 -999.250 -999.250 -999.250 -999.250 -999.250 -999.250 -999.250 -999.250 -999.250
300.480 363.658 434.141 533.298 594.611 688.608 804.397 879.463 1018.173 1075.323 1153.206 1210.736 1257.667 1293.380 1273.338 1251.097 1245.019 1219.774 1244.838 1246.405 1174.623 1140.247 1114.659 1004.879 946.532 821.579 753.202 905.288 1062.266 1142.059 1128.767 1111.194 1120.744 1092.851 -999.250 -999.250 -999.250 -999.250 -999.250 -999.250 -999.250 -999.250 -999.250 -999.250 -999.250 -999.250 -999.250 -999.250 -999.250 -999.250 -999.250 -999.250 -999.250 -999.250 -999.250 -999.250 -999.250 -999.250 -999.250 -999.250 -999.250 -999.250 -999.250 -999.250
213.870 261.928 329.239 419.582 540.235 601.956 703.712 842.030 983.476 1005.434 1131.047 1181.665 1203.974 1212.778 1246.479 1232.092 1195.349 1214.864 1208.418 1229.194 1136.000 1070.484 1009.519 890.400 812.575 727.451 694.248 745.821 889.783 965.388 950.521 976.909 956.868 859.609 -999.250 -999.250 -999.250 -999.250 -999.250 -999.250 -999.250 -999.250 -999.250 -999.250 -999.250 -999.250 -999.250 -999.250 -999.250 -999.250 -999.250 -999.250 -999.250 -999.250 -999.250 -999.250 -999.250 -999.250 -999.250 -999.250 -999.250 -999.250 -999.250 -999.250
148.317 146.725 272.192 385.343 470.526 565.714 708.846 797.922 913.298 1040.007 1066.694 1116.592 1168.377 1190.853 1195.783 1214.064 1217.660 1180.918 1192.452 1182.679 1136.301 1022.336 972.379 826.803 790.111 740.829 720.828 699.388 779.674 789.203 791.684 804.383 764.074 731.876 -999.250 -999.250 -999.250 -999.250 -999.250 -999.250 -999.250 -999.250 -999.250 -999.250 -999.250 -999.250 -999.250 -999.250 -999.250 -999.250 -999.250 -999.250 -999.250 -999.250 -999.250 -999.250 -999.250 -999.250 -999.250 -999.250 -999.250 -999.250 -999.250 -999.250
152.984 180.683 257.207 369.516 452.807 548.952 605.718 710.278 782.849 892.104 999.116 1072.752 1116.553 1104.477 1140.122 1173.625 1199.089 1223.587 1148.725 1132.986 1074.015 1064.938 940.273 795.636 774.446 737.010 697.122 688.694 677.355 697.001 691.978 663.483 628.157 588.378 -999.250 -999.250 -999.250 -999.250 -999.250 -999.250 -999.250 -999.250 -999.250 -999.250 -999.250 -999.250 -999.250 -999.250 -999.250 -999.250 -999.250 -999.250 -999.250 -999.250 -999.250 -999.250 -999.250 -999.250 -999.250 -999.250 -999.250 -999.250 -999.250 -999.250
179.186 206.473 280.926 355.024 432.807 500.723 589.552 633.887 705.658 757.553 870.632 963.562 1014.115 1061.067 1101.766 1150.624 1194.617 1204.757 1118.998 1121.459 1021.390 998.595 937.473 777.744 725.313 680.647 632.608 649.852 644.224 602.390 612.712 576.683 553.732 527.301 -999.250 -999.250 -999.250 -999.250 -999.250 -999.250 -999.250 -999.250 -999.250 -999.250 -999.250 -999.250 -999.250 -999.250 -999.250 -999.250 -999.250 -999.250 -999.250 -999.250 -999.250 -999.250 -999.250 -999.250 -999.250 -999.250 -999.250 -999.250 -999.250 -999.250
232.367 256.040 296.216 357.804 394.812 472.404 561.269 608.496 674.472 715.328 776.791 896.829 942.006 1005.005 1044.603 1157.269 1197.890 1232.227 1129.721 1056.628 968.600 956.480 809.656 803.439 723.993 654.504 645.026 624.955 600.234 596.368 534.100 496.070 445.302 416.985 382.416 -999.250 -999.250 -999.250 -999.250 -999.250 -999.250 -999.250 -999.250 -999.250 -999.250 -999.250 -999.250 -999.250 -999.250 -999.250 -999.250 -999.250 -999.250 -999.250 -999.250 -999.250 -999.250 -999.250 -999.250 -999.250 -999.250 -999.250 -999.250 -999.250
271.486 287.573 314.622 357.822 398.853 449.310 518.282 551.640 596.357 668.429 753.163 778.643 875.178 948.618 994.470 1066.715 1076.501 1104.399 1047.955 979.156 968.852 907.897 844.115 752.948 695.888 637.110 633.779 621.575 568.133 539.508 506.665 423.253 387.431 348.195 282.547 278.750 -999.250 -999.250 -999.250 -999.250 -999.250 -999.250 -999.250 -999.250 -999.250 -999.250 -999.250 -999.250 -999.250 -999.250 -999.250 -999.250 -999.250 -999.250 -999.250 -999.250 -999.250 -999.250 -999.250 -999.250 -999.250 -999.250 -999.250 -999.250
321.531 346.815 350.183 367.362 393.842 449.389 466.334 531.847 549.034 600.691 665.458 699.850 777.688 832.999 898.080 933.810 971.132 967.384 943.599 926.231 861.761 898.800 836.655 819.224 730.507 664.367 654.156 582.892 556.347 515.053 459.108 386.876 333.611 265.339 206.482 171.525 157.676 151.341 157.276 -999.250 -999.250 -999.250 -999.250 -999.250 -999.250 -999.250 -999.250 -999.250 -999.250 -999.250 -999.250 -999.250 -999.250 -999.250 -999.250 -999.250 -999.250 -999.250 -999.250 -999.250 -999.250 -999.250 -999.250 -999.250
383.885 396.154 383.089 383.309 377.100 400.008 451.484 480.341 492.221 535.459 588.167 625.162 689.337 727.843 736.739 746.072 822.587 814.429 817.081 811.059 839.294 866.237 846.996 821.992 775.319 713.513 659.434 610.058 579.790 520.369 448.884 361.571 264.519 198.712 140.510 115.626 86.221 92.831 94.920 -999.250 -999.250 -999.250 -999.250 -999.250 -999.250 -999.250 -999.250 -999.250 -999.250 -999.250 -999.250 -999.250 -999.250 -999.250 -999.250 -999.250 -999.250 -999.250 -999.250 -999.250 -999.250 -999.250 -999.250 -999.250
446.906 420.791 418.594 410.093 406.266 420.100 412.115 409.837 455.294 485.877 521.923 542.402 592.504 611.792 622.657 628.331 642.212 693.104 711.520 745.919 726.668 774.629 817.070 823.721 829.578 781.638 730.401 655.885 604.781 526.377 447.916 374.708 247.351 145.489 97.602 50.726 39.184 44.001 -999.250 -999.250 -999.250 -999.250 -999.250 -999.250 -999.250 -999.250 -999.250 -999.250 -999.250 -999.250 -999.250 -999.250 -999.250 -999.250 -999.250 -999.250 -999.250 -999.250 -999.250 -999.250 -999.250 -999.250 -999.250 -999.250
516.121 484.111 444.042 413.368 406.192 406.531 398.003 407.440 416.320 412.990 466.390 480.722 505.972 523.143 540.209 541.002 568.945 589.150 626.003 672.473 685.078 722.782 783.083 856.083 887.191 811.163 755.057 727.553 646.246 566.045 465.128 363.233 245.543 123.282 42.318 8.758 0.000 5.368 -999.250 -999.250 -999.250 68.268 84.188 108.765 -999.250 -999.250 -999.250 -999.250 -999.250 -999.250 -999.250 -999.250 -999.250 -999.250 -999.250 -999.250 -999.250 -999.250 -999.250 -999.250 -999.250 -999.250 -999.250 -999.250
585.007 542.984 515.234 466.707 456.260 416.731 395.426 387.717 395.099 402.918 408.726 431.274 417.867 438.926 440.536 449.611 466.463 513.599 550.155 576.613 647.052 717.294 790.014 856.457 936.077 909.841 857.485 804.229 716.151 635.918 508.502 381.420 258.115 122.116 0.000 0.000 0.000 0.000 4.711 20.294 33.873 50.178 78.808 104.674 124.833 -999.250 -999.250 -999.250 -999.250 -999.250 -999.250 -999.250 -999.250 -999.250 -999.250 -999.250 -999.250 -999.250 -999.250 -999.250 -999.250 -999.250 -999.250 -999.250
640.398 604.591 549.487 502.452 491.018 426.737 400.283 386.282 386.301 385.381 392.469 390.942 386.932 384.377 376.683 373.933 369.872 432.345 509.631 549.958 613.462 712.378 759.015 886.874 920.750 953.741 909.905 947.364 809.514 707.909 570.732 443.554 310.056 179.286 80.546 31.066 23.522 10.205 14.899 25.560 39.880 55.728 79.468 114.300 124.900 146.343 -999.250 -999.250 -999.250 -999.250 -999.250 -999.250 -999.250 -999.250 -999.250 -999.250 -999.250 -999.250 -999.250 -999.250 -999.250 -999.250 -999.250 -999.250
692.476 643.843 593.117 539.997 508.244 448.904 414.527 387.991 378.940 379.057 355.903 373.690 358.379 360.445 342.392 348.814 369.198 391.865 462.839 538.864 598.522 672.596 764.095 912.769 965.585 1029.523 1057.129 1068.034 964.978 771.417 626.205 504.461 371.295 259.785 154.856 96.925 56.974 46.727 35.480 43.051 53.169 72.309 89.164 109.357 122.309 156.584 -999.250 -999.250 -999.250 -999.250 -999.250 -999.250 -999.250 -999.250 -999.250 -999.250 -999.250 -999.250 -999.250 -999.250 -999.250 -999.250 -999.250 -999.250
818.909 719.061 657.989 589.425 527.138 472.535 427.931 407.065 381.681 361.821 351.062 335.008 343.498 328.398 309.192 345.515 354.799 390.035 427.845 529.839 577.106 658.788 724.111 854.602 949.479 1024.310 1131.004 1210.084 1031.256 821.946 677.847 544.234 417.128 316.722 250.253 168.684 121.960 98.371 82.858 72.466 92.370 99.807 109.122 124.405 143.801 180.476 -999.250 -999.250 -999.250 -999.250 -999.250 -999.250 -999.250 -999.250 -999.250 -999.250 -999.250 -999.250 -999.250 -999.250 -999.250 -999.250 -999.250 -999.250
866.518 763.923 703.239 639.005 581.379 499.136 458.838 426.559 398.722 379.670 359.693 341.492 331.013 307.783 310.597 339.443 355.495 390.341 423.876 508.531 557.006 647.268 701.707 745.836 846.802 978.747 1052.491 1061.526 978.412 775.005 648.975 568.797 457.989 370.488 304.794 254.218 192.941 150.951 122.391 116.645 138.334 127.248 138.861 156.117 166.923 215.146 264.584 -999.250 -999.250 -999.250 -999.250 -999.250 -999.250 -999.250 -999.250 -999.250 -999.250 -999.250 -999.250 -999.250 -999.250 -999.250 -999.250 -999.250
