data/medianmodel_28-Dec-2020.asc
ncols	141
nrows	288
xllcorner	-120191.398
yllcorner	-301404.813
cellsize	2000.000
NODATA_value	-999.250
[rows 112 to 139 of 288, columns 65 to 129 of 141]
156.358 172.294 177.042 178.105 206.615 209.838 192.726 185.533 177.059 191.304 178.404 191.806 194.545 207.162 191.714 187.793 189.656 193.274 211.430 238.091 256.647 283.497 314.120 321.860 342.705 390.209 423.098 461.439 507.423 552.748 603.974 654.900 688.468 764.050 779.640 855.174 889.689 930.330 989.567 969.130 992.681 990.875 965.535 919.243 -999.250 -999.250 -999.250 -999.250 -999.250 -999.250 -999.250 -999.250 -999.250 -999.250 -999.250 -999.250 -999.250 -999.250 -999.250 -999.250 -999.250 -999.250 -999.250 -999.250 -999.250
149.937 163.717 163.842 184.258 190.354 198.167 181.669 173.956 164.032 163.459 163.291 175.923 175.350 185.290 181.637 166.308 172.306 188.157 198.885 217.158 238.181 280.809 311.029 329.646 355.398 412.683 423.615 473.651 514.164 608.589 644.183 695.238 738.783 772.248 800.877 858.793 932.005 942.154 961.959 977.253 982.836 983.699 938.979 947.292 955.359 877.364 -999.250 -999.250 -999.250 -999.250 -999.250 -999.250 -999.250 -999.250 -999.250 -999.250 -999.250 -999.250 -999.250 -999.250 -999.250 -999.250 -999.250 -999.250 -999.250
155.567 158.652 168.938 177.870 171.023 181.635 171.664 162.410 159.137 155.827 156.779 157.606 160.154 160.636 159.725 159.147 181.034 193.597 195.744 221.558 245.913 268.228 313.445 330.668 368.590 406.801 445.260 476.482 531.185 603.174 659.847 726.546 725.459 777.482 800.985 884.544 882.426 942.545 940.813 944.921 957.110 942.773 926.749 887.631 949.462 896.728 -999.250 -999.250 -999.250 -999.250 -999.250 -999.250 -999.250 -999.250 -999.250 -999.250 -999.250 -999.250 -999.250 -999.250 -999.250 -999.250 -999.250 -999.250 -999.250
158.571 170.449 165.396 170.439 174.130 166.621 165.969 153.347 152.182 145.012 142.759 148.140 150.071 162.440 150.776 160.606 178.951 181.224 201.637 218.730 243.584 270.058 307.194 330.807 371.012 386.972 448.567 510.738 518.238 584.828 654.587 707.287 760.926 807.372 872.521 922.033 910.335 926.926 965.888 963.909 965.902 971.295 942.247 949.549 899.028 883.967 885.939 -999.250 -999.250 -999.250 -999.250 -999.250 -999.250 -999.250 -999.250 -999.250 -999.250 -999.250 -999.250 -999.250 -999.250 -999.250 -999.250 -999.250 -999.250
172.397 171.194 156.119 177.316 175.027 162.029 166.296 154.865 159.325 155.810 147.451 164.621 150.448 146.303 164.511 156.696 172.002 187.368 195.721 246.435 281.930 285.107 304.579 325.359 376.316 418.986 453.871 529.000 543.958 584.207 701.294 728.866 775.724 818.506 858.462 935.361 951.877 944.930 947.710 976.655 1000.788 1021.819 981.675 981.269 937.448 944.974 909.899 859.680 -999.250 -999.250 -999.250 -999.250 -999.250 -999.250 -999.250 -999.250 -999.250 -999.250 -999.250 -999.250 -999.250 -999.250 -999.250 -999.250 -999.250
194.591 189.739 177.617 178.202 185.195 173.692 177.791 165.147 163.581 166.718 145.976 145.583 139.917 146.508 165.273 162.508 163.265 193.964 206.447 248.949 279.797 277.600 304.944 335.205 378.646 432.868 458.775 522.198 549.538 601.566 669.243 719.981 781.017 860.856 854.961 925.833 964.802 973.629 957.144 980.123 1009.182 998.343 1007.295 976.085 994.758 959.052 919.059 874.263 -999.250 -999.250 -999.250 -999.250 -999.250 -999.250 -999.250 -999.250 -999.250 -999.250 -999.250 -999.250 -999.250 -999.250 -999.250 -999.250 -999.250
228.145 211.878 191.130 187.084 195.687 188.710 178.270 169.067 162.594 163.996 149.668 151.213 142.947 148.882 148.831 166.030 181.386 198.271 203.792 244.955 264.652 299.073 313.237 327.208 359.292 428.136 468.716 516.492 545.478 620.495 675.942 709.563 803.891 851.804 895.180 971.073 955.921 970.700 1006.498 1017.404 1030.597 1012.063 1009.245 983.068 999.002 963.753 936.661 853.564 834.859 -999.250 -999.250 -999.250 -999.250 -999.250 -999.250 -999.250 -999.250 -999.250 -999.250 -999.250 -999.250 -999.250 -999.250 -999.250 -999.250
243.036 229.630 211.628 210.812 196.401 194.107 181.828 179.087 174.551 168.604 158.445 159.431 152.590 154.163 150.168 162.048 188.035 192.234 206.815 260.468 278.637 287.100 315.643 335.756 393.274 433.179 486.445 527.336 553.751 616.216 711.211 757.866 800.299 869.670 901.346 924.687 966.057 972.064 1020.408 1006.837 1050.322 1025.632 984.208 997.271 1001.558 990.870 888.592 875.799 -999.250 -999.250 -999.250 -999.250 -999.250 -999.250 -999.250 -999.250 -999.250 -999.250 -999.250 -999.250 -999.250 -999.250 -999.250 -999.250 -999.250
264.448 254.062 240.550 230.363 234.003 218.027 205.861 188.258 183.649 179.872 158.540 151.248 160.521 160.436 180.338 178.791 187.262 206.710 228.027 255.991 292.240 305.097 325.490 345.955 399.589 459.073 492.977 555.071 543.642 641.283 655.910 746.994 800.115 855.099 907.321 962.301 979.113 1017.246 993.088 1029.052 1022.160 985.290 1000.567 983.572 968.641 1001.926 903.629 929.313 -999.250 -999.250 -999.250 -999.250 -999.250 -999.250 -999.250 -999.250 -999.250 -999.250 -999.250 -999.250 -999.250 -999.250 -999.250 -999.250 -999.250
291.002 268.454 269.527 257.188 255.483 258.507 235.316 196.550 190.015 163.265 148.971 161.869 164.160 159.526 173.174 180.478 202.909 202.701 238.065 271.801 295.558 315.856 334.822 366.229 418.482 462.259 520.090 560.100 619.924 659.739 734.612 795.866 809.098 857.850 976.139 959.868 1013.643 1005.445 1047.843 1023.360 1010.413 1012.814 962.738 957.838 963.963 975.739 925.145 841.033 -999.250 -999.250 -999.250 -999.250 -999.250 -999.250 -999.250 -999.250 -999.250 -999.250 -999.250 -999.250 -999.250 -999.250 -999.250 -999.250 -999.250
312.717 285.965 275.110 267.364 276.458 279.832 252.755 217.820 186.261 175.164 166.290 161.518 167.135 164.810 164.389 183.248 193.378 243.146 266.333 298.966 303.205 330.702 350.243 390.416 460.338 492.847 529.840 556.879 641.644 700.941 764.467 802.945 817.418 927.532 976.571 1036.937 1043.387 1032.223 1048.518 1056.917 1060.082 996.719 946.272 962.079 942.259 941.988 929.332 894.408 -999.250 -999.250 -999.250 -999.250 -999.250 -999.250 -999.250 -999.250 -999.250 -999.250 -999.250 -999.250 -999.250 -999.250 -999.250 -999.250 -999.250
326.194 299.592 276.770 261.014 263.001 249.701 239.031 197.354 181.252 161.714 155.455 148.481 159.956 163.626 161.204 185.491 204.792 245.906 287.396 302.527 325.651 330.301 373.835 410.807 467.633 511.293 557.663 621.940 676.305 716.423 773.829 804.630 880.570 959.091 1010.789 1094.119 1054.029 1033.744 1040.951 1008.417 976.350 985.806 958.048 930.029 929.896 954.538 892.056 -999.250 -999.250 -999.250 -999.250 -999.250 -999.250 -999.250 -999.250 -999.250 -999.250 -999.250 -999.250 -999.250 -999.250 -999.250 -999.250 -999.250 -999.250
319.800 288.944 270.910 256.154 223.071 223.426 198.427 175.415 167.668 144.162 146.498 148.677 156.304 141.898 170.576 185.770 223.800 261.459 279.750 311.291 319.969 345.570 384.254 449.894 480.212 533.799 568.524 620.183 678.709 715.087 750.497 827.866 863.382 962.745 1003.483 1032.909 1028.673 1046.770 1048.135 1020.599 960.580 984.651 934.246 994.736 952.266 918.841 920.486 -999.250 -999.250 -999.250 -999.250 -999.250 -999.250 -999.250 -999.250 -999.250 -999.250 -999.250 -999.250 -999.250 -999.250 -999.250 -999.250 -999.250 -999.250
308.303 278.634 233.929 204.232 184.701 184.027 185.381 159.887 167.288 145.432 135.485 133.867 140.848 167.218 175.038 203.870 235.491 254.581 290.164 323.128 343.892 363.092 400.943 454.067 507.798 561.410 593.808 622.017 666.264 696.433 759.865 784.042 860.716 896.790 971.034 1004.007 990.966 992.925 986.121 970.392 963.310 943.342 963.568 944.281 923.885 913.487 938.838 -999.250 -999.250 -999.250 -999.250 -999.250 -999.250 -999.250 -999.250 -999.250 -999.250 -999.250 -999.250 -999.250 -999.250 -999.250 -999.250 -999.250 -999.250
303.543 256.211 204.863 174.819 170.931 147.778 138.552 125.552 126.877 117.225 121.556 134.475 142.326 159.384 183.340 190.671 235.342 266.408 290.874 319.753 357.269 373.839 424.490 488.525 511.031 578.864 579.937 638.079 714.759 700.966 753.710 804.918 865.858 929.546 946.832 958.317 1001.157 969.159 943.372 913.196 957.216 954.134 922.991 968.411 912.796 864.099 919.302 -999.250 -999.250 -999.250 -999.250 -999.250 -999.250 -999.250 -999.250 -999.250 -999.250 -999.250 -999.250 -999.250 -999.250 -999.250 -999.250 -999.250 -999.250
284.488 241.632 192.594 166.874 147.723 128.180 113.196 107.206 97.005 103.508 105.190 126.788 134.625 145.833 173.769 209.982 244.357 282.735 304.413 328.164 354.460 407.121 465.151 516.479 541.791 560.277 597.534 642.969 677.646 757.429 768.270 802.818 833.738 891.815 924.346 933.774 967.978 981.298 974.263 958.902 948.507 946.201 928.315 908.630 915.872 910.122 -999.250 -999.250 -999.250 -999.250 -999.250 -999.250 -999.250 -999.250 -999.250 -999.250 -999.250 -999.250 -999.250 -999.250 -999.250 -999.250 -999.250 -999.250 -999.250
275.020 218.609 188.278 136.191 124.646 106.555 91.084 86.170 80.646 89.261 100.115 109.154 129.848 133.252 159.812 189.243 221.259 280.420 304.156 335.023 376.164 430.072 487.164 550.138 572.395 602.781 648.693 627.962 703.561 767.037 773.480 779.765 828.213 900.144 872.932 919.421 956.039 958.662 989.002 963.532 905.750 905.633 947.429 955.879 921.526 -999.250 -999.250 -999.250 -999.250 -999.250 -999.250 -999.250 -999.250 -999.250 -999.250 -999.250 -999.250 -999.250 -999.250 -999.250 -999.250 -999.250 -999.250 -999.250 -999.250
270.698 204.236 166.920 119.465 97.202 91.734 85.869 58.411 66.421 80.267 81.675 104.921 130.401 145.556 157.823 185.996 228.392 275.568 302.003 345.506 387.366 436.968 485.882 518.911 561.846 609.117 659.282 657.644 711.785 775.263 779.789 767.150 813.914 848.230 847.861 903.320 953.790 963.502 983.918 972.909 988.156 932.770 980.005 952.488 -999.250 -999.250 -999.250 -999.250 -999.250 -999.250 -999.250 -999.250 -999.250 -999.250 -999.250 -999.250 -999.250 -999.250 -999.250 -999.250 -999.250 -999.250 -999.250 -999.250 -999.250
256.394 186.954 142.468 102.512 72.166 59.720 56.992 57.432 69.855 75.841 87.493 102.305 128.290 138.526 160.544 207.132 251.510 306.663 335.173 362.213 396.300 452.129 487.970 509.482 558.878 607.598 660.848 706.641 735.887 782.588 744.592 751.608 765.132 819.161 812.760 910.868 934.774 891.745 947.919 969.012 931.335 930.918 951.190 942.880 -999.250 -999.250 -999.250 -999.250 -999.250 -999.250 -999.250 -999.250 -999.250 -999.250 -999.250 -999.250 -999.250 -999.250 -999.250 -999.250 -999.250 -999.250 -999.250 -999.250 -999.250
238.990 191.501 138.908 89.052 62.931 46.004 49.107 60.390 79.906 93.703 104.644 111.802 136.130 141.485 169.894 208.605 275.477 306.996 348.532 399.075 449.811 492.130 519.860 539.363 567.131 604.813 681.840 751.068 740.849 760.476 761.168 791.827 794.347 798.198 825.918 872.197 889.611 861.323 935.042 943.933 960.192 931.197 923.989 866.385 -999.250 -999.250 -999.250 -999.250 -999.250 -999.250 -999.250 -999.250 -999.250 -999.250 -999.250 -999.250 -999.250 -999.250 -999.250 -999.250 -999.250 -999.250 -999.250 -999.250 -999.250
265.765 190.194 147.224 92.354 60.605 53.550 65.975 79.848 95.620 104.813 125.502 134.189 146.675 158.813 198.430 257.944 303.259 322.980 368.908 410.604 449.631 512.019 536.562 573.147 580.107 636.772 720.046 761.993 748.859 747.824 805.619 791.460 777.376 825.395 812.007 853.875 920.625 846.102 847.851 849.055 836.662 859.227 908.128 834.359 -999.250 -999.250 -999.250 -999.250 -999.250 -999.250 -999.250 -999.250 -999.250 -999.250 -999.250 -999.250 -999.250 -999.250 -999.250 -999.250 -999.250 -999.250 -999.250 -999.250 -999.250
287.225 227.908 175.895 120.384 54.809 82.051 92.619 113.387 145.126 152.465 172.255 173.073 183.838 193.661 231.671 276.531 309.354 352.028 402.338 439.874 498.080 530.082 548.478 570.057 632.696 659.309 700.149 715.254 735.528 772.788 747.418 796.806 797.474 859.593 826.544 868.448 807.914 888.153 845.841 853.820 835.890 880.645 892.006 -999.250 -999.250 -999.250 -999.250 -999.250 -999.250 -999.250 -999.250 -999.250 -999.250 -999.250 -999.250 -999.250 -999.250 -999.250 -999.250 -999.250 -999.250 -999.250 -999.250 -999.250 -999.250
319.377 296.692 244.496 177.172 148.671 143.728 166.993 178.994 194.191 206.686 214.774 231.755 231.029 253.257 266.779 310.327 348.208 399.274 442.033 486.920 520.552 553.452 632.325 653.639 706.080 630.710 655.163 749.101 726.117 767.883 787.118 799.852 814.724 834.433 801.899 816.388 818.090 813.424 814.508 865.301 815.994 824.777 814.330 -999.250 -999.250 -999.250 -999.250 -999.250 -999.250 -999.250 -999.250 -999.250 -999.250 -999.250 -999.250 -999.250 -999.250 -999.250 -999.250 -999.250 -999.250 -999.250 -999.250 -999.250 -999.250
374.562 343.238 325.242 298.486 269.601 257.510 263.903 289.625 288.327 294.963 299.602 311.609 310.573 305.610 323.053 341.847 401.910 437.408 491.446 520.147 569.423 641.263 658.143 727.931 671.076 690.866 696.501 766.106 747.400 712.267 739.677 790.303 845.416 810.405 818.872 784.087 800.155 811.024 805.551 803.870 855.656 799.463 802.948 -999.250 -999.250 -999.250 -999.250 -999.250 -999.250 -999.250 -999.250 -999.250 -999.250 -999.250 -999.250 -999.250 -999.250 -999.250 -999.250 -999.250 -999.250 -999.250 -999.250 -999.250 -999.250
455.830 436.163 432.014 413.854 368.915 348.636 356.306 351.684 364.002 387.224 373.090 395.471 377.666 382.995 381.679 440.821 482.142 529.064 561.094 602.240 655.694 646.206 721.338 759.264 725.972 705.535 737.736 732.086 756.267 761.309 720.905 749.474 805.241 790.451 757.516 763.203 833.731 804.945 801.145 795.234 795.892 779.260 751.080 -999.250 -999.250 -999.250 -999.250 -999.250 -999.250 -999.250 -999.250 -999.250 -999.250 -999.250 -999.250 -999.250 -999.250 -999.250 -999.250 -999.250 -999.250 -999.250 -999.250 -999.250 -999.250
522.031 536.973 524.039 515.598 498.237 473.697 482.501 476.333 484.915 505.214 513.485 516.810 504.871 502.730 524.765 543.174 603.037 653.270 631.480 683.360 700.142 722.760 721.806 771.777 798.805 716.879 710.457 802.522 769.327 789.354 720.112 709.784 768.647 776.784 778.306 775.563 725.256 765.854 818.119 774.312 795.334 760.474 -999.250 -999.250 -999.250 -999.250 -999.250 -999.250 -999.250 -999.250 -999.250 -999.250 -999.250 -999.250 -999.250 -999.250 -999.250 -999.250 -999.250 -999.250 -999.250 -999.250 -999.250 -999.250 -999.250
642.280 630.692 624.901 599.142 594.052 561.359 574.542 626.238 636.824 628.870 642.610 664.909 653.736 682.733 701.319 690.338 775.546 803.354 776.912 785.802 808.770 -999.250 -999.250 -999.250 -999.250 758.582 726.418 740.638 754.949 746.399 -999.250 -999.250 -999.250 -999.250 -999.250 -999.250 -999.250 -999.250 -999.250 -999.250 -999.250 -999.250 -999.250 -999.250 -999.250 -999.250 -999.250 -999.250 -999.250 -999.250 -999.250 -999.250 -999.250 -999.250 -999.250 -999.250 -999.250 -999.250 -999.250 -999.250 -999.250 -999.250 -999.250 -999.250 -999.250
738.218 764.741 741.150 741.618 702.202 725.773 741.008 770.781 736.989 772.710 794.248 811.797 833.116 850.660 866.243 885.857 925.660 951.665 937.366 927.887 876.316 -999.250 -999.250 -999.250 -999.250 -999.250 -999.250 -999.250 -999.250 -999.250 -999.250 -999.250 -999.250 -999.250 -999.250 -999.250 -999.250 -999.250 -999.250 -999.250 -999.250 -999.250 -999.250 -999.250 -999.250 -999.250 -999.250 -999.250 -999.250 -999.250 -999.250 -999.250 -999.250 -999.250 -999.250 -999.250 -999.250 -999.250 -999.250 -999.250 -999.250 -999.250 -999.250 -999.250 -999.250
