data/medianmodel_14-Jul-2020.asc
ncols	141
nrows	288
xllcorner	-120191.398
yllcorner	-301404.813
cellsize	2000.000
NODATA_value	-999.250
[rows 124 to 154 of 288, columns 0 to 69 of 141]
-999.250 -999.250 -999.250 -999.250 -999.250 -999.250 -999.250 -999.250 -999.250 -999.250 -999.250 -999.250 -999.250 -999.250 -999.250 -999.250 -999.250 -999.250 -999.250 -999.250 -999.250 -999.250 -999.250 -999.250 3.203 4.705 4.074 2.595 2.224 2.819 4.167 5.191 6.165 5.309 6.903 7.439 8.175 11.470 9.676 4.633 0.872 0.000 0.000 0.000 0.000 0.000 0.000 4.024 11.426 26.180 52.637 63.264 93.269 111.080 105.405 96.563 65.169 40.370 23.663 16.401 5.970 0.000 0.000 0.000 0.000 2.557 7.591 12.332 16.788 21.384
-999.250 -999.250 -999.250 -999.250 -999.250 -999.250 -999.250 -999.250 -999.250 -999.250 -999.250 -999.250 -999.250 -999.250 -999.250 -999.250 -999.250 -999.250 -999.250 -999.250 -999.250 -999.250 -999.250 -999.250 4.060 2.471 3.712 4.383 3.871 4.858 5.802 4.369 6.301 8.518 9.367 9.660 8.759 9.310 8.961 4.054 1.385 0.000 0.000 0.000 0.000 0.000 0.000 4.709 13.294 23.103 44.512 74.640 112.435 127.080 143.678 112.612 70.001 44.711 36.895 18.671 10.248 1.652 0.000 0.000 0.000 1.853 7.130 11.992 14.634 17.675
-999.250 -999.250 -999.250 -999.250 -999.250 -999.250 -999.250 -999.250 -999.250 -999.250 -999.250 -999.250 -999.250 -999.250 -999.250 -999.250 -999.250 -999.250 -999.250 -999.250 -999.250 -999.250 -999.250 7.285 6.220 4.937 4.332 3.729 2.744 5.478 6.413 5.942 8.387 8.475 10.359 9.273 11.142 9.757 7.413 5.383 2.925 0.000 0.000 0.000 0.000 0.000 0.000 4.826 12.499 21.656 43.903 63.113 109.161 116.968 129.941 117.151 76.358 53.121 27.059 19.808 11.158 3.800 0.000 0.000 0.000 0.267 5.627 8.592 13.318 16.607
-999.250 -999.250 -999.250 -999.250 -999.250 -999.250 -999.250 -999.250 -999.250 -999.250 -999.250 -999.250 -999.250 -999.250 -999.250 -999.250 -999.250 -999.250 -999.250 -999.250 -999.250 -999.250 -999.250 6.908 6.044 5.413 5.447 5.556 5.288 6.344 7.987 7.794 8.716 10.881 11.345 8.926 11.200 9.198 10.689 6.794 4.119 0.581 0.000 0.000 0.000 0.000 0.000 0.000 7.451 19.668 36.453 70.876 91.249 109.819 115.804 107.002 67.513 58.831 26.416 20.332 11.824 4.221 0.000 0.000 0.000 0.000 4.928 7.303 10.971 14.693
-999.250 -999.250 -999.250 -999.250 -999.250 -999.250 -999.250 -999.250 -999.250 -999.250 -999.250 -999.250 -999.250 -999.250 -999.250 -999.250 -999.250 -999.250 -999.250 -999.250 -999.250 -999.250 -999.250 6.359 7.710 9.273 8.017 9.345 9.068 8.857 9.519 8.964 8.987 10.756 10.050 9.509 9.865 12.652 10.518 7.631 5.312 1.938 0.000 0.000 0.000 0.000 0.000 0.000 0.000 13.120 26.214 53.626 65.450 94.403 88.142 76.338 59.806 43.481 28.941 18.311 12.220 4.143 0.000 0.000 0.000 1.134 3.907 7.629 11.256 12.953
-999.250 -999.250 -999.250 -999.250 -999.250 -999.250 -999.250 -999.250 -999.250 -999.250 -999.250 -999.250 -999.250 -999.250 -999.250 -999.250 -999.250 -999.250 -999.250 -999.250 -999.250 -999.250 9.318 8.392 9.921 9.700 10.184 8.836 11.356 11.895 13.261 11.728 10.864 10.229 11.634 11.195 12.695 12.915 14.816 9.177 6.254 3.052 0.580 0.000 0.000 0.000 0.000 0.000 0.000 10.588 21.441 36.045 56.310 63.897 75.265 65.488 49.632 40.151 28.759 17.201 12.451 6.382 0.163 0.000 0.000 3.656 5.558 8.437 13.039 12.685
-999.250 -999.250 -999.250 -999.250 -999.250 -999.250 -999.250 -999.250 -999.250 -999.250 -999.250 -999.250 -999.250 -999.250 -999.250 -999.250 -999.250 -999.250 -999.250 -999.250 -999.250 -999.250 9.214 9.849 12.431 12.035 12.526 11.485 12.660 13.435 15.298 15.573 16.682 12.978 13.135 14.133 14.967 12.249 14.097 14.461 11.393 8.331 3.045 0.615 0.000 0.000 0.000 0.000 0.000 7.028 12.710 23.290 31.190 42.025 44.972 40.064 37.361 26.776 19.947 15.287 9.271 6.887 2.634 1.142 3.575 4.146 6.995 10.426 11.600 13.178
-999.250 -999.250 -999.250 -999.250 -999.250 -999.250 -999.250 -999.250 -999.250 -999.250 -999.250 -999.250 -999.250 -999.250 -999.250 -999.250 -999.250 -999.250 -999.250 -999.250 -999.250 8.528 9.801 12.887 18.178 12.933 11.918 11.577 13.600 16.331 24.747 17.146 15.695 16.701 15.880 16.940 16.261 17.765 17.746 15.659 12.705 9.632 7.186 4.439 0.527 0.000 0.000 0.000 0.000 0.686 6.559 13.329 21.237 26.521 31.032 33.535 23.961 25.294 19.113 11.878 7.409 6.152 4.381 1.882 4.981 4.721 8.357 10.752 14.184 15.058
-999.250 -999.250 -999.250 -999.250 -999.250 -999.250 -999.250 -999.250 -999.250 -999.250 -999.250 -999.250 -999.250 -999.250 -999.250 -999.250 -999.250 -999.250 -999.250 -999.250 -999.250 8.593 11.237 10.952 14.108 13.919 11.886 13.037 13.531 14.549 19.580 19.059 16.667 15.534 17.953 17.919 17.273 19.187 21.280 19.199 14.456 13.100 10.411 7.282 1.802 0.000 0.000 0.000 0.000 0.000 1.737 6.869 11.486 17.025 21.867 22.066 19.490 20.361 16.951 12.887 11.528 8.774 6.215 5.085 6.935 6.868 8.616 11.976 15.252 18.221
-999.250 -999.250 -999.250 -999.250 -999.250 -999.250 -999.250 -999.250 -999.250 -999.250 -999.250 -999.250 -999.250 -999.250 -999.250 -999.250 -999.250 -999.250 -999.250 -999.250 -999.250 9.010 9.517 10.575 11.761 12.803 12.200 13.111 11.634 12.360 15.262 16.305 17.137 19.249 23.660 20.892 20.237 22.640 23.598 22.113 21.815 14.556 11.277 7.863 3.197 0.000 0.000 0.000 0.000 0.000 0.000 0.924 4.092 11.029 12.675 16.626 18.474 17.479 14.117 14.810 13.518 8.806 7.899 7.107 7.467 9.514 9.532 13.322 17.660 27.405
-999.250 -999.250 -999.250 -999.250 -999.250 -999.250 -999.250 -999.250 -999.250 -999.250 -999.250 -999.250 -999.250 -999.250 -999.250 -999.250 -999.250 -999.250 -999.250 -999.250 9.986 7.966 9.960 11.716 10.972 12.969 13.549 12.595 12.831 14.052 17.932 17.617 19.716 20.703 22.642 20.141 20.518 27.568 26.252 31.462 24.851 21.608 15.244 14.318 9.315 0.853 0.000 0.000 0.000 0.000 0.000 0.000 0.000 4.558 9.374 13.968 16.030 16.661 19.651 17.666 12.927 10.395 9.751 8.185 8.769 8.259 9.127 12.008 15.973 17.956
-999.250 -999.250 -999.250 -999.250 -999.250 -999.250 -999.250 -999.250 -999.250 -999.250 -999.250 -999.250 -999.250 -999.250 -999.250 -999.250 -999.250 -999.250 -999.250 -999.250 8.190 8.262 8.743 8.351 8.688 11.370 12.069 11.535 12.577 15.932 21.041 18.890 20.957 22.767 18.099 19.581 23.140 27.352 28.861 33.823 33.566 23.794 18.896 14.158 8.054 5.444 0.000 0.000 0.000 0.000 0.000 0.000 0.000 0.532 7.262 9.456 16.203 20.477 21.325 22.215 14.368 12.485 10.027 7.412 8.218 8.396 8.002 11.303 12.251 13.409
-999.250 -999.250 -999.250 -999.250 -999.250 -999.250 -999.250 -999.250 -999.250 -999.250 -999.250 -999.250 -999.250 -999.250 -999.250 -999.250 -999.250 -999.250 -999.250 -999.250 8.149 7.874 6.582 7.424 6.996 7.424 9.250 10.337 11.911 18.405 26.048 24.087 20.715 20.798 21.224 19.572 18.816 28.191 34.337 39.436 43.036 31.231 22.083 18.309 10.186 6.442 2.017 0.000 0.000 0.000 0.000 0.000 0.000 2.594 6.575 10.485 15.446 19.405 19.651 22.805 17.301 13.866 12.539 9.087 6.874 7.186 7.329 8.758 9.425 10.563
-999.250 -999.250 -999.250 -999.250 -999.250 -999.250 -999.250 -999.250 -999.250 -999.250 -999.250 -999.250 -999.250 -999.250 -999.250 -999.250 -999.250 -999.250 -999.250 -999.250 8.755 7.789 7.400 3.940 4.220 6.472 6.433 7.442 12.726 17.545 31.322 22.293 20.444 17.816 19.817 19.858 26.161 25.665 34.332 36.704 49.950 36.433 21.839 19.563 11.998 7.955 1.952 0.000 0.000 0.000 0.000 0.000 0.000 2.316 6.380 9.740 13.834 17.351 22.126 30.093 19.299 15.784 14.625 10.865 9.039 7.823 5.729 6.782 6.816 7.042
-999.250 -999.250 -999.250 -999.250 -999.250 -999.250 -999.250 -999.250 -999.250 -999.250 -999.250 -999.250 -999.250 -999.250 -999.250 -999.250 -999.250 -999.250 -999.250 12.503 11.465 9.706 5.051 2.559 2.260 2.429 5.747 7.099 9.425 12.572 16.867 16.176 16.078 13.677 15.615 19.169 25.581 27.357 28.891 35.586 32.144 27.874 21.682 18.102 13.529 8.210 0.607 0.000 0.000 0.000 0.000 0.000 0.000 3.098 4.542 9.145 12.701 15.150 20.353 21.310 19.710 16.833 11.503 9.771 9.233 5.074 3.282 3.559 4.087 4.486
-999.250 -999.250 -999.250 -999.250 -999.250 -999.250 -999.250 -999.250 -999.250 -999.250 -999.250 -999.250 -999.250 -999.250 -999.250 -999.250 -999.250 -999.250 -999.250 15.386 14.370 10.889 6.793 2.322 0.000 0.000 0.000 2.398 3.893 6.193 9.032 9.689 10.776 14.492 15.975 19.548 24.041 24.395 25.213 30.860 23.739 25.602 20.509 15.692 12.174 6.785 0.545 0.000 0.000 0.000 0.000 0.000 0.000 3.192 6.243 10.202 13.565 15.745 18.976 18.151 16.932 13.924 10.844 9.239 5.798 2.709 2.135 2.397 1.270 1.111
-999.250 -999.250 -999.250 -999.250 -999.250 -999.250 -999.250 -999.250 -999.250 -999.250 -999.250 -999.250 -999.250 -999.250 -999.250 -999.250 -999.250 -999.250 -999.250 18.950 21.179 11.866 6.364 2.465 0.000 0.000 0.000 0.000 0.000 0.000 0.000 2.514 7.446 10.500 13.529 17.257 22.803 21.269 24.478 24.818 22.242 20.605 17.959 12.559 9.031 5.442 1.113 0.000 0.000 0.000 0.000 0.000 0.000 0.899 5.394 9.366 12.338 14.909 18.521 15.841 15.399 12.946 11.062 6.188 3.312 0.000 0.000 0.000 0.000 0.000
-999.250 -999.250 -999.250 -999.250 -999.250 -999.250 -999.250 -999.250 -999.250 -999.250 -999.250 -999.250 -999.250 -999.250 -999.250 -999.250 -999.250 -999.250 -999.250 18.779 16.014 10.140 6.172 0.924 0.000 0.000 0.000 0.000 0.000 0.000 0.000 1.267 6.221 10.984 12.528 15.482 15.944 16.092 15.839 18.813 17.058 15.433 13.764 10.040 6.743 6.026 1.671 0.000 0.000 0.000 0.000 0.000 0.000 1.332 5.856 7.653 11.167 12.970 13.790 16.734 13.038 10.282 8.130 4.376 0.000 0.000 0.000 0.000 0.000 0.000
-999.250 -999.250 -999.250 -999.250 -999.250 -999.250 -999.250 -999.250 -999.250 -999.250 -999.250 -999.250 -999.250 -999.250 -999.250 -999.250 -999.250 -999.250 -999.250 16.902 13.414 9.927 6.402 1.851 0.000 0.000 0.000 0.000 0.000 0.000 0.000 0.000 5.576 9.786 11.589 13.953 12.212 13.476 13.534 13.481 12.160 11.567 9.942 9.024 7.098 5.592 1.098 0.000 0.000 0.000 0.000 0.000 0.000 2.482 3.911 7.968 9.400 14.285 15.765 17.204 14.448 10.787 9.492 3.191 0.000 0.000 0.000 0.000 0.000 0.000
-999.250 -999.250 -999.250 -999.250 -999.250 -999.250 -999.250 -999.250 -999.250 -999.250 -999.250 -999.250 -999.250 -999.250 -999.250 -999.250 -999.250 -999.250 18.542 19.188 15.632 11.180 7.327 3.735 0.000 0.000 0.000 0.000 0.000 0.000 0.000 0.000 4.501 8.990 10.022 12.200 12.147 10.643 10.367 10.431 8.695 8.827 8.601 7.353 5.043 2.712 1.224 0.000 0.000 0.000 0.000 0.000 0.000 1.678 4.188 6.625 9.666 13.231 16.950 18.951 15.927 11.515 6.552 2.142 0.000 0.000 0.000 0.000 0.000 0.000
-999.250 -999.250 -999.250 -999.250 -999.250 -999.250 -999.250 -999.250 -999.250 -999.250 -999.250 -999.250 -999.250 -999.250 -999.250 -999.250 -999.250 22.681 19.853 18.068 18.419 12.666 10.124 5.856 0.073 0.000 0.000 0.000 0.000 0.000 0.000 0.000 4.036 7.516 8.941 10.294 9.095 9.665 7.540 9.194 7.433 6.081 5.869 5.119 5.151 3.322 1.297 0.130 0.000 0.000 0.000 0.000 0.000 0.000 0.000 4.171 7.548 11.657 19.471 26.731 14.488 10.785 5.422 0.562 0.000 0.000 0.000 0.000 0.000 0.000
-999.250 -999.250 -999.250 -999.250 -999.250 -999.250 -999.250 -999.250 -999.250 -999.250 -999.250 -999.250 -999.250 -999.250 -999.250 -999.250 -999.250 33.082 34.794 27.782 20.881 16.097 12.778 7.845 3.432 0.000 0.000 0.000 0.000 0.000 0.000 0.000 1.728 5.412 8.577 9.116 9.677 7.752 8.297 6.478 7.466 5.839 4.391 3.490 3.082 1.699 2.090 2.084 1.559 0.000 0.000 0.000 0.000 0.000 0.000 0.909 3.813 7.328 14.043 15.066 13.178 8.135 4.557 0.422 0.000 0.000 0.000 0.000 0.000 0.000
-999.250 -999.250 -999.250 -999.250 -999.250 -999.250 -999.250 -999.250 -999.250 -999.250 -999.250 -999.250 -999.250 -999.250 -999.250 41.814 41.392 43.191 39.033 29.548 22.860 22.166 18.812 12.040 6.234 1.382 0.000 0.000 0.000 0.000 0.000 0.000 1.210 4.985 5.866 8.313 8.810 9.701 8.170 5.591 5.237 5.725 3.957 2.726 1.993 1.654 2.466 4.195 3.364 1.890 0.093 0.000 0.000 0.000 0.000 0.000 0.161 2.847 6.401 7.348 6.697 5.360 1.667 0.000 0.000 0.000 0.000 0.000 0.000 0.000
-999.250 -999.250 -999.250 -999.250 -999.250 -999.250 -999.250 -999.250 -999.250 -999.250 -999.250 -999.250 -999.250 -999.250 42.571 45.379 50.080 51.570 41.441 37.913 31.938 26.642 21.398 18.360 11.337 4.806 0.000 0.000 0.000 0.000 0.000 0.000 1.959 4.164 6.661 9.648 8.908 10.237 8.739 6.210 4.083 4.177 1.626 1.292 2.232 3.010 6.876 8.498 5.818 3.857 0.747 0.000 0.000 0.000 0.000 0.000 0.000 0.000 2.716 2.240 3.263 2.081 0.000 0.000 0.000 0.000 0.000 0.000 0.000 0.000
-999.250 -999.250 -999.250 -999.250 -999.250 -999.250 -999.250 -999.250 -999.250 -999.250 -999.250 -999.250 -999.250 -999.250 53.580 65.565 62.019 53.278 56.611 50.960 41.206 32.179 31.676 20.181 12.535 4.638 0.826 0.000 0.000 0.000 0.000 0.068 1.447 6.030 8.720 9.900 11.493 15.614 9.207 6.245 4.315 2.595 0.764 1.364 2.121 4.639 6.993 13.403 8.594 3.741 0.639 0.000 0.000 0.000 0.000 0.000 0.000 0.000 0.000 0.000 0.000 0.000 0.000 0.000 0.000 0.000 0.000 0.000 0.000 0.000
-999.250 -999.250 -999.250 -999.250 -999.250 -999.250 -999.250 -999.250 -999.250 -999.250 -999.250 -999.250 -999.250 43.928 50.242 61.548 75.313 79.131 61.784 68.604 53.040 46.288 33.834 26.091 17.057 9.492 3.914 0.141 0.000 0.000 0.000 0.000 3.561 6.640 7.869 8.637 10.360 9.707 8.945 6.568 2.606 1.812 0.436 0.000 2.818 2.406 5.763 6.974 5.454 3.991 0.000 0.000 0.000 0.000 0.000 0.000 0.000 0.000 0.000 0.000 0.000 0.000 0.000 0.000 0.000 0.000 0.000 0.000 0.000 0.000
-999.250 -999.250 -999.250 -999.250 -999.250 -999.250 -999.250 -999.250 -999.250 -999.250 -999.250 -999.250 41.494 58.662 65.980 66.776 74.600 88.060 84.519 77.657 70.090 57.800 48.281 24.774 18.677 9.984 5.722 1.895 0.000 0.000 0.000 0.624 3.427 6.302 8.143 8.563 7.949 7.868 5.837 4.266 2.399 0.482 0.000 0.000 0.000 0.000 0.399 2.086 2.098 0.390 0.000 0.000 0.000 0.000 0.000 0.000 0.000 0.000 0.000 0.000 0.000 0.000 0.000 0.000 0.000 0.000 0.000 0.000 0.000 0.000
-999.250 -999.250 -999.250 -999.250 -999.250 -999.250 -999.250 -999.250 -999.250 -999.250 -999.250 34.231 43.355 53.178 70.833 75.864 74.433 88.482 94.206 85.079 74.941 64.449 52.977 26.832 20.137 12.075 7.137 2.019 0.000 0.000 0.000 1.640 4.317 5.780 6.878 7.314 6.478 6.332 4.180 2.896 1.257 0.000 0.000 0.000 0.000 0.000 0.000 0.000 0.000 0.000 0.000 0.000 0.000 0.000 0.000 0.000 0.000 0.000 0.000 0.000 0.000 0.000 0.000 0.000 0.000 0.000 0.000 0.000 0.000 0.000
-999.250 -999.250 -999.250 -999.250 -999.250 -999.250 -999.250 -999.250 -999.250 -999.250 39.115 39.895 45.153 50.201 68.546 62.224 80.943 88.529 101.524 99.496 93.396 78.070 44.064 25.529 17.478 13.337 7.627 1.003 0.000 0.000 0.000 0.713 3.302 5.133 4.543 4.003 4.386 5.052 3.539 3.163 0.050 0.000 0.000 0.000 0.000 0.000 0.000 0.000 0.000 0.000 0.000 0.000 0.000 0.000 0.000 0.000 0.000 0.000 0.000 0.000 0.000 0.000 0.000 0.000 0.000 0.000 0.000 0.000 0.000 0.000
-999.250 -999.250 -999.250 -999.250 -999.250 -999.250 -999.250 -999.250 -999.250 31.127 32.243 39.131 43.076 42.302 51.495 67.510 68.076 88.696 92.955 109.801 93.028 65.773 52.137 31.309 18.401 11.362 5.074 0.323 0.000 0.000 0.000 0.000 3.921 4.205 4.452 2.761 3.741 3.866 2.938 0.770 0.000 0.000 0.000 0.000 0.000 0.000 0.000 0.000 0.000 0.000 0.000 0.000 0.000 0.000 0.000 0.000 0.000 0.000 0.000 0.000 0.000 0.000 0.000 0.000 0.000 0.000 0.000 0.000 0.000 0.000
-999.250 -999.250 -999.250 -999.250 -999.250 27.186 37.734 27.559 25.813 25.287 24.651 26.008 32.520 37.351 38.764 54.014 66.761 76.054 101.157 98.024 86.597 57.071 48.612 24.927 16.072 8.707 1.384 0.000 0.000 0.000 0.000 0.000 2.009 4.097 4.062 5.534 6.167 3.594 2.905 1.099 0.000 0.000 0.000 0.000 0.000 0.000 0.000 0.000 0.000 0.000 0.000 0.000 0.000 0.000 0.000 0.000 0.000 0.000 0.000 0.000 0.000 0.000 0.000 0.000 0.000 0.000 0.000 0.000 0.000 0.000
