data/medianmodel_18-Apr-2020.asc
ncols	141
nrows	288
xllcorner	-120191.398
yllcorner	-301404.813
cellsize	2000.000
NODATA_value	-999.250
[rows 90 to 119 of 288, columns 0 to 66 of 141]
-999.250 -999.250 -999.250 -999.250 -999.250 -999.250 -999.250 -999.250 -999.250 -999.250 -999.250 -999.250 -999.250 -999.250 -999.250 -999.250 -999.250 -999.250 -999.250 -999.250 -999.250 -999.250 -999.250 -999.250 -999.250 -999.250 -999.250 -999.250 -999.250 -999.250 -999.250 -999.250 38.882 37.043 35.555 38.263 39.578 39.676 38.428 34.606 30.400 29.207 30.751 30.752 32.750 37.880 39.138 35.917 35.031 29.591 26.335 26.540 23.770 26.766 23.707 22.819 28.483 32.101 32.119 33.990 36.417 35.368 37.941 37.417 40.548 41.917 38.560
-999.250 -999.250 -999.250 -999.250 -999.250 -999.250 -999.250 -999.250 -999.250 -999.250 -999.250 -999.250 -999.250 -999.250 -999.250 -999.250 -999.250 -999.250 -999.250 -999.250 -999.250 -999.250 -999.250 -999.250 -999.250 -999.250 -999.250 -999.250 -999.250 -999.250 -999.250 -999.250 35.976 31.075 32.725 31.898 30.967 33.510 34.122 29.679 26.590 27.585 27.701 31.891 33.124 37.412 44.290 42.531 37.080 34.283 29.075 25.012 21.385 20.093 22.690 26.426 24.810 29.914 34.569 37.503 39.418 39.618 44.955 52.549 49.301 49.151 50.613
-999.250 -999.250 -999.250 -999.250 -999.250 -999.250 -999.250 -999.250 -999.250 -999.250 -999.250 -999.250 -999.250 -999.250 -999.250 -999.250 -999.250 -999.250 -999.250 -999.250 -999.250 -999.250 -999.250 -999.250 -999.250 -999.250 -999.250 -999.250 -999.250 -999.250 -999.250 25.983 26.535 25.537 25.267 23.047 26.630 29.413 25.876 27.212 27.614 26.852 28.556 35.077 39.307 44.586 49.964 54.106 41.832 36.184 29.904 26.698 22.415 21.345 22.812 21.295 27.130 31.796 35.877 39.630 45.905 50.657 52.287 56.635 65.967 62.784 62.592
-999.250 -999.250 -999.250 -999.250 -999.250 -999.250 -999.250 -999.250 -999.250 -999.250 -999.250 -999.250 -999.250 -999.250 -999.250 -999.250 -999.250 -999.250 -999.250 -999.250 -999.250 -999.250 -999.250 -999.250 -999.250 -999.250 -999.250 -999.250 -999.250 -999.250 -999.250 24.228 21.757 19.874 20.300 21.423 23.939 25.771 23.961 25.529 28.023 29.113 31.181 33.027 38.437 46.144 62.367 49.865 41.357 39.065 31.319 23.505 21.127 21.244 18.049 19.599 25.079 28.468 32.690 46.518 47.778 61.212 66.943 76.583 78.047 65.913 75.425
-999.250 -999.250 -999.250 -999.250 -999.250 -999.250 -999.250 -999.250 -999.250 -999.250 -999.250 -999.250 -999.250 -999.250 -999.250 -999.250 -999.250 -999.250 -999.250 -999.250 -999.250 -999.250 -999.250 -999.250 -999.250 -999.250 -999.250 -999.250 -999.250 -999.250 -999.250 19.015 18.176 17.735 18.032 19.566 23.515 28.034 30.415 31.731 30.898 31.043 32.762 32.784 37.980 41.648 52.743 51.395 42.794 33.888 29.162 23.335 21.818 18.609 18.172 21.409 23.542 29.700 37.288 53.911 62.458 76.459 91.279 103.065 109.396 97.181 89.114
-999.250 -999.250 -999.250 -999.250 -999.250 -999.250 -999.250 -999.250 -999.250 -999.250 -999.250 -999.250 -999.250 -999.250 -999.250 -999.250 -999.250 -999.250 -999.250 -999.250 -999.250 -999.250 -999.250 -999.250 -999.250 -999.250 -999.250 -999.250 -999.250 -999.250 -999.250 19.271 19.413 17.919 16.903 24.231 28.973 30.364 36.558 37.330 31.331 36.992 40.173 35.382 35.916 39.527 45.472 37.556 37.096 31.494 25.613 23.771 20.189 19.151 19.252 19.180 23.070 28.622 48.984 65.818 68.194 90.834 111.898 143.709 148.389 130.876 131.078
-999.250 -999.250 -999.250 -999.250 -999.250 -999.250 -999.250 -999.250 -999.250 -999.250 -999.250 -999.250 -999.250 -999.250 -999.250 -999.250 -999.250 -999.250 -999.250 -999.250 -999.250 -999.250 -999.250 -999.250 -999.250 -999.250 -999.250 -999.250 -999.250 -999.250 17.082 17.918 17.272 20.361 23.009 26.795 30.560 35.558 44.335 42.347 39.388 38.539 42.593 39.505 39.752 32.639 34.508 31.078 33.112 29.954 26.381 22.083 18.839 17.628 14.916 16.757 18.685 26.381 46.817 76.540 84.232 93.676 130.622 155.178 173.222 173.490 168.356
-999.250 -999.250 -999.250 -999.250 -999.250 -999.250 -999.250 -999.250 -999.250 -999.250 -999.250 -999.250 -999.250 -999.250 -999.250 -999.250 -999.250 -999.250 -999.250 -999.250 -999.250 -999.250 -999.250 -999.250 -999.250 -999.250 -999.250 -999.250 -999.250 -999.250 17.220 20.257 23.294 24.635 26.105 32.899 34.972 37.907 43.139 45.785 48.306 46.038 46.949 43.031 41.795 36.692 25.108 28.291 32.301 27.535 26.537 21.659 20.392 17.463 14.890 15.105 14.561 21.890 44.070 72.907 85.440 104.630 163.219 193.137 213.471 198.814 182.431
-999.250 -999.250 -999.250 -999.250 -999.250 -999.250 -999.250 -999.250 -999.250 -999.250 -999.250 -999.250 -999.250 -999.250 -999.250 -999.250 -999.250 -999.250 -999.250 -999.250 -999.250 -999.250 -999.250 -999.250 -999.250 -999.250 -999.250 -999.250 -999.250 -999.250 17.003 20.919 22.656 27.974 33.296 39.096 42.371 45.485 49.537 55.116 65.071 59.086 54.287 46.677 44.245 40.635 35.667 34.251 29.517 26.793 28.435 23.165 20.184 18.747 18.002 17.153 16.161 11.360 41.849 65.838 100.538 122.845 182.789 223.368 263.899 228.123 208.065
-999.250 -999.250 -999.250 -999.250 -999.250 -999.250 -999.250 -999.250 -999.250 -999.250 -999.250 -999.250 -999.250 -999.250 -999.250 -999.250 -999.250 -999.250 -999.250 -999.250 -999.250 -999.250 -999.250 -999.250 -999.250 -999.250 -999.250 -999.250 -999.250 -999.250 16.277 19.506 27.470 30.623 38.028 39.150 40.396 43.858 58.941 66.387 77.119 68.681 62.703 57.497 48.489 40.702 37.633 39.981 34.115 33.156 29.473 26.554 24.032 21.127 22.116 20.609 20.456 25.812 45.686 74.721 107.838 115.523 170.386 223.813 237.392 233.673 212.707
-999.250 -999.250 -999.250 -999.250 -999.250 -999.250 -999.250 -999.250 -999.250 -999.250 -999.250 -999.250 -999.250 -999.250 -999.250 -999.250 -999.250 -999.250 -999.250 -999.250 -999.250 -999.250 -999.250 -999.250 -999.250 -999.250 -999.250 -999.250 -999.250 4.710 12.925 18.988 25.156 29.179 34.218 38.379 45.555 49.295 60.833 65.026 72.674 70.108 69.352 63.189 51.651 51.447 40.668 39.085 41.631 37.606 38.171 32.478 27.875 27.015 27.984 25.939 28.299 33.011 51.362 73.462 91.225 124.848 163.243 197.242 211.802 219.128 205.133
-999.250 -999.250 -999.250 -999.250 -999.250 -999.250 -999.250 -999.250 -999.250 -999.250 -999.250 -999.250 -999.250 -999.250 -999.250 -999.250 -999.250 -999.250 -999.250 -999.250 -999.250 -999.250 -999.250 -999.250 -999.250 -999.250 -999.250 -999.250 -999.250 6.447 11.471 19.796 22.506 29.810 34.134 36.943 38.334 45.276 57.822 66.076 69.786 72.437 62.754 63.271 62.609 64.700 56.522 54.431 54.878 43.370 43.133 39.214 36.406 35.856 31.105 32.131 33.399 35.563 55.732 74.248 96.731 110.548 154.116 186.863 205.601 190.912 196.570
-999.250 -999.250 -999.250 -999.250 -999.250 -999.250 -999.250 -999.250 -999.250 -999.250 -999.250 -999.250 -999.250 -999.250 -999.250 -999.250 -999.250 -999.250 -999.250 -999.250 -999.250 -999.250 -999.250 -999.250 -999.250 -999.250 -999.250 -999.250 -999.250 2.911 14.305 17.825 18.261 21.874 26.597 25.979 36.255 43.390 52.133 58.117 67.151 72.175 71.939 71.180 76.377 76.648 77.743 64.722 71.547 58.877 54.337 42.793 43.838 43.815 36.987 31.318 35.289 42.418 57.553 64.570 79.988 123.410 153.951 155.709 168.932 175.600 151.786
-999.250 -999.250 -999.250 -999.250 -999.250 -999.250 -999.250 -999.250 -999.250 -999.250 -999.250 -999.250 -999.250 -999.250 -999.250 -999.250 -999.250 -999.250 -999.250 -999.250 -999.250 -999.250 -999.250 -999.250 -999.250 -999.250 -999.250 -999.250 -999.250 5.169 10.667 16.206 19.048 20.819 21.446 26.726 31.890 39.448 44.926 55.362 67.262 76.527 81.508 85.191 87.431 105.170 99.567 101.698 71.775 65.065 57.817 45.834 45.338 37.793 33.486 32.702 34.247 40.706 49.055 63.440 77.615 99.996 114.873 134.663 150.982 135.914 125.248
-999.250 -999.250 -999.250 -999.250 -999.250 -999.250 -999.250 -999.250 -999.250 -999.250 -999.250 -999.250 -999.250 -999.250 -999.250 -999.250 -999.250 -999.250 -999.250 -999.250 -999.250 -999.250 -999.250 -999.250 -999.250 -999.250 -999.250 -999.250 0.000 5.569 9.797 14.992 16.749 20.978 23.689 22.953 28.622 36.783 40.233 60.209 73.086 78.859 98.859 116.775 123.067 143.376 126.294 115.833 100.796 82.599 71.660 51.687 40.786 32.838 27.725 26.187 32.069 35.499 44.334 51.013 62.953 80.831 83.157 108.894 104.681 98.657 105.981
-999.250 -999.250 -999.250 -999.250 -999.250 -999.250 -999.250 -999.250 -999.250 -999.250 -999.250 -999.250 -999.250 -999.250 -999.250 -999.250 -999.250 -999.250 -999.250 -999.250 -999.250 -999.250 -999.250 -999.250 -999.250 -999.250 -999.250 -999.250 1.806 8.822 12.878 15.735 17.097 17.109 19.326 22.079 24.875 27.965 35.091 52.597 88.989 103.873 127.072 144.690 141.984 140.664 151.305 131.816 119.631 96.730 69.986 48.201 41.530 27.624 21.586 20.834 20.699 26.230 35.680 41.423 50.603 61.503 70.315 69.255 73.584 75.194 70.835
-999.250 -999.250 -999.250 -999.250 -999.250 -999.250 -999.250 -999.250 -999.250 -999.250 -999.250 -999.250 -999.250 -999.250 -999.250 -999.250 -999.250 -999.250 -999.250 -999.250 -999.250 -999.250 -999.250 -999.250 -999.250 -999.250 -999.250 0.000 3.160 7.145 12.244 15.871 17.605 19.039 19.427 20.001 22.424 26.938 31.716 62.905 85.980 138.018 145.625 169.979 179.439 183.120 163.944 149.622 139.912 117.533 82.245 66.518 44.579 24.894 12.859 13.406 16.733 24.988 31.012 42.137 45.400 48.857 52.323 46.604 56.594 55.546 52.847
-999.250 -999.250 -999.250 -999.250 -999.250 -999.250 -999.250 -999.250 -999.250 -999.250 -999.250 -999.250 -999.250 -999.250 -999.250 -999.250 -999.250 -999.250 -999.250 -999.250 -999.250 -999.250 -999.250 -999.250 -999.250 -999.250 -999.250 0.000 4.806 10.590 13.466 15.309 16.413 17.737 19.393 24.279 26.223 38.694 50.699 78.772 109.960 150.147 179.426 214.473 213.058 201.899 212.828 182.362 163.246 135.803 95.204 71.972 40.058 22.745 0.000 4.112 10.965 18.512 26.536 37.549 40.373 39.154 39.272 36.317 42.614 38.485 39.289
-999.250 -999.250 -999.250 -999.250 -999.250 -999.250 -999.250 -999.250 -999.250 -999.250 -999.250 -999.250 -999.250 -999.250 -999.250 -999.250 -999.250 -999.250 -999.250 -999.250 -999.250 -999.250 -999.250 -999.250 -999.250 -999.250 -999.250 0.000 7.026 11.625 15.578 16.113 17.619 19.794 22.789 28.341 31.696 44.163 61.221 91.627 140.658 174.156 223.364 245.229 232.526 249.988 258.294 224.288 197.592 154.153 106.430 70.196 40.525 21.781 11.513 6.023 14.416 18.874 26.180 27.449 31.079 31.151 33.492 32.764 29.925 31.493 29.802
-999.250 -999.250 -999.250 -999.250 -999.250 -999.250 -999.250 -999.250 -999.250 -999.250 -999.250 -999.250 -999.250 -999.250 -999.250 -999.250 -999.250 -999.250 -999.250 -999.250 -999.250 -999.250 -999.250 -999.250 -999.250 -999.250 -999.250 0.000 6.068 14.236 13.618 15.704 17.543 18.772 23.610 26.716 33.985 54.787 69.707 120.973 167.805 222.703 255.071 276.954 284.653 279.596 262.682 251.811 203.233 176.791 131.849 76.465 53.201 26.913 15.746 15.399 16.474 18.210 24.787 26.193 29.022 30.053 27.742 25.764 24.147 22.846 22.149
-999.250 -999.250 -999.250 -999.250 -999.250 -999.250 -999.250 -999.250 -999.250 -999.250 -999.250 -999.250 -999.250 -999.250 -999.250 -999.250 -999.250 -999.250 -999.250 -999.250 -999.250 -999.250 -999.250 -999.250 -999.250 -999.250 -999.250 -999.250 9.784 10.976 15.799 16.516 19.709 20.475 22.535 28.319 41.376 58.176 80.265 122.992 184.578 256.520 287.990 344.113 324.651 308.877 287.047 276.491 233.815 200.052 142.335 80.686 52.085 29.362 20.094 17.876 16.438 18.676 23.097 26.544 27.857 31.761 27.550 25.210 22.962 18.095 14.451
-999.250 -999.250 -999.250 -999.250 -999.250 -999.250 -999.250 -999.250 -999.250 -999.250 -999.250 -999.250 -999.250 -999.250 -999.250 -999.250 -999.250 -999.250 -999.250 -999.250 -999.250 -999.250 -999.250 -999.250 -999.250 -999.250 -999.250 -999.250 6.129 10.832 14.856 17.610 16.306 18.641 20.745 24.286 35.904 55.607 81.231 120.743 166.084 255.182 315.117 411.044 434.519 438.751 371.514 293.284 251.636 192.615 148.190 85.510 42.531 31.738 22.487 19.860 17.414 20.490 21.718 23.845 26.281 24.798 23.736 20.567 16.779 16.902 14.876
-999.250 -999.250 -999.250 -999.250 -999.250 -999.250 -999.250 -999.250 -999.250 -999.250 -999.250 -999.250 -999.250 -999.250 -999.250 -999.250 -999.250 -999.250 -999.250 -999.250 -999.250 -999.250 -999.250 -999.250 -999.250 -999.250 -999.250 -999.250 6.093 10.593 11.714 14.397 16.306 14.061 14.741 21.358 30.653 47.626 72.814 119.072 169.487 242.982 334.602 447.365 509.829 496.984 455.888 342.550 258.580 177.419 132.514 73.458 39.543 25.971 19.105 17.485 17.598 19.008 19.885 21.765 22.692 19.229 18.431 18.913 16.165 15.462 13.090
-999.250 -999.250 -999.250 -999.250 -999.250 -999.250 -999.250 -999.250 -999.250 -999.250 -999.250 -999.250 -999.250 -999.250 -999.250 -999.250 -999.250 -999.250 -999.250 -999.250 -999.250 -999.250 -999.250 -999.250 -999.250 -999.250 -999.250 -999.250 5.119 7.854 12.977 13.660 15.011 12.748 17.014 18.624 28.552 36.995 63.436 93.348 173.167 238.196 307.424 443.050 498.234 575.199 490.054 319.183 252.904 176.177 110.771 47.214 28.741 20.609 17.308 15.081 15.350 16.780 18.532 19.345 20.855 19.370 18.350 15.322 15.548 13.390 11.145
-999.250 -999.250 -999.250 -999.250 -999.250 -999.250 -999.250 -999.250 -999.250 -999.250 -999.250 -999.250 -999.250 -999.250 -999.250 -999.250 -999.250 -999.250 -999.250 -999.250 -999.250 -999.250 -999.250 -999.250 -999.250 -999.250 -999.250 -999.250 2.303 5.615 10.215 7.256 7.570 12.453 14.638 16.844 21.004 26.425 45.846 79.533 151.666 214.850 277.383 382.722 437.885 431.034 373.859 288.916 227.940 155.355 77.258 38.826 22.594 13.105 11.013 8.484 11.124 13.159 14.140 16.290 21.057 19.920 16.941 16.083 14.341 11.566 10.579
-999.250 -999.250 -999.250 -999.250 -999.250 -999.250 -999.250 -999.250 -999.250 -999.250 -999.250 -999.250 -999.250 -999.250 -999.250 -999.250 -999.250 -999.250 -999.250 -999.250 -999.250 -999.250 -999.250 -999.250 -999.250 -999.250 -999.250 0.000 4.414 3.333 7.800 5.363 7.691 7.785 10.658 12.698 18.206 19.624 27.008 40.888 123.478 177.220 256.885 301.057 367.401 336.717 275.509 245.800 198.656 139.846 65.903 28.987 15.559 5.257 5.041 4.695 4.959 6.119 10.249 15.027 22.256 19.742 17.067 16.825 13.500 12.234 11.713
-999.250 -999.250 -999.250 -999.250 -999.250 -999.250 -999.250 -999.250 -999.250 -999.250 -999.250 -999.250 -999.250 -999.250 -999.250 -999.250 -999.250 -999.250 -999.250 -999.250 -999.250 -999.250 -999.250 -999.250 -999.250 -999.250 -999.250 0.000 2.976 5.103 5.519 4.838 4.465 6.766 7.556 11.356 14.051 20.601 30.934 49.228 97.635 156.430 219.467 260.953 303.963 293.526 239.912 201.850 150.816 69.544 37.787 16.347 8.606 3.888 3.483 3.289 0.135 2.342 9.642 17.503 19.549 20.664 19.648 16.588 14.350 11.842 12.077
-999.250 -999.250 -999.250 -999.250 -999.250 -999.250 -999.250 -999.250 -999.250 -999.250 -999.250 -999.250 -999.250 -999.250 -999.250 -999.250 -999.250 -999.250 -999.250 -999.250 -999.250 -999.250 -999.250 -999.250 -999.250 -999.250 -999.250 0.743 2.668 5.656 3.230 6.569 10.151 8.854 8.784 9.754 16.455 17.836 32.899 53.803 87.396 137.579 171.144 218.195 251.260 233.379 208.629 143.045 76.830 18.529 12.323 4.268 0.000 2.554 4.421 4.202 1.782 0.000 16.187 21.890 24.383 22.517 19.263 16.988 12.396 10.918 10.954
-999.250 -999.250 -999.250 -999.250 -999.250 -999.250 -999.250 -999.250 -999.250 -999.250 -999.250 -999.250 -999.250 -999.250 -999.250 -999.250 -999.250 -999.250 -999.250 -999.250 -999.250 -999.250 -999.250 -999.250 -999.250 -999.250 0.000 0.330 2.892 2.605 5.205 5.364 10.073 10.737 7.487 13.761 16.905 21.164 30.198 46.374 74.554 119.429 145.540 172.331 199.615 144.630 120.293 86.015 44.883 16.484 1.797 0.000 0.000 4.878 9.370 10.247 13.345 18.455 26.387 30.895 29.733 28.998 24.278 18.831 13.979 13.388 8.063
-999.250 -999.250 -999.250 -999.250 -999.250 -999.250 -999.250 -999.250 -999.250 -999.250 -999.250 -999.250 -999.250 -999.250 -999.250 -999.250 -999.250 -999.250 -999.250 -999.250 -999.250 -999.250 -999.250 -999.250 -999.250 -999.250 0.000 5.217 5.169 5.348 5.469 4.866 8.285 9.084 11.720 15.752 19.292 22.533 33.634 44.465 68.986 74.842 93.709 121.682 131.960 121.013 91.827 61.522 32.388 17.428 0.700 0.000 3.532 12.323 17.173 20.465 24.162 32.093 41.292 47.220 38.822 33.188 25.916 20.412 16.296 15.692 10.240
