data/medianmodel_14-Feb-2021.asc
ncols	141
nrows	288
xllcorner	-120191.398
yllcorner	-301404.813
cellsize	2000.000
NODATA_value	-999.250
[rows 232 to 260 of 288, columns 0 to 64 of 141]
-999.250 -999.250 -999.250 -999.250 -999.250 -999.250 -999.250 -999.250 -999.250 -999.250 -999.250 -999.250 -999.250 -999.250 -999.250 -999.250 -999.250 -999.250 -999.250 -999.250 -999.250 -999.250 -999.250 -999.250 -999.250 -999.250 -999.250 409.444 424.948 424.360 422.275 437.477 449.942 440.865 440.440 458.352 474.408 493.106 543.649 581.879 627.030 620.894 695.116 758.959 767.228 777.254 835.774 893.750 897.290 931.961 912.194 930.437 930.891 971.958 1033.066 1104.976 1145.178 1099.910 1228.353 1201.071 1162.835 1154.516 1128.373 1062.683 1034.823
-999.250 -999.250 -999.250 -999.250 -999.250 -999.250 -999.250 -999.250 -999.250 -999.250 -999.250 -999.250 -999.250 -999.250 -999.250 -999.250 -999.250 -999.250 -999.250 -999.250 -999.250 -999.250 -999.250 -999.250 -999.250 -999.250 -999.250 -999.250 413.604 410.523 412.380 420.825 437.813 434.718 445.402 454.109 459.610 473.306 539.320 545.676 577.116 629.664 660.127 715.046 780.554 806.466 864.939 876.916 893.010 902.159 900.351 935.393 984.529 1011.976 1148.237 1114.676 1116.603 1132.094 1265.736 1224.665 1285.198 1249.896 1114.296 1113.049 1029.112
-999.250 -999.250 -999.250 -999.250 -999.250 -999.250 -999.250 -999.250 -999.250 -999.250 -999.250 -999.250 -999.250 -999.250 -999.250 -999.250 -999.250 -999.250 -999.250 -999.250 -999.250 -999.250 -999.250 -999.250 -999.250 -999.250 -999.250 -999.250 -999.250 -999.250 414.519 418.086 431.298 440.381 448.836 444.807 471.241 465.523 506.537 555.538 548.675 616.690 678.350 723.005 769.507 807.291 828.243 885.249 920.675 918.102 910.732 931.115 974.963 1010.019 1019.410 1150.856 1158.238 1240.595 1228.462 1337.848 1311.346 1333.619 1162.522 1087.856 1046.601
-999.250 -999.250 -999.250 -999.250 -999.250 -999.250 -999.250 -999.250 -999.250 -999.250 -999.250 -999.250 -999.250 -999.250 -999.250 -999.250 -999.250 -999.250 -999.250 -999.250 -999.250 -999.250 -999.250 -999.250 -999.250 -999.250 -999.250 -999.250 -999.250 -999.250 394.081 409.485 421.615 422.511 432.241 444.562 445.315 466.599 479.274 506.190 550.185 568.787 655.119 679.572 767.890 787.882 818.043 841.109 884.376 898.137 899.367 933.928 1003.587 1070.094 1119.144 1250.519 1249.600 1238.146 1360.400 1448.734 1356.451 1257.012 1284.068 1152.160 978.534
-999.250 -999.250 -999.250 -999.250 -999.250 -999.250 -999.250 -999.250 -999.250 -999.250 -999.250 -999.250 -999.250 -999.250 -999.250 -999.250 -999.250 -999.250 -999.250 -999.250 -999.250 -999.250 -999.250 -999.250 -999.250 -999.250 -999.250 -999.250 -999.250 -999.250 378.014 424.362 417.194 416.589 441.846 430.990 463.476 463.657 479.833 514.467 539.128 556.229 623.564 718.210 722.976 729.216 813.934 845.654 869.226 895.548 914.097 930.849 963.246 1077.067 1120.832 1154.210 1254.635 1310.691 1314.389 1564.205 1445.878 1329.890 1232.234 1083.263 988.538
-999.250 -999.250 -999.250 -999.250 -999.250 -999.250 -999.250 -999.250 -999.250 -999.250 -999.250 -999.250 -999.250 -999.250 -999.250 -999.250 -999.250 -999.250 -999.250 -999.250 -999.250 -999.250 -999.250 -999.250 -999.250 -999.250 -999.250 -999.250 -999.250 -999.250 -999.250 405.501 403.745 433.567 430.683 432.064 444.133 455.894 487.478 531.612 531.730 561.829 595.420 665.382 711.580 769.653 768.122 853.378 882.853 886.089 920.788 905.342 967.397 1016.084 1050.193 1187.060 1229.902 1295.741 1373.234 1405.907 1289.432 1253.815 1224.032 1093.438 982.766
-999.250 -999.250 -999.250 -999.250 -999.250 -999.250 -999.250 -999.250 -999.250 -999.250 -999.250 -999.250 -999.250 -999.250 -999.250 -999.250 -999.250 -999.250 -999.250 -999.250 -999.250 -999.250 -999.250 -999.250 -999.250 -999.250 -999.250 -999.250 -999.250 -999.250 358.561 386.007 417.419 421.916 436.159 430.627 454.500 470.803 476.858 525.400 572.173 591.589 640.455 682.394 716.998 731.419 786.476 803.556 834.551 882.756 911.721 920.475 946.084 980.908 1062.737 1238.571 1209.048 1269.959 1311.198 1289.888 1297.604 1189.619 1192.099 1090.278 994.349
-999.250 -999.250 -999.250 -999.250 -999.250 -999.250 -999.250 -999.250 -999.250 -999.250 -999.250 -999.250 -999.250 -999.250 -999.250 -999.250 -999.250 -999.250 -999.250 -999.250 -999.250 -999.250 -999.250 -999.250 -999.250 -999.250 -999.250 -999.250 -999.250 -999.250 -999.250 372.679 378.652 406.423 437.170 448.374 443.530 475.069 469.813 510.242 570.349 568.537 605.787 630.131 733.417 752.638 815.254 770.658 793.304 831.632 876.489 916.882 898.781 942.462 1061.711 1131.679 1206.340 1218.454 1236.732 1253.529 1202.541 1161.724 1129.477 1004.792 978.490
-999.250 -999.250 -999.250 -999.250 -999.250 -999.250 -999.250 -999.250 -999.250 -999.250 -999.250 -999.250 -999.250 -999.250 -999.250 -999.250 -999.250 -999.250 -999.250 -999.250 -999.250 -999.250 -999.250 -999.250 -999.250 -999.250 -999.250 -999.250 -999.250 -999.250 336.262 355.045 372.533 394.639 426.253 447.318 441.603 442.433 471.593 519.888 582.246 568.617 594.219 662.090 686.207 699.409 704.909 748.622 771.955 838.633 883.538 888.861 918.376 939.379 953.127 975.921 1059.985 1162.925 1196.176 1166.793 1172.535 1155.062 1037.491 1002.747 980.155
-999.250 -999.250 -999.250 -999.250 -999.250 -999.250 -999.250 -999.250 -999.250 -999.250 -999.250 -999.250 -999.250 -999.250 -999.250 -999.250 -999.250 -999.250 -999.250 -999.250 -999.250 -999.250 -999.250 -999.250 -999.250 -999.250 -999.250 -999.250 -999.250 -999.250 326.607 354.702 361.898 395.956 426.634 447.846 453.805 455.918 525.128 526.296 558.221 576.188 599.234 618.970 607.662 682.821 715.170 732.676 746.511 824.955 827.012 877.113 898.629 922.259 923.640 981.835 953.844 1034.096 1041.543 1052.312 1056.580 1071.344 979.640 989.892 951.970
-999.250 -999.250 -999.250 -999.250 -999.250 -999.250 -999.250 -999.250 -999.250 -999.250 -999.250 -999.250 -999.250 -999.250 -999.250 -999.250 -999.250 -999.250 -999.250 -999.250 -999.250 -999.250 -999.250 -999.250 -999.250 -999.250 -999.250 -999.250 -999.250 -999.250 326.314 356.124 369.507 395.153 421.668 450.577 454.988 439.921 479.834 537.380 537.367 562.110 584.520 595.936 619.083 659.376 695.389 718.110 739.490 744.316 783.550 834.788 830.042 873.699 906.242 940.323 920.004 963.247 959.049 965.083 945.508 969.030 953.612 930.308 930.406
-999.250 -999.250 -999.250 -999.250 -999.250 -999.250 -999.250 -999.250 -999.250 -999.250 -999.250 -999.250 -999.250 -999.250 -999.250 -999.250 -999.250 -999.250 -999.250 -999.250 -999.250 -999.250 -999.250 -999.250 -999.250 -999.250 -999.250 -999.250 -999.250 -999.250 325.325 340.748 373.733 393.759 426.601 440.688 452.913 448.525 493.862 507.222 529.424 534.874 561.566 602.800 625.510 644.176 678.871 670.532 682.111 734.329 762.513 817.204 826.898 854.947 860.042 873.732 896.142 907.086 960.510 919.971 939.411 934.494 941.503 947.595 894.143
-999.250 -999.250 -999.250 -999.250 -999.250 -999.250 -999.250 -999.250 -999.250 -999.250 -999.250 -999.250 -999.250 -999.250 -999.250 -999.250 -999.250 -999.250 -999.250 -999.250 -999.250 -999.250 -999.250 -999.250 -999.250 -999.250 -999.250 -999.250 -999.250 -999.250 328.017 325.304 377.199 392.758 403.856 446.381 431.729 454.032 471.157 533.443 518.034 528.595 559.864 579.245 632.544 625.826 639.784 688.750 663.372 680.957 733.446 774.169 789.671 777.072 814.676 827.563 807.273 855.301 881.835 894.121 908.498 939.236 938.237 921.716 908.798
-999.250 -999.250 -999.250 -999.250 -999.250 -999.250 -999.250 -999.250 -999.250 -999.250 -999.250 -999.250 -999.250 -999.250 -999.250 -999.250 -999.250 -999.250 -999.250 -999.250 -999.250 -999.250 -999.250 -999.250 -999.250 -999.250 -999.250 -999.250 -999.250 -999.250 -999.250 333.344 361.179 383.090 396.786 429.371 439.677 450.752 492.815 529.971 517.954 536.205 550.174 587.248 623.265 580.624 640.682 664.541 679.042 651.624 731.158 737.282 755.896 753.267 738.730 742.653 782.910 789.752 802.206 843.843 871.635 920.996 902.844 872.457 866.792
-999.250 -999.250 -999.250 -999.250 -999.250 -999.250 -999.250 -999.250 -999.250 -999.250 -999.250 -999.250 -999.250 -999.250 -999.250 -999.250 -999.250 -999.250 -999.250 -999.250 -999.250 -999.250 -999.250 -999.250 -999.250 -999.250 -999.250 -999.250 -999.250 -999.250 -999.250 378.371 381.318 389.419 396.791 413.610 453.856 465.459 476.142 480.308 486.192 534.839 540.640 589.854 582.720 599.003 606.028 624.280 625.930 613.668 610.466 625.731 677.227 608.270 656.319 675.734 708.917 727.123 749.389 789.666 826.876 841.293 841.875 841.305 820.939
-999.250 -999.250 -999.250 -999.250 -999.250 -999.250 -999.250 -999.250 -999.250 -999.250 -999.250 -999.250 -999.250 -999.250 -999.250 -999.250 -999.250 -999.250 -999.250 -999.250 -999.250 -999.250 -999.250 -999.250 -999.250 -999.250 -999.250 -999.250 -999.250 -999.250 351.440 370.534 380.909 393.567 406.484 416.730 430.318 440.321 458.930 487.212 529.115 518.034 524.349 537.016 579.617 573.758 563.008 588.690 550.421 567.309 555.331 573.564 596.800 570.151 579.608 580.643 618.152 653.866 637.491 697.633 754.855 776.342 780.965 789.295 770.945
-999.250 -999.250 -999.250 -999.250 -999.250 -999.250 -999.250 -999.250 -999.250 -999.250 -999.250 -999.250 -999.250 -999.250 -999.250 -999.250 -999.250 -999.250 -999.250 -999.250 -999.250 -999.250 -999.250 -999.250 -999.250 -999.250 -999.250 -999.250 -999.250 -999.250 349.529 357.723 387.478 385.399 408.177 415.717 441.931 455.257 466.465 472.466 503.157 514.952 524.325 530.149 566.285 546.759 564.535 562.877 524.289 510.344 541.399 539.694 494.913 514.277 501.413 524.263 537.732 576.983 590.011 626.247 666.061 689.739 707.684 702.250 709.449
-999.250 -999.250 -999.250 -999.250 -999.250 -999.250 -999.250 -999.250 -999.250 -999.250 -999.250 -999.250 -999.250 -999.250 -999.250 -999.250 -999.250 -999.250 -999.250 -999.250 -999.250 -999.250 -999.250 -999.250 -999.250 -999.250 -999.250 -999.250 -999.250 -999.250 372.462 385.771 393.835 390.222 403.896 420.669 434.932 449.157 470.731 496.913 519.398 509.816 523.882 538.348 556.714 576.578 525.611 507.403 508.959 504.905 488.849 475.523 459.366 475.586 460.246 455.828 483.167 508.164 534.338 555.238 593.638 611.851 649.274 618.779 622.958
-999.250 -999.250 -999.250 -999.250 -999.250 -999.250 -999.250 -999.250 -999.250 -999.250 -999.250 -999.250 -999.250 -999.250 -999.250 -999.250 -999.250 -999.250 -999.250 -999.250 -999.250 -999.250 -999.250 -999.250 -999.250 -999.250 -999.250 -999.250 -999.250 -999.250 349.666 368.324 370.659 376.711 413.584 422.105 433.737 454.929 484.258 526.466 543.087 507.488 505.507 509.530 525.576 519.125 501.353 487.852 473.394 477.673 479.294 446.643 433.831 438.365 425.966 441.784 446.324 455.050 472.605 485.789 514.669 565.380 569.835 553.591 566.832
-999.250 -999.250 -999.250 -999.250 -999.250 -999.250 -999.250 -999.250 -999.250 -999.250 -999.250 -999.250 -999.250 -999.250 -999.250 -999.250 -999.250 -999.250 -999.250 -999.250 -999.250 -999.250 -999.250 -999.250 -999.250 -999.250 -999.250 -999.250 -999.250 -999.250 355.874 360.495 400.604 382.137 415.303 432.060 440.247 464.351 502.162 525.954 526.219 538.684 534.390 526.311 508.383 505.062 506.488 488.449 470.402 454.331 448.484 433.837 436.968 407.679 406.584 398.246 421.167 431.529 443.078 445.043 467.976 475.604 479.855 482.231 523.760
-999.250 -999.250 -999.250 -999.250 -999.250 -999.250 -999.250 -999.250 -999.250 -999.250 -999.250 -999.250 -999.250 -999.250 -999.250 -999.250 -999.250 -999.250 -999.250 -999.250 -999.250 -999.250 -999.250 -999.250 -999.250 -999.250 -999.250 -999.250 -999.250 350.857 321.586 363.857 376.091 380.076 417.904 446.382 454.074 485.406 500.711 506.404 546.536 521.625 530.445 562.099 530.128 528.625 488.599 479.848 460.580 430.900 441.374 420.656 423.516 402.130 394.795 396.636 378.761 394.031 413.118 421.489 429.361 435.538 435.571 437.148 460.774
-999.250 -999.250 -999.250 -999.250 -999.250 -999.250 -999.250 -999.250 -999.250 -999.250 -999.250 -999.250 -999.250 -999.250 -999.250 -999.250 -999.250 -999.250 -999.250 -999.250 -999.250 -999.250 -999.250 -999.250 -999.250 -999.250 -999.250 -999.250 -999.250 -999.250 334.499 341.612 357.159 385.219 422.159 461.097 477.881 491.854 496.328 539.167 523.151 559.233 554.595 530.922 522.956 526.594 470.743 468.983 454.722 436.258 429.265 427.713 410.700 396.021 383.788 378.924 364.441 368.750 386.610 397.779 386.601 398.329 382.855 389.957 412.861
-999.250 -999.250 -999.250 -999.250 -999.250 -999.250 -999.250 -999.250 -999.250 -999.250 -999.250 -999.250 -999.250 -999.250 -999.250 -999.250 -999.250 -999.250 -999.250 -999.250 -999.250 -999.250 -999.250 -999.250 -999.250 -999.250 -999.250 -999.250 -999.250 -999.250 338.282 348.391 390.627 404.786 450.747 462.947 480.344 524.219 500.636 503.919 533.222 542.863 555.220 550.708 545.380 502.486 478.676 477.915 471.776 451.636 437.742 419.765 385.390 385.022 379.089 354.913 343.363 333.515 348.445 352.118 348.032 367.128 340.204 337.646 354.165
-999.250 -999.250 -999.250 -999.250 -999.250 -999.250 -999.250 -999.250 -999.250 -999.250 -999.250 -999.250 -999.250 -999.250 -999.250 -999.250 -999.250 -999.250 -999.250 -999.250 -999.250 -999.250 -999.250 -999.250 -999.250 -999.250 -999.250 -999.250 -999.250 -999.250 -999.250 352.300 383.029 409.040 437.082 467.679 482.172 532.807 561.769 538.000 567.852 568.821 572.468 577.454 548.960 531.955 501.104 488.279 464.392 456.108 437.460 421.242 385.787 377.548 366.319 348.628 331.699 320.189 338.829 333.409 313.114 296.877 286.782 287.070 300.767
-999.250 -999.250 -999.250 -999.250 -999.250 -999.250 -999.250 -999.250 -999.250 -999.250 -999.250 -999.250 -999.250 -999.250 -999.250 -999.250 -999.250 -999.250 -999.250 -999.250 -999.250 -999.250 -999.250 -999.250 -999.250 -999.250 -999.250 -999.250 -999.250 -999.250 -999.250 352.013 380.035 418.742 448.191 464.160 490.539 542.749 563.502 586.273 581.895 581.723 605.133 563.722 551.593 539.652 552.979 491.399 471.994 448.697 429.815 414.681 399.861 387.141 369.911 332.303 313.447 304.541 300.869 299.803 290.127 264.133 266.613 252.562 255.995
-999.250 -999.250 -999.250 -999.250 -999.250 -999.250 -999.250 -999.250 -999.250 -999.250 -999.250 -999.250 -999.250 -999.250 -999.250 -999.250 -999.250 -999.250 -999.250 -999.250 -999.250 -999.250 -999.250 -999.250 -999.250 -999.250 -999.250 -999.250 -999.250 -999.250 325.376 350.224 394.838 428.839 442.083 486.025 558.422 584.005 587.046 601.472 585.998 600.060 634.714 598.541 582.915 582.650 537.485 528.403 467.760 452.985 456.625 414.440 401.628 395.158 334.488 322.075 309.519 285.120 291.649 270.123 256.123 239.882 225.550 223.863 208.178
-999.250 -999.250 -999.250 -999.250 -999.250 -999.250 -999.250 -999.250 -999.250 -999.250 -999.250 -999.250 -999.250 -999.250 -999.250 -999.250 -999.250 -999.250 -999.250 -999.250 -999.250 -999.250 -999.250 -999.250 -999.250 -999.250 -999.250 -999.250 -999.250 -999.250 312.641 336.794 385.724 436.234 476.496 524.788 528.853 580.769 599.784 603.666 623.926 654.045 647.921 592.897 602.106 602.312 544.087 546.096 508.544 480.993 454.043 423.677 397.978 385.283 357.736 349.383 310.810 296.609 275.796 251.494 245.358 227.653 220.158 221.675 212.203
-999.250 -999.250 -999.250 -999.250 -999.250 -999.250 -999.250 -999.250 -999.250 -999.250 -999.250 -999.250 -999.250 -999.250 -999.250 -999.250 -999.250 -999.250 -999.250 -999.250 -999.250 -999.250 -999.250 -999.250 -999.250 -999.250 -999.250 -999.250 -999.250 -999.250 305.240 322.821 357.755 438.632 471.289 539.771 590.537 642.777 626.021 677.427 735.778 753.995 684.244 633.766 632.335 601.278 579.148 550.683 535.738 501.178 467.730 441.379 406.769 380.558 369.206 335.248 316.895 289.191 273.923 245.320 240.536 227.828 226.762 224.082 215.763
-999.250 -999.250 -999.250 -999.250 -999.250 -999.250 -999.250 -999.250 -999.250 -999.250 -999.250 -999.250 -999.250 -999.250 -999.250 -999.250 -999.250 -999.250 -999.250 -999.250 -999.250 -999.250 -999.250 -999.250 -999.250 -999.250 -999.250 -999.250 -999.250 -999.250 289.323 330.146 375.987 433.490 479.308 563.054 610.067 649.404 704.707 724.014 732.904 759.408 729.060 685.244 691.432 673.282 624.230 579.138 548.152 515.334 487.725 452.556 422.812 403.616 371.133 340.803 302.211 289.278 281.816 267.456 240.698 223.568 221.923 222.410 216.546
