data/medianmodel_25-Mar-2020.asc
ncols	141
nrows	288
xllcorner	-120191.398
yllcorner	-301404.813
cellsize	2000.000
NODATA_value	-999.250
[rows 217 to 247 of 288, columns 0 to 69 of 141]
-999.250 -999.250 -999.250 -999.250 -999.250 -999.250 -999.250 -999.250 -999.250 -999.250 -999.250 -999.250 -999.250 -999.250 -999.250 -999.250 -999.250 -999.250 -999.250 -999.250 -999.250 -999.250 -999.250 -999.250 -999.250 -999.250 -999.250 -999.250 -999.250 -999.250 -999.250 16.856 16.253 17.780 18.581 22.563 25.701 27.030 27.919 29.524 29.370 28.465 29.581 31.225 30.590 28.087 22.773 23.105 20.767 21.072 19.558 19.346 21.234 17.498 16.257 11.988 9.980 11.545 10.483 8.709 8.299 8.608 5.152 2.701 0.211 0.000 0.000 0.054 1.125 0.508
-999.250 -999.250 -999.250 -999.250 -999.250 -999.250 -999.250 -999.250 -999.250 -999.250 -999.250 -999.250 -999.250 -999.250 -999.250 -999.250 -999.250 -999.250 -999.250 -999.250 -999.250 -999.250 -999.250 -999.250 -999.250 -999.250 -999.250 -999.250 -999.250 -999.250 -999.250 12.281 15.584 18.311 22.116 21.760 22.830 22.674 30.124 31.814 33.510 36.067 31.305 30.876 34.222 29.655 22.686 24.806 22.803 20.949 21.957 19.082 18.810 16.860 16.156 13.992 15.186 15.171 10.250 8.852 8.121 7.570 6.369 5.206 2.905 1.641 1.069 1.417 0.809 0.062
-999.250 -999.250 -999.250 -999.250 -999.250 -999.250 -999.250 -999.250 -999.250 -999.250 -999.250 -999.250 -999.250 -999.250 -999.250 -999.250 -999.250 -999.250 -999.250 -999.250 -999.250 -999.250 -999.250 -999.250 -999.250 -999.250 -999.250 -999.250 -999.250 -999.250 -999.250 12.687 13.976 16.994 18.470 20.889 22.036 23.251 27.309 30.717 34.702 40.986 34.086 32.371 29.893 28.118 25.241 23.231 20.597 21.505 21.335 19.734 18.649 20.449 17.243 12.302 11.962 12.992 10.474 10.077 8.618 8.523 7.582 7.777 5.931 2.658 3.024 2.036 1.287 0.418
-999.250 -999.250 -999.250 -999.250 -999.250 -999.250 -999.250 -999.250 -999.250 -999.250 -999.250 -999.250 -999.250 -999.250 -999.250 -999.250 -999.250 -999.250 -999.250 -999.250 -999.250 -999.250 -999.250 -999.250 -999.250 -999.250 -999.250 -999.250 -999.250 -999.250 -999.250 13.096 16.696 16.157 20.779 20.970 27.206 24.566 24.878 27.754 33.861 34.230 31.726 30.984 30.327 25.833 27.805 26.661 23.412 21.872 19.645 19.513 19.306 19.305 16.245 12.486 11.229 13.082 11.396 10.567 11.048 8.754 7.200 6.896 5.549 4.555 4.366 2.334 0.763 0.000
-999.250 -999.250 -999.250 -999.250 -999.250 -999.250 -999.250 -999.250 -999.250 -999.250 -999.250 -999.250 -999.250 -999.250 -999.250 -999.250 -999.250 -999.250 -999.250 -999.250 -999.250 -999.250 -999.250 -999.250 -999.250 -999.250 -999.250 -999.250 -999.250 -999.250 -999.250 12.302 15.323 18.223 19.296 22.256 22.152 25.791 26.850 26.263 29.389 31.950 29.849 25.035 25.614 22.058 24.214 24.542 23.405 23.295 21.173 22.904 19.410 16.667 15.528 15.250 13.772 12.593 11.219 11.507 12.018 8.624 7.832 6.939 6.076 3.918 3.265 1.662 1.779 0.891
-999.250 -999.250 -999.250 -999.250 -999.250 -999.250 -999.250 -999.250 -999.250 -999.250 -999.250 -999.250 -999.250 -999.250 -999.250 -999.250 -999.250 -999.250 -999.250 -999.250 -999.250 -999.250 -999.250 -999.250 -999.250 -999.250 -999.250 -999.250 -999.250 -999.250 -999.250 12.237 12.370 15.410 17.514 17.185 24.483 23.765 21.090 27.255 26.977 27.066 26.229 22.233 23.648 23.706 20.334 20.603 19.847 24.368 18.383 20.858 18.445 18.648 16.795 15.043 14.262 11.737 11.643 9.806 9.887 8.963 7.131 5.882 6.640 5.247 4.784 4.645 3.470 1.488
-999.250 -999.250 -999.250 -999.250 -999.250 -999.250 -999.250 -999.250 -999.250 -999.250 -999.250 -999.250 -999.250 -999.250 -999.250 -999.250 -999.250 -999.250 -999.250 -999.250 -999.250 -999.250 -999.250 -999.250 -999.250 -999.250 -999.250 -999.250 -999.250 -999.250 11.384 10.690 11.603 12.307 12.435 15.021 16.274 21.148 23.075 22.916 25.002 23.299 23.962 21.807 21.854 21.108 20.104 20.066 20.232 18.177 19.389 18.219 16.749 17.615 18.165 15.817 15.512 11.913 13.143 11.527 12.660 9.363 7.611 7.522 6.502 6.008 4.914 4.784 5.044 4.783
-999.250 -999.250 -999.250 -999.250 -999.250 -999.250 -999.250 -999.250 -999.250 -999.250 -999.250 -999.250 -999.250 -999.250 -999.250 -999.250 -999.250 -999.250 -999.250 -999.250 -999.250 -999.250 -999.250 -999.250 -999.250 -999.250 -999.250 -999.250 -999.250 -999.250 9.805 11.009 9.846 12.763 10.964 10.550 17.468 17.654 17.348 20.479 21.372 22.154 20.692 18.486 18.469 19.541 21.109 16.475 17.014 18.852 16.251 16.361 17.793 18.561 15.858 15.456 15.064 12.727 13.041 12.849 9.608 8.637 9.109 7.077 6.183 5.852 5.087 3.758 5.270 3.430
-999.250 -999.250 -999.250 -999.250 -999.250 -999.250 -999.250 -999.250 -999.250 -999.250 -999.250 -999.250 -999.250 -999.250 -999.250 -999.250 -999.250 -999.250 -999.250 -999.250 -999.250 -999.250 -999.250 -999.250 -999.250 -999.250 -999.250 -999.250 -999.250 -999.250 10.387 9.281 9.984 12.111 8.912 11.678 10.334 14.218 15.079 17.042 17.109 16.021 16.464 18.800 21.005 16.308 15.887 14.221 17.079 17.463 14.078 15.245 14.318 15.045 14.269 14.206 13.203 13.699 12.072 12.332 12.703 10.122 9.154 7.217 7.148 6.763 6.359 5.221 5.430 4.032
-999.250 -999.250 -999.250 -999.250 -999.250 -999.250 -999.250 -999.250 -999.250 -999.250 -999.250 -999.250 -999.250 -999.250 -999.250 -999.250 -999.250 -999.250 -999.250 -999.250 -999.250 -999.250 -999.250 -999.250 -999.250 -999.250 -999.250 -999.250 -999.250 -999.250 8.489 8.196 10.173 10.430 8.778 9.587 9.884 10.779 11.182 12.524 12.319 13.664 14.036 17.073 17.252 15.114 14.452 14.980 18.166 16.422 17.263 15.054 16.714 15.120 12.431 11.796 12.372 12.882 14.685 12.164 10.300 10.896 9.866 8.564 7.840 6.152 6.596 5.945 5.240 3.083
-999.250 -999.250 -999.250 -999.250 -999.250 -999.250 -999.250 -999.250 -999.250 -999.250 -999.250 -999.250 -999.250 -999.250 -999.250 -999.250 -999.250 -999.250 -999.250 -999.250 -999.250 -999.250 -999.250 -999.250 -999.250 -999.250 -999.250 -999.250 -999.250 9.786 7.058 7.919 9.087 8.052 7.804 6.528 7.068 9.087 9.270 9.136 9.121 10.895 12.555 13.482 15.879 13.432 11.928 15.501 15.500 12.760 12.426 13.925 14.634 11.946 12.413 12.004 12.326 12.747 12.358 12.935 14.739 10.938 9.237 6.812 7.686 6.132 7.526 7.350 6.799 5.136
-999.250 -999.250 -999.250 -999.250 -999.250 -999.250 -999.250 -999.250 -999.250 -999.250 -999.250 -999.250 -999.250 -999.250 -999.250 -999.250 -999.250 -999.250 -999.250 -999.250 -999.250 -999.250 -999.250 -999.250 -999.250 -999.250 -999.250 -999.250 -999.250 9.145 8.558 8.326 8.399 8.033 4.742 6.593 3.330 4.981 5.926 7.168 7.289 7.698 10.196 13.255 12.477 12.232 10.253 11.118 10.441 9.818 12.168 12.772 12.209 11.945 12.124 10.307 11.670 12.682 10.718 11.354 10.231 8.103 8.375 6.161 6.628 7.119 8.927 7.113 6.207 6.500
-999.250 -999.250 -999.250 -999.250 -999.250 -999.250 -999.250 -999.250 -999.250 -999.250 -999.250 -999.250 -999.250 -999.250 -999.250 -999.250 -999.250 -999.250 -999.250 -999.250 -999.250 -999.250 -999.250 -999.250 -999.250 -999.250 -999.250 -999.250 9.828 8.796 9.487 9.205 7.458 6.283 5.169 3.052 0.000 1.445 4.112 5.688 6.877 7.967 10.949 12.023 8.338 7.526 8.340 8.305 8.885 10.362 12.138 10.051 10.106 12.025 8.834 8.977 9.174 8.134 8.262 8.502 9.300 6.951 8.043 6.796 6.542 7.125 7.269 7.896 8.287 7.351
-999.250 -999.250 -999.250 -999.250 -999.250 -999.250 -999.250 -999.250 -999.250 -999.250 -999.250 -999.250 -999.250 -999.250 -999.250 -999.250 -999.250 -999.250 -999.250 -999.250 -999.250 -999.250 -999.250 -999.250 -999.250 -999.250 -999.250 -999.250 8.137 9.601 11.817 10.809 8.971 8.238 5.367 2.400 0.150 0.312 3.308 5.190 5.184 7.430 5.549 6.046 6.490 6.515 8.759 8.099 8.593 9.177 11.056 8.929 8.357 10.943 9.540 9.061 8.147 6.874 7.399 8.422 6.784 6.555 6.891 7.114 6.819 6.870 8.939 9.084 7.375 5.694
-999.250 -999.250 -999.250 -999.250 -999.250 -999.250 -999.250 -999.250 -999.250 -999.250 -999.250 -999.250 -999.250 -999.250 -999.250 -999.250 -999.250 -999.250 -999.250 -999.250 -999.250 -999.250 -999.250 -999.250 -999.250 -999.250 -999.250 9.766 10.649 10.298 12.111 12.762 12.009 8.801 7.125 3.855 3.676 1.063 2.831 5.636 6.324 5.968 5.359 5.369 6.407 8.350 7.189 7.780 7.891 8.023 8.799 10.519 7.714 9.274 9.869 6.432 8.466 7.861 7.067 6.220 6.216 7.232 8.475 6.349 5.241 5.597 8.766 9.001 7.103 7.699
-999.250 -999.250 -999.250 -999.250 -999.250 -999.250 -999.250 -999.250 -999.250 -999.250 -999.250 -999.250 -999.250 -999.250 -999.250 -999.250 -999.250 -999.250 -999.250 -999.250 -999.250 -999.250 -999.250 -999.250 -999.250 -999.250 -999.250 11.057 12.111 11.411 14.521 14.583 12.317 8.426 7.002 3.933 4.285 4.864 3.058 3.784 4.216 4.744 4.417 5.439 7.578 7.308 8.287 8.361 6.995 7.938 8.276 8.262 7.422 7.567 6.883 7.726 7.172 5.983 6.822 6.073 6.411 6.546 5.796 6.883 7.230 7.589 7.427 9.542 7.932 7.242
-999.250 -999.250 -999.250 -999.250 -999.250 -999.250 -999.250 -999.250 -999.250 -999.250 -999.250 -999.250 -999.250 -999.250 -999.250 -999.250 -999.250 -999.250 -999.250 -999.250 -999.250 -999.250 -999.250 -999.250 -999.250 -999.250 -999.250 -999.250 11.832 12.536 14.737 15.045 11.512 9.460 7.134 5.770 3.423 3.617 3.973 3.874 4.677 4.882 5.774 4.741 5.248 5.770 6.744 7.554 6.418 6.680 7.471 7.186 7.205 8.368 7.408 7.133 6.551 5.788 6.527 5.639 4.988 4.902 6.107 5.990 6.028 6.732 7.493 7.645 7.206 7.123
-999.250 -999.250 -999.250 -999.250 -999.250 -999.250 -999.250 -999.250 -999.250 -999.250 -999.250 -999.250 -999.250 -999.250 -999.250 -999.250 -999.250 -999.250 -999.250 -999.250 -999.250 -999.250 -999.250 -999.250 -999.250 -999.250 -999.250 -999.250 -999.250 -999.250 14.988 14.326 11.729 8.375 8.070 7.254 4.930 6.388 4.968 4.705 4.588 6.154 5.341 5.174 5.557 4.975 6.859 5.284 6.343 6.714 5.574 6.767 7.412 6.846 5.603 6.532 4.514 4.864 4.939 5.512 5.614 5.266 4.111 5.809 5.448 6.735 6.893 7.728 8.724 8.867
-999.250 -999.250 -999.250 -999.250 -999.250 -999.250 -999.250 -999.250 -999.250 -999.250 -999.250 -999.250 -999.250 -999.250 -999.250 -999.250 -999.250 -999.250 -999.250 -999.250 -999.250 -999.250 -999.250 -999.250 -999.250 -999.250 -999.250 -999.250 -999.250 -999.250 13.240 13.196 10.932 10.300 7.932 5.999 5.222 7.199 5.173 4.257 4.596 6.353 5.377 4.373 6.991 5.949 4.648 6.541 6.308 6.327 5.514 6.715 5.883 6.048 5.241 3.560 2.865 4.069 1.328 1.355 3.063 2.961 4.692 5.299 5.346 4.161 5.879 5.457 5.997 6.219
-999.250 -999.250 -999.250 -999.250 -999.250 -999.250 -999.250 -999.250 -999.250 -999.250 -999.250 -999.250 -999.250 -999.250 -999.250 -999.250 -999.250 -999.250 -999.250 -999.250 -999.250 -999.250 -999.250 -999.250 -999.250 -999.250 -999.250 -999.250 -999.250 -999.250 13.293 12.968 11.071 10.526 8.456 6.794 6.618 6.967 4.380 5.587 4.543 5.277 6.771 5.413 4.057 5.027 3.199 6.057 5.649 3.705 6.146 4.254 3.150 4.919 4.690 2.779 1.856 2.232 0.540 0.000 0.897 2.542 1.974 2.536 3.550 4.519 4.768 5.589 5.357 4.692
-999.250 -999.250 -999.250 -999.250 -999.250 -999.250 -999.250 -999.250 -999.250 -999.250 -999.250 -999.250 -999.250 -999.250 -999.250 -999.250 -999.250 -999.250 -999.250 -999.250 -999.250 -999.250 -999.250 -999.250 -999.250 -999.250 -999.250 -999.250 -999.250 -999.250 -999.250 12.356 11.288 11.278 8.794 6.942 6.797 6.740 7.458 5.329 6.677 5.860 4.930 6.304 4.128 4.051 3.500 4.261 5.090 4.561 4.164 5.301 3.557 4.067 4.610 3.477 2.495 2.543 0.228 0.000 0.000 0.656 0.402 1.651 6.109 6.287 6.961 6.839 5.412 6.179
-999.250 -999.250 -999.250 -999.250 -999.250 -999.250 -999.250 -999.250 -999.250 -999.250 -999.250 -999.250 -999.250 -999.250 -999.250 -999.250 -999.250 -999.250 -999.250 -999.250 -999.250 -999.250 -999.250 -999.250 -999.250 -999.250 -999.250 -999.250 -999.250 -999.250 11.239 10.451 11.114 8.911 9.159 8.748 7.072 5.562 6.223 6.891 8.080 6.049 5.308 5.822 5.169 4.566 4.198 4.377 2.947 5.072 3.658 5.179 4.500 3.811 3.717 3.120 3.863 1.271 0.920 0.069 1.519 3.521 1.310 2.564 3.597 4.814 5.038 6.357 5.031 7.605
-999.250 -999.250 -999.250 -999.250 -999.250 -999.250 -999.250 -999.250 -999.250 -999.250 -999.250 -999.250 -999.250 -999.250 -999.250 -999.250 -999.250 -999.250 -999.250 -999.250 -999.250 -999.250 -999.250 -999.250 -999.250 -999.250 -999.250 -999.250 -999.250 -999.250 -999.250 14.264 13.831 11.713 10.156 9.231 7.965 6.863 7.304 6.900 7.456 7.005 6.398 7.836 5.145 4.529 5.020 4.366 4.528 5.457 4.866 3.122 5.330 4.563 4.526 3.850 2.793 4.228 1.266 0.568 2.555 1.643 1.079 2.739 2.722 3.441 4.695 3.995 6.589 7.601
-999.250 -999.250 -999.250 -999.250 -999.250 -999.250 -999.250 -999.250 -999.250 -999.250 -999.250 -999.250 -999.250 -999.250 -999.250 -999.250 -999.250 -999.250 -999.250 -999.250 -999.250 -999.250 -999.250 -999.250 -999.250 -999.250 -999.250 -999.250 -999.250 -999.250 12.077 14.381 14.840 10.948 11.483 8.375 6.922 6.461 6.151 6.769 7.166 7.934 6.496 7.171 6.434 7.244 5.691 4.053 4.894 3.836 6.068 4.555 4.194 4.520 3.541 2.266 3.212 2.426 1.164 0.677 0.061 0.144 0.808 2.829 3.319 3.109 4.368 6.119 7.130 5.880
-999.250 -999.250 -999.250 -999.250 -999.250 -999.250 -999.250 -999.250 -999.250 -999.250 -999.250 -999.250 -999.250 -999.250 -999.250 -999.250 -999.250 -999.250 -999.250 -999.250 -999.250 -999.250 -999.250 -999.250 -999.250 -999.250 -999.250 -999.250 -999.250 -999.250 11.002 12.335 13.083 10.731 9.166 9.923 9.014 7.831 7.513 6.364 7.926 9.165 8.317 7.392 5.851 5.607 5.491 4.974 4.038 4.443 3.962 2.730 3.959 3.364 3.963 1.410 0.853 1.451 0.635 1.223 0.263 0.400 3.509 1.718 3.532 3.698 4.406 5.637 6.571 5.274
-999.250 -999.250 -999.250 -999.250 -999.250 -999.250 -999.250 -999.250 -999.250 -999.250 -999.250 -999.250 -999.250 -999.250 -999.250 -999.250 -999.250 -999.250 -999.250 -999.250 -999.250 -999.250 -999.250 -999.250 -999.250 -999.250 -999.250 -999.250 -999.250 -999.250 9.944 12.871 11.934 11.363 8.663 7.563 8.591 8.137 6.631 7.148 7.503 8.276 8.880 9.965 8.843 7.077 5.271 4.316 4.446 4.184 4.159 3.765 3.267 3.546 3.335 1.830 0.178 1.175 0.830 0.232 1.178 0.426 1.899 2.079 2.211 4.529 4.749 6.904 6.460 6.567
-999.250 -999.250 -999.250 -999.250 -999.250 -999.250 -999.250 -999.250 -999.250 -999.250 -999.250 -999.250 -999.250 -999.250 -999.250 -999.250 -999.250 -999.250 -999.250 -999.250 -999.250 -999.250 -999.250 -999.250 -999.250 -999.250 -999.250 -999.250 -999.250 -999.250 9.958 10.633 10.420 11.538 11.260 9.784 7.850 8.710 7.351 8.898 7.945 6.667 10.150 8.345 6.750 6.479 6.161 5.703 5.765 4.315 6.564 3.725 4.473 4.151 2.781 0.341 0.273 2.318 0.297 0.456 0.013 0.694 1.997 3.824 3.893 3.235 4.797 6.057 6.549 5.330
-999.250 -999.250 -999.250 -999.250 -999.250 -999.250 -999.250 -999.250 -999.250 -999.250 -999.250 -999.250 -999.250 -999.250 -999.250 -999.250 -999.250 -999.250 -999.250 -999.250 -999.250 -999.250 -999.250 -999.250 -999.250 -999.250 -999.250 -999.250 -999.250 -999.250 10.992 10.604 9.174 7.460 10.863 9.413 9.490 9.266 7.518 8.267 7.746 8.167 7.489 8.734 8.958 6.513 6.951 5.604 5.822 4.716 4.860 5.340 5.391 4.759 1.276 1.314 1.724 0.894 1.088 0.000 0.000 0.000 1.336 3.560 4.671 3.310 5.032 5.504 6.057 5.990
-999.250 -999.250 -999.250 -999.250 -999.250 -999.250 -999.250 -999.250 -999.250 -999.250 -999.250 -999.250 -999.250 -999.250 -999.250 -999.250 -999.250 -999.250 -999.250 -999.250 -999.250 -999.250 -999.250 -999.250 -999.250 -999.250 -999.250 -999.250 -999.250 -999.250 -999.250 9.358 8.998 7.598 8.988 10.714 9.229 7.109 7.412 7.290 7.913 7.813 7.199 7.115 8.345 8.966 9.118 7.179 5.522 5.223 3.667 5.200 5.108 2.671 2.464 1.043 0.518 0.793 0.031 0.078 0.000 0.000 0.000 2.920 3.654 4.360 5.689 7.167 7.646 6.364
-999.250 -999.250 -999.250 -999.250 -999.250 -999.250 -999.250 -999.250 -999.250 -999.250 -999.250 -999.250 -999.250 -999.250 -999.250 -999.250 -999.250 -999.250 -999.250 -999.250 -999.250 -999.250 -999.250 -999.250 -999.250 -999.250 -999.250 -999.250 -999.250 -999.250 -999.250 8.016 6.979 6.350 6.605 9.413 7.209 7.249 5.899 7.645 6.817 8.943 7.992 7.224 8.697 8.282 6.405 5.344 6.437 5.385 4.651 3.966 4.365 1.960 1.150 2.203 0.857 0.872 1.418 1.578 0.778 0.505 1.878 3.077 4.985 5.350 8.017 8.437 8.471 9.412
-999.250 -999.250 -999.250 -999.250 -999.250 -999.250 -999.250 -999.250 -999.250 -999.250 -999.250 -999.250 -999.250 -999.250 -999.250 -999.250 -999.250 -999.250 -999.250 -999.250 -999.250 -999.250 -999.250 -999.250 -999.250 -999.250 -999.250 -999.250 -999.250 -999.250 7.813 8.003 6.662 5.480 8.326 9.193 8.545 7.625 5.436 6.058 8.121 9.018 7.200 7.422 8.403 7.151 6.824 6.673 6.703 5.229 5.753 3.060 4.139 1.412 1.025 1.373 1.304 0.456 1.438 1.541 1.850 2.003 3.613 2.990 4.586 6.642 5.572 8.206 9.542 8.614
