data/medianmodel_06-Jul-2020.asc
ncols	141
nrows	288
xllcorner	-120191.398
yllcorner	-301404.813
cellsize	2000.000
NODATA_value	-999.250
[rows 186 to 216 of 288, columns 0 to 68 of 141]
102.386 106.326 113.683 122.927 128.325 135.363 135.100 149.718 170.793 189.575 163.947 163.987 175.347 161.755 151.478 140.562 132.512 126.946 -999.250 -999.250 -999.250 -999.250 -999.250 47.416 41.845 31.334 24.103 20.341 20.924 18.434 19.630 17.698 18.747 18.337 21.159 24.593 25.442 17.861 21.066 14.529 13.380 12.192 8.015 10.261 8.534 7.375 5.957 6.983 6.407 7.293 6.714 4.879 5.944 8.280 7.408 6.558 5.485 5.047 2.195 2.369 1.127 1.972 1.482 0.000 0.000 0.000 0.000 0.094 0.000
-999.250 115.630 125.807 121.274 123.331 128.780 124.041 138.189 156.335 163.336 155.085 182.262 206.946 168.871 150.726 133.871 126.769 111.935 -999.250 -999.250 -999.250 -999.250 46.612 36.858 25.518 24.712 16.575 13.496 10.158 9.559 12.510 15.104 17.451 20.382 21.239 21.990 27.542 20.583 19.019 17.306 14.331 10.988 8.744 8.388 7.847 5.643 2.501 2.952 4.033 4.062 2.001 4.234 6.416 5.105 7.395 4.967 5.141 6.583 3.697 1.905 1.482 0.956 0.000 0.000 0.000 0.000 0.000 0.000 0.000
-999.250 111.606 118.920 129.977 133.406 129.919 133.654 140.520 146.103 150.088 152.343 159.302 162.084 155.186 143.743 132.283 124.358 97.636 -999.250 -999.250 -999.250 48.948 -999.250 27.489 27.036 17.425 15.075 10.697 5.791 7.489 9.906 7.919 12.856 14.521 17.994 18.297 19.308 19.481 20.481 14.856 14.547 9.425 8.923 8.151 5.991 3.362 2.770 2.099 0.554 1.925 1.411 4.404 6.181 4.862 5.210 4.780 6.650 5.635 4.098 3.000 2.108 1.137 0.000 0.530 0.000 0.000 0.000 0.000 1.561
-999.250 110.639 125.115 132.995 133.528 125.200 137.248 136.927 134.876 133.038 140.020 141.272 142.061 140.391 126.454 120.867 109.172 -999.250 -999.250 -999.250 -999.250 47.183 36.791 27.681 19.534 15.563 11.363 5.782 4.946 4.403 5.538 7.428 9.651 11.524 13.556 15.637 17.591 17.589 15.983 15.792 14.366 9.843 7.383 4.956 3.683 1.685 0.000 0.057 0.000 0.790 1.964 5.431 5.001 6.501 5.412 6.841 6.935 5.099 2.708 2.338 4.032 1.093 1.752 0.167 0.000 0.000 0.000 0.347 1.963
-999.250 113.947 126.201 143.253 126.967 123.862 118.858 123.519 124.526 126.100 131.361 137.536 129.431 123.363 97.948 95.981 81.059 -999.250 -999.250 -999.250 65.985 54.073 46.864 32.301 24.601 17.871 11.339 5.720 5.054 1.682 2.719 5.205 5.302 9.133 11.173 13.078 14.643 15.989 15.834 13.519 10.876 8.654 5.431 3.706 0.675 0.000 0.000 0.000 0.000 0.006 1.779 2.075 4.759 3.908 5.850 8.249 6.338 4.115 4.275 4.013 2.534 1.115 0.000 0.423 0.557 0.050 1.312 1.328 2.000
-999.250 -999.250 -999.250 131.102 -999.250 -999.250 104.871 108.218 111.031 -999.250 -999.250 -999.250 91.711 89.787 -999.250 -999.250 -999.250 -999.250 -999.250 -999.250 70.089 65.344 57.364 51.668 36.000 23.213 13.877 8.869 6.014 3.456 2.618 2.247 3.791 8.070 9.828 11.907 12.993 13.260 12.023 10.506 9.159 7.493 3.714 1.945 0.000 0.000 0.000 0.000 0.000 0.000 1.911 3.073 3.719 5.064 9.291 8.268 7.252 6.927 6.877 3.652 3.905 2.428 0.758 2.909 3.679 1.777 3.150 3.925 5.260
-999.250 -999.250 -999.250 -999.250 -999.250 -999.250 -999.250 -999.250 -999.250 -999.250 -999.250 -999.250 -999.250 80.602 66.008 65.245 -999.250 -999.250 -999.250 68.969 80.349 85.797 83.810 69.093 57.258 28.965 17.452 12.158 8.493 5.363 1.792 3.181 4.582 8.373 10.162 11.734 12.432 9.637 9.098 10.581 6.974 4.698 1.357 0.000 0.000 0.000 0.000 0.000 0.000 0.000 1.555 1.725 3.111 6.158 7.416 7.988 8.132 8.880 6.383 6.291 3.631 1.995 3.936 3.885 3.707 4.678 6.759 5.778 6.822
-999.250 -999.250 -999.250 -999.250 -999.250 -999.250 -999.250 -999.250 -999.250 -999.250 -999.250 81.133 74.834 63.858 60.319 59.158 -999.250 -999.250 67.469 77.182 92.546 112.564 108.620 80.384 67.070 37.272 23.430 17.399 12.195 8.781 5.582 4.865 5.452 10.088 10.572 10.703 9.260 9.792 8.715 7.407 6.062 3.598 0.639 0.000 0.000 0.000 0.000 0.000 0.000 0.767 0.926 2.880 3.973 6.748 8.131 9.166 12.782 8.325 7.323 6.593 4.055 4.804 3.998 7.067 4.802 6.640 6.867 8.952 11.511
-999.250 -999.250 -999.250 -999.250 -999.250 -999.250 -999.250 -999.250 -999.250 -999.250 -999.250 68.998 64.817 57.526 48.170 47.773 57.143 66.227 72.539 80.921 105.665 135.078 122.238 88.422 64.333 48.275 34.231 22.551 15.826 12.849 9.629 7.440 7.598 7.709 13.849 10.497 11.898 8.836 8.518 6.766 4.769 2.814 1.677 0.000 0.000 0.000 0.000 0.000 0.000 1.134 0.775 2.162 5.866 7.866 8.575 9.378 9.373 7.344 5.858 5.727 6.331 6.161 4.579 7.706 7.963 9.533 9.289 10.962 10.895
-999.250 -999.250 -999.250 -999.250 -999.250 -999.250 -999.250 -999.250 -999.250 -999.250 -999.250 -999.250 52.064 49.082 52.819 57.700 68.554 71.999 72.454 75.931 105.561 119.230 112.283 95.827 70.349 42.365 32.235 26.280 18.473 14.200 11.169 9.589 8.102 6.891 10.649 11.111 10.732 12.877 8.282 5.953 3.799 2.074 2.782 0.000 0.000 0.000 0.000 0.000 0.000 1.967 2.822 4.745 6.437 7.223 7.852 8.889 9.084 6.169 6.516 6.153 2.760 6.231 6.787 8.502 12.506 12.854 11.976 15.382 13.984
-999.250 -999.250 -999.250 -999.250 -999.250 -999.250 -999.250 -999.250 -999.250 -999.250 -999.250 -999.250 -999.250 36.664 40.229 45.617 59.564 56.409 64.019 68.180 84.358 95.613 98.322 77.194 65.371 47.085 37.495 24.199 21.093 16.394 15.166 11.390 7.993 11.325 11.912 13.086 12.368 11.097 9.228 6.549 6.210 4.947 2.135 0.399 0.000 0.000 0.000 0.006 0.000 2.751 2.581 3.909 6.423 6.007 6.757 8.275 6.972 6.961 6.819 5.851 7.429 7.289 7.715 10.559 13.881 11.667 14.153 17.191 19.147
-999.250 -999.250 -999.250 -999.250 -999.250 -999.250 -999.250 -999.250 -999.250 -999.250 -999.250 -999.250 -999.250 26.678 31.977 31.961 44.987 42.418 46.084 60.439 70.107 79.021 72.103 69.068 51.081 51.397 39.052 30.256 27.538 20.112 15.400 12.769 9.681 8.946 9.946 13.068 11.774 11.156 10.196 7.960 6.308 4.597 3.265 0.301 0.000 2.724 0.714 0.839 0.863 3.754 4.182 4.664 6.012 4.286 5.114 8.466 7.100 9.091 10.119 7.596 8.902 10.083 9.327 10.251 15.710 14.568 17.701 23.371 22.566
-999.250 -999.250 -999.250 -999.250 -999.250 -999.250 -999.250 -999.250 -999.250 -999.250 -999.250 -999.250 -999.250 28.149 24.804 23.752 29.539 25.992 35.995 38.269 47.834 60.329 55.508 53.710 48.056 40.223 38.450 32.865 26.620 19.138 16.037 12.226 9.209 10.551 11.186 12.667 12.195 11.074 9.676 8.479 8.971 5.284 4.656 2.602 0.536 1.740 3.793 3.053 4.314 3.024 5.847 6.324 5.066 7.018 6.196 6.057 7.070 7.763 8.719 8.093 9.844 10.455 10.979 11.636 14.825 17.195 23.826 24.990 29.770
-999.250 -999.250 -999.250 -999.250 -999.250 -999.250 -999.250 -999.250 -999.250 -999.250 -999.250 -999.250 -999.250 -999.250 18.625 19.997 15.997 22.498 28.925 28.579 37.769 44.703 45.932 43.150 40.296 34.204 38.059 39.526 36.406 28.767 20.970 17.102 14.824 13.927 11.489 12.106 11.221 10.765 9.865 7.731 7.547 7.365 6.077 2.951 2.909 3.757 3.012 3.603 4.153 4.058 5.000 6.093 6.860 5.412 5.757 4.324 5.618 8.567 8.246 7.400 10.421 12.530 11.114 12.433 14.395 18.144 19.342 21.848 27.395
-999.250 -999.250 -999.250 -999.250 -999.250 -999.250 -999.250 -999.250 -999.250 -999.250 -999.250 -999.250 -999.250 -999.250 17.922 16.124 15.055 19.115 22.013 23.954 30.727 31.034 32.932 36.817 36.690 35.763 34.707 37.945 46.036 31.516 21.497 16.814 14.426 12.789 12.398 10.823 11.455 11.191 8.882 8.594 8.223 6.828 5.317 3.381 2.478 3.827 3.964 4.227 4.777 4.440 6.354 4.652 7.143 6.526 5.536 5.568 5.953 6.870 6.563 8.915 9.304 10.581 11.722 13.191 16.812 19.156 22.967 21.732 17.934
-999.250 -999.250 -999.250 -999.250 -999.250 -999.250 -999.250 -999.250 -999.250 -999.250 -999.250 -999.250 -999.250 -999.250 19.331 15.259 18.350 19.830 23.285 26.437 25.299 31.279 29.527 34.725 39.569 37.509 33.788 36.095 34.095 25.655 22.271 20.331 18.882 12.914 11.174 12.362 12.057 10.867 10.993 8.475 8.586 7.780 5.153 4.913 3.507 5.241 2.919 4.479 5.429 4.729 5.815 5.364 6.554 7.093 5.270 5.071 4.933 7.057 7.450 7.947 11.200 12.096 8.904 11.091 14.562 15.816 20.440 21.994 21.149
-999.250 -999.250 -999.250 -999.250 -999.250 -999.250 -999.250 -999.250 -999.250 -999.250 -999.250 -999.250 -999.250 -999.250 17.200 21.611 19.883 21.423 20.200 24.731 23.030 22.604 32.936 36.038 37.373 -999.250 33.900 31.083 28.149 25.994 20.407 20.298 17.617 17.048 13.393 11.314 12.376 13.677 9.273 8.345 8.693 7.142 6.702 5.223 5.620 4.910 4.636 5.987 5.912 5.466 5.317 5.258 4.993 4.444 4.198 4.376 4.846 4.858 6.390 6.845 9.742 9.364 10.741 9.905 12.052 13.330 16.500 17.486 19.496
-999.250 -999.250 -999.250 -999.250 -999.250 -999.250 -999.250 -999.250 -999.250 -999.250 -999.250 -999.250 -999.250 -999.250 19.394 20.302 20.038 24.515 24.679 22.945 17.542 21.410 28.978 -999.250 -999.250 -999.250 30.700 29.418 25.257 26.373 21.501 20.468 19.512 16.733 14.776 11.235 14.073 12.803 11.309 10.022 8.037 8.300 7.495 7.595 7.465 6.362 7.223 6.269 4.962 7.185 6.154 2.939 4.048 4.830 3.810 6.813 4.150 5.351 7.182 6.662 7.450 7.683 8.933 8.895 10.226 9.698 12.825 16.468 15.641
-999.250 -999.250 -999.250 -999.250 -999.250 -999.250 -999.250 -999.250 -999.250 -999.250 -999.250 -999.250 -999.250 28.213 21.932 23.507 22.219 24.339 22.952 24.366 22.660 27.078 -999.250 -999.250 -999.250 -999.250 -999.250 24.116 22.988 22.914 24.314 21.429 21.996 18.393 12.158 13.404 13.846 11.434 8.510 10.162 8.003 7.282 8.426 7.521 6.744 6.553 6.813 8.490 5.839 6.897 5.925 5.552 3.474 3.725 4.419 4.453 4.066 4.636 6.687 7.111 7.215 7.514 7.336 8.569 11.778 10.309 11.794 14.596 13.589
-999.250 -999.250 -999.250 -999.250 -999.250 -999.250 -999.250 -999.250 -999.250 -999.250 -999.250 -999.250 -999.250 30.531 28.829 27.379 25.140 26.860 27.076 25.809 -999.250 -999.250 -999.250 -999.250 -999.250 -999.250 -999.250 -999.250 23.881 20.428 19.619 20.383 18.866 16.273 14.243 12.957 11.487 11.808 9.557 9.092 7.858 6.434 7.623 6.302 5.835 3.933 5.198 7.198 5.364 5.831 4.874 4.386 5.737 2.968 3.698 4.441 4.670 2.401 5.408 5.823 5.936 5.852 6.603 7.004 7.859 9.607 9.675 13.787 15.561
-999.250 -999.250 -999.250 -999.250 -999.250 -999.250 -999.250 -999.250 -999.250 -999.250 -999.250 -999.250 23.247 26.032 -999.250 -999.250 -999.250 -999.250 -999.250 -999.250 -999.250 -999.250 -999.250 -999.250 -999.250 -999.250 -999.250 -999.250 -999.250 23.926 23.383 19.504 18.560 16.122 13.934 9.837 11.475 11.415 11.034 10.865 9.500 7.863 5.091 5.375 5.921 4.108 3.950 5.408 5.173 5.335 6.277 5.538 3.781 4.817 5.690 4.587 5.166 1.161 3.586 3.648 4.135 4.117 6.223 4.557 6.969 7.746 7.133 10.262 8.452
-999.250 -999.250 -999.250 -999.250 -999.250 -999.250 -999.250 -999.250 -999.250 -999.250 -999.250 -999.250 -999.250 -999.250 -999.250 -999.250 -999.250 -999.250 -999.250 -999.250 -999.250 -999.250 -999.250 -999.250 -999.250 -999.250 -999.250 -999.250 -999.250 -999.250 21.395 19.460 16.717 17.384 13.612 10.157 12.982 12.010 12.518 13.384 11.531 9.803 6.804 7.908 5.216 5.189 6.397 5.735 4.164 4.965 6.321 5.409 5.271 5.088 5.401 3.037 4.303 2.474 2.763 3.357 2.791 5.107 3.998 5.329 4.101 4.642 6.616 9.218 7.420
-999.250 -999.250 -999.250 -999.250 -999.250 -999.250 -999.250 -999.250 -999.250 -999.250 -999.250 -999.250 -999.250 -999.250 -999.250 -999.250 -999.250 -999.250 -999.250 -999.250 -999.250 -999.250 -999.250 -999.250 -999.250 -999.250 -999.250 -999.250 -999.250 -999.250 21.732 18.686 19.435 18.024 15.090 17.943 12.274 13.071 13.565 12.971 12.090 12.217 9.222 7.587 5.267 7.352 7.011 7.335 6.175 5.381 6.898 6.273 6.173 5.474 5.591 5.160 4.356 3.313 4.575 5.317 3.482 4.925 1.809 2.151 1.380 3.322 5.623 7.049 5.508
-999.250 -999.250 -999.250 -999.250 -999.250 -999.250 -999.250 -999.250 -999.250 -999.250 -999.250 -999.250 -999.250 -999.250 -999.250 -999.250 -999.250 -999.250 -999.250 -999.250 -999.250 -999.250 -999.250 -999.250 -999.250 -999.250 -999.250 -999.250 -999.250 -999.250 21.288 15.783 19.494 18.969 17.707 17.238 16.866 14.136 13.467 13.850 13.417 13.800 12.472 9.130 8.009 7.463 8.136 7.381 6.038 6.746 4.707 5.602 4.977 5.597 4.104 4.662 4.132 4.679 5.638 3.957 1.211 2.386 1.924 0.289 0.773 0.385 3.081 3.195 2.848
-999.250 -999.250 -999.250 -999.250 -999.250 -999.250 -999.250 -999.250 -999.250 -999.250 -999.250 -999.250 -999.250 -999.250 -999.250 -999.250 -999.250 -999.250 -999.250 -999.250 -999.250 -999.250 -999.250 -999.250 -999.250 -999.250 -999.250 -999.250 -999.250 -999.250 -999.250 18.041 22.290 20.887 20.250 21.598 17.668 17.526 14.932 15.690 16.186 15.964 17.154 13.536 10.388 12.145 8.901 8.772 9.208 7.555 9.282 6.221 7.244 5.870 5.611 4.721 4.097 3.193 4.386 3.090 2.466 0.375 0.649 0.000 0.000 0.000 0.000 0.000 0.338
-999.250 -999.250 -999.250 -999.250 -999.250 -999.250 -999.250 -999.250 -999.250 -999.250 -999.250 -999.250 -999.250 -999.250 -999.250 -999.250 -999.250 -999.250 -999.250 -999.250 -999.250 -999.250 -999.250 -999.250 -999.250 -999.250 -999.250 -999.250 -999.250 -999.250 -999.250 24.214 23.965 28.128 27.353 24.576 20.179 20.216 20.442 22.667 19.087 18.416 19.303 15.255 14.270 13.062 12.480 11.818 13.115 9.229 9.047 7.591 7.504 8.164 5.638 6.382 5.224 2.381 3.250 0.441 1.109 0.172 0.000 0.000 0.000 0.000 0.000 0.000 0.000
-999.250 -999.250 -999.250 -999.250 -999.250 -999.250 -999.250 -999.250 -999.250 -999.250 -999.250 -999.250 -999.250 -999.250 -999.250 -999.250 -999.250 -999.250 -999.250 -999.250 -999.250 -999.250 -999.250 -999.250 -999.250 -999.250 -999.250 -999.250 -999.250 -999.250 -999.250 34.252 25.340 34.422 35.898 33.921 24.576 30.201 27.715 25.240 30.595 23.625 25.968 21.884 20.284 18.244 15.122 13.430 14.700 11.978 10.644 8.128 7.890 7.793 5.821 7.199 5.513 2.883 2.976 1.223 0.384 0.771 0.000 0.000 0.000 0.000 0.000 0.000 0.000
-999.250 -999.250 -999.250 -999.250 -999.250 -999.250 -999.250 -999.250 -999.250 -999.250 -999.250 -999.250 -999.250 -999.250 -999.250 -999.250 -999.250 -999.250 -999.250 -999.250 -999.250 -999.250 -999.250 -999.250 -999.250 -999.250 -999.250 -999.250 -999.250 -999.250 -999.250 27.516 31.689 35.645 33.353 36.050 38.884 33.521 28.997 32.335 34.891 25.644 29.554 29.107 25.116 20.413 16.470 16.094 15.168 14.772 9.597 8.470 10.058 9.370 6.681 7.023 4.834 3.957 2.191 3.829 3.508 0.053 0.000 0.000 0.000 0.000 0.000 0.000 0.000
-999.250 -999.250 -999.250 -999.250 -999.250 -999.250 -999.250 -999.250 -999.250 -999.250 -999.250 -999.250 -999.250 -999.250 -999.250 -999.250 -999.250 -999.250 -999.250 -999.250 -999.250 -999.250 -999.250 -999.250 -999.250 -999.250 -999.250 -999.250 -999.250 -999.250 -999.250 32.558 32.542 45.814 41.026 46.588 41.432 46.638 40.362 36.228 43.643 35.820 40.772 36.659 37.953 24.701 23.661 19.070 17.217 14.187 14.354 11.411 11.717 10.145 5.927 5.930 5.327 4.041 3.353 2.251 3.445 0.540 0.000 0.000 0.000 0.000 0.000 0.000 0.000
-999.250 -999.250 -999.250 -999.250 -999.250 -999.250 -999.250 -999.250 -999.250 -999.250 -999.250 -999.250 -999.250 -999.250 -999.250 -999.250 -999.250 -999.250 -999.250 -999.250 -999.250 -999.250 -999.250 -999.250 -999.250 -999.250 -999.250 -999.250 -999.250 -999.250 -999.250 33.364 36.054 40.187 66.446 56.602 61.746 61.852 65.466 57.489 58.106 44.642 50.434 42.089 41.121 28.636 28.569 23.817 19.300 18.795 14.652 10.924 9.628 9.250 8.509 5.318 4.710 4.660 5.276 3.814 2.901 0.096 0.000 0.000 0.000 0.000 0.000 0.000 0.000
-999.250 -999.250 -999.250 -999.250 -999.250 -999.250 -999.250 -999.250 -999.250 -999.250 -999.250 -999.250 -999.250 -999.250 -999.250 -999.250 -999.250 -999.250 -999.250 -999.250 -999.250 -999.250 -999.250 -999.250 -999.250 -999.250 -999.250 -999.250 -999.250 -999.250 -999.250 39.976 38.291 43.490 59.303 62.603 73.663 66.900 70.617 65.095 63.794 57.395 65.497 47.601 50.050 50.189 31.318 27.757 18.008 25.562 17.382 15.083 12.140 7.821 7.212 5.684 5.234 4.811 5.359 4.254 4.116 0.564 0.000 0.000 0.000 0.000 0.000 0.000 0.000
