data/medianmodel_22-Nov-2020.asc
ncols	141
nrows	288
xllcorner	-120191.398
yllcorner	-301404.813
cellsize	2000.000
NODATA_value	-999.250
[rows 174 to 202 of 288, columns 65 to 129 of 141]
366.621 348.935 306.185 279.294 240.356 221.530 205.519 189.093 178.182 191.461 194.846 172.547 154.408 137.144 138.601 148.267 200.372 227.459 257.029 302.317 310.371 330.937 347.090 356.638 348.952 361.947 340.047 328.686 350.796 354.928 353.719 336.513 321.851 320.080 311.667 278.587 290.483 267.019 253.987 241.562 224.406 206.174 191.698 199.789 201.394 -999.250 -999.250 -999.250 -999.250 -999.250 -999.250 -999.250 -999.250 -999.250 -999.250 -999.250 -999.250 -999.250 -999.250 -999.250 -999.250 -999.250 -999.250 -999.250 -999.250
384.932 361.118 317.659 302.893 257.142 238.898 216.451 196.463 173.856 187.175 192.064 171.981 131.833 121.394 98.162 128.564 164.505 213.142 259.123 296.980 299.726 334.903 322.547 327.145 334.747 336.365 334.164 340.304 332.279 353.907 331.585 344.078 327.474 315.062 288.803 287.720 284.464 295.901 301.562 276.280 257.166 241.311 220.330 211.709 -999.250 -999.250 -999.250 -999.250 -999.250 -999.250 -999.250 -999.250 -999.250 -999.250 -999.250 -999.250 -999.250 -999.250 -999.250 -999.250 -999.250 -999.250 -999.250 -999.250 -999.250
376.023 343.642 336.738 305.847 267.559 240.503 202.408 211.649 188.687 190.039 182.174 161.085 121.729 98.550 45.331 105.885 161.555 178.251 245.352 249.109 277.265 307.613 327.583 307.709 312.863 314.892 319.153 330.970 345.720 338.906 326.760 325.015 332.899 306.157 317.410 298.269 293.280 310.689 295.682 261.461 253.090 240.672 233.218 232.117 -999.250 -999.250 -999.250 -999.250 -999.250 -999.250 -999.250 -999.250 -999.250 -999.250 -999.250 -999.250 -999.250 -999.250 -999.250 -999.250 -999.250 -999.250 -999.250 -999.250 -999.250
375.705 352.262 314.125 298.444 274.849 231.312 222.576 215.233 215.576 211.422 192.654 162.887 145.907 133.381 117.611 141.858 165.944 202.361 217.034 255.493 276.133 297.160 282.300 291.594 277.689 301.481 319.938 314.824 339.347 327.491 304.818 314.576 310.269 325.818 314.526 317.919 327.815 320.512 294.111 262.022 257.905 254.431 234.022 -999.250 -999.250 -999.250 -999.250 -999.250 -999.250 -999.250 -999.250 -999.250 -999.250 -999.250 -999.250 -999.250 -999.250 -999.250 -999.250 -999.250 -999.250 -999.250 -999.250 -999.250 -999.250
332.738 334.351 329.063 283.756 278.667 254.192 247.313 230.325 229.305 216.087 190.201 183.779 175.623 162.171 153.720 169.932 190.340 213.572 210.791 238.368 266.115 258.413 267.859 268.373 295.074 294.072 308.448 301.592 291.686 299.797 303.906 307.333 313.131 319.921 338.488 317.028 329.400 322.121 313.808 289.453 295.742 264.912 241.948 -999.250 -999.250 -999.250 -999.250 -999.250 -999.250 -999.250 -999.250 -999.250 -999.250 -999.250 -999.250 -999.250 -999.250 -999.250 -999.250 -999.250 -999.250 -999.250 -999.250 -999.250 -999.250
326.384 327.687 312.763 294.546 266.133 267.708 261.243 223.237 214.743 216.502 197.386 183.263 177.746 193.195 155.213 172.617 196.050 220.279 230.029 251.633 262.729 262.103 270.571 284.456 281.210 267.268 261.895 281.631 282.469 258.351 301.556 307.642 319.747 302.766 320.027 328.701 326.209 332.744 319.146 271.301 271.239 269.873 -999.250 -999.250 -999.250 -999.250 -999.250 -999.250 -999.250 -999.250 -999.250 -999.250 -999.250 -999.250 -999.250 -999.250 -999.250 -999.250 -999.250 -999.250 -999.250 -999.250 -999.250 -999.250 -999.250
316.675 298.893 290.482 266.993 263.296 267.505 250.379 243.377 211.588 197.555 203.648 213.735 228.702 202.814 202.150 211.002 203.722 236.089 240.044 257.426 266.479 254.702 253.007 251.185 259.028 241.047 257.397 283.305 274.476 296.506 275.147 279.799 303.115 305.603 297.976 312.028 311.659 321.202 285.797 270.505 272.053 274.793 -999.250 -999.250 -999.250 -999.250 -999.250 -999.250 -999.250 -999.250 -999.250 -999.250 -999.250 -999.250 -999.250 -999.250 -999.250 -999.250 -999.250 -999.250 -999.250 -999.250 -999.250 -999.250 -999.250
313.741 301.744 290.253 263.689 253.069 262.440 248.039 239.230 210.782 211.808 232.444 240.819 229.575 231.679 221.711 231.392 233.455 238.977 243.645 251.731 265.349 253.336 237.413 227.727 241.292 226.342 238.307 269.302 260.252 282.551 284.328 281.792 291.656 313.154 316.614 302.559 298.156 296.192 264.338 277.062 259.838 258.315 -999.250 -999.250 -999.250 -999.250 -999.250 -999.250 -999.250 -999.250 -999.250 -999.250 -999.250 -999.250 -999.250 -999.250 -999.250 -999.250 -999.250 -999.250 -999.250 -999.250 -999.250 -999.250 -999.250
287.431 250.192 227.757 260.189 256.817 255.355 221.306 225.468 222.825 238.854 235.430 248.155 249.499 242.473 236.255 232.164 251.167 237.963 237.336 250.992 258.017 252.401 236.753 207.867 196.249 182.140 218.209 230.060 258.379 268.954 273.425 294.893 303.739 301.224 304.015 314.496 295.819 266.139 259.726 274.526 299.162 -999.250 -999.250 -999.250 -999.250 -999.250 -999.250 -999.250 -999.250 -999.250 -999.250 -999.250 -999.250 -999.250 -999.250 -999.250 -999.250 -999.250 -999.250 -999.250 -999.250 -999.250 -999.250 -999.250 -999.250
248.595 241.468 240.096 226.704 235.316 241.335 248.123 235.286 234.590 245.191 247.280 257.166 241.966 248.628 244.500 247.061 258.162 257.456 219.987 242.284 269.454 249.297 227.890 183.117 157.961 148.308 170.607 203.179 243.151 272.587 291.459 289.635 313.681 295.059 289.655 300.136 284.676 228.956 254.880 291.610 -999.250 -999.250 -999.250 -999.250 -999.250 -999.250 -999.250 -999.250 -999.250 -999.250 -999.250 -999.250 -999.250 -999.250 -999.250 -999.250 -999.250 -999.250 -999.250 -999.250 -999.250 -999.250 -999.250 -999.250 -999.250
209.065 202.782 206.957 226.747 231.678 233.290 246.983 242.118 243.911 243.347 230.316 247.868 243.360 258.681 262.983 267.782 282.427 259.356 257.028 261.664 268.437 237.732 215.361 192.393 145.735 74.228 149.651 201.686 254.898 273.775 278.925 313.966 300.182 295.890 315.108 320.585 293.317 267.816 275.972 274.754 -999.250 -999.250 -999.250 -999.250 -999.250 -999.250 -999.250 -999.250 -999.250 -999.250 -999.250 -999.250 -999.250 -999.250 -999.250 -999.250 -999.250 -999.250 -999.250 -999.250 -999.250 -999.250 -999.250 -999.250 -999.250
167.961 172.140 183.429 219.767 246.123 233.393 236.113 238.561 233.310 247.503 248.691 255.527 250.255 274.436 286.483 307.455 290.592 278.768 287.551 282.983 275.187 254.304 225.123 207.198 168.403 151.979 172.181 202.565 282.247 280.115 292.071 315.190 313.660 305.503 305.924 304.622 308.812 283.208 -999.250 -999.250 -999.250 -999.250 -999.250 -999.250 -999.250 -999.250 -999.250 -999.250 -999.250 -999.250 -999.250 -999.250 -999.250 -999.250 -999.250 -999.250 -999.250 -999.250 -999.250 -999.250 -999.250 -999.250 -999.250 -999.250 -999.250
129.471 150.504 167.332 193.698 207.420 225.336 219.702 231.878 228.190 240.477 267.775 262.613 278.614 289.059 299.704 283.806 277.911 300.879 303.996 307.321 279.499 261.990 242.327 219.124 202.524 192.669 195.925 229.193 264.961 281.834 297.410 306.739 320.794 301.717 312.617 296.866 306.697 -999.250 -999.250 -999.250 -999.250 -999.250 -999.250 -999.250 -999.250 -999.250 -999.250 -999.250 -999.250 -999.250 -999.250 -999.250 -999.250 -999.250 -999.250 -999.250 -999.250 -999.250 -999.250 -999.250 -999.250 -999.250 -999.250 -999.250 -999.250
43.303 121.794 162.569 192.005 194.076 235.931 240.001 230.762 236.024 247.701 279.713 271.456 289.731 310.308 301.797 320.212 335.364 316.005 307.395 314.645 283.172 261.608 250.233 250.944 254.230 237.791 244.863 262.421 282.695 283.124 302.167 322.262 326.931 331.258 322.382 312.783 -999.250 -999.250 -999.250 -999.250 -999.250 -999.250 -999.250 -999.250 -999.250 -999.250 -999.250 -999.250 -999.250 -999.250 -999.250 -999.250 -999.250 -999.250 -999.250 -999.250 -999.250 -999.250 -999.250 -999.250 -999.250 -999.250 -999.250 -999.250 -999.250
115.517 140.683 166.097 198.139 226.304 210.326 245.727 263.384 279.219 271.343 281.188 294.209 305.117 308.635 331.359 307.654 323.214 304.785 315.513 313.012 286.993 294.161 286.818 271.205 250.108 264.920 301.626 311.940 306.873 331.600 319.094 324.739 325.070 344.948 320.343 -999.250 -999.250 -999.250 -999.250 -999.250 -999.250 -999.250 -999.250 -999.250 -999.250 -999.250 -999.250 -999.250 -999.250 -999.250 -999.250 -999.250 -999.250 -999.250 -999.250 -999.250 -999.250 -999.250 -999.250 -999.250 -999.250 -999.250 -999.250 -999.250 -999.250
171.625 190.505 201.729 212.134 222.476 230.063 252.002 270.628 281.068 279.836 301.089 300.765 312.787 285.595 305.126 303.836 315.482 325.311 293.048 320.336 303.323 299.744 314.350 292.824 307.088 314.353 338.390 346.329 344.270 340.204 348.049 348.433 335.778 -999.250 -999.250 -999.250 -999.250 -999.250 -999.250 -999.250 -999.250 -999.250 -999.250 -999.250 -999.250 -999.250 -999.250 -999.250 -999.250 -999.250 -999.250 -999.250 -999.250 -999.250 -999.250 -999.250 -999.250 -999.250 -999.250 -999.250 -999.250 -999.250 -999.250 -999.250 -999.250
218.475 214.349 240.855 254.503 273.749 258.065 279.959 270.664 294.819 315.060 310.866 305.317 297.122 325.147 311.639 295.641 290.911 312.523 283.331 311.924 311.175 300.600 317.852 314.618 316.439 345.416 347.887 356.893 381.560 364.233 375.057 366.550 355.038 -999.250 -999.250 -999.250 -999.250 -999.250 -999.250 -999.250 -999.250 -999.250 -999.250 -999.250 -999.250 -999.250 -999.250 -999.250 -999.250 -999.250 -999.250 -999.250 -999.250 -999.250 -999.250 -999.250 -999.250 -999.250 -999.250 -999.250 -999.250 -999.250 -999.250 -999.250 -999.250
250.137 264.793 281.527 304.025 281.217 296.978 287.853 310.104 312.755 345.356 324.154 338.267 326.015 299.622 313.938 295.958 290.305 289.017 272.864 259.823 299.642 321.494 336.860 338.171 340.801 376.399 385.174 381.061 387.150 411.154 382.998 367.374 -999.250 -999.250 -999.250 -999.250 -999.250 -999.250 -999.250 -999.250 -999.250 -999.250 -999.250 -999.250 -999.250 -999.250 -999.250 -999.250 -999.250 -999.250 -999.250 -999.250 -999.250 -999.250 -999.250 -999.250 -999.250 -999.250 -999.250 -999.250 -999.250 -999.250 -999.250 -999.250 -999.250
283.449 279.802 301.038 322.448 320.027 316.042 339.287 324.813 331.450 343.453 354.777 348.423 338.312 349.435 322.706 292.787 272.359 273.841 258.247 268.805 316.378 324.813 350.134 351.080 372.945 400.495 401.292 395.208 413.248 416.163 398.966 378.682 -999.250 -999.250 -999.250 -999.250 -999.250 -999.250 -999.250 -999.250 -999.250 -999.250 -999.250 -999.250 -999.250 -999.250 -999.250 -999.250 -999.250 -999.250 -999.250 -999.250 -999.250 -999.250 -999.250 -999.250 -999.250 -999.250 -999.250 -999.250 -999.250 -999.250 -999.250 -999.250 -999.250
338.164 322.025 312.688 337.311 352.526 329.578 332.767 333.421 360.243 365.213 349.645 357.627 368.498 344.707 335.378 315.889 292.480 247.901 204.628 265.139 323.293 341.440 366.003 383.220 393.195 403.944 416.492 430.337 448.252 406.838 411.898 412.505 -999.250 -999.250 -999.250 -999.250 -999.250 -999.250 -999.250 -999.250 -999.250 -999.250 -999.250 -999.250 -999.250 -999.250 -999.250 -999.250 -999.250 -999.250 -999.250 -999.250 -999.250 -999.250 -999.250 -999.250 -999.250 -999.250 -999.250 -999.250 -999.250 -999.250 -999.250 -999.250 -999.250
343.725 349.469 344.636 375.989 343.213 358.092 361.805 361.464 367.144 404.486 403.527 385.600 378.353 393.408 364.447 324.590 305.430 297.349 280.855 315.159 349.539 363.377 398.417 404.694 388.812 390.496 441.569 452.401 432.547 439.500 439.625 448.543 -999.250 -999.250 -999.250 -999.250 -999.250 -999.250 -999.250 -999.250 -999.250 -999.250 -999.250 -999.250 -999.250 -999.250 -999.250 -999.250 -999.250 -999.250 -999.250 -999.250 -999.250 -999.250 -999.250 -999.250 -999.250 -999.250 -999.250 -999.250 -999.250 -999.250 -999.250 -999.250 -999.250
358.578 374.569 385.791 363.158 428.409 402.633 402.536 436.358 434.520 438.508 417.781 383.826 374.296 406.406 354.160 366.312 352.920 349.780 343.624 364.446 371.837 379.798 394.029 411.700 417.172 400.641 444.974 466.820 464.882 428.871 441.536 427.792 438.082 -999.250 -999.250 -999.250 -999.250 -999.250 -999.250 -999.250 -999.250 -999.250 -999.250 -999.250 -999.250 -999.250 -999.250 -999.250 -999.250 -999.250 -999.250 -999.250 -999.250 -999.250 -999.250 -999.250 -999.250 -999.250 -999.250 -999.250 -999.250 -999.250 -999.250 -999.250 -999.250
381.508 380.682 383.204 387.549 416.187 430.184 453.723 436.505 441.253 447.255 429.390 400.483 412.225 410.278 391.311 393.818 415.561 376.707 385.160 396.351 389.244 421.101 434.766 419.919 429.016 429.727 460.429 469.102 464.051 453.581 433.950 391.803 419.934 -999.250 -999.250 -999.250 -999.250 -999.250 -999.250 -999.250 -999.250 -999.250 -999.250 -999.250 -999.250 -999.250 -999.250 -999.250 -999.250 -999.250 -999.250 -999.250 -999.250 -999.250 -999.250 -999.250 -999.250 -999.250 -999.250 -999.250 -999.250 -999.250 -999.250 -999.250 -999.250
382.273 394.967 398.692 382.765 397.606 424.946 463.742 433.173 458.467 437.888 436.399 463.222 432.639 418.495 425.376 408.058 426.196 431.340 417.634 432.706 435.549 452.097 452.520 441.044 465.655 472.376 475.519 487.199 472.098 460.120 413.219 429.492 -999.250 -999.250 -999.250 -999.250 -999.250 -999.250 -999.250 -999.250 -999.250 -999.250 -999.250 -999.250 -999.250 -999.250 -999.250 -999.250 -999.250 -999.250 -999.250 -999.250 -999.250 -999.250 -999.250 -999.250 -999.250 -999.250 -999.250 -999.250 -999.250 -999.250 -999.250 -999.250 -999.250
410.630 438.343 408.643 397.168 366.216 425.787 437.669 443.783 448.764 458.017 482.632 468.868 446.528 457.753 461.148 437.108 428.997 436.971 446.784 459.473 459.209 474.342 436.304 467.308 468.527 466.611 476.501 442.493 471.375 467.387 445.954 -999.250 -999.250 -999.250 -999.250 -999.250 -999.250 -999.250 -999.250 -999.250 -999.250 -999.250 -999.250 -999.250 -999.250 -999.250 -999.250 -999.250 -999.250 -999.250 -999.250 -999.250 -999.250 -999.250 -999.250 -999.250 -999.250 -999.250 -999.250 -999.250 -999.250 -999.250 -999.250 -999.250 -999.250
440.315 427.895 436.047 442.054 408.370 445.524 461.112 459.389 442.106 434.993 482.107 472.240 471.124 459.981 458.697 463.144 440.110 453.840 469.799 465.960 464.482 479.883 455.247 475.871 485.050 496.098 487.075 488.399 485.483 457.046 427.076 -999.250 -999.250 -999.250 -999.250 -999.250 -999.250 -999.250 -999.250 -999.250 -999.250 -999.250 -999.250 -999.250 -999.250 -999.250 -999.250 -999.250 -999.250 -999.250 -999.250 -999.250 -999.250 -999.250 -999.250 -999.250 -999.250 -999.250 -999.250 -999.250 -999.250 -999.250 -999.250 -999.250 -999.250
424.734 436.782 447.851 441.977 439.165 443.269 474.584 476.164 488.125 471.478 485.519 488.062 467.139 470.845 466.185 471.767 470.483 470.636 486.989 480.252 475.584 486.808 472.396 473.457 495.492 473.008 491.500 501.628 459.691 447.532 391.378 -999.250 -999.250 -999.250 -999.250 -999.250 -999.250 -999.250 -999.250 -999.250 -999.250 -999.250 -999.250 -999.250 -999.250 -999.250 -999.250 -999.250 -999.250 -999.250 -999.250 -999.250 -999.250 -999.250 -999.250 -999.250 -999.250 -999.250 -999.250 -999.250 -999.250 -999.250 -999.250 -999.250 -999.250
408.163 435.134 431.307 456.181 446.473 450.426 451.535 473.260 475.489 482.341 497.765 484.176 464.580 466.743 470.480 459.725 482.896 468.359 462.496 478.895 496.889 504.594 496.960 485.035 500.173 468.989 486.528 480.070 473.767 443.838 392.268 -999.250 -999.250 -999.250 -999.250 -999.250 -999.250 -999.250 -999.250 -999.250 -999.250 -999.250 -999.250 -999.250 -999.250 -999.250 -999.250 -999.250 -999.250 -999.250 -999.250 -999.250 -999.250 -999.250 -999.250 -999.250 -999.250 -999.250 -999.250 -999.250 -999.250 -999.250 -999.250 -999.250 -999.250
433.700 425.472 440.862 445.332 475.392 441.087 451.613 486.133 473.614 478.082 473.722 463.339 442.629 445.688 456.443 467.076 457.586 465.026 493.650 519.549 527.317 517.566 517.933 491.669 491.163 486.487 488.475 483.137 476.889 425.322 -999.250 -999.250 -999.250 -999.250 -999.250 -999.250 -999.250 -999.250 -999.250 -999.250 -999.250 -999.250 -999.250 -999.250 -999.250 -999.250 -999.250 -999.250 -999.250 -999.250 -999.250 -999.250 -999.250 -999.250 -999.250 -999.250 -999.250 -999.250 -999.250 -999.250 -999.250 -999.250 -999.250 -999.250 -999.250
