data/medianmodel_01-May-2020.asc
ncols	141
nrows	288
xllcorner	-120191.398
yllcorner	-301404.813
cellsize	2000.000
NODATA_value	-999.250
[rows 31 to 61 of 288, columns 69 to 137 of 141]
26.175 23.758 25.130 25.032 21.445 20.131 15.621 9.654 3.062 0.000 0.000 0.000 0.000 2.066 8.456 14.055 22.031 26.123 34.885 40.671 44.333 37.502 35.630 27.959 20.368 18.499 12.906 6.851 6.322 5.546 2.485 0.376 2.383 5.545 7.061 9.073 13.263 10.867 15.606 16.317 22.605 23.384 20.980 31.436 35.318 37.680 42.475 37.325 37.924 40.633 26.331 29.713 32.179 29.860 20.882 22.020 24.970 24.957 28.616 27.688 30.178 27.992 30.422 33.035 43.934 52.476 49.245 54.282 50.670
25.504 24.569 26.295 27.746 24.726 23.780 20.184 10.793 6.096 1.218 0.000 0.000 0.533 6.191 14.347 21.740 31.606 39.609 52.103 54.597 61.007 54.573 48.251 38.360 30.840 21.019 18.894 12.947 8.026 5.219 0.000 0.073 2.779 3.031 8.214 8.073 10.951 9.299 11.474 15.145 18.750 23.172 25.220 27.615 31.541 34.620 32.683 35.370 34.924 26.434 28.326 34.412 30.202 27.000 27.118 25.911 29.584 30.102 32.444 36.089 36.463 35.471 41.161 40.920 42.590 53.547 66.831 58.735 55.963
23.783 24.842 25.172 29.373 28.014 20.632 15.318 13.138 6.849 3.418 1.378 0.958 2.920 9.416 22.748 28.923 47.227 59.933 65.788 73.764 67.227 69.684 67.026 50.470 35.032 23.506 22.975 16.976 10.175 4.806 0.926 0.000 0.000 0.047 4.584 6.537 10.295 9.342 11.037 13.778 18.249 23.374 25.984 31.092 30.901 32.557 27.675 26.989 28.514 28.214 30.950 28.498 25.291 25.049 22.716 29.257 26.518 26.604 29.173 31.520 34.379 41.578 42.246 40.920 51.208 57.953 64.443 62.602 60.978
23.876 23.680 21.742 27.623 33.245 24.354 16.418 10.485 9.541 4.432 4.594 2.591 6.276 16.686 35.839 47.782 59.113 70.945 79.647 88.704 96.258 89.653 78.988 73.018 49.269 30.784 32.003 17.643 15.629 6.852 0.805 0.000 0.000 0.444 2.972 5.852 8.266 8.175 9.337 12.830 18.333 26.303 27.909 30.639 26.756 33.236 26.420 29.904 30.956 26.172 30.327 37.641 30.823 24.723 26.114 24.199 26.316 31.814 35.980 34.616 39.504 39.245 40.822 54.307 54.943 63.427 69.269 69.610 64.608
18.252 19.579 24.804 30.501 28.891 23.672 19.891 11.704 12.128 7.983 6.914 5.035 8.361 26.518 40.522 63.039 81.958 97.736 97.025 121.608 139.632 112.390 100.395 84.644 65.920 55.907 43.012 27.703 15.082 8.332 0.000 0.000 0.000 0.000 4.752 5.710 7.886 11.559 12.793 13.956 17.378 24.304 29.262 33.218 30.164 31.557 25.421 27.839 30.716 24.882 27.533 31.704 32.010 27.483 24.493 32.451 26.922 35.535 45.384 33.930 36.243 41.585 43.076 54.730 62.049 73.206 73.276 64.802 -999.250
15.998 19.194 19.471 21.481 18.850 19.413 17.676 13.817 14.213 14.644 13.894 14.983 23.708 42.864 51.793 72.680 93.054 120.165 132.000 153.810 164.245 145.148 123.897 95.150 75.354 63.736 49.489 37.764 20.543 9.526 0.000 0.000 0.000 0.443 6.726 8.442 10.486 11.709 15.235 15.306 18.021 23.683 26.441 31.172 35.519 35.465 32.213 29.357 26.686 26.050 27.353 34.086 35.340 29.190 23.437 24.619 28.360 28.290 35.589 38.330 48.711 47.632 50.954 52.972 60.762 69.572 70.022 65.511 -999.250
15.325 16.517 18.782 20.236 18.247 16.929 16.499 14.967 14.444 16.225 20.088 29.781 41.556 58.306 70.488 83.492 106.800 149.228 171.189 159.957 154.414 150.891 145.244 112.668 87.374 74.476 53.656 41.512 25.591 10.891 4.534 2.499 1.140 2.593 7.832 8.473 9.502 12.922 19.141 18.009 20.163 24.121 30.747 36.340 33.592 37.769 31.576 29.171 26.506 29.126 27.592 28.896 34.238 35.035 25.834 29.820 26.806 30.976 33.010 44.090 40.786 52.647 48.937 51.961 60.000 59.307 65.247 -999.250 -999.250
12.597 17.942 14.335 15.443 13.967 14.132 15.896 16.643 18.103 18.920 27.565 34.267 52.835 65.643 85.215 96.755 117.116 162.802 191.143 193.915 193.823 178.757 141.799 114.891 93.883 66.492 58.850 46.792 24.106 17.101 7.988 3.916 0.785 3.733 6.795 6.283 7.558 10.317 20.810 19.028 21.279 20.815 29.739 36.615 37.489 32.135 30.209 25.973 30.717 25.444 28.159 30.538 24.695 31.535 29.730 26.050 27.256 29.303 31.261 37.939 49.945 43.940 50.822 54.573 61.029 61.390 62.645 -999.250 -999.250
7.229 10.602 13.562 11.993 8.432 10.902 15.165 14.276 14.997 19.944 33.283 47.026 59.917 74.850 91.233 100.893 138.277 169.067 197.065 213.821 203.788 182.528 149.027 134.486 106.334 78.152 67.885 48.026 34.108 21.992 8.240 5.790 3.171 4.226 8.151 7.485 10.344 13.513 19.677 25.889 31.107 33.512 35.593 37.984 35.580 29.567 21.692 23.469 22.942 28.162 27.873 24.614 23.911 21.885 26.144 22.440 27.361 30.454 32.041 40.728 50.161 51.194 49.431 52.360 51.979 51.975 56.403 -999.250 -999.250
2.968 6.241 8.151 7.915 5.893 6.852 12.026 13.713 16.893 20.199 41.236 46.617 68.304 83.449 92.754 119.532 142.169 185.429 216.906 219.660 214.417 200.788 158.594 136.313 112.090 82.676 61.950 51.503 34.159 19.825 12.873 6.575 4.629 4.950 8.619 10.848 16.054 15.180 21.877 23.566 29.833 37.988 34.037 34.357 38.255 27.152 29.298 22.489 19.900 24.722 22.810 19.167 17.955 22.368 23.383 27.638 29.132 27.515 32.710 44.034 47.374 50.176 56.404 53.474 56.313 56.633 -999.250 -999.250 -999.250
1.225 2.361 3.688 6.797 7.086 6.936 13.316 12.625 17.941 22.169 35.869 49.169 65.964 85.546 93.063 111.308 146.207 173.300 200.016 210.506 205.034 187.867 133.393 123.336 99.654 79.998 66.277 52.081 29.521 18.309 14.135 9.186 5.495 4.484 7.374 13.590 17.383 18.701 23.878 27.150 35.829 34.275 40.794 39.653 29.862 25.268 25.110 21.958 22.251 21.876 20.664 21.053 24.314 18.403 22.876 26.298 29.115 31.543 31.755 41.117 43.425 45.425 43.522 46.799 50.419 46.752 54.949 -999.250 -999.250
1.343 1.135 2.165 3.568 6.810 10.062 11.293 12.378 16.705 21.915 35.754 44.026 62.614 72.457 89.635 111.162 126.222 149.420 160.245 169.089 158.557 149.777 132.657 114.947 90.733 71.433 62.519 45.143 26.456 15.981 12.575 8.101 4.664 5.329 7.681 12.248 16.786 22.993 29.459 33.242 39.806 44.816 39.737 37.973 38.596 23.352 24.023 23.094 17.615 18.308 23.653 21.488 20.360 23.281 22.643 30.410 30.652 30.980 37.751 41.630 46.543 39.762 41.794 -999.250 -999.250 -999.250 -999.250 -999.250 -999.250
0.000 0.000 1.147 2.392 6.324 7.708 10.607 12.338 14.998 21.409 34.011 42.769 60.505 69.755 79.913 89.855 105.650 126.708 120.758 134.427 120.104 119.767 100.091 90.897 73.697 63.843 48.466 33.562 18.728 12.786 9.214 4.897 4.790 6.216 8.017 12.176 18.367 20.857 31.717 34.655 43.956 39.427 39.188 38.658 29.825 26.655 22.351 17.231 19.350 17.606 17.526 22.217 22.466 20.831 27.325 25.322 30.831 32.988 32.661 35.333 43.899 35.779 42.052 36.635 -999.250 -999.250 -999.250 -999.250 -999.250
0.000 0.000 0.000 3.197 1.937 5.703 9.910 15.210 20.634 25.366 36.488 49.895 60.148 64.541 73.374 83.340 93.810 93.334 96.904 96.682 85.420 83.644 79.343 78.112 64.365 50.042 41.981 33.664 15.707 9.191 5.740 5.675 2.560 3.781 6.173 9.945 15.101 24.942 28.876 33.063 43.175 37.803 39.237 29.796 25.523 26.087 20.429 18.758 16.786 19.711 20.223 21.741 21.591 26.044 18.485 25.397 27.304 27.604 37.213 30.514 35.104 34.635 -999.250 -999.250 -999.250 -999.250 -999.250 -999.250 -999.250
0.000 0.000 0.000 0.000 0.614 4.059 7.897 12.088 17.669 25.396 41.394 49.132 56.307 56.352 71.946 69.310 74.566 69.995 70.063 71.934 61.250 60.271 57.522 54.058 44.688 38.492 33.337 19.549 18.298 7.077 4.335 0.789 0.000 3.333 4.987 7.591 12.260 20.138 25.692 32.276 31.714 32.750 32.169 28.268 27.884 18.092 18.952 19.999 19.701 18.481 20.463 23.832 22.852 22.738 25.271 27.477 22.806 27.753 25.156 28.746 37.003 23.388 -999.250 -999.250 -999.250 -999.250 -999.250 -999.250 -999.250
0.000 0.000 0.000 0.000 1.875 3.225 6.314 10.008 17.148 24.216 32.820 44.708 48.133 56.762 63.715 62.989 57.121 53.465 48.355 42.772 37.795 38.229 38.189 38.704 25.560 25.347 23.351 16.415 8.102 6.172 2.152 0.000 0.000 0.047 2.415 7.829 10.891 15.252 18.431 21.103 24.564 23.239 29.403 26.634 20.672 21.062 15.466 17.436 18.761 22.361 19.736 21.724 23.507 24.038 20.970 20.638 21.788 23.502 28.639 26.232 26.175 -999.250 -999.250 -999.250 -999.250 -999.250 -999.250 -999.250 -999.250
0.000 0.000 0.000 0.000 1.697 2.789 4.254 9.578 20.469 22.574 28.929 43.569 48.102 54.605 58.701 51.470 47.398 36.816 32.576 18.823 21.977 23.389 24.984 19.947 17.509 17.466 16.322 9.807 9.515 5.732 4.393 0.090 0.000 0.000 1.285 6.247 7.150 9.451 11.956 17.776 21.264 19.226 19.860 19.062 19.548 17.518 16.679 15.777 15.405 16.400 17.378 22.494 20.185 20.818 21.054 20.572 16.105 18.221 22.075 -999.250 -999.250 -999.250 -999.250 -999.250 -999.250 -999.250 -999.250 -999.250 -999.250
0.546 0.000 0.000 0.000 0.000 0.471 4.626 8.403 17.551 22.184 26.042 36.178 40.581 50.265 54.891 47.588 40.265 26.032 19.198 14.109 10.295 14.420 17.383 16.405 16.850 17.237 15.077 13.839 11.915 9.695 6.147 4.459 2.425 0.965 1.367 4.440 5.472 7.364 7.022 10.858 14.513 14.746 18.614 16.323 13.381 13.670 13.600 14.259 13.875 12.882 14.707 16.381 19.851 19.937 21.197 18.541 18.114 15.449 19.122 -999.250 -999.250 -999.250 -999.250 -999.250 -999.250 -999.250 -999.250 -999.250 -999.250
0.193 0.000 0.000 0.000 0.000 0.000 3.644 9.118 15.585 19.703 23.841 37.183 39.261 44.432 50.693 39.849 29.634 21.749 12.289 7.918 10.183 9.979 11.382 15.679 17.235 16.274 17.649 17.999 17.089 15.333 11.007 11.058 6.254 4.528 2.940 0.649 0.000 0.025 1.715 5.788 10.076 8.413 13.929 12.463 13.557 11.971 11.263 11.270 13.400 10.278 13.829 15.809 17.778 16.994 -999.250 17.209 13.526 -999.250 -999.250 -999.250 -999.250 -999.250 -999.250 -999.250 -999.250 -999.250 -999.250 -999.250 -999.250
3.273 0.947 0.000 0.000 0.000 0.000 4.594 12.670 14.369 19.925 24.388 32.097 33.578 35.684 36.479 34.099 23.016 16.569 8.722 4.620 6.733 9.452 11.637 16.129 16.584 16.221 19.851 24.060 22.566 19.339 23.650 18.915 11.920 8.536 3.433 0.000 0.000 0.000 0.000 1.992 2.816 3.299 6.429 6.502 9.017 8.678 8.128 7.807 10.220 9.401 7.046 10.280 -999.250 -999.250 -999.250 -999.250 -999.250 -999.250 -999.250 -999.250 -999.250 -999.250 -999.250 -999.250 -999.250 -999.250 -999.250 -999.250 -999.250
3.067 2.369 1.349 0.000 0.000 0.000 5.465 10.959 15.931 18.439 23.130 30.439 29.911 28.921 30.452 22.758 15.334 10.369 7.790 2.253 5.005 8.071 12.426 15.937 22.481 26.454 29.743 33.025 39.364 40.805 35.168 32.804 22.038 15.078 7.589 0.000 0.000 0.000 0.000 0.000 0.579 0.326 2.350 2.678 5.331 7.379 7.460 6.537 6.906 9.096 7.052 -999.250 -999.250 -999.250 -999.250 -999.250 -999.250 -999.250 -999.250 -999.250 -999.250 -999.250 -999.250 -999.250 -999.250 -999.250 -999.250 -999.250 -999.250
4.373 0.000 2.044 4.333 3.520 0.000 13.609 16.165 16.104 18.910 23.781 25.211 24.449 22.462 18.476 14.732 9.652 7.734 3.724 3.427 4.042 6.991 14.615 18.343 30.386 37.677 41.979 47.872 48.910 60.883 62.706 59.920 41.525 24.836 14.691 0.000 0.000 0.000 0.000 0.000 0.000 2.384 0.791 1.224 2.358 2.009 3.544 6.183 6.714 6.998 9.288 -999.250 -999.250 -999.250 -999.250 -999.250 -999.250 -999.250 -999.250 -999.250 -999.250 -999.250 -999.250 -999.250 -999.250 -999.250 -999.250 -999.250 -999.250
5.239 0.000 0.257 8.409 17.620 38.040 25.887 22.803 21.437 22.126 20.031 18.293 19.352 18.954 15.831 9.463 7.220 5.454 5.122 4.002 7.251 13.478 18.168 28.033 31.487 42.481 47.430 58.859 73.133 71.203 77.380 79.358 67.674 50.440 27.671 0.000 2.725 4.948 3.393 0.307 1.017 0.000 0.000 0.000 0.000 1.032 1.922 4.961 5.072 6.709 -999.250 -999.250 -999.250 -999.250 -999.250 -999.250 -999.250 -999.250 -999.250 -999.250 -999.250 -999.250 -999.250 -999.250 -999.250 -999.250 -999.250 -999.250 -999.250
8.442 0.000 3.386 12.124 23.928 31.868 31.139 27.276 23.172 23.877 21.138 20.161 18.582 12.198 7.927 5.541 3.981 3.226 4.579 5.948 8.992 15.560 20.605 27.055 42.218 57.677 63.344 73.455 81.677 93.613 98.621 105.764 91.393 70.804 55.745 30.172 21.990 14.534 9.034 6.410 2.123 0.937 0.000 0.000 0.000 0.000 0.877 4.113 8.706 -999.250 -999.250 -999.250 -999.250 -999.250 -999.250 -999.250 -999.250 -999.250 -999.250 -999.250 -999.250 -999.250 -999.250 -999.250 -999.250 -999.250 -999.250 -999.250 -999.250
14.841 10.204 11.091 17.477 22.536 21.827 23.111 23.052 25.043 22.515 22.487 16.302 13.013 7.196 3.827 3.395 3.937 5.146 6.144 9.139 14.035 16.719 24.871 35.624 48.341 70.281 71.343 85.382 98.707 108.644 128.145 137.835 123.772 107.036 78.516 64.098 40.398 28.519 20.979 16.325 8.589 2.196 0.498 0.000 0.000 0.205 0.000 3.146 7.410 -999.250 -999.250 -999.250 -999.250 -999.250 -999.250 -999.250 -999.250 -999.250 -999.250 -999.250 -999.250 -999.250 -999.250 -999.250 -999.250 -999.250 -999.250 -999.250 -999.250
31.433 23.471 16.428 18.709 24.244 19.906 19.749 20.801 25.541 19.733 17.303 13.110 7.229 3.950 0.000 0.899 1.365 4.961 4.368 9.092 14.327 21.412 29.019 39.727 59.071 69.257 81.630 97.221 115.542 130.561 177.268 164.173 175.881 138.720 101.656 78.140 58.344 48.060 28.355 21.448 13.675 8.019 2.836 0.933 0.155 0.000 0.173 4.010 -999.250 -999.250 -999.250 -999.250 -999.250 -999.250 -999.250 -999.250 -999.250 -999.250 -999.250 -999.250 -999.250 -999.250 -999.250 -999.250 -999.250 -999.250 -999.250 -999.250 -999.250
51.752 33.379 25.974 27.122 24.101 21.484 21.588 19.561 19.119 15.347 17.334 10.174 8.135 3.806 2.759 2.108 3.030 4.017 4.300 8.174 14.173 22.338 26.191 41.794 63.267 68.262 82.938 96.373 129.855 140.430 159.103 177.772 199.908 159.761 121.440 94.894 75.950 58.821 37.669 30.701 16.467 9.240 6.417 3.251 0.000 0.000 0.000 2.786 -999.250 -999.250 -999.250 -999.250 -999.250 -999.250 -999.250 -999.250 -999.250 -999.250 -999.250 -999.250 -999.250 -999.250 -999.250 -999.250 -999.250 -999.250 -999.250 -999.250 -999.250
54.820 44.424 36.731 27.147 22.936 20.761 17.729 17.079 17.941 16.015 12.077 10.364 10.382 5.567 6.023 4.121 3.300 5.660 4.301 9.027 10.186 18.733 28.078 44.657 55.288 77.212 82.607 109.599 130.095 134.115 166.689 185.600 177.659 160.394 123.254 104.216 89.703 68.567 47.454 35.826 25.967 14.810 10.173 2.998 0.000 0.000 0.315 6.161 -999.250 -999.250 -999.250 -999.250 -999.250 -999.250 -999.250 -999.250 -999.250 -999.250 -999.250 -999.250 -999.250 -999.250 -999.250 -999.250 -999.250 -999.250 -999.250 -999.250 -999.250
51.504 45.102 41.377 29.779 22.528 20.266 17.344 17.706 18.477 12.415 12.681 12.308 11.096 6.836 6.868 5.660 3.724 3.819 2.825 8.565 8.569 14.790 19.514 41.805 58.261 67.509 83.338 102.341 104.138 132.876 142.660 162.679 160.099 149.279 130.542 120.491 92.246 72.752 59.826 37.701 30.895 17.644 13.056 3.775 2.284 0.000 2.295 -999.250 -999.250 -999.250 -999.250 -999.250 -999.250 -999.250 -999.250 -999.250 -999.250 -999.250 -999.250 -999.250 -999.250 -999.250 -999.250 -999.250 -999.250 -999.250 -999.250 -999.250 -999.250
49.010 45.583 39.073 28.955 19.472 17.203 15.108 14.173 14.448 12.675 12.812 15.247 14.817 13.829 9.098 8.835 4.808 3.980 2.442 7.615 8.768 13.781 18.397 30.674 47.055 59.545 72.630 87.850 89.451 112.192 123.629 128.624 139.073 140.603 137.095 107.202 91.690 76.538 58.929 40.431 29.841 20.028 12.746 6.744 2.821 1.085 6.253 -999.250 -999.250 -999.250 -999.250 -999.250 -999.250 -999.250 -999.250 -999.250 -999.250 -999.250 -999.250 -999.250 -999.250 -999.250 -999.250 -999.250 -999.250 -999.250 -999.250 -999.250 -999.250
47.360 41.591 30.592 27.560 18.994 16.755 12.792 11.744 13.101 10.525 11.674 18.203 19.163 19.659 14.047 10.424 8.104 6.387 5.207 5.116 6.124 7.374 10.875 20.721 37.677 43.751 56.160 69.767 82.800 85.325 95.411 102.641 127.259 127.072 109.375 99.196 96.151 68.019 59.006 35.491 23.624 18.783 12.024 6.065 4.609 4.678 -999.250 -999.250 -999.250 -999.250 -999.250 -999.250 -999.250 -999.250 -999.250 -999.250 -999.250 -999.250 -999.250 -999.250 -999.250 -999.250 -999.250 -999.250 -999.250 -999.250 -999.250 -999.250 -999.250
