data/medianmodel_27-Sep-2020.asc
ncols	141
nrows	288
xllcorner	-120191.398
yllcorner	-301404.813
cellsize	2000.000
NODATA_value	-999.250
[rows 120 to 149 of 288, columns 67 to 133 of 141]
10.801 9.763 8.953 9.590 9.152 6.698 9.578 11.101 5.567 10.468 8.343 9.501 16.083 15.214 14.582 16.933 15.722 15.703 16.154 18.956 20.815 19.705 21.790 21.467 21.092 24.837 24.902 25.952 29.013 33.347 37.711 38.800 41.922 46.919 50.693 51.798 54.951 53.487 51.194 58.971 54.004 52.673 49.661 55.573 47.900 46.858 -999.250 -999.250 -999.250 -999.250 -999.250 -999.250 -999.250 -999.250 -999.250 -999.250 -999.250 -999.250 -999.250 -999.250 -999.250 -999.250 -999.250 -999.250 -999.250 -999.250 -999.250
14.618 15.756 13.092 13.644 13.259 12.298 10.463 12.318 12.763 12.454 15.302 15.692 15.570 19.822 20.392 19.548 21.184 19.668 19.729 22.952 22.862 22.557 22.452 22.018 21.388 21.249 19.915 24.040 24.807 26.716 30.889 31.984 35.196 37.755 38.495 46.500 42.873 45.163 43.873 42.102 43.919 43.695 41.492 42.087 39.413 40.839 -999.250 -999.250 -999.250 -999.250 -999.250 -999.250 -999.250 -999.250 -999.250 -999.250 -999.250 -999.250 -999.250 -999.250 -999.250 -999.250 -999.250 -999.250 -999.250 -999.250 -999.250
19.905 19.469 18.266 19.988 16.920 13.601 13.753 13.857 14.117 15.187 16.288 19.613 21.612 25.519 23.941 23.591 21.460 20.771 21.695 25.849 23.164 24.712 19.825 19.797 21.911 19.497 19.945 23.249 19.306 24.888 23.787 24.766 27.831 28.761 31.190 32.110 31.769 38.504 32.007 34.965 35.982 34.439 38.278 39.152 33.577 34.301 -999.250 -999.250 -999.250 -999.250 -999.250 -999.250 -999.250 -999.250 -999.250 -999.250 -999.250 -999.250 -999.250 -999.250 -999.250 -999.250 -999.250 -999.250 -999.250 -999.250 -999.250
25.913 23.174 22.497 22.248 21.036 18.244 18.201 16.642 18.074 16.486 21.386 22.585 26.032 23.231 23.510 23.945 24.048 25.366 26.277 28.301 22.982 22.340 23.086 21.292 20.271 17.370 20.184 20.201 19.817 20.087 19.433 19.857 22.107 24.866 25.740 26.319 28.509 30.234 27.763 29.474 29.690 27.976 30.810 31.309 32.452 -999.250 -999.250 -999.250 -999.250 -999.250 -999.250 -999.250 -999.250 -999.250 -999.250 -999.250 -999.250 -999.250 -999.250 -999.250 -999.250 -999.250 -999.250 -999.250 -999.250 -999.250 -999.250
33.755 27.644 26.289 26.849 23.877 22.798 22.089 21.768 22.017 21.509 24.054 26.511 26.746 25.888 26.785 27.039 27.628 29.657 30.471 31.179 27.485 26.882 25.042 23.053 20.827 21.821 19.092 21.563 19.422 18.424 17.008 18.285 20.928 21.099 20.987 21.841 24.939 24.029 25.279 23.779 25.920 24.968 25.702 30.115 29.852 -999.250 -999.250 -999.250 -999.250 -999.250 -999.250 -999.250 -999.250 -999.250 -999.250 -999.250 -999.250 -999.250 -999.250 -999.250 -999.250 -999.250 -999.250 -999.250 -999.250 -999.250 -999.250
37.580 32.645 29.598 29.921 26.664 26.260 24.120 25.646 25.564 24.904 26.276 28.791 29.505 32.205 28.907 30.077 32.563 33.576 34.476 35.641 32.428 27.766 29.674 26.628 25.043 22.350 20.757 20.642 17.997 18.063 16.847 17.359 17.715 17.799 18.393 19.615 19.500 19.907 20.238 21.357 20.650 23.759 25.444 27.434 28.259 -999.250 -999.250 -999.250 -999.250 -999.250 -999.250 -999.250 -999.250 -999.250 -999.250 -999.250 -999.250 -999.250 -999.250 -999.250 -999.250 -999.250 -999.250 -999.250 -999.250 -999.250 -999.250
40.134 33.702 31.352 27.339 29.651 28.741 29.185 27.353 26.718 27.144 30.636 27.917 30.299 32.257 32.135 37.261 37.260 40.129 42.956 39.346 36.564 34.011 31.666 30.221 26.540 24.269 26.466 24.507 23.832 22.019 18.956 17.893 13.783 15.104 14.877 16.606 17.984 16.582 16.147 15.795 17.372 22.125 21.633 25.052 29.488 -999.250 -999.250 -999.250 -999.250 -999.250 -999.250 -999.250 -999.250 -999.250 -999.250 -999.250 -999.250 -999.250 -999.250 -999.250 -999.250 -999.250 -999.250 -999.250 -999.250 -999.250 -999.250
44.580 36.843 31.213 27.533 29.375 31.820 29.848 29.446 28.522 32.462 34.502 35.214 38.903 40.138 37.905 43.993 46.859 47.320 46.358 44.452 43.280 42.414 40.291 38.259 32.252 29.329 28.963 28.773 23.756 22.498 21.132 17.748 18.766 15.541 14.470 13.617 15.556 16.253 16.393 18.204 16.520 17.834 21.929 25.696 -999.250 -999.250 -999.250 -999.250 -999.250 -999.250 -999.250 -999.250 -999.250 -999.250 -999.250 -999.250 -999.250 -999.250 -999.250 -999.250 -999.250 -999.250 -999.250 -999.250 -999.250 -999.250 -999.250
45.712 39.975 34.380 30.213 28.282 27.328 31.784 33.522 36.110 35.272 36.331 39.657 42.987 46.423 48.882 48.200 54.544 51.756 51.065 54.857 52.905 53.860 50.465 44.934 40.892 39.997 35.965 34.680 28.759 25.337 26.706 24.206 16.771 16.383 15.110 13.373 14.292 17.847 15.736 16.479 17.239 18.570 24.136 -999.250 -999.250 -999.250 -999.250 -999.250 -999.250 -999.250 -999.250 -999.250 -999.250 -999.250 -999.250 -999.250 -999.250 -999.250 -999.250 -999.250 -999.250 -999.250 -999.250 -999.250 -999.250 -999.250 -999.250
47.367 38.434 33.680 28.909 25.129 27.995 29.115 35.017 41.709 41.171 41.214 45.959 46.707 52.734 53.498 53.381 59.540 62.183 64.265 68.375 61.036 60.560 58.202 51.779 51.322 47.347 40.181 39.107 42.974 36.427 28.912 24.603 19.803 16.801 14.733 15.789 14.360 15.799 17.825 15.155 16.950 18.299 -999.250 -999.250 -999.250 -999.250 -999.250 -999.250 -999.250 -999.250 -999.250 -999.250 -999.250 -999.250 -999.250 -999.250 -999.250 -999.250 -999.250 -999.250 -999.250 -999.250 -999.250 -999.250 -999.250 -999.250 -999.250
48.017 36.940 28.345 26.986 27.225 26.615 31.165 39.480 45.957 44.821 47.930 52.084 56.977 60.752 66.370 62.906 69.186 71.050 71.563 70.755 63.822 70.366 68.902 64.726 60.330 54.904 46.297 43.657 45.096 44.321 36.087 30.089 24.756 20.584 23.712 19.734 15.874 14.700 17.249 16.800 19.462 20.979 -999.250 -999.250 -999.250 -999.250 -999.250 -999.250 -999.250 -999.250 -999.250 -999.250 -999.250 -999.250 -999.250 -999.250 -999.250 -999.250 -999.250 -999.250 -999.250 -999.250 -999.250 -999.250 -999.250 -999.250 -999.250
39.342 27.970 23.860 24.607 25.764 27.683 33.513 40.761 50.584 56.462 61.507 64.928 69.929 73.073 74.106 72.282 78.860 76.874 78.206 78.123 74.403 76.693 76.981 67.318 68.288 64.228 57.273 58.157 52.711 49.494 40.285 32.657 31.543 30.085 24.289 22.490 19.325 17.280 19.642 18.648 20.694 23.586 -999.250 -999.250 -999.250 -999.250 -999.250 -999.250 -999.250 -999.250 -999.250 -999.250 -999.250 -999.250 -999.250 -999.250 -999.250 -999.250 -999.250 -999.250 -999.250 -999.250 -999.250 -999.250 -999.250 -999.250 -999.250
35.172 24.840 20.999 19.961 25.739 31.473 36.631 44.317 54.064 65.743 75.096 77.004 79.312 79.979 91.036 89.215 90.373 94.505 88.515 88.035 88.901 86.126 88.088 75.972 79.817 75.821 73.729 66.372 64.436 57.646 53.186 42.219 37.037 29.147 27.687 23.806 23.188 20.398 22.903 20.706 22.229 28.084 -999.250 -999.250 -999.250 -999.250 -999.250 -999.250 -999.250 -999.250 -999.250 -999.250 -999.250 -999.250 -999.250 -999.250 -999.250 -999.250 -999.250 -999.250 -999.250 -999.250 -999.250 -999.250 -999.250 -999.250 -999.250
37.427 25.415 13.702 23.191 25.875 34.368 41.422 53.607 59.987 75.548 92.804 99.213 96.421 96.074 96.636 98.218 100.260 103.735 98.824 96.373 97.539 98.248 92.698 90.884 88.638 88.386 81.659 75.621 68.762 62.230 55.333 51.900 43.644 35.827 27.723 27.194 25.088 24.521 23.416 24.744 26.862 -999.250 -999.250 -999.250 -999.250 -999.250 -999.250 -999.250 -999.250 -999.250 -999.250 -999.250 -999.250 -999.250 -999.250 -999.250 -999.250 -999.250 -999.250 -999.250 -999.250 -999.250 -999.250 -999.250 -999.250 -999.250 -999.250
40.703 29.917 27.041 27.706 31.118 39.600 47.588 61.057 69.038 87.537 99.020 106.090 125.111 110.599 110.289 112.509 103.136 104.526 110.683 104.600 99.099 104.177 103.618 100.853 102.055 106.431 94.057 93.276 82.767 72.368 67.974 61.238 48.757 44.247 37.725 31.933 30.313 26.930 26.417 28.947 31.250 -999.250 -999.250 -999.250 -999.250 -999.250 -999.250 -999.250 -999.250 -999.250 -999.250 -999.250 -999.250 -999.250 -999.250 -999.250 -999.250 -999.250 -999.250 -999.250 -999.250 -999.250 -999.250 -999.250 -999.250 -999.250 -999.250
53.522 43.638 43.753 37.281 37.582 45.713 52.974 69.513 76.611 93.798 106.516 123.068 136.833 132.206 125.831 118.011 117.009 104.503 112.476 106.434 105.266 105.660 103.679 109.100 112.604 110.043 98.801 95.133 86.846 80.810 73.046 66.074 60.862 54.674 43.898 39.968 34.784 31.287 28.168 27.610 36.121 -999.250 -999.250 -999.250 -999.250 -999.250 -999.250 -999.250 -999.250 -999.250 -999.250 -999.250 -999.250 -999.250 -999.250 -999.250 -999.250 -999.250 -999.250 -999.250 -999.250 -999.250 -999.250 -999.250 -999.250 -999.250 -999.250
63.664 60.563 51.884 50.569 50.233 53.598 59.787 70.947 86.740 101.305 113.601 137.031 159.033 138.717 125.895 117.188 109.211 108.973 125.322 113.846 114.830 121.754 120.690 121.400 110.770 115.499 103.051 104.074 91.326 92.587 83.041 75.413 68.730 56.012 55.569 48.165 42.075 33.877 35.274 31.312 35.402 -999.250 -999.250 -999.250 -999.250 -999.250 -999.250 -999.250 -999.250 -999.250 -999.250 -999.250 -999.250 -999.250 -999.250 -999.250 -999.250 -999.250 -999.250 -999.250 -999.250 -999.250 -999.250 -999.250 -999.250 -999.250 -999.250
78.426 71.562 65.794 65.683 65.691 61.504 66.520 75.164 83.195 96.509 107.053 125.364 140.673 128.061 127.262 111.208 112.100 121.888 123.143 121.138 130.547 127.659 122.512 128.453 117.819 114.948 115.095 111.751 101.276 87.119 80.248 76.903 69.343 73.739 57.515 49.549 43.586 37.661 35.204 35.758 -999.250 -999.250 -999.250 -999.250 -999.250 -999.250 -999.250 -999.250 -999.250 -999.250 -999.250 -999.250 -999.250 -999.250 -999.250 -999.250 -999.250 -999.250 -999.250 -999.250 -999.250 -999.250 -999.250 -999.250 -999.250 -999.250 -999.250
90.782 86.548 76.433 68.127 75.487 68.538 66.509 73.398 81.314 94.412 100.386 104.994 116.109 118.234 113.873 114.392 109.163 118.543 118.971 -999.250 -999.250 -999.250 -999.250 125.784 128.970 133.100 116.403 117.490 -999.250 -999.250 -999.250 -999.250 -999.250 -999.250 -999.250 -999.250 -999.250 -999.250 -999.250 -999.250 -999.250 -999.250 -999.250 -999.250 -999.250 -999.250 -999.250 -999.250 -999.250 -999.250 -999.250 -999.250 -999.250 -999.250 -999.250 -999.250 -999.250 -999.250 -999.250 -999.250 -999.250 -999.250 -999.250 -999.250 -999.250 -999.250 -999.250
107.412 99.279 90.048 81.846 70.415 72.220 69.873 73.983 76.374 84.326 88.218 91.794 100.567 99.822 102.406 99.059 105.732 121.412 132.628 -999.250 -999.250 -999.250 -999.250 -999.250 -999.250 -999.250 -999.250 -999.250 -999.250 -999.250 -999.250 -999.250 -999.250 -999.250 -999.250 -999.250 -999.250 -999.250 -999.250 -999.250 -999.250 -999.250 -999.250 -999.250 -999.250 -999.250 -999.250 -999.250 -999.250 -999.250 -999.250 -999.250 -999.250 -999.250 -999.250 -999.250 -999.250 -999.250 -999.250 -999.250 -999.250 -999.250 -999.250 -999.250 -999.250 -999.250 -999.250
111.457 103.708 92.737 78.864 79.184 77.041 69.795 67.905 70.177 73.772 74.786 79.509 87.802 89.829 91.249 96.260 109.529 118.577 128.724 -999.250 -999.250 -999.250 -999.250 -999.250 -999.250 -999.250 -999.250 -999.250 -999.250 -999.250 -999.250 -999.250 -999.250 -999.250 -999.250 -999.250 -999.250 -999.250 -999.250 -999.250 -999.250 -999.250 -999.250 -999.250 -999.250 -999.250 -999.250 -999.250 -999.250 -999.250 -999.250 -999.250 -999.250 -999.250 -999.250 -999.250 -999.250 -999.250 -999.250 -999.250 -999.250 -999.250 -999.250 -999.250 -999.250 -999.250 -999.250
117.062 103.551 94.247 80.402 76.911 72.147 66.019 67.982 60.821 61.785 61.221 68.513 65.136 69.324 74.627 87.882 99.852 122.902 128.531 147.043 -999.250 -999.250 -999.250 -999.250 -999.250 -999.250 -999.250 -999.250 -999.250 -999.250 -999.250 -999.250 -999.250 -999.250 -999.250 -999.250 -999.250 -999.250 -999.250 -999.250 -999.250 -999.250 -999.250 -999.250 -999.250 -999.250 -999.250 -999.250 -999.250 -999.250 -999.250 -999.250 -999.250 -999.250 -999.250 -999.250 -999.250 -999.250 -999.250 -999.250 -999.250 -999.250 -999.250 -999.250 -999.250 -999.250 -999.250
117.072 100.588 93.785 82.466 69.732 65.989 60.787 55.790 53.456 54.950 50.457 51.818 48.554 49.657 60.986 74.756 97.625 116.093 140.067 157.254 178.273 -999.250 -999.250 -999.250 -999.250 -999.250 -999.250 -999.250 -999.250 -999.250 -999.250 -999.250 -999.250 -999.250 -999.250 -999.250 -999.250 -999.250 -999.250 -999.250 -999.250 -999.250 -999.250 -999.250 -999.250 -999.250 -999.250 -999.250 -999.250 -999.250 -999.250 -999.250 -999.250 -999.250 -999.250 -999.250 -999.250 -999.250 -999.250 -999.250 -999.250 -999.250 -999.250 -999.250 -999.250 -999.250 -999.250
108.744 96.126 89.196 78.465 66.885 63.536 52.699 50.330 43.010 41.205 34.491 35.584 32.323 31.506 42.549 59.343 85.224 104.874 140.634 158.815 186.717 210.428 -999.250 -999.250 -999.250 -999.250 -999.250 -999.250 -999.250 -999.250 -999.250 -999.250 -999.250 -999.250 -999.250 -999.250 -999.250 -999.250 -999.250 -999.250 -999.250 -999.250 -999.250 -999.250 -999.250 -999.250 -999.250 -999.250 -999.250 -999.250 -999.250 -999.250 -999.250 -999.250 -999.250 -999.250 -999.250 -999.250 -999.250 -999.250 -999.250 -999.250 -999.250 -999.250 -999.250 -999.250 -999.250
94.793 89.948 81.360 68.746 60.480 53.258 46.128 35.496 31.886 25.447 23.944 21.755 18.584 15.309 22.417 45.400 79.631 114.073 147.192 168.315 184.135 230.133 -999.250 -999.250 -999.250 -999.250 -999.250 -999.250 -999.250 -999.250 -999.250 -999.250 -999.250 -999.250 -999.250 -999.250 -999.250 -999.250 -999.250 -999.250 -999.250 -999.250 -999.250 -999.250 -999.250 -999.250 -999.250 -999.250 -999.250 -999.250 -999.250 -999.250 -999.250 -999.250 -999.250 -999.250 -999.250 -999.250 -999.250 -999.250 -999.250 -999.250 -999.250 -999.250 -999.250 -999.250 -999.250
83.224 78.376 69.689 55.434 45.984 42.060 38.143 30.919 26.586 18.748 13.512 9.482 6.804 0.000 0.000 38.130 76.500 111.752 149.584 182.885 208.055 243.807 241.809 230.501 -999.250 -999.250 -999.250 -999.250 -999.250 -999.250 -999.250 -999.250 -999.250 -999.250 -999.250 -999.250 -999.250 -999.250 -999.250 -999.250 -999.250 -999.250 -999.250 -999.250 -999.250 -999.250 -999.250 -999.250 -999.250 -999.250 -999.250 -999.250 -999.250 -999.250 -999.250 -999.250 -999.250 -999.250 -999.250 -999.250 -999.250 -999.250 -999.250 -999.250 -999.250 -999.250 -999.250
68.225 56.783 53.353 46.025 36.220 31.794 28.027 23.424 18.138 13.492 8.337 4.546 1.828 5.796 15.179 41.686 84.615 125.952 154.736 181.833 221.636 238.289 243.028 264.440 273.707 -999.250 -999.250 -999.250 -999.250 -999.250 -999.250 -999.250 -999.250 -999.250 -999.250 -999.250 -999.250 -999.250 -999.250 -999.250 -999.250 -999.250 -999.250 -999.250 -999.250 -999.250 -999.250 -999.250 -999.250 -999.250 -999.250 -999.250 -999.250 -999.250 -999.250 -999.250 -999.250 -999.250 -999.250 -999.250 -999.250 -999.250 -999.250 -999.250 -999.250 -999.250 -999.250
50.147 44.891 36.564 34.005 25.918 21.953 20.486 16.211 11.844 7.380 4.230 3.636 5.482 15.818 28.402 56.820 92.326 124.199 164.123 193.668 223.300 260.481 270.957 300.748 283.288 -999.250 -999.250 -999.250 -999.250 -999.250 -999.250 -999.250 -999.250 -999.250 -999.250 -999.250 -999.250 -999.250 -999.250 -999.250 -999.250 -999.250 -999.250 -999.250 -999.250 -999.250 -999.250 -999.250 -999.250 -999.250 -999.250 -999.250 -999.250 -999.250 -999.250 -999.250 -999.250 -999.250 -999.250 -999.250 -999.250 -999.250 -999.250 -999.250 -999.250 -999.250 -999.250
35.208 32.579 30.647 25.072 20.737 15.933 12.944 10.756 8.860 7.111 5.420 6.516 12.572 22.123 39.964 62.974 93.650 135.752 161.192 191.091 201.077 242.635 277.421 342.583 292.635 237.970 203.006 169.023 -999.250 -999.250 -999.250 -999.250 -999.250 -999.250 -999.250 -999.250 -999.250 -999.250 -999.250 -999.250 -999.250 -999.250 -999.250 -999.250 -999.250 -999.250 -999.250 -999.250 -999.250 -999.250 -999.250 -999.250 -999.250 -999.250 -999.250 -999.250 -999.250 -999.250 -999.250 -999.250 -999.250 -999.250 -999.250 -999.250 -999.250 -999.250 -999.250
25.982 24.470 22.290 17.497 15.183 10.882 6.821 5.920 3.860 0.626 3.922 7.548 15.071 26.367 39.869 65.364 96.567 126.132 160.786 185.168 198.177 233.336 266.273 289.550 237.267 213.810 173.192 159.570 140.969 -999.250 -999.250 -999.250 -999.250 -999.250 -999.250 -999.250 -999.250 -999.250 -999.250 -999.250 -999.250 -999.250 -999.250 -999.250 -999.250 -999.250 -999.250 -999.250 -999.250 -999.250 -999.250 -999.250 -999.250 -999.250 -999.250 -999.250 -999.250 -999.250 -999.250 -999.250 -999.250 -999.250 -999.250 -999.250 -999.250 -999.250 -999.250
