data/medianmodel_13-Oct-2020.asc
ncols	141
nrows	288
xllcorner	-120191.398
yllcorner	-301404.813
cellsize	2000.000
NODATA_value	-999.250
[rows 210 to 239 of 288, columns 0 to 66 of 141]
-999.250 -999.250 -999.250 -999.250 -999.250 -999.250 -999.250 -999.250 -999.250 -999.250 -999.250 -999.250 -999.250 -999.250 -999.250 -999.250 -999.250 -999.250 -999.250 -999.250 -999.250 -999.250 -999.250 -999.250 -999.250 -999.250 -999.250 -999.250 -999.250 -999.250 -999.250 44.875 49.383 50.564 49.114 52.805 44.704 33.725 31.334 29.536 23.215 25.446 25.731 22.642 21.902 21.374 24.426 22.527 18.721 20.884 25.165 26.749 29.408 23.144 22.814 20.212 16.109 20.700 17.304 15.736 19.115 21.083 14.273 12.930 9.653 3.412 4.870
-999.250 -999.250 -999.250 -999.250 -999.250 -999.250 -999.250 -999.250 -999.250 -999.250 -999.250 -999.250 -999.250 -999.250 -999.250 -999.250 -999.250 -999.250 -999.250 -999.250 -999.250 -999.250 -999.250 -999.250 -999.250 -999.250 -999.250 -999.250 -999.250 -999.250 -999.250 42.717 45.916 46.344 40.465 38.847 37.184 33.156 30.306 31.446 23.128 23.737 26.089 22.983 22.689 25.080 24.138 23.182 22.463 19.951 22.505 23.236 30.002 22.833 23.047 22.299 16.448 20.560 21.228 18.456 19.678 16.399 15.416 12.846 9.622 0.000 5.415
-999.250 -999.250 -999.250 -999.250 -999.250 -999.250 -999.250 -999.250 -999.250 -999.250 -999.250 -999.250 -999.250 -999.250 -999.250 -999.250 -999.250 -999.250 -999.250 -999.250 -999.250 -999.250 -999.250 -999.250 -999.250 -999.250 -999.250 -999.250 -999.250 -999.250 -999.250 40.773 41.247 43.617 36.833 33.239 33.973 28.637 26.198 34.249 24.427 24.122 23.195 21.421 18.512 19.283 17.165 24.705 21.726 18.551 22.703 21.885 23.898 23.170 22.080 20.829 21.310 27.131 25.233 24.510 18.810 17.550 19.284 17.951 15.586 7.151 4.742
-999.250 -999.250 -999.250 -999.250 -999.250 -999.250 -999.250 -999.250 -999.250 -999.250 -999.250 -999.250 -999.250 -999.250 -999.250 -999.250 -999.250 -999.250 -999.250 -999.250 -999.250 -999.250 -999.250 -999.250 -999.250 -999.250 -999.250 -999.250 -999.250 -999.250 -999.250 39.074 40.851 36.890 34.619 31.622 28.281 28.498 26.997 23.457 23.546 21.445 19.004 21.237 17.791 18.025 21.876 21.554 21.813 20.633 15.801 21.004 24.483 25.536 23.659 25.189 27.829 25.698 24.889 25.709 25.647 25.169 21.104 24.148 18.007 15.261 9.892
-999.250 -999.250 -999.250 -999.250 -999.250 -999.250 -999.250 -999.250 -999.250 -999.250 -999.250 -999.250 -999.250 -999.250 -999.250 -999.250 -999.250 -999.250 -999.250 -999.250 -999.250 -999.250 -999.250 -999.250 -999.250 -999.250 -999.250 -999.250 -999.250 -999.250 -999.250 37.232 40.706 33.185 30.239 25.243 26.761 25.984 24.521 25.388 27.417 22.013 25.407 23.985 21.877 21.089 21.786 24.197 23.601 21.794 21.421 24.218 28.225 32.480 27.279 30.661 28.577 31.206 31.110 33.006 30.470 31.298 22.547 23.560 22.129 18.794 17.345
-999.250 -999.250 -999.250 -999.250 -999.250 -999.250 -999.250 -999.250 -999.250 -999.250 -999.250 -999.250 -999.250 -999.250 -999.250 -999.250 -999.250 -999.250 -999.250 -999.250 -999.250 -999.250 -999.250 -999.250 -999.250 -999.250 -999.250 -999.250 -999.250 -999.250 -999.250 33.045 36.304 36.097 24.580 24.249 22.087 23.761 25.784 27.454 23.973 27.881 23.227 22.712 26.067 24.466 23.568 20.441 22.363 21.686 24.623 27.350 27.470 32.228 32.203 34.033 32.049 33.148 36.734 36.397 32.563 32.381 31.930 29.236 26.932 25.574 21.540
-999.250 -999.250 -999.250 -999.250 -999.250 -999.250 -999.250 -999.250 -999.250 -999.250 -999.250 -999.250 -999.250 -999.250 -999.250 -999.250 -999.250 -999.250 -999.250 -999.250 -999.250 -999.250 -999.250 -999.250 -999.250 -999.250 -999.250 -999.250 -999.250 -999.250 -999.250 30.931 29.633 27.804 26.531 28.122 27.804 23.717 26.291 27.053 29.388 27.308 27.085 26.782 24.129 22.902 25.681 25.793 21.919 25.404 23.835 26.365 28.337 33.778 36.468 31.018 34.992 34.074 37.552 30.000 32.938 35.534 40.448 36.459 37.582 33.660 23.282
-999.250 -999.250 -999.250 -999.250 -999.250 -999.250 -999.250 -999.250 -999.250 -999.250 -999.250 -999.250 -999.250 -999.250 -999.250 -999.250 -999.250 -999.250 -999.250 -999.250 -999.250 -999.250 -999.250 -999.250 -999.250 -999.250 -999.250 -999.250 -999.250 -999.250 -999.250 28.451 27.834 28.471 25.760 28.102 28.377 29.781 29.917 34.577 30.936 27.721 26.068 26.681 22.771 20.634 26.847 29.792 24.808 29.756 27.911 26.333 27.683 34.890 35.501 34.339 38.613 36.953 36.385 32.750 31.785 35.382 37.386 41.303 38.536 40.371 28.800
-999.250 -999.250 -999.250 -999.250 -999.250 -999.250 -999.250 -999.250 -999.250 -999.250 -999.250 -999.250 -999.250 -999.250 -999.250 -999.250 -999.250 -999.250 -999.250 -999.250 -999.250 -999.250 -999.250 -999.250 -999.250 -999.250 -999.250 -999.250 -999.250 -999.250 -999.250 31.067 26.611 24.056 28.500 33.044 31.987 28.630 28.867 30.391 32.157 25.122 27.289 29.458 23.012 24.485 34.014 37.745 33.338 31.878 33.370 30.889 31.513 33.394 37.207 38.844 32.481 39.287 33.721 39.097 36.483 33.303 39.713 43.369 40.779 33.382 23.824
-999.250 -999.250 -999.250 -999.250 -999.250 -999.250 -999.250 -999.250 -999.250 -999.250 -999.250 -999.250 -999.250 -999.250 -999.250 -999.250 -999.250 -999.250 -999.250 -999.250 -999.250 -999.250 -999.250 -999.250 -999.250 -999.250 -999.250 -999.250 -999.250 -999.250 -999.250 29.082 26.682 21.229 22.966 27.491 30.506 26.909 29.599 28.497 31.114 34.155 31.938 28.274 33.658 30.549 29.811 34.958 33.840 32.487 32.632 36.671 32.197 33.629 33.392 40.020 35.265 36.474 32.703 35.669 35.561 42.944 37.503 38.937 37.182 35.438 25.423
-999.250 -999.250 -999.250 -999.250 -999.250 -999.250 -999.250 -999.250 -999.250 -999.250 -999.250 -999.250 -999.250 -999.250 -999.250 -999.250 -999.250 -999.250 -999.250 -999.250 -999.250 -999.250 -999.250 -999.250 -999.250 -999.250 -999.250 -999.250 -999.250 -999.250 -999.250 27.501 22.559 20.345 24.630 22.445 21.784 25.426 35.064 30.940 32.263 31.153 34.906 32.315 29.295 31.334 27.230 35.168 27.660 29.376 36.170 33.564 31.694 34.472 30.412 29.946 29.583 29.114 33.693 38.313 37.801 48.260 37.644 35.961 32.813 33.703 20.894
-999.250 -999.250 -999.250 -999.250 -999.250 -999.250 -999.250 -999.250 -999.250 -999.250 -999.250 -999.250 -999.250 -999.250 -999.250 -999.250 -999.250 -999.250 -999.250 -999.250 -999.250 -999.250 -999.250 -999.250 -999.250 -999.250 -999.250 -999.250 -999.250 -999.250 -999.250 26.998 25.090 23.377 24.417 27.852 21.033 27.501 27.605 25.920 29.931 29.749 31.182 30.190 30.215 28.099 27.736 24.908 32.815 32.494 35.518 33.950 32.402 32.101 32.163 31.479 29.998 29.907 30.422 41.912 34.374 35.828 38.072 37.351 30.942 28.901 22.990
-999.250 -999.250 -999.250 -999.250 -999.250 -999.250 -999.250 -999.250 -999.250 -999.250 -999.250 -999.250 -999.250 -999.250 -999.250 -999.250 -999.250 -999.250 -999.250 -999.250 -999.250 -999.250 -999.250 -999.250 -999.250 -999.250 -999.250 -999.250 -999.250 -999.250 -999.250 29.594 23.378 22.538 27.632 25.909 23.389 24.731 25.600 30.566 29.515 29.198 25.278 30.277 31.148 29.857 27.980 29.909 31.393 34.249 31.777 29.929 30.101 28.219 29.705 31.590 34.689 33.826 38.471 36.294 34.588 37.643 39.524 39.608 33.725 31.214 23.735
-999.250 -999.250 -999.250 -999.250 -999.250 -999.250 -999.250 -999.250 -999.250 -999.250 -999.250 -999.250 -999.250 -999.250 -999.250 -999.250 -999.250 -999.250 -999.250 -999.250 -999.250 -999.250 -999.250 -999.250 -999.250 -999.250 -999.250 -999.250 -999.250 -999.250 25.080 17.500 22.032 22.726 23.854 27.144 26.467 26.909 24.719 31.064 27.214 24.741 33.155 29.417 30.996 25.437 35.581 33.626 29.238 31.108 26.403 25.340 27.631 27.842 36.673 32.531 39.816 32.065 35.973 43.348 37.714 35.561 36.396 34.148 37.146 31.363 29.495
-999.250 -999.250 -999.250 -999.250 -999.250 -999.250 -999.250 -999.250 -999.250 -999.250 -999.250 -999.250 -999.250 -999.250 -999.250 -999.250 -999.250 -999.250 -999.250 -999.250 -999.250 -999.250 -999.250 -999.250 -999.250 -999.250 -999.250 -999.250 -999.250 -999.250 20.583 24.681 18.793 18.798 16.718 26.283 25.923 27.388 30.002 29.526 26.903 27.987 25.420 25.679 31.564 32.719 30.087 29.710 27.090 34.438 31.407 26.637 30.203 34.063 31.206 33.249 36.435 39.512 35.604 37.504 32.528 33.596 33.800 32.367 29.245 33.792 42.004
-999.250 -999.250 -999.250 -999.250 -999.250 -999.250 -999.250 -999.250 -999.250 -999.250 -999.250 -999.250 -999.250 -999.250 -999.250 -999.250 -999.250 -999.250 -999.250 -999.250 -999.250 -999.250 -999.250 -999.250 -999.250 -999.250 -999.250 -999.250 -999.250 -999.250 19.874 21.345 21.517 19.449 21.649 23.908 25.521 25.959 25.373 30.117 26.606 29.361 26.879 24.529 25.104 24.325 26.989 25.376 28.396 28.363 28.651 24.188 25.308 35.241 38.087 36.807 36.119 34.679 32.657 33.036 30.397 33.555 31.905 28.688 34.361 41.615 50.568
-999.250 -999.250 -999.250 -999.250 -999.250 -999.250 -999.250 -999.250 -999.250 -999.250 -999.250 -999.250 -999.250 -999.250 -999.250 -999.250 -999.250 -999.250 -999.250 -999.250 -999.250 -999.250 -999.250 -999.250 -999.250 -999.250 -999.250 -999.250 -999.250 -999.250 15.686 15.163 18.305 16.551 16.363 18.969 17.761 21.509 24.277 27.369 25.554 28.569 20.977 24.258 22.257 26.283 29.348 26.600 28.160 30.223 28.749 26.827 27.815 29.630 42.215 32.743 38.466 33.074 31.893 37.179 33.291 32.141 28.646 34.311 35.654 54.848 63.911
-999.250 -999.250 -999.250 -999.250 -999.250 -999.250 -999.250 -999.250 -999.250 -999.250 -999.250 -999.250 -999.250 -999.250 -999.250 -999.250 -999.250 -999.250 -999.250 -999.250 -999.250 -999.250 -999.250 -999.250 -999.250 -999.250 -999.250 -999.250 -999.250 15.468 15.715 13.921 16.032 15.525 14.409 13.321 18.207 19.585 24.172 28.326 27.630 23.065 21.847 18.865 25.542 20.016 27.419 28.340 26.694 28.553 27.861 25.309 26.382 30.906 34.156 30.792 35.140 38.241 35.494 33.860 34.038 35.735 33.200 41.564 41.695 59.080 67.147
-999.250 -999.250 -999.250 -999.250 -999.250 -999.250 -999.250 -999.250 -999.250 -999.250 -999.250 -999.250 -999.250 -999.250 -999.250 -999.250 -999.250 -999.250 -999.250 -999.250 -999.250 -999.250 -999.250 -999.250 -999.250 -999.250 -999.250 -999.250 -999.250 14.065 15.094 10.554 12.344 14.619 15.329 12.165 13.561 15.660 19.477 19.979 22.375 25.010 23.415 18.017 19.192 27.593 24.296 26.265 28.216 27.714 25.018 25.776 22.934 30.971 30.546 30.463 34.340 34.692 35.077 29.598 30.566 30.585 44.445 43.992 54.207 60.590 71.156
-999.250 -999.250 -999.250 -999.250 -999.250 -999.250 -999.250 -999.250 -999.250 -999.250 -999.250 -999.250 -999.250 -999.250 -999.250 -999.250 -999.250 -999.250 -999.250 -999.250 -999.250 -999.250 -999.250 -999.250 -999.250 -999.250 -999.250 -999.250 15.358 9.823 11.132 10.305 9.095 9.456 8.757 8.014 6.947 10.750 15.003 14.561 23.115 19.627 23.267 22.347 17.328 22.820 18.635 21.442 23.342 25.371 28.455 23.263 28.171 30.238 28.574 31.349 32.427 31.677 28.157 25.094 27.957 31.723 40.645 43.760 59.307 69.006 85.121
-999.250 -999.250 -999.250 -999.250 -999.250 -999.250 -999.250 -999.250 -999.250 -999.250 -999.250 -999.250 -999.250 -999.250 -999.250 -999.250 -999.250 -999.250 -999.250 -999.250 -999.250 -999.250 -999.250 -999.250 -999.250 -999.250 -999.250 -999.250 17.688 17.387 11.053 9.873 9.195 7.754 9.076 6.415 6.658 8.803 12.820 12.693 17.568 21.731 19.271 21.796 18.292 16.781 19.072 23.593 25.477 25.926 27.641 28.404 27.228 25.421 26.707 23.558 31.615 27.209 30.538 28.320 28.948 33.583 37.699 48.099 50.327 66.968 82.561
-999.250 -999.250 -999.250 -999.250 -999.250 -999.250 -999.250 -999.250 -999.250 -999.250 -999.250 -999.250 -999.250 -999.250 -999.250 -999.250 -999.250 -999.250 -999.250 -999.250 -999.250 -999.250 -999.250 -999.250 -999.250 -999.250 -999.250 21.528 18.138 14.457 10.091 8.349 8.264 8.335 8.435 6.540 8.703 8.398 10.009 13.086 13.948 18.572 24.141 21.334 21.112 21.297 23.556 23.100 24.301 24.953 26.790 25.385 20.624 21.424 25.884 26.491 28.558 24.665 23.012 21.636 26.010 28.658 40.102 40.687 46.934 57.764 66.780
-999.250 -999.250 -999.250 -999.250 -999.250 -999.250 -999.250 -999.250 -999.250 -999.250 -999.250 -999.250 -999.250 -999.250 -999.250 -999.250 -999.250 -999.250 -999.250 -999.250 -999.250 -999.250 -999.250 -999.250 -999.250 -999.250 -999.250 20.116 19.384 15.520 9.923 7.291 4.870 12.833 11.085 10.441 12.051 7.927 9.765 9.679 12.714 16.375 16.740 23.896 20.199 23.824 22.484 26.242 28.520 29.032 23.087 26.904 25.886 22.751 30.426 28.693 23.920 23.423 18.790 19.351 23.997 25.558 33.326 36.385 46.523 58.401 68.523
-999.250 -999.250 -999.250 -999.250 -999.250 -999.250 -999.250 -999.250 -999.250 -999.250 -999.250 -999.250 -999.250 -999.250 -999.250 -999.250 -999.250 -999.250 -999.250 -999.250 -999.250 -999.250 -999.250 -999.250 -999.250 -999.250 -999.250 -999.250 16.127 13.040 12.364 8.205 6.480 13.498 9.034 11.213 13.517 13.479 14.070 13.783 14.763 17.199 19.825 23.749 26.562 26.928 25.042 31.007 26.631 24.042 22.248 26.128 23.382 20.342 19.564 21.691 20.719 21.252 18.520 17.949 18.456 23.042 27.268 31.598 38.299 44.012 57.617
-999.250 -999.250 -999.250 -999.250 -999.250 -999.250 -999.250 -999.250 -999.250 -999.250 -999.250 -999.250 -999.250 -999.250 -999.250 -999.250 -999.250 -999.250 -999.250 -999.250 -999.250 -999.250 -999.250 -999.250 -999.250 -999.250 -999.250 -999.250 -999.250 -999.250 12.060 7.875 8.414 11.078 12.394 14.139 13.943 16.413 16.593 16.857 15.777 21.852 21.002 24.099 22.489 24.429 22.985 27.002 28.328 26.622 21.645 27.150 22.338 20.739 21.561 18.392 17.095 17.765 18.291 15.154 13.995 18.150 19.588 27.471 42.689 48.760 50.281
-999.250 -999.250 -999.250 -999.250 -999.250 -999.250 -999.250 -999.250 -999.250 -999.250 -999.250 -999.250 -999.250 -999.250 -999.250 -999.250 -999.250 -999.250 -999.250 -999.250 -999.250 -999.250 -999.250 -999.250 -999.250 -999.250 -999.250 -999.250 -999.250 -999.250 10.581 14.961 9.962 11.215 12.917 12.973 15.354 16.975 17.089 18.005 21.804 20.763 23.784 24.754 26.992 26.028 25.347 26.405 25.437 28.284 24.822 24.199 25.535 21.250 17.933 14.036 14.312 9.603 8.160 5.715 7.623 17.649 21.443 24.960 34.939 37.164 45.604
-999.250 -999.250 -999.250 -999.250 -999.250 -999.250 -999.250 -999.250 -999.250 -999.250 -999.250 -999.250 -999.250 -999.250 -999.250 -999.250 -999.250 -999.250 -999.250 -999.250 -999.250 -999.250 -999.250 -999.250 -999.250 -999.250 -999.250 -999.250 -999.250 -999.250 12.597 13.850 16.985 13.181 14.237 17.559 15.406 15.273 21.013 23.113 24.235 22.077 24.615 27.383 28.407 34.324 29.726 25.815 24.186 26.630 29.555 26.088 24.539 19.121 15.324 14.202 10.699 6.905 1.126 0.000 6.413 12.168 16.554 23.593 32.014 37.292 51.181
-999.250 -999.250 -999.250 -999.250 -999.250 -999.250 -999.250 -999.250 -999.250 -999.250 -999.250 -999.250 -999.250 -999.250 -999.250 -999.250 -999.250 -999.250 -999.250 -999.250 -999.250 -999.250 -999.250 -999.250 -999.250 -999.250 -999.250 -999.250 -999.250 -999.250 -999.250 14.198 15.327 14.091 17.610 20.022 16.338 14.840 22.065 21.495 24.314 24.610 27.548 28.554 27.302 34.667 32.676 33.999 26.324 28.779 28.475 26.515 23.597 19.964 13.066 13.543 11.435 7.895 0.000 0.000 4.550 11.935 14.126 25.517 28.381 38.434 46.228
-999.250 -999.250 -999.250 -999.250 -999.250 -999.250 -999.250 -999.250 -999.250 -999.250 -999.250 -999.250 -999.250 -999.250 -999.250 -999.250 -999.250 -999.250 -999.250 -999.250 -999.250 -999.250 -999.250 -999.250 -999.250 -999.250 -999.250 -999.250 -999.250 -999.250 21.700 18.763 18.715 16.658 18.139 17.477 20.018 18.908 24.756 29.098 31.179 28.570 25.600 31.929 34.257 43.197 40.866 29.707 28.921 22.993 27.687 24.238 22.859 19.779 15.659 16.763 13.200 7.294 2.838 1.320 2.162 8.259 11.970 23.337 27.255 34.898 48.446
-999.250 -999.250 -999.250 -999.250 -999.250 -999.250 -999.250 -999.250 -999.250 -999.250 -999.250 -999.250 -999.250 -999.250 -999.250 -999.250 -999.250 -999.250 -999.250 -999.250 -999.250 -999.250 -999.250 -999.250 -999.250 -999.250 -999.250 -999.250 -999.250 -999.250 -999.250 21.471 20.813 21.018 21.092 21.895 23.718 27.250 28.363 28.304 31.055 35.120 32.302 36.828 45.116 37.381 40.197 32.888 28.051 25.993 22.873 21.243 18.666 15.034 15.706 10.850 7.952 4.346 3.026 3.698 5.325 8.039 16.599 20.441 27.196 31.423 38.280
