data/medianmodel_19-Sep-2020.asc
ncols	141
nrows	288
xllcorner	-120191.398
yllcorner	-301404.813
cellsize	2000.000
NODATA_value	-999.250
[rows 60 to 89 of 288, columns 68 to 135 of 141]
0.000 0.000 0.000 0.000 0.000 0.000 0.000 0.000 2.221 12.835 18.589 24.022 26.913 32.270 37.669 54.285 65.282 74.474 75.457 74.406 58.805 35.248 16.677 3.318 0.000 0.000 0.000 0.000 3.889 8.330 12.371 19.764 26.713 39.131 53.520 69.758 87.462 110.893 136.571 162.726 179.037 191.124 202.574 226.957 234.380 253.617 248.503 239.867 -999.250 -999.250 -999.250 -999.250 -999.250 -999.250 -999.250 -999.250 -999.250 -999.250 -999.250 -999.250 -999.250 -999.250 -999.250 -999.250 -999.250 -999.250 -999.250 -999.250
0.000 0.000 0.000 0.000 0.000 0.000 0.000 0.000 8.663 16.435 26.757 34.222 43.263 52.580 66.452 81.490 100.895 117.867 122.240 110.550 92.524 63.827 37.133 16.569 6.160 6.612 4.606 13.673 18.257 22.197 26.289 35.636 45.127 58.157 71.253 87.028 109.625 133.713 156.532 171.665 185.403 192.967 204.952 231.511 232.519 244.635 247.118 -999.250 -999.250 -999.250 -999.250 -999.250 -999.250 -999.250 -999.250 -999.250 -999.250 -999.250 -999.250 -999.250 -999.250 -999.250 -999.250 -999.250 -999.250 -999.250 -999.250 -999.250
0.000 0.000 0.000 0.000 0.000 0.000 0.000 0.317 11.705 21.952 34.746 48.958 63.855 77.502 95.221 127.931 162.355 170.434 187.344 175.848 153.233 109.322 72.682 39.655 24.274 22.067 23.024 27.406 33.108 35.868 44.610 54.471 64.399 70.597 89.280 110.907 131.703 155.434 177.648 180.463 205.152 228.390 -999.250 -999.250 -999.250 -999.250 -999.250 -999.250 -999.250 -999.250 -999.250 -999.250 -999.250 -999.250 -999.250 -999.250 -999.250 -999.250 -999.250 -999.250 -999.250 -999.250 -999.250 -999.250 -999.250 -999.250 -999.250 -999.250
0.000 0.000 0.000 0.000 0.000 0.000 0.000 4.328 16.076 27.879 53.942 71.324 86.912 111.702 133.525 176.285 235.424 256.777 266.290 281.187 236.009 170.282 134.053 77.190 61.519 55.683 50.718 56.274 57.229 59.947 67.044 70.427 78.819 90.403 112.834 127.419 157.974 179.656 213.286 229.547 244.133 254.870 256.983 -999.250 -999.250 -999.250 -999.250 -999.250 -999.250 -999.250 -999.250 -999.250 -999.250 -999.250 -999.250 -999.250 -999.250 -999.250 -999.250 -999.250 -999.250 -999.250 -999.250 -999.250 -999.250 -999.250 -999.250 -999.250
0.000 0.000 0.000 0.000 0.000 0.000 0.206 8.821 20.064 40.736 70.858 100.597 130.773 157.829 210.973 248.647 315.815 306.994 373.880 356.334 300.749 250.312 223.187 149.662 107.904 83.465 78.648 76.158 75.236 87.203 84.966 86.666 96.033 108.876 127.775 145.507 181.629 181.306 225.851 227.523 250.609 249.131 270.406 271.132 -999.250 -999.250 -999.250 -999.250 -999.250 -999.250 -999.250 -999.250 -999.250 -999.250 -999.250 -999.250 -999.250 -999.250 -999.250 -999.250 -999.250 -999.250 -999.250 -999.250 -999.250 -999.250 -999.250 -999.250
0.000 0.000 0.000 0.000 0.000 0.000 5.785 18.261 34.099 58.941 84.738 127.564 161.983 218.980 270.791 350.802 441.670 522.017 619.477 523.492 437.208 360.395 245.421 229.077 171.946 130.069 109.486 89.856 89.002 95.300 100.452 97.817 113.982 116.592 138.726 152.694 188.302 199.476 220.290 261.202 299.644 290.678 304.404 288.543 -999.250 -999.250 -999.250 -999.250 -999.250 -999.250 -999.250 -999.250 -999.250 -999.250 -999.250 -999.250 -999.250 -999.250 -999.250 -999.250 -999.250 -999.250 -999.250 -999.250 -999.250 -999.250 -999.250 -999.250
0.678 0.660 0.420 0.000 0.000 0.000 7.437 18.359 39.405 73.273 108.874 163.664 242.755 275.958 343.830 473.458 599.351 802.696 833.645 785.678 746.563 521.773 372.820 268.156 193.090 162.402 140.713 115.433 108.936 99.393 102.783 109.074 119.446 119.428 136.978 161.668 176.526 224.822 241.303 283.619 318.490 405.138 388.747 362.227 320.073 -999.250 -999.250 -999.250 -999.250 -999.250 -999.250 -999.250 -999.250 -999.250 -999.250 -999.250 -999.250 -999.250 -999.250 -999.250 -999.250 -999.250 -999.250 -999.250 -999.250 -999.250 -999.250 -999.250
6.419 9.421 5.018 0.000 0.000 0.000 8.463 22.147 45.269 77.528 132.160 184.748 246.528 302.370 509.702 603.536 791.883 853.235 1027.946 1027.352 927.783 740.830 548.883 375.759 270.896 207.024 146.621 127.651 116.585 111.707 105.149 110.033 115.950 130.205 151.092 166.615 179.918 235.008 259.008 285.072 404.164 501.433 433.733 372.978 336.477 305.109 -999.250 -999.250 -999.250 -999.250 -999.250 -999.250 -999.250 -999.250 -999.250 -999.250 -999.250 -999.250 -999.250 -999.250 -999.250 -999.250 -999.250 -999.250 -999.250 -999.250 -999.250 -999.250
12.616 21.703 8.965 0.000 0.000 0.000 2.854 18.546 41.915 82.754 143.125 207.988 276.392 356.588 543.868 677.237 969.434 1097.580 1170.489 1229.458 1151.869 940.792 667.056 489.165 311.021 217.103 155.206 145.259 126.247 112.352 108.700 111.294 113.839 131.055 149.329 167.193 203.479 236.774 253.386 300.382 338.029 380.569 374.545 392.337 323.626 321.957 -999.250 -999.250 -999.250 -999.250 -999.250 -999.250 -999.250 -999.250 -999.250 -999.250 -999.250 -999.250 -999.250 -999.250 -999.250 -999.250 -999.250 -999.250 -999.250 -999.250 -999.250 -999.250
11.552 11.829 8.161 0.004 0.000 0.000 0.000 14.497 38.414 78.739 154.019 230.162 302.309 405.963 560.710 937.964 1077.777 1237.530 1304.892 1343.224 1275.328 994.811 806.038 465.890 282.822 226.057 176.905 143.479 122.282 110.448 110.319 97.197 113.676 115.644 136.946 159.109 180.526 220.569 245.978 276.891 281.092 311.629 318.191 311.784 287.721 287.694 -999.250 -999.250 -999.250 -999.250 -999.250 -999.250 -999.250 -999.250 -999.250 -999.250 -999.250 -999.250 -999.250 -999.250 -999.250 -999.250 -999.250 -999.250 -999.250 -999.250 -999.250 -999.250
9.186 6.873 2.849 0.000 0.000 0.000 0.000 0.000 22.998 77.910 144.816 215.279 325.701 399.920 672.686 930.307 1157.605 1274.845 1353.573 1426.983 1290.818 984.866 888.916 438.403 317.820 246.117 174.083 138.707 120.673 106.517 105.952 100.497 104.217 115.225 130.720 150.726 171.674 178.086 223.878 253.630 273.677 274.346 276.647 272.138 259.273 278.385 298.852 273.185 -999.250 -999.250 -999.250 -999.250 -999.250 -999.250 -999.250 -999.250 -999.250 -999.250 -999.250 -999.250 -999.250 -999.250 -999.250 -999.250 -999.250 -999.250 -999.250 -999.250
6.833 4.690 1.759 0.000 0.000 0.000 0.000 0.000 0.000 62.446 134.859 224.349 276.582 415.633 648.737 882.001 1051.774 1109.252 1223.271 1265.721 1026.857 756.043 760.627 554.718 327.634 235.807 161.637 120.176 100.740 91.513 87.993 90.051 87.650 92.731 112.939 134.739 157.707 163.162 193.605 222.190 232.913 249.580 235.700 258.168 255.016 284.907 270.137 259.222 -999.250 -999.250 -999.250 -999.250 -999.250 -999.250 -999.250 -999.250 -999.250 -999.250 -999.250 -999.250 -999.250 -999.250 -999.250 -999.250 -999.250 -999.250 -999.250 -999.250
3.664 0.215 0.000 0.000 0.000 0.000 0.000 0.000 17.048 66.150 125.314 186.150 242.308 367.776 596.216 732.414 789.818 925.318 918.873 968.847 743.181 585.191 468.223 360.779 256.881 193.807 130.505 96.203 75.735 65.747 64.648 65.283 69.505 77.891 86.654 109.260 122.353 155.536 164.247 183.113 217.850 241.107 244.236 239.358 277.799 248.975 259.699 -999.250 -999.250 -999.250 -999.250 -999.250 -999.250 -999.250 -999.250 -999.250 -999.250 -999.250 -999.250 -999.250 -999.250 -999.250 -999.250 -999.250 -999.250 -999.250 -999.250 -999.250
1.897 0.753 0.042 0.000 0.000 0.000 0.000 3.884 24.032 62.622 108.366 165.420 251.723 325.309 457.397 503.095 601.661 597.257 685.215 586.074 686.626 386.799 380.427 268.508 178.533 130.437 85.837 64.316 47.297 37.453 38.560 40.727 49.306 58.109 66.311 83.966 94.176 113.596 140.916 149.022 176.633 198.923 212.702 237.434 228.721 240.830 235.885 -999.250 -999.250 -999.250 -999.250 -999.250 -999.250 -999.250 -999.250 -999.250 -999.250 -999.250 -999.250 -999.250 -999.250 -999.250 -999.250 -999.250 -999.250 -999.250 -999.250 -999.250
3.152 0.129 0.000 0.000 0.000 0.000 0.000 8.617 27.372 59.632 97.329 151.939 219.792 257.987 294.811 382.299 410.208 449.004 417.562 511.930 468.449 301.718 240.423 178.852 97.880 62.639 38.068 24.306 21.862 20.995 24.578 26.196 30.964 35.176 42.437 41.758 62.671 79.992 99.254 132.330 165.033 175.330 220.726 219.267 197.458 227.385 240.831 -999.250 -999.250 -999.250 -999.250 -999.250 -999.250 -999.250 -999.250 -999.250 -999.250 -999.250 -999.250 -999.250 -999.250 -999.250 -999.250 -999.250 -999.250 -999.250 -999.250 -999.250
1.647 2.104 1.933 0.801 0.000 0.000 0.200 11.405 24.115 54.965 84.296 118.082 162.297 185.664 234.315 252.643 303.391 333.341 359.334 325.524 330.235 240.191 169.857 89.197 0.000 4.575 6.283 5.433 4.743 4.636 6.384 13.102 18.830 18.158 17.873 20.210 23.499 49.927 75.777 100.037 121.175 133.952 173.964 198.460 198.467 223.863 180.386 -999.250 -999.250 -999.250 -999.250 -999.250 -999.250 -999.250 -999.250 -999.250 -999.250 -999.250 -999.250 -999.250 -999.250 -999.250 -999.250 -999.250 -999.250 -999.250 -999.250 -999.250
6.294 7.843 7.647 3.108 4.185 1.094 2.468 8.290 20.170 42.742 65.537 86.416 121.159 157.930 178.856 196.550 239.933 279.450 254.315 247.257 211.193 167.006 111.577 48.309 2.142 0.000 0.000 0.000 0.000 0.000 0.000 1.648 5.522 7.291 6.945 8.533 13.665 29.049 53.514 79.961 102.136 121.283 135.627 159.335 167.682 164.190 165.142 -999.250 -999.250 -999.250 -999.250 -999.250 -999.250 -999.250 -999.250 -999.250 -999.250 -999.250 -999.250 -999.250 -999.250 -999.250 -999.250 -999.250 -999.250 -999.250 -999.250 -999.250
10.620 10.267 8.356 9.216 5.572 5.661 1.436 5.407 16.195 34.542 42.574 65.750 83.572 109.998 141.306 144.204 160.818 179.717 167.510 158.350 138.231 116.688 68.412 29.731 4.522 0.000 0.000 0.000 0.000 0.000 0.000 0.000 0.000 0.000 0.000 0.000 9.207 18.277 33.493 56.379 75.674 94.936 112.016 137.599 156.259 160.547 143.267 -999.250 -999.250 -999.250 -999.250 -999.250 -999.250 -999.250 -999.250 -999.250 -999.250 -999.250 -999.250 -999.250 -999.250 -999.250 -999.250 -999.250 -999.250 -999.250 -999.250 -999.250
16.672 16.543 17.695 15.960 11.651 7.564 3.020 0.000 6.069 17.656 28.711 42.749 60.090 78.542 95.176 111.009 117.131 123.858 120.890 107.411 91.942 70.709 40.586 13.019 0.000 0.000 0.000 0.000 0.000 0.000 0.000 0.000 0.000 0.000 0.000 0.000 0.000 8.500 19.312 37.170 58.148 82.766 101.052 120.894 127.572 132.024 128.763 -999.250 -999.250 -999.250 -999.250 -999.250 -999.250 -999.250 -999.250 -999.250 -999.250 -999.250 -999.250 -999.250 -999.250 -999.250 -999.250 -999.250 -999.250 -999.250 -999.250 -999.250
24.135 22.603 22.437 22.134 18.055 9.310 6.123 0.487 1.135 7.920 18.171 32.910 42.642 56.845 69.180 78.506 77.834 75.754 74.886 71.029 61.341 39.262 20.784 7.577 0.000 0.000 0.000 0.000 0.000 0.000 0.000 0.000 0.000 0.000 0.000 0.000 0.000 0.741 11.998 24.811 40.203 66.114 78.562 92.412 110.412 108.726 109.826 -999.250 -999.250 -999.250 -999.250 -999.250 -999.250 -999.250 -999.250 -999.250 -999.250 -999.250 -999.250 -999.250 -999.250 -999.250 -999.250 -999.250 -999.250 -999.250 -999.250 -999.250
36.226 34.560 35.335 32.858 23.449 19.667 10.914 4.780 2.651 7.406 14.164 21.031 30.561 34.469 43.687 48.234 49.627 49.128 43.635 38.202 33.983 21.654 11.610 3.561 0.000 0.000 0.000 0.000 0.000 0.000 0.000 0.000 0.000 0.000 0.000 0.000 0.000 0.000 9.754 18.607 29.140 44.257 59.563 75.039 89.059 83.286 84.146 86.394 -999.250 -999.250 -999.250 -999.250 -999.250 -999.250 -999.250 -999.250 -999.250 -999.250 -999.250 -999.250 -999.250 -999.250 -999.250 -999.250 -999.250 -999.250 -999.250 -999.250
50.905 55.701 48.504 38.352 32.561 21.500 17.254 8.730 7.937 8.608 14.055 16.243 17.362 22.150 25.796 24.767 25.707 24.893 22.305 19.499 14.084 8.288 4.004 0.000 0.000 0.000 0.000 0.000 0.000 0.000 0.000 0.000 0.000 0.000 0.000 0.000 0.000 0.000 4.074 11.283 18.804 32.926 37.618 52.203 63.453 67.800 69.658 69.309 -999.250 -999.250 -999.250 -999.250 -999.250 -999.250 -999.250 -999.250 -999.250 -999.250 -999.250 -999.250 -999.250 -999.250 -999.250 -999.250 -999.250 -999.250 -999.250 -999.250
64.498 76.093 59.908 44.125 32.550 24.931 17.882 13.372 9.881 8.354 10.499 10.469 10.297 12.123 14.623 15.389 14.966 13.908 12.684 9.063 6.425 0.000 0.000 0.000 0.000 0.000 0.000 0.000 0.000 0.000 0.000 0.000 0.000 0.000 0.000 0.000 0.000 0.000 0.000 5.004 11.592 21.190 25.438 35.648 39.789 50.910 48.068 47.935 -999.250 -999.250 -999.250 -999.250 -999.250 -999.250 -999.250 -999.250 -999.250 -999.250 -999.250 -999.250 -999.250 -999.250 -999.250 -999.250 -999.250 -999.250 -999.250 -999.250
64.659 68.311 56.954 40.753 32.512 25.525 20.699 16.217 11.512 8.236 7.765 7.120 8.864 7.575 8.929 6.809 4.846 3.980 3.800 1.344 0.000 0.000 0.000 0.000 0.000 0.000 0.000 0.000 0.000 0.000 0.000 0.000 0.000 0.000 0.000 0.000 0.000 0.000 0.000 1.965 8.284 11.851 16.878 19.809 24.191 29.768 28.615 31.131 -999.250 -999.250 -999.250 -999.250 -999.250 -999.250 -999.250 -999.250 -999.250 -999.250 -999.250 -999.250 -999.250 -999.250 -999.250 -999.250 -999.250 -999.250 -999.250 -999.250
64.322 62.677 51.195 42.571 32.025 24.941 20.000 16.516 12.296 8.830 7.424 5.506 5.470 4.759 1.986 0.763 0.000 0.000 0.000 0.000 0.000 0.000 0.000 0.000 0.000 0.000 0.000 0.000 0.000 0.000 0.000 0.000 0.000 0.000 0.000 0.000 0.000 0.000 0.000 0.000 0.000 4.843 7.230 10.765 11.819 14.233 17.153 -999.250 -999.250 -999.250 -999.250 -999.250 -999.250 -999.250 -999.250 -999.250 -999.250 -999.250 -999.250 -999.250 -999.250 -999.250 -999.250 -999.250 -999.250 -999.250 -999.250 -999.250
62.431 58.031 50.197 46.301 33.643 29.234 21.922 18.699 16.207 9.620 7.741 5.692 4.625 2.483 1.020 0.000 0.000 0.000 0.000 0.000 0.000 0.000 0.000 0.000 0.000 0.000 0.000 0.000 0.000 0.000 0.000 0.000 0.000 0.000 0.000 0.000 0.000 0.000 0.000 0.000 0.000 0.000 0.432 1.628 4.556 6.472 7.777 -999.250 -999.250 -999.250 -999.250 -999.250 -999.250 -999.250 -999.250 -999.250 -999.250 -999.250 -999.250 -999.250 -999.250 -999.250 -999.250 -999.250 -999.250 -999.250 -999.250 -999.250
63.337 59.294 56.151 48.318 41.271 32.255 23.378 19.352 15.472 13.575 10.291 7.313 5.499 1.200 2.046 0.000 0.000 0.000 0.000 0.000 0.000 0.000 0.000 0.000 0.000 0.000 0.000 0.000 0.000 0.000 0.000 0.000 0.000 0.000 0.000 0.000 0.000 0.000 0.000 0.000 0.000 0.000 0.000 0.000 0.000 0.000 -999.250 -999.250 -999.250 -999.250 -999.250 -999.250 -999.250 -999.250 -999.250 -999.250 -999.250 -999.250 -999.250 -999.250 -999.250 -999.250 -999.250 -999.250 -999.250 -999.250 -999.250 -999.250
62.499 62.895 60.387 59.771 52.865 41.977 31.257 22.568 17.423 11.847 12.552 12.226 10.126 6.787 4.681 1.393 1.313 0.000 0.000 0.000 0.000 0.000 0.000 0.000 0.000 0.000 0.000 0.000 3.529 8.503 4.022 0.000 0.000 0.000 0.000 0.000 0.000 0.000 0.000 0.000 0.000 0.000 0.000 0.000 0.000 0.000 -999.250 -999.250 -999.250 -999.250 -999.250 -999.250 -999.250 -999.250 -999.250 -999.250 -999.250 -999.250 -999.250 -999.250 -999.250 -999.250 -999.250 -999.250 -999.250 -999.250 -999.250 -999.250
63.525 63.349 68.176 65.397 59.226 46.577 33.722 22.523 19.986 18.719 16.612 15.379 13.701 14.311 10.503 7.996 1.623 0.000 0.000 0.000 0.000 0.000 0.000 0.000 0.000 0.000 0.000 0.000 8.187 20.529 8.559 0.000 0.000 0.000 0.000 0.000 0.000 0.000 0.000 0.000 0.000 0.000 0.000 0.000 0.000 0.000 0.000 0.000 -999.250 -999.250 -999.250 -999.250 -999.250 -999.250 -999.250 -999.250 -999.250 -999.250 -999.250 -999.250 -999.250 -999.250 -999.250 -999.250 -999.250 -999.250 -999.250 -999.250
60.894 64.053 70.378 77.077 61.042 44.140 35.681 27.976 22.453 20.728 21.523 18.235 18.113 19.240 16.720 11.946 4.510 0.000 0.000 0.000 0.000 0.000 0.000 0.000 0.000 0.000 0.000 0.000 5.509 9.830 6.235 1.322 0.000 0.000 0.000 0.000 0.000 0.000 0.000 0.000 0.000 0.000 0.000 0.000 0.000 0.000 0.000 0.000 -999.250 -999.250 -999.250 -999.250 -999.250 -999.250 -999.250 -999.250 -999.250 -999.250 -999.250 -999.250 -999.250 -999.250 -999.250 -999.250 -999.250 -999.250 -999.250 -999.250
