data/medianmodel_31-Mar-2020.asc
ncols	141
nrows	288
xllcorner	-120191.398
yllcorner	-301404.813
cellsize	2000.000
NODATA_value	-999.250
[rows 240 to 269 of 288, columns 0 to 68 of 141]
-999.250 -999.250 -999.250 -999.250 -999.250 -999.250 -999.250 -999.250 -999.250 -999.250 -999.250 -999.250 -999.250 -999.250 -999.250 -999.250 -999.250 -999.250 -999.250 -999.250 -999.250 -999.250 -999.250 -999.250 -999.250 -999.250 -999.250 -999.250 -999.250 -999.250 16.744 18.789 19.917 18.947 21.432 18.033 17.912 22.595 17.278 15.786 16.245 15.973 18.781 15.479 17.683 18.348 18.022 17.623 14.814 15.611 13.854 11.481 10.941 9.199 9.639 9.817 9.617 8.424 7.819 7.823 7.248 6.347 7.039 8.005 11.076 11.867 13.674 13.037 13.414
-999.250 -999.250 -999.250 -999.250 -999.250 -999.250 -999.250 -999.250 -999.250 -999.250 -999.250 -999.250 -999.250 -999.250 -999.250 -999.250 -999.250 -999.250 -999.250 -999.250 -999.250 -999.250 -999.250 -999.250 -999.250 -999.250 -999.250 -999.250 -999.250 -999.250 15.887 19.036 20.740 18.364 17.707 17.884 18.414 19.936 18.242 17.416 16.442 16.966 16.630 18.542 17.665 18.262 15.885 16.510 14.849 14.753 13.835 13.020 12.995 10.558 7.809 9.921 9.074 5.900 7.029 3.814 5.951 5.051 8.337 7.748 9.803 11.117 12.992 14.584 15.704
-999.250 -999.250 -999.250 -999.250 -999.250 -999.250 -999.250 -999.250 -999.250 -999.250 -999.250 -999.250 -999.250 -999.250 -999.250 -999.250 -999.250 -999.250 -999.250 -999.250 -999.250 -999.250 -999.250 -999.250 -999.250 -999.250 -999.250 -999.250 -999.250 -999.250 16.986 18.257 17.554 18.946 19.254 18.347 19.045 14.813 18.783 15.527 16.936 16.224 19.289 15.570 15.420 16.268 14.745 14.512 17.226 15.585 13.313 12.435 9.051 7.510 5.874 9.591 9.512 8.161 5.500 5.197 5.164 6.809 8.078 9.485 8.885 9.761 10.734 13.545 15.923
-999.250 -999.250 -999.250 -999.250 -999.250 -999.250 -999.250 -999.250 -999.250 -999.250 -999.250 -999.250 -999.250 -999.250 -999.250 -999.250 -999.250 -999.250 -999.250 -999.250 -999.250 -999.250 -999.250 -999.250 -999.250 -999.250 -999.250 -999.250 -999.250 -999.250 19.630 15.766 15.654 16.333 17.230 17.348 17.566 15.112 15.711 15.271 16.142 17.340 14.206 17.458 16.417 14.961 12.997 15.213 15.665 12.882 12.423 9.468 9.538 6.487 6.693 7.343 7.676 6.063 5.101 5.145 3.285 5.095 5.240 9.362 10.059 11.084 11.204 13.704 16.543
-999.250 -999.250 -999.250 -999.250 -999.250 -999.250 -999.250 -999.250 -999.250 -999.250 -999.250 -999.250 -999.250 -999.250 -999.250 -999.250 -999.250 -999.250 -999.250 -999.250 -999.250 -999.250 -999.250 -999.250 -999.250 -999.250 -999.250 -999.250 -999.250 -999.250 15.989 14.798 14.191 16.066 16.534 16.714 15.155 12.730 15.124 15.575 15.506 16.400 15.590 16.327 13.874 12.506 14.137 14.569 14.479 11.438 10.607 8.674 8.926 8.528 7.889 6.703 5.932 7.940 6.116 3.409 2.072 3.166 5.481 6.906 10.045 10.797 12.271 14.180 16.125
-999.250 -999.250 -999.250 -999.250 -999.250 -999.250 -999.250 -999.250 -999.250 -999.250 -999.250 -999.250 -999.250 -999.250 -999.250 -999.250 -999.250 -999.250 -999.250 -999.250 -999.250 -999.250 -999.250 -999.250 -999.250 -999.250 -999.250 -999.250 -999.250 -999.250 -999.250 15.635 17.982 14.184 16.929 15.946 14.018 16.572 17.601 16.119 18.497 16.290 15.387 13.518 13.650 10.953 11.231 16.167 11.735 12.108 9.714 11.293 9.624 6.765 8.082 7.538 7.903 2.425 4.016 3.512 1.235 0.000 6.523 5.510 10.702 13.354 13.364 13.770 15.820
-999.250 -999.250 -999.250 -999.250 -999.250 -999.250 -999.250 -999.250 -999.250 -999.250 -999.250 -999.250 -999.250 -999.250 -999.250 -999.250 -999.250 -999.250 -999.250 -999.250 -999.250 -999.250 -999.250 -999.250 -999.250 -999.250 -999.250 -999.250 -999.250 -999.250 -999.250 15.472 14.242 17.116 14.092 14.404 15.396 14.220 17.178 16.338 15.362 14.108 14.542 16.305 13.922 13.341 12.023 12.419 12.627 10.677 9.789 8.204 8.034 7.167 6.399 5.939 5.357 3.554 4.994 3.948 3.041 2.664 6.010 8.956 11.108 13.895 12.798 10.362 14.378
-999.250 -999.250 -999.250 -999.250 -999.250 -999.250 -999.250 -999.250 -999.250 -999.250 -999.250 -999.250 -999.250 -999.250 -999.250 -999.250 -999.250 -999.250 -999.250 -999.250 -999.250 -999.250 -999.250 -999.250 -999.250 -999.250 -999.250 -999.250 -999.250 -999.250 12.373 15.284 13.761 13.050 14.646 10.837 13.075 11.934 13.654 14.134 13.514 14.969 14.262 15.722 14.949 11.536 12.195 12.231 11.043 12.030 9.885 7.651 8.860 8.097 6.483 7.288 4.972 5.877 5.308 5.002 5.551 6.306 7.577 9.590 10.560 12.846 13.120 12.856 12.653
-999.250 -999.250 -999.250 -999.250 -999.250 -999.250 -999.250 -999.250 -999.250 -999.250 -999.250 -999.250 -999.250 -999.250 -999.250 -999.250 -999.250 -999.250 -999.250 -999.250 -999.250 -999.250 -999.250 -999.250 -999.250 -999.250 -999.250 -999.250 -999.250 -999.250 10.545 14.013 13.545 13.636 12.337 10.988 13.673 15.164 12.269 13.070 12.608 13.202 14.691 14.480 12.908 12.979 14.162 14.356 14.724 14.041 10.450 9.259 7.383 5.646 5.115 3.302 3.155 4.127 4.453 4.122 5.211 9.693 9.207 9.558 10.514 12.705 15.658 13.804 14.123
-999.250 -999.250 -999.250 -999.250 -999.250 -999.250 -999.250 -999.250 -999.250 -999.250 -999.250 -999.250 -999.250 -999.250 -999.250 -999.250 -999.250 -999.250 -999.250 -999.250 -999.250 -999.250 -999.250 -999.250 -999.250 -999.250 -999.250 -999.250 -999.250 -999.250 9.422 11.735 10.522 11.820 10.833 9.752 11.961 11.064 12.391 9.509 12.098 13.898 14.058 15.981 14.043 14.094 14.443 17.574 15.251 12.135 11.120 10.304 8.401 6.191 3.099 0.000 2.574 5.206 5.495 6.412 7.988 8.217 8.817 10.681 10.612 11.658 12.622 14.831 16.303
-999.250 -999.250 -999.250 -999.250 -999.250 -999.250 -999.250 -999.250 -999.250 -999.250 -999.250 -999.250 -999.250 -999.250 -999.250 -999.250 -999.250 -999.250 -999.250 -999.250 -999.250 -999.250 -999.250 -999.250 -999.250 -999.250 -999.250 -999.250 -999.250 -999.250 9.437 12.005 11.885 12.244 11.113 11.063 9.455 10.875 8.362 9.568 8.048 11.119 12.715 13.406 14.495 13.728 15.143 15.190 13.411 14.522 10.560 10.275 8.396 8.297 3.436 1.686 4.492 6.966 8.058 7.850 9.303 9.030 9.171 12.922 10.686 10.260 11.416 16.033 15.559
-999.250 -999.250 -999.250 -999.250 -999.250 -999.250 -999.250 -999.250 -999.250 -999.250 -999.250 -999.250 -999.250 -999.250 -999.250 -999.250 -999.250 -999.250 -999.250 -999.250 -999.250 -999.250 -999.250 -999.250 -999.250 -999.250 -999.250 -999.250 -999.250 -999.250 10.191 11.406 11.529 12.210 10.363 9.137 8.247 11.124 7.723 4.046 7.617 8.788 10.494 11.536 14.067 11.938 13.934 13.312 12.007 13.200 12.975 11.761 10.009 7.568 6.906 5.309 7.068 8.824 7.369 8.820 8.338 7.418 10.950 10.087 11.268 12.408 13.118 14.999 14.488
-999.250 -999.250 -999.250 -999.250 -999.250 -999.250 -999.250 -999.250 -999.250 -999.250 -999.250 -999.250 -999.250 -999.250 -999.250 -999.250 -999.250 -999.250 -999.250 -999.250 -999.250 -999.250 -999.250 -999.250 -999.250 -999.250 -999.250 -999.250 -999.250 6.380 6.698 10.228 10.341 13.710 14.132 10.106 8.055 10.570 8.951 7.503 8.867 9.878 9.927 11.391 12.578 11.677 14.110 13.027 11.551 15.374 13.417 12.448 10.254 7.451 7.684 7.337 8.269 8.378 10.133 10.213 7.161 7.158 9.904 10.445 12.326 12.329 12.517 13.992 16.399
-999.250 -999.250 -999.250 -999.250 -999.250 -999.250 -999.250 -999.250 -999.250 -999.250 -999.250 -999.250 -999.250 -999.250 -999.250 -999.250 -999.250 -999.250 -999.250 -999.250 -999.250 -999.250 -999.250 -999.250 -999.250 -999.250 -999.250 -999.250 -999.250 -999.250 7.296 11.850 13.805 12.444 12.357 10.233 9.569 11.155 10.715 10.448 8.839 10.299 9.245 11.038 11.673 11.664 12.663 13.631 11.932 15.266 12.632 11.090 10.983 9.507 9.368 10.131 10.643 11.067 10.808 11.015 9.865 10.515 9.587 10.761 11.827 11.182 13.281 15.861 18.453
-999.250 -999.250 -999.250 -999.250 -999.250 -999.250 -999.250 -999.250 -999.250 -999.250 -999.250 -999.250 -999.250 -999.250 -999.250 -999.250 -999.250 -999.250 -999.250 -999.250 -999.250 -999.250 -999.250 -999.250 -999.250 -999.250 -999.250 -999.250 -999.250 -999.250 10.348 14.343 13.757 11.942 13.218 9.092 10.143 9.290 10.982 8.516 9.025 8.975 8.576 11.038 11.159 11.786 11.451 11.205 12.322 13.158 12.859 11.209 11.693 11.533 11.212 9.628 10.869 9.970 11.996 12.075 11.049 11.832 12.666 12.460 11.392 12.464 14.781 15.348 15.095
-999.250 -999.250 -999.250 -999.250 -999.250 -999.250 -999.250 -999.250 -999.250 -999.250 -999.250 -999.250 -999.250 -999.250 -999.250 -999.250 -999.250 -999.250 -999.250 -999.250 -999.250 -999.250 -999.250 -999.250 -999.250 -999.250 -999.250 -999.250 -999.250 -999.250 -999.250 13.500 12.459 12.509 10.521 8.167 9.947 9.021 9.076 8.925 10.276 10.008 9.597 9.423 9.691 9.518 10.331 9.929 13.058 14.201 11.605 12.983 11.642 14.153 13.793 12.461 7.924 10.590 12.143 13.830 12.105 14.195 14.091 11.648 13.397 16.082 13.127 17.644 15.711
-999.250 -999.250 -999.250 -999.250 -999.250 -999.250 -999.250 -999.250 -999.250 -999.250 -999.250 -999.250 -999.250 -999.250 -999.250 -999.250 -999.250 -999.250 -999.250 -999.250 -999.250 -999.250 -999.250 -999.250 -999.250 -999.250 -999.250 -999.250 -999.250 -999.250 -999.250 14.469 11.034 10.328 9.380 9.188 9.747 8.435 9.642 9.455 7.961 8.726 9.314 10.515 10.376 9.053 9.980 12.915 14.480 13.041 11.398 12.161 14.043 14.474 12.204 12.470 12.912 11.323 12.825 15.532 15.779 14.190 15.036 14.271 15.349 14.855 13.889 16.910 16.777
-999.250 -999.250 -999.250 -999.250 -999.250 -999.250 -999.250 -999.250 -999.250 -999.250 -999.250 -999.250 -999.250 -999.250 -999.250 -999.250 -999.250 -999.250 -999.250 -999.250 -999.250 -999.250 -999.250 -999.250 -999.250 -999.250 -999.250 -999.250 -999.250 -999.250 10.971 12.860 9.695 10.506 9.904 9.472 9.199 9.343 7.090 5.769 8.343 10.315 11.065 10.592 10.610 8.768 10.407 12.562 10.639 11.160 10.296 11.761 14.744 13.428 11.453 11.873 11.681 10.175 12.358 14.939 13.825 14.064 14.906 16.126 14.870 18.423 17.909 19.086 16.554
-999.250 -999.250 -999.250 -999.250 -999.250 -999.250 -999.250 -999.250 -999.250 -999.250 -999.250 -999.250 -999.250 -999.250 -999.250 -999.250 -999.250 -999.250 -999.250 -999.250 -999.250 -999.250 -999.250 -999.250 -999.250 -999.250 -999.250 -999.250 -999.250 -999.250 8.926 10.105 9.636 6.402 10.272 8.928 11.624 11.223 9.326 6.775 9.771 10.946 10.882 12.066 9.512 11.502 11.553 8.874 11.116 9.543 10.761 12.120 11.513 13.089 14.002 13.670 12.982 11.061 13.298 14.858 17.483 16.846 16.943 17.883 17.347 18.776 19.614 20.599 17.061
-999.250 -999.250 -999.250 -999.250 -999.250 -999.250 -999.250 -999.250 -999.250 -999.250 -999.250 -999.250 -999.250 -999.250 -999.250 -999.250 -999.250 -999.250 -999.250 -999.250 -999.250 -999.250 -999.250 -999.250 -999.250 -999.250 -999.250 -999.250 -999.250 -999.250 8.810 9.544 9.857 10.115 8.699 9.890 10.558 11.698 7.253 7.255 9.730 10.508 9.476 12.672 10.758 9.206 9.379 9.698 11.141 10.731 11.258 12.653 11.635 11.107 13.954 14.079 13.183 11.794 13.854 15.992 19.080 22.043 21.483 15.888 19.048 17.341 16.084 18.071 19.484
-999.250 -999.250 -999.250 -999.250 -999.250 -999.250 -999.250 -999.250 -999.250 -999.250 -999.250 -999.250 -999.250 -999.250 -999.250 -999.250 -999.250 -999.250 -999.250 -999.250 -999.250 -999.250 -999.250 -999.250 -999.250 -999.250 -999.250 -999.250 -999.250 -999.250 7.521 10.857 9.737 8.264 9.357 9.564 7.777 8.737 9.229 8.419 9.575 9.200 8.668 11.072 11.434 9.060 6.882 7.009 10.238 11.862 11.952 13.193 11.315 11.203 11.187 14.584 17.055 15.721 15.521 17.180 21.016 22.274 20.833 23.111 20.203 17.426 14.783 18.169 18.586
-999.250 -999.250 -999.250 -999.250 -999.250 -999.250 -999.250 -999.250 -999.250 -999.250 -999.250 -999.250 -999.250 -999.250 -999.250 -999.250 -999.250 -999.250 -999.250 -999.250 -999.250 -999.250 -999.250 -999.250 -999.250 -999.250 -999.250 -999.250 -999.250 -999.250 7.331 9.457 10.166 8.746 9.737 9.652 8.498 9.375 10.325 10.701 9.445 7.963 9.029 8.776 8.352 8.349 7.409 8.102 9.179 10.536 11.687 10.136 13.834 13.009 10.755 16.578 15.375 14.581 17.536 18.291 21.834 21.029 21.911 22.638 21.136 21.562 20.343 19.122 16.816
-999.250 -999.250 -999.250 -999.250 -999.250 -999.250 -999.250 -999.250 -999.250 -999.250 -999.250 -999.250 -999.250 -999.250 -999.250 -999.250 -999.250 -999.250 -999.250 -999.250 -999.250 -999.250 -999.250 -999.250 -999.250 -999.250 -999.250 -999.250 -999.250 -999.250 5.915 8.434 8.782 10.756 8.721 8.232 7.545 8.282 8.554 9.120 8.660 7.702 7.442 10.787 8.153 7.662 8.977 8.721 9.949 8.997 10.340 11.201 12.042 12.835 12.106 13.831 13.656 16.061 19.695 17.034 20.264 19.853 19.107 21.262 20.724 20.537 22.572 19.582 19.195
-999.250 -999.250 -999.250 -999.250 -999.250 -999.250 -999.250 -999.250 -999.250 -999.250 -999.250 -999.250 -999.250 -999.250 -999.250 -999.250 -999.250 -999.250 -999.250 -999.250 -999.250 -999.250 -999.250 -999.250 -999.250 -999.250 -999.250 -999.250 -999.250 5.426 5.555 7.138 8.700 6.725 8.298 8.959 9.234 11.607 9.419 11.756 7.900 9.489 7.912 11.623 11.569 9.351 10.537 10.290 9.597 9.771 10.667 12.483 10.731 13.779 15.392 13.619 12.806 17.679 19.629 21.299 23.007 23.695 20.134 20.740 22.521 20.562 17.140 16.346 18.300
-999.250 -999.250 -999.250 -999.250 -999.250 -999.250 -999.250 -999.250 -999.250 -999.250 -999.250 -999.250 -999.250 -999.250 -999.250 -999.250 -999.250 -999.250 -999.250 -999.250 -999.250 -999.250 -999.250 -999.250 -999.250 -999.250 -999.250 -999.250 -999.250 5.696 4.922 6.382 7.709 8.958 8.626 11.774 9.365 10.673 8.546 10.176 9.285 8.706 7.146 8.688 10.355 9.826 10.924 9.505 8.739 8.680 11.329 10.178 10.575 10.004 13.877 15.980 16.260 19.615 23.760 22.096 23.334 23.037 21.486 20.262 22.256 19.613 20.440 18.721 21.846
-999.250 -999.250 -999.250 -999.250 -999.250 -999.250 -999.250 -999.250 -999.250 -999.250 -999.250 -999.250 -999.250 -999.250 -999.250 -999.250 -999.250 -999.250 -999.250 -999.250 -999.250 -999.250 -999.250 -999.250 -999.250 -999.250 -999.250 -999.250 3.129 2.703 4.522 7.216 8.692 6.705 9.359 9.848 10.341 10.258 8.346 6.392 7.013 8.933 8.514 8.111 8.749 9.803 10.073 8.991 9.641 8.699 9.858 10.738 10.916 11.346 14.336 17.190 19.517 19.912 21.669 22.403 21.856 17.806 21.628 19.221 19.085 19.891 24.167 20.030 21.214
-999.250 -999.250 -999.250 -999.250 -999.250 -999.250 -999.250 -999.250 -999.250 -999.250 -999.250 -999.250 -999.250 -999.250 -999.250 -999.250 -999.250 -999.250 -999.250 -999.250 -999.250 -999.250 -999.250 -999.250 -999.250 -999.250 -999.250 -999.250 3.795 4.865 7.037 7.717 8.520 8.043 9.320 12.350 13.311 12.254 8.088 5.960 4.003 3.942 6.406 7.064 8.765 8.471 8.977 8.892 10.714 11.482 13.819 13.085 14.536 15.174 16.178 18.605 17.624 17.854 20.441 18.645 19.242 21.849 17.768 18.696 22.408 22.145 20.807 18.981 19.186
-999.250 -999.250 -999.250 -999.250 -999.250 -999.250 -999.250 -999.250 -999.250 -999.250 -999.250 -999.250 -999.250 -999.250 -999.250 -999.250 -999.250 -999.250 -999.250 -999.250 -999.250 -999.250 -999.250 -999.250 -999.250 -999.250 -999.250 2.768 2.695 4.068 1.891 3.229 8.256 11.677 9.983 13.334 13.600 13.328 9.434 5.228 0.000 4.147 6.262 7.865 8.732 9.855 9.038 11.227 12.102 12.128 13.653 14.720 14.111 14.945 16.024 21.261 15.651 19.055 19.537 21.224 21.357 19.351 22.978 18.689 22.556 21.234 20.545 18.450 18.518
-999.250 -999.250 -999.250 -999.250 -999.250 -999.250 -999.250 -999.250 -999.250 -999.250 -999.250 -999.250 -999.250 -999.250 -999.250 -999.250 -999.250 -999.250 -999.250 -999.250 -999.250 -999.250 -999.250 -999.250 -999.250 -999.250 -999.250 4.806 3.363 2.625 0.000 3.316 4.306 9.526 9.594 10.818 14.508 14.046 8.530 7.736 7.082 8.213 8.521 9.215 9.268 10.984 9.355 11.445 10.513 11.526 13.631 12.898 14.882 16.287 16.239 20.876 18.935 17.523 19.857 22.546 23.058 21.042 22.807 19.923 21.566 24.001 21.285 18.613 19.100
-999.250 -999.250 -999.250 -999.250 -999.250 -999.250 -999.250 -999.250 -999.250 -999.250 -999.250 -999.250 -999.250 -999.250 -999.250 -999.250 -999.250 -999.250 -999.250 -999.250 -999.250 -999.250 -999.250 -999.250 -999.250 -999.250 -999.250 4.428 4.839 3.884 5.212 6.843 7.964 8.046 11.890 14.327 15.506 13.345 11.869 11.962 9.688 11.809 12.514 12.240 13.409 13.537 12.934 11.116 10.699 10.517 13.665 14.570 16.075 16.496 22.222 22.245 20.372 22.312 19.126 26.840 27.208 26.558 26.776 20.617 20.429 23.723 22.742 19.607 18.349
