data/medianmodel_09-Sep-2020.asc
ncols	141
nrows	288
xllcorner	-120191.398
yllcorner	-301404.813
cellsize	2000.000
NODATA_value	-999.250
[rows 93 to 123 of 288, columns 0 to 68 of 141]
-999.250 -999.250 -999.250 -999.250 -999.250 -999.250 -999.250 -999.250 -999.250 -999.250 -999.250 -999.250 -999.250 -999.250 -999.250 -999.250 -999.250 -999.250 -999.250 -999.250 -999.250 -999.250 -999.250 -999.250 -999.250 -999.250 -999.250 -999.250 -999.250 -999.250 -999.250 3.028 0.183 0.000 0.994 1.900 3.962 7.278 9.878 11.737 12.427 13.916 14.583 15.108 18.065 18.213 25.680 20.905 18.440 17.243 16.305 15.231 16.117 14.124 14.006 14.794 17.382 19.732 25.888 25.933 25.093 22.581 17.193 14.463 10.643 5.507 1.093 3.290 4.450
-999.250 -999.250 -999.250 -999.250 -999.250 -999.250 -999.250 -999.250 -999.250 -999.250 -999.250 -999.250 -999.250 -999.250 -999.250 -999.250 -999.250 -999.250 -999.250 -999.250 -999.250 -999.250 -999.250 -999.250 -999.250 -999.250 -999.250 -999.250 -999.250 -999.250 -999.250 0.815 0.241 2.201 3.998 5.470 8.423 12.131 15.129 17.069 17.513 17.998 17.923 17.080 15.892 15.189 17.783 18.438 17.618 17.098 19.587 16.842 15.224 15.910 15.719 17.172 16.482 21.442 29.689 33.828 31.811 27.067 18.091 15.192 10.415 3.007 0.000 0.000 1.138
-999.250 -999.250 -999.250 -999.250 -999.250 -999.250 -999.250 -999.250 -999.250 -999.250 -999.250 -999.250 -999.250 -999.250 -999.250 -999.250 -999.250 -999.250 -999.250 -999.250 -999.250 -999.250 -999.250 -999.250 -999.250 -999.250 -999.250 -999.250 -999.250 -999.250 -999.250 1.516 2.496 4.987 8.452 9.008 13.196 18.221 22.687 25.047 26.689 23.949 19.606 16.839 14.839 12.105 11.764 12.018 15.358 17.001 18.874 18.667 17.790 16.089 15.831 16.527 16.733 22.238 34.573 39.813 38.956 28.213 22.095 13.879 7.739 0.556 0.000 0.000 0.000
-999.250 -999.250 -999.250 -999.250 -999.250 -999.250 -999.250 -999.250 -999.250 -999.250 -999.250 -999.250 -999.250 -999.250 -999.250 -999.250 -999.250 -999.250 -999.250 -999.250 -999.250 -999.250 -999.250 -999.250 -999.250 -999.250 -999.250 -999.250 -999.250 -999.250 1.633 3.235 4.154 7.701 10.386 12.890 18.080 26.382 31.085 35.862 32.687 31.752 26.981 21.498 15.259 9.601 8.897 10.655 14.267 18.346 25.697 25.596 23.460 21.421 15.602 14.391 15.862 21.139 36.380 57.405 44.695 32.884 21.632 13.757 7.357 0.875 0.000 0.000 0.000
-999.250 -999.250 -999.250 -999.250 -999.250 -999.250 -999.250 -999.250 -999.250 -999.250 -999.250 -999.250 -999.250 -999.250 -999.250 -999.250 -999.250 -999.250 -999.250 -999.250 -999.250 -999.250 -999.250 -999.250 -999.250 -999.250 -999.250 -999.250 -999.250 -999.250 3.066 5.061 8.269 9.768 12.598 18.156 25.740 31.307 37.636 42.208 42.920 41.536 31.738 22.850 16.024 10.655 5.022 10.326 15.768 24.799 32.021 35.346 33.648 31.838 25.915 18.491 13.413 11.979 25.425 38.690 38.544 31.871 23.015 14.055 8.819 1.593 0.000 0.000 0.000
-999.250 -999.250 -999.250 -999.250 -999.250 -999.250 -999.250 -999.250 -999.250 -999.250 -999.250 -999.250 -999.250 -999.250 -999.250 -999.250 -999.250 -999.250 -999.250 -999.250 -999.250 -999.250 -999.250 -999.250 -999.250 -999.250 -999.250 -999.250 -999.250 -999.250 7.269 8.576 8.292 12.351 14.237 19.987 27.823 35.493 43.788 51.514 58.506 48.014 39.975 28.576 20.993 15.031 12.559 13.542 23.756 34.256 42.669 46.627 47.066 44.966 38.313 28.242 14.222 0.000 15.766 25.783 30.915 25.391 20.839 13.623 8.797 2.971 0.000 0.000 0.000
-999.250 -999.250 -999.250 -999.250 -999.250 -999.250 -999.250 -999.250 -999.250 -999.250 -999.250 -999.250 -999.250 -999.250 -999.250 -999.250 -999.250 -999.250 -999.250 -999.250 -999.250 -999.250 -999.250 -999.250 -999.250 -999.250 -999.250 -999.250 -999.250 -999.250 6.785 8.107 10.329 12.184 15.645 22.601 29.383 37.370 49.199 61.511 74.262 55.772 41.170 32.171 26.070 19.306 18.679 20.621 30.948 43.078 55.476 66.636 69.092 68.145 57.626 44.165 28.335 18.937 19.473 22.961 26.421 22.732 16.201 11.265 6.057 1.199 0.000 0.000 0.000
-999.250 -999.250 -999.250 -999.250 -999.250 -999.250 -999.250 -999.250 -999.250 -999.250 -999.250 -999.250 -999.250 -999.250 -999.250 -999.250 -999.250 -999.250 -999.250 -999.250 -999.250 -999.250 -999.250 -999.250 -999.250 -999.250 -999.250 -999.250 -999.250 5.997 4.760 8.034 10.053 11.773 16.194 22.904 28.447 34.343 42.141 49.573 58.287 48.833 40.690 32.006 27.154 20.756 23.384 27.832 40.528 53.243 67.408 85.514 91.221 91.480 82.110 67.790 44.995 34.237 29.343 26.001 23.534 19.481 14.883 10.489 6.858 2.487 0.022 0.000 0.000
-999.250 -999.250 -999.250 -999.250 -999.250 -999.250 -999.250 -999.250 -999.250 -999.250 -999.250 -999.250 -999.250 -999.250 -999.250 -999.250 -999.250 -999.250 -999.250 -999.250 -999.250 -999.250 -999.250 -999.250 -999.250 -999.250 -999.250 -999.250 -999.250 3.614 4.223 7.330 10.852 11.474 15.890 20.391 23.754 31.927 36.585 37.719 40.131 39.118 32.301 30.417 24.867 23.196 27.951 35.230 46.012 57.800 77.373 93.073 108.174 115.752 103.611 81.792 63.198 43.483 34.741 30.141 25.006 18.428 14.136 11.740 6.062 2.420 0.000 0.000 0.000
-999.250 -999.250 -999.250 -999.250 -999.250 -999.250 -999.250 -999.250 -999.250 -999.250 -999.250 -999.250 -999.250 -999.250 -999.250 -999.250 -999.250 -999.250 -999.250 -999.250 -999.250 -999.250 -999.250 -999.250 -999.250 -999.250 -999.250 -999.250 -999.250 1.947 3.964 5.585 9.548 9.784 14.417 15.311 18.806 24.330 26.815 29.655 29.737 30.372 26.526 25.293 24.755 25.304 31.349 36.921 48.516 70.449 82.680 97.271 121.757 153.352 117.358 87.888 67.925 48.686 36.857 29.351 24.159 16.679 13.268 10.098 7.126 5.026 1.212 0.059 0.000
-999.250 -999.250 -999.250 -999.250 -999.250 -999.250 -999.250 -999.250 -999.250 -999.250 -999.250 -999.250 -999.250 -999.250 -999.250 -999.250 -999.250 -999.250 -999.250 -999.250 -999.250 -999.250 -999.250 -999.250 -999.250 -999.250 -999.250 -999.250 -999.250 2.206 2.793 6.373 7.660 8.187 11.059 13.438 13.981 14.717 17.758 20.131 20.163 20.728 23.799 22.291 22.318 22.841 30.055 39.061 50.563 67.551 85.321 93.511 104.354 120.814 100.922 84.453 65.068 46.810 36.272 27.527 18.861 15.350 12.160 8.901 6.537 4.980 2.224 0.126 0.000
-999.250 -999.250 -999.250 -999.250 -999.250 -999.250 -999.250 -999.250 -999.250 -999.250 -999.250 -999.250 -999.250 -999.250 -999.250 -999.250 -999.250 -999.250 -999.250 -999.250 -999.250 -999.250 -999.250 -999.250 -999.250 -999.250 -999.250 -999.250 5.706 4.588 3.664 2.628 3.808 4.381 6.956 9.995 10.509 11.134 13.206 13.914 14.660 16.938 18.149 18.457 20.515 22.446 27.532 35.466 46.255 58.203 75.639 82.181 86.284 87.120 78.501 63.519 51.634 38.677 29.597 22.969 17.920 13.550 11.341 10.047 8.141 8.336 3.754 0.673 0.000
-999.250 -999.250 -999.250 -999.250 -999.250 -999.250 -999.250 -999.250 -999.250 -999.250 -999.250 -999.250 -999.250 -999.250 -999.250 -999.250 -999.250 -999.250 -999.250 -999.250 -999.250 -999.250 -999.250 -999.250 -999.250 -999.250 -999.250 -999.250 6.312 5.588 5.694 4.241 3.857 3.806 5.613 5.040 7.462 7.062 8.470 8.564 11.870 12.844 14.159 14.297 15.403 18.582 25.342 30.856 35.123 44.597 54.353 57.655 64.827 53.804 50.196 40.125 31.136 26.765 19.238 15.744 14.859 12.333 11.575 10.459 9.468 5.676 4.927 3.046 0.000
-999.250 -999.250 -999.250 -999.250 -999.250 -999.250 -999.250 -999.250 -999.250 -999.250 -999.250 -999.250 -999.250 -999.250 -999.250 -999.250 -999.250 -999.250 -999.250 -999.250 -999.250 -999.250 -999.250 -999.250 -999.250 -999.250 -999.250 8.974 8.099 8.826 6.952 3.771 5.029 3.043 3.796 4.337 3.323 0.681 3.965 3.422 7.100 10.107 10.342 13.366 14.013 15.417 18.463 25.464 29.240 35.028 41.191 43.775 37.532 28.131 22.471 16.950 14.525 13.649 13.612 12.294 9.995 11.360 13.111 12.398 11.249 8.341 4.471 2.746 0.087
-999.250 -999.250 -999.250 -999.250 -999.250 -999.250 -999.250 -999.250 -999.250 -999.250 -999.250 -999.250 -999.250 -999.250 -999.250 -999.250 -999.250 -999.250 -999.250 -999.250 -999.250 -999.250 -999.250 -999.250 -999.250 -999.250 -999.250 11.266 9.858 10.684 8.944 6.975 5.967 4.133 4.637 1.277 0.000 0.114 0.379 1.882 4.963 5.696 8.344 9.866 12.645 13.148 14.282 18.325 20.295 23.903 29.963 26.210 17.316 11.037 0.000 1.127 5.177 6.564 8.187 6.994 6.613 9.520 12.710 18.159 11.486 6.271 2.671 2.012 0.000
-999.250 -999.250 -999.250 -999.250 -999.250 -999.250 -999.250 -999.250 -999.250 -999.250 -999.250 -999.250 -999.250 -999.250 -999.250 -999.250 -999.250 -999.250 -999.250 -999.250 -999.250 -999.250 -999.250 -999.250 -999.250 -999.250 -999.250 9.720 12.652 12.740 11.908 9.210 7.904 7.375 4.878 4.029 0.452 0.988 1.129 2.016 3.251 5.717 6.443 9.069 10.023 9.651 12.254 13.371 15.059 16.908 16.806 14.306 10.084 1.953 0.000 0.000 0.000 0.167 4.244 0.441 3.142 6.405 9.814 11.583 8.445 6.442 3.094 1.660 0.000
-999.250 -999.250 -999.250 -999.250 -999.250 -999.250 -999.250 -999.250 -999.250 -999.250 -999.250 -999.250 -999.250 -999.250 -999.250 -999.250 -999.250 -999.250 -999.250 -999.250 -999.250 -999.250 -999.250 -999.250 -999.250 -999.250 -999.250 10.307 11.023 13.790 17.022 11.384 10.337 7.752 6.079 3.967 3.684 1.861 4.569 4.036 5.193 4.842 5.887 7.214 9.211 8.628 9.221 11.236 11.113 11.467 11.388 9.394 6.022 0.000 0.000 0.000 0.000 0.000 0.000 0.000 0.228 2.083 5.431 6.233 4.455 3.609 1.670 0.000 0.000
-999.250 -999.250 -999.250 -999.250 -999.250 -999.250 -999.250 -999.250 -999.250 -999.250 -999.250 -999.250 -999.250 -999.250 -999.250 -999.250 -999.250 -999.250 -999.250 -999.250 -999.250 -999.250 -999.250 -999.250 -999.250 -999.250 -999.250 -999.250 11.011 11.207 12.463 11.883 9.685 8.620 9.222 9.335 6.965 7.147 7.344 6.556 7.359 7.133 7.338 6.992 7.923 9.160 9.219 10.039 10.531 10.133 7.454 7.278 3.918 0.000 0.000 0.000 0.000 0.000 0.000 0.000 0.000 0.000 0.681 0.958 0.670 0.000 0.000 0.000 0.000
-999.250 -999.250 -999.250 -999.250 -999.250 -999.250 -999.250 -999.250 -999.250 -999.250 -999.250 -999.250 -999.250 -999.250 -999.250 -999.250 -999.250 -999.250 -999.250 -999.250 -999.250 -999.250 -999.250 -999.250 -999.250 -999.250 -999.250 -999.250 9.540 11.145 9.584 9.078 9.276 8.623 9.086 10.889 10.483 11.094 11.407 9.814 9.352 8.195 7.117 8.530 7.493 7.471 8.083 7.958 7.551 6.762 5.404 5.193 2.584 0.786 2.504 4.120 2.833 0.444 0.000 0.000 0.000 0.000 0.000 0.000 0.000 0.000 0.000 0.000 0.000
-999.250 -999.250 -999.250 -999.250 -999.250 -999.250 -999.250 -999.250 -999.250 -999.250 -999.250 -999.250 -999.250 -999.250 -999.250 -999.250 -999.250 -999.250 -999.250 -999.250 -999.250 -999.250 -999.250 -999.250 -999.250 -999.250 -999.250 -999.250 9.651 11.285 10.040 11.176 10.965 11.616 10.134 12.071 12.990 12.942 13.890 13.548 13.382 11.210 9.611 8.333 8.937 8.501 5.261 3.972 4.119 3.806 4.138 5.123 2.546 3.537 7.427 11.656 5.394 1.562 0.000 0.000 0.000 0.000 0.000 0.000 0.000 0.000 0.000 0.000 0.000
-999.250 -999.250 -999.250 -999.250 -999.250 -999.250 -999.250 -999.250 -999.250 -999.250 -999.250 -999.250 -999.250 -999.250 -999.250 -999.250 -999.250 -999.250 -999.250 -999.250 -999.250 -999.250 -999.250 -999.250 -999.250 -999.250 -999.250 -999.250 9.610 10.930 10.892 10.414 11.703 12.252 12.278 13.725 14.193 15.947 17.587 18.130 15.510 12.936 10.771 10.941 9.339 11.278 5.866 2.772 0.397 2.082 4.803 7.869 4.319 1.927 3.176 6.364 4.386 0.114 0.000 0.000 0.000 0.000 0.000 0.000 0.000 0.000 0.000 0.000 0.000
-999.250 -999.250 -999.250 -999.250 -999.250 -999.250 -999.250 -999.250 -999.250 -999.250 -999.250 -999.250 -999.250 -999.250 -999.250 -999.250 -999.250 -999.250 -999.250 -999.250 -999.250 -999.250 -999.250 -999.250 -999.250 -999.250 -999.250 -999.250 10.188 10.897 10.524 10.679 11.318 11.975 12.201 14.157 18.117 21.549 23.733 24.654 21.046 14.385 10.942 8.468 7.491 6.896 4.188 0.241 0.000 0.000 1.573 2.832 1.722 0.431 1.308 3.054 1.803 0.000 0.000 0.000 0.000 0.000 0.000 0.000 0.000 0.000 0.384 1.864 0.677
-999.250 -999.250 -999.250 -999.250 -999.250 -999.250 -999.250 -999.250 -999.250 -999.250 -999.250 -999.250 -999.250 -999.250 -999.250 -999.250 -999.250 -999.250 -999.250 -999.250 -999.250 -999.250 -999.250 -999.250 -999.250 -999.250 -999.250 9.503 10.870 10.847 11.432 11.693 14.529 15.700 13.621 16.517 19.498 23.748 28.012 35.047 22.850 14.631 10.445 8.057 3.321 1.762 0.000 0.000 0.000 0.000 0.000 0.020 0.000 0.000 0.020 0.953 0.000 0.000 0.000 0.000 0.000 0.000 0.000 0.000 2.722 5.461 5.743 7.580 8.153
-999.250 -999.250 -999.250 -999.250 -999.250 -999.250 -999.250 -999.250 -999.250 -999.250 -999.250 -999.250 -999.250 -999.250 -999.250 -999.250 -999.250 -999.250 -999.250 -999.250 -999.250 -999.250 -999.250 -999.250 -999.250 -999.250 -999.250 11.599 10.973 11.851 13.476 13.234 14.951 15.991 15.479 18.113 24.283 23.193 26.564 26.152 20.421 13.571 9.939 7.492 4.644 0.584 0.000 0.000 0.000 0.000 0.000 0.000 0.000 0.000 0.000 0.000 0.000 0.000 0.000 0.000 0.000 0.000 0.000 0.890 5.156 7.088 11.025 11.982 14.778
-999.250 -999.250 -999.250 -999.250 -999.250 -999.250 -999.250 -999.250 -999.250 -999.250 -999.250 -999.250 -999.250 -999.250 -999.250 -999.250 -999.250 -999.250 -999.250 -999.250 -999.250 -999.250 -999.250 -999.250 -999.250 -999.250 -999.250 9.634 10.013 12.130 12.635 13.660 16.419 16.155 15.562 17.547 20.234 23.191 25.053 23.169 18.577 13.063 9.199 5.043 0.677 0.000 0.000 0.000 0.000 0.000 0.000 0.000 0.000 0.000 0.000 0.000 0.000 0.000 0.000 0.000 0.000 0.000 1.550 3.816 7.219 11.393 14.338 18.080 21.329
-999.250 -999.250 -999.250 -999.250 -999.250 -999.250 -999.250 -999.250 -999.250 -999.250 -999.250 -999.250 -999.250 -999.250 -999.250 -999.250 -999.250 -999.250 -999.250 -999.250 -999.250 -999.250 -999.250 -999.250 -999.250 -999.250 10.632 11.784 12.880 11.322 11.831 13.254 16.564 17.720 17.231 20.720 21.506 22.547 22.460 21.915 16.785 13.498 9.104 6.326 0.146 0.000 0.000 0.000 0.000 0.000 0.000 0.000 0.000 0.000 0.000 0.000 0.000 0.000 0.000 0.000 0.000 0.825 4.117 9.090 11.305 14.524 19.395 23.802 30.017
-999.250 -999.250 -999.250 -999.250 -999.250 -999.250 -999.250 -999.250 -999.250 -999.250 -999.250 -999.250 -999.250 -999.250 -999.250 -999.250 -999.250 -999.250 -999.250 -999.250 -999.250 -999.250 -999.250 -999.250 -999.250 -999.250 9.472 11.840 12.808 12.886 11.873 13.372 18.409 19.357 17.189 19.172 23.104 25.678 21.230 20.738 17.958 13.808 11.186 6.854 2.065 0.000 0.000 0.000 0.000 0.000 0.000 0.000 0.000 0.000 0.000 0.000 0.000 0.000 0.000 0.000 0.000 1.947 6.692 11.269 14.678 20.922 26.940 31.706 41.631
-999.250 -999.250 -999.250 -999.250 -999.250 -999.250 -999.250 -999.250 -999.250 -999.250 -999.250 -999.250 -999.250 -999.250 -999.250 -999.250 -999.250 -999.250 -999.250 -999.250 -999.250 -999.250 -999.250 -999.250 -999.250 -999.250 11.136 11.459 12.668 12.102 11.317 13.250 16.041 18.212 19.334 19.489 23.301 24.844 21.814 21.370 16.327 12.539 10.172 8.093 3.051 0.000 0.000 0.000 0.000 0.000 0.000 0.000 0.000 0.000 0.000 0.000 0.000 0.000 0.000 0.000 0.000 5.825 9.210 13.332 20.162 27.626 33.949 41.229 50.532
-999.250 -999.250 -999.250 -999.250 -999.250 -999.250 -999.250 -999.250 -999.250 -999.250 -999.250 -999.250 -999.250 -999.250 -999.250 -999.250 -999.250 -999.250 -999.250 -999.250 -999.250 -999.250 -999.250 -999.250 -999.250 11.404 10.626 11.046 11.542 11.145 12.051 13.450 15.215 17.292 19.296 21.291 26.615 26.750 26.299 23.485 18.673 13.634 12.677 6.545 2.185 0.000 0.000 0.000 0.000 0.000 0.000 0.000 0.000 0.000 0.000 0.000 0.000 0.000 0.000 0.000 0.436 4.935 9.383 14.722 22.074 32.289 38.008 51.280 67.141
-999.250 -999.250 -999.250 -999.250 -999.250 -999.250 -999.250 -999.250 -999.250 -999.250 -999.250 -999.250 -999.250 -999.250 -999.250 -999.250 -999.250 -999.250 -999.250 -999.250 -999.250 -999.250 -999.250 -999.250 -999.250 7.960 10.676 10.924 10.296 11.179 11.869 14.939 15.618 16.945 20.789 22.319 27.532 29.834 31.351 26.089 22.223 14.115 9.700 8.082 1.789 0.287 0.000 0.000 0.000 0.000 0.000 0.000 0.000 0.000 0.000 0.000 0.000 0.000 0.000 0.000 1.737 6.074 12.220 18.204 26.014 32.842 41.465 52.884 69.729
-999.250 -999.250 -999.250 -999.250 -999.250 -999.250 -999.250 -999.250 -999.250 -999.250 -999.250 -999.250 -999.250 -999.250 -999.250 -999.250 -999.250 -999.250 -999.250 -999.250 -999.250 -999.250 -999.250 -999.250 -999.250 9.105 9.323 9.902 10.663 11.406 12.585 14.566 14.907 17.494 20.119 24.973 26.628 30.728 36.921 27.732 21.895 16.816 10.013 4.217 2.954 1.136 0.000 0.000 0.000 0.000 0.000 0.000 0.342 3.057 3.108 3.800 0.944 0.000 0.000 1.164 5.551 9.642 14.719 22.852 29.759 34.123 40.532 56.344 73.968
