data/medianmodel_28-Jul-2020.asc
ncols	141
nrows	288
xllcorner	-120191.398
yllcorner	-301404.813
cellsize	2000.000
NODATA_value	-999.250
[rows 248 to 278 of 288, columns 0 to 68 of 141]
-999.250 -999.250 -999.250 -999.250 -999.250 -999.250 -999.250 -999.250 -999.250 -999.250 -999.250 -999.250 -999.250 -999.250 -999.250 -999.250 -999.250 -999.250 -999.250 -999.250 -999.250 -999.250 -999.250 -999.250 -999.250 -999.250 -999.250 -999.250 -999.250 -999.250 10.792 12.983 12.864 13.047 13.597 13.503 11.210 12.671 15.062 12.719 10.999 10.683 9.290 9.488 10.739 7.166 5.120 4.993 2.489 1.855 0.000 0.000 0.000 0.000 0.000 0.000 0.000 0.000 0.000 0.000 0.000 0.000 0.000 0.000 0.000 0.000 0.000 0.000 0.000
-999.250 -999.250 -999.250 -999.250 -999.250 -999.250 -999.250 -999.250 -999.250 -999.250 -999.250 -999.250 -999.250 -999.250 -999.250 -999.250 -999.250 -999.250 -999.250 -999.250 -999.250 -999.250 -999.250 -999.250 -999.250 -999.250 -999.250 -999.250 -999.250 -999.250 8.305 10.061 10.561 10.754 11.206 12.203 13.241 13.365 17.453 14.692 13.265 13.421 11.253 9.501 9.794 7.750 5.213 5.234 3.412 2.714 1.225 0.000 0.000 0.000 0.000 0.000 0.000 0.000 0.000 0.000 0.000 0.000 0.000 0.000 0.000 0.000 0.000 0.000 0.000
-999.250 -999.250 -999.250 -999.250 -999.250 -999.250 -999.250 -999.250 -999.250 -999.250 -999.250 -999.250 -999.250 -999.250 -999.250 -999.250 -999.250 -999.250 -999.250 -999.250 -999.250 -999.250 -999.250 -999.250 -999.250 -999.250 -999.250 -999.250 -999.250 -999.250 9.408 9.248 9.570 10.615 12.767 12.367 13.706 12.586 17.280 16.882 15.643 14.760 11.980 9.551 10.771 7.283 6.571 4.784 4.187 2.934 1.709 0.000 0.000 0.000 0.000 0.000 0.000 0.000 0.000 0.000 0.000 0.000 0.000 0.000 0.000 0.000 0.000 0.000 0.000
-999.250 -999.250 -999.250 -999.250 -999.250 -999.250 -999.250 -999.250 -999.250 -999.250 -999.250 -999.250 -999.250 -999.250 -999.250 -999.250 -999.250 -999.250 -999.250 -999.250 -999.250 -999.250 -999.250 -999.250 -999.250 -999.250 -999.250 -999.250 -999.250 -999.250 8.433 8.644 9.904 10.617 9.876 13.557 13.650 13.911 17.191 24.275 17.184 15.199 12.332 10.123 8.938 6.494 5.693 5.809 6.048 4.721 4.091 0.116 0.000 0.000 0.000 0.000 0.000 0.000 0.000 0.000 0.000 0.000 0.000 0.000 0.000 0.000 0.000 0.000 0.000
-999.250 -999.250 -999.250 -999.250 -999.250 -999.250 -999.250 -999.250 -999.250 -999.250 -999.250 -999.250 -999.250 -999.250 -999.250 -999.250 -999.250 -999.250 -999.250 -999.250 -999.250 -999.250 -999.250 -999.250 -999.250 -999.250 -999.250 -999.250 -999.250 10.107 10.081 9.027 9.370 11.014 10.004 12.655 14.751 14.299 16.516 16.935 15.088 12.647 12.498 10.832 8.411 6.732 6.462 5.993 5.599 5.489 1.979 1.196 0.000 0.000 0.000 0.000 0.000 0.000 0.000 0.000 0.000 0.000 0.000 0.000 0.333 0.000 0.000 0.000 0.067
-999.250 -999.250 -999.250 -999.250 -999.250 -999.250 -999.250 -999.250 -999.250 -999.250 -999.250 -999.250 -999.250 -999.250 -999.250 -999.250 -999.250 -999.250 -999.250 -999.250 -999.250 -999.250 -999.250 -999.250 -999.250 -999.250 -999.250 -999.250 -999.250 -999.250 9.513 8.286 9.342 10.034 10.657 11.379 12.387 13.942 13.659 13.199 12.309 11.823 10.669 9.912 8.903 5.573 5.386 7.387 4.255 4.111 2.641 2.031 2.260 0.000 0.000 0.000 0.000 0.000 0.000 0.000 0.000 0.037 0.000 0.516 0.520 1.343 0.891 0.826 1.844
-999.250 -999.250 -999.250 -999.250 -999.250 -999.250 -999.250 -999.250 -999.250 -999.250 -999.250 -999.250 -999.250 -999.250 -999.250 -999.250 -999.250 -999.250 -999.250 -999.250 -999.250 -999.250 -999.250 -999.250 -999.250 -999.250 -999.250 -999.250 -999.250 -999.250 8.149 9.638 11.034 10.673 7.929 10.894 11.638 11.693 10.930 11.127 11.423 8.323 9.947 10.045 8.415 5.854 4.833 7.031 4.405 2.140 1.940 1.346 0.553 0.000 0.000 0.000 0.000 0.000 0.850 3.578 2.900 2.791 1.727 2.803 3.554 4.107 2.524 2.550 1.085
-999.250 -999.250 -999.250 -999.250 -999.250 -999.250 -999.250 -999.250 -999.250 -999.250 -999.250 -999.250 -999.250 -999.250 -999.250 -999.250 -999.250 -999.250 -999.250 -999.250 -999.250 -999.250 -999.250 -999.250 -999.250 -999.250 -999.250 -999.250 -999.250 -999.250 -999.250 7.489 7.403 7.761 6.566 10.953 12.348 11.628 9.521 8.695 9.375 9.298 9.455 9.349 9.657 5.822 4.758 6.004 4.381 2.811 1.468 0.000 1.008 0.789 0.672 0.917 1.159 1.960 4.036 4.877 5.266 4.785 4.219 5.831 5.401 4.678 5.372 5.010 4.563
-999.250 -999.250 -999.250 -999.250 -999.250 -999.250 -999.250 -999.250 -999.250 -999.250 -999.250 -999.250 -999.250 -999.250 -999.250 -999.250 -999.250 -999.250 -999.250 -999.250 -999.250 -999.250 -999.250 -999.250 -999.250 -999.250 -999.250 -999.250 -999.250 -999.250 -999.250 7.988 8.050 6.131 7.420 9.390 9.902 10.567 8.803 7.650 6.701 6.688 8.256 7.591 8.873 7.087 4.259 2.953 3.425 3.189 2.517 0.033 0.910 0.498 1.874 1.803 1.921 1.720 3.269 5.606 7.666 6.168 6.772 8.463 9.388 7.808 7.886 6.986 3.022
-999.250 -999.250 -999.250 -999.250 -999.250 -999.250 -999.250 -999.250 -999.250 -999.250 -999.250 -999.250 -999.250 -999.250 -999.250 -999.250 -999.250 -999.250 -999.250 -999.250 -999.250 -999.250 -999.250 -999.250 -999.250 -999.250 -999.250 -999.250 -999.250 -999.250 6.822 7.679 4.564 4.715 7.202 8.896 8.022 9.739 8.011 7.101 6.793 6.650 6.049 8.852 5.760 4.182 5.694 3.835 3.321 3.844 1.728 2.816 1.755 2.215 2.187 4.434 5.541 4.076 4.056 4.822 5.840 7.626 8.575 11.395 14.870 10.457 8.498 7.529 4.836
-999.250 -999.250 -999.250 -999.250 -999.250 -999.250 -999.250 -999.250 -999.250 -999.250 -999.250 -999.250 -999.250 -999.250 -999.250 -999.250 -999.250 -999.250 -999.250 -999.250 -999.250 -999.250 -999.250 -999.250 -999.250 -999.250 -999.250 -999.250 -999.250 -999.250 4.909 4.736 4.012 4.541 5.385 5.648 7.568 7.787 6.663 6.525 6.925 7.261 5.680 6.750 6.019 3.512 3.374 4.274 4.144 2.468 2.517 2.842 3.812 5.122 2.803 4.443 3.997 5.463 5.019 5.852 5.596 6.805 8.481 10.390 11.857 10.498 8.673 7.883 5.958
-999.250 -999.250 -999.250 -999.250 -999.250 -999.250 -999.250 -999.250 -999.250 -999.250 -999.250 -999.250 -999.250 -999.250 -999.250 -999.250 -999.250 -999.250 -999.250 -999.250 -999.250 -999.250 -999.250 -999.250 -999.250 -999.250 -999.250 -999.250 -999.250 -999.250 1.377 2.394 2.329 4.716 4.475 3.047 4.523 6.488 5.495 4.579 5.066 5.034 5.316 5.334 6.218 4.272 4.482 7.108 4.620 4.128 5.574 4.071 3.681 5.639 6.512 5.268 5.246 5.933 6.616 7.188 7.644 6.057 7.674 9.049 10.035 10.431 8.137 8.156 4.242
-999.250 -999.250 -999.250 -999.250 -999.250 -999.250 -999.250 -999.250 -999.250 -999.250 -999.250 -999.250 -999.250 -999.250 -999.250 -999.250 -999.250 -999.250 -999.250 -999.250 -999.250 -999.250 -999.250 -999.250 -999.250 -999.250 -999.250 -999.250 -999.250 -999.250 0.000 0.478 0.322 1.898 0.646 0.027 1.819 2.664 3.363 1.861 4.466 3.861 4.247 2.711 3.829 4.177 2.025 6.416 6.234 3.662 5.071 5.634 3.356 4.401 5.090 3.899 5.607 5.676 5.089 5.516 6.519 7.429 8.295 9.107 8.197 7.989 7.136 5.723 3.831
-999.250 -999.250 -999.250 -999.250 -999.250 -999.250 -999.250 -999.250 -999.250 -999.250 -999.250 -999.250 -999.250 -999.250 -999.250 -999.250 -999.250 -999.250 -999.250 -999.250 -999.250 -999.250 -999.250 -999.250 -999.250 -999.250 -999.250 -999.250 -999.250 -999.250 0.000 0.000 0.000 0.000 0.000 0.000 0.000 0.000 0.078 0.026 1.678 1.061 1.591 2.953 2.768 4.029 3.860 4.897 5.447 4.698 3.694 6.613 5.039 5.920 6.161 7.223 5.243 8.049 7.509 6.047 7.752 8.611 8.157 7.251 9.251 7.365 6.969 6.521 5.465
-999.250 -999.250 -999.250 -999.250 -999.250 -999.250 -999.250 -999.250 -999.250 -999.250 -999.250 -999.250 -999.250 -999.250 -999.250 -999.250 -999.250 -999.250 -999.250 -999.250 -999.250 -999.250 -999.250 -999.250 -999.250 -999.250 -999.250 -999.250 -999.250 -999.250 0.000 0.000 0.000 0.000 0.000 0.000 0.000 0.000 0.000 0.000 0.000 0.000 0.000 1.811 2.661 2.725 4.179 3.948 5.671 3.719 6.392 5.604 7.790 9.622 8.276 8.565 7.881 8.060 7.891 7.922 9.075 8.291 8.653 9.527 6.399 7.880 4.191 4.514 5.187
-999.250 -999.250 -999.250 -999.250 -999.250 -999.250 -999.250 -999.250 -999.250 -999.250 -999.250 -999.250 -999.250 -999.250 -999.250 -999.250 -999.250 -999.250 -999.250 -999.250 -999.250 -999.250 -999.250 -999.250 -999.250 -999.250 -999.250 -999.250 -999.250 0.000 0.000 0.000 0.000 0.000 0.000 0.000 0.000 0.000 0.000 0.000 0.000 0.000 0.000 0.283 1.032 0.989 2.981 2.173 4.794 7.541 6.935 6.386 8.458 8.610 10.355 8.820 8.719 9.554 8.100 7.935 8.428 9.526 8.160 7.812 9.182 9.282 4.475 3.107 3.994
-999.250 -999.250 -999.250 -999.250 -999.250 -999.250 -999.250 -999.250 -999.250 -999.250 -999.250 -999.250 -999.250 -999.250 -999.250 -999.250 -999.250 -999.250 -999.250 -999.250 -999.250 -999.250 -999.250 -999.250 -999.250 -999.250 -999.250 -999.250 -999.250 0.000 0.000 0.000 0.000 0.000 0.000 0.000 0.000 0.000 0.000 0.000 0.000 0.000 0.000 0.340 0.422 1.600 1.269 3.156 5.823 6.777 7.610 4.876 7.113 10.669 11.349 11.432 10.403 9.580 6.945 11.059 9.521 8.800 8.887 8.305 8.864 9.141 4.186 2.770 2.739
-999.250 -999.250 -999.250 -999.250 -999.250 -999.250 -999.250 -999.250 -999.250 -999.250 -999.250 -999.250 -999.250 -999.250 -999.250 -999.250 -999.250 -999.250 -999.250 -999.250 -999.250 -999.250 -999.250 -999.250 -999.250 -999.250 -999.250 -999.250 0.000 0.000 0.000 0.000 0.000 0.000 0.000 0.000 0.000 0.000 0.000 0.000 0.000 0.000 0.000 0.000 0.000 0.455 2.062 4.908 6.035 6.341 7.859 6.594 8.057 10.616 12.801 10.201 11.313 10.348 8.645 9.965 7.339 10.298 9.632 7.015 6.767 6.976 5.607 2.394 2.801
-999.250 -999.250 -999.250 -999.250 -999.250 -999.250 -999.250 -999.250 -999.250 -999.250 -999.250 -999.250 -999.250 -999.250 -999.250 -999.250 -999.250 -999.250 -999.250 -999.250 -999.250 -999.250 -999.250 -999.250 -999.250 -999.250 -999.250 -999.250 0.000 0.000 0.000 0.000 0.000 0.000 0.000 0.000 0.000 0.000 0.000 0.000 0.000 0.000 0.000 0.000 0.000 0.269 2.951 3.588 6.865 8.085 8.170 10.596 10.634 13.793 11.936 16.086 11.351 11.630 11.714 9.479 6.374 8.026 9.969 9.368 8.207 6.350 4.995 2.874 1.227
-999.250 -999.250 -999.250 -999.250 -999.250 -999.250 -999.250 -999.250 -999.250 -999.250 -999.250 -999.250 -999.250 -999.250 -999.250 -999.250 -999.250 -999.250 -999.250 -999.250 -999.250 -999.250 -999.250 -999.250 -999.250 -999.250 -999.250 0.000 0.000 0.000 0.000 0.000 0.000 0.000 0.000 0.000 0.000 0.000 0.000 0.000 0.000 0.000 0.000 0.000 0.000 0.000 1.314 2.509 3.851 6.704 10.154 9.685 12.718 13.637 12.129 13.086 12.943 12.021 11.093 9.355 9.309 9.323 9.252 9.508 6.268 4.471 3.775 1.766 0.431
-999.250 -999.250 -999.250 -999.250 -999.250 -999.250 -999.250 -999.250 -999.250 -999.250 -999.250 -999.250 -999.250 -999.250 -999.250 -999.250 -999.250 -999.250 -999.250 -999.250 -999.250 -999.250 -999.250 -999.250 -999.250 -999.250 -999.250 0.000 0.000 0.000 0.000 0.000 0.000 0.000 0.000 0.000 0.000 0.000 0.000 0.000 0.000 0.000 0.000 0.000 0.000 0.000 1.029 2.315 5.495 8.789 9.326 10.675 12.261 14.815 13.409 15.513 15.593 14.834 13.315 11.613 14.009 10.107 10.740 9.440 7.854 4.452 1.730 1.471 0.000
-999.250 -999.250 -999.250 -999.250 -999.250 -999.250 -999.250 -999.250 -999.250 -999.250 -999.250 -999.250 -999.250 -999.250 -999.250 -999.250 -999.250 -999.250 -999.250 -999.250 -999.250 -999.250 -999.250 -999.250 -999.250 -999.250 -999.250 0.000 0.000 0.000 0.000 0.000 0.000 0.000 0.000 0.000 0.000 0.000 0.000 0.000 0.000 0.000 0.000 0.000 0.000 0.000 1.130 7.606 7.509 10.142 10.835 12.865 14.347 15.468 16.744 18.591 19.778 16.124 14.756 13.214 13.399 13.242 11.965 8.994 6.936 5.794 2.893 1.816 0.000
-999.250 -999.250 -999.250 -999.250 -999.250 -999.250 -999.250 -999.250 -999.250 -999.250 -999.250 -999.250 -999.250 -999.250 -999.250 -999.250 -999.250 -999.250 -999.250 -999.250 -999.250 -999.250 -999.250 -999.250 -999.250 -999.250 -999.250 0.000 0.000 0.000 0.000 0.000 0.000 0.000 0.000 0.000 0.000 0.000 0.000 0.000 0.000 0.000 0.000 0.119 0.000 0.403 3.587 6.910 10.741 10.170 11.141 13.273 16.099 18.405 19.517 20.021 20.702 20.921 15.394 20.128 16.081 15.736 15.812 13.404 9.731 6.380 4.658 0.285 0.000
-999.250 -999.250 -999.250 -999.250 -999.250 -999.250 -999.250 -999.250 -999.250 -999.250 -999.250 -999.250 -999.250 -999.250 -999.250 -999.250 -999.250 -999.250 -999.250 -999.250 -999.250 -999.250 -999.250 -999.250 -999.250 -999.250 -999.250 0.000 0.000 0.000 0.000 0.000 0.000 0.163 1.579 0.405 0.346 0.555 1.429 2.194 2.655 1.890 0.886 0.000 0.238 2.198 4.568 9.040 9.701 11.908 13.247 17.136 17.817 22.192 20.357 25.911 24.233 26.510 22.719 21.006 20.204 17.685 13.360 12.569 9.860 9.981 3.334 1.154 0.122
-999.250 -999.250 -999.250 -999.250 -999.250 -999.250 -999.250 -999.250 -999.250 -999.250 -999.250 -999.250 -999.250 -999.250 -999.250 -999.250 -999.250 -999.250 -999.250 -999.250 -999.250 -999.250 -999.250 -999.250 -999.250 -999.250 -999.250 0.000 0.000 0.000 0.073 0.617 1.802 1.323 1.876 2.884 3.469 4.320 5.022 3.933 5.205 3.970 1.989 1.827 0.932 3.350 5.067 7.922 11.100 12.502 16.812 20.842 21.370 21.431 25.282 25.429 25.219 25.096 23.745 22.175 19.793 22.810 17.671 13.224 10.993 8.884 6.284 2.653 0.000
-999.250 -999.250 -999.250 -999.250 -999.250 -999.250 -999.250 -999.250 -999.250 -999.250 -999.250 -999.250 -999.250 -999.250 -999.250 -999.250 -999.250 -999.250 -999.250 -999.250 -999.250 -999.250 -999.250 -999.250 -999.250 -999.250 0.000 0.000 0.000 0.388 1.219 4.421 5.543 4.547 4.706 5.800 4.289 5.846 6.013 6.108 7.234 7.315 7.365 4.702 2.504 6.360 8.333 11.094 10.283 12.631 15.444 20.838 24.953 28.040 32.543 32.091 23.889 31.183 25.533 28.029 30.663 25.500 18.503 11.979 10.929 8.913 7.053 3.422 0.110
-999.250 -999.250 -999.250 -999.250 -999.250 -999.250 -999.250 -999.250 -999.250 -999.250 -999.250 -999.250 -999.250 -999.250 -999.250 -999.250 -999.250 -999.250 -999.250 -999.250 -999.250 -999.250 -999.250 -999.250 -999.250 -999.250 0.000 0.000 0.000 1.581 3.249 4.912 7.277 7.338 8.951 7.183 8.643 7.908 7.478 8.538 9.568 10.531 8.681 7.503 5.707 5.645 7.654 11.071 12.764 14.451 20.124 21.613 33.407 35.079 37.576 29.317 25.644 24.959 27.506 33.684 30.396 26.099 19.784 14.387 11.844 9.974 6.793 3.178 1.671
-999.250 -999.250 -999.250 -999.250 -999.250 -999.250 -999.250 -999.250 -999.250 -999.250 -999.250 -999.250 -999.250 -999.250 -999.250 -999.250 -999.250 -999.250 -999.250 -999.250 -999.250 -999.250 -999.250 -999.250 -999.250 0.000 0.000 0.000 0.018 1.800 5.030 6.690 8.809 8.385 9.610 10.796 11.004 9.317 9.060 9.467 11.753 16.221 9.885 8.613 7.782 6.305 7.863 9.740 13.583 14.652 21.907 26.829 32.671 41.222 44.594 34.955 32.822 35.196 34.588 36.580 32.184 27.539 23.362 19.387 15.234 10.817 9.513 4.990 3.908
-999.250 -999.250 -999.250 -999.250 -999.250 -999.250 -999.250 -999.250 -999.250 -999.250 -999.250 -999.250 -999.250 -999.250 -999.250 -999.250 -999.250 -999.250 -999.250 -999.250 -999.250 -999.250 -999.250 -999.250 -999.250 0.000 0.000 0.000 2.340 3.379 7.470 8.508 11.845 11.118 10.337 11.084 11.258 10.662 10.377 10.923 12.316 11.537 9.666 8.233 6.835 8.146 7.561 11.700 14.269 21.111 27.790 24.313 35.243 37.507 38.964 39.909 37.480 40.174 38.918 34.610 42.775 33.608 29.018 26.580 20.227 12.690 9.562 6.600 4.247
-999.250 -999.250 -999.250 -999.250 -999.250 -999.250 -999.250 -999.250 -999.250 -999.250 -999.250 -999.250 -999.250 -999.250 -999.250 -999.250 -999.250 -999.250 -999.250 -999.250 -999.250 -999.250 -999.250 -999.250 -999.250 0.000 0.000 0.013 1.969 5.319 7.656 11.233 12.965 12.043 12.825 14.278 15.512 12.351 12.954 10.292 11.258 10.640 9.387 8.719 6.281 8.905 9.635 11.514 13.372 22.740 33.125 29.599 36.067 44.127 48.776 45.135 50.549 46.223 48.461 41.062 46.788 34.650 39.303 30.785 17.932 12.610 10.604 7.034 6.140
-999.250 -999.250 -999.250 -999.250 -999.250 -999.250 -999.250 -999.250 -999.250 -999.250 -999.250 -999.250 -999.250 -999.250 -999.250 -999.250 -999.250 -999.250 -999.250 -999.250 -999.250 -999.250 -999.250 -999.250 0.000 0.000 0.000 0.000 1.935 4.943 8.358 11.409 12.345 13.425 15.654 20.845 17.540 15.083 11.929 11.960 10.699 9.386 8.984 8.202 9.191 9.587 13.180 10.832 13.562 15.919 29.075 36.005 42.211 54.782 56.422 55.715 46.799 46.702 53.278 50.566 46.412 44.898 35.672 25.928 18.142 14.403 11.263 9.143 6.560
