data/medianmodel_10-Sep-2020.asc
ncols	141
nrows	288
xllcorner	-120191.398
yllcorner	-301404.813
cellsize	2000.000
NODATA_value	-999.250
[rows 90 to 119 of 288, columns 69 to 137 of 141]
36.392 39.997 41.225 40.237 42.574 39.474 37.160 31.495 20.534 16.153 10.586 5.745 0.946 0.000 0.000 0.000 0.000 0.000 0.000 0.000 0.887 2.184 2.280 4.656 7.981 10.749 13.751 16.923 19.272 21.111 24.051 21.644 21.767 21.174 19.828 17.720 11.668 9.537 7.712 3.599 0.151 0.000 0.000 0.000 0.000 0.000 0.000 -999.250 -999.250 -999.250 -999.250 -999.250 -999.250 -999.250 -999.250 -999.250 -999.250 -999.250 -999.250 -999.250 -999.250 -999.250 -999.250 -999.250 -999.250 -999.250 -999.250 -999.250 -999.250
30.137 34.149 39.543 38.005 44.213 42.836 42.763 37.639 32.833 25.150 18.882 13.649 8.580 3.096 0.000 0.000 0.000 0.000 0.000 0.000 0.000 0.000 1.917 6.308 8.677 12.659 13.979 16.698 18.638 21.624 21.929 20.128 21.596 19.847 16.341 12.290 8.368 8.508 5.764 0.865 0.439 0.000 0.000 0.204 0.000 0.000 -999.250 -999.250 -999.250 -999.250 -999.250 -999.250 -999.250 -999.250 -999.250 -999.250 -999.250 -999.250 -999.250 -999.250 -999.250 -999.250 -999.250 -999.250 -999.250 -999.250 -999.250 -999.250 -999.250
19.580 27.150 30.556 37.143 43.490 47.258 44.171 45.474 43.829 37.130 27.379 21.978 15.484 10.037 4.386 0.000 0.000 0.000 0.000 0.000 0.000 4.418 6.979 8.665 11.297 13.400 14.383 15.567 18.815 20.033 20.653 19.098 15.936 15.608 13.715 11.008 9.845 6.546 2.745 0.285 0.180 0.108 0.000 0.000 0.000 0.000 -999.250 -999.250 -999.250 -999.250 -999.250 -999.250 -999.250 -999.250 -999.250 -999.250 -999.250 -999.250 -999.250 -999.250 -999.250 -999.250 -999.250 -999.250 -999.250 -999.250 -999.250 -999.250 -999.250
15.153 20.155 27.001 35.214 39.442 47.269 49.544 48.846 49.978 48.238 42.676 35.368 24.709 15.974 9.727 4.638 0.000 0.000 0.000 0.802 2.317 6.119 9.254 11.825 11.505 16.082 15.053 16.903 18.031 16.974 16.971 18.470 13.240 12.277 12.057 9.874 7.797 4.999 3.368 0.021 0.031 0.000 0.000 0.000 0.000 -999.250 -999.250 -999.250 -999.250 -999.250 -999.250 -999.250 -999.250 -999.250 -999.250 -999.250 -999.250 -999.250 -999.250 -999.250 -999.250 -999.250 -999.250 -999.250 -999.250 -999.250 -999.250 -999.250 -999.250
10.428 15.140 23.593 31.124 37.386 41.656 47.288 52.824 54.970 54.467 58.242 46.099 35.742 23.549 12.992 7.112 0.000 0.000 0.000 2.307 3.604 8.098 9.412 11.972 13.542 14.947 14.732 14.736 15.597 15.502 12.880 11.382 9.980 9.059 8.416 7.021 5.331 4.031 1.807 0.000 0.000 0.000 0.000 0.000 0.000 -999.250 -999.250 -999.250 -999.250 -999.250 -999.250 -999.250 -999.250 -999.250 -999.250 -999.250 -999.250 -999.250 -999.250 -999.250 -999.250 -999.250 -999.250 -999.250 -999.250 -999.250 -999.250 -999.250 -999.250
6.253 10.578 16.753 23.640 32.649 41.410 43.751 52.489 64.033 68.625 69.359 55.885 42.684 28.967 17.246 7.191 0.000 0.000 0.000 3.272 6.521 6.741 8.070 9.767 12.388 15.146 14.347 11.370 10.458 11.026 10.042 8.704 8.287 5.025 4.845 3.552 5.254 4.200 1.506 2.751 0.000 0.000 0.000 0.000 0.000 -999.250 -999.250 -999.250 -999.250 -999.250 -999.250 -999.250 -999.250 -999.250 -999.250 -999.250 -999.250 -999.250 -999.250 -999.250 -999.250 -999.250 -999.250 -999.250 -999.250 -999.250 -999.250 -999.250 -999.250
1.238 8.144 13.646 20.393 27.807 33.508 44.265 53.019 61.815 70.473 80.957 63.970 45.377 30.679 18.001 10.427 2.423 0.000 0.083 2.399 2.307 6.225 4.843 6.850 7.365 6.588 9.109 7.751 7.465 6.953 5.181 5.547 3.736 2.874 3.348 3.136 3.258 2.562 0.473 0.021 0.000 0.000 0.000 0.000 0.000 0.000 -999.250 -999.250 -999.250 -999.250 -999.250 -999.250 -999.250 -999.250 -999.250 -999.250 -999.250 -999.250 -999.250 -999.250 -999.250 -999.250 -999.250 -999.250 -999.250 -999.250 -999.250 -999.250 -999.250
1.118 5.687 10.661 15.826 21.446 32.903 40.094 49.643 58.959 70.747 69.159 56.468 43.896 30.422 16.818 10.905 2.366 0.000 0.000 0.000 0.000 0.000 2.615 3.819 0.240 3.392 1.001 5.523 2.423 2.550 2.737 2.159 1.726 1.044 0.438 0.022 0.467 0.000 0.000 0.000 0.000 0.000 0.000 0.000 0.000 0.000 0.000 -999.250 -999.250 -999.250 -999.250 -999.250 -999.250 -999.250 -999.250 -999.250 -999.250 -999.250 -999.250 -999.250 -999.250 -999.250 -999.250 -999.250 -999.250 -999.250 -999.250 -999.250 -999.250
0.000 3.869 7.406 13.207 19.038 27.340 35.010 44.903 51.016 59.774 56.872 48.286 39.323 25.528 16.723 9.412 4.191 1.102 0.000 0.000 0.000 0.000 0.000 0.000 0.000 0.000 0.000 0.000 0.000 0.000 0.000 0.000 0.000 0.000 0.000 0.000 0.000 0.000 0.000 0.000 0.000 0.000 0.000 0.000 0.000 0.000 0.000 0.000 -999.250 -999.250 -999.250 -999.250 -999.250 -999.250 -999.250 -999.250 -999.250 -999.250 -999.250 -999.250 -999.250 -999.250 -999.250 -999.250 -999.250 -999.250 -999.250 -999.250 -999.250
0.000 1.698 6.252 10.388 16.023 23.508 33.705 39.991 45.009 47.615 45.252 40.054 31.840 22.823 14.214 8.440 6.256 2.941 1.279 0.276 0.000 0.000 0.000 0.000 0.000 0.000 0.000 0.000 0.000 0.000 0.000 0.000 0.000 0.000 0.000 0.000 0.000 0.000 0.000 0.000 0.000 0.000 0.000 0.000 0.000 0.000 0.000 -999.250 -999.250 -999.250 -999.250 -999.250 -999.250 -999.250 -999.250 -999.250 -999.250 -999.250 -999.250 -999.250 -999.250 -999.250 -999.250 -999.250 -999.250 -999.250 -999.250 -999.250 -999.250
0.000 0.182 5.641 9.205 14.279 19.846 25.910 32.674 38.263 41.178 40.301 33.274 29.034 18.697 12.892 9.354 5.724 1.381 2.150 0.000 0.000 0.000 0.000 0.000 0.000 0.000 0.000 0.000 0.000 0.000 0.000 0.000 0.000 0.000 0.000 0.000 0.000 0.000 0.000 0.000 0.000 0.000 0.000 0.000 0.018 0.000 0.000 0.000 -999.250 -999.250 -999.250 -999.250 -999.250 -999.250 -999.250 -999.250 -999.250 -999.250 -999.250 -999.250 -999.250 -999.250 -999.250 -999.250 -999.250 -999.250 -999.250 -999.250 -999.250
0.000 0.000 2.618 8.348 12.706 17.334 23.970 25.917 29.465 33.164 31.419 29.394 23.764 17.951 13.589 7.851 5.291 3.947 0.105 0.172 0.000 0.000 0.000 0.000 0.000 0.000 0.000 0.000 0.000 0.000 0.000 0.000 0.000 0.000 0.000 0.000 0.000 0.000 0.000 0.000 0.000 0.000 0.000 0.000 0.000 0.000 -999.250 -999.250 -999.250 -999.250 -999.250 -999.250 -999.250 -999.250 -999.250 -999.250 -999.250 -999.250 -999.250 -999.250 -999.250 -999.250 -999.250 -999.250 -999.250 -999.250 -999.250 -999.250 -999.250
0.000 0.000 1.617 7.418 10.172 15.667 19.744 20.880 25.484 23.436 22.809 23.326 18.371 16.072 12.871 8.994 6.397 3.814 2.784 0.831 0.000 0.000 0.000 0.000 0.000 0.000 0.000 0.000 0.000 0.000 0.000 0.000 0.000 0.000 0.000 0.000 0.000 0.000 0.000 0.000 0.000 0.000 0.000 0.000 0.000 -999.250 -999.250 -999.250 -999.250 -999.250 -999.250 -999.250 -999.250 -999.250 -999.250 -999.250 -999.250 -999.250 -999.250 -999.250 -999.250 -999.250 -999.250 -999.250 -999.250 -999.250 -999.250 -999.250 -999.250
0.000 0.000 1.565 7.713 10.652 13.244 16.282 19.363 20.700 20.847 18.747 17.551 18.443 13.877 11.932 7.891 6.604 5.314 6.412 2.308 0.000 0.000 0.000 0.000 0.000 0.000 0.000 0.000 0.000 0.000 0.000 0.000 0.000 0.000 0.000 0.000 0.000 0.000 0.000 0.000 0.000 0.000 0.000 0.000 0.000 -999.250 -999.250 -999.250 -999.250 -999.250 -999.250 -999.250 -999.250 -999.250 -999.250 -999.250 -999.250 -999.250 -999.250 -999.250 -999.250 -999.250 -999.250 -999.250 -999.250 -999.250 -999.250 -999.250 -999.250
0.000 0.000 0.095 4.540 9.170 11.653 14.066 14.454 18.149 18.016 15.493 15.315 14.400 11.931 9.883 8.393 7.175 5.044 3.496 0.370 0.000 0.000 0.000 0.000 0.000 0.000 0.000 0.000 0.000 0.000 0.000 0.000 0.000 0.000 0.000 0.000 0.000 0.000 0.000 0.000 0.000 0.000 0.000 0.000 -999.250 -999.250 -999.250 -999.250 -999.250 -999.250 -999.250 -999.250 -999.250 -999.250 -999.250 -999.250 -999.250 -999.250 -999.250 -999.250 -999.250 -999.250 -999.250 -999.250 -999.250 -999.250 -999.250 -999.250 -999.250
0.000 0.000 0.000 2.314 6.029 10.033 11.665 12.349 15.348 14.778 11.954 12.619 13.869 10.482 7.768 9.168 5.082 4.905 0.870 0.000 0.000 0.000 0.000 0.000 0.000 0.000 0.000 0.000 0.000 0.000 0.000 0.000 0.000 0.000 0.000 0.000 0.000 0.000 0.000 0.000 -999.250 -999.250 -999.250 -999.250 -999.250 -999.250 -999.250 -999.250 -999.250 -999.250 -999.250 -999.250 -999.250 -999.250 -999.250 -999.250 -999.250 -999.250 -999.250 -999.250 -999.250 -999.250 -999.250 -999.250 -999.250 -999.250 -999.250 -999.250 -999.250
0.000 0.000 0.000 0.688 3.231 8.766 8.046 12.585 11.979 11.412 11.461 11.028 11.327 8.616 7.553 6.822 3.504 1.552 0.000 0.000 0.000 0.000 0.000 0.000 0.000 0.000 0.000 0.000 0.000 0.000 0.000 0.000 0.000 0.000 0.000 0.000 0.000 0.000 -999.250 -999.250 -999.250 -999.250 -999.250 -999.250 -999.250 -999.250 -999.250 -999.250 -999.250 -999.250 -999.250 -999.250 -999.250 -999.250 -999.250 -999.250 -999.250 -999.250 -999.250 -999.250 -999.250 -999.250 -999.250 -999.250 -999.250 -999.250 -999.250 -999.250 -999.250
0.000 0.000 0.000 0.000 2.984 8.198 9.617 9.495 9.284 10.737 10.023 9.814 8.439 7.984 8.418 7.578 2.783 2.092 2.674 0.540 0.000 0.000 0.000 0.000 0.000 0.000 0.000 0.000 0.000 0.000 0.000 0.000 0.000 0.000 0.000 0.000 0.000 0.000 -999.250 -999.250 -999.250 -999.250 -999.250 -999.250 -999.250 -999.250 -999.250 -999.250 -999.250 -999.250 -999.250 -999.250 -999.250 -999.250 -999.250 -999.250 -999.250 -999.250 -999.250 -999.250 -999.250 -999.250 -999.250 -999.250 -999.250 -999.250 -999.250 -999.250 -999.250
0.000 0.000 0.000 0.075 3.686 5.732 8.379 10.409 9.560 11.316 8.330 9.536 9.205 7.757 7.419 5.692 2.707 4.970 2.798 1.145 0.000 0.000 0.000 0.000 0.000 0.000 0.000 0.000 0.000 0.000 0.000 0.000 0.000 0.000 0.000 0.000 0.000 0.000 -999.250 -999.250 -999.250 -999.250 -999.250 -999.250 -999.250 -999.250 -999.250 -999.250 -999.250 -999.250 -999.250 -999.250 -999.250 -999.250 -999.250 -999.250 -999.250 -999.250 -999.250 -999.250 -999.250 -999.250 -999.250 -999.250 -999.250 -999.250 -999.250 -999.250 -999.250
0.000 0.000 0.000 0.000 1.865 6.994 7.018 8.098 9.626 9.933 8.692 9.802 8.577 8.728 7.239 5.336 4.081 4.285 5.727 4.014 0.000 0.000 0.000 0.000 0.000 0.000 0.000 0.000 0.000 0.000 0.000 0.000 0.000 0.000 0.000 0.000 0.000 0.000 -999.250 -999.250 -999.250 -999.250 -999.250 -999.250 -999.250 -999.250 -999.250 -999.250 -999.250 -999.250 -999.250 -999.250 -999.250 -999.250 -999.250 -999.250 -999.250 -999.250 -999.250 -999.250 -999.250 -999.250 -999.250 -999.250 -999.250 -999.250 -999.250 -999.250 -999.250
0.000 0.000 0.000 0.000 2.140 6.580 8.610 9.374 8.507 10.128 9.761 9.793 8.653 7.551 6.494 5.270 5.427 6.047 7.549 2.991 0.024 0.000 0.000 0.000 0.000 0.000 0.000 0.000 0.000 0.000 0.000 0.000 0.000 0.000 0.000 0.000 0.000 0.000 -999.250 -999.250 -999.250 -999.250 -999.250 -999.250 -999.250 -999.250 -999.250 -999.250 -999.250 -999.250 -999.250 -999.250 -999.250 -999.250 -999.250 -999.250 -999.250 -999.250 -999.250 -999.250 -999.250 -999.250 -999.250 -999.250 -999.250 -999.250 -999.250 -999.250 -999.250
0.000 0.000 0.000 1.196 4.465 5.946 8.642 10.882 10.778 10.063 11.004 10.978 8.280 6.765 8.298 5.598 4.523 5.525 4.726 2.419 0.151 0.000 0.000 0.000 0.000 0.000 0.000 0.000 0.000 0.000 0.000 0.000 0.000 0.000 0.000 1.177 0.000 0.000 -999.250 -999.250 -999.250 -999.250 -999.250 -999.250 -999.250 -999.250 -999.250 -999.250 -999.250 -999.250 -999.250 -999.250 -999.250 -999.250 -999.250 -999.250 -999.250 -999.250 -999.250 -999.250 -999.250 -999.250 -999.250 -999.250 -999.250 -999.250 -999.250 -999.250 -999.250
0.000 0.000 0.000 1.148 8.037 9.137 12.346 12.671 12.240 13.530 11.529 9.704 9.990 7.478 7.475 4.616 5.635 5.374 2.603 0.376 0.277 0.000 0.000 0.000 0.000 0.000 0.000 0.000 0.000 0.000 0.000 0.000 0.000 0.000 0.000 1.434 0.787 0.000 0.000 1.661 -999.250 -999.250 -999.250 -999.250 -999.250 -999.250 -999.250 -999.250 -999.250 -999.250 -999.250 -999.250 -999.250 -999.250 -999.250 -999.250 -999.250 -999.250 -999.250 -999.250 -999.250 -999.250 -999.250 -999.250 -999.250 -999.250 -999.250 -999.250 -999.250
0.000 0.000 0.000 6.548 8.768 11.263 12.821 16.015 17.025 15.529 11.992 12.876 12.708 9.953 9.653 7.236 4.656 2.119 2.432 0.220 0.000 0.000 0.000 0.000 0.000 0.000 0.000 0.000 0.000 0.000 0.000 0.000 0.000 0.042 2.339 2.371 2.599 3.861 0.789 2.236 2.525 3.357 -999.250 -999.250 -999.250 -999.250 -999.250 -999.250 -999.250 -999.250 -999.250 -999.250 -999.250 -999.250 -999.250 -999.250 -999.250 -999.250 -999.250 -999.250 -999.250 -999.250 -999.250 -999.250 -999.250 -999.250 -999.250 -999.250 -999.250
2.463 5.640 7.510 10.080 12.782 13.702 17.061 16.010 17.778 16.351 15.973 13.306 11.054 9.318 8.875 7.081 5.943 2.337 0.000 0.000 0.000 0.000 0.000 0.000 0.000 0.000 0.000 0.000 0.000 0.000 0.513 0.854 3.245 2.693 3.905 2.551 3.274 4.047 3.028 2.227 3.190 2.720 -999.250 -999.250 -999.250 -999.250 -999.250 -999.250 -999.250 -999.250 -999.250 -999.250 -999.250 -999.250 -999.250 -999.250 -999.250 -999.250 -999.250 -999.250 -999.250 -999.250 -999.250 -999.250 -999.250 -999.250 -999.250 -999.250 -999.250
10.717 11.045 13.558 15.539 19.957 19.545 21.155 22.770 20.321 18.261 18.667 13.893 13.212 11.800 11.149 8.866 6.131 1.991 1.022 0.205 0.000 0.000 0.000 0.000 0.000 0.000 0.000 0.000 0.000 0.131 0.546 4.165 2.396 2.367 5.877 3.845 4.243 4.552 3.907 4.086 6.907 6.154 4.789 -999.250 -999.250 -999.250 -999.250 -999.250 -999.250 -999.250 -999.250 -999.250 -999.250 -999.250 -999.250 -999.250 -999.250 -999.250 -999.250 -999.250 -999.250 -999.250 -999.250 -999.250 -999.250 -999.250 -999.250 -999.250 -999.250
17.057 17.904 20.300 21.272 26.686 24.124 24.067 22.561 20.487 21.834 20.009 16.626 14.429 11.227 11.161 8.686 6.283 4.020 1.786 0.000 0.000 0.000 0.000 0.000 0.000 0.000 0.000 0.000 0.000 0.000 0.000 2.581 1.768 5.533 4.350 3.351 5.032 5.163 4.908 4.326 3.925 7.053 7.318 6.936 -999.250 -999.250 -999.250 -999.250 -999.250 -999.250 -999.250 -999.250 -999.250 -999.250 -999.250 -999.250 -999.250 -999.250 -999.250 -999.250 -999.250 -999.250 -999.250 -999.250 -999.250 -999.250 -999.250 -999.250 -999.250
24.976 30.786 30.436 34.880 38.171 34.491 32.572 32.447 26.247 26.501 22.268 19.989 14.559 12.596 11.021 9.152 5.140 5.749 3.255 1.177 0.000 0.000 0.000 0.000 0.000 0.000 0.000 0.000 0.000 0.000 0.869 2.826 5.300 5.482 5.231 5.948 6.954 5.798 4.889 5.514 5.270 7.857 8.377 6.950 -999.250 -999.250 -999.250 -999.250 -999.250 -999.250 -999.250 -999.250 -999.250 -999.250 -999.250 -999.250 -999.250 -999.250 -999.250 -999.250 -999.250 -999.250 -999.250 -999.250 -999.250 -999.250 -999.250 -999.250 -999.250
35.491 44.664 40.733 44.849 43.871 47.203 43.791 37.059 34.217 28.558 26.052 22.147 17.908 15.952 10.049 9.507 8.113 7.526 2.930 0.000 0.000 0.000 0.000 0.000 0.000 0.000 0.000 0.000 0.144 0.928 1.385 5.289 5.519 6.506 8.087 7.740 7.437 8.158 7.011 8.917 8.182 9.468 9.546 9.987 11.201 -999.250 -999.250 -999.250 -999.250 -999.250 -999.250 -999.250 -999.250 -999.250 -999.250 -999.250 -999.250 -999.250 -999.250 -999.250 -999.250 -999.250 -999.250 -999.250 -999.250 -999.250 -999.250 -999.250 -999.250
46.493 50.564 58.765 57.882 52.440 53.344 49.534 44.518 37.662 31.011 29.833 30.951 22.593 20.332 13.085 11.304 10.364 7.078 5.301 3.102 0.000 0.000 0.000 0.000 0.000 0.000 0.000 0.000 0.000 2.511 3.577 6.377 7.122 8.185 10.465 10.023 9.164 10.016 8.897 8.230 7.877 9.730 11.196 9.393 -999.250 -999.250 -999.250 -999.250 -999.250 -999.250 -999.250 -999.250 -999.250 -999.250 -999.250 -999.250 -999.250 -999.250 -999.250 -999.250 -999.250 -999.250 -999.250 -999.250 -999.250 -999.250 -999.250 -999.250 -999.250
