data/medianmodel_14-Jun-2020.asc
ncols	141
nrows	288
xllcorner	-120191.398
yllcorner	-301404.813
cellsize	2000.000
NODATA_value	-999.250
[rows 124 to 154 of 288, columns 0 to 68 of 141]
-999.250 -999.250 -999.250 -999.250 -999.250 -999.250 -999.250 -999.250 -999.250 -999.250 -999.250 -999.250 -999.250 -999.250 -999.250 -999.250 -999.250 -999.250 -999.250 -999.250 -999.250 -999.250 -999.250 -999.250 3.220 3.306 3.906 6.438 6.159 3.277 7.411 5.127 5.671 6.524 7.151 6.690 6.705 11.026 10.467 12.713 6.618 6.138 3.575 3.599 4.007 2.986 1.145 1.165 0.000 0.000 0.000 0.000 0.000 0.000 0.000 0.000 0.000 0.000 0.000 0.000 0.000 0.000 0.000 1.955 2.103 2.959 2.637 3.748 6.641
-999.250 -999.250 -999.250 -999.250 -999.250 -999.250 -999.250 -999.250 -999.250 -999.250 -999.250 -999.250 -999.250 -999.250 -999.250 -999.250 -999.250 -999.250 -999.250 -999.250 -999.250 -999.250 -999.250 -999.250 2.394 0.854 4.057 5.182 3.779 5.315 5.546 6.843 8.877 7.469 5.594 5.159 6.912 8.386 9.470 9.479 10.216 6.158 5.478 5.977 2.817 3.841 3.469 0.000 0.000 0.000 0.000 0.000 0.000 0.000 0.000 0.000 0.000 0.000 0.000 0.000 0.000 0.000 0.000 1.692 1.208 2.771 3.779 4.618 8.153
-999.250 -999.250 -999.250 -999.250 -999.250 -999.250 -999.250 -999.250 -999.250 -999.250 -999.250 -999.250 -999.250 -999.250 -999.250 -999.250 -999.250 -999.250 -999.250 -999.250 -999.250 -999.250 -999.250 3.509 1.910 2.224 3.443 4.248 6.603 5.782 7.121 6.875 8.328 8.670 4.859 4.244 4.022 6.875 4.623 7.937 8.126 5.924 4.352 4.420 2.820 0.901 1.800 0.000 0.000 0.000 0.000 0.000 0.000 0.000 0.000 0.000 0.000 0.000 0.000 0.000 0.000 0.000 0.000 0.000 0.461 4.396 5.501 4.328 6.077
-999.250 -999.250 -999.250 -999.250 -999.250 -999.250 -999.250 -999.250 -999.250 -999.250 -999.250 -999.250 -999.250 -999.250 -999.250 -999.250 -999.250 -999.250 -999.250 -999.250 -999.250 -999.250 -999.250 5.688 4.389 3.567 7.808 5.830 4.033 2.025 0.698 5.535 7.854 7.087 5.590 5.803 5.465 2.849 4.337 3.868 5.842 3.436 5.657 5.092 2.892 0.551 0.297 0.000 0.000 0.000 0.000 0.000 0.000 0.000 0.000 0.000 0.000 0.000 0.000 0.000 0.000 0.000 0.000 0.000 0.168 2.230 5.968 3.663 4.214
-999.250 -999.250 -999.250 -999.250 -999.250 -999.250 -999.250 -999.250 -999.250 -999.250 -999.250 -999.250 -999.250 -999.250 -999.250 -999.250 -999.250 -999.250 -999.250 -999.250 -999.250 -999.250 -999.250 5.819 3.466 5.625 4.751 4.045 1.250 0.381 1.933 2.716 3.058 6.034 3.888 6.848 6.932 4.983 3.858 3.067 3.095 3.538 3.814 5.630 4.545 1.392 0.000 0.000 0.000 0.000 0.000 0.000 0.000 0.000 0.000 0.000 0.000 0.000 0.000 0.000 0.000 0.000 0.000 0.000 1.935 4.226 5.487 8.070 6.962
-999.250 -999.250 -999.250 -999.250 -999.250 -999.250 -999.250 -999.250 -999.250 -999.250 -999.250 -999.250 -999.250 -999.250 -999.250 -999.250 -999.250 -999.250 -999.250 -999.250 -999.250 -999.250 7.071 2.040 0.584 1.364 4.639 4.426 1.584 0.676 0.000 0.000 6.050 6.581 4.611 4.287 5.623 5.866 6.454 4.254 4.647 3.413 4.693 6.027 3.795 2.296 0.000 0.000 0.000 0.000 0.000 0.000 0.000 0.000 0.000 0.000 0.000 0.000 0.000 0.000 0.000 0.000 0.000 0.000 1.548 5.995 8.258 5.041 5.407
-999.250 -999.250 -999.250 -999.250 -999.250 -999.250 -999.250 -999.250 -999.250 -999.250 -999.250 -999.250 -999.250 -999.250 -999.250 -999.250 -999.250 -999.250 -999.250 -999.250 -999.250 -999.250 4.581 3.247 0.673 1.313 2.558 4.021 2.880 2.582 1.298 1.400 2.705 7.106 5.448 4.998 3.478 3.668 7.805 5.932 4.128 2.506 3.361 5.282 3.367 0.040 0.000 0.000 0.000 0.000 0.000 0.000 0.000 0.000 0.000 0.000 0.000 0.000 0.000 0.000 0.000 0.000 0.000 0.000 3.420 3.362 6.167 6.264 6.644
-999.250 -999.250 -999.250 -999.250 -999.250 -999.250 -999.250 -999.250 -999.250 -999.250 -999.250 -999.250 -999.250 -999.250 -999.250 -999.250 -999.250 -999.250 -999.250 -999.250 -999.250 6.379 4.124 2.865 5.194 0.000 0.434 2.163 4.209 3.345 7.185 4.316 3.440 3.131 4.614 7.857 6.388 4.808 3.285 7.220 6.594 4.258 2.642 2.857 2.886 1.928 0.000 0.000 0.000 0.000 0.000 0.000 0.000 0.000 0.000 0.000 0.000 0.000 0.000 0.000 0.480 0.000 0.000 0.839 3.378 5.246 6.175 7.665 5.431
-999.250 -999.250 -999.250 -999.250 -999.250 -999.250 -999.250 -999.250 -999.250 -999.250 -999.250 -999.250 -999.250 -999.250 -999.250 -999.250 -999.250 -999.250 -999.250 -999.250 -999.250 7.500 4.418 5.427 2.351 3.142 1.128 3.334 3.020 2.849 3.909 2.493 3.921 5.591 7.280 6.346 5.677 4.047 6.433 5.185 5.761 6.060 4.110 2.587 1.426 0.414 0.000 0.000 0.000 0.000 0.000 0.000 0.000 0.000 0.000 0.000 0.000 0.000 0.000 0.000 1.701 3.583 0.980 2.589 2.349 3.593 7.188 9.395 16.154
-999.250 -999.250 -999.250 -999.250 -999.250 -999.250 -999.250 -999.250 -999.250 -999.250 -999.250 -999.250 -999.250 -999.250 -999.250 -999.250 -999.250 -999.250 -999.250 -999.250 -999.250 5.877 4.157 5.150 6.328 3.699 3.858 4.404 4.870 4.149 2.310 2.158 1.484 2.628 5.261 7.165 2.856 4.156 6.367 8.959 7.308 6.627 2.740 1.365 0.965 0.000 0.000 0.000 0.000 0.000 0.000 0.000 0.000 0.000 0.000 0.000 0.000 0.000 0.000 0.000 1.290 3.006 4.961 4.720 4.295 4.442 7.452 8.579 14.993
-999.250 -999.250 -999.250 -999.250 -999.250 -999.250 -999.250 -999.250 -999.250 -999.250 -999.250 -999.250 -999.250 -999.250 -999.250 -999.250 -999.250 -999.250 -999.250 -999.250 8.092 8.537 3.154 4.889 6.022 4.309 5.653 4.016 5.434 4.598 2.846 3.422 2.523 2.047 4.446 6.601 5.723 7.792 6.915 7.512 5.692 4.731 2.874 1.623 0.770 0.000 0.000 0.000 0.000 0.000 0.000 0.000 0.000 0.000 0.000 0.000 0.000 0.000 0.000 0.000 0.000 0.221 1.469 3.779 3.618 4.766 6.776 11.279 12.434
-999.250 -999.250 -999.250 -999.250 -999.250 -999.250 -999.250 -999.250 -999.250 -999.250 -999.250 -999.250 -999.250 -999.250 -999.250 -999.250 -999.250 -999.250 -999.250 -999.250 8.502 6.686 8.361 7.636 7.167 6.555 4.376 3.842 6.225 4.167 5.193 5.143 3.340 3.831 6.175 5.365 7.221 7.622 5.833 4.487 3.272 1.944 3.380 2.020 0.849 0.000 0.000 0.000 0.000 0.000 0.000 0.000 0.000 0.000 0.000 0.000 0.000 0.000 0.000 0.000 0.000 0.000 4.619 4.778 6.208 5.762 8.220 12.428 9.554
-999.250 -999.250 -999.250 -999.250 -999.250 -999.250 -999.250 -999.250 -999.250 -999.250 -999.250 -999.250 -999.250 -999.250 -999.250 -999.250 -999.250 -999.250 -999.250 -999.250 7.335 5.315 10.992 8.360 5.642 5.110 6.503 3.399 5.085 7.016 5.548 5.444 3.380 5.753 6.219 4.152 4.641 4.734 5.260 5.793 7.505 6.414 4.557 4.614 2.399 1.399 0.000 0.000 0.000 0.000 0.000 0.000 0.000 0.000 0.000 0.000 0.000 0.000 0.000 0.000 0.000 0.000 1.204 5.416 6.347 7.706 9.872 11.112 8.832
-999.250 -999.250 -999.250 -999.250 -999.250 -999.250 -999.250 -999.250 -999.250 -999.250 -999.250 -999.250 -999.250 -999.250 -999.250 -999.250 -999.250 -999.250 -999.250 -999.250 5.233 6.787 8.232 8.417 4.376 3.870 5.136 4.021 5.085 5.743 12.529 6.803 4.969 4.074 6.549 4.245 2.172 3.004 3.706 8.428 15.893 10.776 4.035 4.368 2.347 0.000 0.000 0.000 0.000 0.000 0.000 0.000 0.000 0.000 0.000 0.000 0.000 0.000 0.000 0.000 0.000 0.000 2.543 3.123 5.304 7.165 9.092 7.944 10.913
-999.250 -999.250 -999.250 -999.250 -999.250 -999.250 -999.250 -999.250 -999.250 -999.250 -999.250 -999.250 -999.250 -999.250 -999.250 -999.250 -999.250 -999.250 -999.250 8.034 6.805 7.118 5.452 7.325 7.969 4.594 3.728 2.319 5.743 2.462 4.553 5.971 3.789 4.270 3.799 1.808 2.475 4.734 6.346 7.539 6.612 5.926 3.063 1.235 0.822 0.000 0.000 0.339 0.000 0.000 0.000 0.000 0.000 0.000 0.000 0.000 0.000 0.000 0.000 0.000 0.000 0.000 1.776 2.370 5.530 5.905 5.025 8.138 6.583
-999.250 -999.250 -999.250 -999.250 -999.250 -999.250 -999.250 -999.250 -999.250 -999.250 -999.250 -999.250 -999.250 -999.250 -999.250 -999.250 -999.250 -999.250 -999.250 4.949 1.837 1.207 2.596 10.285 9.946 6.645 3.946 3.146 2.558 2.854 2.569 2.845 6.776 8.164 4.826 5.298 4.829 3.862 7.394 4.342 5.149 4.374 2.603 2.970 2.500 0.000 0.000 0.000 0.000 0.000 0.000 0.000 0.000 0.000 0.000 0.000 0.000 0.000 0.000 0.000 0.000 0.000 0.000 1.320 3.141 4.655 6.588 6.039 5.919
-999.250 -999.250 -999.250 -999.250 -999.250 -999.250 -999.250 -999.250 -999.250 -999.250 -999.250 -999.250 -999.250 -999.250 -999.250 -999.250 -999.250 -999.250 -999.250 3.247 0.000 0.000 2.643 9.217 13.337 9.610 9.143 5.980 4.693 2.832 4.296 3.092 7.578 6.637 5.395 7.110 3.504 3.949 5.382 2.907 3.655 3.778 6.170 2.331 2.221 1.339 0.000 0.000 0.000 0.000 0.000 0.000 0.000 0.000 0.000 0.000 0.000 0.000 0.000 0.000 0.000 0.000 0.000 2.269 6.849 7.545 5.308 3.956 7.051
-999.250 -999.250 -999.250 -999.250 -999.250 -999.250 -999.250 -999.250 -999.250 -999.250 -999.250 -999.250 -999.250 -999.250 -999.250 -999.250 -999.250 -999.250 -999.250 2.717 1.677 2.787 6.646 12.691 14.276 11.786 12.396 10.501 6.777 6.735 3.244 2.950 6.081 7.634 8.242 7.050 4.670 3.973 2.345 3.235 0.665 1.862 2.835 1.056 2.449 0.000 0.000 0.000 0.000 0.000 0.000 0.000 0.000 0.000 0.000 0.000 0.000 0.000 0.000 0.000 0.000 0.000 1.128 5.729 9.469 7.201 4.536 3.541 7.536
-999.250 -999.250 -999.250 -999.250 -999.250 -999.250 -999.250 -999.250 -999.250 -999.250 -999.250 -999.250 -999.250 -999.250 -999.250 -999.250 -999.250 -999.250 -999.250 5.461 10.221 7.459 12.299 16.889 15.440 15.409 12.683 6.285 10.150 6.885 8.329 5.372 5.068 6.280 6.242 4.337 4.035 4.642 4.509 2.962 1.696 1.571 2.021 0.260 1.122 0.415 0.000 0.000 0.000 0.000 0.000 0.000 0.000 0.000 0.000 0.000 0.000 0.000 0.000 0.000 0.000 0.000 4.219 5.827 15.957 9.477 6.339 3.818 3.439
-999.250 -999.250 -999.250 -999.250 -999.250 -999.250 -999.250 -999.250 -999.250 -999.250 -999.250 -999.250 -999.250 -999.250 -999.250 -999.250 -999.250 -999.250 13.232 11.500 13.943 12.018 18.640 33.610 16.249 13.608 9.287 10.055 11.438 8.506 7.829 5.287 5.233 8.046 6.804 4.415 2.310 4.983 2.768 3.578 1.824 1.121 1.701 0.808 0.000 0.000 0.000 0.000 0.000 0.000 0.000 0.000 0.000 0.000 0.000 0.000 0.000 0.000 0.000 0.000 0.000 0.000 2.363 3.660 7.290 6.780 3.616 1.766 4.406
-999.250 -999.250 -999.250 -999.250 -999.250 -999.250 -999.250 -999.250 -999.250 -999.250 -999.250 -999.250 -999.250 -999.250 -999.250 -999.250 -999.250 21.687 19.154 19.083 17.933 16.882 19.288 15.307 17.810 16.822 12.029 12.853 9.536 8.715 10.671 7.128 2.876 7.019 6.059 5.342 2.029 2.525 6.184 3.187 1.166 0.000 0.000 0.000 0.000 0.000 0.000 0.000 0.000 0.000 0.000 0.000 0.000 0.000 0.000 0.000 0.000 0.000 0.000 0.000 0.000 0.000 0.413 1.891 1.839 3.786 1.753 0.810 1.113
-999.250 -999.250 -999.250 -999.250 -999.250 -999.250 -999.250 -999.250 -999.250 -999.250 -999.250 -999.250 -999.250 -999.250 -999.250 -999.250 -999.250 30.743 28.030 23.020 24.551 24.473 24.569 19.511 16.814 14.784 14.226 11.346 11.031 8.893 9.746 8.508 7.174 6.571 7.114 6.657 2.696 3.615 1.094 2.278 0.960 0.000 0.000 0.522 0.000 0.000 0.000 0.000 0.000 0.000 0.000 0.000 0.000 0.000 0.000 0.000 0.000 0.000 0.000 0.000 0.000 0.000 0.000 0.000 0.000 1.414 1.067 0.000 0.000
-999.250 -999.250 -999.250 -999.250 -999.250 -999.250 -999.250 -999.250 -999.250 -999.250 -999.250 -999.250 -999.250 -999.250 -999.250 52.872 26.941 27.416 26.149 16.695 24.067 25.725 24.449 19.658 14.772 19.069 14.391 13.559 11.632 12.700 10.320 10.827 9.332 9.941 8.184 5.038 1.719 1.537 1.839 3.824 3.772 5.725 0.029 0.000 2.624 4.140 0.000 0.000 0.000 0.000 0.000 0.000 0.000 0.000 0.000 0.000 0.000 2.847 0.000 0.000 0.000 0.000 0.000 0.000 1.320 2.814 0.132 0.045 0.000
-999.250 -999.250 -999.250 -999.250 -999.250 -999.250 -999.250 -999.250 -999.250 -999.250 -999.250 -999.250 -999.250 -999.250 46.151 41.290 33.594 20.184 23.154 26.757 25.577 30.931 28.317 22.645 16.413 15.206 13.330 13.021 11.937 15.302 15.738 9.562 11.999 9.057 8.663 5.682 3.541 3.827 2.768 2.507 3.944 5.045 1.662 4.458 7.587 9.339 3.577 0.000 0.000 0.000 0.000 0.000 0.000 0.000 0.000 0.000 0.000 0.000 0.000 0.000 0.000 0.000 0.000 0.000 0.000 0.142 0.000 0.000 0.000
-999.250 -999.250 -999.250 -999.250 -999.250 -999.250 -999.250 -999.250 -999.250 -999.250 -999.250 -999.250 -999.250 -999.250 49.671 45.987 38.537 29.367 30.153 28.654 40.204 28.541 25.425 22.125 18.933 17.515 14.941 13.971 17.049 19.016 18.678 14.818 15.782 12.229 6.905 4.111 3.059 7.807 3.807 3.526 3.757 3.013 4.228 8.299 15.490 23.193 7.846 0.000 0.000 0.000 0.000 0.000 0.000 0.000 0.000 0.000 0.000 0.000 0.000 0.000 0.000 0.000 0.000 0.000 0.000 0.000 0.000 0.000 0.000
-999.250 -999.250 -999.250 -999.250 -999.250 -999.250 -999.250 -999.250 -999.250 -999.250 -999.250 -999.250 -999.250 53.912 57.547 48.855 39.352 32.725 38.330 45.117 44.489 34.724 21.676 23.065 27.554 19.307 13.807 18.507 17.958 20.108 22.023 16.351 20.710 12.280 7.854 3.949 7.336 5.280 2.799 6.954 6.653 4.729 4.850 8.567 16.128 11.800 8.595 0.000 0.000 0.000 0.000 0.000 0.000 0.000 0.000 0.000 0.000 0.000 0.000 0.000 0.000 0.000 0.000 0.000 0.000 0.000 0.000 0.000 0.000
-999.250 -999.250 -999.250 -999.250 -999.250 -999.250 -999.250 -999.250 -999.250 -999.250 -999.250 -999.250 55.201 72.284 57.875 47.616 40.343 50.892 55.145 37.550 46.124 38.621 25.934 25.134 20.388 20.679 18.772 22.923 25.695 26.590 21.196 18.569 16.341 9.756 9.714 7.642 8.818 7.182 8.436 6.525 6.193 7.001 5.664 6.727 12.213 11.372 7.377 1.178 0.000 0.000 0.000 0.000 0.000 0.000 0.000 0.000 0.000 0.000 0.000 0.000 0.000 0.000 0.000 0.000 0.000 0.000 0.000 0.000 0.000
-999.250 -999.250 -999.250 -999.250 -999.250 -999.250 -999.250 -999.250 -999.250 -999.250 -999.250 53.303 58.515 70.205 67.291 55.396 67.501 42.640 67.183 62.138 49.417 52.149 29.907 37.885 19.868 18.417 18.178 25.896 20.824 26.905 17.410 24.395 17.095 14.485 12.227 12.572 10.590 10.429 10.521 8.335 6.250 7.668 7.687 7.338 10.323 18.730 7.044 3.090 0.000 0.000 0.000 0.000 0.000 0.000 0.000 0.000 0.000 0.000 0.000 0.000 0.000 0.000 0.000 0.000 0.000 0.000 0.000 0.000 0.000
-999.250 -999.250 -999.250 -999.250 -999.250 -999.250 -999.250 -999.250 -999.250 -999.250 60.195 49.367 44.808 60.064 76.659 73.643 69.614 54.494 69.853 65.281 53.175 47.606 32.415 29.192 18.677 25.241 26.580 27.914 23.419 28.866 18.463 17.465 20.409 15.901 12.223 13.759 12.954 15.112 10.164 12.328 11.795 10.212 10.183 7.519 6.458 8.258 1.744 2.034 1.865 1.098 0.167 0.000 0.000 0.000 0.000 0.000 0.000 0.000 0.000 0.000 0.000 0.000 0.000 0.000 0.000 0.000 0.000 0.000 0.000
-999.250 -999.250 -999.250 -999.250 -999.250 -999.250 -999.250 -999.250 -999.250 55.870 46.800 43.007 59.693 56.359 73.972 84.388 65.530 60.444 65.186 80.906 58.705 47.822 47.194 33.967 17.655 19.378 25.654 28.432 29.360 23.632 21.177 18.069 16.241 17.111 16.184 13.349 14.682 17.081 17.255 15.648 13.288 10.673 8.922 8.704 3.271 0.605 0.000 0.000 1.139 0.733 0.000 0.000 0.000 0.000 0.000 0.000 0.000 0.000 0.000 0.000 0.000 0.000 0.000 0.000 0.000 0.000 0.000 0.000 0.000
-999.250 -999.250 -999.250 -999.250 -999.250 37.922 60.375 47.863 45.478 57.949 56.125 56.029 51.488 54.345 59.704 72.744 57.678 51.105 60.789 63.198 39.533 31.117 31.369 26.586 16.086 11.674 14.781 20.737 24.394 23.074 18.220 14.985 16.911 16.070 15.816 15.594 14.474 17.035 15.533 14.643 13.697 10.033 5.989 6.371 3.513 0.000 0.000 0.000 0.124 1.698 0.184 0.000 0.000 0.000 0.000 0.000 0.000 0.000 0.000 0.000 0.000 0.000 0.000 0.000 0.000 0.000 0.000 0.000 0.000
