data/medianmodel_06-Aug-2020.asc
ncols	141
nrows	288
xllcorner	-120191.398
yllcorner	-301404.813
cellsize	2000.000
NODATA_value	-999.250
[rows 150 to 179 of 288, columns 0 to 67 of 141]
-999.250 -999.250 -999.250 -999.250 -999.250 -999.250 -999.250 -999.250 -999.250 -999.250 -999.250 -999.250 2.498 3.768 4.907 6.975 14.696 18.287 24.785 27.572 30.034 25.483 26.577 27.546 25.827 20.899 17.511 12.171 11.856 7.462 6.229 3.612 3.362 2.180 2.292 2.452 3.873 6.655 9.985 18.777 26.657 34.838 43.134 54.920 65.741 69.320 58.040 40.330 27.211 14.862 8.629 4.335 1.026 0.879 1.699 6.312 12.153 24.985 37.258 48.432 63.675 72.582 103.499 129.852 160.293 174.905 199.511 211.172
-999.250 -999.250 -999.250 -999.250 -999.250 -999.250 -999.250 -999.250 -999.250 -999.250 -999.250 0.000 1.638 2.967 5.141 7.135 10.901 17.776 24.172 28.465 27.393 27.981 25.661 26.086 20.132 17.174 12.213 10.449 8.915 6.355 4.197 3.314 3.361 2.191 2.604 3.682 5.910 10.123 16.332 20.491 32.421 36.916 51.360 62.522 73.363 93.650 64.459 45.065 33.025 17.851 9.475 4.454 1.080 0.844 3.989 7.155 10.957 25.038 38.067 52.152 64.400 70.588 89.052 111.655 144.357 175.337 183.295 199.501
-999.250 -999.250 -999.250 -999.250 -999.250 -999.250 -999.250 -999.250 -999.250 -999.250 0.000 0.000 0.000 3.514 4.972 8.316 11.710 16.830 25.459 29.467 29.801 29.563 22.101 18.236 16.821 12.361 10.297 9.128 6.946 5.465 4.725 3.208 3.546 3.471 3.476 6.061 8.641 11.860 21.353 28.641 33.332 41.468 53.538 62.622 71.606 69.748 59.272 42.746 28.062 15.130 11.424 5.997 3.496 2.523 3.748 10.629 14.714 24.276 35.254 51.928 67.753 73.511 77.733 102.297 122.439 157.746 194.390 198.231
-999.250 -999.250 -999.250 -999.250 -999.250 -999.250 -999.250 -999.250 -999.250 0.000 0.000 0.000 0.000 1.211 4.428 8.439 7.380 13.702 23.781 34.674 29.134 26.450 22.565 15.657 13.678 10.896 6.832 6.176 5.996 5.590 4.832 3.947 4.038 3.909 5.159 7.200 8.871 11.897 21.713 29.992 38.112 40.892 50.606 56.778 57.273 57.177 45.937 33.255 26.755 17.453 9.404 6.280 3.145 2.603 4.434 9.338 19.215 23.104 33.238 40.472 57.159 62.839 74.708 101.849 108.565 140.198 152.143 159.199
-999.250 -999.250 -999.250 -999.250 -999.250 4.098 3.773 0.879 0.000 0.000 0.000 0.000 0.000 0.796 2.335 4.563 5.978 9.660 18.001 22.116 22.626 19.937 16.604 14.221 11.311 10.223 6.230 5.302 5.171 3.999 3.457 4.258 3.809 5.372 5.593 7.342 9.656 13.736 23.367 33.210 36.895 43.534 49.105 47.910 45.661 41.962 32.619 25.417 19.666 13.770 6.834 5.614 3.154 3.279 4.872 8.974 19.649 27.462 33.590 37.350 48.651 57.642 68.535 88.979 111.656 122.359 125.128 163.716
-999.250 -999.250 -999.250 -999.250 -999.250 -999.250 -999.250 3.736 3.634 2.916 2.103 0.000 0.000 0.000 0.181 2.049 4.114 6.030 9.599 15.416 14.950 14.231 12.333 8.649 9.010 9.814 4.836 4.094 3.442 2.833 2.001 3.292 4.249 5.173 7.227 7.395 9.734 16.921 26.746 33.069 38.235 44.253 45.119 41.753 39.771 34.638 26.365 18.668 12.799 10.191 5.932 4.028 2.476 1.518 2.973 7.545 13.212 21.985 28.927 38.794 43.991 50.263 63.344 73.733 98.271 106.493 111.259 118.922
-999.250 -999.250 -999.250 -999.250 -999.250 -999.250 -999.250 6.242 5.415 4.995 4.146 2.746 0.668 0.000 0.000 0.000 1.689 3.098 5.200 8.153 9.098 8.059 7.691 6.497 6.965 5.597 4.650 3.980 1.891 1.814 1.670 2.865 3.338 4.309 6.078 7.133 9.255 19.303 23.997 30.503 35.456 38.060 41.822 36.067 35.893 29.272 19.163 16.078 11.079 8.150 5.111 3.137 0.000 0.174 2.717 6.512 12.190 19.706 23.687 31.262 34.628 38.817 58.806 62.504 74.526 77.289 87.476 102.319
-999.250 -999.250 -999.250 -999.250 -999.250 -999.250 -999.250 14.011 11.435 10.373 8.143 5.793 3.601 0.773 0.000 0.000 0.000 0.011 0.870 3.862 5.686 4.109 4.037 4.285 4.636 3.499 3.800 2.775 1.249 3.021 1.388 1.337 2.134 4.531 6.123 6.650 11.802 16.551 24.957 28.813 30.836 34.742 32.516 37.466 30.179 21.488 14.313 10.291 8.876 4.578 4.140 1.731 0.458 0.000 2.169 6.227 8.645 14.166 20.846 33.156 29.565 39.179 43.407 55.612 60.108 62.753 71.210 74.264
-999.250 -999.250 -999.250 -999.250 -999.250 -999.250 -999.250 21.010 22.234 19.994 15.267 10.802 6.344 3.153 0.000 0.000 0.000 0.000 0.000 1.862 1.863 2.436 3.302 3.801 3.769 3.458 2.013 3.145 1.723 1.073 2.777 2.170 3.482 4.663 5.849 7.314 12.056 15.177 18.589 23.510 27.087 31.463 31.544 29.665 28.844 19.407 15.173 10.096 6.090 3.580 2.602 0.000 0.134 0.095 1.338 4.524 7.034 10.961 12.607 20.067 24.681 31.703 36.948 42.085 48.161 58.173 63.697 65.410
-999.250 -999.250 -999.250 -999.250 -999.250 -999.250 -999.250 -999.250 28.366 27.304 24.912 13.257 9.036 5.706 1.648 0.000 0.000 0.000 0.000 0.266 0.366 0.434 0.898 2.320 2.924 3.246 3.512 2.917 2.027 0.714 1.463 2.822 2.506 3.292 5.646 6.413 9.244 12.330 18.884 23.879 26.594 27.993 28.415 22.443 21.681 17.727 10.794 7.688 4.274 2.948 0.365 0.000 0.000 0.000 0.007 2.043 4.457 6.413 10.304 17.822 18.991 25.426 26.538 35.637 41.848 39.638 51.386 60.775
-999.250 -999.250 -999.250 -999.250 -999.250 -999.250 -999.250 -999.250 37.728 38.677 30.794 21.348 14.840 8.796 4.317 0.000 0.000 0.000 0.000 0.558 0.569 0.000 1.107 1.662 2.978 2.535 4.284 3.875 2.363 1.968 3.434 2.020 1.703 2.311 5.174 5.928 9.259 11.319 15.329 19.819 24.078 28.333 21.992 18.631 15.311 10.943 7.872 5.678 3.186 3.056 0.059 0.041 0.000 0.000 0.000 0.889 2.705 4.148 5.982 10.305 11.084 14.320 20.699 28.007 28.652 33.347 37.311 43.203
-999.250 -999.250 -999.250 -999.250 -999.250 -999.250 -999.250 38.659 39.990 38.606 34.679 31.548 24.249 15.669 10.506 5.819 3.412 2.899 3.951 3.302 3.536 2.948 3.777 3.927 3.182 5.326 5.175 5.953 4.941 2.887 4.823 2.804 0.797 1.837 3.263 5.945 12.191 9.217 10.117 11.242 17.838 23.495 17.406 15.161 11.261 8.780 6.819 5.846 3.188 1.177 0.390 0.000 0.000 0.000 0.000 0.000 0.747 3.170 4.200 6.189 6.893 8.497 15.658 16.890 21.260 23.216 27.790 29.373
-999.250 -999.250 -999.250 -999.250 -999.250 -999.250 -999.250 41.773 41.137 43.667 40.667 36.145 32.797 27.643 20.549 16.555 9.369 7.392 6.724 5.745 7.314 5.203 5.753 4.646 5.355 6.139 7.657 7.144 6.350 5.386 4.595 2.489 0.396 0.999 2.274 4.498 5.231 5.444 6.488 8.555 11.223 12.729 14.031 9.759 8.732 7.561 8.353 4.731 4.334 0.542 0.000 0.000 0.000 0.000 0.000 0.000 0.000 0.171 1.147 3.771 4.788 6.856 7.656 7.843 11.346 15.686 19.314 23.333
-999.250 -999.250 -999.250 -999.250 -999.250 -999.250 -999.250 47.203 42.370 42.030 47.479 43.676 36.874 34.901 31.004 25.669 20.461 14.612 10.788 9.518 9.250 7.833 6.038 7.533 6.815 8.609 10.649 8.933 10.593 7.458 4.880 4.062 0.455 0.000 0.000 0.223 1.421 1.581 4.435 5.681 6.437 6.957 9.186 8.416 6.462 6.399 6.541 4.899 3.535 0.996 0.000 0.000 0.000 0.000 0.000 0.000 0.000 0.000 0.000 0.921 2.023 3.203 3.934 5.201 8.479 10.884 11.067 17.048
-999.250 -999.250 -999.250 -999.250 -999.250 -999.250 -999.250 46.061 50.119 52.606 51.619 50.825 52.430 44.654 39.339 36.666 27.251 22.652 17.896 16.975 14.174 10.472 10.200 10.203 10.245 12.443 17.206 14.595 13.347 8.528 7.151 4.974 3.054 0.640 0.000 0.000 0.000 0.000 0.313 2.732 3.373 3.707 5.117 6.317 6.359 7.001 5.315 4.887 3.809 0.890 0.000 0.000 0.000 0.000 0.000 0.000 0.000 0.000 0.000 0.000 0.000 0.548 3.688 3.103 4.887 6.246 7.377 9.605
-999.250 -999.250 -999.250 -999.250 -999.250 -999.250 45.767 49.953 53.550 57.285 61.307 64.633 61.967 60.091 53.121 44.144 38.429 34.131 29.592 20.954 17.772 15.645 16.194 14.820 17.036 16.458 22.693 23.671 18.938 13.381 9.084 8.388 3.899 0.289 0.000 0.000 0.000 0.000 0.000 0.000 0.000 1.419 3.361 4.677 5.153 3.400 4.439 3.627 1.485 0.000 0.000 0.000 0.000 0.000 0.000 0.000 0.000 0.000 0.000 0.000 0.000 0.000 0.000 0.780 2.929 3.643 4.518 6.044
-999.250 -999.250 -999.250 -999.250 -999.250 -999.250 50.771 56.861 60.095 63.502 69.351 74.503 67.336 66.404 66.263 60.125 50.995 39.791 36.321 27.725 24.269 19.875 20.106 19.688 20.978 24.429 27.418 31.736 28.177 19.939 12.973 7.841 4.068 0.412 0.000 0.000 0.000 0.000 0.000 0.000 0.337 2.325 2.857 4.040 3.045 3.879 3.699 2.989 0.602 0.000 0.000 0.000 0.000 0.000 0.000 0.000 0.000 0.000 0.000 0.000 0.000 0.000 0.000 0.000 0.211 1.036 2.995 3.116
-999.250 -999.250 -999.250 -999.250 -999.250 37.777 51.691 59.868 64.312 74.882 87.109 98.742 78.341 81.680 73.264 65.914 58.760 43.427 38.698 36.710 26.920 23.043 21.709 22.789 24.011 29.913 33.431 44.022 31.085 22.883 13.720 7.072 4.747 0.270 0.000 0.000 0.000 0.000 0.000 0.000 0.000 0.000 1.843 1.816 2.354 3.933 4.227 2.322 1.665 0.281 0.000 0.000 0.000 0.000 0.000 0.000 0.000 0.000 0.000 0.000 0.000 0.000 0.000 0.000 0.000 0.000 0.202 1.771
-999.250 -999.250 -999.250 -999.250 -999.250 47.181 54.992 62.806 75.180 88.930 102.881 115.879 106.114 98.791 84.966 79.766 59.797 53.880 47.655 39.584 33.301 28.367 22.138 23.192 25.371 29.144 32.123 36.408 31.464 22.738 17.450 7.670 4.176 0.002 0.000 0.000 0.000 0.000 0.000 0.000 0.000 0.052 2.179 2.267 0.948 2.970 2.191 1.119 0.000 0.000 0.000 0.000 0.000 0.000 0.000 0.000 0.000 0.000 0.000 0.000 0.000 0.000 0.000 0.000 0.000 0.000 0.000 0.000
-999.250 -999.250 -999.250 -999.250 51.909 52.608 62.894 68.929 71.628 88.964 101.184 106.397 104.019 104.646 108.652 88.016 71.376 62.426 57.269 43.296 34.996 27.136 23.440 19.341 20.722 24.483 29.402 30.635 27.202 23.156 16.618 8.763 4.681 1.627 0.000 0.000 0.000 0.000 0.000 0.000 0.000 0.023 0.656 2.996 1.916 1.594 0.000 0.000 0.000 0.000 0.000 0.000 0.000 0.000 0.000 0.000 0.000 0.000 0.000 0.000 0.000 0.000 0.000 0.000 0.000 0.000 0.000 0.000
-999.250 -999.250 -999.250 -999.250 51.842 53.093 63.902 63.972 76.203 80.995 99.273 104.090 112.576 109.684 118.019 111.743 86.975 73.835 62.626 56.239 40.505 29.413 22.700 20.792 21.181 23.451 26.068 23.017 26.299 23.180 16.643 9.457 4.924 2.876 0.000 0.000 0.000 0.000 0.000 0.000 0.000 0.000 0.834 0.922 1.451 0.315 0.000 0.000 0.000 0.000 0.000 0.000 0.000 0.000 0.000 0.000 0.000 0.000 0.000 0.000 0.000 0.000 0.000 0.000 0.000 0.000 0.000 0.000
-999.250 -999.250 -999.250 -999.250 49.875 54.747 63.989 71.344 75.385 83.377 82.807 100.066 103.974 117.284 119.004 119.464 108.102 95.146 67.806 53.281 44.359 36.426 31.444 24.993 25.275 23.211 24.302 23.159 24.485 19.783 17.545 9.878 5.695 3.926 0.000 0.000 0.000 0.000 0.000 0.000 0.000 0.000 0.831 0.875 1.254 0.000 0.000 0.000 0.000 0.000 0.000 0.000 0.000 0.000 0.000 0.000 0.000 0.000 0.000 0.000 0.000 0.000 0.000 0.000 0.000 0.000 0.000 0.000
-999.250 -999.250 -999.250 -999.250 55.371 59.598 67.772 74.090 70.246 76.563 86.236 97.226 106.642 106.000 125.015 127.018 127.037 105.721 83.003 65.107 45.001 36.369 31.648 30.393 30.781 26.509 25.356 26.992 23.599 21.585 16.531 13.624 7.059 5.200 2.206 0.000 0.000 0.000 0.000 0.000 0.000 0.478 1.633 2.129 1.588 0.033 0.000 0.000 0.000 0.000 0.000 0.000 0.000 0.000 0.000 0.000 0.000 0.000 0.000 0.000 0.000 0.000 0.000 0.000 0.000 0.000 0.000 0.000
-999.250 -999.250 -999.250 -999.250 51.498 53.085 60.508 65.042 71.604 87.239 102.343 107.828 101.861 113.381 118.847 134.808 159.609 119.425 91.039 68.882 52.262 40.447 35.827 33.375 31.600 27.251 25.835 24.745 31.073 24.255 23.719 19.544 11.932 7.092 3.577 0.481 0.000 0.000 0.000 0.000 1.308 2.628 3.601 2.831 1.750 0.052 0.000 0.000 0.000 0.000 0.000 0.000 0.000 0.000 0.000 0.000 0.000 0.000 0.000 0.000 0.000 0.000 0.000 0.000 0.000 0.000 0.000 0.000
-999.250 -999.250 -999.250 -999.250 53.310 54.475 59.714 65.964 69.724 78.519 83.954 98.703 102.904 117.090 118.886 124.176 129.639 115.204 84.034 64.885 53.298 41.690 37.253 31.996 30.511 28.589 29.081 30.750 26.881 27.019 25.992 22.121 16.038 9.319 6.680 3.695 1.287 1.465 1.302 1.783 2.460 4.205 4.678 4.067 2.353 0.909 0.000 0.000 0.000 0.000 0.000 0.000 0.000 0.000 0.000 0.000 0.000 0.000 0.000 0.000 0.000 0.000 0.000 0.000 0.000 0.000 0.000 0.000
-999.250 -999.250 -999.250 -999.250 48.892 52.407 59.399 64.734 70.095 76.165 88.905 83.212 103.248 108.190 118.440 112.600 113.284 102.106 76.958 60.745 52.017 41.679 34.968 31.903 32.049 31.498 33.740 33.842 35.260 29.681 29.379 22.127 17.892 14.319 8.408 6.178 4.970 4.699 3.507 1.924 3.001 3.954 5.920 6.495 4.986 2.531 0.557 0.000 0.000 0.000 0.000 0.000 0.000 0.000 0.000 0.000 0.000 0.000 0.000 0.000 0.000 0.000 0.000 0.000 0.000 0.000 0.000 0.000
-999.250 -999.250 -999.250 -999.250 46.191 50.490 61.281 67.204 67.127 68.597 67.221 79.177 88.186 102.579 103.320 99.887 92.505 77.031 65.306 56.090 49.380 42.658 37.815 38.318 35.971 32.891 34.486 35.929 37.562 35.682 31.967 28.372 26.631 19.465 11.931 9.059 7.016 6.031 4.153 4.952 6.318 4.969 7.147 11.447 6.221 4.349 1.671 0.000 0.000 0.000 0.000 0.000 0.000 0.000 0.000 0.000 0.000 0.000 0.000 0.000 0.000 0.000 0.000 0.000 0.000 0.000 0.000 0.000
-999.250 -999.250 -999.250 -999.250 43.159 53.001 57.298 58.987 62.855 65.263 63.516 65.206 73.471 91.169 84.391 92.094 78.911 71.386 62.166 61.673 57.424 48.249 42.441 42.512 34.348 37.032 41.685 40.923 43.872 41.343 38.292 39.521 30.914 25.083 21.921 11.544 9.741 9.074 8.010 7.004 6.750 7.078 7.131 8.004 6.281 3.905 1.824 0.000 0.000 0.000 0.000 0.000 0.000 0.000 0.000 0.000 0.000 0.000 0.000 0.000 0.000 0.000 0.000 0.000 0.000 0.000 0.406 0.000
-999.250 -999.250 -999.250 -999.250 46.956 54.584 58.628 59.341 60.782 63.065 64.156 64.583 73.047 72.216 72.517 73.772 68.157 65.783 62.453 59.788 58.311 52.042 47.159 51.298 46.740 40.045 42.360 48.261 43.736 46.434 43.477 44.667 34.059 32.168 24.847 21.161 11.741 10.180 7.821 7.221 6.094 6.682 6.477 4.967 5.625 2.705 0.690 0.000 0.000 0.000 0.000 0.000 0.000 0.000 0.000 0.000 0.000 0.000 0.000 0.000 0.000 0.000 0.000 0.000 1.051 3.425 2.170 1.312
-999.250 -999.250 -999.250 39.658 46.231 49.288 50.883 56.513 58.413 61.194 57.574 64.602 65.296 72.335 69.294 65.660 62.393 61.638 63.723 61.551 59.173 55.076 49.241 49.815 49.036 42.870 43.334 49.825 49.635 48.522 47.049 45.340 39.950 34.511 29.560 21.625 19.734 15.664 11.031 7.701 9.207 6.328 7.306 5.699 5.304 2.631 1.294 0.000 0.000 0.000 0.000 0.000 0.000 0.000 0.000 0.000 0.000 0.000 0.000 0.000 0.000 0.640 0.337 2.391 2.595 4.757 3.688 2.764
