data/medianmodel_07-Jan-2021.asc
ncols	141
nrows	288
xllcorner	-120191.398
yllcorner	-301404.813
cellsize	2000.000
NODATA_value	-999.250
[rows 174 to 202 of 288, columns 0 to 63 of 141]
-999.250 -999.250 -999.250 -999.250 640.587 631.934 663.029 664.664 681.359 705.407 702.754 719.650 732.737 772.496 809.101 857.986 861.361 870.312 836.228 837.010 755.022 709.083 647.404 607.343 576.574 543.885 534.673 513.982 478.197 474.884 447.288 447.091 404.678 398.713 402.430 356.162 340.849 267.598 233.678 189.595 196.595 185.535 195.115 261.338 310.950 400.182 492.343 627.454 686.933 805.560 910.372 1021.595 1142.409 1329.972 1407.616 1561.921 1583.125 1592.315 1534.254 1586.778 1482.259 1389.359 1283.809 1187.591
-999.250 -999.250 -999.250 -999.250 638.429 637.546 658.542 684.655 687.267 734.963 711.253 724.898 745.533 779.522 833.749 869.478 870.909 852.462 864.252 811.778 729.480 718.621 659.116 638.256 612.171 580.039 546.961 531.542 506.648 522.205 461.491 492.872 444.227 430.603 384.904 347.863 323.872 265.263 244.025 200.838 175.492 180.869 179.547 225.034 306.884 391.334 521.840 640.928 718.263 836.366 944.560 1040.355 1282.248 1299.614 1524.790 1619.888 1683.078 1730.694 1655.142 1646.175 1620.292 1514.643 1383.929 1296.116
-999.250 -999.250 -999.250 -999.250 627.759 665.596 672.424 722.741 711.254 728.370 736.018 743.876 773.477 772.102 770.542 827.942 867.162 820.294 801.081 771.459 723.907 679.359 665.704 645.826 654.790 610.917 568.977 572.606 547.960 521.220 521.287 484.028 457.201 414.171 389.166 355.135 345.009 309.574 230.366 206.480 188.451 195.656 207.952 217.503 324.807 423.419 555.083 623.020 734.529 884.907 1015.658 1102.959 1259.320 1413.157 1538.555 1671.332 1739.884 1933.301 1812.722 1646.753 1582.705 1567.944 1446.447 1311.634
-999.250 -999.250 -999.250 -999.250 654.260 675.162 696.110 687.213 713.132 717.354 709.016 744.882 754.126 770.091 753.388 779.742 794.327 796.070 774.331 749.851 715.159 688.356 640.579 652.007 658.171 639.139 616.376 574.959 572.807 532.759 539.399 528.771 487.497 457.117 408.813 378.817 342.906 326.681 252.386 228.571 213.411 220.859 228.623 283.918 373.649 442.324 574.278 647.703 749.403 877.969 1020.815 1115.913 1269.581 1456.794 1529.948 1654.956 1729.401 1781.079 1740.156 1683.213 1617.657 1557.104 1498.821 1324.456
-999.250 -999.250 -999.250 -999.250 656.814 662.733 679.611 685.755 690.712 711.305 742.724 731.834 767.375 754.486 751.276 756.566 784.206 811.459 785.058 747.336 713.910 682.222 665.628 659.295 667.537 649.175 639.474 621.288 584.995 575.533 570.135 543.317 526.400 457.494 428.620 387.558 367.806 340.157 310.209 273.181 236.201 271.926 279.957 363.506 399.037 503.510 601.550 674.906 756.174 864.069 1019.591 1188.737 1303.302 1464.997 1550.894 1634.547 1664.020 1707.800 1700.730 1683.519 1619.549 1623.971 1519.117 1362.737
-999.250 -999.250 -999.250 640.555 643.970 652.647 652.737 658.380 686.450 697.936 694.710 720.530 749.242 780.125 759.919 787.534 779.517 768.565 768.642 723.042 719.232 701.470 678.327 652.379 654.641 660.230 664.278 650.992 632.491 619.916 596.315 573.500 547.126 506.315 460.334 409.819 399.054 375.888 359.212 329.472 346.029 344.928 353.302 404.273 455.140 539.926 644.648 683.155 791.656 847.460 977.015 1130.858 1359.674 1449.148 1459.794 1611.063 1629.615 1650.988 1650.336 1645.572 1654.561 1594.734 1506.176 1380.429
-999.250 -999.250 -999.250 621.848 643.073 663.067 632.606 651.696 667.420 694.596 692.591 704.430 714.870 742.499 793.733 761.047 752.091 764.182 745.672 719.490 728.032 700.855 698.219 703.888 682.286 680.498 669.554 677.542 643.773 671.868 617.092 585.521 551.707 506.135 481.753 446.183 417.260 392.464 391.932 372.672 371.146 376.953 393.845 430.167 529.303 583.947 663.044 701.649 823.619 875.791 962.666 1118.868 1255.401 1315.230 1402.973 1501.824 1568.721 1577.431 1585.078 1597.706 1603.979 1525.460 1470.839 1421.449
-999.250 -999.250 -999.250 618.146 618.973 652.218 653.653 665.794 656.019 673.108 681.922 709.032 723.671 747.941 761.703 757.999 755.757 738.500 727.884 717.884 715.745 686.876 721.614 715.836 707.763 716.788 685.495 679.890 651.155 662.368 655.062 617.208 600.837 563.977 537.010 514.852 526.935 454.880 434.740 414.111 414.070 428.267 457.396 513.008 560.986 620.117 673.433 758.588 834.380 922.492 946.492 1082.063 1159.128 1336.188 1466.942 1429.554 1507.593 1548.871 1578.633 1604.313 1521.896 1449.920 1369.122 1341.340
-999.250 -999.250 600.643 633.029 606.235 643.039 636.414 648.862 665.241 684.943 684.174 685.798 738.861 755.589 751.666 778.346 748.851 736.434 717.703 701.853 704.438 684.656 711.814 725.522 728.855 719.220 736.583 738.613 721.606 705.524 685.696 648.526 635.161 606.742 569.905 540.049 535.738 529.609 491.602 481.175 486.262 506.238 511.478 567.665 593.800 636.241 696.137 757.129 837.687 943.696 1038.571 1042.678 1108.535 1171.821 1361.264 1473.089 1472.365 1537.101 1496.364 1455.358 1445.779 1403.536 1358.934 1271.657
-999.250 -999.250 595.502 623.890 610.574 620.002 644.320 641.281 629.860 655.140 658.018 687.997 704.320 716.755 752.494 770.380 766.927 744.972 733.866 700.241 -999.250 708.821 687.490 734.545 727.341 752.471 761.860 758.919 786.271 771.191 733.882 714.119 661.904 626.731 592.949 591.180 571.478 560.732 561.207 549.700 562.113 573.543 576.395 598.689 640.857 675.459 731.689 802.247 906.119 952.720 1003.708 1052.884 1055.837 1172.575 1235.932 1389.388 1436.395 1424.747 1456.171 1381.529 1398.442 1347.453 1223.400 1158.642
-999.250 587.284 601.424 625.581 616.841 612.217 643.546 633.506 614.270 638.027 638.041 670.854 718.464 721.022 745.888 752.997 798.832 750.394 720.516 -999.250 -999.250 697.049 733.312 711.761 728.947 766.369 771.426 799.548 842.714 820.065 760.734 743.643 721.178 685.316 647.804 626.620 596.438 622.037 614.644 589.400 592.751 606.341 631.108 624.687 660.992 703.965 746.609 806.011 903.006 921.597 963.822 1005.902 1090.056 1118.871 1207.834 1274.774 1359.725 1323.347 1377.262 1286.998 1265.425 1179.131 1157.003 1066.411
-999.250 586.493 594.759 614.947 621.481 609.503 610.232 629.190 627.780 645.598 629.396 678.898 701.765 733.247 750.430 752.733 751.690 754.414 -999.250 -999.250 -999.250 -999.250 712.280 708.579 722.800 773.297 807.172 834.601 843.631 856.626 832.987 814.933 756.131 720.945 689.472 657.872 645.625 645.639 653.773 609.366 636.034 657.139 652.617 699.088 706.480 778.244 816.957 833.118 866.917 958.327 988.387 1021.751 1004.554 1125.973 1153.113 1206.226 1283.127 1266.393 1282.736 1209.970 1135.847 1132.128 1042.040 969.758
609.023 594.398 587.914 590.737 622.306 599.409 603.849 615.289 625.513 634.642 619.045 645.770 690.380 708.553 712.714 751.211 753.181 736.450 -999.250 -999.250 -999.250 -999.250 -999.250 722.758 714.049 776.389 804.620 871.069 885.798 923.346 877.290 839.571 768.973 754.286 716.665 735.377 715.415 671.702 660.004 647.085 663.023 680.791 709.834 728.441 738.226 843.615 885.189 891.022 961.872 921.065 985.844 1020.926 1018.277 1085.698 1153.057 1145.590 1188.619 1121.752 1156.592 1156.095 1087.846 1018.180 983.758 959.791
-999.250 588.125 602.210 593.358 595.987 603.786 609.170 589.653 616.181 619.410 618.298 616.489 632.788 689.832 717.588 738.365 749.709 745.805 -999.250 -999.250 -999.250 -999.250 704.497 714.387 754.907 764.912 833.921 872.458 910.285 934.806 904.195 875.591 871.526 835.179 780.575 764.490 731.410 727.029 693.048 704.830 707.590 737.848 759.195 789.852 848.330 860.664 927.593 924.704 954.825 1010.406 1000.455 1043.467 1012.895 1078.101 1071.115 1078.673 1060.507 1056.761 1054.043 1018.778 1030.104 976.272 894.865 871.799
-999.250 600.950 615.807 612.793 608.526 573.201 586.261 604.509 622.846 631.624 618.013 615.591 637.337 686.070 707.459 754.443 725.342 713.892 -999.250 -999.250 -999.250 666.584 -999.250 687.063 763.420 809.101 870.225 943.359 959.754 950.492 954.308 933.212 894.131 863.774 829.360 830.799 777.125 767.504 777.659 760.506 812.635 869.028 884.890 879.467 884.660 967.201 939.068 1012.616 1021.931 1005.520 983.662 1009.863 1023.129 1033.569 990.821 1065.846 1026.530 999.444 972.618 984.713 966.035 920.809 868.661 825.763
-999.250 584.953 596.240 599.483 597.543 608.194 598.337 597.663 606.656 608.736 632.341 635.038 656.544 691.405 705.052 720.637 703.601 -999.250 -999.250 -999.250 -999.250 645.227 636.762 656.505 705.680 793.400 910.574 951.491 1029.794 1042.531 998.689 940.980 939.865 895.426 863.079 861.115 875.949 871.037 881.521 879.308 881.167 902.493 977.886 943.885 978.183 1034.805 1080.442 1018.204 1098.537 1076.848 1076.641 1026.811 1037.383 1001.959 1030.414 1018.273 995.328 959.652 923.591 911.604 910.142 892.172 811.171 766.022
-999.250 554.901 586.941 596.888 588.111 605.223 606.329 613.916 607.041 606.325 626.785 657.242 651.948 668.125 681.391 710.308 696.001 -999.250 -999.250 -999.250 630.963 613.494 593.606 651.442 723.678 791.138 871.035 983.743 1101.734 1079.881 1042.480 987.312 975.548 950.583 927.206 926.997 895.646 931.053 908.927 928.110 1003.059 1015.414 1043.812 1103.473 1125.001 1151.763 1134.200 1065.113 1163.187 1132.684 1082.601 1085.669 1036.936 1070.761 1015.752 964.823 971.097 929.452 915.080 874.842 869.588 827.043 775.359 750.122
-999.250 -999.250 -999.250 587.495 -999.250 -999.250 591.199 612.432 607.023 -999.250 -999.250 -999.250 650.430 668.190 -999.250 -999.250 -999.250 -999.250 -999.250 -999.250 624.561 627.557 635.164 674.765 724.138 800.636 892.587 971.073 1051.601 1044.887 1003.353 983.055 971.975 995.824 985.788 946.641 944.104 991.948 1003.468 1015.931 1073.861 1097.206 1119.620 1144.935 1255.835 1286.048 1217.303 1123.698 1140.557 1135.840 1072.629 1100.950 1085.407 997.328 1029.437 973.145 954.978 910.286 878.010 842.776 788.866 764.768 756.446 700.128
-999.250 -999.250 -999.250 -999.250 -999.250 -999.250 -999.250 -999.250 -999.250 -999.250 -999.250 -999.250 -999.250 679.004 693.504 688.473 -999.250 -999.250 -999.250 653.975 664.466 674.450 692.716 720.918 736.146 851.343 874.549 973.393 965.927 1014.300 951.305 1036.691 992.884 1021.515 969.825 983.245 996.248 1039.599 1044.570 1098.732 1181.214 1166.806 1187.150 1276.521 1314.338 1368.281 1289.046 1237.314 1202.837 1147.736 1097.587 1067.787 1011.357 980.178 984.957 940.180 915.389 878.129 814.409 792.822 782.495 740.957 704.279 696.469
-999.250 -999.250 -999.250 -999.250 -999.250 -999.250 -999.250 -999.250 -999.250 -999.250 -999.250 644.485 655.342 700.740 692.875 720.544 -999.250 -999.250 668.678 677.339 703.157 717.910 762.282 766.607 782.977 806.760 846.227 921.990 950.074 976.272 985.958 1001.763 992.128 1020.248 1014.861 1000.501 1043.186 1157.784 1128.801 1140.253 1241.817 1286.764 1254.962 1354.925 1314.719 1362.781 1347.537 1315.491 1222.375 1209.671 1143.134 1077.671 1020.201 993.618 933.321 927.790 881.958 849.651 806.737 789.196 785.159 773.955 720.546 690.814
-999.250 -999.250 -999.250 -999.250 -999.250 -999.250 -999.250 -999.250 -999.250 -999.250 -999.250 634.970 664.283 675.590 685.133 695.171 676.789 650.786 645.615 679.545 742.417 801.155 804.625 776.069 799.875 826.037 860.446 910.861 891.062 929.997 943.083 993.861 972.070 1082.026 1068.140 1036.640 1112.933 1179.769 1167.375 1262.868 1326.644 1330.728 1280.515 1326.718 1359.693 1428.569 1348.568 1333.942 1214.587 1137.887 1110.217 1069.829 1048.565 1011.162 945.108 914.131 882.853 832.594 821.311 767.350 782.517 771.590 746.378 713.395
-999.250 -999.250 -999.250 -999.250 -999.250 -999.250 -999.250 -999.250 -999.250 -999.250 -999.250 -999.250 630.521 651.563 660.734 669.135 680.767 654.867 652.653 676.859 694.217 726.823 758.011 791.783 817.812 814.399 886.746 855.825 902.518 940.408 973.126 994.456 1072.472 1132.126 1081.778 1138.524 1157.377 1139.359 1257.440 1363.336 1329.616 1309.440 1340.680 1321.100 1285.791 1388.890 1395.778 1271.139 1270.174 1214.545 1201.531 1100.063 1080.702 1007.255 962.094 920.900 915.809 830.234 774.535 735.768 733.929 722.158 724.209 706.763
-999.250 -999.250 -999.250 -999.250 -999.250 -999.250 -999.250 -999.250 -999.250 -999.250 -999.250 -999.250 -999.250 656.069 642.292 660.568 660.288 649.107 655.312 676.595 716.516 722.925 772.365 783.125 787.062 836.161 892.454 887.468 929.285 955.689 1037.414 1068.536 1079.442 1087.099 1106.158 1141.313 1271.476 1312.921 1301.811 1259.072 1326.807 1409.716 1400.135 1394.877 1395.923 1391.334 1403.209 1321.982 1231.957 1247.514 1201.056 1187.646 1113.949 1046.243 991.921 915.665 867.481 845.012 815.852 733.891 738.947 720.295 706.122 723.832
-999.250 -999.250 -999.250 -999.250 -999.250 -999.250 -999.250 -999.250 -999.250 -999.250 -999.250 -999.250 -999.250 624.025 635.693 650.989 649.813 649.024 662.499 655.034 664.619 698.590 736.371 763.109 781.538 843.144 909.247 949.352 997.499 1007.626 1039.460 1060.978 1048.268 1100.867 1094.035 1191.908 1185.447 1326.672 1310.912 1330.447 1332.558 1353.095 1413.031 1402.228 1406.520 1394.202 1362.151 1304.139 1214.747 1308.044 1331.173 1284.619 1152.917 1079.155 968.307 942.220 920.388 908.351 829.323 773.474 730.436 704.227 728.793 703.162
-999.250 -999.250 -999.250 -999.250 -999.250 -999.250 -999.250 -999.250 -999.250 -999.250 -999.250 -999.250 -999.250 622.572 639.052 635.736 627.108 641.193 666.527 655.664 666.630 701.244 747.202 764.709 814.476 884.518 917.021 926.817 1002.121 1038.354 1049.798 1079.246 1061.017 1054.056 1134.535 1199.472 1260.837 1330.482 1370.076 1390.405 1379.281 1385.304 1431.380 1402.268 1502.325 1486.705 1358.248 1320.534 1360.102 1347.515 1304.516 1197.226 1133.795 1055.106 1028.147 940.509 907.298 858.923 850.887 882.219 769.950 745.508 725.774 702.628
-999.250 -999.250 -999.250 -999.250 -999.250 -999.250 -999.250 -999.250 -999.250 -999.250 -999.250 -999.250 -999.250 -999.250 625.997 637.193 610.582 641.164 642.138 655.642 694.295 702.270 719.848 782.312 836.410 889.384 917.908 971.030 1035.502 1060.782 1044.856 1130.528 1091.370 1105.924 1232.472 1284.108 1275.132 1326.105 1352.403 1396.437 1394.408 1394.571 1516.879 1430.628 1440.630 1465.858 1374.928 1286.765 1450.444 1352.393 1256.142 1153.411 1099.158 1058.961 1019.375 1000.898 935.923 870.171 844.745 840.675 787.833 802.513 762.342 771.221
-999.250 -999.250 -999.250 -999.250 -999.250 -999.250 -999.250 -999.250 -999.250 -999.250 -999.250 -999.250 -999.250 -999.250 621.246 618.292 632.521 627.034 642.283 669.092 690.845 699.585 737.433 766.420 838.328 907.848 971.486 1008.299 1063.183 1076.539 1123.422 1151.252 1168.435 1175.359 1251.913 1247.439 1360.240 1342.070 1341.876 1330.610 1412.740 1443.267 1555.161 1500.290 1499.983 1497.147 1393.114 1501.837 1448.864 1344.627 1338.375 1127.976 1116.357 1112.586 1072.012 1001.549 948.371 950.328 892.897 904.149 862.782 817.899 832.458 809.816
-999.250 -999.250 -999.250 -999.250 -999.250 -999.250 -999.250 -999.250 -999.250 -999.250 -999.250 -999.250 -999.250 -999.250 595.207 610.026 629.074 653.583 637.603 653.887 672.485 746.812 740.855 807.140 842.076 905.000 988.795 1032.431 1052.674 1080.942 1111.709 1178.813 1187.967 1214.862 1198.678 1210.034 1349.440 1372.123 1313.001 1468.394 1513.303 1534.834 1572.065 1530.617 1537.696 1502.893 1495.355 1443.915 1408.470 1303.050 1247.476 1218.858 1173.199 1157.607 1077.959 1050.693 1020.548 963.760 933.763 935.061 906.010 887.958 816.521 851.497
-999.250 -999.250 -999.250 -999.250 -999.250 -999.250 -999.250 -999.250 -999.250 -999.250 -999.250 -999.250 -999.250 -999.250 606.615 624.234 629.385 634.807 637.107 655.714 684.730 691.921 774.688 813.794 870.580 -999.250 968.147 991.843 1058.019 1112.594 1157.025 1101.146 1165.008 1203.008 1195.506 1245.124 1332.648 1361.022 1449.136 1521.552 1525.512 1526.915 1582.120 1561.482 1477.645 1526.773 1527.884 1430.955 1379.351 1342.021 1250.574 1150.133 1116.388 1101.186 1026.982 1035.354 979.628 997.201 958.649 936.513 936.339 907.664 902.460 864.949
