data/medianmodel_17-Dec-2020.asc
ncols	141
nrows	288
xllcorner	-120191.398
yllcorner	-301404.813
cellsize	2000.000
NODATA_value	-999.250
[rows 145 to 173 of 288, columns 0 to 63 of 141]
-999.250 -999.250 -999.250 -999.250 -999.250 -999.250 -999.250 -999.250 -999.250 -999.250 -999.250 -999.250 -999.250 -999.250 -999.250 -999.250 -999.250 158.779 179.668 178.083 181.499 188.692 219.705 251.981 290.155 358.702 392.553 431.399 455.645 492.709 481.719 446.432 408.314 402.929 368.205 292.209 265.533 264.567 265.159 271.585 276.685 289.952 274.675 254.281 222.656 203.820 203.902 199.803 188.564 176.434 179.985 170.624 177.362 177.022 188.137 199.505 206.681 221.231 234.546 244.750 272.867 291.807 343.687 399.172
-999.250 -999.250 -999.250 -999.250 -999.250 -999.250 -999.250 -999.250 -999.250 -999.250 -999.250 -999.250 -999.250 -999.250 -999.250 194.245 204.914 192.341 189.232 193.686 203.020 226.092 263.491 275.857 308.697 353.942 392.836 423.901 450.085 473.930 450.129 418.360 384.386 358.268 318.858 272.909 239.021 233.750 241.027 254.755 270.685 314.889 267.879 239.325 213.353 198.153 187.778 188.622 191.571 183.534 186.709 187.848 188.587 194.738 199.784 206.376 236.752 256.191 247.491 264.392 306.373 373.394 396.815 492.703
-999.250 -999.250 -999.250 -999.250 -999.250 -999.250 -999.250 -999.250 -999.250 -999.250 -999.250 -999.250 -999.250 -999.250 213.678 200.693 217.723 214.461 219.703 240.454 253.737 262.048 278.047 281.215 325.586 368.772 407.068 433.502 441.496 426.248 432.510 404.028 377.290 330.039 284.980 246.245 206.054 197.694 201.308 223.496 236.752 261.922 236.623 223.579 205.779 202.921 191.220 190.947 191.763 187.389 186.450 191.184 199.789 223.325 228.508 225.347 250.014 265.577 273.814 310.931 340.848 389.391 474.810 550.170
-999.250 -999.250 -999.250 -999.250 -999.250 -999.250 -999.250 -999.250 -999.250 -999.250 -999.250 -999.250 -999.250 -999.250 231.961 229.969 236.437 227.864 255.817 269.174 269.695 290.602 321.731 331.753 368.847 383.704 413.502 432.840 445.147 433.827 406.840 378.149 352.226 310.855 254.530 222.007 188.709 163.947 178.619 205.673 219.645 210.704 214.341 200.144 192.454 185.546 192.590 201.045 196.318 192.683 196.456 198.724 201.145 215.844 220.037 236.968 255.799 273.336 296.489 352.954 397.774 413.033 531.776 619.311
-999.250 -999.250 -999.250 -999.250 -999.250 -999.250 -999.250 -999.250 -999.250 -999.250 -999.250 -999.250 -999.250 244.968 252.274 244.525 259.222 261.832 278.033 302.342 316.570 347.517 359.471 352.284 374.277 401.777 420.290 420.283 432.025 432.913 394.899 371.372 330.995 282.993 251.072 207.116 190.180 179.357 177.747 193.418 191.972 202.210 194.336 195.655 180.453 185.673 188.285 197.798 204.193 201.708 211.602 216.781 207.773 209.659 225.499 244.517 257.287 276.874 320.550 373.384 414.085 444.184 565.489 635.577
-999.250 -999.250 -999.250 -999.250 -999.250 -999.250 -999.250 -999.250 -999.250 -999.250 -999.250 -999.250 284.725 264.648 262.768 265.845 278.562 276.802 303.921 335.665 353.855 367.190 378.163 397.060 402.120 406.320 430.403 428.936 428.716 412.641 398.877 380.064 320.017 271.385 246.953 217.750 194.383 189.233 184.632 193.184 193.816 198.371 187.662 184.047 178.730 179.730 193.136 202.109 229.620 211.542 223.259 224.298 229.732 242.736 225.074 256.945 268.121 294.393 326.914 368.618 414.591 489.212 567.111 618.659
-999.250 -999.250 -999.250 -999.250 -999.250 -999.250 -999.250 -999.250 -999.250 -999.250 -999.250 305.286 281.916 293.917 286.681 279.438 304.624 307.520 326.157 354.681 370.904 382.585 413.967 422.038 423.060 438.590 455.096 440.784 435.729 420.273 400.678 357.248 326.098 279.548 268.794 225.212 210.935 205.990 203.028 198.438 199.931 200.925 184.338 180.899 187.184 187.301 212.804 228.116 253.540 244.772 240.754 235.280 221.444 233.803 239.835 251.571 271.632 291.980 328.382 389.537 418.972 464.362 578.422 655.979
-999.250 -999.250 -999.250 -999.250 -999.250 -999.250 -999.250 -999.250 -999.250 -999.250 341.173 313.599 304.069 288.688 289.178 293.077 299.884 335.567 366.338 382.854 408.886 426.287 434.994 460.820 462.983 469.233 470.763 475.553 448.311 439.850 409.167 378.409 317.091 285.416 264.630 241.569 223.637 217.373 218.171 202.240 200.005 198.526 193.044 198.253 208.817 244.127 257.170 278.397 283.294 265.708 263.277 249.304 252.017 246.848 257.104 242.173 262.244 303.704 319.418 371.580 405.108 477.101 552.593 638.557
-999.250 -999.250 -999.250 -999.250 -999.250 -999.250 -999.250 -999.250 -999.250 368.851 325.327 323.680 327.746 303.054 316.855 303.798 305.873 329.596 370.995 400.678 409.352 423.477 445.576 464.259 459.183 492.553 515.259 483.217 459.676 439.823 412.461 378.388 352.904 328.850 279.227 258.137 248.729 234.200 237.231 207.319 197.190 201.464 203.642 228.533 254.495 287.779 345.036 341.875 331.866 306.289 277.183 280.360 273.247 260.398 280.400 262.225 275.237 297.183 317.458 353.119 397.702 500.586 555.468 593.551
-999.250 -999.250 -999.250 -999.250 -999.250 411.361 422.626 410.141 392.427 373.750 342.251 330.905 333.202 309.702 286.415 301.571 300.539 342.478 347.415 375.367 391.575 405.938 428.351 466.295 486.464 535.059 520.940 503.050 472.081 446.801 423.486 393.221 382.500 325.344 293.904 278.549 258.252 239.921 227.428 218.570 204.720 202.439 218.789 229.894 267.616 349.210 424.051 389.577 365.218 335.495 289.002 285.962 300.176 275.014 273.664 270.790 265.360 271.649 314.858 347.849 373.086 431.217 506.940 568.009
-999.250 -999.250 -999.250 -999.250 -999.250 -999.250 -999.250 422.398 406.245 385.138 363.904 326.039 321.476 288.129 288.801 289.280 291.801 310.471 324.329 347.487 350.335 379.381 431.426 461.474 502.190 544.678 525.510 495.288 472.499 462.130 419.499 400.970 386.400 359.053 337.554 306.707 287.328 251.088 228.022 212.182 206.815 214.333 216.866 246.846 272.729 334.379 386.237 389.173 360.460 339.819 314.028 302.370 281.903 283.111 266.080 254.494 258.701 268.982 266.164 311.447 376.041 415.320 427.779 499.135
-999.250 -999.250 -999.250 -999.250 -999.250 -999.250 -999.250 436.679 419.003 385.651 385.547 353.006 321.460 314.641 279.156 273.717 277.732 283.038 275.224 296.143 302.004 344.886 401.091 411.838 474.343 515.937 502.723 485.132 470.794 445.640 444.661 416.872 413.695 388.531 343.452 334.854 282.632 275.864 246.423 223.840 206.180 206.455 218.241 232.140 258.635 301.597 355.110 363.988 344.427 355.328 335.822 327.351 311.016 284.197 262.899 251.165 251.864 255.711 258.541 282.572 330.362 358.402 394.950 446.446
-999.250 -999.250 -999.250 -999.250 -999.250 -999.250 -999.250 443.725 416.031 414.952 385.462 352.604 327.660 297.177 278.570 247.669 248.963 250.805 237.578 257.412 268.666 295.186 348.630 387.546 418.967 451.765 481.145 485.803 449.786 456.846 435.440 429.544 425.072 389.796 375.262 343.109 323.985 295.581 252.363 216.512 209.233 202.485 208.886 225.388 248.278 277.709 305.429 341.362 333.119 339.300 350.038 340.523 306.457 284.890 266.944 263.873 257.705 242.580 245.024 256.283 271.689 296.016 344.466 389.409
-999.250 -999.250 -999.250 -999.250 -999.250 -999.250 -999.250 428.841 425.724 408.310 399.711 368.031 340.675 301.650 271.075 247.813 233.005 214.088 201.031 218.933 234.655 260.996 295.632 356.410 389.748 426.343 437.925 465.547 441.055 433.771 427.897 416.657 398.526 404.102 387.120 381.081 366.796 307.661 263.057 223.197 197.062 186.729 192.018 203.149 219.941 254.836 283.321 313.251 312.316 318.202 333.236 320.548 296.663 298.573 279.436 268.347 236.353 238.687 230.675 241.978 234.093 243.882 271.848 300.149
-999.250 -999.250 -999.250 -999.250 -999.250 -999.250 -999.250 -999.250 438.108 429.805 408.820 379.131 343.632 297.951 268.837 247.616 212.122 196.250 188.545 183.403 193.972 220.350 264.886 312.156 367.872 390.460 410.230 445.349 424.620 412.346 410.410 405.784 412.773 419.487 415.283 414.014 410.857 365.502 276.984 226.999 187.201 162.045 158.412 178.677 207.561 236.509 258.863 297.569 325.280 314.629 318.239 309.849 304.304 291.373 280.783 269.382 267.118 240.857 211.803 211.141 220.121 218.100 224.962 241.422
-999.250 -999.250 -999.250 -999.250 -999.250 -999.250 -999.250 -999.250 437.343 452.524 405.159 377.906 357.689 293.019 273.653 246.855 205.751 182.281 174.368 155.887 159.190 191.643 237.252 275.262 342.983 359.587 392.429 402.620 390.665 409.083 402.686 398.370 407.475 411.427 415.071 433.370 448.063 382.074 288.567 229.999 171.802 113.331 131.496 164.568 187.675 219.341 259.446 275.511 310.438 320.670 313.129 307.205 309.577 294.315 277.150 272.199 267.339 253.999 219.064 202.041 197.698 189.129 194.246 196.438
-999.250 -999.250 -999.250 -999.250 -999.250 -999.250 -999.250 447.556 429.927 420.547 395.124 375.863 351.984 296.029 258.622 241.387 200.685 178.542 142.402 114.051 118.948 176.086 218.710 271.761 325.422 358.822 384.369 395.452 395.115 385.160 391.484 380.076 386.846 403.263 416.110 455.480 498.076 397.227 296.670 208.574 161.036 128.915 122.434 138.770 179.969 207.318 244.170 272.436 324.509 326.666 342.040 300.765 318.091 317.828 321.140 288.386 272.180 234.236 243.381 204.190 191.579 187.984 198.192 184.624
-999.250 -999.250 -999.250 -999.250 -999.250 -999.250 -999.250 443.771 423.610 407.955 401.664 370.921 346.110 302.849 270.033 228.709 203.044 181.051 149.481 111.708 102.392 166.431 210.336 272.721 319.846 352.949 381.541 372.054 373.592 362.094 356.197 341.315 366.451 383.363 406.989 408.183 411.960 360.232 268.359 205.980 172.235 144.034 126.813 158.005 177.906 207.426 239.757 266.733 312.608 327.156 329.166 306.177 328.452 317.059 335.574 290.305 273.124 260.200 223.061 222.720 195.427 199.450 200.996 199.017
-999.250 -999.250 -999.250 -999.250 -999.250 -999.250 -999.250 437.815 425.609 398.334 384.995 367.332 349.066 310.975 278.058 245.287 214.258 203.777 191.416 167.367 172.472 205.479 255.970 292.721 324.024 387.823 381.644 376.590 382.726 353.171 345.088 308.161 310.608 340.347 354.504 362.798 340.443 298.976 243.946 196.515 177.332 156.156 161.119 176.295 179.690 214.098 229.155 270.744 309.658 328.100 328.890 340.838 361.401 312.918 325.180 310.881 288.107 269.611 260.847 243.046 230.067 199.834 210.735 211.706
-999.250 -999.250 -999.250 -999.250 -999.250 -999.250 -999.250 432.535 421.173 416.354 384.946 380.900 351.864 324.117 302.754 275.590 262.758 235.899 230.813 212.589 220.945 260.299 305.206 340.260 371.307 399.263 403.641 400.754 372.851 348.405 311.684 275.195 284.951 282.264 290.437 287.801 300.080 262.681 238.554 196.006 182.436 177.959 179.496 179.661 196.237 213.312 256.186 300.264 314.171 335.281 342.770 365.713 363.039 354.544 366.627 340.355 308.890 311.605 272.323 267.368 245.534 228.871 240.932 246.039
-999.250 -999.250 -999.250 -999.250 -999.250 -999.250 410.214 404.551 403.924 401.180 395.556 384.234 364.594 334.037 325.435 306.204 291.399 280.823 274.960 279.423 315.774 354.017 375.845 400.149 419.462 432.507 417.906 423.352 383.531 355.874 305.820 255.840 263.890 272.035 268.042 279.509 278.436 259.844 220.732 192.835 186.678 189.007 182.589 197.560 227.945 240.520 251.368 276.264 321.283 337.331 366.042 382.358 369.063 380.015 379.162 379.648 345.763 361.505 347.638 305.953 310.182 280.759 267.907 270.204
-999.250 -999.250 -999.250 -999.250 -999.250 -999.250 389.691 408.879 399.559 389.178 387.383 372.746 356.481 337.062 341.420 325.088 322.334 310.697 332.598 362.409 378.198 398.959 440.595 459.833 483.023 494.498 501.461 449.319 427.997 375.882 311.783 274.643 264.777 273.068 267.205 271.826 262.132 242.482 226.990 198.027 196.831 184.126 186.717 194.576 222.008 246.407 269.643 298.706 329.076 372.416 369.343 401.294 404.204 421.587 414.129 400.167 420.273 398.149 394.295 369.965 339.451 335.152 319.243 325.172
-999.250 -999.250 -999.250 -999.250 -999.250 415.689 408.908 406.625 386.513 368.675 384.419 375.458 361.582 339.831 345.831 335.446 338.052 369.826 394.681 410.698 446.136 483.086 514.388 529.575 530.907 545.846 557.365 528.262 439.940 403.331 361.798 312.491 282.324 283.025 275.439 267.339 260.611 249.115 219.117 203.973 196.814 198.212 202.788 217.849 237.865 249.406 277.340 316.593 369.392 389.357 385.465 428.986 426.221 431.833 439.576 470.031 502.173 441.615 428.441 403.355 413.090 402.690 361.292 363.171
-999.250 -999.250 -999.250 -999.250 -999.250 391.278 395.190 397.778 393.486 370.009 378.417 389.660 367.060 353.352 345.572 345.429 358.627 363.991 405.325 462.527 490.561 551.677 598.883 600.969 584.766 580.756 570.782 536.186 490.044 403.100 375.802 343.888 325.549 306.432 283.816 282.743 265.538 251.584 233.802 218.660 217.689 196.511 201.297 203.058 234.642 270.109 290.660 315.920 387.231 387.527 428.086 456.892 481.552 503.568 515.823 506.102 532.438 526.660 525.255 502.269 476.035 440.499 437.493 419.291
-999.250 -999.250 -999.250 -999.250 388.161 387.261 400.384 393.123 376.124 378.486 384.212 377.726 355.637 348.324 331.687 345.602 359.473 390.711 443.250 513.489 573.750 618.328 651.939 650.282 621.590 592.900 576.052 539.257 502.680 435.778 382.994 374.953 340.164 323.259 298.157 294.774 287.269 273.567 245.863 230.897 203.381 200.829 194.088 211.372 230.994 264.879 287.219 321.975 375.218 408.185 439.343 483.135 513.446 550.138 565.751 578.061 576.673 595.196 594.330 564.521 538.239 527.634 510.848 468.072
-999.250 -999.250 -999.250 -999.250 400.489 381.884 392.429 408.446 377.421 378.548 376.834 367.172 338.631 338.693 334.693 328.819 357.869 387.528 411.884 516.002 564.177 635.212 735.494 655.564 640.111 595.525 552.088 518.904 458.689 417.378 398.949 374.538 357.337 344.570 329.446 312.876 281.778 281.988 260.432 247.260 217.721 208.820 209.589 215.309 249.633 268.566 299.753 344.931 382.737 420.641 463.809 518.554 566.948 588.671 615.462 636.416 629.699 628.480 646.412 616.139 583.304 587.925 562.212 535.447
-999.250 -999.250 -999.250 -999.250 386.849 382.530 381.171 377.091 368.629 381.828 367.936 362.986 348.144 322.361 316.655 312.302 336.530 355.272 393.507 457.826 545.170 601.670 638.933 627.371 593.006 564.724 521.713 501.075 458.237 432.343 388.015 382.589 367.020 354.831 357.693 357.067 325.781 287.875 254.633 238.671 221.763 214.397 209.548 218.686 257.287 273.631 310.364 369.007 396.795 478.619 524.399 561.213 616.183 653.054 662.783 675.731 674.311 738.426 720.311 686.234 658.601 654.796 602.588 584.804
-999.250 -999.250 -999.250 -999.250 389.161 378.945 382.834 384.822 374.850 363.763 370.922 341.869 301.411 299.907 293.068 297.888 290.465 324.515 370.175 403.687 459.880 527.705 575.472 592.833 569.816 537.057 504.377 465.191 443.140 407.231 400.489 344.342 363.702 361.217 377.166 370.979 332.096 275.610 255.507 235.150 208.655 211.260 211.632 229.445 264.037 281.995 315.356 357.843 416.118 475.333 559.037 599.045 621.798 672.858 727.443 747.946 768.062 803.654 810.409 752.488 746.860 731.289 681.066 630.240
-999.250 -999.250 -999.250 -999.250 385.581 378.765 372.963 380.833 366.045 370.674 353.339 330.355 300.209 276.954 275.354 259.415 253.497 276.342 315.240 354.667 396.633 445.038 503.197 532.002 528.298 505.409 464.816 443.692 409.319 389.147 361.265 361.700 340.202 342.447 355.567 366.549 317.579 277.084 258.364 236.563 208.082 205.617 204.423 228.574 262.674 291.193 351.481 388.668 466.518 524.199 567.077 611.160 669.740 742.622 807.972 890.458 921.424 891.669 916.892 881.328 839.187 784.091 700.747 677.291
