data/medianmodel_10-May-2020.asc
ncols	141
nrows	288
xllcorner	-120191.398
yllcorner	-301404.813
cellsize	2000.000
NODATA_value	-999.250
[rows 186 to 216 of 288, columns 0 to 68 of 141]
41.995 50.603 63.077 66.124 57.386 62.489 53.821 65.223 71.055 77.669 81.024 88.168 84.912 78.099 65.948 79.388 86.236 90.618 -999.250 -999.250 -999.250 -999.250 -999.250 68.572 56.473 43.217 32.867 19.032 13.387 10.678 11.318 16.249 19.390 25.050 35.813 39.865 39.401 42.191 43.041 31.627 44.341 33.031 19.323 15.959 16.296 12.955 14.620 16.114 13.515 10.729 13.364 10.324 11.487 7.964 11.023 7.177 8.702 5.479 4.368 4.535 4.022 2.432 1.973 0.000 0.000 0.000 0.000 3.023 5.632
-999.250 47.275 55.565 60.513 52.297 58.253 55.738 62.252 64.544 74.880 81.870 100.203 114.608 97.994 83.712 84.726 81.612 88.055 -999.250 -999.250 -999.250 -999.250 75.254 67.109 52.604 45.071 36.070 20.597 13.807 11.545 13.044 14.649 17.809 23.517 34.285 43.097 43.151 48.278 46.969 40.072 36.116 32.494 21.424 16.582 16.698 12.933 14.980 12.767 11.137 11.970 11.506 9.217 8.171 9.188 9.701 10.391 10.993 5.759 6.587 7.014 4.247 3.911 0.826 0.028 0.000 0.000 0.000 1.588 2.640
-999.250 55.227 51.303 60.856 57.111 61.129 53.127 55.764 52.532 57.734 79.979 87.598 94.240 92.375 89.940 87.534 90.072 87.202 -999.250 -999.250 -999.250 87.977 -999.250 66.810 57.000 46.059 30.008 22.046 13.953 13.840 14.611 15.338 20.452 27.524 29.841 40.497 53.524 49.562 42.675 43.658 39.690 33.599 30.253 19.659 13.644 13.892 12.027 7.061 9.319 7.233 10.654 8.901 9.551 9.536 12.035 8.296 9.158 7.241 5.460 5.253 4.970 3.853 1.771 0.172 0.767 0.000 0.000 2.087 2.580
-999.250 52.043 51.665 58.638 51.751 48.585 49.766 45.782 45.453 47.485 53.825 71.021 79.935 83.447 85.681 80.134 81.463 -999.250 -999.250 -999.250 -999.250 88.584 86.229 77.251 58.689 42.537 32.777 20.202 17.125 15.512 15.278 14.942 20.221 24.854 32.476 43.347 41.035 45.819 43.855 38.986 40.258 32.496 27.210 21.617 17.435 10.695 6.925 5.269 6.906 7.769 5.391 5.755 7.812 7.451 10.631 8.076 7.615 7.867 6.067 7.497 8.422 4.765 1.438 1.762 0.908 0.544 0.123 1.370 2.866
-999.250 54.928 48.644 57.114 45.576 48.445 46.133 40.042 41.828 39.896 40.885 46.785 52.728 59.958 64.785 67.726 79.078 -999.250 -999.250 -999.250 93.758 98.640 104.141 80.947 60.407 41.352 30.145 18.163 20.215 15.948 13.600 15.088 20.242 23.903 33.649 41.791 47.617 48.218 42.947 36.796 41.537 31.316 28.847 18.960 13.515 6.915 4.145 3.114 5.021 4.343 2.582 2.282 4.019 5.949 6.094 7.895 7.163 5.809 7.096 6.651 6.238 2.814 4.356 2.980 2.057 2.286 2.812 2.124 3.900
-999.250 -999.250 -999.250 47.866 -999.250 -999.250 39.593 37.222 30.974 -999.250 -999.250 -999.250 39.817 50.998 -999.250 -999.250 -999.250 -999.250 -999.250 -999.250 89.791 86.081 83.285 69.987 54.164 35.659 22.211 16.974 13.002 11.361 11.023 12.020 16.353 26.026 32.658 33.415 49.002 46.055 40.206 40.200 35.318 28.722 19.705 14.221 8.334 4.119 1.831 0.000 0.145 0.000 1.986 4.373 3.423 5.798 4.394 7.613 6.633 4.740 5.407 6.979 5.329 6.093 2.586 1.850 0.886 1.551 1.261 2.949 3.556
-999.250 -999.250 -999.250 -999.250 -999.250 -999.250 -999.250 -999.250 -999.250 -999.250 -999.250 -999.250 -999.250 41.206 47.448 55.391 -999.250 -999.250 -999.250 85.433 84.633 86.430 75.863 62.309 36.596 27.325 16.572 11.858 8.088 9.984 11.056 12.569 14.731 18.905 24.974 34.759 41.687 48.984 45.299 32.429 25.419 22.253 19.181 11.166 3.279 0.000 0.000 0.000 0.000 0.000 1.308 3.039 4.972 3.688 3.979 4.190 4.392 4.523 5.620 6.370 6.211 5.070 4.240 2.439 1.224 1.970 1.012 3.360 4.856
-999.250 -999.250 -999.250 -999.250 -999.250 -999.250 -999.250 -999.250 -999.250 -999.250 -999.250 25.996 30.795 38.822 41.668 49.693 -999.250 -999.250 73.117 87.828 76.040 72.328 67.286 47.508 32.673 19.958 11.448 7.094 5.656 4.544 9.988 10.268 11.639 14.949 22.502 31.856 28.418 27.468 29.188 24.483 19.336 14.581 12.888 8.169 1.128 0.000 0.000 0.000 0.000 0.934 3.254 3.277 6.244 3.718 3.485 4.992 6.391 4.930 4.351 4.961 8.061 7.306 4.251 6.484 3.877 2.423 4.341 1.110 4.792
-999.250 -999.250 -999.250 -999.250 -999.250 -999.250 -999.250 -999.250 -999.250 -999.250 -999.250 19.502 24.523 29.769 34.118 39.434 43.910 54.463 67.974 69.362 72.896 65.210 49.292 34.476 20.376 15.329 6.224 4.607 3.322 2.054 4.835 7.761 9.522 14.813 16.949 23.427 20.421 23.286 19.014 20.463 18.884 11.290 11.169 4.034 0.000 0.000 0.000 0.000 0.000 0.000 1.870 2.625 5.485 5.153 5.133 6.529 7.783 6.283 5.692 7.391 8.159 9.140 7.076 6.141 4.273 4.690 4.434 4.483 7.320
-999.250 -999.250 -999.250 -999.250 -999.250 -999.250 -999.250 -999.250 -999.250 -999.250 -999.250 -999.250 24.839 28.460 31.601 29.490 32.190 46.698 49.960 57.835 55.655 48.602 39.842 29.314 20.070 13.515 5.726 2.780 1.709 3.451 3.517 7.698 10.414 12.185 14.432 17.894 19.670 20.044 18.621 17.008 14.866 12.278 5.295 1.733 0.474 0.000 0.000 0.000 0.000 0.000 3.733 2.713 5.431 6.158 5.495 6.999 7.808 8.845 9.074 7.387 4.466 8.070 3.920 5.568 6.780 5.151 4.527 6.458 5.265
-999.250 -999.250 -999.250 -999.250 -999.250 -999.250 -999.250 -999.250 -999.250 -999.250 -999.250 -999.250 -999.250 24.274 25.247 23.071 24.042 32.161 40.859 45.178 44.993 41.014 30.878 23.095 17.369 13.327 6.839 2.225 2.085 3.218 3.595 8.235 8.782 13.502 13.424 16.813 17.113 17.262 17.392 13.313 11.756 6.757 5.258 2.856 1.017 1.013 0.000 0.816 0.000 0.809 2.091 3.192 5.416 6.767 6.832 9.873 8.136 7.399 8.324 5.571 6.100 5.359 5.577 8.068 4.314 3.938 4.323 5.461 5.777
-999.250 -999.250 -999.250 -999.250 -999.250 -999.250 -999.250 -999.250 -999.250 -999.250 -999.250 -999.250 -999.250 18.689 18.727 16.563 18.054 17.650 26.506 35.999 30.430 35.033 21.572 17.641 15.012 12.856 6.492 3.996 2.673 4.722 2.724 4.531 6.368 9.956 11.576 14.361 12.958 13.752 13.474 12.018 12.700 11.546 6.336 3.080 1.490 1.832 1.341 2.693 1.495 3.784 4.454 3.587 6.418 9.626 7.911 7.570 5.189 9.186 7.115 6.532 7.161 6.765 6.760 4.477 6.350 5.497 4.542 5.332 6.094
-999.250 -999.250 -999.250 -999.250 -999.250 -999.250 -999.250 -999.250 -999.250 -999.250 -999.250 -999.250 -999.250 18.445 16.682 15.049 14.337 17.548 21.653 24.604 23.514 23.538 22.072 15.155 14.585 10.834 7.738 6.653 4.126 6.703 5.268 3.394 5.709 7.976 12.546 13.930 12.173 10.498 13.469 14.059 8.357 10.364 6.684 4.415 3.650 3.338 4.209 3.718 3.987 3.435 4.476 5.514 5.806 8.968 8.338 7.959 6.545 7.304 7.017 6.476 4.210 4.169 3.077 4.447 6.239 5.038 6.342 7.851 7.306
-999.250 -999.250 -999.250 -999.250 -999.250 -999.250 -999.250 -999.250 -999.250 -999.250 -999.250 -999.250 -999.250 -999.250 16.465 13.875 14.710 16.517 21.212 22.358 21.422 21.123 17.641 15.919 12.657 8.801 9.915 8.777 9.089 10.928 7.403 4.372 3.814 7.033 11.731 10.118 10.598 11.400 14.638 10.500 9.202 8.450 4.363 5.226 4.377 4.065 3.654 3.100 6.638 7.389 5.981 4.269 8.222 7.825 3.872 6.700 7.260 5.240 5.580 6.397 5.751 5.856 7.652 5.866 5.800 7.411 6.600 7.879 8.632
-999.250 -999.250 -999.250 -999.250 -999.250 -999.250 -999.250 -999.250 -999.250 -999.250 -999.250 -999.250 -999.250 -999.250 17.112 15.736 13.460 13.442 15.421 17.895 18.040 17.875 17.069 15.838 10.923 9.020 12.195 11.706 13.029 10.143 8.675 4.840 5.097 7.419 12.190 9.127 9.307 10.996 11.583 10.289 8.250 8.826 6.073 6.223 6.961 4.721 4.073 4.543 5.106 6.853 7.075 6.167 6.149 7.472 7.786 9.938 10.248 8.359 4.838 5.457 7.222 7.789 7.943 7.899 8.088 6.134 5.826 6.017 6.377
-999.250 -999.250 -999.250 -999.250 -999.250 -999.250 -999.250 -999.250 -999.250 -999.250 -999.250 -999.250 -999.250 -999.250 14.629 15.321 14.089 15.749 17.068 16.963 19.172 21.269 15.781 14.566 12.622 10.260 11.968 9.754 9.873 9.752 9.201 7.971 7.621 9.259 10.928 13.619 11.070 12.297 10.604 10.634 9.530 10.486 9.609 7.143 6.843 4.790 6.858 8.221 10.160 7.644 8.307 7.304 7.454 7.481 6.643 6.785 9.615 7.671 8.599 6.086 8.479 5.930 6.660 6.031 5.420 5.652 6.632 4.491 5.804
-999.250 -999.250 -999.250 -999.250 -999.250 -999.250 -999.250 -999.250 -999.250 -999.250 -999.250 -999.250 -999.250 -999.250 13.971 15.115 13.579 15.708 18.708 16.856 18.647 17.904 15.900 13.180 13.817 -999.250 13.542 12.511 10.699 10.069 7.904 6.385 7.564 8.604 11.628 9.007 11.849 10.920 9.282 11.528 9.368 7.461 5.874 7.933 8.867 11.621 7.696 9.672 10.223 8.348 9.697 8.884 7.807 7.401 7.720 7.100 8.511 7.193 7.376 6.418 6.149 4.551 6.301 6.607 4.636 6.799 7.706 9.076 7.205
-999.250 -999.250 -999.250 -999.250 -999.250 -999.250 -999.250 -999.250 -999.250 -999.250 -999.250 -999.250 -999.250 -999.250 16.493 17.491 14.599 14.277 15.019 15.874 17.605 16.726 17.190 -999.250 -999.250 -999.250 12.336 12.683 12.470 11.969 7.502 6.035 9.459 10.610 11.492 12.987 11.223 9.426 7.695 8.761 9.088 12.029 8.106 9.053 9.210 7.494 10.340 10.579 10.216 9.678 11.193 9.446 8.746 5.406 5.242 4.023 5.795 6.302 8.010 5.985 3.996 4.767 4.422 5.545 6.709 6.225 9.732 10.020 7.542
-999.250 -999.250 -999.250 -999.250 -999.250 -999.250 -999.250 -999.250 -999.250 -999.250 -999.250 -999.250 -999.250 16.841 16.572 16.544 16.201 16.685 14.727 16.161 13.842 17.940 -999.250 -999.250 -999.250 -999.250 -999.250 12.070 13.875 13.023 11.658 9.753 11.430 10.003 11.757 10.278 16.050 13.223 8.988 10.015 8.750 7.876 7.562 6.193 7.320 7.438 9.719 11.589 7.334 9.747 12.016 7.326 4.681 6.339 3.144 3.941 2.425 4.129 4.784 3.483 3.460 1.923 4.001 5.895 6.692 5.346 10.123 6.876 7.190
-999.250 -999.250 -999.250 -999.250 -999.250 -999.250 -999.250 -999.250 -999.250 -999.250 -999.250 -999.250 -999.250 17.882 16.970 17.728 23.417 17.927 17.108 15.543 -999.250 -999.250 -999.250 -999.250 -999.250 -999.250 -999.250 -999.250 12.261 12.811 13.807 11.213 10.280 15.093 11.891 10.467 10.434 11.813 11.120 9.691 7.590 6.548 6.243 5.917 4.951 6.847 5.198 6.654 7.164 7.886 10.419 9.420 9.192 3.519 1.439 2.910 2.476 3.687 2.652 3.082 4.086 2.771 5.407 6.331 5.646 7.120 7.605 10.653 10.736
-999.250 -999.250 -999.250 -999.250 -999.250 -999.250 -999.250 -999.250 -999.250 -999.250 -999.250 -999.250 18.269 17.183 -999.250 -999.250 -999.250 -999.250 -999.250 -999.250 -999.250 -999.250 -999.250 -999.250 -999.250 -999.250 -999.250 -999.250 -999.250 14.698 15.950 14.201 17.005 10.280 14.924 11.338 11.008 13.443 9.316 8.045 6.115 5.644 5.712 5.487 5.995 4.453 5.629 4.465 7.976 8.013 8.298 6.332 5.964 3.761 2.383 3.716 1.447 2.638 5.000 4.952 5.884 3.992 3.595 4.494 5.824 4.201 7.262 7.633 11.178
-999.250 -999.250 -999.250 -999.250 -999.250 -999.250 -999.250 -999.250 -999.250 -999.250 -999.250 -999.250 -999.250 -999.250 -999.250 -999.250 -999.250 -999.250 -999.250 -999.250 -999.250 -999.250 -999.250 -999.250 -999.250 -999.250 -999.250 -999.250 -999.250 -999.250 14.205 15.319 17.409 16.933 16.444 12.478 13.192 12.084 11.223 7.122 7.928 2.125 3.145 3.158 3.047 2.931 3.914 3.950 6.192 6.800 8.327 4.708 4.018 5.001 2.487 3.865 2.554 1.871 5.149 3.811 3.992 4.983 3.473 3.887 4.168 4.219 5.265 5.752 7.876
-999.250 -999.250 -999.250 -999.250 -999.250 -999.250 -999.250 -999.250 -999.250 -999.250 -999.250 -999.250 -999.250 -999.250 -999.250 -999.250 -999.250 -999.250 -999.250 -999.250 -999.250 -999.250 -999.250 -999.250 -999.250 -999.250 -999.250 -999.250 -999.250 -999.250 10.782 13.784 13.592 15.139 14.044 12.165 10.905 7.878 8.481 7.458 5.000 1.870 0.651 3.011 3.064 1.195 3.745 5.276 6.334 5.802 7.804 4.071 4.314 1.284 3.468 2.332 3.571 3.461 2.082 2.052 3.176 6.683 3.961 5.903 4.768 1.537 4.655 4.941 4.841
-999.250 -999.250 -999.250 -999.250 -999.250 -999.250 -999.250 -999.250 -999.250 -999.250 -999.250 -999.250 -999.250 -999.250 -999.250 -999.250 -999.250 -999.250 -999.250 -999.250 -999.250 -999.250 -999.250 -999.250 -999.250 -999.250 -999.250 -999.250 -999.250 -999.250 11.442 11.814 12.217 13.716 11.605 9.396 9.821 5.887 5.695 5.064 4.424 0.167 0.000 0.736 2.673 5.274 5.886 7.399 7.600 5.610 4.531 4.643 6.895 1.969 5.144 3.272 2.825 4.895 4.253 3.875 5.621 3.569 4.758 2.084 1.291 1.542 3.195 4.391 5.773
-999.250 -999.250 -999.250 -999.250 -999.250 -999.250 -999.250 -999.250 -999.250 -999.250 -999.250 -999.250 -999.250 -999.250 -999.250 -999.250 -999.250 -999.250 -999.250 -999.250 -999.250 -999.250 -999.250 -999.250 -999.250 -999.250 -999.250 -999.250 -999.250 -999.250 -999.250 15.162 13.804 13.869 16.629 11.408 11.974 8.211 5.243 4.516 1.846 0.000 0.000 0.000 1.996 2.608 2.613 5.758 5.428 7.664 4.077 6.854 3.756 6.228 6.756 4.053 3.432 3.938 3.957 3.143 3.757 2.610 4.101 0.298 0.000 0.000 1.641 3.592 7.789
-999.250 -999.250 -999.250 -999.250 -999.250 -999.250 -999.250 -999.250 -999.250 -999.250 -999.250 -999.250 -999.250 -999.250 -999.250 -999.250 -999.250 -999.250 -999.250 -999.250 -999.250 -999.250 -999.250 -999.250 -999.250 -999.250 -999.250 -999.250 -999.250 -999.250 -999.250 14.220 15.830 13.243 14.523 10.627 11.336 8.548 6.438 5.453 2.515 1.885 0.367 2.587 4.225 4.471 6.833 7.066 5.048 8.041 6.536 6.445 6.921 4.640 5.799 5.230 4.646 6.215 5.831 4.336 3.100 2.602 3.236 0.000 0.000 0.000 0.119 3.674 5.107
-999.250 -999.250 -999.250 -999.250 -999.250 -999.250 -999.250 -999.250 -999.250 -999.250 -999.250 -999.250 -999.250 -999.250 -999.250 -999.250 -999.250 -999.250 -999.250 -999.250 -999.250 -999.250 -999.250 -999.250 -999.250 -999.250 -999.250 -999.250 -999.250 -999.250 -999.250 14.587 15.351 11.969 10.960 8.753 8.020 6.093 7.095 5.467 4.145 4.305 5.597 4.414 3.742 6.234 6.207 7.410 6.262 5.237 5.255 4.968 7.620 5.680 4.312 5.577 3.805 5.968 4.606 3.603 2.856 2.681 1.090 0.433 0.000 0.000 0.000 0.710 3.948
-999.250 -999.250 -999.250 -999.250 -999.250 -999.250 -999.250 -999.250 -999.250 -999.250 -999.250 -999.250 -999.250 -999.250 -999.250 -999.250 -999.250 -999.250 -999.250 -999.250 -999.250 -999.250 -999.250 -999.250 -999.250 -999.250 -999.250 -999.250 -999.250 -999.250 -999.250 9.948 11.486 10.118 10.486 8.237 7.557 6.030 6.985 6.423 4.359 5.056 8.733 5.369 6.007 6.739 7.368 5.540 4.455 7.900 9.211 5.492 7.285 8.641 7.484 7.711 8.799 7.427 7.796 6.137 3.322 2.676 1.303 0.000 0.000 0.000 0.000 0.000 1.807
-999.250 -999.250 -999.250 -999.250 -999.250 -999.250 -999.250 -999.250 -999.250 -999.250 -999.250 -999.250 -999.250 -999.250 -999.250 -999.250 -999.250 -999.250 -999.250 -999.250 -999.250 -999.250 -999.250 -999.250 -999.250 -999.250 -999.250 -999.250 -999.250 -999.250 -999.250 8.201 10.179 9.550 10.370 8.018 7.559 6.223 7.153 7.898 7.172 9.418 9.574 10.364 8.028 5.743 8.440 8.032 7.889 6.834 7.669 8.924 9.782 10.103 12.321 10.384 8.362 6.002 7.697 8.121 4.871 1.511 1.890 0.000 0.000 0.000 0.000 0.565 0.000
-999.250 -999.250 -999.250 -999.250 -999.250 -999.250 -999.250 -999.250 -999.250 -999.250 -999.250 -999.250 -999.250 -999.250 -999.250 -999.250 -999.250 -999.250 -999.250 -999.250 -999.250 -999.250 -999.250 -999.250 -999.250 -999.250 -999.250 -999.250 -999.250 -999.250 -999.250 4.668 7.087 11.610 12.336 13.027 8.099 9.628 9.341 7.740 7.335 10.987 10.731 10.072 9.968 9.030 6.808 12.421 8.842 11.307 9.625 8.415 10.492 12.975 10.309 10.026 9.275 7.111 7.387 6.669 3.124 1.853 2.141 0.000 0.000 0.000 0.000 0.000 0.000
-999.250 -999.250 -999.250 -999.250 -999.250 -999.250 -999.250 -999.250 -999.250 -999.250 -999.250 -999.250 -999.250 -999.250 -999.250 -999.250 -999.250 -999.250 -999.250 -999.250 -999.250 -999.250 -999.250 -999.250 -999.250 -999.250 -999.250 -999.250 -999.250 -999.250 -999.250 6.167 9.840 10.365 11.447 12.869 8.408 11.165 10.060 11.295 11.457 11.242 12.334 13.550 12.212 8.841 10.685 9.709 10.875 12.645 6.264 8.123 12.160 10.785 6.618 5.903 5.994 9.199 4.880 7.521 3.978 3.964 2.800 0.000 0.000 0.000 0.000 0.000 0.000
