data/medianmodel_10-Dec-2020.asc
ncols	141
nrows	288
xllcorner	-120191.398
yllcorner	-301404.813
cellsize	2000.000
NODATA_value	-999.250
[rows 145 to 173 of 288, columns 0 to 63 of 141]
-999.250 -999.250 -999.250 -999.250 -999.250 -999.250 -999.250 -999.250 -999.250 -999.250 -999.250 -999.250 -999.250 -999.250 -999.250 -999.250 -999.250 170.727 158.856 163.212 177.125 175.897 193.322 227.848 249.438 293.328 316.002 377.912 390.343 408.795 413.475 404.300 403.968 383.654 368.204 343.035 335.674 329.004 317.290 327.775 338.445 338.788 325.259 304.818 282.645 277.663 266.042 263.410 256.219 246.879 226.527 193.152 161.947 151.748 159.222 171.661 172.179 206.356 194.743 220.913 263.440 315.198 373.874 456.492
-999.250 -999.250 -999.250 -999.250 -999.250 -999.250 -999.250 -999.250 -999.250 -999.250 -999.250 -999.250 -999.250 -999.250 -999.250 191.471 164.103 180.322 182.323 173.785 190.986 212.389 223.227 249.789 274.491 293.793 332.842 381.795 411.201 416.210 427.986 411.041 404.906 381.297 354.427 348.417 316.830 320.127 311.134 339.736 342.520 346.377 315.721 274.656 285.524 257.774 258.877 258.012 263.273 239.398 222.978 188.932 164.091 156.724 160.847 167.422 200.055 230.572 241.189 269.685 315.748 389.772 445.879 507.969
-999.250 -999.250 -999.250 -999.250 -999.250 -999.250 -999.250 -999.250 -999.250 -999.250 -999.250 -999.250 -999.250 -999.250 209.241 181.707 187.054 203.663 192.169 196.689 217.981 236.499 262.613 270.275 291.514 328.777 357.489 404.970 416.916 425.189 427.048 410.425 397.477 398.408 364.442 338.759 309.894 310.976 311.935 320.043 334.199 336.455 315.015 278.181 254.572 246.643 247.398 267.740 259.405 251.165 224.485 199.604 173.836 148.883 154.279 183.590 207.012 232.042 271.739 304.653 364.667 417.474 472.728 583.187
-999.250 -999.250 -999.250 -999.250 -999.250 -999.250 -999.250 -999.250 -999.250 -999.250 -999.250 -999.250 -999.250 -999.250 208.731 191.843 194.007 200.760 205.433 214.011 245.686 264.969 281.201 301.217 328.631 367.300 395.969 411.442 425.032 441.336 429.314 415.528 414.655 401.832 386.479 337.755 324.164 296.666 302.797 320.460 306.665 322.366 293.588 275.388 255.317 236.571 253.618 268.061 287.627 256.605 255.155 219.127 180.094 169.030 165.223 195.287 222.927 244.404 278.864 340.381 374.921 437.379 511.210 618.635
-999.250 -999.250 -999.250 -999.250 -999.250 -999.250 -999.250 -999.250 -999.250 -999.250 -999.250 -999.250 -999.250 230.011 236.101 215.602 213.558 219.836 236.099 234.602 248.133 289.229 313.379 318.670 342.504 370.100 410.866 422.799 430.003 425.403 465.096 434.844 430.801 415.370 383.092 372.876 333.222 308.127 309.981 352.542 335.898 319.457 323.146 288.871 262.363 262.530 286.950 299.869 314.496 312.466 270.534 243.545 204.893 200.000 205.078 212.802 229.858 243.219 292.341 354.224 399.046 459.366 577.117 661.753
-999.250 -999.250 -999.250 -999.250 -999.250 -999.250 -999.250 -999.250 -999.250 -999.250 -999.250 -999.250 239.942 227.739 226.486 227.748 212.319 231.154 249.627 254.213 269.735 301.112 336.386 378.953 412.228 432.544 446.192 473.971 455.374 458.378 471.202 460.247 422.907 404.058 399.762 380.930 357.429 342.314 336.640 337.956 346.938 329.230 344.338 316.070 320.433 317.336 359.302 375.392 360.114 344.621 306.324 274.359 242.653 233.934 223.185 221.786 243.359 255.957 299.497 342.838 388.911 466.794 528.407 681.160
-999.250 -999.250 -999.250 -999.250 -999.250 -999.250 -999.250 -999.250 -999.250 -999.250 -999.250 265.183 250.233 235.223 229.273 217.636 213.515 226.994 242.301 264.435 279.068 312.722 356.913 400.180 423.795 462.876 468.041 500.151 492.668 476.788 462.048 448.035 436.078 426.265 404.789 389.313 389.224 386.508 348.577 367.047 348.546 347.160 344.494 356.319 363.981 374.602 400.723 396.113 404.906 402.730 363.199 293.067 265.253 260.422 241.168 223.089 258.422 260.054 304.569 341.479 406.408 465.389 530.113 632.551
-999.250 -999.250 -999.250 -999.250 -999.250 -999.250 -999.250 -999.250 -999.250 -999.250 314.324 278.012 254.040 241.416 219.372 212.458 218.987 229.343 237.134 271.396 307.220 341.617 394.569 419.667 449.397 469.329 495.761 518.775 523.301 502.500 477.451 444.431 424.222 419.925 406.011 385.844 402.795 397.412 386.485 373.109 388.299 384.554 402.035 403.559 434.049 454.274 470.252 472.133 449.352 430.996 390.816 350.268 304.296 275.630 267.946 259.348 247.524 267.504 292.457 353.802 399.335 432.750 492.840 578.401
-999.250 -999.250 -999.250 -999.250 -999.250 -999.250 -999.250 -999.250 -999.250 368.606 312.653 283.437 266.708 236.312 217.771 202.532 213.780 211.950 243.593 260.055 291.971 352.047 406.101 438.750 485.770 514.548 530.672 524.215 556.300 519.689 505.278 453.765 446.429 431.300 413.399 406.452 396.732 386.218 370.570 380.304 387.464 382.687 402.129 426.632 468.842 533.353 561.777 543.815 500.651 437.179 413.493 402.679 376.018 300.500 271.336 263.807 249.860 287.964 304.122 333.831 396.771 427.668 485.538 558.931
-999.250 -999.250 -999.250 -999.250 -999.250 425.199 445.266 433.399 412.591 358.773 323.525 279.387 241.149 218.868 201.600 199.396 203.669 202.660 219.518 251.995 294.179 351.488 416.880 465.618 544.794 606.741 589.553 574.868 558.824 518.366 518.413 491.880 458.551 459.617 428.686 405.725 397.516 366.827 377.734 375.371 359.853 376.853 415.157 426.592 481.869 608.170 663.260 603.876 512.767 461.144 438.353 404.790 368.414 319.483 278.241 281.398 260.154 278.235 314.766 355.834 371.973 422.376 437.410 491.790
-999.250 -999.250 -999.250 -999.250 -999.250 -999.250 -999.250 426.337 394.041 345.900 302.562 283.074 239.501 208.865 196.136 191.829 181.491 199.870 221.047 248.101 299.566 346.770 407.142 471.494 573.783 652.633 613.523 585.179 583.223 562.425 526.756 499.909 452.104 434.614 427.541 408.694 386.083 351.970 359.189 345.255 355.691 357.237 391.635 437.284 469.607 520.851 601.102 570.929 531.878 467.575 436.233 411.344 393.336 326.189 289.845 287.471 272.209 264.876 306.560 319.665 341.661 372.029 402.302 438.043
-999.250 -999.250 -999.250 -999.250 -999.250 -999.250 -999.250 404.544 391.938 334.920 293.306 242.877 208.990 198.680 179.142 160.930 164.264 181.062 205.698 245.587 304.526 355.033 413.848 488.479 557.675 639.257 625.141 575.981 569.372 569.154 532.769 514.833 480.778 462.377 423.333 411.975 391.548 348.857 346.511 334.153 314.613 311.789 345.716 401.198 431.770 468.367 508.253 523.371 521.534 465.606 436.464 413.870 380.862 340.644 308.304 276.478 274.778 254.351 284.132 277.894 314.750 321.341 337.717 386.654
-999.250 -999.250 -999.250 -999.250 -999.250 -999.250 -999.250 379.874 358.020 309.330 248.384 231.541 207.657 165.921 156.971 152.748 148.786 162.736 192.661 219.389 272.275 323.141 391.862 456.669 523.480 563.617 592.056 585.788 560.056 545.197 518.823 485.938 476.664 460.401 434.381 428.951 396.416 360.519 308.821 298.295 270.733 275.479 290.982 353.897 409.322 440.460 475.437 478.102 485.986 454.311 434.998 426.214 398.370 348.054 330.311 278.811 263.182 246.543 237.515 246.742 256.879 265.961 304.354 333.619
-999.250 -999.250 -999.250 -999.250 -999.250 -999.250 -999.250 367.977 315.945 282.663 245.793 210.084 186.134 155.648 139.885 131.675 131.444 145.311 186.524 212.679 250.472 306.806 364.375 414.610 481.835 534.823 591.331 537.367 545.754 511.458 500.675 483.131 486.933 464.567 451.707 427.973 400.578 351.180 285.223 256.679 228.978 223.518 258.496 293.935 358.740 387.155 406.590 420.702 432.925 448.471 422.661 420.619 384.739 335.681 290.713 267.692 251.716 218.864 230.852 214.465 209.060 216.359 235.782 257.148
-999.250 -999.250 -999.250 -999.250 -999.250 -999.250 -999.250 -999.250 277.799 251.081 234.841 209.804 182.636 159.490 136.436 124.354 122.744 130.234 152.140 185.790 225.189 273.295 336.849 413.063 465.283 522.462 534.338 495.787 530.353 491.066 502.889 479.282 498.066 458.555 441.250 407.771 400.621 337.083 280.944 225.190 169.106 149.343 202.565 252.155 317.206 346.435 383.561 400.989 416.076 415.526 410.184 391.896 374.397 328.771 281.430 244.837 245.154 209.820 201.209 191.982 170.074 182.216 180.623 210.388
-999.250 -999.250 -999.250 -999.250 -999.250 -999.250 -999.250 -999.250 248.250 220.460 221.516 210.440 185.229 160.524 135.995 119.446 123.166 124.838 138.300 163.756 200.528 266.856 335.353 397.410 449.144 462.735 491.860 487.653 500.858 482.373 471.614 435.037 453.293 460.066 440.721 433.966 401.125 361.878 258.509 206.928 132.904 70.832 146.465 218.219 275.788 322.050 374.613 385.866 400.161 417.873 382.450 371.399 350.215 321.641 272.376 232.518 237.095 197.203 188.463 158.198 147.053 139.562 141.171 142.951
-999.250 -999.250 -999.250 -999.250 -999.250 -999.250 -999.250 281.701 251.533 244.518 226.687 228.219 201.536 181.192 162.600 145.389 137.824 139.151 139.638 143.747 169.711 237.175 309.515 378.085 430.828 455.260 474.789 510.285 475.328 457.600 447.579 455.414 447.562 441.336 414.710 422.627 416.224 358.157 259.607 191.961 135.272 112.971 132.985 187.741 245.035 285.348 313.540 355.317 384.630 370.520 369.802 347.739 300.776 289.687 256.725 226.007 197.838 173.569 155.479 136.691 124.396 118.922 116.752 120.342
-999.250 -999.250 -999.250 -999.250 -999.250 -999.250 -999.250 285.189 284.293 264.302 255.965 246.522 239.704 225.079 190.399 187.563 173.480 168.075 153.620 162.947 153.587 233.341 306.601 385.181 412.486 457.243 486.574 486.596 486.629 466.372 445.244 424.479 419.727 397.986 394.671 383.998 372.916 315.996 248.763 183.598 144.438 133.101 150.542 194.790 231.196 267.954 293.159 321.083 350.779 324.164 349.761 352.167 281.998 252.371 240.110 222.743 185.172 145.258 131.771 127.646 114.033 115.835 116.905 119.380
-999.250 -999.250 -999.250 -999.250 -999.250 -999.250 -999.250 307.992 306.227 302.700 282.891 273.106 263.820 266.849 247.155 223.021 216.309 206.095 205.374 208.526 238.388 272.453 328.832 411.268 422.730 458.131 490.978 439.162 449.325 436.325 414.733 403.734 400.278 381.177 357.996 342.911 341.188 292.212 239.510 188.866 154.382 151.043 161.016 190.174 212.799 258.021 296.009 298.733 297.871 306.199 312.900 296.986 267.255 239.021 211.505 190.609 161.841 128.177 123.020 115.321 112.589 111.529 112.413 115.472
-999.250 -999.250 -999.250 -999.250 -999.250 -999.250 -999.250 363.208 354.927 348.991 323.696 321.012 304.198 315.428 292.896 272.761 263.266 262.208 260.287 279.145 306.615 354.157 391.321 438.582 454.704 468.473 491.472 455.532 429.229 418.408 395.898 347.708 348.219 333.141 329.547 321.115 286.043 262.421 225.924 199.927 165.899 162.302 157.956 197.529 211.999 233.221 271.303 268.470 281.815 277.987 263.201 268.749 244.466 219.651 189.270 167.928 153.764 121.254 117.936 107.711 102.611 105.566 114.809 121.297
-999.250 -999.250 -999.250 -999.250 -999.250 -999.250 386.251 386.064 397.345 397.194 373.768 365.896 381.674 341.063 325.214 316.482 299.804 312.181 329.858 366.092 382.051 405.102 446.420 460.110 482.648 479.773 500.042 480.806 444.122 408.889 344.480 306.170 304.388 306.233 293.770 275.645 253.727 236.898 221.875 199.207 164.928 168.394 175.391 200.576 194.381 225.087 236.958 249.488 259.041 264.342 262.445 242.759 228.834 209.127 167.496 149.704 145.783 116.896 117.846 116.654 101.633 109.038 112.762 123.273
-999.250 -999.250 -999.250 -999.250 -999.250 -999.250 380.510 395.986 416.540 407.495 404.884 408.684 397.308 383.997 408.110 364.887 370.823 370.861 374.126 402.025 437.124 462.863 489.029 500.722 498.741 538.659 513.147 479.040 434.089 409.447 354.669 318.403 298.523 283.716 280.921 264.407 247.038 221.440 212.488 192.105 181.214 167.428 174.376 180.387 184.681 186.948 214.670 214.813 242.426 242.583 242.599 225.216 197.972 175.124 159.050 137.191 119.447 107.682 105.606 102.144 103.016 101.033 110.869 126.048
-999.250 -999.250 -999.250 -999.250 -999.250 372.226 397.514 381.380 398.468 413.628 425.988 422.554 421.499 403.666 400.196 394.946 403.631 408.302 424.680 447.533 512.440 552.004 541.248 533.944 574.843 553.838 526.905 506.251 442.567 418.453 375.854 335.831 309.039 287.421 267.286 250.660 234.234 213.713 200.500 194.695 189.758 188.156 191.728 177.105 176.907 179.666 189.804 201.311 216.057 204.397 207.566 196.778 171.037 162.202 149.592 125.861 114.078 108.302 99.865 95.063 90.350 91.669 104.224 123.662
-999.250 -999.250 -999.250 -999.250 -999.250 384.721 392.407 407.158 409.835 422.271 425.112 458.423 433.504 421.989 408.976 425.356 413.149 428.901 445.877 485.115 530.473 559.280 606.519 600.060 588.085 569.597 565.869 508.380 456.364 410.079 375.359 332.218 307.026 290.832 267.767 254.691 234.184 215.023 202.533 195.423 186.162 178.614 172.683 183.572 181.666 180.755 189.214 182.174 183.343 172.523 174.688 175.588 155.443 121.305 120.547 116.807 107.457 92.829 89.425 92.418 99.820 100.776 109.612 119.578
-999.250 -999.250 -999.250 -999.250 403.822 396.081 413.871 415.498 424.130 421.042 425.681 427.851 429.413 412.583 416.097 426.475 431.006 419.564 443.283 495.094 557.237 584.197 645.467 661.804 616.119 565.025 537.809 495.217 443.166 420.256 376.501 351.403 299.538 298.802 273.004 249.422 238.184 212.137 196.396 184.011 178.028 191.805 177.356 165.461 160.331 162.266 142.989 154.093 156.076 156.741 157.455 152.878 134.610 124.340 109.937 97.802 95.746 82.973 78.804 89.733 88.129 105.724 107.360 116.806
-999.250 -999.250 -999.250 -999.250 411.969 411.047 413.362 413.297 420.502 429.136 416.947 417.309 417.359 404.679 397.621 406.062 409.129 416.783 426.279 482.586 556.169 637.231 692.364 632.022 619.312 588.448 514.343 471.083 433.810 409.559 373.489 353.038 326.566 302.782 271.470 251.731 231.992 219.472 207.633 199.822 182.929 186.533 170.027 163.448 157.021 144.801 142.722 141.160 136.790 142.501 143.218 147.069 119.243 113.618 101.658 89.222 79.455 73.719 74.406 77.757 83.523 101.820 103.988 111.183
-999.250 -999.250 -999.250 -999.250 403.856 407.182 412.091 398.345 405.336 411.867 409.147 406.458 389.670 361.607 365.652 362.428 377.847 395.870 415.827 457.698 504.899 594.097 634.704 624.136 592.061 539.800 505.762 453.741 429.349 395.442 369.414 339.746 320.502 288.048 264.678 246.002 233.730 216.635 202.296 180.678 172.936 155.814 157.613 149.317 141.589 144.843 132.407 134.291 132.829 118.489 122.217 123.618 106.699 105.759 101.983 77.859 72.920 70.414 69.714 71.626 82.573 81.195 88.845 105.731
-999.250 -999.250 -999.250 -999.250 398.062 370.611 394.538 389.192 389.393 383.304 399.958 390.155 372.325 359.088 346.432 323.103 309.214 337.205 390.933 414.228 450.653 508.452 560.537 553.477 527.863 518.394 471.803 430.250 424.874 380.821 357.638 338.158 308.875 273.520 262.024 248.885 236.497 214.576 203.198 172.294 160.830 156.281 153.120 142.483 148.654 132.688 133.812 125.713 120.272 122.819 112.300 110.633 104.617 101.172 99.684 81.469 71.602 64.167 67.565 69.818 71.521 79.303 95.950 103.931
-999.250 -999.250 -999.250 -999.250 375.725 368.982 365.567 394.597 372.978 368.774 387.475 364.266 339.623 320.479 302.781 269.415 244.108 275.598 301.989 337.408 378.342 444.569 485.689 490.106 479.850 461.958 437.915 427.833 394.758 378.292 343.373 320.621 304.040 269.011 258.542 245.725 228.429 213.522 195.487 171.238 156.754 147.376 147.779 152.111 148.582 141.735 133.284 128.488 125.170 115.220 116.701 106.865 93.035 96.278 82.217 74.461 67.663 64.703 69.629 64.783 72.858 71.785 77.076 97.991
