data/medianmodel_03-May-2020.asc
ncols	141
nrows	288
xllcorner	-120191.398
yllcorner	-301404.813
cellsize	2000.000
NODATA_value	-999.250
[rows 124 to 154 of 288, columns 0 to 68 of 141]
-999.250 -999.250 -999.250 -999.250 -999.250 -999.250 -999.250 -999.250 -999.250 -999.250 -999.250 -999.250 -999.250 -999.250 -999.250 -999.250 -999.250 -999.250 -999.250 -999.250 -999.250 -999.250 -999.250 -999.250 8.649 9.139 9.014 9.714 7.987 10.226 9.456 6.575 7.683 11.579 7.973 8.162 11.559 13.344 15.986 13.686 13.324 11.655 12.890 10.900 19.925 11.569 17.371 8.792 12.301 10.410 7.554 5.090 8.966 9.267 4.826 8.463 9.642 8.998 5.198 8.825 4.122 5.208 7.568 2.383 5.095 7.521 3.489 1.285 4.960
-999.250 -999.250 -999.250 -999.250 -999.250 -999.250 -999.250 -999.250 -999.250 -999.250 -999.250 -999.250 -999.250 -999.250 -999.250 -999.250 -999.250 -999.250 -999.250 -999.250 -999.250 -999.250 -999.250 -999.250 6.242 7.386 7.661 10.885 8.543 12.012 8.542 8.655 7.354 8.813 10.541 10.033 16.727 15.312 11.082 13.921 14.272 9.110 13.805 14.751 11.831 10.040 9.987 11.580 5.108 7.497 7.604 8.831 4.521 4.778 0.000 5.123 4.465 0.868 6.181 5.249 2.386 7.428 5.194 3.217 5.555 3.603 1.776 3.223 8.570
-999.250 -999.250 -999.250 -999.250 -999.250 -999.250 -999.250 -999.250 -999.250 -999.250 -999.250 -999.250 -999.250 -999.250 -999.250 -999.250 -999.250 -999.250 -999.250 -999.250 -999.250 -999.250 -999.250 9.632 10.201 6.031 9.613 10.479 9.857 10.073 9.334 9.754 9.740 12.137 9.194 8.846 9.933 11.647 12.111 12.171 14.188 10.388 16.948 14.873 12.340 10.429 9.222 10.519 4.504 5.760 9.246 6.011 7.648 0.608 2.083 2.787 2.789 4.860 7.484 5.399 7.113 4.360 2.937 2.681 2.132 4.586 0.437 3.930 3.185
-999.250 -999.250 -999.250 -999.250 -999.250 -999.250 -999.250 -999.250 -999.250 -999.250 -999.250 -999.250 -999.250 -999.250 -999.250 -999.250 -999.250 -999.250 -999.250 -999.250 -999.250 -999.250 -999.250 7.073 5.784 6.404 7.701 7.286 9.463 11.242 8.268 6.952 10.159 6.192 8.729 8.165 12.404 14.730 10.547 15.730 10.069 12.646 8.718 14.600 12.154 9.987 8.661 6.803 2.082 5.614 7.095 6.116 6.077 3.180 6.350 5.145 6.798 5.152 5.158 2.667 7.168 2.901 2.537 5.956 6.040 5.821 0.157 3.515 5.766
-999.250 -999.250 -999.250 -999.250 -999.250 -999.250 -999.250 -999.250 -999.250 -999.250 -999.250 -999.250 -999.250 -999.250 -999.250 -999.250 -999.250 -999.250 -999.250 -999.250 -999.250 -999.250 -999.250 5.935 7.266 9.054 9.306 4.513 8.286 9.518 8.581 9.588 7.606 6.967 6.971 9.826 10.593 11.001 13.412 15.043 15.484 14.967 10.119 10.592 12.696 7.329 6.873 6.455 0.000 2.038 5.507 5.155 4.206 2.736 4.902 5.096 2.787 5.367 8.817 7.816 4.479 2.165 0.000 2.189 4.108 2.994 0.828 5.415 0.000
-999.250 -999.250 -999.250 -999.250 -999.250 -999.250 -999.250 -999.250 -999.250 -999.250 -999.250 -999.250 -999.250 -999.250 -999.250 -999.250 -999.250 -999.250 -999.250 -999.250 -999.250 -999.250 8.040 8.143 9.364 6.571 9.023 7.566 10.077 10.494 7.074 9.900 5.834 4.971 9.175 8.551 7.557 6.124 10.574 10.329 12.302 18.470 11.740 9.105 6.199 7.757 8.050 5.877 3.618 8.176 2.402 3.685 1.691 5.466 5.391 4.239 6.002 0.000 3.594 4.961 1.930 2.361 4.056 1.592 0.805 2.718 1.819 5.233 1.911
-999.250 -999.250 -999.250 -999.250 -999.250 -999.250 -999.250 -999.250 -999.250 -999.250 -999.250 -999.250 -999.250 -999.250 -999.250 -999.250 -999.250 -999.250 -999.250 -999.250 -999.250 -999.250 5.982 8.804 8.260 9.506 6.704 9.579 7.240 8.583 7.396 7.046 8.202 7.783 11.421 10.706 8.834 6.310 9.375 14.334 12.537 10.332 15.960 11.059 10.803 9.129 9.134 5.820 2.217 5.551 1.226 4.688 0.000 1.586 5.316 7.554 5.103 5.124 3.031 4.084 2.459 1.937 0.000 0.000 0.077 0.058 0.625 0.429 0.000
-999.250 -999.250 -999.250 -999.250 -999.250 -999.250 -999.250 -999.250 -999.250 -999.250 -999.250 -999.250 -999.250 -999.250 -999.250 -999.250 -999.250 -999.250 -999.250 -999.250 -999.250 5.268 10.104 4.850 5.194 7.017 7.540 8.636 11.932 9.523 15.966 10.766 5.775 6.953 7.285 7.726 9.813 6.209 8.341 9.896 9.772 7.406 9.578 9.884 10.247 8.002 6.486 4.347 7.332 5.724 0.051 2.731 0.000 0.206 2.467 5.662 1.522 5.929 0.061 4.476 3.212 0.434 4.599 2.289 0.000 0.000 0.277 1.589 0.626
-999.250 -999.250 -999.250 -999.250 -999.250 -999.250 -999.250 -999.250 -999.250 -999.250 -999.250 -999.250 -999.250 -999.250 -999.250 -999.250 -999.250 -999.250 -999.250 -999.250 -999.250 9.483 10.043 9.323 8.432 4.310 9.678 6.582 6.038 12.041 9.048 9.124 8.085 9.226 10.205 9.630 4.465 7.116 9.432 10.767 9.665 10.125 9.309 9.597 9.906 7.109 9.241 3.057 2.639 5.118 3.920 1.980 1.717 5.373 6.325 2.989 1.703 2.271 5.365 0.711 2.125 0.000 0.000 0.324 0.000 0.000 0.000 0.000 0.101
-999.250 -999.250 -999.250 -999.250 -999.250 -999.250 -999.250 -999.250 -999.250 -999.250 -999.250 -999.250 -999.250 -999.250 -999.250 -999.250 -999.250 -999.250 -999.250 -999.250 -999.250 8.424 9.489 12.277 10.056 8.901 5.942 9.170 6.662 3.211 9.192 7.135 7.248 8.212 7.435 9.621 9.962 9.360 5.095 9.017 9.660 12.961 9.732 6.171 9.593 8.518 3.687 6.258 8.367 1.552 2.021 1.424 1.747 3.546 0.680 0.560 4.772 4.698 1.122 0.000 0.000 0.000 0.000 0.000 1.285 0.000 0.000 0.000 0.000
-999.250 -999.250 -999.250 -999.250 -999.250 -999.250 -999.250 -999.250 -999.250 -999.250 -999.250 -999.250 -999.250 -999.250 -999.250 -999.250 -999.250 -999.250 -999.250 -999.250 6.889 7.695 4.418 9.345 10.819 11.904 8.121 8.480 7.907 8.390 9.439 7.048 5.285 7.584 9.298 9.057 5.193 9.656 5.519 9.533 5.527 9.292 9.287 8.502 5.089 6.088 4.701 5.064 4.604 4.175 3.346 0.000 0.000 2.470 2.679 1.657 1.903 0.000 0.000 0.000 0.092 3.338 0.000 0.000 0.000 0.000 0.000 0.000 0.140
-999.250 -999.250 -999.250 -999.250 -999.250 -999.250 -999.250 -999.250 -999.250 -999.250 -999.250 -999.250 -999.250 -999.250 -999.250 -999.250 -999.250 -999.250 -999.250 -999.250 8.531 5.979 9.112 9.422 7.160 11.898 8.402 5.097 5.126 7.660 8.444 5.733 10.455 8.309 9.287 8.597 9.538 8.912 8.537 7.781 7.111 9.153 10.309 9.803 7.723 9.079 3.076 7.389 7.490 5.001 6.955 6.496 2.884 0.000 0.000 3.069 0.000 0.385 0.000 0.000 0.000 0.213 0.000 0.000 0.000 0.000 0.000 0.000 0.000
-999.250 -999.250 -999.250 -999.250 -999.250 -999.250 -999.250 -999.250 -999.250 -999.250 -999.250 -999.250 -999.250 -999.250 -999.250 -999.250 -999.250 -999.250 -999.250 -999.250 10.139 10.353 7.456 8.988 8.937 8.392 6.156 7.385 9.056 6.810 4.663 5.588 5.185 7.475 5.235 7.188 11.806 6.374 6.304 9.885 5.219 11.901 10.534 10.837 11.089 7.657 4.892 4.142 6.142 4.373 4.170 2.627 3.974 2.608 1.032 0.000 0.000 0.424 0.075 0.000 0.000 0.000 0.000 0.000 0.000 0.000 0.000 0.000 0.541
-999.250 -999.250 -999.250 -999.250 -999.250 -999.250 -999.250 -999.250 -999.250 -999.250 -999.250 -999.250 -999.250 -999.250 -999.250 -999.250 -999.250 -999.250 -999.250 -999.250 9.567 7.403 8.260 7.277 6.326 8.797 7.974 6.412 5.610 5.572 6.264 6.378 6.730 5.178 9.172 8.610 9.427 4.107 5.504 7.321 4.541 11.683 6.176 11.678 8.398 5.422 5.085 9.931 7.141 4.798 4.292 2.988 5.484 5.191 0.524 0.000 0.000 0.292 0.000 0.000 0.000 0.000 0.000 0.000 0.000 0.000 0.000 0.000 0.000
-999.250 -999.250 -999.250 -999.250 -999.250 -999.250 -999.250 -999.250 -999.250 -999.250 -999.250 -999.250 -999.250 -999.250 -999.250 -999.250 -999.250 -999.250 -999.250 7.743 8.672 8.425 11.895 6.117 8.370 4.861 10.871 3.988 2.951 8.535 8.544 9.153 10.945 8.859 7.982 9.991 8.791 8.638 9.400 7.775 7.949 8.566 10.348 15.546 8.182 11.661 8.581 4.729 3.699 5.413 5.716 4.529 5.948 4.829 0.063 0.000 0.000 0.172 0.000 0.000 0.000 0.000 0.000 0.000 0.000 0.000 0.000 0.000 0.000
-999.250 -999.250 -999.250 -999.250 -999.250 -999.250 -999.250 -999.250 -999.250 -999.250 -999.250 -999.250 -999.250 -999.250 -999.250 -999.250 -999.250 -999.250 -999.250 7.652 5.599 5.916 9.990 8.408 11.050 6.669 8.446 6.876 6.705 11.890 10.238 10.608 9.391 12.615 12.723 6.793 7.178 9.471 9.624 6.705 5.918 8.671 7.928 7.404 9.706 10.133 11.685 6.879 4.574 4.670 5.125 5.404 6.608 3.764 0.712 0.677 0.000 0.000 0.000 0.000 0.000 0.000 0.000 0.000 0.000 0.000 0.000 0.000 1.487
-999.250 -999.250 -999.250 -999.250 -999.250 -999.250 -999.250 -999.250 -999.250 -999.250 -999.250 -999.250 -999.250 -999.250 -999.250 -999.250 -999.250 -999.250 -999.250 6.075 0.000 7.241 10.745 8.591 8.940 8.125 6.719 8.453 7.100 9.357 8.593 9.503 6.098 4.827 9.193 8.510 7.990 8.859 9.738 6.518 8.961 7.879 7.455 13.850 9.329 14.627 9.397 5.926 6.535 9.018 3.455 7.096 7.929 3.689 1.412 3.063 0.366 0.000 0.802 0.000 0.000 0.000 0.000 0.000 0.000 0.000 0.000 0.000 0.000
-999.250 -999.250 -999.250 -999.250 -999.250 -999.250 -999.250 -999.250 -999.250 -999.250 -999.250 -999.250 -999.250 -999.250 -999.250 -999.250 -999.250 -999.250 -999.250 6.768 5.301 10.664 13.125 15.123 12.919 9.673 10.183 7.163 5.334 6.755 8.551 7.658 5.915 11.724 8.511 5.345 5.717 10.674 11.458 14.949 6.084 7.539 12.131 14.286 13.070 14.349 7.976 10.077 10.885 4.612 9.140 5.815 4.635 3.615 6.631 3.659 2.401 0.392 0.000 0.000 0.000 0.000 0.000 0.000 0.000 0.000 0.000 0.000 0.000
-999.250 -999.250 -999.250 -999.250 -999.250 -999.250 -999.250 -999.250 -999.250 -999.250 -999.250 -999.250 -999.250 -999.250 -999.250 -999.250 -999.250 -999.250 -999.250 7.704 8.455 7.789 9.539 14.036 8.843 11.110 10.629 10.017 10.019 8.582 10.247 8.451 5.993 8.269 7.596 6.430 7.870 8.443 10.739 6.125 7.566 8.719 8.754 9.550 8.494 10.508 8.297 8.724 5.626 8.139 5.878 4.885 5.323 1.944 6.423 2.839 2.438 0.360 0.000 0.073 0.000 0.000 0.000 0.000 0.000 0.000 0.000 0.000 0.000
-999.250 -999.250 -999.250 -999.250 -999.250 -999.250 -999.250 -999.250 -999.250 -999.250 -999.250 -999.250 -999.250 -999.250 -999.250 -999.250 -999.250 -999.250 7.482 14.198 7.097 8.923 9.933 20.540 8.372 14.245 11.665 9.873 7.997 7.560 8.955 9.506 10.316 7.195 9.713 5.608 6.893 11.966 15.011 9.485 9.534 7.801 13.817 7.193 5.716 9.480 9.474 5.561 5.094 7.501 5.525 8.010 5.638 7.069 7.560 5.034 4.786 0.587 2.482 0.000 0.000 0.000 0.000 0.000 0.000 0.000 0.000 0.000 0.000
-999.250 -999.250 -999.250 -999.250 -999.250 -999.250 -999.250 -999.250 -999.250 -999.250 -999.250 -999.250 -999.250 -999.250 -999.250 -999.250 -999.250 9.744 10.361 8.546 6.035 13.674 9.730 13.305 12.166 10.933 8.873 9.573 11.636 13.225 7.505 8.072 11.897 6.366 7.835 8.349 8.591 9.222 9.533 9.680 10.850 8.950 11.038 7.440 7.277 5.756 8.077 3.861 5.628 5.476 5.508 3.800 5.597 2.754 2.898 0.384 1.646 0.883 0.000 0.000 0.000 0.000 0.000 0.000 0.000 0.072 0.000 0.000 0.000
-999.250 -999.250 -999.250 -999.250 -999.250 -999.250 -999.250 -999.250 -999.250 -999.250 -999.250 -999.250 -999.250 -999.250 -999.250 -999.250 -999.250 8.748 8.545 9.228 10.427 9.800 9.824 11.418 7.774 10.145 16.259 12.706 10.825 13.814 9.677 9.393 13.419 8.258 10.562 7.490 9.276 10.245 13.722 8.243 14.636 10.177 11.140 8.223 8.730 7.881 9.578 5.891 5.900 3.704 3.401 1.401 5.056 1.262 4.524 2.064 2.634 2.666 0.625 0.000 0.000 0.000 0.000 0.000 0.000 0.000 0.000 0.000 0.000
-999.250 -999.250 -999.250 -999.250 -999.250 -999.250 -999.250 -999.250 -999.250 -999.250 -999.250 -999.250 -999.250 -999.250 -999.250 10.031 9.964 9.102 10.080 11.794 13.865 9.337 10.121 7.353 11.497 12.983 12.203 11.413 12.992 11.926 12.181 9.354 10.834 13.419 9.202 14.605 13.451 14.531 11.543 9.596 8.039 22.901 11.365 10.275 10.071 9.151 10.323 5.072 8.636 9.985 5.925 2.085 5.591 1.009 0.000 1.086 1.952 5.693 1.088 0.000 0.000 0.673 2.147 0.000 0.000 1.727 0.000 0.000 0.000
-999.250 -999.250 -999.250 -999.250 -999.250 -999.250 -999.250 -999.250 -999.250 -999.250 -999.250 -999.250 -999.250 -999.250 8.678 12.045 9.018 12.988 10.481 9.521 12.272 9.853 11.886 9.792 10.610 11.582 11.269 12.952 16.339 15.320 11.909 13.169 12.429 9.864 8.990 10.083 12.948 15.694 14.392 13.197 16.644 10.363 8.675 10.874 8.265 5.586 5.394 3.926 7.698 0.567 3.883 2.888 0.000 0.000 0.788 3.727 4.513 0.632 2.774 2.083 3.160 4.372 1.288 1.536 2.188 0.000 2.900 0.000 0.000
-999.250 -999.250 -999.250 -999.250 -999.250 -999.250 -999.250 -999.250 -999.250 -999.250 -999.250 -999.250 -999.250 -999.250 9.415 9.495 8.610 10.681 9.559 7.362 5.900 16.878 14.459 12.149 9.991 8.797 14.282 10.320 8.923 16.517 9.339 12.865 12.910 13.829 6.804 10.460 9.177 15.614 11.181 9.597 16.022 14.249 12.974 9.607 5.038 9.277 2.919 0.000 3.007 6.152 4.975 5.099 1.861 1.463 1.005 4.090 2.447 5.375 2.131 1.780 6.080 3.732 1.758 2.628 0.073 0.000 0.608 1.782 0.000
-999.250 -999.250 -999.250 -999.250 -999.250 -999.250 -999.250 -999.250 -999.250 -999.250 -999.250 -999.250 -999.250 7.632 10.766 11.759 10.500 6.535 8.444 12.975 9.782 12.484 10.609 16.849 12.748 9.488 13.424 17.543 15.645 17.350 13.198 16.567 16.590 12.081 16.870 9.526 10.136 15.348 12.917 10.293 12.518 12.065 12.052 9.686 5.845 5.409 5.572 4.529 7.421 5.295 8.247 6.602 4.166 5.632 4.237 6.566 3.239 2.729 8.253 6.483 5.921 2.613 1.115 4.595 3.879 0.000 1.031 0.000 0.195
-999.250 -999.250 -999.250 -999.250 -999.250 -999.250 -999.250 -999.250 -999.250 -999.250 -999.250 -999.250 5.783 8.597 9.205 8.883 5.596 10.396 5.119 6.871 11.061 9.126 10.400 14.794 7.722 8.353 13.134 17.244 13.518 17.399 16.626 13.435 19.112 13.006 15.391 13.094 11.087 13.125 13.174 18.959 13.447 11.922 13.629 10.220 8.648 4.752 5.602 7.486 7.516 7.263 7.060 3.015 7.309 2.209 2.912 4.851 2.877 7.441 7.450 2.649 8.647 6.203 5.406 4.459 2.596 3.516 3.090 0.726 0.000
-999.250 -999.250 -999.250 -999.250 -999.250 -999.250 -999.250 -999.250 -999.250 -999.250 -999.250 6.635 7.612 6.897 8.196 8.903 6.579 5.174 5.045 8.849 8.421 11.207 10.048 12.449 11.225 12.441 12.955 13.080 16.110 22.095 15.423 22.473 21.565 18.628 19.360 11.935 15.773 16.032 14.749 17.906 12.042 8.273 9.592 10.704 8.535 0.000 5.111 6.784 9.556 8.973 6.789 7.994 5.862 4.027 5.573 8.313 7.517 7.714 5.950 4.143 9.710 4.781 6.070 5.002 0.412 2.083 2.877 5.515 3.208
-999.250 -999.250 -999.250 -999.250 -999.250 -999.250 -999.250 -999.250 -999.250 -999.250 4.476 7.200 8.724 8.551 4.402 8.549 9.278 5.900 12.250 14.856 6.735 12.088 8.461 13.811 11.162 9.578 11.632 15.606 18.370 20.668 20.777 21.611 15.181 15.680 24.017 15.047 16.150 17.922 18.837 11.994 11.264 16.489 12.025 8.569 14.429 9.624 8.730 10.319 9.700 9.805 9.747 7.513 5.970 5.428 6.140 4.920 8.386 8.587 8.522 7.958 6.898 7.094 4.206 5.553 4.643 4.964 3.921 3.975 1.062
-999.250 -999.250 -999.250 -999.250 -999.250 -999.250 -999.250 -999.250 -999.250 4.025 1.882 9.098 6.600 6.254 6.617 0.000 7.262 4.415 9.131 15.411 9.602 8.757 12.370 15.662 14.526 10.352 13.383 18.310 17.801 20.240 20.408 18.340 12.821 16.578 21.818 21.504 19.056 16.886 16.863 13.477 18.502 10.551 12.386 12.289 16.685 10.512 13.304 12.237 12.482 8.071 10.322 7.233 9.932 8.255 6.356 7.992 7.727 9.654 5.838 5.828 5.150 7.892 6.168 5.771 5.568 6.125 1.296 0.761 4.029
-999.250 -999.250 -999.250 -999.250 -999.250 2.064 0.000 1.786 1.511 2.688 1.175 5.713 2.968 5.362 7.044 4.810 5.008 6.449 6.314 11.161 9.116 6.685 7.258 12.148 16.402 9.578 12.232 14.021 16.958 17.773 20.639 17.312 10.901 14.640 16.833 16.651 18.581 17.753 17.036 20.211 15.639 11.835 14.499 13.646 10.198 10.332 32.619 11.276 9.253 6.252 9.138 9.569 8.120 4.503 3.992 5.436 11.463 8.438 6.905 8.971 6.093 5.595 4.777 1.126 6.345 3.903 2.560 4.533 0.680
