data/medianmodel_06-Dec-2020.asc
ncols	141
nrows	288
xllcorner	-120191.398
yllcorner	-301404.813
cellsize	2000.000
NODATA_value	-999.250
[rows 87 to 115 of 288, columns 64 to 127 of 141]
337.350 368.909 393.677 424.052 435.566 415.771 428.785 438.809 426.945 388.857 372.831 333.696 313.507 333.830 339.557 364.719 375.580 372.670 361.440 365.271 340.806 335.568 341.800 357.354 382.772 394.834 409.578 445.348 466.827 508.255 536.560 561.142 605.230 649.989 654.979 695.397 656.270 629.509 667.197 576.876 558.785 542.130 484.873 463.609 441.853 385.593 352.785 299.414 257.683 232.627 -999.250 -999.250 -999.250 -999.250 -999.250 -999.250 -999.250 -999.250 -999.250 -999.250 -999.250 -999.250 -999.250 -999.250
333.293 357.722 371.517 404.628 415.524 438.348 472.632 471.948 439.901 433.801 410.554 360.774 379.731 363.806 375.150 399.717 408.402 418.807 420.986 414.927 385.721 390.046 383.235 406.539 413.887 398.182 420.930 465.058 479.781 510.813 555.317 578.688 643.678 644.102 686.773 675.638 663.394 654.201 592.179 607.067 534.189 554.719 510.228 489.782 426.559 374.844 341.366 298.398 264.717 244.525 205.765 203.486 -999.250 -999.250 -999.250 -999.250 -999.250 -999.250 -999.250 -999.250 -999.250 -999.250 -999.250 -999.250
313.092 329.790 387.814 418.533 429.907 448.266 469.580 485.587 467.052 458.442 430.147 409.717 386.338 389.930 399.545 432.718 449.909 456.100 460.947 463.558 427.070 425.684 413.948 394.350 418.926 430.750 459.700 512.053 470.515 521.397 561.705 562.987 615.772 660.429 646.456 698.099 681.205 652.590 603.346 566.234 542.530 538.721 512.318 454.276 428.443 386.027 350.491 316.441 254.954 242.912 231.330 208.025 -999.250 -999.250 -999.250 -999.250 -999.250 -999.250 -999.250 -999.250 -999.250 -999.250 -999.250 -999.250
309.633 324.701 344.708 392.087 421.944 442.642 468.999 496.579 469.065 453.940 424.765 441.778 429.744 435.760 463.600 490.889 481.221 480.962 516.671 489.323 451.440 424.487 433.917 452.306 445.897 435.290 497.400 497.988 505.282 574.430 566.309 596.397 600.354 632.971 639.131 686.349 646.136 621.665 623.425 559.534 548.302 576.185 503.317 420.709 433.313 379.656 357.378 309.040 275.250 243.108 237.217 234.598 -999.250 -999.250 -999.250 -999.250 -999.250 -999.250 -999.250 -999.250 -999.250 -999.250 -999.250 -999.250
273.078 286.473 324.766 356.694 408.769 423.033 429.698 461.592 454.862 463.082 466.708 484.374 481.552 517.120 502.097 494.179 483.154 525.547 502.164 504.033 460.056 438.475 432.232 459.000 474.184 472.176 509.138 521.008 517.935 571.914 612.969 623.096 590.815 629.342 636.892 661.058 651.455 599.673 608.075 587.732 547.592 544.718 517.975 469.666 408.265 369.940 362.627 342.920 305.946 275.320 241.661 -999.250 -999.250 -999.250 -999.250 -999.250 -999.250 -999.250 -999.250 -999.250 -999.250 -999.250 -999.250 -999.250
251.728 269.614 283.746 323.413 370.338 390.380 411.181 458.703 462.746 471.538 481.515 485.102 508.544 528.001 498.709 515.301 519.985 511.435 492.286 482.821 435.327 426.120 431.106 447.380 479.351 505.291 516.686 543.777 547.748 627.488 641.776 649.286 609.087 628.481 656.848 662.190 647.339 601.454 602.369 568.881 573.802 530.711 492.566 463.041 398.691 388.101 359.955 338.860 288.909 263.215 264.526 -999.250 -999.250 -999.250 -999.250 -999.250 -999.250 -999.250 -999.250 -999.250 -999.250 -999.250 -999.250 -999.250
229.603 238.899 253.981 289.987 327.045 373.648 413.778 446.168 444.260 464.536 505.244 504.028 518.098 537.505 529.783 538.683 514.470 489.749 484.107 450.511 429.593 417.371 428.165 450.305 509.223 529.187 533.723 544.682 572.175 631.076 662.109 618.593 642.350 641.679 678.475 638.609 620.017 644.063 591.346 567.113 552.345 550.286 519.935 490.324 448.667 380.164 345.117 353.412 301.483 270.941 -999.250 -999.250 -999.250 -999.250 -999.250 -999.250 -999.250 -999.250 -999.250 -999.250 -999.250 -999.250 -999.250 -999.250
204.719 205.240 222.350 237.299 294.839 352.743 401.720 419.958 438.545 486.280 492.749 503.786 514.439 527.920 528.894 543.410 540.839 540.747 503.696 449.291 423.016 395.243 404.968 448.283 469.754 522.770 557.442 557.082 597.354 573.731 593.108 585.267 677.605 667.628 627.526 664.625 634.557 628.460 589.093 586.390 555.694 524.763 524.043 464.434 442.802 402.051 354.490 323.505 301.734 290.822 -999.250 -999.250 -999.250 -999.250 -999.250 -999.250 -999.250 -999.250 -999.250 -999.250 -999.250 -999.250 -999.250 -999.250
181.345 192.013 207.160 243.509 278.893 326.540 373.031 389.094 418.138 443.748 455.402 486.457 525.917 542.456 581.791 571.062 580.326 529.449 486.664 458.029 407.293 365.813 425.327 468.037 506.773 530.848 562.662 571.432 577.473 592.187 602.205 592.736 650.840 662.103 686.157 650.101 674.675 613.040 586.091 582.382 551.751 521.394 507.788 431.969 418.495 399.088 366.516 353.045 329.995 269.229 -999.250 -999.250 -999.250 -999.250 -999.250 -999.250 -999.250 -999.250 -999.250 -999.250 -999.250 -999.250 -999.250 -999.250
156.471 158.855 188.990 221.122 250.240 310.954 343.957 378.530 416.645 444.328 486.983 522.584 526.155 592.961 595.029 607.178 594.828 529.896 489.580 459.584 452.093 420.001 447.327 457.305 499.318 558.298 581.517 566.908 594.454 591.257 615.287 598.087 598.282 621.972 645.109 637.845 601.152 593.838 569.148 574.019 555.873 544.927 488.445 450.190 422.645 399.927 351.943 338.099 313.116 273.684 252.312 -999.250 -999.250 -999.250 -999.250 -999.250 -999.250 -999.250 -999.250 -999.250 -999.250 -999.250 -999.250 -999.250
122.078 132.416 160.354 198.554 242.435 294.020 319.721 372.628 385.259 419.547 447.495 496.072 527.098 556.666 584.015 589.638 588.005 529.526 492.821 481.109 451.301 447.791 475.280 499.721 527.725 549.274 582.388 581.071 580.030 599.820 605.925 588.275 612.054 606.458 634.558 642.999 614.340 578.973 589.171 552.996 557.717 537.345 502.733 425.208 398.324 389.650 353.096 312.249 292.518 283.811 264.742 246.249 -999.250 -999.250 -999.250 -999.250 -999.250 -999.250 -999.250 -999.250 -999.250 -999.250 -999.250 -999.250
87.966 126.336 158.360 185.103 225.545 266.224 301.085 342.331 368.138 402.728 431.329 477.515 512.844 540.424 565.471 551.885 572.156 531.248 495.835 462.613 452.958 471.711 491.962 504.891 528.783 537.523 568.469 558.341 580.456 609.566 590.436 588.690 610.132 590.734 620.747 599.009 604.540 581.359 566.834 549.097 515.662 490.890 484.724 460.990 418.387 395.895 343.734 319.756 275.919 271.714 259.223 258.263 250.886 -999.250 -999.250 -999.250 -999.250 -999.250 -999.250 -999.250 -999.250 -999.250 -999.250 -999.250
120.934 130.331 150.456 185.330 220.729 266.522 283.670 326.314 332.416 393.498 468.752 466.626 505.153 527.873 537.748 563.313 560.933 535.566 497.913 478.551 481.074 487.063 510.495 517.182 521.225 548.681 573.197 566.055 566.753 615.562 598.102 591.697 582.492 599.668 623.846 577.015 573.190 570.599 560.764 560.048 510.156 509.606 484.424 482.379 434.469 386.181 375.789 328.539 294.924 267.122 278.229 248.828 -999.250 -999.250 -999.250 -999.250 -999.250 -999.250 -999.250 -999.250 -999.250 -999.250 -999.250 -999.250
141.221 140.559 170.232 208.659 231.178 257.828 306.695 321.635 357.155 383.593 434.726 471.621 492.480 520.043 522.124 550.129 536.071 517.462 515.135 504.247 496.233 507.005 499.687 518.610 533.490 540.971 592.062 570.411 569.598 590.830 577.893 599.542 586.868 589.053 589.393 577.327 547.396 548.365 540.303 531.346 501.400 489.895 465.715 424.665 415.106 373.605 368.402 347.164 316.869 293.952 270.485 248.269 243.725 -999.250 -999.250 -999.250 -999.250 -999.250 -999.250 -999.250 -999.250 -999.250 -999.250 -999.250
149.880 153.509 188.293 211.971 245.630 256.997 318.912 323.951 373.385 413.488 438.229 469.119 503.840 520.304 526.725 526.054 533.034 516.161 493.077 487.798 493.831 490.771 479.834 532.460 525.065 546.109 562.151 554.235 585.690 568.575 586.413 598.275 567.545 554.336 565.246 570.820 555.928 520.051 529.575 521.343 519.761 473.411 474.252 441.157 429.249 384.181 358.977 342.246 321.205 298.134 254.949 -999.250 -999.250 -999.250 -999.250 -999.250 -999.250 -999.250 -999.250 -999.250 -999.250 -999.250 -999.250 -999.250
182.103 165.904 185.257 213.909 232.189 275.576 305.714 339.832 383.232 420.793 435.331 475.974 516.135 508.965 523.797 509.981 501.865 510.746 511.654 507.145 502.473 497.087 506.387 510.220 511.990 552.258 561.483 579.409 572.706 580.677 571.135 591.176 574.673 539.799 555.134 549.790 528.483 496.661 523.502 502.358 485.422 448.390 426.428 423.121 391.641 393.459 364.997 346.799 309.758 275.607 -999.250 -999.250 -999.250 -999.250 -999.250 -999.250 -999.250 -999.250 -999.250 -999.250 -999.250 -999.250 -999.250 -999.250
191.617 183.590 200.174 222.925 233.925 278.091 340.534 360.445 380.551 416.208 445.909 449.777 493.169 495.849 505.885 502.730 497.793 493.697 498.698 504.707 491.556 500.291 496.272 500.139 541.871 529.915 560.279 563.138 568.525 564.222 553.641 564.139 558.222 558.761 556.802 530.207 522.011 495.255 512.101 487.893 455.611 448.093 416.834 390.794 376.032 376.403 365.253 303.461 303.060 290.138 -999.250 -999.250 -999.250 -999.250 -999.250 -999.250 -999.250 -999.250 -999.250 -999.250 -999.250 -999.250 -999.250 -999.250
177.734 186.935 205.315 225.732 263.140 294.531 346.620 359.061 394.087 403.371 457.841 451.694 467.565 469.874 480.680 497.081 499.104 480.999 479.919 502.708 476.204 498.289 505.428 521.770 531.578 535.694 550.090 564.852 583.299 549.655 570.947 522.011 530.379 505.081 513.557 509.357 485.706 509.675 489.516 470.866 442.396 404.813 424.223 374.007 356.298 364.646 313.801 305.989 258.139 -999.250 -999.250 -999.250 -999.250 -999.250 -999.250 -999.250 -999.250 -999.250 -999.250 -999.250 -999.250 -999.250 -999.250 -999.250
173.062 188.362 197.597 227.951 278.165 294.291 351.265 375.016 377.692 414.914 430.637 428.219 442.975 487.285 505.716 479.420 489.282 464.141 489.111 477.704 490.305 494.718 484.840 503.901 528.011 533.215 545.753 560.262 551.826 559.312 579.262 542.242 505.119 502.845 495.105 493.692 493.143 490.123 466.549 437.173 424.841 395.616 386.707 369.315 323.082 -999.250 -999.250 -999.250 -999.250 -999.250 -999.250 -999.250 -999.250 -999.250 -999.250 -999.250 -999.250 -999.250 -999.250 -999.250 -999.250 -999.250 -999.250 -999.250
175.907 186.174 218.633 246.220 277.238 308.657 341.513 351.087 381.652 416.043 423.568 442.312 454.122 471.587 496.750 486.616 472.893 477.817 488.939 478.587 500.783 496.251 498.721 504.713 512.912 510.192 549.534 553.936 550.367 528.657 545.245 531.044 503.857 491.411 495.339 487.859 467.443 450.210 445.485 432.030 402.586 392.395 392.048 -999.250 -999.250 -999.250 -999.250 -999.250 -999.250 -999.250 -999.250 -999.250 -999.250 -999.250 -999.250 -999.250 -999.250 -999.250 -999.250 -999.250 -999.250 -999.250 -999.250 -999.250
178.502 202.195 239.580 267.537 297.740 308.686 344.436 372.408 401.481 415.581 405.462 442.331 452.913 439.222 472.743 472.171 486.334 486.754 478.651 502.548 467.009 507.146 499.263 506.789 538.464 527.103 494.184 500.975 497.101 524.441 508.908 502.491 503.595 462.116 472.665 429.397 440.069 424.749 429.489 402.630 405.743 401.652 387.784 -999.250 -999.250 -999.250 -999.250 -999.250 -999.250 -999.250 -999.250 -999.250 -999.250 -999.250 -999.250 -999.250 -999.250 -999.250 -999.250 -999.250 -999.250 -999.250 -999.250 -999.250
200.442 232.047 255.977 284.403 322.758 331.096 374.190 377.906 390.526 385.361 410.864 427.878 449.448 446.163 483.911 495.014 477.300 457.778 443.351 476.504 486.143 511.500 509.951 503.946 514.617 519.748 509.983 504.822 499.909 499.245 497.077 489.498 472.254 443.340 420.199 415.290 392.936 402.527 382.052 363.332 374.686 378.383 340.181 -999.250 -999.250 -999.250 -999.250 -999.250 -999.250 -999.250 -999.250 -999.250 -999.250 -999.250 -999.250 -999.250 -999.250 -999.250 -999.250 -999.250 -999.250 -999.250 -999.250 -999.250
235.080 257.816 289.330 315.590 327.244 358.432 381.728 409.368 408.434 400.669 410.684 445.389 431.311 475.070 495.512 497.982 495.994 487.286 462.707 481.129 480.591 496.587 502.397 516.696 510.456 511.027 517.582 516.804 489.636 480.512 444.584 446.760 428.381 423.050 407.893 385.791 388.370 364.398 362.050 336.488 343.332 333.824 331.539 -999.250 -999.250 -999.250 -999.250 -999.250 -999.250 -999.250 -999.250 -999.250 -999.250 -999.250 -999.250 -999.250 -999.250 -999.250 -999.250 -999.250 -999.250 -999.250 -999.250 -999.250
264.067 268.355 297.045 331.947 376.446 397.324 372.637 394.097 414.708 436.825 435.828 433.387 466.356 504.424 487.375 479.111 473.358 495.764 483.681 469.105 475.420 495.764 495.969 483.110 505.979 504.246 503.552 502.442 465.485 484.723 455.457 439.283 428.895 424.405 408.922 383.406 386.026 346.837 343.079 315.349 327.265 339.029 300.600 -999.250 -999.250 -999.250 -999.250 -999.250 -999.250 -999.250 -999.250 -999.250 -999.250 -999.250 -999.250 -999.250 -999.250 -999.250 -999.250 -999.250 -999.250 -999.250 -999.250 -999.250
267.345 286.906 303.898 333.648 367.210 408.787 410.007 404.105 454.379 460.899 450.387 474.143 453.295 489.253 489.543 490.972 470.728 474.509 461.698 491.449 478.444 496.031 506.773 480.250 489.374 498.816 494.326 480.898 464.035 464.167 418.687 414.847 437.917 406.410 403.526 390.512 367.975 367.820 350.543 322.749 294.630 299.440 293.467 -999.250 -999.250 -999.250 -999.250 -999.250 -999.250 -999.250 -999.250 -999.250 -999.250 -999.250 -999.250 -999.250 -999.250 -999.250 -999.250 -999.250 -999.250 -999.250 -999.250 -999.250
282.897 315.114 328.294 335.977 367.769 390.484 407.333 423.453 450.269 442.469 426.005 449.787 448.696 473.324 504.894 475.153 492.032 493.131 502.076 497.173 517.689 512.665 509.957 500.247 494.589 491.778 501.796 484.515 454.026 446.614 422.571 408.734 400.851 378.925 393.060 342.292 360.279 350.575 326.520 304.335 293.097 298.931 290.579 285.282 270.809 -999.250 -999.250 -999.250 -999.250 -999.250 -999.250 -999.250 -999.250 -999.250 -999.250 -999.250 -999.250 -999.250 -999.250 -999.250 -999.250 -999.250 -999.250 -999.250
292.466 302.339 317.638 349.798 379.491 393.990 396.334 396.892 398.654 414.304 433.346 434.070 437.537 449.185 486.537 476.976 493.161 487.267 486.505 507.966 490.231 482.374 477.272 473.856 477.398 445.732 445.220 440.542 458.926 447.341 426.409 398.199 374.084 364.237 338.485 335.874 325.634 308.190 317.394 302.923 279.401 247.694 258.291 254.335 261.419 251.776 255.075 -999.250 -999.250 -999.250 -999.250 -999.250 -999.250 -999.250 -999.250 -999.250 -999.250 -999.250 -999.250 -999.250 -999.250 -999.250 -999.250 -999.250
321.346 288.411 321.094 347.658 383.973 393.675 390.901 406.326 408.559 397.802 403.957 405.336 418.761 415.189 438.874 475.899 499.788 500.662 475.740 485.585 462.822 460.241 477.805 456.651 480.981 432.767 460.218 447.426 460.930 443.093 437.812 419.926 353.819 357.432 345.340 299.443 305.164 292.954 300.895 264.128 261.228 266.325 257.555 255.319 249.357 239.582 239.678 -999.250 -999.250 -999.250 -999.250 -999.250 -999.250 -999.250 -999.250 -999.250 -999.250 -999.250 -999.250 -999.250 -999.250 -999.250 -999.250 -999.250
300.821 313.440 329.002 349.755 349.631 371.358 391.034 387.572 392.535 398.168 394.002 403.083 415.528 405.018 417.072 443.418 471.917 450.710 470.521 495.109 467.023 449.526 459.274 443.694 456.218 456.525 453.525 439.998 456.410 415.608 396.183 364.813 367.949 331.036 339.400 282.312 289.007 276.199 271.021 247.656 247.012 249.033 254.589 249.327 229.630 224.030 240.090 260.830 -999.250 -999.250 -999.250 -999.250 -999.250 -999.250 -999.250 -999.250 -999.250 -999.250 -999.250 -999.250 -999.250 -999.250 -999.250 -999.250
