data/medianmodel_25-Jun-2020.asc
ncols	141
nrows	288
xllcorner	-120191.398
yllcorner	-301404.813
cellsize	2000.000
NODATA_value	-999.250
[rows 180 to 209 of 288, columns 0 to 68 of 141]
-999.250 -999.250 -999.250 71.315 73.983 64.619 72.429 86.442 102.303 111.013 117.853 112.649 104.614 115.932 106.221 120.977 104.997 117.977 110.049 113.537 123.658 120.360 88.494 83.671 82.953 72.862 66.232 61.645 56.054 52.767 51.053 47.246 36.194 29.778 29.473 16.864 13.687 9.815 5.504 3.372 1.418 0.394 0.000 0.000 0.000 0.000 0.000 0.000 0.000 0.000 0.000 0.000 0.000 0.000 0.000 0.000 0.000 0.000 0.000 0.000 0.000 0.000 0.000 0.000 0.000 0.000 0.000 0.000 0.000
-999.250 -999.250 -999.250 78.664 74.895 84.703 81.495 101.108 111.542 116.013 126.536 125.796 128.446 117.397 129.311 130.585 115.513 112.030 106.731 112.493 110.897 101.336 84.589 85.288 69.346 63.691 63.644 57.162 61.186 52.903 51.789 46.634 37.078 31.090 26.546 19.958 12.924 8.488 5.301 3.767 2.678 0.000 0.000 0.000 0.000 0.000 0.000 0.000 0.000 0.000 0.000 0.000 0.000 0.000 0.000 0.000 0.000 0.000 0.000 0.000 0.000 0.000 0.000 0.000 0.000 0.000 0.000 0.000 0.000
-999.250 -999.250 67.486 72.412 85.893 95.389 89.111 98.860 115.830 122.102 128.686 135.877 140.086 138.665 132.552 128.830 144.158 126.149 110.413 95.586 100.991 99.246 88.490 76.958 69.707 61.882 58.068 58.553 60.019 60.233 54.927 47.887 38.141 30.088 26.006 17.116 10.606 7.262 3.015 3.804 2.855 0.268 0.000 0.000 0.000 0.000 0.000 0.000 0.000 0.000 0.000 0.000 0.000 0.000 0.000 0.000 0.000 0.000 0.000 0.000 0.000 0.000 0.000 0.000 0.000 0.000 0.000 0.000 0.000
-999.250 -999.250 71.745 80.462 92.138 94.474 93.054 117.741 125.490 134.115 148.740 161.737 159.204 150.940 144.381 145.475 159.091 150.010 119.437 99.927 -999.250 89.238 79.855 67.518 59.002 54.184 53.432 54.595 60.350 71.891 55.466 46.836 35.226 28.684 24.998 16.105 10.568 7.507 5.662 4.394 2.475 0.692 0.000 0.000 0.000 0.000 0.000 0.000 0.000 0.000 0.000 0.000 0.000 0.000 0.000 0.000 0.000 0.000 0.000 0.000 0.000 0.000 0.000 0.000 0.000 0.000 0.000 0.000 0.000
-999.250 61.478 65.902 87.118 102.174 110.700 112.331 123.154 139.669 146.726 160.573 168.119 170.235 175.046 170.891 176.303 173.150 149.281 114.822 -999.250 -999.250 81.793 65.937 60.211 57.714 52.824 49.766 49.005 51.512 59.044 48.492 40.000 31.495 26.283 18.793 14.842 10.861 9.125 5.791 4.773 3.494 1.327 0.000 0.000 0.000 0.000 0.000 0.000 0.000 0.000 0.000 0.000 0.000 0.000 0.000 0.000 0.000 0.000 0.000 0.000 0.000 0.000 0.000 0.000 0.000 0.000 0.000 0.000 0.000
-999.250 63.003 77.906 83.473 103.863 113.647 126.186 127.484 146.309 163.034 153.807 183.428 189.938 181.387 201.516 179.983 138.597 121.230 -999.250 -999.250 -999.250 -999.250 54.887 54.695 48.787 44.773 43.557 37.743 39.997 40.539 38.771 33.030 29.133 22.757 17.020 12.833 11.578 7.329 6.073 3.765 2.800 1.740 0.000 0.000 0.000 0.000 0.000 0.000 0.000 0.000 0.000 0.000 0.000 0.000 0.000 0.000 0.000 0.000 0.000 0.000 0.000 0.000 0.000 0.000 0.000 0.000 0.000 0.000 0.000
58.710 67.933 76.918 90.588 98.495 112.569 125.033 138.044 166.767 188.808 189.600 184.397 196.392 187.772 179.495 145.507 121.607 115.555 -999.250 -999.250 -999.250 -999.250 -999.250 44.650 42.016 33.639 33.823 29.652 31.142 31.567 27.903 26.301 20.364 18.380 14.237 11.744 8.876 5.748 4.550 2.026 2.075 1.474 0.000 0.000 0.000 0.000 0.000 0.000 0.000 0.000 0.000 0.000 0.000 0.000 0.000 0.000 0.000 0.000 0.000 0.000 0.000 0.000 0.000 0.000 0.000 0.000 0.000 0.000 0.000
-999.250 60.347 76.431 82.618 94.069 106.146 116.745 121.128 137.073 173.766 182.311 198.007 231.932 186.560 164.743 136.183 111.576 95.199 -999.250 -999.250 -999.250 -999.250 43.468 38.313 31.273 26.074 27.480 23.990 21.802 21.877 19.259 17.608 15.610 11.339 10.549 9.361 4.470 3.446 2.196 3.600 2.955 0.083 0.000 0.000 0.000 0.000 0.000 0.000 0.000 0.000 0.000 0.000 0.000 0.000 0.000 0.000 0.000 0.000 0.000 0.000 0.000 0.000 0.000 0.000 0.000 0.000 0.000 0.000 0.000
-999.250 64.635 69.414 79.108 90.186 94.393 103.233 112.302 122.869 139.466 162.976 186.870 186.199 148.545 135.786 114.619 102.887 79.226 -999.250 -999.250 -999.250 47.824 -999.250 28.644 25.362 20.348 16.716 15.090 14.588 13.776 11.926 13.125 10.684 8.602 6.454 4.764 3.394 2.806 0.913 3.301 2.285 0.193 0.000 0.000 0.000 0.000 0.000 0.000 0.000 0.000 0.000 0.000 0.000 0.000 0.000 0.000 0.000 0.000 0.000 0.000 0.000 0.000 0.000 0.000 0.000 0.000 0.000 0.000 0.000
-999.250 64.088 75.888 79.966 88.334 87.968 90.495 97.991 101.031 109.950 126.557 132.574 136.411 130.239 121.098 88.176 75.399 -999.250 -999.250 -999.250 -999.250 40.674 28.962 20.767 15.439 13.602 11.862 10.458 12.401 10.697 9.893 9.290 8.519 5.302 3.859 2.675 1.779 1.392 0.000 0.290 0.039 0.000 0.000 0.000 0.000 0.000 0.000 0.000 0.000 0.000 0.000 0.000 0.000 0.000 0.000 0.000 0.000 0.000 0.000 0.000 0.000 0.000 0.000 0.000 0.000 0.000 0.000 0.000 0.000
-999.250 60.392 73.302 88.480 76.913 64.332 74.004 76.909 77.537 86.435 92.528 99.206 91.319 93.822 87.118 74.188 66.390 -999.250 -999.250 -999.250 49.596 38.005 24.300 18.312 13.516 10.563 9.802 9.991 15.162 9.850 7.674 6.007 5.085 0.747 0.545 1.889 0.000 0.000 0.000 0.143 0.000 0.000 0.000 0.000 0.000 0.000 0.000 0.000 0.000 0.000 0.000 0.000 0.000 0.000 0.000 0.000 0.000 0.032 0.000 0.000 0.000 0.000 0.000 0.000 0.000 0.110 0.000 1.498 0.516
-999.250 -999.250 -999.250 66.386 -999.250 -999.250 60.383 56.792 61.077 -999.250 -999.250 -999.250 72.363 73.888 -999.250 -999.250 -999.250 -999.250 -999.250 -999.250 56.879 43.282 35.510 24.348 20.507 14.161 11.065 10.674 10.168 10.271 6.844 3.185 2.706 1.309 0.082 0.000 0.000 0.000 0.000 0.000 0.000 0.000 0.000 0.000 0.000 0.000 0.000 0.000 0.000 0.000 0.000 0.000 0.000 0.000 0.000 0.422 2.115 1.133 1.013 0.864 0.397 0.240 1.196 0.285 1.863 1.421 1.228 3.266 4.090
-999.250 -999.250 -999.250 -999.250 -999.250 -999.250 -999.250 -999.250 -999.250 -999.250 -999.250 -999.250 -999.250 57.570 59.437 58.476 -999.250 -999.250 -999.250 58.569 57.741 56.572 48.297 38.422 29.321 21.169 14.295 11.420 10.330 8.605 5.578 4.552 3.414 1.462 0.502 0.000 0.000 0.000 0.000 0.000 0.000 0.000 0.000 0.000 0.000 0.000 0.000 0.000 0.000 0.000 0.000 0.000 0.000 0.580 1.510 4.322 5.081 4.147 3.346 2.559 0.089 1.331 1.542 1.750 3.084 3.867 3.541 3.868 4.734
-999.250 -999.250 -999.250 -999.250 -999.250 -999.250 -999.250 -999.250 -999.250 -999.250 -999.250 42.810 48.104 50.529 48.733 51.467 -999.250 -999.250 56.092 66.536 67.658 69.462 61.023 49.112 38.236 27.344 19.311 15.239 13.236 12.493 8.318 5.746 3.839 3.207 1.512 0.000 0.000 0.000 0.000 0.000 0.000 0.000 0.000 0.000 0.000 0.000 0.000 0.000 0.000 0.000 0.000 0.000 0.264 0.240 3.091 6.557 12.782 6.795 4.759 2.493 3.147 1.097 2.179 2.135 3.942 5.063 4.951 4.768 6.634
-999.250 -999.250 -999.250 -999.250 -999.250 -999.250 -999.250 -999.250 -999.250 -999.250 -999.250 37.097 39.254 41.559 41.172 46.733 50.534 52.886 56.410 58.112 72.562 93.158 67.160 54.044 41.471 35.054 31.119 19.147 15.944 13.917 12.237 10.432 7.536 4.879 2.491 0.640 0.000 0.000 0.000 0.000 0.000 0.000 0.000 0.000 0.000 0.000 0.000 0.000 0.000 0.000 0.000 1.877 2.136 1.997 4.124 6.638 8.297 6.833 5.295 3.278 2.737 4.319 3.479 4.522 5.140 10.559 11.083 8.538 9.883
-999.250 -999.250 -999.250 -999.250 -999.250 -999.250 -999.250 -999.250 -999.250 -999.250 -999.250 -999.250 35.938 35.308 38.360 41.354 53.651 48.091 55.108 55.528 63.126 65.936 62.967 53.013 45.569 36.450 31.120 27.112 21.102 17.856 16.378 14.566 9.527 6.646 4.035 1.676 1.501 0.000 0.000 0.000 0.000 0.000 0.000 0.000 0.000 0.000 0.000 0.000 0.000 0.000 0.059 0.306 1.271 2.820 3.723 4.789 7.615 7.831 5.602 3.893 4.055 4.557 4.266 6.153 10.790 12.540 12.984 14.389 12.733
-999.250 -999.250 -999.250 -999.250 -999.250 -999.250 -999.250 -999.250 -999.250 -999.250 -999.250 -999.250 -999.250 27.749 30.737 37.616 41.369 42.378 45.956 52.331 57.361 62.549 58.633 54.229 40.751 35.403 32.500 30.436 25.052 24.520 19.271 15.246 10.302 8.827 5.065 2.415 0.216 0.000 0.000 0.000 0.000 0.000 0.000 0.000 0.000 0.000 0.000 0.000 0.000 0.000 0.000 0.015 1.405 2.341 3.491 5.159 6.668 8.578 5.733 5.646 5.632 6.367 7.446 6.971 11.874 16.092 16.100 18.706 18.698
-999.250 -999.250 -999.250 -999.250 -999.250 -999.250 -999.250 -999.250 -999.250 -999.250 -999.250 -999.250 -999.250 23.773 24.911 28.550 33.902 38.394 41.663 45.352 51.518 51.384 51.638 49.136 40.810 36.804 37.885 31.967 31.998 26.153 24.249 20.852 14.124 10.164 5.063 3.487 0.160 0.000 0.000 0.000 0.000 0.000 0.000 0.000 0.000 0.000 0.000 0.000 0.000 0.000 0.000 0.000 1.847 2.362 3.474 4.774 6.371 7.630 5.428 9.340 11.012 9.519 8.808 9.491 13.872 17.024 22.539 22.702 23.079
-999.250 -999.250 -999.250 -999.250 -999.250 -999.250 -999.250 -999.250 -999.250 -999.250 -999.250 -999.250 -999.250 21.688 22.163 21.527 29.570 32.288 37.008 40.442 43.892 47.347 47.149 41.730 39.321 42.993 41.392 41.038 35.050 31.426 28.186 19.847 14.611 10.788 7.036 2.519 0.927 1.158 0.000 0.000 0.000 0.000 0.000 0.000 0.000 0.000 0.000 0.000 0.000 0.000 0.000 0.000 2.445 2.416 3.354 4.041 4.869 8.616 8.319 8.675 11.879 10.939 12.673 11.043 12.087 15.442 22.485 26.504 25.508
-999.250 -999.250 -999.250 -999.250 -999.250 -999.250 -999.250 -999.250 -999.250 -999.250 -999.250 -999.250 -999.250 -999.250 17.353 21.129 26.371 31.251 36.639 37.723 38.377 44.115 40.971 40.762 42.528 44.618 43.712 44.841 42.904 39.846 34.500 27.612 18.638 12.859 10.209 4.538 2.913 1.201 0.000 0.000 0.000 0.000 0.000 0.000 0.000 0.000 0.000 0.000 0.000 0.000 0.000 0.000 2.498 3.301 2.284 5.221 5.521 6.642 8.574 9.556 10.393 13.448 12.869 11.524 13.793 16.220 20.868 30.084 27.441
-999.250 -999.250 -999.250 -999.250 -999.250 -999.250 -999.250 -999.250 -999.250 -999.250 -999.250 -999.250 -999.250 -999.250 18.977 19.156 21.800 27.176 29.880 32.149 36.004 40.367 39.536 41.654 43.657 44.920 48.458 48.674 57.328 45.525 32.275 25.888 17.978 14.847 9.719 4.829 3.671 2.072 0.000 0.000 0.000 0.000 0.000 0.000 0.000 0.000 0.000 0.000 0.000 0.000 0.000 0.046 2.482 3.347 5.033 6.368 5.999 10.964 10.349 8.588 11.027 13.638 16.611 13.879 12.889 16.603 20.894 23.445 26.840
-999.250 -999.250 -999.250 -999.250 -999.250 -999.250 -999.250 -999.250 -999.250 -999.250 -999.250 -999.250 -999.250 -999.250 17.811 18.666 23.350 24.373 27.796 31.876 34.852 39.364 40.666 44.143 43.517 41.760 44.467 48.269 47.586 43.849 35.113 26.700 18.145 16.195 10.840 3.887 3.718 0.000 0.409 0.000 0.000 0.000 0.000 0.000 0.000 0.000 0.000 0.000 0.000 0.000 0.000 0.409 3.431 3.582 5.625 7.969 10.845 10.683 12.387 11.229 13.153 15.499 18.426 13.448 16.455 20.258 20.896 24.251 24.326
-999.250 -999.250 -999.250 -999.250 -999.250 -999.250 -999.250 -999.250 -999.250 -999.250 -999.250 -999.250 -999.250 -999.250 15.895 18.519 24.828 25.523 25.093 32.037 31.809 36.001 43.556 44.485 44.443 -999.250 41.829 42.337 41.562 40.491 36.743 26.619 19.489 15.345 8.315 5.262 3.742 1.364 1.061 0.000 0.000 0.000 0.000 0.000 0.000 0.000 0.000 0.000 0.000 0.000 0.000 0.071 2.744 3.918 5.726 7.228 9.122 10.458 12.669 14.336 17.389 16.443 17.585 16.776 19.787 22.378 23.067 24.468 23.367
-999.250 -999.250 -999.250 -999.250 -999.250 -999.250 -999.250 -999.250 -999.250 -999.250 -999.250 -999.250 -999.250 -999.250 18.642 22.177 24.847 27.838 31.096 34.196 33.013 38.137 38.705 -999.250 -999.250 -999.250 39.810 36.904 36.334 35.958 29.170 26.120 18.180 12.554 10.243 6.625 3.745 0.817 0.000 0.000 0.000 0.000 0.000 0.000 0.000 0.000 0.000 0.000 0.000 0.000 0.000 0.708 3.060 4.328 6.228 6.784 9.547 12.789 14.689 15.033 15.898 17.047 18.726 20.936 21.275 23.198 19.996 21.407 24.236
-999.250 -999.250 -999.250 -999.250 -999.250 -999.250 -999.250 -999.250 -999.250 -999.250 -999.250 -999.250 -999.250 18.699 19.847 27.141 30.481 32.456 29.265 32.912 34.443 34.373 -999.250 -999.250 -999.250 -999.250 -999.250 38.055 34.548 31.122 29.094 19.095 16.435 14.373 9.010 6.637 3.535 1.427 0.000 0.000 0.000 0.000 0.000 0.000 0.000 0.000 0.000 0.000 0.000 0.000 0.000 0.895 4.296 5.607 9.319 9.484 11.210 11.820 14.642 14.831 18.907 19.182 21.023 21.897 21.385 21.853 24.176 22.413 20.953
-999.250 -999.250 -999.250 -999.250 -999.250 -999.250 -999.250 -999.250 -999.250 -999.250 -999.250 -999.250 -999.250 22.830 27.386 27.721 26.441 29.134 29.631 30.411 -999.250 -999.250 -999.250 -999.250 -999.250 -999.250 -999.250 -999.250 30.818 28.601 24.788 21.157 15.907 13.324 7.877 5.487 1.960 0.205 0.000 0.000 0.000 0.000 0.000 0.000 0.000 0.000 0.000 0.000 0.001 0.000 0.000 2.860 3.708 6.555 7.684 11.452 12.766 12.808 14.743 22.301 20.998 21.110 23.591 21.707 22.699 21.465 23.301 20.313 16.640
-999.250 -999.250 -999.250 -999.250 -999.250 -999.250 -999.250 -999.250 -999.250 -999.250 -999.250 -999.250 22.947 25.934 -999.250 -999.250 -999.250 -999.250 -999.250 -999.250 -999.250 -999.250 -999.250 -999.250 -999.250 -999.250 -999.250 -999.250 -999.250 22.662 22.332 19.207 16.876 12.157 9.321 4.647 2.381 0.000 0.000 0.000 0.000 0.000 0.000 0.000 0.000 0.000 0.000 0.000 0.000 0.293 1.643 2.821 4.394 6.705 9.869 10.558 12.646 13.505 13.167 17.203 20.798 22.202 23.896 26.151 23.150 23.220 26.315 17.472 14.284
-999.250 -999.250 -999.250 -999.250 -999.250 -999.250 -999.250 -999.250 -999.250 -999.250 -999.250 -999.250 -999.250 -999.250 -999.250 -999.250 -999.250 -999.250 -999.250 -999.250 -999.250 -999.250 -999.250 -999.250 -999.250 -999.250 -999.250 -999.250 -999.250 -999.250 20.029 18.042 13.907 9.800 7.902 3.662 1.684 0.000 0.000 0.000 0.000 0.000 0.000 0.000 0.000 0.000 0.000 0.000 0.000 0.808 1.682 3.223 3.821 6.469 7.939 10.672 11.723 14.644 14.838 18.565 21.912 19.340 27.462 28.626 26.613 25.063 24.536 17.947 12.176
-999.250 -999.250 -999.250 -999.250 -999.250 -999.250 -999.250 -999.250 -999.250 -999.250 -999.250 -999.250 -999.250 -999.250 -999.250 -999.250 -999.250 -999.250 -999.250 -999.250 -999.250 -999.250 -999.250 -999.250 -999.250 -999.250 -999.250 -999.250 -999.250 -999.250 15.855 14.938 12.402 7.931 5.039 2.988 1.341 0.000 0.000 0.000 0.000 0.000 0.000 0.000 0.000 0.000 0.000 0.000 0.000 0.000 1.414 4.382 3.133 4.843 6.313 8.380 11.343 14.119 15.615 18.972 23.525 25.691 27.572 28.760 29.935 25.623 23.561 15.974 9.854
-999.250 -999.250 -999.250 -999.250 -999.250 -999.250 -999.250 -999.250 -999.250 -999.250 -999.250 -999.250 -999.250 -999.250 -999.250 -999.250 -999.250 -999.250 -999.250 -999.250 -999.250 -999.250 -999.250 -999.250 -999.250 -999.250 -999.250 -999.250 -999.250 -999.250 14.616 14.384 9.422 7.611 6.719 3.553 2.432 0.726 0.000 0.000 0.000 0.000 0.000 0.000 0.000 0.000 0.000 0.000 0.000 0.000 0.000 2.779 3.739 5.414 6.078 8.820 9.733 11.020 16.449 19.033 20.038 23.628 24.754 30.206 29.380 31.196 24.781 13.446 9.084
