data/medianmodel_24-Dec-2020.asc
ncols	141
nrows	288
xllcorner	-120191.398
yllcorner	-301404.813
cellsize	2000.000
NODATA_value	-999.250
[rows 174 to 202 of 288, columns 64 to 127 of 141]
1321.675 1181.360 1075.002 964.593 838.958 778.638 688.029 641.295 566.444 516.724 503.548 495.080 509.616 532.610 533.130 534.105 525.612 518.406 523.640 521.069 529.050 567.094 574.337 596.877 639.219 651.008 668.124 670.560 637.870 582.653 500.434 433.785 384.180 360.261 329.209 291.921 256.764 245.839 240.856 224.690 232.483 227.813 235.304 242.186 268.811 278.358 -999.250 -999.250 -999.250 -999.250 -999.250 -999.250 -999.250 -999.250 -999.250 -999.250 -999.250 -999.250 -999.250 -999.250 -999.250 -999.250 -999.250 -999.250
1400.041 1231.229 1182.291 1040.484 902.466 814.521 728.939 671.939 594.858 579.410 523.260 547.307 544.873 556.415 566.584 592.409 578.248 557.336 551.524 546.496 546.972 571.892 564.227 562.840 609.511 625.178 613.296 620.822 605.676 550.634 499.719 462.871 438.426 398.214 377.093 364.892 344.712 332.987 329.512 291.339 283.143 281.840 287.647 298.968 298.729 -999.250 -999.250 -999.250 -999.250 -999.250 -999.250 -999.250 -999.250 -999.250 -999.250 -999.250 -999.250 -999.250 -999.250 -999.250 -999.250 -999.250 -999.250 -999.250
1525.233 1495.920 1219.985 1091.291 974.916 867.615 785.949 730.027 654.840 589.711 564.128 538.632 569.194 584.124 614.067 679.964 616.125 575.490 546.493 544.974 562.651 543.511 552.366 565.071 571.876 601.149 593.700 590.210 556.567 519.728 504.342 488.544 470.909 443.919 413.965 402.613 376.410 380.463 372.819 359.201 338.861 344.481 343.625 351.196 353.985 -999.250 -999.250 -999.250 -999.250 -999.250 -999.250 -999.250 -999.250 -999.250 -999.250 -999.250 -999.250 -999.250 -999.250 -999.250 -999.250 -999.250 -999.250 -999.250
1531.757 1436.840 1276.709 1162.090 1060.280 921.086 813.130 737.792 661.753 611.069 561.671 570.265 578.666 597.063 632.757 620.673 611.218 572.126 573.227 558.236 534.308 549.640 541.858 549.992 554.777 558.792 555.875 550.842 531.848 522.092 488.836 474.978 486.247 463.494 463.918 464.488 423.210 442.103 423.387 418.429 422.289 406.851 390.351 397.407 -999.250 -999.250 -999.250 -999.250 -999.250 -999.250 -999.250 -999.250 -999.250 -999.250 -999.250 -999.250 -999.250 -999.250 -999.250 -999.250 -999.250 -999.250 -999.250 -999.250
1535.724 1447.990 1313.780 1120.226 1036.777 983.240 826.904 735.430 657.718 615.535 575.562 576.025 590.821 590.979 598.520 602.846 605.551 594.499 583.464 561.271 542.453 521.080 518.003 502.889 506.431 532.593 515.988 503.976 495.143 482.064 487.330 476.993 493.402 500.127 480.391 472.634 495.842 484.157 499.783 481.983 484.794 485.929 486.362 460.000 -999.250 -999.250 -999.250 -999.250 -999.250 -999.250 -999.250 -999.250 -999.250 -999.250 -999.250 -999.250 -999.250 -999.250 -999.250 -999.250 -999.250 -999.250 -999.250 -999.250
1494.249 1367.302 1247.451 1145.476 1061.697 931.449 864.744 751.087 651.025 605.740 572.259 567.325 568.451 584.568 566.965 564.803 601.528 572.816 561.566 556.651 538.684 507.195 489.143 465.285 487.228 479.924 473.222 460.606 460.185 463.188 480.538 472.996 489.615 500.081 510.547 508.742 520.323 564.635 560.024 552.401 546.052 549.646 552.389 -999.250 -999.250 -999.250 -999.250 -999.250 -999.250 -999.250 -999.250 -999.250 -999.250 -999.250 -999.250 -999.250 -999.250 -999.250 -999.250 -999.250 -999.250 -999.250 -999.250 -999.250
1493.608 1288.775 1210.107 1113.572 988.545 940.236 833.100 718.357 659.977 619.022 569.065 565.962 538.316 560.417 564.336 562.140 586.789 574.946 574.138 541.163 534.745 513.385 494.439 450.790 432.530 419.885 413.079 420.758 421.591 438.144 471.667 477.561 463.789 502.840 527.800 558.137 590.902 616.939 626.309 599.803 610.722 608.445 581.621 -999.250 -999.250 -999.250 -999.250 -999.250 -999.250 -999.250 -999.250 -999.250 -999.250 -999.250 -999.250 -999.250 -999.250 -999.250 -999.250 -999.250 -999.250 -999.250 -999.250 -999.250
1230.300 1198.282 1155.006 1081.785 945.416 889.520 779.431 687.275 620.472 566.258 550.197 548.096 541.665 534.181 551.099 553.938 573.699 582.191 569.925 565.147 546.368 504.357 459.871 421.259 388.022 372.581 372.747 377.026 388.659 392.449 437.169 468.416 476.663 503.475 553.651 596.530 658.721 697.404 704.848 678.904 666.599 642.518 647.368 -999.250 -999.250 -999.250 -999.250 -999.250 -999.250 -999.250 -999.250 -999.250 -999.250 -999.250 -999.250 -999.250 -999.250 -999.250 -999.250 -999.250 -999.250 -999.250 -999.250 -999.250
1191.405 1082.304 1061.274 964.500 885.399 790.265 691.761 618.521 567.213 561.958 517.777 528.965 502.823 498.474 528.966 537.969 538.206 552.060 566.603 585.814 546.657 475.477 429.106 367.400 342.557 326.144 317.518 336.537 353.163 372.617 394.686 448.321 487.561 532.499 572.855 614.038 697.041 777.416 804.265 782.908 771.598 756.013 -999.250 -999.250 -999.250 -999.250 -999.250 -999.250 -999.250 -999.250 -999.250 -999.250 -999.250 -999.250 -999.250 -999.250 -999.250 -999.250 -999.250 -999.250 -999.250 -999.250 -999.250 -999.250
1097.423 977.848 883.327 794.543 698.339 698.414 624.912 578.938 533.991 524.041 502.348 502.660 490.503 476.355 480.621 502.183 496.174 530.631 552.469 612.822 527.840 447.964 381.654 322.050 288.589 259.426 251.503 261.125 296.288 323.435 377.574 435.457 495.961 556.254 589.735 647.662 738.622 813.366 896.337 866.890 828.978 -999.250 -999.250 -999.250 -999.250 -999.250 -999.250 -999.250 -999.250 -999.250 -999.250 -999.250 -999.250 -999.250 -999.250 -999.250 -999.250 -999.250 -999.250 -999.250 -999.250 -999.250 -999.250 -999.250
944.070 832.112 723.609 651.074 633.795 601.349 599.705 539.391 519.354 493.574 496.032 466.898 470.979 474.697 448.127 462.934 474.242 474.845 500.664 512.885 455.827 390.734 341.064 291.424 242.280 210.152 192.993 226.893 253.341 301.992 362.188 429.038 519.115 557.388 646.717 695.097 758.756 892.959 920.532 884.530 871.817 -999.250 -999.250 -999.250 -999.250 -999.250 -999.250 -999.250 -999.250 -999.250 -999.250 -999.250 -999.250 -999.250 -999.250 -999.250 -999.250 -999.250 -999.250 -999.250 -999.250 -999.250 -999.250 -999.250
745.216 659.902 601.921 587.033 542.891 528.223 520.119 508.654 501.761 442.950 433.551 438.465 442.632 437.211 411.690 416.855 403.443 426.721 418.301 420.894 379.452 341.895 286.530 246.894 195.806 161.440 154.279 162.576 229.161 272.293 352.361 404.040 487.984 573.702 647.463 732.254 818.638 915.149 951.208 -999.250 -999.250 -999.250 -999.250 -999.250 -999.250 -999.250 -999.250 -999.250 -999.250 -999.250 -999.250 -999.250 -999.250 -999.250 -999.250 -999.250 -999.250 -999.250 -999.250 -999.250 -999.250 -999.250 -999.250 -999.250
597.876 506.499 469.789 478.584 474.489 468.764 452.225 465.735 432.868 426.690 416.826 411.100 422.201 393.924 379.201 369.842 374.617 370.312 359.050 341.278 312.355 271.897 248.653 212.162 160.209 142.693 130.275 143.678 189.764 269.608 344.270 395.525 527.133 593.132 638.365 734.078 857.780 954.042 -999.250 -999.250 -999.250 -999.250 -999.250 -999.250 -999.250 -999.250 -999.250 -999.250 -999.250 -999.250 -999.250 -999.250 -999.250 -999.250 -999.250 -999.250 -999.250 -999.250 -999.250 -999.250 -999.250 -999.250 -999.250 -999.250
467.282 346.420 369.260 376.397 407.777 428.576 410.257 398.772 389.029 383.908 390.346 397.343 375.881 375.827 365.206 352.604 348.287 337.059 323.524 294.733 281.951 239.079 201.834 166.181 147.921 134.452 140.737 159.726 232.433 305.610 370.260 443.248 510.309 627.348 681.969 775.581 835.948 -999.250 -999.250 -999.250 -999.250 -999.250 -999.250 -999.250 -999.250 -999.250 -999.250 -999.250 -999.250 -999.250 -999.250 -999.250 -999.250 -999.250 -999.250 -999.250 -999.250 -999.250 -999.250 -999.250 -999.250 -999.250 -999.250 -999.250
428.607 367.910 354.131 361.661 369.524 365.958 385.506 370.100 365.635 367.644 370.046 363.628 373.529 360.127 351.460 315.450 304.569 276.031 265.662 253.116 226.111 204.067 160.431 150.135 152.371 157.509 165.709 234.258 281.133 347.994 402.651 485.770 578.262 633.422 688.905 766.482 -999.250 -999.250 -999.250 -999.250 -999.250 -999.250 -999.250 -999.250 -999.250 -999.250 -999.250 -999.250 -999.250 -999.250 -999.250 -999.250 -999.250 -999.250 -999.250 -999.250 -999.250 -999.250 -999.250 -999.250 -999.250 -999.250 -999.250 -999.250
419.956 373.392 376.945 349.412 367.510 362.601 369.794 373.660 371.808 366.693 358.692 363.062 365.924 341.483 330.127 284.169 267.287 253.496 234.941 215.867 190.053 168.069 161.655 149.299 155.984 184.809 234.844 276.441 336.344 382.860 456.831 535.165 592.734 639.096 -999.250 -999.250 -999.250 -999.250 -999.250 -999.250 -999.250 -999.250 -999.250 -999.250 -999.250 -999.250 -999.250 -999.250 -999.250 -999.250 -999.250 -999.250 -999.250 -999.250 -999.250 -999.250 -999.250 -999.250 -999.250 -999.250 -999.250 -999.250 -999.250 -999.250
401.687 398.993 375.235 371.695 368.054 363.200 361.098 371.059 374.832 370.123 346.939 354.340 351.261 318.146 286.045 252.222 247.090 221.192 185.866 165.121 154.812 147.659 151.139 167.012 178.609 219.238 265.744 325.116 379.607 464.406 530.559 567.381 650.181 740.690 -999.250 -999.250 -999.250 -999.250 -999.250 -999.250 -999.250 -999.250 -999.250 -999.250 -999.250 -999.250 -999.250 -999.250 -999.250 -999.250 -999.250 -999.250 -999.250 -999.250 -999.250 -999.250 -999.250 -999.250 -999.250 -999.250 -999.250 -999.250 -999.250 -999.250
404.010 399.648 410.304 385.603 385.846 400.826 394.485 381.631 374.486 369.199 348.395 333.297 335.143 297.221 270.681 252.804 212.333 169.693 155.893 139.860 137.339 144.330 160.215 196.559 244.421 281.987 339.317 378.135 456.252 521.891 567.476 631.231 687.334 -999.250 -999.250 -999.250 -999.250 -999.250 -999.250 -999.250 -999.250 -999.250 -999.250 -999.250 -999.250 -999.250 -999.250 -999.250 -999.250 -999.250 -999.250 -999.250 -999.250 -999.250 -999.250 -999.250 -999.250 -999.250 -999.250 -999.250 -999.250 -999.250 -999.250 -999.250
484.785 456.262 463.995 430.400 426.899 412.730 434.241 413.465 390.061 377.690 370.053 347.100 325.552 271.957 240.809 221.788 171.684 152.523 137.278 136.890 138.274 152.382 191.375 236.969 263.515 332.073 402.254 461.375 524.642 586.226 644.009 744.549 800.570 -999.250 -999.250 -999.250 -999.250 -999.250 -999.250 -999.250 -999.250 -999.250 -999.250 -999.250 -999.250 -999.250 -999.250 -999.250 -999.250 -999.250 -999.250 -999.250 -999.250 -999.250 -999.250 -999.250 -999.250 -999.250 -999.250 -999.250 -999.250 -999.250 -999.250 -999.250
506.528 485.397 472.316 487.633 488.424 486.213 458.135 428.607 413.422 405.899 365.937 351.833 313.641 269.650 238.549 203.823 154.413 137.346 124.020 125.925 144.994 169.215 211.066 258.701 326.243 380.694 476.255 534.697 594.808 652.074 754.547 855.495 891.284 -999.250 -999.250 -999.250 -999.250 -999.250 -999.250 -999.250 -999.250 -999.250 -999.250 -999.250 -999.250 -999.250 -999.250 -999.250 -999.250 -999.250 -999.250 -999.250 -999.250 -999.250 -999.250 -999.250 -999.250 -999.250 -999.250 -999.250 -999.250 -999.250 -999.250 -999.250
530.480 554.364 533.351 555.416 538.105 521.314 503.528 487.471 450.135 402.474 372.515 355.928 307.409 261.446 236.903 172.691 140.361 137.747 121.406 135.842 139.553 182.816 238.540 280.688 365.536 443.842 532.213 606.773 668.191 746.396 874.115 904.123 922.759 -999.250 -999.250 -999.250 -999.250 -999.250 -999.250 -999.250 -999.250 -999.250 -999.250 -999.250 -999.250 -999.250 -999.250 -999.250 -999.250 -999.250 -999.250 -999.250 -999.250 -999.250 -999.250 -999.250 -999.250 -999.250 -999.250 -999.250 -999.250 -999.250 -999.250 -999.250
586.788 603.234 597.681 596.383 598.474 585.344 565.147 521.513 491.579 425.677 400.516 363.114 323.105 267.432 234.602 180.146 147.873 132.186 127.153 138.883 160.600 213.301 245.308 326.460 392.176 499.335 620.994 646.929 759.487 834.464 902.566 998.430 1057.939 1093.420 -999.250 -999.250 -999.250 -999.250 -999.250 -999.250 -999.250 -999.250 -999.250 -999.250 -999.250 -999.250 -999.250 -999.250 -999.250 -999.250 -999.250 -999.250 -999.250 -999.250 -999.250 -999.250 -999.250 -999.250 -999.250 -999.250 -999.250 -999.250 -999.250 -999.250
619.682 627.250 631.175 653.419 634.992 654.409 613.734 558.570 528.444 469.553 407.219 365.937 338.415 279.914 235.726 197.227 164.640 147.023 133.259 148.601 169.182 215.821 276.935 355.378 418.985 533.547 631.598 691.205 800.513 917.695 966.777 1012.499 1099.523 1133.206 -999.250 -999.250 -999.250 -999.250 -999.250 -999.250 -999.250 -999.250 -999.250 -999.250 -999.250 -999.250 -999.250 -999.250 -999.250 -999.250 -999.250 -999.250 -999.250 -999.250 -999.250 -999.250 -999.250 -999.250 -999.250 -999.250 -999.250 -999.250 -999.250 -999.250
668.577 683.781 710.768 766.441 750.533 736.776 636.668 608.173 537.838 482.922 421.800 377.248 330.835 277.426 252.434 204.528 152.032 145.500 137.611 170.352 215.441 248.540 313.522 380.322 461.995 564.654 677.738 800.371 874.613 956.712 1004.269 1098.269 1184.684 -999.250 -999.250 -999.250 -999.250 -999.250 -999.250 -999.250 -999.250 -999.250 -999.250 -999.250 -999.250 -999.250 -999.250 -999.250 -999.250 -999.250 -999.250 -999.250 -999.250 -999.250 -999.250 -999.250 -999.250 -999.250 -999.250 -999.250 -999.250 -999.250 -999.250 -999.250
719.733 752.109 774.087 805.917 855.542 871.672 729.738 621.074 547.097 485.769 438.222 388.574 329.788 278.554 247.802 200.564 164.515 153.137 144.567 163.189 190.786 245.067 329.198 396.102 477.466 595.499 721.593 833.343 970.585 1056.672 1158.076 1192.933 -999.250 -999.250 -999.250 -999.250 -999.250 -999.250 -999.250 -999.250 -999.250 -999.250 -999.250 -999.250 -999.250 -999.250 -999.250 -999.250 -999.250 -999.250 -999.250 -999.250 -999.250 -999.250 -999.250 -999.250 -999.250 -999.250 -999.250 -999.250 -999.250 -999.250 -999.250 -999.250
809.364 824.380 832.843 868.359 872.108 851.810 770.752 659.589 595.813 503.948 447.026 380.403 322.575 275.264 244.351 198.743 156.347 138.868 135.818 160.726 205.989 268.856 337.564 401.468 498.338 609.951 720.830 886.238 1025.818 1171.521 1232.004 1254.996 -999.250 -999.250 -999.250 -999.250 -999.250 -999.250 -999.250 -999.250 -999.250 -999.250 -999.250 -999.250 -999.250 -999.250 -999.250 -999.250 -999.250 -999.250 -999.250 -999.250 -999.250 -999.250 -999.250 -999.250 -999.250 -999.250 -999.250 -999.250 -999.250 -999.250 -999.250 -999.250
900.231 858.334 864.056 883.153 856.814 861.531 791.627 686.097 620.241 514.949 463.110 381.070 333.608 268.995 213.817 176.952 157.253 135.548 123.528 145.374 187.001 245.467 335.522 412.623 525.946 641.150 826.093 980.701 1093.880 1201.137 1332.806 1444.988 -999.250 -999.250 -999.250 -999.250 -999.250 -999.250 -999.250 -999.250 -999.250 -999.250 -999.250 -999.250 -999.250 -999.250 -999.250 -999.250 -999.250 -999.250 -999.250 -999.250 -999.250 -999.250 -999.250 -999.250 -999.250 -999.250 -999.250 -999.250 -999.250 -999.250 -999.250 -999.250
920.027 904.959 879.728 918.818 856.479 820.464 744.837 675.328 600.106 504.524 454.564 372.101 330.002 265.557 223.995 181.411 135.341 118.865 116.747 123.804 159.073 230.665 309.175 416.254 556.453 695.396 913.446 1024.009 1177.222 1290.773 1504.659 1528.197 -999.250 -999.250 -999.250 -999.250 -999.250 -999.250 -999.250 -999.250 -999.250 -999.250 -999.250 -999.250 -999.250 -999.250 -999.250 -999.250 -999.250 -999.250 -999.250 -999.250 -999.250 -999.250 -999.250 -999.250 -999.250 -999.250 -999.250 -999.250 -999.250 -999.250 -999.250 -999.250
934.902 936.444 910.864 904.694 874.135 845.684 783.062 672.606 601.077 528.322 443.372 381.517 331.325 253.172 201.331 147.880 111.491 100.311 90.469 110.842 135.400 215.914 295.595 440.994 590.305 746.980 925.953 1101.069 1336.314 1483.346 1641.145 -999.250 -999.250 -999.250 -999.250 -999.250 -999.250 -999.250 -999.250 -999.250 -999.250 -999.250 -999.250 -999.250 -999.250 -999.250 -999.250 -999.250 -999.250 -999.250 -999.250 -999.250 -999.250 -999.250 -999.250 -999.250 -999.250 -999.250 -999.250 -999.250 -999.250 -999.250 -999.250 -999.250
