data/medianmodel_17-Apr-2020.asc
ncols	141
nrows	288
xllcorner	-120191.398
yllcorner	-301404.813
cellsize	2000.000
NODATA_value	-999.250
[rows 0 to 29 of 288, columns 67 to 133 of 141]
-999.250 -999.250 -999.250 -999.250 -999.250 -999.250 -999.250 -999.250 -999.250 -999.250 -999.250 -999.250 -999.250 -999.250 -999.250 -999.250 -999.250 -999.250 -999.250 -999.250 -999.250 -999.250 -999.250 -999.250 -999.250 -999.250 -999.250 -999.250 -999.250 -999.250 -999.250 -999.250 -999.250 -999.250 -999.250 -999.250 -999.250 -999.250 -999.250 -999.250 -999.250 -999.250 -999.250 -999.250 -999.250 -999.250 -999.250 -999.250 -999.250 -999.250 -999.250 -999.250 -999.250 -999.250 -999.250 -999.250 -999.250 -999.250 -999.250 -999.250 -999.250 -999.250 -999.250 -999.250 -999.250 -999.250 -999.250
-999.250 -999.250 -999.250 -999.250 -999.250 -999.250 -999.250 -999.250 -999.250 -999.250 -999.250 -999.250 -999.250 -999.250 -999.250 -999.250 -999.250 -999.250 -999.250 -999.250 -999.250 -999.250 -999.250 -999.250 -999.250 -999.250 -999.250 -999.250 -999.250 -999.250 -999.250 -999.250 -999.250 -999.250 -999.250 -999.250 -999.250 -999.250 -999.250 -999.250 -999.250 -999.250 -999.250 -999.250 -999.250 -999.250 -999.250 -999.250 -999.250 -999.250 -999.250 -999.250 -999.250 -999.250 -999.250 -999.250 -999.250 -999.250 -999.250 -999.250 -999.250 -999.250 -999.250 -999.250 -999.250 -999.250 -999.250
-999.250 -999.250 -999.250 -999.250 -999.250 -999.250 -999.250 -999.250 -999.250 -999.250 -999.250 -999.250 -999.250 -999.250 -999.250 -999.250 -999.250 -999.250 -999.250 -999.250 -999.250 -999.250 -999.250 -999.250 -999.250 -999.250 -999.250 -999.250 -999.250 -999.250 -999.250 -999.250 -999.250 -999.250 -999.250 -999.250 -999.250 -999.250 -999.250 -999.250 -999.250 -999.250 -999.250 -999.250 -999.250 -999.250 -999.250 -999.250 -999.250 -999.250 -999.250 -999.250 -999.250 -999.250 -999.250 -999.250 -999.250 -999.250 -999.250 -999.250 -999.250 -999.250 -999.250 -999.250 -999.250 -999.250 -999.250
-999.250 -999.250 -999.250 -999.250 -999.250 -999.250 -999.250 -999.250 -999.250 -999.250 -999.250 -999.250 -999.250 -999.250 -999.250 -999.250 -999.250 -999.250 -999.250 -999.250 -999.250 -999.250 -999.250 -999.250 -999.250 -999.250 -999.250 -999.250 -999.250 -999.250 -999.250 -999.250 -999.250 -999.250 -999.250 -999.250 -999.250 -999.250 -999.250 -999.250 -999.250 -999.250 -999.250 -999.250 -999.250 -999.250 -999.250 -999.250 -999.250 -999.250 -999.250 -999.250 -999.250 -999.250 -999.250 -999.250 -999.250 -999.250 -999.250 -999.250 -999.250 -999.250 -999.250 -999.250 -999.250 -999.250 -999.250
-999.250 -999.250 -999.250 -999.250 -999.250 -999.250 -999.250 -999.250 -999.250 -999.250 -999.250 -999.250 -999.250 -999.250 -999.250 -999.250 -999.250 -999.250 -999.250 -999.250 -999.250 -999.250 -999.250 -999.250 -999.250 -999.250 -999.250 -999.250 -999.250 -999.250 -999.250 -999.250 -999.250 -999.250 -999.250 -999.250 -999.250 -999.250 -999.250 -999.250 -999.250 -999.250 -999.250 -999.250 -999.250 -999.250 -999.250 -999.250 -999.250 -999.250 -999.250 -999.250 -999.250 -999.250 -999.250 -999.250 -999.250 -999.250 -999.250 -999.250 -999.250 -999.250 -999.250 -999.250 -999.250 -999.250 -999.250
-999.250 -999.250 -999.250 -999.250 -999.250 -999.250 -999.250 -999.250 -999.250 -999.250 -999.250 -999.250 -999.250 -999.250 -999.250 -999.250 -999.250 -999.250 -999.250 -999.250 -999.250 -999.250 -999.250 -999.250 -999.250 -999.250 -999.250 -999.250 -999.250 -999.250 -999.250 -999.250 -999.250 -999.250 -999.250 -999.250 -999.250 -999.250 -999.250 -999.250 -999.250 -999.250 -999.250 -999.250 -999.250 -999.250 -999.250 -999.250 -999.250 -999.250 -999.250 -999.250 -999.250 -999.250 -999.250 -999.250 -999.250 -999.250 -999.250 -999.250 -999.250 -999.250 -999.250 -999.250 -999.250 -999.250 -999.250
-999.250 -999.250 -999.250 -999.250 -999.250 -999.250 -999.250 -999.250 -999.250 -999.250 -999.250 -999.250 -999.250 -999.250 -999.250 -999.250 -999.250 -999.250 -999.250 -999.250 -999.250 -999.250 -999.250 -999.250 -999.250 -999.250 -999.250 -999.250 -999.250 -999.250 -999.250 -999.250 -999.250 -999.250 -999.250 -999.250 -999.250 -999.250 -999.250 -999.250 -999.250 -999.250 -999.250 -999.250 -999.250 -999.250 -999.250 -999.250 -999.250 -999.250 -999.250 -999.250 -999.250 -999.250 -999.250 -999.250 -999.250 -999.250 -999.250 -999.250 -999.250 -999.250 -999.250 -999.250 -999.250 -999.250 -999.250
-999.250 -999.250 -999.250 -999.250 -999.250 -999.250 -999.250 -999.250 -999.250 -999.250 -999.250 -999.250 -999.250 -999.250 -999.250 -999.250 -999.250 -999.250 -999.250 -999.250 -999.250 -999.250 -999.250 -999.250 -999.250 -999.250 -999.250 -999.250 -999.250 -999.250 -999.250 -999.250 -999.250 -999.250 -999.250 -999.250 -999.250 -999.250 -999.250 -999.250 -999.250 -999.250 -999.250 -999.250 -999.250 -999.250 -999.250 -999.250 -999.250 -999.250 -999.250 -999.250 -999.250 -999.250 -999.250 -999.250 -999.250 -999.250 -999.250 -999.250 -999.250 -999.250 -999.250 -999.250 -999.250 -999.250 -999.250
-999.250 -999.250 -999.250 -999.250 -999.250 -999.250 -999.250 -999.250 -999.250 -999.250 -999.250 -999.250 -999.250 -999.250 -999.250 -999.250 -999.250 -999.250 -999.250 -999.250 -999.250 -999.250 -999.250 -999.250 -999.250 -999.250 -999.250 -999.250 -999.250 -999.250 -999.250 -999.250 -999.250 -999.250 -999.250 -999.250 -999.250 -999.250 -999.250 -999.250 -999.250 -999.250 -999.250 -999.250 -999.250 -999.250 -999.250 78.395 -999.250 -999.250 -999.250 -999.250 -999.250 -999.250 -999.250 -999.250 -999.250 -999.250 -999.250 -999.250 -999.250 -999.250 -999.250 -999.250 -999.250 -999.250 -999.250
-999.250 -999.250 -999.250 -999.250 -999.250 -999.250 -999.250 -999.250 -999.250 -999.250 -999.250 -999.250 -999.250 -999.250 -999.250 -999.250 -999.250 -999.250 -999.250 -999.250 -999.250 -999.250 -999.250 -999.250 -999.250 -999.250 -999.250 -999.250 -999.250 -999.250 -999.250 -999.250 67.398 64.426 76.861 98.416 -999.250 -999.250 -999.250 -999.250 76.040 -999.250 -999.250 -999.250 -999.250 -999.250 -999.250 80.278 92.595 -999.250 -999.250 -999.250 -999.250 -999.250 -999.250 -999.250 -999.250 -999.250 -999.250 -999.250 -999.250 -999.250 -999.250 -999.250 -999.250 -999.250 -999.250
-999.250 -999.250 -999.250 -999.250 -999.250 -999.250 -999.250 -999.250 -999.250 -999.250 -999.250 -999.250 -999.250 -999.250 -999.250 -999.250 -999.250 -999.250 -999.250 -999.250 -999.250 -999.250 -999.250 -999.250 -999.250 -999.250 -999.250 -999.250 -999.250 -999.250 -999.250 -999.250 78.025 91.747 101.930 108.890 -999.250 -999.250 -999.250 108.274 114.176 105.361 -999.250 -999.250 -999.250 -999.250 -999.250 96.217 91.264 96.618 -999.250 -999.250 -999.250 -999.250 -999.250 -999.250 78.072 60.828 -999.250 -999.250 -999.250 -999.250 -999.250 -999.250 -999.250 -999.250 -999.250
-999.250 -999.250 -999.250 -999.250 -999.250 -999.250 -999.250 -999.250 -999.250 -999.250 -999.250 -999.250 -999.250 -999.250 -999.250 -999.250 -999.250 -999.250 -999.250 -999.250 -999.250 -999.250 -999.250 -999.250 -999.250 -999.250 -999.250 -999.250 -999.250 -999.250 -999.250 -999.250 86.808 94.676 98.689 107.757 119.289 133.101 136.801 130.996 135.922 128.897 134.838 128.137 105.677 99.598 86.070 100.891 102.386 87.321 89.189 77.940 66.759 69.793 88.768 104.358 96.022 70.271 -999.250 -999.250 -999.250 -999.250 -999.250 -999.250 -999.250 -999.250 -999.250
-999.250 -999.250 130.268 -999.250 -999.250 -999.250 -999.250 -999.250 -999.250 -999.250 -999.250 -999.250 -999.250 -999.250 -999.250 -999.250 -999.250 -999.250 -999.250 -999.250 -999.250 -999.250 -999.250 -999.250 -999.250 -999.250 -999.250 -999.250 -999.250 -999.250 -999.250 -999.250 116.648 131.922 138.617 136.082 125.291 152.114 160.257 138.366 127.143 154.273 120.145 134.776 118.056 113.000 104.274 114.481 109.083 105.025 105.759 83.584 78.395 70.201 97.896 99.455 81.988 78.913 -999.250 -999.250 -999.250 -999.250 -999.250 -999.250 -999.250 -999.250 -999.250
-999.250 -999.250 141.278 -999.250 -999.250 -999.250 -999.250 -999.250 -999.250 -999.250 48.967 -999.250 -999.250 -999.250 -999.250 -999.250 -999.250 -999.250 -999.250 -999.250 -999.250 -999.250 -999.250 -999.250 -999.250 -999.250 -999.250 -999.250 -999.250 -999.250 -999.250 -999.250 88.195 139.685 119.092 141.477 136.331 139.028 168.044 187.413 156.138 162.420 159.197 137.052 125.426 115.322 93.618 113.199 97.554 103.447 98.830 101.340 93.840 74.990 89.535 97.437 80.103 105.480 -999.250 -999.250 -999.250 -999.250 -999.250 -999.250 -999.250 -999.250 -999.250
-999.250 -999.250 86.455 -999.250 -999.250 -999.250 -999.250 41.517 38.374 36.359 34.831 36.511 -999.250 -999.250 -999.250 -999.250 -999.250 -999.250 -999.250 -999.250 -999.250 -999.250 -999.250 -999.250 -999.250 -999.250 -999.250 -999.250 -999.250 -999.250 -999.250 -999.250 100.160 124.177 140.425 130.361 154.172 178.056 174.569 174.756 187.700 170.620 161.252 135.349 138.384 126.945 102.921 99.358 101.029 109.603 113.191 116.179 132.157 111.246 107.069 101.765 81.969 96.715 106.113 -999.250 -999.250 -999.250 -999.250 -999.250 -999.250 -999.250 -999.250
118.329 95.111 81.273 -999.250 -999.250 43.883 35.250 34.313 31.011 28.806 32.813 30.890 31.420 29.267 26.105 -999.250 -999.250 -999.250 -999.250 -999.250 -999.250 -999.250 -999.250 -999.250 -999.250 -999.250 -999.250 -999.250 -999.250 72.746 101.029 112.870 124.540 130.394 127.753 146.807 185.162 176.942 191.390 182.353 156.876 170.509 168.680 137.939 147.255 110.102 97.159 97.597 95.218 114.036 109.304 123.572 145.272 149.572 109.831 111.574 98.880 99.151 110.727 -999.250 -999.250 -999.250 -999.250 -999.250 -999.250 -999.250 -999.250
104.840 70.065 66.459 -999.250 44.698 38.138 31.307 24.018 25.440 24.936 25.664 25.948 26.732 20.637 -999.250 -999.250 -999.250 -999.250 -999.250 25.782 26.565 -999.250 -999.250 -999.250 35.250 -999.250 -999.250 46.274 64.049 76.447 89.861 96.843 110.590 114.980 133.529 171.094 177.122 177.379 194.888 197.171 191.280 177.918 164.569 165.326 142.597 123.600 129.698 97.868 111.803 102.692 129.771 121.732 117.021 130.233 123.852 106.172 144.570 119.673 105.433 -999.250 -999.250 -999.250 -999.250 -999.250 -999.250 -999.250 -999.250
76.517 60.874 48.069 46.315 38.094 28.884 22.063 20.327 19.438 21.227 20.661 20.372 20.575 19.303 -999.250 -999.250 19.758 20.292 20.802 25.723 27.114 27.725 -999.250 28.821 26.140 37.234 39.655 39.557 60.930 73.710 78.601 101.582 108.450 115.190 136.246 156.000 183.921 202.891 213.883 219.468 208.302 177.965 184.767 165.086 146.108 131.683 139.609 110.032 119.608 108.576 127.950 120.642 131.458 142.991 114.300 124.939 128.600 114.772 96.518 -999.250 -999.250 -999.250 -999.250 -999.250 -999.250 -999.250 -999.250
68.717 42.486 33.232 32.001 29.936 24.614 19.224 16.475 17.289 17.357 16.493 14.148 15.061 13.846 18.650 21.010 18.563 16.616 19.748 20.667 21.544 22.035 22.694 23.686 25.516 30.977 39.214 38.305 49.813 61.368 83.465 92.380 103.910 112.961 129.851 167.720 188.850 166.505 199.160 201.174 194.543 181.810 164.652 160.896 175.813 133.736 132.381 135.664 136.083 125.603 116.071 106.325 144.977 130.956 105.592 108.908 117.289 134.475 100.215 -999.250 -999.250 -999.250 -999.250 -999.250 -999.250 -999.250 -999.250
56.398 40.055 32.682 26.508 20.842 17.088 16.222 11.424 10.566 13.960 12.723 11.517 11.500 12.740 15.171 13.092 14.325 14.960 15.618 18.214 19.196 20.804 20.900 20.813 25.824 29.708 36.054 35.014 49.180 63.906 83.091 104.930 108.459 124.871 140.901 156.386 161.803 177.629 181.434 187.095 180.558 189.992 168.984 146.325 150.068 130.132 136.765 143.972 136.236 141.778 130.346 116.781 124.684 121.085 101.067 100.199 110.570 92.651 108.293 -999.250 -999.250 -999.250 -999.250 -999.250 -999.250 -999.250 -999.250
46.833 38.847 27.423 20.862 12.505 10.292 11.601 9.742 6.797 10.725 8.502 6.972 11.233 12.801 13.418 12.061 12.787 11.516 14.274 13.651 14.446 16.560 18.607 20.975 23.375 24.419 23.770 30.303 42.130 47.967 76.117 83.826 96.146 112.674 143.065 152.329 153.684 172.044 175.239 193.715 171.894 159.929 141.093 133.310 147.010 162.400 146.236 159.081 141.478 141.777 160.238 141.258 136.087 127.338 112.839 100.869 106.331 88.330 -999.250 -999.250 -999.250 -999.250 -999.250 -999.250 -999.250 -999.250 -999.250
39.698 29.785 24.174 13.523 0.000 3.036 7.864 5.409 4.970 6.063 6.682 7.369 9.016 10.830 10.499 8.163 10.773 10.340 10.437 7.925 7.625 14.805 16.579 19.558 20.435 21.490 25.783 31.681 38.814 52.611 64.996 76.173 96.633 124.646 118.756 122.031 146.975 130.404 168.514 178.081 172.372 151.561 140.744 131.094 164.294 138.862 142.888 153.043 123.894 143.553 142.130 154.371 153.873 119.335 119.507 116.353 106.854 117.011 -999.250 -999.250 -999.250 -999.250 -999.250 -999.250 -999.250 -999.250 -999.250
34.267 27.435 19.786 13.384 5.453 2.760 5.756 4.720 5.015 7.421 2.388 4.249 7.154 7.382 3.835 6.903 5.575 7.514 7.597 7.828 7.491 13.097 15.775 17.785 19.325 20.567 20.631 30.450 35.833 55.806 70.739 68.780 90.399 102.354 102.182 98.001 129.782 142.778 145.896 159.595 154.998 156.024 154.608 151.492 153.519 145.546 105.898 115.444 113.166 131.074 134.774 142.538 171.208 126.999 124.243 104.432 102.943 106.093 -999.250 -999.250 -999.250 -999.250 -999.250 -999.250 -999.250 -999.250 -999.250
33.542 29.657 21.658 14.687 12.177 8.485 7.199 9.424 8.207 7.024 5.373 1.589 1.361 2.985 5.126 3.621 3.244 4.806 8.020 7.741 10.121 10.813 12.537 15.934 19.310 22.955 24.767 30.994 36.123 44.702 48.138 56.554 83.106 90.390 76.740 114.068 109.551 131.705 136.672 130.427 113.464 116.730 161.279 122.777 147.001 166.508 146.322 115.017 114.965 145.469 157.248 149.060 148.096 122.271 119.400 127.583 99.834 119.850 -999.250 -999.250 -999.250 -999.250 -999.250 -999.250 -999.250 -999.250 -999.250
33.587 26.378 22.795 16.747 16.049 12.988 11.790 12.886 9.748 8.267 4.416 2.949 0.000 2.827 1.983 4.667 6.728 6.045 5.891 6.489 8.606 10.130 9.817 14.619 16.800 19.509 22.398 29.051 34.606 37.153 40.499 54.884 68.617 69.662 80.893 89.669 97.007 102.885 118.384 90.771 107.557 121.828 115.766 113.087 115.880 118.450 138.823 138.219 120.368 134.135 119.942 157.681 123.183 123.049 108.897 124.960 101.587 96.550 -999.250 -999.250 -999.250 -999.250 -999.250 -999.250 -999.250 -999.250 -999.250
33.345 34.344 24.609 21.251 18.059 14.528 15.779 14.662 14.247 10.301 9.569 6.011 1.333 1.943 4.186 4.920 5.531 5.906 8.939 8.741 7.918 10.416 10.086 13.155 13.644 15.703 19.838 26.381 31.975 34.244 36.466 48.843 60.146 72.810 86.535 88.083 81.311 99.244 112.802 98.316 91.643 99.645 103.007 83.307 90.314 105.283 117.792 115.129 116.014 150.979 140.892 129.822 137.562 150.043 141.245 146.740 128.035 124.534 96.273 -999.250 -999.250 -999.250 -999.250 63.883 58.052 -999.250 -999.250
36.723 32.206 28.038 22.717 20.815 19.075 19.466 17.776 16.198 15.203 10.746 7.553 5.009 7.667 5.519 4.698 4.189 5.653 8.152 8.226 7.680 11.074 13.780 13.964 14.931 17.556 19.652 25.339 30.271 34.692 38.980 40.235 53.398 60.978 72.409 73.667 78.781 99.072 85.074 83.498 85.648 99.136 95.942 96.337 80.034 86.802 97.356 134.670 117.495 115.704 112.393 115.530 125.899 124.936 120.071 117.534 107.964 98.617 95.633 92.354 -999.250 73.058 61.658 65.186 67.379 61.355 64.493
37.226 33.087 29.704 22.634 22.685 22.495 22.662 24.206 15.043 14.094 12.928 8.225 4.813 8.712 7.001 6.462 7.874 6.307 11.050 9.826 9.076 12.293 10.426 12.008 12.789 13.657 16.707 19.579 26.229 31.420 34.992 42.669 44.449 64.783 60.165 65.653 65.787 80.735 80.274 73.815 79.973 84.856 83.582 83.257 98.412 87.804 90.647 101.721 106.438 115.777 93.592 85.012 98.668 96.528 99.915 98.388 100.736 75.072 74.955 83.058 91.828 86.291 81.968 63.619 67.928 63.675 58.933
40.221 32.285 27.972 23.348 27.305 23.082 23.867 20.693 21.010 15.284 12.591 13.143 11.938 8.883 8.527 8.565 10.768 8.941 10.034 9.651 11.175 10.929 8.824 10.303 13.034 13.700 14.345 16.047 19.570 27.421 32.238 35.503 46.379 49.465 60.246 59.420 59.334 70.728 74.847 80.586 74.200 72.345 61.824 63.826 78.645 84.957 89.467 107.820 95.860 87.412 93.015 89.512 98.252 89.287 92.711 105.763 90.944 83.742 86.496 92.683 92.058 95.896 83.274 75.529 55.192 49.104 52.532
40.826 38.209 32.787 25.666 26.427 25.145 26.275 20.767 19.576 15.538 15.506 11.970 10.721 8.613 8.257 10.396 11.864 9.658 11.162 11.081 10.654 9.308 10.298 8.008 12.285 11.630 12.350 6.748 19.119 22.980 31.749 34.624 40.222 52.485 54.613 51.777 62.459 62.337 81.756 74.002 65.036 62.308 82.142 58.954 78.009 79.080 70.772 90.829 77.744 77.059 85.771 88.560 87.732 75.403 85.907 76.153 77.834 96.042 81.290 80.737 83.688 83.470 70.486 65.648 46.669 49.547 56.064
