data/medianmodel_14-Jun-2020.asc
ncols	141
nrows	288
xllcorner	-120191.398
yllcorner	-301404.813
cellsize	2000.000
NODATA_value	-999.250
[rows 217 to 247 of 288, columns 0 to 68 of 141]
-999.250 -999.250 -999.250 -999.250 -999.250 -999.250 -999.250 -999.250 -999.250 -999.250 -999.250 -999.250 -999.250 -999.250 -999.250 -999.250 -999.250 -999.250 -999.250 -999.250 -999.250 -999.250 -999.250 -999.250 -999.250 -999.250 -999.250 -999.250 -999.250 -999.250 -999.250 8.597 8.947 12.536 16.663 12.527 10.468 12.575 10.982 7.681 4.470 5.073 6.253 7.407 8.396 8.447 8.261 6.802 8.084 9.720 8.080 8.163 7.542 9.830 9.353 6.682 6.329 5.645 4.562 1.127 1.769 1.752 0.000 0.000 0.000 0.000 0.000 0.000 0.000
-999.250 -999.250 -999.250 -999.250 -999.250 -999.250 -999.250 -999.250 -999.250 -999.250 -999.250 -999.250 -999.250 -999.250 -999.250 -999.250 -999.250 -999.250 -999.250 -999.250 -999.250 -999.250 -999.250 -999.250 -999.250 -999.250 -999.250 -999.250 -999.250 -999.250 -999.250 7.272 10.264 11.345 11.577 7.633 8.955 9.430 12.131 6.735 1.819 0.000 1.705 4.019 6.251 8.720 5.931 5.328 6.305 10.092 4.157 7.157 5.346 8.512 10.100 4.433 5.324 2.446 1.421 2.229 1.016 0.478 1.105 0.000 0.000 0.000 0.000 0.000 0.000
-999.250 -999.250 -999.250 -999.250 -999.250 -999.250 -999.250 -999.250 -999.250 -999.250 -999.250 -999.250 -999.250 -999.250 -999.250 -999.250 -999.250 -999.250 -999.250 -999.250 -999.250 -999.250 -999.250 -999.250 -999.250 -999.250 -999.250 -999.250 -999.250 -999.250 -999.250 7.285 7.140 10.255 7.684 8.180 6.265 7.276 9.188 3.182 0.000 0.000 0.000 2.101 7.816 5.364 8.866 7.718 5.668 7.987 3.657 2.651 6.089 8.106 5.389 6.526 2.737 0.398 0.000 0.818 2.630 2.757 1.206 0.000 0.000 0.000 0.000 0.000 0.000
-999.250 -999.250 -999.250 -999.250 -999.250 -999.250 -999.250 -999.250 -999.250 -999.250 -999.250 -999.250 -999.250 -999.250 -999.250 -999.250 -999.250 -999.250 -999.250 -999.250 -999.250 -999.250 -999.250 -999.250 -999.250 -999.250 -999.250 -999.250 -999.250 -999.250 -999.250 7.703 10.748 10.057 8.520 8.323 3.921 4.826 7.725 3.979 0.851 0.000 1.017 3.695 6.085 4.301 5.894 5.049 4.417 4.372 7.267 4.366 6.388 5.166 5.654 3.249 4.814 1.339 2.380 1.821 2.284 2.057 0.137 0.522 0.000 0.000 0.000 0.000 0.000
-999.250 -999.250 -999.250 -999.250 -999.250 -999.250 -999.250 -999.250 -999.250 -999.250 -999.250 -999.250 -999.250 -999.250 -999.250 -999.250 -999.250 -999.250 -999.250 -999.250 -999.250 -999.250 -999.250 -999.250 -999.250 -999.250 -999.250 -999.250 -999.250 -999.250 -999.250 6.718 9.154 8.410 9.119 5.776 4.677 2.583 3.463 4.545 1.392 0.457 0.275 3.312 2.580 6.363 4.194 4.090 7.226 7.320 8.966 5.602 3.639 1.884 4.516 2.649 2.885 2.243 2.095 5.821 1.878 2.640 2.170 0.000 0.000 0.000 0.107 0.000 0.000
-999.250 -999.250 -999.250 -999.250 -999.250 -999.250 -999.250 -999.250 -999.250 -999.250 -999.250 -999.250 -999.250 -999.250 -999.250 -999.250 -999.250 -999.250 -999.250 -999.250 -999.250 -999.250 -999.250 -999.250 -999.250 -999.250 -999.250 -999.250 -999.250 -999.250 -999.250 6.922 6.815 9.292 10.052 5.463 6.055 4.429 3.946 4.117 5.437 4.040 3.827 3.229 2.570 2.987 4.242 6.253 7.159 6.153 8.302 5.305 3.137 2.520 3.389 3.086 1.921 0.072 2.838 2.350 4.545 2.429 1.017 0.285 0.022 0.027 0.000 0.709 0.000
-999.250 -999.250 -999.250 -999.250 -999.250 -999.250 -999.250 -999.250 -999.250 -999.250 -999.250 -999.250 -999.250 -999.250 -999.250 -999.250 -999.250 -999.250 -999.250 -999.250 -999.250 -999.250 -999.250 -999.250 -999.250 -999.250 -999.250 -999.250 -999.250 -999.250 7.936 5.758 5.609 6.395 7.170 4.159 2.277 4.031 7.187 6.182 8.804 5.982 5.543 0.886 2.737 5.623 1.720 2.753 4.861 5.564 5.654 6.143 4.688 4.363 3.943 0.181 0.545 0.892 3.289 2.395 1.987 2.026 0.226 0.000 0.328 1.463 0.031 2.372 3.061
-999.250 -999.250 -999.250 -999.250 -999.250 -999.250 -999.250 -999.250 -999.250 -999.250 -999.250 -999.250 -999.250 -999.250 -999.250 -999.250 -999.250 -999.250 -999.250 -999.250 -999.250 -999.250 -999.250 -999.250 -999.250 -999.250 -999.250 -999.250 -999.250 -999.250 4.500 4.207 7.702 8.383 4.837 6.212 3.733 2.913 7.064 7.511 9.544 7.328 4.826 4.306 4.053 5.200 5.487 4.536 3.914 5.028 6.284 6.012 1.727 3.933 2.615 0.586 0.310 0.015 0.870 1.365 2.613 1.457 2.377 1.287 2.330 0.000 1.058 1.982 4.058
-999.250 -999.250 -999.250 -999.250 -999.250 -999.250 -999.250 -999.250 -999.250 -999.250 -999.250 -999.250 -999.250 -999.250 -999.250 -999.250 -999.250 -999.250 -999.250 -999.250 -999.250 -999.250 -999.250 -999.250 -999.250 -999.250 -999.250 -999.250 -999.250 -999.250 5.093 8.152 8.246 7.358 6.723 6.403 5.891 4.649 2.538 6.079 4.642 6.060 4.698 4.754 5.459 4.769 3.171 5.214 4.316 3.752 1.979 3.176 2.469 3.247 1.330 0.429 1.260 0.000 0.000 0.090 0.556 2.352 3.461 4.663 3.556 4.111 3.105 3.537 4.942
-999.250 -999.250 -999.250 -999.250 -999.250 -999.250 -999.250 -999.250 -999.250 -999.250 -999.250 -999.250 -999.250 -999.250 -999.250 -999.250 -999.250 -999.250 -999.250 -999.250 -999.250 -999.250 -999.250 -999.250 -999.250 -999.250 -999.250 -999.250 -999.250 -999.250 5.554 7.258 8.966 8.330 5.105 4.867 4.821 2.663 6.987 5.457 8.491 4.181 8.779 7.022 4.395 3.690 3.872 4.572 3.833 4.303 2.997 1.994 3.170 3.158 3.568 2.872 0.000 0.000 0.000 0.000 1.434 7.224 4.956 4.148 3.005 4.345 4.845 2.878 5.643
-999.250 -999.250 -999.250 -999.250 -999.250 -999.250 -999.250 -999.250 -999.250 -999.250 -999.250 -999.250 -999.250 -999.250 -999.250 -999.250 -999.250 -999.250 -999.250 -999.250 -999.250 -999.250 -999.250 -999.250 -999.250 -999.250 -999.250 -999.250 -999.250 7.696 4.336 5.737 7.295 7.866 4.469 2.019 0.757 2.309 3.366 3.853 6.009 6.671 6.832 3.971 3.800 5.861 3.485 3.079 2.606 2.731 3.185 1.089 5.768 2.965 1.252 0.000 0.000 0.000 0.000 0.000 2.054 6.575 4.002 4.091 4.946 6.722 6.323 3.137 5.945
-999.250 -999.250 -999.250 -999.250 -999.250 -999.250 -999.250 -999.250 -999.250 -999.250 -999.250 -999.250 -999.250 -999.250 -999.250 -999.250 -999.250 -999.250 -999.250 -999.250 -999.250 -999.250 -999.250 -999.250 -999.250 -999.250 -999.250 -999.250 -999.250 8.134 5.762 5.044 4.685 6.042 3.152 3.108 2.552 1.086 3.336 4.318 7.144 5.793 5.517 3.406 3.340 6.043 2.839 2.887 3.433 2.819 2.303 6.401 6.250 3.060 1.095 0.000 0.000 0.000 0.000 0.100 3.551 3.842 6.226 7.526 5.604 5.746 8.488 6.870 6.626
-999.250 -999.250 -999.250 -999.250 -999.250 -999.250 -999.250 -999.250 -999.250 -999.250 -999.250 -999.250 -999.250 -999.250 -999.250 -999.250 -999.250 -999.250 -999.250 -999.250 -999.250 -999.250 -999.250 -999.250 -999.250 -999.250 -999.250 -999.250 10.925 8.896 8.269 6.891 6.166 5.661 4.931 2.987 3.473 1.093 0.757 5.212 8.522 6.283 4.778 4.351 7.576 2.325 3.487 3.012 3.662 2.796 3.403 4.203 6.232 5.132 2.944 1.244 2.010 1.595 0.020 3.730 4.410 5.722 7.148 5.884 9.714 7.739 7.862 7.340 11.040
-999.250 -999.250 -999.250 -999.250 -999.250 -999.250 -999.250 -999.250 -999.250 -999.250 -999.250 -999.250 -999.250 -999.250 -999.250 -999.250 -999.250 -999.250 -999.250 -999.250 -999.250 -999.250 -999.250 -999.250 -999.250 -999.250 -999.250 -999.250 7.848 10.947 10.178 11.532 8.774 7.721 5.896 0.892 1.424 2.911 2.127 3.757 5.322 5.592 5.598 5.102 6.009 5.338 3.735 3.543 4.208 4.614 3.526 5.545 4.336 2.483 1.317 0.632 0.000 1.284 3.187 8.715 5.458 6.930 5.150 6.586 7.744 6.958 7.443 9.055 10.503
-999.250 -999.250 -999.250 -999.250 -999.250 -999.250 -999.250 -999.250 -999.250 -999.250 -999.250 -999.250 -999.250 -999.250 -999.250 -999.250 -999.250 -999.250 -999.250 -999.250 -999.250 -999.250 -999.250 -999.250 -999.250 -999.250 -999.250 11.197 10.299 12.212 10.905 11.456 11.518 9.569 7.338 6.871 4.822 3.991 4.952 3.093 2.966 4.800 6.388 5.809 3.975 3.750 6.178 5.631 3.500 3.518 2.626 4.527 4.406 2.242 1.557 0.399 0.256 4.096 5.939 5.667 4.513 6.142 5.081 4.230 8.108 7.406 8.699 9.344 8.000
-999.250 -999.250 -999.250 -999.250 -999.250 -999.250 -999.250 -999.250 -999.250 -999.250 -999.250 -999.250 -999.250 -999.250 -999.250 -999.250 -999.250 -999.250 -999.250 -999.250 -999.250 -999.250 -999.250 -999.250 -999.250 -999.250 -999.250 8.616 8.528 10.672 12.974 29.165 12.927 9.800 7.314 7.266 5.459 6.883 5.020 3.379 2.606 4.955 4.055 3.475 4.345 4.856 6.334 4.362 5.308 5.077 4.114 6.005 3.329 2.079 1.513 2.506 1.684 2.992 4.929 7.290 6.193 5.808 5.078 3.540 4.537 6.734 6.964 10.215 8.287
-999.250 -999.250 -999.250 -999.250 -999.250 -999.250 -999.250 -999.250 -999.250 -999.250 -999.250 -999.250 -999.250 -999.250 -999.250 -999.250 -999.250 -999.250 -999.250 -999.250 -999.250 -999.250 -999.250 -999.250 -999.250 -999.250 -999.250 -999.250 9.718 10.299 10.169 16.101 11.260 7.012 6.562 5.571 6.401 2.426 6.743 4.301 4.633 3.472 4.302 3.038 4.381 3.187 2.744 3.129 2.507 5.665 6.250 6.893 4.429 3.205 3.360 3.189 2.295 1.494 5.549 5.825 3.016 6.333 4.422 1.876 2.596 4.884 8.721 8.841 7.885
-999.250 -999.250 -999.250 -999.250 -999.250 -999.250 -999.250 -999.250 -999.250 -999.250 -999.250 -999.250 -999.250 -999.250 -999.250 -999.250 -999.250 -999.250 -999.250 -999.250 -999.250 -999.250 -999.250 -999.250 -999.250 -999.250 -999.250 -999.250 -999.250 -999.250 8.290 10.060 9.593 6.813 5.734 5.569 7.221 5.800 4.833 6.359 4.800 5.883 3.926 3.428 3.451 1.392 3.957 1.191 4.020 5.554 5.390 5.585 7.338 4.983 4.173 3.857 1.748 0.484 4.122 6.339 4.083 4.215 3.645 4.293 6.348 5.860 8.615 4.978 5.351
-999.250 -999.250 -999.250 -999.250 -999.250 -999.250 -999.250 -999.250 -999.250 -999.250 -999.250 -999.250 -999.250 -999.250 -999.250 -999.250 -999.250 -999.250 -999.250 -999.250 -999.250 -999.250 -999.250 -999.250 -999.250 -999.250 -999.250 -999.250 -999.250 -999.250 9.713 10.332 9.848 10.458 6.377 7.835 8.912 6.967 5.230 4.472 4.385 4.254 2.622 5.024 2.279 4.044 1.996 2.830 3.757 3.509 3.963 4.601 5.718 3.920 4.272 3.075 4.267 1.898 7.210 9.953 4.815 2.779 3.981 7.153 4.871 7.714 7.335 5.488 5.225
-999.250 -999.250 -999.250 -999.250 -999.250 -999.250 -999.250 -999.250 -999.250 -999.250 -999.250 -999.250 -999.250 -999.250 -999.250 -999.250 -999.250 -999.250 -999.250 -999.250 -999.250 -999.250 -999.250 -999.250 -999.250 -999.250 -999.250 -999.250 -999.250 -999.250 9.048 9.210 11.534 9.221 8.824 9.163 11.103 7.797 6.920 6.152 3.916 5.061 3.461 4.176 5.558 3.265 4.808 1.699 3.183 3.918 2.367 2.313 1.352 2.211 5.096 4.445 4.712 4.568 8.083 12.126 6.431 5.803 4.418 5.517 5.732 5.029 4.892 9.605 5.629
-999.250 -999.250 -999.250 -999.250 -999.250 -999.250 -999.250 -999.250 -999.250 -999.250 -999.250 -999.250 -999.250 -999.250 -999.250 -999.250 -999.250 -999.250 -999.250 -999.250 -999.250 -999.250 -999.250 -999.250 -999.250 -999.250 -999.250 -999.250 -999.250 -999.250 -999.250 6.723 7.013 9.219 5.786 5.920 6.740 10.125 8.192 5.389 5.148 3.304 3.542 4.868 3.974 6.588 4.153 2.641 1.674 2.861 1.963 2.275 1.028 0.750 1.222 5.320 4.867 4.222 6.381 7.785 5.536 5.497 7.083 4.833 6.920 5.233 6.044 3.951 4.142
-999.250 -999.250 -999.250 -999.250 -999.250 -999.250 -999.250 -999.250 -999.250 -999.250 -999.250 -999.250 -999.250 -999.250 -999.250 -999.250 -999.250 -999.250 -999.250 -999.250 -999.250 -999.250 -999.250 -999.250 -999.250 -999.250 -999.250 -999.250 -999.250 -999.250 9.220 7.570 9.092 6.946 4.201 4.439 5.634 5.091 6.796 3.916 5.408 4.475 4.951 4.921 4.612 3.082 2.322 3.506 1.895 3.259 3.551 1.947 2.712 2.154 3.262 3.824 3.266 3.411 3.108 4.248 6.080 3.595 5.725 8.403 5.597 8.693 6.954 5.139 4.136
-999.250 -999.250 -999.250 -999.250 -999.250 -999.250 -999.250 -999.250 -999.250 -999.250 -999.250 -999.250 -999.250 -999.250 -999.250 -999.250 -999.250 -999.250 -999.250 -999.250 -999.250 -999.250 -999.250 -999.250 -999.250 -999.250 -999.250 -999.250 -999.250 -999.250 -999.250 9.675 8.229 6.979 6.497 3.177 6.200 4.238 2.448 1.090 2.610 4.890 4.706 3.099 4.699 3.806 1.111 2.483 0.000 0.309 1.468 0.827 0.773 0.139 0.989 4.403 4.399 2.227 1.937 2.442 2.971 4.253 2.636 7.281 6.221 6.966 5.658 4.151 3.437
-999.250 -999.250 -999.250 -999.250 -999.250 -999.250 -999.250 -999.250 -999.250 -999.250 -999.250 -999.250 -999.250 -999.250 -999.250 -999.250 -999.250 -999.250 -999.250 -999.250 -999.250 -999.250 -999.250 -999.250 -999.250 -999.250 -999.250 -999.250 -999.250 -999.250 10.311 11.735 8.221 6.982 5.737 5.387 7.002 5.553 3.950 1.983 0.270 3.682 5.914 4.600 5.293 2.697 0.577 0.000 0.000 0.029 0.776 0.877 4.480 2.456 2.335 3.280 2.019 1.557 1.028 2.596 2.906 2.962 5.015 4.587 7.943 7.287 5.590 5.430 6.593
-999.250 -999.250 -999.250 -999.250 -999.250 -999.250 -999.250 -999.250 -999.250 -999.250 -999.250 -999.250 -999.250 -999.250 -999.250 -999.250 -999.250 -999.250 -999.250 -999.250 -999.250 -999.250 -999.250 -999.250 -999.250 -999.250 -999.250 -999.250 -999.250 -999.250 8.753 10.316 9.621 8.426 6.383 5.533 6.097 2.529 3.439 2.389 0.112 1.525 2.079 3.348 2.963 2.640 0.000 0.476 0.058 0.957 1.267 0.000 1.119 4.284 3.821 4.059 3.332 0.937 0.320 2.092 2.122 3.039 4.878 4.608 4.781 7.797 5.715 6.175 4.235
-999.250 -999.250 -999.250 -999.250 -999.250 -999.250 -999.250 -999.250 -999.250 -999.250 -999.250 -999.250 -999.250 -999.250 -999.250 -999.250 -999.250 -999.250 -999.250 -999.250 -999.250 -999.250 -999.250 -999.250 -999.250 -999.250 -999.250 -999.250 -999.250 -999.250 6.389 6.548 5.054 4.640 4.254 5.442 3.317 2.093 4.628 2.420 1.032 2.779 3.987 3.502 4.227 0.660 0.000 0.000 0.844 2.223 2.279 0.000 0.000 1.762 0.396 0.936 2.734 1.306 0.000 2.263 2.404 1.768 2.909 3.154 3.777 5.643 6.556 7.007 4.047
-999.250 -999.250 -999.250 -999.250 -999.250 -999.250 -999.250 -999.250 -999.250 -999.250 -999.250 -999.250 -999.250 -999.250 -999.250 -999.250 -999.250 -999.250 -999.250 -999.250 -999.250 -999.250 -999.250 -999.250 -999.250 -999.250 -999.250 -999.250 -999.250 -999.250 5.827 5.361 4.804 5.613 5.588 3.520 5.039 1.971 3.406 2.906 2.756 0.424 5.323 4.089 0.513 0.000 0.000 0.123 2.258 2.696 1.279 0.000 0.000 2.803 2.586 0.625 1.079 0.000 0.140 0.000 0.000 0.000 0.000 0.537 3.427 6.461 7.122 6.922 4.799
-999.250 -999.250 -999.250 -999.250 -999.250 -999.250 -999.250 -999.250 -999.250 -999.250 -999.250 -999.250 -999.250 -999.250 -999.250 -999.250 -999.250 -999.250 -999.250 -999.250 -999.250 -999.250 -999.250 -999.250 -999.250 -999.250 -999.250 -999.250 -999.250 -999.250 4.612 4.067 6.124 5.677 2.869 4.131 5.536 2.607 3.590 0.000 1.302 3.252 3.078 1.523 0.000 0.000 0.000 0.000 0.000 1.151 0.325 0.000 0.000 2.566 1.091 0.000 0.040 0.000 0.000 0.000 0.000 0.000 0.000 0.000 2.567 4.573 6.399 4.862 0.158
-999.250 -999.250 -999.250 -999.250 -999.250 -999.250 -999.250 -999.250 -999.250 -999.250 -999.250 -999.250 -999.250 -999.250 -999.250 -999.250 -999.250 -999.250 -999.250 -999.250 -999.250 -999.250 -999.250 -999.250 -999.250 -999.250 -999.250 -999.250 -999.250 -999.250 -999.250 5.092 4.404 2.537 3.531 7.267 4.326 3.411 1.520 0.649 1.398 2.179 3.803 3.587 0.000 0.000 0.000 0.000 0.000 0.000 1.879 2.717 2.613 0.000 0.000 0.000 0.000 0.000 0.000 0.000 0.000 0.000 0.000 0.000 2.028 0.294 2.198 1.329 0.000
-999.250 -999.250 -999.250 -999.250 -999.250 -999.250 -999.250 -999.250 -999.250 -999.250 -999.250 -999.250 -999.250 -999.250 -999.250 -999.250 -999.250 -999.250 -999.250 -999.250 -999.250 -999.250 -999.250 -999.250 -999.250 -999.250 -999.250 -999.250 -999.250 -999.250 -999.250 5.382 5.492 2.548 3.560 5.471 4.453 3.026 1.379 0.309 0.953 3.146 1.394 2.896 0.000 1.253 2.047 0.110 1.619 0.000 1.490 1.631 2.202 0.494 0.000 0.000 0.000 0.000 0.000 0.000 0.000 0.000 0.000 0.000 0.000 0.215 0.000 0.000 0.000
-999.250 -999.250 -999.250 -999.250 -999.250 -999.250 -999.250 -999.250 -999.250 -999.250 -999.250 -999.250 -999.250 -999.250 -999.250 -999.250 -999.250 -999.250 -999.250 -999.250 -999.250 -999.250 -999.250 -999.250 -999.250 -999.250 -999.250 -999.250 -999.250 -999.250 8.553 4.828 3.809 2.920 2.087 4.702 5.583 6.003 0.366 0.000 1.866 3.990 0.929 0.000 0.000 1.072 2.068 0.816 0.000 0.000 1.810 1.291 0.247 0.000 0.000 0.000 0.000 0.000 0.000 0.000 0.000 0.000 0.000 0.000 0.000 0.000 0.000 0.000 0.000
