data/medianmodel_03-Apr-2020.asc
ncols	141
nrows	288
xllcorner	-120191.398
yllcorner	-301404.813
cellsize	2000.000
NODATA_value	-999.250
[rows 150 to 179 of 288, columns 0 to 67 of 141]
-999.250 -999.250 -999.250 -999.250 -999.250 -999.250 -999.250 -999.250 -999.250 -999.250 -999.250 -999.250 13.696 15.537 11.171 15.325 12.616 14.112 13.944 15.531 15.680 15.758 19.373 17.305 20.148 24.827 25.537 32.643 31.907 35.351 42.484 31.347 37.127 25.836 29.737 32.069 30.435 23.977 20.747 18.923 19.059 15.482 13.143 10.046 3.248 0.973 1.535 3.104 4.627 5.917 9.004 11.072 12.772 12.190 14.136 15.783 13.351 15.808 16.305 16.790 17.540 14.851 16.038 16.859 13.715 11.315 9.180 9.633
-999.250 -999.250 -999.250 -999.250 -999.250 -999.250 -999.250 -999.250 -999.250 -999.250 -999.250 13.970 13.178 15.726 13.794 13.657 11.594 13.640 13.243 13.867 15.116 18.086 18.801 19.167 24.684 28.848 30.444 28.166 38.597 45.916 43.858 39.444 40.901 30.684 35.769 36.385 37.236 26.075 21.534 19.759 17.786 17.026 14.904 9.651 3.405 0.000 1.199 4.614 6.799 8.872 10.496 9.062 11.876 9.333 10.804 12.308 14.687 14.951 17.587 16.773 15.808 16.274 15.824 12.042 13.604 12.489 10.135 11.080
-999.250 -999.250 -999.250 -999.250 -999.250 -999.250 -999.250 -999.250 -999.250 -999.250 12.938 12.367 13.885 13.647 12.202 9.815 11.277 10.994 10.652 12.878 14.842 19.044 20.324 22.196 26.530 30.848 28.154 33.790 33.889 35.418 41.961 41.916 40.210 36.827 34.547 37.862 38.908 28.831 26.487 22.639 20.151 18.471 14.228 9.377 5.109 3.224 2.777 5.078 6.622 7.548 7.871 9.714 6.923 11.840 14.044 14.861 15.496 15.511 13.749 16.517 17.924 15.206 14.379 14.831 14.366 13.675 11.747 12.341
-999.250 -999.250 -999.250 -999.250 -999.250 -999.250 -999.250 -999.250 -999.250 14.618 17.413 14.391 11.270 14.333 9.489 8.439 10.824 10.365 12.286 9.632 16.064 17.571 22.896 27.084 27.239 31.709 41.358 43.620 41.883 43.048 45.007 50.923 46.918 38.998 42.276 33.480 39.164 31.912 27.879 23.361 18.891 20.183 15.870 12.528 5.608 2.041 1.106 6.147 4.384 9.716 8.704 6.336 10.534 9.419 11.314 12.596 13.909 13.839 15.675 18.008 16.471 17.071 14.239 15.588 12.198 11.196 11.682 12.599
-999.250 -999.250 -999.250 -999.250 -999.250 13.764 15.094 15.535 15.476 16.448 16.921 15.270 16.083 13.221 12.162 13.105 13.055 13.164 11.930 14.728 16.738 19.469 22.299 24.939 32.091 37.223 42.296 47.198 50.903 48.372 52.507 47.792 49.091 46.945 44.136 42.667 38.242 31.497 32.406 24.711 26.261 21.756 16.653 12.581 9.808 3.907 0.000 2.903 6.732 7.813 9.945 9.036 9.780 10.294 11.578 12.888 15.474 18.598 18.898 16.188 18.233 18.045 13.824 16.359 14.202 14.680 13.031 14.793
-999.250 -999.250 -999.250 -999.250 -999.250 -999.250 -999.250 13.743 13.622 16.216 18.020 16.437 18.675 12.430 11.568 14.617 13.940 15.198 15.717 17.511 21.678 19.688 20.926 26.314 31.904 39.256 47.993 49.618 51.040 51.794 53.565 56.222 55.945 50.669 47.638 48.764 43.227 41.673 31.240 31.625 28.376 21.545 20.495 15.745 14.142 8.225 5.672 6.494 11.794 11.210 8.253 9.312 9.726 13.683 13.622 13.925 15.001 15.919 18.160 17.395 18.760 16.330 15.093 14.006 14.787 12.119 13.651 13.761
-999.250 -999.250 -999.250 -999.250 -999.250 -999.250 -999.250 12.552 13.957 15.113 15.803 14.443 17.062 15.670 12.238 16.129 14.433 16.478 18.758 19.654 21.048 20.899 22.869 26.655 33.660 41.239 50.046 52.166 50.345 57.166 58.801 57.098 56.699 52.328 50.492 49.480 44.834 45.581 39.418 27.258 31.609 26.117 20.699 18.904 15.519 11.321 10.684 11.320 12.508 11.161 9.164 11.419 10.104 11.226 13.742 13.539 16.287 13.629 16.287 18.756 19.778 16.932 15.083 16.090 15.295 15.162 13.596 13.769
-999.250 -999.250 -999.250 -999.250 -999.250 -999.250 -999.250 14.497 14.827 13.230 14.548 13.253 14.409 15.915 15.468 17.440 18.537 19.129 21.120 22.015 20.735 22.407 23.771 29.079 35.904 37.444 42.777 48.904 55.983 63.109 62.637 65.097 56.158 60.761 53.483 55.996 50.465 39.632 35.898 36.370 35.434 28.330 20.602 23.711 21.038 14.800 15.101 14.507 10.803 11.263 12.022 11.927 13.319 13.782 10.919 16.787 15.562 14.452 15.131 16.069 15.662 16.842 15.020 16.947 13.354 11.953 11.572 11.772
-999.250 -999.250 -999.250 -999.250 -999.250 -999.250 -999.250 16.524 13.339 13.989 13.755 14.383 15.679 15.354 14.008 17.706 20.856 20.467 19.599 21.691 21.404 21.119 23.454 29.970 33.274 40.155 44.959 54.306 53.954 50.981 57.459 68.221 64.048 58.348 53.311 56.168 50.453 41.625 39.490 39.532 38.839 31.297 27.442 24.742 19.217 17.214 16.355 16.484 14.104 16.937 14.737 12.294 11.302 12.353 12.698 15.825 13.854 13.951 15.033 15.580 15.260 14.014 14.591 13.430 12.233 8.820 12.069 12.445
-999.250 -999.250 -999.250 -999.250 -999.250 -999.250 -999.250 -999.250 13.363 12.055 11.908 15.164 15.758 15.546 15.382 16.720 18.672 18.327 20.122 19.989 21.317 23.837 23.121 26.014 35.591 37.434 47.406 50.196 46.170 52.338 55.522 56.016 59.434 57.452 57.215 55.542 58.655 47.121 43.673 43.348 42.159 38.624 32.909 27.811 20.075 18.765 15.674 12.781 16.177 13.135 15.358 12.683 14.080 12.080 9.653 12.818 14.840 13.495 11.062 13.468 12.546 13.909 11.755 9.619 4.611 4.567 7.803 8.142
-999.250 -999.250 -999.250 -999.250 -999.250 -999.250 -999.250 -999.250 12.007 7.735 11.374 14.115 14.417 15.125 15.597 15.926 18.181 18.669 19.784 20.988 21.954 23.066 25.163 26.937 38.049 43.822 43.100 49.614 51.905 50.549 56.621 55.537 56.133 57.983 55.704 62.985 61.302 50.320 48.246 46.419 46.730 42.499 34.966 26.970 26.664 19.924 17.773 16.200 17.352 15.515 16.824 13.887 13.869 14.549 14.335 12.282 13.056 14.271 10.313 13.117 13.004 12.207 11.826 8.144 4.148 0.000 4.971 8.477
-999.250 -999.250 -999.250 -999.250 -999.250 -999.250 -999.250 16.107 14.146 10.963 12.975 13.753 14.122 15.092 14.991 15.921 19.004 18.345 20.608 21.479 24.347 21.469 22.370 26.840 32.603 35.895 40.466 46.677 46.424 54.880 54.993 53.640 54.641 58.858 59.648 60.137 64.436 57.001 45.445 42.403 36.954 40.603 37.087 29.351 26.960 24.578 18.871 19.152 19.081 20.227 20.507 18.532 15.989 14.037 13.711 15.026 14.424 14.773 13.401 11.482 11.384 12.330 11.258 9.521 4.008 1.284 5.925 7.487
-999.250 -999.250 -999.250 -999.250 -999.250 -999.250 -999.250 17.993 16.347 15.765 15.139 12.445 13.825 15.759 17.079 15.690 16.695 19.553 20.232 20.671 21.941 22.690 20.707 24.014 26.067 33.769 38.043 35.625 43.352 46.651 52.548 44.889 58.847 60.417 59.134 57.351 53.293 50.130 37.096 36.098 40.464 42.218 36.223 28.618 26.178 24.433 21.534 20.333 19.055 17.772 20.486 19.806 16.951 16.031 14.379 15.495 15.829 13.388 11.887 12.731 11.366 11.105 11.942 8.674 6.506 5.365 5.759 6.162
-999.250 -999.250 -999.250 -999.250 -999.250 -999.250 -999.250 18.077 19.070 17.242 16.668 17.105 13.793 14.635 17.850 20.767 17.742 16.648 17.301 17.400 18.326 19.196 20.341 25.851 25.052 31.129 28.874 28.509 41.937 45.079 45.816 48.940 58.461 49.657 43.884 53.240 44.978 38.895 31.048 33.023 31.621 36.368 29.351 27.544 22.869 26.724 21.235 21.161 20.311 17.863 18.123 19.964 18.535 16.013 17.654 14.189 15.196 16.344 13.295 11.536 10.773 11.599 10.346 9.258 7.191 7.093 6.190 9.062
-999.250 -999.250 -999.250 -999.250 -999.250 -999.250 -999.250 22.810 19.206 19.020 17.255 16.814 17.353 20.032 19.272 18.218 20.003 15.795 13.342 14.304 15.587 17.576 18.520 20.593 24.732 30.225 31.715 30.060 35.898 42.506 49.063 51.294 51.957 52.616 52.425 48.527 45.231 37.223 29.697 26.045 29.617 34.675 27.021 27.209 24.987 24.200 27.272 24.633 22.697 18.786 20.118 22.372 19.306 19.171 20.871 18.736 17.180 11.640 13.486 12.838 11.611 9.231 8.682 10.036 8.450 8.693 8.497 9.224
-999.250 -999.250 -999.250 -999.250 -999.250 -999.250 22.999 23.025 19.646 21.743 20.368 20.219 17.831 17.915 18.593 19.020 18.232 16.855 16.677 15.436 15.739 18.062 15.416 22.108 26.864 26.801 23.866 30.908 33.846 40.759 52.554 54.523 51.548 47.376 43.089 45.094 41.396 36.592 33.707 31.340 31.326 30.989 27.050 24.139 22.758 27.319 24.587 23.344 22.666 27.115 22.675 24.688 20.693 20.626 17.426 19.404 15.976 12.431 10.998 11.595 10.335 9.517 8.662 8.600 7.834 8.753 8.435 10.633
-999.250 -999.250 -999.250 -999.250 -999.250 -999.250 26.535 23.565 24.436 22.959 23.217 21.568 19.849 20.231 20.929 18.543 18.209 16.105 15.531 14.769 15.385 15.590 15.597 17.162 21.826 23.003 22.242 23.592 31.282 39.934 45.551 45.677 43.312 40.903 45.438 38.399 40.422 32.998 34.234 34.223 28.561 25.215 30.565 31.432 26.998 29.729 28.152 23.844 24.251 22.720 24.600 21.588 20.760 19.692 17.505 18.855 15.216 12.685 13.206 12.197 10.808 8.309 9.793 7.720 9.076 9.542 11.136 11.648
-999.250 -999.250 -999.250 -999.250 -999.250 24.049 24.888 23.635 24.138 25.969 24.174 20.973 21.283 22.868 19.958 20.176 19.457 17.155 17.695 19.953 15.499 15.576 18.912 19.597 19.517 21.316 18.558 17.609 25.556 37.875 40.096 38.523 49.859 44.972 38.145 38.920 32.844 30.595 33.585 37.309 27.851 27.906 28.712 27.203 32.079 32.761 29.687 26.480 22.257 23.011 21.015 21.632 20.950 19.354 17.028 17.284 12.824 14.271 11.097 12.306 9.856 9.786 8.732 9.867 9.290 9.986 11.865 10.655
-999.250 -999.250 -999.250 -999.250 -999.250 24.022 24.827 24.685 25.719 26.540 25.384 22.921 21.104 19.627 18.362 17.407 17.892 15.714 17.741 15.724 14.924 16.397 19.987 17.304 20.119 19.344 19.255 20.268 23.409 27.287 38.090 36.518 36.808 37.349 35.406 35.476 29.942 32.741 25.119 35.943 31.650 33.801 35.119 32.851 27.972 32.493 29.703 27.358 28.167 24.584 24.448 22.495 23.668 19.877 16.175 15.097 13.239 12.276 13.053 10.034 11.890 10.309 12.499 12.172 10.156 11.631 9.768 9.248
-999.250 -999.250 -999.250 -999.250 24.420 21.896 27.421 26.736 22.990 24.180 23.672 21.873 18.144 17.540 17.027 15.074 14.804 15.164 17.651 17.357 14.413 17.784 17.990 17.757 18.183 17.715 16.013 21.785 22.147 26.877 34.979 38.235 41.064 35.815 36.183 29.247 31.132 29.830 31.594 35.867 34.604 45.053 42.076 37.567 38.804 29.480 35.601 35.331 29.478 24.514 22.281 24.973 19.334 19.765 17.683 14.703 13.959 14.597 11.819 12.784 11.321 9.809 8.128 9.365 10.063 10.061 8.184 8.726
-999.250 -999.250 -999.250 -999.250 32.728 31.892 25.396 26.539 25.742 23.012 22.664 19.818 16.051 16.268 14.047 12.296 12.216 14.061 14.481 19.577 18.556 16.469 18.160 18.628 18.184 17.527 18.630 20.687 23.128 24.292 34.844 38.980 34.973 31.197 31.466 29.826 32.331 32.121 34.800 37.093 35.590 41.032 40.890 39.759 46.527 42.097 35.425 33.195 29.919 27.219 30.021 25.761 20.278 19.034 18.858 14.385 13.233 13.935 13.186 13.706 13.509 11.081 10.315 9.620 7.143 8.002 9.469 8.807
-999.250 -999.250 -999.250 -999.250 30.633 29.480 29.317 25.431 22.410 20.037 20.829 19.563 15.657 12.293 11.194 12.077 9.278 12.350 14.172 15.619 14.990 14.733 17.282 18.221 18.886 16.833 19.412 23.462 25.838 24.504 29.491 34.957 30.901 25.317 24.005 26.796 33.109 31.859 34.394 36.734 43.414 47.483 48.196 51.545 45.799 43.916 42.420 32.806 27.771 27.595 31.066 24.500 21.025 21.502 17.266 15.896 14.127 11.888 10.471 15.462 11.899 12.202 11.036 10.094 8.414 9.072 7.547 8.701
-999.250 -999.250 -999.250 -999.250 35.839 35.645 34.633 27.050 23.371 20.291 20.496 17.784 16.752 14.925 10.895 8.516 6.690 8.503 10.671 14.034 15.370 15.876 17.070 17.199 19.321 18.452 20.861 20.984 23.021 24.934 31.488 33.928 30.802 26.835 25.333 28.176 29.664 34.510 39.220 37.927 44.169 51.701 51.852 47.647 42.302 36.637 45.709 37.637 35.436 28.894 29.314 21.396 20.861 18.002 15.596 16.224 15.300 10.523 8.650 12.929 11.124 12.218 10.960 11.194 8.666 8.502 7.838 9.217
-999.250 -999.250 -999.250 -999.250 39.014 38.356 33.214 26.872 22.992 21.190 21.467 18.425 15.652 15.011 13.010 6.167 0.000 2.214 6.991 9.919 13.969 15.171 18.302 17.762 19.705 21.113 20.097 23.291 25.995 26.981 31.956 33.494 37.366 30.603 29.220 28.697 29.500 35.597 39.520 42.348 44.101 49.850 55.458 45.702 52.721 48.236 45.654 43.754 40.683 30.125 24.626 24.514 19.166 18.028 13.583 14.659 13.068 12.162 8.383 6.558 9.206 11.727 11.119 9.477 9.347 9.672 8.659 9.991
-999.250 -999.250 -999.250 -999.250 41.067 32.426 34.783 31.383 22.519 23.140 24.641 22.599 20.480 14.163 10.549 5.993 0.913 0.951 4.099 6.489 13.244 15.259 18.787 20.542 22.730 22.732 22.124 24.988 30.439 32.408 33.598 34.627 40.440 37.816 37.397 33.177 35.674 38.078 39.459 45.275 53.693 55.300 61.744 57.019 61.159 59.722 52.126 46.994 54.165 38.016 31.258 26.491 18.573 20.230 15.651 12.974 13.429 8.116 7.195 7.520 7.316 7.725 10.319 7.922 9.868 10.098 10.151 10.132
-999.250 -999.250 -999.250 -999.250 37.231 39.487 36.565 31.483 30.759 26.947 25.494 22.707 20.595 14.917 11.368 7.896 4.391 5.475 5.877 10.272 13.693 18.021 15.784 20.676 20.916 23.233 29.373 24.800 31.700 35.370 38.278 33.499 36.545 36.417 41.491 40.804 38.030 46.135 50.463 54.017 63.533 65.357 67.419 62.575 65.785 69.128 61.773 49.672 51.482 44.477 38.273 31.843 23.298 19.377 16.657 14.969 8.597 4.155 4.592 4.518 5.797 6.548 8.469 6.620 8.305 11.792 10.959 11.223
-999.250 -999.250 -999.250 -999.250 41.617 41.198 42.268 41.266 36.715 33.735 33.252 24.608 19.115 15.374 13.968 13.660 10.422 9.887 11.957 12.638 16.147 16.923 18.722 22.544 21.190 24.616 25.803 29.192 33.179 39.259 40.158 39.629 43.466 47.049 41.264 46.705 48.158 45.448 50.097 55.528 59.324 63.326 72.133 80.133 69.479 65.341 60.574 53.674 49.615 45.911 34.036 28.931 22.520 18.642 17.868 14.282 6.201 0.000 3.086 5.705 7.751 6.472 8.869 8.861 8.480 11.760 12.539 13.771
-999.250 -999.250 -999.250 -999.250 39.056 44.607 39.901 42.162 39.167 35.141 30.296 27.327 22.187 21.343 17.233 15.806 13.887 13.250 12.593 16.805 17.969 20.266 19.931 26.016 24.627 26.908 25.258 34.420 37.004 46.012 51.435 46.864 44.463 42.056 42.315 45.239 45.705 51.152 54.643 53.474 63.445 72.868 75.454 76.937 69.283 63.261 63.019 57.859 48.860 50.578 38.427 29.456 24.929 20.651 16.525 15.342 10.416 6.230 6.766 7.065 7.835 8.139 9.385 10.404 11.590 13.622 11.421 10.584
-999.250 -999.250 -999.250 -999.250 38.135 39.921 38.876 47.905 45.780 38.004 43.536 35.412 31.690 28.879 25.206 23.616 22.056 21.484 22.220 20.620 21.467 26.101 30.980 37.837 38.037 30.136 37.639 43.595 46.605 49.116 50.276 53.691 57.755 54.379 54.786 55.243 57.263 59.746 54.603 55.561 64.122 73.152 68.301 73.201 74.722 64.794 57.972 53.567 45.317 42.908 41.115 32.959 26.268 24.829 21.624 17.266 13.728 12.523 7.927 7.854 9.486 6.696 8.395 11.928 13.781 14.286 12.259 11.490
-999.250 -999.250 -999.250 46.175 45.112 52.672 50.475 49.504 46.483 43.419 40.936 42.182 32.594 37.690 40.876 34.477 29.417 30.878 33.293 27.871 27.473 29.830 39.197 47.258 44.377 41.762 49.674 52.573 53.303 55.265 50.223 53.887 59.540 56.505 60.901 62.243 63.749 56.377 61.578 58.340 63.748 68.405 69.588 70.299 71.809 58.065 58.092 57.509 54.286 36.719 40.475 30.655 24.533 27.217 26.041 20.587 17.129 13.400 13.383 12.224 10.116 8.161 12.252 11.304 13.033 12.722 12.217 12.821
