data/medianmodel_09-May-2020.asc
ncols	141
nrows	288
xllcorner	-120191.398
yllcorner	-301404.813
cellsize	2000.000
NODATA_value	-999.250
[rows 124 to 154 of 288, columns 0 to 68 of 141]
-999.250 -999.250 -999.250 -999.250 -999.250 -999.250 -999.250 -999.250 -999.250 -999.250 -999.250 -999.250 -999.250 -999.250 -999.250 -999.250 -999.250 -999.250 -999.250 -999.250 -999.250 -999.250 -999.250 -999.250 5.830 7.584 8.786 7.404 11.618 12.148 11.032 8.549 10.302 7.917 7.812 9.478 8.320 6.363 7.523 5.858 9.963 12.523 11.397 12.485 14.152 17.047 15.525 17.168 10.869 10.542 13.785 11.284 12.442 13.482 11.964 9.820 8.500 4.535 2.932 3.980 0.724 1.729 4.548 4.435 5.171 6.972 8.118 11.193 10.857
-999.250 -999.250 -999.250 -999.250 -999.250 -999.250 -999.250 -999.250 -999.250 -999.250 -999.250 -999.250 -999.250 -999.250 -999.250 -999.250 -999.250 -999.250 -999.250 -999.250 -999.250 -999.250 -999.250 -999.250 4.370 6.907 8.204 6.404 8.667 12.587 11.098 11.075 9.658 11.483 8.435 7.959 8.158 6.638 7.126 9.167 9.767 12.201 10.664 8.725 12.567 13.330 11.377 10.886 8.526 11.199 13.449 11.515 13.725 15.460 17.960 12.925 10.354 7.215 5.277 2.250 3.195 2.641 4.070 4.186 5.823 3.479 3.349 9.082 8.712
-999.250 -999.250 -999.250 -999.250 -999.250 -999.250 -999.250 -999.250 -999.250 -999.250 -999.250 -999.250 -999.250 -999.250 -999.250 -999.250 -999.250 -999.250 -999.250 -999.250 -999.250 -999.250 -999.250 3.084 6.909 6.844 8.225 8.198 7.789 10.083 10.302 11.648 12.545 10.407 9.916 11.128 10.426 8.733 8.374 8.220 10.229 8.543 10.748 6.553 7.405 9.708 8.022 6.494 5.953 8.391 12.311 11.458 14.555 15.902 16.116 13.275 9.811 8.512 6.257 3.880 2.408 2.062 2.191 1.802 1.425 2.906 3.827 7.088 6.651
-999.250 -999.250 -999.250 -999.250 -999.250 -999.250 -999.250 -999.250 -999.250 -999.250 -999.250 -999.250 -999.250 -999.250 -999.250 -999.250 -999.250 -999.250 -999.250 -999.250 -999.250 -999.250 -999.250 4.710 4.617 5.958 6.806 9.319 10.828 9.870 9.498 12.371 13.088 11.129 9.547 8.895 10.313 10.350 9.347 10.112 8.738 7.737 8.673 8.068 5.507 5.805 3.790 3.205 3.308 5.117 7.247 11.024 12.845 12.740 12.424 13.556 11.500 8.455 5.824 2.863 0.737 0.000 0.000 0.508 2.128 2.472 4.714 4.225 4.944
-999.250 -999.250 -999.250 -999.250 -999.250 -999.250 -999.250 -999.250 -999.250 -999.250 -999.250 -999.250 -999.250 -999.250 -999.250 -999.250 -999.250 -999.250 -999.250 -999.250 -999.250 -999.250 -999.250 6.119 6.651 7.002 6.570 8.929 8.597 10.085 8.879 9.215 11.599 11.110 10.648 10.197 11.676 8.476 7.174 9.088 10.647 8.928 8.156 7.791 7.884 4.980 1.660 0.000 0.000 2.240 5.675 10.629 9.616 11.010 9.500 10.227 10.488 9.251 6.436 3.186 1.777 0.000 0.000 0.000 0.778 2.991 3.778 5.415 5.001
-999.250 -999.250 -999.250 -999.250 -999.250 -999.250 -999.250 -999.250 -999.250 -999.250 -999.250 -999.250 -999.250 -999.250 -999.250 -999.250 -999.250 -999.250 -999.250 -999.250 -999.250 -999.250 2.573 2.861 5.439 4.893 7.223 6.748 8.966 9.684 9.729 9.067 11.054 12.643 10.345 8.627 9.453 8.306 7.546 9.332 9.210 7.342 5.183 6.149 3.512 0.830 0.132 0.000 0.000 0.644 5.877 7.877 9.075 9.140 8.437 8.965 9.537 7.283 7.526 5.230 2.859 0.000 0.000 0.000 0.630 1.272 3.361 3.140 3.210
-999.250 -999.250 -999.250 -999.250 -999.250 -999.250 -999.250 -999.250 -999.250 -999.250 -999.250 -999.250 -999.250 -999.250 -999.250 -999.250 -999.250 -999.250 -999.250 -999.250 -999.250 -999.250 2.809 2.790 3.529 5.554 7.036 6.997 8.659 10.497 9.936 11.349 12.975 11.345 11.538 13.512 10.031 6.555 10.256 7.346 8.372 3.555 3.569 5.045 0.555 0.000 0.000 0.000 0.000 0.932 1.611 3.739 4.016 7.188 6.591 6.542 7.849 7.150 6.117 4.486 0.866 1.148 1.488 0.562 0.829 1.596 1.785 3.985 3.264
-999.250 -999.250 -999.250 -999.250 -999.250 -999.250 -999.250 -999.250 -999.250 -999.250 -999.250 -999.250 -999.250 -999.250 -999.250 -999.250 -999.250 -999.250 -999.250 -999.250 -999.250 1.186 2.226 1.756 2.597 2.589 6.910 8.796 7.847 8.727 11.176 10.218 11.723 9.726 13.161 12.483 10.992 9.660 10.302 9.825 8.144 3.340 4.615 1.596 0.498 0.000 0.000 0.000 0.000 0.000 0.531 0.905 1.954 3.149 4.601 6.809 6.041 5.795 3.862 3.517 2.645 2.805 2.466 1.650 1.897 1.333 0.677 1.226 1.348
-999.250 -999.250 -999.250 -999.250 -999.250 -999.250 -999.250 -999.250 -999.250 -999.250 -999.250 -999.250 -999.250 -999.250 -999.250 -999.250 -999.250 -999.250 -999.250 -999.250 -999.250 1.127 0.797 1.022 1.780 2.516 4.042 4.411 6.833 7.945 7.581 8.838 9.367 12.069 11.705 9.363 11.523 10.896 8.360 9.429 7.936 5.629 5.033 4.508 1.363 0.000 0.000 0.000 0.000 0.000 0.000 0.000 0.353 2.471 4.040 3.785 4.202 7.009 4.064 3.521 2.618 2.271 1.176 0.000 1.982 0.341 0.808 0.675 0.079
-999.250 -999.250 -999.250 -999.250 -999.250 -999.250 -999.250 -999.250 -999.250 -999.250 -999.250 -999.250 -999.250 -999.250 -999.250 -999.250 -999.250 -999.250 -999.250 -999.250 -999.250 0.693 2.080 1.201 2.618 4.620 2.245 4.967 5.109 5.810 8.377 7.439 8.372 11.130 9.465 8.292 6.694 7.857 7.585 7.832 7.569 6.617 5.670 2.175 3.976 1.097 0.000 0.000 0.000 0.000 0.000 0.000 0.000 0.000 0.944 2.356 5.492 5.804 3.511 1.278 3.533 3.916 1.870 2.220 0.920 0.064 1.807 2.455 0.000
-999.250 -999.250 -999.250 -999.250 -999.250 -999.250 -999.250 -999.250 -999.250 -999.250 -999.250 -999.250 -999.250 -999.250 -999.250 -999.250 -999.250 -999.250 -999.250 -999.250 0.913 0.104 0.000 0.546 2.523 3.284 4.444 3.945 3.464 4.075 5.042 4.803 6.541 7.398 7.754 6.524 7.221 9.589 8.092 6.497 5.164 7.764 5.273 5.134 2.542 1.282 0.235 0.000 0.000 0.000 0.000 0.000 0.000 0.000 0.562 2.659 2.919 5.273 2.011 2.660 2.064 1.669 1.103 3.431 3.395 1.276 2.102 0.511 0.000
-999.250 -999.250 -999.250 -999.250 -999.250 -999.250 -999.250 -999.250 -999.250 -999.250 -999.250 -999.250 -999.250 -999.250 -999.250 -999.250 -999.250 -999.250 -999.250 -999.250 0.086 2.384 0.253 0.943 1.018 2.343 4.001 3.023 1.818 3.463 3.260 4.473 5.958 3.800 6.135 5.433 6.923 7.167 7.807 9.540 9.051 7.338 6.338 4.393 3.701 1.499 1.130 1.305 0.785 0.000 0.000 0.000 0.000 0.083 2.683 2.207 3.620 1.283 1.683 0.957 0.680 1.031 2.883 2.205 1.761 0.000 0.307 2.334 0.220
-999.250 -999.250 -999.250 -999.250 -999.250 -999.250 -999.250 -999.250 -999.250 -999.250 -999.250 -999.250 -999.250 -999.250 -999.250 -999.250 -999.250 -999.250 -999.250 -999.250 0.000 2.245 2.498 3.309 0.371 3.618 2.031 3.789 1.655 2.884 0.121 0.971 2.534 3.613 4.566 5.352 8.207 9.329 6.019 7.958 7.288 8.110 6.848 5.761 4.762 2.921 3.644 2.336 4.260 2.608 3.668 1.613 0.509 1.196 2.808 0.456 1.326 1.575 0.439 0.000 0.000 1.442 1.650 2.011 0.749 0.905 0.465 1.405 0.000
-999.250 -999.250 -999.250 -999.250 -999.250 -999.250 -999.250 -999.250 -999.250 -999.250 -999.250 -999.250 -999.250 -999.250 -999.250 -999.250 -999.250 -999.250 -999.250 -999.250 0.000 1.046 1.200 1.338 2.316 1.918 3.733 0.773 0.282 0.000 0.000 0.000 0.035 3.267 4.034 5.230 5.961 6.856 7.069 6.932 6.811 6.123 5.708 4.255 5.806 3.001 4.661 5.129 4.010 3.295 4.139 3.251 2.925 2.562 0.539 1.775 1.046 1.317 0.289 0.000 0.000 0.559 0.263 1.782 0.546 0.910 0.326 2.101 2.161
-999.250 -999.250 -999.250 -999.250 -999.250 -999.250 -999.250 -999.250 -999.250 -999.250 -999.250 -999.250 -999.250 -999.250 -999.250 -999.250 -999.250 -999.250 -999.250 0.000 0.507 0.079 0.948 2.256 2.589 3.716 4.449 1.316 0.000 0.000 0.000 0.000 0.000 2.131 2.237 4.210 4.943 5.844 5.748 7.015 5.535 5.955 5.206 5.276 5.510 5.129 4.728 6.149 7.167 4.549 4.541 3.888 4.711 2.661 3.979 1.716 1.598 1.224 0.000 0.000 0.000 0.000 0.573 1.630 0.025 1.434 0.573 2.210 2.372
-999.250 -999.250 -999.250 -999.250 -999.250 -999.250 -999.250 -999.250 -999.250 -999.250 -999.250 -999.250 -999.250 -999.250 -999.250 -999.250 -999.250 -999.250 -999.250 0.000 0.000 0.077 1.129 2.110 3.117 4.031 2.080 1.330 0.000 0.000 0.000 0.000 0.195 0.465 2.873 5.010 3.910 6.505 6.343 6.010 6.369 7.445 6.067 5.442 7.327 4.239 6.467 5.593 6.976 6.731 6.102 4.812 5.559 5.429 3.940 1.482 2.764 3.070 0.000 0.000 0.000 0.000 1.207 0.577 0.150 0.000 2.034 0.670 3.580
-999.250 -999.250 -999.250 -999.250 -999.250 -999.250 -999.250 -999.250 -999.250 -999.250 -999.250 -999.250 -999.250 -999.250 -999.250 -999.250 -999.250 -999.250 -999.250 0.000 0.000 0.263 2.134 4.626 3.404 5.333 3.339 2.319 0.771 0.000 0.000 0.000 0.000 0.498 1.710 4.401 4.408 4.676 8.971 6.604 9.287 8.217 9.575 5.845 7.123 7.413 6.196 6.662 6.893 7.508 6.967 6.491 4.701 6.816 4.166 4.160 3.845 3.052 1.033 0.000 0.000 1.156 0.198 0.000 0.000 1.635 1.082 3.967 2.648
-999.250 -999.250 -999.250 -999.250 -999.250 -999.250 -999.250 -999.250 -999.250 -999.250 -999.250 -999.250 -999.250 -999.250 -999.250 -999.250 -999.250 -999.250 -999.250 0.000 0.000 0.757 3.950 6.482 6.213 6.113 5.678 3.004 0.291 0.981 0.682 0.000 0.000 0.000 0.906 2.254 6.253 5.659 7.893 5.725 10.074 10.985 11.109 7.414 9.829 10.443 10.767 8.739 8.164 7.577 6.611 6.186 6.567 8.269 5.066 4.949 3.789 1.894 0.000 0.000 0.000 0.000 0.000 0.000 0.000 0.336 2.943 3.174 3.950
-999.250 -999.250 -999.250 -999.250 -999.250 -999.250 -999.250 -999.250 -999.250 -999.250 -999.250 -999.250 -999.250 -999.250 -999.250 -999.250 -999.250 -999.250 -999.250 0.649 2.128 5.227 4.795 7.966 9.281 9.207 6.966 5.370 5.087 2.374 1.920 0.430 0.000 0.000 0.034 2.184 4.029 6.021 9.004 8.990 9.947 12.539 9.360 9.975 10.233 10.868 8.246 7.724 6.452 6.039 8.029 7.513 5.546 6.337 7.930 3.401 4.092 0.859 0.000 0.000 0.000 0.000 0.000 0.000 0.000 0.000 0.000 2.372 3.889
-999.250 -999.250 -999.250 -999.250 -999.250 -999.250 -999.250 -999.250 -999.250 -999.250 -999.250 -999.250 -999.250 -999.250 -999.250 -999.250 -999.250 -999.250 1.850 4.368 5.143 5.898 9.053 9.336 8.927 6.788 5.516 7.593 5.228 3.081 2.799 2.261 0.000 0.000 0.707 2.294 5.730 6.947 9.466 9.360 12.071 13.290 11.728 9.960 9.781 10.119 8.865 8.881 5.915 5.561 5.514 7.365 6.916 6.233 7.086 7.864 4.568 1.821 0.000 0.000 0.000 0.000 0.000 0.000 0.000 0.000 1.944 2.152 2.361
-999.250 -999.250 -999.250 -999.250 -999.250 -999.250 -999.250 -999.250 -999.250 -999.250 -999.250 -999.250 -999.250 -999.250 -999.250 -999.250 -999.250 5.112 3.151 3.221 5.052 6.199 10.719 9.207 9.196 7.554 6.417 7.301 7.792 6.316 4.647 0.815 0.065 0.000 0.000 2.401 2.671 3.178 5.143 9.568 9.485 11.478 10.887 12.593 9.525 10.006 9.209 9.220 6.401 6.523 7.694 9.627 8.962 8.752 9.214 9.449 7.527 4.143 1.843 0.000 0.000 0.000 0.000 0.000 0.000 0.053 1.953 1.290 2.117
-999.250 -999.250 -999.250 -999.250 -999.250 -999.250 -999.250 -999.250 -999.250 -999.250 -999.250 -999.250 -999.250 -999.250 -999.250 -999.250 -999.250 5.538 5.197 6.691 6.662 7.727 9.874 11.849 11.374 8.710 8.250 8.735 7.664 4.149 4.994 3.785 0.958 0.000 0.000 1.808 1.910 1.651 5.799 7.874 9.656 11.082 11.649 10.126 10.888 10.127 7.387 4.870 8.159 6.585 10.719 11.329 14.655 13.402 14.011 13.190 9.664 7.717 4.381 1.555 0.000 0.228 0.000 0.000 0.000 0.000 0.992 2.072 1.537
-999.250 -999.250 -999.250 -999.250 -999.250 -999.250 -999.250 -999.250 -999.250 -999.250 -999.250 -999.250 -999.250 -999.250 -999.250 4.246 5.034 7.164 6.568 6.866 8.083 11.196 11.328 8.607 10.371 10.145 9.301 6.843 6.742 7.340 7.610 4.822 0.700 0.000 0.000 0.000 0.275 1.203 3.896 7.830 11.326 14.313 9.319 11.822 10.820 11.200 8.108 6.971 6.658 7.359 8.298 9.762 14.646 16.187 16.631 15.000 13.308 11.386 8.720 5.884 4.309 1.883 0.587 0.000 0.000 1.072 0.808 0.000 1.513
-999.250 -999.250 -999.250 -999.250 -999.250 -999.250 -999.250 -999.250 -999.250 -999.250 -999.250 -999.250 -999.250 -999.250 3.356 6.470 7.143 6.981 7.539 9.382 8.857 9.777 10.040 9.142 9.962 9.074 10.928 8.884 10.206 10.799 8.314 3.928 3.362 0.226 0.939 0.000 0.000 0.000 1.272 6.702 9.318 11.096 11.114 13.695 12.102 12.200 7.901 3.079 4.279 5.826 8.482 12.034 18.473 24.814 18.286 16.258 15.750 12.768 10.598 8.135 5.862 2.623 1.322 0.236 0.396 0.535 1.655 0.000 0.000
-999.250 -999.250 -999.250 -999.250 -999.250 -999.250 -999.250 -999.250 -999.250 -999.250 -999.250 -999.250 -999.250 -999.250 5.385 6.352 6.850 6.423 7.526 7.221 9.068 7.913 8.879 7.832 11.598 10.100 9.397 11.640 10.107 9.665 9.988 6.623 6.245 2.526 1.670 2.657 0.000 0.000 1.975 4.886 6.973 8.178 10.715 11.756 13.482 13.916 5.912 0.000 1.199 6.441 7.071 12.602 17.901 21.342 20.139 15.994 16.312 14.251 11.896 8.520 7.933 3.716 2.650 1.290 1.343 0.758 0.000 0.000 0.000
-999.250 -999.250 -999.250 -999.250 -999.250 -999.250 -999.250 -999.250 -999.250 -999.250 -999.250 -999.250 -999.250 1.757 4.050 5.686 6.350 9.149 8.775 8.560 9.601 8.574 8.178 8.184 8.949 10.334 9.598 12.849 11.001 12.770 11.929 11.343 8.195 7.069 6.140 4.543 1.648 3.473 6.838 6.473 4.299 7.883 9.083 9.195 10.541 8.559 3.876 1.584 2.697 6.882 7.593 13.139 14.830 18.139 17.043 16.286 15.500 13.830 10.083 9.459 9.474 5.925 4.237 0.559 0.305 1.491 0.159 0.866 0.000
-999.250 -999.250 -999.250 -999.250 -999.250 -999.250 -999.250 -999.250 -999.250 -999.250 -999.250 -999.250 0.000 2.602 3.991 4.701 6.517 7.253 8.613 8.114 10.169 8.744 10.123 10.118 10.338 11.646 10.353 12.130 10.814 12.637 13.059 14.012 9.378 11.053 10.214 7.671 9.006 9.012 8.269 7.153 8.556 8.383 8.351 5.836 7.093 4.028 0.866 1.869 1.014 6.280 9.238 8.582 16.853 15.828 14.309 14.519 16.346 13.087 10.431 9.454 8.233 7.523 2.195 4.630 2.277 1.728 1.637 2.489 0.602
-999.250 -999.250 -999.250 -999.250 -999.250 -999.250 -999.250 -999.250 -999.250 -999.250 -999.250 0.000 0.012 2.171 3.040 4.485 6.593 7.519 9.760 8.373 8.466 9.518 10.769 10.207 11.833 12.615 10.799 10.942 12.905 13.175 12.256 12.032 14.267 10.521 15.654 12.006 11.939 10.415 12.449 7.759 7.323 8.348 4.628 4.204 2.507 0.000 0.000 0.824 2.134 6.683 10.548 11.853 11.836 15.310 15.937 17.542 14.430 13.347 13.274 11.344 6.979 6.041 6.955 4.428 2.843 3.159 1.471 2.943 2.649
-999.250 -999.250 -999.250 -999.250 -999.250 -999.250 -999.250 -999.250 -999.250 -999.250 0.000 0.000 0.091 0.000 1.478 0.567 3.216 7.242 9.567 8.763 9.289 8.018 9.519 12.618 11.624 10.817 11.912 13.880 12.722 13.839 15.391 14.211 15.224 16.724 13.004 17.846 15.425 15.975 13.313 9.784 9.473 6.033 1.875 0.790 0.000 0.000 0.000 0.000 3.714 7.373 9.509 10.430 15.354 17.014 13.563 13.532 13.346 13.552 14.483 11.187 9.647 7.282 5.177 4.895 2.475 3.975 2.605 3.088 2.887
-999.250 -999.250 -999.250 -999.250 -999.250 -999.250 -999.250 -999.250 -999.250 0.000 1.862 0.162 2.138 0.187 0.000 0.000 0.000 3.922 6.124 9.632 8.118 4.691 8.051 9.908 9.999 13.966 12.553 13.857 17.044 17.227 17.092 19.616 17.212 17.823 15.824 15.349 15.776 17.665 15.288 13.082 10.048 6.033 2.512 0.000 0.000 0.000 0.000 0.000 1.636 5.807 6.730 10.967 13.998 15.995 14.604 13.422 15.150 15.109 11.239 11.519 10.616 7.889 5.916 4.848 3.241 5.282 4.084 3.358 3.414
-999.250 -999.250 -999.250 -999.250 -999.250 0.000 0.000 0.000 0.000 0.000 0.945 1.261 0.493 1.477 0.365 0.000 0.000 3.084 4.256 6.021 5.798 4.421 5.777 7.202 9.381 11.214 14.545 15.157 18.683 20.355 19.968 25.489 22.087 19.481 20.438 23.680 20.301 16.657 14.564 13.393 9.116 4.238 1.986 0.000 0.000 0.000 0.000 1.583 2.251 7.697 10.463 11.800 14.539 15.709 13.479 12.575 12.568 11.537 11.809 13.832 8.034 7.771 5.003 5.543 4.321 3.352 4.747 5.125 3.486
