data/medianmodel_22-Nov-2020.asc
ncols	141
nrows	288
xllcorner	-120191.398
yllcorner	-301404.813
cellsize	2000.000
NODATA_value	-999.250
[rows 145 to 173 of 288, columns 0 to 64 of 141]
-999.250 -999.250 -999.250 -999.250 -999.250 -999.250 -999.250 -999.250 -999.250 -999.250 -999.250 -999.250 -999.250 -999.250 -999.250 -999.250 -999.250 426.274 448.293 436.603 436.912 422.728 408.476 406.822 408.582 414.434 453.473 469.184 496.320 527.875 559.986 606.264 615.999 695.889 738.244 755.727 859.765 768.550 733.769 623.529 527.835 430.131 407.803 380.378 390.321 407.695 413.978 449.636 444.474 464.089 498.256 515.630 535.114 545.947 536.471 519.302 510.795 512.635 563.130 601.890 579.972 521.904 495.644 472.891 459.963
-999.250 -999.250 -999.250 -999.250 -999.250 -999.250 -999.250 -999.250 -999.250 -999.250 -999.250 -999.250 -999.250 -999.250 -999.250 421.243 422.619 409.460 444.858 433.349 396.056 407.383 408.337 408.142 407.461 428.886 465.960 496.098 488.761 525.277 569.416 634.681 632.368 717.089 774.672 781.076 903.386 864.727 763.871 627.724 535.585 369.278 382.483 393.617 397.461 396.076 400.772 404.925 422.886 454.521 485.250 513.667 567.429 559.045 552.224 542.816 512.336 452.605 544.947 559.427 538.626 529.639 512.893 514.416 475.986
-999.250 -999.250 -999.250 -999.250 -999.250 -999.250 -999.250 -999.250 -999.250 -999.250 -999.250 -999.250 -999.250 -999.250 407.122 406.628 409.014 399.023 429.662 391.082 413.062 405.410 424.122 429.057 431.456 451.223 477.055 491.056 506.712 517.667 569.895 641.624 655.727 696.012 858.452 924.704 871.066 874.784 763.966 674.942 546.298 464.501 424.917 388.300 382.716 377.800 373.528 373.158 398.490 444.872 509.100 561.673 589.800 620.347 582.230 560.781 526.705 512.369 538.894 512.746 565.154 523.536 537.460 528.924 519.237
-999.250 -999.250 -999.250 -999.250 -999.250 -999.250 -999.250 -999.250 -999.250 -999.250 -999.250 -999.250 -999.250 -999.250 371.532 401.934 392.181 371.189 382.003 396.834 407.519 399.006 399.004 418.247 430.114 446.311 484.664 510.341 484.410 544.268 558.416 608.663 673.804 755.983 798.491 979.533 1027.311 1007.104 859.460 684.713 589.580 501.594 443.290 399.238 368.573 343.260 342.200 308.270 366.759 445.149 482.656 530.791 561.074 596.939 575.861 577.533 558.843 546.611 540.931 556.433 528.720 511.677 537.772 551.720 567.716
-999.250 -999.250 -999.250 -999.250 -999.250 -999.250 -999.250 -999.250 -999.250 -999.250 -999.250 -999.250 -999.250 368.819 387.194 372.104 374.629 351.133 368.853 374.008 367.389 369.637 395.576 425.516 407.863 446.039 478.229 481.415 486.446 551.408 603.513 685.158 707.807 855.879 894.399 957.292 1037.065 1003.152 835.755 665.574 616.886 532.906 468.541 424.448 376.664 344.922 354.894 371.237 444.354 464.809 510.701 552.599 553.985 597.267 602.903 590.634 583.481 567.038 560.864 570.032 572.425 538.383 529.681 582.920 545.684
-999.250 -999.250 -999.250 -999.250 -999.250 -999.250 -999.250 -999.250 -999.250 -999.250 -999.250 -999.250 376.536 356.366 363.973 343.649 331.772 330.599 345.804 353.184 348.226 360.067 384.846 376.628 426.543 447.958 474.937 480.030 525.445 546.947 595.975 668.557 745.588 833.327 878.693 942.612 959.767 935.889 802.780 672.554 583.602 521.816 472.001 428.949 368.529 341.098 341.371 382.648 439.019 498.449 500.979 560.521 568.551 580.143 591.592 555.808 553.479 560.001 523.620 535.190 547.844 561.082 533.026 579.692 583.014
-999.250 -999.250 -999.250 -999.250 -999.250 -999.250 -999.250 -999.250 -999.250 -999.250 -999.250 392.383 380.288 349.061 350.195 336.071 316.669 296.166 321.228 313.686 319.318 343.877 345.099 359.836 393.679 450.168 471.773 481.583 500.579 520.193 571.089 639.077 694.317 702.805 747.024 903.866 860.788 810.944 728.161 657.573 581.110 530.378 466.253 429.141 362.672 299.682 357.268 398.924 459.398 495.404 506.350 564.910 567.026 591.059 581.831 572.285 553.551 584.114 560.280 543.945 539.765 555.669 539.626 564.855 551.646
-999.250 -999.250 -999.250 -999.250 -999.250 -999.250 -999.250 -999.250 -999.250 -999.250 427.775 380.355 378.664 358.206 334.167 283.937 286.150 291.922 283.578 271.715 290.938 297.516 322.870 354.165 394.643 413.756 438.065 468.131 505.859 545.768 578.426 601.073 668.130 658.299 763.358 834.501 813.627 701.349 657.274 602.888 604.642 523.985 462.750 431.889 395.354 385.788 392.738 453.289 482.499 508.933 567.497 543.492 582.544 560.197 587.663 538.522 534.794 573.833 569.985 526.099 512.157 492.214 520.710 529.685 522.742
-999.250 -999.250 -999.250 -999.250 -999.250 -999.250 -999.250 -999.250 -999.250 461.126 419.261 394.106 384.896 344.612 305.510 236.287 257.642 269.067 250.816 217.676 261.610 292.051 337.521 334.033 368.725 383.255 423.558 446.769 484.462 515.166 573.281 623.444 628.126 647.828 721.860 659.224 694.567 642.950 567.496 533.953 524.902 519.271 466.987 444.399 414.773 425.615 448.298 472.841 492.266 504.214 536.949 547.308 579.280 570.769 592.181 590.057 570.610 546.374 550.186 556.813 514.083 494.005 520.666 501.087 488.066
-999.250 -999.250 -999.250 -999.250 -999.250 439.109 445.266 451.461 445.269 428.277 420.109 402.576 351.467 313.537 296.146 256.659 247.304 242.057 262.018 261.363 265.064 295.643 339.011 337.132 375.221 372.086 412.377 458.285 502.479 518.945 551.896 582.690 610.434 614.673 654.175 648.764 657.649 565.475 525.132 511.241 492.556 487.641 452.013 450.101 457.408 438.737 467.544 494.097 499.330 507.580 533.428 546.455 570.505 564.655 554.828 536.080 560.548 522.975 512.519 523.311 518.965 512.813 504.254 493.735 473.425
-999.250 -999.250 -999.250 -999.250 -999.250 -999.250 -999.250 437.936 437.010 418.287 396.715 371.160 346.230 309.156 286.529 260.374 231.069 258.386 267.483 256.550 285.125 301.327 329.949 339.308 359.254 328.770 399.140 464.345 487.609 519.146 533.071 556.511 578.295 591.630 589.099 602.783 607.684 544.966 507.728 494.191 476.922 440.892 428.614 434.561 442.940 457.375 484.680 507.526 513.451 522.327 546.751 555.817 563.505 593.354 577.602 558.240 531.019 524.215 537.968 513.143 505.438 483.914 463.921 452.388 459.600
-999.250 -999.250 -999.250 -999.250 -999.250 -999.250 -999.250 383.266 405.192 379.310 359.801 329.071 323.721 309.759 263.808 260.073 257.834 264.368 272.895 293.803 284.622 303.969 324.141 357.617 378.964 397.106 412.209 456.175 492.579 534.264 551.887 560.709 582.717 569.776 578.644 545.392 559.208 505.683 494.337 455.012 465.305 445.024 397.395 412.109 461.695 468.387 509.970 526.955 532.022 508.753 559.750 579.349 554.811 547.674 538.796 553.651 523.123 526.332 527.684 505.958 487.845 471.572 438.858 434.451 437.113
-999.250 -999.250 -999.250 -999.250 -999.250 -999.250 -999.250 369.582 350.356 328.853 311.063 292.165 269.525 256.926 260.018 252.460 254.004 253.962 270.786 298.948 317.842 336.287 361.593 372.118 389.387 449.764 460.078 472.950 511.134 544.850 551.510 537.146 564.798 588.080 555.514 562.636 553.655 509.030 461.340 436.770 419.728 388.233 370.640 379.671 433.038 454.351 497.233 521.194 530.555 552.869 548.962 538.251 531.056 524.893 527.041 571.051 560.736 536.724 509.990 475.733 465.542 466.699 438.612 395.434 419.127
-999.250 -999.250 -999.250 -999.250 -999.250 -999.250 -999.250 312.210 298.261 284.382 252.647 243.599 253.130 255.309 250.640 232.230 240.032 274.550 274.246 325.341 335.536 350.594 393.106 425.500 474.910 489.748 506.588 504.292 541.626 557.356 581.434 594.241 576.006 577.160 551.069 569.452 521.832 493.377 433.012 373.218 343.378 312.260 331.849 364.216 421.102 437.581 479.228 493.401 526.608 505.355 526.436 553.175 520.020 525.581 542.636 539.320 537.828 529.656 498.311 462.560 443.310 419.471 392.063 371.624 341.403
-999.250 -999.250 -999.250 -999.250 -999.250 -999.250 -999.250 -999.250 255.213 210.086 212.726 220.743 240.418 235.739 232.126 230.508 249.288 299.657 303.534 313.982 340.422 360.970 413.465 469.534 485.231 504.251 543.577 535.042 550.791 580.812 560.831 576.282 583.418 582.383 566.911 547.669 505.133 449.575 389.417 329.661 258.779 249.372 285.063 351.049 372.474 424.065 448.097 477.370 496.898 496.269 523.842 530.199 521.147 540.924 508.932 510.777 512.557 469.461 479.879 463.054 447.337 417.278 368.773 328.435 287.653
-999.250 -999.250 -999.250 -999.250 -999.250 -999.250 -999.250 -999.250 209.823 127.635 193.921 219.370 218.479 239.519 230.601 207.039 253.926 288.044 320.873 329.611 363.977 379.668 392.173 437.419 483.138 495.491 531.923 554.770 522.707 566.981 562.319 590.903 606.574 570.525 527.864 537.274 461.475 400.563 351.102 301.192 223.979 141.663 225.263 299.140 369.733 389.697 441.137 490.327 503.733 498.068 482.728 510.549 548.940 518.970 504.207 500.344 490.656 471.515 457.172 410.160 433.941 386.921 358.242 302.501 241.556
-999.250 -999.250 -999.250 -999.250 -999.250 -999.250 -999.250 243.095 221.999 184.855 201.283 239.538 222.797 257.161 260.514 263.821 281.806 316.048 328.130 342.861 345.529 389.016 424.611 432.706 476.589 482.908 515.367 546.506 550.462 553.525 589.154 642.408 591.420 569.666 550.709 508.926 445.830 396.610 334.061 287.905 226.610 201.403 238.950 300.916 350.700 394.535 425.734 466.965 506.685 495.233 526.120 484.335 539.887 533.826 500.123 523.905 476.109 469.517 481.490 438.701 429.725 353.975 333.313 287.098 241.056
-999.250 -999.250 -999.250 -999.250 -999.250 -999.250 -999.250 255.816 244.845 244.820 224.642 243.837 256.721 265.511 279.131 285.468 320.511 340.533 346.681 338.386 321.802 372.931 455.741 476.048 488.691 517.052 541.307 571.650 573.363 598.753 614.752 601.349 579.538 559.786 546.121 521.462 450.214 373.098 313.249 272.349 245.517 252.895 271.897 323.493 359.598 401.699 442.882 447.521 497.777 502.650 503.575 496.736 523.750 522.203 496.892 501.125 494.592 464.922 455.349 423.412 416.886 374.102 337.548 288.295 274.690
-999.250 -999.250 -999.250 -999.250 -999.250 -999.250 -999.250 301.272 296.351 250.383 252.568 274.651 280.894 297.964 312.630 331.621 346.488 359.993 354.514 367.753 376.441 399.130 459.330 493.577 490.454 526.684 543.488 557.204 599.526 593.417 622.547 625.914 617.924 591.766 537.192 537.664 461.150 364.628 261.687 294.858 293.354 282.583 296.829 346.629 381.323 392.943 433.529 471.803 473.227 502.250 498.026 498.822 525.605 493.944 473.742 488.538 451.113 444.584 459.091 408.537 404.177 365.317 326.093 312.826 310.952
-999.250 -999.250 -999.250 -999.250 -999.250 -999.250 -999.250 309.428 309.492 300.905 294.534 305.865 313.259 327.041 358.299 366.275 374.057 381.113 370.862 382.207 396.213 434.072 453.367 483.550 527.434 516.697 572.760 580.953 601.422 630.705 630.887 630.900 591.025 584.934 526.893 503.018 456.230 387.017 328.641 320.850 320.215 317.180 325.587 372.093 371.732 412.910 450.272 466.541 479.193 515.748 514.793 515.460 507.987 503.276 511.995 460.280 468.247 452.462 444.211 446.344 385.763 372.495 335.772 313.908 323.516
-999.250 -999.250 -999.250 -999.250 -999.250 -999.250 343.986 356.950 326.683 341.340 324.553 326.298 355.885 365.541 378.274 383.121 364.617 390.888 405.388 386.654 403.354 460.863 469.888 517.903 548.825 544.912 555.769 572.866 624.874 627.115 616.859 637.504 617.390 562.761 553.832 492.677 471.069 429.482 369.428 346.935 347.912 339.170 353.744 368.897 395.510 405.359 438.011 484.143 488.495 515.924 501.489 496.113 493.967 506.192 468.418 493.368 470.582 469.966 460.219 433.231 395.748 362.870 369.671 327.425 314.091
-999.250 -999.250 -999.250 -999.250 -999.250 -999.250 357.665 364.631 372.486 359.392 343.398 372.827 376.276 369.142 387.426 399.176 386.479 415.315 393.001 393.676 428.740 438.695 502.857 509.964 550.732 553.087 564.969 589.157 617.148 578.500 582.784 620.137 586.917 559.496 523.721 485.035 468.586 430.693 389.971 367.697 376.379 377.765 358.837 360.986 402.218 423.060 462.023 477.976 493.389 522.786 563.627 514.891 532.240 502.752 476.518 481.688 461.650 467.850 452.311 407.547 388.230 352.791 345.471 308.964 317.105
-999.250 -999.250 -999.250 -999.250 -999.250 370.779 367.407 394.408 411.215 383.053 380.288 388.054 382.553 419.578 388.415 403.166 388.281 399.161 392.083 405.022 426.817 437.956 478.695 507.636 543.741 564.870 589.360 598.697 623.634 637.622 600.052 637.002 624.282 586.504 521.508 507.190 477.388 436.248 389.986 405.381 396.853 387.397 413.554 395.808 410.896 452.039 474.073 482.349 497.157 507.716 537.280 499.362 523.087 525.161 509.093 479.031 480.567 458.477 438.952 418.171 408.367 393.571 342.412 340.594 333.248
-999.250 -999.250 -999.250 -999.250 -999.250 386.693 373.594 393.713 424.182 404.163 397.565 369.286 387.795 400.278 403.443 395.732 403.122 376.575 368.878 386.343 409.772 420.760 457.706 485.550 511.181 538.621 560.731 583.079 620.412 622.696 635.577 605.076 587.471 539.233 544.734 515.859 471.086 457.782 428.526 422.919 430.763 417.431 410.458 428.686 425.366 435.758 467.927 479.139 485.066 499.541 523.421 499.756 543.115 489.672 504.311 479.859 476.026 471.532 458.284 442.704 394.472 371.814 373.698 342.363 351.547
-999.250 -999.250 -999.250 -999.250 393.431 392.295 403.343 428.448 456.124 419.048 440.351 411.766 400.918 397.206 402.146 388.404 392.240 387.134 362.966 396.899 385.480 409.454 428.587 460.892 492.495 526.126 569.336 584.139 619.764 600.311 600.101 615.226 561.711 565.069 534.337 481.558 493.837 471.607 461.046 462.597 424.067 437.037 409.233 444.559 447.260 459.916 491.643 506.786 514.621 506.285 518.914 503.238 521.701 513.816 492.452 469.931 471.022 461.036 467.549 458.307 404.761 397.406 368.759 357.274 344.951
-999.250 -999.250 -999.250 -999.250 416.322 425.207 427.663 421.827 451.422 441.477 439.293 447.970 419.465 425.167 420.446 396.745 368.574 383.246 377.244 366.103 360.721 378.218 367.747 436.181 473.620 491.072 514.624 555.636 573.541 598.387 587.549 584.805 558.612 513.973 497.325 499.262 480.104 470.859 464.482 452.636 442.052 471.678 440.810 444.298 451.604 476.229 490.195 516.551 511.273 502.805 497.853 499.522 519.813 501.030 470.491 441.233 467.681 459.647 481.472 472.629 443.567 417.094 381.212 371.721 360.442
-999.250 -999.250 -999.250 -999.250 407.046 401.333 420.498 411.123 465.649 459.820 449.979 447.931 459.060 432.351 403.151 377.778 372.117 362.957 393.572 374.242 366.320 379.584 405.330 441.930 465.168 494.886 499.931 531.956 535.745 537.985 556.583 585.158 526.012 512.403 483.980 477.779 468.589 487.000 481.094 454.985 431.927 470.789 475.208 462.230 455.601 463.809 476.230 492.631 511.651 519.922 538.486 522.848 505.811 492.899 474.826 491.257 483.042 479.160 472.421 456.951 417.175 425.378 389.480 357.293 357.954
-999.250 -999.250 -999.250 -999.250 389.635 383.386 417.043 461.713 468.586 463.332 454.982 465.043 462.218 443.191 408.242 379.685 356.222 361.775 369.258 368.163 355.444 381.390 428.929 450.576 474.640 494.109 501.195 510.297 541.354 509.202 508.526 534.026 514.286 492.910 480.227 417.938 471.693 469.783 461.744 459.854 481.796 465.677 493.657 469.220 476.039 502.060 493.843 488.709 491.816 505.744 529.804 530.961 518.441 509.578 480.082 485.837 496.682 462.772 481.145 439.679 420.870 430.020 415.025 354.016 332.326
-999.250 -999.250 -999.250 -999.250 380.287 392.540 434.485 462.094 442.729 454.183 451.266 451.012 459.421 452.742 406.066 376.674 328.608 349.938 339.793 342.331 349.687 389.053 451.217 465.907 485.655 508.720 479.152 519.437 515.999 552.034 514.193 510.800 480.409 491.803 473.015 459.579 469.119 497.432 479.243 494.850 500.749 490.618 479.243 476.711 507.949 502.839 516.266 504.040 492.520 530.426 519.753 501.095 500.163 515.939 489.381 498.911 484.124 479.808 471.605 453.694 453.646 440.282 428.862 392.338 346.456
