data/medianmodel_19-Sep-2020.asc
ncols	141
nrows	288
xllcorner	-120191.398
yllcorner	-301404.813
cellsize	2000.000
NODATA_value	-999.250
[rows 210 to 239 of 288, columns 0 to 67 of 141]
-999.250 -999.250 -999.250 -999.250 -999.250 -999.250 -999.250 -999.250 -999.250 -999.250 -999.250 -999.250 -999.250 -999.250 -999.250 -999.250 -999.250 -999.250 -999.250 -999.250 -999.250 -999.250 -999.250 -999.250 -999.250 -999.250 -999.250 -999.250 -999.250 -999.250 -999.250 61.571 65.461 61.483 56.428 50.731 49.641 49.573 48.603 48.216 49.126 49.717 51.462 40.539 35.129 23.813 19.951 16.232 12.183 8.443 5.669 3.184 3.860 1.828 2.313 6.029 6.148 8.062 8.219 9.193 10.660 9.863 11.425 13.167 16.531 20.111 19.518 21.038
-999.250 -999.250 -999.250 -999.250 -999.250 -999.250 -999.250 -999.250 -999.250 -999.250 -999.250 -999.250 -999.250 -999.250 -999.250 -999.250 -999.250 -999.250 -999.250 -999.250 -999.250 -999.250 -999.250 -999.250 -999.250 -999.250 -999.250 -999.250 -999.250 -999.250 -999.250 67.914 71.290 67.254 67.045 58.466 55.256 52.189 49.563 47.766 54.791 51.299 49.559 43.692 35.538 24.554 21.957 17.852 13.496 8.878 8.057 5.507 4.853 1.871 2.056 1.999 5.432 3.616 3.168 2.578 4.702 5.826 6.714 8.190 13.986 19.436 14.895 15.213
-999.250 -999.250 -999.250 -999.250 -999.250 -999.250 -999.250 -999.250 -999.250 -999.250 -999.250 -999.250 -999.250 -999.250 -999.250 -999.250 -999.250 -999.250 -999.250 -999.250 -999.250 -999.250 -999.250 -999.250 -999.250 -999.250 -999.250 -999.250 -999.250 -999.250 -999.250 67.925 68.101 69.111 66.563 61.169 58.059 59.473 55.987 53.057 58.383 52.152 46.841 44.508 37.243 31.316 18.694 18.299 13.370 9.697 7.616 7.506 5.144 1.239 1.519 0.000 0.885 0.499 0.088 0.096 0.281 1.106 2.614 5.194 8.076 9.948 10.532 14.131
-999.250 -999.250 -999.250 -999.250 -999.250 -999.250 -999.250 -999.250 -999.250 -999.250 -999.250 -999.250 -999.250 -999.250 -999.250 -999.250 -999.250 -999.250 -999.250 -999.250 -999.250 -999.250 -999.250 -999.250 -999.250 -999.250 -999.250 -999.250 -999.250 -999.250 -999.250 67.588 68.766 69.510 66.936 63.001 61.349 59.943 60.222 59.839 64.681 63.120 49.314 41.523 36.312 30.010 23.254 17.261 16.204 15.712 11.061 9.540 6.991 5.725 1.872 0.000 0.106 0.000 0.000 0.000 0.000 0.000 0.000 0.000 0.621 3.295 6.586 9.991
-999.250 -999.250 -999.250 -999.250 -999.250 -999.250 -999.250 -999.250 -999.250 -999.250 -999.250 -999.250 -999.250 -999.250 -999.250 -999.250 -999.250 -999.250 -999.250 -999.250 -999.250 -999.250 -999.250 -999.250 -999.250 -999.250 -999.250 -999.250 -999.250 -999.250 -999.250 66.784 67.642 68.194 67.701 71.371 66.431 64.404 66.023 64.653 65.961 61.879 53.719 43.085 39.395 35.413 30.772 20.169 19.228 16.231 11.587 10.970 6.959 5.648 2.923 0.173 0.000 0.000 0.000 0.000 0.000 0.000 0.000 0.000 0.000 0.979 4.447 9.607
-999.250 -999.250 -999.250 -999.250 -999.250 -999.250 -999.250 -999.250 -999.250 -999.250 -999.250 -999.250 -999.250 -999.250 -999.250 -999.250 -999.250 -999.250 -999.250 -999.250 -999.250 -999.250 -999.250 -999.250 -999.250 -999.250 -999.250 -999.250 -999.250 -999.250 -999.250 72.922 69.049 71.047 73.133 69.437 76.512 71.602 71.852 69.458 69.488 66.215 61.556 51.091 41.296 35.314 30.425 24.496 19.399 16.290 16.709 10.340 5.687 0.000 2.933 0.000 0.000 0.000 0.000 0.000 0.000 0.000 0.000 0.000 0.000 0.000 5.484 10.657
-999.250 -999.250 -999.250 -999.250 -999.250 -999.250 -999.250 -999.250 -999.250 -999.250 -999.250 -999.250 -999.250 -999.250 -999.250 -999.250 -999.250 -999.250 -999.250 -999.250 -999.250 -999.250 -999.250 -999.250 -999.250 -999.250 -999.250 -999.250 -999.250 -999.250 -999.250 74.423 72.253 73.986 76.937 73.614 78.218 77.129 73.561 74.709 73.514 68.753 64.774 52.931 46.447 36.746 35.780 31.231 24.269 22.433 17.615 11.533 6.572 0.723 1.626 0.000 0.000 0.000 0.000 0.000 0.000 0.000 0.000 0.000 0.000 0.000 4.872 14.165
-999.250 -999.250 -999.250 -999.250 -999.250 -999.250 -999.250 -999.250 -999.250 -999.250 -999.250 -999.250 -999.250 -999.250 -999.250 -999.250 -999.250 -999.250 -999.250 -999.250 -999.250 -999.250 -999.250 -999.250 -999.250 -999.250 -999.250 -999.250 -999.250 -999.250 -999.250 72.026 79.370 80.452 82.809 83.667 78.539 81.146 82.870 85.447 75.723 74.196 70.912 59.511 53.422 48.483 39.731 31.113 27.500 22.039 16.540 9.807 4.329 4.580 1.083 0.000 0.000 0.000 0.000 0.000 0.000 0.000 0.000 0.000 0.000 0.000 7.555 17.721
-999.250 -999.250 -999.250 -999.250 -999.250 -999.250 -999.250 -999.250 -999.250 -999.250 -999.250 -999.250 -999.250 -999.250 -999.250 -999.250 -999.250 -999.250 -999.250 -999.250 -999.250 -999.250 -999.250 -999.250 -999.250 -999.250 -999.250 -999.250 -999.250 -999.250 -999.250 74.347 85.247 100.383 91.177 88.198 90.114 91.103 88.349 89.256 85.430 85.267 75.438 66.824 60.308 52.435 42.978 34.228 27.154 23.888 20.273 13.991 8.003 7.873 1.641 0.000 0.000 0.000 0.000 0.000 0.000 0.000 0.000 0.000 0.000 4.307 14.043 24.155
-999.250 -999.250 -999.250 -999.250 -999.250 -999.250 -999.250 -999.250 -999.250 -999.250 -999.250 -999.250 -999.250 -999.250 -999.250 -999.250 -999.250 -999.250 -999.250 -999.250 -999.250 -999.250 -999.250 -999.250 -999.250 -999.250 -999.250 -999.250 -999.250 -999.250 -999.250 83.270 90.410 95.029 97.450 97.908 86.481 89.808 97.247 97.916 95.669 95.635 84.896 74.116 64.528 56.771 47.315 38.263 30.821 24.188 18.504 14.322 8.804 6.309 1.538 0.000 0.000 0.000 0.000 0.000 0.000 0.000 0.000 0.000 7.173 12.148 20.620 32.589
-999.250 -999.250 -999.250 -999.250 -999.250 -999.250 -999.250 -999.250 -999.250 -999.250 -999.250 -999.250 -999.250 -999.250 -999.250 -999.250 -999.250 -999.250 -999.250 -999.250 -999.250 -999.250 -999.250 -999.250 -999.250 -999.250 -999.250 -999.250 -999.250 -999.250 -999.250 92.084 99.415 90.778 98.574 93.688 100.880 98.877 99.321 102.888 98.799 96.854 93.653 80.596 72.195 60.205 49.986 42.528 33.330 28.632 21.893 17.224 11.179 6.852 1.096 0.000 0.000 0.000 0.000 0.000 0.000 0.000 0.000 2.023 10.291 16.129 24.991 39.079
-999.250 -999.250 -999.250 -999.250 -999.250 -999.250 -999.250 -999.250 -999.250 -999.250 -999.250 -999.250 -999.250 -999.250 -999.250 -999.250 -999.250 -999.250 -999.250 -999.250 -999.250 -999.250 -999.250 -999.250 -999.250 -999.250 -999.250 -999.250 -999.250 -999.250 -999.250 98.113 101.728 106.250 108.327 104.396 106.823 109.528 111.283 109.678 108.410 97.644 91.284 84.882 78.025 65.061 67.520 48.863 36.955 33.803 24.352 17.395 11.943 7.201 0.000 0.000 0.000 0.000 0.000 0.000 0.000 0.000 0.000 6.739 13.777 17.938 32.065 45.301
-999.250 -999.250 -999.250 -999.250 -999.250 -999.250 -999.250 -999.250 -999.250 -999.250 -999.250 -999.250 -999.250 -999.250 -999.250 -999.250 -999.250 -999.250 -999.250 -999.250 -999.250 -999.250 -999.250 -999.250 -999.250 -999.250 -999.250 -999.250 -999.250 -999.250 -999.250 98.833 106.472 113.909 115.164 115.751 113.570 115.568 116.922 116.146 109.704 104.927 93.149 87.453 83.488 76.256 64.546 57.059 48.701 36.067 28.818 19.114 12.992 7.616 0.000 0.000 0.000 0.000 0.000 0.000 0.000 0.000 0.000 6.486 13.481 20.174 30.456 45.294
-999.250 -999.250 -999.250 -999.250 -999.250 -999.250 -999.250 -999.250 -999.250 -999.250 -999.250 -999.250 -999.250 -999.250 -999.250 -999.250 -999.250 -999.250 -999.250 -999.250 -999.250 -999.250 -999.250 -999.250 -999.250 -999.250 -999.250 -999.250 -999.250 -999.250 100.008 108.253 107.884 118.093 119.347 122.531 125.967 124.344 127.286 122.406 116.879 109.276 102.912 87.831 84.286 75.799 67.608 61.001 49.909 38.541 29.891 20.197 15.627 7.268 0.455 0.000 0.000 0.000 0.000 0.000 0.000 0.000 0.000 5.863 12.705 19.338 31.401 40.445
-999.250 -999.250 -999.250 -999.250 -999.250 -999.250 -999.250 -999.250 -999.250 -999.250 -999.250 -999.250 -999.250 -999.250 -999.250 -999.250 -999.250 -999.250 -999.250 -999.250 -999.250 -999.250 -999.250 -999.250 -999.250 -999.250 -999.250 -999.250 -999.250 -999.250 109.809 106.071 114.444 117.555 124.591 122.361 127.304 131.607 135.927 128.114 120.161 119.471 107.246 92.844 90.062 78.960 72.605 66.651 54.620 46.272 35.719 26.703 19.784 9.768 3.947 0.000 0.000 0.000 0.000 0.000 0.000 0.000 0.000 4.021 10.718 17.956 26.343 36.852
-999.250 -999.250 -999.250 -999.250 -999.250 -999.250 -999.250 -999.250 -999.250 -999.250 -999.250 -999.250 -999.250 -999.250 -999.250 -999.250 -999.250 -999.250 -999.250 -999.250 -999.250 -999.250 -999.250 -999.250 -999.250 -999.250 -999.250 -999.250 -999.250 -999.250 105.861 115.985 121.900 127.401 137.953 144.122 143.603 140.739 138.442 134.557 123.194 117.924 112.762 104.933 91.133 91.248 80.065 66.068 63.967 47.525 37.441 32.485 19.902 15.223 7.236 1.063 0.000 0.000 0.000 0.000 0.000 0.000 0.000 2.309 8.393 16.395 23.318 33.123
-999.250 -999.250 -999.250 -999.250 -999.250 -999.250 -999.250 -999.250 -999.250 -999.250 -999.250 -999.250 -999.250 -999.250 -999.250 -999.250 -999.250 -999.250 -999.250 -999.250 -999.250 -999.250 -999.250 -999.250 -999.250 -999.250 -999.250 -999.250 -999.250 -999.250 113.394 118.720 140.307 143.535 136.635 153.200 155.272 164.192 157.571 144.396 123.166 127.587 118.934 111.251 105.523 107.145 87.197 78.854 70.255 50.135 49.353 38.733 25.927 13.982 8.691 6.697 0.000 0.000 0.000 0.000 0.000 0.000 0.000 2.182 6.899 11.549 19.435 26.740
-999.250 -999.250 -999.250 -999.250 -999.250 -999.250 -999.250 -999.250 -999.250 -999.250 -999.250 -999.250 -999.250 -999.250 -999.250 -999.250 -999.250 -999.250 -999.250 -999.250 -999.250 -999.250 -999.250 -999.250 -999.250 -999.250 -999.250 -999.250 -999.250 110.868 113.833 121.502 131.279 144.771 159.013 173.011 181.046 174.602 148.980 148.515 135.945 128.402 121.537 122.871 113.383 105.597 103.817 90.690 83.586 63.645 51.463 42.967 32.183 19.579 12.579 5.492 0.000 0.000 0.000 0.000 0.000 0.000 0.000 0.000 3.748 10.288 18.155 25.106
-999.250 -999.250 -999.250 -999.250 -999.250 -999.250 -999.250 -999.250 -999.250 -999.250 -999.250 -999.250 -999.250 -999.250 -999.250 -999.250 -999.250 -999.250 -999.250 -999.250 -999.250 -999.250 -999.250 -999.250 -999.250 -999.250 -999.250 -999.250 -999.250 113.539 119.591 129.846 145.711 154.195 176.858 221.920 220.720 194.839 168.763 136.034 142.920 136.594 129.440 123.028 114.479 119.318 115.901 102.307 83.385 75.000 64.491 51.145 38.022 24.388 17.055 9.104 2.171 0.000 0.000 0.000 0.000 0.000 0.000 0.000 0.885 7.610 14.982 21.184
-999.250 -999.250 -999.250 -999.250 -999.250 -999.250 -999.250 -999.250 -999.250 -999.250 -999.250 -999.250 -999.250 -999.250 -999.250 -999.250 -999.250 -999.250 -999.250 -999.250 -999.250 -999.250 -999.250 -999.250 -999.250 -999.250 -999.250 -999.250 107.359 115.085 120.427 132.485 151.987 162.727 186.900 228.695 246.605 215.918 187.976 167.987 157.992 146.420 142.194 138.104 125.054 128.333 124.357 109.841 97.987 88.872 76.620 64.989 46.282 33.713 25.520 15.822 7.602 0.000 0.000 0.000 0.000 0.000 0.000 0.000 0.000 3.817 9.830 17.850
-999.250 -999.250 -999.250 -999.250 -999.250 -999.250 -999.250 -999.250 -999.250 -999.250 -999.250 -999.250 -999.250 -999.250 -999.250 -999.250 -999.250 -999.250 -999.250 -999.250 -999.250 -999.250 -999.250 -999.250 -999.250 -999.250 -999.250 -999.250 108.813 115.804 120.455 131.679 139.535 151.708 172.656 192.073 221.436 204.063 194.801 163.635 151.419 137.433 145.132 141.555 136.601 123.946 113.988 114.305 100.942 92.504 80.873 70.694 56.795 41.676 32.830 21.623 12.961 3.992 0.000 0.000 0.000 0.000 0.000 0.000 0.000 0.000 7.070 12.808
-999.250 -999.250 -999.250 -999.250 -999.250 -999.250 -999.250 -999.250 -999.250 -999.250 -999.250 -999.250 -999.250 -999.250 -999.250 -999.250 -999.250 -999.250 -999.250 -999.250 -999.250 -999.250 -999.250 -999.250 -999.250 -999.250 -999.250 101.079 108.432 108.111 121.079 128.472 144.363 139.601 152.258 159.350 169.703 174.445 174.754 170.486 151.416 153.796 151.691 136.393 127.930 134.453 127.235 115.000 108.280 94.362 88.882 81.377 66.654 51.876 36.175 25.376 14.532 6.840 0.000 0.000 0.000 0.000 0.000 0.000 0.000 0.000 3.169 8.110
-999.250 -999.250 -999.250 -999.250 -999.250 -999.250 -999.250 -999.250 -999.250 -999.250 -999.250 -999.250 -999.250 -999.250 -999.250 -999.250 -999.250 -999.250 -999.250 -999.250 -999.250 -999.250 -999.250 -999.250 -999.250 -999.250 -999.250 94.778 105.740 102.650 113.445 123.952 128.375 135.692 139.027 153.217 154.458 160.536 164.207 156.250 156.649 162.124 153.166 145.752 141.134 141.113 135.766 125.546 120.402 111.667 91.134 86.010 68.695 62.492 42.891 34.766 20.148 10.502 3.609 0.000 0.000 0.000 0.000 0.000 0.000 0.000 0.917 5.428
-999.250 -999.250 -999.250 -999.250 -999.250 -999.250 -999.250 -999.250 -999.250 -999.250 -999.250 -999.250 -999.250 -999.250 -999.250 -999.250 -999.250 -999.250 -999.250 -999.250 -999.250 -999.250 -999.250 -999.250 -999.250 -999.250 -999.250 -999.250 96.184 94.979 103.381 114.634 113.215 121.486 127.746 139.219 150.475 149.801 146.246 161.272 145.303 152.002 167.779 154.189 141.444 151.612 142.801 130.086 128.947 122.728 101.180 91.764 79.023 70.179 60.496 40.130 32.430 17.838 6.410 0.000 0.000 0.000 0.000 0.000 0.000 0.000 0.000 1.354
-999.250 -999.250 -999.250 -999.250 -999.250 -999.250 -999.250 -999.250 -999.250 -999.250 -999.250 -999.250 -999.250 -999.250 -999.250 -999.250 -999.250 -999.250 -999.250 -999.250 -999.250 -999.250 -999.250 -999.250 -999.250 -999.250 -999.250 -999.250 -999.250 -999.250 98.966 106.238 110.821 114.705 121.995 127.062 125.046 142.151 143.775 143.662 142.827 150.294 167.043 152.580 154.892 159.456 161.348 158.567 157.390 131.717 123.009 105.718 100.091 86.238 68.201 52.138 33.909 21.629 15.157 6.121 0.000 0.000 0.000 0.000 0.000 0.000 0.000 0.000
-999.250 -999.250 -999.250 -999.250 -999.250 -999.250 -999.250 -999.250 -999.250 -999.250 -999.250 -999.250 -999.250 -999.250 -999.250 -999.250 -999.250 -999.250 -999.250 -999.250 -999.250 -999.250 -999.250 -999.250 -999.250 -999.250 -999.250 -999.250 -999.250 -999.250 84.979 92.953 92.921 101.465 106.744 111.844 117.994 121.636 120.507 134.132 143.584 149.064 170.135 153.825 155.268 167.131 170.612 174.294 159.449 155.191 136.547 112.268 107.359 95.312 85.725 65.570 46.668 34.117 21.732 11.068 4.743 0.000 0.000 0.000 0.000 0.000 0.000 0.000
-999.250 -999.250 -999.250 -999.250 -999.250 -999.250 -999.250 -999.250 -999.250 -999.250 -999.250 -999.250 -999.250 -999.250 -999.250 -999.250 -999.250 -999.250 -999.250 -999.250 -999.250 -999.250 -999.250 -999.250 -999.250 -999.250 -999.250 -999.250 -999.250 -999.250 78.200 76.125 83.017 86.449 94.862 105.154 110.236 106.980 113.700 124.930 130.122 147.752 149.815 160.741 168.520 171.034 167.136 164.209 160.972 169.029 141.086 129.687 127.284 118.598 102.801 83.189 64.757 47.455 33.870 24.251 10.732 2.011 0.000 0.000 0.000 0.000 0.000 0.000
-999.250 -999.250 -999.250 -999.250 -999.250 -999.250 -999.250 -999.250 -999.250 -999.250 -999.250 -999.250 -999.250 -999.250 -999.250 -999.250 -999.250 -999.250 -999.250 -999.250 -999.250 -999.250 -999.250 -999.250 -999.250 -999.250 -999.250 -999.250 -999.250 -999.250 -999.250 66.787 74.000 73.022 87.976 90.696 96.720 103.872 110.458 108.583 137.037 138.657 146.536 160.811 173.860 194.952 174.308 162.487 185.224 158.854 166.705 144.909 135.216 131.409 106.226 91.888 78.508 68.694 45.129 32.767 16.451 7.280 0.000 0.000 0.000 0.000 0.000 0.000
-999.250 -999.250 -999.250 -999.250 -999.250 -999.250 -999.250 -999.250 -999.250 -999.250 -999.250 -999.250 -999.250 -999.250 -999.250 -999.250 -999.250 -999.250 -999.250 -999.250 -999.250 -999.250 -999.250 -999.250 -999.250 -999.250 -999.250 -999.250 -999.250 -999.250 60.895 61.999 57.123 66.663 74.249 84.447 92.574 97.412 103.077 129.176 133.492 143.767 145.541 155.766 157.913 168.410 179.647 185.282 208.483 192.090 184.961 163.573 170.420 144.038 141.142 121.814 98.289 84.211 64.465 41.516 22.613 11.278 0.428 0.000 0.000 0.000 0.000 0.000
-999.250 -999.250 -999.250 -999.250 -999.250 -999.250 -999.250 -999.250 -999.250 -999.250 -999.250 -999.250 -999.250 -999.250 -999.250 -999.250 -999.250 -999.250 -999.250 -999.250 -999.250 -999.250 -999.250 -999.250 -999.250 -999.250 -999.250 -999.250 -999.250 -999.250 -999.250 51.870 49.443 53.736 63.707 67.291 78.543 88.628 100.119 123.048 132.362 142.843 147.167 155.410 153.037 185.498 177.070 194.552 206.979 208.161 217.598 194.276 187.395 165.667 167.119 133.119 126.741 106.408 79.670 57.332 34.450 17.750 5.797 0.000 0.000 0.000 0.000 0.000
