data/medianmodel_30-Mar-2020.asc
ncols	141
nrows	288
xllcorner	-120191.398
yllcorner	-301404.813
cellsize	2000.000
NODATA_value	-999.250
[rows 124 to 154 of 288, columns 0 to 68 of 141]
-999.250 -999.250 -999.250 -999.250 -999.250 -999.250 -999.250 -999.250 -999.250 -999.250 -999.250 -999.250 -999.250 -999.250 -999.250 -999.250 -999.250 -999.250 -999.250 -999.250 -999.250 -999.250 -999.250 -999.250 19.321 18.070 21.896 21.029 26.246 27.219 25.888 29.560 28.619 31.508 39.660 38.047 44.542 43.392 46.989 47.031 37.645 34.619 35.502 30.346 25.409 22.223 20.801 19.398 18.618 22.218 27.608 24.247 22.415 26.201 27.268 24.818 16.161 10.696 10.183 8.558 7.963 6.608 8.042 8.619 8.098 6.881 8.686 8.161 6.901
-999.250 -999.250 -999.250 -999.250 -999.250 -999.250 -999.250 -999.250 -999.250 -999.250 -999.250 -999.250 -999.250 -999.250 -999.250 -999.250 -999.250 -999.250 -999.250 -999.250 -999.250 -999.250 -999.250 -999.250 19.135 20.467 20.492 26.586 25.323 26.160 30.244 27.055 30.343 32.490 39.323 37.177 41.553 42.941 42.756 46.117 37.541 36.766 34.199 35.693 28.898 30.654 27.514 28.033 27.356 28.829 29.875 31.183 30.498 31.555 35.919 26.689 19.284 13.447 10.460 7.602 7.178 3.709 4.945 6.125 7.243 6.471 5.715 7.513 5.852
-999.250 -999.250 -999.250 -999.250 -999.250 -999.250 -999.250 -999.250 -999.250 -999.250 -999.250 -999.250 -999.250 -999.250 -999.250 -999.250 -999.250 -999.250 -999.250 -999.250 -999.250 -999.250 -999.250 19.632 20.578 21.816 20.801 22.318 21.809 28.516 28.290 25.693 24.908 27.862 30.165 36.235 37.711 36.367 36.736 45.367 39.649 37.628 33.502 36.477 34.283 35.937 34.947 39.299 36.370 38.610 37.725 33.636 31.879 31.290 33.042 21.789 16.940 15.095 11.852 9.011 6.622 4.414 3.521 4.906 7.038 7.771 6.343 7.145 7.431
-999.250 -999.250 -999.250 -999.250 -999.250 -999.250 -999.250 -999.250 -999.250 -999.250 -999.250 -999.250 -999.250 -999.250 -999.250 -999.250 -999.250 -999.250 -999.250 -999.250 -999.250 -999.250 -999.250 19.513 25.455 22.389 20.296 21.727 24.852 27.148 23.555 25.370 25.764 27.276 29.980 30.628 35.309 34.947 35.133 38.010 35.968 39.875 36.126 35.113 34.799 35.942 39.398 46.745 48.767 44.582 38.977 36.916 34.113 33.268 30.878 26.903 19.573 13.626 13.557 9.932 9.244 4.791 2.178 2.050 5.138 7.133 7.144 7.142 7.242
-999.250 -999.250 -999.250 -999.250 -999.250 -999.250 -999.250 -999.250 -999.250 -999.250 -999.250 -999.250 -999.250 -999.250 -999.250 -999.250 -999.250 -999.250 -999.250 -999.250 -999.250 -999.250 -999.250 21.871 23.612 21.098 20.106 21.603 21.047 24.245 20.383 24.155 24.670 33.018 29.120 31.688 32.980 36.545 35.791 37.119 38.967 36.305 30.835 35.005 34.687 38.773 44.061 48.271 60.634 48.114 43.623 41.493 35.747 29.381 26.611 22.441 17.795 13.923 11.284 11.099 8.623 4.632 0.000 1.209 3.911 4.903 6.645 8.104 7.932
-999.250 -999.250 -999.250 -999.250 -999.250 -999.250 -999.250 -999.250 -999.250 -999.250 -999.250 -999.250 -999.250 -999.250 -999.250 -999.250 -999.250 -999.250 -999.250 -999.250 -999.250 -999.250 19.379 19.710 22.609 23.662 19.688 18.888 18.775 19.149 19.030 21.256 24.166 25.031 30.061 30.068 28.365 29.725 36.335 35.869 36.583 34.329 36.652 36.905 42.675 42.026 44.083 47.792 52.908 49.667 38.373 38.826 33.332 28.323 24.989 19.499 17.478 13.052 11.390 7.604 10.013 6.381 4.127 3.041 5.232 5.476 6.654 8.486 7.988
-999.250 -999.250 -999.250 -999.250 -999.250 -999.250 -999.250 -999.250 -999.250 -999.250 -999.250 -999.250 -999.250 -999.250 -999.250 -999.250 -999.250 -999.250 -999.250 -999.250 -999.250 -999.250 19.137 19.948 23.235 22.292 20.841 20.458 14.474 14.138 17.859 18.814 22.220 21.300 24.594 24.538 28.204 27.345 32.070 36.281 33.517 29.399 35.185 39.519 41.839 45.321 41.608 48.392 42.109 39.794 33.854 29.724 27.626 21.152 21.220 19.621 15.072 13.762 11.256 8.746 9.939 5.510 3.876 3.612 3.195 6.643 6.296 7.505 7.751
-999.250 -999.250 -999.250 -999.250 -999.250 -999.250 -999.250 -999.250 -999.250 -999.250 -999.250 -999.250 -999.250 -999.250 -999.250 -999.250 -999.250 -999.250 -999.250 -999.250 -999.250 17.656 17.318 21.796 20.775 18.857 16.623 16.315 13.098 12.602 9.579 13.248 17.337 21.296 19.375 22.591 26.104 25.427 27.223 32.011 28.122 29.840 32.091 38.906 39.365 40.472 47.146 44.447 40.244 35.827 29.877 23.524 18.718 16.251 14.647 15.091 14.282 13.482 13.793 11.478 9.195 7.202 6.830 6.068 4.622 5.276 5.130 6.811 4.883
-999.250 -999.250 -999.250 -999.250 -999.250 -999.250 -999.250 -999.250 -999.250 -999.250 -999.250 -999.250 -999.250 -999.250 -999.250 -999.250 -999.250 -999.250 -999.250 -999.250 -999.250 18.033 17.080 18.163 16.579 16.640 14.051 13.541 11.513 9.768 8.272 10.485 12.231 16.047 17.190 20.419 23.108 24.485 32.058 27.884 27.447 27.187 27.820 32.954 37.467 41.632 40.006 38.766 37.056 29.854 23.642 17.927 13.338 13.188 10.048 11.718 12.808 11.298 12.502 10.060 8.319 5.239 5.898 6.375 6.108 5.676 4.848 3.364 3.314
-999.250 -999.250 -999.250 -999.250 -999.250 -999.250 -999.250 -999.250 -999.250 -999.250 -999.250 -999.250 -999.250 -999.250 -999.250 -999.250 -999.250 -999.250 -999.250 -999.250 -999.250 18.299 18.684 17.200 17.527 17.130 12.316 12.615 10.344 10.234 8.726 9.379 12.016 15.352 14.490 18.680 22.194 21.705 26.901 23.788 23.648 25.116 28.361 27.624 33.216 35.421 31.211 34.274 32.596 27.197 18.105 10.834 6.844 6.672 6.290 8.449 10.667 11.507 11.014 8.659 8.530 8.145 6.820 6.173 6.516 5.312 4.716 3.010 3.742
-999.250 -999.250 -999.250 -999.250 -999.250 -999.250 -999.250 -999.250 -999.250 -999.250 -999.250 -999.250 -999.250 -999.250 -999.250 -999.250 -999.250 -999.250 -999.250 -999.250 17.783 18.814 16.227 14.802 15.147 12.634 11.651 11.223 7.896 8.819 7.886 10.841 10.699 10.851 13.199 16.996 15.906 18.575 19.161 20.744 23.982 24.022 25.627 24.219 24.355 29.936 30.922 32.175 27.463 21.759 16.348 9.662 0.000 3.157 6.862 7.418 7.469 7.814 4.607 8.014 6.678 7.380 5.623 6.994 4.832 4.937 5.777 4.522 2.644
-999.250 -999.250 -999.250 -999.250 -999.250 -999.250 -999.250 -999.250 -999.250 -999.250 -999.250 -999.250 -999.250 -999.250 -999.250 -999.250 -999.250 -999.250 -999.250 -999.250 14.935 17.051 16.174 13.271 12.487 8.800 9.317 11.177 9.401 11.372 8.628 10.101 10.632 10.419 11.568 15.021 16.300 16.992 16.662 16.491 19.925 20.428 22.149 23.108 26.381 27.683 28.636 28.279 21.132 19.825 15.343 8.939 5.191 4.366 5.588 6.434 4.593 5.074 6.187 7.000 8.031 5.025 4.971 5.923 5.424 5.983 5.896 5.856 5.270
-999.250 -999.250 -999.250 -999.250 -999.250 -999.250 -999.250 -999.250 -999.250 -999.250 -999.250 -999.250 -999.250 -999.250 -999.250 -999.250 -999.250 -999.250 -999.250 -999.250 12.151 13.582 12.191 11.641 8.701 10.067 8.953 8.109 11.102 10.354 7.504 8.027 8.547 9.771 10.855 10.615 12.933 13.425 14.288 14.230 14.744 20.110 19.254 20.791 21.745 26.174 25.748 21.084 22.920 20.545 13.332 10.774 8.321 7.392 6.237 6.700 3.591 4.532 3.955 4.289 6.380 5.251 4.474 7.913 7.251 5.541 6.440 7.154 7.165
-999.250 -999.250 -999.250 -999.250 -999.250 -999.250 -999.250 -999.250 -999.250 -999.250 -999.250 -999.250 -999.250 -999.250 -999.250 -999.250 -999.250 -999.250 -999.250 -999.250 10.368 8.015 8.726 10.267 10.986 11.153 8.330 10.598 8.180 5.447 6.264 5.348 8.786 8.108 10.883 12.180 11.962 11.772 11.855 11.171 11.352 16.076 17.976 17.914 15.979 20.498 22.799 21.419 15.893 14.554 14.387 10.790 7.979 8.217 6.688 6.514 4.508 2.120 1.279 0.000 1.875 2.459 3.953 6.735 6.856 7.439 7.545 8.035 6.655
-999.250 -999.250 -999.250 -999.250 -999.250 -999.250 -999.250 -999.250 -999.250 -999.250 -999.250 -999.250 -999.250 -999.250 -999.250 -999.250 -999.250 -999.250 -999.250 5.159 6.250 8.795 8.348 7.776 9.496 11.184 10.438 9.845 6.804 6.475 4.944 6.532 6.185 7.735 8.454 9.688 9.783 12.327 13.418 11.787 12.500 16.648 16.918 15.100 15.784 19.081 19.255 18.088 16.990 15.530 13.486 11.808 11.487 9.893 8.513 6.607 5.219 4.683 0.000 0.000 1.929 3.226 4.611 4.966 8.594 7.955 8.248 7.075 7.997
-999.250 -999.250 -999.250 -999.250 -999.250 -999.250 -999.250 -999.250 -999.250 -999.250 -999.250 -999.250 -999.250 -999.250 -999.250 -999.250 -999.250 -999.250 -999.250 4.804 3.652 4.576 8.226 7.545 10.324 9.285 8.732 7.698 4.860 2.451 2.251 3.840 5.441 8.988 8.482 9.390 9.631 12.673 11.134 12.929 12.465 12.847 14.596 14.417 15.200 18.303 15.752 15.779 16.596 16.142 13.134 13.729 11.140 10.051 8.047 6.717 5.040 3.475 2.712 1.904 1.374 1.727 3.148 5.093 8.450 8.131 10.155 7.549 5.970
-999.250 -999.250 -999.250 -999.250 -999.250 -999.250 -999.250 -999.250 -999.250 -999.250 -999.250 -999.250 -999.250 -999.250 -999.250 -999.250 -999.250 -999.250 -999.250 0.362 0.000 1.961 4.309 6.749 6.954 6.591 6.876 6.469 3.023 2.007 0.000 3.841 6.321 5.079 7.954 10.010 11.571 10.115 10.429 11.132 14.504 11.137 11.489 13.285 11.986 14.665 16.080 18.437 17.301 15.461 13.588 14.070 10.191 10.304 8.389 8.533 5.845 4.633 3.844 1.032 1.203 0.970 3.428 2.871 5.841 5.523 6.742 9.540 7.799
-999.250 -999.250 -999.250 -999.250 -999.250 -999.250 -999.250 -999.250 -999.250 -999.250 -999.250 -999.250 -999.250 -999.250 -999.250 -999.250 -999.250 -999.250 -999.250 3.622 0.339 1.616 3.494 4.558 6.215 7.120 5.339 4.159 5.183 2.861 1.061 5.326 5.788 7.416 7.849 8.892 9.377 9.535 7.876 10.906 12.088 11.088 11.263 13.560 12.977 16.182 16.678 16.200 19.049 15.955 13.769 13.100 12.283 10.460 8.949 9.227 8.346 5.241 4.188 2.906 4.057 0.649 4.325 3.320 2.527 3.643 6.534 9.104 8.833
-999.250 -999.250 -999.250 -999.250 -999.250 -999.250 -999.250 -999.250 -999.250 -999.250 -999.250 -999.250 -999.250 -999.250 -999.250 -999.250 -999.250 -999.250 -999.250 3.899 2.221 4.724 4.240 4.849 6.526 5.729 3.188 6.161 4.800 6.387 5.111 6.942 7.197 7.740 9.770 8.525 8.971 10.183 9.439 8.566 11.479 9.644 11.983 12.979 13.614 16.855 18.792 16.086 16.934 17.298 14.215 16.001 11.979 9.932 11.335 10.336 7.812 4.888 1.888 1.823 3.615 4.000 2.872 2.515 0.000 3.305 3.873 7.869 7.991
-999.250 -999.250 -999.250 -999.250 -999.250 -999.250 -999.250 -999.250 -999.250 -999.250 -999.250 -999.250 -999.250 -999.250 -999.250 -999.250 -999.250 -999.250 3.608 4.427 6.859 5.903 3.660 3.735 5.966 5.221 5.020 3.730 6.227 8.612 9.306 9.579 9.126 9.287 9.682 10.102 9.183 10.405 11.169 10.674 8.900 11.460 12.368 11.872 14.284 18.000 18.636 15.260 18.128 17.409 17.350 14.258 11.338 9.516 11.299 10.168 9.878 6.439 4.437 0.335 1.384 2.606 4.386 1.780 2.723 4.012 6.392 8.017 8.271
-999.250 -999.250 -999.250 -999.250 -999.250 -999.250 -999.250 -999.250 -999.250 -999.250 -999.250 -999.250 -999.250 -999.250 -999.250 -999.250 -999.250 3.980 7.036 6.572 7.625 8.268 6.693 6.383 6.487 7.662 7.006 6.377 8.337 9.544 9.888 11.586 9.851 10.319 12.493 10.032 10.179 11.216 10.183 10.161 11.095 9.005 10.333 8.470 11.365 13.526 14.003 16.505 17.572 17.861 17.546 13.772 11.995 11.538 12.462 9.864 10.905 7.782 4.271 0.000 1.089 3.617 4.058 3.030 4.248 6.189 5.951 6.879 7.179
-999.250 -999.250 -999.250 -999.250 -999.250 -999.250 -999.250 -999.250 -999.250 -999.250 -999.250 -999.250 -999.250 -999.250 -999.250 -999.250 -999.250 7.774 6.035 8.419 6.327 6.744 6.940 9.800 8.066 6.668 7.337 8.901 7.728 9.409 11.556 11.644 12.146 13.606 12.439 11.198 11.549 13.370 12.089 10.734 11.244 10.803 11.201 9.539 12.072 12.119 14.927 16.414 16.489 15.628 14.192 12.443 9.892 8.411 9.294 10.651 11.014 9.550 6.995 4.157 6.393 5.494 5.782 5.756 7.032 7.461 8.859 7.069 6.229
-999.250 -999.250 -999.250 -999.250 -999.250 -999.250 -999.250 -999.250 -999.250 -999.250 -999.250 -999.250 -999.250 -999.250 -999.250 10.550 10.810 6.938 7.484 5.080 7.942 9.186 7.181 8.787 9.946 8.936 10.395 10.266 11.110 11.242 13.224 14.830 15.419 16.044 16.045 14.157 14.489 13.638 14.935 13.806 11.234 8.588 8.338 7.723 4.735 9.588 13.280 12.478 14.541 14.651 14.523 9.587 6.768 5.794 9.200 9.385 11.153 11.386 9.616 8.506 9.249 6.471 8.426 6.014 6.195 7.217 6.847 7.169 4.959
-999.250 -999.250 -999.250 -999.250 -999.250 -999.250 -999.250 -999.250 -999.250 -999.250 -999.250 -999.250 -999.250 -999.250 13.260 10.238 10.398 9.875 7.864 7.392 9.601 8.778 9.185 8.954 9.942 9.967 10.440 10.550 11.496 12.483 11.592 17.518 18.617 18.669 18.367 15.753 18.460 17.748 16.652 15.315 14.078 11.702 8.257 5.779 2.486 5.050 9.974 12.761 13.820 13.000 10.660 6.918 3.835 0.000 3.970 8.131 12.240 14.521 12.938 9.629 9.413 8.268 7.043 7.757 8.619 8.635 8.130 7.459 4.253
-999.250 -999.250 -999.250 -999.250 -999.250 -999.250 -999.250 -999.250 -999.250 -999.250 -999.250 -999.250 -999.250 -999.250 11.752 12.006 9.584 9.938 5.213 8.256 9.970 8.826 9.322 10.258 13.023 11.440 10.273 11.900 15.264 15.098 16.596 17.607 20.628 21.295 20.711 22.087 24.431 23.421 23.569 18.545 15.030 9.851 7.361 3.587 0.000 0.000 6.897 13.403 14.667 15.315 11.068 7.389 4.708 3.433 4.243 6.922 12.852 12.779 10.641 11.760 10.255 8.846 9.165 9.138 9.445 9.237 8.197 7.394 3.652
-999.250 -999.250 -999.250 -999.250 -999.250 -999.250 -999.250 -999.250 -999.250 -999.250 -999.250 -999.250 -999.250 11.390 10.130 10.473 7.713 7.839 8.525 8.113 8.418 9.566 10.536 10.724 10.588 12.543 12.399 12.547 15.121 18.080 21.083 19.982 23.352 22.465 24.427 25.083 22.160 21.838 23.627 19.006 14.491 9.160 5.693 3.851 0.000 0.000 4.751 10.528 12.153 11.134 8.765 9.670 6.280 4.572 9.239 9.648 10.930 11.478 12.460 13.152 11.082 8.736 9.397 10.742 8.525 9.717 10.534 9.924 6.986
-999.250 -999.250 -999.250 -999.250 -999.250 -999.250 -999.250 -999.250 -999.250 -999.250 -999.250 -999.250 9.848 9.347 9.166 8.682 8.147 7.818 7.655 9.363 7.617 10.405 11.048 12.828 11.586 13.494 13.853 14.072 16.432 18.441 21.680 24.468 28.651 25.804 25.651 27.032 22.948 22.415 21.139 21.181 16.038 11.991 7.660 3.003 0.906 1.172 5.044 7.541 10.024 10.111 8.556 6.629 7.895 7.498 8.084 9.669 11.312 12.484 14.524 12.239 12.323 11.464 9.684 10.741 8.148 8.919 10.351 8.851 9.181
-999.250 -999.250 -999.250 -999.250 -999.250 -999.250 -999.250 -999.250 -999.250 -999.250 -999.250 9.497 11.680 8.079 10.676 6.581 6.632 7.360 5.151 8.793 8.183 7.311 11.762 11.235 12.953 13.193 17.070 18.411 18.392 22.695 22.420 27.891 23.755 24.941 27.152 24.818 27.807 25.962 26.006 22.111 16.199 13.537 9.947 5.502 0.748 0.000 3.714 3.997 8.060 9.072 6.819 6.233 6.374 9.034 9.304 8.091 10.770 11.930 14.085 11.861 11.619 11.657 12.529 12.628 9.677 8.964 10.297 10.359 9.766
-999.250 -999.250 -999.250 -999.250 -999.250 -999.250 -999.250 -999.250 -999.250 -999.250 8.710 10.638 10.948 10.662 9.515 8.963 8.082 6.660 5.837 5.634 9.083 8.902 10.177 11.651 12.132 13.371 15.886 20.017 23.574 20.322 23.765 24.518 27.730 27.282 25.445 29.588 32.125 28.830 28.689 22.698 18.725 13.264 10.619 6.458 4.486 1.119 3.593 3.421 7.666 6.549 8.107 7.319 6.668 8.108 8.086 10.539 11.038 12.423 11.224 12.257 12.829 12.452 9.824 12.491 9.676 10.688 10.068 11.011 9.738
-999.250 -999.250 -999.250 -999.250 -999.250 -999.250 -999.250 -999.250 -999.250 10.466 9.895 9.647 10.376 11.771 10.240 8.439 7.580 5.143 4.833 3.853 7.953 6.838 10.012 10.649 11.439 12.936 18.170 20.230 27.852 25.946 24.587 23.429 24.379 23.903 30.057 33.056 34.579 34.690 29.205 28.245 21.890 18.436 11.746 8.189 5.880 1.740 0.798 4.755 4.956 6.541 5.688 8.816 7.551 9.418 10.447 11.684 11.496 13.649 15.337 11.989 14.095 11.882 9.072 9.691 12.015 10.447 10.758 9.800 8.779
-999.250 -999.250 -999.250 -999.250 -999.250 8.976 7.547 9.184 9.496 11.114 10.222 10.486 10.288 11.657 11.257 8.730 7.862 6.548 7.074 5.860 5.852 7.746 8.920 10.532 10.073 12.248 17.942 20.609 22.407 27.372 28.792 32.910 29.077 29.860 35.244 32.356 35.679 35.789 36.174 30.435 24.129 18.680 13.996 9.257 8.363 5.109 0.000 1.049 5.042 7.240 6.637 6.995 8.338 7.482 8.633 9.496 10.436 12.788 14.307 13.326 14.253 10.038 10.002 9.662 9.606 9.646 10.968 12.025 9.057
