data/medianmodel_19-Dec-2020.asc
ncols	141
nrows	288
xllcorner	-120191.398
yllcorner	-301404.813
cellsize	2000.000
NODATA_value	-999.250
[rows 232 to 260 of 288, columns 0 to 63 of 141]
-999.250 -999.250 -999.250 -999.250 -999.250 -999.250 -999.250 -999.250 -999.250 -999.250 -999.250 -999.250 -999.250 -999.250 -999.250 -999.250 -999.250 -999.250 -999.250 -999.250 -999.250 -999.250 -999.250 -999.250 -999.250 -999.250 -999.250 94.014 88.869 83.063 78.379 72.913 72.533 53.430 50.052 55.628 66.417 79.980 79.619 89.073 95.117 93.053 105.506 103.226 100.959 90.255 87.163 76.540 63.632 41.541 34.704 22.480 15.395 8.007 14.222 10.969 14.691 17.892 26.322 27.114 35.084 46.955 76.467 89.216
-999.250 -999.250 -999.250 -999.250 -999.250 -999.250 -999.250 -999.250 -999.250 -999.250 -999.250 -999.250 -999.250 -999.250 -999.250 -999.250 -999.250 -999.250 -999.250 -999.250 -999.250 -999.250 -999.250 -999.250 -999.250 -999.250 -999.250 -999.250 93.753 84.027 83.665 79.012 73.065 63.278 50.107 52.577 52.461 68.328 80.139 92.401 85.182 89.525 93.481 95.996 92.173 90.858 78.715 71.890 47.490 30.126 24.170 16.505 14.514 0.370 10.449 7.249 11.962 12.675 12.056 24.618 32.170 50.115 70.673 85.456
-999.250 -999.250 -999.250 -999.250 -999.250 -999.250 -999.250 -999.250 -999.250 -999.250 -999.250 -999.250 -999.250 -999.250 -999.250 -999.250 -999.250 -999.250 -999.250 -999.250 -999.250 -999.250 -999.250 -999.250 -999.250 -999.250 -999.250 -999.250 -999.250 -999.250 85.489 77.978 67.909 70.672 67.667 75.879 78.952 78.681 82.188 82.638 84.772 89.080 97.158 88.748 81.575 83.764 71.093 48.191 29.289 32.744 22.761 13.933 6.613 1.564 0.000 0.649 2.534 2.692 12.931 17.625 29.218 42.948 64.134 87.737
-999.250 -999.250 -999.250 -999.250 -999.250 -999.250 -999.250 -999.250 -999.250 -999.250 -999.250 -999.250 -999.250 -999.250 -999.250 -999.250 -999.250 -999.250 -999.250 -999.250 -999.250 -999.250 -999.250 -999.250 -999.250 -999.250 -999.250 -999.250 -999.250 -999.250 91.337 85.786 73.974 78.582 84.375 82.338 83.989 84.538 85.069 85.401 84.197 88.020 91.322 81.168 84.749 76.686 69.440 50.032 32.890 27.890 19.652 5.478 3.784 0.000 1.366 0.000 0.000 2.326 11.463 14.553 24.723 48.755 77.181 94.642
-999.250 -999.250 -999.250 -999.250 -999.250 -999.250 -999.250 -999.250 -999.250 -999.250 -999.250 -999.250 -999.250 -999.250 -999.250 -999.250 -999.250 -999.250 -999.250 -999.250 -999.250 -999.250 -999.250 -999.250 -999.250 -999.250 -999.250 -999.250 -999.250 -999.250 98.655 89.348 86.393 82.318 89.544 91.101 86.815 87.974 98.107 95.550 89.819 88.274 91.951 95.179 84.679 71.406 54.514 55.040 38.275 25.049 17.068 11.758 10.521 5.880 0.000 3.267 0.475 3.925 11.041 24.251 28.300 50.214 79.293 104.700
-999.250 -999.250 -999.250 -999.250 -999.250 -999.250 -999.250 -999.250 -999.250 -999.250 -999.250 -999.250 -999.250 -999.250 -999.250 -999.250 -999.250 -999.250 -999.250 -999.250 -999.250 -999.250 -999.250 -999.250 -999.250 -999.250 -999.250 -999.250 -999.250 -999.250 -999.250 95.159 99.800 101.251 99.286 100.451 93.946 101.222 99.074 105.049 98.896 90.910 93.561 92.346 80.506 80.413 72.952 59.230 46.578 26.379 25.834 21.253 6.941 5.588 7.496 3.391 8.526 7.494 13.529 23.608 34.519 62.435 80.234 101.312
-999.250 -999.250 -999.250 -999.250 -999.250 -999.250 -999.250 -999.250 -999.250 -999.250 -999.250 -999.250 -999.250 -999.250 -999.250 -999.250 -999.250 -999.250 -999.250 -999.250 -999.250 -999.250 -999.250 -999.250 -999.250 -999.250 -999.250 -999.250 -999.250 -999.250 114.880 109.164 100.876 111.434 118.815 113.724 109.138 107.778 114.756 110.692 109.844 102.145 100.999 95.063 85.587 87.229 75.381 45.417 38.602 32.837 24.214 12.347 11.413 0.000 6.973 10.375 8.530 15.362 18.835 28.039 44.432 71.589 88.741 109.313
-999.250 -999.250 -999.250 -999.250 -999.250 -999.250 -999.250 -999.250 -999.250 -999.250 -999.250 -999.250 -999.250 -999.250 -999.250 -999.250 -999.250 -999.250 -999.250 -999.250 -999.250 -999.250 -999.250 -999.250 -999.250 -999.250 -999.250 -999.250 -999.250 -999.250 -999.250 122.699 119.269 135.910 130.933 127.578 128.201 136.959 131.443 122.952 117.249 111.050 101.699 100.679 92.507 90.416 78.001 64.731 44.262 38.747 23.067 15.572 8.708 4.472 7.852 10.367 17.631 17.536 25.038 35.815 56.182 85.906 100.856 119.455
-999.250 -999.250 -999.250 -999.250 -999.250 -999.250 -999.250 -999.250 -999.250 -999.250 -999.250 -999.250 -999.250 -999.250 -999.250 -999.250 -999.250 -999.250 -999.250 -999.250 -999.250 -999.250 -999.250 -999.250 -999.250 -999.250 -999.250 -999.250 -999.250 -999.250 140.201 136.231 155.663 142.785 157.045 153.351 165.455 163.457 169.453 150.889 143.897 140.358 107.803 108.526 106.122 101.235 89.738 67.414 43.001 32.082 27.284 15.668 13.160 10.690 7.382 13.069 17.897 18.916 34.900 51.149 65.404 96.148 115.020 147.525
-999.250 -999.250 -999.250 -999.250 -999.250 -999.250 -999.250 -999.250 -999.250 -999.250 -999.250 -999.250 -999.250 -999.250 -999.250 -999.250 -999.250 -999.250 -999.250 -999.250 -999.250 -999.250 -999.250 -999.250 -999.250 -999.250 -999.250 -999.250 -999.250 -999.250 172.546 159.638 174.815 178.175 164.845 164.818 178.312 171.520 180.700 172.670 163.764 157.594 150.887 127.029 118.342 91.479 93.204 78.989 56.045 40.121 28.048 24.069 16.754 16.679 16.933 19.878 21.748 29.266 38.432 74.941 88.489 112.069 122.993 174.478
-999.250 -999.250 -999.250 -999.250 -999.250 -999.250 -999.250 -999.250 -999.250 -999.250 -999.250 -999.250 -999.250 -999.250 -999.250 -999.250 -999.250 -999.250 -999.250 -999.250 -999.250 -999.250 -999.250 -999.250 -999.250 -999.250 -999.250 -999.250 -999.250 -999.250 177.791 182.570 201.336 202.124 188.850 186.506 187.518 189.145 189.023 192.166 178.136 176.527 174.547 157.118 152.395 129.126 100.025 83.351 74.207 57.536 34.511 22.748 20.251 14.782 18.427 18.305 23.010 31.645 50.403 78.641 97.601 121.005 154.212 180.969
-999.250 -999.250 -999.250 -999.250 -999.250 -999.250 -999.250 -999.250 -999.250 -999.250 -999.250 -999.250 -999.250 -999.250 -999.250 -999.250 -999.250 -999.250 -999.250 -999.250 -999.250 -999.250 -999.250 -999.250 -999.250 -999.250 -999.250 -999.250 -999.250 -999.250 182.795 223.439 215.026 206.328 200.947 208.363 219.369 207.793 211.475 208.010 200.755 185.820 177.579 180.472 172.852 162.026 134.442 106.415 91.451 71.017 42.727 30.817 25.737 19.396 20.777 20.978 24.268 35.896 72.925 92.010 109.376 139.317 173.808 181.302
-999.250 -999.250 -999.250 -999.250 -999.250 -999.250 -999.250 -999.250 -999.250 -999.250 -999.250 -999.250 -999.250 -999.250 -999.250 -999.250 -999.250 -999.250 -999.250 -999.250 -999.250 -999.250 -999.250 -999.250 -999.250 -999.250 -999.250 -999.250 -999.250 -999.250 193.064 218.868 218.007 219.394 226.272 226.000 231.294 227.187 240.494 236.489 217.675 205.782 198.120 196.347 175.428 169.636 166.483 119.794 93.582 87.513 59.192 38.548 29.346 24.899 26.215 23.010 25.867 38.949 75.686 94.999 131.317 163.394 171.097 188.622
-999.250 -999.250 -999.250 -999.250 -999.250 -999.250 -999.250 -999.250 -999.250 -999.250 -999.250 -999.250 -999.250 -999.250 -999.250 -999.250 -999.250 -999.250 -999.250 -999.250 -999.250 -999.250 -999.250 -999.250 -999.250 -999.250 -999.250 -999.250 -999.250 -999.250 -999.250 229.573 218.321 250.156 251.841 244.322 241.187 258.014 274.911 270.030 248.994 219.582 225.423 206.902 186.600 183.263 170.589 135.046 112.428 97.699 80.343 44.493 34.413 27.534 26.505 27.372 31.634 54.983 81.349 99.119 133.268 187.077 184.799 200.106
-999.250 -999.250 -999.250 -999.250 -999.250 -999.250 -999.250 -999.250 -999.250 -999.250 -999.250 -999.250 -999.250 -999.250 -999.250 -999.250 -999.250 -999.250 -999.250 -999.250 -999.250 -999.250 -999.250 -999.250 -999.250 -999.250 -999.250 -999.250 -999.250 -999.250 -999.250 234.057 235.383 271.382 284.358 286.855 291.404 300.326 310.290 315.733 304.043 286.522 247.740 221.857 195.851 184.474 180.291 159.806 113.702 99.606 87.315 61.850 38.273 28.934 29.542 22.557 31.473 48.633 72.754 90.168 119.515 168.643 180.265 187.211
-999.250 -999.250 -999.250 -999.250 -999.250 -999.250 -999.250 -999.250 -999.250 -999.250 -999.250 -999.250 -999.250 -999.250 -999.250 -999.250 -999.250 -999.250 -999.250 -999.250 -999.250 -999.250 -999.250 -999.250 -999.250 -999.250 -999.250 -999.250 -999.250 -999.250 243.057 263.856 285.261 276.671 310.132 319.119 316.529 333.547 322.144 340.317 301.826 302.552 276.952 247.355 230.662 198.796 190.603 170.065 127.560 102.448 88.203 68.497 53.383 25.054 23.715 23.650 25.337 35.144 66.556 91.908 108.739 128.064 152.394 181.538
-999.250 -999.250 -999.250 -999.250 -999.250 -999.250 -999.250 -999.250 -999.250 -999.250 -999.250 -999.250 -999.250 -999.250 -999.250 -999.250 -999.250 -999.250 -999.250 -999.250 -999.250 -999.250 -999.250 -999.250 -999.250 -999.250 -999.250 -999.250 -999.250 -999.250 275.038 286.713 300.549 294.436 318.755 331.480 360.358 355.385 358.904 349.729 348.043 330.823 315.520 278.771 246.513 200.664 187.782 170.778 129.319 103.911 90.886 74.972 52.062 32.388 25.406 21.489 30.093 28.900 60.622 86.024 98.365 110.257 128.840 166.914
-999.250 -999.250 -999.250 -999.250 -999.250 -999.250 -999.250 -999.250 -999.250 -999.250 -999.250 -999.250 -999.250 -999.250 -999.250 -999.250 -999.250 -999.250 -999.250 -999.250 -999.250 -999.250 -999.250 -999.250 -999.250 -999.250 -999.250 -999.250 -999.250 -999.250 270.969 293.352 323.861 320.927 340.234 349.929 370.177 383.985 390.384 403.419 373.516 352.092 343.635 315.518 245.853 225.240 203.729 168.134 137.453 109.998 91.479 77.815 42.541 37.579 27.924 21.706 24.781 26.837 45.621 74.301 86.233 96.738 115.145 141.109
-999.250 -999.250 -999.250 -999.250 -999.250 -999.250 -999.250 -999.250 -999.250 -999.250 -999.250 -999.250 -999.250 -999.250 -999.250 -999.250 -999.250 -999.250 -999.250 -999.250 -999.250 -999.250 -999.250 -999.250 -999.250 -999.250 -999.250 -999.250 -999.250 -999.250 269.735 309.336 323.388 346.814 358.811 363.933 379.665 405.327 429.918 439.980 412.260 382.984 367.260 337.938 269.167 239.936 206.043 185.889 153.784 120.862 90.421 64.784 54.411 33.001 30.958 25.433 22.757 23.911 35.414 59.469 80.826 91.115 98.547 124.657
-999.250 -999.250 -999.250 -999.250 -999.250 -999.250 -999.250 -999.250 -999.250 -999.250 -999.250 -999.250 -999.250 -999.250 -999.250 -999.250 -999.250 -999.250 -999.250 -999.250 -999.250 -999.250 -999.250 -999.250 -999.250 -999.250 -999.250 -999.250 -999.250 -999.250 289.224 309.030 334.923 331.691 363.054 378.061 400.507 438.897 452.435 489.542 430.318 377.765 358.660 321.746 271.178 247.022 214.844 180.544 170.875 123.785 103.745 82.961 76.030 41.415 28.758 26.612 28.138 27.641 34.093 40.858 60.080 73.280 90.854 106.327
-999.250 -999.250 -999.250 -999.250 -999.250 -999.250 -999.250 -999.250 -999.250 -999.250 -999.250 -999.250 -999.250 -999.250 -999.250 -999.250 -999.250 -999.250 -999.250 -999.250 -999.250 -999.250 -999.250 -999.250 -999.250 -999.250 -999.250 -999.250 -999.250 268.291 302.197 293.862 333.163 359.718 369.060 382.741 406.881 414.433 432.881 434.521 423.914 383.543 364.590 329.412 278.648 229.847 209.461 186.702 176.690 135.252 110.744 87.316 70.694 50.637 34.637 31.200 27.403 25.046 30.793 34.870 46.755 75.806 84.799 97.458
-999.250 -999.250 -999.250 -999.250 -999.250 -999.250 -999.250 -999.250 -999.250 -999.250 -999.250 -999.250 -999.250 -999.250 -999.250 -999.250 -999.250 -999.250 -999.250 -999.250 -999.250 -999.250 -999.250 -999.250 -999.250 -999.250 -999.250 -999.250 -999.250 -999.250 293.166 318.943 321.451 346.682 365.060 374.143 388.478 393.959 410.505 410.075 390.784 369.630 346.634 320.777 266.008 235.147 210.877 187.634 173.464 138.480 102.509 88.889 80.225 52.071 34.514 33.143 27.280 27.359 35.303 40.004 44.667 71.897 72.060 90.329
-999.250 -999.250 -999.250 -999.250 -999.250 -999.250 -999.250 -999.250 -999.250 -999.250 -999.250 -999.250 -999.250 -999.250 -999.250 -999.250 -999.250 -999.250 -999.250 -999.250 -999.250 -999.250 -999.250 -999.250 -999.250 -999.250 -999.250 -999.250 -999.250 -999.250 279.089 302.891 344.462 345.758 362.453 367.053 384.306 377.216 388.153 377.464 365.685 348.777 344.198 305.507 246.065 216.213 199.320 179.985 173.356 144.751 117.971 102.083 88.927 59.459 38.517 33.528 30.304 28.997 31.560 38.012 59.249 56.964 57.408 77.544
-999.250 -999.250 -999.250 -999.250 -999.250 -999.250 -999.250 -999.250 -999.250 -999.250 -999.250 -999.250 -999.250 -999.250 -999.250 -999.250 -999.250 -999.250 -999.250 -999.250 -999.250 -999.250 -999.250 -999.250 -999.250 -999.250 -999.250 -999.250 -999.250 -999.250 -999.250 304.863 326.506 338.861 346.538 351.712 366.274 370.935 362.644 362.040 349.999 349.361 336.230 312.331 243.195 208.667 200.155 195.371 168.193 150.783 127.811 101.598 86.582 74.683 53.242 43.189 40.750 37.410 50.165 48.699 41.475 66.826 71.772 79.038
-999.250 -999.250 -999.250 -999.250 -999.250 -999.250 -999.250 -999.250 -999.250 -999.250 -999.250 -999.250 -999.250 -999.250 -999.250 -999.250 -999.250 -999.250 -999.250 -999.250 -999.250 -999.250 -999.250 -999.250 -999.250 -999.250 -999.250 -999.250 -999.250 -999.250 -999.250 294.505 315.855 325.744 335.877 347.899 362.602 358.223 349.411 345.908 332.489 319.394 313.242 275.094 232.931 207.265 185.403 177.198 164.681 144.579 122.088 104.813 92.960 78.572 66.039 43.489 42.065 38.356 43.097 64.759 61.992 54.321 66.763 81.479
-999.250 -999.250 -999.250 -999.250 -999.250 -999.250 -999.250 -999.250 -999.250 -999.250 -999.250 -999.250 -999.250 -999.250 -999.250 -999.250 -999.250 -999.250 -999.250 -999.250 -999.250 -999.250 -999.250 -999.250 -999.250 -999.250 -999.250 -999.250 -999.250 -999.250 254.478 284.864 313.908 297.208 322.802 328.603 331.988 342.981 353.389 326.151 311.162 283.721 283.941 259.608 227.002 193.271 178.537 174.768 155.865 147.959 117.471 110.602 93.809 86.807 81.846 70.523 51.727 58.181 43.932 47.669 70.159 70.363 73.828 77.836
-999.250 -999.250 -999.250 -999.250 -999.250 -999.250 -999.250 -999.250 -999.250 -999.250 -999.250 -999.250 -999.250 -999.250 -999.250 -999.250 -999.250 -999.250 -999.250 -999.250 -999.250 -999.250 -999.250 -999.250 -999.250 -999.250 -999.250 -999.250 -999.250 -999.250 242.531 271.206 287.814 292.167 300.690 292.196 317.803 316.139 321.864 278.172 285.961 279.357 262.995 236.671 200.754 200.269 186.524 166.039 161.387 126.012 106.660 107.454 105.298 91.387 72.213 77.700 74.863 60.056 62.456 49.352 63.225 74.121 71.163 78.922
-999.250 -999.250 -999.250 -999.250 -999.250 -999.250 -999.250 -999.250 -999.250 -999.250 -999.250 -999.250 -999.250 -999.250 -999.250 -999.250 -999.250 -999.250 -999.250 -999.250 -999.250 -999.250 -999.250 -999.250 -999.250 -999.250 -999.250 -999.250 -999.250 -999.250 228.479 239.157 274.493 274.762 280.887 283.686 291.358 302.478 264.408 246.967 261.702 255.247 234.758 210.559 196.376 181.035 171.552 160.849 149.065 110.730 107.674 100.328 102.615 91.385 80.810 86.021 74.103 77.948 59.710 70.783 65.006 68.231 66.640 80.297
-999.250 -999.250 -999.250 -999.250 -999.250 -999.250 -999.250 -999.250 -999.250 -999.250 -999.250 -999.250 -999.250 -999.250 -999.250 -999.250 -999.250 -999.250 -999.250 -999.250 -999.250 -999.250 -999.250 -999.250 -999.250 -999.250 -999.250 -999.250 -999.250 -999.250 224.993 225.484 229.479 234.881 246.395 244.145 280.255 262.648 239.728 235.088 214.646 205.207 204.637 196.159 189.939 183.795 173.086 164.024 147.074 119.493 113.487 101.746 107.739 100.095 90.295 81.773 76.497 80.980 66.001 66.997 65.450 69.630 69.658 85.996
