data/medianmodel_04-Oct-2020.asc
ncols	141
nrows	288
xllcorner	-120191.398
yllcorner	-301404.813
cellsize	2000.000
NODATA_value	-999.250
[rows 120 to 149 of 288, columns 0 to 66 of 141]
-999.250 -999.250 -999.250 -999.250 -999.250 -999.250 -999.250 -999.250 -999.250 -999.250 -999.250 -999.250 -999.250 -999.250 -999.250 -999.250 -999.250 -999.250 -999.250 -999.250 -999.250 -999.250 -999.250 -999.250 -999.250 -999.250 40.281 42.154 39.865 42.698 40.855 35.831 33.658 34.258 33.100 35.852 37.039 35.214 39.449 44.121 36.529 38.628 35.851 30.030 22.729 19.113 15.500 9.580 4.357 0.000 0.000 0.000 0.000 0.000 0.000 4.400 9.397 17.150 21.423 28.355 36.413 40.699 41.542 45.710 44.190 39.007 33.660
-999.250 -999.250 -999.250 -999.250 -999.250 -999.250 -999.250 -999.250 -999.250 -999.250 -999.250 -999.250 -999.250 -999.250 -999.250 -999.250 -999.250 -999.250 -999.250 -999.250 -999.250 -999.250 -999.250 -999.250 -999.250 48.388 43.994 47.098 38.556 36.187 34.197 33.445 33.950 33.331 38.649 39.736 42.755 43.229 49.526 53.022 40.737 40.963 34.300 27.663 23.312 17.644 13.812 9.032 1.667 0.000 0.000 0.000 0.000 0.000 1.515 7.588 12.928 22.165 29.326 30.855 37.646 43.164 46.161 39.797 45.236 36.697 35.366
-999.250 -999.250 -999.250 -999.250 -999.250 -999.250 -999.250 -999.250 -999.250 -999.250 -999.250 -999.250 -999.250 -999.250 -999.250 -999.250 -999.250 -999.250 -999.250 -999.250 -999.250 -999.250 -999.250 -999.250 -999.250 45.143 47.876 47.279 41.249 36.510 35.211 40.624 37.535 41.084 44.248 40.785 46.750 53.183 50.361 48.927 46.670 43.875 33.897 31.011 23.941 21.324 13.752 8.306 4.146 2.907 0.000 0.000 0.000 0.711 4.895 6.161 16.128 23.209 28.754 35.321 43.596 45.109 41.583 37.695 37.888 37.803 36.635
-999.250 -999.250 -999.250 -999.250 -999.250 -999.250 -999.250 -999.250 -999.250 -999.250 -999.250 -999.250 -999.250 -999.250 -999.250 -999.250 -999.250 -999.250 -999.250 -999.250 -999.250 -999.250 -999.250 -999.250 -999.250 52.504 51.849 44.948 43.201 43.834 39.741 42.603 39.437 41.865 41.653 47.403 42.745 52.298 56.353 53.835 50.133 42.270 38.030 35.397 23.190 17.193 13.497 11.544 8.640 3.919 0.000 0.000 0.000 1.341 5.891 11.124 16.562 22.006 30.628 33.887 45.221 44.923 45.057 45.835 35.101 35.725 31.798
-999.250 -999.250 -999.250 -999.250 -999.250 -999.250 -999.250 -999.250 -999.250 -999.250 -999.250 -999.250 -999.250 -999.250 -999.250 -999.250 -999.250 -999.250 -999.250 -999.250 -999.250 -999.250 -999.250 -999.250 52.688 54.546 48.879 44.693 42.517 37.164 32.359 39.872 46.354 44.438 38.616 46.689 45.111 54.190 52.283 53.193 45.260 41.179 41.234 36.542 27.139 19.645 16.118 11.367 10.120 6.193 0.000 0.000 0.000 0.000 1.905 9.091 15.327 22.166 31.293 34.793 37.168 43.788 44.226 40.456 41.404 31.584 31.347
-999.250 -999.250 -999.250 -999.250 -999.250 -999.250 -999.250 -999.250 -999.250 -999.250 -999.250 -999.250 -999.250 -999.250 -999.250 -999.250 -999.250 -999.250 -999.250 -999.250 -999.250 -999.250 -999.250 -999.250 52.976 56.527 50.023 43.993 39.071 41.389 36.435 43.009 44.146 44.631 50.892 44.136 48.691 51.236 53.430 46.966 47.921 45.099 35.530 37.588 29.124 23.372 15.606 14.107 11.877 5.655 1.138 0.562 0.000 0.000 0.000 7.477 13.580 23.149 27.189 33.943 34.305 40.219 43.588 40.613 39.707 33.765 27.819
-999.250 -999.250 -999.250 -999.250 -999.250 -999.250 -999.250 -999.250 -999.250 -999.250 -999.250 -999.250 -999.250 -999.250 -999.250 -999.250 -999.250 -999.250 -999.250 -999.250 -999.250 -999.250 -999.250 60.356 54.891 57.660 48.943 47.297 42.832 42.019 40.844 38.990 43.444 46.310 46.403 48.458 47.014 54.303 53.706 54.403 43.666 38.686 36.404 34.489 36.424 26.906 20.971 14.375 9.550 7.626 4.312 3.128 2.140 2.534 0.418 5.294 14.660 19.117 28.493 34.494 36.353 40.293 42.813 39.450 38.930 32.523 28.035
-999.250 -999.250 -999.250 -999.250 -999.250 -999.250 -999.250 -999.250 -999.250 -999.250 -999.250 -999.250 -999.250 -999.250 -999.250 -999.250 -999.250 -999.250 -999.250 -999.250 -999.250 -999.250 -999.250 60.035 59.451 53.603 50.444 47.379 42.323 47.297 46.208 41.270 44.331 50.818 47.166 49.596 47.537 50.678 47.328 54.867 50.404 45.292 40.361 36.539 30.129 24.844 21.706 15.680 10.386 11.074 3.296 1.728 1.144 1.513 4.839 9.106 16.170 21.066 26.410 31.033 34.616 43.339 46.433 42.742 37.346 30.483 25.534
-999.250 -999.250 -999.250 -999.250 -999.250 -999.250 -999.250 -999.250 -999.250 -999.250 -999.250 -999.250 -999.250 -999.250 -999.250 -999.250 -999.250 -999.250 -999.250 -999.250 -999.250 -999.250 -999.250 62.915 58.068 59.557 50.123 45.413 45.593 44.494 45.866 41.841 45.185 52.015 46.980 44.237 48.634 45.323 53.775 51.280 51.491 45.928 39.100 36.976 32.975 32.866 24.348 19.617 15.158 12.738 9.428 4.207 2.705 4.269 7.329 11.468 15.021 18.251 22.681 30.297 36.585 38.680 48.021 40.858 35.020 28.863 27.422
-999.250 -999.250 -999.250 -999.250 -999.250 -999.250 -999.250 -999.250 -999.250 -999.250 -999.250 -999.250 -999.250 -999.250 -999.250 -999.250 -999.250 -999.250 -999.250 -999.250 -999.250 -999.250 59.542 59.199 61.653 61.750 51.359 49.797 44.196 43.858 43.860 47.482 41.456 45.884 49.663 47.565 49.220 50.921 55.531 54.997 53.907 51.769 47.763 41.998 32.847 31.802 28.068 21.312 16.269 13.882 10.506 9.306 4.310 6.190 6.369 8.848 13.736 19.266 23.950 31.550 33.278 34.843 43.503 41.220 34.664 29.294 24.142
-999.250 -999.250 -999.250 -999.250 -999.250 -999.250 -999.250 -999.250 -999.250 -999.250 -999.250 -999.250 -999.250 -999.250 -999.250 -999.250 -999.250 -999.250 -999.250 -999.250 -999.250 -999.250 63.468 63.367 59.233 60.820 53.073 47.334 45.278 43.901 47.492 40.663 38.087 41.195 52.584 54.651 52.989 56.556 57.569 55.280 52.818 50.773 52.103 43.955 38.585 36.191 32.302 24.074 18.537 11.163 10.797 8.717 5.705 7.446 7.529 8.429 15.285 17.502 22.866 24.645 29.734 33.143 36.120 38.265 34.646 29.926 27.552
-999.250 -999.250 -999.250 -999.250 -999.250 -999.250 -999.250 -999.250 -999.250 -999.250 -999.250 -999.250 -999.250 -999.250 -999.250 -999.250 -999.250 -999.250 -999.250 -999.250 -999.250 62.195 63.173 64.397 64.922 59.492 53.047 52.882 45.120 47.500 44.705 39.176 38.990 46.343 49.587 53.395 53.498 55.524 61.488 58.135 64.062 56.495 49.935 49.708 37.571 38.566 32.717 20.763 19.769 14.524 11.242 8.458 5.988 3.278 1.105 6.396 11.718 15.582 19.205 26.189 29.924 31.003 34.059 32.019 35.435 31.335 27.757
-999.250 -999.250 -999.250 -999.250 -999.250 -999.250 -999.250 -999.250 -999.250 -999.250 -999.250 -999.250 -999.250 -999.250 -999.250 -999.250 -999.250 -999.250 -999.250 -999.250 -999.250 58.679 56.278 61.416 63.174 62.938 63.103 56.515 52.357 49.322 43.591 46.161 46.897 43.880 47.239 57.334 56.047 57.967 55.585 57.758 62.696 54.573 59.809 49.167 45.573 38.759 33.053 25.730 20.148 14.531 10.842 5.978 3.080 1.817 3.583 5.459 7.964 12.229 16.167 21.047 29.032 30.691 28.778 34.350 37.258 33.293 30.816
-999.250 -999.250 -999.250 -999.250 -999.250 -999.250 -999.250 -999.250 -999.250 -999.250 -999.250 -999.250 -999.250 -999.250 -999.250 -999.250 -999.250 -999.250 -999.250 -999.250 -999.250 52.830 60.685 61.406 64.549 61.585 65.262 60.682 57.950 52.565 51.462 52.454 49.599 53.998 52.084 56.492 61.673 63.054 61.385 60.632 61.480 62.709 53.707 59.636 52.799 48.883 38.982 30.417 20.728 17.044 9.933 4.865 0.000 0.000 0.360 0.570 4.737 8.662 12.253 16.368 21.077 27.243 29.723 35.576 37.838 38.422 33.556
-999.250 -999.250 -999.250 -999.250 -999.250 -999.250 -999.250 -999.250 -999.250 -999.250 -999.250 -999.250 -999.250 -999.250 -999.250 -999.250 -999.250 -999.250 -999.250 -999.250 56.871 55.463 54.732 56.439 57.849 60.944 61.187 64.718 60.128 55.909 55.537 54.264 53.792 55.310 54.604 60.376 63.907 62.170 64.812 68.018 67.891 66.164 64.000 64.149 61.170 51.469 42.779 32.526 25.534 18.975 12.551 3.679 0.000 0.000 0.000 0.000 0.635 4.047 6.165 13.232 17.159 22.398 27.675 40.458 39.082 43.743 37.925
-999.250 -999.250 -999.250 -999.250 -999.250 -999.250 -999.250 -999.250 -999.250 -999.250 -999.250 -999.250 -999.250 -999.250 -999.250 -999.250 -999.250 -999.250 -999.250 -999.250 48.751 58.944 56.370 58.115 59.028 59.590 63.236 63.734 67.186 58.303 59.729 59.790 55.670 58.516 59.885 59.965 66.448 65.289 73.963 70.381 72.420 74.963 69.470 67.894 59.488 58.423 48.600 38.746 30.171 20.555 14.639 6.097 0.000 0.000 0.000 0.000 0.000 1.206 4.161 10.217 15.836 25.605 35.382 36.271 41.436 45.151 49.151
-999.250 -999.250 -999.250 -999.250 -999.250 -999.250 -999.250 -999.250 -999.250 -999.250 -999.250 -999.250 -999.250 -999.250 -999.250 -999.250 -999.250 -999.250 -999.250 -999.250 49.337 47.261 55.104 53.662 60.432 57.929 65.308 65.418 70.622 67.324 61.221 62.430 65.829 60.284 65.528 65.550 69.567 70.974 75.346 81.297 84.742 82.234 76.562 73.571 68.609 61.848 52.416 45.442 32.275 22.336 14.958 7.995 0.879 0.000 0.000 0.000 0.000 0.000 0.000 5.008 14.827 28.822 37.016 44.372 52.134 56.395 56.726
-999.250 -999.250 -999.250 -999.250 -999.250 -999.250 -999.250 -999.250 -999.250 -999.250 -999.250 -999.250 -999.250 -999.250 -999.250 -999.250 -999.250 -999.250 -999.250 -999.250 51.025 51.273 53.801 57.997 63.109 61.705 71.887 73.070 77.753 74.812 68.909 68.606 69.481 65.471 66.152 66.966 71.933 72.329 83.086 87.633 102.171 89.092 87.314 84.653 74.604 70.795 59.156 55.454 37.531 26.152 16.991 10.324 5.328 0.000 0.000 0.000 0.000 0.000 0.000 0.000 15.041 28.789 40.188 51.256 58.121 63.643 64.907
-999.250 -999.250 -999.250 -999.250 -999.250 -999.250 -999.250 -999.250 -999.250 -999.250 -999.250 -999.250 -999.250 -999.250 -999.250 -999.250 -999.250 -999.250 -999.250 49.647 50.211 52.556 59.285 64.273 69.211 66.791 73.536 78.886 88.614 86.778 86.655 87.763 86.455 74.294 76.905 74.236 83.090 80.725 83.284 85.485 94.414 97.332 87.363 82.575 80.118 75.526 66.306 58.317 43.104 32.667 19.332 14.342 9.024 1.143 0.000 0.000 0.000 0.000 0.000 2.474 15.269 32.974 47.107 66.548 67.510 72.121 73.313
-999.250 -999.250 -999.250 -999.250 -999.250 -999.250 -999.250 -999.250 -999.250 -999.250 -999.250 -999.250 -999.250 -999.250 -999.250 -999.250 -999.250 -999.250 -999.250 51.090 50.376 56.875 55.819 63.833 64.348 70.877 81.625 93.261 109.521 113.909 125.351 112.625 102.765 90.665 83.568 81.815 78.375 83.045 84.327 83.028 90.232 91.786 89.209 81.522 81.715 70.014 66.277 60.557 49.014 39.867 31.851 18.576 9.611 4.282 0.000 0.000 0.000 0.000 0.000 7.966 21.342 40.070 53.560 67.934 76.407 78.058 81.204
-999.250 -999.250 -999.250 -999.250 -999.250 -999.250 -999.250 -999.250 -999.250 -999.250 -999.250 -999.250 -999.250 -999.250 -999.250 -999.250 -999.250 -999.250 -999.250 42.328 49.418 48.992 51.999 60.355 64.720 75.164 91.105 106.796 122.916 135.214 163.265 133.644 119.164 102.915 87.820 83.615 80.346 82.249 80.052 86.685 86.820 83.496 84.907 84.075 74.801 79.071 71.351 67.582 56.944 44.204 30.703 19.840 11.210 5.358 2.566 0.000 0.000 0.000 1.620 10.722 21.910 44.622 62.770 80.502 90.095 91.194 95.470
-999.250 -999.250 -999.250 -999.250 -999.250 -999.250 -999.250 -999.250 -999.250 -999.250 -999.250 -999.250 -999.250 -999.250 -999.250 -999.250 -999.250 -999.250 -999.250 40.777 46.317 53.756 46.201 55.212 66.275 78.008 88.806 100.287 117.883 141.372 143.416 140.182 127.457 102.057 90.867 81.935 78.636 76.756 75.721 82.460 84.067 76.989 89.054 80.043 81.777 79.045 83.246 72.312 62.588 48.166 36.232 24.518 13.857 6.791 2.264 0.000 0.000 0.000 2.234 8.110 24.640 47.864 64.404 90.074 115.348 100.174 106.484
-999.250 -999.250 -999.250 -999.250 -999.250 -999.250 -999.250 -999.250 -999.250 -999.250 -999.250 -999.250 -999.250 -999.250 -999.250 -999.250 -999.250 -999.250 -999.250 36.031 40.004 45.746 41.505 46.552 62.359 77.401 83.530 95.261 115.443 126.082 130.531 123.838 113.657 99.513 89.326 83.256 76.796 79.516 75.292 75.985 74.215 78.942 87.230 86.124 87.403 87.909 80.708 77.045 68.846 53.220 41.920 25.678 15.402 8.496 3.196 0.000 0.000 0.399 0.775 9.196 20.670 45.279 70.303 98.835 127.653 120.831 112.131
-999.250 -999.250 -999.250 -999.250 -999.250 -999.250 -999.250 -999.250 -999.250 -999.250 -999.250 -999.250 -999.250 -999.250 -999.250 -999.250 -999.250 -999.250 30.974 31.869 33.391 34.123 36.487 39.212 58.004 69.046 80.256 85.822 99.555 114.661 121.245 109.524 109.083 108.657 99.406 85.631 77.907 74.128 68.956 73.199 68.410 77.912 85.624 90.421 108.973 106.564 95.896 84.753 68.160 58.421 38.857 29.670 15.699 9.182 6.874 2.642 3.552 2.277 0.000 5.998 19.067 38.552 65.985 86.485 103.944 108.113 92.946
-999.250 -999.250 -999.250 -999.250 -999.250 -999.250 -999.250 -999.250 -999.250 -999.250 -999.250 -999.250 -999.250 -999.250 -999.250 -999.250 -999.250 27.686 27.274 26.528 28.341 31.944 37.563 45.989 50.936 63.295 72.746 83.804 92.268 101.816 108.063 111.888 96.255 100.555 92.655 83.127 76.127 68.923 67.798 66.979 64.453 70.898 92.250 104.521 124.024 131.663 119.436 97.073 75.419 60.032 45.377 24.599 15.891 7.772 6.336 5.761 10.033 9.594 4.453 0.000 15.354 28.852 57.419 75.660 82.323 88.316 85.581
-999.250 -999.250 -999.250 -999.250 -999.250 -999.250 -999.250 -999.250 -999.250 -999.250 -999.250 -999.250 -999.250 -999.250 -999.250 -999.250 -999.250 30.264 27.145 23.862 27.970 30.059 31.715 46.002 52.861 61.529 71.220 81.534 82.525 91.122 91.899 108.578 93.759 84.643 88.790 77.079 73.675 68.997 66.900 62.743 62.938 72.396 113.831 140.922 165.027 172.823 148.915 113.812 82.160 56.842 41.601 23.901 14.898 10.653 9.324 13.034 16.590 16.751 14.482 10.258 15.169 31.437 49.528 62.962 75.111 76.531 73.490
-999.250 -999.250 -999.250 -999.250 -999.250 -999.250 -999.250 -999.250 -999.250 -999.250 -999.250 -999.250 -999.250 -999.250 -999.250 31.733 28.825 28.163 24.720 23.515 28.974 25.950 30.457 38.634 50.469 55.957 67.233 74.641 85.654 89.232 89.676 90.467 88.850 85.360 75.096 77.091 71.061 65.380 62.826 62.817 70.495 74.428 138.582 168.346 214.197 224.515 177.055 128.484 83.896 60.672 34.759 23.265 10.854 3.943 3.259 11.128 20.457 31.312 19.179 16.579 17.226 28.700 35.168 49.115 67.500 73.079 65.924
-999.250 -999.250 -999.250 -999.250 -999.250 -999.250 -999.250 -999.250 -999.250 -999.250 -999.250 -999.250 -999.250 -999.250 34.947 29.222 22.097 21.834 20.895 22.779 24.676 27.113 30.690 35.002 44.246 54.834 63.525 69.310 79.035 81.660 84.731 92.804 83.429 85.068 75.771 76.608 67.319 68.255 72.795 78.435 87.554 119.389 170.454 229.121 287.995 298.725 204.185 140.579 89.130 55.780 36.128 18.134 9.036 0.000 2.946 10.751 15.809 20.817 18.525 15.715 15.810 22.275 34.252 44.137 51.109 55.350 53.411
-999.250 -999.250 -999.250 -999.250 -999.250 -999.250 -999.250 -999.250 -999.250 -999.250 -999.250 -999.250 -999.250 -999.250 34.920 26.622 22.752 20.531 20.509 24.040 26.589 26.472 31.575 43.164 48.163 56.548 56.446 61.511 63.371 71.425 74.756 81.530 73.970 75.511 74.910 72.876 71.232 70.263 82.516 92.326 113.849 152.964 210.168 279.322 367.505 380.369 239.153 120.627 86.147 63.467 38.835 22.426 9.774 1.137 4.406 10.578 13.131 17.217 15.183 15.963 13.146 19.114 29.101 33.379 41.107 45.335 49.931
-999.250 -999.250 -999.250 -999.250 -999.250 -999.250 -999.250 -999.250 -999.250 -999.250 -999.250 -999.250 -999.250 36.593 29.154 23.428 17.191 18.959 18.607 20.886 21.675 26.898 32.118 44.238 48.462 54.709 55.211 57.202 63.024 69.316 71.799 67.993 74.625 77.056 74.400 78.294 77.539 80.181 89.303 114.100 146.160 164.738 218.712 304.745 364.895 319.796 235.630 151.046 92.400 67.081 43.706 27.631 13.563 9.102 8.212 9.445 10.481 13.859 11.627 11.365 11.700 11.505 16.071 24.463 30.942 35.147 36.411
