data/medianmodel_29-May-2020.asc
ncols	141
nrows	288
xllcorner	-120191.398
yllcorner	-301404.813
cellsize	2000.000
NODATA_value	-999.250
[rows 31 to 61 of 288, columns 69 to 137 of 141]
3.940 2.332 2.516 1.265 1.172 2.622 4.047 2.509 4.312 2.467 3.781 3.139 4.250 5.375 3.896 1.902 1.501 1.699 1.829 1.580 0.261 0.012 0.000 0.000 0.000 0.000 0.000 0.000 1.162 0.000 0.000 1.479 0.965 1.954 4.096 4.968 4.904 4.096 3.916 6.368 6.583 2.320 2.563 4.644 4.365 3.725 4.276 5.748 5.472 5.077 5.893 5.860 6.916 6.250 5.897 8.790 9.111 12.402 14.274 9.477 8.316 7.740 4.454 2.643 3.781 4.624 6.369 7.168 3.982
3.353 2.469 2.719 0.708 0.486 0.381 3.727 2.308 2.466 2.558 4.648 7.826 5.942 4.841 3.011 1.121 1.283 1.625 1.835 1.468 0.000 0.000 0.000 0.000 0.000 0.000 0.000 0.000 0.000 0.000 0.060 0.402 1.513 2.502 2.826 1.904 3.602 3.618 4.588 9.247 9.283 4.932 5.471 5.042 4.522 3.891 2.747 4.596 4.598 4.011 4.301 7.288 5.704 7.628 8.639 7.602 9.662 8.984 9.473 10.036 7.580 6.177 6.198 3.779 2.730 1.550 5.974 4.739 4.761
1.934 2.648 0.692 0.983 0.000 0.000 1.839 1.069 2.428 4.280 6.573 8.578 6.739 5.586 2.444 2.070 2.194 1.564 0.000 0.841 0.130 0.000 0.000 0.000 0.000 0.000 0.000 0.018 0.043 0.692 0.986 0.152 2.597 1.541 1.540 3.720 5.255 3.505 6.234 13.778 8.257 9.176 10.044 4.466 5.659 3.060 6.093 3.849 4.031 2.518 6.667 3.407 6.353 7.848 9.884 5.544 6.827 9.305 10.592 6.333 5.016 5.840 6.350 3.619 2.950 0.807 4.069 3.656 4.561
3.433 1.716 1.826 0.000 0.000 0.000 0.000 1.796 3.580 3.630 7.945 11.326 10.641 6.753 3.798 3.421 3.238 1.735 0.117 1.903 0.000 0.000 0.000 0.000 0.085 0.000 0.000 0.000 0.135 0.370 0.037 0.525 1.883 1.986 1.473 1.511 2.827 4.043 6.202 5.817 7.082 10.055 9.836 4.170 5.493 4.974 4.343 6.757 5.692 3.981 4.793 5.300 6.554 7.172 7.816 7.626 6.564 6.756 7.452 6.508 6.098 3.784 2.544 3.082 0.997 0.000 0.072 3.585 3.522
5.856 3.303 3.732 0.000 0.000 0.000 0.441 2.177 3.252 7.422 9.670 9.504 16.721 7.746 3.807 5.602 2.347 0.721 0.000 0.260 0.238 0.000 0.000 0.000 0.000 0.346 0.700 0.814 0.000 0.776 2.181 0.000 2.319 1.354 2.761 2.104 2.864 3.203 1.661 1.422 4.331 5.827 4.709 6.621 7.547 4.877 3.828 5.280 4.937 4.662 6.237 4.277 8.658 7.574 7.437 6.040 4.844 4.734 7.307 6.390 4.473 4.871 4.363 2.539 0.000 0.000 0.000 4.071 -999.250
4.981 2.711 0.875 0.497 0.774 1.540 3.336 4.047 3.889 4.594 6.741 9.367 10.828 7.839 4.750 2.798 0.452 0.809 0.890 0.096 0.000 0.000 0.000 0.000 0.000 0.412 0.000 0.285 0.800 2.748 4.597 2.847 3.226 2.425 0.122 1.923 2.773 2.476 1.299 0.849 3.536 4.150 5.781 3.210 3.462 5.500 5.820 3.812 5.050 6.370 6.758 5.201 6.287 4.968 7.129 6.611 5.985 4.953 7.312 5.635 4.078 4.917 5.463 4.393 2.284 1.296 2.452 4.210 -999.250
4.494 3.183 3.771 4.850 2.754 4.313 4.430 5.191 4.849 4.069 5.134 5.265 5.026 6.526 4.718 4.973 3.000 0.000 0.000 0.000 0.000 0.000 0.000 0.000 0.000 0.000 0.686 1.720 1.541 3.315 2.308 2.328 3.388 2.456 0.507 2.785 2.861 2.304 1.882 0.237 3.413 4.088 3.749 3.288 4.396 3.484 5.153 6.359 3.312 7.449 8.679 5.785 5.102 6.874 5.273 6.494 5.025 6.484 6.176 4.951 4.683 6.046 3.947 4.550 2.088 1.880 2.543 -999.250 -999.250
4.617 5.444 5.317 5.150 4.217 4.201 5.342 6.527 5.020 2.364 2.976 3.888 3.879 4.168 4.065 3.167 1.414 0.000 0.000 0.000 0.000 0.000 0.000 0.000 0.000 0.181 0.000 0.000 0.000 1.835 1.921 0.970 3.057 2.097 2.171 4.133 4.050 3.087 2.040 3.185 3.351 4.797 3.235 3.815 4.119 3.924 6.635 5.923 3.783 5.038 8.850 8.877 3.768 4.247 3.625 4.586 5.161 6.629 4.581 4.360 3.032 2.704 3.691 4.599 3.719 2.480 3.594 -999.250 -999.250
5.830 4.178 5.865 3.502 3.565 2.899 4.426 6.870 4.058 2.135 1.331 1.775 1.651 1.762 1.504 3.646 1.320 0.000 0.000 0.000 0.000 0.000 0.000 0.000 0.000 0.251 0.000 0.000 0.000 0.000 0.227 0.000 2.303 2.021 3.491 3.395 2.270 0.788 0.743 1.100 1.538 3.573 3.527 3.903 4.050 3.795 2.405 3.864 5.310 5.402 6.609 5.237 3.201 2.965 3.744 4.265 4.040 5.858 5.682 4.902 3.754 3.510 1.592 2.306 3.846 3.404 4.183 -999.250 -999.250
6.382 5.440 6.083 5.360 3.995 3.810 3.003 3.236 3.555 0.871 3.233 1.621 2.015 0.738 0.842 3.464 0.106 0.000 0.000 0.000 0.000 0.000 0.000 0.000 0.000 0.000 0.000 0.000 0.097 0.327 0.423 0.000 0.290 2.472 1.860 2.055 2.940 1.086 0.131 0.810 1.847 0.235 0.818 2.388 2.938 3.320 1.902 4.084 5.781 3.631 4.940 3.545 2.803 2.846 3.495 2.415 1.879 3.952 3.896 4.712 1.747 2.143 3.443 3.576 3.526 3.341 -999.250 -999.250 -999.250
5.188 4.070 5.967 5.332 7.050 4.200 3.115 3.463 2.551 2.698 3.323 2.917 0.294 2.158 1.670 0.000 0.000 0.000 0.000 0.000 0.000 0.000 0.000 0.000 0.000 0.000 0.000 0.000 0.000 0.000 0.000 0.000 0.000 1.962 2.283 0.252 3.112 2.425 1.157 0.000 0.000 0.000 1.609 2.385 3.330 1.602 2.961 3.644 4.295 4.984 5.886 3.276 2.933 5.814 3.539 3.279 4.501 2.782 4.374 3.747 4.722 4.348 5.509 3.808 2.368 2.590 2.801 -999.250 -999.250
5.667 5.632 4.704 6.635 10.351 3.172 4.727 3.355 4.836 2.500 0.734 1.903 2.051 3.142 1.861 0.421 0.000 0.000 0.000 0.000 0.000 0.000 0.000 0.000 0.000 0.000 0.000 0.000 0.000 0.000 0.000 0.370 0.000 0.370 0.000 0.000 0.315 1.167 0.000 0.000 0.000 0.000 0.970 1.494 1.859 3.168 3.447 2.799 4.787 4.099 3.702 3.618 3.441 2.685 3.902 4.261 3.444 5.092 3.882 2.223 4.415 3.101 4.428 -999.250 -999.250 -999.250 -999.250 -999.250 -999.250
6.164 6.228 5.686 7.649 7.175 4.013 2.223 3.929 2.166 4.523 0.000 0.902 0.611 2.693 0.847 0.000 0.000 0.000 0.000 0.000 0.000 0.000 0.000 0.000 0.000 0.000 0.000 0.000 0.000 0.000 0.000 0.000 0.069 0.000 0.000 0.000 0.000 0.000 0.865 0.000 0.000 0.000 0.000 1.766 3.265 4.265 4.017 3.915 5.436 3.797 2.454 2.326 2.566 3.862 4.399 3.360 4.711 3.664 5.049 5.073 3.098 3.950 3.215 4.434 -999.250 -999.250 -999.250 -999.250 -999.250
6.516 5.398 6.446 6.490 6.243 4.463 4.162 3.543 3.211 3.668 0.603 0.000 0.910 1.808 0.000 0.000 0.000 0.000 0.000 0.000 0.000 0.000 0.000 0.000 0.000 0.000 0.000 0.000 0.000 0.000 0.000 0.000 0.000 0.000 0.000 0.000 0.000 0.000 0.000 0.000 0.000 0.000 0.000 0.000 2.916 3.527 4.235 4.610 2.523 1.374 0.000 0.000 0.000 1.131 2.531 6.792 7.812 4.367 7.088 2.947 3.499 2.001 -999.250 -999.250 -999.250 -999.250 -999.250 -999.250 -999.250
7.370 4.490 7.966 4.948 4.116 3.765 4.283 5.153 4.499 3.309 2.813 0.339 0.000 1.182 0.000 0.000 0.000 0.000 0.000 0.000 0.000 0.000 0.000 0.000 0.000 0.000 0.000 0.000 0.000 0.000 0.000 0.000 0.000 0.000 0.000 0.000 0.000 0.000 0.000 0.000 0.000 0.000 0.000 0.178 2.277 3.728 2.382 3.530 3.757 2.030 0.000 0.000 0.000 1.673 4.097 3.545 4.589 4.752 3.869 2.740 2.337 2.556 -999.250 -999.250 -999.250 -999.250 -999.250 -999.250 -999.250
7.023 6.624 9.605 5.123 4.234 4.232 2.729 6.005 3.498 2.983 1.678 0.068 0.000 0.000 0.000 0.000 0.000 0.000 0.000 0.000 0.000 0.000 0.000 0.000 0.000 0.000 0.000 0.000 0.000 0.000 0.000 0.000 0.000 0.000 0.000 0.000 0.000 0.000 0.000 0.000 0.000 0.000 0.000 0.000 1.392 2.666 3.377 2.838 3.176 2.859 0.193 0.003 0.055 2.775 4.061 3.791 4.851 4.518 3.129 2.196 0.849 -999.250 -999.250 -999.250 -999.250 -999.250 -999.250 -999.250 -999.250
5.411 7.449 6.517 6.618 4.726 3.785 3.353 3.505 2.683 0.358 0.007 0.000 0.000 0.000 0.000 0.000 0.000 0.000 0.000 0.000 0.000 0.000 0.000 0.000 0.000 0.000 0.000 0.000 0.000 0.000 0.000 0.000 0.000 0.000 0.000 0.000 0.000 0.000 0.000 0.000 0.000 0.000 0.000 0.239 1.434 3.919 2.850 3.610 5.935 4.596 5.136 4.047 3.775 3.513 3.922 4.686 5.664 4.047 0.929 -999.250 -999.250 -999.250 -999.250 -999.250 -999.250 -999.250 -999.250 -999.250 -999.250
8.664 5.058 6.465 6.893 5.272 1.786 1.466 2.748 2.433 0.871 0.507 0.000 0.000 0.000 0.000 0.000 0.000 0.000 0.000 0.000 0.000 0.000 0.000 0.000 0.000 0.000 0.000 0.000 0.000 0.000 0.000 0.000 0.000 0.000 0.000 0.000 0.000 0.000 0.000 0.305 0.000 0.000 0.000 2.840 3.274 4.027 4.525 4.975 4.447 5.619 6.096 4.845 3.580 4.065 3.778 3.999 3.658 2.413 1.314 -999.250 -999.250 -999.250 -999.250 -999.250 -999.250 -999.250 -999.250 -999.250 -999.250
7.937 8.098 7.900 7.508 3.696 0.000 0.000 2.318 2.171 1.229 1.262 0.000 0.000 0.000 0.000 0.000 0.000 0.000 0.000 0.000 0.000 0.000 0.000 0.000 0.000 0.000 0.000 0.000 0.000 0.000 0.000 0.000 0.000 0.000 0.000 0.000 0.000 0.000 0.000 3.309 1.306 1.832 0.363 4.853 4.560 5.890 5.322 4.291 4.950 6.041 7.009 4.503 3.879 4.178 -999.250 2.833 3.231 -999.250 -999.250 -999.250 -999.250 -999.250 -999.250 -999.250 -999.250 -999.250 -999.250 -999.250 -999.250
7.779 9.108 5.827 3.777 0.000 0.000 0.000 2.491 5.428 2.560 2.261 0.000 0.000 0.000 0.000 0.000 0.000 0.000 0.000 0.000 0.000 0.000 0.000 0.000 0.000 0.000 0.000 0.000 0.000 0.000 0.000 0.000 0.000 0.000 0.000 0.000 0.000 0.000 0.000 2.441 1.604 0.486 2.517 5.168 5.768 6.753 6.607 5.412 6.551 5.189 3.700 4.555 -999.250 -999.250 -999.250 -999.250 -999.250 -999.250 -999.250 -999.250 -999.250 -999.250 -999.250 -999.250 -999.250 -999.250 -999.250 -999.250 -999.250
8.804 9.791 6.956 3.941 0.000 0.000 0.000 3.506 5.461 4.904 3.183 3.070 0.000 0.000 0.000 0.000 0.000 0.000 0.000 0.000 0.000 0.000 0.000 0.000 0.000 0.000 0.000 0.000 0.000 0.000 0.000 0.000 0.000 0.000 0.000 0.000 0.000 0.000 0.000 0.816 0.000 0.990 2.665 3.725 3.286 4.178 6.044 6.283 7.742 8.146 5.577 -999.250 -999.250 -999.250 -999.250 -999.250 -999.250 -999.250 -999.250 -999.250 -999.250 -999.250 -999.250 -999.250 -999.250 -999.250 -999.250 -999.250 -999.250
10.523 8.072 6.828 6.217 4.998 0.000 7.958 10.124 10.160 5.981 5.276 3.362 2.036 0.000 0.000 0.000 0.000 0.000 0.000 0.000 0.000 0.000 0.000 0.000 0.000 0.000 0.000 0.000 0.000 0.000 0.690 0.735 0.018 0.000 0.000 0.000 0.000 0.000 0.000 1.888 1.995 2.253 3.542 5.874 4.436 4.865 6.162 5.090 7.821 7.745 8.304 -999.250 -999.250 -999.250 -999.250 -999.250 -999.250 -999.250 -999.250 -999.250 -999.250 -999.250 -999.250 -999.250 -999.250 -999.250 -999.250 -999.250 -999.250
7.007 4.407 4.989 10.320 19.865 44.380 21.878 15.264 10.412 8.011 6.294 3.845 1.412 0.000 0.000 0.000 0.000 0.000 0.000 0.000 0.000 0.000 0.000 0.000 0.000 0.000 0.000 0.000 0.000 0.000 0.075 1.006 0.523 0.000 0.000 0.000 0.000 0.000 1.250 1.476 3.876 3.847 2.921 7.131 5.996 5.958 5.335 7.887 8.244 9.030 -999.250 -999.250 -999.250 -999.250 -999.250 -999.250 -999.250 -999.250 -999.250 -999.250 -999.250 -999.250 -999.250 -999.250 -999.250 -999.250 -999.250 -999.250 -999.250
2.743 0.000 2.578 9.468 23.853 29.507 19.384 14.303 10.503 6.235 3.671 3.394 1.224 0.000 0.000 0.000 0.000 0.000 0.000 0.000 0.000 0.000 0.000 0.000 0.000 0.000 1.407 0.000 0.000 0.000 1.033 0.694 1.814 0.000 0.000 0.000 0.000 1.444 2.360 3.314 5.421 3.707 4.493 5.922 6.643 6.152 8.352 6.495 5.868 -999.250 -999.250 -999.250 -999.250 -999.250 -999.250 -999.250 -999.250 -999.250 -999.250 -999.250 -999.250 -999.250 -999.250 -999.250 -999.250 -999.250 -999.250 -999.250 -999.250
0.000 0.000 2.923 6.815 15.777 19.770 13.803 10.934 6.003 3.107 0.000 0.000 0.000 0.000 0.000 0.000 0.000 0.000 0.000 0.000 0.000 0.000 0.000 0.000 0.089 0.000 1.713 1.786 0.562 0.761 2.419 4.096 4.452 2.970 3.371 2.331 2.554 3.191 2.427 5.151 5.728 5.826 5.609 5.673 4.723 7.623 11.953 12.127 6.675 -999.250 -999.250 -999.250 -999.250 -999.250 -999.250 -999.250 -999.250 -999.250 -999.250 -999.250 -999.250 -999.250 -999.250 -999.250 -999.250 -999.250 -999.250 -999.250 -999.250
0.000 0.000 0.584 4.721 8.336 9.956 7.399 4.978 2.589 0.000 0.000 0.000 0.000 0.000 0.000 0.000 0.000 0.000 0.000 0.000 0.000 0.000 0.000 0.000 0.606 0.274 3.378 2.860 3.861 4.385 4.709 6.596 7.600 7.094 3.611 3.817 5.854 6.708 5.020 4.976 6.735 5.852 7.246 4.122 7.031 15.885 18.643 14.311 -999.250 -999.250 -999.250 -999.250 -999.250 -999.250 -999.250 -999.250 -999.250 -999.250 -999.250 -999.250 -999.250 -999.250 -999.250 -999.250 -999.250 -999.250 -999.250 -999.250 -999.250
0.000 0.000 4.203 3.952 8.034 4.459 6.540 2.632 0.000 0.000 0.000 0.000 0.000 0.000 0.000 0.000 0.000 0.203 0.964 0.000 0.000 2.285 2.020 2.452 2.791 3.030 4.590 4.206 3.303 3.642 4.144 9.240 15.377 8.626 5.468 3.566 3.755 7.256 5.593 4.740 4.520 6.321 8.896 6.862 10.490 16.137 30.321 16.501 -999.250 -999.250 -999.250 -999.250 -999.250 -999.250 -999.250 -999.250 -999.250 -999.250 -999.250 -999.250 -999.250 -999.250 -999.250 -999.250 -999.250 -999.250 -999.250 -999.250 -999.250
0.000 1.494 3.078 3.635 2.822 4.834 3.242 3.827 0.000 0.000 0.000 0.000 0.000 0.000 0.000 0.000 0.190 2.100 0.610 2.297 1.778 2.335 2.673 2.724 4.249 4.039 5.239 6.751 4.743 5.099 9.215 8.909 8.757 10.154 5.145 3.564 4.365 6.146 6.297 3.900 3.411 6.404 6.268 7.179 8.212 10.650 18.794 13.800 -999.250 -999.250 -999.250 -999.250 -999.250 -999.250 -999.250 -999.250 -999.250 -999.250 -999.250 -999.250 -999.250 -999.250 -999.250 -999.250 -999.250 -999.250 -999.250 -999.250 -999.250
1.295 3.434 3.897 1.137 0.868 1.012 2.616 0.913 0.000 0.000 0.000 0.000 0.000 0.000 0.000 0.000 0.000 0.000 2.277 2.611 3.093 3.708 3.029 4.546 4.220 3.460 5.616 6.579 6.877 7.298 8.669 6.418 6.242 5.110 6.415 4.444 4.722 5.029 5.548 6.036 3.897 8.664 7.163 7.536 10.295 11.501 13.442 -999.250 -999.250 -999.250 -999.250 -999.250 -999.250 -999.250 -999.250 -999.250 -999.250 -999.250 -999.250 -999.250 -999.250 -999.250 -999.250 -999.250 -999.250 -999.250 -999.250 -999.250 -999.250
1.613 4.295 3.785 2.748 0.000 0.489 0.104 0.000 0.000 0.000 0.000 0.000 0.000 0.000 0.000 0.000 0.828 1.374 1.568 2.991 7.917 8.829 8.702 4.260 4.186 2.633 3.046 4.157 5.169 6.609 7.430 6.311 5.078 8.159 5.765 6.244 4.971 4.487 3.483 4.740 5.686 5.670 7.774 7.936 8.266 9.926 9.767 -999.250 -999.250 -999.250 -999.250 -999.250 -999.250 -999.250 -999.250 -999.250 -999.250 -999.250 -999.250 -999.250 -999.250 -999.250 -999.250 -999.250 -999.250 -999.250 -999.250 -999.250 -999.250
2.451 2.375 4.059 0.000 0.000 0.000 0.000 0.000 0.000 0.000 0.219 0.000 0.000 0.000 0.000 0.000 1.803 0.423 2.589 6.567 9.661 11.506 13.623 10.515 7.162 7.236 3.984 5.867 4.989 4.083 5.528 6.292 2.360 3.909 6.033 6.721 5.165 4.947 4.879 4.812 5.171 6.710 7.585 7.058 9.072 8.665 -999.250 -999.250 -999.250 -999.250 -999.250 -999.250 -999.250 -999.250 -999.250 -999.250 -999.250 -999.250 -999.250 -999.250 -999.250 -999.250 -999.250 -999.250 -999.250 -999.250 -999.250 -999.250 -999.250
