data/medianmodel_08-Jul-2020.asc
ncols	141
nrows	288
xllcorner	-120191.398
yllcorner	-301404.813
cellsize	2000.000
NODATA_value	-999.250
[rows 155 to 185 of 288, columns 0 to 68 of 141]
-999.250 -999.250 -999.250 -999.250 -999.250 -999.250 -999.250 43.186 37.195 39.661 40.604 32.096 35.764 38.557 48.671 52.804 63.777 76.119 86.281 86.337 76.912 69.106 49.962 29.433 15.160 4.907 0.000 0.000 0.000 0.000 0.486 1.282 4.044 7.439 9.932 11.488 12.121 13.822 13.197 12.695 10.527 9.384 7.922 6.188 4.984 1.423 0.000 0.000 0.000 0.000 0.000 0.000 0.000 0.000 0.000 0.000 0.000 0.000 0.000 0.000 0.000 0.000 0.000 0.000 0.000 0.000 0.000 0.000 0.000
-999.250 -999.250 -999.250 -999.250 -999.250 -999.250 -999.250 37.513 36.331 35.676 23.952 23.594 28.497 36.906 39.370 48.523 52.939 64.288 66.774 65.058 63.580 49.603 37.097 20.889 15.343 6.112 0.951 0.000 0.000 0.000 1.908 3.617 5.153 8.685 9.698 11.627 13.454 13.414 13.050 11.467 9.166 9.383 7.022 6.195 3.453 1.932 0.000 0.000 0.000 0.000 0.000 0.000 0.000 0.000 0.000 0.000 0.000 0.000 0.000 0.000 0.000 0.000 0.000 0.000 0.000 0.000 0.000 0.000 0.000
-999.250 -999.250 -999.250 -999.250 -999.250 -999.250 -999.250 30.192 26.855 18.813 24.361 20.706 19.054 21.913 27.733 36.068 40.973 39.542 57.306 55.450 55.437 50.014 32.559 26.138 17.258 9.328 5.231 3.441 2.135 3.236 2.917 2.920 6.206 8.405 10.798 13.717 14.564 14.286 13.907 11.424 11.579 8.835 8.792 6.403 3.552 0.279 0.000 0.000 0.000 0.000 0.000 0.000 0.000 0.000 0.000 0.000 0.000 0.000 0.000 0.000 0.000 0.000 0.000 0.000 0.000 0.000 0.000 0.000 0.000
-999.250 -999.250 -999.250 -999.250 -999.250 -999.250 -999.250 22.720 19.673 16.126 20.950 17.316 15.413 18.321 22.623 35.031 34.214 33.890 40.666 55.460 53.288 49.113 31.956 29.629 18.673 14.057 9.056 5.219 3.630 4.792 5.552 4.180 7.742 9.966 10.758 13.658 15.501 14.332 13.232 12.259 12.895 11.294 8.744 8.197 4.948 1.026 0.000 0.000 0.000 0.000 0.000 0.000 0.000 0.000 0.000 0.000 0.000 0.000 0.000 0.000 0.000 0.000 0.000 0.000 0.000 0.000 0.000 0.000 0.000
-999.250 -999.250 -999.250 -999.250 -999.250 -999.250 -999.250 -999.250 20.511 21.093 19.126 16.506 16.572 17.495 21.431 33.959 33.341 32.847 47.402 49.526 39.136 43.960 40.002 30.423 21.044 17.573 14.289 11.275 7.514 6.656 7.963 7.470 7.535 12.333 12.912 14.166 14.116 14.179 14.428 12.717 12.514 11.665 10.638 6.978 3.845 2.002 0.000 0.000 0.000 0.000 0.000 0.000 0.000 0.000 0.000 0.000 0.000 0.000 0.000 0.000 0.000 0.000 0.000 0.000 0.000 0.000 0.000 0.000 0.000
-999.250 -999.250 -999.250 -999.250 -999.250 -999.250 -999.250 -999.250 20.353 27.074 19.080 18.014 15.505 17.046 24.106 31.852 36.141 32.673 43.044 49.818 46.379 46.541 36.616 31.834 28.251 19.469 18.057 14.036 12.271 10.120 9.025 8.475 8.756 11.164 14.134 15.588 18.650 16.566 13.778 12.910 12.612 14.166 9.084 6.535 2.490 0.451 0.000 0.000 0.000 0.000 0.000 0.000 0.000 0.000 0.000 0.000 0.000 0.000 0.000 0.000 0.000 0.000 0.000 0.000 0.000 0.000 0.000 0.000 0.000
-999.250 -999.250 -999.250 -999.250 -999.250 -999.250 -999.250 18.958 21.078 18.724 17.687 17.684 15.704 18.199 31.198 30.038 30.113 38.854 45.892 62.052 52.848 46.124 39.354 37.088 31.759 24.003 19.406 16.459 12.216 12.194 11.301 8.495 7.793 8.776 13.219 17.118 27.864 18.496 11.585 10.803 9.903 10.011 6.871 4.730 2.494 0.278 0.000 0.000 0.000 0.000 0.000 0.000 0.000 0.000 0.000 0.000 0.000 1.121 0.000 0.000 0.000 0.000 0.000 0.000 0.000 0.000 0.000 0.000 0.000
-999.250 -999.250 -999.250 -999.250 -999.250 -999.250 -999.250 24.317 19.421 18.630 19.815 17.191 17.699 18.459 25.813 27.249 32.748 40.020 52.501 55.025 65.823 59.280 50.706 52.156 36.044 27.814 21.632 19.198 16.913 15.075 11.053 10.176 8.465 10.029 10.531 13.756 15.719 13.437 10.777 7.844 6.496 5.429 3.388 1.971 0.704 0.000 0.000 0.000 0.000 0.000 0.000 0.000 0.000 0.000 0.000 0.000 0.000 0.000 0.000 0.000 0.000 0.000 0.000 0.000 0.000 0.000 0.000 0.000 0.000
-999.250 -999.250 -999.250 -999.250 -999.250 -999.250 -999.250 33.214 27.117 26.481 27.084 24.407 24.531 28.478 34.251 34.909 37.097 56.427 50.724 64.153 58.102 63.619 49.431 52.762 43.511 33.555 32.283 23.952 19.342 14.634 12.306 10.444 8.936 8.247 8.606 9.542 7.782 6.662 4.435 3.370 2.923 1.977 2.818 0.000 0.000 0.000 0.000 0.000 0.000 0.000 0.000 0.000 0.000 0.000 0.000 0.000 0.000 0.183 0.000 0.000 0.000 0.000 0.000 0.000 0.000 0.000 0.000 0.000 0.000
-999.250 -999.250 -999.250 -999.250 -999.250 -999.250 -999.250 48.070 35.335 38.863 31.601 37.611 41.540 35.253 36.829 42.863 40.668 57.143 61.856 52.153 60.613 60.055 54.883 54.327 43.305 42.807 33.763 39.631 23.506 17.261 14.988 11.224 8.228 6.741 5.576 4.790 3.423 2.511 1.063 0.000 0.000 0.000 0.000 0.000 0.000 0.000 0.000 0.000 0.000 0.000 0.000 0.000 0.000 0.000 0.000 0.000 0.000 0.000 0.000 0.000 0.000 0.000 0.000 0.000 0.000 0.000 0.000 0.000 0.000
-999.250 -999.250 -999.250 -999.250 -999.250 -999.250 48.937 40.217 43.890 39.245 44.440 43.458 54.250 53.676 47.366 55.200 56.853 70.948 63.303 55.222 58.804 62.630 59.614 56.610 61.747 46.099 43.258 46.704 31.596 20.569 15.880 12.582 6.937 3.675 0.717 0.384 0.000 0.000 0.000 0.000 0.000 0.000 0.000 0.000 0.000 0.000 0.000 0.000 0.000 0.000 0.000 0.000 0.000 0.000 0.000 0.000 0.000 0.000 0.000 0.000 0.000 0.000 0.000 0.000 0.000 0.000 0.000 0.000 0.000
-999.250 -999.250 -999.250 -999.250 -999.250 -999.250 46.086 39.799 48.381 47.378 61.777 53.719 60.400 61.790 56.486 59.147 54.368 60.617 63.905 60.734 62.448 57.977 66.709 68.978 57.856 61.215 61.232 59.343 38.460 24.670 17.649 11.495 6.722 3.263 0.000 0.000 0.000 0.000 0.000 0.000 0.000 0.000 0.000 0.000 0.000 0.000 0.000 0.000 0.000 0.000 0.000 0.349 0.000 0.003 0.000 0.000 1.247 0.000 0.000 0.000 0.000 0.000 0.000 0.000 0.000 0.000 0.000 0.000 0.000
-999.250 -999.250 -999.250 -999.250 -999.250 45.968 51.256 57.892 57.682 60.456 69.684 65.666 71.962 65.256 64.096 60.543 55.722 60.837 65.420 57.882 70.339 69.932 78.375 67.950 64.987 61.081 63.325 66.033 51.802 30.543 22.224 11.658 9.061 2.203 0.000 0.000 0.000 0.000 0.000 0.000 0.000 0.000 0.000 0.000 0.000 0.000 0.000 0.000 1.004 0.240 1.057 0.000 1.046 0.557 0.851 0.256 0.000 0.088 0.000 0.000 0.000 0.000 0.000 0.000 0.000 0.000 0.000 0.000 0.000
-999.250 -999.250 -999.250 -999.250 -999.250 55.635 63.365 65.037 59.126 68.127 70.366 77.677 71.969 76.097 70.663 65.465 68.343 66.794 61.306 60.680 62.909 69.400 75.499 67.073 71.435 66.972 62.029 54.233 50.379 36.526 19.045 14.308 9.388 3.600 0.000 0.000 0.000 0.000 0.000 0.000 0.000 0.000 0.000 0.000 0.000 0.932 0.000 0.576 0.789 1.366 2.106 1.849 2.923 1.760 0.527 4.493 2.267 3.409 0.682 1.810 2.537 1.286 0.000 0.000 0.000 0.000 0.000 0.000 0.000
-999.250 -999.250 -999.250 -999.250 58.572 70.632 68.704 62.174 65.137 67.605 71.908 71.913 71.844 66.355 71.978 72.753 75.651 73.989 63.342 63.539 61.021 65.554 67.455 67.294 64.225 65.215 58.212 57.075 48.609 26.271 18.408 12.928 10.188 4.305 0.000 0.000 0.000 0.000 0.000 0.000 0.000 0.000 0.481 1.573 2.092 2.458 3.151 2.606 4.503 3.120 3.024 2.865 4.484 5.094 2.657 2.040 4.535 4.379 4.142 2.325 1.830 1.281 0.000 0.000 0.000 0.000 0.000 0.000 0.000
-999.250 -999.250 -999.250 -999.250 66.713 75.348 75.703 77.252 75.773 75.428 73.987 75.911 70.294 64.672 77.235 84.132 86.156 63.953 55.610 48.565 53.685 63.676 72.641 65.967 65.280 57.722 56.398 57.859 39.688 29.698 19.725 13.724 10.100 5.904 1.396 0.000 0.000 0.000 0.000 0.000 0.000 0.817 1.779 3.524 4.483 4.719 4.239 4.296 4.772 4.281 3.649 3.577 6.988 5.660 5.076 5.161 5.542 5.187 4.298 3.170 3.233 1.640 0.681 2.836 0.298 0.000 0.000 0.000 0.000
-999.250 -999.250 -999.250 -999.250 72.804 71.441 78.191 79.599 79.900 79.085 79.440 82.346 92.637 82.131 84.783 84.107 76.698 62.966 54.035 44.299 48.360 48.081 59.728 61.342 61.752 51.691 55.119 56.208 42.704 32.774 21.990 14.511 12.284 5.371 1.913 0.511 0.000 0.000 0.000 0.000 0.710 2.655 4.457 5.381 7.096 6.792 4.744 4.455 6.452 5.014 4.742 5.545 7.351 6.361 6.265 5.812 7.174 5.977 4.479 4.899 5.220 2.375 3.047 2.562 0.541 0.000 0.000 0.000 0.000
-999.250 -999.250 -999.250 -999.250 83.031 83.615 80.518 88.420 81.431 88.277 79.405 91.749 100.110 90.306 85.304 87.915 85.966 65.123 48.465 35.070 33.308 33.967 43.423 45.805 60.774 59.375 47.263 48.603 41.928 34.973 22.787 18.975 12.087 6.734 4.583 4.696 1.113 0.000 0.000 2.260 3.613 6.307 7.613 9.158 9.178 8.167 9.639 7.682 5.547 8.182 6.121 6.619 7.807 9.035 7.776 9.557 9.108 7.360 6.039 5.868 5.313 6.727 2.429 5.054 1.593 1.673 0.348 0.000 0.000
-999.250 -999.250 -999.250 -999.250 88.507 96.578 103.137 99.100 99.960 88.729 88.408 90.497 91.728 77.890 89.285 99.707 93.888 66.993 29.974 18.982 19.335 28.161 35.770 53.546 53.273 57.159 46.884 40.831 41.787 38.465 26.415 17.308 11.064 7.563 6.382 4.813 3.425 3.128 1.791 5.415 5.976 7.447 10.789 10.627 10.706 8.824 9.353 9.336 7.524 7.683 8.806 10.499 8.542 10.504 11.527 12.190 10.517 9.799 9.198 7.714 5.798 6.532 3.895 3.968 3.895 2.428 2.889 0.000 0.000
-999.250 -999.250 -999.250 -999.250 106.587 114.086 114.022 112.181 110.659 103.603 106.995 99.885 81.122 85.948 82.953 82.101 76.414 49.854 22.066 12.977 17.277 23.461 36.263 39.899 58.699 61.090 60.056 49.799 44.552 37.167 24.043 19.680 13.794 9.995 9.804 6.684 4.045 4.282 5.058 5.794 9.812 11.777 12.943 12.394 11.728 10.657 9.688 10.592 10.696 10.968 9.532 7.514 9.138 11.073 12.885 13.534 12.268 12.002 10.820 10.586 8.551 6.864 5.847 4.785 4.036 2.858 1.959 1.189 0.265
-999.250 -999.250 -999.250 -999.250 116.446 114.394 119.034 126.276 114.824 104.156 95.463 90.509 95.402 94.518 80.844 70.358 58.871 44.775 22.907 17.991 20.722 36.546 49.055 56.729 64.508 67.603 66.319 58.290 49.481 38.984 30.811 23.852 17.090 13.059 11.775 11.522 7.177 6.695 8.758 8.309 10.035 14.244 15.476 15.222 14.500 13.002 12.757 10.948 10.285 10.273 9.950 10.194 10.266 12.900 12.350 14.835 15.215 15.532 13.981 12.435 8.738 9.435 8.612 7.278 5.574 3.470 2.435 1.846 1.138
-999.250 -999.250 -999.250 -999.250 107.716 131.920 124.371 135.588 125.419 115.310 99.102 108.215 87.261 89.387 83.378 68.703 62.000 47.354 39.728 43.131 49.501 57.882 66.642 67.723 76.554 69.439 71.381 76.371 61.425 59.477 44.617 31.225 24.475 17.916 15.725 12.133 9.988 10.841 10.915 11.578 10.960 13.868 16.380 22.895 16.767 13.960 13.358 10.424 12.197 9.498 10.096 11.686 12.470 12.764 12.322 13.554 17.199 24.166 15.301 11.695 11.678 9.698 8.852 7.124 4.731 3.741 4.865 3.455 0.425
-999.250 -999.250 -999.250 -999.250 108.044 118.398 123.439 126.563 122.322 117.183 112.202 113.222 105.227 94.933 86.857 78.931 77.128 65.097 68.868 69.490 72.225 73.461 75.937 79.221 77.986 76.904 70.084 66.085 62.584 61.696 46.446 45.137 31.241 23.972 16.877 15.731 13.354 13.871 13.414 12.188 12.389 15.197 16.267 17.606 15.333 15.094 13.143 11.422 9.081 9.982 12.835 11.706 11.731 13.711 12.839 13.396 14.251 16.195 13.276 13.716 11.692 11.052 9.935 7.627 5.790 4.471 4.366 3.057 2.059
-999.250 -999.250 -999.250 -999.250 123.545 128.250 133.470 130.356 128.098 123.951 109.374 113.480 107.423 104.608 102.266 96.129 82.357 83.900 83.845 90.988 107.977 103.483 98.414 97.027 82.132 82.245 71.339 68.781 69.703 64.500 59.294 45.862 33.559 36.704 30.227 20.660 17.348 16.358 12.808 14.894 12.654 13.856 14.312 13.637 14.788 14.726 12.470 10.326 9.763 9.590 11.537 10.440 10.956 11.208 13.073 12.876 14.192 13.905 12.833 11.449 10.887 8.910 10.277 8.750 6.976 5.248 3.999 3.779 2.505
-999.250 -999.250 -999.250 124.819 148.754 129.836 132.654 148.982 144.231 140.961 119.568 130.318 125.000 121.857 112.387 92.338 98.034 109.833 89.622 117.357 133.843 118.808 101.301 99.195 88.176 81.009 75.900 69.856 70.474 68.445 67.125 46.807 38.455 33.681 27.072 23.221 20.690 20.770 17.306 15.349 15.366 16.799 14.541 14.368 12.473 13.904 11.588 11.225 11.427 9.084 10.199 10.745 9.757 11.651 11.787 13.369 13.931 13.272 11.428 12.223 11.331 10.179 9.068 8.493 6.960 5.950 5.279 2.938 3.446
-999.250 -999.250 -999.250 126.555 136.418 134.779 134.100 136.427 141.127 137.369 132.101 128.418 131.734 130.387 117.939 119.117 119.478 108.245 113.783 115.943 122.997 121.378 89.211 91.179 83.298 77.318 71.850 72.686 68.716 60.263 61.310 45.711 50.254 48.064 26.918 23.236 20.703 19.091 16.296 22.451 16.536 13.912 15.209 12.729 13.693 11.604 11.218 11.336 9.980 9.077 8.555 10.618 10.150 13.410 13.130 12.543 11.057 11.767 9.458 10.838 9.935 7.616 10.209 7.679 7.425 4.526 5.462 2.704 2.142
-999.250 -999.250 -999.250 136.250 147.257 148.594 155.127 136.371 141.082 124.026 136.091 135.961 143.354 130.696 139.427 132.099 129.917 126.898 125.069 117.634 116.701 99.420 88.793 79.631 84.179 79.956 74.635 73.901 63.147 57.709 61.704 51.731 45.217 38.068 32.286 26.850 21.388 17.988 15.126 16.116 14.768 13.931 13.603 13.497 12.729 11.218 9.796 11.479 9.126 8.485 10.612 11.108 10.435 10.105 10.817 9.499 10.879 10.740 11.212 9.265 9.024 9.115 8.085 5.758 5.489 2.315 1.750 3.295 2.580
-999.250 -999.250 114.155 127.662 138.412 151.890 145.972 143.696 145.035 142.699 144.438 141.098 148.257 141.455 140.312 141.604 141.355 136.356 123.703 112.854 111.087 101.641 98.117 83.874 73.789 75.494 67.744 59.969 52.867 60.805 60.147 51.109 38.122 31.446 32.137 36.376 34.627 21.001 18.651 14.820 15.256 14.413 14.227 12.804 10.897 9.300 10.367 10.685 10.481 6.207 8.391 8.966 7.628 7.204 8.125 11.317 11.847 9.228 9.769 8.611 6.633 6.612 4.957 5.020 5.298 2.608 0.920 0.841 0.422
-999.250 -999.250 116.161 121.064 129.915 143.985 142.663 153.095 149.652 149.109 150.216 156.868 140.722 141.370 147.269 146.010 142.934 132.602 132.759 119.034 -999.250 101.455 104.995 85.336 71.068 65.071 57.733 51.821 57.111 65.355 52.238 34.615 42.064 32.402 41.054 38.449 37.017 25.806 20.155 18.151 17.733 15.248 16.242 12.959 11.256 9.565 9.787 9.032 6.774 7.910 6.776 8.327 9.528 7.731 6.997 9.107 9.332 9.223 7.990 5.728 5.072 3.464 3.236 3.190 3.601 2.072 1.197 0.000 0.000
-999.250 113.550 119.843 122.428 135.705 145.325 150.814 159.209 167.657 167.717 166.393 150.081 149.902 135.730 142.855 148.118 158.643 138.058 133.351 -999.250 -999.250 85.732 82.644 76.191 64.253 58.493 45.986 47.725 49.131 47.538 43.083 43.029 30.791 30.841 31.348 36.519 38.541 24.650 17.927 19.280 14.575 13.258 13.611 11.142 8.779 8.301 7.676 9.383 6.158 6.783 6.454 5.094 5.984 8.054 6.405 9.106 7.371 8.603 7.103 6.651 4.063 4.457 2.163 0.278 0.000 0.000 0.000 0.000 0.000
-999.250 108.999 116.526 132.364 130.137 149.481 144.839 148.648 173.026 172.370 164.689 153.719 150.825 143.810 155.773 144.535 143.641 133.132 -999.250 -999.250 -999.250 -999.250 65.098 64.535 59.157 47.117 50.958 42.290 29.841 27.729 30.012 28.118 25.124 29.444 29.079 31.553 30.420 28.999 21.774 20.391 14.478 11.805 13.119 11.482 9.594 8.354 5.521 5.556 5.453 4.663 5.416 5.088 6.184 6.678 7.494 6.785 7.640 6.653 6.144 5.406 3.412 1.342 0.000 0.000 0.000 0.000 0.000 0.000 0.000
