data/medianmodel_14-Oct-2020.asc
ncols	141
nrows	288
xllcorner	-120191.398
yllcorner	-301404.813
cellsize	2000.000
NODATA_value	-999.250
[rows 90 to 119 of 288, columns 0 to 66 of 141]
-999.250 -999.250 -999.250 -999.250 -999.250 -999.250 -999.250 -999.250 -999.250 -999.250 -999.250 -999.250 -999.250 -999.250 -999.250 -999.250 -999.250 -999.250 -999.250 -999.250 -999.250 -999.250 -999.250 -999.250 -999.250 -999.250 -999.250 -999.250 -999.250 -999.250 -999.250 -999.250 22.796 20.611 22.931 26.781 35.180 35.536 39.363 45.222 42.113 45.162 33.067 29.855 32.669 27.434 23.686 22.091 17.270 16.142 17.195 17.406 18.992 22.631 23.254 23.582 22.952 31.241 31.795 28.498 30.058 27.595 45.529 38.325 32.684 33.408 35.277
-999.250 -999.250 -999.250 -999.250 -999.250 -999.250 -999.250 -999.250 -999.250 -999.250 -999.250 -999.250 -999.250 -999.250 -999.250 -999.250 -999.250 -999.250 -999.250 -999.250 -999.250 -999.250 -999.250 -999.250 -999.250 -999.250 -999.250 -999.250 -999.250 -999.250 -999.250 -999.250 20.001 18.736 20.853 23.329 27.844 29.726 34.615 45.198 43.080 39.966 34.126 29.504 29.593 28.297 25.118 23.710 18.320 14.763 16.521 16.804 18.152 21.112 20.944 25.719 24.550 23.769 28.098 26.486 26.510 27.384 29.766 33.352 28.863 25.009 26.441
-999.250 -999.250 -999.250 -999.250 -999.250 -999.250 -999.250 -999.250 -999.250 -999.250 -999.250 -999.250 -999.250 -999.250 -999.250 -999.250 -999.250 -999.250 -999.250 -999.250 -999.250 -999.250 -999.250 -999.250 -999.250 -999.250 -999.250 -999.250 -999.250 -999.250 -999.250 17.814 21.149 18.897 19.844 19.283 27.889 30.561 34.713 38.127 44.657 34.744 33.545 33.608 29.481 29.716 30.312 25.856 20.969 20.844 18.987 19.549 22.454 21.958 25.983 20.103 25.492 25.089 23.427 26.092 26.105 30.093 27.043 30.730 24.451 18.963 17.230
-999.250 -999.250 -999.250 -999.250 -999.250 -999.250 -999.250 -999.250 -999.250 -999.250 -999.250 -999.250 -999.250 -999.250 -999.250 -999.250 -999.250 -999.250 -999.250 -999.250 -999.250 -999.250 -999.250 -999.250 -999.250 -999.250 -999.250 -999.250 -999.250 -999.250 -999.250 19.288 16.549 14.990 17.417 24.220 28.229 34.190 42.579 41.494 42.576 48.277 40.225 35.507 35.948 34.045 36.687 26.792 22.328 22.799 18.835 20.439 21.306 23.519 20.540 24.532 23.949 21.018 24.623 24.969 27.023 26.599 23.141 21.179 18.613 17.453 12.660
-999.250 -999.250 -999.250 -999.250 -999.250 -999.250 -999.250 -999.250 -999.250 -999.250 -999.250 -999.250 -999.250 -999.250 -999.250 -999.250 -999.250 -999.250 -999.250 -999.250 -999.250 -999.250 -999.250 -999.250 -999.250 -999.250 -999.250 -999.250 -999.250 -999.250 -999.250 18.864 17.130 16.793 21.202 28.939 37.047 41.060 45.967 54.209 51.859 53.438 53.693 46.575 49.700 37.153 32.609 31.337 25.911 22.529 19.536 21.139 20.380 22.873 22.553 23.595 24.836 21.140 19.506 20.207 23.501 20.009 19.754 18.833 15.422 11.130 7.853
-999.250 -999.250 -999.250 -999.250 -999.250 -999.250 -999.250 -999.250 -999.250 -999.250 -999.250 -999.250 -999.250 -999.250 -999.250 -999.250 -999.250 -999.250 -999.250 -999.250 -999.250 -999.250 -999.250 -999.250 -999.250 -999.250 -999.250 -999.250 -999.250 -999.250 -999.250 17.868 21.420 21.002 25.355 31.312 39.106 48.746 60.009 58.228 61.089 68.260 57.278 56.985 59.184 41.514 35.476 29.340 25.867 24.880 20.715 20.281 17.613 19.568 17.346 15.921 18.726 20.364 17.953 15.998 18.162 18.089 16.990 16.611 13.605 11.818 7.404
-999.250 -999.250 -999.250 -999.250 -999.250 -999.250 -999.250 -999.250 -999.250 -999.250 -999.250 -999.250 -999.250 -999.250 -999.250 -999.250 -999.250 -999.250 -999.250 -999.250 -999.250 -999.250 -999.250 -999.250 -999.250 -999.250 -999.250 -999.250 -999.250 -999.250 19.839 24.121 21.840 27.512 31.927 46.657 54.813 54.571 75.128 92.036 84.276 83.644 64.428 70.911 57.809 42.492 39.432 32.082 25.485 22.507 19.660 21.300 22.508 16.507 14.602 12.783 16.252 15.242 13.252 9.568 12.533 10.974 15.110 15.087 20.049 15.252 9.065
-999.250 -999.250 -999.250 -999.250 -999.250 -999.250 -999.250 -999.250 -999.250 -999.250 -999.250 -999.250 -999.250 -999.250 -999.250 -999.250 -999.250 -999.250 -999.250 -999.250 -999.250 -999.250 -999.250 -999.250 -999.250 -999.250 -999.250 -999.250 -999.250 -999.250 25.530 27.444 31.301 33.280 40.916 49.642 61.097 75.587 86.095 98.042 103.431 103.692 90.297 79.453 66.366 57.555 45.194 36.206 25.431 23.720 22.472 19.799 17.823 17.656 14.737 13.436 14.167 12.688 11.940 9.367 9.074 10.331 14.353 17.901 19.798 15.861 12.749
-999.250 -999.250 -999.250 -999.250 -999.250 -999.250 -999.250 -999.250 -999.250 -999.250 -999.250 -999.250 -999.250 -999.250 -999.250 -999.250 -999.250 -999.250 -999.250 -999.250 -999.250 -999.250 -999.250 -999.250 -999.250 -999.250 -999.250 -999.250 -999.250 -999.250 33.105 34.862 42.939 45.998 48.522 64.852 70.570 93.504 96.348 113.301 129.415 111.395 108.995 95.071 77.871 57.341 43.652 36.120 30.380 21.215 22.970 20.243 19.038 15.306 15.506 14.860 12.179 11.360 11.074 7.318 10.761 14.241 15.303 21.723 26.390 21.375 14.584
-999.250 -999.250 -999.250 -999.250 -999.250 -999.250 -999.250 -999.250 -999.250 -999.250 -999.250 -999.250 -999.250 -999.250 -999.250 -999.250 -999.250 -999.250 -999.250 -999.250 -999.250 -999.250 -999.250 -999.250 -999.250 -999.250 -999.250 -999.250 -999.250 -999.250 36.795 44.118 43.857 49.053 52.618 70.033 82.748 109.843 114.945 117.703 139.956 119.019 105.189 95.512 79.820 63.069 55.476 39.543 28.893 26.565 23.225 17.622 19.993 18.122 18.567 15.779 15.935 12.747 8.745 8.473 9.046 8.973 12.691 16.087 19.769 16.829 13.385
-999.250 -999.250 -999.250 -999.250 -999.250 -999.250 -999.250 -999.250 -999.250 -999.250 -999.250 -999.250 -999.250 -999.250 -999.250 -999.250 -999.250 -999.250 -999.250 -999.250 -999.250 -999.250 -999.250 -999.250 -999.250 -999.250 -999.250 -999.250 -999.250 43.621 37.065 42.187 43.585 43.864 52.873 71.969 87.621 101.960 108.863 118.868 123.794 109.647 108.680 100.879 90.060 68.211 58.531 44.717 35.886 27.527 26.807 22.058 20.761 15.077 18.615 15.443 15.032 15.177 9.309 8.805 8.330 10.253 11.391 13.465 14.554 13.333 10.991
-999.250 -999.250 -999.250 -999.250 -999.250 -999.250 -999.250 -999.250 -999.250 -999.250 -999.250 -999.250 -999.250 -999.250 -999.250 -999.250 -999.250 -999.250 -999.250 -999.250 -999.250 -999.250 -999.250 -999.250 -999.250 -999.250 -999.250 -999.250 -999.250 34.222 43.080 52.604 56.468 56.288 52.225 71.516 74.356 88.327 109.621 108.603 123.532 112.589 105.465 105.725 93.263 66.035 57.570 48.265 39.080 39.150 27.395 25.477 19.411 18.363 18.903 14.238 14.412 14.152 11.934 11.990 8.378 13.098 10.762 10.246 11.325 7.532 9.402
-999.250 -999.250 -999.250 -999.250 -999.250 -999.250 -999.250 -999.250 -999.250 -999.250 -999.250 -999.250 -999.250 -999.250 -999.250 -999.250 -999.250 -999.250 -999.250 -999.250 -999.250 -999.250 -999.250 -999.250 -999.250 -999.250 -999.250 -999.250 -999.250 49.660 42.622 51.798 52.586 59.453 61.585 55.444 64.374 78.503 82.512 104.772 117.129 112.557 101.676 92.659 88.643 81.247 64.507 52.400 41.180 33.940 30.282 24.696 21.854 21.907 19.986 16.882 17.516 14.371 13.922 13.233 8.796 8.722 8.428 9.421 7.759 6.410 8.134
-999.250 -999.250 -999.250 -999.250 -999.250 -999.250 -999.250 -999.250 -999.250 -999.250 -999.250 -999.250 -999.250 -999.250 -999.250 -999.250 -999.250 -999.250 -999.250 -999.250 -999.250 -999.250 -999.250 -999.250 -999.250 -999.250 -999.250 -999.250 -999.250 51.691 42.984 45.698 41.002 44.216 49.496 62.029 66.933 75.047 75.028 91.397 91.050 91.019 107.748 94.343 102.856 84.261 64.569 50.009 41.622 41.733 36.356 27.573 19.271 20.816 19.267 23.770 23.381 23.410 16.913 19.547 16.999 9.487 6.815 4.770 4.407 0.000 2.253
-999.250 -999.250 -999.250 -999.250 -999.250 -999.250 -999.250 -999.250 -999.250 -999.250 -999.250 -999.250 -999.250 -999.250 -999.250 -999.250 -999.250 -999.250 -999.250 -999.250 -999.250 -999.250 -999.250 -999.250 -999.250 -999.250 -999.250 -999.250 51.158 48.579 50.285 42.892 42.340 41.798 41.057 52.074 51.748 58.697 67.604 72.017 84.506 87.899 88.564 96.493 92.543 77.828 69.234 56.970 33.504 41.515 29.864 26.124 22.813 19.262 23.955 25.965 27.157 31.470 29.401 27.751 22.477 16.058 6.739 0.149 0.000 0.000 0.000
-999.250 -999.250 -999.250 -999.250 -999.250 -999.250 -999.250 -999.250 -999.250 -999.250 -999.250 -999.250 -999.250 -999.250 -999.250 -999.250 -999.250 -999.250 -999.250 -999.250 -999.250 -999.250 -999.250 -999.250 -999.250 -999.250 -999.250 -999.250 52.019 50.829 62.236 47.476 44.353 38.000 45.207 42.934 42.102 48.081 56.362 65.834 69.312 87.173 94.721 97.411 98.090 74.714 76.025 59.789 49.928 42.374 31.062 23.345 21.502 23.666 28.447 31.337 39.037 51.659 40.712 38.543 30.501 21.556 13.671 0.000 0.000 0.000 0.000
-999.250 -999.250 -999.250 -999.250 -999.250 -999.250 -999.250 -999.250 -999.250 -999.250 -999.250 -999.250 -999.250 -999.250 -999.250 -999.250 -999.250 -999.250 -999.250 -999.250 -999.250 -999.250 -999.250 -999.250 -999.250 -999.250 -999.250 60.589 58.632 63.241 56.221 51.299 43.357 37.217 31.529 37.512 33.175 39.412 43.609 53.580 65.246 74.604 100.148 93.120 93.531 85.727 79.080 67.207 51.353 41.740 31.217 24.930 22.177 31.973 38.633 44.345 56.532 64.113 71.008 70.145 60.153 38.519 22.734 0.920 0.000 0.000 0.517
-999.250 -999.250 -999.250 -999.250 -999.250 -999.250 -999.250 -999.250 -999.250 -999.250 -999.250 -999.250 -999.250 -999.250 -999.250 -999.250 -999.250 -999.250 -999.250 -999.250 -999.250 -999.250 -999.250 -999.250 -999.250 -999.250 -999.250 49.945 63.527 56.607 51.758 56.069 43.947 36.329 28.477 31.658 33.836 40.389 37.706 44.453 55.648 66.572 84.547 95.153 91.096 82.454 76.327 67.969 55.568 46.586 37.764 27.924 25.560 30.767 43.234 54.626 61.587 84.090 96.470 112.155 98.262 77.004 36.344 0.000 11.305 11.400 11.791
-999.250 -999.250 -999.250 -999.250 -999.250 -999.250 -999.250 -999.250 -999.250 -999.250 -999.250 -999.250 -999.250 -999.250 -999.250 -999.250 -999.250 -999.250 -999.250 -999.250 -999.250 -999.250 -999.250 -999.250 -999.250 -999.250 -999.250 65.241 63.129 63.190 55.665 47.562 41.754 33.874 28.616 30.094 31.628 35.909 37.043 35.867 49.981 66.500 85.613 85.810 103.862 92.704 79.913 70.242 52.935 37.736 31.018 26.510 29.136 33.518 46.787 73.804 86.506 115.587 140.746 149.067 141.239 124.432 90.695 50.499 43.042 33.338 23.787
-999.250 -999.250 -999.250 -999.250 -999.250 -999.250 -999.250 -999.250 -999.250 -999.250 -999.250 -999.250 -999.250 -999.250 -999.250 -999.250 -999.250 -999.250 -999.250 -999.250 -999.250 -999.250 -999.250 -999.250 -999.250 -999.250 -999.250 55.919 53.002 64.021 64.684 55.750 39.879 31.499 37.805 30.143 26.542 32.621 33.953 41.934 50.040 59.493 66.639 77.537 92.557 97.235 78.956 72.712 58.023 37.252 35.148 29.324 29.355 36.432 45.906 86.043 111.025 132.149 159.750 186.636 190.056 174.898 154.206 114.222 84.821 64.327 39.154
-999.250 -999.250 -999.250 -999.250 -999.250 -999.250 -999.250 -999.250 -999.250 -999.250 -999.250 -999.250 -999.250 -999.250 -999.250 -999.250 -999.250 -999.250 -999.250 -999.250 -999.250 -999.250 -999.250 -999.250 -999.250 -999.250 -999.250 -999.250 51.440 58.745 58.135 46.332 38.646 33.738 28.550 29.725 25.060 31.921 37.511 41.642 52.832 60.855 76.138 84.436 91.620 98.786 89.046 76.044 56.270 36.526 23.732 24.312 25.994 33.842 51.258 85.968 111.780 156.906 181.689 232.929 285.255 249.860 197.205 161.734 124.489 88.145 74.563
-999.250 -999.250 -999.250 -999.250 -999.250 -999.250 -999.250 -999.250 -999.250 -999.250 -999.250 -999.250 -999.250 -999.250 -999.250 -999.250 -999.250 -999.250 -999.250 -999.250 -999.250 -999.250 -999.250 -999.250 -999.250 -999.250 -999.250 -999.250 52.534 51.242 48.114 49.560 39.942 27.296 29.619 28.780 25.878 31.206 40.365 48.259 58.321 76.473 92.071 98.875 106.091 107.213 98.889 73.142 59.513 41.210 24.735 20.169 23.533 25.620 50.269 73.695 115.801 162.624 194.019 275.028 341.656 277.840 222.128 184.111 144.365 114.466 90.914
-999.250 -999.250 -999.250 -999.250 -999.250 -999.250 -999.250 -999.250 -999.250 -999.250 -999.250 -999.250 -999.250 -999.250 -999.250 -999.250 -999.250 -999.250 -999.250 -999.250 -999.250 -999.250 -999.250 -999.250 -999.250 -999.250 -999.250 -999.250 43.372 53.500 57.155 53.228 33.586 29.573 25.736 26.505 29.739 32.742 41.711 49.459 59.741 76.214 83.560 99.445 113.083 120.431 109.319 90.128 57.599 36.909 21.047 14.908 16.467 20.678 34.544 64.110 110.044 151.748 184.198 248.953 271.364 251.371 231.060 185.741 169.555 127.303 110.475
-999.250 -999.250 -999.250 -999.250 -999.250 -999.250 -999.250 -999.250 -999.250 -999.250 -999.250 -999.250 -999.250 -999.250 -999.250 -999.250 -999.250 -999.250 -999.250 -999.250 -999.250 -999.250 -999.250 -999.250 -999.250 -999.250 -999.250 -999.250 50.572 45.337 48.574 46.300 35.303 29.168 26.808 27.875 27.135 33.568 34.020 50.809 64.914 69.899 81.655 102.237 122.042 124.063 111.307 91.899 58.302 28.762 15.774 7.869 7.725 12.086 25.988 51.508 93.313 131.682 173.981 204.211 232.615 230.631 214.987 186.309 169.664 125.588 104.333
-999.250 -999.250 -999.250 -999.250 -999.250 -999.250 -999.250 -999.250 -999.250 -999.250 -999.250 -999.250 -999.250 -999.250 -999.250 -999.250 -999.250 -999.250 -999.250 -999.250 -999.250 -999.250 -999.250 -999.250 -999.250 -999.250 -999.250 -999.250 50.076 47.884 41.322 38.420 32.901 31.249 26.846 30.262 31.094 33.494 34.151 48.389 60.711 63.906 77.689 86.494 103.790 103.907 95.357 76.814 47.055 26.188 14.625 3.738 1.508 7.676 22.857 38.880 70.613 122.722 150.829 181.887 198.625 193.808 189.290 188.701 163.550 130.786 108.273
-999.250 -999.250 -999.250 -999.250 -999.250 -999.250 -999.250 -999.250 -999.250 -999.250 -999.250 -999.250 -999.250 -999.250 -999.250 -999.250 -999.250 -999.250 -999.250 -999.250 -999.250 -999.250 -999.250 -999.250 -999.250 -999.250 -999.250 55.820 39.287 42.514 33.399 35.925 36.735 31.862 28.378 27.331 27.748 37.193 36.147 46.729 53.344 62.082 71.232 73.099 77.009 91.551 78.766 59.407 37.105 23.322 10.176 3.860 0.000 0.000 11.135 24.125 46.156 73.211 119.849 151.349 175.952 166.461 164.984 168.460 163.697 123.105 100.494
-999.250 -999.250 -999.250 -999.250 -999.250 -999.250 -999.250 -999.250 -999.250 -999.250 -999.250 -999.250 -999.250 -999.250 -999.250 -999.250 -999.250 -999.250 -999.250 -999.250 -999.250 -999.250 -999.250 -999.250 -999.250 -999.250 -999.250 48.116 49.795 46.418 33.210 33.968 31.327 36.433 26.348 25.972 29.572 35.645 36.545 39.261 44.925 50.818 53.793 69.452 63.467 64.245 56.257 51.335 30.370 20.614 8.662 0.000 0.000 0.000 2.059 7.714 19.524 33.902 65.647 101.341 120.291 143.335 150.231 154.984 123.749 125.214 106.192
-999.250 -999.250 -999.250 -999.250 -999.250 -999.250 -999.250 -999.250 -999.250 -999.250 -999.250 -999.250 -999.250 -999.250 -999.250 -999.250 -999.250 -999.250 -999.250 -999.250 -999.250 -999.250 -999.250 -999.250 -999.250 -999.250 -999.250 47.959 52.629 48.519 37.827 39.953 36.950 29.705 29.435 35.397 30.691 30.689 37.119 34.907 42.316 47.174 51.192 59.266 54.088 50.656 46.051 38.906 28.627 18.529 5.378 0.000 0.000 0.000 0.000 0.000 0.000 0.000 34.720 65.844 103.396 112.890 137.357 128.510 117.832 106.965 83.728
-999.250 -999.250 -999.250 -999.250 -999.250 -999.250 -999.250 -999.250 -999.250 -999.250 -999.250 -999.250 -999.250 -999.250 -999.250 -999.250 -999.250 -999.250 -999.250 -999.250 -999.250 -999.250 -999.250 -999.250 -999.250 -999.250 58.794 48.987 50.683 46.049 39.367 34.856 37.330 34.092 31.197 32.975 29.704 30.045 29.483 30.618 44.501 42.505 48.846 54.226 51.175 43.970 40.648 28.410 23.404 15.850 3.034 0.000 0.000 0.000 0.000 0.000 0.000 0.000 22.780 47.760 77.512 101.267 105.798 107.108 108.980 80.443 68.587
-999.250 -999.250 -999.250 -999.250 -999.250 -999.250 -999.250 -999.250 -999.250 -999.250 -999.250 -999.250 -999.250 -999.250 -999.250 -999.250 -999.250 -999.250 -999.250 -999.250 -999.250 -999.250 -999.250 -999.250 -999.250 -999.250 54.977 50.552 43.703 52.762 45.531 53.489 34.826 35.263 33.666 40.519 33.970 31.171 31.212 37.214 33.226 37.938 35.480 33.651 40.323 34.482 29.628 25.883 19.185 11.316 2.634 0.000 0.000 0.000 0.000 0.000 0.000 0.000 14.703 29.382 47.673 81.549 73.264 68.598 74.294 64.770 65.338
