data/medianmodel_01-Nov-2020.asc
ncols	141
nrows	288
xllcorner	-120191.398
yllcorner	-301404.813
cellsize	2000.000
NODATA_value	-999.250
[rows 145 to 173 of 288, columns 0 to 64 of 141]
-999.250 -999.250 -999.250 -999.250 -999.250 -999.250 -999.250 -999.250 -999.250 -999.250 -999.250 -999.250 -999.250 -999.250 -999.250 -999.250 -999.250 180.807 170.468 159.735 142.665 134.221 139.123 113.265 116.070 129.482 140.854 146.986 157.664 177.835 184.179 183.573 189.215 220.349 226.840 226.444 236.286 231.480 214.042 209.675 221.423 201.322 199.481 190.478 160.340 149.195 130.841 118.442 117.614 128.931 157.053 167.087 199.017 215.385 232.789 254.203 257.731 247.077 224.201 224.841 221.529 196.715 195.502 154.858 132.451
-999.250 -999.250 -999.250 -999.250 -999.250 -999.250 -999.250 -999.250 -999.250 -999.250 -999.250 -999.250 -999.250 -999.250 -999.250 182.971 147.856 164.302 179.623 166.962 157.461 139.060 137.716 137.214 132.003 129.036 143.448 130.850 147.272 174.088 183.684 188.826 197.556 204.858 208.783 221.073 216.096 224.302 212.611 201.365 222.942 217.559 203.385 188.790 174.935 155.340 127.044 113.505 108.709 138.548 151.859 189.700 208.520 225.537 239.665 285.928 271.105 253.345 254.200 238.976 214.952 197.675 197.166 174.458 154.498
-999.250 -999.250 -999.250 -999.250 -999.250 -999.250 -999.250 -999.250 -999.250 -999.250 -999.250 -999.250 -999.250 -999.250 169.681 157.771 165.999 169.830 155.035 146.770 140.748 137.955 136.438 129.197 145.007 142.005 142.392 143.384 161.566 183.824 195.161 194.167 211.880 204.611 208.315 203.452 203.178 211.238 206.404 199.627 202.567 208.015 212.223 197.012 175.951 150.992 118.210 91.671 115.450 127.972 164.937 177.035 213.999 248.139 248.855 289.402 270.839 268.927 248.178 233.347 225.270 204.084 199.412 186.270 171.435
-999.250 -999.250 -999.250 -999.250 -999.250 -999.250 -999.250 -999.250 -999.250 -999.250 -999.250 -999.250 -999.250 -999.250 147.913 145.172 153.296 180.422 148.746 138.560 133.431 136.055 140.013 143.141 156.018 146.909 160.821 154.531 180.864 196.903 221.700 218.992 210.562 211.644 214.037 213.790 207.193 195.175 195.064 199.534 212.016 210.639 211.667 195.010 176.283 162.353 124.986 80.418 111.939 134.067 175.425 190.208 225.676 242.929 249.463 269.973 237.230 288.763 248.371 260.212 222.833 224.468 227.409 214.582 174.287
-999.250 -999.250 -999.250 -999.250 -999.250 -999.250 -999.250 -999.250 -999.250 -999.250 -999.250 -999.250 -999.250 114.172 124.766 132.172 134.321 139.283 146.989 139.440 134.107 143.082 136.638 166.656 154.513 153.381 172.249 184.876 181.108 212.597 223.427 223.466 222.273 208.588 214.507 217.968 212.307 203.454 200.382 211.347 217.564 194.326 204.130 173.531 156.387 143.313 122.245 109.677 124.744 158.418 182.877 203.712 218.684 246.091 248.735 231.469 236.509 252.482 241.859 250.769 255.123 244.044 237.983 197.996 199.106
-999.250 -999.250 -999.250 -999.250 -999.250 -999.250 -999.250 -999.250 -999.250 -999.250 -999.250 -999.250 102.231 115.466 115.955 119.701 120.912 135.359 131.185 129.022 135.010 138.190 146.902 166.132 174.552 184.065 182.389 192.329 206.246 194.166 216.739 244.146 233.495 244.420 226.523 208.056 227.890 205.270 202.992 215.234 192.929 195.099 187.870 181.939 153.530 140.599 138.384 147.464 165.348 178.047 200.387 224.560 229.339 237.146 229.925 244.237 252.230 233.459 270.604 243.031 244.616 235.560 223.252 200.066 195.112
-999.250 -999.250 -999.250 -999.250 -999.250 -999.250 -999.250 -999.250 -999.250 -999.250 -999.250 91.084 102.677 104.247 100.796 97.980 125.561 133.582 138.331 126.814 140.977 145.338 147.404 158.565 171.556 196.759 185.951 186.164 191.119 225.182 208.289 269.144 273.389 290.788 244.861 229.189 233.274 229.182 229.594 219.474 207.449 199.219 189.438 172.001 156.884 131.111 153.028 177.770 176.768 200.396 201.633 215.467 225.555 241.795 253.651 269.033 243.064 259.114 279.917 269.159 246.526 237.287 224.616 191.543 216.895
-999.250 -999.250 -999.250 -999.250 -999.250 -999.250 -999.250 -999.250 -999.250 -999.250 104.470 93.633 98.729 90.154 87.695 103.199 102.259 125.376 129.889 134.985 151.516 149.102 156.223 173.707 181.918 205.113 200.225 215.099 216.808 227.623 256.494 278.000 272.150 270.314 269.492 258.035 264.350 259.189 231.169 213.342 202.206 202.693 186.099 197.004 173.521 176.413 190.258 212.499 206.012 209.423 223.122 229.971 241.965 243.201 252.592 277.083 280.502 277.061 241.290 237.027 271.181 243.757 229.129 216.118 225.234
-999.250 -999.250 -999.250 -999.250 -999.250 -999.250 -999.250 -999.250 -999.250 91.924 79.135 81.690 90.818 80.703 83.219 92.827 107.036 121.217 123.418 125.212 145.766 166.519 175.187 187.503 197.770 203.407 205.413 228.145 223.560 239.025 255.110 282.607 298.937 296.137 313.430 298.770 287.258 228.600 227.706 208.298 195.981 189.787 199.972 199.514 182.014 205.935 226.975 223.730 230.089 235.613 243.827 239.165 261.052 255.685 267.471 308.225 302.265 291.655 263.614 234.434 239.676 224.261 242.326 230.022 203.588
-999.250 -999.250 -999.250 -999.250 -999.250 109.570 90.563 95.348 80.881 88.643 83.180 78.190 82.498 79.911 78.477 80.239 102.384 124.816 125.019 146.946 161.870 177.185 193.706 210.484 224.505 238.633 241.460 278.022 284.326 289.107 283.578 305.791 325.689 330.567 317.110 312.509 301.146 248.359 248.357 232.183 210.703 184.996 182.972 186.931 200.874 219.231 260.955 255.635 248.445 237.230 244.811 263.474 289.191 268.458 244.458 263.259 251.871 247.740 256.135 226.467 224.775 247.601 237.504 227.972 216.918
-999.250 -999.250 -999.250 -999.250 -999.250 -999.250 -999.250 108.877 94.166 83.517 80.633 74.786 76.878 64.566 67.984 73.731 94.812 108.825 132.843 164.317 180.536 195.638 224.115 245.760 233.354 269.886 315.490 333.030 324.265 333.456 325.704 307.502 314.919 320.107 322.587 310.645 288.067 260.961 251.299 221.613 202.099 189.880 161.999 175.708 220.514 245.601 252.599 276.922 265.487 279.700 298.398 278.159 274.730 290.506 260.485 249.731 244.159 276.054 249.893 253.526 238.788 228.099 235.055 207.632 233.226
-999.250 -999.250 -999.250 -999.250 -999.250 -999.250 -999.250 119.530 105.448 92.590 85.609 78.838 70.098 53.833 55.915 67.895 83.284 123.233 153.739 186.545 207.135 219.192 230.164 254.817 268.003 307.891 318.350 344.973 334.250 337.373 331.129 336.713 344.358 338.431 337.458 323.003 299.919 289.774 252.608 221.477 209.160 194.666 174.966 184.408 197.803 222.249 232.784 247.147 256.394 261.814 250.627 247.860 282.652 270.309 248.221 262.873 237.276 223.191 241.617 253.659 259.862 244.381 248.020 220.072 222.472
-999.250 -999.250 -999.250 -999.250 -999.250 -999.250 -999.250 131.809 120.673 106.242 96.382 83.814 66.930 52.581 43.005 61.716 95.281 133.119 168.535 206.058 241.838 237.884 262.201 295.094 305.175 298.640 333.033 328.094 303.863 349.644 341.486 344.524 343.810 337.391 334.986 355.050 309.090 299.296 252.030 221.925 199.819 181.355 160.092 176.071 181.917 204.283 223.295 240.061 229.965 265.207 279.789 291.227 258.917 244.386 257.545 235.847 245.288 229.408 253.032 234.235 265.916 253.773 239.858 207.304 225.742
-999.250 -999.250 -999.250 -999.250 -999.250 -999.250 -999.250 150.953 129.432 132.021 100.803 88.397 66.771 49.283 43.024 53.761 90.422 140.406 183.861 237.010 279.717 298.394 308.377 329.060 324.070 311.246 338.808 335.850 350.685 366.628 367.355 357.896 377.429 367.092 367.801 374.224 332.152 304.405 254.875 204.551 180.847 163.610 151.735 147.023 157.651 185.407 203.473 217.679 215.641 225.599 271.960 258.114 258.992 261.654 239.114 256.443 246.706 257.339 258.210 249.717 252.928 226.030 231.740 237.032 212.716
-999.250 -999.250 -999.250 -999.250 -999.250 -999.250 -999.250 -999.250 157.086 135.834 111.972 114.000 73.366 59.997 38.179 43.604 83.351 156.732 209.576 253.941 309.033 347.904 355.752 349.252 308.322 343.922 322.095 332.384 349.469 363.287 368.862 366.912 353.280 366.183 360.612 380.666 364.301 341.267 275.621 215.261 167.600 119.139 124.254 129.516 141.154 172.836 186.902 180.412 209.505 215.411 236.962 259.284 234.019 261.150 260.639 240.446 219.476 229.383 221.082 233.557 235.231 212.914 221.890 215.553 209.603
-999.250 -999.250 -999.250 -999.250 -999.250 -999.250 -999.250 -999.250 173.194 154.709 135.519 113.620 90.895 58.333 43.201 23.889 117.600 196.154 258.624 303.649 352.003 372.503 380.172 364.967 352.226 332.677 352.409 329.602 367.544 347.573 389.149 398.327 393.368 367.170 403.020 382.046 389.621 357.418 298.415 192.581 139.845 70.832 86.004 101.613 120.386 130.635 166.552 173.985 188.465 206.170 232.716 220.229 224.833 255.753 271.365 253.947 217.145 211.302 212.106 215.399 209.275 210.260 219.912 197.332 201.935
-999.250 -999.250 -999.250 -999.250 -999.250 -999.250 -999.250 185.479 180.343 163.995 156.267 138.457 120.877 94.139 83.601 97.175 147.169 224.570 300.999 346.045 375.020 381.959 387.014 377.647 368.631 352.746 352.579 346.183 353.872 343.159 372.604 383.347 382.793 393.505 392.584 389.419 456.279 353.336 260.429 186.608 133.638 94.989 72.483 86.175 116.097 121.666 148.074 186.709 198.089 201.923 219.262 224.179 246.370 253.131 223.910 261.113 242.068 210.801 195.302 198.353 198.816 213.615 219.718 208.670 201.390
-999.250 -999.250 -999.250 -999.250 -999.250 -999.250 -999.250 167.637 185.602 172.496 154.090 150.838 147.039 149.832 140.090 143.380 200.733 241.025 323.113 376.548 438.821 411.436 409.108 393.436 364.115 370.304 376.209 368.904 356.538 361.192 389.067 388.318 390.228 383.509 384.516 377.050 356.493 324.874 239.747 183.828 133.320 104.901 92.459 95.432 121.019 127.419 168.061 180.605 192.618 200.845 209.144 235.459 259.002 248.835 246.265 241.499 235.478 219.280 198.447 197.280 194.284 202.563 182.120 194.920 184.540
-999.250 -999.250 -999.250 -999.250 -999.250 -999.250 -999.250 205.176 198.669 179.020 173.082 159.204 170.546 173.606 175.452 200.495 235.513 293.200 333.968 378.026 394.536 418.804 400.612 406.820 368.732 351.974 367.945 366.639 376.434 365.877 371.254 374.861 353.950 349.544 353.818 358.098 318.656 286.580 190.721 167.461 147.359 109.288 101.080 119.230 120.379 132.899 167.958 186.069 191.566 215.593 207.782 223.220 236.525 239.986 219.956 202.637 212.895 201.452 200.966 205.375 208.930 190.264 184.764 195.118 181.573
-999.250 -999.250 -999.250 -999.250 -999.250 -999.250 -999.250 215.468 200.112 206.274 195.609 165.471 179.452 190.549 215.021 227.713 246.834 319.661 356.524 365.043 388.421 396.979 400.684 377.116 367.489 368.890 362.834 339.940 367.211 374.734 366.596 377.096 347.492 370.096 349.265 335.997 293.572 249.829 197.267 172.819 141.540 122.929 112.310 122.265 137.016 151.912 163.963 162.961 197.912 209.625 208.746 241.932 218.752 230.068 219.541 202.354 217.089 215.193 209.088 205.864 215.225 198.655 191.176 174.884 155.148
-999.250 -999.250 -999.250 -999.250 -999.250 -999.250 226.856 205.912 212.366 201.764 183.193 179.327 174.974 209.398 221.237 260.693 261.670 314.778 338.894 350.731 374.650 379.505 366.515 360.539 365.147 357.538 333.933 333.381 339.885 357.472 342.890 356.499 339.899 354.224 324.030 298.420 258.517 239.601 215.322 191.889 154.816 151.621 139.701 147.766 158.131 173.748 169.802 178.011 196.463 202.665 226.298 233.562 217.850 205.433 218.011 214.034 220.697 230.781 211.661 224.523 200.691 188.897 164.943 158.175 147.417
-999.250 -999.250 -999.250 -999.250 -999.250 -999.250 220.648 229.228 221.041 214.250 201.137 201.187 204.190 214.593 236.661 255.813 298.279 333.745 328.161 345.418 366.525 354.012 371.431 348.410 343.396 356.519 344.386 333.912 356.503 344.911 348.020 347.192 334.450 314.171 296.248 273.973 260.580 219.019 221.755 192.126 177.224 155.632 135.110 138.880 157.264 155.647 151.224 162.776 170.674 198.772 175.919 191.941 198.261 211.812 213.291 220.999 208.429 209.443 196.978 206.358 188.783 192.539 165.211 141.223 130.002
-999.250 -999.250 -999.250 -999.250 -999.250 236.719 241.280 208.150 205.012 225.750 204.887 203.099 214.461 228.048 267.509 288.637 310.787 314.074 329.751 342.783 347.755 382.276 381.348 340.451 358.554 344.088 352.775 312.555 332.855 313.360 331.980 344.090 333.624 322.435 304.447 289.861 244.162 227.158 203.794 192.238 171.602 165.666 146.429 147.348 144.001 157.688 145.721 151.361 167.424 177.123 179.358 175.627 180.297 174.338 196.907 200.088 201.048 187.758 190.862 170.513 159.007 162.741 143.463 137.296 119.151
-999.250 -999.250 -999.250 -999.250 -999.250 240.664 262.289 235.550 212.115 224.814 215.610 208.837 206.600 239.853 261.902 273.331 287.543 301.693 313.268 344.675 344.226 368.725 359.459 380.079 361.791 363.574 339.798 321.662 312.580 308.468 322.312 323.699 297.867 295.965 274.040 274.786 242.992 220.724 200.344 180.357 177.353 192.261 159.201 157.488 152.745 152.201 148.975 163.825 182.296 165.696 174.185 169.793 176.642 169.241 163.297 167.998 161.721 174.097 157.020 157.828 141.579 133.478 111.076 114.143 122.978
-999.250 -999.250 -999.250 -999.250 240.062 232.596 273.064 254.592 236.178 243.543 236.853 231.196 235.093 230.599 259.466 256.638 279.096 301.601 329.376 348.786 365.059 370.573 381.982 361.763 376.579 364.468 348.494 303.982 324.503 321.051 311.433 276.641 267.599 274.437 311.917 248.562 257.603 241.201 194.205 198.198 197.829 166.503 153.132 154.356 154.731 161.037 175.506 165.793 154.973 160.793 159.975 167.567 152.462 149.585 161.302 171.513 162.497 136.703 145.910 131.558 123.282 120.146 116.254 110.899 107.073
-999.250 -999.250 -999.250 -999.250 276.873 266.736 264.553 259.665 248.769 234.022 266.815 243.712 260.330 251.926 237.489 250.403 270.245 288.077 296.432 343.796 366.994 384.494 422.228 384.878 374.171 359.593 327.517 326.142 329.022 311.874 282.640 285.666 272.081 247.604 291.819 240.693 243.757 219.892 211.504 194.416 185.264 173.856 164.898 153.836 158.081 140.410 169.247 169.975 152.225 144.946 163.183 134.706 132.868 125.068 125.707 153.905 138.659 126.376 119.304 109.401 103.851 109.442 106.337 93.232 103.395
-999.250 -999.250 -999.250 -999.250 301.264 293.147 280.549 279.365 261.054 260.192 297.830 274.469 235.673 239.919 237.621 263.740 256.177 274.880 304.551 330.010 386.932 385.843 407.934 409.195 376.090 340.109 328.604 307.779 319.020 308.436 308.842 272.406 263.641 260.218 281.343 225.728 218.890 212.060 196.404 185.937 189.211 178.945 168.674 172.637 154.791 149.971 163.846 160.881 164.548 142.800 141.451 143.114 127.813 124.971 127.393 129.603 113.918 131.447 111.757 94.947 106.772 94.903 101.559 93.351 93.192
-999.250 -999.250 -999.250 -999.250 296.551 285.955 290.157 281.216 284.347 274.377 298.197 280.613 237.304 237.047 229.961 245.156 257.363 258.286 289.418 325.992 345.865 349.975 379.062 374.385 360.603 366.936 329.936 335.969 324.690 312.115 261.887 288.591 271.328 267.052 240.106 220.709 205.491 210.125 199.052 189.790 178.335 162.003 165.164 164.035 164.733 151.313 146.540 154.406 161.718 127.146 134.164 132.934 127.545 107.112 133.573 97.527 95.951 107.447 91.679 79.878 87.937 83.692 80.266 83.491 79.651
-999.250 -999.250 -999.250 -999.250 309.213 301.141 319.637 322.472 290.685 281.658 290.809 259.176 272.904 248.492 238.091 225.198 234.720 259.793 271.332 324.746 339.965 366.375 351.337 339.914 364.310 355.295 337.256 316.389 309.840 300.144 295.427 276.848 283.304 277.507 253.256 219.346 214.728 223.421 198.984 185.865 185.630 165.442 164.567 172.028 163.723 147.330 162.395 172.894 161.935 154.543 145.305 135.632 127.494 117.446 105.479 88.101 80.492 74.764 73.829 71.814 83.401 74.352 74.591 77.316 72.401
