data/medianmodel_25-Sep-2020.asc
ncols	141
nrows	288
xllcorner	-120191.398
yllcorner	-301404.813
cellsize	2000.000
NODATA_value	-999.250
[rows 120 to 149 of 288, columns 0 to 66 of 141]
-999.250 -999.250 -999.250 -999.250 -999.250 -999.250 -999.250 -999.250 -999.250 -999.250 -999.250 -999.250 -999.250 -999.250 -999.250 -999.250 -999.250 -999.250 -999.250 -999.250 -999.250 -999.250 -999.250 -999.250 -999.250 -999.250 20.810 20.956 19.258 17.139 20.329 20.451 20.834 27.528 26.255 26.614 25.303 25.849 27.080 22.975 18.238 15.558 13.675 7.347 5.450 0.000 0.000 0.000 0.000 0.000 0.000 0.000 0.041 1.781 6.148 5.136 10.909 15.847 18.962 21.169 20.151 21.976 24.452 22.522 16.565 17.767 17.819
-999.250 -999.250 -999.250 -999.250 -999.250 -999.250 -999.250 -999.250 -999.250 -999.250 -999.250 -999.250 -999.250 -999.250 -999.250 -999.250 -999.250 -999.250 -999.250 -999.250 -999.250 -999.250 -999.250 -999.250 -999.250 21.774 21.558 24.181 20.053 18.614 21.257 23.016 25.335 28.410 23.556 26.903 28.515 29.871 28.736 28.852 21.735 17.860 15.578 10.922 5.856 3.327 0.000 0.000 0.000 0.000 0.000 0.000 1.729 5.451 8.131 11.177 14.757 22.687 29.326 27.702 27.925 26.810 26.179 26.237 28.414 24.025 21.676
-999.250 -999.250 -999.250 -999.250 -999.250 -999.250 -999.250 -999.250 -999.250 -999.250 -999.250 -999.250 -999.250 -999.250 -999.250 -999.250 -999.250 -999.250 -999.250 -999.250 -999.250 -999.250 -999.250 -999.250 -999.250 24.132 22.145 21.668 24.729 20.249 19.777 23.672 24.889 26.231 26.174 28.257 29.652 32.030 32.426 29.725 26.771 20.301 16.905 11.558 4.348 3.563 0.000 0.000 0.000 0.000 0.000 0.195 4.234 7.168 9.562 13.119 20.937 25.621 31.472 32.864 33.026 35.032 33.921 33.747 33.582 27.303 25.607
-999.250 -999.250 -999.250 -999.250 -999.250 -999.250 -999.250 -999.250 -999.250 -999.250 -999.250 -999.250 -999.250 -999.250 -999.250 -999.250 -999.250 -999.250 -999.250 -999.250 -999.250 -999.250 -999.250 -999.250 -999.250 21.292 22.436 23.952 21.986 21.875 24.762 26.270 25.612 26.864 28.132 30.120 32.525 37.230 40.808 31.743 27.823 23.528 18.356 12.656 5.725 1.321 0.000 0.000 0.000 0.000 0.000 1.698 4.391 8.713 12.071 18.682 24.733 28.865 32.284 36.250 39.200 41.056 42.006 45.062 39.297 34.316 32.572
-999.250 -999.250 -999.250 -999.250 -999.250 -999.250 -999.250 -999.250 -999.250 -999.250 -999.250 -999.250 -999.250 -999.250 -999.250 -999.250 -999.250 -999.250 -999.250 -999.250 -999.250 -999.250 -999.250 -999.250 24.381 23.561 23.375 24.580 24.966 25.535 23.317 27.602 26.102 27.237 30.653 32.520 31.184 35.509 33.014 32.247 27.781 25.730 17.650 11.815 7.840 3.697 1.255 0.000 0.000 0.000 0.000 2.177 6.209 11.531 15.414 21.566 26.702 33.178 38.954 47.746 54.615 60.242 56.948 58.697 52.751 49.021 39.582
-999.250 -999.250 -999.250 -999.250 -999.250 -999.250 -999.250 -999.250 -999.250 -999.250 -999.250 -999.250 -999.250 -999.250 -999.250 -999.250 -999.250 -999.250 -999.250 -999.250 -999.250 -999.250 -999.250 -999.250 26.727 26.907 24.490 25.241 28.732 28.982 29.472 28.462 28.826 27.139 27.460 33.082 29.806 32.585 32.477 30.503 26.480 24.076 20.310 14.246 9.272 3.690 0.085 0.000 0.000 0.000 1.220 4.679 7.687 12.655 17.960 22.364 28.729 34.233 42.941 53.851 60.506 65.853 67.660 65.246 62.680 54.688 46.245
-999.250 -999.250 -999.250 -999.250 -999.250 -999.250 -999.250 -999.250 -999.250 -999.250 -999.250 -999.250 -999.250 -999.250 -999.250 -999.250 -999.250 -999.250 -999.250 -999.250 -999.250 -999.250 -999.250 32.237 30.372 29.300 27.998 26.471 30.724 29.104 29.187 26.713 28.914 28.199 26.402 30.280 30.313 30.411 34.226 30.294 24.919 21.026 20.783 13.968 9.855 5.931 0.071 0.000 0.000 0.000 2.592 4.062 8.613 12.403 20.297 26.866 32.356 39.924 47.789 63.634 70.531 73.145 77.303 75.789 66.625 63.805 50.878
-999.250 -999.250 -999.250 -999.250 -999.250 -999.250 -999.250 -999.250 -999.250 -999.250 -999.250 -999.250 -999.250 -999.250 -999.250 -999.250 -999.250 -999.250 -999.250 -999.250 -999.250 -999.250 -999.250 35.324 32.296 32.506 31.909 29.440 29.926 29.491 29.232 31.684 32.682 30.932 30.475 31.752 30.226 30.892 30.583 27.434 25.730 23.400 19.069 15.822 12.713 6.609 3.324 0.000 0.000 0.000 0.138 6.536 10.578 15.183 21.322 25.488 34.850 37.214 49.881 66.019 72.157 82.315 86.920 86.094 78.368 70.077 56.114
-999.250 -999.250 -999.250 -999.250 -999.250 -999.250 -999.250 -999.250 -999.250 -999.250 -999.250 -999.250 -999.250 -999.250 -999.250 -999.250 -999.250 -999.250 -999.250 -999.250 -999.250 -999.250 -999.250 40.055 37.086 33.681 32.644 35.496 33.599 30.975 34.603 32.081 34.081 33.390 33.489 31.400 31.611 28.501 30.190 30.600 28.240 26.005 21.148 19.186 12.670 7.690 1.671 0.000 0.000 0.000 0.000 4.713 9.821 13.755 21.301 27.665 32.224 41.014 51.391 66.228 76.613 89.749 109.762 93.484 81.053 73.258 58.811
-999.250 -999.250 -999.250 -999.250 -999.250 -999.250 -999.250 -999.250 -999.250 -999.250 -999.250 -999.250 -999.250 -999.250 -999.250 -999.250 -999.250 -999.250 -999.250 -999.250 -999.250 -999.250 41.755 41.161 38.311 41.173 36.513 31.498 34.293 35.653 38.138 35.522 33.964 34.402 32.617 33.177 33.513 34.529 32.229 33.196 34.038 31.024 26.421 21.611 15.636 12.439 6.740 2.642 0.000 0.473 0.000 4.369 7.496 11.759 19.380 24.535 30.501 38.855 56.580 63.535 76.634 84.770 88.950 91.793 81.354 72.368 58.909
-999.250 -999.250 -999.250 -999.250 -999.250 -999.250 -999.250 -999.250 -999.250 -999.250 -999.250 -999.250 -999.250 -999.250 -999.250 -999.250 -999.250 -999.250 -999.250 -999.250 -999.250 -999.250 42.547 44.479 44.419 41.340 42.184 38.031 36.865 37.127 38.550 35.615 34.462 35.204 38.978 40.519 39.570 41.023 42.697 39.430 39.095 32.321 31.837 24.746 22.984 16.185 11.064 6.973 3.952 5.003 5.000 2.506 9.501 11.296 16.111 20.107 26.403 37.800 50.471 62.542 71.609 78.107 81.975 79.493 77.423 67.225 56.177
-999.250 -999.250 -999.250 -999.250 -999.250 -999.250 -999.250 -999.250 -999.250 -999.250 -999.250 -999.250 -999.250 -999.250 -999.250 -999.250 -999.250 -999.250 -999.250 -999.250 -999.250 40.607 42.611 40.781 46.743 46.154 44.311 40.260 41.599 44.532 44.705 38.417 37.088 39.089 44.377 50.508 47.638 49.485 47.542 47.169 44.966 37.866 36.018 33.715 23.918 19.951 13.869 10.094 8.015 4.644 6.728 7.062 9.667 10.768 12.779 18.419 22.484 32.059 40.454 49.663 61.168 69.049 71.830 71.870 69.009 66.572 53.938
-999.250 -999.250 -999.250 -999.250 -999.250 -999.250 -999.250 -999.250 -999.250 -999.250 -999.250 -999.250 -999.250 -999.250 -999.250 -999.250 -999.250 -999.250 -999.250 -999.250 -999.250 44.454 45.538 43.707 48.039 47.702 48.297 44.307 46.011 42.119 45.610 39.142 37.158 44.703 48.297 52.523 57.529 49.858 52.458 59.856 54.541 42.464 36.998 34.209 26.211 23.448 20.025 14.217 10.900 8.876 7.814 6.738 8.740 11.043 11.657 12.621 18.129 25.157 32.096 38.172 50.163 60.054 64.175 68.156 65.656 60.275 48.819
-999.250 -999.250 -999.250 -999.250 -999.250 -999.250 -999.250 -999.250 -999.250 -999.250 -999.250 -999.250 -999.250 -999.250 -999.250 -999.250 -999.250 -999.250 -999.250 -999.250 -999.250 43.356 51.693 47.875 43.541 45.944 46.519 44.438 39.722 40.896 44.839 43.508 45.836 46.076 53.176 59.240 62.197 62.333 64.691 65.554 62.337 57.325 44.437 40.641 30.529 27.539 24.783 19.199 16.743 13.455 12.425 11.409 11.144 11.188 11.021 11.136 17.374 19.718 23.860 28.425 35.382 48.164 48.387 60.276 63.801 58.469 43.883
-999.250 -999.250 -999.250 -999.250 -999.250 -999.250 -999.250 -999.250 -999.250 -999.250 -999.250 -999.250 -999.250 -999.250 -999.250 -999.250 -999.250 -999.250 -999.250 -999.250 39.177 40.422 48.674 45.637 46.162 44.902 47.446 45.142 43.048 43.658 48.575 50.536 51.392 54.087 56.226 60.713 67.574 66.669 67.149 66.316 70.606 62.003 58.251 49.279 38.378 34.678 28.066 25.235 20.884 18.020 13.841 12.866 12.564 10.845 9.717 7.154 10.924 11.907 15.859 21.758 29.410 37.262 47.631 55.330 61.830 59.955 56.257
-999.250 -999.250 -999.250 -999.250 -999.250 -999.250 -999.250 -999.250 -999.250 -999.250 -999.250 -999.250 -999.250 -999.250 -999.250 -999.250 -999.250 -999.250 -999.250 -999.250 41.686 43.852 44.501 49.242 48.216 45.897 42.117 49.459 45.927 48.461 51.744 61.542 57.854 60.231 61.296 65.988 68.356 71.411 72.812 73.056 71.699 69.446 62.089 56.770 43.960 36.865 35.299 26.593 24.707 20.084 18.727 13.131 12.321 9.609 7.813 1.064 4.902 6.012 10.083 15.523 24.712 33.840 44.556 64.076 66.979 65.018 59.519
-999.250 -999.250 -999.250 -999.250 -999.250 -999.250 -999.250 -999.250 -999.250 -999.250 -999.250 -999.250 -999.250 -999.250 -999.250 -999.250 -999.250 -999.250 -999.250 -999.250 48.950 45.657 47.340 46.211 49.796 47.860 42.518 48.519 52.202 58.288 64.438 63.713 66.933 65.924 64.762 67.323 67.973 71.246 77.360 83.730 78.015 75.699 69.022 64.596 52.024 43.517 37.331 31.030 28.875 25.829 21.173 15.726 13.536 10.039 7.016 4.126 2.323 0.000 0.000 4.750 18.261 30.921 47.335 67.373 69.141 69.427 66.992
-999.250 -999.250 -999.250 -999.250 -999.250 -999.250 -999.250 -999.250 -999.250 -999.250 -999.250 -999.250 -999.250 -999.250 -999.250 -999.250 -999.250 -999.250 -999.250 -999.250 48.611 50.914 44.663 48.074 48.350 50.333 49.488 56.124 62.465 64.596 68.909 69.568 72.426 68.784 73.292 71.655 69.772 72.831 74.284 80.500 90.818 78.831 74.345 64.405 58.382 52.258 46.869 39.140 39.615 30.244 27.334 20.899 14.334 12.365 6.453 2.621 0.000 0.000 0.000 0.000 15.238 32.749 48.741 70.705 73.275 78.023 73.506
-999.250 -999.250 -999.250 -999.250 -999.250 -999.250 -999.250 -999.250 -999.250 -999.250 -999.250 -999.250 -999.250 -999.250 -999.250 -999.250 -999.250 -999.250 -999.250 49.432 49.350 50.427 49.796 48.643 47.401 51.830 57.426 61.748 67.728 71.799 75.455 77.496 76.577 71.112 71.791 68.793 70.887 73.119 75.080 78.734 81.365 77.455 74.414 71.824 63.894 60.120 47.109 47.838 43.099 38.364 31.098 22.986 18.217 13.410 8.643 3.086 0.302 0.000 0.000 8.143 21.457 35.842 59.831 72.432 84.973 85.983 83.138
-999.250 -999.250 -999.250 -999.250 -999.250 -999.250 -999.250 -999.250 -999.250 -999.250 -999.250 -999.250 -999.250 -999.250 -999.250 -999.250 -999.250 -999.250 -999.250 47.448 48.935 54.168 50.487 48.212 51.695 52.545 59.276 64.315 70.663 76.085 83.500 84.592 79.617 79.526 74.547 70.770 68.015 71.857 72.009 75.615 78.179 77.254 75.293 71.335 68.966 64.970 65.571 63.144 56.747 42.801 34.567 30.852 23.974 15.024 9.449 6.806 0.000 0.026 2.129 14.623 27.448 41.490 68.469 86.809 94.150 96.431 93.104
-999.250 -999.250 -999.250 -999.250 -999.250 -999.250 -999.250 -999.250 -999.250 -999.250 -999.250 -999.250 -999.250 -999.250 -999.250 -999.250 -999.250 -999.250 -999.250 52.312 56.477 53.544 46.247 48.003 48.327 50.247 61.577 68.666 74.462 85.906 98.819 88.016 80.892 77.663 76.666 68.423 67.239 65.725 68.768 70.330 70.832 74.222 74.558 78.250 73.073 73.141 72.358 72.013 69.797 55.047 41.481 35.399 26.821 19.023 14.012 10.044 4.833 6.212 6.337 15.367 31.635 51.719 76.839 95.095 111.274 121.342 108.942
-999.250 -999.250 -999.250 -999.250 -999.250 -999.250 -999.250 -999.250 -999.250 -999.250 -999.250 -999.250 -999.250 -999.250 -999.250 -999.250 -999.250 -999.250 -999.250 47.706 52.821 49.646 43.546 40.913 44.036 50.913 62.986 66.424 73.952 85.006 90.272 84.475 78.981 74.908 69.118 60.970 57.015 60.024 65.949 64.543 66.109 68.494 73.129 74.735 74.268 77.916 76.188 78.208 76.195 62.480 53.706 38.805 30.072 24.323 19.877 12.455 5.917 3.995 8.900 16.487 31.373 62.369 87.996 114.852 136.671 138.245 115.213
-999.250 -999.250 -999.250 -999.250 -999.250 -999.250 -999.250 -999.250 -999.250 -999.250 -999.250 -999.250 -999.250 -999.250 -999.250 -999.250 -999.250 -999.250 -999.250 43.435 42.353 43.947 38.335 39.225 39.848 47.335 57.946 66.663 71.116 78.591 79.652 79.025 73.454 67.118 62.023 54.559 50.427 51.454 54.894 59.052 54.244 61.756 71.530 75.331 79.770 79.867 84.467 80.738 72.976 66.026 56.617 49.439 35.504 28.167 22.872 15.798 9.423 4.719 5.283 13.494 31.029 56.776 89.101 126.244 175.523 150.896 130.560
-999.250 -999.250 -999.250 -999.250 -999.250 -999.250 -999.250 -999.250 -999.250 -999.250 -999.250 -999.250 -999.250 -999.250 -999.250 -999.250 -999.250 -999.250 38.718 38.801 36.642 36.954 38.136 39.212 37.705 40.880 51.081 64.930 70.630 70.366 76.569 73.202 71.613 58.835 53.751 48.316 42.415 46.130 45.334 48.081 52.340 63.020 75.026 81.398 88.809 92.250 91.700 85.510 74.974 68.830 63.686 45.839 39.735 31.815 29.615 24.426 18.893 10.380 6.833 8.391 27.576 49.306 80.714 113.289 134.236 132.836 126.793
-999.250 -999.250 -999.250 -999.250 -999.250 -999.250 -999.250 -999.250 -999.250 -999.250 -999.250 -999.250 -999.250 -999.250 -999.250 -999.250 -999.250 34.426 32.896 32.713 30.794 32.787 32.507 33.539 34.901 42.668 50.269 58.948 65.056 68.157 70.658 69.023 62.711 52.217 45.879 37.069 32.279 32.749 37.651 42.767 55.380 69.042 81.044 91.228 112.838 123.859 109.056 94.150 77.188 66.274 57.041 51.795 49.926 43.292 38.764 31.572 27.080 18.976 8.913 0.000 21.544 43.934 70.300 89.337 103.313 105.752 105.989
-999.250 -999.250 -999.250 -999.250 -999.250 -999.250 -999.250 -999.250 -999.250 -999.250 -999.250 -999.250 -999.250 -999.250 -999.250 -999.250 -999.250 30.269 29.940 29.476 28.350 29.541 27.762 29.268 33.452 36.409 49.167 58.477 64.306 68.781 70.201 67.057 61.705 47.283 40.060 29.812 25.269 28.383 29.111 37.526 51.772 76.113 97.726 115.222 151.826 152.656 129.767 95.409 77.426 67.271 55.731 55.665 57.139 55.476 53.076 44.339 39.917 33.931 24.073 17.438 26.931 39.257 61.259 81.406 85.760 85.181 85.421
-999.250 -999.250 -999.250 -999.250 -999.250 -999.250 -999.250 -999.250 -999.250 -999.250 -999.250 -999.250 -999.250 -999.250 -999.250 28.425 28.559 25.917 26.852 24.761 25.793 28.143 27.442 28.071 31.020 34.642 43.098 52.690 61.595 65.939 68.201 62.415 51.804 39.547 31.308 26.270 21.913 24.506 30.545 49.425 63.361 74.428 126.893 162.084 186.137 184.581 161.166 108.538 75.410 60.184 51.414 57.560 61.529 66.464 65.091 63.290 57.696 56.931 38.144 31.000 32.400 39.943 57.362 71.458 72.938 74.273 66.517
-999.250 -999.250 -999.250 -999.250 -999.250 -999.250 -999.250 -999.250 -999.250 -999.250 -999.250 -999.250 -999.250 -999.250 28.439 25.723 24.334 25.705 23.809 23.815 24.609 25.052 26.623 29.000 31.598 35.545 38.270 48.925 50.739 60.257 58.775 55.988 46.498 35.949 29.398 22.673 20.387 22.102 35.784 61.987 89.528 124.476 166.759 215.869 261.653 255.616 179.071 97.880 67.246 51.196 48.253 53.919 63.118 74.442 68.579 67.683 64.748 59.287 47.030 36.172 34.696 39.512 47.396 53.743 56.559 56.905 49.697
-999.250 -999.250 -999.250 -999.250 -999.250 -999.250 -999.250 -999.250 -999.250 -999.250 -999.250 -999.250 -999.250 -999.250 24.112 22.591 19.952 20.081 23.354 22.076 22.484 23.449 20.880 27.807 30.016 36.337 41.213 45.989 58.886 57.977 55.738 49.121 41.320 35.446 31.570 25.209 24.451 23.421 48.614 80.185 105.634 164.859 217.418 280.823 344.216 389.647 226.639 80.418 62.501 47.576 46.557 52.073 64.031 70.345 69.833 68.550 63.350 52.331 53.299 41.685 34.052 38.780 42.108 41.612 44.609 42.070 38.675
-999.250 -999.250 -999.250 -999.250 -999.250 -999.250 -999.250 -999.250 -999.250 -999.250 -999.250 -999.250 -999.250 24.702 20.808 20.994 15.499 16.861 16.346 19.811 20.327 23.559 23.336 26.458 31.993 39.750 52.080 54.471 53.587 57.931 54.906 50.067 43.307 39.033 32.724 30.081 32.705 44.071 66.382 96.566 133.015 176.250 244.058 301.123 383.450 309.953 222.680 132.311 81.118 62.657 55.046 56.327 63.220 67.276 66.400 65.520 64.200 57.291 53.920 43.666 34.637 32.999 32.625 33.878 32.676 29.914 28.259
