data/medianmodel_11-Aug-2020.asc
ncols	141
nrows	288
xllcorner	-120191.398
yllcorner	-301404.813
cellsize	2000.000
NODATA_value	-999.250
[rows 210 to 239 of 288, columns 0 to 67 of 141]
-999.250 -999.250 -999.250 -999.250 -999.250 -999.250 -999.250 -999.250 -999.250 -999.250 -999.250 -999.250 -999.250 -999.250 -999.250 -999.250 -999.250 -999.250 -999.250 -999.250 -999.250 -999.250 -999.250 -999.250 -999.250 -999.250 -999.250 -999.250 -999.250 -999.250 -999.250 21.041 24.367 28.016 26.868 28.005 27.871 31.501 32.431 39.859 41.910 44.531 51.462 42.575 38.810 38.315 30.950 29.665 22.895 21.201 18.729 13.367 12.174 8.549 6.345 4.471 0.175 0.181 0.000 0.000 0.000 0.000 0.000 0.000 0.000 0.000 0.000 0.000
-999.250 -999.250 -999.250 -999.250 -999.250 -999.250 -999.250 -999.250 -999.250 -999.250 -999.250 -999.250 -999.250 -999.250 -999.250 -999.250 -999.250 -999.250 -999.250 -999.250 -999.250 -999.250 -999.250 -999.250 -999.250 -999.250 -999.250 -999.250 -999.250 -999.250 -999.250 15.679 18.960 21.452 26.184 23.194 25.528 31.426 30.065 40.067 42.861 40.975 42.224 42.393 38.916 31.744 28.029 24.507 26.360 23.996 17.973 15.330 12.774 9.725 6.742 6.319 1.566 0.580 0.000 0.000 0.000 0.000 0.000 0.000 0.000 0.000 0.000 0.000
-999.250 -999.250 -999.250 -999.250 -999.250 -999.250 -999.250 -999.250 -999.250 -999.250 -999.250 -999.250 -999.250 -999.250 -999.250 -999.250 -999.250 -999.250 -999.250 -999.250 -999.250 -999.250 -999.250 -999.250 -999.250 -999.250 -999.250 -999.250 -999.250 -999.250 -999.250 14.758 19.158 18.398 22.386 29.389 27.619 26.833 32.502 35.196 39.568 42.918 38.001 39.626 40.048 35.487 30.946 28.066 22.664 22.458 19.956 15.318 11.621 10.546 7.410 5.619 2.959 1.114 0.000 0.000 0.000 0.000 0.000 0.000 0.000 0.000 0.000 0.000
-999.250 -999.250 -999.250 -999.250 -999.250 -999.250 -999.250 -999.250 -999.250 -999.250 -999.250 -999.250 -999.250 -999.250 -999.250 -999.250 -999.250 -999.250 -999.250 -999.250 -999.250 -999.250 -999.250 -999.250 -999.250 -999.250 -999.250 -999.250 -999.250 -999.250 -999.250 16.013 19.046 20.305 19.711 26.219 29.204 34.329 35.826 38.512 38.324 39.369 37.751 38.563 39.278 36.962 31.346 27.302 22.126 18.676 16.127 12.117 11.622 12.925 7.741 4.574 1.731 2.347 0.317 0.000 0.000 0.000 0.000 0.000 0.000 0.000 0.000 0.000
-999.250 -999.250 -999.250 -999.250 -999.250 -999.250 -999.250 -999.250 -999.250 -999.250 -999.250 -999.250 -999.250 -999.250 -999.250 -999.250 -999.250 -999.250 -999.250 -999.250 -999.250 -999.250 -999.250 -999.250 -999.250 -999.250 -999.250 -999.250 -999.250 -999.250 -999.250 13.335 17.897 21.623 22.172 25.223 32.647 34.458 34.937 39.679 38.557 38.191 36.653 40.186 38.389 37.670 31.484 23.830 20.113 16.147 13.824 10.886 12.604 9.082 7.962 6.108 2.871 1.392 0.388 0.000 0.000 0.000 0.000 0.000 0.000 0.000 0.000 0.000
-999.250 -999.250 -999.250 -999.250 -999.250 -999.250 -999.250 -999.250 -999.250 -999.250 -999.250 -999.250 -999.250 -999.250 -999.250 -999.250 -999.250 -999.250 -999.250 -999.250 -999.250 -999.250 -999.250 -999.250 -999.250 -999.250 -999.250 -999.250 -999.250 -999.250 -999.250 12.889 16.482 16.548 20.310 25.174 29.999 33.932 38.074 40.013 41.661 37.439 38.230 35.437 33.324 32.597 26.396 21.662 21.494 16.937 13.798 10.954 12.309 8.880 7.429 4.234 3.331 1.769 0.000 0.000 0.000 0.000 0.000 0.000 0.000 0.000 0.000 0.000
-999.250 -999.250 -999.250 -999.250 -999.250 -999.250 -999.250 -999.250 -999.250 -999.250 -999.250 -999.250 -999.250 -999.250 -999.250 -999.250 -999.250 -999.250 -999.250 -999.250 -999.250 -999.250 -999.250 -999.250 -999.250 -999.250 -999.250 -999.250 -999.250 -999.250 -999.250 11.387 16.137 18.540 19.102 26.283 30.565 32.229 31.088 38.427 39.677 35.115 35.789 35.223 33.917 34.285 24.980 18.990 18.842 16.788 14.732 10.892 8.791 9.169 5.874 3.667 2.776 1.689 0.974 0.000 0.000 0.000 0.000 0.000 0.000 0.000 0.000 1.222
-999.250 -999.250 -999.250 -999.250 -999.250 -999.250 -999.250 -999.250 -999.250 -999.250 -999.250 -999.250 -999.250 -999.250 -999.250 -999.250 -999.250 -999.250 -999.250 -999.250 -999.250 -999.250 -999.250 -999.250 -999.250 -999.250 -999.250 -999.250 -999.250 -999.250 -999.250 11.945 15.182 15.496 18.851 22.948 27.473 30.116 29.783 33.261 39.008 37.582 40.460 34.021 30.572 28.585 23.857 21.054 22.009 19.492 12.157 10.071 7.908 7.695 4.661 4.028 1.439 0.425 0.062 0.000 0.000 0.000 0.000 0.000 0.000 0.000 0.920 3.852
-999.250 -999.250 -999.250 -999.250 -999.250 -999.250 -999.250 -999.250 -999.250 -999.250 -999.250 -999.250 -999.250 -999.250 -999.250 -999.250 -999.250 -999.250 -999.250 -999.250 -999.250 -999.250 -999.250 -999.250 -999.250 -999.250 -999.250 -999.250 -999.250 -999.250 -999.250 11.976 11.352 13.494 17.509 22.451 26.817 23.810 27.475 35.369 38.827 40.140 37.570 36.808 34.053 30.688 24.212 20.722 18.615 16.482 13.704 12.445 8.212 5.691 3.957 4.878 2.122 0.328 0.000 0.000 0.000 0.000 0.000 0.000 0.000 0.000 1.336 4.157
-999.250 -999.250 -999.250 -999.250 -999.250 -999.250 -999.250 -999.250 -999.250 -999.250 -999.250 -999.250 -999.250 -999.250 -999.250 -999.250 -999.250 -999.250 -999.250 -999.250 -999.250 -999.250 -999.250 -999.250 -999.250 -999.250 -999.250 -999.250 -999.250 -999.250 -999.250 9.381 12.608 12.236 15.487 22.619 25.016 23.631 24.834 31.128 35.791 40.986 39.516 32.799 32.932 28.640 25.035 20.971 16.508 15.898 12.528 9.632 7.422 4.928 5.880 4.145 1.227 2.162 0.000 0.000 0.000 0.000 0.000 0.000 0.836 2.650 4.226 6.480
-999.250 -999.250 -999.250 -999.250 -999.250 -999.250 -999.250 -999.250 -999.250 -999.250 -999.250 -999.250 -999.250 -999.250 -999.250 -999.250 -999.250 -999.250 -999.250 -999.250 -999.250 -999.250 -999.250 -999.250 -999.250 -999.250 -999.250 -999.250 -999.250 -999.250 -999.250 7.058 11.758 12.039 12.756 16.414 20.424 22.057 22.775 28.421 34.319 36.569 31.258 28.802 30.442 25.062 22.997 20.905 15.779 13.247 13.109 7.813 7.013 6.101 4.295 2.486 1.662 0.490 0.000 0.000 0.000 0.000 0.000 0.000 0.874 3.656 5.367 7.079
-999.250 -999.250 -999.250 -999.250 -999.250 -999.250 -999.250 -999.250 -999.250 -999.250 -999.250 -999.250 -999.250 -999.250 -999.250 -999.250 -999.250 -999.250 -999.250 -999.250 -999.250 -999.250 -999.250 -999.250 -999.250 -999.250 -999.250 -999.250 -999.250 -999.250 -999.250 10.059 11.655 12.288 12.450 14.101 17.721 22.307 21.575 23.729 26.369 29.766 27.670 24.460 25.086 25.425 20.176 15.569 14.813 13.230 9.287 8.156 6.367 3.114 3.395 1.330 1.677 0.000 0.000 0.000 0.000 0.000 0.000 0.853 3.412 3.841 5.136 7.168
-999.250 -999.250 -999.250 -999.250 -999.250 -999.250 -999.250 -999.250 -999.250 -999.250 -999.250 -999.250 -999.250 -999.250 -999.250 -999.250 -999.250 -999.250 -999.250 -999.250 -999.250 -999.250 -999.250 -999.250 -999.250 -999.250 -999.250 -999.250 -999.250 -999.250 -999.250 8.623 10.364 11.018 11.313 12.120 19.296 18.223 20.526 20.493 22.887 23.480 26.672 24.341 18.716 20.679 15.530 14.188 12.188 9.700 7.235 6.588 5.422 4.064 2.202 0.255 0.069 0.000 0.000 0.000 0.000 0.000 0.000 1.910 2.023 4.845 5.872 7.085
-999.250 -999.250 -999.250 -999.250 -999.250 -999.250 -999.250 -999.250 -999.250 -999.250 -999.250 -999.250 -999.250 -999.250 -999.250 -999.250 -999.250 -999.250 -999.250 -999.250 -999.250 -999.250 -999.250 -999.250 -999.250 -999.250 -999.250 -999.250 -999.250 -999.250 7.169 7.592 9.184 9.390 8.721 10.760 13.624 14.904 19.063 18.776 21.125 19.625 18.849 17.973 19.166 15.150 15.051 13.391 8.701 10.519 7.116 4.463 5.025 2.326 1.109 0.000 0.000 0.000 0.000 0.000 0.000 0.000 0.000 1.017 3.960 4.197 5.886 8.198
-999.250 -999.250 -999.250 -999.250 -999.250 -999.250 -999.250 -999.250 -999.250 -999.250 -999.250 -999.250 -999.250 -999.250 -999.250 -999.250 -999.250 -999.250 -999.250 -999.250 -999.250 -999.250 -999.250 -999.250 -999.250 -999.250 -999.250 -999.250 -999.250 -999.250 6.279 9.359 9.180 8.712 8.878 8.849 11.130 14.380 13.608 13.903 17.159 19.256 15.243 16.186 15.730 13.433 11.309 10.979 11.082 8.082 6.152 6.214 4.762 2.277 0.257 0.127 0.000 0.000 0.000 0.000 0.000 0.000 0.000 0.000 2.752 3.775 5.152 7.115
-999.250 -999.250 -999.250 -999.250 -999.250 -999.250 -999.250 -999.250 -999.250 -999.250 -999.250 -999.250 -999.250 -999.250 -999.250 -999.250 -999.250 -999.250 -999.250 -999.250 -999.250 -999.250 -999.250 -999.250 -999.250 -999.250 -999.250 -999.250 -999.250 -999.250 5.350 6.128 8.123 10.088 9.501 8.015 10.568 11.149 13.715 12.698 12.521 13.695 15.810 12.853 12.763 13.236 12.685 12.716 10.066 8.966 6.730 4.247 2.455 1.745 0.000 0.000 0.000 0.000 0.000 0.000 0.000 0.000 0.000 0.000 0.374 2.872 4.082 4.822
-999.250 -999.250 -999.250 -999.250 -999.250 -999.250 -999.250 -999.250 -999.250 -999.250 -999.250 -999.250 -999.250 -999.250 -999.250 -999.250 -999.250 -999.250 -999.250 -999.250 -999.250 -999.250 -999.250 -999.250 -999.250 -999.250 -999.250 -999.250 -999.250 -999.250 5.896 4.019 6.201 7.324 9.140 8.293 8.823 9.857 11.043 13.738 12.149 12.822 13.591 16.069 12.023 12.417 13.025 11.971 10.026 9.439 5.515 4.996 3.121 1.907 0.370 0.000 0.000 0.000 0.000 0.000 0.000 0.000 0.000 0.000 0.806 3.871 3.914 5.317
-999.250 -999.250 -999.250 -999.250 -999.250 -999.250 -999.250 -999.250 -999.250 -999.250 -999.250 -999.250 -999.250 -999.250 -999.250 -999.250 -999.250 -999.250 -999.250 -999.250 -999.250 -999.250 -999.250 -999.250 -999.250 -999.250 -999.250 -999.250 -999.250 5.293 5.064 5.513 6.457 6.220 6.844 10.083 11.332 10.291 15.144 13.705 12.859 13.121 14.386 12.354 9.727 10.939 12.040 12.206 9.038 6.672 4.647 3.689 2.585 0.345 0.000 0.000 0.000 0.000 0.000 0.000 0.000 0.000 0.000 0.000 0.000 1.177 2.377 2.659
-999.250 -999.250 -999.250 -999.250 -999.250 -999.250 -999.250 -999.250 -999.250 -999.250 -999.250 -999.250 -999.250 -999.250 -999.250 -999.250 -999.250 -999.250 -999.250 -999.250 -999.250 -999.250 -999.250 -999.250 -999.250 -999.250 -999.250 -999.250 -999.250 5.526 4.098 4.377 5.117 6.611 7.869 9.892 10.903 11.392 12.690 10.766 10.758 11.798 11.117 11.361 8.711 8.215 11.155 11.523 8.697 5.877 4.928 3.756 0.785 0.000 0.000 0.000 0.000 0.000 0.000 0.000 0.000 0.000 0.000 0.000 0.000 0.000 0.373 0.180
-999.250 -999.250 -999.250 -999.250 -999.250 -999.250 -999.250 -999.250 -999.250 -999.250 -999.250 -999.250 -999.250 -999.250 -999.250 -999.250 -999.250 -999.250 -999.250 -999.250 -999.250 -999.250 -999.250 -999.250 -999.250 -999.250 -999.250 -999.250 3.616 3.035 4.001 3.762 4.760 7.021 7.554 8.785 13.893 12.556 8.526 8.434 8.657 9.717 10.862 9.506 9.532 9.303 8.549 11.663 9.244 8.093 4.380 3.150 0.874 0.000 0.000 0.000 0.000 0.000 0.000 0.000 0.000 0.000 0.000 0.000 0.000 0.000 0.000 0.000
-999.250 -999.250 -999.250 -999.250 -999.250 -999.250 -999.250 -999.250 -999.250 -999.250 -999.250 -999.250 -999.250 -999.250 -999.250 -999.250 -999.250 -999.250 -999.250 -999.250 -999.250 -999.250 -999.250 -999.250 -999.250 -999.250 -999.250 -999.250 3.718 4.641 5.478 4.350 4.018 4.853 6.213 7.528 9.860 10.097 8.323 8.343 9.235 9.801 8.614 11.195 10.143 7.797 7.778 9.088 6.968 5.059 4.792 2.348 0.428 0.000 0.000 0.000 0.000 0.000 0.000 0.000 0.000 0.000 0.000 0.000 0.000 0.000 0.000 0.000
-999.250 -999.250 -999.250 -999.250 -999.250 -999.250 -999.250 -999.250 -999.250 -999.250 -999.250 -999.250 -999.250 -999.250 -999.250 -999.250 -999.250 -999.250 -999.250 -999.250 -999.250 -999.250 -999.250 -999.250 -999.250 -999.250 -999.250 5.769 4.231 3.491 5.141 5.297 4.799 4.551 3.598 6.716 6.816 7.952 7.464 9.238 8.481 7.842 9.600 8.199 7.470 7.169 9.458 9.690 6.677 3.926 3.499 0.449 0.000 0.000 0.000 0.000 0.000 0.000 0.000 0.000 0.000 0.000 0.000 0.000 0.000 0.000 0.000 0.000
-999.250 -999.250 -999.250 -999.250 -999.250 -999.250 -999.250 -999.250 -999.250 -999.250 -999.250 -999.250 -999.250 -999.250 -999.250 -999.250 -999.250 -999.250 -999.250 -999.250 -999.250 -999.250 -999.250 -999.250 -999.250 -999.250 -999.250 4.974 4.902 3.730 5.968 7.291 5.541 4.882 5.015 5.577 4.608 7.785 7.205 7.824 8.679 9.075 9.247 8.866 9.939 7.948 8.838 8.273 5.644 3.450 2.187 0.008 0.000 0.000 0.000 0.000 0.000 0.000 0.000 0.000 0.000 0.000 0.000 0.000 0.000 0.000 0.000 0.000
-999.250 -999.250 -999.250 -999.250 -999.250 -999.250 -999.250 -999.250 -999.250 -999.250 -999.250 -999.250 -999.250 -999.250 -999.250 -999.250 -999.250 -999.250 -999.250 -999.250 -999.250 -999.250 -999.250 -999.250 -999.250 -999.250 -999.250 -999.250 4.929 5.274 4.552 5.878 5.123 4.953 5.866 5.941 5.852 4.632 8.063 7.615 10.150 9.634 8.510 7.109 9.367 7.835 7.353 6.867 4.476 3.610 2.089 0.290 0.000 0.000 0.000 0.000 0.000 0.000 0.000 0.000 0.000 0.000 0.000 0.000 0.000 0.000 0.000 0.000
-999.250 -999.250 -999.250 -999.250 -999.250 -999.250 -999.250 -999.250 -999.250 -999.250 -999.250 -999.250 -999.250 -999.250 -999.250 -999.250 -999.250 -999.250 -999.250 -999.250 -999.250 -999.250 -999.250 -999.250 -999.250 -999.250 -999.250 -999.250 -999.250 -999.250 5.166 5.875 4.903 4.718 5.388 6.789 6.206 4.859 6.139 8.805 8.939 11.523 7.726 6.291 7.938 7.612 7.138 6.023 4.780 4.910 1.411 0.064 0.000 0.000 0.000 0.000 0.000 0.000 0.000 0.000 0.000 0.000 0.000 0.000 0.000 0.000 0.000 0.000
-999.250 -999.250 -999.250 -999.250 -999.250 -999.250 -999.250 -999.250 -999.250 -999.250 -999.250 -999.250 -999.250 -999.250 -999.250 -999.250 -999.250 -999.250 -999.250 -999.250 -999.250 -999.250 -999.250 -999.250 -999.250 -999.250 -999.250 -999.250 -999.250 -999.250 5.186 5.062 4.935 4.320 5.043 6.574 5.965 5.645 5.984 6.906 8.387 8.186 6.780 5.657 6.309 8.417 7.809 5.908 4.687 3.519 2.503 0.347 0.000 0.000 0.000 0.000 0.000 0.000 0.000 0.000 0.000 0.000 0.000 0.000 0.000 0.000 0.000 0.000
-999.250 -999.250 -999.250 -999.250 -999.250 -999.250 -999.250 -999.250 -999.250 -999.250 -999.250 -999.250 -999.250 -999.250 -999.250 -999.250 -999.250 -999.250 -999.250 -999.250 -999.250 -999.250 -999.250 -999.250 -999.250 -999.250 -999.250 -999.250 -999.250 -999.250 4.479 4.630 4.332 3.479 5.408 6.378 6.129 7.432 6.046 6.732 5.674 6.477 7.330 5.947 6.867 8.269 5.041 5.552 4.846 4.064 1.184 0.552 0.000 0.000 0.000 0.000 0.000 0.000 0.000 0.000 0.000 0.000 0.000 0.000 0.000 0.000 0.000 0.000
-999.250 -999.250 -999.250 -999.250 -999.250 -999.250 -999.250 -999.250 -999.250 -999.250 -999.250 -999.250 -999.250 -999.250 -999.250 -999.250 -999.250 -999.250 -999.250 -999.250 -999.250 -999.250 -999.250 -999.250 -999.250 -999.250 -999.250 -999.250 -999.250 -999.250 -999.250 3.882 3.797 3.717 4.636 4.899 5.898 6.353 4.638 4.181 5.209 5.206 4.683 6.428 6.306 6.654 6.239 5.629 5.970 4.014 1.410 0.414 0.000 0.000 0.000 0.000 0.000 0.000 0.000 0.000 0.000 0.000 0.000 0.000 0.000 0.000 0.000 0.000
-999.250 -999.250 -999.250 -999.250 -999.250 -999.250 -999.250 -999.250 -999.250 -999.250 -999.250 -999.250 -999.250 -999.250 -999.250 -999.250 -999.250 -999.250 -999.250 -999.250 -999.250 -999.250 -999.250 -999.250 -999.250 -999.250 -999.250 -999.250 -999.250 -999.250 4.037 1.860 3.740 3.493 4.544 4.045 4.737 5.155 5.258 5.471 5.468 3.841 5.205 6.636 8.613 6.077 5.645 6.036 4.012 3.800 2.381 0.831 0.000 0.000 0.000 0.000 0.000 0.000 0.000 0.000 0.000 0.000 0.000 0.000 0.000 0.000 0.000 0.000
-999.250 -999.250 -999.250 -999.250 -999.250 -999.250 -999.250 -999.250 -999.250 -999.250 -999.250 -999.250 -999.250 -999.250 -999.250 -999.250 -999.250 -999.250 -999.250 -999.250 -999.250 -999.250 -999.250 -999.250 -999.250 -999.250 -999.250 -999.250 -999.250 -999.250 -999.250 3.491 2.928 3.266 3.867 3.397 4.223 4.906 6.314 6.491 3.869 5.794 4.009 5.454 6.521 8.091 5.748 5.892 4.577 4.019 3.909 0.242 0.860 0.009 0.000 0.000 0.000 0.000 0.000 0.000 0.000 0.000 0.000 0.000 0.000 0.000 0.000 0.000
