data/medianmodel_28-Oct-2020.asc
ncols	141
nrows	288
xllcorner	-120191.398
yllcorner	-301404.813
cellsize	2000.000
NODATA_value	-999.250
[rows 145 to 173 of 288, columns 0 to 65 of 141]
-999.250 -999.250 -999.250 -999.250 -999.250 -999.250 -999.250 -999.250 -999.250 -999.250 -999.250 -999.250 -999.250 -999.250 -999.250 -999.250 -999.250 155.182 133.668 120.462 105.811 94.157 77.263 73.745 70.326 72.339 90.388 99.472 108.671 116.156 124.286 123.438 131.346 137.142 155.090 164.572 149.903 194.766 202.882 181.783 192.437 191.346 175.283 168.254 158.551 143.886 130.833 115.210 111.208 110.795 137.781 153.046 185.110 191.140 203.956 193.958 172.807 150.911 113.098 78.794 58.885 52.970 53.885 43.843 47.039 53.869
-999.250 -999.250 -999.250 -999.250 -999.250 -999.250 -999.250 -999.250 -999.250 -999.250 -999.250 -999.250 -999.250 -999.250 -999.250 130.370 114.100 120.907 111.814 120.210 109.822 99.202 90.128 75.472 65.550 72.463 87.463 101.893 107.326 113.191 114.759 118.679 125.132 135.802 145.423 146.454 154.932 168.414 192.060 187.264 186.737 200.384 186.647 186.880 186.245 156.662 121.607 108.519 118.331 131.919 143.393 184.394 212.896 233.811 241.926 227.183 208.493 199.260 146.339 111.660 83.162 65.517 56.426 55.577 51.807 50.551
-999.250 -999.250 -999.250 -999.250 -999.250 -999.250 -999.250 -999.250 -999.250 -999.250 -999.250 -999.250 -999.250 -999.250 115.529 114.985 123.199 116.613 103.154 93.749 97.573 91.231 88.087 79.319 71.204 76.531 93.650 103.722 106.053 123.832 123.003 130.933 130.168 130.482 162.176 142.045 160.824 170.317 164.310 190.660 194.347 181.915 192.503 179.538 176.928 169.386 119.820 98.146 119.105 123.356 160.718 202.402 249.113 272.953 256.884 238.759 225.321 212.881 161.277 130.614 100.522 74.049 68.002 62.898 57.670 45.159
-999.250 -999.250 -999.250 -999.250 -999.250 -999.250 -999.250 -999.250 -999.250 -999.250 -999.250 -999.250 -999.250 -999.250 129.757 108.836 119.609 111.297 85.950 96.154 92.334 90.909 93.759 89.891 73.857 73.248 88.547 112.370 121.523 127.732 137.252 127.118 150.812 166.854 167.027 177.924 150.661 171.754 184.057 196.120 193.169 174.585 186.053 187.968 183.839 171.630 120.847 80.418 118.578 142.146 174.824 196.805 237.091 256.560 273.766 247.775 231.211 219.748 192.520 139.659 112.099 84.730 75.941 59.109 63.521 53.136
-999.250 -999.250 -999.250 -999.250 -999.250 -999.250 -999.250 -999.250 -999.250 -999.250 -999.250 -999.250 -999.250 104.631 111.148 108.065 104.689 105.598 93.344 79.456 89.932 92.917 88.139 73.502 90.332 90.690 101.394 113.079 126.337 129.681 170.823 164.737 168.826 144.367 140.552 172.773 150.561 174.877 188.685 183.994 179.213 180.255 160.117 163.440 170.683 161.445 133.620 110.979 128.190 165.916 194.756 218.496 225.202 243.425 251.476 245.092 224.410 200.423 190.434 170.880 129.313 97.512 83.125 70.925 67.986 80.104
-999.250 -999.250 -999.250 -999.250 -999.250 -999.250 -999.250 -999.250 -999.250 -999.250 -999.250 -999.250 93.235 99.475 95.002 82.709 90.712 85.956 84.731 85.438 95.672 88.891 99.599 101.571 112.863 113.432 114.189 140.081 132.853 141.801 183.303 198.687 164.583 190.164 160.660 165.980 169.032 187.571 187.258 186.779 189.877 159.235 173.946 156.491 147.165 141.967 125.392 130.416 148.641 177.647 188.345 217.912 229.596 243.367 226.720 236.780 202.761 193.351 180.374 162.907 124.021 107.205 91.714 80.841 88.707 81.750
-999.250 -999.250 -999.250 -999.250 -999.250 -999.250 -999.250 -999.250 -999.250 -999.250 -999.250 72.765 83.243 82.473 73.800 76.569 68.502 73.633 76.588 82.946 83.806 97.158 113.081 111.081 121.024 131.050 148.369 142.656 177.396 174.660 198.341 209.692 174.700 193.347 175.800 178.012 182.412 203.207 182.186 195.446 187.697 179.594 155.209 154.559 141.843 131.111 142.993 159.693 187.633 183.431 209.549 232.424 237.802 228.860 236.518 233.559 223.741 215.927 169.572 179.533 140.275 118.997 109.465 92.087 82.540 74.464
-999.250 -999.250 -999.250 -999.250 -999.250 -999.250 -999.250 -999.250 -999.250 -999.250 64.233 72.514 75.258 67.230 63.819 70.603 63.396 67.100 73.458 90.840 100.568 107.843 116.462 123.023 130.232 145.902 173.088 193.140 206.378 222.734 219.887 212.775 199.374 227.909 220.440 206.609 208.851 201.996 199.838 201.357 172.537 188.561 149.274 146.870 152.633 172.929 174.751 189.754 189.235 206.292 220.902 253.255 238.777 263.296 255.897 249.419 232.751 199.762 200.348 191.997 167.136 136.183 111.084 86.593 91.452 74.578
-999.250 -999.250 -999.250 -999.250 -999.250 -999.250 -999.250 -999.250 -999.250 62.465 59.603 55.949 54.884 55.933 59.295 59.072 61.363 69.742 77.933 98.243 115.219 123.503 129.815 147.361 158.486 167.693 159.078 181.632 203.111 240.150 239.637 231.416 227.542 219.659 231.658 242.417 215.046 211.015 201.069 187.698 184.466 165.693 149.488 162.931 182.155 213.295 232.467 227.863 208.043 218.941 233.088 248.008 259.638 255.066 265.145 256.291 241.178 209.699 206.561 187.572 144.005 134.259 100.491 78.680 100.924 89.700
-999.250 -999.250 -999.250 -999.250 -999.250 74.614 71.695 67.796 63.536 58.601 52.270 45.991 41.652 49.436 53.039 57.202 66.698 76.046 97.125 111.092 124.299 135.511 160.979 165.727 175.141 193.230 218.303 213.539 229.007 216.956 226.903 258.885 247.325 239.358 248.251 264.515 234.929 230.344 195.150 184.080 173.196 148.102 152.203 178.720 192.015 236.046 282.701 260.038 227.508 239.929 238.277 233.625 259.768 248.789 272.148 234.249 225.021 198.948 196.390 178.173 150.369 126.275 113.137 105.023 100.961 94.349
-999.250 -999.250 -999.250 -999.250 -999.250 -999.250 -999.250 76.228 71.606 61.455 57.110 46.363 39.317 49.855 52.790 56.261 71.584 92.763 108.574 147.975 140.018 173.970 185.505 181.786 202.095 215.909 232.089 229.353 217.045 238.404 274.715 271.029 251.322 277.683 260.978 267.250 242.716 229.851 198.541 189.006 177.061 155.829 166.076 166.825 191.045 229.207 241.856 246.650 244.385 248.892 233.664 220.485 244.200 230.899 221.898 227.854 185.689 177.877 173.509 168.744 145.643 120.614 106.503 104.497 98.222 85.718
-999.250 -999.250 -999.250 -999.250 -999.250 -999.250 -999.250 90.301 79.689 74.423 66.189 49.396 45.198 36.472 48.145 54.452 70.890 99.431 113.107 150.420 176.898 189.619 213.149 197.719 200.217 208.633 245.981 244.254 226.268 240.724 254.837 260.848 284.058 313.382 280.151 272.172 244.979 230.745 210.281 186.725 167.045 162.700 154.995 186.605 206.551 217.604 235.583 256.455 240.683 256.862 217.480 205.738 238.658 214.185 214.934 223.869 192.397 172.777 163.396 141.455 132.576 122.520 108.142 99.850 98.494 84.522
-999.250 -999.250 -999.250 -999.250 -999.250 -999.250 -999.250 109.441 108.575 88.334 67.832 54.088 47.689 41.785 36.509 57.652 78.080 112.768 135.680 164.472 191.846 209.911 226.402 229.155 227.549 235.099 235.316 227.880 241.194 278.065 276.639 289.128 287.831 294.075 316.868 292.785 237.097 237.375 201.849 202.932 166.079 156.243 155.513 167.622 203.798 206.061 225.985 235.845 236.981 252.942 249.721 223.277 226.733 224.353 204.623 211.587 195.167 166.315 159.616 125.168 120.532 110.813 111.832 99.014 94.742 81.161
-999.250 -999.250 -999.250 -999.250 -999.250 -999.250 -999.250 120.521 109.103 99.626 80.014 66.345 50.665 43.827 41.029 52.882 80.194 121.625 159.915 193.056 224.774 258.043 263.262 261.833 274.084 261.463 237.929 255.094 253.514 321.755 298.666 323.529 306.616 319.496 308.650 312.243 264.595 234.405 209.277 169.185 170.131 147.082 150.752 162.858 181.182 199.542 208.323 240.634 231.413 218.969 222.408 222.985 212.645 224.925 201.867 188.927 186.546 176.148 149.938 134.915 124.695 106.942 97.465 96.119 96.458 87.178
-999.250 -999.250 -999.250 -999.250 -999.250 -999.250 -999.250 -999.250 116.996 113.463 102.147 75.328 62.855 46.311 36.336 42.915 95.709 151.597 202.110 231.301 262.394 284.264 293.637 280.952 270.490 298.069 271.236 260.277 300.666 316.155 356.675 326.822 306.601 312.852 344.273 314.425 297.969 240.855 237.477 174.287 153.476 136.665 137.693 150.414 165.408 194.513 202.410 209.724 211.559 218.993 220.219 226.755 207.252 179.361 198.593 198.616 171.708 151.080 139.201 138.743 128.841 104.466 119.636 96.514 96.285 92.456
-999.250 -999.250 -999.250 -999.250 -999.250 -999.250 -999.250 -999.250 134.455 127.635 111.691 88.633 65.103 56.063 37.236 31.852 107.963 193.936 228.234 286.159 311.899 335.796 303.359 321.643 319.119 283.218 276.095 287.057 323.093 327.665 312.297 360.113 301.248 339.979 347.522 318.916 309.907 279.978 230.910 183.141 139.257 127.497 139.600 144.556 150.221 161.147 185.195 200.543 239.406 220.759 217.962 206.977 221.540 193.253 189.574 179.265 149.513 125.690 122.112 127.693 120.555 108.886 105.025 104.664 89.627 80.032
-999.250 -999.250 -999.250 -999.250 -999.250 -999.250 -999.250 139.137 125.453 122.182 114.198 95.077 75.751 77.728 66.960 92.962 142.485 213.178 273.945 321.226 349.732 339.546 349.036 296.518 288.330 291.568 291.294 301.968 311.957 315.548 314.581 338.780 309.458 317.734 309.671 347.953 367.461 281.865 222.157 170.651 143.536 134.902 129.131 127.684 149.454 172.108 198.867 224.188 192.302 208.186 188.523 186.012 206.191 202.724 193.073 175.424 146.535 134.810 131.843 123.830 109.352 94.038 87.141 105.990 92.240 94.776
-999.250 -999.250 -999.250 -999.250 -999.250 -999.250 -999.250 139.243 144.133 129.589 114.132 103.510 93.531 95.498 108.551 145.308 189.043 243.756 315.257 366.136 438.821 387.312 375.560 330.937 302.054 284.930 305.239 300.339 295.664 331.734 333.553 317.179 299.977 297.315 318.738 320.237 313.925 266.921 197.884 155.446 126.043 124.611 127.953 133.202 149.163 160.101 180.700 194.675 204.856 198.002 196.537 191.696 191.659 202.904 182.535 181.752 153.187 140.705 132.499 115.439 106.597 97.533 82.240 98.202 80.532 86.207
-999.250 -999.250 -999.250 -999.250 -999.250 -999.250 -999.250 150.543 139.436 122.675 134.691 127.902 118.093 126.040 154.204 175.093 209.589 261.890 293.628 355.600 414.816 389.659 377.015 321.655 304.097 299.891 290.662 318.450 303.569 321.110 304.539 332.873 318.658 290.071 302.200 283.346 244.942 198.813 159.674 137.486 138.857 122.353 117.675 130.673 140.602 164.944 165.605 193.102 195.667 185.233 175.703 171.928 202.973 177.942 179.729 173.819 136.256 120.915 112.164 115.361 105.271 99.148 87.951 76.821 81.688 95.065
-999.250 -999.250 -999.250 -999.250 -999.250 -999.250 -999.250 160.451 142.001 131.416 135.851 120.013 126.308 143.365 173.801 179.890 212.265 262.083 306.638 340.045 361.033 361.400 356.941 353.137 329.003 330.534 276.166 277.671 289.689 317.984 306.046 300.306 297.964 268.480 262.558 245.893 212.512 189.765 147.394 133.899 131.796 110.971 120.046 127.505 139.331 156.470 163.058 172.899 197.192 188.715 163.482 202.339 179.898 190.462 164.664 142.881 128.019 119.103 105.423 94.060 97.981 92.683 83.451 81.878 80.035 91.617
-999.250 -999.250 -999.250 -999.250 -999.250 -999.250 192.894 170.317 161.962 142.827 136.527 122.157 125.664 148.490 188.269 190.956 232.110 270.231 297.981 332.691 354.656 358.056 340.557 336.509 335.438 311.072 258.906 246.972 280.367 299.298 302.184 297.781 295.545 278.878 256.676 253.822 199.966 164.489 147.451 134.440 127.326 116.223 118.293 122.033 116.186 141.866 152.026 182.685 187.160 185.914 187.049 204.303 165.946 152.870 157.077 130.332 135.007 113.022 104.519 97.203 95.438 101.345 84.771 87.148 91.143 84.625
-999.250 -999.250 -999.250 -999.250 -999.250 -999.250 187.538 176.765 161.694 141.697 133.015 129.992 136.691 151.375 169.397 193.106 241.970 260.807 271.647 322.040 360.340 325.176 325.797 295.111 322.436 291.423 289.184 276.931 271.900 273.466 283.283 245.444 261.457 246.617 226.514 227.450 191.585 154.675 152.071 134.348 132.616 122.779 121.076 121.728 121.718 125.476 149.400 154.364 185.909 195.319 180.123 165.095 150.304 136.463 132.059 125.554 117.811 103.233 105.115 100.633 93.778 91.691 80.362 90.112 87.533 73.234
-999.250 -999.250 -999.250 -999.250 -999.250 193.680 183.064 166.531 168.584 148.231 139.847 138.669 141.563 135.859 166.109 196.843 237.757 266.336 279.153 307.801 340.313 331.598 324.604 320.022 305.214 266.925 253.637 246.522 261.285 250.114 241.242 231.829 243.243 225.188 221.725 213.595 180.698 167.928 125.574 123.104 124.946 133.260 114.932 118.421 115.118 130.698 143.795 159.512 163.987 187.405 188.333 171.179 141.574 117.336 124.325 129.566 115.462 104.177 92.551 83.176 78.529 75.441 69.356 80.142 76.692 76.888
-999.250 -999.250 -999.250 -999.250 -999.250 198.230 188.758 170.453 162.618 157.870 159.762 150.261 149.741 150.721 179.618 219.205 225.508 259.070 277.925 314.146 343.573 331.817 349.209 333.533 310.305 276.687 268.727 228.977 244.920 226.845 221.589 223.325 233.524 202.748 194.859 192.371 186.589 141.247 126.704 119.998 117.756 128.214 129.227 122.316 124.156 143.585 147.713 151.699 161.786 180.938 194.677 159.142 146.452 132.441 120.718 119.230 102.760 84.538 92.494 89.021 68.988 70.600 64.952 77.882 91.477 73.633
-999.250 -999.250 -999.250 -999.250 217.608 212.945 218.998 189.840 168.556 162.399 157.188 166.941 160.706 177.871 190.782 209.158 225.346 260.888 257.076 290.309 334.073 365.359 355.682 335.526 302.861 261.206 260.800 236.710 228.901 217.892 195.978 226.412 195.494 205.433 190.477 166.882 160.513 135.813 121.494 129.335 118.463 121.566 131.366 125.617 134.887 126.644 158.917 165.714 174.989 168.490 160.653 153.598 134.335 128.201 120.046 108.320 107.900 84.687 80.166 75.754 67.408 68.301 68.588 75.370 71.596 69.728
-999.250 -999.250 -999.250 -999.250 234.680 220.123 232.326 208.973 185.982 147.832 176.760 172.273 174.936 175.224 196.141 207.836 225.579 244.016 268.802 311.940 325.847 383.492 408.608 349.843 289.087 268.313 266.663 242.563 204.822 204.474 194.562 187.169 190.734 184.498 168.966 174.952 135.472 122.093 122.340 126.308 119.264 118.561 127.389 134.538 127.306 127.571 147.356 150.807 147.435 142.962 125.238 112.408 110.448 111.587 110.164 88.279 79.644 64.285 66.474 62.296 71.065 60.263 61.331 58.755 66.111 62.096
-999.250 -999.250 -999.250 -999.250 226.000 240.072 214.038 198.878 189.066 185.359 195.979 187.904 180.734 174.189 183.537 216.572 230.703 250.449 284.431 307.514 319.681 368.663 372.623 348.044 275.006 259.737 248.375 258.207 223.746 192.485 191.853 185.686 174.342 162.844 177.641 160.468 145.305 118.957 117.899 102.840 110.545 118.879 116.769 130.159 133.183 136.108 140.051 134.352 125.618 121.934 114.895 114.147 106.828 92.481 77.873 71.983 65.012 60.190 62.703 57.703 66.537 64.633 58.553 66.082 64.437 63.623
-999.250 -999.250 -999.250 -999.250 254.905 250.050 203.924 202.982 189.409 195.760 197.772 177.872 180.329 179.265 196.280 215.413 231.511 245.227 268.609 304.211 315.063 325.591 325.821 277.485 292.608 257.971 235.963 250.297 205.688 193.740 193.434 191.469 170.874 158.678 141.502 145.574 134.739 121.067 115.966 112.160 106.956 127.427 111.656 118.752 119.237 125.192 122.722 129.715 113.363 114.826 97.861 98.140 96.681 87.132 66.801 57.376 54.339 46.044 45.681 57.296 59.200 59.581 51.226 52.301 56.174 58.404
-999.250 -999.250 -999.250 -999.250 241.538 261.262 233.044 234.221 229.385 183.989 192.174 187.290 172.242 179.426 191.591 202.803 206.553 242.128 289.951 320.052 325.144 302.679 323.517 269.547 282.672 231.717 227.080 217.194 203.980 193.128 189.800 180.075 155.611 148.178 150.421 134.624 133.962 119.555 105.806 112.138 121.098 111.654 111.265 112.490 109.056 116.796 130.800 113.434 105.277 98.040 89.160 83.249 81.918 76.176 62.514 54.546 51.698 44.848 46.796 48.372 41.331 43.865 49.806 49.663 54.767 53.594
