data/medianmodel_08-Feb-2021.asc
ncols	141
nrows	288
xllcorner	-120191.398
yllcorner	-301404.813
cellsize	2000.000
NODATA_value	-999.250
[rows 168 to 195 of 288, columns 64 to 127 of 141]
275.729 294.281 300.814 293.411 323.764 352.402 441.960 571.850 774.975 982.797 1279.974 1556.431 1785.532 2048.711 2186.101 2329.533 2463.201 2391.297 2299.939 2108.011 1894.315 1726.375 1474.794 1327.969 1125.128 963.895 898.187 844.442 821.775 854.475 951.004 1030.671 1124.425 1308.467 1417.212 1456.609 1443.247 1407.854 -999.250 -999.250 -999.250 1436.218 1396.473 1400.440 -999.250 -999.250 -999.250 -999.250 -999.250 -999.250 -999.250 -999.250 -999.250 -999.250 -999.250 -999.250 -999.250 -999.250 -999.250 -999.250 -999.250 -999.250 -999.250 -999.250
265.007 272.889 274.850 270.718 285.206 300.894 368.042 562.353 763.171 999.321 1341.774 1608.452 1914.900 2169.754 2400.210 2837.733 3109.065 2925.852 2600.615 2352.115 2109.944 1845.223 1635.267 1347.376 1153.974 975.552 866.819 807.305 784.530 842.312 908.628 1030.053 1157.594 1302.367 1418.440 1433.496 1470.992 1437.238 1428.708 1440.590 1451.178 1464.291 1428.858 1428.618 1393.114 -999.250 -999.250 -999.250 -999.250 -999.250 -999.250 -999.250 -999.250 -999.250 -999.250 -999.250 -999.250 -999.250 -999.250 -999.250 -999.250 -999.250 -999.250 -999.250
275.486 248.692 277.253 291.145 272.841 275.096 282.552 534.236 771.157 1000.578 1318.917 1602.905 1960.690 2261.809 2524.951 3072.340 3496.974 3340.558 2794.352 2371.844 2162.224 1899.751 1668.204 1436.371 1180.493 979.432 821.808 714.765 721.547 803.677 862.836 971.487 1131.379 1290.537 1400.685 1413.859 1427.635 1448.013 1407.561 1434.290 1439.163 1431.786 1406.389 1371.603 1373.846 1391.272 -999.250 -999.250 -999.250 -999.250 -999.250 -999.250 -999.250 -999.250 -999.250 -999.250 -999.250 -999.250 -999.250 -999.250 -999.250 -999.250 -999.250 -999.250
284.789 269.085 277.181 290.460 288.868 321.493 384.008 540.427 761.908 968.196 1322.716 1568.636 1848.357 2185.391 2454.048 2831.473 3043.676 2944.039 2609.832 2413.025 2157.569 1911.108 1693.117 1422.024 1209.453 947.389 781.057 622.825 645.153 711.256 834.074 923.143 1040.911 1196.743 1301.595 1381.564 1371.936 1417.180 1440.571 1431.317 1412.836 1424.450 1409.947 1389.865 1335.551 1347.758 -999.250 -999.250 -999.250 -999.250 -999.250 -999.250 -999.250 -999.250 -999.250 -999.250 -999.250 -999.250 -999.250 -999.250 -999.250 -999.250 -999.250 -999.250
308.208 273.524 273.177 292.829 331.134 381.932 485.177 591.642 784.594 935.545 1210.492 1481.190 1702.443 2011.778 2254.292 2524.040 2559.280 2457.408 2404.050 2251.801 2073.415 1875.892 1654.555 1427.936 1174.294 933.119 721.332 504.202 567.140 679.567 783.020 870.844 992.565 1098.025 1192.032 1289.848 1344.037 1368.972 1424.379 1408.779 1396.979 1375.794 1373.949 1344.477 1309.615 1301.275 -999.250 -999.250 -999.250 -999.250 -999.250 -999.250 -999.250 -999.250 -999.250 -999.250 -999.250 -999.250 -999.250 -999.250 -999.250 -999.250 -999.250 -999.250
310.738 296.491 309.209 315.733 368.259 428.241 509.401 602.357 775.586 924.802 1108.932 1373.508 1589.938 1759.540 2012.309 2130.100 2197.635 2181.884 2148.717 2093.179 1928.034 1756.757 1608.490 1361.097 1160.165 959.967 749.914 621.456 607.253 658.852 719.493 828.908 914.869 954.515 1092.602 1216.831 1294.490 1304.835 1332.188 1371.967 1412.972 1340.142 1364.341 1346.064 1280.193 1306.909 1225.413 -999.250 -999.250 -999.250 -999.250 -999.250 -999.250 -999.250 -999.250 -999.250 -999.250 -999.250 -999.250 -999.250 -999.250 -999.250 -999.250 -999.250
306.721 334.267 351.501 363.200 413.908 476.293 528.716 634.650 792.585 895.685 1045.558 1267.530 1373.017 1532.720 1656.380 1713.692 1837.145 1888.637 1927.912 1836.407 1803.701 1632.727 1533.991 1353.423 1173.443 925.690 803.019 688.225 653.936 650.549 710.977 803.394 868.973 940.938 1057.206 1122.753 1211.543 1262.982 1288.542 1288.249 1296.823 1301.749 1323.585 1325.288 1243.936 1270.797 -999.250 -999.250 -999.250 -999.250 -999.250 -999.250 -999.250 -999.250 -999.250 -999.250 -999.250 -999.250 -999.250 -999.250 -999.250 -999.250 -999.250 -999.250
342.275 364.960 380.256 428.919 473.736 491.206 540.766 631.972 739.081 857.776 979.085 1090.943 1262.096 1271.889 1358.980 1391.104 1508.610 1571.812 1686.872 1700.943 1660.660 1567.381 1441.061 1294.331 1094.805 945.733 832.568 750.980 675.990 687.304 712.022 790.013 822.537 951.092 986.156 1008.708 1092.410 1115.067 1206.676 1163.855 1217.542 1243.907 1221.268 1234.281 1197.560 -999.250 -999.250 -999.250 -999.250 -999.250 -999.250 -999.250 -999.250 -999.250 -999.250 -999.250 -999.250 -999.250 -999.250 -999.250 -999.250 -999.250 -999.250 -999.250
387.438 416.169 429.928 465.055 503.134 537.084 583.214 632.584 758.099 845.625 951.508 1017.747 1050.750 1104.124 1016.901 951.949 1208.122 1432.762 1531.254 1550.408 1553.050 1519.819 1424.020 1265.599 1111.215 935.044 860.590 796.855 718.813 686.893 704.457 787.668 860.956 883.453 915.841 951.780 1002.647 1031.908 1084.152 1088.323 1131.479 1186.783 1123.209 1152.319 1205.515 -999.250 -999.250 -999.250 -999.250 -999.250 -999.250 -999.250 -999.250 -999.250 -999.250 -999.250 -999.250 -999.250 -999.250 -999.250 -999.250 -999.250 -999.250 -999.250
433.732 460.487 472.865 490.590 536.320 539.199 588.327 660.930 750.058 826.653 931.170 991.900 986.716 983.260 943.421 970.750 1130.304 1345.346 1435.713 1485.015 1491.351 1460.829 1369.058 1216.773 1066.784 988.710 882.403 829.608 802.377 737.062 741.143 768.431 836.666 838.139 901.101 924.161 954.201 952.472 971.149 1020.170 1058.273 1068.030 1066.830 1095.348 -999.250 -999.250 -999.250 -999.250 -999.250 -999.250 -999.250 -999.250 -999.250 -999.250 -999.250 -999.250 -999.250 -999.250 -999.250 -999.250 -999.250 -999.250 -999.250 -999.250
464.657 486.913 508.092 541.383 535.525 556.602 609.153 653.893 734.736 834.530 876.315 895.659 941.513 974.623 957.585 1050.556 1181.844 1283.238 1435.433 1416.582 1444.331 1406.050 1331.463 1188.915 1084.504 956.412 886.647 827.752 753.929 763.085 755.398 776.727 785.683 806.429 847.774 870.839 904.914 921.436 909.107 985.085 1009.911 1018.013 1024.503 1008.621 -999.250 -999.250 -999.250 -999.250 -999.250 -999.250 -999.250 -999.250 -999.250 -999.250 -999.250 -999.250 -999.250 -999.250 -999.250 -999.250 -999.250 -999.250 -999.250 -999.250
501.347 518.975 543.250 542.440 563.256 617.865 650.231 698.512 800.926 832.565 848.813 904.409 952.443 983.513 1017.859 1141.314 1228.773 1370.733 1416.582 1449.578 1420.176 1394.817 1268.256 1135.174 1020.582 953.606 901.998 828.173 774.714 746.333 769.004 780.992 773.971 761.947 783.501 834.282 871.931 882.816 931.170 933.926 965.165 987.466 991.797 -999.250 -999.250 -999.250 -999.250 -999.250 -999.250 -999.250 -999.250 -999.250 -999.250 -999.250 -999.250 -999.250 -999.250 -999.250 -999.250 -999.250 -999.250 -999.250 -999.250 -999.250
540.646 555.370 564.154 593.383 604.254 620.372 664.210 740.454 793.154 834.547 876.313 907.798 993.439 1039.163 1124.276 1179.969 1320.535 1423.965 1427.591 1494.297 1419.367 1322.414 1279.504 1101.951 1015.210 957.529 871.160 820.207 755.767 759.797 727.893 736.630 748.417 752.333 767.819 787.936 847.940 856.536 873.615 899.011 881.588 908.235 956.279 -999.250 -999.250 -999.250 -999.250 -999.250 -999.250 -999.250 -999.250 -999.250 -999.250 -999.250 -999.250 -999.250 -999.250 -999.250 -999.250 -999.250 -999.250 -999.250 -999.250 -999.250
566.829 579.679 610.430 621.458 661.212 670.357 731.691 778.555 815.660 868.723 888.328 952.587 1019.388 1074.405 1114.814 1193.966 1310.951 1436.265 1473.812 1476.738 1448.375 1340.887 1291.872 1109.421 1011.801 930.872 845.592 797.711 762.427 706.120 722.617 734.439 739.897 729.641 739.462 785.939 797.043 815.255 836.008 862.742 893.216 897.482 897.466 -999.250 -999.250 -999.250 -999.250 -999.250 -999.250 -999.250 -999.250 -999.250 -999.250 -999.250 -999.250 -999.250 -999.250 -999.250 -999.250 -999.250 -999.250 -999.250 -999.250 -999.250
621.841 628.245 645.924 672.133 685.932 708.820 749.573 768.310 811.952 857.899 901.750 967.568 1016.820 1103.886 1198.791 1259.168 1343.350 1440.419 1521.436 1534.166 1470.875 1400.303 1294.315 1135.219 1008.605 892.109 821.850 761.695 715.226 703.410 678.910 696.267 713.940 732.064 756.697 774.122 774.764 784.543 823.721 817.226 861.213 848.124 -999.250 -999.250 -999.250 -999.250 -999.250 -999.250 -999.250 -999.250 -999.250 -999.250 -999.250 -999.250 -999.250 -999.250 -999.250 -999.250 -999.250 -999.250 -999.250 -999.250 -999.250 -999.250
677.873 676.094 727.020 737.042 726.457 752.904 760.536 819.967 848.858 882.646 945.816 988.674 994.942 1114.825 1269.602 1293.741 1381.894 1450.100 1567.886 1657.763 1509.717 1416.874 1255.366 1082.159 972.751 870.709 797.339 734.832 716.783 687.584 717.750 753.141 693.497 703.976 745.352 759.155 755.361 789.667 774.552 823.556 842.245 -999.250 -999.250 -999.250 -999.250 -999.250 -999.250 -999.250 -999.250 -999.250 -999.250 -999.250 -999.250 -999.250 -999.250 -999.250 -999.250 -999.250 -999.250 -999.250 -999.250 -999.250 -999.250 -999.250
725.649 770.200 788.858 797.625 786.555 800.159 803.701 850.912 856.049 936.896 930.455 974.692 989.264 1088.600 1172.179 1257.678 1381.967 1434.407 1512.254 1536.952 1468.520 1360.478 1230.391 1101.307 949.272 841.404 727.435 717.064 702.698 697.986 708.923 735.078 731.928 730.654 772.385 771.146 763.196 763.527 769.701 817.379 830.296 -999.250 -999.250 -999.250 -999.250 -999.250 -999.250 -999.250 -999.250 -999.250 -999.250 -999.250 -999.250 -999.250 -999.250 -999.250 -999.250 -999.250 -999.250 -999.250 -999.250 -999.250 -999.250 -999.250
780.461 832.531 857.711 853.197 844.481 821.335 833.160 852.139 878.843 931.746 954.184 964.868 1050.214 1102.952 1166.741 1315.501 1372.399 1404.015 1457.400 1456.563 1382.990 1295.083 1182.719 1049.823 963.691 844.769 780.927 712.593 741.243 745.506 751.992 755.973 767.649 787.954 797.287 802.990 819.065 801.603 795.731 -999.250 -999.250 -999.250 -999.250 -999.250 -999.250 -999.250 -999.250 -999.250 -999.250 -999.250 -999.250 -999.250 -999.250 -999.250 -999.250 -999.250 -999.250 -999.250 -999.250 -999.250 -999.250 -999.250 -999.250 -999.250
865.769 897.034 888.631 887.402 858.828 866.642 894.104 861.944 915.415 921.397 969.977 983.706 1028.601 1077.118 1215.428 1207.520 1374.060 1360.894 1380.295 1326.400 1269.265 1235.468 1115.116 1027.066 946.077 893.402 829.008 757.576 762.981 777.300 790.458 764.787 806.659 797.118 813.570 829.818 842.082 823.993 -999.250 -999.250 -999.250 -999.250 -999.250 -999.250 -999.250 -999.250 -999.250 -999.250 -999.250 -999.250 -999.250 -999.250 -999.250 -999.250 -999.250 -999.250 -999.250 -999.250 -999.250 -999.250 -999.250 -999.250 -999.250 -999.250
907.867 967.090 921.542 900.877 867.515 860.998 877.588 880.079 928.138 901.215 920.090 970.627 991.115 1050.958 1108.215 1154.052 1245.490 1273.116 1248.388 1258.993 1173.853 1143.883 1060.091 1019.379 954.267 926.300 869.468 839.345 818.927 847.558 810.341 814.505 810.377 828.921 865.382 853.562 850.270 -999.250 -999.250 -999.250 -999.250 -999.250 -999.250 -999.250 -999.250 -999.250 -999.250 -999.250 -999.250 -999.250 -999.250 -999.250 -999.250 -999.250 -999.250 -999.250 -999.250 -999.250 -999.250 -999.250 -999.250 -999.250 -999.250 -999.250
917.722 917.195 922.292 896.724 885.564 877.601 858.949 863.973 888.117 914.458 911.689 956.737 960.609 997.652 1040.211 1094.779 1067.902 1170.469 1184.074 1193.979 1170.758 1134.803 1052.400 1006.965 965.455 948.280 949.678 899.057 895.919 886.132 881.699 891.727 861.295 885.300 874.732 874.188 -999.250 -999.250 -999.250 -999.250 -999.250 -999.250 -999.250 -999.250 -999.250 -999.250 -999.250 -999.250 -999.250 -999.250 -999.250 -999.250 -999.250 -999.250 -999.250 -999.250 -999.250 -999.250 -999.250 -999.250 -999.250 -999.250 -999.250 -999.250
868.075 902.155 864.012 869.082 873.081 864.813 867.937 838.504 865.976 867.926 879.063 890.126 970.637 996.427 1000.312 1029.867 1041.743 1090.367 1081.736 1118.289 1085.249 1081.975 1057.040 1067.081 1024.000 1018.360 988.999 1008.213 958.749 936.746 939.679 939.026 926.936 912.750 -999.250 -999.250 -999.250 -999.250 -999.250 -999.250 -999.250 -999.250 -999.250 -999.250 -999.250 -999.250 -999.250 -999.250 -999.250 -999.250 -999.250 -999.250 -999.250 -999.250 -999.250 -999.250 -999.250 -999.250 -999.250 -999.250 -999.250 -999.250 -999.250 -999.250
837.594 846.452 846.187 856.977 857.186 851.009 843.669 837.705 846.003 861.199 850.320 929.940 924.926 968.383 967.577 969.015 991.620 1053.548 1009.983 1038.683 1037.020 1014.188 1043.153 1071.829 1087.686 1054.809 1055.615 1075.686 1062.114 1032.990 995.524 961.171 988.182 974.680 -999.250 -999.250 -999.250 -999.250 -999.250 -999.250 -999.250 -999.250 -999.250 -999.250 -999.250 -999.250 -999.250 -999.250 -999.250 -999.250 -999.250 -999.250 -999.250 -999.250 -999.250 -999.250 -999.250 -999.250 -999.250 -999.250 -999.250 -999.250 -999.250 -999.250
818.042 813.752 814.126 824.365 817.555 821.111 807.873 794.400 781.949 801.292 848.126 892.982 938.280 909.610 917.293 929.488 940.435 968.893 991.913 993.747 984.154 998.804 1056.832 1048.166 1151.179 1155.159 1168.943 1149.230 1103.449 1076.795 1044.050 1055.181 1011.731 -999.250 -999.250 -999.250 -999.250 -999.250 -999.250 -999.250 -999.250 -999.250 -999.250 -999.250 -999.250 -999.250 -999.250 -999.250 -999.250 -999.250 -999.250 -999.250 -999.250 -999.250 -999.250 -999.250 -999.250 -999.250 -999.250 -999.250 -999.250 -999.250 -999.250 -999.250
791.701 802.756 806.637 824.073 817.245 790.276 800.593 816.579 774.153 794.324 800.689 831.818 876.617 889.854 887.435 886.384 914.966 916.366 937.279 941.034 935.648 985.191 1030.897 1065.547 1084.594 1177.789 1263.952 1233.921 1191.645 1183.560 1127.846 1059.249 1014.283 -999.250 -999.250 -999.250 -999.250 -999.250 -999.250 -999.250 -999.250 -999.250 -999.250 -999.250 -999.250 -999.250 -999.250 -999.250 -999.250 -999.250 -999.250 -999.250 -999.250 -999.250 -999.250 -999.250 -999.250 -999.250 -999.250 -999.250 -999.250 -999.250 -999.250 -999.250
793.426 781.236 765.463 806.525 791.498 794.606 766.037 769.213 724.071 728.059 748.528 778.758 819.200 864.098 860.009 876.371 897.770 861.270 891.721 849.992 947.109 970.341 1054.889 1151.774 1160.295 1306.496 1326.654 1296.885 1253.085 1231.212 1129.148 1053.490 1072.988 -999.250 -999.250 -999.250 -999.250 -999.250 -999.250 -999.250 -999.250 -999.250 -999.250 -999.250 -999.250 -999.250 -999.250 -999.250 -999.250 -999.250 -999.250 -999.250 -999.250 -999.250 -999.250 -999.250 -999.250 -999.250 -999.250 -999.250 -999.250 -999.250 -999.250 -999.250
720.846 739.229 758.902 753.150 729.302 746.733 765.430 731.653 708.199 751.571 747.052 748.561 775.568 818.037 845.601 849.344 860.456 858.273 849.305 885.805 958.098 1014.489 1100.205 1185.437 1300.628 1370.051 1431.963 1400.837 1318.254 1291.203 1224.825 1183.089 1131.498 -999.250 -999.250 -999.250 -999.250 -999.250 -999.250 -999.250 -999.250 -999.250 -999.250 -999.250 -999.250 -999.250 -999.250 -999.250 -999.250 -999.250 -999.250 -999.250 -999.250 -999.250 -999.250 -999.250 -999.250 -999.250 -999.250 -999.250 -999.250 -999.250 -999.250 -999.250
720.867 750.131 719.424 703.353 693.959 675.457 714.875 658.919 673.105 698.113 713.406 738.758 774.643 811.141 809.057 818.531 850.976 875.760 853.408 882.156 949.648 1013.078 1162.706 1217.874 1328.800 1380.837 1502.404 1451.262 1363.756 1306.485 1280.014 1198.288 1148.157 1091.609 -999.250 -999.250 -999.250 -999.250 -999.250 -999.250 -999.250 -999.250 -999.250 -999.250 -999.250 -999.250 -999.250 -999.250 -999.250 -999.250 -999.250 -999.250 -999.250 -999.250 -999.250 -999.250 -999.250 -999.250 -999.250 -999.250 -999.250 -999.250 -999.250 -999.250
