data/medianmodel_14-Apr-2020.asc
ncols	141
nrows	288
xllcorner	-120191.398
yllcorner	-301404.813
cellsize	2000.000
NODATA_value	-999.250
[rows 210 to 239 of 288, columns 68 to 135 of 141]
9.546 16.187 14.739 17.201 17.130 18.296 21.852 26.237 26.320 26.385 25.109 31.331 28.762 27.426 29.320 29.308 30.291 32.860 34.559 33.974 30.891 32.882 36.647 33.685 30.597 27.561 21.852 17.459 10.737 12.247 7.172 -999.250 -999.250 -999.250 -999.250 -999.250 -999.250 -999.250 -999.250 -999.250 -999.250 -999.250 -999.250 -999.250 -999.250 -999.250 -999.250 -999.250 -999.250 -999.250 -999.250 -999.250 -999.250 -999.250 -999.250 -999.250 -999.250 -999.250 -999.250 -999.250 -999.250 -999.250 -999.250 -999.250 -999.250 -999.250 -999.250 -999.250
11.946 17.499 15.666 16.642 18.170 17.661 17.983 22.788 24.730 27.360 27.189 30.407 32.099 28.930 29.920 31.819 34.939 35.666 38.861 34.922 41.723 39.859 40.818 47.068 42.193 32.870 28.601 25.112 21.663 20.782 16.575 14.302 -999.250 -999.250 -999.250 -999.250 -999.250 -999.250 -999.250 -999.250 -999.250 -999.250 -999.250 -999.250 -999.250 -999.250 -999.250 -999.250 -999.250 -999.250 -999.250 -999.250 -999.250 -999.250 -999.250 -999.250 -999.250 -999.250 -999.250 -999.250 -999.250 -999.250 -999.250 -999.250 -999.250 -999.250 -999.250 -999.250
12.678 14.683 15.484 18.815 15.795 16.495 17.333 19.129 29.402 28.079 29.044 32.266 34.142 31.269 36.507 45.228 40.739 43.084 46.126 42.984 48.264 54.968 55.339 55.449 55.314 43.949 39.087 38.996 33.498 29.219 25.769 21.611 12.998 -999.250 -999.250 -999.250 -999.250 -999.250 -999.250 -999.250 -999.250 -999.250 -999.250 -999.250 -999.250 -999.250 -999.250 -999.250 -999.250 -999.250 -999.250 -999.250 -999.250 -999.250 -999.250 -999.250 -999.250 -999.250 -999.250 -999.250 -999.250 -999.250 -999.250 -999.250 -999.250 -999.250 -999.250 -999.250
13.122 14.008 16.274 19.174 16.105 16.131 16.952 18.532 21.761 26.497 34.317 33.513 33.783 32.085 35.238 42.028 40.441 48.193 48.494 52.586 62.490 70.492 76.651 75.870 72.822 61.880 65.919 41.280 46.205 46.622 37.646 28.781 20.425 -999.250 -999.250 -999.250 -999.250 -999.250 -999.250 -999.250 -999.250 -999.250 -999.250 -999.250 -999.250 -999.250 -999.250 -999.250 -999.250 -999.250 -999.250 -999.250 -999.250 -999.250 -999.250 -999.250 -999.250 -999.250 -999.250 -999.250 -999.250 -999.250 -999.250 -999.250 -999.250 -999.250 -999.250 -999.250
14.467 17.377 18.126 15.417 16.062 15.722 18.529 16.921 21.265 24.146 29.955 32.061 32.991 35.959 37.853 41.090 48.268 47.271 52.445 69.508 77.551 91.796 88.084 88.134 91.507 76.589 68.147 63.584 60.823 53.871 44.898 38.543 29.965 22.017 -999.250 -999.250 -999.250 -999.250 -999.250 -999.250 -999.250 -999.250 -999.250 -999.250 -999.250 -999.250 -999.250 -999.250 -999.250 -999.250 -999.250 -999.250 -999.250 -999.250 -999.250 -999.250 -999.250 -999.250 -999.250 -999.250 -999.250 -999.250 -999.250 -999.250 -999.250 -999.250 -999.250 -999.250
18.071 18.830 18.472 20.595 19.517 15.266 14.672 13.800 19.128 21.158 27.261 30.386 36.282 34.985 39.823 50.964 53.602 53.591 71.415 66.849 91.728 100.664 101.810 103.056 116.480 104.974 97.725 82.126 91.235 74.144 65.248 47.546 34.305 33.103 17.461 -999.250 -999.250 -999.250 -999.250 -999.250 -999.250 -999.250 -999.250 -999.250 -999.250 -999.250 -999.250 -999.250 -999.250 -999.250 -999.250 -999.250 -999.250 -999.250 -999.250 -999.250 -999.250 -999.250 -999.250 -999.250 -999.250 -999.250 -999.250 -999.250 -999.250 -999.250 -999.250 -999.250
18.508 20.905 20.680 20.857 16.996 10.654 10.155 8.986 14.284 22.238 26.053 31.935 36.806 43.166 49.789 55.414 50.714 57.849 77.816 84.220 83.072 101.252 136.691 153.255 154.746 156.659 140.980 114.810 100.460 82.350 64.918 58.674 48.059 43.463 27.219 -999.250 -999.250 -999.250 -999.250 -999.250 -999.250 -999.250 -999.250 -999.250 -999.250 -999.250 -999.250 -999.250 -999.250 -999.250 -999.250 -999.250 -999.250 -999.250 -999.250 -999.250 -999.250 -999.250 -999.250 -999.250 -999.250 -999.250 -999.250 -999.250 -999.250 -999.250 -999.250 -999.250
22.387 23.675 24.483 21.280 19.780 13.637 8.110 0.000 10.554 19.701 26.954 32.652 36.605 43.284 49.719 64.647 62.538 68.694 77.914 88.330 117.984 114.987 152.377 152.099 176.229 148.596 144.952 150.085 130.360 112.550 79.704 68.172 60.215 45.641 29.614 -999.250 -999.250 -999.250 -999.250 -999.250 -999.250 -999.250 -999.250 -999.250 -999.250 -999.250 -999.250 -999.250 -999.250 -999.250 -999.250 -999.250 -999.250 -999.250 -999.250 -999.250 -999.250 -999.250 -999.250 -999.250 -999.250 -999.250 -999.250 -999.250 -999.250 -999.250 -999.250 -999.250
24.303 28.495 27.804 25.070 23.181 17.703 12.423 11.070 15.191 20.026 26.818 31.643 40.797 47.619 56.590 59.840 70.889 85.526 91.274 101.417 157.452 171.014 168.013 167.981 190.787 188.802 169.023 179.204 166.453 136.717 99.549 85.042 63.292 50.945 42.446 23.556 -999.250 -999.250 -999.250 -999.250 -999.250 -999.250 -999.250 0.000 -999.250 -999.250 -999.250 -999.250 -999.250 -999.250 -999.250 -999.250 -999.250 -999.250 -999.250 -999.250 -999.250 -999.250 -999.250 -999.250 -999.250 -999.250 -999.250 -999.250 -999.250 -999.250 -999.250 -999.250
30.377 31.535 34.309 29.195 23.505 19.520 16.623 17.878 20.477 22.972 28.565 30.341 40.048 54.096 68.551 81.097 98.843 94.589 105.627 141.509 174.263 181.914 205.106 194.059 188.221 204.542 209.518 174.619 183.545 159.694 108.484 100.671 87.824 73.938 62.367 39.302 21.331 -999.250 -999.250 -999.250 0.000 0.000 0.000 0.889 -999.250 -999.250 -999.250 -999.250 -999.250 -999.250 -999.250 -999.250 -999.250 -999.250 -999.250 -999.250 -999.250 -999.250 -999.250 -999.250 -999.250 -999.250 -999.250 -999.250 -999.250 -999.250 -999.250 -999.250
30.814 39.650 43.526 34.189 26.518 22.041 19.562 20.107 17.927 22.158 25.987 35.668 42.792 56.441 78.830 100.384 98.633 95.254 128.551 156.998 191.505 204.934 216.831 213.788 212.552 223.219 226.469 200.444 205.165 207.955 188.370 152.053 103.693 87.401 66.968 51.641 31.572 -999.250 5.310 0.000 0.000 0.000 0.000 -999.250 -999.250 -999.250 -999.250 -999.250 -999.250 -999.250 -999.250 -999.250 -999.250 -999.250 -999.250 -999.250 -999.250 -999.250 -999.250 -999.250 -999.250 -999.250 -999.250 -999.250 -999.250 -999.250 -999.250 -999.250
34.426 37.953 40.346 36.294 31.385 29.577 24.210 23.135 22.695 27.576 25.487 38.301 47.083 64.963 70.463 97.575 99.397 112.478 132.702 166.794 186.930 210.951 230.736 234.274 240.866 240.331 217.090 207.798 186.253 192.265 171.308 148.963 127.879 107.004 79.250 55.334 31.369 23.744 12.375 0.000 0.000 0.000 0.426 -999.250 -999.250 -999.250 -999.250 -999.250 -999.250 -999.250 -999.250 -999.250 -999.250 -999.250 -999.250 -999.250 -999.250 -999.250 -999.250 -999.250 -999.250 -999.250 -999.250 -999.250 -999.250 -999.250 -999.250 -999.250
31.383 36.442 34.461 36.676 27.570 28.558 28.468 27.696 30.475 30.920 34.858 42.613 52.831 58.788 80.008 93.169 90.885 108.307 160.345 171.818 211.581 234.778 229.651 238.495 262.429 252.654 221.249 206.106 186.593 193.977 168.516 154.572 126.995 114.714 89.006 54.631 36.732 29.949 17.103 9.197 2.794 0.574 0.000 -999.250 -999.250 -999.250 -999.250 -999.250 -999.250 -999.250 -999.250 -999.250 -999.250 -999.250 -999.250 -999.250 -999.250 -999.250 -999.250 -999.250 -999.250 -999.250 -999.250 -999.250 -999.250 -999.250 -999.250 -999.250
31.894 30.372 32.076 33.450 32.127 32.244 28.283 33.039 35.304 34.332 37.762 47.502 52.269 69.658 61.579 85.308 85.139 109.434 150.875 174.366 203.852 219.358 247.655 245.261 251.598 243.417 237.133 214.396 213.527 196.670 173.418 183.590 151.137 120.874 86.662 72.891 49.648 33.074 28.306 18.416 12.080 5.388 4.918 -999.250 -999.250 -999.250 -999.250 -999.250 -999.250 -999.250 -999.250 -999.250 -999.250 -999.250 -999.250 -999.250 -999.250 -999.250 -999.250 -999.250 -999.250 -999.250 -999.250 -999.250 -999.250 -999.250 -999.250 -999.250
34.587 31.773 30.871 29.630 31.521 32.149 30.075 27.012 34.317 39.759 37.999 47.010 55.461 74.387 82.794 99.805 93.539 141.176 143.900 170.123 188.981 219.973 232.479 235.571 232.260 228.031 223.824 220.890 202.668 189.769 172.717 178.897 148.479 119.393 94.686 67.135 47.550 40.919 26.341 19.460 16.341 13.235 -999.250 -999.250 -999.250 -999.250 -999.250 -999.250 -999.250 -999.250 -999.250 -999.250 -999.250 -999.250 -999.250 -999.250 -999.250 -999.250 -999.250 -999.250 -999.250 -999.250 -999.250 -999.250 -999.250 -999.250 -999.250 -999.250
31.685 31.216 29.037 30.361 29.011 31.316 29.988 31.900 33.181 35.453 43.356 50.669 63.801 75.372 90.474 104.568 94.828 134.274 173.738 195.860 189.380 195.681 219.445 225.723 226.880 212.403 218.267 196.487 197.635 169.764 178.631 162.878 163.774 124.396 94.288 73.158 61.026 48.288 33.464 25.077 22.085 16.380 -999.250 -999.250 -999.250 -999.250 -999.250 -999.250 -999.250 -999.250 -999.250 -999.250 -999.250 -999.250 -999.250 -999.250 -999.250 -999.250 -999.250 -999.250 -999.250 -999.250 -999.250 -999.250 -999.250 -999.250 -999.250 -999.250
28.132 28.969 31.311 27.010 26.440 27.236 29.185 35.217 36.483 34.606 41.746 44.664 57.392 83.661 97.629 96.113 111.705 148.337 183.784 169.500 200.905 177.019 218.015 219.069 188.156 206.651 177.226 193.915 191.571 155.327 158.666 126.430 140.277 99.563 103.570 81.826 70.376 42.714 38.666 36.481 24.542 20.498 -999.250 -999.250 -999.250 -999.250 -999.250 -999.250 -999.250 -999.250 -999.250 -999.250 -999.250 -999.250 -999.250 -999.250 -999.250 -999.250 -999.250 -999.250 -999.250 -999.250 -999.250 -999.250 -999.250 -999.250 -999.250 -999.250
25.133 27.825 24.594 24.232 22.587 28.501 32.491 34.561 42.776 43.919 47.613 44.601 60.894 77.455 92.597 108.199 118.820 167.057 155.261 181.812 149.887 209.921 228.915 180.651 181.220 189.269 192.523 179.646 185.307 171.483 154.532 147.203 124.658 106.687 94.949 90.709 60.061 50.891 38.922 31.349 26.786 -999.250 -999.250 -999.250 -999.250 -999.250 -999.250 -999.250 -999.250 -999.250 -999.250 -999.250 -999.250 -999.250 -999.250 -999.250 -999.250 -999.250 -999.250 -999.250 -999.250 -999.250 -999.250 -999.250 -999.250 -999.250 -999.250 -999.250
22.012 25.617 26.041 26.752 26.887 28.660 32.715 34.136 41.243 40.968 38.926 58.918 66.568 80.999 99.155 117.756 128.024 142.786 157.843 182.681 199.327 194.183 203.011 185.256 206.491 190.645 182.156 180.744 165.171 174.427 128.789 116.724 106.544 96.349 95.220 77.285 -999.250 -999.250 40.663 31.288 28.051 -999.250 -999.250 -999.250 -999.250 -999.250 -999.250 -999.250 -999.250 -999.250 -999.250 -999.250 -999.250 -999.250 -999.250 -999.250 -999.250 -999.250 -999.250 -999.250 -999.250 -999.250 -999.250 -999.250 -999.250 -999.250 -999.250 -999.250
27.548 25.836 23.824 25.022 27.959 32.353 37.967 37.079 39.427 45.095 44.634 58.087 70.775 80.952 99.730 123.788 124.254 155.824 159.170 178.388 174.175 194.458 190.863 200.499 197.824 174.933 183.668 174.732 156.798 153.239 120.436 118.024 103.803 91.218 76.153 76.807 -999.250 -999.250 -999.250 -999.250 -999.250 -999.250 -999.250 -999.250 -999.250 -999.250 -999.250 -999.250 -999.250 -999.250 -999.250 -999.250 -999.250 -999.250 -999.250 -999.250 -999.250 -999.250 -999.250 -999.250 -999.250 -999.250 -999.250 -999.250 -999.250 -999.250 -999.250 -999.250
28.848 25.984 26.646 25.510 26.015 31.681 35.942 36.418 39.244 42.451 50.931 61.500 73.262 73.440 94.597 108.542 154.058 162.439 165.613 137.171 168.751 182.343 179.236 176.362 194.281 171.737 181.072 146.461 137.284 138.387 139.851 125.022 -999.250 -999.250 81.940 -999.250 -999.250 -999.250 -999.250 -999.250 -999.250 -999.250 -999.250 -999.250 -999.250 -999.250 -999.250 -999.250 -999.250 -999.250 -999.250 -999.250 -999.250 -999.250 -999.250 -999.250 -999.250 -999.250 -999.250 -999.250 -999.250 -999.250 -999.250 -999.250 -999.250 -999.250 -999.250 -999.250
28.951 26.813 28.392 26.567 29.120 25.785 34.128 36.970 38.884 42.450 49.393 67.803 70.026 95.985 94.046 116.609 137.253 137.924 146.441 153.013 167.949 143.677 149.008 163.498 174.439 172.903 153.401 147.402 122.521 113.484 -999.250 -999.250 -999.250 -999.250 -999.250 -999.250 -999.250 -999.250 -999.250 -999.250 -999.250 -999.250 -999.250 -999.250 -999.250 -999.250 -999.250 -999.250 -999.250 -999.250 -999.250 -999.250 -999.250 -999.250 -999.250 -999.250 -999.250 -999.250 -999.250 -999.250 -999.250 -999.250 -999.250 -999.250 -999.250 -999.250 -999.250 -999.250
29.212 30.832 29.836 29.728 26.296 29.683 31.412 36.236 40.737 48.383 61.068 63.613 85.338 92.278 101.499 110.905 134.206 119.616 137.108 144.958 177.071 159.276 177.674 167.922 178.922 155.982 147.755 135.078 118.137 115.130 -999.250 -999.250 -999.250 -999.250 -999.250 -999.250 -999.250 -999.250 -999.250 -999.250 -999.250 -999.250 -999.250 -999.250 -999.250 -999.250 -999.250 -999.250 -999.250 -999.250 -999.250 -999.250 -999.250 -999.250 -999.250 -999.250 -999.250 -999.250 -999.250 -999.250 -999.250 -999.250 -999.250 -999.250 -999.250 -999.250 -999.250 -999.250
26.312 29.546 30.678 27.414 32.030 30.929 35.628 36.460 41.808 60.316 68.083 68.412 75.119 79.668 87.776 105.650 114.250 125.457 111.040 150.555 178.300 171.315 152.709 151.780 157.836 124.685 125.087 117.053 103.287 99.069 -999.250 -999.250 -999.250 -999.250 -999.250 -999.250 -999.250 -999.250 -999.250 -999.250 -999.250 -999.250 -999.250 -999.250 -999.250 -999.250 -999.250 -999.250 -999.250 -999.250 -999.250 -999.250 -999.250 -999.250 -999.250 -999.250 -999.250 -999.250 -999.250 -999.250 -999.250 -999.250 -999.250 -999.250 -999.250 -999.250 -999.250 -999.250
25.418 25.686 26.332 24.631 28.550 36.483 45.601 45.070 42.444 49.430 67.555 68.396 78.636 76.560 96.839 95.674 117.648 125.262 130.571 136.718 169.499 142.576 143.786 129.608 161.433 115.463 107.387 97.281 85.553 95.452 -999.250 -999.250 -999.250 -999.250 -999.250 -999.250 -999.250 -999.250 -999.250 -999.250 -999.250 -999.250 -999.250 -999.250 -999.250 -999.250 -999.250 -999.250 -999.250 -999.250 -999.250 -999.250 -999.250 -999.250 -999.250 -999.250 -999.250 -999.250 -999.250 -999.250 -999.250 -999.250 -999.250 -999.250 -999.250 -999.250 -999.250 -999.250
29.925 22.429 23.781 24.673 31.803 36.910 41.647 41.983 48.398 56.848 73.080 77.471 65.035 84.621 80.581 96.498 113.066 127.652 120.113 137.058 157.482 140.530 123.182 142.124 141.294 117.642 111.725 91.037 93.530 -999.250 -999.250 -999.250 -999.250 -999.250 -999.250 -999.250 -999.250 -999.250 -999.250 -999.250 -999.250 -999.250 -999.250 -999.250 -999.250 -999.250 -999.250 -999.250 -999.250 -999.250 -999.250 -999.250 -999.250 -999.250 -999.250 -999.250 -999.250 -999.250 -999.250 -999.250 -999.250 -999.250 -999.250 -999.250 -999.250 -999.250 -999.250 -999.250
24.480 25.005 23.414 24.193 27.399 28.777 41.102 40.517 50.239 52.375 54.015 68.933 76.562 75.251 89.255 101.425 108.726 118.848 130.071 117.773 108.506 115.313 132.956 139.629 101.418 108.418 91.881 80.226 79.580 -999.250 -999.250 -999.250 -999.250 -999.250 -999.250 -999.250 -999.250 -999.250 -999.250 -999.250 -999.250 -999.250 -999.250 -999.250 -999.250 -999.250 -999.250 -999.250 -999.250 -999.250 -999.250 -999.250 -999.250 -999.250 -999.250 -999.250 -999.250 -999.250 -999.250 -999.250 -999.250 -999.250 -999.250 -999.250 -999.250 -999.250 -999.250 -999.250
24.285 23.398 24.036 27.541 27.445 29.876 32.424 33.414 43.175 49.346 55.366 56.543 77.739 79.420 87.729 100.464 100.294 104.517 107.394 110.251 114.888 106.311 117.860 122.572 105.251 97.193 93.281 69.290 66.254 -999.250 -999.250 -999.250 -999.250 -999.250 -999.250 -999.250 -999.250 -999.250 -999.250 -999.250 -999.250 -999.250 -999.250 -999.250 -999.250 -999.250 -999.250 -999.250 -999.250 -999.250 -999.250 -999.250 -999.250 -999.250 -999.250 -999.250 -999.250 -999.250 -999.250 -999.250 -999.250 -999.250 -999.250 -999.250 -999.250 -999.250 -999.250 -999.250
24.767 24.200 25.817 24.199 26.481 24.954 34.180 37.480 40.655 47.599 55.542 62.062 71.274 75.197 89.521 86.454 89.996 95.657 89.490 95.486 88.931 95.479 100.852 92.886 100.435 97.368 86.285 64.818 -999.250 -999.250 -999.250 -999.250 -999.250 -999.250 -999.250 -999.250 -999.250 -999.250 -999.250 -999.250 -999.250 -999.250 -999.250 -999.250 -999.250 -999.250 -999.250 -999.250 -999.250 -999.250 -999.250 -999.250 -999.250 -999.250 -999.250 -999.250 -999.250 -999.250 -999.250 -999.250 -999.250 -999.250 -999.250 -999.250 -999.250 -999.250 -999.250 -999.250
20.522 23.503 24.454 23.692 23.886 25.642 29.350 35.435 38.951 42.360 51.998 67.493 68.766 75.334 86.348 86.742 71.609 72.783 84.811 84.039 86.310 81.849 89.825 91.215 88.655 80.157 94.623 49.172 -999.250 -999.250 -999.250 -999.250 -999.250 -999.250 -999.250 -999.250 -999.250 -999.250 -999.250 -999.250 -999.250 -999.250 -999.250 -999.250 -999.250 -999.250 -999.250 -999.250 -999.250 -999.250 -999.250 -999.250 -999.250 -999.250 -999.250 -999.250 -999.250 -999.250 -999.250 -999.250 -999.250 -999.250 -999.250 -999.250 -999.250 -999.250 -999.250 -999.250
