data/medianmodel_14-Sep-2020.asc
ncols	141
nrows	288
xllcorner	-120191.398
yllcorner	-301404.813
cellsize	2000.000
NODATA_value	-999.250
[rows 90 to 119 of 288, columns 69 to 137 of 141]
31.229 31.905 33.522 34.027 33.332 30.716 33.140 31.777 31.587 32.547 30.169 26.911 28.696 32.292 18.401 11.818 4.275 0.000 0.000 0.000 0.000 0.000 1.594 6.877 9.034 13.025 18.343 23.248 28.257 26.853 24.671 21.636 19.143 19.659 14.301 11.378 7.603 2.256 0.000 0.000 0.000 0.000 0.000 0.000 0.000 0.000 0.000 -999.250 -999.250 -999.250 -999.250 -999.250 -999.250 -999.250 -999.250 -999.250 -999.250 -999.250 -999.250 -999.250 -999.250 -999.250 -999.250 -999.250 -999.250 -999.250 -999.250 -999.250 -999.250
25.434 28.563 32.338 33.467 35.653 32.540 36.251 41.011 40.407 41.150 40.325 35.718 35.106 31.705 19.686 10.977 4.812 0.000 0.000 0.000 0.000 1.936 7.841 11.760 15.011 19.107 22.924 27.421 28.128 30.674 28.724 27.232 22.848 19.473 16.161 9.559 3.824 0.000 0.221 0.000 0.000 0.000 0.000 0.000 0.000 0.000 -999.250 -999.250 -999.250 -999.250 -999.250 -999.250 -999.250 -999.250 -999.250 -999.250 -999.250 -999.250 -999.250 -999.250 -999.250 -999.250 -999.250 -999.250 -999.250 -999.250 -999.250 -999.250 -999.250
19.222 23.503 28.573 33.389 37.768 37.882 39.327 45.504 50.639 47.875 42.586 41.564 40.673 31.041 21.930 12.112 7.337 0.842 0.000 0.166 2.164 5.787 11.222 16.398 21.989 27.733 29.895 31.704 31.117 29.644 26.175 27.024 20.846 19.149 14.002 7.716 6.821 1.115 0.000 0.000 0.000 0.000 0.000 0.000 0.000 0.000 -999.250 -999.250 -999.250 -999.250 -999.250 -999.250 -999.250 -999.250 -999.250 -999.250 -999.250 -999.250 -999.250 -999.250 -999.250 -999.250 -999.250 -999.250 -999.250 -999.250 -999.250 -999.250 -999.250
13.205 16.351 22.767 30.229 36.761 44.058 47.660 52.077 56.301 58.723 58.219 52.660 42.438 33.222 26.988 14.866 7.351 0.782 0.202 5.222 7.879 12.205 15.534 23.512 26.452 31.401 33.967 33.553 37.325 35.166 29.295 28.222 24.240 14.932 13.465 10.447 5.118 0.000 0.000 0.000 0.000 0.000 0.000 0.000 0.000 -999.250 -999.250 -999.250 -999.250 -999.250 -999.250 -999.250 -999.250 -999.250 -999.250 -999.250 -999.250 -999.250 -999.250 -999.250 -999.250 -999.250 -999.250 -999.250 -999.250 -999.250 -999.250 -999.250 -999.250
9.987 13.230 17.416 26.429 34.597 44.164 51.363 55.432 68.293 69.951 66.052 58.669 50.749 40.561 27.609 13.648 2.980 1.358 3.315 8.419 12.182 16.646 21.357 28.421 30.055 30.490 32.744 34.638 36.620 32.668 32.133 26.724 22.041 12.907 9.379 8.615 4.367 2.738 0.000 0.000 0.000 0.000 0.000 0.000 1.648 -999.250 -999.250 -999.250 -999.250 -999.250 -999.250 -999.250 -999.250 -999.250 -999.250 -999.250 -999.250 -999.250 -999.250 -999.250 -999.250 -999.250 -999.250 -999.250 -999.250 -999.250 -999.250 -999.250 -999.250
7.725 9.704 16.125 25.673 31.217 39.856 53.815 63.332 69.470 77.109 76.281 67.305 52.638 45.934 27.500 12.622 0.000 1.897 8.508 11.215 13.857 18.855 25.438 28.048 32.360 29.489 32.278 32.551 29.029 28.516 26.590 24.681 16.634 11.320 9.162 4.212 3.163 5.716 0.000 0.560 0.000 0.000 0.000 1.813 4.556 -999.250 -999.250 -999.250 -999.250 -999.250 -999.250 -999.250 -999.250 -999.250 -999.250 -999.250 -999.250 -999.250 -999.250 -999.250 -999.250 -999.250 -999.250 -999.250 -999.250 -999.250 -999.250 -999.250 -999.250
4.879 7.677 13.075 20.222 24.666 38.491 48.235 58.749 69.895 76.781 89.952 69.908 56.752 44.391 29.936 14.964 3.936 5.055 8.002 12.421 17.936 21.676 24.958 31.553 30.529 30.853 30.091 26.046 27.263 25.730 21.319 15.845 13.567 9.108 7.402 4.809 3.713 2.418 1.184 0.111 0.000 0.000 1.981 1.709 6.250 8.657 -999.250 -999.250 -999.250 -999.250 -999.250 -999.250 -999.250 -999.250 -999.250 -999.250 -999.250 -999.250 -999.250 -999.250 -999.250 -999.250 -999.250 -999.250 -999.250 -999.250 -999.250 -999.250 -999.250
4.330 5.242 11.011 14.364 24.422 33.522 44.846 53.561 63.450 70.231 71.185 63.574 52.422 38.518 27.138 15.268 8.050 7.847 9.246 11.220 15.881 20.719 23.326 27.891 30.467 28.422 26.855 25.551 24.255 17.943 15.342 15.172 10.286 9.350 3.887 1.525 1.287 1.088 2.531 1.106 0.083 1.484 0.065 2.900 3.194 6.798 8.481 -999.250 -999.250 -999.250 -999.250 -999.250 -999.250 -999.250 -999.250 -999.250 -999.250 -999.250 -999.250 -999.250 -999.250 -999.250 -999.250 -999.250 -999.250 -999.250 -999.250 -999.250 -999.250
2.983 1.765 4.601 8.797 18.377 26.714 38.455 50.257 56.230 58.776 58.516 55.736 49.273 36.890 23.814 15.379 11.047 9.534 8.804 11.309 14.418 18.650 21.091 25.922 31.260 26.270 24.206 24.143 19.186 16.699 15.159 10.641 7.867 7.378 1.824 0.000 2.001 1.533 2.732 2.372 1.435 3.187 2.152 1.910 6.105 7.788 9.430 11.086 -999.250 -999.250 -999.250 -999.250 -999.250 -999.250 -999.250 -999.250 -999.250 -999.250 -999.250 -999.250 -999.250 -999.250 -999.250 -999.250 -999.250 -999.250 -999.250 -999.250 -999.250
3.347 0.886 1.340 5.194 14.953 23.128 33.062 41.247 48.392 53.347 48.967 48.351 41.237 33.212 24.306 16.290 11.779 10.848 11.757 13.358 15.622 17.506 20.320 22.848 24.402 22.425 20.663 18.234 17.948 13.996 15.531 8.600 6.863 3.497 1.016 0.000 0.000 0.813 1.525 0.682 0.729 0.791 3.056 4.576 5.466 9.357 10.542 -999.250 -999.250 -999.250 -999.250 -999.250 -999.250 -999.250 -999.250 -999.250 -999.250 -999.250 -999.250 -999.250 -999.250 -999.250 -999.250 -999.250 -999.250 -999.250 -999.250 -999.250 -999.250
4.267 0.593 0.189 6.580 13.366 19.992 30.536 40.393 41.795 42.330 44.374 38.915 35.011 29.219 22.597 16.214 10.748 11.138 12.398 12.693 13.101 16.466 19.244 21.130 21.022 20.928 14.677 14.301 14.798 11.680 11.639 7.314 5.258 2.157 0.000 0.000 0.000 0.000 0.000 0.158 0.000 2.131 2.274 4.013 6.201 7.201 11.957 8.996 -999.250 -999.250 -999.250 -999.250 -999.250 -999.250 -999.250 -999.250 -999.250 -999.250 -999.250 -999.250 -999.250 -999.250 -999.250 -999.250 -999.250 -999.250 -999.250 -999.250 -999.250
2.733 1.289 2.247 7.128 10.248 20.924 26.142 35.162 37.865 41.753 38.926 34.533 30.535 25.385 21.913 16.168 10.996 12.165 11.942 14.389 12.972 14.584 18.101 19.371 17.860 16.533 13.797 13.845 11.415 7.300 6.396 5.653 5.114 0.689 0.000 0.000 0.000 0.000 0.000 0.000 0.000 0.000 0.000 2.610 4.092 6.354 -999.250 -999.250 -999.250 -999.250 -999.250 -999.250 -999.250 -999.250 -999.250 -999.250 -999.250 -999.250 -999.250 -999.250 -999.250 -999.250 -999.250 -999.250 -999.250 -999.250 -999.250 -999.250 -999.250
3.766 1.794 4.300 7.929 13.129 21.243 24.479 28.745 31.859 38.108 36.177 32.028 31.041 24.451 20.171 15.886 11.178 11.643 12.968 12.239 12.477 12.883 14.429 15.862 14.165 13.373 12.215 11.408 10.741 10.503 7.762 5.254 0.439 0.017 0.000 0.000 0.000 0.000 0.000 0.000 0.000 0.000 0.326 2.173 6.213 -999.250 -999.250 -999.250 -999.250 -999.250 -999.250 -999.250 -999.250 -999.250 -999.250 -999.250 -999.250 -999.250 -999.250 -999.250 -999.250 -999.250 -999.250 -999.250 -999.250 -999.250 -999.250 -999.250 -999.250
1.491 0.669 2.203 8.510 11.549 16.926 21.952 27.712 31.746 33.493 28.137 27.628 27.465 22.938 21.938 15.979 12.888 11.391 12.824 10.905 11.102 11.577 13.342 15.016 11.943 10.654 12.092 9.772 7.559 7.991 4.741 1.654 0.000 0.000 0.000 0.000 0.000 0.000 0.000 0.000 0.386 0.000 0.000 2.090 4.271 -999.250 -999.250 -999.250 -999.250 -999.250 -999.250 -999.250 -999.250 -999.250 -999.250 -999.250 -999.250 -999.250 -999.250 -999.250 -999.250 -999.250 -999.250 -999.250 -999.250 -999.250 -999.250 -999.250 -999.250
0.161 0.000 0.696 6.174 13.094 14.742 20.324 23.815 26.151 28.021 24.890 24.950 24.278 21.714 20.100 13.846 13.140 11.965 9.218 8.284 9.301 10.272 10.344 12.712 13.512 9.465 8.284 5.965 3.084 3.275 0.583 0.906 0.000 0.000 0.000 0.000 0.000 0.000 0.000 0.000 0.000 0.000 0.000 5.253 -999.250 -999.250 -999.250 -999.250 -999.250 -999.250 -999.250 -999.250 -999.250 -999.250 -999.250 -999.250 -999.250 -999.250 -999.250 -999.250 -999.250 -999.250 -999.250 -999.250 -999.250 -999.250 -999.250 -999.250 -999.250
0.000 0.000 1.062 4.293 9.655 13.809 18.775 21.484 19.490 21.134 22.920 22.569 23.688 21.526 18.965 12.265 11.103 9.459 7.546 7.140 7.908 8.935 8.955 10.069 11.825 7.445 8.884 6.403 5.447 2.741 0.000 0.000 0.000 0.000 0.197 0.000 0.000 0.000 0.000 0.565 -999.250 -999.250 -999.250 -999.250 -999.250 -999.250 -999.250 -999.250 -999.250 -999.250 -999.250 -999.250 -999.250 -999.250 -999.250 -999.250 -999.250 -999.250 -999.250 -999.250 -999.250 -999.250 -999.250 -999.250 -999.250 -999.250 -999.250 -999.250 -999.250
0.000 0.000 0.000 1.681 7.822 11.921 14.078 17.770 19.883 20.066 23.593 19.309 21.361 17.419 15.375 13.090 11.126 5.745 7.936 4.484 6.827 8.881 7.728 6.787 7.235 7.109 3.759 5.108 0.597 0.470 0.282 0.000 0.000 0.000 0.000 0.000 0.000 0.000 -999.250 -999.250 -999.250 -999.250 -999.250 -999.250 -999.250 -999.250 -999.250 -999.250 -999.250 -999.250 -999.250 -999.250 -999.250 -999.250 -999.250 -999.250 -999.250 -999.250 -999.250 -999.250 -999.250 -999.250 -999.250 -999.250 -999.250 -999.250 -999.250 -999.250 -999.250
0.000 0.000 0.000 3.417 6.742 7.456 11.974 15.665 18.470 16.758 20.993 18.530 19.922 17.270 13.790 12.269 8.024 7.020 7.301 4.738 3.917 4.441 6.610 4.943 7.116 4.080 3.030 2.592 0.067 1.324 0.000 0.000 0.000 0.000 0.000 0.000 0.000 0.000 -999.250 -999.250 -999.250 -999.250 -999.250 -999.250 -999.250 -999.250 -999.250 -999.250 -999.250 -999.250 -999.250 -999.250 -999.250 -999.250 -999.250 -999.250 -999.250 -999.250 -999.250 -999.250 -999.250 -999.250 -999.250 -999.250 -999.250 -999.250 -999.250 -999.250 -999.250
0.000 0.000 0.000 0.000 3.377 7.957 10.241 12.054 14.596 15.170 15.745 15.484 13.886 12.411 12.904 10.132 9.095 8.470 8.990 5.662 6.104 4.382 4.762 3.811 3.798 1.767 1.231 0.000 1.158 0.686 0.000 0.000 0.000 0.000 0.000 0.000 0.000 0.000 -999.250 -999.250 -999.250 -999.250 -999.250 -999.250 -999.250 -999.250 -999.250 -999.250 -999.250 -999.250 -999.250 -999.250 -999.250 -999.250 -999.250 -999.250 -999.250 -999.250 -999.250 -999.250 -999.250 -999.250 -999.250 -999.250 -999.250 -999.250 -999.250 -999.250 -999.250
0.000 0.000 0.000 0.385 1.970 9.221 10.861 11.490 12.247 13.468 12.293 11.851 12.970 11.624 10.547 9.730 9.953 8.821 7.431 5.753 4.378 4.612 3.261 1.964 0.927 2.317 0.698 0.000 0.721 0.000 0.739 0.000 0.000 0.000 0.000 0.000 0.000 0.000 -999.250 -999.250 -999.250 -999.250 -999.250 -999.250 -999.250 -999.250 -999.250 -999.250 -999.250 -999.250 -999.250 -999.250 -999.250 -999.250 -999.250 -999.250 -999.250 -999.250 -999.250 -999.250 -999.250 -999.250 -999.250 -999.250 -999.250 -999.250 -999.250 -999.250 -999.250
0.000 0.000 0.000 0.000 2.579 6.140 7.866 7.334 9.789 10.403 11.767 11.764 9.408 8.966 8.544 6.717 7.197 7.181 7.549 5.669 3.774 3.151 3.016 4.275 0.039 2.008 1.004 0.213 0.000 0.000 0.000 0.818 0.347 0.000 0.000 0.000 1.431 0.000 -999.250 -999.250 -999.250 -999.250 -999.250 -999.250 -999.250 -999.250 -999.250 -999.250 -999.250 -999.250 -999.250 -999.250 -999.250 -999.250 -999.250 -999.250 -999.250 -999.250 -999.250 -999.250 -999.250 -999.250 -999.250 -999.250 -999.250 -999.250 -999.250 -999.250 -999.250
0.000 0.000 0.000 0.000 2.645 3.627 7.376 9.713 11.391 10.570 10.944 10.200 9.872 8.770 7.342 2.991 3.653 6.320 5.290 3.439 3.145 3.700 2.831 4.553 1.129 0.000 1.611 0.039 2.256 0.035 0.000 1.454 0.584 0.536 1.362 0.746 0.193 0.000 -999.250 -999.250 -999.250 -999.250 -999.250 -999.250 -999.250 -999.250 -999.250 -999.250 -999.250 -999.250 -999.250 -999.250 -999.250 -999.250 -999.250 -999.250 -999.250 -999.250 -999.250 -999.250 -999.250 -999.250 -999.250 -999.250 -999.250 -999.250 -999.250 -999.250 -999.250
0.000 0.000 0.000 0.000 0.797 3.241 6.797 7.844 7.041 7.995 12.484 9.044 7.450 6.847 2.956 1.585 3.377 4.576 2.840 3.886 1.692 3.524 3.001 0.677 1.521 0.213 1.626 2.185 4.062 0.492 4.831 3.998 3.625 4.869 3.754 3.507 2.144 5.764 4.570 3.613 -999.250 -999.250 -999.250 -999.250 -999.250 -999.250 -999.250 -999.250 -999.250 -999.250 -999.250 -999.250 -999.250 -999.250 -999.250 -999.250 -999.250 -999.250 -999.250 -999.250 -999.250 -999.250 -999.250 -999.250 -999.250 -999.250 -999.250 -999.250 -999.250
0.000 0.000 0.000 0.000 0.421 1.624 6.333 5.797 4.717 8.125 9.790 8.182 7.203 8.276 4.634 1.246 0.622 0.296 0.710 1.361 2.372 0.575 0.862 1.532 0.013 0.000 0.272 2.869 4.649 2.110 5.660 7.148 6.634 7.685 6.826 5.976 5.473 6.860 9.751 9.378 9.211 8.784 -999.250 -999.250 -999.250 -999.250 -999.250 -999.250 -999.250 -999.250 -999.250 -999.250 -999.250 -999.250 -999.250 -999.250 -999.250 -999.250 -999.250 -999.250 -999.250 -999.250 -999.250 -999.250 -999.250 -999.250 -999.250 -999.250 -999.250
0.000 0.000 0.000 0.000 2.426 3.120 8.669 8.312 7.105 5.270 5.397 5.092 6.345 6.988 5.035 0.132 0.000 0.000 0.000 0.501 0.990 1.722 2.672 1.461 0.000 0.281 3.314 1.251 5.591 4.889 6.931 6.393 7.666 8.011 8.230 9.129 10.603 9.000 8.596 8.761 11.538 13.095 -999.250 -999.250 -999.250 -999.250 -999.250 -999.250 -999.250 -999.250 -999.250 -999.250 -999.250 -999.250 -999.250 -999.250 -999.250 -999.250 -999.250 -999.250 -999.250 -999.250 -999.250 -999.250 -999.250 -999.250 -999.250 -999.250 -999.250
0.000 0.000 0.000 1.901 3.811 6.816 9.077 8.363 9.580 7.393 6.541 4.480 6.341 5.249 2.670 1.438 0.000 0.000 0.000 0.000 0.000 0.000 0.401 0.000 0.042 0.277 1.069 4.539 4.262 5.858 7.496 9.286 11.031 9.141 11.214 11.639 11.228 11.565 10.933 12.012 13.646 13.425 17.227 -999.250 -999.250 -999.250 -999.250 -999.250 -999.250 -999.250 -999.250 -999.250 -999.250 -999.250 -999.250 -999.250 -999.250 -999.250 -999.250 -999.250 -999.250 -999.250 -999.250 -999.250 -999.250 -999.250 -999.250 -999.250 -999.250
0.000 0.722 4.428 5.923 8.964 8.763 9.066 10.166 10.892 8.334 5.647 4.292 5.030 5.657 0.404 3.874 1.201 0.000 0.000 0.000 0.000 0.000 0.000 0.000 1.149 0.202 1.372 5.705 6.023 7.497 8.544 11.476 12.124 14.594 15.271 14.275 14.292 13.456 12.765 17.026 15.416 16.229 18.030 16.284 -999.250 -999.250 -999.250 -999.250 -999.250 -999.250 -999.250 -999.250 -999.250 -999.250 -999.250 -999.250 -999.250 -999.250 -999.250 -999.250 -999.250 -999.250 -999.250 -999.250 -999.250 -999.250 -999.250 -999.250 -999.250
3.487 4.535 4.857 7.797 12.411 14.468 13.511 10.888 14.007 10.340 8.071 6.685 3.571 4.932 5.416 2.164 0.776 0.000 0.718 1.050 2.331 0.050 0.000 0.000 0.000 2.062 5.417 7.190 8.183 9.538 9.610 11.231 14.325 15.058 18.616 20.500 14.822 13.799 14.200 16.406 16.516 20.098 17.859 18.873 -999.250 -999.250 -999.250 -999.250 -999.250 -999.250 -999.250 -999.250 -999.250 -999.250 -999.250 -999.250 -999.250 -999.250 -999.250 -999.250 -999.250 -999.250 -999.250 -999.250 -999.250 -999.250 -999.250 -999.250 -999.250
6.872 8.564 10.756 12.092 16.253 16.160 18.208 15.915 16.551 14.241 12.961 12.694 10.738 8.359 9.158 10.168 7.413 3.718 2.116 1.438 0.132 1.143 0.046 0.000 0.000 0.000 7.469 8.928 9.792 11.784 13.016 13.571 19.137 16.992 18.210 20.299 15.966 15.671 17.945 21.565 17.323 18.337 21.012 22.518 18.668 -999.250 -999.250 -999.250 -999.250 -999.250 -999.250 -999.250 -999.250 -999.250 -999.250 -999.250 -999.250 -999.250 -999.250 -999.250 -999.250 -999.250 -999.250 -999.250 -999.250 -999.250 -999.250 -999.250 -999.250
13.523 14.749 15.333 15.497 20.731 20.248 24.275 20.749 21.544 21.743 17.979 16.058 12.951 12.049 14.738 12.255 9.468 5.537 5.078 4.966 3.975 0.747 0.000 0.758 0.109 1.237 4.418 8.604 10.728 13.616 16.159 19.463 22.150 25.153 24.084 24.966 22.456 21.806 22.403 21.416 20.566 23.497 20.028 16.851 -999.250 -999.250 -999.250 -999.250 -999.250 -999.250 -999.250 -999.250 -999.250 -999.250 -999.250 -999.250 -999.250 -999.250 -999.250 -999.250 -999.250 -999.250 -999.250 -999.250 -999.250 -999.250 -999.250 -999.250 -999.250
