data/medianmodel_07-Dec-2020.asc
ncols	141
nrows	288
xllcorner	-120191.398
yllcorner	-301404.813
cellsize	2000.000
NODATA_value	-999.250
[rows 145 to 173 of 288, columns 0 to 63 of 141]
-999.250 -999.250 -999.250 -999.250 -999.250 -999.250 -999.250 -999.250 -999.250 -999.250 -999.250 -999.250 -999.250 -999.250 -999.250 -999.250 -999.250 199.953 202.944 214.454 200.844 233.012 251.182 261.922 279.077 316.193 316.263 344.221 395.663 385.357 390.434 376.939 375.463 416.947 420.135 413.894 384.581 359.064 363.411 356.450 329.803 336.961 337.051 290.516 258.565 254.583 248.997 234.087 248.417 209.539 197.891 177.091 157.140 150.903 156.058 173.042 194.792 211.557 271.144 309.506 349.769 378.194 424.103 464.296
-999.250 -999.250 -999.250 -999.250 -999.250 -999.250 -999.250 -999.250 -999.250 -999.250 -999.250 -999.250 -999.250 -999.250 -999.250 207.502 208.456 223.036 239.199 230.663 253.615 270.703 284.637 280.498 329.595 343.077 374.821 380.326 410.198 408.175 404.905 389.626 406.089 402.411 420.227 399.650 395.142 372.567 357.968 372.210 350.782 329.202 318.037 286.504 270.678 237.890 226.211 227.155 212.666 209.681 196.307 177.041 147.053 134.940 142.122 173.659 199.744 210.646 264.633 330.745 361.772 421.523 501.417 556.339
-999.250 -999.250 -999.250 -999.250 -999.250 -999.250 -999.250 -999.250 -999.250 -999.250 -999.250 -999.250 -999.250 -999.250 223.890 212.019 230.201 237.677 265.193 261.861 282.572 294.345 316.629 309.691 334.478 375.928 382.683 385.517 400.448 411.601 437.976 411.128 404.458 434.872 416.293 418.528 410.536 389.529 367.516 363.449 358.999 350.041 331.555 287.114 243.681 226.398 220.657 212.887 208.614 195.217 192.697 174.153 136.243 99.256 140.820 190.111 200.319 237.000 279.809 318.621 383.965 441.601 511.801 591.727
-999.250 -999.250 -999.250 -999.250 -999.250 -999.250 -999.250 -999.250 -999.250 -999.250 -999.250 -999.250 -999.250 -999.250 217.598 218.067 216.138 240.317 277.198 277.293 340.416 338.524 361.617 366.494 368.894 395.359 439.276 436.336 459.364 467.312 466.128 428.399 416.073 425.307 415.561 419.952 385.462 382.543 384.133 375.151 350.261 357.134 330.184 285.328 238.920 231.933 235.203 214.448 218.062 223.245 198.040 176.208 150.083 141.839 165.670 189.281 219.294 251.173 287.242 336.796 383.957 460.140 525.600 627.093
-999.250 -999.250 -999.250 -999.250 -999.250 -999.250 -999.250 -999.250 -999.250 -999.250 -999.250 -999.250 -999.250 220.805 220.878 216.586 229.325 250.310 286.258 299.308 352.239 344.387 380.450 409.139 402.629 448.273 484.105 462.060 496.508 481.304 478.027 457.948 438.069 445.750 457.445 422.796 419.401 399.290 393.248 392.601 371.875 373.207 357.034 329.334 291.602 286.886 289.649 291.862 269.279 261.607 241.739 197.623 186.418 185.482 187.151 200.377 222.527 252.125 316.557 337.804 398.643 428.332 525.356 640.614
-999.250 -999.250 -999.250 -999.250 -999.250 -999.250 -999.250 -999.250 -999.250 -999.250 -999.250 -999.250 224.934 209.954 203.864 224.677 232.332 238.972 277.484 321.919 351.181 378.752 404.973 448.280 465.931 501.481 530.363 510.256 475.172 496.800 487.079 487.065 485.596 459.351 429.734 450.338 433.115 402.362 397.299 390.303 389.143 394.695 392.355 387.561 393.665 372.159 360.243 348.452 340.429 305.934 282.146 234.267 205.190 208.065 211.672 223.446 242.723 271.786 308.496 360.854 412.494 470.862 560.809 648.247
-999.250 -999.250 -999.250 -999.250 -999.250 -999.250 -999.250 -999.250 -999.250 -999.250 -999.250 257.017 243.101 224.034 209.160 213.957 230.650 244.511 284.269 315.306 374.258 390.038 437.279 478.229 513.874 512.790 523.167 539.791 527.604 532.966 526.911 498.513 481.736 447.221 444.157 457.994 447.823 416.419 410.969 394.873 402.312 408.826 436.120 439.462 419.721 430.792 419.673 425.719 388.694 382.197 316.899 286.286 238.412 242.874 230.560 227.534 266.068 311.595 325.549 374.050 420.077 471.600 532.318 597.010
-999.250 -999.250 -999.250 -999.250 -999.250 -999.250 -999.250 -999.250 -999.250 -999.250 278.764 251.928 249.155 212.983 203.722 201.008 205.279 237.516 268.469 303.838 350.796 404.511 443.632 519.481 533.395 553.710 559.913 560.314 575.428 548.020 503.224 495.617 486.049 474.349 453.329 432.616 409.170 411.376 401.220 390.593 397.167 393.446 434.831 458.188 495.533 495.983 510.700 503.477 473.681 418.019 373.016 332.278 289.706 266.757 277.872 253.964 275.850 308.432 367.130 385.921 418.337 447.445 508.391 586.216
-999.250 -999.250 -999.250 -999.250 -999.250 -999.250 -999.250 -999.250 -999.250 298.987 288.262 247.573 250.536 202.729 187.601 177.215 209.645 228.114 264.745 285.098 349.732 426.136 460.040 521.957 572.956 595.944 591.098 624.820 600.112 578.561 533.046 528.480 483.411 474.770 490.822 432.165 427.577 406.685 391.454 407.823 403.275 416.358 443.127 460.040 522.594 575.012 585.130 593.162 523.793 458.084 401.259 378.697 339.675 304.332 286.579 283.782 282.275 313.485 363.277 386.919 396.107 417.212 502.143 537.683
-999.250 -999.250 -999.250 -999.250 -999.250 366.791 358.477 355.826 323.240 303.450 272.780 263.971 241.962 202.401 196.681 186.316 224.120 223.523 237.659 308.885 351.105 416.601 486.854 543.718 602.342 634.385 640.867 609.570 598.855 572.045 568.963 529.776 508.558 513.949 478.905 457.339 430.147 391.041 386.888 391.339 417.209 394.063 428.652 484.624 542.971 600.963 685.006 616.816 573.471 501.172 444.343 404.216 383.760 331.977 313.714 338.006 309.494 328.761 348.710 374.588 382.698 405.619 433.827 503.838
-999.250 -999.250 -999.250 -999.250 -999.250 -999.250 -999.250 335.720 318.141 289.884 274.339 252.400 218.101 200.742 188.077 181.118 200.048 214.078 252.581 315.507 370.236 415.533 476.418 548.715 596.255 686.982 641.084 633.417 593.352 575.334 572.638 545.659 506.018 524.456 492.065 449.607 387.483 377.712 373.542 383.492 393.336 408.177 410.470 459.262 511.261 562.652 604.644 631.474 559.077 526.289 451.208 440.843 393.656 363.304 325.103 321.114 306.972 330.657 296.566 332.514 363.249 382.063 400.241 422.815
-999.250 -999.250 -999.250 -999.250 -999.250 -999.250 -999.250 319.756 294.293 272.878 262.984 234.652 213.758 196.855 191.341 183.534 188.158 206.671 242.788 292.106 343.788 411.218 481.252 543.161 621.568 638.338 665.708 658.860 637.440 630.873 607.954 569.590 518.673 512.599 463.116 419.228 400.178 379.458 366.196 359.129 378.021 348.816 385.352 426.324 478.057 514.717 558.298 561.625 515.527 507.981 473.311 430.314 398.363 382.050 365.299 337.705 304.925 334.756 299.749 319.130 303.564 335.689 342.130 361.046
-999.250 -999.250 -999.250 -999.250 -999.250 -999.250 -999.250 297.708 265.012 254.447 230.112 217.035 201.086 179.970 188.357 192.485 182.545 193.877 226.694 274.010 343.643 398.511 453.540 518.191 575.798 603.031 636.362 637.474 610.397 595.620 576.434 562.716 510.569 474.753 435.925 406.062 389.961 337.950 323.807 306.249 293.478 294.954 340.222 389.404 452.012 459.146 516.570 517.217 517.246 513.215 482.189 438.144 401.969 374.686 383.396 349.022 305.046 291.845 280.296 292.687 278.361 284.571 293.498 309.019
-999.250 -999.250 -999.250 -999.250 -999.250 -999.250 -999.250 273.708 252.822 221.154 218.454 205.838 191.084 169.613 169.136 187.757 187.458 204.235 217.454 266.820 321.795 381.203 448.428 492.272 549.264 575.247 600.682 609.037 642.529 620.913 596.715 538.877 523.010 473.506 427.022 410.456 391.113 341.834 279.594 247.200 237.151 225.503 247.023 325.157 396.867 437.023 468.072 482.811 498.380 492.030 470.972 429.728 421.078 394.937 366.864 306.157 291.744 285.018 265.906 271.164 264.110 247.919 248.199 250.751
-999.250 -999.250 -999.250 -999.250 -999.250 -999.250 -999.250 -999.250 221.462 205.119 203.119 192.632 185.740 175.354 161.419 154.697 173.687 180.536 199.076 247.339 297.863 369.941 417.339 505.047 527.415 559.363 580.595 591.022 602.653 594.623 571.040 555.115 532.073 519.647 473.581 422.169 368.173 329.178 269.779 208.865 159.944 130.243 181.650 243.644 323.608 382.863 422.239 452.690 472.730 485.354 450.140 426.053 406.032 388.761 357.176 306.731 290.972 266.180 241.285 225.399 216.547 214.014 197.155 204.765
-999.250 -999.250 -999.250 -999.250 -999.250 -999.250 -999.250 -999.250 229.289 185.651 201.789 206.200 187.711 183.221 171.099 143.335 177.718 183.333 203.231 219.189 267.395 328.938 395.103 468.213 511.863 519.652 554.664 575.906 566.731 548.516 538.204 526.542 523.481 503.045 445.609 405.892 380.076 319.591 238.921 182.251 108.708 28.333 127.103 196.450 267.268 344.229 405.998 415.822 447.578 463.522 444.820 421.284 389.230 382.678 365.040 324.796 301.899 253.752 256.299 209.535 182.664 181.575 172.506 160.032
-999.250 -999.250 -999.250 -999.250 -999.250 -999.250 -999.250 278.914 234.908 218.705 223.305 220.504 211.970 201.429 188.888 185.731 189.903 195.359 192.546 201.793 212.996 293.916 371.469 443.678 492.042 534.423 562.134 596.442 562.999 564.287 530.423 499.149 524.835 468.955 432.223 410.057 370.944 324.010 237.788 181.069 123.550 92.240 132.773 190.343 252.499 328.444 359.497 394.786 411.975 427.431 425.338 401.441 397.252 378.903 327.247 318.676 285.412 261.493 225.775 193.570 172.041 161.347 150.998 136.375
-999.250 -999.250 -999.250 -999.250 -999.250 -999.250 -999.250 281.172 274.651 265.538 247.479 270.692 263.106 248.447 218.764 209.402 208.967 213.736 210.755 200.109 182.842 277.472 367.776 438.596 508.163 513.846 531.118 567.748 557.567 527.126 518.348 493.878 482.873 462.998 404.454 400.733 366.034 299.038 237.335 196.760 144.850 141.352 159.369 204.579 247.972 295.179 360.738 376.440 396.914 387.501 387.469 381.087 371.857 370.182 322.137 293.748 282.386 234.498 203.145 192.868 178.553 145.142 139.785 138.275
-999.250 -999.250 -999.250 -999.250 -999.250 -999.250 -999.250 292.711 309.793 299.071 305.668 307.773 298.842 282.792 263.622 257.937 245.409 244.536 231.791 227.881 268.747 302.744 394.029 459.012 518.285 511.561 526.082 558.611 534.419 512.517 502.648 494.286 463.804 432.273 397.016 375.865 356.787 305.901 248.381 204.254 178.746 167.549 186.360 207.184 252.671 309.764 336.815 350.631 390.778 377.635 354.515 373.720 359.098 330.889 300.040 271.044 244.370 209.895 192.566 194.962 159.849 152.769 139.015 135.455
-999.250 -999.250 -999.250 -999.250 -999.250 -999.250 -999.250 366.388 355.373 371.331 370.384 365.767 345.700 320.376 318.364 312.605 299.963 279.753 291.195 303.104 347.477 377.335 422.355 486.122 524.797 527.992 542.518 554.737 532.231 514.878 474.358 457.387 425.978 395.393 377.337 380.285 333.908 302.759 257.945 211.053 197.611 206.063 206.122 235.263 263.932 295.263 325.176 365.348 369.739 364.724 352.119 307.585 306.057 290.184 254.626 246.819 229.374 216.368 194.357 188.356 157.337 147.430 144.166 141.452
-999.250 -999.250 -999.250 -999.250 -999.250 -999.250 378.403 392.319 389.071 398.760 402.127 412.823 396.261 378.798 353.088 341.158 351.357 342.357 359.779 385.858 389.204 423.528 474.379 501.254 540.421 544.538 556.637 550.665 545.035 502.301 454.727 406.828 407.961 390.450 365.604 356.251 328.606 300.233 248.440 212.358 204.761 210.446 208.683 229.627 268.861 282.349 317.852 362.469 333.276 360.829 340.485 301.600 286.450 271.944 242.706 222.286 209.012 195.355 180.512 170.493 176.617 161.283 144.003 159.399
-999.250 -999.250 -999.250 -999.250 -999.250 -999.250 402.499 408.394 449.917 415.531 434.226 443.853 444.074 418.172 388.207 396.169 375.796 399.055 403.797 420.794 450.253 472.459 493.597 539.569 522.523 559.926 547.694 559.054 567.064 516.063 469.054 423.120 412.208 379.683 359.780 332.474 298.469 272.096 246.087 235.005 220.292 209.833 212.534 226.749 243.219 298.187 312.304 319.731 331.828 321.008 273.741 261.055 265.556 243.575 225.484 213.042 189.371 187.415 174.290 177.684 156.830 145.566 147.068 157.699
-999.250 -999.250 -999.250 -999.250 -999.250 410.218 410.834 425.649 457.122 452.474 471.441 483.584 472.297 464.317 428.088 410.980 438.480 418.022 413.840 444.482 494.978 512.616 511.667 527.268 558.750 556.164 576.798 567.882 536.074 509.926 460.081 415.724 386.251 364.247 322.798 299.989 288.527 256.089 238.816 209.903 219.623 213.422 216.222 222.468 248.389 268.686 288.720 301.249 293.418 290.171 252.508 246.930 232.175 240.266 231.574 210.342 181.343 174.363 171.126 168.884 165.172 173.651 164.632 189.910
-999.250 -999.250 -999.250 -999.250 -999.250 416.929 411.287 436.938 447.848 471.286 497.673 502.993 497.928 479.627 469.120 457.602 434.655 432.099 417.330 442.896 485.953 506.273 548.977 555.038 567.089 570.799 554.449 538.247 513.867 484.231 435.259 402.899 369.722 336.414 288.700 288.111 263.422 246.431 221.489 227.417 243.497 221.740 214.724 228.927 235.461 233.738 263.233 254.541 267.922 257.648 235.807 243.992 239.646 217.833 215.414 198.561 174.521 181.574 162.774 146.245 166.951 174.562 170.927 176.043
-999.250 -999.250 -999.250 -999.250 400.279 414.234 415.357 442.178 472.293 487.721 484.858 489.295 502.308 489.130 462.850 472.087 429.990 424.100 439.894 449.844 477.537 515.205 555.191 572.007 551.382 568.393 525.703 527.682 492.226 471.700 421.200 408.207 369.952 312.692 271.872 266.990 238.445 230.446 211.316 209.145 225.602 234.896 232.993 225.499 237.802 257.046 247.368 233.268 245.459 234.096 224.323 231.939 212.809 205.423 205.587 175.543 169.779 165.897 165.522 153.675 144.852 161.679 166.843 197.041
-999.250 -999.250 -999.250 -999.250 395.990 393.823 410.461 447.213 431.241 465.089 467.388 482.902 486.060 459.581 437.128 437.868 422.895 417.385 415.896 465.860 467.145 516.480 562.971 556.192 543.156 542.751 536.359 489.196 467.245 457.004 409.888 370.354 333.463 276.774 249.142 250.238 218.854 210.858 204.970 206.635 210.347 232.635 225.313 221.972 236.118 247.548 225.429 232.486 228.073 222.164 210.953 206.103 206.123 188.182 177.674 176.450 174.863 154.170 165.984 174.826 179.761 170.458 183.078 198.185
-999.250 -999.250 -999.250 -999.250 375.721 414.877 391.546 413.758 411.941 428.730 433.021 433.809 438.004 433.419 409.926 411.729 395.948 385.207 416.588 435.804 461.405 487.519 525.858 547.413 533.177 517.829 513.899 501.708 482.406 439.230 398.424 363.405 312.431 268.131 240.698 213.742 206.498 203.088 222.735 202.867 218.811 211.879 208.135 216.893 226.797 233.222 219.190 219.747 218.126 218.140 206.405 206.198 213.878 198.665 174.377 169.861 175.018 148.751 167.464 173.405 168.213 175.013 192.114 193.737
-999.250 -999.250 -999.250 -999.250 365.384 380.661 359.495 393.019 411.780 406.934 408.083 430.866 417.946 412.383 401.896 376.252 371.815 349.018 361.107 380.322 410.664 422.906 482.996 518.021 511.034 491.527 488.752 451.748 425.647 373.564 367.384 340.644 302.530 253.889 221.030 192.534 193.966 197.992 201.906 217.490 211.261 209.116 201.348 202.383 209.782 209.427 208.817 197.164 204.805 219.798 210.492 186.295 192.129 193.798 179.525 151.738 166.244 146.993 155.514 158.176 175.969 167.780 195.664 208.905
-999.250 -999.250 -999.250 -999.250 362.932 370.399 370.043 388.650 397.856 387.365 421.327 400.676 406.977 401.030 378.028 350.785 337.996 317.157 296.488 306.109 344.610 381.660 420.721 469.649 492.916 468.654 422.687 419.421 389.677 337.398 324.723 300.767 280.906 261.912 227.940 200.232 196.040 207.460 210.455 211.142 214.546 209.967 201.002 196.963 206.043 194.643 198.222 195.101 203.104 211.677 199.377 201.742 191.405 175.826 173.281 149.326 153.235 145.734 145.713 159.859 163.443 180.025 188.381 201.251
