data/medianmodel_26-Jun-2020.asc
ncols	141
nrows	288
xllcorner	-120191.398
yllcorner	-301404.813
cellsize	2000.000
NODATA_value	-999.250
[rows 240 to 269 of 288, columns 0 to 68 of 141]
-999.250 -999.250 -999.250 -999.250 -999.250 -999.250 -999.250 -999.250 -999.250 -999.250 -999.250 -999.250 -999.250 -999.250 -999.250 -999.250 -999.250 -999.250 -999.250 -999.250 -999.250 -999.250 -999.250 -999.250 -999.250 -999.250 -999.250 -999.250 -999.250 -999.250 3.098 2.550 1.422 0.954 0.012 0.274 0.000 0.000 0.000 0.000 0.000 0.000 0.000 0.000 0.000 1.597 5.261 6.977 10.018 9.751 7.233 9.133 9.632 9.475 10.050 8.425 5.353 5.863 3.375 2.083 0.000 0.000 0.000 0.000 0.000 0.000 0.000 0.000 0.000
-999.250 -999.250 -999.250 -999.250 -999.250 -999.250 -999.250 -999.250 -999.250 -999.250 -999.250 -999.250 -999.250 -999.250 -999.250 -999.250 -999.250 -999.250 -999.250 -999.250 -999.250 -999.250 -999.250 -999.250 -999.250 -999.250 -999.250 -999.250 -999.250 -999.250 2.953 2.311 2.794 1.367 0.000 0.000 0.000 0.000 0.000 0.000 0.000 0.000 0.000 0.925 1.111 3.726 4.978 6.327 9.519 10.834 10.457 10.882 11.902 11.896 11.615 11.292 7.759 6.569 4.169 1.579 0.000 0.000 0.000 0.000 0.000 0.000 0.000 0.000 0.000
-999.250 -999.250 -999.250 -999.250 -999.250 -999.250 -999.250 -999.250 -999.250 -999.250 -999.250 -999.250 -999.250 -999.250 -999.250 -999.250 -999.250 -999.250 -999.250 -999.250 -999.250 -999.250 -999.250 -999.250 -999.250 -999.250 -999.250 -999.250 -999.250 -999.250 2.681 2.422 1.478 0.545 0.000 0.000 0.000 0.000 0.000 0.000 0.000 0.000 0.000 1.292 3.391 3.647 6.619 8.956 9.928 13.161 15.118 12.829 15.575 15.488 15.420 13.290 10.181 7.827 4.046 0.545 0.021 0.000 0.000 0.000 0.000 0.000 0.000 0.000 0.000
-999.250 -999.250 -999.250 -999.250 -999.250 -999.250 -999.250 -999.250 -999.250 -999.250 -999.250 -999.250 -999.250 -999.250 -999.250 -999.250 -999.250 -999.250 -999.250 -999.250 -999.250 -999.250 -999.250 -999.250 -999.250 -999.250 -999.250 -999.250 -999.250 -999.250 3.919 3.338 0.465 0.000 0.000 0.000 0.000 0.000 0.000 0.000 0.000 0.012 2.036 2.129 2.999 5.635 6.123 9.596 13.352 13.923 16.629 14.799 17.088 16.792 18.068 16.245 13.263 8.936 4.929 2.327 0.000 0.000 0.000 0.000 0.000 0.000 0.000 0.000 0.000
-999.250 -999.250 -999.250 -999.250 -999.250 -999.250 -999.250 -999.250 -999.250 -999.250 -999.250 -999.250 -999.250 -999.250 -999.250 -999.250 -999.250 -999.250 -999.250 -999.250 -999.250 -999.250 -999.250 -999.250 -999.250 -999.250 -999.250 -999.250 -999.250 -999.250 3.062 1.960 0.057 0.781 0.000 0.000 0.000 0.000 0.000 0.000 0.000 0.292 1.227 3.300 4.470 6.070 8.567 12.527 13.603 17.844 18.565 20.142 25.201 20.454 21.243 19.076 17.614 14.057 8.341 2.576 0.000 0.000 0.000 0.000 0.000 0.000 0.000 0.000 0.000
-999.250 -999.250 -999.250 -999.250 -999.250 -999.250 -999.250 -999.250 -999.250 -999.250 -999.250 -999.250 -999.250 -999.250 -999.250 -999.250 -999.250 -999.250 -999.250 -999.250 -999.250 -999.250 -999.250 -999.250 -999.250 -999.250 -999.250 -999.250 -999.250 -999.250 -999.250 0.856 0.098 0.000 0.000 0.000 0.000 0.000 0.000 0.000 0.000 0.268 2.093 4.423 5.402 7.169 10.756 11.869 16.199 24.209 22.538 26.030 26.965 30.042 29.059 23.714 20.658 15.410 9.886 5.636 0.000 0.000 0.000 0.000 0.000 0.000 0.000 0.000 0.000
-999.250 -999.250 -999.250 -999.250 -999.250 -999.250 -999.250 -999.250 -999.250 -999.250 -999.250 -999.250 -999.250 -999.250 -999.250 -999.250 -999.250 -999.250 -999.250 -999.250 -999.250 -999.250 -999.250 -999.250 -999.250 -999.250 -999.250 -999.250 -999.250 -999.250 -999.250 2.291 0.321 0.000 0.000 0.000 0.000 0.000 0.000 0.000 0.000 1.261 1.805 3.649 8.178 10.157 12.916 16.652 19.511 22.440 25.168 35.927 37.073 38.805 32.644 27.587 25.035 18.919 13.841 9.105 2.455 0.000 0.000 0.000 0.000 0.000 0.000 0.000 0.000
-999.250 -999.250 -999.250 -999.250 -999.250 -999.250 -999.250 -999.250 -999.250 -999.250 -999.250 -999.250 -999.250 -999.250 -999.250 -999.250 -999.250 -999.250 -999.250 -999.250 -999.250 -999.250 -999.250 -999.250 -999.250 -999.250 -999.250 -999.250 -999.250 -999.250 3.001 1.699 0.000 0.000 0.000 0.000 0.000 0.000 0.000 0.000 0.000 0.000 1.669 3.936 6.922 10.184 15.981 18.984 20.106 27.777 31.646 34.993 41.915 41.308 38.304 36.545 34.193 27.835 16.513 10.765 4.674 0.000 0.000 0.000 0.000 0.000 0.000 0.000 0.000
-999.250 -999.250 -999.250 -999.250 -999.250 -999.250 -999.250 -999.250 -999.250 -999.250 -999.250 -999.250 -999.250 -999.250 -999.250 -999.250 -999.250 -999.250 -999.250 -999.250 -999.250 -999.250 -999.250 -999.250 -999.250 -999.250 -999.250 -999.250 -999.250 -999.250 2.891 1.131 0.000 0.000 0.000 0.000 0.000 0.000 0.000 0.000 0.000 0.000 2.370 4.829 7.228 10.800 12.511 16.740 22.470 29.921 32.602 42.445 45.296 50.367 51.594 47.203 41.189 30.346 18.525 10.557 5.449 0.478 0.000 0.000 0.000 0.000 0.000 0.000 0.000
-999.250 -999.250 -999.250 -999.250 -999.250 -999.250 -999.250 -999.250 -999.250 -999.250 -999.250 -999.250 -999.250 -999.250 -999.250 -999.250 -999.250 -999.250 -999.250 -999.250 -999.250 -999.250 -999.250 -999.250 -999.250 -999.250 -999.250 -999.250 -999.250 -999.250 3.246 1.273 0.000 0.000 0.000 0.000 0.000 0.000 0.000 0.000 0.000 1.426 3.258 5.120 7.048 11.039 13.234 16.123 22.661 27.148 35.769 43.344 43.123 48.644 54.189 65.118 46.958 29.171 19.404 12.152 5.896 2.084 0.000 0.000 0.000 0.000 0.000 0.000 0.000
-999.250 -999.250 -999.250 -999.250 -999.250 -999.250 -999.250 -999.250 -999.250 -999.250 -999.250 -999.250 -999.250 -999.250 -999.250 -999.250 -999.250 -999.250 -999.250 -999.250 -999.250 -999.250 -999.250 -999.250 -999.250 -999.250 -999.250 -999.250 -999.250 -999.250 2.727 0.000 0.000 0.000 0.000 0.000 0.000 0.000 0.000 0.363 0.000 1.091 4.251 5.606 7.144 10.241 13.015 18.563 18.585 25.443 36.052 38.491 39.667 43.992 46.200 48.767 38.746 27.682 21.338 12.795 5.598 1.667 0.000 0.000 0.000 0.000 0.000 0.000 0.000
-999.250 -999.250 -999.250 -999.250 -999.250 -999.250 -999.250 -999.250 -999.250 -999.250 -999.250 -999.250 -999.250 -999.250 -999.250 -999.250 -999.250 -999.250 -999.250 -999.250 -999.250 -999.250 -999.250 -999.250 -999.250 -999.250 -999.250 -999.250 -999.250 -999.250 1.939 0.135 0.000 0.000 0.000 0.000 0.000 0.000 0.000 4.046 2.861 2.885 3.466 7.549 9.603 11.638 14.381 21.073 17.069 25.407 30.074 33.965 39.669 41.545 45.065 39.327 35.060 30.231 18.831 11.267 4.689 2.815 0.000 0.000 0.000 0.000 0.000 0.000 0.000
-999.250 -999.250 -999.250 -999.250 -999.250 -999.250 -999.250 -999.250 -999.250 -999.250 -999.250 -999.250 -999.250 -999.250 -999.250 -999.250 -999.250 -999.250 -999.250 -999.250 -999.250 -999.250 -999.250 -999.250 -999.250 -999.250 -999.250 -999.250 -999.250 2.376 0.195 0.009 0.000 0.000 0.000 0.000 0.000 0.000 0.000 0.429 1.024 3.540 4.988 8.342 10.894 10.268 14.177 16.928 21.266 19.411 30.707 30.199 32.024 34.494 40.888 31.710 29.549 23.108 15.737 10.474 5.489 1.051 0.000 0.000 0.000 0.000 0.000 0.000 0.000
-999.250 -999.250 -999.250 -999.250 -999.250 -999.250 -999.250 -999.250 -999.250 -999.250 -999.250 -999.250 -999.250 -999.250 -999.250 -999.250 -999.250 -999.250 -999.250 -999.250 -999.250 -999.250 -999.250 -999.250 -999.250 -999.250 -999.250 -999.250 -999.250 -999.250 0.044 0.741 0.000 0.000 0.000 0.000 0.897 0.498 0.428 0.508 3.748 3.948 6.527 7.859 9.694 13.477 15.950 19.168 18.774 22.925 28.116 33.178 29.519 29.101 32.109 31.667 27.188 20.970 14.235 8.658 4.531 0.733 0.000 0.000 0.000 0.000 0.000 0.000 0.000
-999.250 -999.250 -999.250 -999.250 -999.250 -999.250 -999.250 -999.250 -999.250 -999.250 -999.250 -999.250 -999.250 -999.250 -999.250 -999.250 -999.250 -999.250 -999.250 -999.250 -999.250 -999.250 -999.250 -999.250 -999.250 -999.250 -999.250 -999.250 -999.250 -999.250 0.316 0.620 0.000 0.000 0.130 0.063 0.992 2.294 2.527 3.048 4.074 7.122 9.321 12.209 13.616 14.541 18.762 18.968 19.393 22.947 26.371 30.514 34.199 32.262 28.827 25.489 23.348 14.443 11.555 6.656 4.030 0.942 0.000 0.000 0.000 0.000 0.000 0.000 0.000
-999.250 -999.250 -999.250 -999.250 -999.250 -999.250 -999.250 -999.250 -999.250 -999.250 -999.250 -999.250 -999.250 -999.250 -999.250 -999.250 -999.250 -999.250 -999.250 -999.250 -999.250 -999.250 -999.250 -999.250 -999.250 -999.250 -999.250 -999.250 -999.250 -999.250 -999.250 0.000 0.000 0.000 0.556 3.346 2.500 4.111 5.828 7.106 8.773 12.924 15.094 18.013 19.581 19.205 21.895 20.851 19.839 22.329 25.209 30.210 22.836 22.793 20.951 17.535 15.084 9.641 9.066 5.865 2.618 0.000 0.000 0.000 0.000 0.000 0.000 0.000 0.000
-999.250 -999.250 -999.250 -999.250 -999.250 -999.250 -999.250 -999.250 -999.250 -999.250 -999.250 -999.250 -999.250 -999.250 -999.250 -999.250 -999.250 -999.250 -999.250 -999.250 -999.250 -999.250 -999.250 -999.250 -999.250 -999.250 -999.250 -999.250 -999.250 -999.250 -999.250 0.000 0.000 0.044 1.615 2.699 5.127 7.497 11.385 12.481 15.937 16.850 21.405 24.834 23.149 22.777 27.084 24.433 23.087 19.042 23.775 24.044 25.342 18.504 16.349 13.377 12.556 7.635 5.967 4.173 2.278 0.000 0.000 0.000 0.000 0.000 0.000 0.000 0.000
-999.250 -999.250 -999.250 -999.250 -999.250 -999.250 -999.250 -999.250 -999.250 -999.250 -999.250 -999.250 -999.250 -999.250 -999.250 -999.250 -999.250 -999.250 -999.250 -999.250 -999.250 -999.250 -999.250 -999.250 -999.250 -999.250 -999.250 -999.250 -999.250 -999.250 0.000 0.000 0.000 0.000 3.313 5.043 9.262 13.175 14.451 16.253 22.428 26.145 29.127 30.073 31.905 33.549 29.469 28.625 27.011 22.538 24.888 27.338 21.733 16.224 15.112 13.710 9.146 4.786 4.427 3.302 2.916 0.066 0.000 0.000 0.000 0.000 0.000 0.000 0.000
-999.250 -999.250 -999.250 -999.250 -999.250 -999.250 -999.250 -999.250 -999.250 -999.250 -999.250 -999.250 -999.250 -999.250 -999.250 -999.250 -999.250 -999.250 -999.250 -999.250 -999.250 -999.250 -999.250 -999.250 -999.250 -999.250 -999.250 -999.250 -999.250 -999.250 0.000 0.000 0.000 2.407 3.685 5.889 10.210 15.251 21.751 22.606 28.309 31.113 34.034 32.199 35.998 32.346 35.044 30.089 28.188 22.899 24.528 23.274 16.269 16.708 15.523 11.966 8.331 5.587 4.860 2.417 0.674 0.000 0.000 0.000 0.000 0.000 0.000 0.000 0.000
-999.250 -999.250 -999.250 -999.250 -999.250 -999.250 -999.250 -999.250 -999.250 -999.250 -999.250 -999.250 -999.250 -999.250 -999.250 -999.250 -999.250 -999.250 -999.250 -999.250 -999.250 -999.250 -999.250 -999.250 -999.250 -999.250 -999.250 -999.250 -999.250 -999.250 0.000 0.000 0.000 1.939 5.375 10.469 13.773 18.095 25.807 26.129 35.350 38.094 37.931 34.166 39.793 43.189 41.929 42.244 28.453 26.631 26.499 18.256 14.805 13.369 11.929 9.636 5.798 4.249 3.868 3.227 0.768 0.000 0.000 0.000 0.000 0.000 0.000 0.000 0.000
-999.250 -999.250 -999.250 -999.250 -999.250 -999.250 -999.250 -999.250 -999.250 -999.250 -999.250 -999.250 -999.250 -999.250 -999.250 -999.250 -999.250 -999.250 -999.250 -999.250 -999.250 -999.250 -999.250 -999.250 -999.250 -999.250 -999.250 -999.250 -999.250 -999.250 0.000 0.000 0.000 3.748 8.570 14.045 18.737 25.920 29.573 40.866 37.780 43.469 41.101 40.907 42.069 48.008 44.152 40.698 34.404 31.075 22.591 17.186 13.247 9.336 8.299 6.492 3.628 2.601 3.200 1.437 1.116 0.000 0.000 0.000 0.000 0.000 0.000 0.000 0.000
-999.250 -999.250 -999.250 -999.250 -999.250 -999.250 -999.250 -999.250 -999.250 -999.250 -999.250 -999.250 -999.250 -999.250 -999.250 -999.250 -999.250 -999.250 -999.250 -999.250 -999.250 -999.250 -999.250 -999.250 -999.250 -999.250 -999.250 -999.250 -999.250 -999.250 0.000 0.000 0.000 3.446 8.741 15.942 26.351 34.574 35.483 44.222 49.299 48.595 51.954 50.891 53.962 50.510 42.492 42.614 35.065 27.669 25.781 18.091 13.324 9.170 9.295 4.568 3.721 3.017 1.018 0.114 0.711 0.000 0.000 0.000 0.000 0.000 0.000 0.000 0.000
-999.250 -999.250 -999.250 -999.250 -999.250 -999.250 -999.250 -999.250 -999.250 -999.250 -999.250 -999.250 -999.250 -999.250 -999.250 -999.250 -999.250 -999.250 -999.250 -999.250 -999.250 -999.250 -999.250 -999.250 -999.250 -999.250 -999.250 -999.250 -999.250 -999.250 0.000 0.000 0.634 4.080 9.925 24.979 30.506 43.337 45.922 52.390 59.697 56.925 54.813 54.332 53.056 47.665 50.866 41.726 36.155 27.929 24.433 20.745 14.587 11.759 8.093 5.354 1.812 0.213 0.246 0.000 0.000 0.000 0.000 0.000 0.000 0.000 0.000 0.000 0.000
-999.250 -999.250 -999.250 -999.250 -999.250 -999.250 -999.250 -999.250 -999.250 -999.250 -999.250 -999.250 -999.250 -999.250 -999.250 -999.250 -999.250 -999.250 -999.250 -999.250 -999.250 -999.250 -999.250 -999.250 -999.250 -999.250 -999.250 -999.250 -999.250 0.000 0.000 0.000 2.644 9.263 15.571 28.633 43.441 51.982 59.062 62.754 70.521 63.324 59.779 56.001 56.368 52.457 50.982 37.722 35.379 31.244 29.078 17.440 14.914 10.370 5.977 3.046 0.106 0.000 0.000 0.000 0.000 0.000 0.000 0.000 0.000 0.000 0.000 0.000 0.000
-999.250 -999.250 -999.250 -999.250 -999.250 -999.250 -999.250 -999.250 -999.250 -999.250 -999.250 -999.250 -999.250 -999.250 -999.250 -999.250 -999.250 -999.250 -999.250 -999.250 -999.250 -999.250 -999.250 -999.250 -999.250 -999.250 -999.250 -999.250 -999.250 0.000 0.000 0.000 5.069 13.532 22.914 37.103 50.838 61.727 65.478 79.753 87.978 88.499 72.438 65.365 57.099 51.136 49.794 44.922 37.004 29.272 24.366 18.244 11.485 10.760 7.689 1.456 0.000 0.000 0.000 0.000 0.000 0.000 0.000 0.000 0.000 0.000 0.000 0.000 0.000
-999.250 -999.250 -999.250 -999.250 -999.250 -999.250 -999.250 -999.250 -999.250 -999.250 -999.250 -999.250 -999.250 -999.250 -999.250 -999.250 -999.250 -999.250 -999.250 -999.250 -999.250 -999.250 -999.250 -999.250 -999.250 -999.250 -999.250 -999.250 0.000 0.000 0.000 0.720 8.536 19.849 29.537 44.024 58.062 69.727 75.987 94.035 92.409 93.379 90.905 70.666 62.135 58.936 49.074 36.169 32.554 28.944 21.353 15.535 15.198 7.827 4.517 0.849 0.667 0.000 0.000 0.000 0.000 0.000 0.000 0.000 0.000 0.000 0.000 0.000 0.000
-999.250 -999.250 -999.250 -999.250 -999.250 -999.250 -999.250 -999.250 -999.250 -999.250 -999.250 -999.250 -999.250 -999.250 -999.250 -999.250 -999.250 -999.250 -999.250 -999.250 -999.250 -999.250 -999.250 -999.250 -999.250 -999.250 -999.250 -999.250 0.000 0.000 0.000 3.641 10.745 26.578 37.216 49.282 60.654 67.476 88.821 104.825 118.084 114.151 94.112 84.670 70.617 56.554 51.796 43.683 32.535 25.279 17.227 16.875 9.695 8.514 4.323 2.658 0.000 0.000 0.000 0.000 0.000 0.000 0.000 0.000 0.000 0.000 0.000 0.000 0.000
-999.250 -999.250 -999.250 -999.250 -999.250 -999.250 -999.250 -999.250 -999.250 -999.250 -999.250 -999.250 -999.250 -999.250 -999.250 -999.250 -999.250 -999.250 -999.250 -999.250 -999.250 -999.250 -999.250 -999.250 -999.250 -999.250 -999.250 0.000 0.000 0.000 0.000 6.838 18.281 31.426 47.738 53.340 66.306 79.776 91.166 111.445 137.877 117.947 97.837 88.216 62.528 57.635 50.805 38.995 27.859 19.350 14.932 13.825 10.194 6.594 6.851 4.100 1.461 0.000 0.000 0.000 0.000 0.000 0.000 0.000 0.000 0.000 0.000 0.000 0.000
-999.250 -999.250 -999.250 -999.250 -999.250 -999.250 -999.250 -999.250 -999.250 -999.250 -999.250 -999.250 -999.250 -999.250 -999.250 -999.250 -999.250 -999.250 -999.250 -999.250 -999.250 -999.250 -999.250 -999.250 -999.250 -999.250 -999.250 0.000 0.000 0.000 0.000 10.492 26.863 41.404 56.555 62.765 70.971 77.075 94.978 121.405 120.191 114.604 93.631 67.403 60.918 51.459 41.850 32.583 21.498 14.863 12.111 10.303 9.272 6.579 4.816 3.509 2.156 0.000 0.000 0.000 0.000 0.000 0.000 0.000 0.000 0.000 0.000 0.000 0.000
-999.250 -999.250 -999.250 -999.250 -999.250 -999.250 -999.250 -999.250 -999.250 -999.250 -999.250 -999.250 -999.250 -999.250 -999.250 -999.250 -999.250 -999.250 -999.250 -999.250 -999.250 -999.250 -999.250 -999.250 -999.250 -999.250 -999.250 0.000 1.194 3.421 9.049 18.770 35.948 49.494 61.646 76.467 77.920 82.776 91.408 99.031 98.515 95.711 85.499 63.714 50.755 40.696 34.567 27.744 19.483 13.750 9.640 7.199 7.685 6.689 4.417 3.114 1.990 2.541 0.957 0.000 0.000 0.000 0.000 0.000 0.000 0.000 0.000 0.000 0.000
