data/medianmodel_28-Dec-2020.asc
ncols	141
nrows	288
xllcorner	-120191.398
yllcorner	-301404.813
cellsize	2000.000
NODATA_value	-999.250
[rows 224 to 251 of 288, columns 0 to 64 of 141]
-999.250 -999.250 -999.250 -999.250 -999.250 -999.250 -999.250 -999.250 -999.250 -999.250 -999.250 -999.250 -999.250 -999.250 -999.250 -999.250 -999.250 -999.250 -999.250 -999.250 -999.250 -999.250 -999.250 -999.250 -999.250 -999.250 -999.250 -999.250 -999.250 -999.250 128.195 127.770 133.750 135.124 145.483 165.944 175.143 181.826 174.218 174.588 174.708 179.772 158.725 154.431 141.763 129.215 139.021 118.419 104.908 110.552 107.734 100.714 107.086 99.393 99.720 96.800 95.188 87.344 90.498 64.998 56.693 51.012 35.231 46.032 42.795
-999.250 -999.250 -999.250 -999.250 -999.250 -999.250 -999.250 -999.250 -999.250 -999.250 -999.250 -999.250 -999.250 -999.250 -999.250 -999.250 -999.250 -999.250 -999.250 -999.250 -999.250 -999.250 -999.250 -999.250 -999.250 -999.250 -999.250 -999.250 -999.250 -999.250 110.116 99.126 109.250 120.107 139.235 149.645 151.955 160.412 158.730 156.003 154.024 158.496 145.571 142.059 125.469 113.442 102.481 110.198 103.349 95.843 91.657 93.996 83.284 88.408 90.159 95.123 95.469 88.215 86.058 66.344 53.351 49.772 47.990 55.587 58.077
-999.250 -999.250 -999.250 -999.250 -999.250 -999.250 -999.250 -999.250 -999.250 -999.250 -999.250 -999.250 -999.250 -999.250 -999.250 -999.250 -999.250 -999.250 -999.250 -999.250 -999.250 -999.250 -999.250 -999.250 -999.250 -999.250 -999.250 -999.250 -999.250 -999.250 100.100 92.691 95.867 105.239 121.565 133.550 141.357 145.566 138.989 139.290 139.638 140.718 123.886 113.204 110.496 97.930 93.666 87.309 76.918 67.946 73.040 68.384 64.222 69.478 80.973 86.695 85.044 89.350 84.102 60.942 60.337 51.416 60.006 77.287 83.778
-999.250 -999.250 -999.250 -999.250 -999.250 -999.250 -999.250 -999.250 -999.250 -999.250 -999.250 -999.250 -999.250 -999.250 -999.250 -999.250 -999.250 -999.250 -999.250 -999.250 -999.250 -999.250 -999.250 -999.250 -999.250 -999.250 -999.250 -999.250 -999.250 92.639 77.775 75.861 91.751 102.448 118.270 128.643 132.616 139.150 121.046 129.164 122.541 117.653 99.852 98.993 97.672 81.705 90.422 63.936 60.925 55.612 50.629 55.298 52.948 55.009 55.751 65.479 81.967 89.229 76.381 69.733 79.851 70.568 81.075 90.373 104.326
-999.250 -999.250 -999.250 -999.250 -999.250 -999.250 -999.250 -999.250 -999.250 -999.250 -999.250 -999.250 -999.250 -999.250 -999.250 -999.250 -999.250 -999.250 -999.250 -999.250 -999.250 -999.250 -999.250 -999.250 -999.250 -999.250 -999.250 -999.250 -999.250 79.334 78.585 82.659 85.297 97.685 102.516 116.474 135.913 131.670 128.876 114.358 98.070 98.277 95.032 95.077 87.706 68.527 66.751 54.495 44.831 46.476 43.073 32.375 42.343 49.118 39.861 57.164 59.235 65.534 70.933 74.510 77.341 78.331 90.678 94.565 119.051
-999.250 -999.250 -999.250 -999.250 -999.250 -999.250 -999.250 -999.250 -999.250 -999.250 -999.250 -999.250 -999.250 -999.250 -999.250 -999.250 -999.250 -999.250 -999.250 -999.250 -999.250 -999.250 -999.250 -999.250 -999.250 -999.250 -999.250 -999.250 71.107 63.586 64.107 67.478 75.247 88.643 96.573 107.525 138.932 126.157 109.174 94.631 85.908 84.943 79.320 77.027 62.056 54.958 45.093 37.908 39.815 40.820 27.596 23.226 21.825 31.336 39.845 39.946 49.848 60.638 74.507 80.152 78.693 86.273 94.174 104.928 136.513
-999.250 -999.250 -999.250 -999.250 -999.250 -999.250 -999.250 -999.250 -999.250 -999.250 -999.250 -999.250 -999.250 -999.250 -999.250 -999.250 -999.250 -999.250 -999.250 -999.250 -999.250 -999.250 -999.250 -999.250 -999.250 -999.250 -999.250 -999.250 69.785 58.275 58.954 66.442 62.515 76.506 86.267 98.247 100.955 104.010 97.149 92.303 88.565 67.129 76.170 67.030 50.239 41.645 27.152 28.957 31.511 23.182 16.885 4.158 6.234 11.947 16.740 34.108 37.158 50.969 61.653 78.407 78.269 89.184 92.174 109.081 134.934
-999.250 -999.250 -999.250 -999.250 -999.250 -999.250 -999.250 -999.250 -999.250 -999.250 -999.250 -999.250 -999.250 -999.250 -999.250 -999.250 -999.250 -999.250 -999.250 -999.250 -999.250 -999.250 -999.250 -999.250 -999.250 -999.250 -999.250 80.692 64.572 63.216 57.369 55.762 52.768 71.686 74.966 84.219 91.918 96.009 96.350 89.184 82.926 66.814 58.713 54.274 37.449 28.933 19.947 11.760 12.126 8.776 7.202 0.000 1.004 7.085 14.367 21.294 30.304 42.916 50.320 60.788 70.907 79.271 97.111 112.807 147.196
-999.250 -999.250 -999.250 -999.250 -999.250 -999.250 -999.250 -999.250 -999.250 -999.250 -999.250 -999.250 -999.250 -999.250 -999.250 -999.250 -999.250 -999.250 -999.250 -999.250 -999.250 -999.250 -999.250 -999.250 -999.250 -999.250 -999.250 72.107 66.276 58.381 52.316 51.039 52.085 56.951 71.627 83.695 79.131 92.588 86.719 76.481 69.124 60.750 54.893 49.460 21.333 12.815 6.284 16.881 5.237 3.266 0.014 0.945 0.016 1.298 5.263 11.676 21.973 26.870 39.632 48.476 60.275 84.131 97.280 110.179 151.327
-999.250 -999.250 -999.250 -999.250 -999.250 -999.250 -999.250 -999.250 -999.250 -999.250 -999.250 -999.250 -999.250 -999.250 -999.250 -999.250 -999.250 -999.250 -999.250 -999.250 -999.250 -999.250 -999.250 -999.250 -999.250 -999.250 -999.250 -999.250 75.212 62.870 58.468 54.219 52.745 58.839 79.613 71.262 84.948 89.328 81.735 68.719 76.853 55.581 46.011 35.869 23.372 11.724 6.782 0.477 0.475 0.000 0.000 0.000 0.000 0.000 0.085 7.382 11.880 19.961 30.187 43.423 62.923 86.572 98.834 125.860 148.436
-999.250 -999.250 -999.250 -999.250 -999.250 -999.250 -999.250 -999.250 -999.250 -999.250 -999.250 -999.250 -999.250 -999.250 -999.250 -999.250 -999.250 -999.250 -999.250 -999.250 -999.250 -999.250 -999.250 -999.250 -999.250 -999.250 -999.250 -999.250 -999.250 -999.250 63.242 60.950 57.145 61.220 70.154 87.501 77.454 84.406 82.950 75.647 71.452 52.912 43.379 37.299 23.168 15.293 3.948 0.381 0.553 0.000 0.000 0.000 0.000 0.000 0.000 3.016 15.539 23.308 28.835 46.600 56.260 79.800 95.161 115.628 146.279
-999.250 -999.250 -999.250 -999.250 -999.250 -999.250 -999.250 -999.250 -999.250 -999.250 -999.250 -999.250 -999.250 -999.250 -999.250 -999.250 -999.250 -999.250 -999.250 -999.250 -999.250 -999.250 -999.250 -999.250 -999.250 -999.250 -999.250 -999.250 -999.250 -999.250 80.313 77.403 67.663 67.631 86.860 81.528 77.845 83.958 83.633 71.970 64.847 52.921 37.415 35.412 22.403 15.857 0.904 0.000 0.000 0.000 0.000 0.000 0.000 0.000 0.000 0.000 6.650 11.710 20.692 36.812 50.703 65.323 85.641 112.300 130.531
-999.250 -999.250 -999.250 -999.250 -999.250 -999.250 -999.250 -999.250 -999.250 -999.250 -999.250 -999.250 -999.250 -999.250 -999.250 -999.250 -999.250 -999.250 -999.250 -999.250 -999.250 -999.250 -999.250 -999.250 -999.250 -999.250 -999.250 -999.250 -999.250 -999.250 91.690 82.973 75.318 77.172 80.879 91.146 87.552 82.786 87.523 70.985 63.504 52.903 37.638 35.550 22.666 9.230 4.481 0.000 0.000 0.000 0.000 0.000 0.000 0.000 0.000 0.000 2.411 6.035 25.273 36.377 46.402 61.927 91.382 109.900 123.469
-999.250 -999.250 -999.250 -999.250 -999.250 -999.250 -999.250 -999.250 -999.250 -999.250 -999.250 -999.250 -999.250 -999.250 -999.250 -999.250 -999.250 -999.250 -999.250 -999.250 -999.250 -999.250 -999.250 -999.250 -999.250 -999.250 -999.250 -999.250 -999.250 -999.250 -999.250 97.442 87.262 97.037 92.770 93.946 89.296 88.702 91.072 73.138 67.002 71.177 54.894 43.610 28.235 8.735 7.258 0.000 0.000 0.000 0.000 0.000 0.000 0.000 0.000 0.000 0.000 5.941 22.281 30.474 52.282 63.834 93.202 107.035 125.262
-999.250 -999.250 -999.250 -999.250 -999.250 -999.250 -999.250 -999.250 -999.250 -999.250 -999.250 -999.250 -999.250 -999.250 -999.250 -999.250 -999.250 -999.250 -999.250 -999.250 -999.250 -999.250 -999.250 -999.250 -999.250 -999.250 -999.250 -999.250 -999.250 -999.250 92.014 99.740 101.942 106.112 110.074 106.234 94.326 93.999 92.041 88.197 88.627 84.144 63.984 50.856 26.136 11.956 0.000 0.000 0.000 0.000 0.000 0.000 0.000 0.000 0.000 0.000 0.000 4.991 21.327 28.647 51.164 73.657 91.168 105.786 145.287
-999.250 -999.250 -999.250 -999.250 -999.250 -999.250 -999.250 -999.250 -999.250 -999.250 -999.250 -999.250 -999.250 -999.250 -999.250 -999.250 -999.250 -999.250 -999.250 -999.250 -999.250 -999.250 -999.250 -999.250 -999.250 -999.250 -999.250 -999.250 -999.250 -999.250 -999.250 108.803 117.859 122.800 115.246 129.035 99.812 119.183 109.308 98.048 97.873 91.309 78.954 56.599 41.504 24.807 11.960 5.402 0.000 0.000 0.000 0.000 0.000 0.000 0.000 0.000 0.000 3.958 13.031 28.843 52.897 81.121 95.251 113.700 140.450
-999.250 -999.250 -999.250 -999.250 -999.250 -999.250 -999.250 -999.250 -999.250 -999.250 -999.250 -999.250 -999.250 -999.250 -999.250 -999.250 -999.250 -999.250 -999.250 -999.250 -999.250 -999.250 -999.250 -999.250 -999.250 -999.250 -999.250 -999.250 -999.250 -999.250 133.201 119.041 126.494 142.240 137.609 129.051 124.935 123.088 126.303 118.499 103.628 93.764 85.726 66.624 47.243 41.798 25.685 18.681 3.074 0.000 0.000 0.000 0.000 0.000 0.000 0.000 0.000 1.268 23.996 33.734 51.750 76.085 101.641 116.684 142.929
-999.250 -999.250 -999.250 -999.250 -999.250 -999.250 -999.250 -999.250 -999.250 -999.250 -999.250 -999.250 -999.250 -999.250 -999.250 -999.250 -999.250 -999.250 -999.250 -999.250 -999.250 -999.250 -999.250 -999.250 -999.250 -999.250 -999.250 -999.250 -999.250 -999.250 145.235 151.158 148.245 160.093 164.136 148.193 156.076 145.970 140.535 134.610 116.129 108.744 93.627 84.066 72.029 56.762 37.475 30.410 12.103 6.535 0.000 0.000 0.000 0.000 0.000 0.000 0.000 0.515 21.042 45.018 64.474 83.871 100.652 120.180 149.404
-999.250 -999.250 -999.250 -999.250 -999.250 -999.250 -999.250 -999.250 -999.250 -999.250 -999.250 -999.250 -999.250 -999.250 -999.250 -999.250 -999.250 -999.250 -999.250 -999.250 -999.250 -999.250 -999.250 -999.250 -999.250 -999.250 -999.250 -999.250 -999.250 -999.250 148.603 154.119 167.571 172.468 176.811 171.870 179.356 153.719 159.764 164.130 140.757 121.923 102.693 96.928 83.629 75.344 56.581 49.778 29.318 14.648 0.778 0.000 0.000 0.000 0.000 0.000 0.007 12.134 18.012 51.019 78.462 93.631 106.969 133.836 162.558
-999.250 -999.250 -999.250 -999.250 -999.250 -999.250 -999.250 -999.250 -999.250 -999.250 -999.250 -999.250 -999.250 -999.250 -999.250 -999.250 -999.250 -999.250 -999.250 -999.250 -999.250 -999.250 -999.250 -999.250 -999.250 -999.250 -999.250 -999.250 -999.250 -999.250 174.740 174.027 171.757 182.118 174.101 196.558 179.284 165.034 175.887 171.975 163.366 152.891 133.349 105.329 101.847 85.560 63.887 48.719 32.920 19.910 4.274 0.000 0.000 0.000 0.000 0.000 1.637 18.473 42.547 56.845 83.665 101.672 124.230 149.706 160.614
-999.250 -999.250 -999.250 -999.250 -999.250 -999.250 -999.250 -999.250 -999.250 -999.250 -999.250 -999.250 -999.250 -999.250 -999.250 -999.250 -999.250 -999.250 -999.250 -999.250 -999.250 -999.250 -999.250 -999.250 -999.250 -999.250 -999.250 -999.250 -999.250 -999.250 178.739 182.816 188.392 203.558 210.246 202.711 205.189 187.063 186.160 186.864 177.970 161.938 152.855 131.152 124.594 100.474 81.979 68.926 47.196 28.285 13.727 2.827 0.000 0.000 0.000 0.000 1.349 20.777 41.809 62.004 93.057 111.329 136.592 151.538 171.213
-999.250 -999.250 -999.250 -999.250 -999.250 -999.250 -999.250 -999.250 -999.250 -999.250 -999.250 -999.250 -999.250 -999.250 -999.250 -999.250 -999.250 -999.250 -999.250 -999.250 -999.250 -999.250 -999.250 -999.250 -999.250 -999.250 -999.250 -999.250 -999.250 -999.250 -999.250 183.082 194.449 205.248 220.186 213.525 217.659 211.273 199.286 202.668 188.971 190.238 167.203 147.087 131.785 111.368 93.473 89.247 53.938 40.950 24.276 6.336 0.000 0.000 0.000 0.000 4.932 20.826 43.469 56.216 99.180 143.906 150.377 165.120 190.428
-999.250 -999.250 -999.250 -999.250 -999.250 -999.250 -999.250 -999.250 -999.250 -999.250 -999.250 -999.250 -999.250 -999.250 -999.250 -999.250 -999.250 -999.250 -999.250 -999.250 -999.250 -999.250 -999.250 -999.250 -999.250 -999.250 -999.250 -999.250 -999.250 -999.250 -999.250 230.647 216.810 233.353 228.278 226.636 237.102 241.657 234.411 211.082 208.212 198.877 175.190 155.986 154.217 147.389 110.067 90.753 74.662 50.711 47.173 20.526 7.991 0.000 0.000 0.000 5.812 24.219 38.963 62.281 90.191 114.746 144.551 159.523 172.723
-999.250 -999.250 -999.250 -999.250 -999.250 -999.250 -999.250 -999.250 -999.250 -999.250 -999.250 -999.250 -999.250 -999.250 -999.250 -999.250 -999.250 -999.250 -999.250 -999.250 -999.250 -999.250 -999.250 -999.250 -999.250 -999.250 -999.250 -999.250 -999.250 -999.250 224.720 252.929 242.939 252.727 251.784 263.315 259.665 250.956 257.964 242.631 226.333 206.595 195.992 174.174 169.155 148.370 123.251 97.269 77.532 62.025 46.974 39.264 16.797 10.740 0.359 5.229 9.955 21.474 31.735 53.911 80.694 101.861 117.574 143.900 167.111
-999.250 -999.250 -999.250 -999.250 -999.250 -999.250 -999.250 -999.250 -999.250 -999.250 -999.250 -999.250 -999.250 -999.250 -999.250 -999.250 -999.250 -999.250 -999.250 -999.250 -999.250 -999.250 -999.250 -999.250 -999.250 -999.250 -999.250 -999.250 -999.250 -999.250 251.913 251.907 241.106 244.975 267.854 279.536 270.050 278.423 268.101 262.873 266.173 235.499 210.980 188.773 162.411 151.123 130.582 105.125 88.833 67.136 57.066 44.153 23.284 12.323 9.034 8.372 16.169 18.245 32.738 50.419 80.486 102.388 109.086 132.338 157.152
-999.250 -999.250 -999.250 -999.250 -999.250 -999.250 -999.250 -999.250 -999.250 -999.250 -999.250 -999.250 -999.250 -999.250 -999.250 -999.250 -999.250 -999.250 -999.250 -999.250 -999.250 -999.250 -999.250 -999.250 -999.250 -999.250 -999.250 -999.250 -999.250 -999.250 248.001 240.337 238.194 245.374 260.685 275.467 282.424 287.355 295.123 288.399 274.889 255.810 228.295 185.582 177.815 161.218 145.156 114.348 91.967 67.440 61.436 46.775 37.405 18.922 15.571 21.706 21.618 32.228 30.584 52.750 69.708 87.648 96.974 126.483 154.111
-999.250 -999.250 -999.250 -999.250 -999.250 -999.250 -999.250 -999.250 -999.250 -999.250 -999.250 -999.250 -999.250 -999.250 -999.250 -999.250 -999.250 -999.250 -999.250 -999.250 -999.250 -999.250 -999.250 -999.250 -999.250 -999.250 -999.250 -999.250 -999.250 -999.250 225.787 231.963 242.063 257.372 265.319 276.296 287.145 307.473 310.374 312.210 299.844 265.402 233.477 196.728 169.217 153.362 132.320 118.112 98.851 79.340 57.453 50.843 38.481 24.634 23.104 27.257 31.375 38.802 49.031 53.688 63.076 73.466 94.643 104.085 129.598
-999.250 -999.250 -999.250 -999.250 -999.250 -999.250 -999.250 -999.250 -999.250 -999.250 -999.250 -999.250 -999.250 -999.250 -999.250 -999.250 -999.250 -999.250 -999.250 -999.250 -999.250 -999.250 -999.250 -999.250 -999.250 -999.250 -999.250 -999.250 -999.250 -999.250 245.653 263.620 258.994 257.386 266.468 266.277 285.282 298.049 313.770 335.801 307.828 272.959 251.672 193.251 186.334 158.321 134.532 115.399 94.858 78.348 60.093 57.301 45.356 34.192 34.789 33.740 43.387 35.802 42.743 47.773 56.192 67.950 83.989 99.233 117.851
