data/medianmodel_19-Apr-2020.asc
ncols	141
nrows	288
xllcorner	-120191.398
yllcorner	-301404.813
cellsize	2000.000
NODATA_value	-999.250
[rows 240 to 269 of 288, columns 0 to 66 of 141]
-999.250 -999.250 -999.250 -999.250 -999.250 -999.250 -999.250 -999.250 -999.250 -999.250 -999.250 -999.250 -999.250 -999.250 -999.250 -999.250 -999.250 -999.250 -999.250 -999.250 -999.250 -999.250 -999.250 -999.250 -999.250 -999.250 -999.250 -999.250 -999.250 -999.250 12.645 16.081 14.093 15.915 15.601 18.509 19.284 20.293 20.156 22.366 22.404 23.584 19.064 20.685 22.601 21.471 21.807 20.865 22.041 23.094 25.281 23.842 25.598 24.919 21.921 23.084 24.252 26.681 24.409 23.645 23.117 26.015 24.314 26.289 25.653 23.482 21.933
-999.250 -999.250 -999.250 -999.250 -999.250 -999.250 -999.250 -999.250 -999.250 -999.250 -999.250 -999.250 -999.250 -999.250 -999.250 -999.250 -999.250 -999.250 -999.250 -999.250 -999.250 -999.250 -999.250 -999.250 -999.250 -999.250 -999.250 -999.250 -999.250 -999.250 12.630 15.642 18.546 17.375 17.382 17.939 16.759 20.336 20.662 22.100 23.677 24.079 21.022 23.044 22.986 21.851 20.923 22.272 22.478 22.254 20.930 22.367 19.470 22.543 20.842 24.007 21.275 22.486 20.750 20.614 20.176 20.296 19.309 20.898 21.501 22.733 17.990
-999.250 -999.250 -999.250 -999.250 -999.250 -999.250 -999.250 -999.250 -999.250 -999.250 -999.250 -999.250 -999.250 -999.250 -999.250 -999.250 -999.250 -999.250 -999.250 -999.250 -999.250 -999.250 -999.250 -999.250 -999.250 -999.250 -999.250 -999.250 -999.250 -999.250 12.849 11.161 15.114 16.799 16.822 19.085 16.945 20.917 20.208 20.917 21.077 21.138 20.236 24.409 21.859 19.757 21.783 18.581 18.308 19.896 19.896 19.734 17.756 18.073 19.080 18.926 19.386 20.331 18.397 19.504 18.530 19.063 18.994 18.873 20.461 17.764 21.096
-999.250 -999.250 -999.250 -999.250 -999.250 -999.250 -999.250 -999.250 -999.250 -999.250 -999.250 -999.250 -999.250 -999.250 -999.250 -999.250 -999.250 -999.250 -999.250 -999.250 -999.250 -999.250 -999.250 -999.250 -999.250 -999.250 -999.250 -999.250 -999.250 -999.250 11.755 13.735 11.412 14.252 15.432 18.183 18.520 20.663 21.050 21.427 21.330 19.400 19.907 22.307 20.314 22.688 20.441 17.479 19.585 18.130 18.385 20.169 16.683 17.503 16.736 17.366 18.293 17.289 15.090 15.887 15.987 15.427 14.977 14.919 18.826 18.594 17.494
-999.250 -999.250 -999.250 -999.250 -999.250 -999.250 -999.250 -999.250 -999.250 -999.250 -999.250 -999.250 -999.250 -999.250 -999.250 -999.250 -999.250 -999.250 -999.250 -999.250 -999.250 -999.250 -999.250 -999.250 -999.250 -999.250 -999.250 -999.250 -999.250 -999.250 15.108 14.389 13.690 15.052 17.030 19.144 21.040 21.983 18.547 21.182 20.726 22.856 19.842 18.043 20.178 20.400 18.029 18.665 17.054 17.447 17.538 18.437 16.025 14.140 14.620 17.429 18.785 13.925 12.734 12.006 6.607 7.811 11.059 14.809 15.821 16.813 17.530
-999.250 -999.250 -999.250 -999.250 -999.250 -999.250 -999.250 -999.250 -999.250 -999.250 -999.250 -999.250 -999.250 -999.250 -999.250 -999.250 -999.250 -999.250 -999.250 -999.250 -999.250 -999.250 -999.250 -999.250 -999.250 -999.250 -999.250 -999.250 -999.250 -999.250 -999.250 16.378 15.290 16.606 18.568 16.933 19.888 17.964 19.807 23.012 19.102 21.445 17.437 19.198 20.054 19.105 19.488 16.571 15.122 14.021 15.421 15.718 12.248 11.693 14.593 13.663 14.308 13.145 10.803 8.105 4.492 0.000 6.311 13.920 14.140 14.674 17.668
-999.250 -999.250 -999.250 -999.250 -999.250 -999.250 -999.250 -999.250 -999.250 -999.250 -999.250 -999.250 -999.250 -999.250 -999.250 -999.250 -999.250 -999.250 -999.250 -999.250 -999.250 -999.250 -999.250 -999.250 -999.250 -999.250 -999.250 -999.250 -999.250 -999.250 -999.250 14.685 14.948 16.459 16.282 16.331 19.253 20.526 21.269 20.090 18.970 17.893 19.353 18.387 17.898 17.693 16.648 15.674 13.794 14.753 12.819 13.819 12.944 12.130 11.106 11.905 12.342 11.154 12.463 9.268 9.032 6.388 8.677 12.301 13.290 16.901 18.140
-999.250 -999.250 -999.250 -999.250 -999.250 -999.250 -999.250 -999.250 -999.250 -999.250 -999.250 -999.250 -999.250 -999.250 -999.250 -999.250 -999.250 -999.250 -999.250 -999.250 -999.250 -999.250 -999.250 -999.250 -999.250 -999.250 -999.250 -999.250 -999.250 -999.250 13.808 13.870 13.817 15.032 15.664 17.456 18.930 20.699 21.203 20.659 20.119 19.229 19.025 20.326 15.838 15.678 14.737 14.369 14.058 14.890 14.593 13.641 11.102 9.897 11.035 10.992 10.600 9.185 12.678 13.040 13.019 11.953 12.529 11.521 15.776 17.055 15.928
-999.250 -999.250 -999.250 -999.250 -999.250 -999.250 -999.250 -999.250 -999.250 -999.250 -999.250 -999.250 -999.250 -999.250 -999.250 -999.250 -999.250 -999.250 -999.250 -999.250 -999.250 -999.250 -999.250 -999.250 -999.250 -999.250 -999.250 -999.250 -999.250 -999.250 16.032 15.858 15.285 16.014 14.491 16.576 16.576 19.528 18.988 21.612 19.585 18.390 19.091 17.562 14.875 14.537 14.355 15.384 16.177 14.557 15.651 12.212 13.378 10.585 6.756 4.194 6.719 9.433 13.743 14.677 14.337 14.565 11.356 15.055 16.830 17.543 17.089
-999.250 -999.250 -999.250 -999.250 -999.250 -999.250 -999.250 -999.250 -999.250 -999.250 -999.250 -999.250 -999.250 -999.250 -999.250 -999.250 -999.250 -999.250 -999.250 -999.250 -999.250 -999.250 -999.250 -999.250 -999.250 -999.250 -999.250 -999.250 -999.250 -999.250 16.210 17.124 17.021 16.960 16.984 17.740 14.839 16.993 16.686 17.411 14.356 17.596 18.625 17.714 16.332 14.767 14.967 15.828 16.497 16.308 15.593 15.603 13.197 12.714 5.688 0.000 3.656 8.606 11.771 15.261 16.143 17.895 17.623 16.374 18.169 18.912 19.975
-999.250 -999.250 -999.250 -999.250 -999.250 -999.250 -999.250 -999.250 -999.250 -999.250 -999.250 -999.250 -999.250 -999.250 -999.250 -999.250 -999.250 -999.250 -999.250 -999.250 -999.250 -999.250 -999.250 -999.250 -999.250 -999.250 -999.250 -999.250 -999.250 -999.250 17.528 12.573 14.843 19.374 17.933 16.003 16.608 16.055 12.543 13.803 14.679 16.390 17.920 15.811 15.687 16.542 15.683 15.387 15.127 16.300 16.093 14.289 13.698 12.445 8.000 7.337 10.250 13.686 14.495 18.114 19.799 17.385 19.403 21.974 20.069 24.455 20.671
-999.250 -999.250 -999.250 -999.250 -999.250 -999.250 -999.250 -999.250 -999.250 -999.250 -999.250 -999.250 -999.250 -999.250 -999.250 -999.250 -999.250 -999.250 -999.250 -999.250 -999.250 -999.250 -999.250 -999.250 -999.250 -999.250 -999.250 -999.250 -999.250 -999.250 15.604 15.643 19.833 18.087 17.294 15.155 16.422 15.176 13.050 8.092 13.178 13.503 13.885 14.921 15.569 17.853 17.560 18.511 17.297 14.736 16.004 16.168 13.935 13.965 10.939 12.544 10.889 17.020 17.335 17.766 20.920 22.611 21.363 22.577 25.392 23.439 25.411
-999.250 -999.250 -999.250 -999.250 -999.250 -999.250 -999.250 -999.250 -999.250 -999.250 -999.250 -999.250 -999.250 -999.250 -999.250 -999.250 -999.250 -999.250 -999.250 -999.250 -999.250 -999.250 -999.250 -999.250 -999.250 -999.250 -999.250 -999.250 -999.250 14.593 17.661 15.631 17.731 19.711 18.228 16.638 14.662 15.458 14.009 13.219 10.605 12.564 14.097 16.736 15.724 17.817 16.412 15.924 16.472 16.728 15.424 15.280 15.202 14.301 15.541 16.620 15.512 19.117 19.632 20.173 22.788 24.052 23.550 27.900 30.439 28.645 23.964
-999.250 -999.250 -999.250 -999.250 -999.250 -999.250 -999.250 -999.250 -999.250 -999.250 -999.250 -999.250 -999.250 -999.250 -999.250 -999.250 -999.250 -999.250 -999.250 -999.250 -999.250 -999.250 -999.250 -999.250 -999.250 -999.250 -999.250 -999.250 -999.250 -999.250 17.503 19.744 18.895 17.115 18.151 17.036 15.694 15.227 18.218 16.373 13.350 16.628 16.230 16.140 17.076 16.071 15.397 16.364 17.226 15.591 16.800 18.396 16.238 16.308 16.017 17.276 16.159 19.977 20.969 20.785 26.534 30.172 33.100 31.502 31.008 33.362 30.441
-999.250 -999.250 -999.250 -999.250 -999.250 -999.250 -999.250 -999.250 -999.250 -999.250 -999.250 -999.250 -999.250 -999.250 -999.250 -999.250 -999.250 -999.250 -999.250 -999.250 -999.250 -999.250 -999.250 -999.250 -999.250 -999.250 -999.250 -999.250 -999.250 -999.250 16.909 18.194 18.384 17.062 17.148 18.425 18.360 16.476 18.626 15.135 16.301 17.244 16.034 16.089 15.898 14.995 16.541 17.495 15.617 16.992 17.865 16.218 16.325 17.823 18.820 17.782 18.786 21.306 22.269 22.668 29.720 30.679 34.806 33.989 35.521 33.468 33.887
-999.250 -999.250 -999.250 -999.250 -999.250 -999.250 -999.250 -999.250 -999.250 -999.250 -999.250 -999.250 -999.250 -999.250 -999.250 -999.250 -999.250 -999.250 -999.250 -999.250 -999.250 -999.250 -999.250 -999.250 -999.250 -999.250 -999.250 -999.250 -999.250 -999.250 -999.250 18.217 15.636 14.589 17.055 16.102 15.266 18.361 17.466 17.065 16.738 17.663 16.280 17.724 16.687 16.323 17.604 15.887 17.234 15.479 19.612 17.012 18.195 18.739 19.592 19.199 22.191 23.505 23.899 26.256 33.519 34.453 37.106 35.961 36.689 35.767 33.030
-999.250 -999.250 -999.250 -999.250 -999.250 -999.250 -999.250 -999.250 -999.250 -999.250 -999.250 -999.250 -999.250 -999.250 -999.250 -999.250 -999.250 -999.250 -999.250 -999.250 -999.250 -999.250 -999.250 -999.250 -999.250 -999.250 -999.250 -999.250 -999.250 -999.250 -999.250 16.887 17.021 15.578 16.933 14.819 15.986 16.838 16.443 18.196 16.815 17.295 14.910 18.189 17.826 18.391 18.680 16.064 17.658 16.605 21.841 19.011 18.781 18.535 23.138 22.036 24.499 25.427 28.068 30.354 32.540 35.195 36.676 38.718 38.952 34.359 35.634
-999.250 -999.250 -999.250 -999.250 -999.250 -999.250 -999.250 -999.250 -999.250 -999.250 -999.250 -999.250 -999.250 -999.250 -999.250 -999.250 -999.250 -999.250 -999.250 -999.250 -999.250 -999.250 -999.250 -999.250 -999.250 -999.250 -999.250 -999.250 -999.250 -999.250 14.358 16.094 16.556 13.022 17.271 15.555 16.392 13.762 16.491 18.247 16.345 16.218 15.688 15.647 17.389 16.900 19.106 16.862 19.455 20.023 18.528 21.145 19.051 20.561 22.295 23.108 27.704 26.906 30.425 31.320 34.109 36.855 38.441 41.087 44.610 41.268 34.304
-999.250 -999.250 -999.250 -999.250 -999.250 -999.250 -999.250 -999.250 -999.250 -999.250 -999.250 -999.250 -999.250 -999.250 -999.250 -999.250 -999.250 -999.250 -999.250 -999.250 -999.250 -999.250 -999.250 -999.250 -999.250 -999.250 -999.250 -999.250 -999.250 -999.250 13.890 14.209 15.739 16.213 14.873 13.902 14.765 15.689 17.456 18.327 17.550 15.216 14.605 15.034 15.838 15.987 16.300 17.538 15.304 18.494 21.232 20.229 22.409 23.918 26.540 26.076 27.465 28.606 30.343 34.141 35.741 40.455 38.136 42.747 42.465 37.526 34.567
-999.250 -999.250 -999.250 -999.250 -999.250 -999.250 -999.250 -999.250 -999.250 -999.250 -999.250 -999.250 -999.250 -999.250 -999.250 -999.250 -999.250 -999.250 -999.250 -999.250 -999.250 -999.250 -999.250 -999.250 -999.250 -999.250 -999.250 -999.250 -999.250 -999.250 12.601 16.519 13.978 13.519 16.657 13.941 14.167 16.461 17.757 16.715 16.253 15.157 12.785 14.035 12.648 16.001 15.969 17.148 15.872 17.471 19.718 25.836 23.069 23.967 27.588 28.295 32.990 32.844 32.010 33.355 32.194 36.771 40.556 42.621 42.819 41.038 34.393
-999.250 -999.250 -999.250 -999.250 -999.250 -999.250 -999.250 -999.250 -999.250 -999.250 -999.250 -999.250 -999.250 -999.250 -999.250 -999.250 -999.250 -999.250 -999.250 -999.250 -999.250 -999.250 -999.250 -999.250 -999.250 -999.250 -999.250 -999.250 -999.250 -999.250 9.843 14.604 15.571 14.096 15.695 13.528 14.620 15.723 15.589 15.547 15.736 13.411 15.632 14.621 14.624 14.918 14.487 16.758 18.171 21.423 22.897 20.375 18.922 23.493 29.293 27.772 31.752 33.862 32.652 36.387 37.453 35.003 34.629 39.892 37.097 35.724 35.796
-999.250 -999.250 -999.250 -999.250 -999.250 -999.250 -999.250 -999.250 -999.250 -999.250 -999.250 -999.250 -999.250 -999.250 -999.250 -999.250 -999.250 -999.250 -999.250 -999.250 -999.250 -999.250 -999.250 -999.250 -999.250 -999.250 -999.250 -999.250 -999.250 -999.250 12.938 14.459 14.608 14.021 15.570 15.129 11.775 14.409 15.935 16.886 15.684 14.182 13.307 14.924 12.639 16.098 15.271 16.808 16.083 19.728 21.451 23.326 21.198 22.970 25.574 30.606 32.422 35.049 36.828 35.686 37.119 35.746 34.870 35.557 37.109 34.485 33.121
-999.250 -999.250 -999.250 -999.250 -999.250 -999.250 -999.250 -999.250 -999.250 -999.250 -999.250 -999.250 -999.250 -999.250 -999.250 -999.250 -999.250 -999.250 -999.250 -999.250 -999.250 -999.250 -999.250 -999.250 -999.250 -999.250 -999.250 -999.250 -999.250 -999.250 10.508 14.104 15.699 13.229 14.101 13.857 13.499 13.449 13.393 15.406 14.436 12.782 15.201 14.994 15.692 17.260 15.326 17.164 17.959 20.587 20.758 18.676 21.368 21.269 27.008 28.279 32.244 33.164 35.277 33.871 34.370 32.561 34.731 38.175 34.996 31.432 33.904
-999.250 -999.250 -999.250 -999.250 -999.250 -999.250 -999.250 -999.250 -999.250 -999.250 -999.250 -999.250 -999.250 -999.250 -999.250 -999.250 -999.250 -999.250 -999.250 -999.250 -999.250 -999.250 -999.250 -999.250 -999.250 -999.250 -999.250 -999.250 -999.250 9.213 11.532 13.497 13.474 15.368 12.122 12.495 12.799 11.035 10.262 10.890 12.048 14.104 12.893 12.822 14.963 16.473 17.047 20.273 21.674 17.001 18.093 20.246 24.942 21.918 25.948 29.374 31.938 30.198 35.482 31.604 30.007 34.684 33.676 33.726 32.175 33.651 34.221
-999.250 -999.250 -999.250 -999.250 -999.250 -999.250 -999.250 -999.250 -999.250 -999.250 -999.250 -999.250 -999.250 -999.250 -999.250 -999.250 -999.250 -999.250 -999.250 -999.250 -999.250 -999.250 -999.250 -999.250 -999.250 -999.250 -999.250 -999.250 -999.250 9.790 11.274 11.336 13.714 13.969 12.194 8.569 9.072 9.087 9.971 10.068 12.899 14.750 12.386 12.667 16.275 19.088 17.776 21.649 20.189 19.980 18.282 20.671 24.383 24.357 24.435 29.692 30.422 26.838 32.533 34.638 34.323 34.205 32.234 32.239 35.315 32.687 33.700
-999.250 -999.250 -999.250 -999.250 -999.250 -999.250 -999.250 -999.250 -999.250 -999.250 -999.250 -999.250 -999.250 -999.250 -999.250 -999.250 -999.250 -999.250 -999.250 -999.250 -999.250 -999.250 -999.250 -999.250 -999.250 -999.250 -999.250 -999.250 9.600 7.652 9.358 10.514 9.964 13.313 11.613 9.959 7.568 10.149 9.226 9.740 10.719 12.150 11.906 14.097 16.141 16.365 19.450 20.231 19.690 19.970 20.233 23.104 25.309 23.745 24.238 26.974 29.692 30.980 29.714 33.886 34.141 33.486 32.014 32.875 28.747 30.870 32.198
-999.250 -999.250 -999.250 -999.250 -999.250 -999.250 -999.250 -999.250 -999.250 -999.250 -999.250 -999.250 -999.250 -999.250 -999.250 -999.250 -999.250 -999.250 -999.250 -999.250 -999.250 -999.250 -999.250 -999.250 -999.250 -999.250 -999.250 -999.250 9.328 7.961 8.453 8.331 9.316 8.033 9.415 8.979 8.605 10.652 11.674 4.635 7.090 6.477 12.274 16.126 15.144 19.599 20.126 20.380 20.455 21.353 22.626 25.354 26.542 25.477 26.965 31.782 32.560 34.386 29.020 35.011 33.444 31.457 31.237 29.603 28.910 28.826 29.806
-999.250 -999.250 -999.250 -999.250 -999.250 -999.250 -999.250 -999.250 -999.250 -999.250 -999.250 -999.250 -999.250 -999.250 -999.250 -999.250 -999.250 -999.250 -999.250 -999.250 -999.250 -999.250 -999.250 -999.250 -999.250 -999.250 -999.250 9.040 8.151 6.305 1.761 1.572 5.314 8.276 4.656 8.527 9.025 10.735 7.470 2.366 0.000 4.717 11.374 14.233 15.312 18.714 20.561 20.752 22.631 22.283 25.679 25.301 26.476 27.802 30.448 32.442 35.760 28.805 33.560 32.417 32.273 32.273 29.012 29.374 28.664 26.996 22.483
-999.250 -999.250 -999.250 -999.250 -999.250 -999.250 -999.250 -999.250 -999.250 -999.250 -999.250 -999.250 -999.250 -999.250 -999.250 -999.250 -999.250 -999.250 -999.250 -999.250 -999.250 -999.250 -999.250 -999.250 -999.250 -999.250 -999.250 9.646 6.984 3.494 0.000 2.812 4.279 4.604 7.806 9.585 10.788 10.056 4.524 4.034 3.887 5.028 7.837 13.222 14.293 16.916 21.387 18.520 19.220 22.657 23.430 24.778 26.628 31.258 30.505 32.490 30.683 30.515 33.050 32.211 33.505 28.103 30.221 29.770 29.179 25.742 22.393
-999.250 -999.250 -999.250 -999.250 -999.250 -999.250 -999.250 -999.250 -999.250 -999.250 -999.250 -999.250 -999.250 -999.250 -999.250 -999.250 -999.250 -999.250 -999.250 -999.250 -999.250 -999.250 -999.250 -999.250 -999.250 -999.250 -999.250 8.662 8.678 7.670 2.411 2.602 8.203 5.722 8.455 9.394 10.654 12.190 8.240 9.949 6.897 7.287 7.729 13.043 14.544 17.926 18.926 20.549 19.388 23.173 24.332 27.965 30.250 30.967 31.135 30.335 26.728 29.117 29.054 28.340 32.360 30.070 29.366 31.904 28.221 25.547 21.556
