data/medianmodel_05-Dec-2020.asc
ncols	141
nrows	288
xllcorner	-120191.398
yllcorner	-301404.813
cellsize	2000.000
NODATA_value	-999.250
[rows 87 to 115 of 288, columns 64 to 127 of 141]
329.026 354.647 384.509 425.367 456.683 460.779 478.032 465.724 452.310 423.160 393.767 356.814 352.144 349.242 369.310 384.845 384.642 397.686 392.909 375.994 340.175 367.636 374.777 392.946 413.168 435.343 443.116 470.168 484.563 519.851 548.117 565.822 594.251 618.316 631.048 618.064 632.130 639.256 594.422 536.494 537.094 530.399 524.671 491.218 462.455 420.267 374.257 342.978 291.280 263.288 -999.250 -999.250 -999.250 -999.250 -999.250 -999.250 -999.250 -999.250 -999.250 -999.250 -999.250 -999.250 -999.250 -999.250
326.855 339.205 390.412 434.307 452.940 477.783 472.652 487.739 467.728 451.192 436.072 424.736 409.584 426.422 429.785 419.072 443.886 442.477 454.569 448.305 428.020 389.501 434.305 450.582 444.078 451.353 459.316 491.099 495.842 529.682 576.570 575.867 606.571 649.234 646.052 622.450 676.199 625.624 611.511 551.856 535.400 528.640 521.022 487.298 444.370 419.147 398.468 332.076 309.325 276.267 270.836 238.660 -999.250 -999.250 -999.250 -999.250 -999.250 -999.250 -999.250 -999.250 -999.250 -999.250 -999.250 -999.250
318.446 329.272 362.724 420.345 431.749 441.677 478.462 485.587 496.476 483.408 471.388 490.996 461.124 474.468 481.112 496.081 496.628 492.280 496.728 494.610 494.646 452.192 442.239 451.541 461.164 476.512 509.471 515.403 528.065 547.843 564.724 597.796 624.616 619.734 629.691 642.327 593.666 618.682 571.216 567.460 541.521 516.709 523.684 483.559 439.004 412.668 388.028 348.984 338.307 287.866 289.893 260.674 -999.250 -999.250 -999.250 -999.250 -999.250 -999.250 -999.250 -999.250 -999.250 -999.250 -999.250 -999.250
283.423 323.899 350.216 372.171 437.958 457.824 474.409 495.067 507.269 513.817 524.048 526.211 515.562 533.146 528.013 525.954 522.639 533.122 548.963 525.755 531.936 506.375 466.953 506.861 489.723 519.946 515.625 541.173 521.730 553.647 587.835 628.483 635.408 625.303 639.077 619.980 629.610 612.783 603.120 577.918 559.250 524.065 533.155 486.513 449.598 413.152 410.273 367.986 344.228 306.658 287.898 266.768 -999.250 -999.250 -999.250 -999.250 -999.250 -999.250 -999.250 -999.250 -999.250 -999.250 -999.250 -999.250
276.428 287.438 317.416 344.831 390.167 442.274 472.446 475.816 492.002 522.189 535.626 533.732 541.681 575.201 575.177 571.331 576.272 549.354 566.288 547.761 535.108 519.869 520.029 512.562 535.702 529.148 553.649 534.766 548.412 575.371 628.736 617.991 648.657 683.123 647.260 655.595 614.112 633.025 622.372 570.820 592.487 546.199 530.335 481.828 472.781 434.811 429.866 383.676 366.423 343.459 324.763 -999.250 -999.250 -999.250 -999.250 -999.250 -999.250 -999.250 -999.250 -999.250 -999.250 -999.250 -999.250 -999.250
247.285 275.553 282.109 311.533 357.165 393.144 446.556 497.355 497.334 526.005 529.276 561.930 583.887 591.520 588.850 598.667 630.089 599.326 594.107 565.223 563.823 541.468 546.406 522.599 524.562 554.083 568.779 548.060 571.448 585.189 604.674 635.829 650.652 597.239 624.098 628.909 602.979 625.973 610.046 591.931 587.704 547.140 528.479 485.231 459.618 440.348 388.421 408.696 399.295 369.875 335.894 -999.250 -999.250 -999.250 -999.250 -999.250 -999.250 -999.250 -999.250 -999.250 -999.250 -999.250 -999.250 -999.250
246.518 257.047 267.378 295.436 336.817 387.968 450.650 479.302 493.844 532.388 543.822 575.791 623.894 663.835 614.374 627.224 668.924 651.243 619.785 601.847 560.667 542.676 527.351 534.923 545.749 537.810 544.289 566.752 599.062 594.051 619.426 631.185 645.446 597.589 598.899 630.381 594.988 632.036 589.398 583.635 581.805 561.103 506.509 498.852 471.549 448.504 421.246 377.297 386.461 363.139 -999.250 -999.250 -999.250 -999.250 -999.250 -999.250 -999.250 -999.250 -999.250 -999.250 -999.250 -999.250 -999.250 -999.250
218.590 225.297 242.522 237.299 308.956 344.157 434.736 459.932 480.619 537.212 559.612 566.541 650.389 700.587 693.574 664.049 674.984 667.966 641.220 607.619 562.466 547.973 532.183 546.628 572.707 567.626 565.439 551.102 587.275 592.265 595.137 656.680 620.076 632.357 651.615 679.110 619.714 610.383 612.432 582.692 588.627 574.412 544.453 524.090 509.201 473.945 438.677 424.254 377.352 365.411 -999.250 -999.250 -999.250 -999.250 -999.250 -999.250 -999.250 -999.250 -999.250 -999.250 -999.250 -999.250 -999.250 -999.250
202.402 204.713 223.607 245.991 279.862 329.539 400.941 438.157 467.521 490.134 544.144 600.847 635.458 704.828 779.704 751.456 722.947 702.776 684.891 623.643 568.660 532.092 550.232 536.305 571.619 578.501 571.867 590.808 605.075 612.629 610.183 601.164 594.156 645.371 666.208 667.689 649.384 615.763 601.640 581.716 569.517 552.356 541.062 526.926 525.488 494.395 457.945 427.477 412.691 398.161 -999.250 -999.250 -999.250 -999.250 -999.250 -999.250 -999.250 -999.250 -999.250 -999.250 -999.250 -999.250 -999.250 -999.250
159.542 179.611 200.062 232.415 264.838 317.888 349.623 406.904 468.956 505.788 553.039 570.184 670.539 738.558 805.228 814.068 731.859 721.324 674.170 653.886 593.571 563.633 585.162 571.077 583.084 587.682 613.531 596.692 616.457 606.679 654.159 658.045 611.349 632.636 655.244 649.355 623.496 620.506 589.405 575.141 545.976 540.409 522.427 523.039 525.071 510.611 449.487 404.047 419.839 385.250 408.521 -999.250 -999.250 -999.250 -999.250 -999.250 -999.250 -999.250 -999.250 -999.250 -999.250 -999.250 -999.250 -999.250
129.029 147.208 186.609 203.249 236.415 277.439 325.418 382.668 416.244 463.165 546.274 608.673 697.318 765.424 784.421 784.421 741.809 716.752 672.399 655.279 630.021 600.138 568.644 563.089 583.220 598.678 596.283 602.928 593.880 585.259 624.533 650.772 628.463 669.299 650.653 625.558 666.469 632.962 606.513 556.434 542.933 555.512 531.201 526.551 507.531 483.716 469.881 433.490 416.180 367.852 409.416 392.325 -999.250 -999.250 -999.250 -999.250 -999.250 -999.250 -999.250 -999.250 -999.250 -999.250 -999.250 -999.250
96.763 136.597 156.071 195.782 226.837 257.603 290.857 340.394 388.789 458.628 523.269 595.473 691.895 713.972 771.785 733.545 730.761 711.814 688.086 633.037 630.485 612.904 564.033 577.112 587.263 586.021 608.312 592.056 573.189 609.566 619.573 624.204 637.234 641.857 634.757 650.657 606.585 614.257 585.930 555.740 553.528 535.326 531.068 513.911 511.267 504.585 462.290 439.347 419.862 400.805 406.831 375.469 366.058 -999.250 -999.250 -999.250 -999.250 -999.250 -999.250 -999.250 -999.250 -999.250 -999.250 -999.250
130.794 149.180 182.032 194.260 224.315 259.088 288.078 337.442 332.416 443.471 529.538 598.526 659.259 645.306 737.489 707.519 729.919 729.773 667.541 643.607 618.214 593.882 579.424 570.504 593.353 585.631 577.055 563.676 584.774 608.783 605.583 620.409 633.978 636.957 627.246 612.202 613.235 597.249 571.823 557.469 547.945 538.191 541.073 510.504 505.848 486.807 435.870 449.565 413.489 406.453 360.871 339.894 -999.250 -999.250 -999.250 -999.250 -999.250 -999.250 -999.250 -999.250 -999.250 -999.250 -999.250 -999.250
162.737 157.732 187.226 211.658 221.611 265.626 297.307 334.779 380.852 454.910 529.803 570.081 636.918 665.587 700.164 687.491 684.126 691.311 662.023 637.857 597.189 608.749 570.290 562.211 580.086 598.321 573.224 576.538 609.841 598.601 594.527 584.026 567.005 599.941 609.441 593.128 580.698 581.543 588.224 583.760 551.030 530.083 527.560 505.292 495.336 477.848 456.624 434.943 413.735 377.000 414.064 346.064 331.087 -999.250 -999.250 -999.250 -999.250 -999.250 -999.250 -999.250 -999.250 -999.250 -999.250 -999.250
174.593 182.818 192.213 200.568 228.897 282.288 305.554 355.108 446.184 465.567 523.875 545.648 603.028 648.511 694.407 701.124 687.299 697.545 630.506 619.782 597.920 592.350 576.562 544.363 539.486 547.020 554.122 590.151 589.066 599.438 571.250 576.177 579.956 550.785 563.659 567.546 536.876 569.589 579.576 559.419 524.287 534.530 506.144 500.396 479.492 458.467 447.140 438.515 425.792 408.607 376.257 -999.250 -999.250 -999.250 -999.250 -999.250 -999.250 -999.250 -999.250 -999.250 -999.250 -999.250 -999.250 -999.250
189.348 186.582 198.463 217.338 239.279 283.463 307.301 373.350 444.012 491.795 514.002 564.977 597.765 634.064 635.515 675.939 690.828 627.031 648.610 605.980 615.826 598.634 569.701 538.447 542.682 552.610 574.481 558.901 558.245 563.947 584.858 586.015 583.166 558.264 549.865 554.692 541.540 537.460 541.881 530.846 539.976 519.238 487.670 481.551 489.338 454.100 432.642 418.533 438.441 398.836 -999.250 -999.250 -999.250 -999.250 -999.250 -999.250 -999.250 -999.250 -999.250 -999.250 -999.250 -999.250 -999.250 -999.250
203.150 204.992 215.579 239.183 264.915 300.245 342.896 394.703 448.611 499.071 524.045 542.347 587.810 591.264 639.409 652.284 654.716 630.895 617.113 608.058 608.710 580.298 552.316 523.650 547.282 549.176 520.110 534.554 556.327 576.506 564.164 562.742 570.483 560.693 557.597 569.495 526.344 534.953 524.631 508.725 513.590 521.583 465.797 464.682 456.778 466.634 431.463 414.350 406.646 390.873 -999.250 -999.250 -999.250 -999.250 -999.250 -999.250 -999.250 -999.250 -999.250 -999.250 -999.250 -999.250 -999.250 -999.250
188.581 202.282 218.717 252.587 272.530 298.645 345.435 416.507 451.416 481.664 518.034 546.748 574.016 594.253 577.354 634.107 606.401 616.781 604.519 621.861 569.582 571.341 551.554 544.935 524.466 536.619 535.172 538.512 560.437 570.236 544.707 570.284 564.610 562.107 541.756 529.248 521.294 507.141 496.863 509.055 468.651 491.788 483.997 444.905 448.679 446.326 435.737 408.599 403.010 -999.250 -999.250 -999.250 -999.250 -999.250 -999.250 -999.250 -999.250 -999.250 -999.250 -999.250 -999.250 -999.250 -999.250 -999.250
204.141 215.171 237.354 259.293 273.464 320.646 356.120 376.586 437.545 479.822 519.892 554.464 550.841 546.139 568.537 558.377 575.381 613.242 595.525 602.666 560.854 546.285 537.847 537.502 538.257 523.503 533.941 533.844 555.531 518.994 523.511 553.796 561.749 527.370 506.398 513.699 506.815 488.644 489.733 500.340 466.134 463.617 451.830 475.455 450.190 -999.250 -999.250 -999.250 -999.250 -999.250 -999.250 -999.250 -999.250 -999.250 -999.250 -999.250 -999.250 -999.250 -999.250 -999.250 -999.250 -999.250 -999.250 -999.250
200.434 223.868 241.126 265.347 280.463 319.504 356.060 399.842 435.462 510.085 525.294 547.704 543.230 537.665 563.061 549.431 560.893 577.260 584.479 590.947 558.807 560.393 536.586 509.036 532.189 516.425 528.157 526.661 507.050 500.153 514.435 531.941 520.376 526.761 513.667 495.502 477.248 495.052 457.603 454.910 450.146 452.908 461.482 -999.250 -999.250 -999.250 -999.250 -999.250 -999.250 -999.250 -999.250 -999.250 -999.250 -999.250 -999.250 -999.250 -999.250 -999.250 -999.250 -999.250 -999.250 -999.250 -999.250 -999.250
205.161 244.049 248.199 288.865 314.109 326.060 369.918 447.036 471.771 473.732 490.795 527.734 532.661 541.409 555.654 552.822 570.593 581.797 558.928 576.636 548.744 541.697 525.446 494.471 507.225 524.335 541.701 527.551 522.567 514.164 517.970 506.166 537.244 529.484 504.021 470.307 463.602 466.004 439.025 414.659 413.190 412.751 382.236 -999.250 -999.250 -999.250 -999.250 -999.250 -999.250 -999.250 -999.250 -999.250 -999.250 -999.250 -999.250 -999.250 -999.250 -999.250 -999.250 -999.250 -999.250 -999.250 -999.250 -999.250
219.877 246.756 283.315 309.650 320.460 356.095 406.738 436.608 460.885 481.320 489.274 501.332 513.491 523.966 536.722 550.439 574.317 590.696 555.620 533.688 545.060 521.211 496.177 496.614 505.895 506.448 533.253 549.473 519.918 503.148 532.056 510.043 507.332 489.730 489.296 482.919 475.850 453.450 412.797 395.091 378.745 391.660 365.501 -999.250 -999.250 -999.250 -999.250 -999.250 -999.250 -999.250 -999.250 -999.250 -999.250 -999.250 -999.250 -999.250 -999.250 -999.250 -999.250 -999.250 -999.250 -999.250 -999.250 -999.250
247.202 271.700 285.319 319.470 356.550 373.012 403.429 450.642 466.273 484.311 475.668 514.579 543.141 523.300 539.902 574.716 566.441 535.881 557.572 561.597 530.301 486.170 507.791 506.884 519.604 507.625 514.240 542.861 518.608 508.220 524.759 523.201 514.351 502.730 491.079 439.093 445.983 401.828 357.274 336.488 353.872 351.524 351.887 -999.250 -999.250 -999.250 -999.250 -999.250 -999.250 -999.250 -999.250 -999.250 -999.250 -999.250 -999.250 -999.250 -999.250 -999.250 -999.250 -999.250 -999.250 -999.250 -999.250 -999.250
271.545 288.831 305.366 341.588 366.179 382.871 432.604 447.566 468.051 500.914 481.307 494.089 525.346 532.678 529.915 556.064 550.115 542.255 521.375 537.887 502.759 466.852 486.224 464.238 496.236 506.551 516.508 526.335 541.650 508.336 541.624 511.999 490.526 501.727 484.084 436.985 431.205 404.976 363.589 352.192 322.315 317.016 302.070 -999.250 -999.250 -999.250 -999.250 -999.250 -999.250 -999.250 -999.250 -999.250 -999.250 -999.250 -999.250 -999.250 -999.250 -999.250 -999.250 -999.250 -999.250 -999.250 -999.250 -999.250
295.600 321.737 335.390 360.797 364.272 400.960 430.241 447.978 460.483 468.917 452.588 478.482 522.955 512.370 524.768 534.209 520.904 531.193 509.096 503.001 486.441 489.796 491.918 484.387 486.541 471.933 488.368 502.563 522.204 538.259 512.286 506.123 469.612 488.446 454.315 434.927 411.423 390.514 358.161 353.988 333.154 325.530 314.794 -999.250 -999.250 -999.250 -999.250 -999.250 -999.250 -999.250 -999.250 -999.250 -999.250 -999.250 -999.250 -999.250 -999.250 -999.250 -999.250 -999.250 -999.250 -999.250 -999.250 -999.250
297.448 322.913 336.939 367.735 369.714 394.039 416.863 448.921 457.928 470.966 487.771 490.394 504.676 506.085 515.655 517.082 514.309 524.296 503.598 502.835 489.401 487.599 506.040 514.087 520.520 482.206 502.401 516.529 511.000 499.651 468.592 506.992 460.866 446.346 428.717 441.698 395.262 381.116 365.231 347.853 327.009 295.090 268.564 272.378 284.719 -999.250 -999.250 -999.250 -999.250 -999.250 -999.250 -999.250 -999.250 -999.250 -999.250 -999.250 -999.250 -999.250 -999.250 -999.250 -999.250 -999.250 -999.250 -999.250
296.980 343.171 354.201 361.902 378.477 416.147 396.334 428.229 440.010 455.969 471.907 473.227 482.583 484.765 479.191 510.425 534.436 499.583 483.741 474.677 479.227 462.615 483.327 502.168 480.810 482.591 468.427 466.252 491.265 464.966 461.122 459.843 440.623 407.584 404.857 402.714 358.065 365.248 330.383 313.870 302.380 274.995 256.146 249.508 282.389 273.592 259.676 -999.250 -999.250 -999.250 -999.250 -999.250 -999.250 -999.250 -999.250 -999.250 -999.250 -999.250 -999.250 -999.250 -999.250 -999.250 -999.250 -999.250
295.667 333.358 332.534 356.957 380.293 392.137 403.509 440.286 442.602 457.917 453.274 466.762 446.556 505.070 475.402 472.620 474.778 494.135 473.930 499.084 490.744 471.396 490.063 467.021 447.651 449.254 468.283 471.126 438.884 455.580 441.023 432.490 411.950 400.419 364.681 343.484 345.888 302.936 296.027 283.850 253.413 269.463 229.825 219.833 249.883 261.490 250.346 -999.250 -999.250 -999.250 -999.250 -999.250 -999.250 -999.250 -999.250 -999.250 -999.250 -999.250 -999.250 -999.250 -999.250 -999.250 -999.250 -999.250
310.516 308.167 348.900 364.368 371.977 384.822 398.938 401.139 421.496 456.721 429.969 448.197 443.889 467.258 477.486 458.978 447.548 478.325 465.266 478.543 464.466 454.814 450.542 442.471 440.527 468.279 485.061 461.540 439.065 442.095 423.085 410.677 381.529 332.449 341.800 304.818 286.338 267.782 262.585 249.092 238.291 238.429 228.836 212.583 237.977 250.012 279.636 269.214 -999.250 -999.250 -999.250 -999.250 -999.250 -999.250 -999.250 -999.250 -999.250 -999.250 -999.250 -999.250 -999.250 -999.250 -999.250 -999.250
