data/medianmodel_06-Dec-2020.asc
ncols	141
nrows	288
xllcorner	-120191.398
yllcorner	-301404.813
cellsize	2000.000
NODATA_value	-999.250
[rows 58 to 86 of 288, columns 64 to 127 of 141]
725.549 694.747 643.245 598.255 532.238 543.279 588.469 630.073 710.135 784.571 808.112 926.241 990.444 1197.488 1340.404 1310.052 1079.085 788.498 542.594 379.299 254.878 211.723 195.236 194.169 214.827 212.020 203.101 196.411 195.324 197.434 202.188 208.448 230.869 255.097 287.928 317.967 330.120 377.146 478.572 546.402 650.323 738.312 743.141 776.037 801.875 894.099 984.642 1051.881 1163.913 1247.012 1284.065 1333.792 1371.243 -999.250 -999.250 -999.250 -999.250 -999.250 -999.250 -999.250 -999.250 -999.250 -999.250 -999.250
703.623 646.310 610.728 588.064 538.309 542.153 583.818 620.660 665.117 729.303 755.922 884.987 893.569 1095.200 1227.712 1138.575 921.113 726.961 520.925 379.222 276.446 212.819 189.971 178.440 172.902 193.629 187.865 176.636 181.851 186.721 185.898 200.410 220.275 235.874 279.510 297.161 360.768 401.886 495.926 570.934 658.240 721.539 705.766 828.494 845.681 969.110 981.004 1088.910 1146.977 1190.657 1276.245 1313.449 -999.250 -999.250 -999.250 -999.250 -999.250 -999.250 -999.250 -999.250 -999.250 -999.250 -999.250 -999.250
654.429 619.766 560.842 566.323 556.246 539.775 554.932 584.214 611.647 637.532 676.798 739.820 779.708 882.056 943.931 899.422 807.147 643.890 490.216 351.063 258.127 204.158 175.491 168.727 163.384 170.379 182.616 168.404 160.716 175.446 174.359 195.676 209.039 229.252 267.620 316.551 374.359 445.750 518.363 577.559 626.412 705.427 792.065 815.099 849.549 997.289 1049.078 1136.888 1113.040 1172.447 1190.945 1301.892 -999.250 -999.250 -999.250 -999.250 -999.250 -999.250 -999.250 -999.250 -999.250 -999.250 -999.250 -999.250
625.003 588.572 557.330 548.126 530.013 525.907 532.945 544.574 541.179 545.652 518.851 577.815 663.898 713.911 802.742 721.226 616.922 519.384 390.716 286.585 215.399 172.235 140.394 130.646 132.305 126.661 138.564 146.526 143.051 146.804 171.937 187.145 199.548 232.944 266.599 317.592 383.810 451.462 519.168 587.913 648.769 703.664 789.213 811.997 874.867 967.180 1055.302 1019.897 1068.310 1125.317 1141.088 -999.250 -999.250 -999.250 -999.250 -999.250 -999.250 -999.250 -999.250 -999.250 -999.250 -999.250 -999.250 -999.250
613.372 587.450 569.324 545.768 527.904 523.541 502.920 505.200 474.890 412.994 358.790 471.985 555.683 598.131 622.581 576.852 488.906 380.289 273.027 209.806 166.412 130.867 114.018 107.655 105.400 111.933 106.792 112.539 121.235 134.274 147.019 172.422 192.775 217.243 267.569 328.648 380.231 457.650 534.089 590.044 630.988 715.110 754.054 796.072 835.992 905.503 -999.250 -999.250 -999.250 -999.250 -999.250 -999.250 -999.250 -999.250 -999.250 -999.250 -999.250 -999.250 -999.250 -999.250 -999.250 -999.250 -999.250 -999.250
586.574 588.068 559.960 516.248 462.622 481.375 507.013 477.481 422.321 392.240 358.024 404.052 449.894 500.118 490.754 456.394 364.766 254.283 133.525 131.812 114.867 88.465 86.086 93.853 83.016 97.755 83.295 77.190 103.104 126.398 136.584 169.768 189.600 204.223 267.791 342.207 410.764 463.142 566.600 590.581 649.997 727.301 771.220 757.931 851.166 873.321 868.489 -999.250 -999.250 -999.250 -999.250 -999.250 -999.250 -999.250 -999.250 -999.250 -999.250 -999.250 -999.250 -999.250 -999.250 -999.250 -999.250 -999.250
542.278 542.583 533.142 508.506 483.948 477.047 441.090 399.121 392.116 366.508 365.294 362.949 403.304 402.206 404.589 353.724 283.484 209.256 136.781 111.495 87.165 74.444 73.970 73.157 77.973 74.533 79.583 77.062 95.745 111.559 128.968 145.879 177.713 196.207 255.791 334.959 408.318 484.224 542.159 596.825 672.231 701.168 782.912 746.306 831.100 813.262 842.035 864.585 -999.250 -999.250 -999.250 -999.250 -999.250 -999.250 -999.250 -999.250 -999.250 -999.250 -999.250 -999.250 -999.250 -999.250 -999.250 -999.250
530.209 507.860 489.743 489.959 438.083 436.666 438.879 391.815 385.086 370.904 373.451 363.885 375.065 357.313 338.541 283.183 240.743 178.477 134.092 102.946 79.653 70.804 66.809 62.554 67.766 70.092 76.548 84.143 88.570 108.675 133.472 157.400 185.791 229.546 281.414 349.891 423.280 484.907 540.102 592.416 627.566 702.238 734.199 788.390 818.251 826.732 851.723 888.840 -999.250 -999.250 -999.250 -999.250 -999.250 -999.250 -999.250 -999.250 -999.250 -999.250 -999.250 -999.250 -999.250 -999.250 -999.250 -999.250
484.302 487.248 469.910 481.132 440.566 420.698 412.200 398.487 384.472 382.974 366.889 353.834 359.455 340.863 305.847 261.711 205.986 172.669 135.028 105.084 81.680 72.447 60.106 59.161 59.530 64.956 71.168 81.883 99.914 119.054 142.044 170.611 211.508 263.735 352.008 414.021 481.269 507.962 556.927 608.184 667.632 710.992 765.909 821.561 824.263 840.422 826.961 824.578 841.035 -999.250 -999.250 -999.250 -999.250 -999.250 -999.250 -999.250 -999.250 -999.250 -999.250 -999.250 -999.250 -999.250 -999.250 -999.250
475.706 472.212 462.023 440.950 460.060 432.035 421.108 402.878 371.049 366.160 373.286 367.133 357.791 320.287 298.278 247.139 204.054 184.789 153.999 139.150 110.486 81.791 68.311 56.098 59.153 68.697 75.758 83.752 99.773 127.229 163.497 195.889 242.873 307.615 372.937 452.529 510.207 556.663 622.593 645.274 687.568 740.956 733.024 804.996 870.077 841.691 810.552 788.946 819.642 861.546 -999.250 -999.250 -999.250 -999.250 -999.250 -999.250 -999.250 -999.250 -999.250 -999.250 -999.250 -999.250 -999.250 -999.250
445.942 439.652 440.293 459.861 449.400 426.825 398.281 399.132 389.009 383.188 360.995 365.692 348.138 330.281 267.183 253.399 240.390 204.063 189.271 159.579 133.562 108.190 77.640 60.768 60.744 70.494 81.256 99.319 129.382 152.237 186.076 217.023 270.991 348.445 421.493 475.909 523.070 588.239 617.523 706.272 730.529 769.543 785.068 813.965 857.121 856.954 821.169 816.216 806.911 856.503 -999.250 -999.250 -999.250 -999.250 -999.250 -999.250 -999.250 -999.250 -999.250 -999.250 -999.250 -999.250 -999.250 -999.250
444.677 428.685 424.142 427.332 441.208 411.604 413.101 408.772 409.229 400.615 389.782 367.935 372.617 356.918 307.169 305.904 275.199 255.286 235.415 206.087 177.367 134.997 96.271 60.643 63.254 75.036 94.023 125.314 153.877 178.994 208.300 270.473 337.392 396.081 431.381 501.390 550.495 651.449 662.195 699.805 735.195 776.830 822.756 798.527 836.658 864.190 854.386 840.868 805.973 867.107 -999.250 -999.250 -999.250 -999.250 -999.250 -999.250 -999.250 -999.250 -999.250 -999.250 -999.250 -999.250 -999.250 -999.250
411.848 431.162 421.899 407.514 409.579 398.000 399.043 402.408 400.085 420.664 426.650 380.131 383.175 373.331 364.260 345.814 324.058 296.526 274.827 257.852 215.797 180.678 126.167 55.597 86.385 107.009 124.685 160.098 184.838 208.179 228.578 303.769 381.539 415.474 479.949 541.222 615.237 690.569 690.138 677.830 696.291 775.646 796.630 794.667 817.462 874.058 846.340 861.396 867.096 860.337 915.467 796.478 -999.250 -999.250 -999.250 -999.250 -999.250 -999.250 -999.250 -999.250 -999.250 -999.250 -999.250 -999.250
393.882 377.852 392.019 407.322 412.036 403.239 433.776 428.192 445.868 433.166 418.384 403.579 405.377 399.349 398.822 376.729 362.461 359.877 333.395 322.747 283.280 227.526 198.660 155.594 145.738 158.411 163.081 182.834 206.470 236.869 297.920 365.057 409.353 450.510 527.254 589.129 673.889 712.112 741.074 730.434 796.045 785.687 805.325 817.688 857.797 854.027 829.861 827.720 805.512 833.638 857.856 776.861 -999.250 -999.250 -999.250 -999.250 -999.250 -999.250 -999.250 -999.250 -999.250 -999.250 -999.250 -999.250
359.112 361.947 358.074 390.800 415.033 431.731 414.540 435.407 449.277 435.213 416.807 432.517 411.472 424.337 429.059 417.788 409.958 401.929 391.494 369.104 350.572 339.570 301.881 259.053 227.388 222.591 208.421 219.647 236.199 269.318 335.927 381.836 447.677 503.408 557.775 661.685 720.073 767.473 782.516 806.958 866.323 855.720 816.496 838.179 796.291 840.105 793.219 815.411 811.352 778.211 746.208 -999.250 -999.250 -999.250 -999.250 -999.250 -999.250 -999.250 -999.250 -999.250 -999.250 -999.250 -999.250 -999.250
346.501 367.051 383.794 367.559 403.091 411.564 423.773 437.130 414.371 442.119 439.116 415.954 417.143 428.957 420.505 465.914 429.893 411.898 437.358 435.618 441.121 431.992 400.225 365.795 323.247 281.164 259.839 252.748 272.319 309.824 361.791 407.550 497.551 526.071 616.308 660.486 726.317 792.181 817.834 850.337 911.770 939.178 901.486 845.976 826.852 800.535 796.257 779.350 743.849 775.389 762.899 -999.250 -999.250 -999.250 -999.250 -999.250 -999.250 -999.250 -999.250 -999.250 -999.250 -999.250 -999.250 -999.250
329.098 314.083 358.218 379.748 385.701 401.553 402.078 411.770 427.669 426.513 427.507 424.131 413.034 420.615 451.313 462.093 464.605 471.422 491.387 497.379 521.656 522.924 468.502 430.063 386.259 352.739 318.389 280.252 282.148 342.798 385.778 418.738 499.714 558.809 652.224 712.858 761.972 806.423 831.490 870.023 948.845 898.858 853.134 816.536 831.738 787.813 756.423 777.831 742.830 730.063 706.106 -999.250 -999.250 -999.250 -999.250 -999.250 -999.250 -999.250 -999.250 -999.250 -999.250 -999.250 -999.250 -999.250
302.678 318.233 354.444 372.794 384.474 409.425 404.575 401.358 427.456 432.395 425.576 448.012 431.467 419.709 446.868 469.733 479.211 483.510 522.536 531.436 559.639 574.667 532.707 504.996 471.372 404.421 340.165 313.704 281.690 339.705 389.446 442.847 537.667 595.757 650.248 693.372 762.309 797.703 842.775 900.771 975.209 953.605 925.052 843.147 782.399 771.644 766.081 720.082 713.531 725.720 705.722 -999.250 -999.250 -999.250 -999.250 -999.250 -999.250 -999.250 -999.250 -999.250 -999.250 -999.250 -999.250 -999.250
284.846 337.998 355.870 375.908 377.829 416.558 427.777 406.592 418.942 421.406 427.172 425.072 415.376 422.201 429.273 471.813 499.941 514.477 533.981 561.474 623.356 666.380 591.534 525.861 495.342 453.510 393.108 365.618 364.521 395.047 422.512 486.166 546.858 598.528 625.816 720.168 788.555 788.230 878.517 861.194 881.390 857.005 899.132 833.423 741.518 760.740 713.488 692.663 684.126 668.750 622.458 -999.250 -999.250 -999.250 -999.250 -999.250 -999.250 -999.250 -999.250 -999.250 -999.250 -999.250 -999.250 -999.250
289.459 338.806 375.519 387.181 383.648 422.484 438.874 401.711 412.523 427.251 435.161 408.275 418.059 397.237 434.807 450.946 502.870 534.665 532.615 570.882 635.138 628.087 592.670 531.838 510.660 492.045 425.769 410.871 408.079 421.849 463.128 500.364 546.582 598.758 655.456 721.043 745.093 823.619 812.074 880.985 846.812 823.722 836.606 777.093 727.695 722.830 710.057 706.765 656.756 597.351 576.907 -999.250 -999.250 -999.250 -999.250 -999.250 -999.250 -999.250 -999.250 -999.250 -999.250 -999.250 -999.250 -999.250
313.158 346.459 380.129 366.921 430.469 429.348 413.639 401.774 415.860 429.264 428.083 415.284 414.016 425.735 454.965 467.235 507.631 510.119 528.561 551.175 598.378 578.314 550.660 515.894 493.192 482.102 461.193 454.441 452.880 481.899 491.252 504.393 576.768 592.650 647.843 695.250 768.299 819.215 835.284 827.852 844.158 824.967 796.460 748.626 696.543 700.310 674.004 632.230 614.558 573.975 565.395 -999.250 -999.250 -999.250 -999.250 -999.250 -999.250 -999.250 -999.250 -999.250 -999.250 -999.250 -999.250 -999.250
297.335 335.957 361.710 404.517 411.397 437.502 418.519 419.838 423.835 406.687 404.135 428.132 419.850 431.235 443.377 461.258 472.813 494.497 503.849 523.151 530.217 522.791 511.504 498.227 484.189 445.170 441.625 451.294 460.176 466.589 493.516 536.878 571.277 614.717 643.478 705.195 756.081 826.396 785.947 827.218 784.267 765.166 717.298 738.399 694.915 665.829 655.759 576.206 550.787 538.101 508.217 -999.250 -999.250 -999.250 -999.250 -999.250 -999.250 -999.250 -999.250 -999.250 -999.250 -999.250 -999.250 -999.250
308.004 344.295 376.829 399.805 426.520 424.824 440.867 425.214 423.547 421.603 411.225 402.462 390.246 414.685 413.752 422.588 439.588 450.575 475.825 478.173 457.458 456.368 454.161 416.692 436.659 438.305 425.753 431.812 446.576 444.481 494.007 543.248 577.872 622.759 681.369 677.659 747.817 767.793 773.620 758.636 738.776 729.768 717.582 717.691 675.588 644.144 599.754 572.246 497.803 471.367 441.554 428.639 -999.250 -999.250 -999.250 -999.250 -999.250 -999.250 -999.250 -999.250 -999.250 -999.250 -999.250 -999.250
314.020 358.937 370.977 405.010 410.057 429.769 414.977 417.167 424.305 413.887 399.876 365.657 375.969 383.941 393.535 400.789 401.479 419.822 408.864 394.214 411.168 394.040 395.613 404.260 403.250 385.717 390.531 412.803 432.876 471.242 488.072 544.178 606.249 616.606 661.867 704.674 772.672 739.606 775.437 731.974 707.032 693.749 706.286 682.169 637.812 572.504 530.293 492.753 431.754 406.714 368.815 385.085 -999.250 -999.250 -999.250 -999.250 -999.250 -999.250 -999.250 -999.250 -999.250 -999.250 -999.250 -999.250
318.946 353.336 391.566 404.847 404.608 413.372 401.196 407.105 416.629 403.305 376.820 343.121 351.156 374.595 366.880 362.333 366.237 373.060 360.245 344.101 345.159 333.921 359.096 355.833 372.202 356.460 375.742 406.120 426.476 457.839 535.105 556.156 616.899 645.606 679.748 696.350 731.041 740.352 751.738 683.072 680.127 667.325 672.117 584.233 570.462 538.896 504.911 439.087 390.296 368.149 326.244 294.570 -999.250 -999.250 -999.250 -999.250 -999.250 -999.250 -999.250 -999.250 -999.250 -999.250 -999.250 -999.250
352.598 343.526 371.933 403.959 389.772 414.737 395.365 397.571 386.154 385.063 353.664 346.967 317.730 309.430 344.470 348.332 355.406 337.688 312.691 291.673 264.895 266.516 279.045 299.179 333.469 340.218 368.218 397.389 429.773 463.721 520.044 527.227 599.983 649.655 691.140 710.128 758.572 693.327 690.211 659.717 633.415 653.498 590.459 534.000 524.249 483.111 442.342 391.448 347.908 286.776 251.064 243.279 -999.250 -999.250 -999.250 -999.250 -999.250 -999.250 -999.250 -999.250 -999.250 -999.250 -999.250 -999.250
375.006 373.352 372.775 385.725 395.990 418.092 393.678 385.404 375.769 364.889 338.094 289.097 259.755 262.487 306.567 312.092 335.518 312.727 289.533 237.516 198.763 233.838 270.262 305.017 326.064 330.715 331.986 407.565 434.649 475.067 514.689 535.746 595.447 637.638 699.301 705.312 736.066 669.664 683.200 682.024 608.586 605.555 544.202 537.702 488.588 442.942 401.723 361.795 304.955 244.320 188.679 -999.250 -999.250 -999.250 -999.250 -999.250 -999.250 -999.250 -999.250 -999.250 -999.250 -999.250 -999.250 -999.250
339.419 379.909 388.856 369.569 390.049 401.526 395.973 388.004 390.930 346.322 320.043 268.100 183.685 242.633 293.583 317.778 322.687 306.464 293.902 260.410 246.813 247.481 274.828 288.891 329.447 344.190 362.992 404.892 431.266 470.009 514.135 560.586 591.496 668.996 684.885 680.127 665.128 656.949 663.574 615.679 609.354 570.055 534.299 483.404 477.119 419.534 387.556 322.988 280.309 234.342 198.869 -999.250 -999.250 -999.250 -999.250 -999.250 -999.250 -999.250 -999.250 -999.250 -999.250 -999.250 -999.250 -999.250
339.311 367.846 398.288 400.495 403.957 397.812 389.127 406.702 390.692 364.356 330.625 284.534 246.135 268.223 308.480 338.732 332.492 342.892 312.658 318.003 284.187 284.822 292.409 337.407 357.576 368.512 387.665 419.803 443.711 483.268 519.347 549.331 642.959 627.241 656.024 699.590 670.340 659.171 623.065 613.452 607.044 557.250 495.447 450.536 429.332 424.733 369.347 334.716 266.184 232.529 -999.250 -999.250 -999.250 -999.250 -999.250 -999.250 -999.250 -999.250 -999.250 -999.250 -999.250 -999.250 -999.250 -999.250
