data/medianmodel_16-Feb-2021.asc
ncols	141
nrows	288
xllcorner	-120191.398
yllcorner	-301404.813
cellsize	2000.000
NODATA_value	-999.250
[rows 174 to 202 of 288, columns 0 to 64 of 141]
-999.250 -999.250 -999.250 -999.250 699.168 713.495 708.418 705.129 718.361 702.498 697.438 689.503 671.992 638.409 617.877 604.916 574.287 541.425 491.400 454.192 492.508 519.730 581.584 591.605 585.239 563.846 563.808 538.297 521.590 512.564 525.174 515.271 519.927 528.275 551.102 516.793 523.103 505.428 473.375 465.090 463.795 469.339 470.745 473.518 450.111 404.378 406.440 358.962 326.750 292.394 284.406 275.421 246.401 240.892 222.190 187.094 180.681 169.562 163.713 158.429 163.350 170.879 189.544 211.713 224.423
-999.250 -999.250 -999.250 -999.250 749.315 750.500 764.711 755.663 738.446 728.585 713.053 688.742 692.822 661.604 626.958 617.024 580.448 551.403 497.425 485.916 516.522 530.799 580.195 598.771 606.499 581.955 589.434 589.184 568.220 567.468 549.254 543.744 519.682 519.838 531.212 525.256 507.618 501.380 488.735 482.879 481.504 483.699 473.625 479.725 467.838 431.962 407.401 356.865 333.563 280.756 277.254 272.672 256.831 228.727 212.349 192.367 182.675 171.525 166.035 177.675 180.490 188.436 209.643 241.250 261.564
-999.250 -999.250 -999.250 -999.250 734.954 752.198 787.167 799.378 758.366 771.119 734.148 724.005 671.362 650.118 638.917 591.576 577.552 561.781 543.727 542.617 554.086 584.204 597.288 632.113 638.177 616.315 575.390 613.204 594.690 567.839 584.565 552.641 540.088 541.232 521.688 502.966 510.427 495.790 504.875 485.952 498.467 481.237 482.061 492.244 468.499 437.499 402.795 365.723 349.459 299.195 281.057 268.722 251.291 236.240 228.480 211.247 194.526 169.164 180.724 192.037 213.803 223.271 253.888 262.269 280.846
-999.250 -999.250 -999.250 -999.250 734.347 774.004 781.910 794.367 776.758 754.525 748.786 733.964 716.318 685.411 640.727 618.940 592.676 595.225 590.868 601.330 629.818 624.972 622.184 622.577 657.741 622.175 620.042 621.644 606.277 619.407 579.833 563.834 561.242 524.759 524.338 500.290 502.473 499.729 497.260 480.747 501.231 487.093 480.533 459.534 452.420 430.264 389.137 366.495 346.986 314.895 292.703 280.291 261.691 257.356 239.460 222.369 218.810 197.093 199.990 215.869 243.069 257.357 280.584 296.677 328.273
-999.250 -999.250 -999.250 -999.250 765.217 766.847 739.377 772.145 774.083 740.599 760.179 720.650 654.861 679.512 636.491 627.690 618.326 608.701 629.703 674.483 689.757 682.434 655.748 671.312 670.767 649.593 638.035 622.960 635.398 615.396 590.918 553.905 527.449 524.926 526.721 516.794 505.785 488.288 504.944 493.403 493.212 478.695 477.065 459.569 444.797 423.046 386.163 354.994 340.156 311.451 296.420 275.687 269.747 269.990 268.959 242.340 242.089 246.629 234.970 243.873 256.777 270.627 306.459 334.882 374.808
-999.250 -999.250 -999.250 764.211 781.873 766.918 767.832 749.712 756.030 798.026 767.326 730.282 713.270 698.654 678.861 645.478 638.558 645.476 658.094 703.089 752.341 723.428 684.141 702.751 692.329 658.910 643.146 632.397 615.871 596.851 580.051 566.877 552.276 540.286 529.795 515.199 516.794 511.489 502.555 496.806 495.957 494.482 469.530 445.513 423.467 408.532 399.639 359.278 342.493 317.990 303.187 281.192 271.944 280.218 264.877 254.383 254.805 262.202 271.529 272.758 286.571 312.213 365.980 386.358 435.275
-999.250 -999.250 -999.250 760.222 744.649 771.624 759.224 757.885 771.305 790.198 768.462 744.551 721.229 712.494 686.957 663.872 650.840 664.427 679.143 713.753 745.980 711.623 690.349 695.045 689.287 656.532 632.574 626.746 612.389 589.859 554.985 534.550 552.834 543.801 522.675 507.203 486.704 495.081 514.026 491.526 492.844 477.004 478.656 448.331 435.737 426.296 409.271 366.008 324.075 328.907 314.459 273.435 274.111 275.832 271.663 274.075 272.298 274.687 297.836 317.214 340.147 342.926 395.099 436.490 459.521
-999.250 -999.250 -999.250 743.544 751.692 743.845 750.022 753.569 778.853 782.747 790.429 735.412 723.750 730.624 701.759 681.369 677.266 686.231 717.938 717.642 738.389 732.196 692.296 678.220 645.732 654.513 620.861 602.496 583.360 560.198 566.088 540.772 526.508 538.229 530.016 509.437 510.215 500.761 505.640 483.045 480.064 473.809 454.344 431.072 416.488 390.555 395.949 366.387 337.083 321.484 297.268 286.265 276.237 271.966 282.854 290.042 297.804 315.090 334.781 359.565 371.187 391.451 430.964 486.977 513.712
-999.250 -999.250 697.392 733.457 736.242 748.038 763.279 757.609 776.882 790.245 806.269 765.762 761.731 758.498 722.262 714.974 706.940 702.781 701.163 711.334 675.683 712.422 695.739 631.780 640.004 603.693 610.310 594.391 586.373 556.950 544.985 542.489 525.933 525.022 528.569 501.675 501.740 488.532 494.185 508.062 485.010 455.405 446.011 409.012 397.146 366.513 344.138 341.589 329.209 309.935 299.246 290.565 283.947 284.375 294.321 299.109 319.036 351.607 369.792 405.221 434.564 460.620 482.625 508.916 562.890
-999.250 -999.250 675.399 704.161 735.466 721.617 748.980 755.135 769.321 801.408 811.709 820.989 775.913 778.744 733.700 724.371 689.367 691.403 724.508 705.051 -999.250 666.648 666.020 633.966 622.660 588.222 592.302 561.202 577.796 562.055 555.088 537.038 526.869 516.114 523.177 491.412 489.219 499.517 497.838 488.332 473.635 455.292 446.067 432.650 393.321 367.500 337.402 328.702 312.149 312.570 275.887 272.082 275.981 288.857 304.032 302.453 315.155 352.378 391.750 418.511 468.762 490.528 518.271 573.376 610.007
-999.250 756.408 750.854 723.855 732.666 769.892 745.615 779.811 787.743 805.759 823.965 806.528 802.061 785.120 781.345 746.595 694.006 697.678 701.171 -999.250 -999.250 646.132 643.789 628.449 603.381 591.722 567.274 543.265 564.210 549.989 544.087 516.515 526.201 505.797 503.405 504.822 475.527 474.646 487.814 472.573 451.164 443.168 411.569 415.513 387.925 365.010 334.220 324.125 302.194 311.440 284.807 265.717 269.378 271.740 285.657 299.591 323.002 344.715 397.281 424.352 491.078 532.348 584.762 640.848 658.065
-999.250 717.455 757.127 723.433 737.585 744.472 770.060 775.308 802.023 813.976 808.185 807.099 815.099 811.400 839.443 762.908 721.530 715.549 -999.250 -999.250 -999.250 -999.250 615.609 598.006 583.251 594.409 580.360 564.495 552.531 555.839 544.307 529.753 512.741 505.964 520.482 520.016 488.055 492.657 481.217 470.651 455.505 425.490 398.928 395.124 383.373 358.863 349.643 311.568 312.826 283.162 278.618 259.874 267.319 270.081 277.389 296.347 319.317 341.637 377.748 426.424 478.264 528.617 617.369 660.240 707.023
694.450 706.632 716.274 714.054 730.290 731.529 746.492 738.008 752.385 827.282 795.481 806.287 793.016 792.198 789.728 767.076 738.595 704.460 -999.250 -999.250 -999.250 -999.250 -999.250 616.586 592.379 596.538 575.923 536.187 550.757 534.683 550.310 519.105 515.584 516.293 497.257 507.884 492.963 499.395 479.498 462.610 464.567 431.341 410.176 382.780 360.301 338.715 339.059 317.698 291.720 275.022 277.965 266.290 257.922 257.454 268.265 275.734 314.952 326.523 379.140 447.070 493.146 526.635 633.716 710.596 779.220
-999.250 704.036 681.015 706.137 721.118 722.109 717.035 737.489 763.810 764.725 784.622 791.600 747.939 742.651 761.050 749.902 722.835 690.703 -999.250 -999.250 -999.250 -999.250 583.180 584.549 584.625 599.976 571.804 537.442 538.809 550.477 522.197 532.560 512.959 521.827 513.895 504.666 517.617 506.513 498.886 468.642 482.563 462.038 412.768 388.964 373.307 350.465 340.685 289.710 280.880 270.093 264.329 246.162 243.729 241.073 239.027 265.890 298.847 352.329 392.263 446.260 489.828 522.290 610.064 705.973 806.653
-999.250 667.194 656.044 702.810 700.859 719.389 716.660 710.906 727.882 744.145 733.635 724.736 747.591 740.920 718.834 716.956 696.205 663.302 -999.250 -999.250 -999.250 622.109 -999.250 568.011 601.796 589.874 539.046 542.442 525.761 536.659 531.859 539.364 540.417 565.832 522.294 512.263 526.227 515.392 500.496 506.736 468.838 460.109 429.914 410.986 358.547 344.302 331.044 318.966 286.544 273.252 260.653 238.884 235.099 226.197 222.826 252.937 284.676 335.564 389.569 422.606 489.177 530.107 621.841 684.753 743.105
-999.250 656.444 647.802 669.503 697.792 695.753 722.488 711.188 705.648 731.083 733.823 709.497 725.708 731.981 718.145 708.604 688.037 -999.250 -999.250 -999.250 -999.250 597.679 578.776 585.188 594.555 601.376 590.269 541.025 549.544 526.734 547.324 550.827 545.229 575.170 545.168 546.555 526.069 506.086 510.688 491.531 479.524 462.149 436.147 385.834 368.819 333.472 317.945 312.329 288.397 252.154 247.758 234.513 215.790 210.229 213.982 236.835 262.568 304.912 351.684 394.906 465.695 518.389 579.298 662.290 684.189
-999.250 651.311 654.873 648.852 673.562 694.285 701.341 705.843 720.474 707.625 723.111 716.991 704.152 705.044 681.665 693.370 696.999 -999.250 -999.250 -999.250 635.953 619.387 588.399 589.351 623.284 621.361 612.885 591.240 566.028 572.716 592.682 600.085 594.783 595.030 573.680 573.618 556.416 522.931 496.868 485.113 472.833 456.028 440.286 398.335 361.443 343.523 332.745 316.125 287.445 265.219 235.793 213.148 191.696 192.489 184.693 217.522 237.095 271.074 307.285 347.135 410.474 493.616 529.256 608.221 610.539
-999.250 -999.250 -999.250 633.657 -999.250 -999.250 703.856 680.885 693.343 -999.250 -999.250 -999.250 709.286 703.924 -999.250 -999.250 -999.250 -999.250 -999.250 -999.250 675.392 644.459 618.331 636.110 613.105 631.800 634.004 635.666 610.999 631.358 617.837 617.499 617.136 614.757 608.463 605.724 566.722 543.793 527.180 511.231 485.734 460.174 438.815 395.520 361.497 345.664 340.324 304.738 270.362 256.111 223.816 217.602 195.816 184.390 191.798 186.604 201.423 238.936 275.580 332.192 380.924 449.206 501.089 549.491 537.142
-999.250 -999.250 -999.250 -999.250 -999.250 -999.250 -999.250 -999.250 -999.250 -999.250 -999.250 -999.250 -999.250 683.697 680.068 671.642 -999.250 -999.250 -999.250 716.918 709.431 704.682 690.349 692.752 690.473 703.799 681.951 686.801 657.935 661.885 656.828 663.718 653.174 609.665 589.907 622.340 567.054 553.205 516.657 515.744 505.706 443.246 431.025 405.197 367.060 364.283 342.745 308.613 273.715 251.707 210.523 187.481 186.189 186.140 172.890 168.111 176.003 197.356 237.765 305.100 358.437 412.007 429.075 475.375 506.310
-999.250 -999.250 -999.250 -999.250 -999.250 -999.250 -999.250 -999.250 -999.250 -999.250 -999.250 674.116 663.752 682.608 688.509 676.175 -999.250 -999.250 693.248 726.576 734.686 719.216 721.239 725.398 731.413 721.060 723.955 736.214 716.333 697.931 689.313 676.775 667.533 641.043 614.030 608.089 607.834 568.545 547.320 520.709 478.105 442.029 426.829 420.659 383.259 348.730 331.907 307.193 280.420 259.856 233.679 210.610 182.833 175.303 160.246 141.808 134.211 178.079 223.873 280.518 318.047 351.583 382.969 426.672 440.443
-999.250 -999.250 -999.250 -999.250 -999.250 -999.250 -999.250 -999.250 -999.250 -999.250 -999.250 661.183 676.838 655.685 662.565 667.827 635.730 645.152 699.801 733.256 753.135 751.471 750.637 767.442 771.866 783.425 815.323 784.886 775.867 740.638 715.636 696.620 690.843 656.590 621.828 636.906 581.977 551.230 531.474 507.434 469.613 437.850 430.139 399.432 378.124 359.014 351.789 312.366 275.588 258.676 246.678 221.560 192.716 177.271 167.560 161.269 152.651 177.785 198.688 233.319 274.121 310.277 350.064 373.474 387.998
-999.250 -999.250 -999.250 -999.250 -999.250 -999.250 -999.250 -999.250 -999.250 -999.250 -999.250 -999.250 651.273 648.963 667.262 660.373 647.980 693.490 712.066 733.162 755.541 744.430 777.166 785.440 784.355 813.318 837.122 811.187 753.491 783.938 761.622 732.867 703.079 678.523 666.216 644.675 627.657 595.863 529.245 519.573 477.878 456.208 444.792 403.002 391.648 385.238 359.979 325.108 283.624 273.667 241.373 220.145 196.046 183.475 190.557 167.653 169.476 170.942 183.592 204.194 251.198 274.086 298.585 342.779 342.425
-999.250 -999.250 -999.250 -999.250 -999.250 -999.250 -999.250 -999.250 -999.250 -999.250 -999.250 -999.250 -999.250 668.326 679.880 691.725 681.268 696.712 723.478 761.157 750.483 762.151 765.873 819.195 800.641 795.646 846.896 832.081 780.196 791.735 768.018 746.798 713.706 701.553 683.728 665.896 636.165 597.691 565.238 501.928 511.983 468.886 456.019 447.292 421.641 392.541 361.792 331.944 287.005 263.459 244.649 222.854 209.524 189.573 190.090 178.432 172.460 166.656 179.581 200.292 243.567 261.402 280.704 285.806 311.081
-999.250 -999.250 -999.250 -999.250 -999.250 -999.250 -999.250 -999.250 -999.250 -999.250 -999.250 -999.250 -999.250 673.702 682.485 702.044 706.479 715.453 733.294 758.740 759.809 765.581 785.982 793.513 802.282 832.430 847.014 857.084 839.116 839.489 817.868 760.435 734.621 715.487 709.440 718.949 684.905 653.126 622.304 527.686 510.736 480.384 471.109 445.995 427.286 395.550 365.443 323.287 286.712 271.736 245.090 235.228 211.797 202.257 188.170 176.405 177.592 179.257 182.317 191.359 221.180 241.261 257.332 257.818 266.225
-999.250 -999.250 -999.250 -999.250 -999.250 -999.250 -999.250 -999.250 -999.250 -999.250 -999.250 -999.250 -999.250 675.186 680.382 700.459 703.831 714.112 745.388 758.555 778.191 791.641 781.403 764.998 805.295 829.476 836.745 863.933 867.620 864.285 830.370 784.588 779.213 762.390 727.121 712.508 711.368 649.921 644.034 545.054 520.179 509.138 489.959 460.745 425.274 412.752 356.794 342.929 317.152 289.125 269.949 231.779 234.419 208.202 198.851 181.464 180.976 178.530 186.366 192.011 189.529 214.393 216.170 229.141 226.230
-999.250 -999.250 -999.250 -999.250 -999.250 -999.250 -999.250 -999.250 -999.250 -999.250 -999.250 -999.250 -999.250 -999.250 687.562 705.705 710.766 734.846 767.480 789.707 791.717 792.354 785.492 771.998 834.503 822.485 848.999 908.129 910.646 868.775 851.671 804.426 801.166 767.470 743.264 730.090 668.751 662.740 629.626 573.138 545.625 529.207 491.016 497.010 465.342 431.439 395.145 375.386 348.788 313.436 263.790 252.419 228.766 217.582 202.145 188.312 186.007 192.806 181.808 183.794 205.475 206.630 214.873 206.978 207.989
-999.250 -999.250 -999.250 -999.250 -999.250 -999.250 -999.250 -999.250 -999.250 -999.250 -999.250 -999.250 -999.250 -999.250 682.296 713.928 728.175 751.046 773.123 803.438 798.327 809.655 820.843 826.710 820.832 868.934 874.957 959.092 1052.760 921.411 866.714 830.445 808.314 779.975 773.488 723.072 698.509 676.682 613.773 608.785 578.599 567.857 542.240 530.712 507.379 460.945 437.426 382.434 353.578 317.511 305.959 281.686 251.779 237.364 219.115 213.888 204.605 194.381 200.359 186.973 182.680 197.449 192.284 198.982 195.277
-999.250 -999.250 -999.250 -999.250 -999.250 -999.250 -999.250 -999.250 -999.250 -999.250 -999.250 -999.250 -999.250 -999.250 643.356 698.535 718.930 760.605 756.981 762.579 776.097 795.235 816.146 848.751 834.351 900.754 926.673 952.555 950.824 896.653 878.245 815.145 808.728 759.804 733.724 775.730 719.798 692.100 688.380 635.667 616.652 608.994 588.723 587.828 514.319 482.713 449.646 434.794 376.174 333.959 338.233 284.215 267.308 239.348 228.400 215.924 218.495 192.463 194.386 176.775 192.415 185.246 186.522 178.996 183.671
-999.250 -999.250 -999.250 -999.250 -999.250 -999.250 -999.250 -999.250 -999.250 -999.250 -999.250 -999.250 -999.250 -999.250 639.395 677.839 734.721 725.776 741.169 749.319 786.141 821.258 856.542 821.529 821.069 -999.250 848.229 869.341 902.821 856.357 857.651 860.397 801.864 750.088 770.504 751.408 749.255 702.975 700.528 650.966 651.461 652.555 605.746 564.939 529.024 493.059 471.460 449.426 415.951 396.457 336.228 310.669 286.413 271.750 246.926 231.426 225.195 211.255 196.867 194.481 192.867 183.699 177.817 176.344 174.016
