data/medianmodel_03-Apr-2020.asc
ncols	141
nrows	288
xllcorner	-120191.398
yllcorner	-301404.813
cellsize	2000.000
NODATA_value	-999.250
[rows 120 to 149 of 288, columns 68 to 135 of 141]
16.629 13.782 12.100 14.839 13.635 10.436 12.291 12.718 6.031 8.704 11.506 10.323 13.613 14.635 15.052 14.028 14.680 16.295 13.466 16.626 16.307 13.683 12.182 15.508 16.346 18.601 16.446 14.602 14.120 13.908 14.045 14.811 10.756 12.644 14.036 11.967 13.410 13.857 14.659 16.661 10.755 14.402 13.436 14.201 11.969 -999.250 -999.250 -999.250 -999.250 -999.250 -999.250 -999.250 -999.250 -999.250 -999.250 -999.250 -999.250 -999.250 -999.250 -999.250 -999.250 -999.250 -999.250 -999.250 -999.250 -999.250 -999.250 -999.250
15.659 12.472 7.028 7.207 6.199 9.234 10.437 9.771 9.556 9.635 8.248 11.100 14.039 13.923 14.027 14.055 15.007 13.601 13.186 13.578 16.405 12.421 13.581 12.709 14.733 13.432 14.737 13.900 14.014 14.063 12.218 12.276 9.969 9.330 10.527 12.794 11.561 15.624 16.013 14.817 14.791 13.477 12.877 14.531 11.410 -999.250 -999.250 -999.250 -999.250 -999.250 -999.250 -999.250 -999.250 -999.250 -999.250 -999.250 -999.250 -999.250 -999.250 -999.250 -999.250 -999.250 -999.250 -999.250 -999.250 -999.250 -999.250 -999.250
12.811 7.037 0.000 3.787 6.656 7.004 9.269 6.200 7.298 9.970 10.497 12.692 14.781 11.671 14.707 13.247 12.718 14.129 15.779 15.819 14.708 14.831 14.233 15.134 15.841 13.864 13.430 11.844 11.352 13.191 9.335 6.922 4.843 6.400 9.560 11.334 11.674 11.988 13.933 13.640 13.596 11.539 13.349 13.502 10.496 -999.250 -999.250 -999.250 -999.250 -999.250 -999.250 -999.250 -999.250 -999.250 -999.250 -999.250 -999.250 -999.250 -999.250 -999.250 -999.250 -999.250 -999.250 -999.250 -999.250 -999.250 -999.250 -999.250
11.673 4.825 4.402 4.538 5.639 7.007 7.751 4.799 7.886 8.072 13.388 11.194 13.826 9.961 12.225 11.878 14.183 14.029 13.558 13.080 16.373 15.221 13.695 15.106 15.195 11.526 15.021 14.302 12.920 13.925 9.080 4.803 0.000 6.744 10.684 12.889 12.731 15.972 15.373 12.641 11.311 10.149 13.511 12.814 -999.250 -999.250 -999.250 -999.250 -999.250 -999.250 -999.250 -999.250 -999.250 -999.250 -999.250 -999.250 -999.250 -999.250 -999.250 -999.250 -999.250 -999.250 -999.250 -999.250 -999.250 -999.250 -999.250 -999.250
10.504 6.518 4.606 7.980 4.838 7.868 6.852 7.177 7.544 11.526 11.081 13.076 9.722 10.759 10.525 13.334 10.411 12.028 14.981 14.837 12.764 14.314 13.276 15.447 13.767 14.371 14.860 13.148 13.675 9.632 8.095 7.320 4.031 6.622 11.538 11.524 15.839 16.212 17.080 15.266 14.358 9.836 11.700 12.690 -999.250 -999.250 -999.250 -999.250 -999.250 -999.250 -999.250 -999.250 -999.250 -999.250 -999.250 -999.250 -999.250 -999.250 -999.250 -999.250 -999.250 -999.250 -999.250 -999.250 -999.250 -999.250 -999.250 -999.250
9.297 5.143 7.512 6.631 7.800 8.721 9.285 7.459 8.575 10.565 13.455 10.648 11.034 11.625 11.864 13.739 13.932 12.601 14.128 12.205 14.261 14.277 13.471 12.720 14.585 14.078 14.181 14.293 12.052 10.927 10.400 10.072 7.570 11.362 10.471 14.079 14.886 17.553 15.726 14.004 13.655 10.041 10.273 10.014 -999.250 -999.250 -999.250 -999.250 -999.250 -999.250 -999.250 -999.250 -999.250 -999.250 -999.250 -999.250 -999.250 -999.250 -999.250 -999.250 -999.250 -999.250 -999.250 -999.250 -999.250 -999.250 -999.250 -999.250
6.252 8.103 8.975 9.009 6.543 7.711 8.175 8.548 10.153 15.271 15.708 13.541 11.250 12.700 11.530 12.815 12.580 14.087 12.511 13.220 11.113 14.852 11.618 10.664 11.195 13.725 14.017 13.798 10.785 10.734 12.441 9.471 10.596 11.060 11.391 14.639 12.521 13.257 14.152 13.416 13.819 10.880 10.904 8.256 -999.250 -999.250 -999.250 -999.250 -999.250 -999.250 -999.250 -999.250 -999.250 -999.250 -999.250 -999.250 -999.250 -999.250 -999.250 -999.250 -999.250 -999.250 -999.250 -999.250 -999.250 -999.250 -999.250 -999.250
6.853 7.782 8.208 7.292 9.793 9.345 8.404 10.623 11.321 15.122 12.992 10.786 11.460 11.648 12.942 13.252 10.108 10.478 9.635 12.217 9.826 13.529 13.302 11.719 11.874 12.609 13.158 11.556 12.196 13.136 13.602 12.454 9.751 8.667 8.751 13.350 13.769 15.798 11.940 10.684 10.682 8.189 6.210 -999.250 -999.250 -999.250 -999.250 -999.250 -999.250 -999.250 -999.250 -999.250 -999.250 -999.250 -999.250 -999.250 -999.250 -999.250 -999.250 -999.250 -999.250 -999.250 -999.250 -999.250 -999.250 -999.250 -999.250 -999.250
4.412 7.751 9.086 8.871 10.913 12.383 10.277 11.558 11.240 10.325 12.032 12.966 9.177 11.588 10.771 11.017 8.858 12.819 9.956 8.298 3.847 10.108 14.148 13.443 12.972 10.348 12.796 10.977 12.289 11.501 12.806 11.401 10.862 10.139 9.848 11.537 9.347 13.598 12.215 11.584 11.809 9.456 -999.250 -999.250 -999.250 -999.250 -999.250 -999.250 -999.250 -999.250 -999.250 -999.250 -999.250 -999.250 -999.250 -999.250 -999.250 -999.250 -999.250 -999.250 -999.250 -999.250 -999.250 -999.250 -999.250 -999.250 -999.250 -999.250
4.405 8.421 9.906 10.287 9.114 11.721 11.473 10.195 12.520 11.043 13.136 11.345 10.023 12.018 11.707 10.104 9.981 12.080 8.248 7.820 10.693 13.746 14.031 17.252 14.681 13.159 13.213 14.633 15.081 15.879 11.982 13.792 12.662 13.450 15.288 15.024 11.721 11.728 10.327 12.900 13.160 -999.250 -999.250 -999.250 -999.250 -999.250 -999.250 -999.250 -999.250 -999.250 -999.250 -999.250 -999.250 -999.250 -999.250 -999.250 -999.250 -999.250 -999.250 -999.250 -999.250 -999.250 -999.250 -999.250 -999.250 -999.250 -999.250 -999.250
5.527 6.942 6.935 8.692 9.106 10.362 10.120 10.390 13.404 12.343 11.794 10.839 11.054 11.373 13.685 11.524 11.768 13.767 11.615 11.758 13.028 15.399 15.169 17.406 12.149 14.214 13.463 15.482 15.066 14.760 15.540 13.589 12.814 16.135 11.619 14.620 14.049 11.320 10.227 10.857 12.017 -999.250 -999.250 -999.250 -999.250 -999.250 -999.250 -999.250 -999.250 -999.250 -999.250 -999.250 -999.250 -999.250 -999.250 -999.250 -999.250 -999.250 -999.250 -999.250 -999.250 -999.250 -999.250 -999.250 -999.250 -999.250 -999.250 -999.250
5.989 7.034 7.770 8.301 5.817 9.824 9.137 12.858 12.817 13.078 11.442 10.063 11.480 11.418 12.707 13.787 13.667 12.890 13.157 12.177 11.719 13.904 16.094 17.699 16.197 13.064 9.330 13.187 12.872 13.850 13.928 13.692 12.574 12.641 13.256 12.881 13.947 12.252 12.500 11.833 9.438 -999.250 -999.250 -999.250 -999.250 -999.250 -999.250 -999.250 -999.250 -999.250 -999.250 -999.250 -999.250 -999.250 -999.250 -999.250 -999.250 -999.250 -999.250 -999.250 -999.250 -999.250 -999.250 -999.250 -999.250 -999.250 -999.250 -999.250
2.123 2.654 7.178 6.397 7.153 11.619 9.158 11.607 12.418 10.093 10.161 12.839 12.473 10.369 12.045 10.640 13.409 14.250 12.467 10.754 11.435 15.088 16.508 15.643 16.485 15.434 9.437 13.549 15.868 13.606 14.335 10.003 11.982 14.970 14.707 14.388 15.092 11.985 13.517 12.220 10.036 -999.250 -999.250 -999.250 -999.250 -999.250 -999.250 -999.250 -999.250 -999.250 -999.250 -999.250 -999.250 -999.250 -999.250 -999.250 -999.250 -999.250 -999.250 -999.250 -999.250 -999.250 -999.250 -999.250 -999.250 -999.250 -999.250 -999.250
2.374 0.000 5.939 5.661 9.201 11.001 10.031 11.662 13.177 10.682 10.452 8.083 9.047 11.358 11.464 10.410 11.432 13.335 10.990 13.109 14.303 15.691 15.023 15.629 16.329 16.459 12.919 12.688 16.505 14.671 11.236 12.418 14.892 10.650 14.009 15.511 11.658 14.478 15.416 15.483 -999.250 -999.250 -999.250 -999.250 -999.250 -999.250 -999.250 -999.250 -999.250 -999.250 -999.250 -999.250 -999.250 -999.250 -999.250 -999.250 -999.250 -999.250 -999.250 -999.250 -999.250 -999.250 -999.250 -999.250 -999.250 -999.250 -999.250 -999.250
3.448 5.315 6.436 10.059 13.123 10.673 10.628 13.282 13.073 11.458 8.351 3.888 6.584 11.574 9.900 10.961 11.460 14.123 12.953 15.234 16.343 18.466 16.289 13.730 16.944 14.518 13.455 13.957 14.678 15.427 11.987 14.949 13.631 13.273 17.358 16.464 13.842 17.406 14.951 14.463 -999.250 -999.250 -999.250 -999.250 -999.250 -999.250 -999.250 -999.250 -999.250 -999.250 -999.250 -999.250 -999.250 -999.250 -999.250 -999.250 -999.250 -999.250 -999.250 -999.250 -999.250 -999.250 -999.250 -999.250 -999.250 -999.250 -999.250 -999.250
5.931 7.946 9.704 13.650 10.495 10.866 13.074 11.785 11.407 9.006 7.781 1.505 5.789 6.579 8.782 12.048 10.697 13.597 13.774 14.715 15.725 16.821 16.191 15.611 16.901 13.862 12.238 13.359 14.439 14.483 15.379 13.116 12.888 15.048 16.067 15.031 15.916 16.849 13.689 9.671 -999.250 -999.250 -999.250 -999.250 -999.250 -999.250 -999.250 -999.250 -999.250 -999.250 -999.250 -999.250 -999.250 -999.250 -999.250 -999.250 -999.250 -999.250 -999.250 -999.250 -999.250 -999.250 -999.250 -999.250 -999.250 -999.250 -999.250 -999.250
9.727 12.449 12.572 11.818 12.327 11.481 11.913 12.401 13.512 10.867 5.692 0.000 2.691 7.425 7.864 9.333 12.190 14.548 12.440 13.451 13.523 16.381 15.020 14.534 13.791 10.730 12.014 13.283 15.076 15.162 16.649 15.652 15.396 14.901 14.172 14.702 15.991 17.002 14.441 12.199 -999.250 -999.250 -999.250 -999.250 -999.250 -999.250 -999.250 -999.250 -999.250 -999.250 -999.250 -999.250 -999.250 -999.250 -999.250 -999.250 -999.250 -999.250 -999.250 -999.250 -999.250 -999.250 -999.250 -999.250 -999.250 -999.250 -999.250 -999.250
12.013 10.291 12.434 12.437 7.777 10.944 11.159 12.701 13.009 12.218 6.028 3.723 5.657 9.997 8.749 10.700 13.836 9.426 13.031 13.041 14.234 15.366 14.376 17.865 13.306 13.052 13.325 14.916 13.354 12.159 14.844 14.252 12.008 12.558 15.295 16.373 16.298 14.045 12.418 -999.250 -999.250 -999.250 -999.250 -999.250 -999.250 -999.250 -999.250 -999.250 -999.250 -999.250 -999.250 -999.250 -999.250 -999.250 -999.250 -999.250 -999.250 -999.250 -999.250 -999.250 -999.250 -999.250 -999.250 -999.250 -999.250 -999.250 -999.250 -999.250
10.814 10.933 11.950 11.322 11.922 9.590 10.226 11.276 10.763 12.003 8.793 8.356 9.840 10.932 10.099 12.165 13.125 13.782 -999.250 -999.250 -999.250 -999.250 14.004 15.245 13.884 15.681 8.847 -999.250 -999.250 -999.250 -999.250 -999.250 -999.250 -999.250 -999.250 -999.250 -999.250 -999.250 -999.250 -999.250 -999.250 -999.250 -999.250 -999.250 -999.250 -999.250 -999.250 -999.250 -999.250 -999.250 -999.250 -999.250 -999.250 -999.250 -999.250 -999.250 -999.250 -999.250 -999.250 -999.250 -999.250 -999.250 -999.250 -999.250 -999.250 -999.250 -999.250 -999.250
9.798 10.413 11.465 10.439 9.091 9.319 9.578 10.131 11.619 13.719 11.769 11.840 8.020 10.179 11.089 12.972 13.344 12.760 -999.250 -999.250 -999.250 -999.250 -999.250 -999.250 -999.250 -999.250 -999.250 -999.250 -999.250 -999.250 -999.250 -999.250 -999.250 -999.250 -999.250 -999.250 -999.250 -999.250 -999.250 -999.250 -999.250 -999.250 -999.250 -999.250 -999.250 -999.250 -999.250 -999.250 -999.250 -999.250 -999.250 -999.250 -999.250 -999.250 -999.250 -999.250 -999.250 -999.250 -999.250 -999.250 -999.250 -999.250 -999.250 -999.250 -999.250 -999.250 -999.250 -999.250
10.935 9.988 10.080 13.015 12.934 10.143 12.074 10.576 13.370 8.917 10.471 12.173 11.189 11.782 12.720 9.767 8.844 10.682 -999.250 -999.250 -999.250 -999.250 -999.250 -999.250 -999.250 -999.250 -999.250 -999.250 -999.250 -999.250 -999.250 -999.250 -999.250 -999.250 -999.250 -999.250 -999.250 -999.250 -999.250 -999.250 -999.250 -999.250 -999.250 -999.250 -999.250 -999.250 -999.250 -999.250 -999.250 -999.250 -999.250 -999.250 -999.250 -999.250 -999.250 -999.250 -999.250 -999.250 -999.250 -999.250 -999.250 -999.250 -999.250 -999.250 -999.250 -999.250 -999.250 -999.250
9.860 11.073 12.032 10.211 11.264 12.609 13.464 9.295 9.889 10.576 11.638 13.031 12.730 11.268 11.272 10.085 9.123 10.932 11.537 -999.250 -999.250 -999.250 -999.250 -999.250 -999.250 -999.250 -999.250 -999.250 -999.250 -999.250 -999.250 -999.250 -999.250 -999.250 -999.250 -999.250 -999.250 -999.250 -999.250 -999.250 -999.250 -999.250 -999.250 -999.250 -999.250 -999.250 -999.250 -999.250 -999.250 -999.250 -999.250 -999.250 -999.250 -999.250 -999.250 -999.250 -999.250 -999.250 -999.250 -999.250 -999.250 -999.250 -999.250 -999.250 -999.250 -999.250 -999.250 -999.250
8.860 7.792 9.473 8.959 11.096 9.724 9.554 9.221 9.388 9.123 10.891 11.314 8.867 8.593 8.119 9.433 9.961 12.296 11.353 9.626 -999.250 -999.250 -999.250 -999.250 -999.250 -999.250 -999.250 -999.250 -999.250 -999.250 -999.250 -999.250 -999.250 -999.250 -999.250 -999.250 -999.250 -999.250 -999.250 -999.250 -999.250 -999.250 -999.250 -999.250 -999.250 -999.250 -999.250 -999.250 -999.250 -999.250 -999.250 -999.250 -999.250 -999.250 -999.250 -999.250 -999.250 -999.250 -999.250 -999.250 -999.250 -999.250 -999.250 -999.250 -999.250 -999.250 -999.250 -999.250
9.801 7.641 7.949 8.243 11.256 13.232 12.264 9.577 6.156 7.551 11.338 8.273 7.501 5.980 7.970 8.602 10.800 8.401 10.872 8.556 10.908 -999.250 -999.250 -999.250 -999.250 -999.250 -999.250 -999.250 -999.250 -999.250 -999.250 -999.250 -999.250 -999.250 -999.250 -999.250 -999.250 -999.250 -999.250 -999.250 -999.250 -999.250 -999.250 -999.250 -999.250 -999.250 -999.250 -999.250 -999.250 -999.250 -999.250 -999.250 -999.250 -999.250 -999.250 -999.250 -999.250 -999.250 -999.250 -999.250 -999.250 -999.250 -999.250 -999.250 -999.250 -999.250 -999.250 -999.250
9.799 8.799 10.516 9.787 9.670 14.229 10.334 13.274 7.063 7.697 8.149 6.999 5.190 4.256 8.121 5.923 8.870 7.472 9.613 9.396 10.743 -999.250 -999.250 -999.250 -999.250 -999.250 -999.250 -999.250 -999.250 -999.250 -999.250 -999.250 -999.250 -999.250 -999.250 -999.250 -999.250 -999.250 -999.250 -999.250 -999.250 -999.250 -999.250 -999.250 -999.250 -999.250 -999.250 -999.250 -999.250 -999.250 -999.250 -999.250 -999.250 -999.250 -999.250 -999.250 -999.250 -999.250 -999.250 -999.250 -999.250 -999.250 -999.250 -999.250 -999.250 -999.250 -999.250 -999.250
8.074 7.054 9.710 11.145 9.706 12.129 12.214 10.762 10.456 9.284 8.202 6.288 4.650 0.000 4.349 8.411 8.940 8.480 9.058 7.410 9.610 6.603 3.467 -999.250 -999.250 -999.250 -999.250 -999.250 -999.250 -999.250 -999.250 -999.250 -999.250 -999.250 -999.250 -999.250 -999.250 -999.250 -999.250 -999.250 -999.250 -999.250 -999.250 -999.250 -999.250 -999.250 -999.250 -999.250 -999.250 -999.250 -999.250 -999.250 -999.250 -999.250 -999.250 -999.250 -999.250 -999.250 -999.250 -999.250 -999.250 -999.250 -999.250 -999.250 -999.250 -999.250 -999.250 -999.250
7.980 7.778 7.201 7.947 11.055 10.746 11.002 9.690 11.013 11.232 11.248 9.448 6.002 2.562 6.331 7.681 9.378 6.967 9.916 7.097 6.132 5.351 3.006 4.326 -999.250 -999.250 -999.250 -999.250 -999.250 -999.250 -999.250 -999.250 -999.250 -999.250 -999.250 -999.250 -999.250 -999.250 -999.250 -999.250 -999.250 -999.250 -999.250 -999.250 -999.250 -999.250 -999.250 -999.250 -999.250 -999.250 -999.250 -999.250 -999.250 -999.250 -999.250 -999.250 -999.250 -999.250 -999.250 -999.250 -999.250 -999.250 -999.250 -999.250 -999.250 -999.250 -999.250 -999.250
3.811 3.656 7.183 9.813 10.212 10.492 7.175 7.570 11.327 11.022 12.275 8.061 7.312 6.062 6.382 8.363 8.430 7.471 6.118 10.584 7.548 3.758 1.239 3.092 -999.250 -999.250 -999.250 -999.250 -999.250 -999.250 -999.250 -999.250 -999.250 -999.250 -999.250 -999.250 -999.250 -999.250 -999.250 -999.250 -999.250 -999.250 -999.250 -999.250 -999.250 -999.250 -999.250 -999.250 -999.250 -999.250 -999.250 -999.250 -999.250 -999.250 -999.250 -999.250 -999.250 -999.250 -999.250 -999.250 -999.250 -999.250 -999.250 -999.250 -999.250 -999.250 -999.250 -999.250
4.097 0.000 5.149 10.834 11.082 12.682 11.252 8.971 12.359 11.351 10.223 8.421 10.145 9.818 10.757 8.265 10.651 9.330 9.672 10.881 9.121 3.056 0.000 3.775 1.803 0.076 0.935 -999.250 -999.250 -999.250 -999.250 -999.250 -999.250 -999.250 -999.250 -999.250 -999.250 -999.250 -999.250 -999.250 -999.250 -999.250 -999.250 -999.250 -999.250 -999.250 -999.250 -999.250 -999.250 -999.250 -999.250 -999.250 -999.250 -999.250 -999.250 -999.250 -999.250 -999.250 -999.250 -999.250 -999.250 -999.250 -999.250 -999.250 -999.250 -999.250 -999.250 -999.250
5.585 4.414 5.766 9.336 12.284 12.255 13.948 10.992 10.095 9.473 11.823 11.553 7.866 9.773 9.216 9.542 12.472 11.767 11.885 11.937 8.810 7.772 6.399 2.855 5.139 3.271 3.408 2.017 -999.250 -999.250 -999.250 -999.250 -999.250 -999.250 -999.250 -999.250 -999.250 -999.250 -999.250 -999.250 -999.250 -999.250 -999.250 -999.250 -999.250 -999.250 -999.250 -999.250 -999.250 -999.250 -999.250 -999.250 -999.250 -999.250 -999.250 -999.250 -999.250 -999.250 -999.250 -999.250 -999.250 -999.250 -999.250 -999.250 -999.250 -999.250 -999.250 -999.250
