data/medianmodel_30-Jun-2020.asc
ncols	141
nrows	288
xllcorner	-120191.398
yllcorner	-301404.813
cellsize	2000.000
NODATA_value	-999.250
[rows 155 to 185 of 288, columns 0 to 68 of 141]
-999.250 -999.250 -999.250 -999.250 -999.250 -999.250 -999.250 41.968 37.617 36.807 28.872 27.717 25.883 26.975 25.948 23.831 24.346 27.642 29.852 31.998 25.890 22.174 14.443 8.868 3.379 0.000 0.000 0.000 0.000 0.000 0.000 0.177 2.779 3.585 4.352 6.070 5.649 6.695 6.141 7.324 7.283 6.132 5.094 3.126 1.327 0.000 0.000 0.000 0.000 0.000 0.000 0.000 0.000 0.000 0.000 0.000 0.000 0.000 0.000 0.000 0.000 0.000 0.000 0.000 0.212 0.292 1.477 0.113 0.000
-999.250 -999.250 -999.250 -999.250 -999.250 -999.250 -999.250 38.440 34.323 31.465 31.092 26.417 25.283 28.727 27.388 25.556 29.270 27.742 29.627 30.524 24.091 18.430 15.152 9.587 4.359 0.000 0.000 0.000 0.000 0.000 0.043 0.530 3.693 4.109 6.347 7.320 7.194 7.364 7.474 7.881 6.486 5.821 4.426 3.549 0.474 0.000 0.000 0.000 0.000 0.000 0.000 0.000 0.000 0.000 0.000 0.000 0.000 0.000 0.000 0.000 0.000 0.000 0.000 0.000 1.294 2.720 3.167 2.060 1.827
-999.250 -999.250 -999.250 -999.250 -999.250 -999.250 -999.250 31.721 31.952 31.410 26.614 25.837 26.168 28.538 34.239 33.565 34.759 32.983 29.874 33.209 27.188 23.452 17.234 12.446 7.323 5.158 3.242 2.156 0.403 0.021 0.532 2.473 4.626 5.461 8.290 8.024 9.032 8.540 9.605 8.841 8.965 4.994 5.126 4.384 1.296 0.000 0.000 0.000 0.000 0.000 0.000 0.000 0.000 0.000 0.000 0.000 0.000 0.000 0.000 0.341 1.795 2.347 1.786 2.286 3.303 5.160 4.231 3.482 2.896
-999.250 -999.250 -999.250 -999.250 -999.250 -999.250 -999.250 30.333 29.927 25.033 24.754 24.936 28.677 33.443 37.710 42.575 39.372 38.451 36.115 38.734 33.746 23.741 18.643 14.122 11.349 9.580 6.455 4.293 2.175 2.935 3.737 4.518 4.109 7.490 10.862 12.120 11.982 11.428 10.015 10.216 9.805 7.841 5.809 4.806 1.069 0.000 0.000 0.000 0.000 0.000 0.000 0.000 0.000 0.000 0.000 0.000 0.000 0.000 0.000 0.203 1.583 2.470 2.723 4.769 6.082 7.447 5.843 4.607 3.180
-999.250 -999.250 -999.250 -999.250 -999.250 -999.250 -999.250 -999.250 26.709 25.453 24.373 23.779 29.006 35.920 42.831 48.426 48.955 43.359 42.996 40.855 37.145 30.707 24.573 18.989 14.758 13.243 10.055 9.056 6.322 6.003 7.401 7.865 8.372 10.165 11.312 16.674 17.325 14.621 12.176 11.254 10.935 9.790 6.889 4.207 0.991 0.000 0.000 0.000 0.000 0.000 0.000 0.000 0.000 0.000 0.000 0.000 0.000 0.000 0.000 1.624 1.340 3.806 4.289 6.372 9.767 11.394 9.519 5.774 3.524
-999.250 -999.250 -999.250 -999.250 -999.250 -999.250 -999.250 -999.250 22.894 27.074 22.777 24.457 28.791 36.159 45.317 55.741 52.416 48.641 49.833 45.710 42.810 38.369 28.970 24.964 22.433 19.009 16.348 11.963 9.705 9.238 10.326 9.327 9.990 10.916 14.512 21.633 26.082 18.014 12.003 9.829 10.055 14.166 6.853 3.638 0.230 0.000 0.000 0.000 0.000 0.000 0.000 0.000 0.000 0.000 0.000 0.000 0.000 0.000 0.000 0.912 2.407 4.648 6.582 8.789 12.890 20.008 11.265 5.817 2.395
-999.250 -999.250 -999.250 -999.250 -999.250 -999.250 -999.250 22.385 22.299 21.763 22.229 25.662 33.856 40.362 44.216 49.823 49.942 48.346 49.373 53.525 52.309 44.062 36.707 33.551 26.023 23.687 19.025 16.353 16.360 13.844 12.728 11.214 11.666 12.031 16.294 25.362 36.572 19.090 11.327 8.136 7.570 7.261 4.964 1.431 0.000 0.000 0.000 0.000 0.000 0.000 0.000 0.000 0.000 0.000 0.000 0.000 0.000 0.000 0.314 0.946 3.491 4.209 6.898 9.068 9.608 12.113 9.693 5.370 3.133
-999.250 -999.250 -999.250 -999.250 -999.250 -999.250 -999.250 26.842 24.325 23.458 21.303 26.738 31.855 35.513 42.122 42.733 47.447 50.802 55.059 58.318 65.823 55.370 49.099 37.971 36.231 33.746 26.759 24.456 20.776 19.665 15.817 14.394 12.544 11.165 14.365 16.599 18.140 11.876 6.367 4.100 2.611 2.941 0.917 0.000 0.000 0.000 0.000 0.000 0.000 0.000 0.000 0.000 0.000 0.000 0.000 0.000 0.000 0.462 0.547 2.214 2.823 3.005 6.304 6.394 7.861 8.813 6.758 3.353 0.821
-999.250 -999.250 -999.250 -999.250 -999.250 -999.250 -999.250 25.509 24.070 25.641 25.824 26.471 31.055 34.777 38.215 41.864 52.065 51.808 52.587 54.206 56.752 54.694 51.762 48.554 46.803 43.170 35.707 32.150 25.369 24.205 16.637 15.682 12.203 10.841 10.460 9.794 8.812 4.696 0.000 0.000 0.000 0.000 0.000 0.000 0.000 0.000 0.000 0.000 0.000 0.000 0.000 0.000 0.000 0.000 0.000 0.000 0.000 0.000 0.505 0.675 1.767 3.575 5.593 5.963 3.974 4.852 3.165 0.770 0.000
-999.250 -999.250 -999.250 -999.250 -999.250 -999.250 -999.250 24.654 24.198 24.766 28.851 31.745 31.294 35.408 42.543 47.576 48.916 46.497 53.476 58.359 58.696 59.276 54.740 53.762 48.380 45.670 40.546 35.444 33.136 28.402 21.505 18.371 13.985 10.857 8.467 6.232 3.612 0.000 0.000 0.000 0.000 0.000 0.000 0.000 0.000 0.000 0.000 0.000 0.000 0.000 0.000 0.000 0.000 0.000 0.000 0.000 0.000 0.212 0.227 1.268 2.934 3.065 3.016 3.058 2.440 2.392 1.446 0.727 0.000
-999.250 -999.250 -999.250 -999.250 -999.250 -999.250 25.807 24.643 26.972 27.956 31.228 38.506 31.194 35.867 44.646 46.070 53.835 53.118 53.376 58.823 58.576 61.318 56.190 57.065 52.999 53.814 50.984 46.449 39.200 32.429 24.652 25.165 14.781 10.573 6.678 1.997 0.000 0.000 0.000 0.000 0.000 0.000 0.000 0.000 0.000 0.000 0.000 0.000 0.000 0.000 0.000 0.000 0.000 0.000 0.000 0.000 0.000 0.000 2.608 1.112 1.657 2.951 1.698 3.303 0.637 0.000 0.000 0.000 0.000
-999.250 -999.250 -999.250 -999.250 -999.250 -999.250 22.518 23.979 26.158 29.911 30.618 36.655 34.761 42.647 48.164 48.396 55.266 57.608 60.189 58.726 57.772 63.996 61.434 57.918 57.947 58.017 58.158 55.403 47.672 35.303 25.721 18.720 13.612 8.814 4.398 0.000 0.000 0.000 0.000 0.000 0.000 0.000 0.000 0.000 0.000 0.000 0.000 0.000 0.000 0.000 0.000 0.000 0.000 0.000 0.000 0.000 0.000 0.000 0.000 0.000 1.413 2.009 3.474 0.232 0.000 0.000 0.000 0.000 0.000
-999.250 -999.250 -999.250 -999.250 -999.250 28.521 24.481 24.300 26.695 26.588 31.665 36.178 41.363 42.247 47.697 48.198 56.302 61.782 59.006 59.790 66.303 63.833 70.386 67.135 63.964 64.978 62.039 70.435 54.198 34.999 26.039 17.307 11.900 7.636 3.006 0.000 0.000 0.000 0.000 0.000 0.000 0.000 0.000 0.000 0.000 0.000 0.000 0.000 0.000 0.000 0.000 0.000 0.000 0.000 0.000 0.000 0.000 0.900 0.000 0.000 0.000 0.000 0.000 0.000 0.000 0.000 0.000 0.000 0.000
-999.250 -999.250 -999.250 -999.250 -999.250 25.931 24.598 24.835 27.404 26.873 32.702 45.842 44.923 46.219 49.429 55.612 63.026 62.578 62.269 61.386 69.493 70.989 73.608 71.005 65.879 63.585 63.128 58.868 48.307 35.026 23.169 15.432 11.681 7.489 2.993 0.000 0.000 0.000 0.000 0.000 0.000 0.000 0.000 0.000 0.000 0.000 0.000 0.000 0.000 0.000 0.000 0.000 0.000 0.000 0.000 0.000 0.000 0.000 0.000 0.000 0.000 0.000 0.000 0.000 0.000 0.000 0.000 0.000 0.000
-999.250 -999.250 -999.250 -999.250 28.813 24.482 24.451 24.611 26.802 28.703 31.877 38.958 44.406 47.915 51.628 52.820 60.006 57.678 59.449 66.446 68.382 74.487 82.670 76.915 66.038 66.891 55.525 54.382 43.209 35.043 21.432 15.588 11.710 7.540 3.379 0.000 0.000 0.000 0.000 0.000 0.000 0.000 0.000 0.000 0.000 0.000 0.000 0.000 0.000 0.000 0.000 0.000 0.000 0.000 0.000 0.000 0.000 0.000 0.000 0.000 0.000 0.000 0.000 0.000 0.000 0.000 0.000 0.000 0.000
-999.250 -999.250 -999.250 -999.250 31.440 28.432 27.167 22.396 25.081 25.622 32.780 37.324 48.338 55.683 61.208 60.544 57.625 56.660 55.671 61.852 64.686 74.107 90.802 76.831 67.659 58.885 55.749 52.931 38.760 33.352 23.651 15.445 11.779 7.539 2.514 0.000 0.000 0.000 0.000 0.000 0.000 0.000 0.000 0.000 0.000 0.000 0.000 0.000 0.000 0.000 0.000 0.000 0.000 0.000 0.000 0.000 0.000 0.000 0.000 0.000 0.000 0.000 0.000 0.000 0.000 0.000 0.000 0.000 0.000
-999.250 -999.250 -999.250 -999.250 31.975 26.034 25.420 23.944 25.316 28.034 31.528 38.213 46.791 53.276 59.344 61.912 61.993 59.382 56.291 54.580 58.339 67.513 76.428 71.441 62.711 56.367 53.418 45.017 38.995 30.088 19.063 14.151 12.732 8.730 5.111 1.661 0.000 0.000 0.000 0.000 0.000 0.000 0.000 0.000 0.000 0.000 0.000 0.000 0.000 0.000 0.000 0.000 0.000 0.000 0.000 0.000 0.000 0.000 0.000 0.000 0.000 0.000 0.000 0.000 0.000 0.000 0.000 0.000 0.000
-999.250 -999.250 -999.250 -999.250 30.436 26.659 24.998 24.769 29.920 34.312 37.076 42.926 53.411 55.545 63.596 69.157 77.768 67.768 53.796 51.668 54.067 58.178 64.278 66.180 57.976 59.657 43.576 38.126 33.121 24.695 19.483 15.039 11.967 7.939 6.359 4.696 0.000 0.000 0.000 0.000 0.000 0.000 0.000 0.000 0.000 0.000 0.000 0.000 0.000 0.000 0.000 0.000 0.000 0.000 0.000 0.000 0.000 0.000 0.000 0.000 0.000 0.000 0.000 0.000 0.000 0.000 0.000 0.000 0.000
-999.250 -999.250 -999.250 -999.250 34.103 32.836 28.878 34.035 34.400 38.461 41.332 47.356 52.296 59.933 71.099 73.576 93.888 66.887 47.433 38.441 37.729 51.409 57.430 60.398 53.484 56.291 46.262 39.129 32.130 24.798 19.974 16.475 10.930 7.417 5.388 2.066 0.000 0.000 0.000 0.000 0.000 0.000 0.000 0.000 0.000 0.000 0.000 0.000 0.000 0.000 0.000 0.000 0.000 0.000 0.000 0.000 0.000 0.000 0.000 0.000 0.000 0.000 0.000 0.000 0.000 0.000 0.000 0.000 0.000
-999.250 -999.250 -999.250 -999.250 38.622 38.973 40.531 39.626 43.691 41.029 51.418 54.400 60.932 69.965 73.284 74.867 71.882 56.452 37.602 25.954 32.917 45.090 48.864 52.110 49.783 48.279 43.152 34.660 36.299 25.038 18.809 16.454 11.612 9.282 4.765 0.385 0.000 0.000 0.000 0.000 0.000 0.000 2.332 1.439 1.387 0.000 0.000 0.000 0.000 0.000 0.000 0.000 0.000 0.000 0.000 0.000 0.000 0.000 0.000 0.000 0.000 0.000 0.000 0.000 0.000 0.000 0.000 0.000 0.000
-999.250 -999.250 -999.250 -999.250 44.900 51.148 47.927 52.965 53.181 50.884 55.903 62.489 65.625 70.902 71.267 67.731 61.166 50.512 38.989 34.099 34.555 42.286 49.842 50.505 49.845 46.524 44.912 40.383 31.000 26.988 23.946 16.263 11.771 10.291 5.367 1.685 0.000 0.000 0.000 0.000 0.000 1.205 3.983 4.862 4.589 1.972 0.000 0.000 0.000 0.000 0.000 0.000 0.000 0.000 0.000 0.000 0.000 0.000 0.000 0.000 0.000 0.000 0.000 0.000 0.000 0.000 0.000 0.000 0.000
-999.250 -999.250 -999.250 -999.250 49.641 57.844 59.962 67.204 61.464 61.404 62.124 67.203 69.369 73.971 75.575 68.472 59.535 55.040 52.993 50.375 47.650 60.275 58.388 60.393 56.321 51.853 41.281 40.734 33.210 28.102 22.336 19.079 13.399 11.065 6.487 3.725 1.952 0.984 0.000 0.000 0.090 2.946 6.228 11.447 5.105 2.100 0.887 0.413 0.000 0.000 0.000 0.000 0.000 0.000 0.000 0.000 0.000 0.000 0.000 0.000 0.000 0.000 0.000 0.000 0.000 0.000 0.000 0.000 0.000
-999.250 -999.250 -999.250 -999.250 64.299 63.345 67.473 68.577 69.877 74.077 73.487 74.991 73.010 87.799 81.984 86.740 70.667 67.603 66.286 63.834 72.346 72.315 67.768 65.029 56.342 50.808 47.380 37.869 33.899 27.356 22.243 19.125 15.208 13.346 8.256 7.112 4.398 0.666 0.253 0.545 0.979 2.825 5.447 7.120 5.744 2.726 0.644 0.862 0.000 0.000 0.000 0.000 0.000 0.000 0.000 0.000 0.000 0.000 0.000 0.000 0.000 0.000 0.000 0.000 0.000 0.000 0.000 0.000 0.000
-999.250 -999.250 -999.250 -999.250 72.974 73.184 74.159 82.441 79.672 84.542 87.794 79.885 89.201 94.107 85.267 84.721 85.068 77.109 82.799 95.262 106.780 96.210 81.827 65.692 61.377 55.684 44.700 37.740 31.268 30.083 24.282 19.705 15.595 12.210 9.626 7.172 5.437 3.455 3.169 1.064 1.567 3.511 3.776 4.165 3.426 3.139 0.686 0.000 0.000 0.000 0.000 0.000 0.000 0.000 0.000 0.000 0.000 0.000 0.000 0.000 0.000 0.000 0.000 0.000 0.000 0.000 0.000 0.000 0.000
-999.250 -999.250 -999.250 85.067 93.450 88.590 77.163 79.025 80.024 89.315 88.213 91.226 104.768 108.646 110.123 109.460 101.060 102.243 110.036 113.033 133.843 115.375 89.113 76.693 68.330 57.297 53.959 44.253 34.787 31.203 22.570 19.905 17.293 12.761 11.174 8.311 5.197 4.594 3.847 2.550 1.923 2.574 3.256 1.277 1.793 0.813 0.000 0.000 0.000 0.000 0.000 0.000 0.000 0.000 0.000 0.000 0.000 0.000 0.000 0.000 0.000 0.000 0.000 0.000 0.000 0.000 0.000 0.000 0.000
-999.250 -999.250 -999.250 96.710 104.741 93.476 88.134 89.805 106.275 109.279 108.394 110.898 118.247 125.579 124.238 117.365 121.499 123.059 126.495 116.244 123.981 110.815 100.061 77.187 76.201 57.979 49.836 45.433 32.985 34.905 24.409 17.543 16.867 12.900 10.547 8.897 6.642 4.877 3.301 3.146 2.209 2.953 2.336 0.552 1.321 0.000 0.000 0.000 0.000 0.000 0.000 0.000 0.000 0.000 0.000 0.000 0.000 0.000 0.000 0.000 0.000 0.000 0.000 0.000 0.000 0.000 0.000 0.000 0.000
-999.250 -999.250 -999.250 90.594 110.416 105.418 115.141 96.293 114.807 112.821 123.406 120.811 126.432 134.936 145.590 132.095 132.307 126.221 122.376 121.779 119.671 100.530 89.601 76.416 67.843 62.457 51.243 42.145 35.888 30.780 25.433 18.811 14.844 12.251 10.416 9.083 7.461 5.746 4.075 4.297 2.360 1.918 1.277 0.146 0.000 0.000 0.000 0.000 0.000 0.000 0.000 0.000 0.000 0.000 0.000 0.000 0.000 0.000 0.000 0.000 0.000 0.000 0.000 0.000 0.000 0.000 0.000 0.000 0.000
-999.250 -999.250 100.127 99.933 112.953 111.421 120.687 123.858 125.675 126.914 132.367 134.690 141.296 141.283 136.527 139.841 148.605 146.763 123.283 116.757 111.832 107.607 82.544 69.941 62.171 57.250 48.066 39.340 37.882 37.321 28.562 22.089 17.689 13.060 10.025 7.801 5.973 4.639 4.629 3.822 1.274 1.207 0.916 0.000 0.000 0.000 0.000 0.000 0.000 0.000 0.000 0.000 0.000 0.000 0.000 0.000 0.000 0.000 0.000 0.000 0.000 0.000 0.000 0.000 0.000 0.000 0.000 0.000 0.000
-999.250 -999.250 104.363 99.572 111.621 114.105 124.638 127.874 131.030 143.833 143.978 153.597 151.448 155.708 162.521 154.976 166.185 141.676 124.864 117.040 -999.250 89.479 76.909 60.714 56.600 49.252 40.286 33.596 34.335 42.481 29.671 20.703 15.880 12.818 8.546 6.597 4.599 5.194 3.397 3.547 3.076 0.703 0.592 1.239 0.000 0.000 0.000 0.000 0.000 0.000 0.000 0.000 0.000 0.000 0.000 0.000 0.000 0.000 0.000 0.000 0.000 0.000 0.000 0.000 0.000 0.000 0.000 0.000 0.000
-999.250 97.277 101.048 104.555 112.650 116.963 122.547 127.644 149.249 169.826 168.835 173.881 164.745 183.575 183.932 182.961 180.638 149.579 124.477 -999.250 -999.250 86.136 69.576 55.385 47.582 42.262 35.793 30.179 29.915 27.874 22.043 15.785 12.035 8.867 7.027 5.260 3.584 2.636 3.527 4.004 3.606 2.589 1.536 1.477 0.832 0.000 0.000 0.000 0.000 0.000 0.000 0.000 0.000 0.000 0.000 0.000 0.000 0.000 0.000 0.000 0.000 0.000 0.000 0.000 0.000 0.000 0.000 0.000 0.000
-999.250 82.977 102.734 102.920 103.014 121.703 128.338 135.873 166.452 189.057 186.259 180.843 176.629 183.688 192.862 168.213 160.025 134.616 -999.250 -999.250 -999.250 -999.250 59.765 47.998 41.559 34.250 32.250 23.785 23.104 19.648 15.684 11.598 8.864 7.432 5.111 2.355 2.652 4.784 4.080 3.618 1.482 3.194 2.789 1.691 0.000 0.000 0.000 0.000 0.000 0.000 0.000 0.000 0.000 0.000 0.000 0.000 0.000 0.000 0.000 0.000 0.000 0.000 0.000 0.000 0.000 0.000 0.000 0.000 0.000
