data/medianmodel_14-Apr-2020.asc
ncols	141
nrows	288
xllcorner	-120191.398
yllcorner	-301404.813
cellsize	2000.000
NODATA_value	-999.250
[rows 180 to 209 of 288, columns 0 to 67 of 141]
-999.250 -999.250 -999.250 40.752 46.669 48.258 40.202 44.699 39.324 44.712 39.321 37.886 36.879 45.167 43.367 37.299 34.787 36.126 40.240 40.683 37.292 35.998 34.187 34.102 30.260 30.907 33.623 39.267 39.026 34.165 36.202 43.715 36.907 34.779 37.362 40.701 40.676 39.791 44.637 43.773 52.757 52.208 67.602 59.205 50.980 46.370 52.114 53.115 46.544 42.136 39.416 34.951 26.522 27.786 21.274 17.529 15.471 14.766 12.658 14.439 11.120 10.689 10.831 13.030 15.032 11.386 11.723 12.205
-999.250 -999.250 -999.250 44.248 51.417 43.059 48.506 53.242 44.949 47.479 47.192 50.380 50.742 43.712 48.923 47.183 45.196 46.122 43.661 40.755 41.670 33.415 32.713 29.952 31.922 35.306 36.241 39.589 42.592 40.415 39.404 36.768 37.362 37.303 33.495 33.273 39.282 40.807 42.228 49.319 52.334 53.868 55.502 48.203 50.071 48.618 45.910 39.511 46.589 43.218 33.425 31.426 29.090 25.902 22.344 20.572 17.109 14.243 14.725 12.011 14.057 12.432 10.110 12.758 11.644 11.051 12.188 8.543
-999.250 -999.250 49.529 47.449 53.571 46.888 44.739 45.275 43.546 48.420 46.792 48.511 50.408 47.474 53.450 54.050 50.751 49.614 51.055 44.673 44.033 38.306 33.500 32.586 36.085 38.276 37.881 41.932 42.902 42.333 41.218 45.780 37.622 37.659 41.138 35.067 36.877 33.444 42.270 49.550 51.615 45.134 53.693 59.264 46.882 43.830 43.128 39.872 36.818 31.482 31.413 24.758 26.327 23.738 21.138 19.662 17.363 17.471 13.422 15.121 11.156 14.601 13.821 14.505 11.814 9.183 9.730 13.669
-999.250 -999.250 53.061 48.832 45.787 48.327 56.428 53.121 53.706 50.010 50.344 48.920 48.193 54.064 53.274 56.755 57.910 56.825 49.142 51.108 -999.250 41.520 37.419 36.289 37.761 36.309 38.185 36.970 43.326 45.749 43.125 42.153 40.551 37.658 38.734 34.300 36.671 38.545 41.063 44.478 42.824 42.931 48.536 44.801 43.881 37.520 41.185 38.869 31.733 31.459 28.172 25.297 21.890 21.481 19.433 21.406 19.227 17.263 15.593 12.829 13.180 13.310 11.971 10.812 10.319 7.886 9.352 9.500
-999.250 54.907 54.828 59.615 54.255 48.521 56.739 55.437 65.368 54.542 57.898 51.401 50.532 53.810 56.345 56.424 71.132 63.737 60.743 -999.250 -999.250 47.476 38.288 33.763 38.325 39.706 36.975 38.391 37.282 42.034 38.989 41.401 38.164 35.974 35.777 37.416 40.211 43.416 42.725 40.814 39.110 47.980 46.761 41.803 36.944 36.491 37.848 29.518 30.522 31.127 28.302 24.888 22.059 20.294 20.713 17.368 19.010 16.974 13.797 16.316 12.675 12.206 12.147 7.396 4.564 8.907 12.550 11.806
-999.250 59.057 61.766 65.076 55.042 57.107 61.242 55.244 62.147 57.351 60.498 64.498 57.593 50.915 57.488 60.786 67.981 67.614 -999.250 -999.250 -999.250 -999.250 39.800 40.870 36.447 34.184 38.148 36.646 38.911 36.827 31.682 34.736 32.954 34.051 30.776 36.682 38.881 37.969 36.524 38.697 37.107 39.407 39.371 35.973 34.869 33.241 31.959 29.160 31.720 26.016 25.436 22.435 20.649 19.198 19.865 17.368 14.199 15.734 16.340 14.440 12.403 12.798 9.784 6.502 7.934 7.582 10.532 13.560
62.590 61.611 69.281 65.325 67.254 70.509 65.553 58.961 53.636 57.741 60.887 68.033 70.817 60.608 67.934 72.482 66.201 70.293 -999.250 -999.250 -999.250 -999.250 -999.250 37.818 36.077 35.465 35.435 35.020 35.307 33.339 32.295 29.344 31.500 33.208 31.913 31.333 32.483 37.283 33.276 35.843 37.395 33.270 31.837 35.962 34.567 33.342 33.413 28.301 27.876 25.629 22.576 23.465 19.076 19.377 18.288 16.625 14.745 14.422 15.037 17.161 13.426 13.087 12.268 6.373 5.723 3.452 7.116 10.506
-999.250 70.083 82.172 79.382 73.820 76.369 67.453 60.981 48.034 54.046 55.432 68.680 76.043 79.655 80.399 77.259 70.795 73.873 -999.250 -999.250 -999.250 -999.250 39.333 35.103 28.046 28.568 32.582 34.147 30.862 29.713 28.344 29.052 27.784 27.627 28.689 29.684 29.208 29.899 30.153 33.842 34.322 32.795 28.882 27.097 29.546 29.975 25.897 26.163 26.499 26.766 19.326 20.531 19.880 18.093 19.485 16.778 15.305 14.468 16.539 13.807 16.391 12.373 9.109 8.386 3.494 0.000 4.072 9.744
-999.250 83.020 85.194 84.282 82.135 67.993 62.649 57.400 49.666 50.284 50.764 65.679 70.093 83.805 86.912 99.703 73.328 72.581 -999.250 -999.250 -999.250 42.906 -999.250 32.853 28.777 31.184 28.362 27.963 29.106 25.458 26.486 27.094 30.192 27.290 25.684 29.833 27.685 26.220 26.595 29.248 28.307 29.806 24.015 28.721 24.386 23.343 25.055 23.762 21.995 20.781 19.605 17.870 15.598 17.475 19.231 17.367 14.318 15.220 15.530 12.962 12.574 11.474 9.236 9.777 5.672 4.762 7.081 10.362
-999.250 82.469 88.703 86.757 77.923 79.682 68.950 58.986 52.680 49.520 51.061 61.810 66.883 75.374 92.040 89.969 79.662 -999.250 -999.250 -999.250 -999.250 43.859 39.827 31.121 28.053 28.011 29.791 29.553 25.714 27.118 25.181 24.365 23.909 24.149 25.236 26.455 31.279 22.343 21.634 25.078 26.891 23.681 23.947 22.553 23.944 21.667 17.244 21.632 20.164 18.194 17.809 19.339 16.368 16.150 16.219 12.762 14.858 12.864 16.156 14.230 14.480 11.909 8.977 10.383 8.447 8.165 7.528 10.040
-999.250 77.552 77.175 90.821 84.460 74.505 71.090 58.016 50.368 47.433 49.705 54.113 60.934 73.463 73.138 65.503 64.443 -999.250 -999.250 -999.250 47.114 40.059 34.714 30.664 26.944 25.762 25.804 25.822 25.269 25.015 23.396 22.878 22.952 22.314 27.028 24.765 30.458 21.556 24.206 25.270 21.841 19.205 16.942 17.723 15.720 15.922 17.256 17.767 17.731 16.588 16.104 13.936 13.887 12.364 15.175 13.152 13.147 10.547 14.346 12.634 10.095 10.407 10.017 9.885 9.121 7.793 8.578 12.315
-999.250 -999.250 -999.250 80.117 -999.250 -999.250 62.591 50.621 42.702 -999.250 -999.250 -999.250 57.933 56.558 -999.250 -999.250 -999.250 -999.250 -999.250 -999.250 46.402 38.558 31.249 27.047 24.486 23.528 20.588 20.894 22.000 23.062 21.262 20.999 22.437 23.334 22.062 23.898 25.108 22.946 22.112 21.866 22.773 18.272 16.878 16.078 11.260 10.232 11.378 12.754 14.644 11.383 13.622 13.095 12.406 13.372 13.054 10.976 10.135 11.315 13.831 13.363 12.324 11.365 8.779 8.175 12.462 12.237 12.195 13.942
-999.250 -999.250 -999.250 -999.250 -999.250 -999.250 -999.250 -999.250 -999.250 -999.250 -999.250 -999.250 -999.250 63.816 59.289 59.775 -999.250 -999.250 -999.250 54.863 43.322 32.576 26.093 23.124 19.193 18.547 17.260 17.473 18.897 17.720 18.522 21.015 21.293 21.108 21.253 19.317 21.742 20.281 20.425 22.723 17.456 18.645 15.885 13.716 6.566 0.000 2.805 8.754 11.088 13.353 12.270 13.795 11.730 10.527 7.213 4.356 3.125 9.877 13.671 12.626 12.993 11.965 11.061 8.740 13.299 12.264 11.362 11.111
-999.250 -999.250 -999.250 -999.250 -999.250 -999.250 -999.250 -999.250 -999.250 -999.250 -999.250 47.299 50.932 48.367 51.058 59.158 -999.250 -999.250 51.455 53.229 41.398 31.448 23.530 20.616 18.269 15.823 13.121 13.248 15.002 14.907 17.921 18.820 18.810 18.371 20.905 20.025 19.485 20.699 21.266 18.140 17.749 17.420 15.387 10.113 6.189 3.599 6.041 8.014 9.221 8.893 10.772 13.817 11.600 7.082 6.554 2.316 0.000 4.171 8.360 10.685 10.193 12.283 11.025 12.781 13.456 14.209 11.396 14.637
-999.250 -999.250 -999.250 -999.250 -999.250 -999.250 -999.250 -999.250 -999.250 -999.250 -999.250 42.528 46.535 50.277 48.187 45.550 45.134 47.024 44.572 44.308 36.695 24.842 21.095 18.012 14.646 14.800 7.780 10.407 11.798 14.811 16.403 15.522 19.238 18.154 19.886 20.072 20.626 21.860 17.088 16.421 17.778 15.789 15.523 13.777 8.989 7.561 8.796 9.207 9.180 11.138 12.581 12.098 10.641 6.868 4.749 3.716 4.485 7.827 8.065 11.614 12.234 13.793 13.637 15.225 15.053 12.923 14.229 14.498
-999.250 -999.250 -999.250 -999.250 -999.250 -999.250 -999.250 -999.250 -999.250 -999.250 -999.250 -999.250 40.330 39.817 40.151 40.103 47.093 44.060 39.293 35.362 34.940 25.845 21.041 16.416 15.585 14.618 13.277 12.366 13.180 16.303 18.549 18.596 19.546 18.562 18.781 21.686 20.031 18.463 18.549 17.993 19.455 15.412 17.205 11.870 10.713 10.027 12.374 10.377 12.425 12.918 14.428 11.280 9.829 8.658 7.234 8.712 8.449 8.768 11.708 13.828 13.325 16.032 12.882 13.802 14.429 12.358 14.075 12.115
-999.250 -999.250 -999.250 -999.250 -999.250 -999.250 -999.250 -999.250 -999.250 -999.250 -999.250 -999.250 -999.250 35.189 39.662 36.837 37.260 37.376 35.013 33.150 31.940 26.457 20.841 16.412 14.448 15.159 16.086 13.925 12.790 18.044 20.135 18.850 18.094 16.558 17.497 19.631 16.159 17.643 17.284 17.145 15.366 14.652 16.863 10.829 12.157 16.509 12.655 12.723 13.855 13.955 16.989 13.495 11.849 14.186 9.354 7.120 10.889 12.862 13.671 15.145 16.220 13.411 15.418 15.187 16.059 12.350 13.249 13.523
-999.250 -999.250 -999.250 -999.250 -999.250 -999.250 -999.250 -999.250 -999.250 -999.250 -999.250 -999.250 -999.250 34.182 36.375 32.044 33.258 33.585 33.805 29.239 30.812 22.054 19.851 17.090 15.978 12.036 15.666 17.340 16.612 17.879 14.835 21.138 20.316 16.977 18.533 20.069 18.760 16.537 18.044 17.907 16.217 15.536 14.795 16.578 16.289 14.185 14.169 15.068 14.270 14.371 14.493 13.687 11.801 14.046 10.731 11.605 13.648 11.884 15.062 16.047 16.219 15.456 14.158 16.371 12.216 13.400 12.057 11.208
-999.250 -999.250 -999.250 -999.250 -999.250 -999.250 -999.250 -999.250 -999.250 -999.250 -999.250 -999.250 -999.250 31.542 32.265 29.751 29.184 26.609 26.873 25.018 23.779 23.412 19.686 16.686 17.004 13.822 16.266 18.993 16.839 19.581 17.919 17.651 17.673 17.842 20.726 20.911 20.314 19.129 18.572 19.831 16.777 15.950 18.664 18.245 18.514 17.324 17.592 18.101 19.035 13.199 13.114 12.944 13.126 15.409 13.110 14.329 13.188 11.067 12.418 14.913 15.289 13.652 15.479 15.217 16.969 14.924 10.973 8.873
-999.250 -999.250 -999.250 -999.250 -999.250 -999.250 -999.250 -999.250 -999.250 -999.250 -999.250 -999.250 -999.250 -999.250 30.078 28.448 24.969 22.093 19.283 21.297 23.368 22.926 20.722 19.354 17.348 19.866 18.550 21.374 20.811 21.691 20.739 19.707 20.194 22.603 20.573 20.443 19.421 20.529 18.847 19.725 17.637 17.561 16.671 18.100 17.981 18.190 16.171 15.315 18.859 12.644 16.032 15.552 14.980 14.063 14.600 16.550 14.570 16.203 16.759 17.886 15.474 16.446 15.897 17.583 16.866 17.173 15.217 12.761
-999.250 -999.250 -999.250 -999.250 -999.250 -999.250 -999.250 -999.250 -999.250 -999.250 -999.250 -999.250 -999.250 -999.250 30.181 26.250 22.043 21.321 18.935 19.466 21.168 18.803 21.934 19.465 24.339 23.515 21.461 23.413 23.453 22.236 22.794 21.439 20.573 23.028 23.611 21.598 21.897 23.226 20.646 20.797 20.749 21.877 18.617 21.379 20.063 20.544 19.712 19.435 20.484 17.268 16.176 18.933 14.688 13.507 15.793 16.126 16.370 15.868 18.351 18.152 18.098 17.513 17.290 16.184 15.609 16.610 14.481 15.887
-999.250 -999.250 -999.250 -999.250 -999.250 -999.250 -999.250 -999.250 -999.250 -999.250 -999.250 -999.250 -999.250 -999.250 25.830 21.463 23.671 21.284 20.825 21.131 19.344 22.304 20.346 22.051 24.841 22.587 22.634 23.794 25.121 21.559 23.504 23.452 22.672 22.373 24.755 24.475 23.502 21.899 19.209 17.108 19.744 22.012 24.556 21.586 20.397 21.737 22.987 20.989 20.713 19.727 20.565 19.003 16.713 18.327 18.437 18.612 14.897 16.678 17.151 17.626 18.194 17.273 17.574 15.346 12.452 15.321 18.360 18.810
-999.250 -999.250 -999.250 -999.250 -999.250 -999.250 -999.250 -999.250 -999.250 -999.250 -999.250 -999.250 -999.250 -999.250 25.330 23.228 20.666 20.504 20.154 20.381 22.936 21.252 20.582 23.177 23.360 -999.250 21.560 23.174 21.025 23.468 23.299 21.687 22.967 26.547 28.843 26.156 22.350 21.068 20.231 20.770 22.057 20.328 21.247 19.729 21.713 19.855 20.622 22.070 24.112 23.029 17.973 17.596 20.440 19.811 19.312 15.758 18.185 15.565 16.143 16.171 16.266 15.497 17.273 17.633 15.480 16.371 18.125 17.639
-999.250 -999.250 -999.250 -999.250 -999.250 -999.250 -999.250 -999.250 -999.250 -999.250 -999.250 -999.250 -999.250 -999.250 21.370 26.223 20.206 20.996 19.953 19.602 19.581 19.244 19.691 -999.250 -999.250 -999.250 20.957 24.364 23.145 24.659 23.286 23.203 23.491 22.556 24.994 26.311 24.570 22.862 21.266 22.806 19.669 22.603 22.132 24.252 21.118 20.831 20.581 23.050 24.061 23.017 19.533 19.899 18.558 17.017 15.930 17.304 15.924 14.691 14.813 14.915 11.848 14.810 16.135 17.512 19.072 17.418 15.200 13.725
-999.250 -999.250 -999.250 -999.250 -999.250 -999.250 -999.250 -999.250 -999.250 -999.250 -999.250 -999.250 -999.250 18.861 19.103 21.790 23.389 23.147 19.574 18.375 17.861 18.260 -999.250 -999.250 -999.250 -999.250 -999.250 23.197 22.559 25.577 23.013 24.066 25.060 28.862 28.401 26.569 23.708 22.466 23.677 23.226 22.592 24.076 26.033 24.239 23.845 22.481 22.642 19.060 21.454 22.981 20.974 21.566 19.756 14.536 17.340 13.834 13.650 16.574 17.029 17.595 15.308 13.839 14.421 12.766 14.285 14.713 19.585 15.405
-999.250 -999.250 -999.250 -999.250 -999.250 -999.250 -999.250 -999.250 -999.250 -999.250 -999.250 -999.250 -999.250 20.309 19.727 20.903 17.831 16.802 17.979 18.229 -999.250 -999.250 -999.250 -999.250 -999.250 -999.250 -999.250 -999.250 22.025 20.713 22.576 24.106 23.889 28.451 25.517 30.739 27.114 21.430 25.527 26.152 23.524 23.688 24.501 22.390 24.030 21.649 23.264 22.701 21.881 20.423 18.248 19.164 19.111 17.000 15.762 15.055 16.364 15.153 15.201 16.967 17.734 14.171 14.831 13.564 13.387 13.884 14.966 16.297
-999.250 -999.250 -999.250 -999.250 -999.250 -999.250 -999.250 -999.250 -999.250 -999.250 -999.250 -999.250 18.243 18.321 -999.250 -999.250 -999.250 -999.250 -999.250 -999.250 -999.250 -999.250 -999.250 -999.250 -999.250 -999.250 -999.250 -999.250 -999.250 18.058 20.635 24.196 21.715 24.890 25.907 28.048 25.620 26.995 28.739 23.930 24.582 24.299 22.785 23.281 25.746 23.718 22.747 21.210 22.499 21.549 22.815 21.485 20.820 16.546 16.592 18.672 14.957 15.628 15.428 14.026 13.156 12.860 13.897 9.973 11.688 13.866 13.894 15.910
-999.250 -999.250 -999.250 -999.250 -999.250 -999.250 -999.250 -999.250 -999.250 -999.250 -999.250 -999.250 -999.250 -999.250 -999.250 -999.250 -999.250 -999.250 -999.250 -999.250 -999.250 -999.250 -999.250 -999.250 -999.250 -999.250 -999.250 -999.250 -999.250 -999.250 21.586 19.967 21.820 20.642 27.176 26.713 26.189 26.485 24.967 22.260 24.118 24.827 25.879 25.214 24.106 23.016 24.332 23.328 22.454 21.852 20.179 20.552 20.594 19.438 17.645 16.333 15.383 15.948 13.436 11.536 13.687 14.188 13.458 11.262 9.158 14.447 15.205 15.242
-999.250 -999.250 -999.250 -999.250 -999.250 -999.250 -999.250 -999.250 -999.250 -999.250 -999.250 -999.250 -999.250 -999.250 -999.250 -999.250 -999.250 -999.250 -999.250 -999.250 -999.250 -999.250 -999.250 -999.250 -999.250 -999.250 -999.250 -999.250 -999.250 -999.250 18.328 18.874 19.583 19.366 26.195 27.989 25.221 27.872 25.944 23.715 25.286 25.443 26.039 27.268 26.138 26.334 25.152 22.986 23.442 24.795 21.667 19.900 19.622 18.520 16.689 15.902 12.904 13.340 13.775 13.790 14.563 9.889 12.492 9.940 11.452 10.515 13.265 12.270
-999.250 -999.250 -999.250 -999.250 -999.250 -999.250 -999.250 -999.250 -999.250 -999.250 -999.250 -999.250 -999.250 -999.250 -999.250 -999.250 -999.250 -999.250 -999.250 -999.250 -999.250 -999.250 -999.250 -999.250 -999.250 -999.250 -999.250 -999.250 -999.250 -999.250 20.565 21.104 19.617 21.575 23.296 21.884 25.903 25.556 24.604 26.227 24.221 26.792 27.961 28.550 25.586 25.856 25.708 23.691 22.147 24.443 20.871 19.418 19.536 15.262 15.414 14.960 13.258 13.127 11.600 12.714 12.490 12.329 11.784 9.174 7.069 9.331 7.988 11.443
