data/medianmodel_11-Dec-2020.asc
ncols	141
nrows	288
xllcorner	-120191.398
yllcorner	-301404.813
cellsize	2000.000
NODATA_value	-999.250
[rows 174 to 202 of 288, columns 64 to 127 of 141]
84.198 93.546 104.809 106.724 113.509 106.588 111.135 113.073 103.100 102.433 97.805 89.490 81.806 61.473 64.522 79.070 116.923 146.731 213.132 299.092 359.537 444.357 556.205 599.283 670.488 712.186 725.432 738.247 709.411 634.020 569.914 472.390 386.513 332.300 263.806 216.785 172.343 143.512 134.926 126.443 134.265 141.810 145.448 168.607 178.135 191.649 -999.250 -999.250 -999.250 -999.250 -999.250 -999.250 -999.250 -999.250 -999.250 -999.250 -999.250 -999.250 -999.250 -999.250 -999.250 -999.250 -999.250 -999.250
82.591 88.729 92.738 89.274 92.859 85.632 88.222 84.079 77.223 73.678 69.078 63.138 44.867 39.901 35.724 46.352 83.012 124.211 190.822 247.525 337.289 403.800 468.757 548.999 584.740 621.469 671.495 643.666 613.242 573.968 490.465 447.156 394.486 314.277 255.878 213.433 169.079 146.937 135.689 136.290 136.608 137.799 141.699 156.841 179.240 -999.250 -999.250 -999.250 -999.250 -999.250 -999.250 -999.250 -999.250 -999.250 -999.250 -999.250 -999.250 -999.250 -999.250 -999.250 -999.250 -999.250 -999.250 -999.250
82.088 88.762 88.409 82.585 77.304 75.963 64.953 61.811 56.135 53.664 46.797 39.030 31.674 24.157 21.463 22.666 65.774 115.549 159.011 227.932 301.233 360.402 415.343 485.188 533.702 555.060 576.323 533.349 527.398 510.221 451.778 399.939 366.079 291.463 244.235 217.572 183.417 163.584 137.410 139.662 131.937 137.380 147.642 148.129 161.409 -999.250 -999.250 -999.250 -999.250 -999.250 -999.250 -999.250 -999.250 -999.250 -999.250 -999.250 -999.250 -999.250 -999.250 -999.250 -999.250 -999.250 -999.250 -999.250
89.273 89.695 82.409 73.934 58.063 50.742 46.078 44.560 38.466 39.081 27.316 25.180 22.516 21.337 20.331 29.414 57.070 101.383 145.260 205.586 263.259 306.837 394.088 407.698 446.935 463.876 467.285 476.323 472.421 466.948 420.044 374.891 320.362 259.355 237.189 221.276 187.538 162.424 147.569 134.086 132.350 136.615 143.745 153.649 -999.250 -999.250 -999.250 -999.250 -999.250 -999.250 -999.250 -999.250 -999.250 -999.250 -999.250 -999.250 -999.250 -999.250 -999.250 -999.250 -999.250 -999.250 -999.250 -999.250
87.598 84.141 72.733 73.788 56.937 46.674 38.450 36.308 31.549 22.409 22.683 20.441 20.057 21.425 22.212 28.389 56.398 101.357 141.874 194.431 234.988 307.247 341.923 377.867 392.103 417.877 439.867 435.168 425.699 393.009 377.296 356.524 273.274 248.797 237.184 207.588 177.212 165.935 151.272 141.106 140.366 137.723 149.382 158.137 -999.250 -999.250 -999.250 -999.250 -999.250 -999.250 -999.250 -999.250 -999.250 -999.250 -999.250 -999.250 -999.250 -999.250 -999.250 -999.250 -999.250 -999.250 -999.250 -999.250
92.515 77.802 71.980 61.498 57.225 48.480 36.952 29.556 22.186 20.968 21.454 20.648 20.330 21.867 28.099 41.359 69.596 98.585 129.096 174.470 211.432 244.009 298.015 331.907 351.216 383.979 395.101 392.423 378.744 372.563 337.986 308.114 252.898 225.327 218.879 191.576 186.450 174.992 156.779 148.269 143.326 142.873 152.341 -999.250 -999.250 -999.250 -999.250 -999.250 -999.250 -999.250 -999.250 -999.250 -999.250 -999.250 -999.250 -999.250 -999.250 -999.250 -999.250 -999.250 -999.250 -999.250 -999.250 -999.250
91.756 81.070 74.644 74.398 67.410 45.115 37.594 26.076 23.274 21.882 20.980 21.519 21.976 22.200 35.450 57.192 78.600 98.731 124.325 155.084 197.989 217.354 244.275 290.488 322.733 347.180 366.573 366.599 325.421 314.809 296.312 274.396 252.299 227.660 206.198 181.048 171.492 164.836 156.643 162.523 156.589 161.270 168.331 -999.250 -999.250 -999.250 -999.250 -999.250 -999.250 -999.250 -999.250 -999.250 -999.250 -999.250 -999.250 -999.250 -999.250 -999.250 -999.250 -999.250 -999.250 -999.250 -999.250 -999.250
91.637 82.674 80.517 76.716 62.703 49.529 39.970 31.603 23.704 22.660 23.226 22.816 24.364 27.350 36.055 52.991 73.883 107.351 124.248 147.545 181.519 209.058 213.754 246.292 258.844 289.073 312.501 311.313 294.783 262.043 255.224 251.736 252.387 221.601 196.717 188.348 160.169 162.538 156.798 157.587 169.381 166.002 189.629 -999.250 -999.250 -999.250 -999.250 -999.250 -999.250 -999.250 -999.250 -999.250 -999.250 -999.250 -999.250 -999.250 -999.250 -999.250 -999.250 -999.250 -999.250 -999.250 -999.250 -999.250
100.025 93.162 86.861 79.837 70.527 54.808 47.151 38.054 34.496 30.181 24.674 26.419 29.128 34.271 46.447 66.961 84.222 102.462 132.347 144.706 168.990 184.293 208.252 227.687 227.624 260.299 283.220 267.188 259.250 263.244 251.628 245.871 235.427 210.055 196.730 189.317 181.414 172.880 174.481 180.053 183.774 185.969 -999.250 -999.250 -999.250 -999.250 -999.250 -999.250 -999.250 -999.250 -999.250 -999.250 -999.250 -999.250 -999.250 -999.250 -999.250 -999.250 -999.250 -999.250 -999.250 -999.250 -999.250 -999.250
119.311 107.598 84.167 81.065 75.074 69.229 64.255 52.984 45.690 41.524 36.907 36.401 35.611 43.191 56.296 68.264 85.477 104.997 125.549 157.134 156.457 175.711 184.344 201.565 208.691 237.553 232.675 240.268 240.977 241.413 240.088 246.292 226.907 208.479 198.058 185.271 193.528 193.606 194.856 213.778 208.968 -999.250 -999.250 -999.250 -999.250 -999.250 -999.250 -999.250 -999.250 -999.250 -999.250 -999.250 -999.250 -999.250 -999.250 -999.250 -999.250 -999.250 -999.250 -999.250 -999.250 -999.250 -999.250 -999.250
121.219 110.051 97.357 88.125 89.800 77.423 78.742 73.071 65.468 68.320 54.084 50.580 49.577 61.429 68.380 71.002 82.159 102.945 120.067 138.995 148.397 151.801 164.691 185.354 202.583 211.150 207.839 220.852 229.473 220.172 224.995 228.805 229.699 216.708 214.874 219.651 219.600 214.254 218.682 225.509 230.294 -999.250 -999.250 -999.250 -999.250 -999.250 -999.250 -999.250 -999.250 -999.250 -999.250 -999.250 -999.250 -999.250 -999.250 -999.250 -999.250 -999.250 -999.250 -999.250 -999.250 -999.250 -999.250 -999.250
135.006 111.455 109.672 104.020 97.346 87.644 86.873 82.873 86.765 78.664 80.543 71.894 67.514 72.873 77.621 78.080 84.205 100.143 111.058 121.885 135.630 144.075 155.444 152.457 187.229 198.260 208.150 214.237 225.723 226.906 232.522 237.240 231.363 228.736 238.083 241.993 245.999 246.604 249.494 -999.250 -999.250 -999.250 -999.250 -999.250 -999.250 -999.250 -999.250 -999.250 -999.250 -999.250 -999.250 -999.250 -999.250 -999.250 -999.250 -999.250 -999.250 -999.250 -999.250 -999.250 -999.250 -999.250 -999.250 -999.250
144.925 118.691 112.760 114.754 114.689 108.696 113.638 105.255 106.119 102.378 86.194 83.465 82.429 82.174 81.052 79.026 86.753 93.020 102.297 112.330 125.367 132.587 146.699 160.672 173.693 194.468 206.838 208.986 219.134 229.249 232.309 238.661 246.620 244.139 268.631 276.593 275.535 276.229 -999.250 -999.250 -999.250 -999.250 -999.250 -999.250 -999.250 -999.250 -999.250 -999.250 -999.250 -999.250 -999.250 -999.250 -999.250 -999.250 -999.250 -999.250 -999.250 -999.250 -999.250 -999.250 -999.250 -999.250 -999.250 -999.250
171.070 129.908 129.241 130.092 131.896 132.246 127.261 123.492 118.095 115.644 112.094 106.837 99.959 97.848 86.085 94.033 88.041 97.970 97.285 102.775 120.124 129.056 136.347 145.522 160.335 174.935 198.592 199.815 230.517 232.798 238.844 260.796 273.059 281.511 294.148 304.564 309.900 -999.250 -999.250 -999.250 -999.250 -999.250 -999.250 -999.250 -999.250 -999.250 -999.250 -999.250 -999.250 -999.250 -999.250 -999.250 -999.250 -999.250 -999.250 -999.250 -999.250 -999.250 -999.250 -999.250 -999.250 -999.250 -999.250 -999.250
219.491 198.309 186.354 164.617 174.038 159.599 161.413 138.905 137.463 135.901 127.341 119.654 109.315 103.182 100.517 100.336 84.129 89.358 90.180 100.929 114.029 127.495 131.690 143.685 162.113 167.174 183.869 208.528 227.460 252.249 263.353 287.470 289.120 325.787 322.104 354.821 -999.250 -999.250 -999.250 -999.250 -999.250 -999.250 -999.250 -999.250 -999.250 -999.250 -999.250 -999.250 -999.250 -999.250 -999.250 -999.250 -999.250 -999.250 -999.250 -999.250 -999.250 -999.250 -999.250 -999.250 -999.250 -999.250 -999.250 -999.250
268.693 250.916 236.482 237.700 207.795 192.693 187.480 165.529 176.121 157.844 140.050 126.709 115.004 112.404 112.260 105.631 94.124 90.244 89.028 105.133 113.018 121.640 133.281 145.236 179.117 181.188 193.931 205.512 234.020 259.899 295.551 318.862 335.176 360.851 -999.250 -999.250 -999.250 -999.250 -999.250 -999.250 -999.250 -999.250 -999.250 -999.250 -999.250 -999.250 -999.250 -999.250 -999.250 -999.250 -999.250 -999.250 -999.250 -999.250 -999.250 -999.250 -999.250 -999.250 -999.250 -999.250 -999.250 -999.250 -999.250 -999.250
336.080 325.126 278.190 266.249 252.447 222.315 214.442 213.957 199.657 188.759 158.810 143.099 142.821 123.809 119.456 113.014 100.016 87.187 85.479 96.182 107.967 120.701 134.524 162.761 170.826 201.059 229.793 250.707 261.341 280.704 335.982 338.934 365.835 390.554 -999.250 -999.250 -999.250 -999.250 -999.250 -999.250 -999.250 -999.250 -999.250 -999.250 -999.250 -999.250 -999.250 -999.250 -999.250 -999.250 -999.250 -999.250 -999.250 -999.250 -999.250 -999.250 -999.250 -999.250 -999.250 -999.250 -999.250 -999.250 -999.250 -999.250
373.554 371.204 355.168 328.583 286.588 278.526 249.501 234.016 216.667 208.409 188.202 164.010 150.771 139.042 126.501 112.320 104.416 94.286 87.610 86.778 102.198 115.873 138.502 164.980 192.076 209.332 238.771 269.620 270.623 305.519 371.916 398.955 417.100 -999.250 -999.250 -999.250 -999.250 -999.250 -999.250 -999.250 -999.250 -999.250 -999.250 -999.250 -999.250 -999.250 -999.250 -999.250 -999.250 -999.250 -999.250 -999.250 -999.250 -999.250 -999.250 -999.250 -999.250 -999.250 -999.250 -999.250 -999.250 -999.250 -999.250 -999.250
429.326 414.589 382.931 365.055 334.668 317.555 281.297 267.376 257.350 250.089 214.622 183.307 166.410 148.844 134.985 120.730 98.266 96.857 87.051 84.551 95.436 120.107 134.202 169.656 205.085 218.172 245.924 287.464 320.879 337.040 396.355 412.454 439.060 -999.250 -999.250 -999.250 -999.250 -999.250 -999.250 -999.250 -999.250 -999.250 -999.250 -999.250 -999.250 -999.250 -999.250 -999.250 -999.250 -999.250 -999.250 -999.250 -999.250 -999.250 -999.250 -999.250 -999.250 -999.250 -999.250 -999.250 -999.250 -999.250 -999.250 -999.250
458.592 445.648 437.590 380.333 378.081 360.516 349.025 325.144 304.855 260.843 240.536 226.863 194.528 173.702 143.903 126.564 117.890 111.500 93.401 78.703 96.190 122.719 147.741 181.719 213.057 240.796 268.456 294.615 341.684 378.139 407.836 433.854 452.616 -999.250 -999.250 -999.250 -999.250 -999.250 -999.250 -999.250 -999.250 -999.250 -999.250 -999.250 -999.250 -999.250 -999.250 -999.250 -999.250 -999.250 -999.250 -999.250 -999.250 -999.250 -999.250 -999.250 -999.250 -999.250 -999.250 -999.250 -999.250 -999.250 -999.250 -999.250
484.227 491.142 468.963 441.989 400.360 392.286 371.742 347.613 329.881 320.856 271.986 248.465 226.722 201.217 155.475 139.366 130.344 119.870 112.194 111.223 120.088 136.394 149.045 187.741 220.805 252.630 297.031 322.910 342.588 397.578 422.084 459.268 487.012 -999.250 -999.250 -999.250 -999.250 -999.250 -999.250 -999.250 -999.250 -999.250 -999.250 -999.250 -999.250 -999.250 -999.250 -999.250 -999.250 -999.250 -999.250 -999.250 -999.250 -999.250 -999.250 -999.250 -999.250 -999.250 -999.250 -999.250 -999.250 -999.250 -999.250 -999.250
552.638 516.433 509.925 454.307 434.306 413.874 418.057 390.731 363.403 344.038 305.166 272.380 241.512 210.845 179.531 170.419 147.616 130.108 128.929 137.100 137.241 148.450 172.837 223.399 247.720 284.877 300.481 349.835 393.220 419.372 446.454 481.893 542.692 557.878 -999.250 -999.250 -999.250 -999.250 -999.250 -999.250 -999.250 -999.250 -999.250 -999.250 -999.250 -999.250 -999.250 -999.250 -999.250 -999.250 -999.250 -999.250 -999.250 -999.250 -999.250 -999.250 -999.250 -999.250 -999.250 -999.250 -999.250 -999.250 -999.250 -999.250
539.455 550.561 557.827 503.766 453.873 452.601 450.676 401.371 379.240 356.875 313.263 282.881 267.871 222.246 207.765 188.133 164.566 165.741 152.323 155.858 166.972 193.473 217.419 250.170 268.746 333.369 367.961 418.855 454.989 479.473 503.470 545.565 572.889 616.096 -999.250 -999.250 -999.250 -999.250 -999.250 -999.250 -999.250 -999.250 -999.250 -999.250 -999.250 -999.250 -999.250 -999.250 -999.250 -999.250 -999.250 -999.250 -999.250 -999.250 -999.250 -999.250 -999.250 -999.250 -999.250 -999.250 -999.250 -999.250 -999.250 -999.250
597.468 569.733 549.474 522.545 501.683 515.399 461.113 432.679 391.613 363.047 323.965 308.488 270.776 235.101 216.094 197.787 177.198 195.131 181.050 179.526 189.538 208.785 240.784 287.546 321.239 352.477 432.262 450.892 475.922 535.213 573.473 610.419 682.990 -999.250 -999.250 -999.250 -999.250 -999.250 -999.250 -999.250 -999.250 -999.250 -999.250 -999.250 -999.250 -999.250 -999.250 -999.250 -999.250 -999.250 -999.250 -999.250 -999.250 -999.250 -999.250 -999.250 -999.250 -999.250 -999.250 -999.250 -999.250 -999.250 -999.250 -999.250
634.051 568.017 551.618 540.705 542.204 545.510 495.082 448.514 392.473 378.178 336.833 299.181 270.311 246.283 233.070 211.317 204.963 197.552 182.454 202.425 210.492 237.385 257.468 312.777 357.367 394.837 442.220 489.895 536.402 581.627 644.023 685.769 -999.250 -999.250 -999.250 -999.250 -999.250 -999.250 -999.250 -999.250 -999.250 -999.250 -999.250 -999.250 -999.250 -999.250 -999.250 -999.250 -999.250 -999.250 -999.250 -999.250 -999.250 -999.250 -999.250 -999.250 -999.250 -999.250 -999.250 -999.250 -999.250 -999.250 -999.250 -999.250
588.156 589.099 546.717 551.408 570.205 527.448 498.469 454.324 413.205 375.062 328.216 296.209 273.177 244.508 229.676 236.795 231.398 217.602 208.535 229.384 230.627 250.392 307.375 352.256 383.101 445.801 476.668 524.455 601.555 643.614 692.119 746.588 -999.250 -999.250 -999.250 -999.250 -999.250 -999.250 -999.250 -999.250 -999.250 -999.250 -999.250 -999.250 -999.250 -999.250 -999.250 -999.250 -999.250 -999.250 -999.250 -999.250 -999.250 -999.250 -999.250 -999.250 -999.250 -999.250 -999.250 -999.250 -999.250 -999.250 -999.250 -999.250
560.125 575.954 568.036 559.270 539.060 515.740 474.352 448.566 406.015 368.971 334.008 298.604 297.869 258.837 240.622 240.744 239.283 225.260 231.212 231.692 234.079 266.459 320.733 366.476 403.398 438.928 508.455 587.659 649.672 715.846 727.412 778.435 -999.250 -999.250 -999.250 -999.250 -999.250 -999.250 -999.250 -999.250 -999.250 -999.250 -999.250 -999.250 -999.250 -999.250 -999.250 -999.250 -999.250 -999.250 -999.250 -999.250 -999.250 -999.250 -999.250 -999.250 -999.250 -999.250 -999.250 -999.250 -999.250 -999.250 -999.250 -999.250
566.185 548.882 552.411 526.074 502.615 476.095 443.414 427.115 394.556 373.134 357.606 305.857 290.426 264.566 251.084 243.245 249.065 246.857 242.629 258.891 275.623 289.740 321.072 383.724 443.471 508.685 543.586 600.920 701.722 772.983 836.156 859.795 -999.250 -999.250 -999.250 -999.250 -999.250 -999.250 -999.250 -999.250 -999.250 -999.250 -999.250 -999.250 -999.250 -999.250 -999.250 -999.250 -999.250 -999.250 -999.250 -999.250 -999.250 -999.250 -999.250 -999.250 -999.250 -999.250 -999.250 -999.250 -999.250 -999.250 -999.250 -999.250
523.598 532.479 503.116 491.064 478.788 434.146 413.895 391.281 379.536 368.615 329.097 300.118 286.782 263.015 249.113 242.866 235.922 247.198 248.984 255.492 280.121 325.667 345.643 395.414 464.748 514.742 616.051 666.542 773.290 850.061 939.541 -999.250 -999.250 -999.250 -999.250 -999.250 -999.250 -999.250 -999.250 -999.250 -999.250 -999.250 -999.250 -999.250 -999.250 -999.250 -999.250 -999.250 -999.250 -999.250 -999.250 -999.250 -999.250 -999.250 -999.250 -999.250 -999.250 -999.250 -999.250 -999.250 -999.250 -999.250 -999.250 -999.250
