data/medianmodel_12-Jul-2020.asc
ncols	141
nrows	288
xllcorner	-120191.398
yllcorner	-301404.813
cellsize	2000.000
NODATA_value	-999.250
[rows 93 to 123 of 288, columns 69 to 137 of 141]
0.000 0.000 0.000 0.000 0.000 0.000 0.000 0.047 0.000 0.000 0.000 0.000 0.000 0.000 0.000 0.000 0.000 0.000 0.000 2.627 4.790 8.962 11.360 12.022 12.689 16.013 16.264 21.338 21.431 23.663 21.984 16.826 13.857 13.902 10.972 8.326 6.520 6.786 4.029 5.160 3.925 2.593 1.157 1.938 1.529 -999.250 -999.250 -999.250 -999.250 -999.250 -999.250 -999.250 -999.250 -999.250 -999.250 -999.250 -999.250 -999.250 -999.250 -999.250 -999.250 -999.250 -999.250 -999.250 -999.250 -999.250 -999.250 -999.250 -999.250
0.000 0.000 0.000 0.000 0.000 0.000 0.000 0.000 1.686 3.977 1.490 0.251 0.000 0.000 0.000 0.000 0.000 0.000 0.000 3.610 5.542 5.292 8.749 9.439 11.682 11.527 13.529 16.108 18.336 19.547 17.987 17.517 12.100 9.138 8.060 6.228 4.948 3.321 4.078 3.467 3.248 2.876 3.875 2.846 1.703 -999.250 -999.250 -999.250 -999.250 -999.250 -999.250 -999.250 -999.250 -999.250 -999.250 -999.250 -999.250 -999.250 -999.250 -999.250 -999.250 -999.250 -999.250 -999.250 -999.250 -999.250 -999.250 -999.250 -999.250
0.000 0.000 0.000 0.000 0.000 0.000 0.731 1.277 1.702 4.668 4.367 2.750 1.563 0.000 0.000 0.000 0.000 0.000 0.000 2.380 4.747 5.807 8.375 9.167 11.430 11.395 14.612 16.118 12.406 10.710 11.740 13.271 10.723 10.027 7.819 5.978 2.116 1.278 3.268 2.150 3.695 2.040 2.885 4.683 4.648 -999.250 -999.250 -999.250 -999.250 -999.250 -999.250 -999.250 -999.250 -999.250 -999.250 -999.250 -999.250 -999.250 -999.250 -999.250 -999.250 -999.250 -999.250 -999.250 -999.250 -999.250 -999.250 -999.250 -999.250
0.000 0.000 0.000 0.000 0.000 0.000 2.381 3.254 3.600 5.806 8.995 5.348 3.406 0.000 0.000 0.000 0.000 0.000 0.000 0.000 1.040 4.933 8.600 8.581 10.152 10.780 11.586 12.024 8.795 7.520 9.135 10.794 8.180 7.405 5.690 5.480 3.093 1.490 0.116 1.111 0.703 0.442 1.081 1.240 3.682 3.725 -999.250 -999.250 -999.250 -999.250 -999.250 -999.250 -999.250 -999.250 -999.250 -999.250 -999.250 -999.250 -999.250 -999.250 -999.250 -999.250 -999.250 -999.250 -999.250 -999.250 -999.250 -999.250 -999.250
0.000 0.000 0.000 0.000 0.000 0.000 2.660 3.909 4.141 4.976 5.501 4.638 2.153 0.000 0.000 0.000 0.000 0.000 0.000 0.253 2.650 4.207 7.152 9.229 11.606 10.135 8.859 7.562 6.861 7.048 5.466 6.731 4.269 4.689 3.134 0.174 2.232 1.028 0.504 1.488 1.996 1.166 1.646 1.736 3.330 2.766 4.706 -999.250 -999.250 -999.250 -999.250 -999.250 -999.250 -999.250 -999.250 -999.250 -999.250 -999.250 -999.250 -999.250 -999.250 -999.250 -999.250 -999.250 -999.250 -999.250 -999.250 -999.250 -999.250
0.000 0.000 0.000 0.000 0.000 0.180 2.704 3.503 2.953 3.697 2.658 3.089 1.640 0.000 0.000 0.000 0.000 0.000 0.000 0.142 3.986 5.332 6.956 9.768 15.630 10.990 7.950 8.372 7.377 5.572 3.667 4.571 3.479 1.974 0.000 0.000 0.000 0.000 0.000 0.000 0.000 0.556 3.129 3.119 4.527 5.571 5.274 4.693 -999.250 -999.250 -999.250 -999.250 -999.250 -999.250 -999.250 -999.250 -999.250 -999.250 -999.250 -999.250 -999.250 -999.250 -999.250 -999.250 -999.250 -999.250 -999.250 -999.250 -999.250
0.000 0.000 0.000 0.000 0.000 1.127 2.515 2.832 2.783 3.517 4.165 2.491 0.000 0.000 0.000 0.000 0.000 0.000 0.000 0.513 1.465 3.961 6.227 6.736 10.458 10.086 7.826 5.224 5.991 3.719 3.033 1.118 1.209 0.000 0.000 0.000 0.000 0.000 0.000 0.066 1.252 0.900 2.296 3.903 4.498 4.162 5.080 -999.250 -999.250 -999.250 -999.250 -999.250 -999.250 -999.250 -999.250 -999.250 -999.250 -999.250 -999.250 -999.250 -999.250 -999.250 -999.250 -999.250 -999.250 -999.250 -999.250 -999.250 -999.250
0.000 0.000 0.000 0.000 0.021 0.561 2.039 3.274 2.324 2.896 4.021 2.851 0.000 0.000 0.000 0.000 0.000 0.000 0.000 1.632 1.333 1.694 6.593 7.243 7.593 7.117 5.169 5.026 3.778 3.189 0.000 0.000 0.000 0.000 0.000 0.000 0.000 0.000 0.000 0.000 0.153 0.458 3.301 4.604 3.651 5.059 5.235 5.659 -999.250 -999.250 -999.250 -999.250 -999.250 -999.250 -999.250 -999.250 -999.250 -999.250 -999.250 -999.250 -999.250 -999.250 -999.250 -999.250 -999.250 -999.250 -999.250 -999.250 -999.250
0.000 0.000 0.000 0.026 0.224 0.526 2.022 2.984 3.167 2.666 1.200 0.973 0.000 0.000 0.000 0.000 0.000 0.000 0.000 0.852 0.785 1.516 5.315 5.766 4.977 6.369 4.411 2.852 1.712 0.000 0.000 0.000 0.000 0.000 0.000 0.000 0.000 0.000 0.000 0.000 0.929 0.843 4.041 5.803 4.994 5.927 -999.250 -999.250 -999.250 -999.250 -999.250 -999.250 -999.250 -999.250 -999.250 -999.250 -999.250 -999.250 -999.250 -999.250 -999.250 -999.250 -999.250 -999.250 -999.250 -999.250 -999.250 -999.250 -999.250
0.116 0.000 1.578 3.337 3.344 3.455 1.796 3.306 1.295 1.192 1.226 0.832 0.000 0.000 0.000 0.000 0.243 0.000 1.513 0.800 0.000 0.700 4.315 5.387 5.247 4.495 3.859 0.969 0.010 0.000 0.000 0.000 0.000 0.000 0.000 0.000 0.000 0.000 0.000 0.000 0.448 1.088 3.695 5.397 6.768 -999.250 -999.250 -999.250 -999.250 -999.250 -999.250 -999.250 -999.250 -999.250 -999.250 -999.250 -999.250 -999.250 -999.250 -999.250 -999.250 -999.250 -999.250 -999.250 -999.250 -999.250 -999.250 -999.250 -999.250
2.094 1.922 2.796 3.968 3.926 3.733 4.448 3.715 2.601 2.691 0.336 1.272 0.000 0.000 0.000 0.000 0.000 1.468 4.275 1.983 0.418 2.281 4.413 3.222 3.830 4.803 3.231 0.705 0.073 0.000 0.000 0.000 0.000 0.000 0.000 0.000 0.000 0.000 0.000 0.000 2.214 2.885 5.521 6.426 7.608 -999.250 -999.250 -999.250 -999.250 -999.250 -999.250 -999.250 -999.250 -999.250 -999.250 -999.250 -999.250 -999.250 -999.250 -999.250 -999.250 -999.250 -999.250 -999.250 -999.250 -999.250 -999.250 -999.250 -999.250
3.452 3.002 5.319 6.123 5.772 4.028 6.520 4.033 1.730 3.190 1.829 0.931 1.828 0.000 1.369 0.000 2.077 1.910 3.214 2.435 2.591 3.172 3.557 4.357 4.275 3.029 3.409 0.000 0.000 0.000 0.000 0.000 0.000 0.000 0.000 0.000 0.000 0.000 0.000 0.431 2.009 3.655 4.570 7.843 -999.250 -999.250 -999.250 -999.250 -999.250 -999.250 -999.250 -999.250 -999.250 -999.250 -999.250 -999.250 -999.250 -999.250 -999.250 -999.250 -999.250 -999.250 -999.250 -999.250 -999.250 -999.250 -999.250 -999.250 -999.250
7.124 5.485 5.458 6.136 6.629 4.829 5.039 4.715 6.086 4.760 3.068 3.147 3.273 2.817 3.434 2.579 1.501 3.587 3.223 3.305 4.554 5.277 4.875 6.711 5.092 2.864 0.816 0.726 0.000 0.000 0.000 0.000 0.000 0.000 0.000 0.000 0.000 0.000 1.259 2.417 -999.250 -999.250 -999.250 -999.250 -999.250 -999.250 -999.250 -999.250 -999.250 -999.250 -999.250 -999.250 -999.250 -999.250 -999.250 -999.250 -999.250 -999.250 -999.250 -999.250 -999.250 -999.250 -999.250 -999.250 -999.250 -999.250 -999.250 -999.250 -999.250
7.892 9.737 10.660 7.544 9.889 9.723 7.702 6.864 5.216 5.028 5.796 5.214 6.251 4.155 2.104 2.473 2.576 4.139 4.137 4.833 6.683 5.936 7.232 5.220 4.425 2.745 0.877 1.453 1.428 0.000 0.000 0.000 0.000 0.000 0.000 0.000 0.000 0.000 -999.250 -999.250 -999.250 -999.250 -999.250 -999.250 -999.250 -999.250 -999.250 -999.250 -999.250 -999.250 -999.250 -999.250 -999.250 -999.250 -999.250 -999.250 -999.250 -999.250 -999.250 -999.250 -999.250 -999.250 -999.250 -999.250 -999.250 -999.250 -999.250 -999.250 -999.250
10.429 11.213 12.577 14.730 13.491 11.499 8.391 7.356 5.371 4.787 5.057 5.535 5.826 4.843 5.454 5.722 4.831 6.425 6.152 5.732 6.728 7.463 6.776 7.284 6.046 3.459 4.079 2.515 2.781 0.000 0.000 0.000 0.000 0.000 0.000 0.000 0.000 0.000 -999.250 -999.250 -999.250 -999.250 -999.250 -999.250 -999.250 -999.250 -999.250 -999.250 -999.250 -999.250 -999.250 -999.250 -999.250 -999.250 -999.250 -999.250 -999.250 -999.250 -999.250 -999.250 -999.250 -999.250 -999.250 -999.250 -999.250 -999.250 -999.250 -999.250 -999.250
15.907 14.461 16.177 17.053 16.781 13.935 12.068 7.903 7.301 6.745 6.347 7.104 6.283 5.792 5.985 6.632 7.732 9.046 8.053 8.892 8.420 8.055 6.555 5.475 5.866 4.185 4.069 4.056 1.715 0.068 0.000 0.000 0.000 0.000 0.000 0.000 0.000 0.000 -999.250 -999.250 -999.250 -999.250 -999.250 -999.250 -999.250 -999.250 -999.250 -999.250 -999.250 -999.250 -999.250 -999.250 -999.250 -999.250 -999.250 -999.250 -999.250 -999.250 -999.250 -999.250 -999.250 -999.250 -999.250 -999.250 -999.250 -999.250 -999.250 -999.250 -999.250
19.264 17.869 20.380 18.459 17.286 12.891 13.364 9.882 8.243 7.797 7.046 7.979 7.899 7.072 6.697 7.630 8.892 10.148 10.661 10.141 9.243 7.216 8.263 6.559 5.320 5.290 3.529 3.488 0.000 1.090 0.000 0.000 0.000 0.000 0.000 0.000 0.000 0.000 -999.250 -999.250 -999.250 -999.250 -999.250 -999.250 -999.250 -999.250 -999.250 -999.250 -999.250 -999.250 -999.250 -999.250 -999.250 -999.250 -999.250 -999.250 -999.250 -999.250 -999.250 -999.250 -999.250 -999.250 -999.250 -999.250 -999.250 -999.250 -999.250 -999.250 -999.250
21.879 24.151 21.032 21.455 19.587 13.820 13.803 12.060 9.913 9.100 8.865 8.388 6.539 6.041 8.957 8.611 11.457 10.722 15.097 10.949 8.971 9.412 7.419 5.773 6.893 5.134 4.256 3.214 4.726 2.117 2.448 1.458 0.563 0.000 0.000 0.000 0.000 0.146 -999.250 -999.250 -999.250 -999.250 -999.250 -999.250 -999.250 -999.250 -999.250 -999.250 -999.250 -999.250 -999.250 -999.250 -999.250 -999.250 -999.250 -999.250 -999.250 -999.250 -999.250 -999.250 -999.250 -999.250 -999.250 -999.250 -999.250 -999.250 -999.250 -999.250 -999.250
26.664 30.785 26.438 29.452 23.360 19.613 12.769 11.555 13.175 10.475 13.608 9.527 8.321 7.387 8.572 8.831 10.931 13.002 13.217 10.132 10.593 9.948 6.435 7.908 6.914 5.214 5.123 6.566 5.611 4.770 4.596 2.778 2.138 1.196 0.190 1.534 0.962 1.408 -999.250 -999.250 -999.250 -999.250 -999.250 -999.250 -999.250 -999.250 -999.250 -999.250 -999.250 -999.250 -999.250 -999.250 -999.250 -999.250 -999.250 -999.250 -999.250 -999.250 -999.250 -999.250 -999.250 -999.250 -999.250 -999.250 -999.250 -999.250 -999.250 -999.250 -999.250
31.175 34.560 33.167 33.507 26.234 19.818 14.498 13.584 12.201 11.982 9.705 11.531 7.755 8.021 7.161 9.864 12.144 12.674 11.292 11.892 9.384 10.265 7.293 9.606 7.259 6.892 8.451 7.594 6.923 4.976 5.933 5.251 4.224 2.200 2.615 3.225 2.352 4.535 3.099 2.029 -999.250 -999.250 -999.250 -999.250 -999.250 -999.250 -999.250 -999.250 -999.250 -999.250 -999.250 -999.250 -999.250 -999.250 -999.250 -999.250 -999.250 -999.250 -999.250 -999.250 -999.250 -999.250 -999.250 -999.250 -999.250 -999.250 -999.250 -999.250 -999.250
36.536 49.542 34.946 33.209 31.218 21.980 17.468 15.708 12.183 12.034 11.213 7.525 7.517 7.892 6.946 8.503 11.535 11.111 11.955 9.366 12.126 11.136 7.877 9.823 7.715 9.424 9.544 8.410 9.713 6.220 8.372 6.643 7.584 5.986 5.278 5.598 5.312 5.434 5.322 5.433 5.158 5.378 -999.250 -999.250 -999.250 -999.250 -999.250 -999.250 -999.250 -999.250 -999.250 -999.250 -999.250 -999.250 -999.250 -999.250 -999.250 -999.250 -999.250 -999.250 -999.250 -999.250 -999.250 -999.250 -999.250 -999.250 -999.250 -999.250 -999.250
29.692 39.937 35.155 30.921 30.381 26.339 21.610 15.388 13.985 11.328 12.458 8.168 7.374 6.644 6.116 6.426 8.986 9.940 10.444 9.213 9.448 10.033 9.067 9.726 11.073 7.749 10.720 11.077 12.250 8.052 8.928 5.074 9.288 10.591 9.044 7.138 6.598 5.185 7.096 7.009 8.558 8.298 -999.250 -999.250 -999.250 -999.250 -999.250 -999.250 -999.250 -999.250 -999.250 -999.250 -999.250 -999.250 -999.250 -999.250 -999.250 -999.250 -999.250 -999.250 -999.250 -999.250 -999.250 -999.250 -999.250 -999.250 -999.250 -999.250 -999.250
31.274 37.823 33.114 29.977 27.364 21.915 24.719 17.470 17.573 10.117 10.752 8.895 7.272 4.170 6.741 6.463 7.865 10.424 9.901 8.581 7.933 8.995 9.947 12.320 11.652 10.117 11.027 14.826 13.684 13.609 11.090 13.262 11.454 11.173 9.664 9.794 10.374 7.687 7.486 8.723 8.551 8.468 7.337 -999.250 -999.250 -999.250 -999.250 -999.250 -999.250 -999.250 -999.250 -999.250 -999.250 -999.250 -999.250 -999.250 -999.250 -999.250 -999.250 -999.250 -999.250 -999.250 -999.250 -999.250 -999.250 -999.250 -999.250 -999.250 -999.250
30.934 31.343 34.312 32.530 29.880 25.545 23.535 17.324 15.213 9.521 9.137 8.025 7.524 7.045 6.575 7.655 7.344 6.953 7.221 7.912 6.771 7.034 8.434 11.633 12.148 12.268 15.513 15.391 17.674 18.732 16.471 15.303 11.911 14.474 16.276 11.247 12.082 11.881 8.057 8.452 9.809 8.745 9.203 8.818 -999.250 -999.250 -999.250 -999.250 -999.250 -999.250 -999.250 -999.250 -999.250 -999.250 -999.250 -999.250 -999.250 -999.250 -999.250 -999.250 -999.250 -999.250 -999.250 -999.250 -999.250 -999.250 -999.250 -999.250 -999.250
27.331 36.162 33.810 32.518 34.008 29.160 21.443 17.874 16.968 10.255 8.773 6.876 8.347 8.643 7.618 9.866 8.787 7.902 6.037 6.593 6.256 6.227 7.579 12.290 12.442 12.597 15.374 16.381 19.448 18.441 19.177 19.480 20.384 23.314 17.409 14.014 13.387 15.867 10.195 10.718 8.581 9.303 8.667 8.047 -999.250 -999.250 -999.250 -999.250 -999.250 -999.250 -999.250 -999.250 -999.250 -999.250 -999.250 -999.250 -999.250 -999.250 -999.250 -999.250 -999.250 -999.250 -999.250 -999.250 -999.250 -999.250 -999.250 -999.250 -999.250
26.166 31.481 28.976 28.268 31.358 25.342 22.538 19.841 16.489 12.212 9.932 9.263 10.464 10.517 7.358 5.933 6.093 6.169 6.070 5.998 6.376 6.302 6.708 9.883 12.310 15.637 20.096 19.053 24.768 24.009 24.056 21.792 29.418 22.441 23.019 21.693 18.826 15.448 11.738 10.843 10.348 8.506 9.040 8.520 7.097 -999.250 -999.250 -999.250 -999.250 -999.250 -999.250 -999.250 -999.250 -999.250 -999.250 -999.250 -999.250 -999.250 -999.250 -999.250 -999.250 -999.250 -999.250 -999.250 -999.250 -999.250 -999.250 -999.250 -999.250
23.469 23.853 25.795 22.228 23.834 21.971 20.576 15.882 14.176 12.314 9.561 8.015 9.295 8.837 7.285 5.682 5.648 6.108 5.272 6.309 5.953 5.040 8.823 9.992 10.257 16.169 17.584 19.295 27.767 33.213 30.988 34.181 28.563 24.664 28.409 19.962 19.077 14.212 13.614 12.422 10.144 8.661 7.318 8.428 -999.250 -999.250 -999.250 -999.250 -999.250 -999.250 -999.250 -999.250 -999.250 -999.250 -999.250 -999.250 -999.250 -999.250 -999.250 -999.250 -999.250 -999.250 -999.250 -999.250 -999.250 -999.250 -999.250 -999.250 -999.250
24.599 27.119 26.875 24.732 24.729 24.187 20.160 14.451 13.053 13.927 9.597 8.318 7.558 8.886 8.119 6.284 5.926 5.119 5.904 4.727 5.071 6.237 9.002 12.366 12.838 15.004 19.031 20.327 30.232 35.129 42.908 40.872 38.043 37.335 32.497 34.753 22.810 20.686 14.806 11.102 11.626 9.290 8.559 9.058 -999.250 -999.250 -999.250 -999.250 -999.250 -999.250 -999.250 -999.250 -999.250 -999.250 -999.250 -999.250 -999.250 -999.250 -999.250 -999.250 -999.250 -999.250 -999.250 -999.250 -999.250 -999.250 -999.250 -999.250 -999.250
24.364 30.358 29.988 28.336 23.260 20.836 20.066 18.051 14.291 11.766 9.642 6.967 6.628 5.154 5.883 5.385 5.532 5.154 7.403 5.206 5.676 7.572 8.031 9.593 12.305 17.042 19.966 25.008 28.059 35.879 38.697 46.444 46.800 44.470 35.766 31.838 25.653 24.412 19.285 15.182 14.583 11.139 10.748 10.261 -999.250 -999.250 -999.250 -999.250 -999.250 -999.250 -999.250 -999.250 -999.250 -999.250 -999.250 -999.250 -999.250 -999.250 -999.250 -999.250 -999.250 -999.250 -999.250 -999.250 -999.250 -999.250 -999.250 -999.250 -999.250
28.122 39.976 33.843 28.691 25.021 16.825 14.173 14.514 11.958 9.943 9.698 8.659 5.765 1.866 6.261 5.472 4.622 2.612 3.450 5.756 6.578 6.525 8.012 7.943 15.129 16.145 21.837 28.600 32.312 38.272 43.587 52.264 49.284 47.894 45.574 31.849 30.555 26.318 19.528 18.714 13.011 11.698 9.890 10.643 -999.250 -999.250 -999.250 -999.250 -999.250 -999.250 -999.250 -999.250 -999.250 -999.250 -999.250 -999.250 -999.250 -999.250 -999.250 -999.250 -999.250 -999.250 -999.250 -999.250 -999.250 -999.250 -999.250 -999.250 -999.250
22.657 26.206 25.258 24.649 25.437 17.624 13.957 11.896 11.466 12.112 10.347 8.583 5.503 2.891 3.711 3.754 3.328 3.078 3.595 4.039 5.247 6.020 5.907 7.196 14.931 19.852 23.332 28.311 32.446 39.814 42.589 62.166 57.607 49.140 44.399 37.131 34.959 29.074 23.044 18.354 16.323 12.674 8.850 -999.250 -999.250 -999.250 -999.250 -999.250 -999.250 -999.250 -999.250 -999.250 -999.250 -999.250 -999.250 -999.250 -999.250 -999.250 -999.250 -999.250 -999.250 -999.250 -999.250 -999.250 -999.250 -999.250 -999.250 -999.250 -999.250
