data/medianmodel_10-Jul-2020.asc
ncols	141
nrows	288
xllcorner	-120191.398
yllcorner	-301404.813
cellsize	2000.000
NODATA_value	-999.250
[rows 93 to 123 of 288, columns 0 to 68 of 141]
-999.250 -999.250 -999.250 -999.250 -999.250 -999.250 -999.250 -999.250 -999.250 -999.250 -999.250 -999.250 -999.250 -999.250 -999.250 -999.250 -999.250 -999.250 -999.250 -999.250 -999.250 -999.250 -999.250 -999.250 -999.250 -999.250 -999.250 -999.250 -999.250 -999.250 -999.250 0.000 0.000 0.000 0.000 0.000 6.523 12.709 26.561 41.246 51.718 47.418 48.060 44.032 33.981 20.798 14.675 9.537 5.018 0.694 0.000 0.000 0.000 0.000 0.000 0.000 0.000 0.000 0.000 0.000 0.000 0.000 0.000 0.000 0.000 0.000 0.000 0.000 0.000
-999.250 -999.250 -999.250 -999.250 -999.250 -999.250 -999.250 -999.250 -999.250 -999.250 -999.250 -999.250 -999.250 -999.250 -999.250 -999.250 -999.250 -999.250 -999.250 -999.250 -999.250 -999.250 -999.250 -999.250 -999.250 -999.250 -999.250 -999.250 -999.250 -999.250 -999.250 0.000 0.000 0.000 0.000 0.922 5.712 13.646 18.007 27.390 27.474 34.607 30.574 28.618 22.886 15.729 10.295 6.782 3.383 0.000 0.000 0.000 0.000 0.000 0.000 0.000 0.000 0.000 0.000 0.000 0.000 0.000 0.000 0.000 0.000 0.000 0.000 0.000 0.000
-999.250 -999.250 -999.250 -999.250 -999.250 -999.250 -999.250 -999.250 -999.250 -999.250 -999.250 -999.250 -999.250 -999.250 -999.250 -999.250 -999.250 -999.250 -999.250 -999.250 -999.250 -999.250 -999.250 -999.250 -999.250 -999.250 -999.250 -999.250 -999.250 -999.250 -999.250 0.000 0.000 0.000 0.000 0.000 3.746 11.183 14.758 16.039 22.136 21.951 22.157 20.985 19.016 13.457 8.918 6.790 3.752 0.000 0.000 0.000 0.000 0.000 0.000 0.000 0.000 0.000 0.000 0.000 0.000 0.000 0.000 0.000 0.000 0.000 0.000 0.000 0.000
-999.250 -999.250 -999.250 -999.250 -999.250 -999.250 -999.250 -999.250 -999.250 -999.250 -999.250 -999.250 -999.250 -999.250 -999.250 -999.250 -999.250 -999.250 -999.250 -999.250 -999.250 -999.250 -999.250 -999.250 -999.250 -999.250 -999.250 -999.250 -999.250 -999.250 0.000 0.000 0.000 0.000 0.000 0.000 2.810 7.052 11.082 12.898 13.331 16.795 16.145 16.054 14.216 13.747 12.220 7.604 3.265 0.000 0.000 0.000 0.000 0.000 0.000 0.000 0.000 0.000 0.000 0.000 0.000 0.000 0.000 0.000 0.000 0.000 0.000 0.000 0.000
-999.250 -999.250 -999.250 -999.250 -999.250 -999.250 -999.250 -999.250 -999.250 -999.250 -999.250 -999.250 -999.250 -999.250 -999.250 -999.250 -999.250 -999.250 -999.250 -999.250 -999.250 -999.250 -999.250 -999.250 -999.250 -999.250 -999.250 -999.250 -999.250 -999.250 0.000 0.000 0.000 0.000 0.000 0.000 0.526 4.910 7.730 7.741 9.685 11.877 12.819 12.416 13.224 13.817 15.065 8.876 3.319 0.000 0.000 0.000 0.000 0.000 0.000 0.000 0.000 0.000 0.000 0.000 0.000 0.000 0.000 0.000 0.000 0.000 0.000 0.000 0.000
-999.250 -999.250 -999.250 -999.250 -999.250 -999.250 -999.250 -999.250 -999.250 -999.250 -999.250 -999.250 -999.250 -999.250 -999.250 -999.250 -999.250 -999.250 -999.250 -999.250 -999.250 -999.250 -999.250 -999.250 -999.250 -999.250 -999.250 -999.250 -999.250 -999.250 0.000 0.000 0.000 0.000 0.000 0.000 0.000 1.743 4.960 6.921 7.038 6.149 7.434 7.512 9.073 12.085 8.560 6.181 3.145 0.000 0.000 0.000 0.000 0.000 0.000 0.000 0.000 0.000 0.000 0.000 0.000 0.000 0.000 0.000 0.000 0.000 0.000 0.000 0.000
-999.250 -999.250 -999.250 -999.250 -999.250 -999.250 -999.250 -999.250 -999.250 -999.250 -999.250 -999.250 -999.250 -999.250 -999.250 -999.250 -999.250 -999.250 -999.250 -999.250 -999.250 -999.250 -999.250 -999.250 -999.250 -999.250 -999.250 -999.250 -999.250 -999.250 1.102 0.000 0.000 0.000 0.000 0.000 0.000 0.000 0.370 3.698 5.713 3.761 4.432 6.277 6.585 7.845 6.453 3.656 1.070 0.000 0.000 0.000 0.000 0.000 0.000 0.000 0.000 0.000 0.000 0.000 0.000 0.000 0.000 0.000 0.000 0.000 0.000 0.000 0.000
-999.250 -999.250 -999.250 -999.250 -999.250 -999.250 -999.250 -999.250 -999.250 -999.250 -999.250 -999.250 -999.250 -999.250 -999.250 -999.250 -999.250 -999.250 -999.250 -999.250 -999.250 -999.250 -999.250 -999.250 -999.250 -999.250 -999.250 -999.250 -999.250 3.100 1.601 0.000 0.000 0.000 0.000 0.000 0.000 0.000 0.000 0.185 1.311 0.673 2.672 3.723 5.275 5.631 5.013 2.620 0.038 0.000 0.000 0.000 0.000 0.000 0.000 0.000 0.000 0.000 0.000 0.000 0.000 0.000 0.000 0.000 0.000 0.000 0.000 0.000 0.000
-999.250 -999.250 -999.250 -999.250 -999.250 -999.250 -999.250 -999.250 -999.250 -999.250 -999.250 -999.250 -999.250 -999.250 -999.250 -999.250 -999.250 -999.250 -999.250 -999.250 -999.250 -999.250 -999.250 -999.250 -999.250 -999.250 -999.250 -999.250 -999.250 4.941 2.247 0.000 0.000 0.000 0.000 0.000 0.000 0.000 0.000 0.000 0.000 0.000 0.000 0.849 1.589 2.008 3.025 0.000 0.000 0.000 0.000 0.000 0.000 0.000 0.000 0.000 0.000 0.000 0.000 0.000 0.000 0.000 0.000 0.000 0.000 0.000 0.000 0.000 0.000
-999.250 -999.250 -999.250 -999.250 -999.250 -999.250 -999.250 -999.250 -999.250 -999.250 -999.250 -999.250 -999.250 -999.250 -999.250 -999.250 -999.250 -999.250 -999.250 -999.250 -999.250 -999.250 -999.250 -999.250 -999.250 -999.250 -999.250 -999.250 -999.250 3.950 1.619 0.042 0.000 0.000 0.000 0.000 0.000 0.000 0.000 0.000 0.000 0.000 0.000 0.000 0.017 0.218 0.000 0.000 0.000 0.000 0.000 0.000 0.000 0.000 0.000 0.000 0.000 0.000 0.000 0.000 0.000 0.000 0.000 0.000 0.000 0.000 0.000 0.000 0.000
-999.250 -999.250 -999.250 -999.250 -999.250 -999.250 -999.250 -999.250 -999.250 -999.250 -999.250 -999.250 -999.250 -999.250 -999.250 -999.250 -999.250 -999.250 -999.250 -999.250 -999.250 -999.250 -999.250 -999.250 -999.250 -999.250 -999.250 -999.250 -999.250 0.914 0.000 0.000 0.000 0.000 0.000 0.000 0.000 0.000 0.000 0.000 0.000 0.000 0.000 0.000 0.000 0.000 0.861 0.000 0.099 0.000 0.000 0.000 0.000 0.000 0.000 0.000 0.000 0.000 0.000 0.000 0.000 0.000 0.000 0.000 0.000 0.000 0.000 1.036 0.765
-999.250 -999.250 -999.250 -999.250 -999.250 -999.250 -999.250 -999.250 -999.250 -999.250 -999.250 -999.250 -999.250 -999.250 -999.250 -999.250 -999.250 -999.250 -999.250 -999.250 -999.250 -999.250 -999.250 -999.250 -999.250 -999.250 -999.250 -999.250 0.000 0.000 0.000 0.000 0.000 0.000 0.000 0.000 0.000 0.000 0.000 0.000 0.000 0.000 0.000 0.000 0.000 0.933 4.253 2.360 2.206 0.581 0.039 0.000 0.000 0.000 0.000 0.000 0.000 0.000 0.000 0.000 0.000 0.000 0.000 0.000 0.061 1.410 1.772 3.890 3.871
-999.250 -999.250 -999.250 -999.250 -999.250 -999.250 -999.250 -999.250 -999.250 -999.250 -999.250 -999.250 -999.250 -999.250 -999.250 -999.250 -999.250 -999.250 -999.250 -999.250 -999.250 -999.250 -999.250 -999.250 -999.250 -999.250 -999.250 -999.250 0.000 0.000 0.000 0.000 0.000 0.000 0.000 0.000 0.000 0.000 0.000 0.000 0.000 0.000 0.000 0.000 2.519 4.034 6.708 4.886 1.895 1.999 0.000 0.000 0.000 0.000 0.000 0.000 0.000 0.000 0.000 0.000 0.000 0.000 0.000 1.097 3.387 4.363 5.048 7.323 7.533
-999.250 -999.250 -999.250 -999.250 -999.250 -999.250 -999.250 -999.250 -999.250 -999.250 -999.250 -999.250 -999.250 -999.250 -999.250 -999.250 -999.250 -999.250 -999.250 -999.250 -999.250 -999.250 -999.250 -999.250 -999.250 -999.250 -999.250 0.000 0.000 0.000 0.000 0.000 0.000 0.000 0.000 0.000 0.000 0.000 0.000 0.000 0.000 0.000 0.000 0.000 0.550 4.608 4.480 3.796 3.666 0.437 0.922 0.000 0.000 0.000 0.000 0.000 0.000 0.000 0.000 0.000 0.000 0.000 2.781 4.715 6.121 8.114 9.043 11.165 9.973
-999.250 -999.250 -999.250 -999.250 -999.250 -999.250 -999.250 -999.250 -999.250 -999.250 -999.250 -999.250 -999.250 -999.250 -999.250 -999.250 -999.250 -999.250 -999.250 -999.250 -999.250 -999.250 -999.250 -999.250 -999.250 -999.250 -999.250 0.000 0.000 0.000 0.000 0.000 0.000 0.000 0.000 0.000 0.000 0.000 0.000 0.000 0.000 0.000 0.000 0.870 1.250 1.641 3.563 3.671 1.400 1.296 0.860 0.000 0.000 0.000 0.000 0.000 0.000 0.000 0.000 0.000 0.000 0.687 4.761 9.079 9.853 9.893 10.544 12.992 13.417
-999.250 -999.250 -999.250 -999.250 -999.250 -999.250 -999.250 -999.250 -999.250 -999.250 -999.250 -999.250 -999.250 -999.250 -999.250 -999.250 -999.250 -999.250 -999.250 -999.250 -999.250 -999.250 -999.250 -999.250 -999.250 -999.250 -999.250 0.000 0.000 0.000 0.000 0.000 0.000 0.000 0.000 0.000 0.000 0.000 0.000 0.000 0.000 0.000 0.000 0.000 0.313 1.005 2.390 1.970 0.703 1.660 0.656 0.103 0.580 0.000 0.000 0.000 0.000 0.000 0.000 0.000 0.000 1.000 5.533 8.813 11.874 13.353 14.537 17.441 16.837
-999.250 -999.250 -999.250 -999.250 -999.250 -999.250 -999.250 -999.250 -999.250 -999.250 -999.250 -999.250 -999.250 -999.250 -999.250 -999.250 -999.250 -999.250 -999.250 -999.250 -999.250 -999.250 -999.250 -999.250 -999.250 -999.250 -999.250 0.000 0.000 0.000 1.702 0.000 0.000 0.000 0.000 0.000 0.000 0.000 0.000 0.000 0.000 0.000 0.000 0.000 0.217 1.735 0.870 2.137 1.055 4.274 2.762 1.471 1.728 0.802 0.000 0.000 0.000 0.000 0.000 0.000 0.000 0.584 5.477 9.915 14.401 15.774 21.152 21.376 25.743
-999.250 -999.250 -999.250 -999.250 -999.250 -999.250 -999.250 -999.250 -999.250 -999.250 -999.250 -999.250 -999.250 -999.250 -999.250 -999.250 -999.250 -999.250 -999.250 -999.250 -999.250 -999.250 -999.250 -999.250 -999.250 -999.250 -999.250 -999.250 0.000 0.000 0.000 0.000 0.000 0.000 0.000 0.000 0.000 0.000 0.000 0.000 0.000 1.418 0.000 0.000 0.000 0.000 0.000 0.268 1.284 2.136 3.524 4.806 5.143 3.349 1.384 0.000 0.000 0.000 0.000 0.000 0.000 0.000 5.450 9.634 14.202 15.833 20.251 23.606 28.512
-999.250 -999.250 -999.250 -999.250 -999.250 -999.250 -999.250 -999.250 -999.250 -999.250 -999.250 -999.250 -999.250 -999.250 -999.250 -999.250 -999.250 -999.250 -999.250 -999.250 -999.250 -999.250 -999.250 -999.250 -999.250 -999.250 -999.250 -999.250 0.000 0.000 0.000 0.000 0.000 0.000 0.000 0.000 0.000 0.000 0.000 0.000 1.405 0.684 0.577 0.000 0.000 0.000 0.000 0.253 0.888 4.381 6.166 7.828 7.204 5.822 3.764 1.213 0.000 0.000 0.000 0.000 0.000 0.000 2.904 8.360 12.586 19.122 25.875 32.399 40.828
-999.250 -999.250 -999.250 -999.250 -999.250 -999.250 -999.250 -999.250 -999.250 -999.250 -999.250 -999.250 -999.250 -999.250 -999.250 -999.250 -999.250 -999.250 -999.250 -999.250 -999.250 -999.250 -999.250 -999.250 -999.250 -999.250 -999.250 -999.250 0.000 0.000 0.000 0.775 1.724 1.559 1.479 2.577 0.219 1.241 0.594 1.929 2.649 2.342 0.000 0.000 0.000 0.000 0.000 0.000 1.026 5.304 7.630 9.465 9.508 7.073 5.626 5.828 0.468 0.000 0.000 0.000 0.000 0.044 5.452 7.614 13.565 18.423 30.565 39.448 39.029
-999.250 -999.250 -999.250 -999.250 -999.250 -999.250 -999.250 -999.250 -999.250 -999.250 -999.250 -999.250 -999.250 -999.250 -999.250 -999.250 -999.250 -999.250 -999.250 -999.250 -999.250 -999.250 -999.250 -999.250 -999.250 -999.250 -999.250 -999.250 0.000 0.000 0.575 0.328 1.812 3.877 4.615 2.822 3.821 3.273 3.904 3.940 3.410 1.324 0.000 0.000 0.000 0.000 0.000 0.000 1.434 5.333 11.093 15.738 10.255 7.303 5.867 4.411 0.297 0.000 0.000 0.000 0.000 0.000 4.971 8.809 15.538 17.686 30.759 36.767 46.819
-999.250 -999.250 -999.250 -999.250 -999.250 -999.250 -999.250 -999.250 -999.250 -999.250 -999.250 -999.250 -999.250 -999.250 -999.250 -999.250 -999.250 -999.250 -999.250 -999.250 -999.250 -999.250 -999.250 -999.250 -999.250 -999.250 -999.250 -999.250 0.000 0.000 0.288 0.971 2.391 4.590 5.730 4.287 5.063 5.120 6.144 5.795 4.119 0.388 0.000 0.000 0.000 0.000 0.000 0.000 0.330 4.282 9.730 11.924 12.307 11.021 9.530 4.266 0.727 0.000 0.000 0.000 0.000 0.000 4.000 9.489 16.138 18.372 29.054 36.506 52.438
-999.250 -999.250 -999.250 -999.250 -999.250 -999.250 -999.250 -999.250 -999.250 -999.250 -999.250 -999.250 -999.250 -999.250 -999.250 -999.250 -999.250 -999.250 -999.250 -999.250 -999.250 -999.250 -999.250 -999.250 -999.250 -999.250 -999.250 0.000 0.000 0.952 2.340 3.370 4.007 4.866 6.246 5.333 6.626 6.875 7.428 11.682 6.084 1.330 0.000 0.000 0.000 0.000 0.000 0.000 0.000 1.551 8.360 9.614 12.135 15.804 11.062 6.755 1.201 0.000 0.000 0.000 0.000 0.000 0.637 7.568 15.597 20.946 26.752 41.175 57.721
-999.250 -999.250 -999.250 -999.250 -999.250 -999.250 -999.250 -999.250 -999.250 -999.250 -999.250 -999.250 -999.250 -999.250 -999.250 -999.250 -999.250 -999.250 -999.250 -999.250 -999.250 -999.250 -999.250 -999.250 -999.250 -999.250 -999.250 0.000 1.308 1.798 3.744 4.989 6.591 6.998 5.067 7.750 7.786 7.208 7.339 7.566 5.724 0.110 0.000 0.000 0.000 0.000 0.000 0.000 0.000 0.000 5.653 11.658 12.980 17.873 15.196 12.778 4.094 0.000 0.000 0.000 0.000 0.000 0.000 6.974 14.089 18.301 32.618 33.885 50.989
-999.250 -999.250 -999.250 -999.250 -999.250 -999.250 -999.250 -999.250 -999.250 -999.250 -999.250 -999.250 -999.250 -999.250 -999.250 -999.250 -999.250 -999.250 -999.250 -999.250 -999.250 -999.250 -999.250 -999.250 -999.250 -999.250 -999.250 1.393 1.698 3.537 4.269 4.615 5.746 8.579 8.246 8.103 10.415 10.287 9.387 5.081 2.484 0.000 0.000 0.000 0.000 0.000 0.000 0.000 0.000 0.000 8.373 16.525 19.946 21.471 18.795 14.020 6.097 0.000 0.000 0.000 0.000 0.000 0.000 4.598 10.624 17.746 25.976 30.586 36.391
-999.250 -999.250 -999.250 -999.250 -999.250 -999.250 -999.250 -999.250 -999.250 -999.250 -999.250 -999.250 -999.250 -999.250 -999.250 -999.250 -999.250 -999.250 -999.250 -999.250 -999.250 -999.250 -999.250 -999.250 -999.250 -999.250 3.302 2.454 4.480 5.406 4.802 5.421 7.460 10.047 8.874 9.897 11.761 11.116 7.113 6.601 1.120 0.000 0.000 0.000 0.000 0.000 0.000 0.000 0.000 5.580 13.757 21.642 26.289 31.935 26.454 19.697 10.218 1.400 0.000 0.000 0.000 0.000 0.000 2.837 7.944 12.906 17.345 27.968 36.486
-999.250 -999.250 -999.250 -999.250 -999.250 -999.250 -999.250 -999.250 -999.250 -999.250 -999.250 -999.250 -999.250 -999.250 -999.250 -999.250 -999.250 -999.250 -999.250 -999.250 -999.250 -999.250 -999.250 -999.250 -999.250 -999.250 4.622 4.498 6.844 6.437 7.010 9.111 9.321 9.620 8.836 9.869 11.631 9.605 8.018 6.331 1.115 0.000 0.000 0.000 0.000 0.000 0.000 0.000 2.835 11.936 17.411 31.134 33.578 46.361 42.972 24.489 14.373 4.020 0.000 0.000 0.000 0.000 0.000 0.000 4.590 10.113 15.739 24.929 26.283
-999.250 -999.250 -999.250 -999.250 -999.250 -999.250 -999.250 -999.250 -999.250 -999.250 -999.250 -999.250 -999.250 -999.250 -999.250 -999.250 -999.250 -999.250 -999.250 -999.250 -999.250 -999.250 -999.250 -999.250 -999.250 -999.250 5.740 5.971 6.636 9.656 7.579 10.786 9.421 9.177 11.844 11.849 12.500 10.497 8.015 6.926 1.403 0.000 0.000 0.000 0.000 0.000 0.000 0.000 7.667 17.440 38.811 52.931 55.925 62.113 47.045 35.298 23.532 8.512 0.000 0.000 0.000 0.000 0.000 0.000 1.654 7.114 11.459 17.782 23.185
-999.250 -999.250 -999.250 -999.250 -999.250 -999.250 -999.250 -999.250 -999.250 -999.250 -999.250 -999.250 -999.250 -999.250 -999.250 -999.250 -999.250 -999.250 -999.250 -999.250 -999.250 -999.250 -999.250 -999.250 -999.250 5.776 5.568 6.560 7.157 10.003 7.208 10.436 9.802 10.750 11.651 12.421 12.169 13.982 12.133 6.851 0.547 0.000 0.000 0.000 0.000 0.000 0.000 0.000 12.572 22.840 45.206 76.942 98.663 74.726 73.622 57.987 36.695 17.442 0.000 0.000 0.000 0.000 0.000 0.000 0.000 4.874 8.165 12.513 24.420
-999.250 -999.250 -999.250 -999.250 -999.250 -999.250 -999.250 -999.250 -999.250 -999.250 -999.250 -999.250 -999.250 -999.250 -999.250 -999.250 -999.250 -999.250 -999.250 -999.250 -999.250 -999.250 -999.250 -999.250 -999.250 6.560 5.988 5.202 5.166 10.220 8.066 9.213 11.701 11.659 13.924 14.400 17.066 13.351 12.618 8.260 0.559 0.000 0.000 0.000 0.000 0.000 0.000 0.000 16.474 39.405 64.514 95.467 119.747 113.177 104.173 85.264 55.764 32.334 12.747 1.191 0.000 0.000 0.000 0.000 0.000 1.416 6.610 11.576 17.876
-999.250 -999.250 -999.250 -999.250 -999.250 -999.250 -999.250 -999.250 -999.250 -999.250 -999.250 -999.250 -999.250 -999.250 -999.250 -999.250 -999.250 -999.250 -999.250 -999.250 -999.250 -999.250 -999.250 -999.250 -999.250 9.725 9.982 8.423 7.313 8.987 8.766 12.082 11.804 15.487 15.468 15.217 17.143 13.870 19.432 10.364 2.790 0.000 0.000 0.000 0.000 0.000 0.000 6.015 17.916 48.316 75.536 114.455 142.226 146.095 135.445 114.580 81.180 47.004 23.673 10.904 2.518 0.000 0.000 0.000 0.000 0.000 3.389 8.975 14.474
