data/medianmodel_27-Sep-2020.asc
ncols	141
nrows	288
xllcorner	-120191.398
yllcorner	-301404.813
cellsize	2000.000
NODATA_value	-999.250
[rows 210 to 239 of 288, columns 67 to 133 of 141]
10.403 9.866 7.819 10.474 7.798 8.749 12.404 12.573 13.100 13.165 15.636 19.434 24.422 27.190 36.989 41.438 42.949 49.707 52.291 52.421 52.837 50.760 43.367 41.797 33.818 26.419 19.349 16.156 9.002 0.221 0.000 0.000 -999.250 -999.250 -999.250 -999.250 -999.250 -999.250 -999.250 -999.250 -999.250 -999.250 -999.250 -999.250 -999.250 -999.250 -999.250 -999.250 -999.250 -999.250 -999.250 -999.250 -999.250 -999.250 -999.250 -999.250 -999.250 -999.250 -999.250 -999.250 -999.250 -999.250 -999.250 -999.250 -999.250 -999.250 -999.250
11.857 10.100 8.503 4.027 6.396 8.796 6.652 4.318 4.177 4.949 9.494 12.327 14.601 19.025 26.838 32.206 36.039 38.579 43.126 42.193 44.208 45.585 41.061 34.173 32.894 25.832 24.624 17.902 12.410 4.971 2.872 0.000 0.000 -999.250 -999.250 -999.250 -999.250 -999.250 -999.250 -999.250 -999.250 -999.250 -999.250 -999.250 -999.250 -999.250 -999.250 -999.250 -999.250 -999.250 -999.250 -999.250 -999.250 -999.250 -999.250 -999.250 -999.250 -999.250 -999.250 -999.250 -999.250 -999.250 -999.250 -999.250 -999.250 -999.250 -999.250
11.819 8.665 7.234 7.974 6.840 7.054 2.720 0.852 2.547 0.536 2.762 5.428 7.727 13.129 19.592 22.794 29.226 31.716 35.512 36.637 37.824 42.472 41.526 37.030 31.373 28.267 24.093 19.476 15.284 11.222 8.252 5.661 1.421 0.000 -999.250 -999.250 -999.250 -999.250 -999.250 -999.250 -999.250 -999.250 -999.250 -999.250 -999.250 -999.250 -999.250 -999.250 -999.250 -999.250 -999.250 -999.250 -999.250 -999.250 -999.250 -999.250 -999.250 -999.250 -999.250 -999.250 -999.250 -999.250 -999.250 -999.250 -999.250 -999.250 -999.250
11.926 11.277 10.370 11.819 10.934 7.664 6.396 1.845 0.000 0.000 0.000 0.000 4.352 11.207 15.358 19.139 22.963 28.315 34.091 32.787 37.093 36.589 37.735 34.951 31.883 30.667 25.102 24.320 20.445 17.201 13.235 11.289 7.690 1.243 -999.250 -999.250 -999.250 -999.250 -999.250 -999.250 -999.250 -999.250 -999.250 -999.250 -999.250 -999.250 -999.250 -999.250 -999.250 -999.250 -999.250 -999.250 -999.250 -999.250 -999.250 -999.250 -999.250 -999.250 -999.250 -999.250 -999.250 -999.250 -999.250 -999.250 -999.250 -999.250 -999.250
13.538 16.378 17.081 14.623 14.298 10.929 7.523 1.290 0.000 0.000 0.000 0.000 0.202 7.063 12.404 16.925 18.686 24.688 26.539 29.270 32.413 35.047 35.186 33.785 39.235 32.791 33.983 28.311 24.175 20.100 16.101 12.634 10.255 6.665 2.998 -999.250 -999.250 -999.250 -999.250 -999.250 -999.250 -999.250 -999.250 -999.250 -999.250 -999.250 -999.250 -999.250 -999.250 -999.250 -999.250 -999.250 -999.250 -999.250 -999.250 -999.250 -999.250 -999.250 -999.250 -999.250 -999.250 -999.250 -999.250 -999.250 -999.250 -999.250 -999.250
15.590 20.515 24.042 22.024 19.758 15.717 9.024 2.546 0.000 0.000 0.000 0.000 0.000 6.903 7.248 13.438 17.301 21.093 26.726 33.743 35.250 36.092 38.723 38.416 45.217 41.005 40.450 34.369 27.451 24.225 20.701 17.153 13.678 11.570 6.790 4.347 -999.250 -999.250 -999.250 -999.250 -999.250 -999.250 -999.250 -999.250 -999.250 -999.250 -999.250 -999.250 -999.250 -999.250 -999.250 -999.250 -999.250 -999.250 -999.250 -999.250 -999.250 -999.250 -999.250 -999.250 -999.250 -999.250 -999.250 -999.250 -999.250 -999.250 -999.250
20.518 26.994 32.017 32.911 29.788 22.974 14.962 7.123 0.000 0.000 0.000 0.000 0.000 5.458 8.974 13.571 17.176 20.351 24.387 31.002 36.398 39.240 45.306 46.516 51.103 52.995 51.523 43.256 35.906 30.018 23.852 20.971 17.877 14.431 9.934 7.615 -999.250 -999.250 -999.250 -999.250 -999.250 -999.250 -999.250 -999.250 -999.250 -999.250 -999.250 -999.250 -999.250 -999.250 -999.250 -999.250 -999.250 -999.250 -999.250 -999.250 -999.250 -999.250 -999.250 -999.250 -999.250 -999.250 -999.250 -999.250 -999.250 -999.250 -999.250
26.981 39.289 45.719 46.252 44.438 31.953 22.370 10.428 0.000 0.000 0.000 0.000 0.992 3.130 9.583 15.392 18.948 22.861 27.902 31.432 41.085 44.761 48.356 51.685 54.978 56.985 55.859 50.066 44.551 33.691 29.727 27.636 22.548 17.818 10.305 8.247 -999.250 -999.250 -999.250 -999.250 -999.250 -999.250 -999.250 -999.250 -999.250 -999.250 -999.250 -999.250 -999.250 -999.250 -999.250 -999.250 -999.250 -999.250 -999.250 -999.250 -999.250 -999.250 -999.250 -999.250 -999.250 -999.250 -999.250 -999.250 -999.250 -999.250 -999.250
38.627 53.194 57.258 65.461 59.515 44.297 31.387 20.571 11.086 8.991 2.605 1.895 4.474 6.689 10.971 15.251 20.866 23.680 28.069 32.219 40.941 48.625 55.943 60.041 63.811 66.725 60.363 55.760 49.796 43.011 39.467 33.614 26.860 22.750 18.021 12.872 4.382 -999.250 -999.250 -999.250 -999.250 -999.250 -999.250 -999.250 4.944 -999.250 -999.250 -999.250 -999.250 -999.250 -999.250 -999.250 -999.250 -999.250 -999.250 -999.250 -999.250 -999.250 -999.250 -999.250 -999.250 -999.250 -999.250 -999.250 -999.250 -999.250 -999.250
56.413 67.736 79.590 86.611 77.415 62.226 43.060 30.129 24.479 18.575 14.632 10.582 10.564 10.163 14.313 18.121 22.306 27.889 32.470 37.284 45.801 54.449 63.067 67.510 70.581 76.126 71.276 61.442 54.941 53.160 44.583 40.178 31.048 28.396 21.629 14.802 7.357 1.565 -999.250 -999.250 -999.250 0.000 0.000 0.026 4.795 -999.250 -999.250 -999.250 -999.250 -999.250 -999.250 -999.250 -999.250 -999.250 -999.250 -999.250 -999.250 -999.250 -999.250 -999.250 -999.250 -999.250 -999.250 -999.250 -999.250 -999.250 -999.250
66.807 84.661 95.166 108.814 94.236 75.758 58.609 45.281 32.940 25.534 21.750 15.780 15.750 16.733 19.260 24.170 25.339 32.272 40.705 48.381 53.175 60.488 68.917 72.529 75.710 79.984 80.686 76.054 66.159 60.322 50.288 43.539 35.977 28.004 24.208 18.912 9.868 6.130 -999.250 0.000 0.000 0.000 0.000 0.121 -999.250 -999.250 -999.250 -999.250 -999.250 -999.250 -999.250 -999.250 -999.250 -999.250 -999.250 -999.250 -999.250 -999.250 -999.250 -999.250 -999.250 -999.250 -999.250 -999.250 -999.250 -999.250 -999.250
76.891 88.597 100.351 102.706 95.575 79.214 68.095 55.424 46.061 34.550 27.341 25.446 23.451 22.303 24.760 28.194 32.311 39.666 40.131 52.810 61.629 68.942 73.208 82.915 91.424 94.702 91.954 87.551 73.679 63.108 52.649 44.982 37.462 29.553 27.187 22.799 13.339 9.590 4.826 1.235 0.000 0.000 0.000 0.966 -999.250 -999.250 -999.250 -999.250 -999.250 -999.250 -999.250 -999.250 -999.250 -999.250 -999.250 -999.250 -999.250 -999.250 -999.250 -999.250 -999.250 -999.250 -999.250 -999.250 -999.250 -999.250 -999.250
78.858 96.971 101.691 101.723 92.859 82.030 75.528 64.900 54.602 45.171 36.451 29.295 31.256 28.952 31.796 33.599 36.936 46.927 53.955 56.112 62.378 67.308 78.509 89.359 97.944 109.345 104.444 88.858 74.344 71.570 55.074 46.075 41.022 36.592 27.989 25.244 17.240 12.498 8.150 1.987 0.000 0.000 0.446 2.577 -999.250 -999.250 -999.250 -999.250 -999.250 -999.250 -999.250 -999.250 -999.250 -999.250 -999.250 -999.250 -999.250 -999.250 -999.250 -999.250 -999.250 -999.250 -999.250 -999.250 -999.250 -999.250 -999.250
81.984 98.382 101.210 102.700 98.765 88.068 81.426 69.252 62.266 52.570 47.134 37.795 36.265 35.152 37.586 40.817 46.191 49.714 58.379 62.065 66.112 76.164 78.796 88.407 95.763 102.068 102.493 87.303 79.042 69.517 58.624 52.157 46.298 40.075 32.820 28.034 21.850 15.131 9.539 6.868 7.135 5.365 6.355 7.180 -999.250 -999.250 -999.250 -999.250 -999.250 -999.250 -999.250 -999.250 -999.250 -999.250 -999.250 -999.250 -999.250 -999.250 -999.250 -999.250 -999.250 -999.250 -999.250 -999.250 -999.250 -999.250 -999.250
84.310 97.071 105.008 101.366 96.916 93.881 89.164 76.104 69.091 59.691 51.720 49.053 44.643 44.073 47.393 48.468 54.284 60.343 62.541 65.189 68.069 77.245 84.929 83.765 91.595 92.422 95.855 88.421 77.410 70.882 68.533 56.533 52.097 45.520 40.888 28.758 26.240 18.866 15.283 11.030 9.830 8.057 10.348 -999.250 -999.250 -999.250 -999.250 -999.250 -999.250 -999.250 -999.250 -999.250 -999.250 -999.250 -999.250 -999.250 -999.250 -999.250 -999.250 -999.250 -999.250 -999.250 -999.250 -999.250 -999.250 -999.250 -999.250
85.629 99.879 103.386 101.043 104.170 97.435 95.972 81.460 75.986 68.975 65.421 55.780 55.392 55.823 54.122 54.956 58.842 64.093 67.334 70.485 74.443 77.639 78.985 80.246 85.043 87.380 92.476 88.326 77.054 72.320 67.616 58.882 53.432 48.984 44.830 35.850 29.507 22.873 20.633 17.086 15.543 15.283 15.442 -999.250 -999.250 -999.250 -999.250 -999.250 -999.250 -999.250 -999.250 -999.250 -999.250 -999.250 -999.250 -999.250 -999.250 -999.250 -999.250 -999.250 -999.250 -999.250 -999.250 -999.250 -999.250 -999.250 -999.250
90.553 99.240 106.172 116.683 109.725 101.505 95.065 89.462 82.965 73.163 72.599 64.379 57.687 61.887 64.335 64.534 62.231 63.674 71.143 74.273 72.955 75.366 79.089 80.348 85.867 85.564 85.982 80.275 75.241 71.767 68.559 62.812 57.591 55.413 48.978 42.339 32.974 28.130 23.283 21.290 16.170 17.142 16.257 -999.250 -999.250 -999.250 -999.250 -999.250 -999.250 -999.250 -999.250 -999.250 -999.250 -999.250 -999.250 -999.250 -999.250 -999.250 -999.250 -999.250 -999.250 -999.250 -999.250 -999.250 -999.250 -999.250 -999.250
88.097 96.962 105.892 113.846 117.564 104.846 97.376 93.895 82.865 75.890 78.087 71.030 62.645 65.437 67.931 72.527 69.759 64.934 71.374 72.682 75.404 79.143 76.578 79.869 86.390 84.772 86.261 80.920 77.484 72.101 68.459 58.966 58.217 52.776 49.666 47.735 41.253 36.274 28.159 22.300 18.977 19.980 -999.250 -999.250 -999.250 -999.250 -999.250 -999.250 -999.250 -999.250 -999.250 -999.250 -999.250 -999.250 -999.250 -999.250 -999.250 -999.250 -999.250 -999.250 -999.250 -999.250 -999.250 -999.250 -999.250 -999.250 -999.250
77.756 95.969 109.973 122.295 119.063 111.703 103.268 94.195 90.183 84.866 80.043 71.266 67.620 68.430 68.756 69.499 71.778 74.705 68.892 75.248 72.262 75.456 78.228 79.941 82.314 87.515 89.104 80.556 75.056 70.991 64.116 59.148 57.855 54.256 50.916 47.354 42.053 -999.250 -999.250 27.663 24.496 22.633 -999.250 -999.250 -999.250 -999.250 -999.250 -999.250 -999.250 -999.250 -999.250 -999.250 -999.250 -999.250 -999.250 -999.250 -999.250 -999.250 -999.250 -999.250 -999.250 -999.250 -999.250 -999.250 -999.250 -999.250 -999.250
73.760 95.379 118.266 134.012 117.684 105.647 103.600 93.736 85.256 84.622 82.564 79.978 73.689 76.602 67.955 69.180 68.887 76.163 80.388 76.162 76.583 76.829 78.925 86.192 83.602 85.916 86.252 85.066 78.376 74.049 69.989 63.829 57.887 56.860 50.876 52.296 47.283 -999.250 -999.250 -999.250 -999.250 -999.250 -999.250 -999.250 -999.250 -999.250 -999.250 -999.250 -999.250 -999.250 -999.250 -999.250 -999.250 -999.250 -999.250 -999.250 -999.250 -999.250 -999.250 -999.250 -999.250 -999.250 -999.250 -999.250 -999.250 -999.250 -999.250
68.342 84.278 96.957 107.378 108.398 102.181 101.071 102.617 90.350 86.778 84.685 82.778 83.488 82.856 71.667 73.126 76.062 76.476 75.182 74.409 81.275 78.584 80.462 81.128 82.324 84.567 82.949 83.937 78.513 75.810 64.757 67.565 64.749 -999.250 -999.250 46.737 -999.250 -999.250 -999.250 -999.250 -999.250 -999.250 -999.250 -999.250 -999.250 -999.250 -999.250 -999.250 -999.250 -999.250 -999.250 -999.250 -999.250 -999.250 -999.250 -999.250 -999.250 -999.250 -999.250 -999.250 -999.250 -999.250 -999.250 -999.250 -999.250 -999.250 -999.250
57.611 72.682 82.738 90.429 96.178 99.034 92.635 98.429 92.058 90.887 84.997 80.904 86.324 81.345 78.010 77.073 78.639 75.739 81.487 77.915 81.418 79.245 85.113 81.789 81.731 83.359 83.955 85.387 78.937 75.172 66.532 -999.250 -999.250 -999.250 -999.250 -999.250 -999.250 -999.250 -999.250 -999.250 -999.250 -999.250 -999.250 -999.250 -999.250 -999.250 -999.250 -999.250 -999.250 -999.250 -999.250 -999.250 -999.250 -999.250 -999.250 -999.250 -999.250 -999.250 -999.250 -999.250 -999.250 -999.250 -999.250 -999.250 -999.250 -999.250 -999.250
49.614 58.054 74.361 80.060 89.782 88.535 85.208 90.854 93.120 88.041 90.166 85.623 87.566 88.678 85.084 80.908 79.391 78.246 75.834 78.975 81.796 76.109 79.411 83.940 82.647 86.718 84.588 84.035 81.715 75.706 73.550 -999.250 -999.250 -999.250 -999.250 -999.250 -999.250 -999.250 -999.250 -999.250 -999.250 -999.250 -999.250 -999.250 -999.250 -999.250 -999.250 -999.250 -999.250 -999.250 -999.250 -999.250 -999.250 -999.250 -999.250 -999.250 -999.250 -999.250 -999.250 -999.250 -999.250 -999.250 -999.250 -999.250 -999.250 -999.250 -999.250
38.121 52.966 62.210 66.000 74.518 75.426 83.874 89.522 91.045 88.886 90.925 87.562 92.569 84.927 85.583 84.265 83.404 79.570 84.392 82.590 86.924 81.387 81.116 87.945 81.544 82.648 80.889 77.615 73.266 76.903 73.055 -999.250 -999.250 -999.250 -999.250 -999.250 -999.250 -999.250 -999.250 -999.250 -999.250 -999.250 -999.250 -999.250 -999.250 -999.250 -999.250 -999.250 -999.250 -999.250 -999.250 -999.250 -999.250 -999.250 -999.250 -999.250 -999.250 -999.250 -999.250 -999.250 -999.250 -999.250 -999.250 -999.250 -999.250 -999.250 -999.250
26.845 37.079 48.512 54.941 61.958 68.281 73.012 71.747 82.699 86.622 84.275 85.155 84.747 86.054 86.332 87.447 87.124 83.774 87.451 83.285 87.700 85.292 81.312 81.835 85.259 84.754 84.443 79.258 78.789 73.675 70.776 -999.250 -999.250 -999.250 -999.250 -999.250 -999.250 -999.250 -999.250 -999.250 -999.250 -999.250 -999.250 -999.250 -999.250 -999.250 -999.250 -999.250 -999.250 -999.250 -999.250 -999.250 -999.250 -999.250 -999.250 -999.250 -999.250 -999.250 -999.250 -999.250 -999.250 -999.250 -999.250 -999.250 -999.250 -999.250 -999.250
18.942 24.200 33.532 43.070 50.975 57.002 62.008 62.497 68.022 81.479 78.258 82.137 87.962 83.003 88.484 85.364 86.884 88.840 90.010 87.390 87.463 84.652 84.386 86.555 86.374 80.205 77.861 81.663 78.154 76.146 -999.250 -999.250 -999.250 -999.250 -999.250 -999.250 -999.250 -999.250 -999.250 -999.250 -999.250 -999.250 -999.250 -999.250 -999.250 -999.250 -999.250 -999.250 -999.250 -999.250 -999.250 -999.250 -999.250 -999.250 -999.250 -999.250 -999.250 -999.250 -999.250 -999.250 -999.250 -999.250 -999.250 -999.250 -999.250 -999.250 -999.250
13.384 16.955 26.263 30.769 41.240 40.968 51.825 56.168 65.573 68.497 74.617 82.740 93.693 78.821 81.857 81.676 85.464 92.060 97.875 93.794 88.155 90.756 83.746 78.299 83.546 76.482 81.149 77.547 76.741 75.452 -999.250 -999.250 -999.250 -999.250 -999.250 -999.250 -999.250 -999.250 -999.250 -999.250 -999.250 -999.250 -999.250 -999.250 -999.250 -999.250 -999.250 -999.250 -999.250 -999.250 -999.250 -999.250 -999.250 -999.250 -999.250 -999.250 -999.250 -999.250 -999.250 -999.250 -999.250 -999.250 -999.250 -999.250 -999.250 -999.250 -999.250
7.052 12.358 16.937 21.517 26.661 32.067 40.922 52.118 57.520 62.438 74.472 80.662 78.067 78.653 87.394 80.364 84.338 87.242 89.595 86.692 86.583 82.095 77.521 72.251 72.386 72.601 72.354 74.471 72.313 67.180 -999.250 -999.250 -999.250 -999.250 -999.250 -999.250 -999.250 -999.250 -999.250 -999.250 -999.250 -999.250 -999.250 -999.250 -999.250 -999.250 -999.250 -999.250 -999.250 -999.250 -999.250 -999.250 -999.250 -999.250 -999.250 -999.250 -999.250 -999.250 -999.250 -999.250 -999.250 -999.250 -999.250 -999.250 -999.250 -999.250 -999.250
1.403 4.832 10.129 17.423 20.025 30.124 32.803 44.616 51.293 51.040 61.838 70.134 72.111 72.918 74.981 78.548 79.607 84.039 78.945 82.392 76.238 74.584 76.280 70.084 65.704 67.037 68.328 64.012 65.734 -999.250 -999.250 -999.250 -999.250 -999.250 -999.250 -999.250 -999.250 -999.250 -999.250 -999.250 -999.250 -999.250 -999.250 -999.250 -999.250 -999.250 -999.250 -999.250 -999.250 -999.250 -999.250 -999.250 -999.250 -999.250 -999.250 -999.250 -999.250 -999.250 -999.250 -999.250 -999.250 -999.250 -999.250 -999.250 -999.250 -999.250 -999.250
0.000 0.286 3.502 10.567 15.029 24.782 27.996 34.542 40.059 48.735 55.438 61.176 68.176 74.308 77.713 73.428 73.121 75.412 79.555 77.435 80.593 75.800 65.265 61.661 63.890 63.631 62.299 65.932 66.618 -999.250 -999.250 -999.250 -999.250 -999.250 -999.250 -999.250 -999.250 -999.250 -999.250 -999.250 -999.250 -999.250 -999.250 -999.250 -999.250 -999.250 -999.250 -999.250 -999.250 -999.250 -999.250 -999.250 -999.250 -999.250 -999.250 -999.250 -999.250 -999.250 -999.250 -999.250 -999.250 -999.250 -999.250 -999.250 -999.250 -999.250 -999.250
