data/medianmodel_22-Jul-2020.asc
ncols	141
nrows	288
xllcorner	-120191.398
yllcorner	-301404.813
cellsize	2000.000
NODATA_value	-999.250
[rows 248 to 278 of 288, columns 0 to 69 of 141]
-999.250 -999.250 -999.250 -999.250 -999.250 -999.250 -999.250 -999.250 -999.250 -999.250 -999.250 -999.250 -999.250 -999.250 -999.250 -999.250 -999.250 -999.250 -999.250 -999.250 -999.250 -999.250 -999.250 -999.250 -999.250 -999.250 -999.250 -999.250 -999.250 -999.250 13.716 11.728 8.677 9.120 7.278 6.412 7.594 6.208 9.437 8.203 8.442 6.471 8.350 7.482 5.987 6.237 4.158 3.368 3.243 3.290 2.482 0.244 0.000 0.000 0.000 0.000 0.000 0.000 0.000 0.000 0.000 0.000 0.305 2.324 2.303 0.712 3.467 0.911 2.503 1.406
-999.250 -999.250 -999.250 -999.250 -999.250 -999.250 -999.250 -999.250 -999.250 -999.250 -999.250 -999.250 -999.250 -999.250 -999.250 -999.250 -999.250 -999.250 -999.250 -999.250 -999.250 -999.250 -999.250 -999.250 -999.250 -999.250 -999.250 -999.250 -999.250 -999.250 11.002 12.185 11.950 8.215 8.486 8.378 7.311 6.047 9.330 9.811 10.734 7.493 7.159 8.533 6.049 5.587 3.942 2.844 2.755 3.038 3.307 0.985 0.000 0.000 0.000 0.000 0.000 0.000 0.000 0.000 1.434 1.550 1.705 2.235 4.845 3.661 4.650 4.545 2.457 2.280
-999.250 -999.250 -999.250 -999.250 -999.250 -999.250 -999.250 -999.250 -999.250 -999.250 -999.250 -999.250 -999.250 -999.250 -999.250 -999.250 -999.250 -999.250 -999.250 -999.250 -999.250 -999.250 -999.250 -999.250 -999.250 -999.250 -999.250 -999.250 -999.250 -999.250 12.327 10.605 11.314 10.447 9.746 10.544 8.373 8.287 9.495 10.955 10.614 8.310 8.064 8.426 6.192 5.626 3.935 3.767 4.000 4.077 3.907 1.387 0.000 0.000 0.000 0.000 0.000 0.000 0.403 1.933 3.386 3.267 3.049 6.219 6.718 6.359 6.126 6.043 5.212 5.781
-999.250 -999.250 -999.250 -999.250 -999.250 -999.250 -999.250 -999.250 -999.250 -999.250 -999.250 -999.250 -999.250 -999.250 -999.250 -999.250 -999.250 -999.250 -999.250 -999.250 -999.250 -999.250 -999.250 -999.250 -999.250 -999.250 -999.250 -999.250 -999.250 -999.250 12.478 12.830 11.655 8.999 10.141 9.678 9.799 10.020 12.660 16.183 12.004 9.343 8.365 7.865 7.326 4.711 5.821 4.179 3.316 3.832 4.223 3.030 1.044 0.883 0.000 0.000 0.939 2.021 4.243 6.358 6.388 7.058 6.686 8.301 9.839 8.907 10.004 7.077 6.379 5.003
-999.250 -999.250 -999.250 -999.250 -999.250 -999.250 -999.250 -999.250 -999.250 -999.250 -999.250 -999.250 -999.250 -999.250 -999.250 -999.250 -999.250 -999.250 -999.250 -999.250 -999.250 -999.250 -999.250 -999.250 -999.250 -999.250 -999.250 -999.250 -999.250 12.223 10.865 14.163 11.970 11.874 7.903 7.461 7.941 8.653 12.647 11.995 11.052 11.292 8.845 8.516 5.370 6.062 5.814 6.226 2.020 4.469 3.972 4.641 2.518 2.554 0.693 2.945 3.083 6.222 6.458 8.059 10.478 9.664 9.144 11.533 13.344 11.785 12.308 7.602 8.513 8.506
-999.250 -999.250 -999.250 -999.250 -999.250 -999.250 -999.250 -999.250 -999.250 -999.250 -999.250 -999.250 -999.250 -999.250 -999.250 -999.250 -999.250 -999.250 -999.250 -999.250 -999.250 -999.250 -999.250 -999.250 -999.250 -999.250 -999.250 -999.250 -999.250 -999.250 13.062 10.565 12.259 9.462 8.248 8.173 7.764 7.893 8.699 9.709 9.498 8.700 9.958 7.368 7.145 7.893 4.903 4.228 4.053 4.581 4.731 4.379 3.834 3.273 4.736 5.209 5.884 8.885 11.405 11.126 15.829 17.705 12.856 12.757 14.958 13.505 14.293 10.086 8.880 9.788
-999.250 -999.250 -999.250 -999.250 -999.250 -999.250 -999.250 -999.250 -999.250 -999.250 -999.250 -999.250 -999.250 -999.250 -999.250 -999.250 -999.250 -999.250 -999.250 -999.250 -999.250 -999.250 -999.250 -999.250 -999.250 -999.250 -999.250 -999.250 -999.250 -999.250 12.087 11.589 11.556 8.999 6.844 7.999 8.893 8.068 7.719 10.187 7.783 7.947 8.013 7.907 7.118 8.176 6.174 4.925 6.452 4.944 5.051 4.579 3.577 3.308 4.929 7.386 8.357 11.915 16.445 15.456 18.438 15.141 21.072 18.830 20.942 19.743 16.228 13.283 10.466 9.683
-999.250 -999.250 -999.250 -999.250 -999.250 -999.250 -999.250 -999.250 -999.250 -999.250 -999.250 -999.250 -999.250 -999.250 -999.250 -999.250 -999.250 -999.250 -999.250 -999.250 -999.250 -999.250 -999.250 -999.250 -999.250 -999.250 -999.250 -999.250 -999.250 -999.250 -999.250 12.460 12.144 10.845 8.781 7.982 8.137 6.406 8.355 8.592 8.814 6.781 7.001 6.681 8.368 6.036 6.287 5.336 6.065 2.668 4.229 6.060 5.955 5.355 5.515 8.023 9.328 12.246 14.524 14.639 17.102 20.662 25.578 25.830 27.305 19.015 19.330 14.859 9.936 9.353
-999.250 -999.250 -999.250 -999.250 -999.250 -999.250 -999.250 -999.250 -999.250 -999.250 -999.250 -999.250 -999.250 -999.250 -999.250 -999.250 -999.250 -999.250 -999.250 -999.250 -999.250 -999.250 -999.250 -999.250 -999.250 -999.250 -999.250 -999.250 -999.250 -999.250 -999.250 9.117 9.935 10.636 7.954 8.061 6.481 6.234 5.969 6.257 6.210 7.469 7.353 6.930 7.141 5.878 5.251 5.859 6.400 6.344 4.158 4.519 4.312 5.834 6.873 8.119 10.665 11.384 14.076 16.024 20.011 22.931 30.156 27.258 31.289 23.527 17.082 16.774 13.477 10.726
-999.250 -999.250 -999.250 -999.250 -999.250 -999.250 -999.250 -999.250 -999.250 -999.250 -999.250 -999.250 -999.250 -999.250 -999.250 -999.250 -999.250 -999.250 -999.250 -999.250 -999.250 -999.250 -999.250 -999.250 -999.250 -999.250 -999.250 -999.250 -999.250 -999.250 11.527 8.902 8.190 9.296 7.972 6.825 6.990 6.765 7.628 6.741 7.684 5.436 6.733 5.645 5.688 5.169 5.276 3.947 4.024 4.939 5.219 5.104 5.506 6.237 6.873 7.979 9.560 14.086 15.013 17.973 18.019 25.034 32.618 34.080 44.610 31.145 27.119 21.514 13.322 9.214
-999.250 -999.250 -999.250 -999.250 -999.250 -999.250 -999.250 -999.250 -999.250 -999.250 -999.250 -999.250 -999.250 -999.250 -999.250 -999.250 -999.250 -999.250 -999.250 -999.250 -999.250 -999.250 -999.250 -999.250 -999.250 -999.250 -999.250 -999.250 -999.250 -999.250 8.613 13.379 8.421 7.472 7.284 7.319 6.970 6.474 4.962 5.456 6.351 6.286 7.187 6.403 5.533 5.373 3.353 3.551 3.880 3.993 4.751 5.547 5.879 7.068 6.789 7.661 9.057 11.042 14.691 16.781 21.146 24.779 39.015 38.618 37.600 29.572 29.408 21.844 15.173 10.912
-999.250 -999.250 -999.250 -999.250 -999.250 -999.250 -999.250 -999.250 -999.250 -999.250 -999.250 -999.250 -999.250 -999.250 -999.250 -999.250 -999.250 -999.250 -999.250 -999.250 -999.250 -999.250 -999.250 -999.250 -999.250 -999.250 -999.250 -999.250 -999.250 -999.250 11.743 10.960 12.559 8.810 8.066 5.921 5.460 3.466 4.079 4.642 5.996 5.774 5.377 5.472 6.280 3.676 2.988 2.469 5.894 3.810 5.181 5.545 6.644 8.276 8.703 9.986 11.487 13.663 18.691 15.838 19.425 23.522 28.565 30.492 31.995 28.617 29.116 24.179 19.126 14.120
-999.250 -999.250 -999.250 -999.250 -999.250 -999.250 -999.250 -999.250 -999.250 -999.250 -999.250 -999.250 -999.250 -999.250 -999.250 -999.250 -999.250 -999.250 -999.250 -999.250 -999.250 -999.250 -999.250 -999.250 -999.250 -999.250 -999.250 -999.250 -999.250 -999.250 11.937 12.145 11.146 9.902 8.723 6.853 5.748 4.539 2.580 1.148 3.601 4.245 2.765 4.687 4.781 2.669 5.083 4.535 6.308 6.318 7.235 6.445 7.212 9.660 8.074 8.418 11.497 13.514 18.228 18.712 20.494 18.325 23.717 23.851 25.581 21.360 21.716 20.893 19.203 14.931
-999.250 -999.250 -999.250 -999.250 -999.250 -999.250 -999.250 -999.250 -999.250 -999.250 -999.250 -999.250 -999.250 -999.250 -999.250 -999.250 -999.250 -999.250 -999.250 -999.250 -999.250 -999.250 -999.250 -999.250 -999.250 -999.250 -999.250 -999.250 -999.250 -999.250 11.551 10.895 10.149 10.041 8.077 5.004 5.564 1.812 0.000 0.000 2.141 1.645 1.032 2.582 3.296 2.609 7.333 4.209 5.677 7.260 7.720 7.797 7.480 9.899 10.546 11.705 14.038 14.498 18.146 17.377 20.406 21.117 22.490 21.601 27.501 24.491 21.489 17.527 16.424 15.240
-999.250 -999.250 -999.250 -999.250 -999.250 -999.250 -999.250 -999.250 -999.250 -999.250 -999.250 -999.250 -999.250 -999.250 -999.250 -999.250 -999.250 -999.250 -999.250 -999.250 -999.250 -999.250 -999.250 -999.250 -999.250 -999.250 -999.250 -999.250 -999.250 -999.250 9.744 10.522 10.872 9.446 8.791 3.686 1.256 2.516 0.000 0.237 0.000 0.000 0.000 1.245 3.433 2.985 3.542 5.825 6.108 8.194 8.034 8.712 11.241 11.639 12.279 10.694 11.963 14.113 15.015 17.917 20.163 18.715 20.610 22.217 26.942 24.790 23.675 20.105 18.553 12.496
-999.250 -999.250 -999.250 -999.250 -999.250 -999.250 -999.250 -999.250 -999.250 -999.250 -999.250 -999.250 -999.250 -999.250 -999.250 -999.250 -999.250 -999.250 -999.250 -999.250 -999.250 -999.250 -999.250 -999.250 -999.250 -999.250 -999.250 -999.250 -999.250 14.793 13.910 11.954 10.622 6.622 6.837 4.289 2.445 0.000 0.000 0.000 0.000 0.000 0.071 0.000 2.839 4.343 4.958 5.118 6.230 7.372 8.102 7.016 11.794 13.108 10.477 11.278 13.908 14.139 15.237 21.996 22.432 21.612 20.494 21.564 22.622 18.770 19.534 17.546 16.448 9.033
-999.250 -999.250 -999.250 -999.250 -999.250 -999.250 -999.250 -999.250 -999.250 -999.250 -999.250 -999.250 -999.250 -999.250 -999.250 -999.250 -999.250 -999.250 -999.250 -999.250 -999.250 -999.250 -999.250 -999.250 -999.250 -999.250 -999.250 -999.250 -999.250 14.372 12.117 15.446 12.016 9.977 7.638 4.509 2.770 0.076 0.000 0.000 0.000 0.000 0.000 0.000 1.945 3.699 4.751 4.711 6.860 8.207 8.501 8.735 12.156 12.484 11.817 13.692 13.001 16.882 21.876 19.398 21.503 20.003 26.735 22.483 21.138 19.022 15.134 15.629 14.001 11.124
-999.250 -999.250 -999.250 -999.250 -999.250 -999.250 -999.250 -999.250 -999.250 -999.250 -999.250 -999.250 -999.250 -999.250 -999.250 -999.250 -999.250 -999.250 -999.250 -999.250 -999.250 -999.250 -999.250 -999.250 -999.250 -999.250 -999.250 -999.250 16.473 16.568 17.032 15.875 12.288 11.031 8.520 4.065 3.582 2.161 0.000 0.000 0.000 0.000 0.000 0.636 2.439 3.338 5.849 5.564 8.059 10.651 10.690 8.921 8.716 11.912 14.153 13.057 13.511 16.116 15.199 16.892 20.744 18.970 20.767 18.434 21.087 18.212 14.813 13.083 12.689 10.180
-999.250 -999.250 -999.250 -999.250 -999.250 -999.250 -999.250 -999.250 -999.250 -999.250 -999.250 -999.250 -999.250 -999.250 -999.250 -999.250 -999.250 -999.250 -999.250 -999.250 -999.250 -999.250 -999.250 -999.250 -999.250 -999.250 -999.250 -999.250 20.005 19.709 17.808 17.264 13.866 10.794 8.927 5.246 2.798 0.521 0.295 0.000 0.000 0.000 0.000 0.000 3.500 4.766 6.001 6.964 7.166 7.995 9.758 8.707 10.167 11.846 10.564 11.787 16.657 15.477 16.951 16.968 15.884 15.860 18.825 18.564 17.492 13.479 13.809 12.023 10.518 8.193
-999.250 -999.250 -999.250 -999.250 -999.250 -999.250 -999.250 -999.250 -999.250 -999.250 -999.250 -999.250 -999.250 -999.250 -999.250 -999.250 -999.250 -999.250 -999.250 -999.250 -999.250 -999.250 -999.250 -999.250 -999.250 -999.250 -999.250 21.311 19.414 21.650 27.000 22.136 17.162 13.064 9.126 6.295 3.331 1.733 0.564 0.000 0.000 0.000 0.426 0.946 3.055 6.210 6.739 5.831 9.070 7.931 7.444 10.197 9.060 11.244 10.031 10.468 13.176 16.974 15.508 18.173 21.008 15.366 18.629 25.141 18.119 14.473 11.517 12.852 9.339 7.232
-999.250 -999.250 -999.250 -999.250 -999.250 -999.250 -999.250 -999.250 -999.250 -999.250 -999.250 -999.250 -999.250 -999.250 -999.250 -999.250 -999.250 -999.250 -999.250 -999.250 -999.250 -999.250 -999.250 -999.250 -999.250 -999.250 -999.250 22.826 22.181 27.774 35.753 24.418 17.900 14.204 9.357 7.518 5.507 2.580 0.990 1.968 0.213 3.191 4.261 3.576 5.065 5.434 7.966 6.417 7.960 9.622 10.168 11.018 11.213 10.095 12.400 15.156 15.687 14.930 14.641 14.178 16.482 20.227 14.985 16.632 15.681 13.374 11.067 9.563 9.450 6.330
-999.250 -999.250 -999.250 -999.250 -999.250 -999.250 -999.250 -999.250 -999.250 -999.250 -999.250 -999.250 -999.250 -999.250 -999.250 -999.250 -999.250 -999.250 -999.250 -999.250 -999.250 -999.250 -999.250 -999.250 -999.250 -999.250 -999.250 18.008 20.188 25.693 27.811 23.237 20.087 14.040 9.834 8.429 6.996 5.147 3.219 3.557 4.282 5.452 6.852 4.951 6.682 7.948 8.660 8.597 8.387 10.243 10.065 14.402 16.241 11.196 11.483 11.573 15.387 11.580 16.910 16.888 19.115 18.536 16.157 20.404 15.232 15.021 12.180 8.993 8.166 5.805
-999.250 -999.250 -999.250 -999.250 -999.250 -999.250 -999.250 -999.250 -999.250 -999.250 -999.250 -999.250 -999.250 -999.250 -999.250 -999.250 -999.250 -999.250 -999.250 -999.250 -999.250 -999.250 -999.250 -999.250 -999.250 -999.250 -999.250 18.285 18.153 18.160 19.296 18.633 19.772 15.439 10.808 9.685 8.174 6.842 6.323 6.625 6.474 7.771 7.036 7.079 7.458 8.329 8.823 11.457 10.857 11.544 9.866 11.873 16.856 16.365 13.762 12.538 13.397 18.637 17.957 16.402 17.853 18.874 19.847 19.720 13.439 12.703 10.623 10.817 7.249 6.347
-999.250 -999.250 -999.250 -999.250 -999.250 -999.250 -999.250 -999.250 -999.250 -999.250 -999.250 -999.250 -999.250 -999.250 -999.250 -999.250 -999.250 -999.250 -999.250 -999.250 -999.250 -999.250 -999.250 -999.250 -999.250 -999.250 -999.250 15.105 17.473 14.152 16.670 18.641 16.458 13.353 11.776 10.148 10.170 9.125 9.580 8.658 8.446 10.391 10.881 10.178 10.042 7.499 9.904 8.871 9.360 12.199 11.748 11.344 16.974 14.448 15.625 15.209 15.217 14.955 18.586 18.752 21.970 20.508 18.281 17.535 15.011 13.605 10.891 9.154 7.722 4.504
-999.250 -999.250 -999.250 -999.250 -999.250 -999.250 -999.250 -999.250 -999.250 -999.250 -999.250 -999.250 -999.250 -999.250 -999.250 -999.250 -999.250 -999.250 -999.250 -999.250 -999.250 -999.250 -999.250 -999.250 -999.250 -999.250 -999.250 11.551 12.870 13.190 15.278 15.967 15.876 16.394 11.528 10.753 10.870 12.197 12.323 12.281 12.716 13.218 13.240 10.441 10.085 11.520 9.007 10.358 10.564 12.536 13.050 14.514 11.188 13.735 15.779 17.075 17.210 14.787 19.545 18.076 17.212 20.004 23.299 17.321 17.612 17.496 11.959 10.935 8.944 7.318
-999.250 -999.250 -999.250 -999.250 -999.250 -999.250 -999.250 -999.250 -999.250 -999.250 -999.250 -999.250 -999.250 -999.250 -999.250 -999.250 -999.250 -999.250 -999.250 -999.250 -999.250 -999.250 -999.250 -999.250 -999.250 -999.250 9.383 10.813 10.580 13.925 15.002 15.414 15.664 14.386 13.717 12.996 13.620 16.945 14.889 14.029 15.897 18.814 16.722 11.604 12.031 8.025 9.346 10.780 12.449 11.970 11.744 14.198 14.273 13.062 18.226 16.215 18.683 18.323 19.685 19.254 18.678 22.355 22.566 17.819 21.402 18.604 14.824 13.259 9.729 8.392
-999.250 -999.250 -999.250 -999.250 -999.250 -999.250 -999.250 -999.250 -999.250 -999.250 -999.250 -999.250 -999.250 -999.250 -999.250 -999.250 -999.250 -999.250 -999.250 -999.250 -999.250 -999.250 -999.250 -999.250 -999.250 -999.250 7.465 9.660 11.939 15.087 12.991 13.306 14.425 15.256 14.120 15.331 17.442 16.960 16.657 18.458 20.216 22.050 17.987 11.372 8.456 7.391 7.565 8.077 8.752 13.887 13.888 13.644 15.619 14.910 14.490 19.857 20.714 25.478 21.330 21.311 18.559 21.980 18.131 20.186 20.720 24.064 15.405 12.690 10.919 9.894
-999.250 -999.250 -999.250 -999.250 -999.250 -999.250 -999.250 -999.250 -999.250 -999.250 -999.250 -999.250 -999.250 -999.250 -999.250 -999.250 -999.250 -999.250 -999.250 -999.250 -999.250 -999.250 -999.250 -999.250 -999.250 5.337 7.429 7.145 9.836 10.981 11.647 15.113 15.402 13.487 16.066 17.671 18.161 17.786 18.508 21.448 22.594 30.640 20.040 13.567 9.427 7.064 7.913 8.010 10.062 13.290 13.391 15.406 13.640 16.416 18.772 19.907 19.555 30.272 20.843 24.147 21.389 19.736 19.921 24.392 21.636 23.482 19.731 16.040 14.035 9.839
-999.250 -999.250 -999.250 -999.250 -999.250 -999.250 -999.250 -999.250 -999.250 -999.250 -999.250 -999.250 -999.250 -999.250 -999.250 -999.250 -999.250 -999.250 -999.250 -999.250 -999.250 -999.250 -999.250 -999.250 -999.250 3.776 4.854 6.173 8.025 8.343 11.175 11.380 12.500 13.130 14.241 17.498 14.807 15.785 18.834 19.017 19.891 22.554 18.541 14.138 10.127 8.680 9.585 9.648 9.702 12.802 13.878 13.639 15.632 14.002 14.997 17.986 20.181 21.383 19.058 23.909 22.465 25.568 26.421 29.877 32.258 23.643 22.905 18.097 13.774 12.323
-999.250 -999.250 -999.250 -999.250 -999.250 -999.250 -999.250 -999.250 -999.250 -999.250 -999.250 -999.250 -999.250 -999.250 -999.250 -999.250 -999.250 -999.250 -999.250 -999.250 -999.250 -999.250 -999.250 -999.250 -999.250 0.000 0.667 4.125 6.986 7.483 8.277 9.789 11.421 12.759 17.252 16.036 17.844 18.275 16.157 16.767 18.144 15.686 12.787 12.510 11.087 8.610 9.135 8.780 9.128 11.113 19.323 16.942 15.419 14.320 14.586 17.286 18.667 18.177 20.754 18.561 22.010 27.962 40.759 32.162 31.005 23.016 21.180 17.183 18.918 12.533
-999.250 -999.250 -999.250 -999.250 -999.250 -999.250 -999.250 -999.250 -999.250 -999.250 -999.250 -999.250 -999.250 -999.250 -999.250 -999.250 -999.250 -999.250 -999.250 -999.250 -999.250 -999.250 -999.250 -999.250 0.000 0.000 0.305 4.552 5.681 7.648 7.539 10.095 12.304 14.863 21.489 22.564 21.681 17.267 17.632 18.933 14.387 15.178 12.780 9.170 9.541 7.910 8.787 8.002 9.047 12.540 13.076 14.133 12.326 13.962 13.401 19.859 18.971 19.369 23.029 22.979 22.845 28.126 36.962 33.495 27.396 24.448 25.176 18.899 17.152 13.379
