data/medianmodel_22-Oct-2020.asc
ncols	141
nrows	288
xllcorner	-120191.398
yllcorner	-301404.813
cellsize	2000.000
NODATA_value	-999.250
[rows 203 to 231 of 288, columns 0 to 66 of 141]
-999.250 -999.250 -999.250 -999.250 -999.250 -999.250 -999.250 -999.250 -999.250 -999.250 -999.250 -999.250 -999.250 -999.250 162.855 159.410 168.011 166.005 182.020 165.962 154.262 151.069 163.189 -999.250 -999.250 -999.250 136.053 143.153 157.798 150.417 154.878 139.406 155.437 155.974 145.426 137.123 133.177 135.899 133.569 128.972 123.480 132.618 133.687 146.720 130.442 132.298 141.777 145.020 131.442 119.996 127.751 136.458 145.766 126.372 138.202 137.886 135.511 135.915 142.835 118.339 134.449 124.369 140.329 147.298 147.142 113.791 106.115
-999.250 -999.250 -999.250 -999.250 -999.250 -999.250 -999.250 -999.250 -999.250 -999.250 -999.250 -999.250 -999.250 157.320 148.935 156.144 165.421 150.300 153.236 150.281 162.639 145.771 -999.250 -999.250 -999.250 -999.250 -999.250 142.217 162.662 148.716 144.804 140.072 133.028 143.524 133.306 144.680 135.403 134.915 143.506 135.604 125.706 120.401 131.386 125.029 123.511 140.100 159.069 145.940 141.901 124.904 113.249 129.400 132.009 145.245 152.198 149.477 144.450 143.090 145.854 141.828 139.875 152.961 131.041 145.877 141.523 135.769 122.863
-999.250 -999.250 -999.250 -999.250 -999.250 -999.250 -999.250 -999.250 -999.250 -999.250 -999.250 -999.250 -999.250 161.131 153.315 151.166 154.074 147.784 141.336 151.167 -999.250 -999.250 -999.250 -999.250 -999.250 -999.250 -999.250 -999.250 149.739 158.459 142.894 139.103 133.300 129.000 118.930 143.791 143.332 162.232 125.599 130.078 124.674 133.533 134.100 120.096 135.155 143.247 135.519 123.255 127.573 122.269 123.019 104.827 133.737 152.459 153.518 144.710 151.504 159.932 151.943 156.565 140.196 129.765 135.214 145.568 135.400 131.404 115.507
-999.250 -999.250 -999.250 -999.250 -999.250 -999.250 -999.250 -999.250 -999.250 -999.250 -999.250 -999.250 126.839 127.413 -999.250 -999.250 -999.250 -999.250 -999.250 -999.250 -999.250 -999.250 -999.250 -999.250 -999.250 -999.250 -999.250 -999.250 -999.250 134.829 127.366 147.324 132.659 134.937 124.528 114.750 143.327 147.903 117.656 115.839 120.055 122.536 125.277 118.532 128.166 149.218 148.245 135.406 120.778 106.412 116.884 132.138 129.971 126.742 125.159 142.210 148.381 149.271 150.345 171.936 158.932 141.549 158.510 146.259 126.959 124.796 114.513
-999.250 -999.250 -999.250 -999.250 -999.250 -999.250 -999.250 -999.250 -999.250 -999.250 -999.250 -999.250 -999.250 -999.250 -999.250 -999.250 -999.250 -999.250 -999.250 -999.250 -999.250 -999.250 -999.250 -999.250 -999.250 -999.250 -999.250 -999.250 -999.250 -999.250 138.063 130.955 145.299 138.659 131.308 118.905 131.685 133.205 131.406 118.067 123.499 136.207 135.074 115.258 128.886 127.060 133.076 132.859 130.895 134.365 142.094 144.149 126.573 130.424 137.744 149.136 158.106 156.222 158.830 174.843 160.164 152.126 162.270 152.724 144.623 129.229 137.173
-999.250 -999.250 -999.250 -999.250 -999.250 -999.250 -999.250 -999.250 -999.250 -999.250 -999.250 -999.250 -999.250 -999.250 -999.250 -999.250 -999.250 -999.250 -999.250 -999.250 -999.250 -999.250 -999.250 -999.250 -999.250 -999.250 -999.250 -999.250 -999.250 -999.250 120.726 141.513 123.832 131.718 127.606 126.404 135.710 125.377 130.811 127.814 128.853 123.035 144.331 124.113 147.024 138.797 133.955 128.359 133.608 148.713 148.345 165.082 156.231 135.962 134.814 130.646 138.515 145.238 149.722 139.619 148.696 143.243 141.324 157.795 156.262 143.420 134.251
-999.250 -999.250 -999.250 -999.250 -999.250 -999.250 -999.250 -999.250 -999.250 -999.250 -999.250 -999.250 -999.250 -999.250 -999.250 -999.250 -999.250 -999.250 -999.250 -999.250 -999.250 -999.250 -999.250 -999.250 -999.250 -999.250 -999.250 -999.250 -999.250 -999.250 108.831 118.604 116.796 129.928 132.676 134.305 139.281 131.683 128.613 124.054 128.934 129.449 138.534 140.326 151.532 143.040 134.944 126.829 153.847 148.150 155.330 152.158 138.436 139.000 148.236 142.323 156.371 147.450 146.214 138.180 128.532 135.298 144.445 148.079 156.170 174.324 140.244
-999.250 -999.250 -999.250 -999.250 -999.250 -999.250 -999.250 -999.250 -999.250 -999.250 -999.250 -999.250 -999.250 -999.250 -999.250 -999.250 -999.250 -999.250 -999.250 -999.250 -999.250 -999.250 -999.250 -999.250 -999.250 -999.250 -999.250 -999.250 -999.250 -999.250 -999.250 129.133 116.698 116.026 122.968 131.359 135.279 129.220 114.709 120.456 135.857 145.028 154.387 157.277 161.875 147.683 146.050 139.070 137.776 128.897 141.361 147.078 159.541 148.589 137.969 144.176 137.803 148.429 135.257 118.876 116.655 129.012 132.736 128.026 137.987 154.720 152.342
-999.250 -999.250 -999.250 -999.250 -999.250 -999.250 -999.250 -999.250 -999.250 -999.250 -999.250 -999.250 -999.250 -999.250 -999.250 -999.250 -999.250 -999.250 -999.250 -999.250 -999.250 -999.250 -999.250 -999.250 -999.250 -999.250 -999.250 -999.250 -999.250 -999.250 -999.250 121.910 120.006 120.065 127.608 138.472 139.829 132.317 111.532 134.506 143.714 142.956 152.675 167.337 161.944 144.668 157.207 155.694 155.921 151.144 133.736 150.390 154.021 145.015 131.653 133.659 141.405 135.193 122.340 114.876 105.749 111.064 111.351 110.563 123.958 155.491 143.722
-999.250 -999.250 -999.250 -999.250 -999.250 -999.250 -999.250 -999.250 -999.250 -999.250 -999.250 -999.250 -999.250 -999.250 -999.250 -999.250 -999.250 -999.250 -999.250 -999.250 -999.250 -999.250 -999.250 -999.250 -999.250 -999.250 -999.250 -999.250 -999.250 -999.250 -999.250 117.759 127.785 139.252 114.887 136.170 130.043 128.285 135.875 126.078 139.156 146.958 150.016 153.323 166.985 165.180 157.545 144.074 133.451 119.058 147.386 153.940 132.753 159.094 133.706 142.443 120.855 117.772 123.227 109.088 101.457 92.619 86.842 92.616 106.115 132.067 115.975
-999.250 -999.250 -999.250 -999.250 -999.250 -999.250 -999.250 -999.250 -999.250 -999.250 -999.250 -999.250 -999.250 -999.250 -999.250 -999.250 -999.250 -999.250 -999.250 -999.250 -999.250 -999.250 -999.250 -999.250 -999.250 -999.250 -999.250 -999.250 -999.250 -999.250 -999.250 120.185 123.980 135.044 135.228 131.247 126.820 102.395 112.810 122.651 142.482 144.923 156.129 151.137 159.574 166.352 170.204 159.758 159.002 157.883 153.161 145.491 169.080 154.765 155.263 136.752 135.059 117.173 118.221 94.707 91.654 77.458 71.652 71.519 80.518 89.838 95.121
-999.250 -999.250 -999.250 -999.250 -999.250 -999.250 -999.250 -999.250 -999.250 -999.250 -999.250 -999.250 -999.250 -999.250 -999.250 -999.250 -999.250 -999.250 -999.250 -999.250 -999.250 -999.250 -999.250 -999.250 -999.250 -999.250 -999.250 -999.250 -999.250 -999.250 -999.250 106.678 129.927 123.329 115.499 120.990 122.379 120.861 141.669 131.302 137.343 141.641 129.209 151.104 154.311 207.467 157.395 161.231 170.142 155.439 146.606 145.620 142.970 152.899 139.764 140.623 122.472 114.083 91.210 79.050 74.307 65.157 62.007 61.578 59.036 61.669 68.010
-999.250 -999.250 -999.250 -999.250 -999.250 -999.250 -999.250 -999.250 -999.250 -999.250 -999.250 -999.250 -999.250 -999.250 -999.250 -999.250 -999.250 -999.250 -999.250 -999.250 -999.250 -999.250 -999.250 -999.250 -999.250 -999.250 -999.250 -999.250 -999.250 -999.250 -999.250 104.366 112.553 135.448 133.626 114.784 116.718 124.317 129.878 135.407 149.330 142.660 158.190 165.916 152.422 168.425 162.477 162.536 159.507 166.769 159.523 162.372 147.091 144.542 141.207 133.099 113.865 111.646 86.260 78.213 61.287 57.565 40.235 37.398 37.999 41.640 45.940
-999.250 -999.250 -999.250 -999.250 -999.250 -999.250 -999.250 -999.250 -999.250 -999.250 -999.250 -999.250 -999.250 -999.250 -999.250 -999.250 -999.250 -999.250 -999.250 -999.250 -999.250 -999.250 -999.250 -999.250 -999.250 -999.250 -999.250 -999.250 -999.250 -999.250 -999.250 104.254 110.432 127.422 126.778 122.694 139.667 148.011 148.724 149.818 157.954 148.690 160.641 172.059 172.627 167.286 166.048 167.862 175.167 160.250 135.889 146.900 139.009 122.811 126.848 129.427 102.868 82.820 84.485 64.629 45.127 43.608 35.401 28.468 24.627 22.916 25.496
-999.250 -999.250 -999.250 -999.250 -999.250 -999.250 -999.250 -999.250 -999.250 -999.250 -999.250 -999.250 -999.250 -999.250 -999.250 -999.250 -999.250 -999.250 -999.250 -999.250 -999.250 -999.250 -999.250 -999.250 -999.250 -999.250 -999.250 -999.250 -999.250 -999.250 -999.250 102.608 101.273 111.431 129.873 111.527 134.622 173.783 164.992 169.005 175.833 169.513 167.550 187.632 164.780 172.099 189.909 187.871 171.243 147.195 145.104 140.400 132.367 124.350 112.393 107.271 107.988 91.203 85.157 62.572 41.709 34.954 33.230 26.810 16.879 0.000 16.424
-999.250 -999.250 -999.250 -999.250 -999.250 -999.250 -999.250 -999.250 -999.250 -999.250 -999.250 -999.250 -999.250 -999.250 -999.250 -999.250 -999.250 -999.250 -999.250 -999.250 -999.250 -999.250 -999.250 -999.250 -999.250 -999.250 -999.250 -999.250 -999.250 -999.250 -999.250 92.190 112.040 110.356 117.570 117.936 142.595 158.604 170.261 181.388 195.654 211.582 204.651 183.930 171.550 155.490 165.958 169.439 148.810 142.756 134.348 126.966 118.390 113.333 92.753 104.183 101.410 84.371 66.298 59.511 45.829 37.457 30.217 26.802 19.253 13.324 22.005
-999.250 -999.250 -999.250 -999.250 -999.250 -999.250 -999.250 -999.250 -999.250 -999.250 -999.250 -999.250 -999.250 -999.250 -999.250 -999.250 -999.250 -999.250 -999.250 -999.250 -999.250 -999.250 -999.250 -999.250 -999.250 -999.250 -999.250 -999.250 -999.250 -999.250 -999.250 91.457 100.681 119.930 129.193 131.186 148.123 152.226 175.855 184.782 203.660 225.425 201.751 181.780 186.046 163.440 180.068 177.041 147.277 143.964 129.043 126.051 115.967 106.045 91.683 90.362 82.515 84.372 57.848 57.792 45.421 45.504 34.331 33.346 30.107 25.458 29.482
-999.250 -999.250 -999.250 -999.250 -999.250 -999.250 -999.250 -999.250 -999.250 -999.250 -999.250 -999.250 -999.250 -999.250 -999.250 -999.250 -999.250 -999.250 -999.250 -999.250 -999.250 -999.250 -999.250 -999.250 -999.250 -999.250 -999.250 -999.250 -999.250 -999.250 -999.250 97.684 104.271 121.501 118.662 134.642 160.301 164.878 177.724 180.931 194.238 201.717 192.565 183.873 174.711 166.100 169.734 159.701 140.022 141.764 130.584 96.701 104.470 98.232 91.494 80.359 79.981 79.026 78.717 59.889 53.119 41.125 38.730 42.357 53.771 45.619 44.496
-999.250 -999.250 -999.250 -999.250 -999.250 -999.250 -999.250 -999.250 -999.250 -999.250 -999.250 -999.250 -999.250 -999.250 -999.250 -999.250 -999.250 -999.250 -999.250 -999.250 -999.250 -999.250 -999.250 -999.250 -999.250 -999.250 -999.250 -999.250 -999.250 -999.250 -999.250 115.125 111.097 117.882 138.960 152.213 142.813 177.640 170.323 189.303 190.367 199.430 200.270 182.941 172.281 163.083 164.968 159.773 154.272 132.970 113.890 104.516 92.190 89.849 84.643 80.862 70.974 64.962 67.537 63.098 48.482 41.075 44.443 49.965 47.589 54.388 67.815
-999.250 -999.250 -999.250 -999.250 -999.250 -999.250 -999.250 -999.250 -999.250 -999.250 -999.250 -999.250 -999.250 -999.250 -999.250 -999.250 -999.250 -999.250 -999.250 -999.250 -999.250 -999.250 -999.250 -999.250 -999.250 -999.250 -999.250 -999.250 -999.250 -999.250 -999.250 92.349 104.864 120.637 125.727 135.626 127.385 150.981 156.384 164.219 169.989 184.274 189.440 158.940 151.548 157.130 153.926 140.002 146.082 130.089 115.369 97.011 93.243 88.205 70.526 77.844 64.329 63.511 62.487 55.161 38.888 44.367 55.998 60.669 71.107 82.660 94.534
-999.250 -999.250 -999.250 -999.250 -999.250 -999.250 -999.250 -999.250 -999.250 -999.250 -999.250 -999.250 -999.250 -999.250 -999.250 -999.250 -999.250 -999.250 -999.250 -999.250 -999.250 -999.250 -999.250 -999.250 -999.250 -999.250 -999.250 -999.250 -999.250 -999.250 86.045 91.931 89.017 106.779 115.661 121.173 128.782 132.709 137.640 137.956 152.708 163.251 158.389 149.250 142.204 128.371 135.492 119.679 120.748 123.737 106.180 99.883 76.515 71.334 75.748 69.729 68.291 72.722 54.541 54.653 53.553 57.083 64.235 70.686 82.214 99.524 141.735
-999.250 -999.250 -999.250 -999.250 -999.250 -999.250 -999.250 -999.250 -999.250 -999.250 -999.250 -999.250 -999.250 -999.250 -999.250 -999.250 -999.250 -999.250 -999.250 -999.250 -999.250 -999.250 -999.250 -999.250 -999.250 -999.250 -999.250 -999.250 -999.250 -999.250 94.369 99.006 90.216 92.887 94.462 102.907 115.838 108.612 125.254 125.339 136.474 133.145 136.767 130.440 116.528 143.457 125.557 126.453 119.998 116.470 103.788 79.929 62.735 56.299 65.719 58.547 57.913 59.647 54.470 50.708 60.811 68.131 73.660 85.636 104.076 122.350 165.348
-999.250 -999.250 -999.250 -999.250 -999.250 -999.250 -999.250 -999.250 -999.250 -999.250 -999.250 -999.250 -999.250 -999.250 -999.250 -999.250 -999.250 -999.250 -999.250 -999.250 -999.250 -999.250 -999.250 -999.250 -999.250 -999.250 -999.250 -999.250 -999.250 -999.250 94.139 91.988 91.773 93.470 85.019 90.244 89.549 85.052 89.201 113.256 121.005 126.576 133.913 126.227 132.285 121.526 121.901 105.595 100.241 84.924 89.229 80.740 63.871 62.161 46.489 47.338 49.213 42.893 44.462 46.719 61.669 72.054 101.181 105.103 112.149 146.785 186.401
-999.250 -999.250 -999.250 -999.250 -999.250 -999.250 -999.250 -999.250 -999.250 -999.250 -999.250 -999.250 -999.250 -999.250 -999.250 -999.250 -999.250 -999.250 -999.250 -999.250 -999.250 -999.250 -999.250 -999.250 -999.250 -999.250 -999.250 -999.250 -999.250 -999.250 85.761 108.121 102.670 84.563 80.039 70.725 67.567 69.730 77.983 82.501 81.609 106.186 96.728 105.981 124.071 104.155 102.789 115.382 97.593 74.817 78.497 70.622 64.903 53.036 48.073 37.345 38.348 35.589 39.641 51.201 62.802 73.010 102.069 118.282 134.378 148.005 163.993
-999.250 -999.250 -999.250 -999.250 -999.250 -999.250 -999.250 -999.250 -999.250 -999.250 -999.250 -999.250 -999.250 -999.250 -999.250 -999.250 -999.250 -999.250 -999.250 -999.250 -999.250 -999.250 -999.250 -999.250 -999.250 -999.250 -999.250 -999.250 -999.250 105.568 98.694 96.347 76.602 71.538 70.401 62.640 57.413 66.712 67.117 69.701 73.062 89.866 101.790 89.258 93.969 97.018 92.799 105.095 79.472 80.746 67.167 66.174 68.910 59.386 46.570 40.541 30.074 25.494 34.191 42.501 66.322 81.810 109.000 121.100 149.736 162.724 204.485
-999.250 -999.250 -999.250 -999.250 -999.250 -999.250 -999.250 -999.250 -999.250 -999.250 -999.250 -999.250 -999.250 -999.250 -999.250 -999.250 -999.250 -999.250 -999.250 -999.250 -999.250 -999.250 -999.250 -999.250 -999.250 -999.250 -999.250 -999.250 -999.250 94.891 96.298 91.304 73.635 76.878 59.984 45.139 38.565 41.606 47.881 55.234 66.588 73.147 73.136 73.557 77.034 84.645 86.263 81.369 77.712 80.639 65.752 69.938 62.905 52.088 42.484 39.650 33.364 35.292 32.642 44.434 65.348 73.091 99.747 122.446 168.691 185.445 228.410
-999.250 -999.250 -999.250 -999.250 -999.250 -999.250 -999.250 -999.250 -999.250 -999.250 -999.250 -999.250 -999.250 -999.250 -999.250 -999.250 -999.250 -999.250 -999.250 -999.250 -999.250 -999.250 -999.250 -999.250 -999.250 -999.250 -999.250 -999.250 103.655 103.899 97.207 98.205 80.408 69.846 60.058 46.680 24.313 30.746 36.430 53.322 56.200 62.801 68.313 72.420 69.456 73.609 69.232 82.518 76.421 70.900 66.732 67.449 58.730 47.728 48.946 48.333 38.434 34.053 35.364 51.501 62.137 74.246 116.435 138.253 161.374 178.661 240.232
-999.250 -999.250 -999.250 -999.250 -999.250 -999.250 -999.250 -999.250 -999.250 -999.250 -999.250 -999.250 -999.250 -999.250 -999.250 -999.250 -999.250 -999.250 -999.250 -999.250 -999.250 -999.250 -999.250 -999.250 -999.250 -999.250 -999.250 -999.250 119.869 121.475 110.450 93.578 87.654 66.711 52.261 43.748 33.659 29.311 37.845 36.721 47.756 50.119 52.658 56.496 75.172 70.489 60.554 77.468 81.051 78.062 78.230 68.395 60.255 56.973 45.069 47.981 39.333 38.082 40.352 56.048 67.524 89.529 102.225 149.546 166.599 224.557 259.850
-999.250 -999.250 -999.250 -999.250 -999.250 -999.250 -999.250 -999.250 -999.250 -999.250 -999.250 -999.250 -999.250 -999.250 -999.250 -999.250 -999.250 -999.250 -999.250 -999.250 -999.250 -999.250 -999.250 -999.250 -999.250 -999.250 -999.250 135.918 129.219 123.479 129.186 111.600 98.554 85.111 67.193 48.341 37.382 29.027 34.225 38.764 42.662 58.344 55.306 53.682 64.125 59.762 59.506 64.006 80.390 65.953 60.108 65.030 54.252 49.145 47.687 40.371 47.729 45.622 49.571 54.668 69.146 83.423 111.139 143.731 199.018 215.348 228.928
