data/medianmodel_02-Nov-2020.asc
ncols	141
nrows	288
xllcorner	-120191.398
yllcorner	-301404.813
cellsize	2000.000
NODATA_value	-999.250
[rows 232 to 260 of 288, columns 0 to 64 of 141]
-999.250 -999.250 -999.250 -999.250 -999.250 -999.250 -999.250 -999.250 -999.250 -999.250 -999.250 -999.250 -999.250 -999.250 -999.250 -999.250 -999.250 -999.250 -999.250 -999.250 -999.250 -999.250 -999.250 -999.250 -999.250 -999.250 -999.250 394.485 459.411 557.160 563.145 590.594 534.770 413.149 361.853 281.997 224.161 170.683 159.397 137.265 105.858 97.303 80.269 91.218 90.884 103.771 98.398 132.008 127.726 100.953 104.979 99.048 91.168 76.444 72.511 62.474 71.191 66.561 71.669 80.140 73.300 87.732 111.432 127.230 147.827
-999.250 -999.250 -999.250 -999.250 -999.250 -999.250 -999.250 -999.250 -999.250 -999.250 -999.250 -999.250 -999.250 -999.250 -999.250 -999.250 -999.250 -999.250 -999.250 -999.250 -999.250 -999.250 -999.250 -999.250 -999.250 -999.250 -999.250 -999.250 412.350 556.747 562.230 534.266 508.916 461.125 391.574 337.131 256.345 204.965 179.986 154.112 133.948 112.449 96.923 108.775 98.023 94.108 131.551 137.377 125.156 110.643 116.008 119.745 92.427 77.175 71.267 83.577 72.804 64.347 67.765 70.160 78.110 89.136 92.928 122.314 134.607
-999.250 -999.250 -999.250 -999.250 -999.250 -999.250 -999.250 -999.250 -999.250 -999.250 -999.250 -999.250 -999.250 -999.250 -999.250 -999.250 -999.250 -999.250 -999.250 -999.250 -999.250 -999.250 -999.250 -999.250 -999.250 -999.250 -999.250 -999.250 -999.250 -999.250 503.026 494.275 484.023 405.113 376.407 320.010 268.793 209.685 202.331 174.287 146.597 135.211 121.736 110.483 102.956 103.715 125.429 124.389 113.549 117.968 113.775 103.493 103.831 72.393 68.135 73.276 65.789 72.199 64.612 60.906 73.890 79.261 99.916 104.014 142.809
-999.250 -999.250 -999.250 -999.250 -999.250 -999.250 -999.250 -999.250 -999.250 -999.250 -999.250 -999.250 -999.250 -999.250 -999.250 -999.250 -999.250 -999.250 -999.250 -999.250 -999.250 -999.250 -999.250 -999.250 -999.250 -999.250 -999.250 -999.250 -999.250 -999.250 439.831 501.418 464.710 428.409 394.831 358.047 289.718 221.254 207.603 169.956 146.253 133.237 117.137 95.472 127.979 121.808 132.550 120.748 131.005 122.405 131.565 120.975 95.726 77.079 66.004 63.933 53.354 59.529 56.396 51.619 54.399 68.199 91.816 108.467 127.161
-999.250 -999.250 -999.250 -999.250 -999.250 -999.250 -999.250 -999.250 -999.250 -999.250 -999.250 -999.250 -999.250 -999.250 -999.250 -999.250 -999.250 -999.250 -999.250 -999.250 -999.250 -999.250 -999.250 -999.250 -999.250 -999.250 -999.250 -999.250 -999.250 -999.250 417.263 427.026 415.569 383.923 386.780 342.189 288.100 229.090 200.831 168.810 158.155 149.501 111.012 125.416 121.279 125.279 136.190 121.942 121.928 128.878 116.944 101.635 103.493 78.283 70.915 66.871 52.222 66.753 48.376 36.377 49.828 63.169 70.043 100.113 115.051
-999.250 -999.250 -999.250 -999.250 -999.250 -999.250 -999.250 -999.250 -999.250 -999.250 -999.250 -999.250 -999.250 -999.250 -999.250 -999.250 -999.250 -999.250 -999.250 -999.250 -999.250 -999.250 -999.250 -999.250 -999.250 -999.250 -999.250 -999.250 -999.250 -999.250 -999.250 400.014 396.066 393.832 349.544 321.911 281.358 234.575 190.233 171.052 160.599 141.954 126.053 127.699 123.215 136.819 138.839 132.968 124.885 130.284 115.903 93.356 84.567 84.271 63.537 63.390 64.307 56.091 48.067 44.310 54.586 63.024 67.995 93.989 101.966
-999.250 -999.250 -999.250 -999.250 -999.250 -999.250 -999.250 -999.250 -999.250 -999.250 -999.250 -999.250 -999.250 -999.250 -999.250 -999.250 -999.250 -999.250 -999.250 -999.250 -999.250 -999.250 -999.250 -999.250 -999.250 -999.250 -999.250 -999.250 -999.250 -999.250 359.026 345.402 374.873 388.675 362.317 311.806 256.984 235.088 220.803 191.385 172.300 159.615 146.882 141.934 126.590 128.463 137.036 140.476 145.409 126.587 112.756 94.344 91.873 80.772 66.991 63.767 63.040 49.715 49.921 52.004 60.698 62.230 71.820 75.085 91.523
-999.250 -999.250 -999.250 -999.250 -999.250 -999.250 -999.250 -999.250 -999.250 -999.250 -999.250 -999.250 -999.250 -999.250 -999.250 -999.250 -999.250 -999.250 -999.250 -999.250 -999.250 -999.250 -999.250 -999.250 -999.250 -999.250 -999.250 -999.250 -999.250 -999.250 -999.250 379.250 348.918 331.635 327.987 277.685 247.512 236.438 224.210 183.874 181.433 173.180 164.069 137.203 124.163 128.785 119.504 134.464 142.859 131.220 120.168 87.629 77.324 64.791 66.213 57.049 65.613 49.195 56.926 55.985 64.643 72.300 71.773 81.017 94.823
-999.250 -999.250 -999.250 -999.250 -999.250 -999.250 -999.250 -999.250 -999.250 -999.250 -999.250 -999.250 -999.250 -999.250 -999.250 -999.250 -999.250 -999.250 -999.250 -999.250 -999.250 -999.250 -999.250 -999.250 -999.250 -999.250 -999.250 -999.250 -999.250 -999.250 329.583 341.257 316.911 300.761 269.750 263.679 247.956 220.344 220.886 181.105 170.186 147.017 156.597 143.378 121.973 126.802 121.580 112.413 119.210 113.299 110.776 84.749 77.874 76.095 60.188 66.078 50.843 55.043 57.343 54.226 65.004 68.060 74.792 86.743 85.762
-999.250 -999.250 -999.250 -999.250 -999.250 -999.250 -999.250 -999.250 -999.250 -999.250 -999.250 -999.250 -999.250 -999.250 -999.250 -999.250 -999.250 -999.250 -999.250 -999.250 -999.250 -999.250 -999.250 -999.250 -999.250 -999.250 -999.250 -999.250 -999.250 -999.250 293.935 281.364 270.954 275.540 260.194 219.273 198.695 196.071 185.328 166.561 168.889 157.328 150.494 143.132 120.685 117.084 112.547 112.749 117.979 101.077 97.598 75.372 76.252 68.708 51.593 61.150 47.493 52.305 55.175 47.086 59.476 70.778 77.576 76.020 83.209
-999.250 -999.250 -999.250 -999.250 -999.250 -999.250 -999.250 -999.250 -999.250 -999.250 -999.250 -999.250 -999.250 -999.250 -999.250 -999.250 -999.250 -999.250 -999.250 -999.250 -999.250 -999.250 -999.250 -999.250 -999.250 -999.250 -999.250 -999.250 -999.250 -999.250 237.464 256.509 259.580 238.437 223.876 209.497 198.126 191.533 167.414 164.471 148.659 147.826 151.660 128.117 115.762 116.753 97.264 101.091 86.082 93.892 86.518 76.023 66.861 54.361 52.273 54.225 46.707 48.546 51.340 44.607 49.764 66.729 62.898 76.555 90.259
-999.250 -999.250 -999.250 -999.250 -999.250 -999.250 -999.250 -999.250 -999.250 -999.250 -999.250 -999.250 -999.250 -999.250 -999.250 -999.250 -999.250 -999.250 -999.250 -999.250 -999.250 -999.250 -999.250 -999.250 -999.250 -999.250 -999.250 -999.250 -999.250 -999.250 220.983 223.457 208.844 210.322 198.041 213.417 195.853 201.260 158.207 152.433 124.434 142.167 145.827 138.075 112.801 118.005 101.917 110.879 82.551 79.938 77.082 64.336 60.204 52.226 52.534 52.334 47.716 39.728 39.177 44.745 44.145 55.156 68.865 77.154 84.648
-999.250 -999.250 -999.250 -999.250 -999.250 -999.250 -999.250 -999.250 -999.250 -999.250 -999.250 -999.250 -999.250 -999.250 -999.250 -999.250 -999.250 -999.250 -999.250 -999.250 -999.250 -999.250 -999.250 -999.250 -999.250 -999.250 -999.250 -999.250 -999.250 -999.250 211.920 201.212 176.514 189.652 171.830 184.803 191.389 166.935 161.123 160.229 130.146 127.377 137.975 145.992 116.112 102.719 104.775 92.609 98.028 89.013 70.750 61.919 59.039 53.157 51.416 45.834 47.560 42.436 39.237 43.760 43.858 44.013 47.362 69.720 67.726
-999.250 -999.250 -999.250 -999.250 -999.250 -999.250 -999.250 -999.250 -999.250 -999.250 -999.250 -999.250 -999.250 -999.250 -999.250 -999.250 -999.250 -999.250 -999.250 -999.250 -999.250 -999.250 -999.250 -999.250 -999.250 -999.250 -999.250 -999.250 -999.250 -999.250 -999.250 173.671 188.204 172.148 171.641 163.266 159.843 163.520 171.001 145.429 144.647 144.219 151.604 136.503 139.834 116.370 98.371 95.342 95.681 79.284 74.252 70.264 64.522 50.385 48.689 43.558 40.550 39.628 43.268 41.138 40.795 28.781 45.298 57.453 65.781
-999.250 -999.250 -999.250 -999.250 -999.250 -999.250 -999.250 -999.250 -999.250 -999.250 -999.250 -999.250 -999.250 -999.250 -999.250 -999.250 -999.250 -999.250 -999.250 -999.250 -999.250 -999.250 -999.250 -999.250 -999.250 -999.250 -999.250 -999.250 -999.250 -999.250 -999.250 189.346 190.273 187.236 167.299 157.984 150.748 139.441 151.393 152.498 155.171 141.159 138.371 140.356 146.075 116.819 103.773 84.988 81.069 76.842 67.108 68.892 47.154 42.317 49.597 45.614 38.449 38.382 38.410 43.768 45.657 41.951 51.259 57.643 68.243
-999.250 -999.250 -999.250 -999.250 -999.250 -999.250 -999.250 -999.250 -999.250 -999.250 -999.250 -999.250 -999.250 -999.250 -999.250 -999.250 -999.250 -999.250 -999.250 -999.250 -999.250 -999.250 -999.250 -999.250 -999.250 -999.250 -999.250 -999.250 -999.250 -999.250 172.074 199.498 186.362 163.553 163.513 153.737 145.610 147.325 157.858 133.837 148.804 120.594 139.439 126.524 141.007 130.342 101.060 89.791 73.591 68.048 67.501 52.593 49.333 45.089 39.659 39.421 35.888 35.758 37.504 48.160 50.733 51.303 58.838 58.245 78.358
-999.250 -999.250 -999.250 -999.250 -999.250 -999.250 -999.250 -999.250 -999.250 -999.250 -999.250 -999.250 -999.250 -999.250 -999.250 -999.250 -999.250 -999.250 -999.250 -999.250 -999.250 -999.250 -999.250 -999.250 -999.250 -999.250 -999.250 -999.250 -999.250 -999.250 148.739 168.095 161.947 167.426 157.586 155.810 153.723 134.264 154.616 143.727 140.487 152.800 125.042 130.544 143.162 129.126 117.661 102.782 78.142 76.438 66.133 59.106 44.519 37.598 34.375 25.189 28.227 37.861 43.393 44.031 54.700 58.471 58.773 64.955 64.152
-999.250 -999.250 -999.250 -999.250 -999.250 -999.250 -999.250 -999.250 -999.250 -999.250 -999.250 -999.250 -999.250 -999.250 -999.250 -999.250 -999.250 -999.250 -999.250 -999.250 -999.250 -999.250 -999.250 -999.250 -999.250 -999.250 -999.250 -999.250 -999.250 -999.250 140.630 145.979 173.236 167.360 149.288 147.515 145.369 157.491 154.606 138.346 147.891 134.275 132.887 123.745 145.899 147.074 105.030 88.807 76.911 67.919 56.988 63.953 42.835 40.470 26.546 0.000 25.601 37.214 43.002 47.663 54.837 53.286 60.753 69.156 63.005
-999.250 -999.250 -999.250 -999.250 -999.250 -999.250 -999.250 -999.250 -999.250 -999.250 -999.250 -999.250 -999.250 -999.250 -999.250 -999.250 -999.250 -999.250 -999.250 -999.250 -999.250 -999.250 -999.250 -999.250 -999.250 -999.250 -999.250 -999.250 -999.250 -999.250 178.410 179.524 186.211 165.029 162.188 149.206 157.803 157.629 166.265 139.828 136.304 138.087 142.419 140.073 134.538 135.391 113.283 97.257 74.778 69.763 66.141 58.826 45.683 42.926 33.815 25.136 35.347 37.633 39.164 44.782 49.335 52.642 63.980 64.546 62.125
-999.250 -999.250 -999.250 -999.250 -999.250 -999.250 -999.250 -999.250 -999.250 -999.250 -999.250 -999.250 -999.250 -999.250 -999.250 -999.250 -999.250 -999.250 -999.250 -999.250 -999.250 -999.250 -999.250 -999.250 -999.250 -999.250 -999.250 -999.250 -999.250 -999.250 172.616 198.019 185.401 165.858 166.697 172.677 159.607 148.981 150.723 117.328 136.338 136.216 138.097 129.515 131.666 127.660 112.422 104.464 87.950 78.646 75.810 55.081 48.684 45.510 36.487 35.871 34.241 36.070 39.428 49.083 51.470 48.014 64.158 57.394 58.621
-999.250 -999.250 -999.250 -999.250 -999.250 -999.250 -999.250 -999.250 -999.250 -999.250 -999.250 -999.250 -999.250 -999.250 -999.250 -999.250 -999.250 -999.250 -999.250 -999.250 -999.250 -999.250 -999.250 -999.250 -999.250 -999.250 -999.250 -999.250 -999.250 147.912 170.446 175.810 179.196 162.533 172.721 173.242 162.698 145.050 145.089 135.293 128.610 132.215 143.939 140.405 127.410 123.394 109.390 107.536 90.872 77.949 68.911 63.007 52.752 47.824 40.540 40.511 39.696 46.272 46.172 43.019 57.937 48.443 53.555 56.047 57.671
-999.250 -999.250 -999.250 -999.250 -999.250 -999.250 -999.250 -999.250 -999.250 -999.250 -999.250 -999.250 -999.250 -999.250 -999.250 -999.250 -999.250 -999.250 -999.250 -999.250 -999.250 -999.250 -999.250 -999.250 -999.250 -999.250 -999.250 -999.250 -999.250 -999.250 166.493 159.881 145.888 140.850 175.587 167.304 154.509 133.558 139.193 132.855 136.897 130.846 127.948 125.241 126.435 113.326 114.269 97.031 95.263 81.553 95.290 69.105 51.144 51.310 46.074 42.831 42.216 46.687 52.552 53.949 54.275 48.705 49.550 58.950 74.183
-999.250 -999.250 -999.250 -999.250 -999.250 -999.250 -999.250 -999.250 -999.250 -999.250 -999.250 -999.250 -999.250 -999.250 -999.250 -999.250 -999.250 -999.250 -999.250 -999.250 -999.250 -999.250 -999.250 -999.250 -999.250 -999.250 -999.250 -999.250 -999.250 -999.250 143.489 123.446 134.347 141.258 159.271 156.333 133.986 136.856 134.041 142.733 128.709 145.408 121.719 123.840 126.180 107.977 102.966 102.122 107.836 78.115 74.526 59.495 60.955 51.561 48.811 50.537 45.301 45.459 52.455 50.082 56.626 57.204 54.572 56.506 63.555
-999.250 -999.250 -999.250 -999.250 -999.250 -999.250 -999.250 -999.250 -999.250 -999.250 -999.250 -999.250 -999.250 -999.250 -999.250 -999.250 -999.250 -999.250 -999.250 -999.250 -999.250 -999.250 -999.250 -999.250 -999.250 -999.250 -999.250 -999.250 -999.250 -999.250 -999.250 127.161 120.267 133.678 136.750 143.315 128.385 131.629 136.898 137.761 124.080 128.967 134.849 124.221 122.041 110.371 106.888 105.491 89.206 101.578 79.022 75.443 69.850 62.521 62.892 55.644 51.660 58.142 59.235 47.453 54.599 57.401 48.050 54.281 50.893
-999.250 -999.250 -999.250 -999.250 -999.250 -999.250 -999.250 -999.250 -999.250 -999.250 -999.250 -999.250 -999.250 -999.250 -999.250 -999.250 -999.250 -999.250 -999.250 -999.250 -999.250 -999.250 -999.250 -999.250 -999.250 -999.250 -999.250 -999.250 -999.250 -999.250 -999.250 126.465 134.077 124.616 138.587 117.209 116.792 102.556 106.062 127.719 130.505 132.384 138.169 125.760 128.445 118.844 108.299 95.079 106.024 98.244 91.019 91.416 72.733 76.487 78.445 71.943 52.659 46.678 60.114 58.895 65.104 72.940 59.998 42.326 45.034
-999.250 -999.250 -999.250 -999.250 -999.250 -999.250 -999.250 -999.250 -999.250 -999.250 -999.250 -999.250 -999.250 -999.250 -999.250 -999.250 -999.250 -999.250 -999.250 -999.250 -999.250 -999.250 -999.250 -999.250 -999.250 -999.250 -999.250 -999.250 -999.250 -999.250 95.740 118.701 145.915 110.272 128.806 116.403 111.899 109.254 100.978 117.765 115.874 132.439 132.888 139.579 144.835 117.004 99.672 103.364 90.145 101.402 97.516 91.358 80.495 88.140 79.241 69.161 62.336 48.809 61.275 71.767 69.702 70.674 53.349 38.038 29.740
-999.250 -999.250 -999.250 -999.250 -999.250 -999.250 -999.250 -999.250 -999.250 -999.250 -999.250 -999.250 -999.250 -999.250 -999.250 -999.250 -999.250 -999.250 -999.250 -999.250 -999.250 -999.250 -999.250 -999.250 -999.250 -999.250 -999.250 -999.250 -999.250 -999.250 107.450 94.985 124.739 105.364 100.750 104.936 86.884 96.407 92.338 97.085 108.777 131.947 127.055 117.645 131.931 117.418 116.502 131.402 111.904 99.797 91.776 91.817 80.871 88.709 76.047 69.757 56.328 66.569 70.675 73.325 73.630 72.775 62.189 56.034 49.597
-999.250 -999.250 -999.250 -999.250 -999.250 -999.250 -999.250 -999.250 -999.250 -999.250 -999.250 -999.250 -999.250 -999.250 -999.250 -999.250 -999.250 -999.250 -999.250 -999.250 -999.250 -999.250 -999.250 -999.250 -999.250 -999.250 -999.250 -999.250 -999.250 -999.250 102.303 103.212 105.787 103.435 92.954 102.608 84.136 89.213 92.978 86.935 92.746 115.758 115.837 114.955 103.994 116.119 99.649 102.330 121.026 115.049 94.271 85.261 95.295 80.404 78.370 74.492 75.055 62.934 81.666 86.261 84.481 85.110 86.274 72.116 67.153
-999.250 -999.250 -999.250 -999.250 -999.250 -999.250 -999.250 -999.250 -999.250 -999.250 -999.250 -999.250 -999.250 -999.250 -999.250 -999.250 -999.250 -999.250 -999.250 -999.250 -999.250 -999.250 -999.250 -999.250 -999.250 -999.250 -999.250 -999.250 -999.250 -999.250 101.646 114.017 97.461 88.256 82.015 78.543 75.778 80.019 78.367 83.931 96.056 103.385 98.308 117.101 111.209 111.333 107.918 104.419 115.338 107.602 102.362 90.328 99.039 94.444 90.301 67.547 66.540 83.124 93.537 81.881 81.867 80.635 80.597 83.804 65.084
