data/medianmodel_26-Mar-2020.asc
ncols	141
nrows	288
xllcorner	-120191.398
yllcorner	-301404.813
cellsize	2000.000
NODATA_value	-999.250
[rows 31 to 61 of 288, columns 70 to 139 of 141]
0.000 0.000 0.000 0.000 0.000 0.608 1.829 4.208 5.290 6.306 9.241 11.782 10.040 10.343 9.642 10.215 9.732 6.670 7.111 5.638 6.056 7.063 6.334 8.884 10.261 10.319 14.515 16.886 20.922 21.166 22.089 22.504 21.133 27.361 25.817 26.193 34.563 32.471 34.857 31.580 36.433 36.970 35.560 28.105 29.135 29.025 33.192 32.926 30.767 26.283 29.606 28.358 30.011 25.353 20.869 22.049 19.741 23.718 21.128 18.448 18.232 17.143 18.611 15.948 16.026 15.533 15.722 16.323 16.767 16.042
0.000 0.000 0.000 0.000 0.000 1.722 3.980 4.448 6.361 7.434 10.710 11.462 11.412 10.993 9.722 8.469 9.120 9.716 8.139 5.647 3.847 5.418 7.026 7.588 9.343 9.613 14.481 16.247 19.671 20.963 21.130 22.828 26.772 29.141 28.718 30.979 35.999 38.222 35.782 37.589 35.072 33.973 33.577 30.563 32.535 25.797 32.820 29.789 25.816 25.219 26.107 25.299 29.952 23.794 23.322 19.798 18.829 18.607 19.087 17.212 16.974 19.069 18.147 18.427 17.032 16.889 14.467 17.257 16.542 16.990
0.000 0.000 0.000 0.000 0.282 3.628 4.632 8.065 6.207 9.314 12.263 11.632 14.104 12.288 8.902 7.821 9.238 9.776 8.489 4.744 6.488 6.765 8.001 7.188 10.372 12.504 14.843 17.927 16.459 20.881 27.425 25.254 29.178 27.640 28.434 32.030 34.860 37.984 41.334 37.433 35.740 36.719 31.531 28.392 31.364 28.030 26.445 24.538 20.398 23.796 23.521 24.691 25.890 20.676 21.984 23.657 19.339 19.461 15.952 18.022 17.309 19.849 16.493 15.259 17.021 15.241 15.224 15.438 17.530 -999.250
0.599 0.000 0.000 0.000 2.389 5.505 7.663 11.593 11.049 13.215 14.366 15.451 13.881 11.051 9.272 8.686 7.046 7.312 6.241 5.888 5.715 7.796 6.871 8.067 12.599 14.331 15.419 18.781 22.814 25.008 31.078 29.133 27.919 29.314 28.419 29.054 34.018 34.517 35.296 33.014 32.535 33.034 30.261 29.525 27.547 27.626 26.658 22.256 20.419 19.858 19.691 18.429 21.435 20.262 21.667 21.960 18.211 16.444 14.854 14.641 15.164 14.430 13.881 13.744 14.273 15.882 17.689 18.135 -999.250 -999.250
0.000 1.787 3.201 4.416 7.357 8.432 9.294 13.156 14.768 16.201 16.666 16.721 15.084 12.955 10.695 10.322 7.802 7.126 6.078 4.596 5.806 6.726 7.381 10.220 10.721 13.891 16.536 17.785 22.889 26.599 25.867 29.733 29.299 29.482 27.675 28.469 28.545 30.106 31.833 29.262 26.567 30.383 29.100 28.639 27.909 26.693 23.050 19.984 20.070 13.952 15.856 20.359 18.701 19.151 20.585 15.878 15.802 14.231 13.363 12.410 13.188 12.174 12.451 14.095 14.641 16.407 15.127 -999.250 -999.250 -999.250
2.299 4.750 8.401 9.813 11.260 12.405 13.928 15.348 17.257 19.020 18.536 16.306 14.028 12.869 9.646 8.426 7.942 5.922 5.639 4.547 7.075 7.445 9.159 11.140 13.174 15.931 16.365 20.973 22.821 27.581 25.918 26.435 27.220 23.381 26.873 26.407 25.667 27.914 27.815 28.240 29.003 28.475 25.194 25.617 24.715 25.009 23.639 19.557 16.007 15.443 17.587 19.549 15.524 13.954 17.368 16.219 14.911 13.776 12.394 15.866 10.995 11.378 10.999 12.234 12.945 13.574 16.939 -999.250 -999.250 -999.250
7.542 9.387 10.956 14.437 13.236 13.662 18.631 17.929 19.745 18.368 19.453 16.242 15.192 12.959 10.305 9.241 6.592 6.442 2.963 4.566 4.929 8.302 10.828 12.504 11.775 16.455 18.887 21.798 22.903 22.578 22.327 26.704 24.705 24.721 25.932 28.704 26.899 23.107 24.944 27.324 21.063 23.777 21.114 20.462 22.929 20.754 18.078 15.631 14.550 12.954 13.757 13.285 14.023 15.097 16.044 14.454 15.164 12.697 13.088 11.578 11.700 10.654 11.687 11.299 11.240 14.173 -999.250 -999.250 -999.250 -999.250
11.227 11.504 15.128 17.655 17.764 17.147 21.501 23.617 19.772 21.050 18.189 16.875 16.078 13.584 11.476 10.693 7.004 4.906 3.110 2.602 3.701 7.129 8.543 10.106 13.461 16.886 19.494 20.535 23.719 20.669 23.429 23.340 24.434 20.193 23.470 20.402 22.269 21.623 20.404 21.446 20.339 18.981 19.666 15.345 14.463 16.425 16.142 15.131 16.774 13.274 12.064 11.398 12.339 15.004 13.188 11.836 11.704 10.888 9.837 9.290 9.456 12.859 12.824 9.460 11.111 12.203 -999.250 -999.250 -999.250 -999.250
11.116 15.672 17.434 20.153 21.052 25.520 24.554 21.501 20.024 24.611 21.263 19.100 16.146 14.820 10.714 11.173 5.672 3.475 0.000 1.549 2.624 7.282 8.457 12.167 12.383 16.023 19.132 18.327 21.558 19.836 19.510 21.700 22.231 19.646 19.094 17.752 16.860 15.909 16.786 14.839 16.602 17.062 13.725 13.680 11.049 12.850 14.262 14.471 12.921 11.792 9.255 10.588 9.937 13.281 10.512 11.391 8.944 9.752 8.823 9.965 12.698 11.363 11.780 9.686 13.132 12.872 -999.250 -999.250 -999.250 -999.250
9.861 13.894 17.130 21.839 23.763 26.367 30.833 30.640 27.713 26.280 24.134 19.820 18.004 16.848 11.601 9.749 4.450 1.784 0.000 0.000 1.420 5.360 9.270 10.189 15.174 16.726 18.678 18.733 19.959 19.610 22.492 21.018 19.851 17.243 16.928 14.567 14.710 14.913 12.475 13.140 11.800 13.209 13.313 10.051 9.858 11.103 8.356 9.153 8.481 8.597 9.013 8.813 7.823 9.751 7.766 7.044 6.987 8.803 9.590 11.559 11.015 12.711 13.712 11.933 11.668 -999.250 -999.250 -999.250 -999.250 -999.250
10.960 14.126 18.656 24.554 30.135 37.746 37.674 42.615 33.641 28.841 23.773 23.084 16.011 13.840 12.806 8.762 8.026 4.223 0.080 0.388 2.861 6.671 8.884 11.592 15.222 18.067 18.061 21.144 21.394 20.792 18.380 19.132 18.257 18.242 14.941 13.374 12.571 8.864 9.010 8.987 8.079 9.102 8.856 8.358 8.264 8.990 9.349 7.053 7.267 5.621 7.310 8.004 9.410 8.767 9.772 6.224 7.174 10.319 10.435 13.352 13.724 12.141 11.529 13.248 12.119 13.304 -999.250 -999.250 -999.250 -999.250
9.082 12.211 18.968 27.343 26.739 34.472 40.100 43.357 38.433 35.754 29.458 25.932 21.236 13.368 10.776 8.274 6.759 4.539 1.325 0.879 3.333 3.760 6.305 10.576 14.152 17.458 20.142 19.910 18.032 18.729 18.372 17.687 17.295 15.532 12.719 11.963 9.510 5.158 4.716 5.520 5.365 4.641 5.757 4.709 7.642 7.737 7.216 7.623 7.347 5.001 6.270 8.294 9.378 9.214 9.634 7.660 7.922 8.863 9.241 12.785 14.471 11.762 -999.250 -999.250 -999.250 -999.250 -999.250 -999.250 -999.250 -999.250
9.559 13.434 21.731 27.271 32.733 38.502 39.882 40.721 36.644 37.564 32.929 26.687 23.648 17.294 13.056 8.406 6.181 2.768 2.253 0.882 2.117 4.052 6.071 12.711 13.340 18.204 17.908 18.796 19.991 19.615 19.526 17.224 16.119 15.357 10.823 9.002 6.434 4.744 2.003 0.000 1.079 3.371 4.948 4.263 2.570 4.202 4.909 5.184 3.029 4.705 4.097 5.018 6.616 6.732 10.238 10.955 10.015 11.769 8.610 9.230 11.290 12.917 11.952 -999.250 -999.250 -999.250 -999.250 -999.250 -999.250 -999.250
7.929 17.487 24.306 29.490 35.641 41.962 44.108 41.576 44.438 35.580 31.904 26.415 25.393 16.669 14.031 9.620 5.980 4.322 2.052 1.371 2.963 5.543 7.010 9.993 12.317 13.956 16.843 19.835 20.113 20.302 18.211 18.981 14.758 13.917 9.613 7.955 7.508 4.703 1.706 0.000 0.000 2.630 2.367 2.522 2.195 3.138 4.250 4.542 2.934 1.725 1.927 4.011 4.691 8.776 8.428 8.010 8.288 8.353 8.217 9.521 11.110 -999.250 -999.250 -999.250 -999.250 -999.250 -999.250 -999.250 -999.250 -999.250
10.195 15.433 20.671 34.321 38.067 41.494 51.471 55.256 41.863 33.458 28.539 22.628 21.269 17.626 13.559 8.845 5.486 2.498 0.964 1.676 3.686 7.472 9.598 11.912 12.990 15.768 17.033 22.325 17.981 16.933 18.131 15.738 15.805 12.035 10.177 7.639 4.965 4.811 0.674 0.009 1.151 1.456 2.917 4.778 2.526 3.826 4.210 4.097 2.526 1.043 0.000 2.819 6.601 7.188 7.383 7.755 9.397 8.642 9.053 10.114 10.755 -999.250 -999.250 -999.250 -999.250 -999.250 -999.250 -999.250 -999.250 -999.250
10.123 15.014 20.161 30.631 35.556 47.869 62.047 52.441 48.573 34.854 30.062 21.640 18.790 16.388 12.836 8.767 4.329 2.035 0.041 2.620 2.551 6.577 9.130 9.920 14.539 14.074 20.627 18.389 18.176 14.437 14.437 16.607 14.897 13.062 10.376 7.053 6.343 4.251 3.699 0.409 2.082 1.693 1.213 3.536 4.230 3.664 3.961 2.357 3.482 2.806 2.708 3.410 5.981 7.202 8.904 8.076 7.734 7.582 8.858 10.445 -999.250 -999.250 -999.250 -999.250 -999.250 -999.250 -999.250 -999.250 -999.250 -999.250
12.528 16.546 21.543 25.087 32.693 42.081 46.441 46.958 38.409 28.755 25.123 20.401 14.392 11.929 8.450 6.894 4.276 0.484 0.000 0.319 3.901 6.281 9.360 11.942 13.406 15.669 16.900 18.208 17.451 15.127 14.347 16.545 16.297 13.639 10.505 7.715 6.440 5.800 4.132 5.222 2.915 3.828 2.153 3.850 5.149 6.908 4.892 4.561 5.493 6.157 5.957 5.077 5.736 7.595 7.950 9.648 8.678 7.414 -999.250 -999.250 -999.250 -999.250 -999.250 -999.250 -999.250 -999.250 -999.250 -999.250 -999.250 -999.250
7.051 12.795 19.470 24.961 28.395 33.982 37.063 38.047 28.769 22.622 20.117 15.294 9.070 5.012 3.947 3.460 4.660 1.459 0.000 2.225 5.292 7.104 9.025 13.145 16.192 17.110 18.026 18.508 18.758 15.743 16.579 12.832 13.547 11.688 10.164 7.622 6.702 5.679 5.366 4.527 5.218 3.175 3.795 4.420 5.162 6.476 9.317 7.308 6.783 6.352 7.819 8.000 9.154 9.919 10.198 10.139 10.089 10.589 -999.250 -999.250 -999.250 -999.250 -999.250 -999.250 -999.250 -999.250 -999.250 -999.250 -999.250 -999.250
4.312 8.245 14.142 19.916 24.835 28.099 30.520 31.191 24.753 19.864 13.646 12.738 5.883 0.000 0.933 5.130 4.475 1.559 2.047 3.511 5.333 8.845 10.620 13.601 16.249 17.649 20.256 17.596 15.382 14.208 13.208 13.037 14.865 11.739 9.754 8.874 7.762 7.909 6.535 6.831 5.638 5.732 6.244 5.885 7.737 8.567 8.916 9.726 10.512 9.909 7.262 9.261 9.364 -999.250 9.839 9.734 -999.250 -999.250 -999.250 -999.250 -999.250 -999.250 -999.250 -999.250 -999.250 -999.250 -999.250 -999.250 -999.250 -999.250
0.978 5.884 7.865 14.297 18.215 21.384 24.434 25.405 19.513 15.407 13.386 8.493 4.518 0.000 0.767 3.272 3.015 0.490 1.885 1.307 5.356 7.964 10.730 13.577 14.854 16.770 18.086 18.200 14.767 15.399 14.278 13.780 15.681 12.382 10.126 8.710 8.701 7.730 5.693 5.681 6.612 8.790 7.728 8.281 7.754 9.143 10.219 12.586 9.007 11.367 11.819 -999.250 -999.250 -999.250 -999.250 -999.250 -999.250 -999.250 -999.250 -999.250 -999.250 -999.250 -999.250 -999.250 -999.250 -999.250 -999.250 -999.250 -999.250 -999.250
0.000 0.980 6.543 11.857 16.194 17.623 19.112 19.185 15.944 11.530 9.125 7.000 2.598 2.228 1.552 1.538 2.798 2.206 1.188 2.488 4.215 6.692 10.830 12.527 14.378 14.662 15.216 16.409 13.329 13.734 13.047 11.813 11.746 10.105 9.129 10.833 10.890 8.530 10.027 7.974 7.864 7.483 10.446 8.546 12.184 10.745 12.528 14.533 14.106 14.076 -999.250 -999.250 -999.250 -999.250 -999.250 -999.250 -999.250 -999.250 -999.250 -999.250 -999.250 -999.250 -999.250 -999.250 -999.250 -999.250 -999.250 -999.250 -999.250 -999.250
0.000 0.000 2.192 10.186 15.154 15.473 16.366 15.356 10.920 9.689 7.760 4.461 3.897 3.652 2.290 2.629 2.942 2.194 2.381 3.145 3.795 6.242 8.838 9.921 13.068 15.290 16.247 16.225 15.337 14.363 14.938 11.130 11.280 11.059 10.902 13.642 13.593 11.482 11.377 8.455 11.212 8.675 12.968 14.092 11.322 15.107 14.353 14.671 14.720 16.148 -999.250 -999.250 -999.250 -999.250 -999.250 -999.250 -999.250 -999.250 -999.250 -999.250 -999.250 -999.250 -999.250 -999.250 -999.250 -999.250 -999.250 -999.250 -999.250 -999.250
0.000 0.000 0.056 9.374 19.020 14.884 13.947 11.395 11.239 9.761 6.191 4.732 2.969 5.103 2.933 5.539 4.482 3.057 4.946 3.313 3.245 6.178 6.375 12.275 12.367 15.480 15.792 15.106 16.840 13.917 13.354 13.106 14.399 10.772 12.995 14.564 13.167 12.066 13.256 10.324 12.009 10.501 13.213 13.077 16.186 16.467 16.609 18.286 18.256 -999.250 -999.250 -999.250 -999.250 -999.250 -999.250 -999.250 -999.250 -999.250 -999.250 -999.250 -999.250 -999.250 -999.250 -999.250 -999.250 -999.250 -999.250 -999.250 -999.250 -999.250
0.000 0.000 1.024 8.040 11.602 11.240 10.285 9.777 8.472 9.697 5.848 5.871 6.692 5.776 7.247 5.502 4.932 5.168 3.655 3.040 1.175 5.635 6.987 8.954 12.655 12.106 14.319 14.717 14.161 14.755 14.727 13.941 13.291 13.112 12.530 13.486 12.980 13.014 11.822 12.342 13.341 17.196 18.167 16.826 20.090 20.929 19.716 18.471 -999.250 -999.250 -999.250 -999.250 -999.250 -999.250 -999.250 -999.250 -999.250 -999.250 -999.250 -999.250 -999.250 -999.250 -999.250 -999.250 -999.250 -999.250 -999.250 -999.250 -999.250 -999.250
44.384 27.447 14.356 7.709 5.178 7.372 5.737 5.822 6.688 4.975 6.351 5.756 8.025 10.920 10.908 9.261 7.267 5.549 5.299 0.000 0.912 4.580 6.886 8.148 10.872 14.059 14.513 14.964 12.471 13.270 13.187 13.516 14.823 12.828 15.495 12.548 11.970 13.662 11.856 13.441 12.801 13.142 19.767 23.747 24.097 24.678 25.600 23.111 -999.250 -999.250 -999.250 -999.250 -999.250 -999.250 -999.250 -999.250 -999.250 -999.250 -999.250 -999.250 -999.250 -999.250 -999.250 -999.250 -999.250 -999.250 -999.250 -999.250 -999.250 -999.250
87.351 57.960 29.218 10.075 2.251 0.127 2.376 2.270 3.319 2.549 4.908 6.571 10.093 16.576 14.031 10.340 8.123 7.128 4.816 1.586 2.656 5.136 6.490 6.887 9.943 10.402 12.455 12.485 11.381 12.227 14.756 15.033 14.880 16.043 15.755 12.415 13.061 12.261 11.779 14.303 14.776 18.627 19.904 25.997 28.178 28.459 24.286 -999.250 -999.250 -999.250 -999.250 -999.250 -999.250 -999.250 -999.250 -999.250 -999.250 -999.250 -999.250 -999.250 -999.250 -999.250 -999.250 -999.250 -999.250 -999.250 -999.250 -999.250 -999.250 -999.250
133.945 81.376 40.554 8.034 2.266 0.000 0.000 0.000 0.000 0.000 1.280 6.791 8.963 11.645 11.267 10.177 9.436 9.556 7.434 5.502 3.930 3.480 3.884 6.249 7.417 8.764 11.765 13.380 12.216 13.978 13.946 15.377 13.606 13.915 13.937 13.357 14.340 14.928 13.518 15.020 15.987 20.559 20.511 23.675 27.268 30.321 27.141 -999.250 -999.250 -999.250 -999.250 -999.250 -999.250 -999.250 -999.250 -999.250 -999.250 -999.250 -999.250 -999.250 -999.250 -999.250 -999.250 -999.250 -999.250 -999.250 -999.250 -999.250 -999.250 -999.250
158.409 89.213 46.525 20.273 6.872 0.000 0.000 0.000 0.000 0.000 2.034 5.232 7.562 9.019 11.417 10.526 10.158 9.557 8.904 5.506 7.025 3.556 5.248 5.027 5.755 7.219 8.184 11.580 10.659 12.476 12.319 12.320 14.708 14.077 14.061 13.307 13.294 15.874 15.496 14.274 18.961 20.276 20.660 21.472 23.761 27.501 28.144 -999.250 -999.250 -999.250 -999.250 -999.250 -999.250 -999.250 -999.250 -999.250 -999.250 -999.250 -999.250 -999.250 -999.250 -999.250 -999.250 -999.250 -999.250 -999.250 -999.250 -999.250 -999.250 -999.250
137.497 87.462 52.116 24.108 9.917 0.626 0.000 0.000 0.000 0.000 0.898 2.612 4.605 6.427 8.693 10.960 10.147 9.792 10.130 7.142 4.345 3.749 3.403 5.160 6.907 7.278 7.736 8.436 9.548 10.847 9.875 11.663 14.316 12.710 13.233 12.118 14.475 15.848 15.775 16.233 17.928 19.146 22.057 19.285 23.133 23.234 -999.250 -999.250 -999.250 -999.250 -999.250 -999.250 -999.250 -999.250 -999.250 -999.250 -999.250 -999.250 -999.250 -999.250 -999.250 -999.250 -999.250 -999.250 -999.250 -999.250 -999.250 -999.250 -999.250 -999.250
129.959 80.488 51.427 23.515 9.194 0.000 0.000 0.000 0.000 0.000 0.000 2.966 3.765 5.611 6.007 7.687 10.541 8.233 6.362 5.786 5.644 5.271 4.505 4.294 7.025 6.099 6.176 8.329 9.944 9.549 10.896 11.388 11.704 10.551 11.419 12.765 13.341 12.355 15.804 15.724 16.916 16.463 20.413 18.859 20.276 21.354 -999.250 -999.250 -999.250 -999.250 -999.250 -999.250 -999.250 -999.250 -999.250 -999.250 -999.250 -999.250 -999.250 -999.250 -999.250 -999.250 -999.250 -999.250 -999.250 -999.250 -999.250 -999.250 -999.250 -999.250
116.559 75.859 44.205 21.477 6.355 0.000 0.000 0.000 0.000 0.000 0.000 0.000 2.592 4.920 5.552 7.342 9.642 10.527 6.244 4.390 4.459 4.954 3.724 2.976 4.069 6.378 6.766 5.968 7.363 7.443 7.274 10.140 9.490 10.093 11.127 11.252 12.529 12.287 12.283 15.859 18.226 16.599 17.871 16.948 18.041 -999.250 -999.250 -999.250 -999.250 -999.250 -999.250 -999.250 -999.250 -999.250 -999.250 -999.250 -999.250 -999.250 -999.250 -999.250 -999.250 -999.250 -999.250 -999.250 -999.250 -999.250 -999.250 -999.250 -999.250 -999.250
