data/medianmodel_31-Mar-2020.asc
ncols	141
nrows	288
xllcorner	-120191.398
yllcorner	-301404.813
cellsize	2000.000
NODATA_value	-999.250
[rows 30 to 59 of 288, columns 69 to 137 of 141]
4.168 1.630 0.839 0.000 0.000 0.000 0.000 0.000 3.261 5.465 7.287 5.875 7.054 10.238 12.288 12.019 12.173 13.392 15.025 16.143 15.426 17.129 20.912 17.679 18.725 20.290 22.033 28.146 34.495 34.195 41.481 44.147 39.596 37.967 48.241 57.859 65.855 65.149 67.105 64.693 62.705 70.642 80.862 84.185 87.839 79.465 85.757 92.901 89.436 93.979 102.598 83.487 89.212 96.855 90.057 95.116 88.135 97.532 99.428 86.756 66.328 52.476 53.070 42.762 38.184 30.610 31.306 23.267 20.345
0.000 0.148 0.000 0.000 0.000 0.000 2.789 1.258 2.874 2.001 5.780 6.746 9.327 12.284 13.043 11.092 11.422 13.990 14.462 14.732 17.745 16.206 17.407 16.758 20.344 23.968 23.869 32.306 34.368 40.134 41.403 42.239 47.416 45.078 48.922 54.823 57.022 71.169 71.912 69.981 73.303 74.512 79.908 84.320 77.767 85.514 79.876 72.816 82.170 82.995 88.720 80.543 89.316 91.770 74.130 84.819 83.613 94.260 89.103 74.535 61.438 52.158 49.718 41.031 34.921 29.743 24.093 21.121 22.277
0.692 0.000 0.000 0.000 0.000 1.773 6.232 6.971 7.757 9.771 9.137 9.388 10.715 13.076 10.719 12.911 12.695 12.750 13.607 14.501 15.053 14.149 15.624 16.906 22.585 23.832 25.813 31.605 39.434 39.521 40.782 41.974 47.182 45.493 45.546 54.992 59.003 60.205 68.868 80.338 75.520 69.690 66.921 68.291 77.025 76.860 69.877 66.461 67.732 64.356 78.168 82.351 69.521 76.719 88.258 77.070 76.161 80.644 81.338 74.806 63.078 48.852 42.868 38.781 26.790 24.722 22.076 21.200 16.105
0.000 0.494 0.000 0.000 0.000 4.175 8.402 9.405 10.739 13.714 14.095 12.677 15.480 13.869 13.134 13.749 11.515 15.689 15.023 13.364 15.982 15.463 16.171 18.853 19.326 23.023 30.845 32.004 31.711 38.088 41.863 43.134 47.626 45.709 52.797 54.407 58.317 58.186 69.781 75.778 74.077 65.165 62.778 70.265 71.313 73.024 79.934 69.815 65.840 64.641 77.941 65.575 73.392 63.044 67.569 73.104 63.487 73.295 71.258 66.701 54.826 43.223 36.068 31.324 26.934 21.889 17.287 17.864 19.757
0.616 1.548 1.131 0.000 0.000 7.009 13.182 14.024 16.631 15.663 20.954 17.936 20.355 18.417 16.022 16.391 19.624 18.296 13.687 13.412 12.905 16.498 17.163 18.702 23.357 21.324 26.866 29.816 27.285 33.500 46.047 44.137 43.612 45.027 48.951 57.197 51.857 53.312 57.900 63.248 64.698 58.831 59.416 62.725 65.013 63.880 66.025 64.053 57.651 54.361 57.148 67.148 61.715 64.311 59.740 60.904 56.630 60.210 54.888 47.267 44.127 39.927 32.525 31.170 21.367 19.648 18.951 17.125 18.623
3.122 4.484 7.965 6.635 8.529 16.312 19.544 23.203 25.579 26.509 26.816 30.716 25.081 23.984 21.396 23.214 23.083 15.134 15.807 15.540 14.592 16.840 16.450 17.244 21.859 23.270 28.875 29.367 32.168 42.103 48.561 45.413 51.165 45.226 48.521 51.706 51.934 49.546 47.936 54.837 59.684 57.150 60.758 54.734 52.168 53.968 49.577 59.175 50.520 58.714 52.463 55.998 58.045 53.803 52.338 52.207 59.698 50.584 50.275 43.886 38.149 34.290 28.500 24.676 19.036 14.641 16.212 16.128 -999.250
7.060 7.817 10.991 13.967 18.334 26.368 37.575 35.377 41.087 38.114 43.716 42.662 36.944 34.340 30.950 26.483 19.698 19.371 13.696 14.316 16.625 16.756 16.747 21.987 21.511 29.546 28.241 33.092 40.378 41.583 50.565 47.014 45.693 48.034 44.618 45.397 45.478 43.747 43.817 39.869 56.300 49.840 52.600 52.099 46.041 45.353 46.316 46.129 48.956 53.866 47.240 42.586 45.494 42.766 40.069 49.262 47.605 51.409 39.446 31.853 30.525 26.429 23.376 18.693 18.924 14.326 15.047 15.492 -999.250
12.085 13.323 14.914 23.345 28.672 38.880 50.913 48.834 49.122 47.969 50.512 53.283 44.345 38.831 36.690 33.397 25.378 22.512 16.100 16.325 17.021 17.541 18.628 22.548 24.514 27.027 32.203 35.036 37.317 39.759 44.770 41.844 37.098 44.246 42.172 39.609 40.067 48.128 48.931 42.115 46.389 46.283 50.826 47.598 47.864 46.173 46.632 42.390 35.224 39.402 37.698 35.944 35.654 35.313 39.988 35.882 37.518 35.418 33.618 33.412 29.397 25.876 21.777 18.274 16.332 15.027 15.976 -999.250 -999.250
12.018 16.919 24.189 33.667 42.798 50.160 63.471 69.321 64.280 77.820 74.869 70.668 52.339 52.814 41.759 40.961 31.317 22.539 19.708 16.473 15.294 18.883 20.505 24.269 24.510 26.743 30.534 33.378 38.413 37.837 40.663 39.666 37.088 33.257 40.479 34.995 36.019 38.183 40.838 37.555 35.745 39.459 46.033 42.619 37.450 46.853 40.230 36.020 33.212 34.232 30.780 27.305 31.891 34.163 28.402 30.492 29.545 27.824 30.424 22.568 25.605 21.892 19.861 18.792 13.954 18.168 14.289 -999.250 -999.250
16.218 20.301 29.886 38.346 49.676 66.804 72.466 89.483 89.696 91.911 76.068 79.858 63.979 55.686 43.753 40.656 37.053 31.037 19.733 18.039 18.503 19.223 20.308 22.611 27.231 27.152 31.740 32.378 37.062 34.747 33.106 28.846 33.957 30.101 32.410 32.299 37.744 37.901 32.392 35.298 36.121 36.928 34.172 37.129 34.702 39.570 36.598 36.893 33.883 27.758 27.430 23.444 21.151 22.644 26.233 23.968 23.389 22.379 24.287 21.979 23.221 20.602 15.489 14.765 16.406 15.035 12.602 -999.250 -999.250
21.134 28.643 42.404 51.177 61.272 72.659 98.601 102.199 119.875 105.764 98.662 86.094 89.872 70.729 54.512 49.303 39.486 32.424 23.249 18.305 16.526 17.770 18.400 21.411 26.514 26.528 27.705 30.943 33.230 36.193 33.484 27.522 32.610 35.228 35.181 32.390 28.860 37.271 31.133 35.975 33.783 31.657 28.435 36.293 33.253 34.744 35.356 28.364 25.167 26.266 22.325 20.518 17.620 16.737 21.679 23.044 26.703 20.850 26.684 21.709 19.352 16.920 16.183 14.964 16.266 14.077 -999.250 -999.250 -999.250
20.714 38.902 47.463 62.804 79.543 98.352 130.726 136.503 132.880 120.008 125.899 97.464 98.708 75.727 60.893 52.093 38.279 31.545 22.627 20.764 19.217 17.029 18.507 24.597 24.832 24.936 28.856 31.470 30.347 32.585 28.231 25.994 27.353 31.966 28.946 25.594 23.784 30.773 27.223 28.544 29.837 26.163 26.946 28.957 27.028 31.302 27.822 25.232 24.841 19.546 16.024 15.771 17.175 17.259 16.928 16.586 20.050 20.206 19.934 20.631 18.327 18.183 19.531 15.360 15.574 15.999 14.284 -999.250 -999.250
28.571 37.330 60.159 81.734 99.374 129.511 151.116 159.786 172.460 149.438 137.050 124.610 97.876 83.667 71.927 65.125 39.901 30.137 27.232 22.647 16.763 16.061 19.200 20.804 24.354 30.910 26.328 29.124 27.185 29.530 28.110 22.643 23.454 24.532 25.606 25.120 23.860 26.258 25.636 27.470 30.026 26.925 28.834 26.633 26.218 25.390 24.571 22.139 20.426 19.636 14.162 12.811 14.095 13.924 14.979 17.124 16.116 16.482 15.417 13.548 17.441 16.888 19.989 -999.250 -999.250 -999.250 -999.250 -999.250 -999.250
28.395 49.808 65.197 88.635 115.198 137.005 176.880 165.695 180.150 178.009 151.235 145.658 99.702 91.474 76.087 57.124 45.885 34.610 28.532 19.426 18.348 18.750 19.440 22.915 23.752 27.025 30.599 29.084 27.821 28.492 25.497 22.284 23.578 21.131 20.406 21.072 22.990 25.568 22.421 25.144 21.978 20.215 24.388 23.503 22.812 20.012 18.264 18.992 16.600 14.358 13.087 11.444 10.735 9.919 11.932 13.729 13.962 13.737 12.576 15.954 13.747 18.757 20.210 16.700 -999.250 -999.250 -999.250 -999.250 -999.250
33.513 45.253 59.283 71.308 119.117 153.893 195.120 209.366 203.601 199.796 182.155 132.941 106.451 92.875 74.411 51.894 49.266 32.698 24.996 18.083 18.020 16.316 18.395 20.786 24.992 30.552 30.403 27.133 25.245 25.690 24.452 24.477 25.871 20.613 19.073 20.492 19.723 20.123 21.580 19.642 17.703 18.242 18.975 19.656 17.449 17.539 16.549 15.301 13.466 10.078 7.666 6.902 6.952 9.209 11.034 13.598 11.684 15.300 11.964 13.779 14.362 17.446 -999.250 -999.250 -999.250 -999.250 -999.250 -999.250 -999.250
33.956 47.078 64.332 86.384 119.585 147.543 227.518 227.577 225.303 192.979 158.643 136.891 105.523 90.154 70.793 51.933 39.554 28.703 20.942 18.525 14.066 16.697 16.295 21.580 23.721 29.561 31.089 31.473 31.237 30.591 23.335 24.947 20.157 19.635 18.173 17.459 14.446 17.088 16.356 16.757 18.868 15.643 16.219 15.935 15.267 14.281 13.602 12.369 10.750 9.563 4.774 0.000 4.178 8.230 12.292 13.609 12.473 11.858 13.257 16.476 15.006 15.760 -999.250 -999.250 -999.250 -999.250 -999.250 -999.250 -999.250
31.030 46.352 67.159 81.113 114.162 140.202 194.938 244.186 231.109 196.988 139.911 126.720 89.120 74.035 49.705 39.288 30.927 21.654 16.598 13.192 13.379 13.076 17.867 23.301 29.014 34.503 37.055 30.395 31.724 28.637 25.199 22.531 19.772 16.422 14.850 15.331 13.844 15.053 13.543 14.965 16.926 14.239 15.296 15.526 13.238 12.027 12.019 9.273 11.014 7.696 5.671 2.773 5.214 7.692 11.509 12.108 12.977 14.391 17.658 16.112 17.625 -999.250 -999.250 -999.250 -999.250 -999.250 -999.250 -999.250 -999.250
36.186 48.502 57.406 80.750 105.538 138.984 181.568 214.178 187.284 175.480 133.268 107.738 88.068 53.769 43.814 37.912 23.318 20.031 15.271 9.412 12.293 17.234 20.897 23.167 26.473 34.157 38.973 36.781 40.957 31.913 29.203 22.121 16.545 16.396 13.763 15.074 13.428 14.890 12.419 15.539 15.996 14.198 13.218 13.339 11.476 8.847 10.330 8.880 8.712 9.439 9.495 9.706 9.901 9.461 13.357 14.230 14.188 15.027 16.072 -999.250 -999.250 -999.250 -999.250 -999.250 -999.250 -999.250 -999.250 -999.250 -999.250
24.425 38.792 51.068 73.711 89.888 108.678 125.555 146.418 145.030 122.872 98.073 76.848 64.890 40.199 34.150 23.600 16.432 14.156 12.485 12.085 12.705 18.811 22.647 24.592 31.726 40.945 48.269 45.929 42.504 33.999 28.309 23.944 17.715 15.787 15.367 12.418 11.657 13.530 10.537 12.927 12.439 12.109 14.479 14.102 12.309 9.374 9.657 10.674 11.614 11.010 12.640 11.903 10.892 11.767 12.347 14.882 18.033 16.821 16.164 -999.250 -999.250 -999.250 -999.250 -999.250 -999.250 -999.250 -999.250 -999.250 -999.250
19.793 26.593 36.324 55.231 69.621 92.664 95.064 119.768 105.546 109.136 91.830 72.267 52.077 34.027 16.898 15.911 13.744 12.703 10.588 12.855 13.385 15.096 22.473 31.781 34.523 42.252 52.947 44.564 38.328 37.012 29.469 21.779 18.081 14.689 14.922 15.263 13.137 11.718 10.506 11.153 11.848 13.385 13.697 11.851 11.173 10.384 11.561 10.087 13.582 14.172 12.672 13.333 12.839 12.695 -999.250 15.592 17.015 -999.250 -999.250 -999.250 -999.250 -999.250 -999.250 -999.250 -999.250 -999.250 -999.250 -999.250 -999.250
14.602 20.358 24.165 37.728 42.035 50.794 65.707 79.719 87.355 85.556 70.664 56.964 45.620 31.907 17.567 13.516 12.723 11.318 14.046 13.677 14.166 16.631 22.737 26.505 36.997 41.907 43.865 46.894 44.407 37.976 27.602 23.061 20.858 16.311 13.276 13.427 11.822 12.172 12.409 11.850 10.859 10.539 11.230 10.613 11.710 14.135 13.623 15.892 15.016 17.866 14.772 13.609 -999.250 -999.250 -999.250 -999.250 -999.250 -999.250 -999.250 -999.250 -999.250 -999.250 -999.250 -999.250 -999.250 -999.250 -999.250 -999.250 -999.250
8.781 12.543 15.483 21.653 25.540 31.819 41.061 61.432 64.124 60.598 56.611 42.992 34.879 22.913 17.179 12.350 13.070 12.312 13.903 13.684 15.259 18.436 21.803 26.238 37.801 37.386 41.196 44.841 43.035 35.771 29.411 23.828 20.980 18.218 15.523 13.674 12.262 13.954 11.550 12.269 11.387 11.613 10.859 11.080 13.303 12.465 13.763 15.009 16.417 17.573 15.227 -999.250 -999.250 -999.250 -999.250 -999.250 -999.250 -999.250 -999.250 -999.250 -999.250 -999.250 -999.250 -999.250 -999.250 -999.250 -999.250 -999.250 -999.250
10.566 8.774 10.110 15.494 20.461 15.154 37.321 46.535 46.165 50.904 48.902 34.218 24.179 20.161 16.324 11.329 11.660 9.685 8.878 11.656 12.083 17.402 21.281 30.105 29.615 33.482 36.614 37.298 36.378 38.536 34.215 27.017 21.183 17.636 14.987 13.902 13.920 12.493 14.000 14.320 14.773 14.473 14.578 11.714 14.898 15.010 13.976 15.399 14.502 16.026 14.531 -999.250 -999.250 -999.250 -999.250 -999.250 -999.250 -999.250 -999.250 -999.250 -999.250 -999.250 -999.250 -999.250 -999.250 -999.250 -999.250 -999.250 -999.250
18.217 12.993 9.014 15.003 23.808 50.720 38.554 43.656 44.756 38.738 32.930 24.522 18.990 18.572 14.175 13.394 12.054 10.758 11.207 11.919 11.997 14.970 18.720 26.839 33.681 33.672 34.700 32.695 38.037 35.108 29.253 27.122 20.656 18.884 16.479 12.995 12.267 12.289 13.442 13.062 14.881 14.042 13.782 16.456 16.785 19.579 20.803 19.098 19.108 16.568 -999.250 -999.250 -999.250 -999.250 -999.250 -999.250 -999.250 -999.250 -999.250 -999.250 -999.250 -999.250 -999.250 -999.250 -999.250 -999.250 -999.250 -999.250 -999.250
46.666 25.227 19.881 19.925 25.116 35.978 36.114 33.164 31.144 26.291 22.598 20.968 17.947 15.831 14.938 13.920 13.172 11.673 10.249 6.957 6.019 11.554 17.329 20.905 28.284 31.408 27.301 27.979 33.271 33.300 26.960 24.639 21.228 21.423 15.580 15.572 14.427 14.408 13.626 12.965 13.233 14.501 15.464 19.602 21.864 22.144 19.921 24.374 22.355 -999.250 -999.250 -999.250 -999.250 -999.250 -999.250 -999.250 -999.250 -999.250 -999.250 -999.250 -999.250 -999.250 -999.250 -999.250 -999.250 -999.250 -999.250 -999.250 -999.250
99.671 74.238 47.192 31.522 25.596 22.856 20.682 22.179 19.857 20.904 14.539 15.644 13.525 15.126 16.742 13.550 13.304 10.447 7.623 2.191 0.000 10.002 14.082 20.087 23.489 26.388 30.604 25.867 25.489 23.680 28.591 22.855 22.082 21.868 19.063 16.624 16.824 16.767 16.551 14.750 14.549 17.674 17.371 19.117 21.970 25.379 26.229 23.986 19.386 -999.250 -999.250 -999.250 -999.250 -999.250 -999.250 -999.250 -999.250 -999.250 -999.250 -999.250 -999.250 -999.250 -999.250 -999.250 -999.250 -999.250 -999.250 -999.250 -999.250
201.558 115.071 73.329 43.045 20.763 13.112 13.129 11.240 13.289 11.124 7.874 6.790 11.565 12.709 16.576 13.087 11.927 9.900 6.327 3.610 3.121 7.015 13.210 17.141 18.785 21.932 21.380 25.342 24.563 28.105 25.386 29.605 28.574 25.314 23.233 20.581 19.316 19.437 17.704 17.461 18.100 18.581 22.022 22.765 24.695 26.838 28.885 24.053 -999.250 -999.250 -999.250 -999.250 -999.250 -999.250 -999.250 -999.250 -999.250 -999.250 -999.250 -999.250 -999.250 -999.250 -999.250 -999.250 -999.250 -999.250 -999.250 -999.250 -999.250
264.095 175.507 101.287 58.173 20.084 9.228 5.983 6.576 3.654 1.754 0.000 2.835 9.058 11.241 10.755 12.357 11.737 10.889 8.735 6.634 6.145 8.642 12.711 15.402 16.939 21.250 23.433 19.730 21.847 20.666 24.298 26.007 30.755 25.559 21.001 18.899 16.968 18.837 18.453 17.797 16.932 19.856 22.733 22.139 25.472 27.436 30.321 30.575 -999.250 -999.250 -999.250 -999.250 -999.250 -999.250 -999.250 -999.250 -999.250 -999.250 -999.250 -999.250 -999.250 -999.250 -999.250 -999.250 -999.250 -999.250 -999.250 -999.250 -999.250
287.938 207.573 123.425 75.325 33.996 13.079 5.493 0.000 0.000 0.000 0.000 1.922 4.171 7.699 8.261 8.744 11.132 8.909 8.914 8.826 7.062 7.228 12.431 13.632 16.870 17.720 20.108 17.338 18.096 20.787 22.914 23.240 23.790 22.994 19.610 19.578 17.633 21.357 18.453 15.881 18.365 18.993 18.779 21.741 27.471 29.900 28.019 23.028 -999.250 -999.250 -999.250 -999.250 -999.250 -999.250 -999.250 -999.250 -999.250 -999.250 -999.250 -999.250 -999.250 -999.250 -999.250 -999.250 -999.250 -999.250 -999.250 -999.250 -999.250
263.732 233.527 139.692 84.637 36.961 13.638 3.157 0.000 0.000 0.000 0.000 0.000 2.038 3.380 5.154 7.612 9.366 9.157 8.652 11.980 8.209 7.871 10.672 15.572 14.580 15.534 17.147 15.464 17.330 18.025 18.842 19.622 18.566 19.079 20.184 19.142 19.068 18.403 18.364 16.035 18.309 18.164 20.506 19.151 22.600 25.667 21.559 -999.250 -999.250 -999.250 -999.250 -999.250 -999.250 -999.250 -999.250 -999.250 -999.250 -999.250 -999.250 -999.250 -999.250 -999.250 -999.250 -999.250 -999.250 -999.250 -999.250 -999.250 -999.250
