data/medianmodel_11-Dec-2020.asc
ncols	141
nrows	288
xllcorner	-120191.398
yllcorner	-301404.813
cellsize	2000.000
NODATA_value	-999.250
[rows 58 to 86 of 288, columns 64 to 127 of 141]
818.160 798.648 725.685 703.429 647.917 641.475 704.738 709.434 829.749 944.086 919.671 942.917 975.301 977.903 1067.678 1090.512 1037.887 1007.116 921.316 814.115 740.215 639.491 570.993 475.948 402.700 342.016 278.160 238.373 183.017 142.360 127.409 106.186 111.520 109.753 114.773 122.304 138.124 179.935 239.022 313.426 374.287 434.007 460.520 472.181 486.128 480.880 474.504 457.537 444.504 422.128 415.030 405.690 403.331 -999.250 -999.250 -999.250 -999.250 -999.250 -999.250 -999.250 -999.250 -999.250 -999.250 -999.250
704.096 729.191 700.437 660.153 657.729 650.708 699.655 713.759 725.544 772.142 864.203 802.439 893.033 929.673 959.352 978.854 953.414 830.050 757.174 725.116 643.627 591.875 529.490 461.611 380.483 299.853 247.115 212.055 183.883 149.855 117.384 111.515 105.244 105.818 113.399 128.770 156.533 197.956 239.108 313.097 366.967 420.561 460.967 475.515 466.552 468.149 445.394 441.760 447.706 424.085 425.860 412.995 -999.250 -999.250 -999.250 -999.250 -999.250 -999.250 -999.250 -999.250 -999.250 -999.250 -999.250 -999.250
675.168 664.955 656.213 633.368 666.793 657.721 659.808 660.543 687.837 674.802 676.200 688.055 710.840 718.374 786.583 810.895 755.005 687.400 648.655 593.741 534.296 479.903 454.858 395.320 361.966 294.177 239.028 204.584 156.685 135.390 120.960 109.671 95.116 107.468 117.430 135.945 170.497 215.135 268.925 306.923 373.987 419.984 454.312 456.462 498.247 488.634 464.739 469.700 446.346 448.814 435.506 445.942 -999.250 -999.250 -999.250 -999.250 -999.250 -999.250 -999.250 -999.250 -999.250 -999.250 -999.250 -999.250
634.788 669.966 636.535 632.375 639.573 634.232 626.091 578.524 591.789 560.158 515.246 562.653 595.498 590.101 608.453 603.450 571.298 533.276 476.263 443.016 435.583 421.811 389.522 327.901 297.035 259.030 225.614 185.380 151.711 125.026 110.886 91.905 90.278 107.866 122.223 151.460 179.306 228.548 283.909 332.114 383.894 418.600 461.759 490.866 475.524 512.903 499.047 484.306 473.847 448.865 433.744 -999.250 -999.250 -999.250 -999.250 -999.250 -999.250 -999.250 -999.250 -999.250 -999.250 -999.250 -999.250 -999.250
594.079 631.189 617.032 616.058 571.025 549.898 550.084 527.330 487.296 440.764 371.604 416.078 461.286 488.870 487.281 449.446 407.099 342.120 284.113 293.052 339.736 333.169 310.052 284.841 265.625 233.234 189.913 169.674 133.876 121.572 104.175 89.979 90.165 104.320 125.029 161.760 199.885 239.397 315.663 357.103 401.752 424.913 452.593 462.748 477.774 514.896 -999.250 -999.250 -999.250 -999.250 -999.250 -999.250 -999.250 -999.250 -999.250 -999.250 -999.250 -999.250 -999.250 -999.250 -999.250 -999.250 -999.250 -999.250
595.822 601.446 576.785 544.531 503.509 503.435 475.694 451.471 407.903 379.961 344.893 341.270 359.137 377.618 356.887 325.373 274.744 198.937 92.440 161.460 216.901 233.280 240.274 227.205 213.424 204.590 178.612 154.381 128.038 114.138 102.894 88.334 93.213 103.542 134.169 183.496 218.520 275.344 335.520 371.864 431.258 457.102 505.613 535.904 536.783 577.710 551.800 -999.250 -999.250 -999.250 -999.250 -999.250 -999.250 -999.250 -999.250 -999.250 -999.250 -999.250 -999.250 -999.250 -999.250 -999.250 -999.250 -999.250
571.013 551.825 532.735 504.126 453.888 456.340 437.273 395.131 374.038 339.400 318.965 290.870 275.838 263.562 255.151 226.555 180.615 134.465 101.472 117.921 147.643 187.525 194.086 195.641 187.529 173.357 163.926 140.693 125.025 114.678 108.719 97.771 103.558 109.004 153.117 207.826 256.799 311.854 353.939 398.147 467.230 497.979 529.216 564.579 600.379 601.487 572.770 584.682 -999.250 -999.250 -999.250 -999.250 -999.250 -999.250 -999.250 -999.250 -999.250 -999.250 -999.250 -999.250 -999.250 -999.250 -999.250 -999.250
554.740 523.056 491.162 491.030 439.884 430.549 400.019 364.218 331.748 298.257 272.519 249.652 228.342 223.629 195.989 176.009 147.456 118.659 112.257 118.492 134.258 152.506 165.374 174.903 167.259 170.840 157.866 136.335 125.830 120.162 110.955 117.624 117.896 141.555 194.556 254.001 306.383 368.195 419.248 452.066 499.817 532.572 564.996 607.908 635.896 630.849 636.258 637.165 -999.250 -999.250 -999.250 -999.250 -999.250 -999.250 -999.250 -999.250 -999.250 -999.250 -999.250 -999.250 -999.250 -999.250 -999.250 -999.250
505.694 499.463 468.266 453.975 438.381 401.780 374.665 354.444 296.226 257.589 237.237 227.479 200.502 189.801 165.867 146.412 136.082 128.921 114.537 123.665 138.700 146.620 166.649 173.329 167.295 155.404 153.262 140.576 130.706 120.372 122.859 130.661 146.564 186.127 256.136 302.536 360.315 407.135 461.817 515.398 570.244 597.650 641.574 641.948 650.877 660.387 657.198 654.249 655.695 -999.250 -999.250 -999.250 -999.250 -999.250 -999.250 -999.250 -999.250 -999.250 -999.250 -999.250 -999.250 -999.250 -999.250 -999.250
463.162 477.373 447.420 427.530 410.092 395.182 360.327 327.259 292.029 249.698 225.375 205.570 189.251 160.642 151.825 146.067 143.781 137.861 138.651 147.329 159.032 167.313 178.293 185.446 179.752 159.721 143.595 137.302 140.054 134.955 137.908 161.876 198.870 229.625 311.125 356.313 406.938 450.191 521.589 566.589 633.032 635.738 657.704 679.386 692.061 716.332 694.125 683.400 695.649 671.770 -999.250 -999.250 -999.250 -999.250 -999.250 -999.250 -999.250 -999.250 -999.250 -999.250 -999.250 -999.250 -999.250 -999.250
452.638 432.136 426.532 410.024 387.161 368.950 350.613 312.680 281.813 231.589 202.363 198.834 159.239 150.912 149.069 147.427 164.183 165.264 188.556 195.456 194.021 218.059 223.639 210.825 192.019 164.319 161.637 148.697 143.366 151.280 168.262 202.793 225.753 304.666 374.851 444.564 488.124 534.324 586.795 656.708 661.079 678.705 709.412 729.953 740.600 728.877 732.474 713.051 669.177 686.757 -999.250 -999.250 -999.250 -999.250 -999.250 -999.250 -999.250 -999.250 -999.250 -999.250 -999.250 -999.250 -999.250 -999.250
426.479 411.169 407.057 394.315 375.060 359.936 315.426 293.261 260.045 222.671 204.015 194.792 154.730 149.549 153.170 158.827 186.298 216.556 226.843 237.232 247.859 262.938 242.288 236.383 221.803 203.211 183.562 161.075 155.925 176.341 198.401 233.794 277.543 359.160 422.775 480.837 538.776 597.682 663.445 711.862 766.735 779.733 748.423 778.087 743.967 749.404 788.865 732.261 692.766 701.766 -999.250 -999.250 -999.250 -999.250 -999.250 -999.250 -999.250 -999.250 -999.250 -999.250 -999.250 -999.250 -999.250 -999.250
412.464 416.697 397.841 377.355 365.441 353.598 320.055 289.713 253.600 225.688 210.761 173.592 160.090 158.004 170.544 209.183 229.691 254.413 283.417 306.282 314.661 322.696 294.067 277.984 265.748 246.310 217.318 189.849 190.417 208.639 225.788 283.177 334.050 402.599 489.698 546.069 595.359 661.920 725.672 778.496 899.041 896.528 878.057 884.182 856.983 871.311 763.909 745.441 714.907 718.717 720.074 691.379 -999.250 -999.250 -999.250 -999.250 -999.250 -999.250 -999.250 -999.250 -999.250 -999.250 -999.250 -999.250
395.818 382.944 371.068 387.238 362.321 346.513 317.440 286.406 256.767 237.629 216.042 190.627 170.685 170.732 205.862 224.116 252.460 302.255 322.224 387.375 389.905 388.036 376.176 355.216 309.771 289.710 238.156 220.670 215.912 236.154 252.186 320.029 381.713 448.739 523.522 627.561 665.889 747.938 817.540 937.572 936.861 923.392 962.450 899.295 892.791 899.575 899.989 809.261 714.896 709.795 692.929 657.604 -999.250 -999.250 -999.250 -999.250 -999.250 -999.250 -999.250 -999.250 -999.250 -999.250 -999.250 -999.250
382.956 402.881 390.723 366.166 361.032 353.013 307.909 273.980 267.697 240.357 220.913 206.595 201.063 206.153 229.385 273.855 309.591 348.165 404.639 444.617 461.634 482.804 465.392 428.421 383.052 354.255 283.576 247.872 232.791 248.224 292.498 354.865 425.047 485.173 575.319 655.601 735.484 849.281 882.079 997.529 1046.389 1063.273 1035.876 938.602 901.171 945.851 925.852 777.575 748.862 754.268 717.274 -999.250 -999.250 -999.250 -999.250 -999.250 -999.250 -999.250 -999.250 -999.250 -999.250 -999.250 -999.250 -999.250
380.791 365.195 371.054 371.258 363.637 344.058 315.361 301.310 274.255 246.951 225.867 219.650 208.198 232.111 270.223 321.888 363.268 417.155 447.315 512.477 557.252 589.758 577.523 531.714 449.558 383.452 325.612 278.809 264.079 275.410 307.302 393.006 438.007 536.765 582.567 691.561 750.702 894.304 1013.699 1033.350 1094.067 1101.247 1039.927 1022.287 979.241 987.622 926.803 854.671 797.370 729.033 688.603 -999.250 -999.250 -999.250 -999.250 -999.250 -999.250 -999.250 -999.250 -999.250 -999.250 -999.250 -999.250 -999.250
378.212 371.255 383.842 365.920 349.106 336.456 317.528 288.399 288.670 251.852 233.212 232.344 225.512 234.065 269.295 334.362 401.688 456.999 533.392 602.614 647.288 683.487 672.098 605.232 529.269 446.165 352.814 290.969 247.631 285.634 339.845 388.247 468.106 552.357 613.603 691.494 858.343 971.549 1032.703 1100.129 1155.778 1151.557 1070.493 1070.744 1018.030 954.784 930.684 849.817 849.656 766.336 700.445 -999.250 -999.250 -999.250 -999.250 -999.250 -999.250 -999.250 -999.250 -999.250 -999.250 -999.250 -999.250 -999.250
377.961 380.343 373.700 360.420 343.384 343.557 321.876 289.633 270.492 249.222 238.942 232.672 229.354 252.711 291.159 346.002 404.855 500.681 577.962 648.831 718.611 831.431 762.161 690.807 577.917 489.383 387.835 304.953 236.620 301.414 369.947 420.034 479.285 573.978 666.777 737.580 889.817 990.268 1049.809 1159.601 1245.447 1173.060 1092.134 1081.230 1006.339 909.619 897.749 880.748 822.673 722.144 708.600 -999.250 -999.250 -999.250 -999.250 -999.250 -999.250 -999.250 -999.250 -999.250 -999.250 -999.250 -999.250 -999.250
369.153 374.885 356.748 369.819 362.571 338.688 343.930 320.001 296.533 261.059 259.254 242.231 231.260 247.215 287.895 339.217 413.560 534.870 576.706 657.121 808.062 945.830 822.657 689.856 614.088 507.410 439.242 345.856 313.453 350.784 395.646 454.804 520.375 618.758 693.638 755.312 909.504 1012.899 1072.111 1107.980 1144.856 1172.252 1121.554 1000.434 977.124 911.403 831.860 794.749 777.173 735.877 702.806 -999.250 -999.250 -999.250 -999.250 -999.250 -999.250 -999.250 -999.250 -999.250 -999.250 -999.250 -999.250 -999.250
344.913 372.248 370.226 366.849 344.015 363.438 344.568 326.446 303.813 271.870 247.901 239.189 235.590 241.796 283.926 347.085 421.176 493.073 548.384 632.049 735.913 809.861 709.762 674.601 613.605 528.929 435.916 402.327 384.941 400.569 433.367 484.307 577.413 620.653 704.106 838.161 907.120 990.688 1045.076 1093.553 1101.119 1112.578 1097.611 993.147 927.094 881.070 881.044 757.048 708.381 683.096 700.487 -999.250 -999.250 -999.250 -999.250 -999.250 -999.250 -999.250 -999.250 -999.250 -999.250 -999.250 -999.250 -999.250
323.177 360.323 352.113 372.299 352.401 359.322 355.137 368.580 317.935 288.039 282.626 261.381 250.821 262.610 285.265 346.511 411.031 466.817 530.869 616.596 653.574 679.268 664.503 617.907 566.980 488.439 460.669 430.713 415.260 442.392 468.993 524.079 574.573 653.339 712.352 820.466 927.380 978.783 1065.970 1090.668 1057.278 1033.642 1001.423 967.660 912.726 829.524 756.106 762.942 666.063 692.050 624.934 -999.250 -999.250 -999.250 -999.250 -999.250 -999.250 -999.250 -999.250 -999.250 -999.250 -999.250 -999.250 -999.250
318.704 359.276 366.555 395.980 392.271 395.304 393.607 374.279 357.208 321.095 277.551 267.628 259.637 271.694 296.725 342.022 388.299 423.760 483.024 518.107 553.150 567.955 557.635 566.480 496.877 467.398 447.177 431.221 444.827 453.691 490.775 553.189 582.040 647.313 701.581 804.723 899.114 912.681 982.039 1040.473 1019.378 1016.653 994.110 950.648 905.805 840.004 765.091 679.711 642.998 656.053 618.022 -999.250 -999.250 -999.250 -999.250 -999.250 -999.250 -999.250 -999.250 -999.250 -999.250 -999.250 -999.250 -999.250
315.438 342.583 374.529 396.352 406.757 420.200 406.081 392.912 371.159 353.349 298.141 276.390 272.614 283.410 297.253 330.120 358.910 395.741 414.923 449.120 482.632 487.520 490.069 451.224 456.757 451.603 432.530 444.790 440.141 456.958 490.430 546.596 619.247 672.379 737.260 796.868 812.208 910.066 945.969 996.972 963.746 957.886 973.754 955.527 882.477 799.051 746.297 674.489 629.099 573.971 542.339 539.773 -999.250 -999.250 -999.250 -999.250 -999.250 -999.250 -999.250 -999.250 -999.250 -999.250 -999.250 -999.250
306.076 335.936 377.875 411.832 438.764 441.768 443.178 433.062 386.359 351.692 324.004 289.483 279.104 283.655 295.151 307.849 337.523 358.384 368.396 391.251 412.930 393.071 402.412 398.884 394.207 408.407 413.327 428.355 436.804 464.922 505.661 539.507 581.623 651.075 680.488 687.890 759.123 872.668 900.893 976.719 968.008 940.990 879.993 876.622 812.160 725.281 738.779 648.290 596.991 604.246 549.717 534.346 -999.250 -999.250 -999.250 -999.250 -999.250 -999.250 -999.250 -999.250 -999.250 -999.250 -999.250 -999.250
302.366 366.218 410.307 445.745 464.094 486.380 483.060 422.407 403.132 367.318 319.278 282.146 257.613 262.754 273.807 294.380 301.157 304.983 291.774 320.692 310.894 328.541 344.585 352.702 351.320 386.950 391.360 396.251 458.454 451.221 486.320 547.068 582.268 607.429 644.733 677.350 709.860 798.314 902.931 913.513 936.987 921.829 883.043 901.340 743.357 685.422 647.776 604.542 586.529 579.890 537.289 511.895 -999.250 -999.250 -999.250 -999.250 -999.250 -999.250 -999.250 -999.250 -999.250 -999.250 -999.250 -999.250
321.044 377.891 436.883 445.725 476.955 508.569 487.728 429.814 399.952 374.157 323.433 266.789 250.048 239.812 242.283 256.862 275.796 285.930 263.818 241.543 233.652 250.513 269.415 291.414 336.255 343.456 367.785 395.132 427.544 474.376 513.289 541.402 592.901 626.319 652.466 677.248 705.534 776.954 816.134 853.008 894.151 898.429 842.388 771.618 765.795 644.025 603.406 572.219 542.565 541.915 492.575 488.462 -999.250 -999.250 -999.250 -999.250 -999.250 -999.250 -999.250 -999.250 -999.250 -999.250 -999.250 -999.250
360.441 380.911 420.653 453.986 493.476 494.673 485.531 453.062 432.187 380.754 309.515 255.757 208.554 206.910 225.422 262.260 253.598 247.081 228.080 202.843 176.678 218.233 242.531 272.155 294.863 320.425 346.420 389.728 426.346 442.968 489.388 524.914 580.571 600.397 668.859 687.415 698.196 736.315 810.865 793.889 794.603 769.330 780.478 729.722 695.622 661.505 612.500 567.116 534.751 490.701 463.122 -999.250 -999.250 -999.250 -999.250 -999.250 -999.250 -999.250 -999.250 -999.250 -999.250 -999.250 -999.250 -999.250
365.039 401.424 422.476 473.651 494.261 498.052 510.755 497.000 474.417 405.416 359.965 269.035 172.880 207.462 228.814 237.753 255.176 249.389 245.828 223.552 205.731 207.618 234.740 253.582 281.206 308.369 347.441 383.449 417.004 443.719 473.508 514.985 534.325 576.247 622.746 620.955 691.399 691.623 689.370 778.538 758.802 752.536 672.299 679.487 663.632 626.942 604.778 562.684 543.099 483.828 465.532 -999.250 -999.250 -999.250 -999.250 -999.250 -999.250 -999.250 -999.250 -999.250 -999.250 -999.250 -999.250 -999.250
373.747 405.182 436.732 487.922 521.445 538.668 544.180 536.501 514.780 455.146 390.884 325.961 277.675 250.368 259.334 276.733 275.745 260.046 258.769 251.486 243.499 226.789 234.423 262.157 278.642 317.741 354.534 378.653 398.502 445.921 487.808 527.421 555.502 573.969 609.576 622.025 658.964 692.613 672.530 700.227 681.270 667.948 660.272 684.138 604.038 608.714 566.813 534.135 512.959 471.780 -999.250 -999.250 -999.250 -999.250 -999.250 -999.250 -999.250 -999.250 -999.250 -999.250 -999.250 -999.250 -999.250 -999.250
