data/medianmodel_13-Feb-2021.asc
ncols	141
nrows	288
xllcorner	-120191.398
yllcorner	-301404.813
cellsize	2000.000
NODATA_value	-999.250
[rows 145 to 173 of 288, columns 0 to 64 of 141]
-999.250 -999.250 -999.250 -999.250 -999.250 -999.250 -999.250 -999.250 -999.250 -999.250 -999.250 -999.250 -999.250 -999.250 -999.250 -999.250 -999.250 480.149 471.559 492.823 502.156 535.786 570.754 579.043 579.806 596.204 590.029 588.226 626.878 610.160 605.437 574.003 576.516 613.610 621.420 599.044 533.091 476.081 430.019 377.939 284.181 243.287 240.936 239.025 254.564 301.536 335.803 360.718 396.284 380.758 389.281 374.706 364.970 344.682 345.715 345.459 345.323 311.366 267.984 229.917 239.607 268.573 334.252 378.058 436.250
-999.250 -999.250 -999.250 -999.250 -999.250 -999.250 -999.250 -999.250 -999.250 -999.250 -999.250 -999.250 -999.250 -999.250 -999.250 469.731 467.452 487.313 519.404 530.058 551.626 591.092 598.613 614.957 636.814 662.993 673.781 678.580 675.184 652.729 661.254 638.270 640.884 621.925 655.434 622.036 611.197 529.092 459.036 400.908 299.402 208.971 221.124 227.670 247.837 262.260 285.793 323.846 328.984 343.562 347.295 346.044 340.863 313.185 322.516 342.047 358.954 370.054 309.588 290.115 287.269 346.407 394.502 450.821 515.958
-999.250 -999.250 -999.250 -999.250 -999.250 -999.250 -999.250 -999.250 -999.250 -999.250 -999.250 -999.250 -999.250 -999.250 495.487 475.551 489.993 500.506 551.004 586.794 610.629 635.938 706.871 683.466 697.560 745.133 741.470 732.793 754.138 724.623 731.538 714.909 698.187 724.696 722.413 722.849 695.658 620.343 516.672 426.632 333.967 257.039 238.400 231.582 236.580 246.874 258.281 273.771 285.772 299.616 312.582 316.144 292.515 272.953 295.330 338.253 344.158 356.667 336.794 328.198 341.644 363.449 432.736 492.911 572.209
-999.250 -999.250 -999.250 -999.250 -999.250 -999.250 -999.250 -999.250 -999.250 -999.250 -999.250 -999.250 -999.250 -999.250 475.434 469.203 476.086 516.546 563.859 606.746 662.987 728.231 772.201 776.299 784.003 844.946 830.862 832.322 828.293 819.326 805.635 767.137 756.562 740.634 755.691 745.876 693.806 710.438 588.227 448.942 357.548 296.858 257.125 236.696 234.657 245.848 242.882 241.255 248.960 270.773 274.247 283.573 274.152 270.708 293.462 323.036 346.069 343.693 337.161 358.095 369.240 399.040 451.594 534.570 627.707
-999.250 -999.250 -999.250 -999.250 -999.250 -999.250 -999.250 -999.250 -999.250 -999.250 -999.250 -999.250 -999.250 498.178 482.127 478.002 492.061 519.900 589.024 618.664 703.233 756.025 809.920 855.673 879.937 921.303 937.735 920.354 871.743 865.551 861.614 844.848 791.180 787.144 800.223 759.639 751.917 676.714 581.676 483.537 394.112 334.839 274.373 248.450 242.483 235.903 230.727 240.288 243.540 250.621 274.400 266.183 272.040 277.448 287.354 298.914 324.037 335.764 346.652 365.431 381.354 410.729 480.432 577.841 661.743
-999.250 -999.250 -999.250 -999.250 -999.250 -999.250 -999.250 -999.250 -999.250 -999.250 -999.250 -999.250 543.277 498.036 487.199 495.211 489.946 514.291 573.951 631.505 726.861 789.452 870.266 944.107 977.956 999.961 1008.981 983.748 933.778 929.210 918.564 892.148 864.398 821.311 791.897 790.808 756.412 649.015 585.941 494.380 405.640 347.878 301.079 270.902 248.434 233.948 228.421 232.358 239.522 246.043 255.761 262.385 254.112 267.900 285.456 301.072 318.362 341.233 348.978 372.236 396.609 428.898 494.847 574.053 661.345
-999.250 -999.250 -999.250 -999.250 -999.250 -999.250 -999.250 -999.250 -999.250 -999.250 -999.250 581.877 571.334 525.095 501.839 495.702 501.726 515.915 572.965 643.450 756.646 810.631 917.687 969.716 1024.170 1039.715 1042.624 1052.968 1009.754 993.687 968.160 938.171 909.144 846.316 820.326 816.166 752.948 647.149 561.549 484.926 410.580 339.013 323.330 277.607 242.068 224.761 228.177 241.435 246.277 262.775 252.013 262.652 256.812 280.437 270.387 282.132 313.782 347.732 370.840 374.543 394.258 439.117 481.761 567.444 628.411
-999.250 -999.250 -999.250 -999.250 -999.250 -999.250 -999.250 -999.250 -999.250 -999.250 632.734 608.234 596.119 555.994 512.041 502.261 496.656 524.545 570.689 614.599 728.411 838.192 954.399 1054.971 1083.208 1147.507 1157.810 1133.969 1133.424 1025.024 969.372 946.465 914.113 877.494 817.737 789.756 713.682 637.419 562.845 490.204 428.013 351.716 322.487 277.518 250.978 241.644 250.685 254.029 267.351 263.298 258.793 261.427 269.186 269.481 290.863 290.620 312.223 338.771 352.187 371.235 394.408 432.718 491.276 521.884 582.530
-999.250 -999.250 -999.250 -999.250 -999.250 -999.250 -999.250 -999.250 -999.250 679.712 676.831 623.061 605.375 528.459 513.851 523.207 529.721 532.565 569.654 597.164 743.235 873.571 993.790 1119.273 1227.987 1333.905 1258.147 1271.686 1179.004 1138.342 1029.399 1000.565 931.148 910.357 876.434 794.815 751.966 641.762 570.530 509.025 437.414 370.125 325.407 288.947 276.278 278.268 281.511 291.446 289.491 273.761 271.069 275.892 271.481 269.133 279.249 279.107 308.005 330.991 360.146 383.266 399.271 407.145 449.284 497.955 540.501
-999.250 -999.250 -999.250 -999.250 -999.250 823.567 818.837 800.222 742.123 719.592 672.258 657.725 636.508 571.625 555.291 539.682 565.663 554.167 563.956 659.473 779.806 932.884 1029.652 1167.449 1374.935 1491.979 1465.416 1393.346 1203.529 1125.547 1035.746 996.124 963.431 947.357 875.072 810.529 765.805 633.732 574.486 510.247 456.465 384.962 342.771 311.757 297.693 303.089 326.193 306.718 303.067 282.171 265.674 277.376 272.966 264.568 282.115 323.002 311.463 336.226 340.149 364.936 378.819 390.216 406.851 464.690 492.144
-999.250 -999.250 -999.250 -999.250 -999.250 -999.250 -999.250 788.610 763.593 739.702 715.391 687.263 623.826 613.018 589.871 564.019 596.539 585.114 619.591 699.823 811.624 938.918 1032.457 1196.016 1414.017 1673.291 1499.365 1410.817 1215.769 1175.553 1071.318 999.996 965.666 957.801 887.896 819.736 716.622 628.773 585.153 534.305 464.939 418.929 363.782 336.202 310.524 305.287 312.959 319.893 299.455 285.935 273.715 277.253 270.804 267.219 264.409 272.772 290.682 312.921 302.666 334.926 360.352 364.683 371.396 397.980 465.721
-999.250 -999.250 -999.250 -999.250 -999.250 -999.250 -999.250 782.005 747.142 720.089 722.852 696.963 673.858 642.541 632.006 615.023 601.505 622.994 641.399 717.452 798.878 908.175 1010.455 1207.180 1425.586 1460.277 1510.389 1470.274 1297.879 1235.869 1119.015 1038.587 971.390 951.668 857.188 790.512 731.509 647.191 592.462 548.240 501.071 444.388 385.026 359.969 333.289 318.550 316.762 318.250 290.533 284.382 282.424 279.730 278.299 284.562 270.653 272.526 281.293 283.743 286.107 318.355 318.102 321.985 334.934 357.745 397.099
-999.250 -999.250 -999.250 -999.250 -999.250 -999.250 -999.250 782.067 738.747 738.205 710.733 723.471 708.851 675.424 700.070 681.003 637.364 629.633 666.401 731.241 798.786 882.223 975.473 1077.865 1214.590 1252.828 1332.451 1294.298 1201.514 1150.644 1098.001 1056.293 963.364 909.029 840.495 796.957 720.688 638.851 600.170 554.206 492.948 461.423 417.554 387.179 351.045 327.403 322.006 301.404 303.677 291.117 277.736 279.068 273.424 272.071 265.174 263.991 253.427 261.036 279.534 289.557 302.060 289.710 295.760 309.150 329.959
-999.250 -999.250 -999.250 -999.250 -999.250 -999.250 -999.250 749.085 740.064 719.793 717.043 702.894 711.298 695.243 729.926 750.333 679.229 666.602 650.309 692.312 756.367 819.234 937.400 1001.967 1087.115 1152.053 1167.395 1145.638 1188.813 1104.632 1062.227 996.529 963.226 896.701 832.235 797.293 762.674 690.245 613.534 572.108 529.757 483.566 432.467 385.313 367.223 350.547 327.438 317.253 301.804 301.090 292.404 274.091 280.785 278.195 257.181 237.266 238.769 240.312 247.503 249.129 246.964 256.232 262.443 266.554 275.105
-999.250 -999.250 -999.250 -999.250 -999.250 -999.250 -999.250 -999.250 694.983 715.139 721.811 712.273 702.439 729.273 755.968 750.325 726.661 646.083 619.375 632.359 690.560 790.387 852.674 956.605 1000.118 1033.640 1039.336 1036.927 1046.140 1040.894 1017.373 965.218 945.673 928.827 863.620 795.949 747.137 706.042 643.665 586.211 543.687 480.538 455.798 404.473 371.639 349.014 329.508 324.067 314.260 320.600 287.543 268.690 264.115 262.730 240.902 234.507 229.001 235.663 221.781 233.701 225.095 218.424 230.127 235.917 233.916
-999.250 -999.250 -999.250 -999.250 -999.250 -999.250 -999.250 -999.250 728.475 696.190 700.312 709.406 693.854 711.129 763.599 780.379 733.044 630.135 579.731 571.424 591.037 671.028 763.728 849.258 932.714 945.615 966.016 992.518 967.581 954.670 940.042 935.093 924.468 892.305 824.780 781.833 762.345 709.086 624.267 595.590 540.758 509.987 461.722 409.289 375.108 361.310 358.342 337.922 324.862 314.878 297.180 269.302 268.784 265.233 253.893 234.916 228.758 221.421 221.343 203.416 183.681 187.123 199.008 198.278 197.592
-999.250 -999.250 -999.250 -999.250 -999.250 -999.250 -999.250 730.458 681.729 673.330 694.029 683.162 693.986 710.358 710.711 726.560 670.022 605.295 544.712 510.508 488.359 566.949 662.353 789.258 842.864 897.671 913.698 955.943 923.448 908.873 895.468 860.949 878.836 828.377 801.806 777.453 747.113 706.777 622.544 594.074 531.983 506.609 460.514 424.520 390.488 379.828 354.129 345.393 326.191 314.949 301.929 278.311 263.104 251.669 246.943 237.403 220.286 197.383 196.027 192.259 178.889 176.525 176.409 181.113 171.179
-999.250 -999.250 -999.250 -999.250 -999.250 -999.250 -999.250 680.214 696.619 679.077 656.790 713.919 698.362 690.751 680.309 665.528 591.844 577.625 503.365 454.886 402.253 495.979 591.414 682.659 775.870 787.669 834.216 870.835 856.175 832.831 808.260 813.553 802.799 785.438 746.187 762.920 733.274 645.520 604.813 579.573 523.920 505.203 478.567 451.821 408.408 379.978 364.796 358.067 343.422 310.775 284.675 284.568 257.902 260.411 246.468 227.646 220.864 200.404 190.326 177.033 169.200 161.248 169.459 162.723 158.584
-999.250 -999.250 -999.250 -999.250 -999.250 -999.250 -999.250 686.891 675.381 676.259 668.013 656.560 675.722 643.579 631.133 599.404 574.844 527.928 475.175 435.569 451.443 482.387 582.628 654.596 723.464 744.928 785.156 791.033 765.334 758.691 767.848 773.402 734.185 737.817 734.202 708.726 715.576 653.799 603.211 553.459 521.296 501.102 483.632 453.775 424.426 410.633 383.846 372.775 355.962 332.358 302.190 283.681 281.383 274.351 235.032 231.958 211.464 184.307 184.115 185.114 164.549 142.699 143.958 134.818 126.914
-999.250 -999.250 -999.250 -999.250 -999.250 -999.250 -999.250 717.047 673.431 689.072 683.579 653.846 633.981 628.519 617.969 601.662 557.852 506.928 489.492 488.972 494.136 512.722 571.748 649.791 688.249 685.701 710.288 737.989 716.971 691.570 660.334 685.832 689.333 670.195 671.087 690.622 659.181 647.238 598.513 551.997 528.505 532.046 486.817 456.110 438.307 430.833 408.240 394.802 378.485 350.590 317.974 291.205 265.128 245.852 225.973 219.604 193.530 185.402 193.484 178.627 168.464 148.865 154.387 133.138 128.263
-999.250 -999.250 -999.250 -999.250 -999.250 -999.250 720.522 702.172 691.631 693.153 668.231 672.865 624.243 613.101 598.920 581.141 574.645 541.244 521.165 523.529 523.987 551.473 601.853 630.840 656.678 649.073 672.217 650.968 661.176 647.244 628.561 616.533 647.960 631.043 635.387 649.662 647.420 628.127 590.986 533.784 527.218 500.288 488.469 462.418 445.240 432.499 415.789 405.313 375.188 366.209 338.067 288.110 268.502 256.076 233.631 218.488 209.006 178.508 179.886 177.763 178.676 163.124 135.476 145.394 135.767
-999.250 -999.250 -999.250 -999.250 -999.250 -999.250 746.718 721.006 742.562 670.353 662.185 651.219 637.211 615.916 591.151 588.148 570.216 589.204 569.944 580.571 591.508 597.606 608.320 627.788 615.203 635.364 616.082 635.183 644.490 626.809 615.049 611.550 633.051 613.862 625.818 630.734 623.152 609.002 569.777 564.117 525.840 502.873 483.650 457.000 449.686 430.281 428.678 399.797 384.939 364.758 327.707 289.059 264.927 252.680 243.187 234.435 198.473 188.079 171.055 167.726 160.858 140.854 140.267 135.318 125.121
-999.250 -999.250 -999.250 -999.250 -999.250 773.566 778.642 742.727 716.970 680.460 665.755 646.854 627.039 646.571 607.931 593.368 630.183 597.369 590.294 611.890 632.629 644.102 621.936 642.773 625.705 630.425 628.365 616.306 613.523 618.590 609.980 602.994 609.012 612.200 605.778 612.925 614.456 594.444 579.403 534.335 544.290 511.815 484.346 461.198 460.538 439.321 416.677 401.798 388.521 358.280 304.714 283.296 271.567 261.065 242.813 235.206 210.126 186.869 164.847 155.161 160.622 142.990 155.205 134.536 127.943
-999.250 -999.250 -999.250 -999.250 -999.250 777.438 783.794 738.107 742.151 693.781 670.596 645.613 647.212 639.513 653.068 649.327 633.938 637.769 593.015 619.590 639.011 652.140 689.293 671.300 657.018 644.582 614.175 610.265 598.315 596.803 589.214 599.720 601.856 598.743 591.470 605.921 594.377 583.854 547.974 554.062 554.173 510.764 477.923 462.239 451.316 410.742 420.547 390.160 377.295 346.833 303.170 290.565 273.594 253.742 240.840 215.562 196.870 174.763 165.167 137.968 159.815 137.955 147.108 131.933 113.021
-999.250 -999.250 -999.250 -999.250 822.015 796.441 792.013 757.852 773.060 734.545 673.186 663.932 676.011 668.538 681.323 685.530 644.384 654.045 653.370 646.433 666.184 702.170 731.621 736.780 691.377 658.932 623.266 619.358 605.710 591.892 601.316 621.635 616.476 599.156 595.191 612.825 600.895 578.753 545.688 534.274 534.402 544.340 503.649 470.009 458.620 437.387 395.780 388.153 369.733 342.760 311.206 285.022 269.163 257.763 242.610 216.349 191.670 172.175 159.828 147.724 136.895 138.946 126.433 146.204 128.500
-999.250 -999.250 -999.250 -999.250 838.514 803.214 797.361 797.134 759.544 758.618 723.468 716.202 701.757 697.499 690.237 686.058 686.512 655.212 655.682 698.124 688.304 740.771 776.355 752.417 717.303 678.696 672.127 624.039 613.437 619.948 615.977 604.515 606.817 591.249 602.331 621.246 592.816 588.537 553.395 554.572 526.378 527.890 496.371 480.556 465.926 442.512 408.773 389.440 373.137 339.882 310.307 292.043 284.692 246.700 238.071 205.850 192.331 172.601 155.494 149.785 134.575 128.110 144.093 147.175 133.556
-999.250 -999.250 -999.250 -999.250 825.296 834.104 815.367 816.390 800.522 788.937 737.694 746.275 718.095 741.770 726.936 711.824 703.466 686.140 728.046 731.519 715.619 746.429 782.101 766.686 747.387 695.829 687.583 673.151 674.731 650.893 635.430 635.653 618.812 629.080 621.070 624.804 610.223 590.408 599.934 554.274 552.850 499.122 494.099 473.132 467.499 445.999 416.416 389.006 368.425 350.505 326.670 288.124 268.004 252.470 229.742 213.995 193.918 177.834 159.912 159.158 159.384 144.499 165.667 157.456 166.896
-999.250 -999.250 -999.250 -999.250 838.134 834.571 814.067 842.207 839.625 816.598 791.684 794.109 779.213 759.025 734.689 727.082 747.589 709.456 698.246 690.704 716.960 736.255 776.797 773.435 758.818 735.944 712.623 670.587 653.395 608.408 629.760 636.697 633.161 622.920 639.643 662.127 618.175 609.361 588.877 597.454 548.395 511.015 475.940 467.153 449.268 441.358 420.136 384.127 374.438 351.870 336.853 284.613 262.449 252.627 231.243 204.060 189.157 174.134 162.904 148.671 147.174 137.926 167.118 180.190 180.127
-999.250 -999.250 -999.250 -999.250 882.724 877.185 866.237 878.588 888.295 851.840 842.345 810.433 813.567 796.260 776.962 763.642 788.658 717.847 677.491 668.775 685.187 704.899 739.963 753.275 772.902 751.553 713.301 712.923 666.992 630.902 636.913 619.400 653.522 683.174 664.609 632.555 625.031 613.589 590.052 573.733 556.029 530.654 491.779 462.315 462.255 416.726 412.122 384.878 375.819 367.899 318.434 288.289 261.831 244.325 230.189 199.618 186.315 164.135 149.748 160.314 160.854 164.330 177.531 192.495 202.490
