data/medianmodel_09-Jun-2020.asc
ncols	141
nrows	288
xllcorner	-120191.398
yllcorner	-301404.813
cellsize	2000.000
NODATA_value	-999.250
[rows 186 to 216 of 288, columns 0 to 68 of 141]
99.713 105.565 85.866 81.764 84.064 126.478 138.946 152.654 156.138 192.385 218.974 222.043 229.296 198.546 183.850 144.158 122.082 149.617 -999.250 -999.250 -999.250 -999.250 -999.250 48.391 36.748 42.543 54.627 48.545 40.790 35.248 34.400 27.284 29.126 29.444 26.503 32.934 26.850 23.557 21.057 19.903 20.452 18.908 21.048 18.945 17.392 12.658 10.404 10.671 10.826 10.796 9.131 8.968 10.326 7.670 8.723 7.953 4.766 6.931 7.856 8.021 6.789 4.980 2.857 1.560 0.000 0.000 0.000 0.000 0.000
-999.250 111.992 90.344 73.411 83.883 131.566 124.450 142.698 147.717 173.402 220.679 236.275 256.917 225.674 146.276 128.990 139.083 100.969 -999.250 -999.250 -999.250 -999.250 39.568 43.518 40.376 38.872 47.978 38.827 28.278 40.428 24.549 25.670 22.748 29.333 27.267 40.610 37.079 27.340 21.070 19.527 15.562 15.109 15.046 17.450 12.037 15.502 15.261 11.405 10.879 9.691 7.753 7.512 7.928 8.435 7.355 5.720 7.850 3.938 5.444 2.858 0.200 4.362 4.135 0.010 0.000 0.000 0.000 0.000 0.000
-999.250 75.242 56.745 62.790 74.791 98.829 138.299 118.377 122.433 128.606 155.835 205.760 216.710 202.215 118.723 108.731 85.908 94.444 -999.250 -999.250 -999.250 33.315 -999.250 34.563 34.167 32.617 36.776 24.500 23.951 21.208 22.604 24.343 23.129 21.373 33.108 43.229 32.870 25.675 21.576 24.434 17.691 18.931 11.921 17.268 17.375 15.885 12.439 14.403 9.593 8.997 10.286 8.295 8.905 7.537 8.643 6.229 5.839 7.673 6.545 2.642 1.673 3.201 1.774 0.000 0.000 0.000 0.000 0.000 0.000
-999.250 61.765 50.839 45.954 75.024 92.835 115.894 87.887 73.112 79.289 95.388 116.451 163.416 137.930 96.775 68.719 76.259 -999.250 -999.250 -999.250 -999.250 23.032 18.474 23.686 34.692 35.834 29.619 19.467 18.906 20.092 19.270 26.989 23.800 20.834 25.578 32.199 27.985 24.869 26.544 33.243 20.664 18.648 13.361 15.034 16.254 10.538 8.992 9.084 10.552 10.357 11.252 10.287 6.921 11.129 7.457 6.460 7.195 6.306 4.690 5.129 1.973 0.838 0.000 0.000 1.123 0.000 0.000 0.000 0.000
-999.250 46.876 47.693 60.859 74.325 107.462 83.919 76.966 77.396 62.547 55.280 74.968 88.416 90.418 93.213 71.305 63.516 -999.250 -999.250 -999.250 29.254 16.791 24.300 17.907 24.815 27.585 28.021 20.879 20.215 18.689 22.580 29.568 26.403 25.990 30.233 30.137 26.554 26.599 28.527 28.015 22.846 19.539 16.752 11.420 11.897 10.984 7.781 6.489 8.782 9.494 8.796 11.829 9.973 8.391 11.932 8.668 5.821 4.949 3.840 5.004 1.423 0.620 0.000 0.000 0.000 0.000 0.000 0.000 0.000
-999.250 -999.250 -999.250 52.184 -999.250 -999.250 105.388 80.804 88.151 -999.250 -999.250 -999.250 67.650 82.247 -999.250 -999.250 -999.250 -999.250 -999.250 -999.250 29.204 26.115 25.389 22.499 23.575 25.437 23.563 14.092 14.186 24.966 32.625 31.727 39.022 33.052 33.136 24.446 32.315 20.063 16.941 24.513 19.903 19.859 15.512 12.559 7.525 6.472 5.875 8.603 9.929 10.557 7.049 7.598 9.126 7.564 8.332 6.448 5.191 4.086 4.130 4.247 2.946 2.209 0.000 0.000 0.000 0.004 0.000 0.000 0.000
-999.250 -999.250 -999.250 -999.250 -999.250 -999.250 -999.250 -999.250 -999.250 -999.250 -999.250 -999.250 -999.250 74.570 72.980 69.622 -999.250 -999.250 -999.250 49.061 42.758 34.923 34.976 27.314 22.323 18.189 14.947 13.416 18.901 22.550 34.863 29.104 28.787 24.452 21.043 17.860 19.242 20.368 21.577 20.891 24.035 17.149 17.844 10.836 8.525 8.885 7.089 7.386 5.796 8.425 5.877 8.148 6.660 6.698 8.163 7.769 2.760 1.825 1.904 4.870 2.698 4.102 2.574 0.000 0.000 0.000 0.000 0.000 0.000
-999.250 -999.250 -999.250 -999.250 -999.250 -999.250 -999.250 -999.250 -999.250 -999.250 -999.250 71.746 69.640 54.737 65.606 80.455 -999.250 -999.250 49.321 67.867 64.279 51.694 49.897 27.754 19.577 17.153 11.381 14.995 16.284 25.785 35.858 39.366 26.240 26.286 20.802 12.572 11.802 18.896 19.782 22.241 18.712 16.808 14.316 11.772 7.595 6.134 9.287 7.257 6.458 8.087 7.325 7.504 9.370 8.139 10.161 6.640 6.391 3.223 2.173 4.071 4.126 1.960 1.291 0.000 0.000 0.326 0.000 0.000 0.000
-999.250 -999.250 -999.250 -999.250 -999.250 -999.250 -999.250 -999.250 -999.250 -999.250 -999.250 62.160 76.103 55.177 56.286 59.454 57.258 44.546 38.497 42.507 46.162 82.289 55.759 36.415 22.371 15.139 17.116 15.533 25.307 27.308 35.212 29.320 25.201 19.489 18.309 16.098 14.135 20.883 21.929 15.279 21.592 15.187 13.266 13.910 9.188 7.736 9.814 7.679 12.369 10.291 8.515 6.796 8.890 6.204 6.786 4.268 2.031 1.178 2.704 4.150 3.055 0.749 0.251 0.000 0.000 0.000 0.000 0.000 0.000
-999.250 -999.250 -999.250 -999.250 -999.250 -999.250 -999.250 -999.250 -999.250 -999.250 -999.250 -999.250 100.695 66.138 63.332 63.224 84.649 61.281 43.038 39.493 48.745 52.032 51.458 35.258 26.284 19.892 14.688 17.245 20.954 26.310 27.997 27.218 27.210 22.612 25.466 23.029 17.958 21.599 22.336 14.557 13.880 10.272 11.113 11.290 12.710 9.755 9.631 10.021 9.889 9.893 6.268 9.503 7.981 8.382 6.965 5.305 2.064 2.188 2.309 3.483 2.244 1.237 0.614 2.248 2.268 0.000 0.000 0.000 0.000
-999.250 -999.250 -999.250 -999.250 -999.250 -999.250 -999.250 -999.250 -999.250 -999.250 -999.250 -999.250 -999.250 59.121 50.672 51.316 60.603 48.023 40.941 41.227 42.230 35.462 34.119 26.391 25.712 20.276 19.575 18.044 24.349 29.266 25.640 16.118 24.083 23.523 20.288 24.024 27.987 21.652 16.050 14.371 17.460 19.977 14.346 9.213 10.407 9.639 10.242 11.340 13.594 10.423 7.182 7.395 8.314 6.783 5.140 5.942 3.831 3.723 2.924 3.700 1.036 0.099 2.599 0.847 2.899 0.147 0.000 0.000 0.000
-999.250 -999.250 -999.250 -999.250 -999.250 -999.250 -999.250 -999.250 -999.250 -999.250 -999.250 -999.250 -999.250 60.943 62.063 44.972 40.814 31.788 29.904 32.095 29.904 34.215 38.761 27.411 31.159 26.181 22.760 26.832 28.142 22.916 19.201 24.004 19.943 18.436 18.653 19.745 20.011 16.421 17.806 9.317 13.612 14.307 13.341 10.509 9.594 11.989 15.153 17.447 11.668 10.492 9.201 8.101 9.062 7.888 5.259 6.659 5.210 6.369 3.008 3.975 2.711 1.026 1.053 0.000 0.402 0.000 0.000 0.000 0.000
-999.250 -999.250 -999.250 -999.250 -999.250 -999.250 -999.250 -999.250 -999.250 -999.250 -999.250 -999.250 -999.250 51.529 59.678 43.933 41.672 36.124 27.962 26.210 23.311 26.057 35.872 29.245 23.807 25.235 21.624 23.938 17.160 15.778 19.134 18.469 17.850 15.007 20.135 17.822 19.064 16.914 11.789 11.782 13.913 13.690 10.322 9.337 8.122 11.370 11.780 15.874 12.115 11.812 8.639 9.386 8.375 4.901 6.413 6.341 7.337 4.086 5.816 3.430 2.561 0.755 2.979 0.001 0.175 0.000 0.000 0.000 0.000
-999.250 -999.250 -999.250 -999.250 -999.250 -999.250 -999.250 -999.250 -999.250 -999.250 -999.250 -999.250 -999.250 -999.250 42.662 48.298 37.409 29.197 25.069 16.469 18.612 22.968 29.891 26.835 23.407 20.102 21.538 17.122 19.960 16.674 18.583 21.076 24.636 19.660 18.048 17.839 17.370 12.193 11.841 16.874 15.274 13.521 15.477 10.618 12.659 13.335 14.289 13.707 13.608 10.363 7.561 9.912 7.747 5.164 5.372 8.336 5.380 4.031 4.168 3.212 1.477 2.150 1.044 0.521 1.748 0.000 0.000 0.000 0.000
-999.250 -999.250 -999.250 -999.250 -999.250 -999.250 -999.250 -999.250 -999.250 -999.250 -999.250 -999.250 -999.250 -999.250 38.521 44.226 39.847 33.087 27.925 22.295 26.188 25.303 24.034 26.093 24.017 25.335 19.455 17.831 24.321 18.749 21.599 17.758 22.042 21.919 18.558 19.920 17.783 16.120 14.005 12.124 16.184 14.202 16.465 14.299 14.177 11.609 13.849 13.409 14.048 12.536 10.303 9.934 5.868 3.947 6.093 8.231 4.991 3.812 5.421 6.286 2.177 1.414 2.792 1.004 0.000 0.000 0.000 0.000 0.000
-999.250 -999.250 -999.250 -999.250 -999.250 -999.250 -999.250 -999.250 -999.250 -999.250 -999.250 -999.250 -999.250 -999.250 48.164 35.174 46.334 41.274 25.927 26.245 27.421 25.948 32.780 29.361 26.415 20.801 18.708 20.844 19.668 23.111 19.614 23.442 17.953 22.724 19.591 17.085 21.155 18.935 16.633 18.147 17.382 15.760 15.419 11.993 14.079 13.664 13.039 14.813 13.867 10.710 7.539 10.532 6.244 2.837 3.639 6.056 5.726 4.271 6.284 5.087 2.021 1.491 2.138 1.202 0.000 0.000 0.000 0.000 0.000
-999.250 -999.250 -999.250 -999.250 -999.250 -999.250 -999.250 -999.250 -999.250 -999.250 -999.250 -999.250 -999.250 -999.250 59.180 43.154 36.115 36.725 41.651 32.699 31.045 31.894 36.240 27.364 18.062 -999.250 18.125 18.325 16.652 24.003 21.367 16.596 21.348 16.397 15.732 19.136 19.298 13.590 12.147 13.584 13.983 14.486 11.388 14.726 11.931 9.226 9.121 14.036 14.926 10.071 11.824 7.866 8.077 4.145 3.026 2.283 4.423 2.690 5.212 4.440 3.158 2.088 0.000 0.000 1.029 0.000 0.000 0.000 0.000
-999.250 -999.250 -999.250 -999.250 -999.250 -999.250 -999.250 -999.250 -999.250 -999.250 -999.250 -999.250 -999.250 -999.250 46.060 51.031 45.176 38.130 45.815 31.867 39.071 29.920 39.171 -999.250 -999.250 -999.250 15.793 16.962 23.399 26.802 16.783 19.163 15.381 16.016 17.560 18.129 23.609 18.896 17.418 13.982 18.768 16.517 15.340 12.778 6.817 11.726 9.703 11.683 13.554 9.459 8.455 7.697 9.664 5.913 3.211 2.816 1.663 1.686 3.965 4.196 0.879 1.042 0.680 1.247 0.000 0.000 0.000 0.000 0.000
-999.250 -999.250 -999.250 -999.250 -999.250 -999.250 -999.250 -999.250 -999.250 -999.250 -999.250 -999.250 -999.250 48.198 42.409 45.857 30.677 36.678 38.663 34.498 37.691 27.071 -999.250 -999.250 -999.250 -999.250 -999.250 17.402 23.014 20.871 23.707 20.161 18.333 11.620 12.555 16.067 18.356 22.669 12.285 19.339 13.692 14.553 13.139 10.689 12.018 14.309 13.261 13.784 12.223 11.092 11.133 8.412 7.437 6.260 3.422 3.885 3.739 0.921 1.207 0.027 1.504 0.645 1.207 0.000 0.000 0.000 0.000 0.000 0.000
-999.250 -999.250 -999.250 -999.250 -999.250 -999.250 -999.250 -999.250 -999.250 -999.250 -999.250 -999.250 -999.250 36.825 39.481 43.032 38.890 40.357 34.774 37.672 -999.250 -999.250 -999.250 -999.250 -999.250 -999.250 -999.250 -999.250 18.684 18.490 14.969 15.001 15.725 13.494 17.935 19.477 16.257 13.150 15.708 17.331 14.140 16.731 14.312 13.088 17.536 18.605 17.141 15.495 17.343 13.449 8.811 11.560 7.637 7.281 4.567 3.265 2.189 1.422 3.347 2.876 2.073 0.036 0.572 0.448 0.000 0.000 0.000 0.000 0.000
-999.250 -999.250 -999.250 -999.250 -999.250 -999.250 -999.250 -999.250 -999.250 -999.250 -999.250 -999.250 36.135 31.074 -999.250 -999.250 -999.250 -999.250 -999.250 -999.250 -999.250 -999.250 -999.250 -999.250 -999.250 -999.250 -999.250 -999.250 -999.250 20.568 16.219 18.618 17.284 13.601 20.204 17.691 12.326 12.176 12.296 11.687 11.688 16.456 16.033 9.803 11.438 14.329 17.350 16.359 15.649 11.466 8.429 8.706 7.072 3.938 5.266 4.120 2.137 2.049 3.755 1.282 0.000 0.000 0.000 2.179 0.000 0.000 0.000 0.000 0.000
-999.250 -999.250 -999.250 -999.250 -999.250 -999.250 -999.250 -999.250 -999.250 -999.250 -999.250 -999.250 -999.250 -999.250 -999.250 -999.250 -999.250 -999.250 -999.250 -999.250 -999.250 -999.250 -999.250 -999.250 -999.250 -999.250 -999.250 -999.250 -999.250 -999.250 18.694 25.121 22.199 13.487 15.453 14.957 21.258 15.016 12.108 9.731 16.222 19.961 13.754 10.672 12.632 14.351 11.103 12.622 11.568 9.808 7.369 9.367 6.817 4.294 7.166 2.946 4.663 3.339 0.067 0.000 0.022 0.000 0.000 0.000 0.000 0.000 0.000 0.000 0.000
-999.250 -999.250 -999.250 -999.250 -999.250 -999.250 -999.250 -999.250 -999.250 -999.250 -999.250 -999.250 -999.250 -999.250 -999.250 -999.250 -999.250 -999.250 -999.250 -999.250 -999.250 -999.250 -999.250 -999.250 -999.250 -999.250 -999.250 -999.250 -999.250 -999.250 19.977 16.733 24.441 15.147 16.988 13.096 13.829 16.147 17.412 15.929 18.737 14.235 18.498 14.030 13.459 16.358 11.249 13.475 9.153 8.642 8.487 8.551 8.407 5.676 2.010 5.616 3.769 4.060 1.712 0.000 0.000 0.096 0.000 0.000 0.000 0.000 0.000 0.000 0.000
-999.250 -999.250 -999.250 -999.250 -999.250 -999.250 -999.250 -999.250 -999.250 -999.250 -999.250 -999.250 -999.250 -999.250 -999.250 -999.250 -999.250 -999.250 -999.250 -999.250 -999.250 -999.250 -999.250 -999.250 -999.250 -999.250 -999.250 -999.250 -999.250 -999.250 15.364 15.139 15.667 16.574 17.618 15.997 15.795 15.608 12.707 15.896 18.178 18.335 20.546 14.263 11.175 14.538 15.425 16.017 11.884 8.426 10.628 8.104 8.711 4.561 4.079 5.915 5.557 3.569 2.679 0.000 0.000 0.000 0.000 0.000 0.000 0.000 0.000 0.000 0.000
-999.250 -999.250 -999.250 -999.250 -999.250 -999.250 -999.250 -999.250 -999.250 -999.250 -999.250 -999.250 -999.250 -999.250 -999.250 -999.250 -999.250 -999.250 -999.250 -999.250 -999.250 -999.250 -999.250 -999.250 -999.250 -999.250 -999.250 -999.250 -999.250 -999.250 -999.250 13.740 15.198 15.184 19.351 17.975 11.347 12.039 12.933 15.251 20.002 20.751 25.731 17.152 11.510 11.913 11.170 12.760 9.512 8.686 8.613 8.659 9.391 6.757 6.268 6.492 6.518 3.779 1.993 0.913 0.000 0.000 0.000 0.000 0.000 0.000 0.000 0.000 0.000
-999.250 -999.250 -999.250 -999.250 -999.250 -999.250 -999.250 -999.250 -999.250 -999.250 -999.250 -999.250 -999.250 -999.250 -999.250 -999.250 -999.250 -999.250 -999.250 -999.250 -999.250 -999.250 -999.250 -999.250 -999.250 -999.250 -999.250 -999.250 -999.250 -999.250 -999.250 10.834 14.452 17.124 17.218 21.350 13.506 12.210 11.447 16.454 14.895 17.235 16.681 16.523 10.000 10.670 11.218 9.884 10.300 12.092 9.102 11.916 8.655 7.053 5.424 5.749 3.109 1.178 0.000 0.525 0.000 0.000 0.000 0.000 0.000 0.000 0.000 0.000 0.000
-999.250 -999.250 -999.250 -999.250 -999.250 -999.250 -999.250 -999.250 -999.250 -999.250 -999.250 -999.250 -999.250 -999.250 -999.250 -999.250 -999.250 -999.250 -999.250 -999.250 -999.250 -999.250 -999.250 -999.250 -999.250 -999.250 -999.250 -999.250 -999.250 -999.250 -999.250 11.486 21.742 22.397 18.035 17.159 14.831 11.723 9.622 13.396 13.299 13.895 14.555 14.843 11.503 15.291 11.802 15.765 10.410 10.363 9.121 9.203 8.948 7.291 4.412 6.084 3.192 1.812 0.928 0.000 0.408 0.481 0.000 0.000 0.000 0.000 0.000 0.000 0.000
-999.250 -999.250 -999.250 -999.250 -999.250 -999.250 -999.250 -999.250 -999.250 -999.250 -999.250 -999.250 -999.250 -999.250 -999.250 -999.250 -999.250 -999.250 -999.250 -999.250 -999.250 -999.250 -999.250 -999.250 -999.250 -999.250 -999.250 -999.250 -999.250 -999.250 -999.250 13.058 15.744 19.269 18.597 17.400 14.445 10.063 11.081 10.962 11.818 10.016 8.716 11.107 12.821 14.233 11.325 9.645 14.031 8.694 5.629 8.625 7.305 7.159 6.343 4.951 3.764 2.359 2.325 3.203 0.085 0.000 0.000 0.000 0.000 0.000 0.000 0.000 0.000
-999.250 -999.250 -999.250 -999.250 -999.250 -999.250 -999.250 -999.250 -999.250 -999.250 -999.250 -999.250 -999.250 -999.250 -999.250 -999.250 -999.250 -999.250 -999.250 -999.250 -999.250 -999.250 -999.250 -999.250 -999.250 -999.250 -999.250 -999.250 -999.250 -999.250 -999.250 13.585 15.943 19.021 14.250 14.133 11.003 13.354 9.801 11.729 11.930 9.065 9.800 12.289 13.744 13.127 10.638 10.300 12.534 13.976 11.070 8.656 6.537 6.790 7.888 5.929 3.729 2.065 2.539 1.798 1.352 0.000 0.000 0.000 0.000 0.000 0.000 0.000 0.000
-999.250 -999.250 -999.250 -999.250 -999.250 -999.250 -999.250 -999.250 -999.250 -999.250 -999.250 -999.250 -999.250 -999.250 -999.250 -999.250 -999.250 -999.250 -999.250 -999.250 -999.250 -999.250 -999.250 -999.250 -999.250 -999.250 -999.250 -999.250 -999.250 -999.250 -999.250 14.566 13.855 15.567 11.020 10.934 9.445 9.817 8.677 9.751 9.699 10.162 11.293 11.925 9.809 12.773 8.842 9.812 10.529 9.691 10.524 8.039 8.714 5.029 5.999 7.035 4.872 3.295 2.075 0.063 1.382 0.064 0.000 0.000 0.000 0.000 0.000 0.000 0.000
-999.250 -999.250 -999.250 -999.250 -999.250 -999.250 -999.250 -999.250 -999.250 -999.250 -999.250 -999.250 -999.250 -999.250 -999.250 -999.250 -999.250 -999.250 -999.250 -999.250 -999.250 -999.250 -999.250 -999.250 -999.250 -999.250 -999.250 -999.250 -999.250 -999.250 -999.250 12.743 13.608 13.835 14.967 11.329 7.811 8.589 10.171 10.578 8.830 10.915 10.915 9.027 11.629 8.449 10.035 10.386 12.217 8.598 5.689 6.543 7.734 6.081 6.402 7.691 6.399 4.368 1.603 0.000 0.624 0.000 0.000 0.000 0.000 0.000 0.000 0.000 0.000
