data/medianmodel_25-Jul-2020.asc
ncols	141
nrows	288
xllcorner	-120191.398
yllcorner	-301404.813
cellsize	2000.000
NODATA_value	-999.250
[rows 248 to 278 of 288, columns 0 to 69 of 141]
-999.250 -999.250 -999.250 -999.250 -999.250 -999.250 -999.250 -999.250 -999.250 -999.250 -999.250 -999.250 -999.250 -999.250 -999.250 -999.250 -999.250 -999.250 -999.250 -999.250 -999.250 -999.250 -999.250 -999.250 -999.250 -999.250 -999.250 -999.250 -999.250 -999.250 11.876 11.675 10.873 7.367 7.706 6.920 5.173 5.221 3.351 3.548 4.374 5.989 5.357 4.491 3.843 2.532 3.718 3.440 4.279 3.892 1.788 0.446 0.000 0.000 0.000 0.000 0.000 0.000 0.000 0.000 0.000 0.000 0.000 0.000 0.000 0.210 0.328 0.000 0.000 0.000
-999.250 -999.250 -999.250 -999.250 -999.250 -999.250 -999.250 -999.250 -999.250 -999.250 -999.250 -999.250 -999.250 -999.250 -999.250 -999.250 -999.250 -999.250 -999.250 -999.250 -999.250 -999.250 -999.250 -999.250 -999.250 -999.250 -999.250 -999.250 -999.250 -999.250 9.990 11.118 8.723 8.862 8.104 5.962 2.757 3.607 4.190 4.759 5.070 5.233 5.496 5.451 3.173 3.004 4.609 5.568 5.103 4.016 3.575 1.204 0.000 0.000 0.000 0.000 0.000 0.000 0.000 0.000 0.003 0.374 0.000 1.019 3.129 0.790 1.778 1.128 0.064 0.000
-999.250 -999.250 -999.250 -999.250 -999.250 -999.250 -999.250 -999.250 -999.250 -999.250 -999.250 -999.250 -999.250 -999.250 -999.250 -999.250 -999.250 -999.250 -999.250 -999.250 -999.250 -999.250 -999.250 -999.250 -999.250 -999.250 -999.250 -999.250 -999.250 -999.250 7.952 9.190 8.701 6.352 6.941 4.432 3.820 3.535 4.770 5.339 4.619 6.025 3.442 3.213 3.708 2.143 3.625 5.056 4.785 5.639 2.728 0.895 0.222 0.000 0.000 0.000 0.000 0.000 0.000 0.371 2.280 2.658 2.966 2.892 4.107 3.517 3.397 2.598 2.059 1.114
-999.250 -999.250 -999.250 -999.250 -999.250 -999.250 -999.250 -999.250 -999.250 -999.250 -999.250 -999.250 -999.250 -999.250 -999.250 -999.250 -999.250 -999.250 -999.250 -999.250 -999.250 -999.250 -999.250 -999.250 -999.250 -999.250 -999.250 -999.250 -999.250 -999.250 8.006 7.140 6.438 6.221 5.524 5.687 3.769 4.617 6.201 8.092 5.054 4.510 3.129 1.223 3.311 2.156 0.660 3.563 3.949 5.162 3.766 3.603 1.359 0.000 0.000 0.000 0.000 0.224 0.766 2.941 3.611 5.218 5.438 5.511 4.660 5.421 6.399 3.978 3.976 3.693
-999.250 -999.250 -999.250 -999.250 -999.250 -999.250 -999.250 -999.250 -999.250 -999.250 -999.250 -999.250 -999.250 -999.250 -999.250 -999.250 -999.250 -999.250 -999.250 -999.250 -999.250 -999.250 -999.250 -999.250 -999.250 -999.250 -999.250 -999.250 -999.250 6.244 5.700 6.262 3.608 3.837 5.572 6.435 4.584 4.945 5.086 5.574 4.490 3.324 3.122 2.598 1.827 1.468 0.571 1.777 4.097 2.605 2.908 0.664 1.453 0.000 0.000 0.000 0.000 0.559 4.111 4.195 4.345 7.366 7.472 5.849 6.464 6.310 7.048 6.392 5.021 5.662
-999.250 -999.250 -999.250 -999.250 -999.250 -999.250 -999.250 -999.250 -999.250 -999.250 -999.250 -999.250 -999.250 -999.250 -999.250 -999.250 -999.250 -999.250 -999.250 -999.250 -999.250 -999.250 -999.250 -999.250 -999.250 -999.250 -999.250 -999.250 -999.250 -999.250 5.316 3.266 4.520 4.639 2.197 4.080 3.474 5.214 3.435 4.741 5.302 3.745 3.263 0.659 1.148 0.774 1.190 2.169 1.651 0.980 2.160 2.151 2.858 0.660 1.178 1.456 1.335 4.035 4.603 5.765 8.695 8.505 9.217 9.161 6.986 9.385 7.042 7.045 6.611 5.094
-999.250 -999.250 -999.250 -999.250 -999.250 -999.250 -999.250 -999.250 -999.250 -999.250 -999.250 -999.250 -999.250 -999.250 -999.250 -999.250 -999.250 -999.250 -999.250 -999.250 -999.250 -999.250 -999.250 -999.250 -999.250 -999.250 -999.250 -999.250 -999.250 -999.250 4.061 4.223 3.130 1.793 2.146 3.179 3.072 3.672 3.005 2.521 3.926 3.630 1.122 1.626 1.353 0.303 1.190 0.087 0.078 0.491 0.071 1.015 2.092 1.996 0.984 2.309 5.127 4.522 6.175 8.366 10.139 10.770 8.325 11.781 11.680 11.480 9.143 8.189 7.432 5.897
-999.250 -999.250 -999.250 -999.250 -999.250 -999.250 -999.250 -999.250 -999.250 -999.250 -999.250 -999.250 -999.250 -999.250 -999.250 -999.250 -999.250 -999.250 -999.250 -999.250 -999.250 -999.250 -999.250 -999.250 -999.250 -999.250 -999.250 -999.250 -999.250 -999.250 -999.250 2.109 1.706 0.000 2.114 2.102 1.990 1.641 0.586 1.655 1.080 2.201 1.332 0.341 0.247 0.089 0.359 1.504 0.428 1.513 2.816 2.338 1.596 1.077 2.388 5.218 6.144 7.603 9.090 10.207 12.088 9.946 13.664 13.952 14.253 12.506 11.481 10.964 7.555 7.090
-999.250 -999.250 -999.250 -999.250 -999.250 -999.250 -999.250 -999.250 -999.250 -999.250 -999.250 -999.250 -999.250 -999.250 -999.250 -999.250 -999.250 -999.250 -999.250 -999.250 -999.250 -999.250 -999.250 -999.250 -999.250 -999.250 -999.250 -999.250 -999.250 -999.250 -999.250 2.688 2.110 2.052 2.386 0.805 0.409 0.000 0.000 0.000 0.000 0.000 0.084 1.965 0.000 0.000 1.693 1.143 1.466 2.425 3.508 3.497 2.953 3.969 3.721 4.813 7.649 8.711 8.296 11.346 13.745 13.036 16.009 18.311 18.033 15.479 13.220 11.347 8.948 7.065
-999.250 -999.250 -999.250 -999.250 -999.250 -999.250 -999.250 -999.250 -999.250 -999.250 -999.250 -999.250 -999.250 -999.250 -999.250 -999.250 -999.250 -999.250 -999.250 -999.250 -999.250 -999.250 -999.250 -999.250 -999.250 -999.250 -999.250 -999.250 -999.250 -999.250 3.539 3.725 1.569 1.076 0.407 1.188 0.000 0.000 0.000 0.000 0.000 0.087 0.984 0.113 0.000 0.237 2.440 2.497 2.537 3.740 3.573 5.074 3.344 5.585 3.884 7.300 9.079 10.787 13.643 13.270 18.046 19.729 15.763 21.147 29.740 17.401 13.564 10.862 8.700 8.436
-999.250 -999.250 -999.250 -999.250 -999.250 -999.250 -999.250 -999.250 -999.250 -999.250 -999.250 -999.250 -999.250 -999.250 -999.250 -999.250 -999.250 -999.250 -999.250 -999.250 -999.250 -999.250 -999.250 -999.250 -999.250 -999.250 -999.250 -999.250 -999.250 -999.250 1.863 1.339 0.261 0.019 0.232 0.000 0.040 0.000 0.000 0.000 0.000 0.016 0.000 0.000 0.000 2.300 0.000 1.694 1.317 1.846 4.664 4.903 5.521 4.453 5.022 7.826 9.825 16.367 13.791 13.214 13.996 15.731 18.150 20.979 20.693 17.685 14.567 13.217 9.042 6.967
-999.250 -999.250 -999.250 -999.250 -999.250 -999.250 -999.250 -999.250 -999.250 -999.250 -999.250 -999.250 -999.250 -999.250 -999.250 -999.250 -999.250 -999.250 -999.250 -999.250 -999.250 -999.250 -999.250 -999.250 -999.250 -999.250 -999.250 -999.250 -999.250 -999.250 1.974 1.261 0.236 0.000 0.000 0.000 0.000 0.000 0.000 0.000 0.000 0.000 0.000 0.000 0.000 0.000 1.065 2.703 1.439 4.259 4.604 5.158 4.329 5.662 6.140 8.624 10.547 9.953 11.547 14.821 15.501 16.875 15.323 15.102 16.046 12.569 10.916 11.003 8.239 7.837
-999.250 -999.250 -999.250 -999.250 -999.250 -999.250 -999.250 -999.250 -999.250 -999.250 -999.250 -999.250 -999.250 -999.250 -999.250 -999.250 -999.250 -999.250 -999.250 -999.250 -999.250 -999.250 -999.250 -999.250 -999.250 -999.250 -999.250 -999.250 -999.250 -999.250 1.736 0.752 0.000 0.000 0.000 0.000 0.000 0.000 0.000 0.000 0.000 0.000 0.000 0.000 0.000 0.000 0.591 1.978 3.061 2.352 4.071 5.741 7.242 7.859 6.496 9.091 10.121 9.539 13.197 13.989 12.012 14.903 16.061 11.026 13.684 12.362 8.773 8.072 7.917 6.958
-999.250 -999.250 -999.250 -999.250 -999.250 -999.250 -999.250 -999.250 -999.250 -999.250 -999.250 -999.250 -999.250 -999.250 -999.250 -999.250 -999.250 -999.250 -999.250 -999.250 -999.250 -999.250 -999.250 -999.250 -999.250 -999.250 -999.250 -999.250 -999.250 -999.250 0.559 0.000 0.000 0.000 0.000 0.000 0.000 0.000 0.000 0.000 0.000 0.000 0.000 0.000 0.000 0.000 0.054 2.319 2.925 2.990 2.892 4.949 7.633 5.885 7.001 9.859 11.871 9.294 13.211 13.150 11.349 12.993 12.080 12.911 13.353 12.823 10.810 10.058 10.452 7.293
-999.250 -999.250 -999.250 -999.250 -999.250 -999.250 -999.250 -999.250 -999.250 -999.250 -999.250 -999.250 -999.250 -999.250 -999.250 -999.250 -999.250 -999.250 -999.250 -999.250 -999.250 -999.250 -999.250 -999.250 -999.250 -999.250 -999.250 -999.250 -999.250 -999.250 0.000 0.000 0.000 0.000 0.000 0.000 0.000 0.000 0.000 0.000 0.000 0.000 0.000 0.000 0.000 0.000 0.706 1.445 2.842 2.802 3.323 4.422 8.098 6.581 8.433 10.944 12.145 12.339 15.837 10.611 12.514 10.893 12.561 11.636 11.481 11.371 10.904 8.170 10.467 7.614
-999.250 -999.250 -999.250 -999.250 -999.250 -999.250 -999.250 -999.250 -999.250 -999.250 -999.250 -999.250 -999.250 -999.250 -999.250 -999.250 -999.250 -999.250 -999.250 -999.250 -999.250 -999.250 -999.250 -999.250 -999.250 -999.250 -999.250 -999.250 -999.250 0.000 0.000 0.000 0.000 0.000 0.000 0.000 0.000 0.000 0.000 0.000 0.000 0.000 0.000 0.000 0.000 0.000 0.000 3.241 1.603 2.412 1.303 3.329 4.857 7.292 7.626 9.006 8.584 10.636 12.483 11.276 8.003 11.137 9.241 10.847 11.565 11.242 10.816 9.668 7.651 7.228
-999.250 -999.250 -999.250 -999.250 -999.250 -999.250 -999.250 -999.250 -999.250 -999.250 -999.250 -999.250 -999.250 -999.250 -999.250 -999.250 -999.250 -999.250 -999.250 -999.250 -999.250 -999.250 -999.250 -999.250 -999.250 -999.250 -999.250 -999.250 -999.250 0.000 0.000 0.000 0.000 0.000 0.000 0.000 0.000 0.000 0.000 0.000 0.000 0.000 0.000 0.000 0.000 0.000 0.483 0.261 0.846 0.000 2.198 2.692 4.558 5.158 6.587 8.289 10.027 9.736 9.950 11.048 8.795 8.900 11.188 11.180 11.470 11.906 7.901 7.543 6.576 6.780
-999.250 -999.250 -999.250 -999.250 -999.250 -999.250 -999.250 -999.250 -999.250 -999.250 -999.250 -999.250 -999.250 -999.250 -999.250 -999.250 -999.250 -999.250 -999.250 -999.250 -999.250 -999.250 -999.250 -999.250 -999.250 -999.250 -999.250 -999.250 0.000 0.000 0.000 0.000 0.000 0.000 0.000 0.000 0.000 0.000 0.000 0.000 0.000 0.000 0.000 0.000 0.000 0.000 0.000 0.000 0.000 0.000 2.434 2.058 4.179 4.799 5.622 6.374 8.154 10.441 9.187 9.975 9.797 11.560 11.797 11.500 12.861 10.877 10.492 7.908 7.906 5.545
-999.250 -999.250 -999.250 -999.250 -999.250 -999.250 -999.250 -999.250 -999.250 -999.250 -999.250 -999.250 -999.250 -999.250 -999.250 -999.250 -999.250 -999.250 -999.250 -999.250 -999.250 -999.250 -999.250 -999.250 -999.250 -999.250 -999.250 -999.250 0.000 0.000 0.000 0.000 0.000 0.000 0.000 0.000 0.000 0.000 0.000 0.000 0.000 0.000 0.000 0.000 0.000 0.000 0.022 0.784 0.218 0.463 4.718 4.213 4.873 4.650 5.146 7.048 8.895 10.304 10.733 10.987 12.257 10.371 11.145 14.392 9.651 10.619 8.956 7.920 7.329 6.588
-999.250 -999.250 -999.250 -999.250 -999.250 -999.250 -999.250 -999.250 -999.250 -999.250 -999.250 -999.250 -999.250 -999.250 -999.250 -999.250 -999.250 -999.250 -999.250 -999.250 -999.250 -999.250 -999.250 -999.250 -999.250 -999.250 -999.250 0.000 0.000 0.000 0.000 0.000 0.000 0.000 0.000 0.000 0.000 0.000 0.000 0.000 0.000 0.000 0.000 0.000 0.000 0.000 0.000 2.222 0.650 1.999 3.593 6.132 4.955 6.203 7.187 8.932 8.415 11.295 9.429 15.353 12.450 11.785 12.529 11.842 10.292 9.927 8.591 6.592 6.033 6.645
-999.250 -999.250 -999.250 -999.250 -999.250 -999.250 -999.250 -999.250 -999.250 -999.250 -999.250 -999.250 -999.250 -999.250 -999.250 -999.250 -999.250 -999.250 -999.250 -999.250 -999.250 -999.250 -999.250 -999.250 -999.250 -999.250 -999.250 0.000 0.000 0.000 0.000 0.000 0.000 0.000 0.000 0.019 0.000 0.000 0.000 0.000 0.000 0.000 0.000 0.000 0.000 0.000 0.000 1.206 4.181 3.364 5.776 6.279 5.029 7.180 8.049 6.640 10.913 14.725 13.534 15.117 12.742 9.247 10.610 11.134 8.431 8.743 6.950 7.927 6.715 4.450
-999.250 -999.250 -999.250 -999.250 -999.250 -999.250 -999.250 -999.250 -999.250 -999.250 -999.250 -999.250 -999.250 -999.250 -999.250 -999.250 -999.250 -999.250 -999.250 -999.250 -999.250 -999.250 -999.250 -999.250 -999.250 -999.250 -999.250 0.000 0.000 0.000 0.000 0.000 0.000 0.170 0.000 1.219 1.815 1.857 2.204 0.077 0.000 0.000 0.000 0.000 0.000 0.000 0.000 2.636 4.468 4.997 5.265 5.286 6.638 9.249 11.722 12.056 12.162 16.305 15.979 14.941 14.166 14.070 11.409 10.230 9.914 8.634 7.071 6.316 4.816 3.097
-999.250 -999.250 -999.250 -999.250 -999.250 -999.250 -999.250 -999.250 -999.250 -999.250 -999.250 -999.250 -999.250 -999.250 -999.250 -999.250 -999.250 -999.250 -999.250 -999.250 -999.250 -999.250 -999.250 -999.250 -999.250 -999.250 -999.250 0.000 0.000 0.000 0.000 0.000 0.991 1.116 3.323 5.636 3.614 4.479 3.381 4.178 3.351 2.330 0.228 0.000 0.000 0.000 0.668 1.919 4.179 6.113 7.829 7.937 8.945 11.082 14.421 14.126 14.421 19.337 17.767 19.776 15.006 12.092 13.183 10.993 7.838 7.499 7.571 6.511 5.175 0.850
-999.250 -999.250 -999.250 -999.250 -999.250 -999.250 -999.250 -999.250 -999.250 -999.250 -999.250 -999.250 -999.250 -999.250 -999.250 -999.250 -999.250 -999.250 -999.250 -999.250 -999.250 -999.250 -999.250 -999.250 -999.250 -999.250 -999.250 0.000 0.000 0.000 0.443 3.084 3.872 4.915 7.405 7.720 6.146 6.567 5.387 7.171 4.373 3.993 4.222 2.682 0.000 1.422 1.049 3.520 4.764 6.840 8.943 10.462 11.359 11.811 18.528 18.070 21.053 22.638 22.205 20.284 18.331 14.826 13.731 13.088 12.096 8.860 7.123 5.144 2.755 1.532
-999.250 -999.250 -999.250 -999.250 -999.250 -999.250 -999.250 -999.250 -999.250 -999.250 -999.250 -999.250 -999.250 -999.250 -999.250 -999.250 -999.250 -999.250 -999.250 -999.250 -999.250 -999.250 -999.250 -999.250 -999.250 -999.250 -999.250 0.000 0.000 1.051 4.768 5.482 7.374 7.986 9.163 8.463 7.286 7.309 7.227 8.398 6.537 6.780 5.615 4.703 2.056 1.939 3.316 4.044 6.381 8.465 10.221 13.947 16.642 18.597 22.985 24.050 22.988 26.196 20.010 21.503 20.508 15.294 13.514 12.186 12.289 8.972 5.806 6.259 1.319 0.000
-999.250 -999.250 -999.250 -999.250 -999.250 -999.250 -999.250 -999.250 -999.250 -999.250 -999.250 -999.250 -999.250 -999.250 -999.250 -999.250 -999.250 -999.250 -999.250 -999.250 -999.250 -999.250 -999.250 -999.250 -999.250 -999.250 0.000 0.000 1.482 2.605 5.837 7.626 7.980 9.685 9.983 8.892 8.932 9.661 9.182 9.718 10.727 10.313 6.559 5.970 3.911 3.732 4.984 5.243 6.733 10.360 12.260 15.062 17.884 22.132 26.341 32.370 25.353 32.229 29.853 22.203 21.445 17.744 14.996 17.360 14.433 10.195 7.620 3.923 1.268 0.031
-999.250 -999.250 -999.250 -999.250 -999.250 -999.250 -999.250 -999.250 -999.250 -999.250 -999.250 -999.250 -999.250 -999.250 -999.250 -999.250 -999.250 -999.250 -999.250 -999.250 -999.250 -999.250 -999.250 -999.250 -999.250 -999.250 0.000 0.045 1.753 4.932 6.580 8.395 9.952 10.032 11.173 12.403 11.310 13.826 13.034 13.078 15.412 13.781 12.170 7.694 4.946 4.798 4.580 5.888 8.805 9.774 12.171 17.388 20.452 27.613 32.153 44.443 50.555 48.477 43.827 27.870 22.572 25.660 18.112 17.261 13.742 9.487 6.821 5.159 2.360 0.000
-999.250 -999.250 -999.250 -999.250 -999.250 -999.250 -999.250 -999.250 -999.250 -999.250 -999.250 -999.250 -999.250 -999.250 -999.250 -999.250 -999.250 -999.250 -999.250 -999.250 -999.250 -999.250 -999.250 -999.250 -999.250 0.000 0.000 1.593 4.095 6.297 8.557 8.876 10.903 12.507 12.965 12.128 11.884 15.653 15.540 17.268 16.612 23.431 13.811 10.498 8.410 5.527 5.423 7.910 8.536 11.485 12.995 15.191 21.677 31.873 53.834 51.622 48.521 55.884 43.234 30.456 24.978 24.728 23.785 20.749 15.260 12.989 9.058 6.554 4.814 0.836
-999.250 -999.250 -999.250 -999.250 -999.250 -999.250 -999.250 -999.250 -999.250 -999.250 -999.250 -999.250 -999.250 -999.250 -999.250 -999.250 -999.250 -999.250 -999.250 -999.250 -999.250 -999.250 -999.250 -999.250 -999.250 0.000 0.000 1.727 4.716 6.104 9.499 10.393 12.769 12.696 14.731 14.501 15.209 18.770 18.582 21.413 20.962 16.754 13.265 10.549 7.937 6.205 6.489 7.783 8.528 11.559 14.544 19.746 21.681 31.158 61.260 64.223 58.454 58.199 43.513 41.262 47.969 30.180 32.521 24.751 15.806 15.699 11.263 9.408 6.651 4.333
-999.250 -999.250 -999.250 -999.250 -999.250 -999.250 -999.250 -999.250 -999.250 -999.250 -999.250 -999.250 -999.250 -999.250 -999.250 -999.250 -999.250 -999.250 -999.250 -999.250 -999.250 -999.250 -999.250 -999.250 -999.250 0.000 0.000 0.343 5.127 8.148 9.952 9.511 14.130 15.872 16.091 19.290 18.872 17.904 20.874 18.600 17.752 17.503 12.432 8.034 7.767 7.523 7.884 7.891 9.295 12.740 22.084 20.715 28.204 40.725 61.437 61.628 62.910 58.294 55.667 42.032 48.340 34.373 45.126 36.400 24.063 20.138 14.626 10.724 9.420 6.136
-999.250 -999.250 -999.250 -999.250 -999.250 -999.250 -999.250 -999.250 -999.250 -999.250 -999.250 -999.250 -999.250 -999.250 -999.250 -999.250 -999.250 -999.250 -999.250 -999.250 -999.250 -999.250 -999.250 -999.250 0.000 0.000 0.000 0.053 4.181 7.055 9.808 11.643 14.815 18.700 21.902 25.175 31.238 23.979 14.065 16.532 15.629 13.110 10.751 8.778 9.701 8.917 13.180 8.672 9.119 12.725 15.666 24.457 37.063 46.629 57.117 69.743 67.150 65.107 58.254 56.133 43.751 44.531 49.386 36.080 31.667 26.584 20.504 17.430 13.012 10.690
