data/medianmodel_24-Apr-2020.asc
ncols	141
nrows	288
xllcorner	-120191.398
yllcorner	-301404.813
cellsize	2000.000
NODATA_value	-999.250
[rows 60 to 89 of 288, columns 68 to 135 of 141]
47.910 52.534 52.824 45.657 42.809 39.494 34.902 28.047 24.469 16.523 11.041 5.546 3.808 7.327 9.411 10.212 11.091 11.718 10.085 9.837 12.386 14.786 17.354 21.483 23.335 35.511 47.181 61.676 85.857 116.698 123.829 121.992 141.553 141.280 150.270 149.458 129.095 92.353 75.827 56.253 42.695 30.392 20.118 14.098 11.761 4.574 0.000 0.000 -999.250 -999.250 -999.250 -999.250 -999.250 -999.250 -999.250 -999.250 -999.250 -999.250 -999.250 -999.250 -999.250 -999.250 -999.250 -999.250 -999.250 -999.250 -999.250 -999.250
47.892 49.001 48.052 50.197 39.092 36.276 23.289 17.694 15.366 12.950 9.589 6.890 8.116 9.573 11.637 12.466 11.234 11.896 9.355 10.490 12.570 12.114 14.921 16.904 21.106 25.595 36.853 47.440 64.805 84.619 93.343 103.251 112.723 131.925 116.369 111.973 107.240 81.797 70.106 49.772 37.313 26.764 19.702 13.190 7.464 1.799 0.000 -999.250 -999.250 -999.250 -999.250 -999.250 -999.250 -999.250 -999.250 -999.250 -999.250 -999.250 -999.250 -999.250 -999.250 -999.250 -999.250 -999.250 -999.250 -999.250 -999.250 -999.250
58.159 52.035 56.455 49.368 40.229 25.233 12.814 13.803 14.837 12.971 13.703 11.606 13.915 14.722 15.834 15.033 12.242 9.941 9.754 9.220 9.756 9.157 5.899 8.299 15.288 23.108 27.053 31.727 41.835 51.184 75.051 86.238 107.945 106.941 114.783 100.801 80.287 70.806 58.758 44.541 31.537 23.459 -999.250 -999.250 -999.250 -999.250 -999.250 -999.250 -999.250 -999.250 -999.250 -999.250 -999.250 -999.250 -999.250 -999.250 -999.250 -999.250 -999.250 -999.250 -999.250 -999.250 -999.250 -999.250 -999.250 -999.250 -999.250 -999.250
59.356 59.417 57.649 60.456 45.849 27.739 19.405 15.563 16.376 13.573 15.840 14.722 18.362 18.250 20.542 16.040 13.779 12.045 9.624 11.245 7.326 5.372 0.610 0.000 8.831 12.081 16.786 15.998 19.623 26.870 43.863 61.995 72.360 86.065 92.627 93.492 74.431 62.490 46.759 44.084 30.284 17.026 11.204 -999.250 -999.250 -999.250 -999.250 -999.250 -999.250 -999.250 -999.250 -999.250 -999.250 -999.250 -999.250 -999.250 -999.250 -999.250 -999.250 -999.250 -999.250 -999.250 -999.250 -999.250 -999.250 -999.250 -999.250 -999.250
75.419 60.731 69.904 53.886 42.855 30.727 25.566 19.921 19.524 18.075 17.782 16.466 15.060 20.349 18.926 17.432 13.501 13.802 11.904 11.317 6.327 4.431 1.697 0.094 1.312 5.303 9.710 7.934 8.896 0.000 25.733 51.311 58.806 74.562 73.098 87.262 75.869 48.106 41.254 33.804 26.046 17.027 7.149 0.000 -999.250 -999.250 -999.250 -999.250 -999.250 -999.250 -999.250 -999.250 -999.250 -999.250 -999.250 -999.250 -999.250 -999.250 -999.250 -999.250 -999.250 -999.250 -999.250 -999.250 -999.250 -999.250 -999.250 -999.250
70.855 76.254 68.181 64.219 53.233 39.672 30.011 23.972 23.572 20.087 20.549 18.911 16.897 17.969 18.542 16.468 13.729 11.979 11.901 9.320 5.005 3.900 1.702 0.144 1.634 3.739 6.821 7.020 6.037 10.333 22.186 36.586 48.091 66.610 75.732 70.970 57.130 51.778 38.452 31.948 20.928 11.497 3.918 0.000 -999.250 -999.250 -999.250 -999.250 -999.250 -999.250 -999.250 -999.250 -999.250 -999.250 -999.250 -999.250 -999.250 -999.250 -999.250 -999.250 -999.250 -999.250 -999.250 -999.250 -999.250 -999.250 -999.250 -999.250
83.218 91.505 94.204 74.847 63.830 46.175 45.212 29.740 23.845 24.457 21.378 20.099 18.830 16.975 17.997 18.008 14.002 13.221 12.209 9.268 8.319 2.482 3.092 3.168 4.575 5.735 6.753 8.595 13.274 18.695 23.677 43.678 52.434 56.394 67.369 66.746 56.166 47.143 38.165 30.045 16.685 4.986 0.000 0.000 0.000 -999.250 -999.250 -999.250 -999.250 -999.250 -999.250 -999.250 -999.250 -999.250 -999.250 -999.250 -999.250 -999.250 -999.250 -999.250 -999.250 -999.250 -999.250 -999.250 -999.250 -999.250 -999.250 -999.250
109.413 102.976 104.389 81.852 61.933 52.511 43.392 38.297 23.890 22.130 21.053 19.387 20.013 16.943 18.252 16.965 13.739 14.068 12.300 10.982 7.470 6.138 5.182 6.364 7.363 8.385 10.880 14.093 17.633 21.480 30.562 56.090 61.849 62.707 73.291 66.460 63.711 67.766 37.856 27.835 15.444 0.000 0.000 0.000 0.000 0.000 -999.250 -999.250 -999.250 -999.250 -999.250 -999.250 -999.250 -999.250 -999.250 -999.250 -999.250 -999.250 -999.250 -999.250 -999.250 -999.250 -999.250 -999.250 -999.250 -999.250 -999.250 -999.250
101.042 115.749 96.674 86.491 72.196 64.800 52.045 37.589 32.850 23.055 19.216 19.361 15.358 13.879 16.652 15.983 14.939 13.267 12.458 12.838 11.939 10.203 10.298 12.734 10.520 9.990 14.462 22.695 23.222 29.198 43.054 61.902 73.819 68.290 79.321 75.455 58.931 54.857 45.271 33.630 19.792 10.726 4.311 2.543 0.000 0.000 -999.250 -999.250 -999.250 -999.250 -999.250 -999.250 -999.250 -999.250 -999.250 -999.250 -999.250 -999.250 -999.250 -999.250 -999.250 -999.250 -999.250 -999.250 -999.250 -999.250 -999.250 -999.250
91.154 96.116 102.840 75.278 69.727 56.595 46.223 32.156 25.512 22.090 18.979 17.325 16.363 16.485 14.248 12.190 12.124 12.591 12.593 15.015 16.327 13.414 13.133 13.512 14.165 14.868 20.167 26.712 35.161 45.208 62.750 76.375 89.245 83.569 86.914 69.378 57.344 62.868 52.530 40.417 31.569 17.426 10.355 8.462 2.100 0.000 -999.250 -999.250 -999.250 -999.250 -999.250 -999.250 -999.250 -999.250 -999.250 -999.250 -999.250 -999.250 -999.250 -999.250 -999.250 -999.250 -999.250 -999.250 -999.250 -999.250 -999.250 -999.250
76.332 74.006 78.750 72.695 54.809 41.730 36.222 29.050 25.151 20.255 17.968 18.617 15.219 16.782 10.363 11.956 11.297 13.088 14.007 18.532 16.494 15.565 13.461 18.305 20.401 22.566 28.384 32.856 42.974 55.063 65.849 80.684 87.540 91.243 104.160 88.855 72.953 74.726 65.909 54.754 44.277 28.649 17.757 12.827 9.041 4.790 0.000 0.000 -999.250 -999.250 -999.250 -999.250 -999.250 -999.250 -999.250 -999.250 -999.250 -999.250 -999.250 -999.250 -999.250 -999.250 -999.250 -999.250 -999.250 -999.250 -999.250 -999.250
64.647 70.122 66.384 68.169 48.067 41.697 37.640 30.967 21.336 17.938 17.680 16.883 14.814 13.235 11.258 11.683 10.671 14.176 14.042 17.116 16.052 17.020 17.828 19.766 23.225 24.108 30.556 38.669 52.429 64.411 73.164 98.008 106.230 102.851 122.788 101.523 92.723 95.508 76.902 68.374 55.896 40.260 27.420 20.740 12.245 6.871 0.663 0.000 -999.250 -999.250 -999.250 -999.250 -999.250 -999.250 -999.250 -999.250 -999.250 -999.250 -999.250 -999.250 -999.250 -999.250 -999.250 -999.250 -999.250 -999.250 -999.250 -999.250
51.104 55.452 54.882 55.137 42.325 39.638 34.129 26.002 21.372 18.989 17.932 16.209 13.233 12.973 10.268 10.121 9.340 9.590 12.190 13.116 16.807 15.936 17.578 18.203 24.600 26.394 28.801 41.782 48.959 65.722 77.761 93.856 111.967 132.105 136.373 120.534 131.336 118.416 108.152 85.692 67.210 49.987 39.878 27.157 16.256 10.507 5.753 -999.250 -999.250 -999.250 -999.250 -999.250 -999.250 -999.250 -999.250 -999.250 -999.250 -999.250 -999.250 -999.250 -999.250 -999.250 -999.250 -999.250 -999.250 -999.250 -999.250 -999.250
49.151 54.520 67.971 57.817 37.186 34.449 29.080 22.829 21.608 17.092 17.385 16.079 14.728 13.220 11.711 7.599 6.563 9.389 11.162 11.447 14.645 15.705 17.868 21.014 26.396 30.053 38.239 44.513 50.420 70.085 86.170 100.640 128.992 137.506 136.580 150.439 144.830 147.686 120.470 101.578 82.282 67.233 43.295 36.567 23.497 14.423 11.063 -999.250 -999.250 -999.250 -999.250 -999.250 -999.250 -999.250 -999.250 -999.250 -999.250 -999.250 -999.250 -999.250 -999.250 -999.250 -999.250 -999.250 -999.250 -999.250 -999.250 -999.250
33.112 45.246 44.735 51.410 41.103 34.972 29.593 23.297 20.326 18.077 16.665 14.036 14.552 12.384 11.786 10.384 5.768 8.582 9.027 7.735 15.762 13.750 18.012 25.360 30.673 33.800 36.705 40.246 54.556 75.505 106.437 107.950 128.157 144.665 151.502 174.137 174.709 148.058 140.213 122.292 111.159 71.061 53.498 34.589 25.396 16.884 11.546 -999.250 -999.250 -999.250 -999.250 -999.250 -999.250 -999.250 -999.250 -999.250 -999.250 -999.250 -999.250 -999.250 -999.250 -999.250 -999.250 -999.250 -999.250 -999.250 -999.250 -999.250
33.325 41.010 39.340 39.334 38.281 30.984 29.074 22.962 21.175 18.290 18.163 15.169 15.612 12.707 11.967 8.113 4.149 2.236 5.348 10.116 10.577 16.704 20.745 26.290 33.803 41.029 43.070 49.154 58.714 78.553 103.200 113.493 151.010 153.830 163.362 182.642 187.992 168.934 141.731 118.933 110.436 89.632 64.582 38.208 28.249 19.033 14.186 -999.250 -999.250 -999.250 -999.250 -999.250 -999.250 -999.250 -999.250 -999.250 -999.250 -999.250 -999.250 -999.250 -999.250 -999.250 -999.250 -999.250 -999.250 -999.250 -999.250 -999.250
31.862 35.033 34.579 31.384 33.420 28.155 27.630 24.747 21.615 16.624 15.968 13.567 13.464 13.494 10.619 7.495 3.096 0.000 5.132 8.512 12.175 16.603 22.930 28.595 32.246 40.483 49.981 57.346 72.348 89.726 118.403 123.049 147.546 171.007 178.317 185.518 188.789 178.476 147.630 121.997 110.414 85.737 60.215 41.226 35.576 20.683 18.219 -999.250 -999.250 -999.250 -999.250 -999.250 -999.250 -999.250 -999.250 -999.250 -999.250 -999.250 -999.250 -999.250 -999.250 -999.250 -999.250 -999.250 -999.250 -999.250 -999.250 -999.250
25.318 27.278 29.210 28.951 37.051 32.885 33.824 25.997 21.309 17.271 15.348 14.536 12.928 12.770 10.354 7.117 4.488 3.105 5.564 8.262 12.989 17.443 21.385 25.907 32.908 37.603 46.484 61.297 78.045 108.026 113.024 133.268 144.728 173.724 164.188 172.680 183.555 178.276 150.710 136.723 100.986 71.051 54.725 39.309 33.632 21.078 17.960 -999.250 -999.250 -999.250 -999.250 -999.250 -999.250 -999.250 -999.250 -999.250 -999.250 -999.250 -999.250 -999.250 -999.250 -999.250 -999.250 -999.250 -999.250 -999.250 -999.250 -999.250
20.809 24.241 25.915 34.694 31.921 37.437 31.244 27.182 23.201 17.756 14.767 10.822 10.462 10.496 12.012 7.528 6.045 5.886 7.740 10.142 13.944 18.623 22.277 25.367 30.345 39.728 48.336 61.203 87.929 88.112 104.438 121.497 126.954 130.422 157.587 177.762 170.057 178.409 131.218 130.611 101.837 83.766 58.442 37.987 32.426 20.717 15.292 -999.250 -999.250 -999.250 -999.250 -999.250 -999.250 -999.250 -999.250 -999.250 -999.250 -999.250 -999.250 -999.250 -999.250 -999.250 -999.250 -999.250 -999.250 -999.250 -999.250 -999.250
19.477 23.262 25.780 33.679 33.714 30.993 25.754 22.536 21.956 18.636 15.787 11.794 12.198 8.921 11.377 9.468 6.354 8.347 10.059 12.830 12.259 17.203 20.053 22.971 33.838 42.330 48.796 64.125 91.210 88.169 93.013 125.475 138.273 149.226 163.251 173.004 162.373 162.147 139.979 127.420 98.593 69.820 43.649 39.196 32.576 22.890 12.791 -999.250 -999.250 -999.250 -999.250 -999.250 -999.250 -999.250 -999.250 -999.250 -999.250 -999.250 -999.250 -999.250 -999.250 -999.250 -999.250 -999.250 -999.250 -999.250 -999.250 -999.250
18.197 21.699 28.756 34.846 32.105 32.185 35.652 33.178 21.122 17.965 14.796 10.461 10.315 11.912 12.612 11.497 11.941 12.265 11.977 12.220 18.156 18.456 19.045 21.644 27.724 45.371 46.043 61.415 70.454 87.080 112.345 128.462 137.648 144.160 152.535 146.469 154.014 144.977 136.197 109.803 93.811 65.244 50.190 37.038 30.445 19.795 13.822 7.066 -999.250 -999.250 -999.250 -999.250 -999.250 -999.250 -999.250 -999.250 -999.250 -999.250 -999.250 -999.250 -999.250 -999.250 -999.250 -999.250 -999.250 -999.250 -999.250 -999.250
17.962 23.472 24.877 32.410 36.482 37.678 39.980 36.209 32.049 22.884 14.055 16.213 16.478 15.947 15.331 13.291 13.641 15.908 14.860 16.295 21.275 22.024 21.133 24.339 37.780 46.421 47.163 54.543 72.118 79.335 99.767 119.843 130.279 127.242 133.987 137.788 138.654 140.099 113.953 94.614 83.055 58.478 53.386 38.526 29.501 17.248 9.871 6.416 -999.250 -999.250 -999.250 -999.250 -999.250 -999.250 -999.250 -999.250 -999.250 -999.250 -999.250 -999.250 -999.250 -999.250 -999.250 -999.250 -999.250 -999.250 -999.250 -999.250
20.597 22.622 27.247 37.226 40.936 46.113 47.610 45.892 47.427 39.353 30.839 27.080 24.442 22.236 20.907 16.888 15.840 17.021 19.529 19.041 21.212 22.171 22.280 26.883 33.208 39.460 40.327 44.735 64.224 66.497 81.330 92.526 115.268 113.922 116.220 132.886 126.899 121.244 87.844 82.736 66.429 52.544 37.850 28.778 24.235 16.321 8.070 2.932 -999.250 -999.250 -999.250 -999.250 -999.250 -999.250 -999.250 -999.250 -999.250 -999.250 -999.250 -999.250 -999.250 -999.250 -999.250 -999.250 -999.250 -999.250 -999.250 -999.250
21.974 23.124 31.372 35.781 44.846 51.092 65.084 76.125 71.490 58.906 46.542 36.108 35.559 31.741 25.490 23.891 18.754 18.133 19.646 22.668 22.168 23.484 26.826 27.972 32.320 36.671 40.135 44.472 50.386 53.094 74.850 81.753 106.167 110.617 114.560 119.884 109.045 90.204 73.194 69.065 41.131 42.332 34.440 26.198 18.331 12.674 6.316 0.000 -999.250 -999.250 -999.250 -999.250 -999.250 -999.250 -999.250 -999.250 -999.250 -999.250 -999.250 -999.250 -999.250 -999.250 -999.250 -999.250 -999.250 -999.250 -999.250 -999.250
19.188 25.413 32.274 44.026 50.071 63.354 82.506 104.640 98.659 93.417 73.203 60.983 44.711 40.133 33.593 25.600 22.085 22.139 22.163 22.203 23.863 26.557 28.868 30.446 29.377 28.480 32.813 41.757 39.147 46.238 68.600 67.758 89.398 101.298 95.582 88.951 90.436 72.995 68.012 62.713 44.400 30.855 24.389 19.858 16.250 10.545 0.000 -999.250 -999.250 -999.250 -999.250 -999.250 -999.250 -999.250 -999.250 -999.250 -999.250 -999.250 -999.250 -999.250 -999.250 -999.250 -999.250 -999.250 -999.250 -999.250 -999.250 -999.250
20.749 27.224 31.194 40.843 48.106 70.249 96.733 114.817 135.062 123.730 83.584 72.237 56.112 45.915 41.913 31.690 29.758 28.812 26.396 23.310 24.547 25.078 24.534 24.860 27.097 29.352 28.355 32.822 35.142 40.545 40.767 52.818 57.365 69.178 73.274 74.512 67.255 60.851 50.540 43.837 36.562 27.593 21.076 16.733 14.257 8.032 0.000 -999.250 -999.250 -999.250 -999.250 -999.250 -999.250 -999.250 -999.250 -999.250 -999.250 -999.250 -999.250 -999.250 -999.250 -999.250 -999.250 -999.250 -999.250 -999.250 -999.250 -999.250
20.779 25.803 30.726 37.794 48.390 58.081 77.347 99.952 106.254 98.755 81.178 81.416 56.084 50.242 43.664 38.200 38.632 29.572 24.577 22.637 21.851 20.837 23.058 23.014 24.457 25.803 28.329 27.332 32.602 32.438 40.398 39.974 37.277 47.217 56.593 55.493 57.092 42.651 38.367 27.439 25.551 28.080 20.137 18.092 14.338 6.938 -999.250 -999.250 -999.250 -999.250 -999.250 -999.250 -999.250 -999.250 -999.250 -999.250 -999.250 -999.250 -999.250 -999.250 -999.250 -999.250 -999.250 -999.250 -999.250 -999.250 -999.250 -999.250
20.948 25.154 31.368 37.659 42.819 55.659 66.835 86.492 86.364 92.212 85.599 84.132 62.340 54.968 56.341 41.960 36.883 29.916 29.926 23.072 20.414 20.004 19.259 21.003 18.737 21.134 24.091 22.076 21.419 23.036 25.273 27.684 28.879 32.844 38.457 35.971 35.886 32.620 32.339 25.255 22.584 20.526 18.565 13.825 11.851 5.380 -999.250 -999.250 -999.250 -999.250 -999.250 -999.250 -999.250 -999.250 -999.250 -999.250 -999.250 -999.250 -999.250 -999.250 -999.250 -999.250 -999.250 -999.250 -999.250 -999.250 -999.250 -999.250
18.465 20.657 25.501 31.979 35.686 46.159 60.241 71.022 78.397 78.428 69.078 68.896 71.350 51.680 49.454 39.265 35.607 30.300 27.289 21.704 19.311 19.792 18.351 19.699 17.622 18.485 19.252 19.020 15.901 12.831 20.904 23.856 24.518 25.196 25.453 25.923 29.243 23.444 21.457 23.025 20.782 14.849 13.697 10.791 9.835 4.758 2.760 0.000 -999.250 -999.250 -999.250 -999.250 -999.250 -999.250 -999.250 -999.250 -999.250 -999.250 -999.250 -999.250 -999.250 -999.250 -999.250 -999.250 -999.250 -999.250 -999.250 -999.250
18.053 20.057 24.001 23.123 27.997 39.593 47.460 65.350 64.761 61.670 58.583 65.106 62.613 62.029 46.648 38.323 40.596 31.257 24.731 26.333 20.530 18.795 18.104 15.288 16.536 15.595 13.111 14.829 13.099 12.912 15.535 20.148 20.825 21.681 22.745 23.592 19.536 20.421 15.945 17.933 14.220 13.570 10.548 8.707 4.812 4.486 3.970 1.326 -999.250 -999.250 -999.250 -999.250 -999.250 -999.250 -999.250 -999.250 -999.250 -999.250 -999.250 -999.250 -999.250 -999.250 -999.250 -999.250 -999.250 -999.250 -999.250 -999.250
