data/medianmodel_28-Aug-2020.asc
ncols	141
nrows	288
xllcorner	-120191.398
yllcorner	-301404.813
cellsize	2000.000
NODATA_value	-999.250
[rows 155 to 185 of 288, columns 0 to 68 of 141]
-999.250 -999.250 -999.250 -999.250 -999.250 -999.250 -999.250 0.000 0.000 0.000 0.000 0.000 0.000 0.000 0.000 0.000 0.000 0.000 0.000 0.000 0.605 5.195 11.826 18.675 30.766 44.163 35.921 33.285 32.610 30.735 31.594 32.311 33.692 34.121 33.245 31.492 32.166 29.499 27.848 27.790 24.487 23.349 20.834 18.443 14.980 10.515 6.766 3.027 0.738 0.000 0.000 0.000 1.428 1.598 3.484 4.316 4.442 3.742 4.430 1.970 0.510 1.489 0.000 0.000 0.000 0.000 0.000 0.000 0.000
-999.250 -999.250 -999.250 -999.250 -999.250 -999.250 -999.250 0.000 0.000 0.000 0.000 0.000 0.000 0.000 0.000 0.000 0.000 0.000 0.000 0.000 0.000 3.174 10.602 17.666 29.177 34.252 34.657 33.574 32.470 32.755 33.067 35.298 35.408 37.333 36.264 37.050 36.238 32.425 29.904 24.495 20.839 18.570 15.330 13.421 10.094 6.983 3.725 1.216 0.000 0.000 1.049 3.485 2.973 6.104 7.625 9.586 8.938 9.449 10.421 6.350 5.787 4.392 1.733 0.044 0.000 0.000 0.000 0.000 0.000
-999.250 -999.250 -999.250 -999.250 -999.250 -999.250 -999.250 0.000 0.000 0.000 0.000 0.000 0.000 0.000 0.000 0.000 0.000 0.000 0.000 0.000 0.000 1.968 10.431 16.932 23.987 30.658 33.279 33.721 32.622 34.025 34.035 35.414 38.769 40.307 40.429 40.938 37.707 33.524 27.935 21.037 16.017 13.057 10.787 8.093 6.128 3.936 1.715 0.000 0.698 4.130 4.357 7.248 8.150 11.657 13.340 14.754 13.466 14.447 13.876 12.423 10.963 8.847 6.970 4.583 0.726 0.000 0.000 0.000 0.000
-999.250 -999.250 -999.250 -999.250 -999.250 -999.250 -999.250 0.000 0.000 0.000 0.000 0.000 0.000 0.000 0.000 0.000 0.000 0.000 0.000 0.000 0.000 1.737 8.909 16.558 21.221 27.515 32.167 32.621 33.532 35.081 36.955 37.838 40.704 43.801 48.810 46.399 42.247 35.914 28.903 19.024 11.498 8.082 4.870 3.947 1.776 2.069 1.940 2.634 4.099 7.871 9.739 11.913 15.304 16.616 18.208 20.612 21.836 20.656 20.648 19.191 17.329 14.524 11.628 9.602 7.301 1.925 0.000 0.000 0.000
-999.250 -999.250 -999.250 -999.250 -999.250 -999.250 -999.250 -999.250 3.130 4.954 1.720 0.000 0.000 0.000 0.000 0.000 0.000 0.000 0.000 0.000 0.000 1.206 7.957 14.652 19.810 27.662 30.815 32.855 33.228 35.757 36.858 39.611 41.582 48.842 51.236 55.453 51.308 38.428 28.570 15.989 7.157 1.092 0.000 0.000 0.000 0.141 2.765 4.889 7.616 11.387 14.211 17.858 21.835 28.552 31.068 31.622 29.391 29.696 30.466 30.834 28.218 26.973 18.571 15.499 12.864 9.567 4.705 0.000 0.000
-999.250 -999.250 -999.250 -999.250 -999.250 -999.250 -999.250 -999.250 6.582 11.603 5.072 0.000 0.000 0.000 0.000 0.000 0.000 0.000 0.000 0.000 0.000 0.771 7.529 15.213 21.800 28.233 31.613 33.455 35.395 35.496 36.763 37.071 39.575 46.361 53.861 59.117 59.405 45.525 28.586 13.390 2.410 0.000 0.000 0.000 0.000 1.581 5.184 6.861 11.117 16.806 20.906 30.787 32.408 33.686 37.840 38.453 41.357 41.481 39.612 38.793 36.392 34.047 30.760 25.757 20.160 20.008 9.639 1.452 0.000
-999.250 -999.250 -999.250 -999.250 -999.250 -999.250 -999.250 5.308 7.117 7.431 6.045 1.301 0.000 0.000 0.000 0.000 0.000 0.000 0.000 0.000 0.000 1.890 8.981 16.121 23.014 28.802 33.336 34.854 35.339 35.910 34.180 35.844 37.788 42.620 48.153 60.233 78.368 43.307 23.430 9.710 0.011 0.000 0.000 0.000 0.000 1.348 7.556 11.560 17.839 30.841 32.313 36.842 40.388 49.468 52.541 56.418 56.142 56.508 57.897 56.481 52.215 46.107 39.889 32.132 24.987 17.931 11.733 4.216 0.000
-999.250 -999.250 -999.250 -999.250 -999.250 -999.250 -999.250 6.744 7.115 5.951 4.710 1.786 1.104 0.000 0.000 0.000 0.000 0.000 0.000 0.000 0.000 3.212 11.242 18.016 25.235 32.178 35.315 36.347 38.723 34.954 32.140 31.319 34.557 36.692 40.373 49.421 45.632 30.454 12.840 3.237 0.000 0.000 0.000 0.000 0.000 3.965 11.755 15.114 24.338 36.231 38.631 45.823 53.338 59.907 69.788 73.590 73.677 70.166 68.971 66.243 62.359 55.534 54.915 40.185 32.687 21.108 13.510 6.874 0.872
-999.250 -999.250 -999.250 -999.250 -999.250 -999.250 -999.250 6.959 6.655 6.392 6.620 4.912 2.698 0.685 0.000 0.000 0.000 0.000 0.000 0.000 0.164 7.103 13.927 21.055 30.924 35.420 40.227 40.107 38.787 35.102 31.013 26.106 26.988 27.906 29.417 31.947 26.544 14.044 0.000 0.000 0.000 0.000 0.000 0.000 5.117 10.467 16.338 28.173 34.255 43.056 53.488 58.434 69.248 73.700 82.775 92.931 87.363 96.509 96.499 87.724 80.741 77.412 61.310 56.254 38.730 31.109 18.089 11.556 3.188
-999.250 -999.250 -999.250 -999.250 -999.250 -999.250 -999.250 8.253 8.649 9.775 9.033 6.339 7.125 4.883 2.284 0.000 0.000 0.000 0.000 1.482 5.067 10.862 19.237 28.067 35.177 40.809 47.004 46.687 41.667 35.115 28.968 20.190 17.636 17.950 18.032 17.207 11.497 4.908 0.000 0.000 0.000 0.000 0.000 1.313 9.111 17.534 26.713 37.044 47.763 60.418 76.223 75.474 82.985 88.805 103.921 108.065 108.737 111.476 130.102 106.034 98.495 88.855 79.749 66.800 55.686 38.150 28.306 15.897 6.650
-999.250 -999.250 -999.250 -999.250 -999.250 -999.250 8.840 10.624 11.768 11.285 11.243 9.548 10.764 7.900 5.935 4.235 2.937 1.736 3.758 4.537 9.584 14.959 24.335 32.261 39.947 49.529 56.363 57.359 52.172 37.369 28.708 16.776 13.456 12.301 10.679 9.556 4.716 0.000 0.000 0.000 0.000 0.000 0.000 7.337 13.559 22.584 34.696 48.162 62.861 69.166 86.325 98.654 101.894 127.108 126.624 135.075 140.031 138.778 151.815 138.962 128.464 107.839 100.722 82.528 60.407 51.875 37.600 24.115 11.768
-999.250 -999.250 -999.250 -999.250 -999.250 -999.250 10.829 12.115 12.654 14.717 14.961 14.440 14.273 10.335 8.821 6.443 4.980 6.306 8.649 10.153 13.640 18.757 28.152 36.601 46.697 57.597 68.293 73.765 60.323 43.825 31.687 18.613 12.632 9.695 7.019 2.898 0.000 0.000 0.000 0.000 0.000 0.000 3.147 9.637 17.811 29.277 43.334 61.423 70.954 88.176 113.200 120.522 126.203 141.691 151.819 167.942 170.870 177.502 201.086 167.926 147.787 139.947 129.314 104.285 90.618 65.668 54.132 33.782 17.069
-999.250 -999.250 -999.250 -999.250 -999.250 11.927 11.776 12.177 14.243 15.302 18.257 20.671 18.159 13.147 10.884 9.476 7.586 11.266 10.168 14.407 17.899 20.892 32.281 41.755 54.592 60.850 77.612 96.848 71.834 54.563 35.436 22.673 13.711 9.224 5.869 1.937 0.000 0.000 0.000 0.000 0.000 0.000 5.475 13.269 24.508 35.047 55.888 75.799 84.582 105.005 126.716 139.376 154.702 172.210 187.473 202.062 227.516 248.586 229.659 203.925 173.598 164.530 147.819 133.804 103.948 88.160 61.787 40.182 28.432
-999.250 -999.250 -999.250 -999.250 -999.250 13.038 15.197 13.888 15.032 18.154 23.095 31.835 21.516 16.227 12.941 12.104 11.691 11.659 14.462 17.532 22.969 29.644 34.979 45.588 55.300 65.198 76.397 79.091 71.615 52.375 37.752 28.894 18.618 10.516 7.091 3.522 0.000 0.000 0.000 0.000 0.000 0.531 7.142 17.767 32.145 43.946 64.715 84.663 109.878 131.334 146.250 161.605 187.117 208.313 235.953 265.447 289.171 280.618 261.969 248.536 219.095 219.893 181.048 156.454 135.146 110.480 83.772 56.470 34.115
-999.250 -999.250 -999.250 -999.250 13.074 14.684 14.106 14.355 17.272 18.878 21.475 23.088 20.527 17.611 13.593 13.276 12.789 14.234 18.265 24.624 30.163 33.527 38.856 45.967 55.837 60.997 70.788 69.791 61.679 55.169 38.961 30.402 21.409 15.131 10.908 7.078 2.446 0.398 0.000 0.000 0.000 1.223 10.633 19.575 34.542 51.352 74.284 96.512 126.172 140.658 173.686 207.119 183.966 245.336 277.113 287.537 324.725 296.320 305.690 271.682 279.637 264.453 239.749 201.037 167.452 134.683 95.623 76.100 49.609
-999.250 -999.250 -999.250 -999.250 12.990 14.701 13.915 15.138 15.975 17.029 18.773 18.110 17.783 16.941 14.857 13.880 14.796 18.080 22.520 30.029 33.718 36.798 45.401 49.078 55.761 60.179 61.319 60.318 57.208 49.869 37.933 33.718 26.111 18.689 14.654 11.041 6.407 4.567 0.000 0.000 0.000 6.034 13.280 24.588 42.637 60.835 78.650 122.237 133.408 159.765 196.833 234.220 238.971 249.051 308.988 336.375 408.474 396.811 325.517 335.893 342.603 308.199 285.081 235.676 211.981 147.479 128.805 87.899 60.234
-999.250 -999.250 -999.250 -999.250 15.585 14.426 15.644 15.675 16.547 15.645 17.206 17.594 17.090 16.503 14.736 15.946 17.647 21.900 30.252 35.767 37.617 41.651 44.819 49.694 55.302 57.166 58.937 58.270 54.215 47.897 38.879 33.525 29.345 21.131 18.930 16.837 11.476 5.302 0.000 0.000 0.000 6.138 13.990 27.742 46.042 70.276 92.510 128.989 139.000 185.500 234.195 252.912 284.748 300.842 386.313 441.642 412.067 445.797 439.812 373.449 456.639 397.722 327.907 286.228 250.180 173.930 148.808 118.580 83.854
-999.250 -999.250 -999.250 -999.250 14.445 15.255 16.787 15.545 15.652 15.109 15.227 16.320 16.863 16.460 15.558 17.526 21.499 28.656 36.305 42.637 51.317 51.935 50.010 54.599 56.741 57.259 56.862 55.179 53.921 48.173 39.542 34.405 30.127 27.147 24.035 28.176 14.810 8.352 2.742 0.000 0.000 4.120 13.872 31.485 53.793 81.074 111.772 133.643 173.680 203.520 246.626 266.295 284.179 397.007 396.450 481.982 505.479 535.623 528.799 540.106 452.885 396.892 374.129 309.580 294.783 241.971 173.919 135.446 97.228
-999.250 -999.250 -999.250 -999.250 15.630 17.043 17.258 17.720 16.731 16.130 14.747 16.119 17.244 16.517 18.297 21.399 28.166 35.469 47.311 59.002 59.035 59.147 55.919 56.251 55.223 57.382 54.276 53.847 52.086 44.678 36.781 34.795 30.884 26.149 22.824 19.264 13.709 7.017 1.559 0.000 0.000 3.230 12.599 29.001 52.822 83.057 112.152 140.632 171.409 237.827 285.850 314.044 323.585 455.954 485.501 605.042 667.539 672.727 677.605 656.193 529.093 532.437 447.792 399.841 324.783 286.020 218.114 152.481 129.399
-999.250 -999.250 -999.250 -999.250 17.019 17.818 19.272 20.322 19.895 17.927 18.953 17.383 18.087 18.669 21.799 26.268 33.575 42.966 59.185 77.861 68.947 64.498 60.231 59.311 56.393 55.991 55.165 49.530 49.693 42.067 36.762 33.465 30.559 25.457 19.495 14.632 10.722 4.701 0.000 0.000 0.000 0.365 9.785 26.752 54.034 82.530 130.060 154.777 184.550 241.470 291.667 319.564 419.202 505.176 690.275 664.028 731.443 751.838 712.578 716.270 628.069 579.861 544.217 441.941 334.056 293.224 258.810 185.328 148.922
-999.250 -999.250 -999.250 -999.250 18.422 19.535 22.934 22.791 24.538 22.428 19.977 19.535 19.512 21.979 27.444 33.162 40.208 52.238 63.053 72.224 71.831 65.846 62.334 58.639 58.008 56.866 53.882 49.929 44.407 39.651 36.879 32.030 27.606 21.146 16.109 11.540 6.641 2.821 0.000 0.000 0.000 0.000 6.763 23.421 52.426 87.743 130.498 160.218 194.610 251.719 306.230 307.693 474.477 565.566 671.393 716.470 781.100 868.344 814.927 779.166 724.259 607.576 599.215 528.024 383.536 305.080 267.635 213.794 180.172
-999.250 -999.250 -999.250 -999.250 19.997 21.225 23.846 31.834 28.674 24.735 24.545 21.010 24.261 26.451 31.349 36.673 44.324 58.160 64.415 71.869 69.677 69.097 63.669 61.273 56.742 54.066 47.174 46.519 42.073 38.507 35.053 31.904 25.534 19.713 14.269 10.164 5.526 0.494 0.000 0.000 0.000 0.000 6.330 17.171 50.228 89.850 130.041 155.108 198.716 260.387 293.241 372.301 496.942 612.138 680.929 793.236 838.953 942.484 880.546 846.010 768.561 717.234 651.998 599.814 460.141 324.223 304.302 239.530 191.451
-999.250 -999.250 -999.250 -999.250 21.274 22.785 27.543 30.165 29.890 29.511 26.433 27.787 29.631 32.352 34.458 38.510 47.610 57.537 61.817 67.255 72.175 75.171 67.665 59.193 56.681 53.090 46.517 46.404 39.685 37.227 34.953 30.897 24.375 18.225 12.234 8.705 3.698 0.000 0.000 0.000 0.000 1.217 10.352 25.298 57.654 87.453 130.469 153.898 239.068 269.911 311.775 391.462 474.400 597.861 683.171 782.117 832.842 927.788 878.132 865.970 817.388 781.360 668.092 661.282 534.618 453.555 303.794 242.114 208.566
-999.250 -999.250 -999.250 -999.250 26.221 26.807 29.320 28.722 30.616 31.631 31.015 30.732 32.898 34.832 37.453 43.314 52.249 58.114 62.163 72.069 74.419 72.450 64.547 59.082 54.605 51.163 46.056 42.442 40.066 35.270 33.892 29.640 23.520 18.150 13.035 7.497 2.993 0.000 0.000 0.000 0.482 7.797 16.986 34.705 63.247 87.724 132.698 169.099 228.916 266.335 329.269 388.019 464.357 550.971 639.645 716.326 735.712 827.777 863.872 819.840 759.841 715.416 684.898 639.272 520.625 391.085 304.809 268.086 231.450
-999.250 -999.250 -999.250 22.519 25.066 29.077 30.120 30.744 31.777 31.672 33.515 34.824 36.960 38.394 39.938 46.755 53.275 55.457 59.901 71.405 81.715 70.909 62.928 59.582 53.797 47.387 45.541 40.090 37.739 36.077 33.075 30.244 21.834 17.035 12.923 7.084 3.464 1.041 0.000 0.000 1.449 10.535 23.028 38.237 60.578 91.817 136.472 166.169 214.865 275.303 315.366 430.521 486.762 554.952 580.172 652.368 694.260 786.681 784.902 782.806 799.732 727.883 665.954 588.470 468.963 345.784 295.258 275.051 222.763
-999.250 -999.250 -999.250 26.476 27.547 30.928 32.331 32.516 32.917 34.174 35.780 37.390 40.276 42.145 43.614 46.978 50.413 53.728 59.430 61.797 65.005 63.586 59.293 55.616 49.604 45.938 40.587 38.081 36.657 35.245 32.650 29.086 22.303 16.823 11.340 7.506 4.066 0.047 0.644 0.000 5.240 14.026 27.113 40.728 61.554 92.374 130.136 164.243 189.004 247.154 288.750 325.847 385.800 527.668 601.581 650.114 669.352 701.976 751.012 704.787 693.793 664.629 610.218 579.095 502.841 375.215 303.020 261.730 225.616
-999.250 -999.250 -999.250 25.261 30.126 33.377 34.317 33.990 36.240 37.090 41.962 42.621 46.932 51.255 49.473 47.798 50.037 49.346 52.985 56.202 58.843 56.227 53.093 47.467 42.336 41.229 37.878 36.615 36.509 34.085 32.908 30.102 24.316 15.815 10.494 6.734 2.967 1.234 0.182 2.311 9.421 17.612 30.647 40.049 63.186 83.070 112.388 147.403 200.090 251.282 287.455 330.393 407.359 472.528 606.005 612.722 680.587 666.147 667.059 583.484 613.435 575.432 531.040 451.595 470.205 406.951 300.510 267.543 202.066
-999.250 -999.250 23.084 27.909 31.545 33.337 34.848 37.835 38.641 41.551 48.405 53.220 54.517 57.729 54.172 52.449 48.292 45.126 46.065 50.366 50.545 46.822 42.993 40.497 37.762 36.023 34.682 34.678 36.047 36.038 34.255 28.280 20.761 15.089 10.178 7.047 4.881 2.567 1.091 3.032 9.577 17.075 29.601 43.237 59.228 89.454 118.865 144.489 181.830 244.596 244.467 327.658 422.404 462.644 518.185 552.501 602.356 620.191 655.638 560.738 559.754 507.554 425.021 372.164 340.467 311.607 286.233 255.697 178.843
-999.250 -999.250 28.624 29.867 33.182 35.060 35.704 42.258 44.584 48.860 56.336 60.209 62.181 63.852 61.442 56.619 48.392 42.850 42.741 42.217 -999.250 39.872 37.480 34.560 33.303 33.090 33.199 32.466 34.683 42.481 32.956 25.963 19.307 15.108 11.543 6.845 4.310 3.579 0.498 4.803 8.542 17.783 31.394 40.470 58.639 80.371 98.718 131.043 161.987 202.237 230.950 280.756 372.126 412.087 448.915 469.970 591.012 553.447 545.944 544.514 463.985 458.216 369.811 331.400 285.668 270.066 229.444 193.172 147.543
-999.250 25.197 26.823 29.987 32.825 35.235 38.444 42.511 49.799 53.199 58.459 67.148 73.642 76.322 75.094 60.587 52.413 43.332 39.273 -999.250 -999.250 32.828 31.520 31.065 28.658 29.041 29.004 29.873 31.756 31.593 29.500 23.660 19.016 14.790 11.607 8.531 6.013 4.406 3.213 3.693 8.392 16.660 29.809 37.787 59.220 79.117 98.908 120.439 149.905 177.854 235.420 278.398 286.571 299.502 396.655 372.592 397.495 416.833 489.854 440.879 382.754 315.201 325.949 277.212 237.171 211.071 179.164 169.457 133.051
-999.250 26.484 26.886 29.659 33.186 36.522 38.445 43.472 51.950 56.824 60.398 71.267 80.099 81.820 92.104 65.951 55.125 41.910 -999.250 -999.250 -999.250 -999.250 27.172 24.530 22.072 22.689 24.162 23.773 26.241 27.007 25.648 19.502 16.585 13.913 11.669 8.265 5.857 3.450 2.645 4.437 8.210 17.414 24.820 36.685 52.399 70.029 82.728 115.728 144.773 171.628 215.763 239.771 253.913 280.388 316.362 320.972 332.774 378.155 369.221 387.143 314.241 295.287 276.870 238.673 209.265 170.573 141.837 126.036 99.437
