data/medianmodel_06-Apr-2020.asc
ncols	141
nrows	288
xllcorner	-120191.398
yllcorner	-301404.813
cellsize	2000.000
NODATA_value	-999.250
[rows 90 to 119 of 288, columns 68 to 135 of 141]
39.663 41.564 40.946 36.382 31.793 29.595 34.163 30.847 31.495 31.201 28.894 31.199 32.044 29.683 32.292 28.783 25.133 27.391 27.058 27.560 26.936 28.768 27.175 26.762 24.595 22.320 22.377 17.861 16.589 15.465 17.496 18.778 18.597 20.404 21.519 20.407 21.408 22.414 24.373 29.308 25.334 25.909 30.340 37.368 35.231 34.070 31.149 34.939 -999.250 -999.250 -999.250 -999.250 -999.250 -999.250 -999.250 -999.250 -999.250 -999.250 -999.250 -999.250 -999.250 -999.250 -999.250 -999.250 -999.250 -999.250 -999.250 -999.250
36.968 38.420 37.414 34.982 34.913 31.028 32.897 33.290 34.608 29.918 31.340 34.417 32.129 28.397 27.809 24.970 22.660 21.556 24.265 24.205 27.355 24.795 21.732 22.291 20.288 21.014 17.977 16.839 16.216 15.396 16.094 18.336 17.925 16.273 19.940 20.611 18.965 19.000 19.918 23.994 22.596 26.074 28.101 29.800 30.732 28.092 28.488 -999.250 -999.250 -999.250 -999.250 -999.250 -999.250 -999.250 -999.250 -999.250 -999.250 -999.250 -999.250 -999.250 -999.250 -999.250 -999.250 -999.250 -999.250 -999.250 -999.250 -999.250
37.083 34.626 33.948 34.982 33.873 31.254 34.725 38.975 33.544 31.560 31.892 30.893 31.741 26.000 27.428 25.290 19.588 19.405 21.603 22.600 21.129 23.883 19.294 20.156 20.257 16.885 14.954 15.669 13.757 15.611 16.406 14.176 13.012 15.362 17.249 19.673 21.968 19.075 22.138 22.598 23.909 28.736 31.929 28.834 29.932 29.974 29.682 -999.250 -999.250 -999.250 -999.250 -999.250 -999.250 -999.250 -999.250 -999.250 -999.250 -999.250 -999.250 -999.250 -999.250 -999.250 -999.250 -999.250 -999.250 -999.250 -999.250 -999.250
38.081 36.142 30.476 39.141 34.757 32.646 37.541 38.666 34.073 35.544 32.799 26.647 26.924 26.809 23.541 21.729 15.471 13.284 12.907 18.410 17.073 18.974 18.131 17.334 16.389 14.136 16.913 16.532 14.740 10.534 12.361 14.457 16.181 17.556 15.568 16.320 14.179 16.934 19.402 21.688 23.892 25.454 24.502 25.031 26.094 28.297 -999.250 -999.250 -999.250 -999.250 -999.250 -999.250 -999.250 -999.250 -999.250 -999.250 -999.250 -999.250 -999.250 -999.250 -999.250 -999.250 -999.250 -999.250 -999.250 -999.250 -999.250 -999.250
42.103 36.243 35.030 35.516 33.458 37.121 34.721 35.618 29.957 30.124 34.639 30.086 26.499 24.884 17.738 16.342 12.839 7.501 8.082 12.546 10.840 16.028 15.348 15.965 15.671 15.292 15.474 12.423 12.343 11.027 12.989 14.210 14.430 14.512 12.815 15.310 15.627 15.697 19.422 20.297 22.057 19.509 18.840 21.475 22.768 26.130 -999.250 -999.250 -999.250 -999.250 -999.250 -999.250 -999.250 -999.250 -999.250 -999.250 -999.250 -999.250 -999.250 -999.250 -999.250 -999.250 -999.250 -999.250 -999.250 -999.250 -999.250 -999.250
38.164 31.979 29.584 32.355 33.017 35.249 34.491 34.601 30.565 31.788 28.255 27.178 24.496 21.280 18.632 12.381 6.223 0.000 2.791 8.951 10.609 12.321 13.146 13.236 14.956 11.977 12.519 8.849 7.641 8.668 12.895 15.026 14.056 15.171 11.937 12.100 11.046 17.193 15.509 15.586 19.369 16.836 22.694 19.291 23.668 22.923 -999.250 -999.250 -999.250 -999.250 -999.250 -999.250 -999.250 -999.250 -999.250 -999.250 -999.250 -999.250 -999.250 -999.250 -999.250 -999.250 -999.250 -999.250 -999.250 -999.250 -999.250 -999.250
32.785 33.287 26.781 26.073 26.176 27.782 28.518 31.650 27.730 30.614 28.461 26.986 23.495 20.783 17.333 12.752 6.144 4.994 3.248 5.324 9.617 8.647 12.189 11.460 11.998 11.461 8.234 9.761 9.124 9.420 13.171 11.687 11.332 13.103 15.519 14.030 13.363 13.809 16.522 17.754 18.548 18.212 19.262 21.898 19.881 20.594 23.123 -999.250 -999.250 -999.250 -999.250 -999.250 -999.250 -999.250 -999.250 -999.250 -999.250 -999.250 -999.250 -999.250 -999.250 -999.250 -999.250 -999.250 -999.250 -999.250 -999.250 -999.250
26.614 26.581 24.345 20.879 18.060 22.393 22.109 26.567 27.085 29.147 25.680 24.165 20.457 19.027 16.876 14.741 11.111 6.855 6.550 5.548 7.996 9.470 11.778 8.532 8.230 6.604 6.593 8.188 9.775 9.595 10.142 12.526 12.285 10.119 13.510 8.882 12.285 12.852 15.924 14.867 17.904 20.292 21.028 21.326 21.257 25.654 22.736 21.538 -999.250 -999.250 -999.250 -999.250 -999.250 -999.250 -999.250 -999.250 -999.250 -999.250 -999.250 -999.250 -999.250 -999.250 -999.250 -999.250 -999.250 -999.250 -999.250 -999.250
23.521 23.905 19.678 17.867 17.780 19.469 18.713 20.507 24.678 26.079 20.935 19.620 21.897 19.011 14.407 13.215 10.623 11.644 7.720 5.033 8.187 11.793 10.021 7.634 4.025 0.000 3.798 6.180 10.081 10.039 12.477 9.601 9.287 9.727 8.769 9.104 7.118 9.871 11.519 15.130 16.525 16.919 17.785 19.841 18.553 17.793 20.340 21.359 17.333 -999.250 -999.250 -999.250 -999.250 -999.250 -999.250 -999.250 -999.250 -999.250 -999.250 -999.250 -999.250 -999.250 -999.250 -999.250 -999.250 -999.250 -999.250 -999.250
20.636 18.451 15.917 14.639 10.388 17.385 16.915 22.270 19.463 19.739 21.778 18.843 20.666 16.699 15.351 10.244 14.099 12.183 11.774 10.032 11.275 7.261 10.155 4.809 1.270 1.606 4.070 7.169 9.783 10.324 10.868 10.506 10.112 8.700 7.350 4.143 0.000 7.863 11.310 15.624 15.262 20.557 17.068 18.600 19.093 21.595 20.734 18.681 -999.250 -999.250 -999.250 -999.250 -999.250 -999.250 -999.250 -999.250 -999.250 -999.250 -999.250 -999.250 -999.250 -999.250 -999.250 -999.250 -999.250 -999.250 -999.250 -999.250
18.208 11.116 14.736 12.401 13.539 15.991 17.013 16.155 19.023 21.881 19.437 19.802 19.215 20.879 13.704 14.267 13.876 10.946 10.539 11.986 11.819 10.558 9.873 7.250 10.013 8.159 4.885 9.858 6.695 7.809 12.315 8.373 9.752 8.615 9.414 7.005 3.701 8.797 10.824 10.006 14.860 15.931 16.457 20.084 18.032 18.698 17.991 17.459 20.602 -999.250 -999.250 -999.250 -999.250 -999.250 -999.250 -999.250 -999.250 -999.250 -999.250 -999.250 -999.250 -999.250 -999.250 -999.250 -999.250 -999.250 -999.250 -999.250
17.123 15.642 14.656 14.217 12.244 13.504 14.906 14.907 18.166 17.405 20.438 19.564 16.496 17.115 14.977 12.709 14.420 11.986 12.539 11.709 10.854 11.367 12.128 9.026 9.172 8.530 8.401 9.264 10.820 10.995 11.315 10.746 10.800 9.704 8.215 8.294 7.721 8.304 12.775 13.138 13.907 18.118 18.199 19.002 15.930 15.629 15.022 -999.250 -999.250 -999.250 -999.250 -999.250 -999.250 -999.250 -999.250 -999.250 -999.250 -999.250 -999.250 -999.250 -999.250 -999.250 -999.250 -999.250 -999.250 -999.250 -999.250 -999.250
16.752 17.071 14.243 14.964 14.208 16.571 11.193 13.364 13.667 15.830 16.932 19.026 17.693 17.949 15.740 14.932 12.070 15.302 11.918 10.297 9.905 11.154 10.682 10.055 12.813 11.117 9.168 13.497 7.439 11.769 11.718 11.495 7.550 9.545 8.855 11.573 11.160 10.806 11.935 13.726 17.482 14.846 18.767 16.835 18.314 15.184 -999.250 -999.250 -999.250 -999.250 -999.250 -999.250 -999.250 -999.250 -999.250 -999.250 -999.250 -999.250 -999.250 -999.250 -999.250 -999.250 -999.250 -999.250 -999.250 -999.250 -999.250 -999.250
18.993 19.957 18.362 16.768 17.525 15.052 14.279 16.093 15.133 12.707 18.135 15.759 21.599 18.403 17.815 16.403 13.626 13.371 10.015 8.549 12.975 12.101 12.663 10.364 9.974 10.884 9.468 10.132 8.421 10.583 10.905 11.443 9.055 10.201 9.280 10.168 9.352 12.061 10.283 11.528 14.549 16.375 12.464 14.053 15.252 11.820 -999.250 -999.250 -999.250 -999.250 -999.250 -999.250 -999.250 -999.250 -999.250 -999.250 -999.250 -999.250 -999.250 -999.250 -999.250 -999.250 -999.250 -999.250 -999.250 -999.250 -999.250 -999.250
19.029 20.913 19.212 18.205 19.291 16.078 15.463 13.553 12.527 13.761 12.259 17.918 16.620 16.697 17.296 15.980 14.846 12.881 10.841 10.618 12.450 12.042 11.970 11.738 10.485 10.903 12.401 11.344 9.640 12.171 11.283 10.966 11.422 12.019 13.647 13.004 11.027 13.328 11.246 12.860 13.934 14.768 16.391 14.821 13.000 -999.250 -999.250 -999.250 -999.250 -999.250 -999.250 -999.250 -999.250 -999.250 -999.250 -999.250 -999.250 -999.250 -999.250 -999.250 -999.250 -999.250 -999.250 -999.250 -999.250 -999.250 -999.250 -999.250
23.083 22.042 19.420 17.439 17.303 18.260 16.194 14.054 11.451 11.216 11.701 14.789 17.318 16.370 17.052 14.691 13.939 11.501 11.408 11.098 11.587 12.377 11.820 10.131 13.184 12.711 13.797 11.167 12.859 11.043 12.821 11.498 10.636 13.612 12.423 11.195 10.273 12.774 13.054 10.663 10.562 -999.250 -999.250 -999.250 -999.250 -999.250 -999.250 -999.250 -999.250 -999.250 -999.250 -999.250 -999.250 -999.250 -999.250 -999.250 -999.250 -999.250 -999.250 -999.250 -999.250 -999.250 -999.250 -999.250 -999.250 -999.250 -999.250 -999.250
26.512 23.613 20.352 19.883 17.777 15.526 17.315 14.102 13.949 10.675 11.451 12.694 16.451 15.488 15.860 14.808 13.501 12.154 11.426 12.020 12.416 11.929 10.755 12.040 10.938 14.057 14.057 12.071 12.281 13.147 12.491 12.130 11.396 10.538 9.068 10.523 12.361 11.545 10.922 -999.250 -999.250 -999.250 -999.250 -999.250 -999.250 -999.250 -999.250 -999.250 -999.250 -999.250 -999.250 -999.250 -999.250 -999.250 -999.250 -999.250 -999.250 -999.250 -999.250 -999.250 -999.250 -999.250 -999.250 -999.250 -999.250 -999.250 -999.250 -999.250
25.625 22.222 22.988 18.173 19.893 16.734 14.748 12.550 13.414 13.750 12.572 14.158 13.074 18.999 15.036 15.229 14.748 12.891 11.416 13.317 12.009 11.705 11.082 12.804 12.051 13.357 10.101 12.115 12.469 9.864 14.799 13.514 13.910 8.271 7.220 8.095 9.742 11.821 13.033 -999.250 -999.250 -999.250 -999.250 -999.250 -999.250 -999.250 -999.250 -999.250 -999.250 -999.250 -999.250 -999.250 -999.250 -999.250 -999.250 -999.250 -999.250 -999.250 -999.250 -999.250 -999.250 -999.250 -999.250 -999.250 -999.250 -999.250 -999.250 -999.250
27.384 26.733 23.357 19.834 17.201 17.283 16.515 12.884 14.005 12.165 15.063 15.577 16.063 17.188 16.328 16.381 14.558 14.343 10.545 8.905 9.617 12.054 11.203 15.546 14.422 11.549 12.125 14.070 12.165 12.663 12.215 13.476 11.216 9.414 6.520 4.512 8.580 13.284 14.725 -999.250 -999.250 -999.250 -999.250 -999.250 -999.250 -999.250 -999.250 -999.250 -999.250 -999.250 -999.250 -999.250 -999.250 -999.250 -999.250 -999.250 -999.250 -999.250 -999.250 -999.250 -999.250 -999.250 -999.250 -999.250 -999.250 -999.250 -999.250 -999.250
29.777 27.179 24.329 20.910 18.867 19.204 15.308 16.585 12.545 12.419 13.183 14.125 15.643 12.409 12.961 16.990 14.026 12.888 6.985 4.509 4.096 9.297 12.298 14.554 12.033 16.564 13.563 17.457 13.458 10.775 11.690 11.131 12.305 10.052 5.703 0.000 8.109 11.170 15.108 -999.250 -999.250 -999.250 -999.250 -999.250 -999.250 -999.250 -999.250 -999.250 -999.250 -999.250 -999.250 -999.250 -999.250 -999.250 -999.250 -999.250 -999.250 -999.250 -999.250 -999.250 -999.250 -999.250 -999.250 -999.250 -999.250 -999.250 -999.250 -999.250
31.299 25.905 23.655 24.353 21.735 18.112 15.989 15.703 12.959 10.356 13.549 12.486 17.147 14.590 13.387 15.509 11.706 10.036 5.568 0.000 7.044 8.828 11.874 17.433 16.318 18.768 15.415 17.266 16.134 14.484 12.317 14.508 10.501 10.109 5.297 3.574 5.019 11.495 12.980 -999.250 -999.250 -999.250 -999.250 -999.250 -999.250 -999.250 -999.250 -999.250 -999.250 -999.250 -999.250 -999.250 -999.250 -999.250 -999.250 -999.250 -999.250 -999.250 -999.250 -999.250 -999.250 -999.250 -999.250 -999.250 -999.250 -999.250 -999.250 -999.250
33.122 31.262 25.850 24.796 22.308 17.213 17.474 18.731 13.206 10.664 11.685 12.540 13.734 13.830 12.255 16.121 12.805 11.169 7.031 3.644 8.564 10.584 11.930 16.065 16.885 15.742 18.738 15.859 14.464 14.135 13.980 12.519 10.893 9.499 5.853 6.228 9.412 10.260 13.612 -999.250 -999.250 -999.250 -999.250 -999.250 -999.250 -999.250 -999.250 -999.250 -999.250 -999.250 -999.250 -999.250 -999.250 -999.250 -999.250 -999.250 -999.250 -999.250 -999.250 -999.250 -999.250 -999.250 -999.250 -999.250 -999.250 -999.250 -999.250 -999.250
40.212 27.011 26.170 23.029 24.371 18.899 19.592 16.802 11.154 9.867 10.643 11.982 12.391 12.306 16.268 12.588 14.138 11.123 11.916 9.023 12.622 12.215 13.330 14.862 16.007 14.693 19.106 17.483 14.851 15.242 13.694 11.787 11.696 7.753 9.061 9.709 12.112 11.141 11.345 14.235 12.518 -999.250 -999.250 -999.250 -999.250 -999.250 -999.250 -999.250 -999.250 -999.250 -999.250 -999.250 -999.250 -999.250 -999.250 -999.250 -999.250 -999.250 -999.250 -999.250 -999.250 -999.250 -999.250 -999.250 -999.250 -999.250 -999.250 -999.250
36.268 28.680 24.771 25.130 26.089 19.913 17.757 17.916 15.933 15.706 12.081 9.459 13.157 13.780 15.454 14.427 11.882 13.542 13.050 13.101 16.257 15.980 12.433 12.298 14.785 18.413 17.747 19.076 17.176 15.199 13.558 13.359 15.239 10.856 11.416 10.426 13.526 14.667 15.177 14.418 12.893 15.651 14.334 -999.250 -999.250 -999.250 -999.250 -999.250 -999.250 -999.250 -999.250 -999.250 -999.250 -999.250 -999.250 -999.250 -999.250 -999.250 -999.250 -999.250 -999.250 -999.250 -999.250 -999.250 -999.250 -999.250 -999.250 -999.250
36.681 29.419 26.623 24.295 20.748 19.151 16.668 14.604 15.502 13.288 12.575 11.694 11.409 12.374 13.326 11.663 15.171 13.652 12.790 12.443 13.644 16.354 17.235 15.010 14.485 14.536 17.223 16.966 15.254 16.966 16.327 14.727 15.270 12.612 13.275 14.635 12.875 10.460 15.961 15.659 16.665 15.155 13.558 -999.250 -999.250 -999.250 -999.250 -999.250 -999.250 -999.250 -999.250 -999.250 -999.250 -999.250 -999.250 -999.250 -999.250 -999.250 -999.250 -999.250 -999.250 -999.250 -999.250 -999.250 -999.250 -999.250 -999.250 -999.250
35.362 28.333 26.410 22.337 20.749 15.577 17.949 16.512 12.405 10.512 11.768 10.147 14.452 15.675 13.888 14.161 11.762 13.192 14.670 11.563 14.780 17.440 16.650 13.516 16.153 17.396 12.609 16.251 17.721 16.606 16.332 12.838 13.381 15.531 15.019 16.168 16.734 14.500 13.959 16.312 15.131 15.357 16.237 12.625 -999.250 -999.250 -999.250 -999.250 -999.250 -999.250 -999.250 -999.250 -999.250 -999.250 -999.250 -999.250 -999.250 -999.250 -999.250 -999.250 -999.250 -999.250 -999.250 -999.250 -999.250 -999.250 -999.250 -999.250
36.660 24.803 24.564 20.971 19.187 17.828 16.217 16.690 15.295 10.401 12.738 12.317 14.046 14.778 14.856 13.691 12.305 15.884 16.157 15.559 15.235 15.297 17.848 16.386 16.133 13.624 14.595 17.767 17.752 16.343 14.819 16.693 14.654 15.635 14.584 18.162 14.968 14.046 14.240 13.617 16.229 16.313 15.676 13.188 15.377 -999.250 -999.250 -999.250 -999.250 -999.250 -999.250 -999.250 -999.250 -999.250 -999.250 -999.250 -999.250 -999.250 -999.250 -999.250 -999.250 -999.250 -999.250 -999.250 -999.250 -999.250 -999.250 -999.250
32.587 25.446 21.404 22.815 18.371 14.165 15.226 12.710 12.636 11.212 10.379 11.814 13.064 13.985 12.543 14.849 15.602 19.978 18.564 14.880 14.927 13.636 14.818 15.774 15.803 16.171 15.884 14.741 14.659 17.664 14.043 17.761 15.245 14.713 17.162 14.774 12.194 12.530 15.810 15.983 13.554 14.835 16.966 15.525 13.964 -999.250 -999.250 -999.250 -999.250 -999.250 -999.250 -999.250 -999.250 -999.250 -999.250 -999.250 -999.250 -999.250 -999.250 -999.250 -999.250 -999.250 -999.250 -999.250 -999.250 -999.250 -999.250 -999.250
32.043 22.926 19.841 18.607 19.333 14.764 14.413 14.024 9.845 12.387 12.249 13.265 13.200 13.826 14.639 13.907 18.464 18.419 18.686 16.978 15.405 16.474 15.509 14.844 15.755 17.113 17.437 18.854 16.535 16.922 14.276 13.156 15.042 14.088 13.423 14.767 15.156 14.941 15.557 14.813 15.807 12.470 15.674 13.130 12.657 10.475 -999.250 -999.250 -999.250 -999.250 -999.250 -999.250 -999.250 -999.250 -999.250 -999.250 -999.250 -999.250 -999.250 -999.250 -999.250 -999.250 -999.250 -999.250 -999.250 -999.250 -999.250 -999.250
30.011 22.181 19.640 16.216 14.028 12.459 13.357 10.070 11.440 10.610 8.071 11.832 12.080 13.641 12.825 15.696 19.422 18.279 20.139 14.957 17.720 16.244 17.096 16.086 14.128 14.673 18.771 16.934 16.185 13.689 12.072 12.948 8.988 12.704 13.563 13.587 16.162 15.710 16.040 13.058 15.947 12.842 14.690 14.864 14.910 -999.250 -999.250 -999.250 -999.250 -999.250 -999.250 -999.250 -999.250 -999.250 -999.250 -999.250 -999.250 -999.250 -999.250 -999.250 -999.250 -999.250 -999.250 -999.250 -999.250 -999.250 -999.250 -999.250
