data/medianmodel_10-Apr-2020.asc
ncols	141
nrows	288
xllcorner	-120191.398
yllcorner	-301404.813
cellsize	2000.000
NODATA_value	-999.250
[rows 120 to 149 of 288, columns 68 to 135 of 141]
16.290 14.947 13.003 10.156 10.055 7.835 9.214 9.371 11.384 12.730 14.557 13.204 14.232 16.577 17.892 15.695 17.117 14.479 12.857 15.976 16.702 15.098 12.092 14.211 15.423 15.736 17.325 18.699 16.705 17.546 15.027 13.341 14.280 14.744 17.582 14.685 20.682 21.398 21.701 20.149 20.325 20.339 19.312 19.739 16.804 -999.250 -999.250 -999.250 -999.250 -999.250 -999.250 -999.250 -999.250 -999.250 -999.250 -999.250 -999.250 -999.250 -999.250 -999.250 -999.250 -999.250 -999.250 -999.250 -999.250 -999.250 -999.250 -999.250
14.520 9.181 4.962 5.271 7.245 7.710 11.259 10.205 13.540 13.199 14.200 15.757 14.943 16.251 17.856 17.503 17.151 13.808 14.825 16.128 16.910 16.406 16.707 15.082 17.058 16.143 16.834 14.578 14.351 11.782 12.646 13.171 9.942 12.720 17.079 16.141 16.166 20.560 17.570 19.338 21.068 20.196 19.936 17.454 18.772 -999.250 -999.250 -999.250 -999.250 -999.250 -999.250 -999.250 -999.250 -999.250 -999.250 -999.250 -999.250 -999.250 -999.250 -999.250 -999.250 -999.250 -999.250 -999.250 -999.250 -999.250 -999.250 -999.250
14.656 6.342 0.000 2.110 7.921 5.460 10.114 10.670 11.509 14.689 15.783 15.292 13.566 14.623 17.183 18.799 18.319 14.541 14.722 17.443 15.804 17.392 15.940 15.972 16.003 15.093 13.317 14.432 13.469 11.856 7.919 9.664 5.326 10.861 13.569 15.451 14.940 18.450 19.685 19.617 19.620 19.252 18.545 17.982 17.718 -999.250 -999.250 -999.250 -999.250 -999.250 -999.250 -999.250 -999.250 -999.250 -999.250 -999.250 -999.250 -999.250 -999.250 -999.250 -999.250 -999.250 -999.250 -999.250 -999.250 -999.250 -999.250 -999.250
12.891 10.141 6.050 9.157 9.353 12.919 13.206 14.531 11.126 14.064 17.598 17.261 14.757 17.466 17.899 18.050 18.418 15.849 19.364 18.587 17.101 16.926 18.996 18.118 16.152 16.500 15.098 14.345 15.162 11.031 9.116 5.249 0.000 7.192 14.778 15.893 15.157 18.296 21.024 19.888 19.708 18.969 19.176 18.149 -999.250 -999.250 -999.250 -999.250 -999.250 -999.250 -999.250 -999.250 -999.250 -999.250 -999.250 -999.250 -999.250 -999.250 -999.250 -999.250 -999.250 -999.250 -999.250 -999.250 -999.250 -999.250 -999.250 -999.250
15.747 11.027 9.394 10.484 14.215 12.148 14.090 14.007 14.555 17.756 17.978 14.537 16.180 16.444 19.448 16.850 17.227 17.461 20.655 17.327 17.039 18.942 16.387 18.173 17.263 18.810 15.514 14.483 14.820 11.773 9.193 7.870 5.398 13.304 13.936 16.899 17.666 20.616 19.679 21.037 21.229 20.494 18.873 20.205 -999.250 -999.250 -999.250 -999.250 -999.250 -999.250 -999.250 -999.250 -999.250 -999.250 -999.250 -999.250 -999.250 -999.250 -999.250 -999.250 -999.250 -999.250 -999.250 -999.250 -999.250 -999.250 -999.250 -999.250
18.938 13.697 11.445 11.946 14.125 15.196 15.514 13.661 16.251 15.729 18.116 17.667 17.961 16.540 17.652 18.475 17.037 17.198 18.729 16.684 15.563 15.160 15.675 15.543 16.212 18.555 17.748 13.419 14.809 13.716 9.684 9.224 9.786 13.914 16.455 17.566 19.386 19.427 20.998 21.210 19.212 21.578 21.228 21.929 -999.250 -999.250 -999.250 -999.250 -999.250 -999.250 -999.250 -999.250 -999.250 -999.250 -999.250 -999.250 -999.250 -999.250 -999.250 -999.250 -999.250 -999.250 -999.250 -999.250 -999.250 -999.250 -999.250 -999.250
16.778 13.522 11.659 12.073 14.311 15.175 15.654 17.015 18.708 18.986 18.879 19.216 16.063 18.404 19.743 17.759 17.283 16.044 16.327 16.959 17.411 14.804 15.705 16.585 17.637 18.534 15.935 14.614 14.669 13.912 13.096 13.800 10.658 16.303 18.486 18.943 17.774 19.435 18.795 19.723 19.125 19.578 22.650 20.638 -999.250 -999.250 -999.250 -999.250 -999.250 -999.250 -999.250 -999.250 -999.250 -999.250 -999.250 -999.250 -999.250 -999.250 -999.250 -999.250 -999.250 -999.250 -999.250 -999.250 -999.250 -999.250 -999.250 -999.250
16.033 12.964 8.928 13.346 17.145 13.887 14.943 15.407 16.664 21.040 21.758 19.367 17.455 17.419 21.435 18.322 19.486 15.114 16.156 13.651 11.672 11.525 15.836 16.883 18.440 16.784 15.309 15.766 16.230 15.806 16.550 19.119 16.764 16.902 16.897 20.291 18.697 19.273 22.605 22.943 19.513 18.936 20.753 -999.250 -999.250 -999.250 -999.250 -999.250 -999.250 -999.250 -999.250 -999.250 -999.250 -999.250 -999.250 -999.250 -999.250 -999.250 -999.250 -999.250 -999.250 -999.250 -999.250 -999.250 -999.250 -999.250 -999.250 -999.250
11.347 11.261 9.746 13.134 18.131 15.444 17.831 18.600 18.937 17.841 20.531 21.506 20.061 21.549 22.412 18.659 17.889 16.989 15.855 12.595 5.771 11.774 17.350 17.212 17.776 17.468 17.092 14.863 17.819 15.764 14.195 16.471 15.136 16.074 18.281 18.627 19.531 18.361 22.169 17.856 20.780 23.112 -999.250 -999.250 -999.250 -999.250 -999.250 -999.250 -999.250 -999.250 -999.250 -999.250 -999.250 -999.250 -999.250 -999.250 -999.250 -999.250 -999.250 -999.250 -999.250 -999.250 -999.250 -999.250 -999.250 -999.250 -999.250 -999.250
9.616 10.189 10.092 13.947 14.584 18.032 18.372 20.079 21.728 20.393 19.436 22.021 20.523 20.753 19.082 18.942 18.635 19.631 19.143 15.969 14.357 13.526 16.852 16.416 17.623 17.091 18.427 18.610 16.442 16.230 13.811 16.824 16.593 17.556 19.184 17.000 19.193 21.324 18.778 18.706 20.340 -999.250 -999.250 -999.250 -999.250 -999.250 -999.250 -999.250 -999.250 -999.250 -999.250 -999.250 -999.250 -999.250 -999.250 -999.250 -999.250 -999.250 -999.250 -999.250 -999.250 -999.250 -999.250 -999.250 -999.250 -999.250 -999.250 -999.250
10.988 6.061 9.696 16.757 17.614 17.737 19.875 23.069 22.005 21.780 22.352 23.298 23.303 21.748 21.583 22.847 20.370 20.667 17.912 20.292 19.387 16.916 18.217 16.142 16.204 19.548 17.737 20.068 16.628 14.482 15.690 18.646 16.403 17.773 19.797 18.209 19.146 19.802 18.177 18.492 19.687 -999.250 -999.250 -999.250 -999.250 -999.250 -999.250 -999.250 -999.250 -999.250 -999.250 -999.250 -999.250 -999.250 -999.250 -999.250 -999.250 -999.250 -999.250 -999.250 -999.250 -999.250 -999.250 -999.250 -999.250 -999.250 -999.250 -999.250
6.392 5.867 8.305 14.978 18.795 18.027 23.667 25.022 23.842 22.346 24.610 26.712 23.584 25.101 23.182 22.676 25.025 23.499 19.629 21.886 20.001 17.754 17.862 17.426 16.550 18.668 18.997 17.936 17.896 18.901 14.783 17.252 18.201 18.432 18.304 18.680 20.013 19.798 20.502 18.392 20.062 -999.250 -999.250 -999.250 -999.250 -999.250 -999.250 -999.250 -999.250 -999.250 -999.250 -999.250 -999.250 -999.250 -999.250 -999.250 -999.250 -999.250 -999.250 -999.250 -999.250 -999.250 -999.250 -999.250 -999.250 -999.250 -999.250 -999.250
7.420 3.208 6.710 13.531 18.910 19.631 23.996 23.508 26.651 24.738 26.917 27.311 26.831 28.967 23.791 23.811 24.036 24.471 21.259 20.042 21.519 20.130 19.436 17.750 16.524 14.905 15.074 15.487 16.757 17.508 17.263 16.344 18.610 19.961 19.653 20.966 17.678 20.524 19.759 16.513 19.189 -999.250 -999.250 -999.250 -999.250 -999.250 -999.250 -999.250 -999.250 -999.250 -999.250 -999.250 -999.250 -999.250 -999.250 -999.250 -999.250 -999.250 -999.250 -999.250 -999.250 -999.250 -999.250 -999.250 -999.250 -999.250 -999.250 -999.250
5.014 0.000 6.261 14.949 18.289 22.711 22.396 24.926 27.420 28.123 27.924 26.863 27.285 26.600 26.815 24.779 24.153 22.411 25.343 22.168 22.987 18.748 20.671 19.393 16.983 18.185 16.404 14.783 15.195 18.234 18.052 18.674 18.541 20.051 20.757 19.177 18.745 18.126 20.883 19.652 -999.250 -999.250 -999.250 -999.250 -999.250 -999.250 -999.250 -999.250 -999.250 -999.250 -999.250 -999.250 -999.250 -999.250 -999.250 -999.250 -999.250 -999.250 -999.250 -999.250 -999.250 -999.250 -999.250 -999.250 -999.250 -999.250 -999.250 -999.250
6.706 6.968 10.775 14.097 21.535 22.186 26.755 27.440 29.091 30.738 29.825 31.649 28.178 26.681 27.187 24.452 25.413 25.795 23.588 23.727 21.198 21.488 20.079 20.686 21.031 16.028 14.898 15.635 18.790 19.140 18.768 16.397 17.603 19.394 17.993 19.363 18.216 19.168 19.587 19.681 -999.250 -999.250 -999.250 -999.250 -999.250 -999.250 -999.250 -999.250 -999.250 -999.250 -999.250 -999.250 -999.250 -999.250 -999.250 -999.250 -999.250 -999.250 -999.250 -999.250 -999.250 -999.250 -999.250 -999.250 -999.250 -999.250 -999.250 -999.250
8.382 9.288 17.100 17.345 22.068 23.918 25.262 26.377 28.044 29.720 31.304 27.994 30.074 26.912 25.128 26.508 24.215 25.740 24.503 24.455 21.933 21.467 19.325 19.392 19.083 18.721 14.207 16.854 17.502 16.152 18.932 17.670 23.867 18.890 20.367 17.493 18.858 18.023 18.431 19.272 -999.250 -999.250 -999.250 -999.250 -999.250 -999.250 -999.250 -999.250 -999.250 -999.250 -999.250 -999.250 -999.250 -999.250 -999.250 -999.250 -999.250 -999.250 -999.250 -999.250 -999.250 -999.250 -999.250 -999.250 -999.250 -999.250 -999.250 -999.250
11.999 12.172 15.930 19.096 24.052 22.748 28.579 33.248 30.165 32.335 30.809 31.807 30.745 26.170 24.760 25.120 26.347 25.315 24.031 23.649 24.171 21.698 20.722 20.191 21.795 18.424 16.848 16.681 17.608 16.334 12.734 16.495 15.344 18.598 17.952 17.131 19.321 18.023 17.718 16.401 -999.250 -999.250 -999.250 -999.250 -999.250 -999.250 -999.250 -999.250 -999.250 -999.250 -999.250 -999.250 -999.250 -999.250 -999.250 -999.250 -999.250 -999.250 -999.250 -999.250 -999.250 -999.250 -999.250 -999.250 -999.250 -999.250 -999.250 -999.250
15.679 13.440 16.416 21.584 25.487 28.664 31.230 27.816 30.007 31.017 28.644 29.393 26.196 25.515 25.624 25.317 25.655 21.710 21.801 23.446 22.623 20.713 20.487 20.731 16.417 16.743 16.621 15.589 18.885 16.890 17.413 17.720 14.408 12.145 19.009 15.807 16.247 17.363 13.822 -999.250 -999.250 -999.250 -999.250 -999.250 -999.250 -999.250 -999.250 -999.250 -999.250 -999.250 -999.250 -999.250 -999.250 -999.250 -999.250 -999.250 -999.250 -999.250 -999.250 -999.250 -999.250 -999.250 -999.250 -999.250 -999.250 -999.250 -999.250 -999.250
15.402 18.199 20.261 21.108 23.003 28.668 31.952 27.524 27.505 30.742 29.622 30.259 27.973 25.441 23.743 23.620 23.735 24.078 -999.250 -999.250 -999.250 -999.250 23.523 21.759 15.608 16.624 14.206 -999.250 -999.250 -999.250 -999.250 -999.250 -999.250 -999.250 -999.250 -999.250 -999.250 -999.250 -999.250 -999.250 -999.250 -999.250 -999.250 -999.250 -999.250 -999.250 -999.250 -999.250 -999.250 -999.250 -999.250 -999.250 -999.250 -999.250 -999.250 -999.250 -999.250 -999.250 -999.250 -999.250 -999.250 -999.250 -999.250 -999.250 -999.250 -999.250 -999.250 -999.250
19.092 18.637 21.103 22.037 25.861 26.603 29.667 28.308 26.834 26.042 27.095 27.032 24.855 24.223 23.135 21.427 21.012 22.961 -999.250 -999.250 -999.250 -999.250 -999.250 -999.250 -999.250 -999.250 -999.250 -999.250 -999.250 -999.250 -999.250 -999.250 -999.250 -999.250 -999.250 -999.250 -999.250 -999.250 -999.250 -999.250 -999.250 -999.250 -999.250 -999.250 -999.250 -999.250 -999.250 -999.250 -999.250 -999.250 -999.250 -999.250 -999.250 -999.250 -999.250 -999.250 -999.250 -999.250 -999.250 -999.250 -999.250 -999.250 -999.250 -999.250 -999.250 -999.250 -999.250 -999.250
20.382 21.764 24.345 19.543 20.698 21.172 25.356 24.377 23.616 25.394 23.691 24.285 22.704 23.515 21.002 21.631 22.654 23.245 -999.250 -999.250 -999.250 -999.250 -999.250 -999.250 -999.250 -999.250 -999.250 -999.250 -999.250 -999.250 -999.250 -999.250 -999.250 -999.250 -999.250 -999.250 -999.250 -999.250 -999.250 -999.250 -999.250 -999.250 -999.250 -999.250 -999.250 -999.250 -999.250 -999.250 -999.250 -999.250 -999.250 -999.250 -999.250 -999.250 -999.250 -999.250 -999.250 -999.250 -999.250 -999.250 -999.250 -999.250 -999.250 -999.250 -999.250 -999.250 -999.250 -999.250
22.037 21.789 24.024 22.243 19.905 22.172 19.906 23.614 19.532 21.540 20.866 22.197 21.714 21.607 22.067 20.842 21.472 20.753 20.180 -999.250 -999.250 -999.250 -999.250 -999.250 -999.250 -999.250 -999.250 -999.250 -999.250 -999.250 -999.250 -999.250 -999.250 -999.250 -999.250 -999.250 -999.250 -999.250 -999.250 -999.250 -999.250 -999.250 -999.250 -999.250 -999.250 -999.250 -999.250 -999.250 -999.250 -999.250 -999.250 -999.250 -999.250 -999.250 -999.250 -999.250 -999.250 -999.250 -999.250 -999.250 -999.250 -999.250 -999.250 -999.250 -999.250 -999.250 -999.250 -999.250
19.806 23.309 21.662 23.226 21.993 19.214 23.588 21.022 19.584 21.825 18.215 18.740 19.189 20.052 19.235 16.669 16.630 16.692 17.893 17.558 -999.250 -999.250 -999.250 -999.250 -999.250 -999.250 -999.250 -999.250 -999.250 -999.250 -999.250 -999.250 -999.250 -999.250 -999.250 -999.250 -999.250 -999.250 -999.250 -999.250 -999.250 -999.250 -999.250 -999.250 -999.250 -999.250 -999.250 -999.250 -999.250 -999.250 -999.250 -999.250 -999.250 -999.250 -999.250 -999.250 -999.250 -999.250 -999.250 -999.250 -999.250 -999.250 -999.250 -999.250 -999.250 -999.250 -999.250 -999.250
19.993 21.604 22.159 22.081 23.656 19.215 21.268 17.986 18.178 18.679 17.402 18.081 15.576 15.454 13.469 15.087 13.445 15.753 16.641 15.327 14.184 -999.250 -999.250 -999.250 -999.250 -999.250 -999.250 -999.250 -999.250 -999.250 -999.250 -999.250 -999.250 -999.250 -999.250 -999.250 -999.250 -999.250 -999.250 -999.250 -999.250 -999.250 -999.250 -999.250 -999.250 -999.250 -999.250 -999.250 -999.250 -999.250 -999.250 -999.250 -999.250 -999.250 -999.250 -999.250 -999.250 -999.250 -999.250 -999.250 -999.250 -999.250 -999.250 -999.250 -999.250 -999.250 -999.250 -999.250
20.461 23.058 21.997 20.289 22.696 21.593 20.380 20.200 20.145 13.672 13.514 9.100 12.916 9.959 9.841 9.914 13.936 15.556 13.447 11.505 14.493 -999.250 -999.250 -999.250 -999.250 -999.250 -999.250 -999.250 -999.250 -999.250 -999.250 -999.250 -999.250 -999.250 -999.250 -999.250 -999.250 -999.250 -999.250 -999.250 -999.250 -999.250 -999.250 -999.250 -999.250 -999.250 -999.250 -999.250 -999.250 -999.250 -999.250 -999.250 -999.250 -999.250 -999.250 -999.250 -999.250 -999.250 -999.250 -999.250 -999.250 -999.250 -999.250 -999.250 -999.250 -999.250 -999.250 -999.250
18.518 17.012 18.199 20.693 20.056 18.023 17.616 19.067 13.986 15.351 12.038 11.283 7.665 0.000 7.087 9.298 9.077 12.568 15.033 13.451 9.777 8.360 10.921 -999.250 -999.250 -999.250 -999.250 -999.250 -999.250 -999.250 -999.250 -999.250 -999.250 -999.250 -999.250 -999.250 -999.250 -999.250 -999.250 -999.250 -999.250 -999.250 -999.250 -999.250 -999.250 -999.250 -999.250 -999.250 -999.250 -999.250 -999.250 -999.250 -999.250 -999.250 -999.250 -999.250 -999.250 -999.250 -999.250 -999.250 -999.250 -999.250 -999.250 -999.250 -999.250 -999.250 -999.250 -999.250
16.118 15.854 15.417 16.505 16.273 16.680 16.172 16.224 15.408 15.929 11.806 10.962 6.109 5.444 7.956 9.988 11.031 11.818 12.063 12.509 10.161 10.422 8.144 7.416 -999.250 -999.250 -999.250 -999.250 -999.250 -999.250 -999.250 -999.250 -999.250 -999.250 -999.250 -999.250 -999.250 -999.250 -999.250 -999.250 -999.250 -999.250 -999.250 -999.250 -999.250 -999.250 -999.250 -999.250 -999.250 -999.250 -999.250 -999.250 -999.250 -999.250 -999.250 -999.250 -999.250 -999.250 -999.250 -999.250 -999.250 -999.250 -999.250 -999.250 -999.250 -999.250 -999.250 -999.250
10.452 9.017 12.120 13.565 13.772 14.883 14.766 15.304 13.248 12.106 12.838 7.654 8.061 9.322 5.256 8.740 8.472 11.338 8.558 8.714 5.903 6.384 3.235 7.037 -999.250 -999.250 -999.250 -999.250 -999.250 -999.250 -999.250 -999.250 -999.250 -999.250 -999.250 -999.250 -999.250 -999.250 -999.250 -999.250 -999.250 -999.250 -999.250 -999.250 -999.250 -999.250 -999.250 -999.250 -999.250 -999.250 -999.250 -999.250 -999.250 -999.250 -999.250 -999.250 -999.250 -999.250 -999.250 -999.250 -999.250 -999.250 -999.250 -999.250 -999.250 -999.250 -999.250 -999.250
12.014 0.000 6.255 8.711 10.026 11.654 14.470 15.317 12.028 13.173 11.003 13.385 8.147 7.836 9.225 9.561 14.007 12.626 11.243 7.649 7.234 3.042 0.000 9.833 12.966 16.728 16.852 -999.250 -999.250 -999.250 -999.250 -999.250 -999.250 -999.250 -999.250 -999.250 -999.250 -999.250 -999.250 -999.250 -999.250 -999.250 -999.250 -999.250 -999.250 -999.250 -999.250 -999.250 -999.250 -999.250 -999.250 -999.250 -999.250 -999.250 -999.250 -999.250 -999.250 -999.250 -999.250 -999.250 -999.250 -999.250 -999.250 -999.250 -999.250 -999.250 -999.250 -999.250
12.841 5.391 6.094 13.155 13.708 14.991 15.659 14.083 11.811 13.393 10.912 9.612 11.246 10.847 12.103 9.151 12.271 11.962 12.199 11.436 10.772 10.606 7.599 14.576 19.227 23.636 23.239 23.229 -999.250 -999.250 -999.250 -999.250 -999.250 -999.250 -999.250 -999.250 -999.250 -999.250 -999.250 -999.250 -999.250 -999.250 -999.250 -999.250 -999.250 -999.250 -999.250 -999.250 -999.250 -999.250 -999.250 -999.250 -999.250 -999.250 -999.250 -999.250 -999.250 -999.250 -999.250 -999.250 -999.250 -999.250 -999.250 -999.250 -999.250 -999.250 -999.250 -999.250
