data/medianmodel_21-May-2020.asc
ncols	141
nrows	288
xllcorner	-120191.398
yllcorner	-301404.813
cellsize	2000.000
NODATA_value	-999.250
[rows 124 to 154 of 288, columns 0 to 68 of 141]
-999.250 -999.250 -999.250 -999.250 -999.250 -999.250 -999.250 -999.250 -999.250 -999.250 -999.250 -999.250 -999.250 -999.250 -999.250 -999.250 -999.250 -999.250 -999.250 -999.250 -999.250 -999.250 -999.250 -999.250 3.847 5.104 4.673 5.136 2.668 1.379 6.499 5.192 2.808 5.050 5.206 4.056 2.226 0.259 0.000 0.000 3.423 2.475 4.790 3.188 3.590 0.066 0.000 0.000 0.000 0.883 2.086 7.627 11.919 10.641 13.474 8.786 4.773 0.146 0.000 0.000 0.000 0.000 0.000 0.095 2.551 2.438 1.994 3.162 1.330
-999.250 -999.250 -999.250 -999.250 -999.250 -999.250 -999.250 -999.250 -999.250 -999.250 -999.250 -999.250 -999.250 -999.250 -999.250 -999.250 -999.250 -999.250 -999.250 -999.250 -999.250 -999.250 -999.250 -999.250 1.956 1.612 6.476 4.211 1.545 3.747 3.341 6.445 2.964 5.275 3.484 3.086 1.566 1.587 0.724 2.306 2.143 3.265 5.691 5.958 3.626 2.297 0.024 0.000 0.000 0.673 3.472 7.719 9.971 11.907 17.960 10.595 5.812 3.102 0.941 0.000 0.000 1.083 0.000 0.517 0.025 1.567 1.534 3.097 1.838
-999.250 -999.250 -999.250 -999.250 -999.250 -999.250 -999.250 -999.250 -999.250 -999.250 -999.250 -999.250 -999.250 -999.250 -999.250 -999.250 -999.250 -999.250 -999.250 -999.250 -999.250 -999.250 -999.250 0.314 2.240 3.013 2.128 0.881 2.013 1.531 2.356 3.454 5.309 4.102 3.895 4.898 3.216 2.006 3.576 4.293 6.629 2.854 4.128 5.239 4.271 1.425 0.000 0.000 0.000 1.826 4.189 6.147 10.497 10.359 13.173 7.800 8.299 4.322 2.681 0.219 2.332 0.172 0.000 0.000 0.686 1.945 0.028 1.489 0.936
-999.250 -999.250 -999.250 -999.250 -999.250 -999.250 -999.250 -999.250 -999.250 -999.250 -999.250 -999.250 -999.250 -999.250 -999.250 -999.250 -999.250 -999.250 -999.250 -999.250 -999.250 -999.250 -999.250 0.000 0.088 2.734 2.841 2.084 4.161 1.390 0.982 2.899 1.245 4.388 3.287 3.626 3.323 4.122 4.621 3.073 2.859 4.664 3.574 3.993 5.352 2.119 0.000 0.000 0.000 0.000 3.994 6.701 7.020 8.748 8.134 8.672 7.406 4.772 1.638 1.969 0.938 0.000 0.000 0.000 0.000 0.000 0.831 0.857 3.632
-999.250 -999.250 -999.250 -999.250 -999.250 -999.250 -999.250 -999.250 -999.250 -999.250 -999.250 -999.250 -999.250 -999.250 -999.250 -999.250 -999.250 -999.250 -999.250 -999.250 -999.250 -999.250 -999.250 0.000 0.000 0.000 0.819 3.322 1.903 0.560 1.417 0.843 0.133 0.855 1.722 2.017 2.525 4.056 3.939 3.776 8.719 7.770 4.933 5.149 3.371 1.561 0.219 0.000 0.000 0.000 0.847 3.790 5.216 6.126 8.021 5.535 4.005 6.713 1.141 0.401 0.039 0.000 0.000 0.000 0.000 0.000 0.932 1.855 0.750
-999.250 -999.250 -999.250 -999.250 -999.250 -999.250 -999.250 -999.250 -999.250 -999.250 -999.250 -999.250 -999.250 -999.250 -999.250 -999.250 -999.250 -999.250 -999.250 -999.250 -999.250 -999.250 0.000 0.000 0.000 0.000 0.506 1.760 0.000 0.069 0.000 0.000 1.162 2.541 3.262 1.968 3.588 2.640 2.409 3.857 3.665 6.374 7.042 6.403 6.751 2.602 1.942 0.052 0.000 0.531 2.020 2.117 3.455 5.579 7.758 6.326 5.472 3.454 2.603 0.839 0.082 0.000 0.000 0.000 0.000 0.000 1.206 0.755 0.491
-999.250 -999.250 -999.250 -999.250 -999.250 -999.250 -999.250 -999.250 -999.250 -999.250 -999.250 -999.250 -999.250 -999.250 -999.250 -999.250 -999.250 -999.250 -999.250 -999.250 -999.250 -999.250 0.000 0.000 0.000 0.000 0.249 1.461 0.000 0.000 0.000 0.000 0.000 2.453 1.470 2.359 3.665 2.459 2.833 2.476 2.540 4.839 6.754 3.893 5.485 3.441 1.828 0.854 0.000 0.000 0.389 0.887 1.940 3.724 3.265 5.034 5.205 4.242 1.762 1.391 0.000 0.000 0.000 0.000 0.000 0.000 0.000 0.000 0.046
-999.250 -999.250 -999.250 -999.250 -999.250 -999.250 -999.250 -999.250 -999.250 -999.250 -999.250 -999.250 -999.250 -999.250 -999.250 -999.250 -999.250 -999.250 -999.250 -999.250 -999.250 0.051 0.207 0.000 0.000 0.000 0.000 0.000 0.000 0.000 0.798 0.000 0.826 0.432 1.454 1.423 3.009 2.921 3.983 3.151 5.085 3.331 6.352 3.106 4.649 0.822 2.352 1.344 0.137 0.316 0.000 0.174 1.536 2.047 3.255 1.523 1.925 0.321 0.666 1.301 0.000 0.000 0.000 0.000 0.000 0.113 0.000 0.000 0.000
-999.250 -999.250 -999.250 -999.250 -999.250 -999.250 -999.250 -999.250 -999.250 -999.250 -999.250 -999.250 -999.250 -999.250 -999.250 -999.250 -999.250 -999.250 -999.250 -999.250 -999.250 0.715 0.000 0.000 0.000 0.000 0.000 0.000 0.000 0.000 0.000 0.000 1.835 1.172 2.813 2.167 1.358 2.531 2.564 3.189 3.852 2.817 5.404 4.861 2.895 3.154 3.467 3.571 1.831 0.000 0.000 0.000 0.000 0.805 0.000 0.000 0.000 0.000 0.000 0.000 0.000 0.000 0.000 0.735 1.236 0.000 0.000 0.000 0.000
-999.250 -999.250 -999.250 -999.250 -999.250 -999.250 -999.250 -999.250 -999.250 -999.250 -999.250 -999.250 -999.250 -999.250 -999.250 -999.250 -999.250 -999.250 -999.250 -999.250 -999.250 0.848 1.867 0.000 0.758 0.000 0.000 0.000 0.000 0.000 0.000 0.000 1.661 0.622 2.213 5.689 3.856 5.745 3.815 3.670 3.822 4.899 5.299 4.304 1.867 3.730 1.781 4.328 1.933 0.000 1.011 0.000 0.000 0.000 0.000 0.000 0.000 0.000 0.000 0.000 0.000 0.000 0.000 0.219 0.000 0.385 0.000 0.000 0.000
-999.250 -999.250 -999.250 -999.250 -999.250 -999.250 -999.250 -999.250 -999.250 -999.250 -999.250 -999.250 -999.250 -999.250 -999.250 -999.250 -999.250 -999.250 -999.250 -999.250 1.914 0.458 2.119 4.667 2.772 1.434 0.000 0.000 0.428 0.405 0.000 0.000 0.000 0.615 3.655 6.543 5.483 6.082 2.867 2.307 4.272 5.009 5.504 4.972 3.758 4.089 5.465 5.447 2.729 0.607 0.903 0.000 0.000 0.000 0.000 0.000 0.000 0.000 0.000 0.000 0.000 0.000 0.404 0.082 1.723 0.120 0.258 0.000 0.000
-999.250 -999.250 -999.250 -999.250 -999.250 -999.250 -999.250 -999.250 -999.250 -999.250 -999.250 -999.250 -999.250 -999.250 -999.250 -999.250 -999.250 -999.250 -999.250 -999.250 0.226 1.375 1.381 4.143 1.247 0.833 0.000 1.032 0.583 0.042 0.000 0.000 0.870 0.000 1.984 5.624 3.597 8.644 7.795 5.886 5.254 7.328 4.761 4.414 3.768 7.328 7.250 4.878 3.278 2.892 0.000 0.000 0.000 0.000 0.000 0.000 0.000 0.000 0.000 0.000 0.000 0.000 0.000 0.098 0.000 0.000 0.565 0.799 0.721
-999.250 -999.250 -999.250 -999.250 -999.250 -999.250 -999.250 -999.250 -999.250 -999.250 -999.250 -999.250 -999.250 -999.250 -999.250 -999.250 -999.250 -999.250 -999.250 -999.250 4.706 3.303 1.671 2.072 0.710 1.529 0.001 0.000 0.000 0.000 0.000 0.000 0.090 1.378 1.991 3.203 5.357 6.680 4.517 8.519 10.506 8.988 5.165 4.996 4.084 5.372 5.621 6.029 4.995 1.675 0.650 0.388 0.000 0.000 0.000 0.000 0.000 0.000 0.000 0.000 0.000 0.000 0.000 0.000 0.000 1.722 4.064 3.030 0.348
-999.250 -999.250 -999.250 -999.250 -999.250 -999.250 -999.250 -999.250 -999.250 -999.250 -999.250 -999.250 -999.250 -999.250 -999.250 -999.250 -999.250 -999.250 -999.250 -999.250 0.694 2.344 0.407 3.892 3.492 4.486 1.671 0.000 0.000 0.000 0.000 0.000 0.000 0.000 0.000 2.903 5.759 6.769 9.512 10.456 11.352 10.740 10.284 4.606 3.914 5.456 4.464 4.817 3.424 2.622 0.000 0.345 0.254 0.000 0.000 0.000 0.000 0.000 0.000 0.000 0.000 0.000 0.000 0.000 0.000 0.466 3.102 4.068 6.532
-999.250 -999.250 -999.250 -999.250 -999.250 -999.250 -999.250 -999.250 -999.250 -999.250 -999.250 -999.250 -999.250 -999.250 -999.250 -999.250 -999.250 -999.250 -999.250 0.000 0.000 0.020 1.954 3.127 5.417 2.602 1.000 0.000 0.000 0.000 0.000 0.000 0.000 0.000 0.400 3.855 6.511 7.450 8.418 9.234 9.350 10.726 10.455 6.067 5.988 2.959 2.261 3.466 0.819 0.889 0.212 1.875 0.499 0.000 0.000 0.000 0.000 0.000 0.000 0.000 0.000 0.000 0.000 0.000 0.000 0.542 0.650 2.311 4.241
-999.250 -999.250 -999.250 -999.250 -999.250 -999.250 -999.250 -999.250 -999.250 -999.250 -999.250 -999.250 -999.250 -999.250 -999.250 -999.250 -999.250 -999.250 -999.250 0.000 0.000 0.000 0.465 3.642 2.734 3.641 3.658 0.033 0.000 0.000 0.000 0.000 0.000 1.547 4.000 4.531 7.420 7.471 10.431 10.225 8.941 12.049 8.408 8.154 4.238 3.434 2.525 2.377 0.254 0.000 0.000 0.327 0.000 0.000 0.000 0.000 0.367 0.000 0.000 0.000 0.000 0.000 0.000 0.000 0.000 0.386 0.000 1.557 2.726
-999.250 -999.250 -999.250 -999.250 -999.250 -999.250 -999.250 -999.250 -999.250 -999.250 -999.250 -999.250 -999.250 -999.250 -999.250 -999.250 -999.250 -999.250 -999.250 0.000 0.000 0.000 0.524 3.632 1.971 4.365 3.333 1.675 0.000 0.000 0.000 0.000 0.000 1.292 3.399 6.976 7.416 10.253 9.059 11.595 8.745 10.922 8.102 4.373 2.799 2.101 3.059 0.000 0.000 0.000 0.591 1.091 0.000 0.538 0.256 0.078 0.041 0.153 0.000 0.000 0.000 0.000 0.000 0.000 0.866 1.926 2.279 1.081 1.612
-999.250 -999.250 -999.250 -999.250 -999.250 -999.250 -999.250 -999.250 -999.250 -999.250 -999.250 -999.250 -999.250 -999.250 -999.250 -999.250 -999.250 -999.250 -999.250 0.000 0.000 0.011 2.007 5.291 4.579 4.194 3.859 1.967 1.430 0.000 0.000 0.000 0.016 2.396 2.075 3.659 7.357 6.673 6.764 9.311 5.204 7.464 4.215 4.658 5.177 3.657 1.247 0.000 0.000 0.000 1.746 0.607 0.000 0.000 2.481 0.758 0.000 0.000 0.000 0.000 0.000 0.000 0.000 0.000 0.000 1.170 0.510 1.800 1.929
-999.250 -999.250 -999.250 -999.250 -999.250 -999.250 -999.250 -999.250 -999.250 -999.250 -999.250 -999.250 -999.250 -999.250 -999.250 -999.250 -999.250 -999.250 -999.250 0.000 0.000 1.668 3.906 5.008 8.462 5.095 3.737 2.646 0.308 0.534 0.000 1.335 1.013 2.281 2.680 2.648 4.303 5.914 5.160 6.589 5.728 5.729 4.681 4.773 3.457 2.419 0.290 0.000 0.000 0.000 0.000 0.219 0.000 0.162 1.492 0.511 0.000 0.000 0.000 0.000 0.000 0.000 0.000 0.000 0.000 0.000 0.590 0.000 0.000
-999.250 -999.250 -999.250 -999.250 -999.250 -999.250 -999.250 -999.250 -999.250 -999.250 -999.250 -999.250 -999.250 -999.250 -999.250 -999.250 -999.250 -999.250 0.189 0.000 2.571 4.968 5.814 11.203 10.996 7.507 4.345 1.061 1.375 1.467 2.150 3.995 4.224 2.245 3.270 2.993 4.715 5.400 7.147 6.098 6.181 6.175 6.046 2.971 2.724 2.488 0.000 0.000 0.000 0.000 0.000 0.000 0.000 1.208 0.000 0.164 0.418 0.000 0.000 0.000 0.000 0.000 0.000 0.000 0.000 0.000 0.000 0.000 0.000
-999.250 -999.250 -999.250 -999.250 -999.250 -999.250 -999.250 -999.250 -999.250 -999.250 -999.250 -999.250 -999.250 -999.250 -999.250 -999.250 -999.250 1.355 1.995 1.956 3.490 10.141 10.313 11.468 9.280 7.380 5.505 3.725 4.531 5.310 4.470 6.528 7.421 7.742 5.349 4.780 2.224 6.098 2.934 4.476 3.234 4.737 5.875 3.037 4.440 1.424 0.000 0.000 0.000 0.000 0.000 0.000 0.000 0.061 1.904 0.822 2.150 0.000 0.000 0.000 0.000 0.000 0.000 0.000 0.000 0.000 0.000 0.000 0.313
-999.250 -999.250 -999.250 -999.250 -999.250 -999.250 -999.250 -999.250 -999.250 -999.250 -999.250 -999.250 -999.250 -999.250 -999.250 -999.250 -999.250 2.321 4.081 4.790 6.272 8.037 10.703 9.887 9.495 7.149 7.243 8.867 7.038 5.601 4.956 7.609 7.511 4.916 5.135 3.212 1.845 2.634 6.885 6.580 6.763 5.632 6.675 4.609 5.050 2.793 0.053 0.000 0.000 0.000 0.000 0.000 0.000 0.000 1.717 1.037 0.000 1.896 0.013 0.000 0.000 0.000 0.000 0.000 0.000 0.000 0.000 0.000 0.000
-999.250 -999.250 -999.250 -999.250 -999.250 -999.250 -999.250 -999.250 -999.250 -999.250 -999.250 -999.250 -999.250 -999.250 -999.250 5.312 4.124 5.706 6.463 4.096 7.097 10.809 12.757 13.531 9.715 9.251 5.724 5.060 8.264 7.699 8.614 8.920 10.284 7.394 5.673 4.085 6.553 5.145 5.215 6.734 8.706 11.450 10.881 8.691 7.775 4.742 3.627 0.000 0.000 0.000 0.000 0.000 0.000 0.000 0.000 0.000 2.089 2.847 0.948 0.000 0.000 0.000 0.000 0.727 0.140 0.071 0.545 0.166 0.000
-999.250 -999.250 -999.250 -999.250 -999.250 -999.250 -999.250 -999.250 -999.250 -999.250 -999.250 -999.250 -999.250 -999.250 3.479 6.120 5.866 5.175 5.507 6.933 7.269 7.416 10.041 9.898 8.954 6.996 8.103 7.160 9.986 12.944 8.618 8.157 7.502 7.868 7.589 6.469 5.353 6.171 6.014 6.675 8.602 11.565 11.815 10.423 9.814 10.189 4.811 0.000 0.000 0.000 0.000 0.000 0.000 0.000 0.000 0.034 2.242 1.992 0.545 0.959 0.773 0.176 0.858 0.415 2.029 3.414 2.263 1.104 0.000
-999.250 -999.250 -999.250 -999.250 -999.250 -999.250 -999.250 -999.250 -999.250 -999.250 -999.250 -999.250 -999.250 -999.250 5.448 4.717 3.886 3.108 4.893 5.821 5.787 6.343 8.950 7.809 9.275 11.488 10.261 11.170 11.941 9.642 13.176 11.075 9.473 9.970 9.606 8.660 7.330 7.807 7.513 6.000 9.016 12.052 11.625 11.683 15.010 13.916 6.048 0.000 0.000 0.000 0.000 0.000 0.000 0.000 0.000 1.893 1.254 0.706 0.630 1.565 2.355 1.879 1.727 1.252 2.145 2.636 1.363 0.000 0.000
-999.250 -999.250 -999.250 -999.250 -999.250 -999.250 -999.250 -999.250 -999.250 -999.250 -999.250 -999.250 -999.250 4.198 5.059 4.783 6.947 5.623 5.479 7.470 7.195 5.549 4.885 6.799 8.739 12.873 12.051 12.473 11.900 12.396 12.765 13.263 15.646 12.202 11.052 8.024 7.305 8.541 8.092 5.907 9.366 11.093 13.352 11.800 12.289 11.734 7.698 2.212 0.000 0.000 0.000 0.000 0.000 0.000 0.587 0.000 0.000 0.371 1.480 2.237 3.056 3.291 3.021 4.876 2.315 1.466 0.045 0.000 0.000
-999.250 -999.250 -999.250 -999.250 -999.250 -999.250 -999.250 -999.250 -999.250 -999.250 -999.250 -999.250 5.786 5.334 6.092 8.418 6.633 7.888 8.313 4.683 4.787 4.263 2.706 6.172 8.609 12.190 13.317 10.616 12.733 14.157 15.841 14.187 17.763 12.633 12.724 11.323 8.834 7.777 9.449 10.496 11.020 14.856 11.707 11.059 13.525 11.706 12.639 4.684 0.000 0.473 0.000 0.000 0.000 0.000 0.000 0.625 1.114 0.475 1.032 2.152 4.914 2.834 1.241 3.780 3.727 1.191 0.228 0.000 0.000
-999.250 -999.250 -999.250 -999.250 -999.250 -999.250 -999.250 -999.250 -999.250 -999.250 -999.250 5.923 7.038 5.721 5.755 6.326 8.099 4.785 5.139 4.017 3.760 3.111 8.037 5.058 8.832 10.582 10.370 11.653 13.388 16.617 15.317 13.498 16.426 13.409 16.049 13.087 10.158 10.235 10.072 9.737 11.485 15.124 15.090 13.764 15.282 18.730 12.095 6.452 3.154 3.257 0.000 0.000 0.731 0.000 2.106 0.891 2.487 2.572 2.040 1.019 3.284 4.255 3.322 2.209 2.471 1.948 0.664 0.629 0.397
-999.250 -999.250 -999.250 -999.250 -999.250 -999.250 -999.250 -999.250 -999.250 -999.250 4.124 7.441 4.981 6.588 8.147 7.652 6.735 4.589 1.212 2.721 3.346 1.463 2.019 3.456 8.418 5.395 11.718 9.976 16.123 14.605 16.549 16.631 17.643 15.261 14.828 13.332 12.849 8.999 10.790 9.557 11.879 13.672 11.694 11.073 10.531 9.795 6.981 7.431 2.592 1.651 1.113 2.269 2.729 0.000 3.402 2.432 2.486 2.505 1.615 1.193 1.810 3.035 4.419 1.801 2.409 1.162 1.825 0.000 0.000
-999.250 -999.250 -999.250 -999.250 -999.250 -999.250 -999.250 -999.250 -999.250 1.364 5.756 4.936 7.022 5.721 6.506 8.439 5.757 4.119 1.601 1.926 1.295 1.705 5.099 6.075 6.302 8.250 10.630 10.285 14.154 14.783 17.558 18.754 19.535 17.398 14.614 15.728 10.737 12.535 15.494 17.323 13.280 15.332 13.612 10.681 8.277 6.962 3.394 4.909 3.017 3.119 2.437 3.648 3.216 3.375 4.888 3.084 3.891 4.130 2.319 2.896 2.255 4.245 2.464 3.574 1.591 0.355 1.119 0.630 0.000
-999.250 -999.250 -999.250 -999.250 -999.250 0.000 0.000 0.000 0.000 1.878 3.563 5.502 6.722 6.706 7.230 6.481 4.911 4.333 2.431 3.044 3.021 2.628 4.268 6.109 6.954 9.658 11.404 14.185 15.153 17.101 15.933 19.779 24.375 21.454 19.453 20.236 18.845 15.889 14.670 13.607 14.627 15.003 11.039 10.669 5.712 2.826 0.000 0.000 1.035 0.867 5.018 4.283 5.001 2.110 4.178 0.781 2.475 3.487 2.264 2.057 1.478 4.075 3.759 4.412 2.801 2.518 1.931 0.273 0.000
