data/medianmodel_25-Oct-2020.asc
ncols	141
nrows	288
xllcorner	-120191.398
yllcorner	-301404.813
cellsize	2000.000
NODATA_value	-999.250
[rows 120 to 149 of 288, columns 0 to 65 of 141]
-999.250 -999.250 -999.250 -999.250 -999.250 -999.250 -999.250 -999.250 -999.250 -999.250 -999.250 -999.250 -999.250 -999.250 -999.250 -999.250 -999.250 -999.250 -999.250 -999.250 -999.250 -999.250 -999.250 -999.250 -999.250 -999.250 67.541 66.755 74.257 73.249 88.560 88.879 86.604 75.980 69.530 58.984 66.105 56.570 52.852 51.769 45.892 41.529 35.155 31.926 36.391 33.699 28.737 21.671 33.037 37.089 40.158 41.293 32.540 28.989 21.796 26.512 30.558 36.735 37.040 43.589 48.904 49.559 49.710 50.258 45.836 40.771
-999.250 -999.250 -999.250 -999.250 -999.250 -999.250 -999.250 -999.250 -999.250 -999.250 -999.250 -999.250 -999.250 -999.250 -999.250 -999.250 -999.250 -999.250 -999.250 -999.250 -999.250 -999.250 -999.250 -999.250 -999.250 60.901 58.848 60.326 66.041 74.358 80.543 81.076 73.212 77.697 70.443 63.049 60.702 54.845 50.261 49.782 46.806 42.267 41.662 38.724 49.852 43.618 44.317 41.372 48.392 54.182 61.340 51.969 48.417 36.032 25.433 26.247 28.616 31.793 29.326 42.362 51.659 51.122 45.687 49.263 46.853 42.801
-999.250 -999.250 -999.250 -999.250 -999.250 -999.250 -999.250 -999.250 -999.250 -999.250 -999.250 -999.250 -999.250 -999.250 -999.250 -999.250 -999.250 -999.250 -999.250 -999.250 -999.250 -999.250 -999.250 -999.250 -999.250 70.177 63.960 57.650 60.049 77.056 70.680 74.145 64.610 65.721 59.688 62.463 57.448 51.033 49.956 50.896 48.849 54.302 62.911 63.830 76.469 84.545 90.362 74.757 92.293 94.873 88.022 87.172 72.926 45.048 39.929 28.630 28.573 26.252 32.861 42.531 46.544 46.534 48.977 51.629 43.504 39.598
-999.250 -999.250 -999.250 -999.250 -999.250 -999.250 -999.250 -999.250 -999.250 -999.250 -999.250 -999.250 -999.250 -999.250 -999.250 -999.250 -999.250 -999.250 -999.250 -999.250 -999.250 -999.250 -999.250 -999.250 -999.250 70.016 67.381 70.555 70.569 71.772 67.790 71.013 55.188 55.641 58.805 58.195 55.268 45.717 42.751 50.555 63.603 78.257 90.976 104.947 124.580 145.456 159.318 153.759 165.789 146.805 153.192 145.164 97.512 63.019 47.736 36.321 26.013 27.793 32.898 37.470 48.456 46.497 51.761 48.162 43.456 45.096
-999.250 -999.250 -999.250 -999.250 -999.250 -999.250 -999.250 -999.250 -999.250 -999.250 -999.250 -999.250 -999.250 -999.250 -999.250 -999.250 -999.250 -999.250 -999.250 -999.250 -999.250 -999.250 -999.250 -999.250 76.423 69.297 62.759 69.111 68.226 59.074 67.711 61.565 61.412 58.077 56.965 57.184 49.759 44.724 48.303 71.095 75.526 97.793 115.079 150.676 171.646 216.731 234.661 245.103 260.806 231.600 221.906 192.614 154.088 92.529 57.786 41.597 34.696 32.598 37.279 43.496 53.793 59.912 53.191 53.191 47.595 44.768
-999.250 -999.250 -999.250 -999.250 -999.250 -999.250 -999.250 -999.250 -999.250 -999.250 -999.250 -999.250 -999.250 -999.250 -999.250 -999.250 -999.250 -999.250 -999.250 -999.250 -999.250 -999.250 -999.250 -999.250 69.974 74.401 67.475 76.966 61.676 63.039 57.876 60.367 60.456 52.767 54.096 56.103 53.421 55.937 72.020 78.792 96.978 122.414 145.964 190.869 233.779 277.949 331.781 372.541 420.715 373.890 309.985 252.570 187.816 134.696 71.839 54.179 44.098 44.093 43.490 49.347 51.859 60.961 61.911 66.578 65.904 51.240
-999.250 -999.250 -999.250 -999.250 -999.250 -999.250 -999.250 -999.250 -999.250 -999.250 -999.250 -999.250 -999.250 -999.250 -999.250 -999.250 -999.250 -999.250 -999.250 -999.250 -999.250 -999.250 -999.250 85.841 82.552 79.840 71.604 65.938 76.497 69.967 63.154 54.322 58.178 54.847 56.887 54.181 68.421 64.757 82.024 103.205 132.972 165.666 220.049 233.550 270.686 346.297 447.325 517.539 526.691 462.031 379.667 361.284 229.403 167.647 112.956 82.071 58.208 51.741 45.086 53.124 53.836 65.083 73.840 73.078 71.946 67.511
-999.250 -999.250 -999.250 -999.250 -999.250 -999.250 -999.250 -999.250 -999.250 -999.250 -999.250 -999.250 -999.250 -999.250 -999.250 -999.250 -999.250 -999.250 -999.250 -999.250 -999.250 -999.250 -999.250 88.083 80.308 70.515 75.632 72.875 65.221 82.869 72.847 71.718 62.735 54.652 57.353 50.715 58.132 73.610 101.497 126.760 142.802 179.729 218.515 269.718 365.916 449.384 577.074 685.549 642.134 603.187 461.594 377.684 293.664 218.422 156.183 104.556 69.549 58.246 49.943 53.882 60.501 68.933 74.683 75.776 77.608 69.629
-999.250 -999.250 -999.250 -999.250 -999.250 -999.250 -999.250 -999.250 -999.250 -999.250 -999.250 -999.250 -999.250 -999.250 -999.250 -999.250 -999.250 -999.250 -999.250 -999.250 -999.250 -999.250 -999.250 87.069 68.734 63.819 76.230 74.938 66.000 76.998 69.887 75.250 72.835 56.827 63.822 60.938 79.086 92.785 106.201 152.874 175.079 238.094 283.043 324.257 403.953 529.719 680.850 776.529 803.395 640.018 530.893 404.964 350.796 234.814 181.372 113.728 85.647 66.166 54.412 59.530 63.714 70.976 82.322 86.240 87.373 84.783
-999.250 -999.250 -999.250 -999.250 -999.250 -999.250 -999.250 -999.250 -999.250 -999.250 -999.250 -999.250 -999.250 -999.250 -999.250 -999.250 -999.250 -999.250 -999.250 -999.250 -999.250 -999.250 94.294 87.088 74.239 64.896 64.419 76.874 75.597 86.924 76.682 84.078 76.835 73.430 73.569 72.371 83.325 88.417 103.780 142.458 174.294 222.224 253.495 384.629 408.844 533.621 671.174 727.964 716.102 664.929 534.385 430.964 313.862 219.751 154.540 108.915 77.291 66.031 57.416 60.684 61.637 81.993 83.970 92.061 90.317 93.926
-999.250 -999.250 -999.250 -999.250 -999.250 -999.250 -999.250 -999.250 -999.250 -999.250 -999.250 -999.250 -999.250 -999.250 -999.250 -999.250 -999.250 -999.250 -999.250 -999.250 -999.250 -999.250 90.688 85.257 79.259 74.377 78.807 85.599 95.863 83.542 96.766 95.266 85.537 90.877 87.949 89.160 81.240 85.642 112.386 138.614 173.116 220.721 270.899 299.394 407.021 476.180 603.342 622.311 630.874 571.810 426.890 335.049 262.327 194.678 148.942 103.308 72.890 66.238 56.025 54.703 63.351 70.756 81.744 84.787 87.624 87.633
-999.250 -999.250 -999.250 -999.250 -999.250 -999.250 -999.250 -999.250 -999.250 -999.250 -999.250 -999.250 -999.250 -999.250 -999.250 -999.250 -999.250 -999.250 -999.250 -999.250 -999.250 94.537 95.164 94.063 90.890 92.355 88.002 94.538 107.703 111.992 110.165 115.150 109.563 95.254 87.193 88.347 104.573 87.505 102.429 130.649 177.769 200.404 254.315 273.033 331.766 418.315 495.597 524.115 519.662 441.447 414.082 298.046 220.717 162.090 128.396 101.526 63.491 53.019 48.917 56.007 57.050 62.367 77.362 87.074 89.320 85.036
-999.250 -999.250 -999.250 -999.250 -999.250 -999.250 -999.250 -999.250 -999.250 -999.250 -999.250 -999.250 -999.250 -999.250 -999.250 -999.250 -999.250 -999.250 -999.250 -999.250 -999.250 95.376 97.150 99.898 102.378 102.737 95.734 111.101 115.406 125.730 127.835 131.715 118.504 109.376 95.783 93.415 96.590 93.751 110.317 136.826 157.106 201.784 228.850 257.298 308.030 363.510 404.548 401.854 398.799 398.289 290.203 220.330 169.033 116.770 89.047 67.681 53.740 45.884 47.916 50.885 53.150 69.659 70.240 75.692 84.532 79.084
-999.250 -999.250 -999.250 -999.250 -999.250 -999.250 -999.250 -999.250 -999.250 -999.250 -999.250 -999.250 -999.250 -999.250 -999.250 -999.250 -999.250 -999.250 -999.250 -999.250 -999.250 111.554 105.473 96.116 105.696 112.879 114.424 137.202 133.586 144.882 143.872 148.580 143.778 124.278 129.417 104.479 102.739 107.553 114.840 137.381 156.810 158.253 203.920 235.072 233.056 263.724 304.843 278.399 297.094 264.892 221.012 174.212 139.274 85.405 60.360 49.523 47.134 40.633 43.155 50.562 51.805 57.487 73.440 75.291 74.405 71.410
-999.250 -999.250 -999.250 -999.250 -999.250 -999.250 -999.250 -999.250 -999.250 -999.250 -999.250 -999.250 -999.250 -999.250 -999.250 -999.250 -999.250 -999.250 -999.250 -999.250 90.346 105.556 107.523 108.183 120.404 124.967 133.699 144.624 161.006 163.186 171.796 185.467 170.736 159.537 136.217 128.353 108.201 105.275 117.214 143.176 138.952 134.556 173.123 178.181 213.312 199.019 216.804 222.471 227.177 200.275 196.648 141.156 75.386 55.841 44.754 33.348 30.714 39.759 41.159 55.503 56.038 62.195 73.605 73.508 81.472 80.248
-999.250 -999.250 -999.250 -999.250 -999.250 -999.250 -999.250 -999.250 -999.250 -999.250 -999.250 -999.250 -999.250 -999.250 -999.250 -999.250 -999.250 -999.250 -999.250 -999.250 103.402 108.911 107.935 111.262 116.167 117.865 133.808 158.785 178.444 199.911 205.877 212.347 198.411 178.627 176.360 132.878 107.266 111.529 110.208 125.453 121.473 125.144 145.702 139.462 159.766 161.015 177.032 182.961 173.206 138.148 125.522 83.992 47.303 37.902 27.017 21.744 31.007 39.656 43.118 54.512 57.329 63.311 74.362 80.929 80.484 76.117
-999.250 -999.250 -999.250 -999.250 -999.250 -999.250 -999.250 -999.250 -999.250 -999.250 -999.250 -999.250 -999.250 -999.250 -999.250 -999.250 -999.250 -999.250 -999.250 -999.250 111.294 114.185 105.735 119.191 112.469 124.868 139.409 177.885 193.519 220.947 238.022 234.547 205.914 209.946 185.004 134.972 118.326 121.791 117.409 114.874 113.179 106.735 111.478 120.101 130.157 150.960 133.253 150.417 126.649 100.552 86.299 49.228 36.996 21.394 14.567 21.804 29.466 38.452 49.794 57.982 64.530 61.676 73.146 78.215 75.227 78.295
-999.250 -999.250 -999.250 -999.250 -999.250 -999.250 -999.250 -999.250 -999.250 -999.250 -999.250 -999.250 -999.250 -999.250 -999.250 -999.250 -999.250 -999.250 -999.250 -999.250 129.849 122.773 132.154 124.805 129.338 134.497 125.608 171.051 214.124 232.867 300.695 246.322 213.707 200.724 151.619 132.841 139.245 132.071 122.662 111.960 97.630 108.193 105.758 98.659 98.815 118.511 111.992 94.385 97.326 71.249 56.594 40.982 22.734 20.139 18.783 23.109 34.416 44.900 50.200 60.187 64.113 70.873 74.712 67.422 66.436 76.963
-999.250 -999.250 -999.250 -999.250 -999.250 -999.250 -999.250 -999.250 -999.250 -999.250 -999.250 -999.250 -999.250 -999.250 -999.250 -999.250 -999.250 -999.250 -999.250 131.680 133.037 127.371 118.883 114.831 112.112 112.978 132.688 163.805 171.687 214.010 211.525 227.916 223.671 190.398 179.656 159.996 158.671 133.084 116.883 106.797 96.411 97.491 102.869 93.958 91.242 99.913 109.907 89.845 68.170 55.103 46.246 34.251 29.322 22.749 18.638 30.842 43.059 45.009 48.891 52.717 56.535 69.298 70.657 60.274 62.543 60.155
-999.250 -999.250 -999.250 -999.250 -999.250 -999.250 -999.250 -999.250 -999.250 -999.250 -999.250 -999.250 -999.250 -999.250 -999.250 -999.250 -999.250 -999.250 -999.250 127.745 131.397 127.519 110.213 112.845 106.380 124.445 122.843 155.678 149.309 148.943 174.554 193.792 180.822 175.417 171.674 163.099 132.080 126.702 114.936 101.753 102.912 112.207 106.785 96.536 88.481 90.970 96.817 83.207 58.669 49.352 46.369 35.866 29.772 33.609 34.966 35.937 49.105 47.341 49.499 54.934 55.055 54.060 59.819 54.916 56.872 54.352
-999.250 -999.250 -999.250 -999.250 -999.250 -999.250 -999.250 -999.250 -999.250 -999.250 -999.250 -999.250 -999.250 -999.250 -999.250 -999.250 -999.250 -999.250 -999.250 130.114 134.133 121.610 107.803 98.420 97.754 91.484 106.215 113.935 128.897 122.061 116.004 143.834 165.889 163.316 157.943 161.144 146.837 138.725 118.812 116.748 106.816 110.876 107.172 106.881 112.748 98.520 92.655 84.531 67.046 52.163 50.987 41.172 38.557 38.512 46.616 41.996 47.107 50.460 61.930 58.893 52.367 52.360 49.567 50.893 50.321 53.372
-999.250 -999.250 -999.250 -999.250 -999.250 -999.250 -999.250 -999.250 -999.250 -999.250 -999.250 -999.250 -999.250 -999.250 -999.250 -999.250 -999.250 -999.250 -999.250 127.408 119.356 111.775 97.206 76.372 82.606 87.339 89.693 102.822 101.573 107.946 115.672 124.589 143.392 155.567 147.336 143.353 157.405 143.316 117.812 117.019 112.523 112.944 107.703 108.648 107.345 103.848 105.884 89.854 73.473 74.546 57.552 51.078 53.436 51.635 49.885 53.817 55.220 65.764 64.047 58.648 55.101 51.173 48.575 46.971 42.417 50.915
-999.250 -999.250 -999.250 -999.250 -999.250 -999.250 -999.250 -999.250 -999.250 -999.250 -999.250 -999.250 -999.250 -999.250 -999.250 -999.250 -999.250 -999.250 -999.250 122.737 107.086 102.080 85.526 73.049 64.534 68.802 68.069 82.663 102.600 91.165 92.187 106.912 121.756 127.876 134.615 143.539 140.115 135.191 133.377 107.348 115.948 109.659 119.305 110.404 113.375 126.861 112.237 97.086 80.384 78.727 74.432 68.767 62.301 66.300 62.441 58.883 74.350 79.767 68.957 73.833 62.811 56.490 50.468 38.672 31.913 46.341
-999.250 -999.250 -999.250 -999.250 -999.250 -999.250 -999.250 -999.250 -999.250 -999.250 -999.250 -999.250 -999.250 -999.250 -999.250 -999.250 -999.250 -999.250 122.214 114.283 105.235 89.170 74.465 59.752 55.215 54.764 62.745 65.493 73.090 89.651 87.057 97.498 104.197 122.247 142.566 130.874 134.419 131.063 141.286 128.547 133.452 137.726 131.826 124.677 127.350 117.866 104.483 110.800 101.422 90.212 87.942 86.356 84.703 95.249 88.914 77.018 79.550 80.232 78.580 76.958 72.662 55.312 53.454 44.002 37.470 41.924
-999.250 -999.250 -999.250 -999.250 -999.250 -999.250 -999.250 -999.250 -999.250 -999.250 -999.250 -999.250 -999.250 -999.250 -999.250 -999.250 -999.250 111.693 117.064 109.420 88.410 68.595 66.672 64.824 56.542 56.497 68.600 63.955 69.972 84.075 83.303 84.614 100.652 118.153 123.755 122.544 131.745 126.021 120.976 129.733 155.030 156.723 132.497 148.153 122.832 114.126 112.009 106.633 108.774 102.744 99.572 102.704 101.551 93.909 100.682 94.469 84.713 80.040 81.886 80.192 76.373 61.176 60.205 43.072 39.592 44.905
-999.250 -999.250 -999.250 -999.250 -999.250 -999.250 -999.250 -999.250 -999.250 -999.250 -999.250 -999.250 -999.250 -999.250 -999.250 -999.250 -999.250 104.756 107.666 99.002 82.637 74.424 69.338 63.466 54.055 56.087 58.782 63.367 65.774 71.741 87.128 76.079 88.678 92.494 105.002 113.976 117.708 112.519 133.264 143.396 161.209 160.129 161.871 154.752 134.303 122.978 107.004 112.671 110.668 115.523 125.088 122.190 128.725 131.316 120.535 111.701 100.823 93.521 96.790 85.005 74.595 73.259 54.609 50.966 43.460 47.940
-999.250 -999.250 -999.250 -999.250 -999.250 -999.250 -999.250 -999.250 -999.250 -999.250 -999.250 -999.250 -999.250 -999.250 -999.250 122.427 92.001 98.131 96.173 84.616 76.540 80.618 69.813 64.507 52.396 59.599 60.177 56.176 61.712 73.617 72.656 78.068 73.652 90.913 100.050 101.826 109.255 115.364 126.980 142.979 159.428 171.757 184.798 173.890 158.895 144.074 124.062 113.574 103.940 123.408 124.942 148.777 143.329 162.929 151.312 128.128 117.775 93.937 94.651 82.566 80.908 82.915 65.508 55.680 47.055 44.461
-999.250 -999.250 -999.250 -999.250 -999.250 -999.250 -999.250 -999.250 -999.250 -999.250 -999.250 -999.250 -999.250 -999.250 115.557 110.920 104.350 84.269 80.757 84.064 76.649 67.458 83.548 60.307 64.126 61.588 60.733 66.748 69.146 67.588 80.039 77.339 88.496 99.366 92.218 95.732 97.947 106.501 113.524 147.093 165.453 167.910 162.580 175.003 170.447 165.292 130.362 104.040 102.112 116.465 129.756 161.924 185.662 198.511 169.588 152.818 118.424 103.263 90.005 80.467 86.065 82.807 64.766 51.587 51.525 47.358
-999.250 -999.250 -999.250 -999.250 -999.250 -999.250 -999.250 -999.250 -999.250 -999.250 -999.250 -999.250 -999.250 -999.250 98.520 96.677 94.123 79.064 84.020 79.276 80.368 92.238 89.405 66.467 70.918 62.129 64.611 73.260 73.557 73.340 76.625 89.539 99.402 96.894 99.982 95.054 92.721 101.491 114.496 137.292 139.475 155.659 159.042 180.997 185.966 190.185 133.421 93.821 98.299 104.263 142.636 165.409 180.283 191.682 176.263 152.806 131.024 108.760 101.388 82.814 82.299 74.529 64.294 54.646 51.657 62.891
-999.250 -999.250 -999.250 -999.250 -999.250 -999.250 -999.250 -999.250 -999.250 -999.250 -999.250 -999.250 -999.250 103.856 84.862 84.228 95.920 86.488 80.599 78.208 86.356 70.433 75.129 76.525 76.311 70.986 80.440 73.659 82.886 82.809 82.171 101.119 102.194 102.900 93.986 96.933 99.760 100.195 103.528 114.644 125.054 140.226 136.792 154.840 161.427 149.488 117.054 100.894 99.669 124.874 137.099 163.187 168.739 175.972 164.125 168.483 135.837 121.126 96.445 93.750 83.501 78.306 70.010 54.593 53.200 58.634
