data/medianmodel_26-Sep-2020.asc
ncols	141
nrows	288
xllcorner	-120191.398
yllcorner	-301404.813
cellsize	2000.000
NODATA_value	-999.250
[rows 180 to 209 of 288, columns 0 to 66 of 141]
-999.250 -999.250 -999.250 93.796 94.815 103.202 101.063 109.253 105.571 111.966 111.327 105.769 109.675 115.366 117.090 121.092 122.160 129.102 119.704 124.378 119.484 110.863 107.363 102.303 100.474 92.379 91.677 86.277 90.153 85.596 82.942 72.770 67.114 64.346 60.772 53.874 51.168 47.115 48.018 42.955 45.004 45.006 41.172 46.539 44.472 43.068 42.681 41.834 35.457 32.197 29.356 31.318 28.823 28.221 28.855 29.702 26.383 28.449 26.020 28.880 28.781 29.775 30.365 30.912 31.594 37.205 35.290
-999.250 -999.250 -999.250 97.130 102.724 113.004 109.116 115.560 120.352 122.071 118.462 115.855 121.533 119.508 121.326 126.556 134.428 129.182 126.603 122.257 112.879 107.279 110.406 101.353 96.472 92.974 91.309 91.934 91.838 88.297 83.802 75.476 72.242 65.143 59.622 57.065 51.050 51.404 44.887 46.383 45.745 47.742 51.126 45.775 42.337 44.275 41.271 39.958 36.443 33.264 31.661 31.566 29.803 29.911 28.578 29.718 29.750 30.033 30.436 31.286 32.846 32.587 34.863 33.673 34.801 34.968 37.438
-999.250 -999.250 96.211 111.183 113.104 122.277 116.533 124.050 132.607 131.438 121.077 129.660 128.393 127.861 133.160 136.682 137.897 137.679 135.911 127.727 116.951 110.230 102.972 106.236 97.510 94.030 88.842 93.011 93.730 94.387 85.273 78.116 71.988 63.099 56.873 57.038 48.482 45.650 46.981 41.903 41.817 45.969 46.904 46.515 36.693 41.605 40.929 35.180 32.761 36.450 35.747 34.398 29.940 31.501 31.783 30.298 33.528 33.039 33.145 33.536 32.749 33.977 36.401 35.860 35.917 36.813 42.780
-999.250 -999.250 106.050 120.712 117.223 120.913 122.606 137.920 137.770 140.855 134.111 140.790 135.783 147.040 139.330 144.534 140.080 151.597 127.524 128.137 -999.250 113.893 98.953 103.890 100.118 93.453 90.636 89.891 91.124 98.033 89.276 82.190 74.444 66.255 60.254 52.917 49.214 46.932 48.466 42.046 37.882 40.307 38.606 41.093 39.174 35.231 38.748 35.130 35.477 37.072 40.027 33.869 35.140 31.251 34.634 34.375 35.074 36.867 34.987 34.012 33.772 34.745 39.468 39.289 42.070 50.210 49.220
-999.250 101.821 121.522 120.324 121.267 126.370 135.566 146.152 147.648 151.683 147.895 143.314 138.770 139.381 146.328 157.517 167.535 159.438 145.010 -999.250 -999.250 111.975 100.862 95.022 91.200 92.323 86.666 88.540 87.127 90.403 87.571 80.657 71.018 65.143 56.457 58.317 51.110 46.205 48.024 37.670 35.891 36.147 35.125 37.776 40.066 38.452 36.708 34.035 37.953 42.883 38.549 36.604 37.225 37.237 37.408 37.813 41.089 41.915 44.906 40.707 39.907 44.567 43.624 47.822 46.523 51.086 58.529
-999.250 112.181 123.596 124.707 129.072 132.501 147.454 143.483 160.881 163.497 156.091 151.658 157.646 156.402 158.864 167.412 167.720 158.969 -999.250 -999.250 -999.250 -999.250 99.172 96.136 90.318 88.338 87.883 86.382 85.078 87.865 86.263 82.143 78.151 65.484 58.848 56.018 45.493 39.785 39.749 37.765 36.534 35.900 38.232 35.269 33.773 32.900 34.686 32.510 37.400 41.692 40.151 36.887 40.632 41.038 40.218 46.554 42.060 45.671 52.909 53.210 48.302 50.849 53.765 47.618 58.781 59.895 64.398
98.685 109.723 129.077 131.999 131.670 140.127 157.258 153.945 157.924 175.778 170.853 171.312 165.764 163.525 163.907 173.846 178.406 167.955 -999.250 -999.250 -999.250 -999.250 -999.250 93.306 88.298 84.678 85.025 82.701 85.827 85.059 84.706 81.451 76.568 67.550 58.725 55.289 44.919 43.545 38.603 33.661 31.893 32.195 33.889 31.505 31.900 29.496 33.181 33.887 37.809 41.446 39.983 39.339 42.420 43.918 44.749 42.831 46.760 52.735 54.880 59.716 61.379 54.575 54.206 56.196 62.243 68.141 67.535
-999.250 129.520 134.443 135.823 145.281 144.511 154.045 163.678 162.257 170.782 164.096 172.639 184.133 169.491 172.866 193.378 181.237 164.300 -999.250 -999.250 -999.250 -999.250 95.243 91.003 83.412 81.530 78.412 83.568 86.460 81.884 82.719 79.266 75.518 68.715 59.217 49.780 46.913 38.799 36.062 34.329 31.228 31.946 31.502 29.495 28.301 28.992 28.094 29.622 34.461 36.239 36.194 43.825 45.450 52.453 53.307 51.397 61.029 60.262 60.906 61.355 59.683 59.587 60.766 63.079 65.469 72.171 74.115
-999.250 128.105 139.646 141.424 145.650 149.936 161.934 157.469 160.157 165.879 166.555 176.380 175.292 166.244 169.031 195.480 177.369 152.779 -999.250 -999.250 -999.250 99.129 -999.250 87.525 81.688 82.105 84.977 85.059 84.185 83.478 81.499 74.392 73.793 66.268 62.025 55.704 49.056 42.159 41.577 34.870 31.559 28.390 30.218 28.394 26.216 28.462 29.887 30.561 32.246 37.640 43.579 50.212 49.582 62.447 58.071 69.894 64.742 62.635 69.614 65.270 60.816 64.420 65.553 67.897 69.398 73.016 72.725
-999.250 125.994 134.562 147.892 149.868 152.419 154.865 152.190 164.753 159.598 174.888 173.218 175.993 171.848 175.966 176.007 162.893 -999.250 -999.250 -999.250 -999.250 91.085 83.838 80.390 80.991 81.070 82.018 84.450 87.440 84.452 77.599 74.726 67.852 65.131 65.101 54.063 42.001 37.489 33.764 31.972 33.605 31.104 26.405 28.591 27.118 25.891 29.227 31.228 34.388 34.942 39.622 46.388 54.835 59.032 64.399 68.232 71.773 70.111 68.995 67.729 66.156 67.468 68.755 69.870 71.493 74.159 73.288
-999.250 127.044 134.893 156.361 158.980 148.479 146.343 166.385 153.340 163.144 174.471 186.576 172.185 164.514 167.321 165.747 147.996 -999.250 -999.250 -999.250 106.401 86.989 67.692 77.777 81.174 81.820 87.358 88.234 90.969 83.007 80.376 73.975 66.127 63.748 54.062 48.146 42.912 36.603 34.959 32.333 29.755 28.432 28.104 26.727 24.763 23.800 27.922 29.818 34.533 36.250 41.356 49.316 52.613 60.867 66.298 74.630 71.492 70.930 73.784 72.457 71.344 70.447 73.235 69.538 71.952 76.772 78.999
-999.250 -999.250 -999.250 141.538 -999.250 -999.250 146.604 148.468 151.383 -999.250 -999.250 -999.250 162.320 151.079 -999.250 -999.250 -999.250 -999.250 -999.250 -999.250 107.633 95.193 90.994 86.385 86.898 90.064 89.326 88.441 84.498 80.500 76.279 74.317 68.270 58.647 53.627 44.275 41.703 40.573 31.723 27.731 26.843 28.656 25.592 24.699 23.807 24.951 27.529 29.301 36.177 38.196 45.013 50.291 59.169 63.956 70.722 75.616 83.524 80.875 80.274 72.505 68.513 67.662 69.243 68.138 72.041 77.245 80.473
-999.250 -999.250 -999.250 -999.250 -999.250 -999.250 -999.250 -999.250 -999.250 -999.250 -999.250 -999.250 -999.250 145.244 138.243 128.852 -999.250 -999.250 -999.250 115.873 118.358 115.261 114.553 100.770 96.896 94.505 91.713 91.137 85.641 78.127 70.483 70.299 63.845 57.433 56.479 46.605 42.337 36.258 30.195 29.285 27.760 27.381 25.691 23.733 23.085 26.655 28.267 28.693 34.950 40.487 45.491 53.862 59.221 66.696 76.038 80.971 86.966 83.162 84.551 76.133 72.203 67.400 66.413 66.562 72.770 72.402 78.936
-999.250 -999.250 -999.250 -999.250 -999.250 -999.250 -999.250 -999.250 -999.250 -999.250 -999.250 130.077 126.610 122.763 113.942 119.499 -999.250 -999.250 108.735 114.442 127.150 136.781 124.371 115.556 105.539 96.053 92.420 90.459 82.865 79.222 71.601 66.675 58.636 54.047 48.823 44.049 38.645 33.997 31.680 27.934 25.496 26.581 26.808 26.610 24.116 27.486 29.073 30.560 34.663 37.301 44.445 52.605 58.057 71.389 75.186 87.900 95.865 88.453 83.193 77.199 71.087 66.774 67.134 71.611 69.858 65.755 69.119
-999.250 -999.250 -999.250 -999.250 -999.250 -999.250 -999.250 -999.250 -999.250 -999.250 -999.250 117.587 112.859 110.540 108.380 111.245 106.699 111.125 113.826 119.432 133.184 163.026 147.425 122.597 105.481 101.147 96.469 87.941 83.754 72.261 66.069 66.107 59.602 56.507 49.281 41.054 37.707 35.392 31.863 28.823 25.475 26.230 24.852 24.120 26.492 26.890 29.220 30.560 36.866 39.813 45.418 50.329 59.635 69.228 71.489 78.678 88.106 86.192 80.782 73.546 69.528 64.968 63.842 67.652 68.956 66.961 74.150
-999.250 -999.250 -999.250 -999.250 -999.250 -999.250 -999.250 -999.250 -999.250 -999.250 -999.250 -999.250 105.215 104.436 102.900 105.096 109.090 106.081 106.997 112.530 126.986 140.605 133.391 124.494 103.590 98.544 92.494 87.344 80.840 71.251 69.386 60.455 55.850 52.801 52.416 45.603 38.568 36.340 30.712 28.714 27.175 27.135 23.367 25.459 26.607 26.954 28.751 31.988 37.467 40.932 42.334 49.752 59.926 67.360 70.104 77.024 75.713 77.283 72.575 71.242 61.888 60.028 59.285 58.886 65.075 66.037 72.139
-999.250 -999.250 -999.250 -999.250 -999.250 -999.250 -999.250 -999.250 -999.250 -999.250 -999.250 -999.250 -999.250 95.853 100.447 96.898 100.938 102.464 101.614 108.467 118.102 117.443 119.797 111.230 97.300 91.881 91.203 82.369 77.326 74.456 68.323 61.051 59.817 52.114 56.543 51.296 40.154 34.057 30.524 28.758 28.431 24.838 24.323 25.633 25.911 25.941 29.763 30.794 34.654 36.815 45.920 49.664 51.305 56.740 65.587 66.340 67.827 68.047 67.830 65.226 58.124 55.991 55.012 51.337 55.173 61.505 64.870
-999.250 -999.250 -999.250 -999.250 -999.250 -999.250 -999.250 -999.250 -999.250 -999.250 -999.250 -999.250 -999.250 96.153 95.376 98.252 93.178 94.147 95.216 104.460 106.847 106.352 103.349 103.328 93.579 86.467 83.163 79.489 78.198 71.921 65.579 63.872 58.447 59.979 52.335 48.098 41.606 36.268 31.595 30.004 27.037 26.820 25.817 26.009 25.542 28.267 31.848 31.550 39.888 37.204 43.889 50.983 47.073 51.269 59.033 54.778 52.840 60.624 57.746 60.131 53.975 51.235 51.066 47.594 53.745 57.102 57.296
-999.250 -999.250 -999.250 -999.250 -999.250 -999.250 -999.250 -999.250 -999.250 -999.250 -999.250 -999.250 -999.250 92.641 91.153 92.944 92.463 93.504 95.958 92.609 96.177 98.824 95.924 96.027 91.577 87.467 82.354 81.293 76.289 75.655 67.756 62.256 52.855 54.071 52.554 45.302 41.870 32.665 31.946 27.934 29.129 26.663 24.868 24.618 27.347 29.864 31.724 32.872 38.680 41.866 41.465 43.493 46.211 45.809 43.115 44.739 51.752 54.423 55.195 48.770 44.538 49.411 48.316 48.128 46.643 49.478 52.220
-999.250 -999.250 -999.250 -999.250 -999.250 -999.250 -999.250 -999.250 -999.250 -999.250 -999.250 -999.250 -999.250 -999.250 92.224 91.800 91.060 89.718 88.704 92.411 92.133 91.040 92.243 89.678 85.734 82.007 82.735 80.752 80.787 74.857 69.420 64.026 59.693 52.210 44.747 39.015 37.429 31.891 29.945 29.616 28.911 27.197 26.763 25.273 29.703 29.881 31.662 33.073 32.347 39.716 42.192 44.740 43.906 46.472 41.644 43.243 46.374 46.715 44.438 41.979 43.543 42.948 43.513 45.296 40.950 46.057 47.598
-999.250 -999.250 -999.250 -999.250 -999.250 -999.250 -999.250 -999.250 -999.250 -999.250 -999.250 -999.250 -999.250 -999.250 90.684 86.125 87.281 87.779 82.142 82.329 85.091 89.530 84.493 85.391 83.921 77.691 76.035 81.086 80.781 72.938 62.723 60.007 56.192 46.436 44.154 42.776 36.614 32.769 31.191 31.458 30.490 30.460 27.467 26.500 27.502 27.229 30.434 31.617 32.802 35.786 37.547 37.827 40.865 40.559 43.323 43.121 41.761 37.429 41.454 39.561 42.565 42.187 37.533 42.400 38.914 40.920 40.862
-999.250 -999.250 -999.250 -999.250 -999.250 -999.250 -999.250 -999.250 -999.250 -999.250 -999.250 -999.250 -999.250 -999.250 90.084 88.522 83.039 84.037 76.903 76.857 82.049 84.837 78.612 80.226 82.209 74.724 75.876 78.872 77.033 70.223 64.947 59.659 57.981 54.448 46.716 45.003 40.244 40.132 34.406 34.207 33.579 28.275 28.344 26.528 29.763 31.400 30.201 33.147 32.484 34.312 34.494 37.327 36.194 37.096 40.222 34.508 34.581 34.280 35.687 37.544 33.723 32.514 34.661 34.920 37.217 35.728 38.025
-999.250 -999.250 -999.250 -999.250 -999.250 -999.250 -999.250 -999.250 -999.250 -999.250 -999.250 -999.250 -999.250 -999.250 86.568 87.412 78.872 77.550 72.243 75.218 75.670 80.521 78.161 78.086 77.250 -999.250 69.627 73.910 69.333 67.624 65.263 58.923 54.652 49.360 50.253 45.417 44.073 41.949 36.835 36.032 33.571 30.270 29.049 28.743 27.703 29.931 31.053 30.083 31.545 31.690 31.979 34.190 34.429 34.387 34.741 34.453 31.698 33.159 34.052 34.405 34.550 33.434 32.576 31.177 32.913 32.881 31.611
-999.250 -999.250 -999.250 -999.250 -999.250 -999.250 -999.250 -999.250 -999.250 -999.250 -999.250 -999.250 -999.250 -999.250 83.073 77.306 75.048 75.492 74.831 70.622 76.145 71.558 77.428 -999.250 -999.250 -999.250 70.157 67.282 65.154 65.246 59.679 52.585 55.727 51.403 49.021 43.202 46.143 44.017 43.446 38.335 33.279 31.219 34.676 33.639 31.234 31.979 29.498 29.822 30.790 28.026 32.242 31.805 32.839 31.548 34.563 29.671 30.607 29.002 30.013 30.861 29.137 29.341 27.026 24.579 25.999 28.299 28.613
-999.250 -999.250 -999.250 -999.250 -999.250 -999.250 -999.250 -999.250 -999.250 -999.250 -999.250 -999.250 -999.250 77.934 78.058 71.584 73.013 72.334 72.927 77.427 73.017 78.371 -999.250 -999.250 -999.250 -999.250 -999.250 67.107 61.088 56.389 56.261 55.371 52.214 46.273 48.148 49.814 49.952 45.520 43.191 40.322 36.065 31.720 33.448 32.507 30.905 30.845 31.268 30.279 29.309 29.160 29.799 28.196 31.105 30.422 29.580 26.260 30.394 26.381 27.939 25.561 26.159 23.292 22.431 20.544 21.850 27.412 25.605
-999.250 -999.250 -999.250 -999.250 -999.250 -999.250 -999.250 -999.250 -999.250 -999.250 -999.250 -999.250 -999.250 73.903 75.534 73.951 73.930 69.373 72.256 73.367 -999.250 -999.250 -999.250 -999.250 -999.250 -999.250 -999.250 -999.250 58.346 54.041 56.511 52.812 42.777 44.461 41.393 48.096 45.600 42.443 46.513 43.134 35.313 33.249 32.214 30.452 29.258 31.417 28.996 29.888 26.713 26.480 28.458 26.328 27.103 30.236 24.837 24.971 27.326 26.200 27.012 26.337 22.811 22.863 21.211 18.925 20.091 21.396 24.103
-999.250 -999.250 -999.250 -999.250 -999.250 -999.250 -999.250 -999.250 -999.250 -999.250 -999.250 -999.250 75.882 76.548 -999.250 -999.250 -999.250 -999.250 -999.250 -999.250 -999.250 -999.250 -999.250 -999.250 -999.250 -999.250 -999.250 -999.250 -999.250 57.349 57.828 50.491 39.808 38.975 41.703 48.901 43.239 43.629 42.920 37.135 34.948 35.488 31.332 32.714 29.489 30.706 31.277 27.639 26.873 28.925 22.108 22.836 24.130 25.490 22.663 24.072 25.747 21.741 24.697 25.951 24.687 19.770 20.320 17.539 19.317 17.195 19.769
-999.250 -999.250 -999.250 -999.250 -999.250 -999.250 -999.250 -999.250 -999.250 -999.250 -999.250 -999.250 -999.250 -999.250 -999.250 -999.250 -999.250 -999.250 -999.250 -999.250 -999.250 -999.250 -999.250 -999.250 -999.250 -999.250 -999.250 -999.250 -999.250 -999.250 53.120 52.830 45.437 41.634 40.309 38.999 41.017 37.332 40.699 36.552 34.352 34.622 34.639 33.188 31.364 30.638 30.339 30.005 27.947 22.305 20.502 17.980 22.725 22.940 24.318 23.856 23.259 20.941 22.324 23.440 20.822 17.318 16.666 17.349 18.509 16.982 16.596
-999.250 -999.250 -999.250 -999.250 -999.250 -999.250 -999.250 -999.250 -999.250 -999.250 -999.250 -999.250 -999.250 -999.250 -999.250 -999.250 -999.250 -999.250 -999.250 -999.250 -999.250 -999.250 -999.250 -999.250 -999.250 -999.250 -999.250 -999.250 -999.250 -999.250 52.996 47.193 45.630 41.652 44.037 38.692 40.578 40.778 38.006 37.369 38.565 38.771 38.322 36.526 32.621 32.394 30.543 26.364 24.712 22.325 22.075 21.036 21.691 19.068 20.132 22.399 20.320 16.981 18.095 18.236 17.725 16.103 15.491 16.503 13.864 15.384 16.476
-999.250 -999.250 -999.250 -999.250 -999.250 -999.250 -999.250 -999.250 -999.250 -999.250 -999.250 -999.250 -999.250 -999.250 -999.250 -999.250 -999.250 -999.250 -999.250 -999.250 -999.250 -999.250 -999.250 -999.250 -999.250 -999.250 -999.250 -999.250 -999.250 -999.250 49.295 46.272 44.163 39.830 40.871 39.988 35.958 35.552 40.669 45.001 42.684 44.766 40.164 40.230 35.864 34.200 32.398 27.172 24.940 23.750 22.560 19.864 17.678 17.174 15.683 16.730 15.103 15.869 14.525 14.159 12.788 12.507 11.121 14.556 14.259 12.974 15.678
