data/medianmodel_25-Feb-2021.asc
ncols	141
nrows	288
xllcorner	-120191.398
yllcorner	-301404.813
cellsize	2000.000
NODATA_value	-999.250
[rows 174 to 202 of 288, columns 0 to 65 of 141]
-999.250 -999.250 -999.250 -999.250 293.865 290.719 303.563 326.721 346.471 330.888 347.878 340.657 377.970 413.151 412.256 436.142 444.826 368.583 306.187 240.073 246.593 236.200 224.107 219.980 198.546 195.469 194.352 193.338 186.050 184.129 206.074 205.125 199.785 200.734 200.733 199.835 206.992 215.869 211.737 205.757 206.926 209.356 206.028 196.732 189.681 179.720 178.487 164.203 151.292 131.286 121.395 109.625 97.761 81.501 70.605 60.132 50.569 47.547 40.171 44.794 46.723 48.035 50.956 64.320 69.504 78.362
-999.250 -999.250 -999.250 -999.250 289.926 291.187 311.497 335.936 323.282 330.455 345.981 352.525 367.215 378.437 383.629 397.441 374.018 334.824 293.161 251.280 226.712 233.352 218.399 223.173 202.678 203.535 204.037 196.639 190.315 189.561 209.397 202.788 201.526 203.420 201.364 208.256 209.983 213.253 213.242 216.791 211.050 207.094 200.524 195.555 195.152 190.815 179.657 161.423 144.240 123.896 123.596 111.405 93.891 79.025 63.751 56.369 46.872 39.697 36.792 40.882 47.563 54.071 59.368 69.650 81.989 93.037
-999.250 -999.250 -999.250 -999.250 294.755 296.770 320.546 337.200 339.336 326.621 344.501 338.208 358.417 348.597 345.740 359.346 329.235 305.319 289.350 262.332 239.228 229.197 219.380 227.726 214.846 213.167 201.745 205.013 207.732 204.513 208.236 203.045 201.054 206.933 213.508 209.103 213.437 205.694 199.741 198.440 199.588 210.201 202.618 194.608 191.325 183.405 173.298 161.320 141.024 129.375 115.285 101.602 91.282 78.964 62.090 52.856 40.907 24.166 32.615 42.452 48.849 53.503 66.431 76.075 93.957 102.753
-999.250 -999.250 -999.250 -999.250 289.783 300.370 319.538 329.918 331.886 330.155 346.228 349.455 360.083 339.797 339.861 323.686 316.522 300.230 285.719 267.285 258.686 254.680 247.149 228.625 236.350 223.335 212.055 207.396 205.551 205.290 204.295 206.056 203.374 214.781 215.863 208.099 205.685 197.682 197.435 210.302 198.577 206.017 196.128 186.106 187.488 175.663 165.016 158.271 132.534 123.427 105.566 99.429 88.202 77.800 60.821 52.088 45.161 39.691 40.574 46.824 54.234 65.084 78.368 90.796 102.656 109.582
-999.250 -999.250 -999.250 -999.250 303.658 305.259 310.280 323.766 328.549 324.873 332.304 334.097 346.659 342.507 333.332 309.969 295.005 299.626 292.979 283.140 278.057 267.529 258.441 255.371 247.132 230.092 221.579 228.023 211.178 215.368 215.027 223.824 220.283 211.877 226.082 214.249 207.643 209.988 196.108 203.293 191.193 198.895 194.696 190.573 178.190 172.773 150.347 147.149 129.637 123.752 105.384 101.428 88.935 74.249 63.488 56.997 52.007 47.881 51.337 56.698 61.910 73.280 85.467 100.852 114.194 119.013
-999.250 -999.250 -999.250 287.253 297.580 309.113 318.882 319.395 326.030 317.059 317.404 331.096 318.321 316.747 310.534 308.474 299.140 304.061 298.637 289.854 291.638 285.406 269.121 260.103 253.082 242.203 219.512 213.429 218.574 234.217 219.386 235.702 229.570 229.764 231.751 214.382 201.174 205.221 203.473 204.988 193.266 193.420 195.734 192.093 185.642 170.871 155.594 139.465 129.822 118.775 105.476 99.287 85.515 73.280 67.738 59.351 57.105 55.357 57.387 63.902 72.491 85.952 96.852 112.872 125.174 126.755
-999.250 -999.250 -999.250 290.496 301.294 309.347 304.134 308.580 303.585 306.233 318.370 309.922 317.420 297.557 301.411 302.704 295.075 300.583 298.422 295.141 284.744 283.927 281.017 262.223 249.753 245.983 235.318 231.002 227.912 238.801 227.937 242.532 244.856 232.612 229.363 220.545 207.246 205.565 207.428 202.958 195.100 195.818 193.660 185.011 175.689 171.079 154.287 143.358 130.127 118.035 104.225 97.400 91.195 79.125 74.006 63.088 60.772 61.469 69.569 76.321 85.919 95.165 117.376 128.524 135.696 150.999
-999.250 -999.250 -999.250 282.417 295.639 299.059 299.234 295.731 301.722 309.743 310.779 305.034 305.916 307.437 299.469 296.710 296.256 291.324 288.103 293.058 287.970 282.191 276.253 261.779 256.171 256.091 248.408 251.537 246.217 246.424 235.666 234.144 237.126 237.452 223.776 224.553 210.389 209.253 210.508 200.498 203.594 199.953 195.508 186.276 166.685 163.238 153.029 139.732 120.556 120.760 107.503 97.389 89.279 84.941 73.809 63.760 68.779 69.661 75.841 88.035 94.621 106.163 119.433 140.578 151.714 157.235
-999.250 -999.250 282.913 291.785 293.364 297.824 297.806 308.453 310.151 317.078 312.572 311.646 320.039 306.922 300.212 302.104 291.747 292.901 286.391 281.558 284.238 283.385 269.698 268.183 259.944 252.385 252.244 245.361 248.878 252.441 245.690 230.759 224.074 240.067 217.051 218.539 226.731 211.131 200.051 202.927 197.128 194.442 195.382 184.230 167.704 155.995 154.524 136.704 123.792 112.395 107.402 98.994 94.700 84.745 70.353 72.597 73.450 79.963 85.484 96.573 106.089 117.817 130.457 149.524 170.140 184.072
-999.250 -999.250 289.719 291.837 293.012 291.054 294.011 307.885 311.492 312.526 309.546 316.384 325.122 311.418 301.189 298.779 286.655 284.364 276.357 275.444 -999.250 278.115 278.239 273.694 260.304 244.377 244.019 243.599 254.443 251.618 256.679 240.413 235.662 237.794 237.958 230.794 220.694 211.820 206.929 207.550 202.799 187.742 182.948 189.053 170.742 150.733 148.568 140.538 123.435 108.418 103.839 98.002 94.027 87.800 79.503 81.901 83.739 89.422 97.502 109.174 123.917 134.316 155.371 167.776 181.259 191.685
-999.250 290.048 285.010 290.729 288.842 296.026 297.988 303.377 308.113 306.796 306.516 324.487 321.893 317.998 314.661 304.263 284.996 282.011 278.701 -999.250 -999.250 271.893 269.438 263.697 258.780 248.516 239.811 245.879 238.391 247.080 237.040 241.051 240.767 236.575 223.750 235.733 229.765 231.613 204.579 207.524 201.394 187.933 176.467 179.012 169.573 143.611 135.090 121.417 117.402 105.129 95.958 91.785 91.407 80.568 79.868 81.285 81.425 95.062 110.857 120.912 130.767 151.861 167.593 175.530 198.096 219.590
-999.250 288.001 295.062 290.270 295.873 310.251 310.626 306.261 305.429 315.286 313.766 313.507 316.054 318.651 328.236 309.464 296.646 284.632 -999.250 -999.250 -999.250 -999.250 275.012 265.246 255.392 245.187 234.887 220.988 232.536 232.544 239.578 245.126 234.477 235.210 232.413 232.947 226.935 226.853 220.898 205.868 195.326 191.346 178.769 176.119 154.691 146.367 131.620 118.012 103.609 96.736 96.606 98.262 86.517 84.279 78.082 86.188 87.037 109.321 119.362 132.161 143.927 154.902 178.237 200.423 218.758 246.238
285.060 295.397 300.047 297.195 299.991 298.429 304.992 310.583 301.676 327.285 318.512 304.101 306.817 313.996 318.265 310.829 293.311 294.193 -999.250 -999.250 -999.250 -999.250 -999.250 275.584 270.712 256.227 224.626 225.483 223.171 228.552 221.323 222.596 231.987 233.863 238.921 242.710 239.618 241.425 225.809 217.151 203.639 197.115 192.729 170.676 153.304 149.081 127.065 121.232 115.899 103.111 98.073 85.179 87.782 83.790 82.190 89.224 93.159 109.458 122.818 143.631 154.371 171.888 196.356 219.232 246.781 268.572
-999.250 287.781 295.418 293.780 304.191 293.370 301.790 297.553 300.907 308.068 307.791 294.553 288.421 294.797 301.552 311.770 298.584 301.513 -999.250 -999.250 -999.250 -999.250 297.082 286.235 276.032 257.821 234.913 217.248 217.262 213.007 220.851 226.465 229.290 228.782 229.042 241.124 243.936 248.550 230.002 216.508 213.244 199.922 194.836 164.797 152.644 146.503 132.383 129.463 117.154 102.357 91.077 88.729 80.082 86.037 85.157 90.286 94.497 110.080 124.876 145.259 165.130 187.116 206.537 231.759 264.044 288.684
-999.250 283.772 302.106 297.619 291.966 292.699 294.580 290.928 293.742 289.964 297.005 285.577 285.386 290.019 300.421 317.164 310.233 294.700 -999.250 -999.250 -999.250 313.782 -999.250 297.030 280.517 265.611 238.838 221.684 211.245 208.602 209.996 212.782 238.830 245.003 244.966 252.460 250.984 247.922 223.701 213.096 211.647 203.351 197.887 179.113 154.962 144.160 134.275 123.907 109.145 94.707 91.663 86.734 87.301 89.673 80.036 84.668 96.046 110.430 130.356 149.746 171.578 189.123 201.288 227.113 258.983 281.076
-999.250 289.565 292.424 295.157 288.299 289.980 286.478 287.199 287.780 282.574 285.835 276.324 279.214 287.052 294.669 299.663 293.308 -999.250 -999.250 -999.250 -999.250 324.016 319.562 321.317 289.424 272.809 247.412 209.704 202.834 200.726 213.496 230.727 227.754 239.483 254.631 258.318 259.870 244.776 247.650 242.499 214.863 198.163 191.371 173.958 161.612 139.103 128.734 119.869 99.913 94.869 86.804 84.925 86.391 83.442 86.540 88.870 100.368 111.928 132.172 153.748 182.281 189.458 198.784 229.668 246.771 266.620
-999.250 287.474 286.833 286.506 282.046 280.497 283.167 282.125 277.033 282.713 274.260 261.544 276.318 283.195 279.658 285.934 289.635 -999.250 -999.250 -999.250 304.463 339.758 355.816 328.344 295.021 284.128 253.714 222.923 186.992 205.973 223.345 229.160 235.981 250.443 259.447 259.387 261.132 250.720 246.435 237.793 212.148 205.685 196.534 169.172 153.954 142.942 135.222 114.291 106.223 93.322 89.685 86.332 89.715 80.803 85.638 86.727 100.328 112.233 132.782 148.495 169.075 193.668 204.625 214.282 243.293 245.699
-999.250 -999.250 -999.250 282.051 -999.250 -999.250 280.827 271.029 275.577 -999.250 -999.250 -999.250 272.105 278.070 -999.250 -999.250 -999.250 -999.250 -999.250 -999.250 309.855 323.850 344.711 326.397 310.543 291.125 274.759 247.762 231.398 228.424 247.256 245.388 247.239 253.053 253.306 250.435 265.665 256.129 249.844 228.659 218.614 200.914 183.003 161.759 152.017 136.300 126.272 117.383 109.194 96.936 92.728 88.197 87.838 86.071 79.437 88.329 97.451 110.666 129.795 142.220 162.275 185.866 195.390 214.341 236.318 243.832
-999.250 -999.250 -999.250 -999.250 -999.250 -999.250 -999.250 -999.250 -999.250 -999.250 -999.250 -999.250 -999.250 269.410 276.104 285.042 -999.250 -999.250 -999.250 295.842 301.996 317.369 339.361 320.717 313.151 303.325 293.179 285.770 274.231 262.504 258.478 262.118 259.995 260.858 268.159 263.914 259.519 258.084 240.417 248.820 214.186 205.205 193.438 170.192 153.226 133.274 126.826 121.672 102.255 93.988 94.938 92.725 90.365 85.009 85.199 86.465 89.999 100.093 118.708 135.562 152.602 167.480 185.956 205.567 210.530 222.753
-999.250 -999.250 -999.250 -999.250 -999.250 -999.250 -999.250 -999.250 -999.250 -999.250 -999.250 256.154 262.456 254.098 265.746 264.436 -999.250 -999.250 278.343 291.429 295.124 309.130 321.739 336.601 335.414 337.992 334.833 316.978 298.361 282.186 273.081 275.978 277.423 271.798 277.795 259.763 268.533 243.396 258.192 245.916 230.723 210.480 192.418 184.689 158.666 139.950 130.013 118.474 105.875 100.959 93.949 97.712 94.458 93.437 88.555 85.272 83.083 97.212 111.362 134.695 148.326 162.858 185.156 206.384 212.091 212.049
-999.250 -999.250 -999.250 -999.250 -999.250 -999.250 -999.250 -999.250 -999.250 -999.250 -999.250 256.781 255.576 257.720 262.777 264.754 268.727 275.361 285.449 287.088 294.628 313.630 318.989 322.865 353.231 363.052 382.766 351.891 327.684 299.994 291.068 286.019 276.889 281.891 266.796 270.033 259.074 249.945 240.237 230.737 228.610 212.823 197.956 183.225 165.562 150.379 133.994 123.582 119.584 110.809 104.230 100.234 90.784 94.342 90.904 90.454 89.629 98.581 118.067 134.064 149.734 160.111 165.866 186.028 194.447 196.253
-999.250 -999.250 -999.250 -999.250 -999.250 -999.250 -999.250 -999.250 -999.250 -999.250 -999.250 -999.250 256.386 258.637 256.227 259.601 255.138 266.895 281.402 293.373 297.338 314.886 317.706 326.016 350.644 355.873 361.998 347.356 323.192 309.801 288.501 290.154 293.873 288.893 280.182 272.339 267.724 249.891 239.623 230.620 225.410 206.831 193.527 186.757 168.474 159.542 140.314 126.004 118.497 110.254 101.917 98.166 97.783 96.529 98.989 93.810 95.846 104.103 118.462 132.839 143.632 154.559 159.771 169.212 182.373 185.203
-999.250 -999.250 -999.250 -999.250 -999.250 -999.250 -999.250 -999.250 -999.250 -999.250 -999.250 -999.250 -999.250 255.634 253.625 257.995 262.627 262.444 282.951 283.474 298.404 314.649 330.808 331.708 340.225 358.779 342.902 341.218 319.562 301.582 293.059 296.400 299.386 292.131 292.589 280.571 275.157 247.072 226.496 228.556 220.970 207.421 203.640 184.444 169.440 159.503 150.286 128.317 120.511 113.224 117.433 102.262 100.441 100.690 100.722 96.063 102.720 109.496 117.789 133.710 142.771 146.311 154.054 160.144 165.365 169.953
-999.250 -999.250 -999.250 -999.250 -999.250 -999.250 -999.250 -999.250 -999.250 -999.250 -999.250 -999.250 -999.250 256.269 253.325 248.033 260.111 265.846 286.590 290.797 306.844 310.333 318.698 321.389 334.886 336.788 347.460 342.137 330.061 321.866 307.487 300.292 296.989 296.911 288.146 288.801 260.144 246.534 236.551 223.662 206.617 213.353 198.712 192.463 173.456 160.296 149.038 138.771 128.960 121.279 110.507 111.763 101.120 102.241 100.576 104.656 104.455 112.372 123.927 134.029 139.777 151.220 156.480 160.468 164.010 166.642
-999.250 -999.250 -999.250 -999.250 -999.250 -999.250 -999.250 -999.250 -999.250 -999.250 -999.250 -999.250 -999.250 251.126 252.710 256.384 260.483 274.691 286.613 293.520 301.058 334.327 337.672 321.013 330.687 361.552 355.190 357.617 355.203 332.710 325.253 314.086 299.435 303.676 287.469 285.324 263.882 241.052 224.647 210.939 206.873 206.497 199.573 192.491 178.501 180.548 156.905 150.498 139.658 126.227 122.960 114.266 117.492 115.911 102.978 114.513 120.493 116.069 132.087 138.843 142.799 146.937 150.760 158.605 168.508 168.422
-999.250 -999.250 -999.250 -999.250 -999.250 -999.250 -999.250 -999.250 -999.250 -999.250 -999.250 -999.250 -999.250 -999.250 250.583 261.248 264.114 272.485 293.108 303.590 306.469 316.612 322.360 318.255 340.371 349.811 335.490 352.859 365.141 347.340 342.669 316.781 302.091 292.685 292.171 272.405 277.790 258.582 235.986 222.773 209.781 202.237 207.887 195.361 184.498 167.341 154.349 152.355 145.397 140.425 135.956 125.288 129.366 125.727 123.367 123.680 125.131 134.078 136.369 142.755 146.689 148.246 164.536 167.265 166.650 158.918
-999.250 -999.250 -999.250 -999.250 -999.250 -999.250 -999.250 -999.250 -999.250 -999.250 -999.250 -999.250 -999.250 -999.250 259.023 260.457 277.517 282.013 295.180 296.427 304.955 313.851 332.999 326.972 337.710 334.643 354.590 347.687 370.029 355.491 341.526 319.323 294.866 297.172 289.195 285.686 269.750 262.609 256.712 248.304 213.323 207.705 207.265 194.957 184.061 165.901 165.781 158.744 147.538 148.468 146.672 140.893 145.580 137.416 138.175 144.334 142.051 139.744 145.008 152.641 150.492 154.506 170.230 172.549 166.556 166.320
-999.250 -999.250 -999.250 -999.250 -999.250 -999.250 -999.250 -999.250 -999.250 -999.250 -999.250 -999.250 -999.250 -999.250 257.060 269.865 280.461 289.586 296.164 301.320 301.405 318.711 333.023 339.783 318.700 339.619 333.460 345.667 362.312 355.951 331.350 317.192 297.471 298.981 293.766 283.365 277.026 269.583 261.386 237.608 218.579 214.868 222.935 200.703 189.780 179.738 170.318 171.517 170.550 152.748 153.134 150.588 151.044 150.497 151.380 149.197 150.521 157.113 152.784 166.922 162.045 166.364 168.113 170.517 169.504 174.059
-999.250 -999.250 -999.250 -999.250 -999.250 -999.250 -999.250 -999.250 -999.250 -999.250 -999.250 -999.250 -999.250 -999.250 267.063 269.009 280.501 284.840 293.028 297.850 302.403 314.607 328.054 327.657 332.992 -999.250 328.917 333.330 335.511 324.912 315.108 305.488 299.275 293.921 291.650 284.696 268.513 267.179 262.890 249.809 244.518 244.608 218.240 221.153 199.851 190.896 181.718 195.831 178.638 170.064 163.315 166.348 162.196 159.365 160.310 161.876 168.518 163.776 178.826 174.281 174.299 168.028 174.779 186.723 180.945 175.632
