data/medianmodel_22-May-2020.asc
ncols	141
nrows	288
xllcorner	-120191.398
yllcorner	-301404.813
cellsize	2000.000
NODATA_value	-999.250
[rows 186 to 216 of 288, columns 0 to 69 of 141]
41.778 48.258 39.261 42.514 44.599 46.017 47.586 61.970 73.352 83.290 80.887 105.095 103.191 101.737 100.955 110.350 118.429 114.662 -999.250 -999.250 -999.250 -999.250 -999.250 42.248 31.581 34.451 23.115 16.627 16.623 14.070 18.641 16.088 21.418 22.966 25.466 23.982 31.033 22.553 18.212 17.780 17.077 16.729 12.778 15.847 14.211 13.741 16.710 10.416 12.389 10.927 10.511 4.875 4.869 7.460 5.813 9.174 8.407 5.632 5.793 4.519 3.759 0.501 1.912 0.149 0.000 0.000 0.000 0.000 0.000 0.410
-999.250 35.252 36.965 35.200 31.344 30.311 45.692 50.104 62.674 75.340 86.490 102.183 118.410 118.251 99.692 94.610 103.121 101.914 -999.250 -999.250 -999.250 -999.250 50.466 40.212 30.031 26.630 17.327 19.206 16.258 16.742 19.999 19.429 17.571 25.290 27.274 29.564 23.888 23.699 22.177 17.393 16.788 13.589 14.283 12.203 14.741 14.923 14.404 14.274 12.558 12.422 11.383 4.609 7.064 5.353 7.624 8.495 6.872 6.890 4.705 2.972 3.591 2.941 0.035 0.183 0.000 0.000 0.000 0.000 0.000 1.384
-999.250 28.889 31.743 26.775 23.285 30.366 41.578 46.827 50.409 64.422 69.518 90.657 96.855 95.411 94.463 86.553 80.173 81.367 -999.250 -999.250 -999.250 63.148 -999.250 40.978 29.890 22.704 19.295 19.772 19.797 18.612 18.329 18.920 21.613 18.962 25.329 29.546 28.575 24.245 20.594 18.090 17.986 14.339 15.782 13.716 15.506 13.745 14.150 11.735 10.754 10.957 11.995 6.386 5.588 7.430 8.863 6.803 6.085 4.016 4.871 5.383 2.875 3.470 4.016 0.000 0.450 0.000 0.000 0.000 0.125 0.384
-999.250 27.382 39.176 31.691 22.916 25.046 28.759 30.292 42.012 51.049 65.397 72.570 76.142 67.322 70.269 67.386 71.296 -999.250 -999.250 -999.250 -999.250 65.285 56.191 42.031 29.328 22.768 15.778 19.936 18.857 21.896 22.160 21.271 17.386 19.723 26.617 37.896 31.733 22.573 21.328 20.902 18.446 17.899 16.514 18.676 16.664 19.540 12.958 12.565 12.021 9.840 9.041 6.204 5.799 7.056 8.703 7.536 4.798 4.787 5.575 6.279 3.144 3.205 3.837 0.000 0.724 0.403 0.000 0.000 2.759 3.204
-999.250 33.159 27.032 30.898 22.147 25.516 28.607 26.744 34.102 40.984 47.995 52.422 53.927 49.614 51.707 50.607 50.044 -999.250 -999.250 -999.250 68.776 58.712 57.278 42.636 31.402 22.685 16.531 15.664 20.215 19.395 16.805 17.980 19.198 23.022 23.931 28.342 29.579 25.147 27.146 22.760 19.150 17.584 17.960 16.382 17.168 17.593 13.729 13.709 13.668 9.882 9.196 6.154 5.635 4.530 3.978 5.457 6.141 4.447 6.355 7.067 3.857 3.497 3.724 1.410 2.768 3.726 1.000 1.746 3.175 3.391
-999.250 -999.250 -999.250 28.662 -999.250 -999.250 22.885 27.185 33.258 -999.250 -999.250 -999.250 41.661 45.574 -999.250 -999.250 -999.250 -999.250 -999.250 -999.250 56.356 49.683 49.880 40.438 25.948 18.235 15.380 16.744 15.588 17.057 17.193 23.632 20.497 23.318 20.852 27.993 28.288 24.583 20.299 21.215 20.096 17.917 18.243 14.278 15.811 15.725 13.054 15.371 12.559 10.225 8.341 10.013 8.769 3.433 4.589 3.849 2.535 1.998 2.859 4.181 2.413 2.184 2.646 1.906 0.251 1.819 2.712 5.119 4.752 6.535
-999.250 -999.250 -999.250 -999.250 -999.250 -999.250 -999.250 -999.250 -999.250 -999.250 -999.250 -999.250 -999.250 32.171 27.964 31.269 -999.250 -999.250 -999.250 57.148 59.208 58.468 48.038 38.713 24.880 17.626 13.361 13.037 13.849 17.058 21.957 17.818 20.713 20.061 17.539 19.121 21.879 28.870 22.304 18.105 16.509 16.636 16.230 13.402 15.943 17.770 16.604 13.674 10.771 11.771 8.783 7.544 5.331 5.035 4.077 0.000 0.000 0.000 0.964 4.703 3.990 3.859 3.555 1.780 3.780 4.232 6.267 5.210 3.623 4.498
-999.250 -999.250 -999.250 -999.250 -999.250 -999.250 -999.250 -999.250 -999.250 -999.250 -999.250 23.533 27.801 29.902 28.035 31.945 -999.250 -999.250 67.395 73.190 64.513 52.473 53.489 42.824 30.715 19.587 13.210 11.427 13.656 13.733 17.077 16.634 16.422 20.193 19.862 18.604 25.887 23.705 20.825 12.832 12.710 15.592 15.122 15.958 16.918 15.237 12.540 10.159 10.504 10.842 10.193 7.518 5.727 4.799 2.178 0.000 0.000 0.000 0.015 1.884 2.431 3.471 4.031 3.576 2.955 5.336 4.603 6.998 4.235 7.005
-999.250 -999.250 -999.250 -999.250 -999.250 -999.250 -999.250 -999.250 -999.250 -999.250 -999.250 28.078 23.506 25.984 30.163 34.791 52.690 61.126 68.894 70.170 71.025 68.316 50.136 31.303 17.435 12.002 9.336 9.634 12.477 13.243 13.620 16.976 16.459 20.472 13.902 16.377 15.035 13.609 17.399 15.601 13.317 11.517 12.299 15.605 13.663 12.932 13.076 11.789 13.393 10.799 9.950 8.250 6.673 4.486 2.676 0.601 0.000 0.000 2.625 0.443 0.654 2.833 5.654 4.579 4.198 3.812 6.686 5.726 6.834 5.422
-999.250 -999.250 -999.250 -999.250 -999.250 -999.250 -999.250 -999.250 -999.250 -999.250 -999.250 -999.250 29.143 31.571 38.083 52.884 69.150 66.613 71.492 69.210 71.995 52.431 40.297 28.919 17.011 13.975 10.518 11.134 11.715 11.776 11.431 14.063 14.595 15.421 13.752 13.882 15.214 13.891 13.593 15.157 12.475 11.772 11.013 13.067 13.379 11.811 12.742 11.951 12.807 13.774 11.179 12.092 8.646 7.259 4.805 1.680 0.381 2.033 0.382 3.837 5.114 5.075 6.795 6.189 6.317 4.102 3.775 5.994 8.400 6.190
-999.250 -999.250 -999.250 -999.250 -999.250 -999.250 -999.250 -999.250 -999.250 -999.250 -999.250 -999.250 -999.250 36.935 39.209 44.365 61.896 61.762 58.887 55.704 52.091 43.579 32.296 23.099 19.114 14.745 14.395 9.631 12.543 13.768 12.776 14.359 15.049 13.491 15.290 10.583 13.570 13.948 11.469 12.563 9.981 14.582 12.248 11.814 13.092 13.660 9.623 11.564 13.551 14.596 12.674 13.976 10.951 7.356 5.284 4.769 2.101 2.904 3.037 4.627 7.326 6.583 6.505 4.119 5.096 4.114 4.792 6.794 8.958 6.833
-999.250 -999.250 -999.250 -999.250 -999.250 -999.250 -999.250 -999.250 -999.250 -999.250 -999.250 -999.250 -999.250 30.609 33.877 37.981 42.207 44.567 40.910 40.692 42.577 32.121 25.500 17.437 13.549 15.881 16.750 13.358 10.772 14.294 14.179 12.016 14.866 14.390 15.041 12.530 12.551 12.463 12.507 10.686 9.451 15.712 9.661 11.946 14.832 12.785 10.714 11.086 11.494 12.772 14.223 13.643 11.725 9.116 8.017 4.137 5.644 4.608 5.740 6.260 4.692 5.084 2.706 3.845 5.206 6.982 4.878 7.079 7.229 8.052
-999.250 -999.250 -999.250 -999.250 -999.250 -999.250 -999.250 -999.250 -999.250 -999.250 -999.250 -999.250 -999.250 28.671 39.157 34.668 32.799 30.214 31.218 32.114 23.623 21.092 15.782 16.784 18.448 17.206 16.194 13.517 13.604 13.686 12.990 12.699 14.590 13.919 16.970 10.597 12.131 9.799 11.513 11.835 14.204 9.795 10.582 11.930 13.246 10.243 8.908 7.865 12.567 9.902 9.321 8.554 7.848 5.898 7.986 5.073 5.207 6.772 6.550 7.034 7.114 5.196 4.635 5.362 4.019 7.445 8.233 5.887 7.507 7.630
-999.250 -999.250 -999.250 -999.250 -999.250 -999.250 -999.250 -999.250 -999.250 -999.250 -999.250 -999.250 -999.250 -999.250 26.639 24.049 23.336 19.693 17.355 16.264 15.460 14.587 12.023 15.614 15.334 14.069 14.107 12.529 12.921 13.629 11.018 16.428 12.883 12.604 9.603 10.657 13.371 11.482 13.199 14.047 12.179 13.179 11.631 7.513 9.627 8.538 8.691 8.301 10.015 6.715 6.456 7.054 5.857 6.638 5.646 6.610 4.185 5.623 5.818 9.207 8.054 4.739 3.967 6.379 4.342 4.539 7.462 7.323 5.393 5.319
-999.250 -999.250 -999.250 -999.250 -999.250 -999.250 -999.250 -999.250 -999.250 -999.250 -999.250 -999.250 -999.250 -999.250 22.422 18.956 17.732 14.449 11.007 7.855 9.942 11.179 10.405 13.396 16.841 13.856 16.549 14.546 16.504 16.149 13.914 13.572 14.098 13.664 12.380 14.683 14.624 10.077 10.305 10.005 10.923 13.657 14.040 9.578 11.022 9.189 7.016 8.625 5.213 8.448 5.755 7.777 7.142 7.962 7.083 7.636 8.665 9.056 10.141 6.554 7.181 5.283 4.821 4.522 5.379 5.180 6.247 5.746 6.556 5.440
-999.250 -999.250 -999.250 -999.250 -999.250 -999.250 -999.250 -999.250 -999.250 -999.250 -999.250 -999.250 -999.250 -999.250 21.073 16.825 14.311 10.905 8.733 9.234 9.010 12.479 11.778 13.004 14.881 15.349 14.409 15.190 13.237 13.246 15.063 13.918 11.901 13.807 15.821 12.381 13.787 14.073 11.037 10.374 9.929 10.755 10.882 10.755 15.110 13.448 9.678 8.633 8.452 8.290 6.462 5.176 7.091 7.401 5.343 10.472 9.002 8.338 7.020 5.858 5.773 3.679 5.951 3.501 4.732 4.607 6.047 5.658 5.440 4.699
-999.250 -999.250 -999.250 -999.250 -999.250 -999.250 -999.250 -999.250 -999.250 -999.250 -999.250 -999.250 -999.250 -999.250 16.950 14.487 14.740 10.315 8.650 11.139 9.694 13.729 15.098 15.357 12.633 -999.250 13.805 12.338 11.406 10.583 13.135 12.727 11.865 11.474 11.528 14.524 15.436 16.205 9.311 9.708 10.937 10.480 9.053 10.030 9.549 13.833 10.188 11.998 9.673 9.209 7.378 5.032 4.562 6.534 3.652 10.872 7.955 8.525 8.257 7.186 6.912 3.910 4.619 6.368 7.912 7.005 4.246 4.680 5.839 4.626
-999.250 -999.250 -999.250 -999.250 -999.250 -999.250 -999.250 -999.250 -999.250 -999.250 -999.250 -999.250 -999.250 -999.250 18.259 16.899 14.301 14.724 13.447 14.141 11.913 14.460 14.305 -999.250 -999.250 -999.250 12.972 12.822 7.879 12.890 12.242 12.540 12.505 12.124 10.881 10.463 14.067 11.399 11.406 9.842 10.096 9.939 12.499 13.511 12.054 12.500 10.888 13.293 11.893 8.195 7.240 9.257 5.718 3.848 6.119 7.876 10.184 9.593 8.095 7.797 4.398 3.756 4.573 5.122 6.679 5.380 3.155 5.421 4.961 4.043
-999.250 -999.250 -999.250 -999.250 -999.250 -999.250 -999.250 -999.250 -999.250 -999.250 -999.250 -999.250 -999.250 19.258 19.408 19.379 16.302 15.940 18.440 15.698 15.292 17.814 -999.250 -999.250 -999.250 -999.250 -999.250 11.796 13.656 13.392 13.784 13.085 11.369 11.564 10.210 11.129 11.072 9.882 12.158 10.146 11.106 11.714 12.482 12.345 14.683 16.749 13.581 10.823 10.735 11.736 8.846 6.326 7.747 8.306 7.573 8.856 9.752 9.998 10.876 6.911 5.447 3.606 5.401 7.448 7.540 8.702 6.398 4.506 5.858 5.462
-999.250 -999.250 -999.250 -999.250 -999.250 -999.250 -999.250 -999.250 -999.250 -999.250 -999.250 -999.250 -999.250 21.417 24.983 17.694 19.789 19.088 17.363 17.957 -999.250 -999.250 -999.250 -999.250 -999.250 -999.250 -999.250 -999.250 11.308 16.384 13.720 13.014 12.938 9.843 8.619 11.638 13.347 12.317 8.726 7.786 9.753 11.851 11.478 14.026 14.354 15.462 12.889 11.574 12.530 11.992 10.192 5.035 7.997 10.340 7.834 9.312 10.509 9.367 8.268 6.269 4.122 6.172 6.263 6.198 6.612 7.246 8.038 7.037 7.169 5.317
-999.250 -999.250 -999.250 -999.250 -999.250 -999.250 -999.250 -999.250 -999.250 -999.250 -999.250 -999.250 20.473 24.672 -999.250 -999.250 -999.250 -999.250 -999.250 -999.250 -999.250 -999.250 -999.250 -999.250 -999.250 -999.250 -999.250 -999.250 -999.250 13.489 12.455 13.912 12.690 8.890 12.868 10.797 13.562 11.032 11.826 9.266 8.544 11.012 12.223 14.594 16.646 14.816 11.418 11.134 10.877 11.461 10.515 6.129 5.482 9.278 9.640 8.368 8.211 10.238 9.876 5.986 4.965 8.637 9.172 9.847 8.083 8.419 8.444 8.745 7.653 5.919
-999.250 -999.250 -999.250 -999.250 -999.250 -999.250 -999.250 -999.250 -999.250 -999.250 -999.250 -999.250 -999.250 -999.250 -999.250 -999.250 -999.250 -999.250 -999.250 -999.250 -999.250 -999.250 -999.250 -999.250 -999.250 -999.250 -999.250 -999.250 -999.250 -999.250 11.569 11.533 14.398 12.994 12.018 12.766 11.951 9.491 9.199 8.791 10.552 11.209 9.757 14.361 16.178 14.206 11.025 12.371 9.825 9.735 9.723 6.859 8.818 8.568 8.180 8.626 7.876 8.775 10.051 10.908 10.326 11.096 11.318 9.458 9.824 8.722 11.916 8.812 9.563 8.073
-999.250 -999.250 -999.250 -999.250 -999.250 -999.250 -999.250 -999.250 -999.250 -999.250 -999.250 -999.250 -999.250 -999.250 -999.250 -999.250 -999.250 -999.250 -999.250 -999.250 -999.250 -999.250 -999.250 -999.250 -999.250 -999.250 -999.250 -999.250 -999.250 -999.250 11.023 12.333 14.842 12.136 13.014 11.311 8.644 11.173 13.674 12.892 9.577 8.234 12.160 13.823 11.697 13.541 13.854 9.325 9.265 8.233 8.789 8.569 7.553 7.062 7.247 11.103 9.448 10.569 8.557 7.448 8.221 9.942 9.385 9.817 9.931 10.859 13.242 9.166 9.075 8.581
-999.250 -999.250 -999.250 -999.250 -999.250 -999.250 -999.250 -999.250 -999.250 -999.250 -999.250 -999.250 -999.250 -999.250 -999.250 -999.250 -999.250 -999.250 -999.250 -999.250 -999.250 -999.250 -999.250 -999.250 -999.250 -999.250 -999.250 -999.250 -999.250 -999.250 11.135 13.827 13.025 11.430 12.191 11.895 13.175 12.382 12.788 11.439 10.434 10.031 14.577 11.158 12.249 11.153 9.162 10.006 7.137 10.374 9.563 7.134 10.299 8.436 10.105 8.694 6.502 9.010 6.515 9.642 11.618 13.326 11.114 12.708 10.904 16.663 13.766 11.858 11.621 10.815
-999.250 -999.250 -999.250 -999.250 -999.250 -999.250 -999.250 -999.250 -999.250 -999.250 -999.250 -999.250 -999.250 -999.250 -999.250 -999.250 -999.250 -999.250 -999.250 -999.250 -999.250 -999.250 -999.250 -999.250 -999.250 -999.250 -999.250 -999.250 -999.250 -999.250 -999.250 11.500 12.027 10.910 12.202 10.908 10.659 10.976 13.953 13.748 11.630 12.346 17.154 13.394 11.836 11.338 10.125 10.187 6.071 7.697 7.227 10.268 8.929 8.021 9.951 9.093 8.988 6.596 7.673 10.003 9.585 11.045 13.688 12.673 13.477 17.008 16.684 14.337 10.679 10.438
-999.250 -999.250 -999.250 -999.250 -999.250 -999.250 -999.250 -999.250 -999.250 -999.250 -999.250 -999.250 -999.250 -999.250 -999.250 -999.250 -999.250 -999.250 -999.250 -999.250 -999.250 -999.250 -999.250 -999.250 -999.250 -999.250 -999.250 -999.250 -999.250 -999.250 -999.250 11.980 11.388 11.910 12.480 8.245 10.869 10.313 10.111 10.965 11.278 13.244 16.818 14.108 11.566 11.401 8.639 9.576 6.903 9.546 9.956 9.359 6.583 10.476 11.638 10.361 7.061 7.622 7.491 6.738 10.083 8.323 11.068 11.304 15.007 19.436 15.430 9.351 10.484 9.586
-999.250 -999.250 -999.250 -999.250 -999.250 -999.250 -999.250 -999.250 -999.250 -999.250 -999.250 -999.250 -999.250 -999.250 -999.250 -999.250 -999.250 -999.250 -999.250 -999.250 -999.250 -999.250 -999.250 -999.250 -999.250 -999.250 -999.250 -999.250 -999.250 -999.250 -999.250 10.551 10.371 14.819 12.862 10.524 9.809 10.157 14.416 11.589 11.942 13.412 10.461 11.447 9.978 9.905 9.024 8.671 8.106 4.821 8.731 9.666 9.545 11.878 7.994 11.306 12.344 9.868 6.176 9.707 9.806 9.094 9.562 7.845 10.982 13.382 14.069 7.706 7.207 7.471
-999.250 -999.250 -999.250 -999.250 -999.250 -999.250 -999.250 -999.250 -999.250 -999.250 -999.250 -999.250 -999.250 -999.250 -999.250 -999.250 -999.250 -999.250 -999.250 -999.250 -999.250 -999.250 -999.250 -999.250 -999.250 -999.250 -999.250 -999.250 -999.250 -999.250 -999.250 9.931 10.934 11.105 9.378 9.737 12.827 10.476 13.123 13.247 9.627 12.344 11.194 7.539 6.949 8.128 8.081 9.945 9.866 8.704 8.489 12.873 11.650 10.843 9.079 11.231 9.131 8.590 6.897 6.636 7.404 8.776 7.576 8.010 9.918 8.817 9.478 6.109 6.010 7.468
-999.250 -999.250 -999.250 -999.250 -999.250 -999.250 -999.250 -999.250 -999.250 -999.250 -999.250 -999.250 -999.250 -999.250 -999.250 -999.250 -999.250 -999.250 -999.250 -999.250 -999.250 -999.250 -999.250 -999.250 -999.250 -999.250 -999.250 -999.250 -999.250 -999.250 -999.250 10.543 12.661 10.683 9.926 8.581 11.906 11.466 11.296 11.642 14.131 14.247 13.799 7.832 7.286 6.347 5.528 7.978 7.486 9.764 7.191 12.627 12.750 13.044 11.537 10.156 7.888 7.050 7.970 5.950 7.730 5.424 7.005 6.812 7.427 6.496 5.511 4.258 5.566 5.975
-999.250 -999.250 -999.250 -999.250 -999.250 -999.250 -999.250 -999.250 -999.250 -999.250 -999.250 -999.250 -999.250 -999.250 -999.250 -999.250 -999.250 -999.250 -999.250 -999.250 -999.250 -999.250 -999.250 -999.250 -999.250 -999.250 -999.250 -999.250 -999.250 -999.250 -999.250 9.597 9.189 8.850 8.232 9.739 9.509 10.784 11.920 11.414 14.324 11.990 8.518 6.894 6.846 4.382 7.651 6.589 9.069 10.095 9.960 11.021 13.194 10.546 12.765 8.984 7.725 7.447 6.420 3.632 5.211 2.884 4.082 3.815 4.983 2.798 3.745 3.862 3.738 3.343
-999.250 -999.250 -999.250 -999.250 -999.250 -999.250 -999.250 -999.250 -999.250 -999.250 -999.250 -999.250 -999.250 -999.250 -999.250 -999.250 -999.250 -999.250 -999.250 -999.250 -999.250 -999.250 -999.250 -999.250 -999.250 -999.250 -999.250 -999.250 -999.250 -999.250 -999.250 10.832 9.605 8.110 6.955 7.888 8.620 12.622 11.331 10.040 13.294 9.017 7.140 7.084 8.139 4.684 5.239 6.457 9.535 8.661 9.894 10.410 10.525 13.576 11.382 9.459 6.656 6.747 5.262 5.646 5.632 5.487 3.512 1.498 0.000 0.000 0.000 0.000 1.905 2.092
