data/medianmodel_29-Mar-2020.asc
ncols	141
nrows	288
xllcorner	-120191.398
yllcorner	-301404.813
cellsize	2000.000
NODATA_value	-999.250
[rows 62 to 92 of 288, columns 69 to 137 of 141]
223.309 163.684 112.709 71.524 40.263 0.000 0.000 0.000 0.000 0.000 0.000 0.000 0.000 0.000 0.758 3.932 8.665 9.900 11.681 6.039 5.460 2.658 2.023 2.917 6.826 8.464 7.832 8.773 8.027 10.645 12.437 14.200 15.196 13.737 15.219 13.568 12.794 12.233 12.433 12.048 12.692 -999.250 -999.250 -999.250 -999.250 -999.250 -999.250 -999.250 -999.250 -999.250 -999.250 -999.250 -999.250 -999.250 -999.250 -999.250 -999.250 -999.250 -999.250 -999.250 -999.250 -999.250 -999.250 -999.250 -999.250 -999.250 -999.250 -999.250 -999.250
199.654 166.767 128.084 75.549 39.563 15.417 2.371 0.000 0.000 0.000 0.000 0.000 0.000 0.000 2.056 6.830 10.322 9.875 10.320 8.883 7.333 2.388 0.000 3.153 4.474 9.084 7.165 6.921 5.587 7.960 8.977 10.976 11.559 11.515 12.021 13.056 10.871 10.659 9.722 11.106 11.862 11.540 -999.250 -999.250 -999.250 -999.250 -999.250 -999.250 -999.250 -999.250 -999.250 -999.250 -999.250 -999.250 -999.250 -999.250 -999.250 -999.250 -999.250 -999.250 -999.250 -999.250 -999.250 -999.250 -999.250 -999.250 -999.250 -999.250 -999.250
187.131 166.457 107.313 76.956 46.330 26.430 12.819 6.658 2.438 0.000 0.000 0.000 0.000 0.538 4.876 5.689 10.474 9.532 10.183 8.953 7.803 7.873 4.274 5.475 6.386 8.231 6.692 2.370 0.000 2.418 7.705 9.390 10.257 10.451 9.445 10.224 9.947 9.928 10.300 9.753 10.290 11.561 9.476 -999.250 -999.250 -999.250 -999.250 -999.250 -999.250 -999.250 -999.250 -999.250 -999.250 -999.250 -999.250 -999.250 -999.250 -999.250 -999.250 -999.250 -999.250 -999.250 -999.250 -999.250 -999.250 -999.250 -999.250 -999.250 -999.250
168.642 152.409 132.175 77.930 54.125 30.310 20.728 12.501 5.078 2.714 0.000 0.000 0.000 0.000 3.811 7.564 10.752 9.717 13.189 11.463 9.664 10.353 7.562 7.056 7.986 8.357 6.711 2.483 1.728 4.448 6.210 7.360 7.871 7.375 9.445 8.148 8.259 8.477 8.010 7.072 7.741 8.471 10.414 -999.250 -999.250 -999.250 -999.250 -999.250 -999.250 -999.250 -999.250 -999.250 -999.250 -999.250 -999.250 -999.250 -999.250 -999.250 -999.250 -999.250 -999.250 -999.250 -999.250 -999.250 -999.250 -999.250 -999.250 -999.250 -999.250
172.769 154.457 128.023 86.328 66.295 34.758 26.903 13.005 4.922 4.210 0.000 0.000 0.000 0.000 5.601 8.492 12.320 11.070 11.548 13.418 12.311 10.617 10.346 10.207 10.843 8.196 7.690 6.180 7.008 8.109 9.090 7.940 9.431 8.996 8.508 8.185 8.304 7.967 6.588 4.504 5.529 7.093 8.025 8.513 -999.250 -999.250 -999.250 -999.250 -999.250 -999.250 -999.250 -999.250 -999.250 -999.250 -999.250 -999.250 -999.250 -999.250 -999.250 -999.250 -999.250 -999.250 -999.250 -999.250 -999.250 -999.250 -999.250 -999.250 -999.250
169.777 163.081 125.449 88.248 56.613 40.851 28.541 14.124 9.127 3.717 0.000 0.000 0.000 2.022 6.275 9.563 13.300 13.815 13.824 15.478 17.725 14.221 11.614 13.588 12.040 13.331 9.762 11.056 7.220 8.428 8.608 9.843 8.226 8.276 8.728 7.107 8.085 7.046 7.083 2.964 0.000 3.749 6.547 9.238 10.297 -999.250 -999.250 -999.250 -999.250 -999.250 -999.250 -999.250 -999.250 -999.250 -999.250 -999.250 -999.250 -999.250 -999.250 -999.250 -999.250 -999.250 -999.250 -999.250 -999.250 -999.250 -999.250 -999.250 -999.250
180.858 144.596 107.467 78.281 57.254 38.249 27.290 14.881 7.594 0.068 0.000 0.000 0.000 3.914 5.931 8.361 11.676 12.797 16.428 18.673 21.829 19.116 19.193 17.333 18.736 15.485 14.088 12.955 13.209 10.425 10.611 10.851 9.723 10.588 5.175 8.470 7.893 5.884 5.777 4.175 3.095 4.059 6.433 8.702 9.137 -999.250 -999.250 -999.250 -999.250 -999.250 -999.250 -999.250 -999.250 -999.250 -999.250 -999.250 -999.250 -999.250 -999.250 -999.250 -999.250 -999.250 -999.250 -999.250 -999.250 -999.250 -999.250 -999.250 -999.250
167.755 135.562 101.788 81.572 49.851 32.158 18.608 9.434 1.662 0.000 0.000 0.000 0.000 2.038 7.494 8.980 11.042 13.893 17.243 20.875 25.653 23.811 24.012 23.796 25.874 21.899 20.313 16.636 16.736 15.222 12.024 11.634 10.665 7.750 7.150 7.609 5.643 5.982 3.179 3.749 3.537 4.550 6.356 7.511 7.180 -999.250 -999.250 -999.250 -999.250 -999.250 -999.250 -999.250 -999.250 -999.250 -999.250 -999.250 -999.250 -999.250 -999.250 -999.250 -999.250 -999.250 -999.250 -999.250 -999.250 -999.250 -999.250 -999.250 -999.250
148.320 117.020 88.480 63.053 47.796 29.567 13.249 4.506 0.000 0.000 0.000 0.000 1.450 3.510 6.611 8.911 12.603 14.206 18.532 22.810 25.661 25.826 27.398 29.681 27.618 28.470 24.826 19.441 18.390 14.278 14.535 13.158 12.109 9.260 8.559 7.146 8.911 5.766 6.569 5.765 5.496 7.217 7.890 8.021 9.639 9.868 11.424 -999.250 -999.250 -999.250 -999.250 -999.250 -999.250 -999.250 -999.250 -999.250 -999.250 -999.250 -999.250 -999.250 -999.250 -999.250 -999.250 -999.250 -999.250 -999.250 -999.250 -999.250 -999.250
92.074 83.432 64.408 56.493 42.255 27.315 11.123 0.000 0.000 0.000 0.000 0.000 1.230 4.783 7.187 9.318 10.186 13.528 21.114 22.098 24.461 26.302 30.715 32.777 34.009 30.381 32.540 26.584 24.111 17.445 18.016 14.248 12.077 11.360 9.575 9.789 8.562 7.248 5.306 7.111 7.865 8.117 7.986 9.008 9.637 10.595 9.983 -999.250 -999.250 -999.250 -999.250 -999.250 -999.250 -999.250 -999.250 -999.250 -999.250 -999.250 -999.250 -999.250 -999.250 -999.250 -999.250 -999.250 -999.250 -999.250 -999.250 -999.250 -999.250
76.555 63.088 60.140 39.550 34.019 22.962 8.942 0.000 0.000 0.000 0.000 0.000 3.362 6.885 6.780 9.244 9.857 13.112 16.952 22.982 29.828 34.768 37.317 40.261 38.272 31.933 33.784 29.593 29.368 26.719 22.957 16.694 12.812 12.925 11.740 8.730 9.177 9.371 6.604 5.680 8.743 9.054 9.068 9.613 8.495 11.233 -999.250 -999.250 -999.250 -999.250 -999.250 -999.250 -999.250 -999.250 -999.250 -999.250 -999.250 -999.250 -999.250 -999.250 -999.250 -999.250 -999.250 -999.250 -999.250 -999.250 -999.250 -999.250 -999.250
57.026 55.817 48.756 39.841 28.521 16.289 9.578 0.873 0.000 0.000 0.000 0.000 1.874 3.837 5.174 5.531 9.514 12.888 18.701 24.028 31.179 35.798 40.062 41.626 45.118 39.173 37.580 31.487 29.000 28.569 26.199 20.298 16.175 14.825 12.514 10.839 9.738 7.753 7.975 6.892 8.265 9.428 11.175 10.378 12.254 11.828 -999.250 -999.250 -999.250 -999.250 -999.250 -999.250 -999.250 -999.250 -999.250 -999.250 -999.250 -999.250 -999.250 -999.250 -999.250 -999.250 -999.250 -999.250 -999.250 -999.250 -999.250 -999.250 -999.250
46.906 43.034 41.063 31.904 20.590 15.201 7.750 3.952 0.000 0.000 0.000 0.126 1.725 0.510 2.909 4.649 7.371 12.462 16.979 26.750 30.055 35.921 40.703 46.623 48.775 42.760 39.149 34.100 34.069 29.387 26.843 24.927 17.878 16.169 13.873 11.047 11.032 9.220 9.543 9.282 10.113 10.892 8.756 10.181 13.222 12.161 -999.250 -999.250 -999.250 -999.250 -999.250 -999.250 -999.250 -999.250 -999.250 -999.250 -999.250 -999.250 -999.250 -999.250 -999.250 -999.250 -999.250 -999.250 -999.250 -999.250 -999.250 -999.250 -999.250
40.170 33.483 31.208 23.944 18.632 13.431 8.658 3.546 0.000 0.000 0.000 0.000 0.000 0.000 0.622 0.985 4.519 11.140 15.810 23.124 30.551 34.756 43.648 56.338 50.254 43.672 40.449 36.981 33.185 26.177 27.177 23.838 23.992 17.816 14.712 11.749 10.837 10.842 9.667 11.274 12.304 12.249 10.471 11.939 13.521 12.271 -999.250 -999.250 -999.250 -999.250 -999.250 -999.250 -999.250 -999.250 -999.250 -999.250 -999.250 -999.250 -999.250 -999.250 -999.250 -999.250 -999.250 -999.250 -999.250 -999.250 -999.250 -999.250 -999.250
41.954 31.855 28.498 22.937 16.732 14.244 7.480 3.554 0.000 0.000 0.000 0.000 0.000 0.000 0.000 0.000 0.000 6.979 12.910 22.263 27.788 35.087 44.442 45.640 46.450 39.946 40.226 31.713 29.472 27.237 22.280 23.116 21.438 16.775 15.147 13.594 11.992 11.724 11.422 11.357 11.775 12.301 13.284 13.267 15.702 13.382 -999.250 -999.250 -999.250 -999.250 -999.250 -999.250 -999.250 -999.250 -999.250 -999.250 -999.250 -999.250 -999.250 -999.250 -999.250 -999.250 -999.250 -999.250 -999.250 -999.250 -999.250 -999.250 -999.250
34.268 29.522 28.051 23.939 15.041 12.842 8.643 4.522 0.000 0.000 0.000 0.000 0.000 0.000 0.000 0.000 0.996 8.842 12.598 20.767 25.810 28.999 34.995 36.847 41.787 39.399 37.462 32.880 29.978 25.428 26.159 24.845 19.037 15.582 14.888 16.731 14.944 13.421 10.773 11.659 15.101 13.693 18.330 16.962 17.495 18.672 -999.250 -999.250 -999.250 -999.250 -999.250 -999.250 -999.250 -999.250 -999.250 -999.250 -999.250 -999.250 -999.250 -999.250 -999.250 -999.250 -999.250 -999.250 -999.250 -999.250 -999.250 -999.250 -999.250
24.603 25.463 25.726 18.180 16.021 12.661 7.620 4.740 0.265 0.000 0.000 0.000 0.000 0.000 0.147 1.221 2.778 6.379 13.248 16.477 24.373 26.057 25.314 31.416 36.864 36.000 32.832 30.756 28.781 24.613 26.754 21.343 18.278 18.318 15.160 16.740 13.717 15.176 14.931 14.184 17.298 20.154 23.132 21.534 19.804 20.165 -999.250 -999.250 -999.250 -999.250 -999.250 -999.250 -999.250 -999.250 -999.250 -999.250 -999.250 -999.250 -999.250 -999.250 -999.250 -999.250 -999.250 -999.250 -999.250 -999.250 -999.250 -999.250 -999.250
24.154 22.594 20.127 16.031 12.431 12.473 8.425 5.911 2.256 0.000 0.000 0.000 0.000 0.000 0.000 1.950 5.759 9.528 10.602 13.780 20.663 25.174 24.387 26.534 30.033 30.179 29.146 28.391 23.734 25.483 25.341 21.947 17.526 19.152 17.357 14.019 12.837 16.416 18.095 20.403 23.314 22.255 25.144 23.696 25.047 26.970 -999.250 -999.250 -999.250 -999.250 -999.250 -999.250 -999.250 -999.250 -999.250 -999.250 -999.250 -999.250 -999.250 -999.250 -999.250 -999.250 -999.250 -999.250 -999.250 -999.250 -999.250 -999.250 -999.250
18.100 18.782 16.082 13.172 12.279 9.983 6.053 3.446 2.375 0.000 0.000 0.000 0.000 0.000 0.000 1.498 5.882 6.676 10.532 13.067 17.131 21.467 21.338 24.476 27.719 29.109 28.300 24.180 22.716 25.114 24.435 20.610 17.151 17.177 17.998 16.903 16.432 19.777 17.901 23.826 23.268 20.582 23.200 23.271 22.949 27.192 20.724 -999.250 -999.250 -999.250 -999.250 -999.250 -999.250 -999.250 -999.250 -999.250 -999.250 -999.250 -999.250 -999.250 -999.250 -999.250 -999.250 -999.250 -999.250 -999.250 -999.250 -999.250 -999.250
18.482 15.763 15.145 12.290 10.753 9.661 6.229 2.172 0.909 0.000 0.000 0.000 0.000 0.000 0.000 3.267 6.060 6.910 9.099 11.346 12.360 14.558 17.954 19.283 20.230 22.937 22.962 22.851 19.278 25.754 21.066 16.778 15.705 17.533 18.026 20.305 17.900 18.337 17.034 20.774 23.297 23.011 24.550 25.705 24.763 28.835 29.042 -999.250 -999.250 -999.250 -999.250 -999.250 -999.250 -999.250 -999.250 -999.250 -999.250 -999.250 -999.250 -999.250 -999.250 -999.250 -999.250 -999.250 -999.250 -999.250 -999.250 -999.250 -999.250
16.453 15.042 12.276 13.008 11.197 7.457 5.189 3.282 0.751 0.000 0.000 0.219 0.000 0.000 0.000 3.274 3.307 5.702 7.577 7.857 8.550 11.130 11.814 14.730 16.972 18.695 18.035 17.745 18.702 20.860 17.741 15.916 16.435 14.726 20.616 17.056 17.870 23.590 22.930 25.560 25.139 25.322 29.118 30.590 29.196 30.662 31.056 -999.250 -999.250 -999.250 -999.250 -999.250 -999.250 -999.250 -999.250 -999.250 -999.250 -999.250 -999.250 -999.250 -999.250 -999.250 -999.250 -999.250 -999.250 -999.250 -999.250 -999.250 -999.250
15.296 13.073 12.085 12.381 11.857 8.444 5.083 2.160 1.919 2.325 0.541 1.774 0.054 0.000 0.000 0.000 2.438 2.959 4.882 3.102 3.861 6.394 6.936 10.249 11.320 14.898 16.522 16.629 20.793 23.013 19.375 19.531 19.213 18.969 16.631 23.955 14.831 21.076 24.115 26.590 27.302 31.600 31.474 28.830 27.953 32.441 29.942 -999.250 -999.250 -999.250 -999.250 -999.250 -999.250 -999.250 -999.250 -999.250 -999.250 -999.250 -999.250 -999.250 -999.250 -999.250 -999.250 -999.250 -999.250 -999.250 -999.250 -999.250 -999.250
15.761 14.141 13.227 12.276 11.081 6.992 3.707 0.527 0.002 0.976 4.548 3.119 1.676 1.152 0.000 0.000 0.655 2.247 2.545 2.113 1.173 0.000 2.057 7.886 9.820 13.058 12.626 14.821 15.681 16.898 17.289 18.892 17.965 22.293 22.295 21.596 20.773 19.543 24.896 30.131 26.510 33.003 32.657 33.623 32.683 34.305 -999.250 -999.250 -999.250 -999.250 -999.250 -999.250 -999.250 -999.250 -999.250 -999.250 -999.250 -999.250 -999.250 -999.250 -999.250 -999.250 -999.250 -999.250 -999.250 -999.250 -999.250 -999.250 -999.250
13.612 13.825 13.255 12.156 10.968 7.783 2.896 0.000 1.075 3.610 5.112 3.638 4.358 4.726 4.321 2.557 2.798 2.970 0.569 1.321 0.000 0.354 3.997 6.428 9.677 9.615 8.038 11.334 13.341 15.984 15.160 14.732 17.427 19.726 22.090 22.310 21.093 17.603 24.521 26.937 29.288 29.796 32.651 31.126 30.583 34.866 -999.250 -999.250 -999.250 -999.250 -999.250 -999.250 -999.250 -999.250 -999.250 -999.250 -999.250 -999.250 -999.250 -999.250 -999.250 -999.250 -999.250 -999.250 -999.250 -999.250 -999.250 -999.250 -999.250
12.015 11.789 13.008 11.917 10.403 9.609 5.725 3.785 5.441 7.035 6.413 6.215 7.652 5.723 6.515 3.999 2.825 1.537 0.159 2.316 0.052 0.366 3.333 3.310 7.078 8.320 8.489 9.516 12.168 12.023 15.206 15.536 21.550 20.549 21.339 21.696 23.385 21.473 25.626 25.602 29.586 32.693 29.044 29.209 26.283 -999.250 -999.250 -999.250 -999.250 -999.250 -999.250 -999.250 -999.250 -999.250 -999.250 -999.250 -999.250 -999.250 -999.250 -999.250 -999.250 -999.250 -999.250 -999.250 -999.250 -999.250 -999.250 -999.250 -999.250
14.938 13.796 13.209 11.154 11.348 9.257 7.195 8.705 6.532 9.315 8.355 9.293 9.142 10.160 9.190 5.756 6.435 3.089 2.544 2.078 4.057 3.067 4.097 5.213 7.489 7.200 6.888 7.826 10.028 12.058 14.817 14.578 17.830 19.745 21.600 23.973 21.067 25.725 20.679 27.257 25.223 24.898 25.217 27.385 23.274 -999.250 -999.250 -999.250 -999.250 -999.250 -999.250 -999.250 -999.250 -999.250 -999.250 -999.250 -999.250 -999.250 -999.250 -999.250 -999.250 -999.250 -999.250 -999.250 -999.250 -999.250 -999.250 -999.250 -999.250
12.000 12.540 14.275 13.078 12.197 10.403 10.614 11.731 11.491 10.256 11.350 11.260 9.923 10.279 9.259 9.292 7.822 5.762 6.365 5.371 3.993 5.652 6.498 5.662 5.785 5.339 6.645 7.260 7.698 10.946 12.835 13.408 14.931 14.357 18.123 22.304 18.154 22.328 22.968 25.013 20.652 26.230 22.077 27.888 24.540 23.800 21.919 -999.250 -999.250 -999.250 -999.250 -999.250 -999.250 -999.250 -999.250 -999.250 -999.250 -999.250 -999.250 -999.250 -999.250 -999.250 -999.250 -999.250 -999.250 -999.250 -999.250 -999.250 -999.250
14.375 13.272 15.415 14.184 13.841 12.292 15.025 13.076 11.741 11.800 12.645 12.709 11.190 11.518 10.803 10.229 7.002 6.583 6.130 5.732 4.011 3.945 2.987 4.119 3.457 6.583 5.607 6.713 8.268 10.765 10.958 14.041 15.142 17.133 15.339 17.573 19.078 18.055 21.297 22.679 19.313 18.988 20.171 20.505 18.161 19.727 20.649 -999.250 -999.250 -999.250 -999.250 -999.250 -999.250 -999.250 -999.250 -999.250 -999.250 -999.250 -999.250 -999.250 -999.250 -999.250 -999.250 -999.250 -999.250 -999.250 -999.250 -999.250 -999.250
11.729 14.104 15.364 14.012 12.750 13.157 12.798 12.940 12.346 12.280 14.162 11.603 12.814 16.146 12.302 10.838 8.089 6.610 7.193 4.573 4.176 1.912 2.193 3.936 5.840 6.272 6.543 5.769 7.904 8.370 12.124 12.256 13.163 14.409 14.983 14.314 17.213 19.388 18.173 16.438 16.316 19.126 19.773 19.609 15.233 14.863 16.636 -999.250 -999.250 -999.250 -999.250 -999.250 -999.250 -999.250 -999.250 -999.250 -999.250 -999.250 -999.250 -999.250 -999.250 -999.250 -999.250 -999.250 -999.250 -999.250 -999.250 -999.250 -999.250
13.892 13.872 14.192 13.415 14.838 12.318 12.943 15.758 15.182 14.135 17.617 14.947 14.493 13.796 12.491 9.581 9.482 8.037 6.676 6.755 4.093 3.629 3.067 3.189 6.362 6.040 4.078 4.764 6.874 8.477 9.636 12.667 13.126 16.330 14.490 15.110 16.029 16.535 17.557 17.820 17.453 19.714 14.985 15.083 12.937 11.516 -999.250 -999.250 -999.250 -999.250 -999.250 -999.250 -999.250 -999.250 -999.250 -999.250 -999.250 -999.250 -999.250 -999.250 -999.250 -999.250 -999.250 -999.250 -999.250 -999.250 -999.250 -999.250 -999.250
12.018 12.316 13.719 13.162 12.100 13.096 16.149 16.826 14.076 17.330 16.823 14.721 15.766 15.129 13.832 10.518 8.551 6.601 4.572 4.296 1.967 3.611 2.265 3.708 5.896 4.886 1.730 3.026 4.708 6.998 8.675 11.040 13.989 13.046 12.804 14.412 16.118 16.392 14.468 14.245 15.313 14.943 14.452 13.846 15.379 13.452 -999.250 -999.250 -999.250 -999.250 -999.250 -999.250 -999.250 -999.250 -999.250 -999.250 -999.250 -999.250 -999.250 -999.250 -999.250 -999.250 -999.250 -999.250 -999.250 -999.250 -999.250 -999.250 -999.250
