data/medianmodel_24-Oct-2020.asc
ncols	141
nrows	288
xllcorner	-120191.398
yllcorner	-301404.813
cellsize	2000.000
NODATA_value	-999.250
[rows 210 to 239 of 288, columns 66 to 131 of 141]
178.099 163.314 152.081 142.757 126.237 124.494 102.595 112.177 89.150 86.499 73.905 72.387 64.525 80.550 69.207 69.272 74.666 82.304 81.222 81.945 86.602 69.874 74.399 71.013 68.321 60.354 49.899 40.247 36.446 25.785 13.002 17.598 19.040 -999.250 -999.250 -999.250 -999.250 -999.250 -999.250 -999.250 -999.250 -999.250 -999.250 -999.250 -999.250 -999.250 -999.250 -999.250 -999.250 -999.250 -999.250 -999.250 -999.250 -999.250 -999.250 -999.250 -999.250 -999.250 -999.250 -999.250 -999.250 -999.250 -999.250 -999.250 -999.250 -999.250
178.603 155.847 147.957 129.470 121.337 103.983 94.958 91.947 86.007 81.835 70.535 59.029 58.973 63.421 59.272 54.944 61.569 63.464 65.434 76.367 87.508 76.675 71.876 51.495 62.257 55.053 53.504 40.082 37.432 30.190 30.007 25.551 24.745 27.327 -999.250 -999.250 -999.250 -999.250 -999.250 -999.250 -999.250 -999.250 -999.250 -999.250 -999.250 -999.250 -999.250 -999.250 -999.250 -999.250 -999.250 -999.250 -999.250 -999.250 -999.250 -999.250 -999.250 -999.250 -999.250 -999.250 -999.250 -999.250 -999.250 -999.250 -999.250 -999.250
149.190 135.111 121.146 111.018 108.053 97.778 87.649 80.146 83.704 72.452 60.748 54.173 52.931 49.982 50.320 56.417 56.811 53.669 59.588 79.829 74.450 75.955 70.660 65.406 66.778 56.619 61.343 46.212 37.345 38.072 28.636 31.221 31.423 32.206 32.576 -999.250 -999.250 -999.250 -999.250 -999.250 -999.250 -999.250 -999.250 -999.250 -999.250 -999.250 -999.250 -999.250 -999.250 -999.250 -999.250 -999.250 -999.250 -999.250 -999.250 -999.250 -999.250 -999.250 -999.250 -999.250 -999.250 -999.250 -999.250 -999.250 -999.250 -999.250
116.458 106.134 97.733 87.293 90.777 85.079 84.677 74.632 67.446 67.196 51.784 45.832 34.317 42.461 44.825 52.817 60.245 65.153 67.059 67.106 75.898 73.321 79.969 67.593 64.962 52.919 59.932 48.856 46.995 42.027 38.511 33.052 32.716 32.898 35.631 -999.250 -999.250 -999.250 -999.250 -999.250 -999.250 -999.250 -999.250 -999.250 -999.250 -999.250 -999.250 -999.250 -999.250 -999.250 -999.250 -999.250 -999.250 -999.250 -999.250 -999.250 -999.250 -999.250 -999.250 -999.250 -999.250 -999.250 -999.250 -999.250 -999.250 -999.250
77.859 79.366 78.333 82.767 78.186 75.411 69.093 54.567 54.820 59.625 55.221 49.886 41.768 38.768 41.393 47.149 51.889 63.085 64.861 66.736 71.537 73.884 68.605 64.844 65.915 65.988 62.206 50.194 58.588 45.167 40.936 37.472 34.163 38.690 38.217 35.348 -999.250 -999.250 -999.250 -999.250 -999.250 -999.250 -999.250 -999.250 -999.250 -999.250 -999.250 -999.250 -999.250 -999.250 -999.250 -999.250 -999.250 -999.250 -999.250 -999.250 -999.250 -999.250 -999.250 -999.250 -999.250 -999.250 -999.250 -999.250 -999.250 -999.250
54.973 65.265 66.696 75.987 71.614 67.461 67.943 63.029 58.129 57.198 50.892 49.526 50.502 50.502 50.670 56.721 55.018 64.322 59.745 59.996 80.088 74.261 70.575 66.977 60.806 70.733 64.137 55.156 53.488 51.044 48.070 43.178 35.484 34.102 36.714 35.796 34.003 -999.250 -999.250 -999.250 -999.250 -999.250 -999.250 -999.250 -999.250 -999.250 -999.250 -999.250 -999.250 -999.250 -999.250 -999.250 -999.250 -999.250 -999.250 -999.250 -999.250 -999.250 -999.250 -999.250 -999.250 -999.250 -999.250 -999.250 -999.250 -999.250
32.589 44.943 55.588 66.610 68.408 70.794 71.530 65.755 67.333 61.928 61.300 55.777 64.078 49.985 58.527 64.464 61.276 51.402 65.245 69.839 71.838 78.518 81.848 72.098 80.874 63.925 52.376 55.068 53.318 57.198 49.058 50.185 41.740 38.731 39.325 34.248 32.173 -999.250 -999.250 -999.250 -999.250 -999.250 -999.250 -999.250 -999.250 -999.250 -999.250 -999.250 -999.250 -999.250 -999.250 -999.250 -999.250 -999.250 -999.250 -999.250 -999.250 -999.250 -999.250 -999.250 -999.250 -999.250 -999.250 -999.250 -999.250 -999.250
20.949 37.350 42.876 63.090 79.392 72.765 73.196 69.822 67.703 72.595 72.452 64.765 57.314 60.562 62.014 64.631 69.320 66.087 72.865 77.826 76.391 80.027 70.914 75.105 75.452 65.803 62.561 58.666 50.412 60.775 43.860 42.510 36.846 39.294 39.556 41.325 40.874 -999.250 -999.250 -999.250 -999.250 -999.250 -999.250 -999.250 -999.250 -999.250 -999.250 -999.250 -999.250 -999.250 -999.250 -999.250 -999.250 -999.250 -999.250 -999.250 -999.250 -999.250 -999.250 -999.250 -999.250 -999.250 -999.250 -999.250 -999.250 -999.250
29.060 44.476 57.368 60.747 73.626 77.162 72.888 76.750 72.700 77.945 75.736 72.698 72.112 63.619 69.641 78.247 78.497 73.674 70.443 89.722 92.012 74.666 70.199 79.951 70.135 69.367 63.269 56.292 59.351 63.016 52.887 41.791 43.393 39.201 39.386 37.468 36.618 29.785 -999.250 -999.250 -999.250 -999.250 -999.250 -999.250 -999.250 22.305 -999.250 -999.250 -999.250 -999.250 -999.250 -999.250 -999.250 -999.250 -999.250 -999.250 -999.250 -999.250 -999.250 -999.250 -999.250 -999.250 -999.250 -999.250 -999.250 -999.250
40.805 65.651 70.529 77.495 86.452 89.252 91.027 81.911 82.288 86.321 80.566 79.595 82.097 68.395 75.278 84.369 75.785 82.667 82.472 77.918 92.161 72.603 71.452 60.904 53.868 70.015 61.231 72.880 53.745 55.459 59.265 48.628 44.214 45.855 42.665 40.001 36.569 30.801 28.513 -999.250 -999.250 -999.250 18.528 17.091 18.891 22.259 -999.250 -999.250 -999.250 -999.250 -999.250 -999.250 -999.250 -999.250 -999.250 -999.250 -999.250 -999.250 -999.250 -999.250 -999.250 -999.250 -999.250 -999.250 -999.250 -999.250
61.903 72.905 91.550 106.765 108.814 109.173 107.460 115.479 86.388 87.657 92.846 86.658 90.960 81.999 83.414 85.294 80.703 81.859 81.908 82.647 77.924 73.953 67.902 59.508 63.976 55.091 54.173 58.997 57.162 49.718 56.016 64.849 58.332 42.189 46.495 46.960 36.978 35.420 27.960 -999.250 10.909 10.644 8.054 13.601 21.171 -999.250 -999.250 -999.250 -999.250 -999.250 -999.250 -999.250 -999.250 -999.250 -999.250 -999.250 -999.250 -999.250 -999.250 -999.250 -999.250 -999.250 -999.250 -999.250 -999.250 -999.250
83.963 106.336 120.373 138.555 124.180 127.764 119.456 117.655 115.619 105.786 98.671 87.686 84.896 94.140 88.182 87.061 77.700 84.506 82.890 76.790 74.104 76.701 61.649 65.572 53.930 44.974 49.264 50.816 48.857 56.537 61.171 61.587 64.567 52.785 45.075 37.087 38.184 30.209 25.113 19.312 9.911 0.000 7.873 17.386 20.160 -999.250 -999.250 -999.250 -999.250 -999.250 -999.250 -999.250 -999.250 -999.250 -999.250 -999.250 -999.250 -999.250 -999.250 -999.250 -999.250 -999.250 -999.250 -999.250 -999.250 -999.250
109.906 124.321 141.554 155.131 165.363 182.028 144.829 148.891 135.719 122.358 117.008 113.108 104.881 86.650 88.501 79.346 82.014 76.980 80.023 76.646 79.532 68.939 56.479 62.483 53.675 45.740 36.449 49.270 59.716 56.732 48.730 55.226 56.744 55.867 53.640 52.570 44.808 36.391 26.165 17.315 11.538 6.853 10.952 22.189 22.825 -999.250 -999.250 -999.250 -999.250 -999.250 -999.250 -999.250 -999.250 -999.250 -999.250 -999.250 -999.250 -999.250 -999.250 -999.250 -999.250 -999.250 -999.250 -999.250 -999.250 -999.250
132.691 159.303 170.582 181.214 213.798 188.127 194.436 169.745 179.757 154.419 139.328 147.494 127.499 105.875 89.877 80.372 82.634 96.493 85.709 83.751 75.369 70.560 58.902 61.612 55.299 51.148 48.178 45.130 58.160 54.507 56.537 61.234 61.867 71.244 64.847 49.075 49.415 43.437 34.638 28.715 21.085 18.792 28.261 28.833 28.600 -999.250 -999.250 -999.250 -999.250 -999.250 -999.250 -999.250 -999.250 -999.250 -999.250 -999.250 -999.250 -999.250 -999.250 -999.250 -999.250 -999.250 -999.250 -999.250 -999.250 -999.250
176.930 170.868 183.685 212.024 245.604 249.178 237.581 222.986 208.148 192.967 181.644 151.281 138.875 121.140 87.897 82.089 82.538 100.673 101.819 90.293 95.014 62.052 68.608 65.646 52.587 56.866 49.614 52.288 59.534 68.959 64.747 68.876 65.397 68.721 70.105 61.557 48.988 44.535 39.380 26.505 24.401 27.681 31.414 35.236 -999.250 -999.250 -999.250 -999.250 -999.250 -999.250 -999.250 -999.250 -999.250 -999.250 -999.250 -999.250 -999.250 -999.250 -999.250 -999.250 -999.250 -999.250 -999.250 -999.250 -999.250 -999.250
204.597 204.683 226.163 259.389 265.169 252.278 266.171 242.228 218.250 208.822 196.612 171.833 159.537 147.776 103.497 88.207 92.401 100.762 98.285 89.898 83.336 69.459 67.912 69.929 71.730 66.698 59.631 61.512 67.969 74.347 66.953 62.906 65.932 70.887 62.109 60.908 55.768 52.822 43.338 44.360 36.347 35.479 40.028 31.224 -999.250 -999.250 -999.250 -999.250 -999.250 -999.250 -999.250 -999.250 -999.250 -999.250 -999.250 -999.250 -999.250 -999.250 -999.250 -999.250 -999.250 -999.250 -999.250 -999.250 -999.250 -999.250
217.312 255.109 286.716 343.183 354.652 296.626 297.587 231.320 285.055 249.657 235.689 192.337 177.811 157.194 136.964 111.773 108.199 115.835 97.378 93.273 77.424 74.383 73.501 80.882 78.901 64.720 67.366 73.639 65.683 71.115 74.770 67.333 74.030 63.005 63.085 67.283 59.127 59.107 52.321 43.440 39.279 49.731 37.264 37.533 -999.250 -999.250 -999.250 -999.250 -999.250 -999.250 -999.250 -999.250 -999.250 -999.250 -999.250 -999.250 -999.250 -999.250 -999.250 -999.250 -999.250 -999.250 -999.250 -999.250 -999.250 -999.250
221.688 279.399 342.456 404.725 372.367 343.336 308.487 312.432 293.952 272.413 243.212 192.218 191.188 166.105 144.224 138.941 110.533 106.218 107.411 99.440 82.605 77.842 87.317 88.346 78.782 74.015 76.854 72.343 73.554 68.350 89.906 85.851 83.558 73.729 76.382 66.576 77.587 72.773 63.555 49.112 51.682 48.477 43.781 -999.250 -999.250 -999.250 -999.250 -999.250 -999.250 -999.250 -999.250 -999.250 -999.250 -999.250 -999.250 -999.250 -999.250 -999.250 -999.250 -999.250 -999.250 -999.250 -999.250 -999.250 -999.250 -999.250
258.435 294.796 386.404 443.179 467.983 399.085 370.416 317.474 323.017 279.879 245.650 220.612 192.655 180.861 149.720 175.761 135.120 121.888 113.182 99.047 85.327 90.862 82.422 92.082 91.342 67.877 72.649 69.001 70.202 93.825 90.803 100.854 97.216 87.764 74.893 76.619 76.631 71.924 -999.250 -999.250 59.254 59.546 50.007 -999.250 -999.250 -999.250 -999.250 -999.250 -999.250 -999.250 -999.250 -999.250 -999.250 -999.250 -999.250 -999.250 -999.250 -999.250 -999.250 -999.250 -999.250 -999.250 -999.250 -999.250 -999.250 -999.250
257.464 320.931 401.726 464.293 515.203 433.624 382.798 360.935 307.792 304.304 274.586 215.080 183.268 186.932 142.502 139.216 133.027 103.175 105.858 99.629 93.884 97.618 98.466 93.607 90.592 76.971 81.329 75.437 91.413 90.132 97.217 101.576 84.519 84.063 83.228 67.499 68.731 70.198 -999.250 -999.250 -999.250 -999.250 -999.250 -999.250 -999.250 -999.250 -999.250 -999.250 -999.250 -999.250 -999.250 -999.250 -999.250 -999.250 -999.250 -999.250 -999.250 -999.250 -999.250 -999.250 -999.250 -999.250 -999.250 -999.250 -999.250 -999.250
275.539 350.479 359.322 474.996 442.117 440.145 361.733 333.521 279.817 277.083 252.770 193.289 192.116 165.778 150.553 132.525 122.613 117.597 115.536 105.945 95.029 100.827 92.195 96.736 92.188 92.735 87.561 91.035 101.758 91.823 113.890 90.624 82.512 89.225 -999.250 -999.250 75.468 -999.250 -999.250 -999.250 -999.250 -999.250 -999.250 -999.250 -999.250 -999.250 -999.250 -999.250 -999.250 -999.250 -999.250 -999.250 -999.250 -999.250 -999.250 -999.250 -999.250 -999.250 -999.250 -999.250 -999.250 -999.250 -999.250 -999.250 -999.250 -999.250
283.817 331.069 388.883 392.443 434.871 398.063 331.248 325.874 287.358 251.934 209.186 201.924 200.317 177.954 139.929 141.084 120.814 120.692 104.603 101.564 105.226 99.976 114.175 97.582 108.739 87.405 96.146 111.987 112.986 100.062 97.502 106.013 -999.250 -999.250 -999.250 -999.250 -999.250 -999.250 -999.250 -999.250 -999.250 -999.250 -999.250 -999.250 -999.250 -999.250 -999.250 -999.250 -999.250 -999.250 -999.250 -999.250 -999.250 -999.250 -999.250 -999.250 -999.250 -999.250 -999.250 -999.250 -999.250 -999.250 -999.250 -999.250 -999.250 -999.250
258.112 279.739 323.479 360.498 397.698 361.292 307.834 312.461 287.648 241.124 191.238 178.173 180.789 151.894 133.729 136.239 120.110 123.669 106.653 94.286 92.076 99.926 113.120 105.907 101.939 106.554 119.667 102.600 105.262 93.225 94.604 88.193 -999.250 -999.250 -999.250 -999.250 -999.250 -999.250 -999.250 -999.250 -999.250 -999.250 -999.250 -999.250 -999.250 -999.250 -999.250 -999.250 -999.250 -999.250 -999.250 -999.250 -999.250 -999.250 -999.250 -999.250 -999.250 -999.250 -999.250 -999.250 -999.250 -999.250 -999.250 -999.250 -999.250 -999.250
234.470 217.221 287.855 304.971 330.318 315.919 298.544 270.342 244.765 219.481 183.626 185.265 165.936 136.644 140.331 135.295 111.856 116.768 118.595 95.422 99.302 115.012 126.649 106.649 119.274 114.703 116.692 125.193 108.939 103.626 96.744 85.428 -999.250 -999.250 -999.250 -999.250 -999.250 -999.250 -999.250 -999.250 -999.250 -999.250 -999.250 -999.250 -999.250 -999.250 -999.250 -999.250 -999.250 -999.250 -999.250 -999.250 -999.250 -999.250 -999.250 -999.250 -999.250 -999.250 -999.250 -999.250 -999.250 -999.250 -999.250 -999.250 -999.250 -999.250
189.875 240.074 239.206 277.077 286.567 281.389 255.340 292.598 250.462 206.880 195.654 178.593 162.225 152.629 146.774 127.203 114.878 105.262 115.521 99.447 117.799 126.487 121.320 107.319 116.259 145.099 131.900 122.477 125.523 113.031 99.620 83.130 -999.250 -999.250 -999.250 -999.250 -999.250 -999.250 -999.250 -999.250 -999.250 -999.250 -999.250 -999.250 -999.250 -999.250 -999.250 -999.250 -999.250 -999.250 -999.250 -999.250 -999.250 -999.250 -999.250 -999.250 -999.250 -999.250 -999.250 -999.250 -999.250 -999.250 -999.250 -999.250 -999.250 -999.250
173.988 215.256 228.763 287.928 269.877 286.951 252.146 262.171 189.424 191.633 183.917 177.047 174.564 139.702 130.306 124.087 128.965 104.026 108.735 109.162 107.469 107.638 114.661 123.799 114.230 134.067 140.281 107.256 108.849 102.427 89.736 -999.250 -999.250 -999.250 -999.250 -999.250 -999.250 -999.250 -999.250 -999.250 -999.250 -999.250 -999.250 -999.250 -999.250 -999.250 -999.250 -999.250 -999.250 -999.250 -999.250 -999.250 -999.250 -999.250 -999.250 -999.250 -999.250 -999.250 -999.250 -999.250 -999.250 -999.250 -999.250 -999.250 -999.250 -999.250
170.132 189.679 210.081 256.430 271.233 237.665 221.511 203.080 176.659 172.795 185.898 145.817 172.863 141.422 117.853 122.691 125.465 109.660 106.171 104.866 105.209 109.691 104.382 126.647 126.650 125.643 125.811 110.368 105.262 94.232 102.002 -999.250 -999.250 -999.250 -999.250 -999.250 -999.250 -999.250 -999.250 -999.250 -999.250 -999.250 -999.250 -999.250 -999.250 -999.250 -999.250 -999.250 -999.250 -999.250 -999.250 -999.250 -999.250 -999.250 -999.250 -999.250 -999.250 -999.250 -999.250 -999.250 -999.250 -999.250 -999.250 -999.250 -999.250 -999.250
153.798 193.400 199.968 221.478 211.290 206.667 218.429 179.219 181.007 186.443 175.221 175.406 164.605 137.530 135.304 118.229 120.265 123.981 120.872 108.345 117.163 123.481 116.210 114.618 122.128 125.065 107.785 112.918 101.935 97.001 97.523 -999.250 -999.250 -999.250 -999.250 -999.250 -999.250 -999.250 -999.250 -999.250 -999.250 -999.250 -999.250 -999.250 -999.250 -999.250 -999.250 -999.250 -999.250 -999.250 -999.250 -999.250 -999.250 -999.250 -999.250 -999.250 -999.250 -999.250 -999.250 -999.250 -999.250 -999.250 -999.250 -999.250 -999.250 -999.250
158.384 174.491 192.491 192.725 200.505 180.356 173.934 182.043 171.199 179.470 151.534 154.170 158.469 164.637 147.931 130.412 140.918 140.684 112.263 119.895 117.147 118.830 134.754 119.618 124.338 121.876 113.495 115.267 103.764 97.800 -999.250 -999.250 -999.250 -999.250 -999.250 -999.250 -999.250 -999.250 -999.250 -999.250 -999.250 -999.250 -999.250 -999.250 -999.250 -999.250 -999.250 -999.250 -999.250 -999.250 -999.250 -999.250 -999.250 -999.250 -999.250 -999.250 -999.250 -999.250 -999.250 -999.250 -999.250 -999.250 -999.250 -999.250 -999.250 -999.250
148.533 162.946 189.847 204.212 177.012 151.528 157.007 146.716 165.425 179.507 149.397 154.978 175.376 170.976 141.736 128.886 137.988 140.748 119.986 121.462 122.876 128.191 126.505 130.811 125.951 127.141 112.342 96.138 101.812 104.745 -999.250 -999.250 -999.250 -999.250 -999.250 -999.250 -999.250 -999.250 -999.250 -999.250 -999.250 -999.250 -999.250 -999.250 -999.250 -999.250 -999.250 -999.250 -999.250 -999.250 -999.250 -999.250 -999.250 -999.250 -999.250 -999.250 -999.250 -999.250 -999.250 -999.250 -999.250 -999.250 -999.250 -999.250 -999.250 -999.250
