data/medianmodel_20-Oct-2020.asc
ncols	141
nrows	288
xllcorner	-120191.398
yllcorner	-301404.813
cellsize	2000.000
NODATA_value	-999.250
[rows 120 to 149 of 288, columns 67 to 133 of 141]
33.594 32.928 29.204 26.829 23.964 26.071 34.019 41.198 53.927 56.781 58.464 69.656 70.843 80.075 75.440 73.220 75.470 83.783 92.941 87.749 111.592 114.010 112.821 115.792 112.272 114.829 136.875 138.898 140.162 139.098 185.757 197.979 231.028 237.634 234.669 246.623 231.038 199.729 199.383 195.810 168.694 174.912 170.858 164.493 142.740 171.650 -999.250 -999.250 -999.250 -999.250 -999.250 -999.250 -999.250 -999.250 -999.250 -999.250 -999.250 -999.250 -999.250 -999.250 -999.250 -999.250 -999.250 -999.250 -999.250 -999.250 -999.250
33.780 31.704 24.981 23.553 22.462 36.370 30.394 38.189 54.754 59.305 70.032 75.655 80.141 83.898 89.848 72.378 85.554 93.506 91.353 104.635 107.045 102.312 109.054 124.674 126.418 130.938 136.476 148.755 147.820 146.855 181.734 201.632 243.272 260.193 248.407 252.639 242.931 228.938 195.774 162.895 161.962 150.850 143.997 185.728 169.956 149.204 -999.250 -999.250 -999.250 -999.250 -999.250 -999.250 -999.250 -999.250 -999.250 -999.250 -999.250 -999.250 -999.250 -999.250 -999.250 -999.250 -999.250 -999.250 -999.250 -999.250 -999.250
34.067 31.506 32.369 19.988 31.896 35.332 46.588 49.033 50.909 60.705 74.075 72.324 80.854 85.512 79.162 87.166 86.985 89.660 87.140 101.968 101.658 110.910 108.169 145.164 130.966 141.263 156.315 163.306 145.933 185.048 198.528 212.400 261.537 278.029 263.130 263.951 241.022 194.584 168.550 168.732 173.379 152.946 159.148 163.746 178.632 183.168 -999.250 -999.250 -999.250 -999.250 -999.250 -999.250 -999.250 -999.250 -999.250 -999.250 -999.250 -999.250 -999.250 -999.250 -999.250 -999.250 -999.250 -999.250 -999.250 -999.250 -999.250
37.905 37.458 33.490 25.813 41.735 44.619 51.143 54.127 57.848 59.759 56.374 73.385 75.292 84.795 91.876 87.026 80.938 98.430 101.311 114.323 120.029 121.112 127.454 137.669 139.805 162.807 175.296 189.309 157.183 170.640 198.203 219.044 254.370 285.963 262.230 231.773 204.756 180.098 171.016 153.637 160.744 153.359 155.381 155.438 147.688 -999.250 -999.250 -999.250 -999.250 -999.250 -999.250 -999.250 -999.250 -999.250 -999.250 -999.250 -999.250 -999.250 -999.250 -999.250 -999.250 -999.250 -999.250 -999.250 -999.250 -999.250 -999.250
38.538 35.227 34.909 37.873 36.629 49.694 55.906 52.833 60.649 66.881 66.624 65.130 73.005 83.297 84.852 88.792 92.271 108.636 123.792 140.547 140.027 139.677 141.640 140.884 148.898 179.096 160.723 190.392 181.461 183.295 181.417 210.314 236.438 278.244 247.507 194.103 185.803 179.234 172.662 148.432 168.980 162.663 156.212 137.229 152.738 -999.250 -999.250 -999.250 -999.250 -999.250 -999.250 -999.250 -999.250 -999.250 -999.250 -999.250 -999.250 -999.250 -999.250 -999.250 -999.250 -999.250 -999.250 -999.250 -999.250 -999.250 -999.250
41.762 41.275 37.535 38.584 37.257 46.518 50.461 51.837 65.189 65.868 68.612 68.283 77.648 85.275 109.334 98.786 100.179 116.094 147.418 144.416 138.828 129.223 148.301 167.663 155.509 170.800 167.741 155.898 177.946 193.808 183.284 194.726 211.242 229.979 216.280 187.805 185.739 171.967 175.258 169.379 144.874 146.141 158.633 151.692 153.271 -999.250 -999.250 -999.250 -999.250 -999.250 -999.250 -999.250 -999.250 -999.250 -999.250 -999.250 -999.250 -999.250 -999.250 -999.250 -999.250 -999.250 -999.250 -999.250 -999.250 -999.250 -999.250
42.856 37.379 40.383 44.112 46.970 57.759 57.564 62.076 68.423 69.771 73.010 68.388 74.157 72.385 87.616 106.113 108.622 130.748 137.478 155.810 146.294 144.064 154.911 153.311 146.451 164.073 165.358 173.430 170.217 167.823 180.810 187.321 190.778 216.653 183.654 166.978 169.074 177.784 165.903 160.673 144.713 139.351 143.106 146.918 145.493 -999.250 -999.250 -999.250 -999.250 -999.250 -999.250 -999.250 -999.250 -999.250 -999.250 -999.250 -999.250 -999.250 -999.250 -999.250 -999.250 -999.250 -999.250 -999.250 -999.250 -999.250 -999.250
48.800 45.665 48.880 51.324 58.065 56.161 64.103 70.668 64.246 68.188 67.849 63.874 80.147 79.574 103.508 106.458 114.456 130.617 133.463 149.292 162.464 165.066 148.641 148.399 154.781 159.023 153.304 176.517 156.919 169.549 188.251 184.548 197.249 179.777 192.491 188.067 164.442 166.471 157.486 150.860 166.991 152.803 145.994 132.332 -999.250 -999.250 -999.250 -999.250 -999.250 -999.250 -999.250 -999.250 -999.250 -999.250 -999.250 -999.250 -999.250 -999.250 -999.250 -999.250 -999.250 -999.250 -999.250 -999.250 -999.250 -999.250 -999.250
51.104 43.173 53.331 54.453 68.199 66.286 65.977 65.965 66.584 68.346 70.089 67.212 71.091 77.898 95.664 100.532 118.638 123.560 137.975 154.241 186.654 188.509 160.513 170.675 164.557 160.121 145.922 161.506 158.026 192.700 199.672 177.724 166.723 195.286 199.676 178.507 194.271 167.741 155.870 142.684 134.450 153.678 126.478 -999.250 -999.250 -999.250 -999.250 -999.250 -999.250 -999.250 -999.250 -999.250 -999.250 -999.250 -999.250 -999.250 -999.250 -999.250 -999.250 -999.250 -999.250 -999.250 -999.250 -999.250 -999.250 -999.250 -999.250
56.229 53.102 61.464 68.135 66.419 62.629 63.261 63.369 65.148 62.480 64.418 65.832 67.484 73.780 84.513 95.413 114.421 122.227 126.409 150.555 151.284 162.431 169.608 170.152 163.922 172.259 164.900 148.665 171.837 174.544 176.786 192.082 195.402 197.616 216.164 191.238 200.405 183.048 167.271 149.829 150.754 139.327 -999.250 -999.250 -999.250 -999.250 -999.250 -999.250 -999.250 -999.250 -999.250 -999.250 -999.250 -999.250 -999.250 -999.250 -999.250 -999.250 -999.250 -999.250 -999.250 -999.250 -999.250 -999.250 -999.250 -999.250 -999.250
55.098 61.795 72.596 78.714 71.160 75.296 72.394 64.180 62.618 60.770 60.836 59.275 54.923 54.765 62.722 82.831 101.912 110.603 131.231 140.293 156.103 160.916 162.546 168.761 174.139 156.869 135.140 165.190 153.290 177.685 185.928 174.242 170.664 183.097 200.549 208.058 208.602 192.047 158.216 179.242 153.261 164.873 -999.250 -999.250 -999.250 -999.250 -999.250 -999.250 -999.250 -999.250 -999.250 -999.250 -999.250 -999.250 -999.250 -999.250 -999.250 -999.250 -999.250 -999.250 -999.250 -999.250 -999.250 -999.250 -999.250 -999.250 -999.250
62.580 70.879 80.152 86.948 70.325 69.490 66.896 60.393 51.927 56.113 51.818 48.766 49.333 51.712 59.788 72.318 86.976 97.155 113.740 130.930 136.466 162.170 155.884 169.808 169.640 143.844 149.255 145.186 160.804 173.605 150.525 174.442 163.725 177.001 189.446 180.592 178.127 166.808 160.505 156.339 139.340 171.843 -999.250 -999.250 -999.250 -999.250 -999.250 -999.250 -999.250 -999.250 -999.250 -999.250 -999.250 -999.250 -999.250 -999.250 -999.250 -999.250 -999.250 -999.250 -999.250 -999.250 -999.250 -999.250 -999.250 -999.250 -999.250
71.626 78.527 88.603 87.524 80.378 77.491 70.673 54.328 53.124 53.583 32.506 42.228 49.100 43.846 51.529 63.258 68.306 83.824 102.938 122.853 133.528 140.820 135.810 160.710 160.493 162.392 139.878 151.630 162.481 167.797 155.680 164.863 166.127 172.739 169.260 197.747 181.048 170.872 177.844 154.641 146.974 157.606 -999.250 -999.250 -999.250 -999.250 -999.250 -999.250 -999.250 -999.250 -999.250 -999.250 -999.250 -999.250 -999.250 -999.250 -999.250 -999.250 -999.250 -999.250 -999.250 -999.250 -999.250 -999.250 -999.250 -999.250 -999.250
67.602 80.593 95.917 91.523 80.836 82.938 69.141 60.340 52.202 50.968 33.625 40.274 30.221 34.712 44.778 57.584 62.212 78.852 95.514 111.818 113.645 119.934 138.748 152.173 142.709 129.819 152.665 148.563 150.030 173.843 154.725 174.157 176.935 167.333 170.300 180.735 181.014 164.540 181.911 145.006 142.767 -999.250 -999.250 -999.250 -999.250 -999.250 -999.250 -999.250 -999.250 -999.250 -999.250 -999.250 -999.250 -999.250 -999.250 -999.250 -999.250 -999.250 -999.250 -999.250 -999.250 -999.250 -999.250 -999.250 -999.250 -999.250 -999.250
70.187 77.355 86.922 89.926 88.416 70.322 70.026 63.054 41.078 31.901 27.348 24.051 23.767 23.595 40.574 40.404 52.066 76.350 83.094 102.876 121.662 122.440 116.454 127.366 122.323 134.290 136.063 125.605 142.996 150.049 169.585 165.216 161.219 160.212 158.609 190.567 170.915 178.102 164.942 144.825 146.047 -999.250 -999.250 -999.250 -999.250 -999.250 -999.250 -999.250 -999.250 -999.250 -999.250 -999.250 -999.250 -999.250 -999.250 -999.250 -999.250 -999.250 -999.250 -999.250 -999.250 -999.250 -999.250 -999.250 -999.250 -999.250 -999.250
65.411 79.648 81.309 84.102 85.673 67.774 57.713 51.806 32.459 29.515 23.889 17.177 13.076 18.660 28.060 36.412 44.329 63.281 71.285 109.865 98.698 106.349 113.762 108.290 125.781 120.416 130.765 127.520 132.055 134.650 150.568 164.010 148.681 186.657 182.812 176.759 183.347 147.887 155.908 159.122 161.937 -999.250 -999.250 -999.250 -999.250 -999.250 -999.250 -999.250 -999.250 -999.250 -999.250 -999.250 -999.250 -999.250 -999.250 -999.250 -999.250 -999.250 -999.250 -999.250 -999.250 -999.250 -999.250 -999.250 -999.250 -999.250 -999.250
62.513 73.075 77.441 65.797 81.719 72.744 53.383 54.930 39.968 29.512 19.187 10.989 0.000 12.992 26.221 32.436 50.183 57.049 67.305 77.656 88.727 95.429 105.065 107.416 126.152 124.593 118.091 139.656 132.361 129.196 132.933 137.185 145.694 165.014 156.347 141.892 156.684 134.703 147.044 159.166 127.652 -999.250 -999.250 -999.250 -999.250 -999.250 -999.250 -999.250 -999.250 -999.250 -999.250 -999.250 -999.250 -999.250 -999.250 -999.250 -999.250 -999.250 -999.250 -999.250 -999.250 -999.250 -999.250 -999.250 -999.250 -999.250 -999.250
65.693 72.773 66.075 60.853 66.164 60.246 54.754 45.032 33.600 25.188 19.065 11.117 6.976 15.336 21.172 34.900 45.110 57.312 65.247 78.068 80.830 98.316 91.553 126.737 130.998 124.588 115.040 118.888 121.736 121.770 129.194 147.378 159.848 159.134 143.463 136.953 137.380 130.264 139.726 145.752 -999.250 -999.250 -999.250 -999.250 -999.250 -999.250 -999.250 -999.250 -999.250 -999.250 -999.250 -999.250 -999.250 -999.250 -999.250 -999.250 -999.250 -999.250 -999.250 -999.250 -999.250 -999.250 -999.250 -999.250 -999.250 -999.250 -999.250
64.587 62.915 62.081 62.442 59.131 60.922 46.572 40.156 26.463 30.845 21.671 15.695 15.835 17.997 21.627 36.803 39.171 46.978 61.193 -999.250 -999.250 -999.250 -999.250 94.795 100.858 114.087 120.328 123.000 -999.250 -999.250 -999.250 -999.250 -999.250 -999.250 -999.250 -999.250 -999.250 -999.250 -999.250 -999.250 -999.250 -999.250 -999.250 -999.250 -999.250 -999.250 -999.250 -999.250 -999.250 -999.250 -999.250 -999.250 -999.250 -999.250 -999.250 -999.250 -999.250 -999.250 -999.250 -999.250 -999.250 -999.250 -999.250 -999.250 -999.250 -999.250 -999.250
54.931 62.665 58.515 61.589 54.642 58.519 44.450 44.665 30.908 29.702 26.947 18.316 19.913 24.378 31.483 45.027 48.254 48.637 53.659 -999.250 -999.250 -999.250 -999.250 -999.250 -999.250 -999.250 -999.250 -999.250 -999.250 -999.250 -999.250 -999.250 -999.250 -999.250 -999.250 -999.250 -999.250 -999.250 -999.250 -999.250 -999.250 -999.250 -999.250 -999.250 -999.250 -999.250 -999.250 -999.250 -999.250 -999.250 -999.250 -999.250 -999.250 -999.250 -999.250 -999.250 -999.250 -999.250 -999.250 -999.250 -999.250 -999.250 -999.250 -999.250 -999.250 -999.250 -999.250
61.658 53.243 54.040 51.846 53.035 56.639 48.879 44.361 37.784 33.098 24.914 23.832 26.039 23.379 34.505 42.948 48.188 45.908 44.167 -999.250 -999.250 -999.250 -999.250 -999.250 -999.250 -999.250 -999.250 -999.250 -999.250 -999.250 -999.250 -999.250 -999.250 -999.250 -999.250 -999.250 -999.250 -999.250 -999.250 -999.250 -999.250 -999.250 -999.250 -999.250 -999.250 -999.250 -999.250 -999.250 -999.250 -999.250 -999.250 -999.250 -999.250 -999.250 -999.250 -999.250 -999.250 -999.250 -999.250 -999.250 -999.250 -999.250 -999.250 -999.250 -999.250 -999.250 -999.250
60.128 51.415 56.330 54.109 45.939 47.369 49.260 40.555 34.309 35.209 28.130 32.205 34.083 36.088 37.804 37.348 41.407 41.754 40.602 38.632 -999.250 -999.250 -999.250 -999.250 -999.250 -999.250 -999.250 -999.250 -999.250 -999.250 -999.250 -999.250 -999.250 -999.250 -999.250 -999.250 -999.250 -999.250 -999.250 -999.250 -999.250 -999.250 -999.250 -999.250 -999.250 -999.250 -999.250 -999.250 -999.250 -999.250 -999.250 -999.250 -999.250 -999.250 -999.250 -999.250 -999.250 -999.250 -999.250 -999.250 -999.250 -999.250 -999.250 -999.250 -999.250 -999.250 -999.250
53.566 54.352 51.343 54.948 40.899 51.367 51.366 40.250 38.047 43.141 33.280 41.195 39.615 37.565 37.389 37.746 29.286 40.997 32.116 24.549 25.641 -999.250 -999.250 -999.250 -999.250 -999.250 -999.250 -999.250 -999.250 -999.250 -999.250 -999.250 -999.250 -999.250 -999.250 -999.250 -999.250 -999.250 -999.250 -999.250 -999.250 -999.250 -999.250 -999.250 -999.250 -999.250 -999.250 -999.250 -999.250 -999.250 -999.250 -999.250 -999.250 -999.250 -999.250 -999.250 -999.250 -999.250 -999.250 -999.250 -999.250 -999.250 -999.250 -999.250 -999.250 -999.250 -999.250
52.418 51.230 59.224 54.440 46.678 49.364 55.500 44.744 43.907 48.511 41.479 44.741 51.494 39.553 39.891 30.754 31.798 28.227 22.432 21.299 18.567 22.884 -999.250 -999.250 -999.250 -999.250 -999.250 -999.250 -999.250 -999.250 -999.250 -999.250 -999.250 -999.250 -999.250 -999.250 -999.250 -999.250 -999.250 -999.250 -999.250 -999.250 -999.250 -999.250 -999.250 -999.250 -999.250 -999.250 -999.250 -999.250 -999.250 -999.250 -999.250 -999.250 -999.250 -999.250 -999.250 -999.250 -999.250 -999.250 -999.250 -999.250 -999.250 -999.250 -999.250 -999.250 -999.250
51.155 51.476 50.854 44.680 48.657 46.633 47.589 50.901 46.182 50.048 44.818 43.483 47.045 44.271 37.827 37.336 24.520 22.981 18.668 16.218 12.392 13.632 -999.250 -999.250 -999.250 -999.250 -999.250 -999.250 -999.250 -999.250 -999.250 -999.250 -999.250 -999.250 -999.250 -999.250 -999.250 -999.250 -999.250 -999.250 -999.250 -999.250 -999.250 -999.250 -999.250 -999.250 -999.250 -999.250 -999.250 -999.250 -999.250 -999.250 -999.250 -999.250 -999.250 -999.250 -999.250 -999.250 -999.250 -999.250 -999.250 -999.250 -999.250 -999.250 -999.250 -999.250 -999.250
59.324 52.651 48.011 55.242 48.261 47.252 48.647 49.341 43.360 43.164 45.737 46.063 44.900 41.588 32.998 32.233 23.216 18.333 14.449 14.926 8.225 10.167 12.289 24.765 -999.250 -999.250 -999.250 -999.250 -999.250 -999.250 -999.250 -999.250 -999.250 -999.250 -999.250 -999.250 -999.250 -999.250 -999.250 -999.250 -999.250 -999.250 -999.250 -999.250 -999.250 -999.250 -999.250 -999.250 -999.250 -999.250 -999.250 -999.250 -999.250 -999.250 -999.250 -999.250 -999.250 -999.250 -999.250 -999.250 -999.250 -999.250 -999.250 -999.250 -999.250 -999.250 -999.250
48.727 43.497 43.912 46.461 45.602 43.852 51.275 42.861 42.016 41.788 38.620 43.928 46.097 43.386 35.281 26.498 16.752 13.046 14.207 9.503 12.452 12.508 15.087 29.679 59.603 -999.250 -999.250 -999.250 -999.250 -999.250 -999.250 -999.250 -999.250 -999.250 -999.250 -999.250 -999.250 -999.250 -999.250 -999.250 -999.250 -999.250 -999.250 -999.250 -999.250 -999.250 -999.250 -999.250 -999.250 -999.250 -999.250 -999.250 -999.250 -999.250 -999.250 -999.250 -999.250 -999.250 -999.250 -999.250 -999.250 -999.250 -999.250 -999.250 -999.250 -999.250 -999.250
46.287 40.031 40.573 41.910 34.702 40.861 38.509 46.668 49.450 40.147 40.145 47.378 40.168 32.979 30.401 20.037 16.529 14.267 14.239 18.153 16.161 18.664 19.179 31.456 73.272 -999.250 -999.250 -999.250 -999.250 -999.250 -999.250 -999.250 -999.250 -999.250 -999.250 -999.250 -999.250 -999.250 -999.250 -999.250 -999.250 -999.250 -999.250 -999.250 -999.250 -999.250 -999.250 -999.250 -999.250 -999.250 -999.250 -999.250 -999.250 -999.250 -999.250 -999.250 -999.250 -999.250 -999.250 -999.250 -999.250 -999.250 -999.250 -999.250 -999.250 -999.250 -999.250
52.852 39.273 30.647 32.458 38.431 35.569 39.106 44.126 51.750 46.965 38.667 45.328 41.790 34.758 29.051 18.216 17.895 12.407 17.731 23.169 29.326 34.848 38.037 34.258 105.329 141.790 164.374 173.082 -999.250 -999.250 -999.250 -999.250 -999.250 -999.250 -999.250 -999.250 -999.250 -999.250 -999.250 -999.250 -999.250 -999.250 -999.250 -999.250 -999.250 -999.250 -999.250 -999.250 -999.250 -999.250 -999.250 -999.250 -999.250 -999.250 -999.250 -999.250 -999.250 -999.250 -999.250 -999.250 -999.250 -999.250 -999.250 -999.250 -999.250 -999.250 -999.250
44.957 42.736 42.176 38.393 39.176 39.068 40.064 35.715 44.631 42.486 48.556 43.628 40.792 30.918 30.955 21.793 19.026 18.867 20.681 36.566 44.026 60.275 68.670 95.212 146.246 188.722 193.596 229.002 193.941 -999.250 -999.250 -999.250 -999.250 -999.250 -999.250 -999.250 -999.250 -999.250 -999.250 -999.250 -999.250 -999.250 -999.250 -999.250 -999.250 -999.250 -999.250 -999.250 -999.250 -999.250 -999.250 -999.250 -999.250 -999.250 -999.250 -999.250 -999.250 -999.250 -999.250 -999.250 -999.250 -999.250 -999.250 -999.250 -999.250 -999.250 -999.250
