data/medianmodel_10-Jun-2020.asc
ncols	141
nrows	288
xllcorner	-120191.398
yllcorner	-301404.813
cellsize	2000.000
NODATA_value	-999.250
[rows 31 to 61 of 288, columns 0 to 68 of 141]
-999.250 -999.250 -999.250 -999.250 -999.250 -999.250 -999.250 -999.250 -999.250 -999.250 -999.250 -999.250 -999.250 -999.250 -999.250 -999.250 -999.250 -999.250 -999.250 -999.250 -999.250 -999.250 -999.250 -999.250 -999.250 -999.250 -999.250 -999.250 -999.250 -999.250 -999.250 -999.250 0.000 0.000 1.542 3.654 4.393 3.752 4.418 5.092 3.896 2.761 4.173 6.510 9.690 6.591 9.447 6.956 7.174 6.096 7.053 4.416 2.227 1.112 4.651 0.461 1.614 1.748 0.000 0.000 0.000 0.000 0.241 1.750 2.843 1.336 1.798 1.537 0.000
-999.250 -999.250 -999.250 -999.250 -999.250 -999.250 -999.250 -999.250 -999.250 -999.250 -999.250 -999.250 -999.250 -999.250 -999.250 -999.250 -999.250 -999.250 -999.250 -999.250 -999.250 -999.250 -999.250 -999.250 -999.250 -999.250 -999.250 -999.250 -999.250 -999.250 -999.250 -999.250 0.000 0.000 0.000 1.901 3.437 3.413 3.635 4.652 6.268 2.459 5.374 7.758 4.663 7.563 5.413 4.219 7.080 4.612 5.224 4.776 2.385 0.166 1.367 0.170 0.469 1.768 0.904 0.000 0.000 0.228 0.546 4.421 4.081 3.226 1.882 0.452 0.000
-999.250 -999.250 -999.250 -999.250 -999.250 -999.250 -999.250 -999.250 -999.250 -999.250 -999.250 -999.250 -999.250 -999.250 -999.250 -999.250 -999.250 -999.250 -999.250 -999.250 -999.250 -999.250 -999.250 -999.250 -999.250 -999.250 -999.250 -999.250 -999.250 -999.250 -999.250 -999.250 0.000 2.926 0.000 0.303 2.062 2.911 1.390 6.617 10.328 5.228 3.114 4.606 6.136 7.179 4.332 5.719 12.043 5.500 3.021 5.899 3.993 2.260 1.330 1.938 0.390 3.204 2.027 1.363 0.000 0.000 2.187 4.361 4.950 5.954 6.262 0.780 0.000
-999.250 -999.250 -999.250 -999.250 -999.250 -999.250 -999.250 -999.250 -999.250 -999.250 -999.250 -999.250 -999.250 -999.250 -999.250 -999.250 -999.250 -999.250 -999.250 -999.250 -999.250 -999.250 -999.250 -999.250 -999.250 -999.250 -999.250 -999.250 -999.250 -999.250 -999.250 -999.250 1.595 0.000 0.057 0.224 2.914 4.380 2.830 3.801 5.907 3.555 2.652 2.044 6.559 5.607 3.508 6.322 6.186 3.961 4.822 4.185 3.396 5.223 4.300 2.687 2.923 1.824 0.822 0.000 0.000 0.000 0.916 6.244 12.797 7.876 4.431 0.479 0.000
-999.250 -999.250 -999.250 -999.250 -999.250 -999.250 -999.250 -999.250 -999.250 -999.250 -999.250 -999.250 -999.250 -999.250 -999.250 -999.250 -999.250 -999.250 -999.250 -999.250 -999.250 -999.250 -999.250 -999.250 -999.250 -999.250 -999.250 -999.250 -999.250 -999.250 -999.250 -999.250 4.657 0.202 2.057 3.036 2.176 5.592 3.743 4.386 2.953 5.380 2.393 2.409 4.526 4.607 4.489 3.430 6.390 5.162 7.264 4.930 4.799 4.478 3.509 1.730 1.892 1.246 0.216 0.000 0.000 0.000 0.000 3.640 4.928 4.897 3.426 0.336 0.000
-999.250 -999.250 -999.250 -999.250 -999.250 -999.250 -999.250 -999.250 -999.250 -999.250 -999.250 -999.250 -999.250 -999.250 -999.250 -999.250 -999.250 -999.250 -999.250 -999.250 -999.250 -999.250 -999.250 -999.250 -999.250 -999.250 -999.250 -999.250 -999.250 -999.250 -999.250 -999.250 4.282 4.457 1.699 1.385 3.627 4.902 3.361 2.908 1.753 3.006 2.876 1.786 6.423 4.334 3.390 5.580 5.934 6.899 5.535 3.695 3.777 3.435 3.377 5.418 4.348 3.529 0.039 0.000 0.000 0.000 0.000 0.912 1.449 0.000 0.000 0.000 0.000
-999.250 -999.250 -999.250 -999.250 -999.250 -999.250 -999.250 -999.250 -999.250 -999.250 -999.250 -999.250 -999.250 -999.250 -999.250 -999.250 -999.250 -999.250 -999.250 -999.250 -999.250 -999.250 -999.250 -999.250 -999.250 -999.250 -999.250 -999.250 -999.250 -999.250 -999.250 -999.250 -999.250 3.807 1.297 2.614 7.637 5.899 1.484 2.454 0.540 2.137 1.799 3.666 4.383 4.482 6.910 4.440 7.354 7.328 3.845 3.674 0.109 0.000 1.474 1.868 4.083 2.329 0.000 0.000 0.000 0.000 0.000 0.000 0.000 0.000 0.000 0.000 0.000
-999.250 -999.250 -999.250 -999.250 -999.250 -999.250 -999.250 -999.250 -999.250 -999.250 -999.250 -999.250 -999.250 -999.250 -999.250 -999.250 -999.250 -999.250 -999.250 -999.250 -999.250 -999.250 -999.250 -999.250 -999.250 -999.250 -999.250 -999.250 -999.250 -999.250 -999.250 -999.250 -999.250 3.172 1.659 1.364 3.291 4.145 2.279 2.612 3.598 2.224 3.546 2.169 3.068 6.547 4.581 1.525 4.948 6.477 4.704 1.669 0.000 0.094 1.723 3.521 2.804 2.274 4.162 0.000 0.000 0.000 0.000 0.000 0.000 0.000 0.000 0.000 0.000
-999.250 -999.250 -999.250 -999.250 -999.250 -999.250 -999.250 -999.250 -999.250 -999.250 -999.250 -999.250 -999.250 -999.250 -999.250 -999.250 -999.250 -999.250 -999.250 -999.250 -999.250 -999.250 -999.250 -999.250 -999.250 -999.250 -999.250 -999.250 -999.250 -999.250 -999.250 -999.250 0.775 0.738 1.540 0.743 0.000 0.000 2.268 1.375 1.020 0.076 1.813 1.996 4.632 4.561 2.191 2.345 5.132 3.935 4.391 3.234 4.596 1.209 0.019 2.338 2.842 0.985 3.313 0.000 0.000 0.000 0.000 0.000 0.000 0.000 0.000 0.000 0.000
-999.250 -999.250 -999.250 -999.250 -999.250 -999.250 -999.250 -999.250 -999.250 -999.250 -999.250 -999.250 -999.250 -999.250 -999.250 -999.250 -999.250 -999.250 -999.250 -999.250 -999.250 -999.250 -999.250 -999.250 -999.250 -999.250 -999.250 -999.250 -999.250 -999.250 -999.250 -999.250 2.522 3.628 3.319 1.895 0.518 0.912 0.948 0.113 1.352 1.514 1.932 1.557 0.390 4.738 2.630 4.315 5.284 5.101 3.497 3.899 8.345 6.116 5.127 5.817 6.333 3.601 0.743 0.000 0.000 0.000 0.000 0.000 0.000 0.000 0.000 0.000 0.000
-999.250 -999.250 -999.250 -999.250 -999.250 -999.250 -999.250 -999.250 -999.250 -999.250 -999.250 -999.250 -999.250 -999.250 -999.250 -999.250 -999.250 -999.250 -999.250 -999.250 -999.250 -999.250 -999.250 -999.250 -999.250 -999.250 -999.250 -999.250 -999.250 -999.250 -999.250 -999.250 -999.250 3.411 6.371 1.470 1.727 0.237 4.614 2.133 1.754 2.623 0.551 0.805 3.038 1.057 3.380 8.425 6.033 7.306 6.530 10.515 18.549 15.520 8.475 7.833 5.031 1.571 0.000 0.000 0.383 0.000 0.000 0.000 0.000 0.000 0.000 0.000 0.000
-999.250 -999.250 -999.250 -999.250 -999.250 -999.250 -999.250 -999.250 -999.250 -999.250 -999.250 -999.250 -999.250 -999.250 -999.250 -999.250 -999.250 -999.250 -999.250 -999.250 -999.250 -999.250 -999.250 -999.250 -999.250 -999.250 -999.250 -999.250 -999.250 -999.250 -999.250 -999.250 -999.250 3.268 2.511 1.093 0.709 0.073 2.861 2.143 2.548 3.112 1.854 0.000 0.425 2.552 6.459 11.194 8.422 5.741 8.683 21.085 41.846 22.542 13.089 7.341 6.647 3.848 2.173 0.340 0.120 0.102 0.000 0.000 0.000 0.000 0.000 0.000 0.000
-999.250 -999.250 -999.250 -999.250 -999.250 -999.250 -999.250 -999.250 -999.250 -999.250 -999.250 -999.250 -999.250 -999.250 -999.250 -999.250 -999.250 -999.250 -999.250 -999.250 -999.250 -999.250 -999.250 -999.250 -999.250 -999.250 -999.250 -999.250 -999.250 -999.250 -999.250 -999.250 -999.250 2.296 3.947 2.490 1.681 2.144 2.211 1.259 2.205 2.745 0.000 0.593 0.989 6.601 11.851 24.980 14.386 9.153 11.800 18.642 24.953 23.803 12.372 10.162 8.491 10.634 4.489 4.413 2.469 0.051 0.000 0.000 0.000 0.000 0.000 0.000 0.000
-999.250 -999.250 -999.250 -999.250 -999.250 -999.250 -999.250 -999.250 -999.250 -999.250 -999.250 -999.250 -999.250 -999.250 -999.250 -999.250 -999.250 -999.250 -999.250 -999.250 -999.250 -999.250 -999.250 -999.250 -999.250 -999.250 -999.250 -999.250 -999.250 -999.250 -999.250 -999.250 -999.250 -999.250 3.605 6.258 4.357 0.431 2.137 3.534 1.889 0.250 0.000 0.000 2.535 7.017 13.038 12.370 11.169 10.209 8.183 15.649 17.543 20.912 13.919 8.642 6.771 5.129 4.682 3.479 2.575 1.264 1.440 0.000 0.000 0.000 0.000 0.000 0.000
-999.250 -999.250 -999.250 -999.250 -999.250 -999.250 -999.250 -999.250 -999.250 -999.250 -999.250 -999.250 -999.250 -999.250 -999.250 -999.250 -999.250 -999.250 -999.250 -999.250 -999.250 -999.250 -999.250 -999.250 -999.250 -999.250 -999.250 -999.250 -999.250 -999.250 -999.250 -999.250 -999.250 -999.250 3.578 3.352 2.778 1.999 3.662 3.140 0.631 0.000 0.000 0.000 1.379 6.429 9.390 9.757 9.909 8.376 9.215 11.562 17.373 14.991 13.626 9.726 9.197 5.081 3.968 2.657 2.273 3.025 0.866 1.618 0.000 0.000 0.000 0.000 0.000
-999.250 -999.250 -999.250 -999.250 -999.250 -999.250 -999.250 -999.250 -999.250 -999.250 -999.250 -999.250 -999.250 -999.250 -999.250 -999.250 -999.250 -999.250 -999.250 -999.250 -999.250 -999.250 -999.250 -999.250 -999.250 -999.250 -999.250 -999.250 -999.250 -999.250 -999.250 -999.250 -999.250 -999.250 1.882 2.592 2.651 1.299 2.214 1.609 0.665 0.000 0.000 0.000 4.730 4.884 8.942 10.222 8.065 9.452 14.102 11.006 17.146 15.229 15.667 12.708 7.245 6.251 5.466 3.642 3.307 0.000 0.000 0.182 0.000 0.000 0.000 0.000 0.000
-999.250 -999.250 -999.250 -999.250 -999.250 -999.250 -999.250 -999.250 -999.250 -999.250 -999.250 -999.250 -999.250 -999.250 -999.250 -999.250 -999.250 -999.250 -999.250 -999.250 -999.250 -999.250 -999.250 -999.250 -999.250 -999.250 -999.250 -999.250 -999.250 -999.250 -999.250 -999.250 -999.250 -999.250 5.562 2.025 1.955 0.872 1.837 1.845 0.000 0.194 0.000 2.425 5.880 6.270 8.417 8.248 7.566 8.684 9.303 9.995 16.593 15.975 21.388 13.076 4.717 4.905 4.847 5.414 4.707 0.000 0.000 0.000 0.000 0.000 0.000 0.000 0.000
-999.250 -999.250 -999.250 -999.250 -999.250 -999.250 -999.250 -999.250 -999.250 -999.250 -999.250 -999.250 -999.250 -999.250 -999.250 -999.250 -999.250 -999.250 -999.250 -999.250 -999.250 -999.250 -999.250 -999.250 -999.250 -999.250 -999.250 -999.250 -999.250 -999.250 -999.250 -999.250 -999.250 -999.250 -999.250 3.644 2.345 3.816 5.091 2.124 1.984 1.463 3.084 4.956 6.724 8.169 8.503 8.700 9.770 8.962 10.469 11.473 11.006 9.441 13.957 8.737 5.398 1.869 3.029 4.992 1.959 0.381 3.760 0.748 0.000 0.000 0.000 0.000 0.000
-999.250 -999.250 -999.250 -999.250 -999.250 -999.250 -999.250 -999.250 -999.250 -999.250 -999.250 -999.250 -999.250 -999.250 -999.250 -999.250 -999.250 -999.250 -999.250 -999.250 -999.250 -999.250 -999.250 -999.250 -999.250 -999.250 -999.250 -999.250 -999.250 -999.250 -999.250 -999.250 -999.250 -999.250 -999.250 2.616 3.846 3.716 3.318 3.799 3.319 3.431 4.290 6.116 7.864 7.103 9.267 7.949 9.734 8.683 8.924 9.586 7.512 9.629 7.908 7.347 4.900 4.119 4.152 1.964 3.279 1.974 0.540 1.354 2.034 0.000 0.005 3.525 3.780
-999.250 -999.250 -999.250 -999.250 -999.250 -999.250 -999.250 -999.250 -999.250 -999.250 -999.250 -999.250 -999.250 -999.250 -999.250 -999.250 -999.250 -999.250 -999.250 -999.250 -999.250 -999.250 -999.250 -999.250 -999.250 -999.250 -999.250 -999.250 -999.250 -999.250 -999.250 -999.250 -999.250 -999.250 -999.250 3.802 3.523 3.921 6.274 10.074 5.938 7.143 9.567 9.372 6.833 7.634 9.501 9.770 9.193 11.214 11.133 8.199 5.725 7.931 7.969 7.474 4.981 4.670 4.989 4.187 4.505 3.426 0.892 3.891 6.577 2.701 0.938 1.716 0.532
-999.250 -999.250 -999.250 -999.250 -999.250 -999.250 -999.250 -999.250 -999.250 -999.250 -999.250 -999.250 -999.250 -999.250 -999.250 -999.250 -999.250 -999.250 -999.250 -999.250 -999.250 -999.250 -999.250 -999.250 -999.250 -999.250 -999.250 -999.250 -999.250 -999.250 -999.250 -999.250 -999.250 -999.250 -999.250 3.884 4.164 7.495 12.546 7.227 6.291 9.250 16.420 9.925 8.751 8.815 12.023 9.893 10.739 11.750 12.263 8.516 5.500 8.421 6.553 4.437 5.496 4.624 3.516 3.749 4.803 3.473 5.082 6.451 4.442 4.175 1.334 1.933 3.203
-999.250 -999.250 -999.250 -999.250 -999.250 -999.250 -999.250 -999.250 -999.250 -999.250 -999.250 -999.250 -999.250 -999.250 -999.250 -999.250 -999.250 -999.250 -999.250 -999.250 -999.250 -999.250 -999.250 -999.250 -999.250 -999.250 -999.250 -999.250 -999.250 -999.250 -999.250 -999.250 -999.250 -999.250 -999.250 6.733 5.831 5.491 5.415 7.725 5.225 6.243 9.164 7.345 8.703 9.181 11.819 12.273 12.999 23.238 11.853 7.734 6.628 7.670 7.102 3.750 2.385 3.762 4.555 3.312 5.293 3.116 4.298 4.958 4.084 1.861 3.544 4.074 2.180
-999.250 -999.250 -999.250 -999.250 -999.250 -999.250 -999.250 -999.250 -999.250 -999.250 -999.250 -999.250 -999.250 -999.250 -999.250 -999.250 -999.250 -999.250 -999.250 -999.250 -999.250 -999.250 -999.250 -999.250 -999.250 -999.250 -999.250 -999.250 -999.250 -999.250 -999.250 -999.250 -999.250 -999.250 -999.250 -999.250 6.530 4.668 5.972 5.547 5.737 4.225 6.342 7.401 7.952 10.333 10.035 10.887 14.314 9.054 8.835 6.594 10.033 6.354 6.950 5.875 4.021 4.583 4.703 5.826 2.269 3.030 2.894 4.768 5.357 6.466 4.887 6.526 2.317
-999.250 -999.250 -999.250 -999.250 -999.250 -999.250 -999.250 -999.250 -999.250 -999.250 -999.250 -999.250 -999.250 -999.250 -999.250 -999.250 -999.250 -999.250 -999.250 -999.250 -999.250 -999.250 -999.250 -999.250 -999.250 -999.250 -999.250 -999.250 -999.250 -999.250 -999.250 -999.250 -999.250 -999.250 -999.250 -999.250 4.450 6.122 5.654 10.618 6.456 5.118 5.336 9.037 9.382 9.419 8.489 10.697 9.672 11.201 9.167 7.508 8.564 9.099 10.356 6.486 7.049 5.368 5.925 4.748 3.272 4.770 5.923 5.522 7.804 12.072 11.105 7.891 2.019
-999.250 -999.250 -999.250 -999.250 -999.250 -999.250 -999.250 -999.250 -999.250 -999.250 -999.250 -999.250 -999.250 -999.250 -999.250 -999.250 -999.250 -999.250 -999.250 -999.250 -999.250 -999.250 -999.250 -999.250 -999.250 -999.250 -999.250 -999.250 -999.250 -999.250 -999.250 -999.250 -999.250 -999.250 -999.250 -999.250 -999.250 5.858 6.448 5.292 6.085 3.553 1.477 4.615 5.406 6.645 8.054 9.687 11.069 10.740 6.632 6.800 8.427 7.486 8.562 6.267 6.083 7.488 8.098 7.900 4.420 6.570 8.373 7.664 9.440 12.859 21.336 6.437 1.271
-999.250 -999.250 -999.250 -999.250 -999.250 -999.250 -999.250 -999.250 -999.250 -999.250 -999.250 -999.250 -999.250 -999.250 -999.250 -999.250 -999.250 -999.250 -999.250 -999.250 -999.250 -999.250 -999.250 -999.250 -999.250 -999.250 -999.250 -999.250 -999.250 -999.250 -999.250 -999.250 -999.250 -999.250 -999.250 -999.250 -999.250 5.629 7.320 7.449 8.346 4.543 3.864 5.031 6.845 5.474 7.684 7.217 9.092 11.540 9.131 7.784 7.344 6.507 7.563 10.538 8.402 6.872 8.872 6.039 6.764 7.611 11.535 8.714 11.019 11.222 8.010 3.874 0.000
-999.250 -999.250 -999.250 -999.250 -999.250 -999.250 -999.250 -999.250 -999.250 -999.250 -999.250 -999.250 -999.250 -999.250 -999.250 -999.250 -999.250 -999.250 -999.250 -999.250 -999.250 -999.250 -999.250 -999.250 -999.250 -999.250 -999.250 -999.250 -999.250 -999.250 -999.250 -999.250 -999.250 -999.250 -999.250 -999.250 -999.250 5.410 6.498 5.423 10.983 7.230 3.785 7.296 7.729 7.664 10.748 10.188 9.822 10.858 8.924 8.346 8.600 7.757 9.686 7.960 11.844 7.184 8.203 7.531 8.197 10.415 11.883 11.277 9.169 8.391 5.390 0.000 0.000
-999.250 -999.250 -999.250 -999.250 -999.250 -999.250 -999.250 -999.250 -999.250 -999.250 -999.250 -999.250 -999.250 -999.250 -999.250 -999.250 -999.250 -999.250 -999.250 -999.250 -999.250 -999.250 -999.250 -999.250 -999.250 -999.250 -999.250 -999.250 -999.250 -999.250 -999.250 -999.250 -999.250 -999.250 -999.250 -999.250 -999.250 5.727 4.150 5.196 5.069 6.161 2.943 7.425 10.023 8.199 7.026 3.988 8.774 8.954 8.958 8.716 8.853 11.473 8.515 10.965 11.725 14.021 11.045 10.854 11.995 10.544 9.760 11.005 8.823 7.874 1.443 0.000 0.000
-999.250 -999.250 -999.250 -999.250 -999.250 -999.250 -999.250 -999.250 -999.250 -999.250 -999.250 -999.250 -999.250 -999.250 -999.250 -999.250 -999.250 -999.250 -999.250 -999.250 -999.250 -999.250 -999.250 -999.250 -999.250 -999.250 -999.250 -999.250 -999.250 -999.250 -999.250 -999.250 -999.250 -999.250 -999.250 -999.250 -999.250 -999.250 2.897 3.919 4.091 6.904 5.935 6.640 4.402 8.176 6.702 8.959 8.231 10.865 6.943 10.868 11.844 12.354 11.781 10.618 13.595 18.038 17.348 12.750 11.402 7.921 7.712 6.373 7.274 6.538 3.143 0.000 0.000
-999.250 -999.250 -999.250 -999.250 -999.250 -999.250 -999.250 -999.250 -999.250 -999.250 -999.250 -999.250 -999.250 -999.250 -999.250 -999.250 -999.250 -999.250 -999.250 -999.250 -999.250 -999.250 -999.250 -999.250 -999.250 -999.250 -999.250 -999.250 -999.250 -999.250 -999.250 -999.250 -999.250 -999.250 -999.250 -999.250 -999.250 -999.250 7.326 8.946 7.964 6.053 4.887 6.297 5.676 6.556 8.186 8.847 8.248 10.158 9.311 11.000 11.651 19.412 15.590 10.647 16.595 22.772 38.369 19.697 11.033 10.626 10.684 6.751 9.899 6.412 3.619 2.626 0.925
-999.250 -999.250 -999.250 -999.250 -999.250 -999.250 -999.250 -999.250 -999.250 -999.250 -999.250 -999.250 -999.250 -999.250 -999.250 -999.250 -999.250 -999.250 -999.250 -999.250 -999.250 -999.250 -999.250 -999.250 -999.250 -999.250 -999.250 -999.250 -999.250 -999.250 -999.250 -999.250 -999.250 -999.250 -999.250 -999.250 -999.250 -999.250 13.874 15.405 13.287 6.729 4.537 4.480 6.117 5.746 9.342 10.309 10.513 9.648 8.908 11.868 10.488 15.134 15.223 12.753 17.165 22.049 22.250 19.739 11.387 9.071 8.436 10.615 7.275 7.134 3.899 0.769 0.000
