data/medianmodel_29-Mar-2020.asc
ncols	141
nrows	288
xllcorner	-120191.398
yllcorner	-301404.813
cellsize	2000.000
NODATA_value	-999.250
[rows 186 to 216 of 288, columns 0 to 68 of 141]
29.275 42.862 39.504 43.413 40.092 47.067 44.222 43.988 45.850 47.522 36.686 30.168 31.172 36.449 42.349 46.979 47.417 46.425 -999.250 -999.250 -999.250 -999.250 -999.250 30.132 32.188 29.967 32.561 32.236 31.103 33.584 32.673 31.015 35.286 32.173 26.598 23.286 24.174 25.265 19.954 22.083 16.344 20.964 19.179 18.629 15.519 13.746 12.547 13.757 13.990 13.047 12.317 14.363 17.149 14.067 11.602 11.169 12.323 12.671 7.979 9.871 8.759 7.164 7.241 6.005 3.018 0.870 3.301 6.720 6.529
-999.250 40.659 43.896 49.380 51.274 44.484 44.234 42.862 44.148 41.262 35.081 32.466 32.047 43.760 49.443 70.772 54.671 51.555 -999.250 -999.250 -999.250 -999.250 25.505 27.100 24.831 26.947 29.312 34.007 30.716 33.160 31.886 34.034 30.190 28.200 23.779 21.641 25.020 23.061 20.713 16.106 16.207 18.817 16.579 15.761 14.233 10.390 11.834 13.434 12.486 10.307 11.265 14.263 14.231 12.007 11.566 11.743 11.990 10.185 10.750 9.931 10.000 9.061 6.520 5.757 1.088 0.000 3.775 6.842 7.102
-999.250 42.685 41.137 46.381 47.789 47.405 46.678 45.607 39.974 41.339 38.984 39.890 39.183 44.622 59.334 84.394 64.984 55.168 -999.250 -999.250 -999.250 27.224 -999.250 21.992 22.590 24.645 27.747 31.205 30.188 28.631 30.122 27.991 26.043 27.243 24.353 25.630 21.925 21.520 20.582 17.755 14.081 12.919 10.491 11.440 11.655 10.298 9.515 9.999 10.120 11.615 10.272 12.338 12.422 13.144 10.004 10.433 10.405 9.756 10.804 10.918 11.142 10.167 7.827 6.734 5.182 3.737 6.253 7.943 7.637
-999.250 32.203 38.514 49.153 45.827 43.487 50.184 45.217 43.772 45.998 42.568 42.792 45.371 48.868 57.276 62.808 56.607 -999.250 -999.250 -999.250 -999.250 23.396 18.928 19.248 19.896 21.456 25.556 28.329 30.037 29.979 27.529 28.833 27.485 27.229 24.862 24.245 21.811 24.941 18.138 17.427 11.924 11.479 9.702 9.796 8.394 10.825 8.178 8.640 10.854 11.368 10.129 12.159 13.928 13.688 11.520 11.962 12.386 11.650 10.805 10.019 9.666 11.827 9.684 8.981 7.662 7.582 9.145 9.243 10.625
-999.250 39.563 42.824 50.560 43.936 43.266 46.812 39.684 43.222 40.285 45.434 51.858 45.197 49.914 51.648 54.110 48.336 -999.250 -999.250 -999.250 28.466 22.237 15.621 14.677 19.320 23.999 25.886 27.976 30.323 27.147 28.657 26.331 26.041 26.891 19.391 25.951 22.257 19.483 15.536 16.715 12.784 10.943 9.410 8.458 8.075 8.231 7.101 6.447 9.216 10.687 12.045 10.430 14.677 14.579 12.705 11.693 11.657 10.439 9.940 9.057 10.099 10.450 9.621 7.461 8.124 10.299 10.960 12.029 11.732
-999.250 -999.250 -999.250 42.373 -999.250 -999.250 37.364 41.249 38.440 -999.250 -999.250 -999.250 44.770 49.682 -999.250 -999.250 -999.250 -999.250 -999.250 -999.250 25.744 20.457 16.040 14.963 16.528 20.076 23.143 24.530 26.092 26.112 24.776 26.398 25.565 23.499 17.183 16.092 14.565 12.458 13.501 12.482 11.038 8.040 9.834 7.754 6.712 4.425 2.687 7.171 7.787 9.648 12.149 12.533 13.017 13.133 12.932 12.768 11.126 10.765 12.729 9.483 10.781 10.157 9.273 9.364 11.131 11.425 12.312 13.073 13.616
-999.250 -999.250 -999.250 -999.250 -999.250 -999.250 -999.250 -999.250 -999.250 -999.250 -999.250 -999.250 -999.250 40.246 40.400 36.221 -999.250 -999.250 -999.250 39.579 27.436 19.211 15.326 12.542 15.977 15.054 18.361 17.569 21.968 23.727 23.754 23.477 25.575 17.586 14.620 15.634 13.321 13.703 13.550 13.173 9.909 7.879 7.781 5.827 3.124 0.000 3.744 3.532 6.858 8.547 9.596 12.041 10.657 12.337 11.741 13.530 12.741 13.638 14.317 13.611 11.427 10.735 10.830 9.997 10.332 12.375 14.631 14.618 14.407
-999.250 -999.250 -999.250 -999.250 -999.250 -999.250 -999.250 -999.250 -999.250 -999.250 -999.250 33.153 34.754 30.130 30.566 27.804 -999.250 -999.250 38.063 38.591 26.293 17.399 13.625 11.766 12.908 12.654 14.248 15.217 15.334 20.325 20.439 23.653 21.460 17.206 15.666 16.491 16.020 17.426 11.183 10.116 9.233 7.543 7.448 5.979 5.255 3.674 3.649 3.680 6.523 7.731 8.965 7.899 9.965 11.204 14.032 13.350 12.782 14.313 14.726 15.555 14.668 12.212 10.310 12.113 12.623 16.478 15.364 16.732 14.176
-999.250 -999.250 -999.250 -999.250 -999.250 -999.250 -999.250 -999.250 -999.250 -999.250 -999.250 29.083 28.796 26.331 22.677 23.614 25.863 29.102 31.128 32.031 25.825 17.079 12.736 11.341 12.827 12.116 10.892 13.802 13.657 17.007 17.360 15.627 16.644 15.935 15.035 14.966 17.977 13.572 13.333 9.858 10.470 6.653 7.860 5.437 4.337 4.353 6.373 6.469 5.779 7.038 7.607 10.056 10.515 11.854 13.070 12.849 13.340 13.541 15.969 17.462 16.166 16.367 17.727 14.476 14.515 16.406 19.593 17.105 17.532
-999.250 -999.250 -999.250 -999.250 -999.250 -999.250 -999.250 -999.250 -999.250 -999.250 -999.250 -999.250 22.801 17.661 20.619 19.326 21.460 24.096 29.133 26.162 23.575 17.011 14.116 12.865 12.363 12.158 11.322 13.665 13.445 15.878 14.753 15.280 16.747 13.631 16.714 13.771 14.573 13.324 10.927 10.056 8.808 6.915 7.495 4.469 4.187 8.266 7.491 5.681 7.484 7.732 10.068 11.605 11.643 11.508 12.323 13.415 12.836 14.788 18.767 18.242 17.581 17.567 19.078 16.812 18.339 18.238 18.260 18.189 21.204
-999.250 -999.250 -999.250 -999.250 -999.250 -999.250 -999.250 -999.250 -999.250 -999.250 -999.250 -999.250 -999.250 14.760 15.816 16.485 17.866 16.099 20.493 22.392 20.679 17.307 13.647 11.816 12.005 12.137 13.306 13.024 14.034 18.646 14.289 14.849 16.400 17.639 15.000 15.025 13.840 12.020 11.445 10.033 9.235 7.958 8.027 8.058 6.712 8.063 8.190 7.246 9.405 9.820 10.213 9.925 10.802 10.799 11.996 14.267 16.073 15.725 16.388 17.805 18.547 17.279 19.445 17.875 20.082 20.806 18.604 18.950 23.803
-999.250 -999.250 -999.250 -999.250 -999.250 -999.250 -999.250 -999.250 -999.250 -999.250 -999.250 -999.250 -999.250 15.262 14.450 14.621 13.707 13.401 16.491 16.751 17.676 14.003 12.453 11.999 12.031 11.193 13.170 11.598 13.395 16.075 17.366 16.842 14.815 13.799 15.203 12.761 12.561 12.415 11.484 9.880 11.154 11.249 10.600 10.317 9.745 9.455 8.960 8.989 8.180 9.921 9.562 10.637 10.723 12.344 13.764 15.371 14.513 14.576 16.119 19.832 15.935 15.546 17.602 20.688 20.431 22.264 20.815 21.457 24.430
-999.250 -999.250 -999.250 -999.250 -999.250 -999.250 -999.250 -999.250 -999.250 -999.250 -999.250 -999.250 -999.250 13.182 12.285 12.248 10.714 10.955 12.438 12.796 15.359 13.264 12.609 11.377 12.829 12.058 11.949 14.155 14.480 14.888 15.612 19.139 15.897 15.325 13.877 11.238 12.160 13.015 9.888 11.410 12.045 11.984 9.767 8.629 8.683 9.343 9.938 9.052 9.169 10.421 9.694 10.265 9.551 14.504 13.665 14.044 13.448 14.333 15.592 17.899 17.640 16.454 15.778 16.572 17.014 22.672 22.386 26.028 26.421
-999.250 -999.250 -999.250 -999.250 -999.250 -999.250 -999.250 -999.250 -999.250 -999.250 -999.250 -999.250 -999.250 -999.250 12.407 10.788 10.739 11.082 11.570 11.178 12.662 13.321 12.222 13.101 12.857 13.988 14.521 13.752 14.305 14.617 15.255 15.934 15.518 13.685 13.809 13.710 14.717 14.470 11.466 9.949 11.365 10.469 8.745 8.331 8.004 9.436 10.228 10.785 10.714 9.989 9.585 11.636 11.905 14.198 13.117 13.354 12.717 13.385 15.505 18.003 18.497 14.168 17.518 20.545 21.628 21.584 20.441 24.436 25.329
-999.250 -999.250 -999.250 -999.250 -999.250 -999.250 -999.250 -999.250 -999.250 -999.250 -999.250 -999.250 -999.250 -999.250 10.914 11.597 11.871 10.508 11.118 11.728 9.967 11.147 11.182 10.996 12.798 11.036 15.436 15.724 18.241 17.643 16.430 17.924 16.650 11.180 12.598 10.667 14.485 13.782 11.215 10.857 10.872 9.353 10.709 8.115 9.466 11.455 11.062 10.643 11.661 9.878 13.085 12.397 13.838 14.084 17.002 15.290 12.561 15.058 14.347 16.151 14.454 13.804 14.839 18.799 18.399 19.632 19.484 22.257 25.012
-999.250 -999.250 -999.250 -999.250 -999.250 -999.250 -999.250 -999.250 -999.250 -999.250 -999.250 -999.250 -999.250 -999.250 12.689 10.959 10.714 9.509 9.920 11.493 11.520 11.728 11.416 10.003 11.908 14.302 15.608 17.605 15.860 16.873 20.963 17.702 17.115 14.523 15.028 12.044 11.939 13.014 13.182 9.715 10.596 12.753 10.230 10.272 11.291 13.402 11.696 15.351 13.377 11.507 12.252 13.419 14.072 16.250 15.585 14.821 15.350 15.717 13.680 11.040 13.973 13.059 14.621 15.846 16.229 21.467 21.540 22.449 21.726
-999.250 -999.250 -999.250 -999.250 -999.250 -999.250 -999.250 -999.250 -999.250 -999.250 -999.250 -999.250 -999.250 -999.250 14.547 11.627 11.387 12.101 10.137 11.703 10.762 9.465 11.038 12.046 12.148 -999.250 18.351 20.509 15.037 18.177 15.773 12.683 16.041 15.954 16.385 13.586 14.551 14.083 14.071 11.400 12.002 14.204 12.114 13.390 13.255 13.295 11.665 15.867 15.091 13.786 13.382 14.346 13.337 13.841 13.991 15.356 11.634 12.988 11.721 12.972 15.561 14.945 14.910 16.615 16.915 19.078 20.763 20.874 21.587
-999.250 -999.250 -999.250 -999.250 -999.250 -999.250 -999.250 -999.250 -999.250 -999.250 -999.250 -999.250 -999.250 -999.250 14.160 12.747 12.699 8.930 10.824 12.792 14.192 12.785 11.524 -999.250 -999.250 -999.250 16.317 20.035 20.104 23.016 20.335 17.609 16.374 14.745 14.154 17.112 13.689 13.037 14.130 14.452 13.259 13.229 10.599 13.435 14.263 12.517 15.611 17.025 14.546 12.123 15.139 13.080 13.779 14.551 13.272 13.461 15.304 12.439 14.647 11.314 12.990 14.945 15.876 14.249 15.676 17.042 20.468 17.683 16.497
-999.250 -999.250 -999.250 -999.250 -999.250 -999.250 -999.250 -999.250 -999.250 -999.250 -999.250 -999.250 -999.250 15.795 11.710 12.412 12.196 12.033 12.778 13.844 12.501 11.757 -999.250 -999.250 -999.250 -999.250 -999.250 17.816 19.880 19.180 20.112 18.193 16.159 14.720 21.704 14.499 15.270 14.230 14.238 16.142 15.228 15.908 13.620 15.518 15.399 12.426 12.991 15.822 12.124 12.975 13.339 14.490 12.294 13.367 13.589 13.976 12.882 12.726 11.818 13.270 15.361 13.776 13.529 14.745 13.599 16.543 15.914 15.734 15.908
-999.250 -999.250 -999.250 -999.250 -999.250 -999.250 -999.250 -999.250 -999.250 -999.250 -999.250 -999.250 -999.250 18.303 12.316 13.926 13.661 12.429 12.926 12.750 -999.250 -999.250 -999.250 -999.250 -999.250 -999.250 -999.250 -999.250 18.710 20.109 19.454 17.264 15.481 17.326 21.121 18.589 16.313 15.050 17.762 19.064 18.712 15.593 15.358 16.893 14.980 17.371 14.576 14.374 14.940 14.496 14.215 12.989 14.008 12.732 14.318 12.337 12.717 12.299 11.697 11.861 13.649 12.479 11.983 12.581 13.717 16.509 14.631 15.096 17.410
-999.250 -999.250 -999.250 -999.250 -999.250 -999.250 -999.250 -999.250 -999.250 -999.250 -999.250 -999.250 16.554 17.646 -999.250 -999.250 -999.250 -999.250 -999.250 -999.250 -999.250 -999.250 -999.250 -999.250 -999.250 -999.250 -999.250 -999.250 -999.250 17.134 18.674 17.899 15.201 17.121 18.652 20.150 18.449 15.224 20.447 20.319 20.011 18.627 19.607 18.633 14.531 16.777 16.286 15.027 14.505 13.026 14.796 14.055 11.343 13.420 11.963 13.628 11.712 11.370 11.387 9.777 10.589 12.254 12.670 10.822 10.071 12.162 13.081 14.506 13.005
-999.250 -999.250 -999.250 -999.250 -999.250 -999.250 -999.250 -999.250 -999.250 -999.250 -999.250 -999.250 -999.250 -999.250 -999.250 -999.250 -999.250 -999.250 -999.250 -999.250 -999.250 -999.250 -999.250 -999.250 -999.250 -999.250 -999.250 -999.250 -999.250 -999.250 23.668 19.675 19.269 22.001 22.471 20.531 18.436 19.973 23.224 22.915 21.446 21.163 17.286 19.626 18.119 16.787 14.836 16.019 16.407 16.306 14.395 15.614 14.928 13.619 11.817 10.641 11.630 11.884 11.669 11.895 10.839 9.976 11.181 9.426 9.906 10.299 10.643 10.536 12.973
-999.250 -999.250 -999.250 -999.250 -999.250 -999.250 -999.250 -999.250 -999.250 -999.250 -999.250 -999.250 -999.250 -999.250 -999.250 -999.250 -999.250 -999.250 -999.250 -999.250 -999.250 -999.250 -999.250 -999.250 -999.250 -999.250 -999.250 -999.250 -999.250 -999.250 25.741 21.875 20.523 23.068 21.752 22.383 19.804 23.211 20.425 25.161 25.181 22.689 23.212 19.974 20.490 17.386 16.141 13.324 20.679 17.540 16.102 16.469 13.973 11.384 11.943 13.072 14.241 10.627 10.109 11.685 10.571 8.425 7.976 10.351 10.409 8.039 9.449 11.136 13.028
-999.250 -999.250 -999.250 -999.250 -999.250 -999.250 -999.250 -999.250 -999.250 -999.250 -999.250 -999.250 -999.250 -999.250 -999.250 -999.250 -999.250 -999.250 -999.250 -999.250 -999.250 -999.250 -999.250 -999.250 -999.250 -999.250 -999.250 -999.250 -999.250 -999.250 26.534 21.768 24.671 23.537 22.176 19.629 18.217 16.874 21.255 25.332 28.114 24.367 22.951 22.654 22.779 18.988 15.418 16.953 18.404 18.952 16.754 15.140 14.479 13.819 11.951 13.200 13.668 12.103 12.350 11.215 9.156 8.659 9.083 8.257 8.915 7.457 6.352 8.158 9.717
-999.250 -999.250 -999.250 -999.250 -999.250 -999.250 -999.250 -999.250 -999.250 -999.250 -999.250 -999.250 -999.250 -999.250 -999.250 -999.250 -999.250 -999.250 -999.250 -999.250 -999.250 -999.250 -999.250 -999.250 -999.250 -999.250 -999.250 -999.250 -999.250 -999.250 -999.250 23.276 27.897 24.686 23.895 22.130 20.863 18.891 28.182 27.333 26.585 25.801 25.731 25.099 24.528 19.640 16.880 17.005 22.350 16.932 15.182 13.602 12.508 13.338 11.772 13.295 13.165 11.976 11.736 11.054 10.016 8.358 8.240 4.998 6.539 3.683 4.626 4.020 7.041
-999.250 -999.250 -999.250 -999.250 -999.250 -999.250 -999.250 -999.250 -999.250 -999.250 -999.250 -999.250 -999.250 -999.250 -999.250 -999.250 -999.250 -999.250 -999.250 -999.250 -999.250 -999.250 -999.250 -999.250 -999.250 -999.250 -999.250 -999.250 -999.250 -999.250 -999.250 24.715 29.963 28.545 24.844 27.600 24.255 23.410 28.465 29.865 28.452 28.484 28.114 26.097 23.403 23.522 22.277 20.633 22.730 20.183 17.767 16.740 12.826 12.750 14.818 13.145 12.788 9.578 11.515 9.831 8.807 6.158 7.161 3.855 3.698 0.000 0.027 5.492 7.054
-999.250 -999.250 -999.250 -999.250 -999.250 -999.250 -999.250 -999.250 -999.250 -999.250 -999.250 -999.250 -999.250 -999.250 -999.250 -999.250 -999.250 -999.250 -999.250 -999.250 -999.250 -999.250 -999.250 -999.250 -999.250 -999.250 -999.250 -999.250 -999.250 -999.250 -999.250 24.835 22.702 27.693 26.719 29.181 29.418 29.749 29.923 28.794 32.880 29.757 32.922 33.103 29.684 27.257 24.054 26.036 22.533 23.601 13.689 14.455 12.647 13.981 13.257 9.674 10.454 12.101 11.525 9.624 8.208 5.984 5.499 3.665 2.840 1.057 2.023 3.753 8.130
-999.250 -999.250 -999.250 -999.250 -999.250 -999.250 -999.250 -999.250 -999.250 -999.250 -999.250 -999.250 -999.250 -999.250 -999.250 -999.250 -999.250 -999.250 -999.250 -999.250 -999.250 -999.250 -999.250 -999.250 -999.250 -999.250 -999.250 -999.250 -999.250 -999.250 -999.250 18.167 23.679 28.504 27.069 27.211 32.840 34.001 33.877 32.968 35.106 31.017 36.017 32.228 30.662 29.352 24.456 22.758 20.735 22.301 17.948 15.208 12.686 12.275 11.767 10.515 11.722 11.498 9.503 9.201 8.957 7.272 6.259 5.113 0.917 1.267 4.414 6.609 5.701
-999.250 -999.250 -999.250 -999.250 -999.250 -999.250 -999.250 -999.250 -999.250 -999.250 -999.250 -999.250 -999.250 -999.250 -999.250 -999.250 -999.250 -999.250 -999.250 -999.250 -999.250 -999.250 -999.250 -999.250 -999.250 -999.250 -999.250 -999.250 -999.250 -999.250 -999.250 23.351 27.519 27.789 27.691 30.400 34.091 33.698 33.071 32.075 30.343 38.114 32.294 33.105 27.691 28.229 24.305 25.844 24.331 23.854 17.596 17.675 16.758 14.555 11.571 12.437 10.389 9.846 10.349 7.641 7.770 6.837 6.987 5.740 3.324 2.834 5.246 6.168 3.749
-999.250 -999.250 -999.250 -999.250 -999.250 -999.250 -999.250 -999.250 -999.250 -999.250 -999.250 -999.250 -999.250 -999.250 -999.250 -999.250 -999.250 -999.250 -999.250 -999.250 -999.250 -999.250 -999.250 -999.250 -999.250 -999.250 -999.250 -999.250 -999.250 -999.250 -999.250 24.316 26.667 32.131 29.147 32.695 32.447 38.285 35.260 38.173 32.548 35.599 31.444 30.528 30.265 30.220 28.852 29.459 28.104 23.527 18.374 19.064 18.376 13.058 13.042 12.579 10.713 10.765 10.984 7.088 6.682 8.474 5.940 6.560 3.553 2.439 4.774 3.356 5.014
-999.250 -999.250 -999.250 -999.250 -999.250 -999.250 -999.250 -999.250 -999.250 -999.250 -999.250 -999.250 -999.250 -999.250 -999.250 -999.250 -999.250 -999.250 -999.250 -999.250 -999.250 -999.250 -999.250 -999.250 -999.250 -999.250 -999.250 -999.250 -999.250 -999.250 -999.250 26.162 24.757 30.652 29.376 30.348 36.901 37.979 33.701 36.844 36.055 32.936 36.493 29.845 28.906 31.152 27.950 30.916 23.904 24.685 21.455 19.785 16.452 13.857 12.023 11.707 11.516 10.920 10.083 8.723 6.998 6.630 4.620 3.656 3.087 1.386 3.554 5.018 4.039
