data/medianmodel_01-Jan-2021.asc
ncols	141
nrows	288
xllcorner	-120191.398
yllcorner	-301404.813
cellsize	2000.000
NODATA_value	-999.250
[rows 145 to 173 of 288, columns 0 to 64 of 141]
-999.250 -999.250 -999.250 -999.250 -999.250 -999.250 -999.250 -999.250 -999.250 -999.250 -999.250 -999.250 -999.250 -999.250 -999.250 -999.250 -999.250 357.248 359.633 343.582 355.575 378.252 399.198 422.599 441.644 489.802 535.474 574.437 607.955 584.825 605.592 595.967 529.208 541.356 514.127 492.167 507.737 528.872 571.324 614.443 692.123 718.832 676.709 605.037 540.868 479.985 445.707 399.859 364.033 341.583 339.039 317.509 301.331 289.068 257.726 212.652 201.978 169.773 158.680 233.812 390.917 551.561 751.110 948.625 1085.818
-999.250 -999.250 -999.250 -999.250 -999.250 -999.250 -999.250 -999.250 -999.250 -999.250 -999.250 -999.250 -999.250 -999.250 -999.250 418.156 411.084 386.384 374.858 367.257 388.300 405.804 443.298 454.117 485.281 509.549 545.848 573.164 583.431 581.355 589.167 584.142 540.338 511.447 513.518 494.516 488.066 495.684 540.187 633.962 681.398 807.260 696.945 616.995 522.480 485.510 433.360 382.058 365.417 352.388 347.018 343.986 353.101 347.803 295.352 244.117 260.111 256.191 244.612 285.989 409.304 531.404 693.170 820.230 946.562
-999.250 -999.250 -999.250 -999.250 -999.250 -999.250 -999.250 -999.250 -999.250 -999.250 -999.250 -999.250 -999.250 -999.250 450.746 449.742 425.400 423.267 408.312 428.608 419.681 436.015 467.815 487.179 527.177 546.479 575.150 581.343 598.884 596.450 600.635 612.532 534.871 516.785 488.073 469.985 466.841 475.042 504.708 568.757 654.144 695.129 659.274 599.159 515.265 472.297 433.005 392.142 360.878 369.697 357.180 356.903 374.624 397.022 328.392 302.030 278.024 277.088 296.536 333.867 407.254 516.737 620.691 761.722 875.441
-999.250 -999.250 -999.250 -999.250 -999.250 -999.250 -999.250 -999.250 -999.250 -999.250 -999.250 -999.250 -999.250 -999.250 475.297 459.374 459.670 458.426 440.798 455.243 463.444 469.499 495.611 528.454 552.123 560.838 592.140 620.074 620.428 647.510 586.564 612.176 558.914 503.113 477.096 461.640 434.586 421.579 477.069 526.067 571.592 598.103 586.302 527.435 475.564 449.949 420.763 388.688 364.388 341.426 339.501 358.321 356.239 365.107 346.321 313.950 293.591 303.512 311.378 347.244 394.827 471.895 563.594 690.263 770.902
-999.250 -999.250 -999.250 -999.250 -999.250 -999.250 -999.250 -999.250 -999.250 -999.250 -999.250 -999.250 -999.250 523.300 491.565 485.329 481.417 473.631 470.341 472.148 482.689 498.574 510.313 535.430 586.387 592.030 636.021 657.059 644.321 638.462 617.400 576.025 566.371 512.316 478.496 451.777 432.326 446.519 478.863 494.443 526.918 552.582 533.114 496.405 460.926 429.826 376.820 361.235 347.568 341.039 353.552 346.567 346.659 344.285 326.519 297.861 288.767 302.909 312.638 354.235 382.891 451.424 510.710 612.775 681.357
-999.250 -999.250 -999.250 -999.250 -999.250 -999.250 -999.250 -999.250 -999.250 -999.250 -999.250 -999.250 531.818 569.068 566.720 516.763 524.521 491.530 485.399 481.947 508.102 518.607 541.745 583.798 609.220 634.126 662.325 650.519 646.073 652.058 614.898 576.103 532.464 505.307 498.433 467.365 450.058 456.859 469.061 489.288 507.591 512.814 494.569 465.693 443.981 416.458 374.372 348.438 332.755 338.367 312.751 323.901 339.211 333.288 322.475 296.094 277.561 280.929 312.123 331.879 357.854 409.987 470.627 528.280 584.343
-999.250 -999.250 -999.250 -999.250 -999.250 -999.250 -999.250 -999.250 -999.250 -999.250 -999.250 588.410 597.536 588.645 592.090 575.280 562.130 527.914 490.692 488.295 511.119 522.045 602.705 636.451 662.028 695.881 738.666 697.062 707.236 660.814 632.148 575.744 533.006 503.617 498.193 470.322 468.262 472.062 487.364 480.470 503.557 500.051 476.809 449.188 437.030 430.792 360.803 320.088 297.345 295.246 289.697 307.246 319.649 323.354 300.384 286.756 274.317 272.725 284.966 292.093 321.221 355.688 425.865 467.631 523.534
-999.250 -999.250 -999.250 -999.250 -999.250 -999.250 -999.250 -999.250 -999.250 -999.250 596.699 620.439 605.345 612.591 636.241 623.956 562.438 541.669 508.331 510.434 546.301 557.919 631.476 687.757 716.184 810.087 785.874 706.406 699.617 682.371 640.397 586.963 540.659 537.487 505.968 506.849 481.138 459.688 475.161 483.657 471.217 480.778 453.341 432.964 405.876 366.160 338.427 293.972 256.303 269.410 271.330 282.059 301.292 307.973 289.028 284.453 237.543 241.235 254.504 277.134 284.923 318.002 362.848 399.869 474.242
-999.250 -999.250 -999.250 -999.250 -999.250 -999.250 -999.250 -999.250 -999.250 563.009 570.769 559.387 581.616 628.170 657.689 683.544 618.278 558.842 529.670 516.258 546.946 571.368 664.456 733.538 793.119 835.508 838.580 776.971 728.950 688.321 671.690 616.404 588.960 545.011 524.234 491.438 479.904 487.322 476.048 476.350 471.798 469.225 456.936 403.984 357.600 308.916 265.124 251.200 223.171 261.654 264.572 272.626 273.928 279.056 271.318 255.590 249.078 215.444 228.490 227.947 250.336 273.841 328.943 370.666 399.294
-999.250 -999.250 -999.250 -999.250 -999.250 550.039 562.243 540.520 535.959 535.442 530.074 558.885 568.946 568.707 602.416 608.595 580.145 551.680 514.370 540.915 561.509 631.350 670.291 791.429 854.099 900.498 905.205 823.194 803.552 720.044 676.462 635.192 608.234 547.968 531.771 503.739 488.279 480.344 496.748 487.483 454.502 460.083 432.241 385.780 344.741 275.543 206.589 202.092 231.721 224.448 249.095 260.585 254.024 260.122 247.672 227.290 211.577 192.615 194.217 208.493 216.398 253.849 277.871 332.522 349.978
-999.250 -999.250 -999.250 -999.250 -999.250 -999.250 -999.250 518.021 515.648 516.381 504.010 523.145 534.989 525.717 548.235 522.025 526.333 505.841 499.374 504.766 567.261 600.557 673.666 781.523 868.856 976.495 906.706 871.511 811.519 743.345 670.412 617.879 581.137 573.391 541.600 511.601 487.879 496.824 482.159 469.657 446.773 442.884 412.250 377.361 344.677 285.842 248.480 241.384 205.653 217.145 217.134 229.955 229.921 249.897 218.977 190.168 174.804 155.490 153.751 151.477 189.842 206.064 253.830 278.844 298.913
-999.250 -999.250 -999.250 -999.250 -999.250 -999.250 -999.250 480.032 485.578 482.738 483.295 497.855 503.879 492.111 487.900 492.664 478.666 475.384 476.923 498.054 518.600 581.350 634.378 743.013 819.895 911.643 835.224 819.535 754.958 740.782 663.132 608.645 556.849 558.607 532.544 514.982 498.364 480.439 497.265 472.680 463.477 454.272 415.513 377.674 339.038 297.596 262.703 241.968 234.105 233.502 215.948 226.651 231.428 242.386 206.856 184.638 172.002 147.203 137.181 128.421 147.058 159.188 198.300 245.426 270.945
-999.250 -999.250 -999.250 -999.250 -999.250 -999.250 -999.250 452.281 453.123 458.756 453.399 465.179 443.283 446.895 433.654 437.233 436.536 429.290 438.332 452.099 487.477 524.961 581.591 647.857 744.053 804.579 776.398 778.383 718.647 661.333 652.298 614.041 545.241 530.444 544.530 516.459 508.195 486.360 479.585 484.961 473.766 457.043 425.929 401.035 352.839 319.053 295.086 283.435 256.626 260.963 245.896 239.252 207.446 189.539 204.029 145.383 148.607 133.234 129.168 125.634 134.883 125.065 155.317 167.586 207.587
-999.250 -999.250 -999.250 -999.250 -999.250 -999.250 -999.250 427.683 428.129 420.572 414.348 416.593 397.019 394.038 386.893 381.972 372.057 380.672 375.915 418.320 440.031 473.982 510.785 582.596 646.112 673.090 672.112 677.602 659.356 651.705 603.973 579.794 548.010 524.553 515.430 497.619 495.343 500.456 496.994 497.333 487.756 463.364 435.206 391.519 358.590 332.247 322.230 270.108 276.714 272.466 265.474 234.394 217.595 203.532 173.995 157.841 140.040 129.858 120.369 124.112 124.856 121.802 120.487 149.252 178.368
-999.250 -999.250 -999.250 -999.250 -999.250 -999.250 -999.250 -999.250 372.896 387.206 376.788 367.886 364.838 360.582 337.283 352.200 336.978 334.681 344.222 362.711 414.654 436.556 477.549 523.571 569.120 600.341 601.951 597.523 587.278 609.775 565.246 550.618 527.418 502.030 499.893 503.320 526.072 491.830 483.762 486.441 490.242 485.698 446.025 405.124 380.018 344.041 326.062 295.510 278.779 275.725 274.667 251.740 239.724 220.569 186.277 159.683 137.530 145.187 113.241 116.612 119.229 112.093 109.326 127.725 147.683
-999.250 -999.250 -999.250 -999.250 -999.250 -999.250 -999.250 -999.250 358.491 355.831 362.091 347.161 325.023 323.752 308.105 310.559 302.627 316.578 306.941 319.660 361.634 385.182 441.550 463.560 490.140 503.219 504.036 542.457 531.165 513.702 517.252 492.547 492.068 497.669 481.009 487.995 473.592 474.158 468.550 473.820 483.621 524.154 458.474 401.607 370.304 354.454 329.202 289.763 284.735 276.259 280.188 280.738 256.437 214.058 207.165 188.359 146.170 131.089 125.070 124.932 126.993 113.999 113.886 121.454 137.781
-999.250 -999.250 -999.250 -999.250 -999.250 -999.250 -999.250 356.441 353.403 351.868 352.600 328.707 315.779 309.147 286.634 283.515 277.184 278.713 285.727 284.583 309.573 345.580 384.596 423.677 430.183 450.028 459.980 461.256 465.073 500.865 476.783 450.095 458.850 463.094 450.355 465.358 482.402 445.533 423.001 436.254 451.139 459.614 442.040 394.756 374.213 344.332 336.254 316.016 314.003 288.730 273.412 246.992 278.300 273.311 264.388 228.190 203.376 169.282 156.682 152.280 136.506 119.819 122.042 125.882 129.980
-999.250 -999.250 -999.250 -999.250 -999.250 -999.250 -999.250 345.641 350.482 337.991 332.721 323.594 302.715 312.340 279.416 277.673 267.382 271.723 279.914 278.769 270.606 299.658 340.755 350.163 381.102 387.668 389.175 393.036 417.366 424.086 422.037 424.732 418.838 415.721 394.400 419.582 407.801 363.517 352.503 371.214 400.495 414.856 392.839 369.646 356.323 344.541 331.907 298.542 330.639 310.999 300.761 282.017 286.650 296.534 271.305 263.175 236.788 242.675 197.970 191.624 160.458 145.273 144.364 147.286 147.871
-999.250 -999.250 -999.250 -999.250 -999.250 -999.250 -999.250 350.040 331.549 334.522 336.429 300.239 292.885 307.521 268.306 272.404 261.060 252.996 264.624 267.754 264.746 281.940 305.562 312.422 334.332 350.576 348.264 366.298 366.660 387.967 383.899 392.111 395.561 392.541 375.392 365.343 349.295 316.482 279.429 314.637 338.479 366.771 350.340 333.506 343.342 336.366 324.696 330.674 318.374 327.735 331.064 327.358 322.789 338.435 323.123 298.845 285.340 281.726 268.628 245.706 207.486 206.142 204.666 204.182 186.450
-999.250 -999.250 -999.250 -999.250 -999.250 -999.250 -999.250 346.419 334.043 333.434 323.206 331.997 313.299 331.428 300.642 300.072 262.832 269.840 279.166 272.758 282.105 298.697 291.700 289.697 302.234 319.927 337.153 337.108 324.161 344.984 352.329 351.412 362.362 359.465 356.453 330.577 321.612 283.043 270.713 281.759 295.884 322.540 321.776 314.501 320.533 328.474 317.316 317.019 347.123 335.447 339.410 334.034 350.489 342.981 338.173 348.311 334.094 338.361 327.308 298.297 279.679 261.083 255.303 241.823 252.261
-999.250 -999.250 -999.250 -999.250 -999.250 -999.250 371.547 360.828 350.144 341.738 337.900 340.030 344.033 341.956 315.081 306.437 297.399 308.108 305.584 299.621 307.282 296.817 283.059 282.646 283.614 294.312 297.908 297.983 286.960 323.694 334.642 343.916 338.037 335.635 337.472 333.544 302.610 283.890 260.408 260.338 267.531 295.754 290.688 307.721 296.342 312.093 316.074 318.653 341.637 342.901 361.051 365.701 376.050 353.151 359.358 381.975 367.058 374.878 355.368 363.510 326.433 321.262 311.489 307.237 277.109
-999.250 -999.250 -999.250 -999.250 -999.250 -999.250 359.640 354.482 356.834 364.067 364.483 358.347 361.195 344.801 350.074 335.240 339.598 327.658 343.092 324.944 313.001 317.514 296.493 298.908 279.537 277.644 253.608 259.283 294.734 281.851 297.885 322.640 338.501 331.407 314.821 322.795 301.601 291.270 252.389 254.568 249.955 262.059 263.947 269.284 282.989 301.091 306.269 338.691 347.166 349.829 367.712 408.350 401.784 405.446 414.700 412.163 417.486 405.498 418.143 407.324 398.815 368.958 380.245 350.945 351.866
-999.250 -999.250 -999.250 -999.250 -999.250 358.617 359.351 359.145 364.895 369.838 376.507 380.201 385.766 365.800 366.802 360.880 350.269 357.457 362.087 356.624 355.535 333.909 312.736 287.701 295.794 262.776 249.604 246.522 249.383 268.209 276.640 297.764 328.553 322.078 323.385 298.597 282.531 269.227 257.820 249.290 217.637 254.635 263.036 265.557 284.690 283.106 311.892 320.479 345.432 366.183 386.552 405.690 422.914 437.834 462.741 466.204 472.250 489.485 474.178 471.403 458.954 424.855 436.241 429.180 425.615
-999.250 -999.250 -999.250 -999.250 -999.250 366.313 342.306 355.608 390.849 391.111 410.400 411.308 395.934 402.049 404.794 390.292 393.474 395.679 397.871 402.998 390.906 368.581 338.288 321.016 291.556 277.725 250.246 236.062 265.101 259.196 284.986 293.461 318.784 312.041 316.887 317.591 275.970 253.759 259.950 258.660 237.289 225.358 232.986 261.245 276.545 298.566 303.052 329.495 369.440 384.375 395.175 440.890 456.618 523.920 528.088 547.703 556.381 573.828 536.712 565.654 542.909 524.325 473.471 491.139 474.408
-999.250 -999.250 -999.250 -999.250 362.679 361.723 365.726 375.112 397.632 394.122 391.414 431.898 438.658 439.961 454.752 448.956 438.829 443.877 440.099 429.138 433.798 412.573 380.268 345.479 309.998 272.275 261.556 256.122 262.194 257.995 286.157 310.880 315.169 318.286 324.024 318.012 308.483 291.399 276.374 267.199 242.722 239.658 240.485 241.076 263.746 291.330 328.606 355.056 366.779 412.600 446.820 466.856 493.442 539.720 559.549 630.654 633.814 617.778 595.237 632.701 602.216 588.753 567.469 548.446 523.949
-999.250 -999.250 -999.250 -999.250 370.662 382.012 381.289 390.958 406.754 420.516 430.672 449.505 451.315 474.911 485.197 483.512 487.434 485.231 484.276 475.957 464.055 443.342 429.038 366.471 325.789 313.326 290.073 269.645 277.599 279.484 309.688 322.397 332.579 339.781 323.769 338.050 329.773 295.370 272.322 228.353 227.435 209.811 236.227 239.666 250.917 298.407 326.982 359.225 411.371 457.628 505.599 524.421 556.073 614.354 679.709 705.826 718.325 713.682 707.529 721.842 733.681 681.030 683.668 654.036 594.029
-999.250 -999.250 -999.250 -999.250 367.175 375.490 391.855 387.386 401.260 436.366 443.414 456.694 475.477 501.948 521.442 534.387 536.283 535.050 520.418 507.446 486.853 474.850 430.801 388.893 361.750 336.814 313.542 295.903 285.493 307.592 329.106 320.273 346.528 352.599 348.893 352.409 329.823 306.494 271.430 243.805 221.122 201.226 197.427 227.626 265.666 303.557 354.590 386.219 422.316 478.837 544.247 590.046 648.522 658.615 709.185 790.209 788.003 835.967 823.165 868.352 846.358 765.920 773.826 753.141 642.942
-999.250 -999.250 -999.250 -999.250 381.529 394.344 387.005 398.524 407.888 441.175 462.470 476.826 482.508 508.518 545.236 616.495 616.368 605.961 601.628 568.425 512.867 497.226 440.827 411.679 371.658 355.536 337.348 315.641 320.943 301.575 313.886 318.762 343.133 345.707 362.908 370.979 329.064 302.008 267.572 238.231 223.118 198.144 198.486 220.715 272.885 314.826 349.330 382.048 444.715 520.473 565.763 645.465 695.574 778.205 815.502 863.948 935.496 962.279 923.361 948.405 949.312 927.081 822.658 864.417 748.340
-999.250 -999.250 -999.250 -999.250 366.662 377.834 380.703 388.415 397.075 452.847 472.275 462.865 482.983 526.431 576.739 627.157 694.770 664.055 631.960 599.968 536.136 508.927 458.466 422.325 371.812 361.873 334.502 320.505 316.961 304.955 293.777 319.688 344.362 333.170 345.788 339.139 320.438 289.582 256.039 223.097 193.578 168.035 183.804 203.943 259.650 301.853 337.100 402.706 462.398 540.368 648.586 690.937 773.970 892.418 902.618 967.734 967.158 1101.963 1072.958 1034.972 1018.084 1000.402 917.033 910.216 889.786
