data/medianmodel_21-Nov-2020.asc
ncols	141
nrows	288
xllcorner	-120191.398
yllcorner	-301404.813
cellsize	2000.000
NODATA_value	-999.250
[rows 145 to 173 of 288, columns 65 to 129 of 141]
457.295 447.684 472.722 487.495 522.683 505.327 517.285 539.434 543.335 528.645 563.654 577.067 588.878 632.904 613.767 637.526 643.458 594.781 564.865 519.674 466.641 409.747 317.858 272.604 226.547 194.923 -999.250 -999.250 -999.250 -999.250 -999.250 -999.250 -999.250 -999.250 -999.250 -999.250 -999.250 -999.250 -999.250 -999.250 -999.250 -999.250 -999.250 -999.250 -999.250 -999.250 -999.250 -999.250 -999.250 -999.250 -999.250 -999.250 -999.250 -999.250 -999.250 -999.250 -999.250 -999.250 -999.250 -999.250 -999.250 -999.250 -999.250 -999.250 -999.250
518.457 477.379 486.908 523.849 509.248 531.339 535.033 532.804 534.626 593.291 574.309 590.884 591.885 611.475 659.275 700.778 673.866 623.938 574.385 524.292 483.248 404.502 341.843 280.383 222.532 179.831 142.124 -999.250 -999.250 -999.250 -999.250 -999.250 -999.250 -999.250 -999.250 -999.250 -999.250 -999.250 -999.250 -999.250 -999.250 -999.250 -999.250 -999.250 -999.250 -999.250 -999.250 -999.250 -999.250 -999.250 -999.250 -999.250 -999.250 -999.250 -999.250 -999.250 -999.250 -999.250 -999.250 -999.250 -999.250 -999.250 -999.250 -999.250 -999.250
514.592 510.265 520.704 539.380 563.213 553.336 574.528 552.848 576.115 581.946 580.592 582.978 600.383 629.410 714.003 750.822 685.255 676.595 582.379 534.445 495.819 451.415 375.433 299.155 225.273 172.574 146.849 -999.250 -999.250 -999.250 -999.250 -999.250 -999.250 -999.250 -999.250 -999.250 -999.250 -999.250 -999.250 -999.250 -999.250 -999.250 -999.250 -999.250 -999.250 -999.250 -999.250 -999.250 -999.250 -999.250 -999.250 -999.250 -999.250 -999.250 -999.250 -999.250 -999.250 -999.250 -999.250 -999.250 -999.250 -999.250 -999.250 -999.250 -999.250
542.238 541.971 550.841 576.988 582.286 594.068 602.905 597.170 637.446 620.991 614.142 625.301 674.864 715.900 784.148 769.971 748.465 675.332 599.269 571.224 543.221 465.366 395.543 319.843 236.982 137.033 163.052 169.567 189.778 198.863 -999.250 -999.250 -999.250 -999.250 -999.250 -999.250 -999.250 -999.250 -999.250 -999.250 -999.250 -999.250 -999.250 -999.250 -999.250 -999.250 -999.250 -999.250 -999.250 -999.250 -999.250 -999.250 -999.250 -999.250 -999.250 -999.250 -999.250 -999.250 -999.250 -999.250 -999.250 -999.250 -999.250 -999.250 -999.250
555.903 555.648 567.184 590.297 585.358 585.358 612.562 593.835 669.813 636.611 654.983 702.367 728.347 756.847 837.317 847.511 754.465 686.043 639.930 630.678 563.299 505.671 438.559 378.131 303.868 237.590 223.422 225.627 214.554 208.753 223.154 -999.250 -999.250 -999.250 -999.250 -999.250 -999.250 -999.250 -999.250 -999.250 -999.250 -999.250 -999.250 -999.250 -999.250 -999.250 -999.250 -999.250 -999.250 -999.250 -999.250 -999.250 -999.250 -999.250 -999.250 -999.250 -999.250 -999.250 -999.250 -999.250 -999.250 -999.250 -999.250 -999.250 -999.250
556.123 540.704 567.395 580.242 599.164 604.376 615.709 654.878 670.307 683.769 762.919 714.050 814.126 904.774 861.141 841.165 897.383 745.668 731.076 675.986 631.011 577.110 492.404 449.158 359.103 304.281 277.300 262.885 239.829 242.444 -999.250 -999.250 -999.250 -999.250 -999.250 -999.250 -999.250 -999.250 -999.250 -999.250 -999.250 -999.250 -999.250 -999.250 -999.250 -999.250 -999.250 -999.250 -999.250 -999.250 -999.250 -999.250 -999.250 -999.250 -999.250 -999.250 -999.250 -999.250 -999.250 -999.250 -999.250 -999.250 -999.250 -999.250 -999.250
534.370 563.893 577.169 591.183 596.097 632.857 622.577 668.168 679.801 762.174 923.261 856.071 843.415 966.483 1042.923 976.080 944.472 806.583 882.969 743.341 741.788 671.606 576.929 545.324 457.993 349.257 312.037 276.296 268.092 263.247 -999.250 -999.250 -999.250 -999.250 -999.250 -999.250 -999.250 -999.250 -999.250 -999.250 -999.250 -999.250 -999.250 -999.250 -999.250 -999.250 -999.250 -999.250 -999.250 -999.250 -999.250 -999.250 -999.250 -999.250 -999.250 -999.250 -999.250 -999.250 -999.250 -999.250 -999.250 -999.250 -999.250 -999.250 -999.250
537.259 547.466 559.889 600.872 618.998 612.177 644.995 668.092 712.400 787.041 891.841 942.412 903.509 950.019 1018.242 1089.859 983.105 966.577 991.322 880.049 787.817 738.342 667.640 561.207 518.907 436.561 351.230 306.086 294.235 290.629 -999.250 -999.250 -999.250 -999.250 -999.250 -999.250 -999.250 -999.250 -999.250 -999.250 -999.250 -999.250 -999.250 -999.250 -999.250 -999.250 -999.250 -999.250 -999.250 -999.250 -999.250 -999.250 -999.250 -999.250 -999.250 -999.250 -999.250 -999.250 -999.250 -999.250 -999.250 -999.250 -999.250 -999.250 -999.250
546.087 523.060 525.902 548.961 598.580 611.493 650.296 700.127 712.840 834.190 899.033 960.098 888.356 972.907 1078.316 1086.224 1051.026 1096.824 1058.961 1047.428 970.038 846.987 852.905 724.956 579.054 512.263 408.662 313.153 306.925 324.378 -999.250 -999.250 -999.250 -999.250 -999.250 -999.250 -999.250 -999.250 -999.250 -999.250 -999.250 -999.250 -999.250 -999.250 -999.250 -999.250 -999.250 -999.250 -999.250 -999.250 -999.250 -999.250 -999.250 -999.250 -999.250 -999.250 -999.250 -999.250 -999.250 -999.250 -999.250 -999.250 -999.250 -999.250 -999.250
519.615 511.108 526.787 548.010 582.574 614.180 687.005 694.054 804.598 895.909 978.095 952.742 1043.210 1063.449 1119.656 1096.210 1072.572 1163.402 1231.749 1258.998 1189.877 1083.460 1092.264 928.099 767.049 617.042 489.031 299.501 351.166 366.412 -999.250 -999.250 -999.250 -999.250 -999.250 -999.250 -999.250 -999.250 -999.250 -999.250 -999.250 -999.250 -999.250 -999.250 -999.250 -999.250 -999.250 -999.250 -999.250 -999.250 -999.250 -999.250 -999.250 -999.250 -999.250 -999.250 -999.250 -999.250 -999.250 -999.250 -999.250 -999.250 -999.250 -999.250 -999.250
510.041 515.012 475.265 536.913 564.788 585.945 678.663 768.990 735.099 773.268 819.676 890.202 1027.183 1059.290 1147.576 1232.736 1218.467 1292.345 1221.402 1297.575 1256.348 1235.881 1217.028 1136.493 973.070 803.726 629.827 557.224 490.194 445.913 -999.250 -999.250 -999.250 -999.250 -999.250 -999.250 -999.250 -999.250 -999.250 -999.250 -999.250 -999.250 -999.250 -999.250 -999.250 -999.250 -999.250 -999.250 -999.250 -999.250 -999.250 -999.250 -999.250 -999.250 -999.250 -999.250 -999.250 -999.250 -999.250 -999.250 -999.250 -999.250 -999.250 -999.250 -999.250
466.885 473.019 459.861 501.541 526.037 558.030 619.182 679.755 696.367 712.477 706.333 897.768 846.945 999.915 1041.145 1173.299 1254.973 1320.352 1327.717 1387.259 1411.032 1343.673 1344.434 1221.542 1173.306 1040.529 903.252 766.440 659.554 571.085 532.358 -999.250 -999.250 -999.250 -999.250 -999.250 -999.250 -999.250 -999.250 -999.250 -999.250 -999.250 -999.250 -999.250 -999.250 -999.250 -999.250 -999.250 -999.250 -999.250 -999.250 -999.250 -999.250 -999.250 -999.250 -999.250 -999.250 -999.250 -999.250 -999.250 -999.250 -999.250 -999.250 -999.250 -999.250
429.321 420.344 450.866 468.163 489.878 511.639 569.032 581.982 615.950 648.860 673.611 751.893 877.538 892.451 1026.072 1128.992 1231.814 1350.273 1370.132 1422.894 1439.833 1368.218 1305.041 1335.436 1289.451 1259.687 1145.358 946.785 728.406 660.834 604.264 543.152 -999.250 -999.250 -999.250 -999.250 -999.250 -999.250 -999.250 -999.250 -999.250 -999.250 -999.250 -999.250 -999.250 -999.250 -999.250 -999.250 -999.250 -999.250 -999.250 -999.250 -999.250 -999.250 -999.250 -999.250 -999.250 -999.250 -999.250 -999.250 -999.250 -999.250 -999.250 -999.250 -999.250
364.289 387.521 397.526 430.845 444.290 499.650 489.850 543.434 570.650 580.820 623.033 714.810 802.211 855.132 1030.706 1043.097 1202.434 1256.038 1342.282 1387.417 1414.496 1366.267 1450.488 1400.113 1394.731 1389.139 1246.880 1114.786 916.727 791.669 741.375 617.340 574.028 -999.250 -999.250 -999.250 -999.250 -999.250 -999.250 -999.250 -999.250 -999.250 -999.250 -999.250 -999.250 -999.250 -999.250 -999.250 -999.250 -999.250 -999.250 -999.250 -999.250 -999.250 -999.250 -999.250 -999.250 -999.250 -999.250 -999.250 -999.250 -999.250 -999.250 -999.250 -999.250
307.426 317.252 355.033 386.358 431.323 464.825 479.002 506.504 532.367 561.750 592.892 619.810 695.289 736.235 941.340 933.805 1049.969 1217.830 1293.621 1300.211 1368.423 1386.869 1437.639 1487.937 1405.874 1374.872 1292.755 1121.933 1062.735 950.676 851.003 719.294 590.131 -999.250 -999.250 -999.250 -999.250 -999.250 -999.250 -999.250 -999.250 -999.250 -999.250 -999.250 -999.250 -999.250 -999.250 -999.250 -999.250 -999.250 -999.250 -999.250 -999.250 -999.250 -999.250 -999.250 -999.250 -999.250 -999.250 -999.250 -999.250 -999.250 -999.250 -999.250 -999.250
220.088 292.682 324.182 365.947 377.280 409.982 444.999 462.778 493.435 520.416 548.141 567.056 628.599 631.774 774.984 837.317 893.259 1053.911 1196.806 1155.763 1250.705 1297.069 1340.696 1433.644 1344.199 1341.542 1297.382 1149.354 998.824 1017.857 977.440 699.278 645.000 -999.250 -999.250 -999.250 -999.250 -999.250 -999.250 -999.250 -999.250 -999.250 -999.250 -999.250 -999.250 -999.250 -999.250 -999.250 -999.250 -999.250 -999.250 -999.250 -999.250 -999.250 -999.250 -999.250 -999.250 -999.250 -999.250 -999.250 -999.250 -999.250 -999.250 -999.250 -999.250
290.353 281.779 313.843 332.066 373.280 358.317 422.005 432.380 420.789 469.297 515.650 516.786 529.110 555.160 577.370 616.807 677.921 805.821 989.953 1057.289 1167.062 1207.487 1297.483 1354.921 1357.741 1289.240 1295.230 1193.630 1097.495 922.694 827.341 787.333 688.107 -999.250 -999.250 -999.250 -999.250 -999.250 -999.250 -999.250 -999.250 -999.250 -999.250 -999.250 -999.250 -999.250 -999.250 -999.250 -999.250 -999.250 -999.250 -999.250 -999.250 -999.250 -999.250 -999.250 -999.250 -999.250 -999.250 -999.250 -999.250 -999.250 -999.250 -999.250 -999.250
293.664 309.767 309.073 322.791 365.044 376.024 379.707 395.625 371.815 432.746 466.328 484.762 469.771 469.239 451.018 455.337 510.696 592.668 706.413 949.518 936.192 1078.567 1207.506 1246.136 1250.479 1169.528 1258.533 1211.633 1105.835 920.981 822.714 747.031 630.048 -999.250 -999.250 -999.250 -999.250 -999.250 -999.250 -999.250 -999.250 -999.250 -999.250 -999.250 -999.250 -999.250 -999.250 -999.250 -999.250 -999.250 -999.250 -999.250 -999.250 -999.250 -999.250 -999.250 -999.250 -999.250 -999.250 -999.250 -999.250 -999.250 -999.250 -999.250 -999.250
295.106 306.060 303.570 325.614 323.289 339.033 343.027 354.456 351.529 385.505 398.791 398.139 397.556 366.404 350.775 329.112 252.765 467.235 609.213 753.973 870.862 955.988 1008.399 1141.048 1109.469 1133.577 1159.224 1107.247 1059.875 956.950 735.815 698.113 617.869 542.971 -999.250 -999.250 -999.250 -999.250 -999.250 -999.250 -999.250 -999.250 -999.250 -999.250 -999.250 -999.250 -999.250 -999.250 -999.250 -999.250 -999.250 -999.250 -999.250 -999.250 -999.250 -999.250 -999.250 -999.250 -999.250 -999.250 -999.250 -999.250 -999.250 -999.250 -999.250
317.436 319.012 312.906 320.861 316.791 308.246 322.813 327.873 339.299 328.100 339.886 340.762 334.159 337.421 303.160 292.867 300.745 408.304 533.191 622.034 676.560 772.396 902.433 954.613 973.241 935.496 999.681 1067.039 962.250 777.947 672.013 617.310 561.713 564.575 502.976 -999.250 -999.250 -999.250 -999.250 -999.250 -999.250 -999.250 -999.250 -999.250 -999.250 -999.250 -999.250 -999.250 -999.250 -999.250 -999.250 -999.250 -999.250 -999.250 -999.250 -999.250 -999.250 -999.250 -999.250 -999.250 -999.250 -999.250 -999.250 -999.250 -999.250
323.018 322.579 313.243 313.628 287.955 299.858 302.329 299.309 312.936 310.179 306.976 294.171 301.720 284.070 266.099 271.203 301.030 367.692 474.866 539.443 586.081 634.833 731.772 750.397 856.592 806.058 804.681 874.628 752.608 715.280 658.249 560.499 537.861 513.413 504.389 464.774 427.212 394.454 -999.250 -999.250 -999.250 -999.250 -999.250 -999.250 -999.250 -999.250 -999.250 -999.250 -999.250 -999.250 -999.250 -999.250 -999.250 -999.250 -999.250 -999.250 -999.250 -999.250 -999.250 -999.250 -999.250 -999.250 -999.250 -999.250 -999.250
338.467 313.942 300.508 304.722 277.278 304.900 288.521 289.551 290.724 298.333 287.945 277.586 262.623 247.100 234.133 251.995 300.388 351.951 405.121 507.423 549.002 616.152 635.828 643.734 744.843 706.055 766.385 680.920 729.188 643.106 579.212 571.584 530.787 483.340 470.088 420.229 438.037 389.276 -999.250 -999.250 -999.250 -999.250 -999.250 -999.250 -999.250 -999.250 -999.250 -999.250 -999.250 -999.250 -999.250 -999.250 -999.250 -999.250 -999.250 -999.250 -999.250 -999.250 -999.250 -999.250 -999.250 -999.250 -999.250 -999.250 -999.250
351.227 342.459 314.884 279.349 257.898 263.626 270.494 251.587 264.040 273.956 274.119 264.387 241.440 217.155 225.045 241.018 288.677 323.419 375.165 455.109 512.290 547.535 604.110 578.155 621.083 676.818 690.000 678.584 675.712 587.550 553.597 542.576 492.199 465.224 436.806 418.517 394.923 -999.250 -999.250 -999.250 -999.250 -999.250 -999.250 -999.250 -999.250 -999.250 -999.250 -999.250 -999.250 -999.250 -999.250 -999.250 -999.250 -999.250 -999.250 -999.250 -999.250 -999.250 -999.250 -999.250 -999.250 -999.250 -999.250 -999.250 -999.250
369.260 336.184 320.093 280.777 273.473 248.115 237.858 256.602 257.444 269.034 247.593 243.288 219.711 212.753 209.889 227.077 270.440 305.897 331.205 419.835 467.943 509.257 554.821 569.601 599.408 610.336 660.009 640.619 606.934 594.197 572.528 525.864 468.226 389.724 363.573 364.117 367.793 -999.250 -999.250 -999.250 321.611 315.518 307.530 -999.250 -999.250 -999.250 -999.250 -999.250 -999.250 -999.250 -999.250 -999.250 -999.250 -999.250 -999.250 -999.250 -999.250 -999.250 -999.250 -999.250 -999.250 -999.250 -999.250 -999.250 -999.250
368.191 352.042 320.724 286.491 250.513 239.407 223.615 224.586 246.921 233.381 226.308 196.925 195.738 176.059 167.899 190.405 218.405 290.331 313.763 375.467 426.844 458.468 502.113 565.512 562.295 570.155 570.471 574.694 580.799 563.365 519.864 467.084 408.654 319.149 343.020 368.143 359.749 358.973 360.783 348.927 311.862 306.428 286.627 301.781 -999.250 -999.250 -999.250 -999.250 -999.250 -999.250 -999.250 -999.250 -999.250 -999.250 -999.250 -999.250 -999.250 -999.250 -999.250 -999.250 -999.250 -999.250 -999.250 -999.250 -999.250
364.406 337.853 306.617 281.730 241.389 188.368 230.441 235.240 240.865 237.693 224.227 193.025 186.601 195.002 172.995 134.499 196.716 255.318 310.417 353.717 381.960 457.938 473.615 504.293 539.767 558.563 536.963 560.057 544.178 517.804 472.077 438.320 412.548 351.102 341.774 345.660 340.823 366.327 381.071 355.510 329.805 313.697 279.401 300.710 319.007 -999.250 -999.250 -999.250 -999.250 -999.250 -999.250 -999.250 -999.250 -999.250 -999.250 -999.250 -999.250 -999.250 -999.250 -999.250 -999.250 -999.250 -999.250 -999.250 -999.250
357.249 333.196 323.194 291.339 266.807 238.289 257.157 257.605 233.839 242.171 225.552 206.837 188.705 193.439 186.024 168.559 212.094 258.259 289.191 319.842 379.927 421.119 465.519 501.774 515.640 511.268 534.493 540.037 512.158 489.806 432.679 422.750 387.722 373.087 348.002 343.419 335.995 340.052 371.282 350.209 330.371 327.032 314.687 315.681 318.778 -999.250 -999.250 -999.250 -999.250 -999.250 -999.250 -999.250 -999.250 -999.250 -999.250 -999.250 -999.250 -999.250 -999.250 -999.250 -999.250 -999.250 -999.250 -999.250 -999.250
403.423 361.250 334.793 316.817 288.960 282.783 289.895 260.139 248.403 250.739 233.672 209.859 193.472 176.475 187.550 191.591 245.688 275.634 302.563 330.511 361.646 404.997 434.587 472.871 502.425 485.432 470.588 512.427 498.490 470.721 458.591 418.786 397.583 356.505 361.572 339.600 344.831 359.158 358.222 367.665 339.992 339.386 314.257 308.268 319.358 -999.250 -999.250 -999.250 -999.250 -999.250 -999.250 -999.250 -999.250 -999.250 -999.250 -999.250 -999.250 -999.250 -999.250 -999.250 -999.250 -999.250 -999.250 -999.250 -999.250
400.169 365.894 348.003 321.477 326.522 301.963 293.069 272.859 267.837 252.353 229.486 203.858 208.184 186.354 187.813 213.422 232.474 276.424 298.641 318.087 341.262 373.451 422.813 464.224 472.388 473.904 476.032 500.571 487.507 470.231 458.418 423.578 391.434 371.066 377.990 362.330 362.919 348.575 368.541 354.584 344.436 335.369 305.075 322.631 318.649 329.052 -999.250 -999.250 -999.250 -999.250 -999.250 -999.250 -999.250 -999.250 -999.250 -999.250 -999.250 -999.250 -999.250 -999.250 -999.250 -999.250 -999.250 -999.250 -999.250
