data/medianmodel_28-Mar-2020.asc
ncols	141
nrows	288
xllcorner	-120191.398
yllcorner	-301404.813
cellsize	2000.000
NODATA_value	-999.250
[rows 217 to 247 of 288, columns 0 to 69 of 141]
-999.250 -999.250 -999.250 -999.250 -999.250 -999.250 -999.250 -999.250 -999.250 -999.250 -999.250 -999.250 -999.250 -999.250 -999.250 -999.250 -999.250 -999.250 -999.250 -999.250 -999.250 -999.250 -999.250 -999.250 -999.250 -999.250 -999.250 -999.250 -999.250 -999.250 -999.250 24.600 27.202 30.567 33.568 29.748 28.756 39.780 37.266 39.904 44.806 44.803 43.541 35.468 34.355 34.206 31.801 30.551 27.008 26.357 26.468 24.117 22.881 16.575 15.063 15.796 12.841 12.797 8.054 7.075 5.788 4.371 3.144 2.947 0.117 0.000 0.000 0.000 0.000 0.000
-999.250 -999.250 -999.250 -999.250 -999.250 -999.250 -999.250 -999.250 -999.250 -999.250 -999.250 -999.250 -999.250 -999.250 -999.250 -999.250 -999.250 -999.250 -999.250 -999.250 -999.250 -999.250 -999.250 -999.250 -999.250 -999.250 -999.250 -999.250 -999.250 -999.250 -999.250 25.614 27.366 40.961 31.761 29.378 32.034 39.337 39.016 48.818 43.507 45.312 45.248 38.325 42.532 39.863 31.714 32.470 28.146 26.159 27.235 26.119 24.219 19.301 14.212 14.853 11.043 8.481 8.054 5.380 5.460 4.649 4.652 2.899 1.171 0.055 0.809 0.520 0.000 0.128
-999.250 -999.250 -999.250 -999.250 -999.250 -999.250 -999.250 -999.250 -999.250 -999.250 -999.250 -999.250 -999.250 -999.250 -999.250 -999.250 -999.250 -999.250 -999.250 -999.250 -999.250 -999.250 -999.250 -999.250 -999.250 -999.250 -999.250 -999.250 -999.250 -999.250 -999.250 28.184 29.459 33.628 31.619 34.398 32.981 43.329 40.530 44.077 44.704 54.648 45.060 43.345 41.467 36.457 33.000 31.144 28.381 30.386 29.473 23.097 21.373 20.833 17.221 12.961 11.664 7.010 3.840 6.679 7.841 5.336 4.881 4.841 0.718 1.654 1.331 0.771 0.433 0.000
-999.250 -999.250 -999.250 -999.250 -999.250 -999.250 -999.250 -999.250 -999.250 -999.250 -999.250 -999.250 -999.250 -999.250 -999.250 -999.250 -999.250 -999.250 -999.250 -999.250 -999.250 -999.250 -999.250 -999.250 -999.250 -999.250 -999.250 -999.250 -999.250 -999.250 -999.250 23.988 23.884 29.715 30.061 31.246 32.276 36.341 42.469 46.294 44.474 43.163 43.459 37.332 42.354 35.606 36.845 27.737 26.035 27.873 26.111 24.983 17.951 18.996 17.270 15.233 12.129 9.566 8.154 7.308 5.723 5.830 3.924 4.059 0.930 2.691 3.812 4.661 2.669 0.512
-999.250 -999.250 -999.250 -999.250 -999.250 -999.250 -999.250 -999.250 -999.250 -999.250 -999.250 -999.250 -999.250 -999.250 -999.250 -999.250 -999.250 -999.250 -999.250 -999.250 -999.250 -999.250 -999.250 -999.250 -999.250 -999.250 -999.250 -999.250 -999.250 -999.250 -999.250 19.895 27.565 24.947 27.881 36.845 38.280 43.811 43.189 42.607 42.303 40.623 39.779 41.250 37.387 36.067 33.766 29.548 27.460 24.756 22.372 16.153 15.433 16.197 14.545 11.359 9.419 8.443 5.962 6.965 5.135 7.257 5.386 2.798 3.057 2.203 4.313 5.750 3.309 4.283
-999.250 -999.250 -999.250 -999.250 -999.250 -999.250 -999.250 -999.250 -999.250 -999.250 -999.250 -999.250 -999.250 -999.250 -999.250 -999.250 -999.250 -999.250 -999.250 -999.250 -999.250 -999.250 -999.250 -999.250 -999.250 -999.250 -999.250 -999.250 -999.250 -999.250 -999.250 22.011 26.518 25.566 28.989 35.997 40.939 41.172 40.150 39.197 43.906 36.400 39.212 38.786 34.831 39.907 36.015 29.006 27.173 24.982 20.163 17.871 16.284 15.650 12.602 12.717 10.284 9.000 5.921 5.761 6.142 5.736 6.468 3.709 2.754 3.872 3.706 5.950 5.887 5.425
-999.250 -999.250 -999.250 -999.250 -999.250 -999.250 -999.250 -999.250 -999.250 -999.250 -999.250 -999.250 -999.250 -999.250 -999.250 -999.250 -999.250 -999.250 -999.250 -999.250 -999.250 -999.250 -999.250 -999.250 -999.250 -999.250 -999.250 -999.250 -999.250 -999.250 20.576 15.582 23.338 27.032 28.966 30.849 30.123 33.885 38.113 35.215 38.649 35.663 30.883 34.663 31.854 33.901 31.291 26.654 22.117 24.481 13.082 14.313 16.350 13.403 10.748 12.031 9.809 7.304 8.558 4.921 6.181 5.082 5.301 4.741 6.391 5.525 8.506 5.910 8.513 6.357
-999.250 -999.250 -999.250 -999.250 -999.250 -999.250 -999.250 -999.250 -999.250 -999.250 -999.250 -999.250 -999.250 -999.250 -999.250 -999.250 -999.250 -999.250 -999.250 -999.250 -999.250 -999.250 -999.250 -999.250 -999.250 -999.250 -999.250 -999.250 -999.250 -999.250 13.992 18.035 22.189 26.668 24.023 23.847 27.438 30.011 29.041 31.305 35.819 35.469 34.242 31.325 30.389 33.099 27.950 24.489 23.643 24.149 18.130 17.552 16.739 13.129 11.197 9.230 7.886 5.952 7.691 4.443 3.875 6.009 4.398 5.496 6.218 5.755 5.178 7.252 6.535 7.523
-999.250 -999.250 -999.250 -999.250 -999.250 -999.250 -999.250 -999.250 -999.250 -999.250 -999.250 -999.250 -999.250 -999.250 -999.250 -999.250 -999.250 -999.250 -999.250 -999.250 -999.250 -999.250 -999.250 -999.250 -999.250 -999.250 -999.250 -999.250 -999.250 -999.250 12.526 15.162 19.315 20.032 23.995 26.512 25.092 25.026 25.311 28.243 26.735 30.791 33.288 26.797 30.957 27.795 31.883 23.338 21.438 22.798 19.801 16.769 14.176 13.768 10.218 6.488 5.928 4.094 3.779 5.104 5.045 5.447 4.221 7.230 8.162 5.285 8.839 8.921 8.876 10.268
-999.250 -999.250 -999.250 -999.250 -999.250 -999.250 -999.250 -999.250 -999.250 -999.250 -999.250 -999.250 -999.250 -999.250 -999.250 -999.250 -999.250 -999.250 -999.250 -999.250 -999.250 -999.250 -999.250 -999.250 -999.250 -999.250 -999.250 -999.250 -999.250 -999.250 14.093 14.243 19.311 15.803 22.016 21.252 27.352 25.483 23.616 21.806 27.028 24.568 27.160 29.819 23.251 22.739 22.569 19.888 23.484 19.521 20.382 17.782 16.517 10.530 10.550 7.481 3.774 0.895 3.232 4.311 4.482 5.136 7.415 7.618 8.766 7.698 8.656 8.656 9.920 11.019
-999.250 -999.250 -999.250 -999.250 -999.250 -999.250 -999.250 -999.250 -999.250 -999.250 -999.250 -999.250 -999.250 -999.250 -999.250 -999.250 -999.250 -999.250 -999.250 -999.250 -999.250 -999.250 -999.250 -999.250 -999.250 -999.250 -999.250 -999.250 -999.250 9.618 11.359 13.401 15.490 21.212 19.905 20.336 23.101 22.877 21.313 21.832 22.294 20.861 21.499 23.359 21.975 20.589 19.427 17.116 17.131 17.264 18.923 17.460 14.102 10.050 10.175 7.331 5.385 0.000 0.000 1.698 3.804 5.097 4.987 8.138 8.133 8.133 7.919 10.151 7.694 8.750
-999.250 -999.250 -999.250 -999.250 -999.250 -999.250 -999.250 -999.250 -999.250 -999.250 -999.250 -999.250 -999.250 -999.250 -999.250 -999.250 -999.250 -999.250 -999.250 -999.250 -999.250 -999.250 -999.250 -999.250 -999.250 -999.250 -999.250 -999.250 -999.250 10.283 10.770 13.480 13.775 14.794 14.972 15.433 18.500 19.932 18.639 18.765 18.736 19.351 21.902 19.981 21.124 20.564 20.147 16.774 17.018 17.587 15.563 9.600 13.139 9.850 9.155 7.164 2.275 3.244 0.877 0.265 2.348 3.638 6.506 6.596 7.605 9.445 9.403 10.041 7.581 8.006
-999.250 -999.250 -999.250 -999.250 -999.250 -999.250 -999.250 -999.250 -999.250 -999.250 -999.250 -999.250 -999.250 -999.250 -999.250 -999.250 -999.250 -999.250 -999.250 -999.250 -999.250 -999.250 -999.250 -999.250 -999.250 -999.250 -999.250 -999.250 12.896 10.830 11.873 13.601 13.053 13.817 12.702 16.483 13.893 14.321 16.086 16.676 15.740 18.298 16.181 14.030 18.176 15.972 14.286 15.491 12.688 13.310 12.087 10.728 10.048 10.556 7.513 6.253 5.861 0.197 2.444 2.231 4.592 6.085 7.066 6.898 8.592 8.479 11.182 9.775 9.248 8.300
-999.250 -999.250 -999.250 -999.250 -999.250 -999.250 -999.250 -999.250 -999.250 -999.250 -999.250 -999.250 -999.250 -999.250 -999.250 -999.250 -999.250 -999.250 -999.250 -999.250 -999.250 -999.250 -999.250 -999.250 -999.250 -999.250 -999.250 -999.250 13.919 14.101 14.040 13.040 13.920 13.262 12.453 11.897 13.602 14.437 15.457 14.681 13.601 12.514 13.937 12.226 14.636 14.094 14.448 12.316 15.425 13.392 12.972 9.973 9.786 7.947 6.818 6.463 6.176 3.063 3.754 4.165 3.679 5.137 8.684 7.953 8.737 9.741 10.136 9.968 9.960 10.348
-999.250 -999.250 -999.250 -999.250 -999.250 -999.250 -999.250 -999.250 -999.250 -999.250 -999.250 -999.250 -999.250 -999.250 -999.250 -999.250 -999.250 -999.250 -999.250 -999.250 -999.250 -999.250 -999.250 -999.250 -999.250 -999.250 -999.250 13.982 13.486 14.171 14.914 12.501 14.075 12.094 12.411 13.165 11.668 12.209 14.628 12.665 12.951 13.260 15.986 11.636 16.008 13.162 14.321 11.070 17.974 15.674 13.439 12.375 11.477 9.170 7.725 5.310 4.597 1.039 2.625 1.876 3.252 4.292 8.493 6.591 9.689 10.046 8.616 9.427 8.152 10.251
-999.250 -999.250 -999.250 -999.250 -999.250 -999.250 -999.250 -999.250 -999.250 -999.250 -999.250 -999.250 -999.250 -999.250 -999.250 -999.250 -999.250 -999.250 -999.250 -999.250 -999.250 -999.250 -999.250 -999.250 -999.250 -999.250 -999.250 13.558 12.659 15.187 14.372 14.583 13.044 12.093 12.154 13.844 13.735 13.593 12.700 12.569 13.289 13.765 13.066 12.830 11.506 11.730 14.935 14.657 15.930 14.576 14.450 14.910 13.039 10.167 9.743 7.341 5.957 3.794 5.397 3.614 5.339 5.641 6.010 6.005 8.662 7.963 10.961 9.990 10.619 7.943
-999.250 -999.250 -999.250 -999.250 -999.250 -999.250 -999.250 -999.250 -999.250 -999.250 -999.250 -999.250 -999.250 -999.250 -999.250 -999.250 -999.250 -999.250 -999.250 -999.250 -999.250 -999.250 -999.250 -999.250 -999.250 -999.250 -999.250 -999.250 12.499 14.806 13.203 14.714 12.354 11.597 11.745 11.486 12.617 13.153 12.823 10.657 13.380 13.803 15.164 13.061 13.793 15.949 13.116 14.489 11.940 12.999 15.741 12.837 10.561 10.428 9.394 6.318 4.977 5.310 4.700 3.979 4.088 5.704 3.966 5.979 7.915 8.809 9.498 7.870 9.986 9.457
-999.250 -999.250 -999.250 -999.250 -999.250 -999.250 -999.250 -999.250 -999.250 -999.250 -999.250 -999.250 -999.250 -999.250 -999.250 -999.250 -999.250 -999.250 -999.250 -999.250 -999.250 -999.250 -999.250 -999.250 -999.250 -999.250 -999.250 -999.250 -999.250 -999.250 12.686 13.003 11.731 10.404 10.672 14.318 12.416 10.649 12.298 14.005 13.867 14.316 13.500 11.817 12.497 15.834 15.599 12.654 14.157 11.629 13.450 13.093 10.197 7.721 8.614 9.628 6.056 3.271 3.167 3.092 3.392 2.441 4.390 5.247 8.049 5.064 6.316 6.822 10.195 9.176
-999.250 -999.250 -999.250 -999.250 -999.250 -999.250 -999.250 -999.250 -999.250 -999.250 -999.250 -999.250 -999.250 -999.250 -999.250 -999.250 -999.250 -999.250 -999.250 -999.250 -999.250 -999.250 -999.250 -999.250 -999.250 -999.250 -999.250 -999.250 -999.250 -999.250 13.855 12.744 9.381 10.481 11.033 11.682 12.682 14.088 12.292 12.483 13.159 10.593 12.325 11.468 12.407 12.569 12.851 12.318 11.473 11.665 13.434 12.237 10.927 8.567 8.890 9.093 4.774 3.973 3.085 0.268 0.606 3.764 5.282 5.268 7.376 3.966 5.840 8.186 9.042 8.779
-999.250 -999.250 -999.250 -999.250 -999.250 -999.250 -999.250 -999.250 -999.250 -999.250 -999.250 -999.250 -999.250 -999.250 -999.250 -999.250 -999.250 -999.250 -999.250 -999.250 -999.250 -999.250 -999.250 -999.250 -999.250 -999.250 -999.250 -999.250 -999.250 -999.250 13.257 10.701 10.017 7.553 11.824 11.352 11.915 13.352 11.446 14.389 14.691 12.664 13.951 10.714 11.995 10.494 10.935 10.389 10.814 9.749 14.868 12.565 10.507 9.012 7.399 8.725 7.541 5.845 2.688 0.000 0.000 3.307 5.090 5.000 4.797 6.620 6.486 7.727 8.680 8.365
-999.250 -999.250 -999.250 -999.250 -999.250 -999.250 -999.250 -999.250 -999.250 -999.250 -999.250 -999.250 -999.250 -999.250 -999.250 -999.250 -999.250 -999.250 -999.250 -999.250 -999.250 -999.250 -999.250 -999.250 -999.250 -999.250 -999.250 -999.250 -999.250 -999.250 -999.250 9.221 10.306 10.718 9.778 11.444 11.455 11.017 12.140 11.815 12.466 11.351 12.961 13.047 10.785 11.979 10.881 11.960 13.299 12.065 9.160 11.347 9.400 8.801 7.772 6.576 7.516 5.177 4.035 1.012 0.971 3.431 4.591 4.726 6.082 7.422 6.300 8.572 10.170 9.481
-999.250 -999.250 -999.250 -999.250 -999.250 -999.250 -999.250 -999.250 -999.250 -999.250 -999.250 -999.250 -999.250 -999.250 -999.250 -999.250 -999.250 -999.250 -999.250 -999.250 -999.250 -999.250 -999.250 -999.250 -999.250 -999.250 -999.250 -999.250 -999.250 -999.250 10.326 9.043 8.740 11.255 8.652 10.622 10.390 11.332 13.900 12.701 11.953 8.937 11.063 11.638 11.587 10.338 9.576 9.881 11.946 10.361 10.154 10.484 11.957 9.617 9.008 8.298 9.945 6.873 4.607 5.231 1.582 3.194 4.518 6.532 5.037 6.078 6.574 8.964 10.057 11.514
-999.250 -999.250 -999.250 -999.250 -999.250 -999.250 -999.250 -999.250 -999.250 -999.250 -999.250 -999.250 -999.250 -999.250 -999.250 -999.250 -999.250 -999.250 -999.250 -999.250 -999.250 -999.250 -999.250 -999.250 -999.250 -999.250 -999.250 -999.250 -999.250 -999.250 -999.250 10.644 11.099 8.998 10.598 11.414 13.595 11.265 13.046 12.971 12.781 8.647 7.352 8.297 8.968 10.292 11.037 13.014 9.448 12.219 11.660 12.741 13.033 10.177 9.291 9.439 8.009 7.308 6.380 6.798 5.286 4.574 6.257 4.118 7.475 6.691 5.933 8.388 8.029 9.392
-999.250 -999.250 -999.250 -999.250 -999.250 -999.250 -999.250 -999.250 -999.250 -999.250 -999.250 -999.250 -999.250 -999.250 -999.250 -999.250 -999.250 -999.250 -999.250 -999.250 -999.250 -999.250 -999.250 -999.250 -999.250 -999.250 -999.250 -999.250 -999.250 -999.250 10.117 11.151 12.284 10.934 13.499 10.095 12.383 11.261 11.357 10.035 11.171 10.117 9.275 12.961 11.427 12.784 13.713 12.934 12.573 11.456 11.303 11.331 10.365 11.259 7.196 5.732 5.338 6.989 5.995 6.139 4.765 6.163 5.460 6.306 9.574 8.092 10.222 8.094 7.952 8.692
-999.250 -999.250 -999.250 -999.250 -999.250 -999.250 -999.250 -999.250 -999.250 -999.250 -999.250 -999.250 -999.250 -999.250 -999.250 -999.250 -999.250 -999.250 -999.250 -999.250 -999.250 -999.250 -999.250 -999.250 -999.250 -999.250 -999.250 -999.250 -999.250 -999.250 9.724 12.806 11.393 12.131 12.328 10.413 10.048 10.620 10.646 10.698 11.032 8.884 12.902 10.264 11.619 10.343 12.963 13.249 13.615 10.656 11.103 13.643 9.631 11.283 8.842 7.432 8.179 6.905 5.928 7.988 4.569 6.442 6.042 6.693 9.491 7.752 10.307 8.153 7.125 6.159
-999.250 -999.250 -999.250 -999.250 -999.250 -999.250 -999.250 -999.250 -999.250 -999.250 -999.250 -999.250 -999.250 -999.250 -999.250 -999.250 -999.250 -999.250 -999.250 -999.250 -999.250 -999.250 -999.250 -999.250 -999.250 -999.250 -999.250 -999.250 -999.250 -999.250 11.514 13.253 11.811 14.542 13.544 12.999 10.961 12.203 11.705 8.922 9.850 10.377 12.748 11.822 11.579 12.390 14.998 12.055 14.678 9.698 9.971 10.736 11.001 8.874 7.383 7.087 6.299 5.821 7.212 6.346 6.573 4.943 5.175 5.281 7.020 7.800 10.001 8.746 11.167 11.739
-999.250 -999.250 -999.250 -999.250 -999.250 -999.250 -999.250 -999.250 -999.250 -999.250 -999.250 -999.250 -999.250 -999.250 -999.250 -999.250 -999.250 -999.250 -999.250 -999.250 -999.250 -999.250 -999.250 -999.250 -999.250 -999.250 -999.250 -999.250 -999.250 -999.250 9.329 11.320 12.175 14.189 13.952 9.371 12.429 10.398 11.430 10.931 9.473 11.577 12.269 15.287 13.215 13.755 11.818 10.891 9.537 11.101 12.204 12.191 8.781 10.025 9.885 9.049 4.867 5.024 4.165 4.208 4.665 4.681 5.484 7.245 7.680 7.190 8.642 10.499 10.934 11.778
-999.250 -999.250 -999.250 -999.250 -999.250 -999.250 -999.250 -999.250 -999.250 -999.250 -999.250 -999.250 -999.250 -999.250 -999.250 -999.250 -999.250 -999.250 -999.250 -999.250 -999.250 -999.250 -999.250 -999.250 -999.250 -999.250 -999.250 -999.250 -999.250 -999.250 10.681 11.801 12.743 13.298 12.820 11.990 9.071 12.672 11.393 11.087 10.586 10.726 12.501 10.552 11.409 10.652 9.719 9.255 11.327 10.779 10.144 9.704 9.888 10.638 9.916 9.243 5.278 5.139 3.962 2.746 3.143 2.672 4.134 5.961 7.844 7.696 10.124 11.319 9.531 11.671
-999.250 -999.250 -999.250 -999.250 -999.250 -999.250 -999.250 -999.250 -999.250 -999.250 -999.250 -999.250 -999.250 -999.250 -999.250 -999.250 -999.250 -999.250 -999.250 -999.250 -999.250 -999.250 -999.250 -999.250 -999.250 -999.250 -999.250 -999.250 -999.250 -999.250 -999.250 13.980 12.202 14.509 13.133 11.665 10.101 11.010 11.459 13.251 13.023 9.444 10.201 9.396 12.336 10.863 8.051 9.891 7.445 9.022 12.540 8.552 9.461 8.427 8.715 7.647 5.137 3.614 4.089 0.417 0.000 0.000 2.304 3.910 6.831 7.425 8.805 9.121 10.007 10.292
-999.250 -999.250 -999.250 -999.250 -999.250 -999.250 -999.250 -999.250 -999.250 -999.250 -999.250 -999.250 -999.250 -999.250 -999.250 -999.250 -999.250 -999.250 -999.250 -999.250 -999.250 -999.250 -999.250 -999.250 -999.250 -999.250 -999.250 -999.250 -999.250 -999.250 -999.250 15.584 12.226 13.726 11.516 12.489 9.021 10.407 12.164 13.284 8.754 9.188 10.147 11.141 11.923 9.257 8.856 10.776 7.871 9.114 9.602 7.547 6.561 5.407 6.046 5.270 3.307 3.628 2.306 2.394 1.789 1.180 4.181 7.873 6.637 6.821 8.349 7.394 7.840 11.459
-999.250 -999.250 -999.250 -999.250 -999.250 -999.250 -999.250 -999.250 -999.250 -999.250 -999.250 -999.250 -999.250 -999.250 -999.250 -999.250 -999.250 -999.250 -999.250 -999.250 -999.250 -999.250 -999.250 -999.250 -999.250 -999.250 -999.250 -999.250 -999.250 -999.250 9.641 11.424 10.633 12.748 9.872 9.525 9.084 12.131 11.790 9.448 9.163 7.331 8.566 10.415 9.807 9.401 8.647 8.994 7.138 7.414 9.783 8.928 4.688 4.071 2.981 3.618 4.076 1.216 1.375 2.697 1.815 3.581 3.433 4.754 7.452 6.914 7.131 8.994 7.836 9.328
