data/medianmodel_25-Jul-2020.asc
ncols	141
nrows	288
xllcorner	-120191.398
yllcorner	-301404.813
cellsize	2000.000
NODATA_value	-999.250
[rows 93 to 123 of 288, columns 0 to 69 of 141]
-999.250 -999.250 -999.250 -999.250 -999.250 -999.250 -999.250 -999.250 -999.250 -999.250 -999.250 -999.250 -999.250 -999.250 -999.250 -999.250 -999.250 -999.250 -999.250 -999.250 -999.250 -999.250 -999.250 -999.250 -999.250 -999.250 -999.250 -999.250 -999.250 -999.250 -999.250 0.266 0.379 1.247 1.619 0.840 3.111 5.691 4.807 6.326 5.125 6.236 5.325 6.514 5.373 6.194 7.337 3.544 2.686 0.017 0.000 0.000 0.000 0.000 0.000 0.000 0.000 0.000 0.000 0.000 0.000 0.000 0.000 0.000 0.000 0.000 0.000 0.000 0.000 0.338
-999.250 -999.250 -999.250 -999.250 -999.250 -999.250 -999.250 -999.250 -999.250 -999.250 -999.250 -999.250 -999.250 -999.250 -999.250 -999.250 -999.250 -999.250 -999.250 -999.250 -999.250 -999.250 -999.250 -999.250 -999.250 -999.250 -999.250 -999.250 -999.250 -999.250 -999.250 0.845 2.098 2.877 5.431 3.449 4.806 5.595 4.845 4.891 5.611 4.983 5.058 5.529 5.361 5.922 7.021 4.644 3.748 0.000 0.000 0.000 0.000 0.000 0.000 0.000 0.000 0.000 0.000 0.000 0.000 0.000 0.000 0.000 0.000 0.000 0.000 0.000 0.000 0.000
-999.250 -999.250 -999.250 -999.250 -999.250 -999.250 -999.250 -999.250 -999.250 -999.250 -999.250 -999.250 -999.250 -999.250 -999.250 -999.250 -999.250 -999.250 -999.250 -999.250 -999.250 -999.250 -999.250 -999.250 -999.250 -999.250 -999.250 -999.250 -999.250 -999.250 -999.250 3.223 2.583 6.276 8.452 5.823 4.968 5.688 6.194 5.851 6.774 5.473 6.405 4.418 5.617 6.268 6.444 6.948 4.054 3.058 0.850 0.000 0.000 0.000 0.000 0.000 0.000 0.000 0.000 0.000 0.000 0.000 0.000 0.000 0.000 0.000 0.000 0.000 0.000 0.000
-999.250 -999.250 -999.250 -999.250 -999.250 -999.250 -999.250 -999.250 -999.250 -999.250 -999.250 -999.250 -999.250 -999.250 -999.250 -999.250 -999.250 -999.250 -999.250 -999.250 -999.250 -999.250 -999.250 -999.250 -999.250 -999.250 -999.250 -999.250 -999.250 -999.250 2.096 3.785 3.319 5.381 7.011 6.628 5.711 5.674 6.089 6.267 6.850 7.158 5.898 6.278 5.637 7.708 8.868 8.823 5.299 4.913 1.493 0.620 0.000 0.000 0.000 0.000 0.000 0.000 0.000 0.000 0.000 0.000 0.000 0.000 0.000 0.000 0.000 0.000 0.000 0.000
-999.250 -999.250 -999.250 -999.250 -999.250 -999.250 -999.250 -999.250 -999.250 -999.250 -999.250 -999.250 -999.250 -999.250 -999.250 -999.250 -999.250 -999.250 -999.250 -999.250 -999.250 -999.250 -999.250 -999.250 -999.250 -999.250 -999.250 -999.250 -999.250 -999.250 1.370 3.926 3.491 4.635 5.771 6.612 5.054 5.490 5.742 6.527 7.788 6.958 6.812 7.716 6.830 9.038 15.065 9.720 6.963 5.450 3.758 2.938 1.602 0.000 0.000 0.000 0.000 0.000 0.000 0.000 0.000 0.000 0.000 0.000 0.000 0.000 0.000 0.000 0.000 0.000
-999.250 -999.250 -999.250 -999.250 -999.250 -999.250 -999.250 -999.250 -999.250 -999.250 -999.250 -999.250 -999.250 -999.250 -999.250 -999.250 -999.250 -999.250 -999.250 -999.250 -999.250 -999.250 -999.250 -999.250 -999.250 -999.250 -999.250 -999.250 -999.250 -999.250 1.712 2.755 4.784 5.172 5.030 5.190 5.994 5.454 7.886 7.636 8.882 9.172 8.175 7.173 7.625 8.321 8.155 8.301 7.289 6.232 4.953 3.990 3.232 0.101 0.000 0.000 0.000 0.000 0.000 0.000 0.000 0.000 0.000 0.000 0.000 0.000 0.000 0.000 0.000 0.000
-999.250 -999.250 -999.250 -999.250 -999.250 -999.250 -999.250 -999.250 -999.250 -999.250 -999.250 -999.250 -999.250 -999.250 -999.250 -999.250 -999.250 -999.250 -999.250 -999.250 -999.250 -999.250 -999.250 -999.250 -999.250 -999.250 -999.250 -999.250 -999.250 -999.250 2.729 3.431 5.001 4.765 4.551 4.645 5.826 7.330 9.003 9.341 14.281 10.448 7.915 7.706 8.157 7.503 7.613 7.744 7.757 6.826 6.398 5.701 4.280 5.685 1.452 0.000 0.000 0.000 0.000 0.000 0.000 0.000 0.000 0.000 0.000 0.000 0.000 0.000 0.000 0.000
-999.250 -999.250 -999.250 -999.250 -999.250 -999.250 -999.250 -999.250 -999.250 -999.250 -999.250 -999.250 -999.250 -999.250 -999.250 -999.250 -999.250 -999.250 -999.250 -999.250 -999.250 -999.250 -999.250 -999.250 -999.250 -999.250 -999.250 -999.250 -999.250 3.575 4.238 5.042 5.168 5.516 5.288 6.073 5.709 6.552 7.158 8.656 9.580 9.206 6.723 7.908 7.052 7.206 6.498 6.117 6.862 7.470 6.923 7.382 6.287 6.818 3.236 0.071 0.000 0.000 0.000 0.000 0.000 0.000 0.000 0.000 0.000 0.000 0.000 0.000 0.000 0.000
-999.250 -999.250 -999.250 -999.250 -999.250 -999.250 -999.250 -999.250 -999.250 -999.250 -999.250 -999.250 -999.250 -999.250 -999.250 -999.250 -999.250 -999.250 -999.250 -999.250 -999.250 -999.250 -999.250 -999.250 -999.250 -999.250 -999.250 -999.250 -999.250 4.153 5.319 5.028 6.399 4.375 6.089 5.657 6.757 7.593 8.985 7.329 7.840 7.181 6.937 7.238 6.648 5.816 5.698 5.501 6.797 6.274 6.907 7.552 8.305 8.950 7.968 3.678 0.618 0.000 0.000 0.000 0.000 0.000 0.000 0.000 0.000 0.000 0.000 0.000 0.000 0.000
-999.250 -999.250 -999.250 -999.250 -999.250 -999.250 -999.250 -999.250 -999.250 -999.250 -999.250 -999.250 -999.250 -999.250 -999.250 -999.250 -999.250 -999.250 -999.250 -999.250 -999.250 -999.250 -999.250 -999.250 -999.250 -999.250 -999.250 -999.250 -999.250 4.798 3.848 5.825 6.485 7.185 8.201 6.502 7.566 8.206 9.509 9.244 8.154 6.803 5.738 6.015 6.498 5.185 5.013 5.291 5.646 5.784 6.055 7.649 9.451 14.605 7.003 3.169 1.432 0.000 0.000 0.000 0.000 0.000 0.000 0.000 0.000 0.000 0.000 0.000 0.000 0.000
-999.250 -999.250 -999.250 -999.250 -999.250 -999.250 -999.250 -999.250 -999.250 -999.250 -999.250 -999.250 -999.250 -999.250 -999.250 -999.250 -999.250 -999.250 -999.250 -999.250 -999.250 -999.250 -999.250 -999.250 -999.250 -999.250 -999.250 -999.250 -999.250 5.418 5.842 6.258 6.372 9.430 9.983 9.685 8.921 8.421 10.588 11.371 9.108 7.719 5.495 4.544 5.918 5.097 4.851 4.330 3.568 4.394 4.145 6.415 6.745 7.820 5.790 2.210 0.244 0.000 0.000 0.000 0.000 0.000 0.000 0.000 0.000 0.000 0.000 0.000 0.000 0.000
-999.250 -999.250 -999.250 -999.250 -999.250 -999.250 -999.250 -999.250 -999.250 -999.250 -999.250 -999.250 -999.250 -999.250 -999.250 -999.250 -999.250 -999.250 -999.250 -999.250 -999.250 -999.250 -999.250 -999.250 -999.250 -999.250 -999.250 -999.250 4.697 6.905 6.469 5.635 8.965 9.783 9.965 11.655 14.543 12.906 13.306 11.467 9.341 7.202 7.386 6.797 5.943 4.786 6.163 4.324 4.142 2.792 3.366 3.993 5.206 5.074 4.201 0.679 0.000 0.000 0.000 0.000 0.000 0.000 0.000 0.000 0.000 0.000 0.000 0.000 0.000 0.000
-999.250 -999.250 -999.250 -999.250 -999.250 -999.250 -999.250 -999.250 -999.250 -999.250 -999.250 -999.250 -999.250 -999.250 -999.250 -999.250 -999.250 -999.250 -999.250 -999.250 -999.250 -999.250 -999.250 -999.250 -999.250 -999.250 -999.250 -999.250 5.222 5.972 7.400 8.530 9.666 10.596 10.910 10.948 12.668 14.654 18.556 11.717 12.202 8.507 7.733 6.116 4.931 5.943 7.454 5.156 3.295 2.065 1.528 3.168 1.843 2.993 0.381 0.000 0.000 0.000 0.000 0.000 0.000 0.000 0.000 0.000 0.000 0.000 0.000 0.000 0.000 0.000
-999.250 -999.250 -999.250 -999.250 -999.250 -999.250 -999.250 -999.250 -999.250 -999.250 -999.250 -999.250 -999.250 -999.250 -999.250 -999.250 -999.250 -999.250 -999.250 -999.250 -999.250 -999.250 -999.250 -999.250 -999.250 -999.250 -999.250 3.272 5.067 8.047 9.205 9.931 8.565 11.394 9.819 11.706 11.760 15.393 27.751 15.723 10.688 9.002 8.723 6.931 4.561 5.223 5.755 4.871 0.873 0.419 0.081 0.166 0.000 0.000 0.000 0.000 0.000 0.000 0.000 0.000 0.000 0.000 0.000 0.000 0.000 0.000 0.000 0.000 0.000 0.000
-999.250 -999.250 -999.250 -999.250 -999.250 -999.250 -999.250 -999.250 -999.250 -999.250 -999.250 -999.250 -999.250 -999.250 -999.250 -999.250 -999.250 -999.250 -999.250 -999.250 -999.250 -999.250 -999.250 -999.250 -999.250 -999.250 -999.250 5.051 7.060 8.399 10.339 8.826 9.688 10.506 11.049 11.381 15.787 17.356 14.967 13.348 10.998 8.166 6.604 5.583 4.287 3.426 2.890 0.950 0.000 0.000 0.000 0.000 0.000 0.000 0.000 0.000 0.000 0.000 0.000 0.000 0.000 0.000 0.000 0.000 0.000 0.000 0.000 0.000 0.000 0.000
-999.250 -999.250 -999.250 -999.250 -999.250 -999.250 -999.250 -999.250 -999.250 -999.250 -999.250 -999.250 -999.250 -999.250 -999.250 -999.250 -999.250 -999.250 -999.250 -999.250 -999.250 -999.250 -999.250 -999.250 -999.250 -999.250 -999.250 6.224 8.620 10.367 13.443 10.305 10.184 10.508 9.305 11.287 12.925 11.921 11.682 11.714 9.503 7.480 5.751 4.580 3.050 1.730 0.000 0.521 0.000 0.000 0.000 0.000 0.000 0.000 0.000 0.000 0.000 0.000 0.000 0.000 0.000 0.000 0.000 0.000 0.000 0.000 0.000 0.000 0.000 0.000
-999.250 -999.250 -999.250 -999.250 -999.250 -999.250 -999.250 -999.250 -999.250 -999.250 -999.250 -999.250 -999.250 -999.250 -999.250 -999.250 -999.250 -999.250 -999.250 -999.250 -999.250 -999.250 -999.250 -999.250 -999.250 -999.250 -999.250 6.455 8.451 10.925 15.320 11.640 9.823 10.841 11.422 11.805 10.483 9.829 7.683 8.620 7.394 5.960 3.197 2.003 0.000 0.000 0.000 0.000 0.000 0.000 0.000 0.000 0.000 0.000 0.000 0.000 0.000 0.000 0.000 0.000 0.000 0.000 0.000 0.000 0.000 0.000 0.000 0.000 0.000 0.436
-999.250 -999.250 -999.250 -999.250 -999.250 -999.250 -999.250 -999.250 -999.250 -999.250 -999.250 -999.250 -999.250 -999.250 -999.250 -999.250 -999.250 -999.250 -999.250 -999.250 -999.250 -999.250 -999.250 -999.250 -999.250 -999.250 -999.250 -999.250 9.199 9.477 9.935 12.224 10.188 9.739 8.769 9.191 9.274 8.712 6.590 5.653 4.705 3.913 0.837 0.000 0.000 0.000 0.000 0.000 0.000 0.000 0.000 0.000 0.000 0.000 0.000 0.000 0.000 0.000 0.000 0.000 0.000 0.000 0.000 0.000 0.000 0.000 0.000 2.070 3.215 4.778
-999.250 -999.250 -999.250 -999.250 -999.250 -999.250 -999.250 -999.250 -999.250 -999.250 -999.250 -999.250 -999.250 -999.250 -999.250 -999.250 -999.250 -999.250 -999.250 -999.250 -999.250 -999.250 -999.250 -999.250 -999.250 -999.250 -999.250 -999.250 8.065 8.231 7.493 7.928 7.939 7.797 9.209 7.364 6.697 6.423 4.731 3.186 1.228 0.000 0.000 0.000 0.000 0.000 0.000 0.000 0.000 0.000 0.000 0.000 0.000 0.000 0.000 0.000 0.000 0.000 0.000 0.000 0.000 0.000 0.000 0.000 0.000 0.000 1.994 4.641 5.362 6.312
-999.250 -999.250 -999.250 -999.250 -999.250 -999.250 -999.250 -999.250 -999.250 -999.250 -999.250 -999.250 -999.250 -999.250 -999.250 -999.250 -999.250 -999.250 -999.250 -999.250 -999.250 -999.250 -999.250 -999.250 -999.250 -999.250 -999.250 -999.250 6.869 6.405 5.314 6.736 6.644 6.985 6.705 6.370 6.747 4.037 1.276 0.901 0.000 0.000 0.000 0.000 0.000 0.000 0.000 0.000 0.000 0.000 1.385 3.184 0.802 0.000 0.000 0.000 0.000 0.000 0.000 0.000 0.000 0.000 0.000 0.000 0.070 2.798 4.581 6.222 8.075 10.907
-999.250 -999.250 -999.250 -999.250 -999.250 -999.250 -999.250 -999.250 -999.250 -999.250 -999.250 -999.250 -999.250 -999.250 -999.250 -999.250 -999.250 -999.250 -999.250 -999.250 -999.250 -999.250 -999.250 -999.250 -999.250 -999.250 -999.250 -999.250 4.990 4.949 3.626 5.793 7.166 5.175 4.874 2.503 1.441 0.337 0.000 0.000 0.000 0.000 0.000 0.000 0.000 0.000 0.000 0.000 0.000 0.000 2.047 7.869 2.914 0.000 0.000 0.000 0.000 0.000 0.000 0.000 0.000 0.000 0.000 0.000 1.794 4.402 7.371 8.956 9.905 14.356
-999.250 -999.250 -999.250 -999.250 -999.250 -999.250 -999.250 -999.250 -999.250 -999.250 -999.250 -999.250 -999.250 -999.250 -999.250 -999.250 -999.250 -999.250 -999.250 -999.250 -999.250 -999.250 -999.250 -999.250 -999.250 -999.250 -999.250 -999.250 2.879 3.147 4.089 4.772 4.592 3.759 4.097 1.504 0.368 0.000 0.000 0.000 0.000 0.000 0.000 0.000 0.000 0.000 0.000 0.000 0.000 0.000 2.289 3.688 2.027 0.000 0.000 0.000 0.000 0.000 0.000 0.000 0.000 0.000 0.000 2.131 6.623 8.741 10.655 14.876 14.410 17.839
-999.250 -999.250 -999.250 -999.250 -999.250 -999.250 -999.250 -999.250 -999.250 -999.250 -999.250 -999.250 -999.250 -999.250 -999.250 -999.250 -999.250 -999.250 -999.250 -999.250 -999.250 -999.250 -999.250 -999.250 -999.250 -999.250 -999.250 3.172 3.227 1.373 4.872 3.992 4.102 3.589 0.865 0.091 0.000 0.000 0.000 0.000 0.000 0.000 0.000 0.000 0.000 0.000 0.000 0.000 0.000 0.000 0.896 0.432 0.716 0.000 0.000 0.000 0.000 0.000 0.000 0.000 0.000 0.000 2.572 4.074 7.222 12.901 17.608 18.277 27.910 26.388
-999.250 -999.250 -999.250 -999.250 -999.250 -999.250 -999.250 -999.250 -999.250 -999.250 -999.250 -999.250 -999.250 -999.250 -999.250 -999.250 -999.250 -999.250 -999.250 -999.250 -999.250 -999.250 -999.250 -999.250 -999.250 -999.250 -999.250 2.716 3.098 2.014 3.868 0.315 2.349 1.813 0.956 0.000 0.000 0.000 0.000 0.000 0.000 0.000 0.000 0.000 0.000 0.000 0.000 0.000 0.000 0.000 0.000 0.000 0.556 0.697 0.000 0.000 0.000 0.000 0.000 0.000 0.000 0.757 5.233 7.003 10.485 13.288 18.907 22.563 29.474 42.697
-999.250 -999.250 -999.250 -999.250 -999.250 -999.250 -999.250 -999.250 -999.250 -999.250 -999.250 -999.250 -999.250 -999.250 -999.250 -999.250 -999.250 -999.250 -999.250 -999.250 -999.250 -999.250 -999.250 -999.250 -999.250 -999.250 -999.250 1.768 1.197 2.751 1.527 0.152 0.000 0.000 0.000 0.000 0.000 0.000 0.000 0.000 0.000 0.000 0.000 0.000 0.000 0.000 0.000 0.000 0.000 0.000 0.000 0.414 1.103 0.000 0.000 0.000 0.000 0.000 0.000 0.000 0.000 2.398 6.668 9.995 11.426 15.370 23.447 33.094 45.157 44.816
-999.250 -999.250 -999.250 -999.250 -999.250 -999.250 -999.250 -999.250 -999.250 -999.250 -999.250 -999.250 -999.250 -999.250 -999.250 -999.250 -999.250 -999.250 -999.250 -999.250 -999.250 -999.250 -999.250 -999.250 -999.250 -999.250 1.303 2.863 2.339 1.940 0.922 0.000 0.000 0.000 0.000 0.000 0.000 0.000 0.000 0.000 0.000 0.000 0.000 0.000 0.000 0.000 0.000 0.000 0.000 0.000 0.000 0.000 0.302 0.361 0.108 0.000 0.000 0.000 0.000 0.000 0.000 4.488 7.620 11.027 16.636 21.741 35.732 46.168 60.379 53.960
-999.250 -999.250 -999.250 -999.250 -999.250 -999.250 -999.250 -999.250 -999.250 -999.250 -999.250 -999.250 -999.250 -999.250 -999.250 -999.250 -999.250 -999.250 -999.250 -999.250 -999.250 -999.250 -999.250 -999.250 -999.250 -999.250 1.383 0.000 0.771 0.127 0.024 0.040 0.000 0.000 0.000 0.000 0.000 0.000 0.000 0.000 0.000 0.000 0.000 0.000 0.000 0.000 0.000 0.000 0.000 0.000 0.828 1.381 2.149 1.949 0.493 0.000 0.000 0.000 0.000 0.000 0.759 5.320 8.596 14.358 21.142 29.636 34.821 60.111 58.696 71.169
-999.250 -999.250 -999.250 -999.250 -999.250 -999.250 -999.250 -999.250 -999.250 -999.250 -999.250 -999.250 -999.250 -999.250 -999.250 -999.250 -999.250 -999.250 -999.250 -999.250 -999.250 -999.250 -999.250 -999.250 -999.250 -999.250 0.564 0.760 0.483 1.424 2.028 0.843 0.000 0.000 0.000 0.394 0.912 0.000 0.000 0.000 0.000 0.000 0.000 0.000 0.000 0.000 0.000 0.326 0.976 1.827 1.654 3.788 2.731 2.583 1.165 0.000 0.000 0.000 0.000 0.000 0.000 4.054 8.668 14.900 21.155 38.158 53.541 59.415 72.161 82.300
-999.250 -999.250 -999.250 -999.250 -999.250 -999.250 -999.250 -999.250 -999.250 -999.250 -999.250 -999.250 -999.250 -999.250 -999.250 -999.250 -999.250 -999.250 -999.250 -999.250 -999.250 -999.250 -999.250 -999.250 -999.250 0.000 0.000 0.671 0.017 1.999 0.620 1.260 0.000 0.000 0.811 0.500 3.833 2.082 2.576 1.101 0.000 0.000 0.000 0.000 0.000 0.000 1.930 4.811 4.430 3.718 2.991 5.942 5.846 4.518 3.982 0.592 0.000 0.000 0.000 0.000 1.188 8.057 11.929 14.997 23.213 39.218 63.118 65.701 80.758 85.994
-999.250 -999.250 -999.250 -999.250 -999.250 -999.250 -999.250 -999.250 -999.250 -999.250 -999.250 -999.250 -999.250 -999.250 -999.250 -999.250 -999.250 -999.250 -999.250 -999.250 -999.250 -999.250 -999.250 -999.250 -999.250 0.000 0.000 1.014 2.397 0.956 1.162 1.284 1.104 1.579 0.246 3.056 2.686 5.166 5.600 3.337 0.150 0.000 0.000 0.000 0.000 0.508 3.184 8.306 5.952 5.705 6.954 8.447 7.278 7.961 5.798 3.175 1.089 0.076 0.000 0.000 4.207 7.943 10.383 15.910 22.555 36.136 52.517 66.548 78.599 87.392
-999.250 -999.250 -999.250 -999.250 -999.250 -999.250 -999.250 -999.250 -999.250 -999.250 -999.250 -999.250 -999.250 -999.250 -999.250 -999.250 -999.250 -999.250 -999.250 -999.250 -999.250 -999.250 -999.250 -999.250 -999.250 0.000 0.000 1.584 3.487 2.389 2.471 2.481 2.272 1.556 2.465 2.870 4.123 4.935 9.716 5.865 2.582 0.000 0.000 0.000 0.000 0.000 1.093 4.115 4.391 5.259 6.319 10.122 12.155 10.960 9.288 8.468 6.200 5.424 2.947 0.509 3.916 7.226 10.860 15.932 24.221 33.097 42.921 61.229 75.193 84.869
