data/medianmodel_12-Jan-2021.asc
ncols	141
nrows	288
xllcorner	-120191.398
yllcorner	-301404.813
cellsize	2000.000
NODATA_value	-999.250
[rows 224 to 251 of 288, columns 64 to 127 of 141]
2265.560 2756.134 2863.731 3376.145 3646.615 3732.539 3829.164 3705.386 3373.045 3084.028 2758.846 2332.111 2116.535 1878.464 1568.950 1409.074 1331.458 1232.413 1131.441 1045.111 967.218 964.042 839.856 749.704 727.273 728.299 724.952 745.862 708.125 702.229 683.955 727.647 709.882 684.730 657.514 620.947 628.660 587.356 559.137 577.844 551.463 547.982 555.811 553.080 530.386 549.701 -999.250 -999.250 -999.250 -999.250 -999.250 -999.250 -999.250 -999.250 -999.250 -999.250 -999.250 -999.250 -999.250 -999.250 -999.250 -999.250 -999.250 -999.250
2147.681 2322.051 2461.442 2905.134 3011.707 3192.192 3150.978 2964.560 2940.368 2489.855 2303.708 2134.892 2098.549 1668.260 1518.661 1390.639 1258.681 1199.435 1070.615 1030.244 957.357 883.192 812.044 754.824 692.703 694.414 638.327 622.260 627.674 691.648 628.824 671.156 651.468 620.220 613.864 610.017 595.458 567.434 612.776 612.539 603.820 589.611 579.459 546.457 553.268 597.773 -999.250 -999.250 -999.250 -999.250 -999.250 -999.250 -999.250 -999.250 -999.250 -999.250 -999.250 -999.250 -999.250 -999.250 -999.250 -999.250 -999.250 -999.250
1928.094 1991.516 2157.357 2272.582 2359.041 2573.026 2432.160 2470.287 2480.140 2289.900 2144.327 2053.275 1852.595 1681.605 1414.905 1338.766 1206.267 1074.982 1008.602 945.718 862.136 787.768 712.648 689.469 633.660 616.118 602.578 578.610 607.656 638.627 625.111 628.510 639.189 631.605 622.187 652.087 641.320 606.773 596.032 638.507 613.801 584.409 568.460 593.235 604.015 614.875 -999.250 -999.250 -999.250 -999.250 -999.250 -999.250 -999.250 -999.250 -999.250 -999.250 -999.250 -999.250 -999.250 -999.250 -999.250 -999.250 -999.250 -999.250
1688.552 1785.893 2046.891 2083.309 2155.993 2229.840 2227.489 2194.850 2190.233 2145.192 1872.131 1834.412 1676.335 1490.149 1319.541 1280.136 1143.643 1071.202 992.875 883.490 840.420 748.779 694.088 639.681 598.474 585.417 546.052 564.768 574.055 572.557 608.108 601.437 610.659 594.115 609.450 635.691 637.013 637.875 623.378 625.881 636.371 598.458 596.042 594.251 616.452 -999.250 -999.250 -999.250 -999.250 -999.250 -999.250 -999.250 -999.250 -999.250 -999.250 -999.250 -999.250 -999.250 -999.250 -999.250 -999.250 -999.250 -999.250 -999.250
1493.429 1564.078 1835.857 1744.146 1876.607 1877.887 1780.844 1846.326 1916.851 1720.933 1658.907 1578.232 1553.447 1450.146 1248.310 1182.982 1109.364 992.544 969.737 866.014 781.991 692.285 623.126 598.004 562.267 530.922 522.563 554.963 514.536 559.728 571.596 618.038 614.159 589.602 588.163 613.512 659.411 633.587 629.058 629.473 -999.250 -999.250 597.459 629.325 662.112 -999.250 -999.250 -999.250 -999.250 -999.250 -999.250 -999.250 -999.250 -999.250 -999.250 -999.250 -999.250 -999.250 -999.250 -999.250 -999.250 -999.250 -999.250 -999.250
1449.148 1499.413 1514.006 1570.155 1552.031 1519.920 1474.136 1512.352 1544.679 1570.571 1477.232 1455.827 1444.758 1353.138 1230.266 1130.877 1101.252 993.283 906.984 798.010 745.209 624.162 591.681 577.709 484.293 481.525 508.290 475.069 514.343 541.451 554.924 605.326 580.774 592.856 603.820 593.409 617.226 623.851 666.920 637.010 -999.250 -999.250 -999.250 -999.250 -999.250 -999.250 -999.250 -999.250 -999.250 -999.250 -999.250 -999.250 -999.250 -999.250 -999.250 -999.250 -999.250 -999.250 -999.250 -999.250 -999.250 -999.250 -999.250 -999.250
1319.961 1382.392 1380.169 1399.876 1393.904 1323.421 1342.242 1385.117 1367.519 1405.639 1366.752 1343.678 1295.541 1221.917 1125.737 1076.028 1012.904 946.933 843.396 716.393 699.057 602.468 579.277 540.803 475.968 489.955 473.352 466.734 490.310 513.854 561.962 573.248 556.579 612.292 607.288 616.035 -999.250 -999.250 673.209 -999.250 -999.250 -999.250 -999.250 -999.250 -999.250 -999.250 -999.250 -999.250 -999.250 -999.250 -999.250 -999.250 -999.250 -999.250 -999.250 -999.250 -999.250 -999.250 -999.250 -999.250 -999.250 -999.250 -999.250 -999.250
1215.596 1276.925 1291.139 1268.102 1312.192 1276.135 1266.715 1275.959 1298.269 1217.147 1220.540 1227.626 1211.674 1167.124 1066.748 1015.570 925.057 866.124 814.388 713.463 617.634 567.112 529.632 505.084 439.817 443.260 381.800 436.531 491.464 539.945 536.190 558.279 546.673 581.395 -999.250 -999.250 -999.250 -999.250 -999.250 -999.250 -999.250 -999.250 -999.250 -999.250 -999.250 -999.250 -999.250 -999.250 -999.250 -999.250 -999.250 -999.250 -999.250 -999.250 -999.250 -999.250 -999.250 -999.250 -999.250 -999.250 -999.250 -999.250 -999.250 -999.250
1125.742 1177.801 1197.618 1202.815 1228.730 1220.453 1232.006 1221.433 1235.794 1212.646 1233.167 1207.355 1197.753 1168.798 1024.048 962.233 884.845 844.480 770.378 666.290 608.994 531.355 497.137 444.907 480.171 403.666 428.495 456.618 490.533 525.825 486.833 531.641 543.792 576.455 -999.250 -999.250 -999.250 -999.250 -999.250 -999.250 -999.250 -999.250 -999.250 -999.250 -999.250 -999.250 -999.250 -999.250 -999.250 -999.250 -999.250 -999.250 -999.250 -999.250 -999.250 -999.250 -999.250 -999.250 -999.250 -999.250 -999.250 -999.250 -999.250 -999.250
979.267 1080.936 1090.159 1119.765 1135.477 1154.107 1161.959 1136.635 1171.835 1180.512 1174.059 1174.283 1150.798 1050.370 1013.368 930.914 871.694 813.078 761.266 639.516 569.361 498.348 462.006 433.297 456.666 456.979 448.902 493.526 514.643 522.787 500.107 547.101 605.310 629.042 -999.250 -999.250 -999.250 -999.250 -999.250 -999.250 -999.250 -999.250 -999.250 -999.250 -999.250 -999.250 -999.250 -999.250 -999.250 -999.250 -999.250 -999.250 -999.250 -999.250 -999.250 -999.250 -999.250 -999.250 -999.250 -999.250 -999.250 -999.250 -999.250 -999.250
938.531 969.371 1003.754 1040.458 1040.674 1049.971 1055.369 1083.283 1076.632 1143.844 1156.716 1097.832 1061.550 1017.904 1012.053 907.727 872.767 831.197 727.631 625.816 550.833 479.087 395.446 437.667 456.830 452.965 485.057 501.409 505.292 548.301 527.345 565.173 613.897 661.590 -999.250 -999.250 -999.250 -999.250 -999.250 -999.250 -999.250 -999.250 -999.250 -999.250 -999.250 -999.250 -999.250 -999.250 -999.250 -999.250 -999.250 -999.250 -999.250 -999.250 -999.250 -999.250 -999.250 -999.250 -999.250 -999.250 -999.250 -999.250 -999.250 -999.250
878.120 890.554 923.742 990.039 979.719 1015.117 1020.042 1021.454 1055.484 1097.977 1090.635 1141.095 1082.568 1015.101 1006.060 925.795 853.180 815.777 722.215 622.256 540.733 468.438 475.924 464.504 484.437 495.505 504.947 560.451 594.505 612.509 600.284 610.315 617.478 -999.250 -999.250 -999.250 -999.250 -999.250 -999.250 -999.250 -999.250 -999.250 -999.250 -999.250 -999.250 -999.250 -999.250 -999.250 -999.250 -999.250 -999.250 -999.250 -999.250 -999.250 -999.250 -999.250 -999.250 -999.250 -999.250 -999.250 -999.250 -999.250 -999.250 -999.250
798.815 828.375 891.939 909.874 981.779 921.161 997.656 1023.330 1032.739 1036.786 1067.193 1083.717 1084.277 1065.835 964.891 934.107 867.715 842.304 755.700 649.417 559.859 482.383 511.048 535.465 565.539 566.936 592.691 622.789 633.290 598.471 636.767 636.281 709.654 -999.250 -999.250 -999.250 -999.250 -999.250 -999.250 -999.250 -999.250 -999.250 -999.250 -999.250 -999.250 -999.250 -999.250 -999.250 -999.250 -999.250 -999.250 -999.250 -999.250 -999.250 -999.250 -999.250 -999.250 -999.250 -999.250 -999.250 -999.250 -999.250 -999.250 -999.250
739.496 795.148 826.848 895.424 902.339 908.399 940.216 964.513 1002.611 1033.754 1054.883 1054.765 1057.235 1015.185 1017.379 938.645 925.282 867.884 771.483 704.990 628.336 586.283 601.188 623.730 611.138 627.477 672.449 693.886 642.493 665.430 716.336 742.052 761.366 -999.250 -999.250 -999.250 -999.250 -999.250 -999.250 -999.250 -999.250 -999.250 -999.250 -999.250 -999.250 -999.250 -999.250 -999.250 -999.250 -999.250 -999.250 -999.250 -999.250 -999.250 -999.250 -999.250 -999.250 -999.250 -999.250 -999.250 -999.250 -999.250 -999.250 -999.250
692.013 740.710 785.201 817.027 894.872 908.860 893.772 977.286 1015.842 1042.313 1069.838 1038.299 984.699 1009.190 1012.129 1001.013 942.961 899.220 848.154 762.162 747.437 687.023 703.059 703.487 724.361 701.519 735.278 729.584 748.758 729.870 767.550 764.592 -999.250 -999.250 -999.250 -999.250 -999.250 -999.250 -999.250 -999.250 -999.250 -999.250 -999.250 -999.250 -999.250 -999.250 -999.250 -999.250 -999.250 -999.250 -999.250 -999.250 -999.250 -999.250 -999.250 -999.250 -999.250 -999.250 -999.250 -999.250 -999.250 -999.250 -999.250 -999.250
636.700 690.152 736.331 771.795 870.437 903.846 898.945 977.300 1036.899 1039.352 1041.478 1015.251 1040.931 1082.170 1065.334 1028.680 1014.521 982.286 928.030 884.001 867.640 854.477 790.803 801.135 777.444 788.178 810.475 804.601 797.817 802.466 762.152 810.147 -999.250 -999.250 -999.250 -999.250 -999.250 -999.250 -999.250 -999.250 -999.250 -999.250 -999.250 -999.250 -999.250 -999.250 -999.250 -999.250 -999.250 -999.250 -999.250 -999.250 -999.250 -999.250 -999.250 -999.250 -999.250 -999.250 -999.250 -999.250 -999.250 -999.250 -999.250 -999.250
653.301 654.963 681.772 737.359 808.403 890.288 902.302 945.058 992.038 1020.248 1006.931 1068.218 1053.887 1144.746 1168.795 1158.394 1103.264 1065.388 1055.714 1012.197 948.283 944.943 890.344 891.023 872.083 898.194 891.733 864.092 847.122 797.094 801.724 -999.250 -999.250 -999.250 -999.250 -999.250 -999.250 -999.250 -999.250 -999.250 -999.250 -999.250 -999.250 -999.250 -999.250 -999.250 -999.250 -999.250 -999.250 -999.250 -999.250 -999.250 -999.250 -999.250 -999.250 -999.250 -999.250 -999.250 -999.250 -999.250 -999.250 -999.250 -999.250 -999.250
628.880 670.382 644.245 729.467 768.917 830.880 894.093 971.635 979.243 1015.888 1063.257 1155.755 1176.764 1231.819 1245.738 1259.884 1227.433 1195.030 1141.803 1108.715 1124.361 1021.539 988.965 979.272 953.601 942.878 923.919 907.967 903.300 912.767 -999.250 -999.250 -999.250 -999.250 -999.250 -999.250 -999.250 -999.250 -999.250 -999.250 -999.250 -999.250 -999.250 -999.250 -999.250 -999.250 -999.250 -999.250 -999.250 -999.250 -999.250 -999.250 -999.250 -999.250 -999.250 -999.250 -999.250 -999.250 -999.250 -999.250 -999.250 -999.250 -999.250 -999.250
602.347 628.258 696.322 729.678 715.595 808.112 917.522 959.782 924.451 1051.999 1104.757 1185.577 1204.010 1278.810 1320.517 1359.914 1318.689 1300.322 1234.822 1211.064 1229.610 1145.566 1111.932 1046.214 989.298 993.250 985.430 942.715 958.855 -999.250 -999.250 -999.250 -999.250 -999.250 -999.250 -999.250 -999.250 -999.250 -999.250 -999.250 -999.250 -999.250 -999.250 -999.250 -999.250 -999.250 -999.250 -999.250 -999.250 -999.250 -999.250 -999.250 -999.250 -999.250 -999.250 -999.250 -999.250 -999.250 -999.250 -999.250 -999.250 -999.250 -999.250 -999.250
596.043 646.078 668.857 720.555 765.765 861.665 920.985 986.126 1083.901 1105.325 1194.960 1224.231 1275.350 1383.316 1426.618 1438.712 1501.447 1452.174 1381.766 1324.058 1281.918 1228.192 1144.168 1126.881 1014.868 989.147 1028.025 -999.250 -999.250 -999.250 -999.250 -999.250 -999.250 -999.250 -999.250 -999.250 -999.250 -999.250 -999.250 -999.250 -999.250 -999.250 -999.250 -999.250 -999.250 -999.250 -999.250 -999.250 -999.250 -999.250 -999.250 -999.250 -999.250 -999.250 -999.250 -999.250 -999.250 -999.250 -999.250 -999.250 -999.250 -999.250 -999.250 -999.250
638.161 695.894 684.276 735.179 790.570 875.004 936.086 1019.467 1115.147 1116.106 1191.281 1242.060 1332.207 1440.881 1515.962 1522.656 1556.189 1558.223 1423.211 1405.531 1336.327 1287.601 1197.743 1143.446 1030.570 1058.102 1012.196 -999.250 -999.250 -999.250 -999.250 -999.250 -999.250 -999.250 -999.250 -999.250 -999.250 -999.250 -999.250 -999.250 -999.250 -999.250 -999.250 -999.250 -999.250 -999.250 -999.250 -999.250 -999.250 -999.250 -999.250 -999.250 -999.250 -999.250 -999.250 -999.250 -999.250 -999.250 -999.250 -999.250 -999.250 -999.250 -999.250 -999.250
654.781 679.074 689.664 760.253 833.541 899.585 917.515 1046.202 1140.416 1221.770 1244.382 1281.128 1430.157 1553.204 1535.820 1790.748 1956.045 1710.658 1557.160 1432.020 1400.799 1293.632 1259.182 1127.797 1049.258 1004.033 1073.121 -999.250 -999.250 -999.250 -999.250 -999.250 -999.250 -999.250 -999.250 -999.250 -999.250 -999.250 -999.250 -999.250 -999.250 -999.250 -999.250 -999.250 -999.250 -999.250 -999.250 -999.250 -999.250 -999.250 -999.250 -999.250 -999.250 -999.250 -999.250 -999.250 -999.250 -999.250 -999.250 -999.250 -999.250 -999.250 -999.250 -999.250
659.217 691.580 758.796 825.100 867.363 924.535 968.558 1040.874 1114.143 1169.059 1197.462 1278.213 1456.423 1535.252 1609.284 1872.200 2051.449 1767.303 1610.725 1501.454 1387.143 1334.253 1246.216 1183.783 1065.612 1030.797 -999.250 -999.250 -999.250 -999.250 -999.250 -999.250 -999.250 -999.250 -999.250 -999.250 -999.250 -999.250 -999.250 -999.250 -999.250 -999.250 -999.250 -999.250 -999.250 -999.250 -999.250 -999.250 -999.250 -999.250 -999.250 -999.250 -999.250 -999.250 -999.250 -999.250 -999.250 -999.250 -999.250 -999.250 -999.250 -999.250 -999.250 -999.250
721.748 751.911 833.874 877.216 900.356 993.526 1015.010 1137.599 1188.067 1238.045 1296.337 1291.725 1419.878 1527.564 1585.408 1748.031 1863.409 1708.823 1598.105 1469.032 1379.071 1315.347 1219.624 1154.637 1118.591 1047.605 -999.250 -999.250 -999.250 -999.250 -999.250 -999.250 -999.250 -999.250 -999.250 -999.250 -999.250 -999.250 -999.250 -999.250 -999.250 -999.250 -999.250 -999.250 -999.250 -999.250 -999.250 -999.250 -999.250 -999.250 -999.250 -999.250 -999.250 -999.250 -999.250 -999.250 -999.250 -999.250 -999.250 -999.250 -999.250 -999.250 -999.250 -999.250
769.960 793.326 851.476 908.423 976.980 1011.453 1059.779 1074.900 1215.642 1230.275 1269.650 1280.620 1412.952 1521.161 1557.797 1636.457 1728.888 1610.086 1548.071 1434.364 1366.846 1285.491 1192.305 1173.272 1128.307 1124.706 -999.250 -999.250 -999.250 -999.250 -999.250 -999.250 -999.250 -999.250 -999.250 -999.250 -999.250 -999.250 -999.250 -999.250 -999.250 -999.250 -999.250 -999.250 -999.250 -999.250 -999.250 -999.250 -999.250 -999.250 -999.250 -999.250 -999.250 -999.250 -999.250 -999.250 -999.250 -999.250 -999.250 -999.250 -999.250 -999.250 -999.250 -999.250
890.133 910.038 889.779 930.353 975.244 1027.434 1040.564 1073.156 1220.438 1267.867 1272.554 1295.575 1342.396 1452.244 1480.636 1531.615 1570.190 1548.589 1458.015 1411.411 1307.348 1283.444 1203.081 1133.177 1102.080 1094.017 -999.250 -999.250 -999.250 -999.250 -999.250 -999.250 -999.250 -999.250 -999.250 -999.250 -999.250 -999.250 -999.250 -999.250 -999.250 -999.250 -999.250 -999.250 -999.250 -999.250 -999.250 -999.250 -999.250 -999.250 -999.250 -999.250 -999.250 -999.250 -999.250 -999.250 -999.250 -999.250 -999.250 -999.250 -999.250 -999.250 -999.250 -999.250
957.031 956.313 964.756 986.170 1044.008 1070.287 1103.930 1096.963 1176.454 1265.664 1247.379 1247.674 1285.580 1311.350 1404.150 1426.067 1422.454 1403.822 1382.435 1338.988 1270.263 1208.094 1202.825 1081.673 1104.004 -999.250 -999.250 -999.250 -999.250 -999.250 -999.250 -999.250 -999.250 -999.250 -999.250 -999.250 -999.250 -999.250 -999.250 -999.250 -999.250 -999.250 -999.250 -999.250 -999.250 -999.250 -999.250 -999.250 -999.250 -999.250 -999.250 -999.250 -999.250 -999.250 -999.250 -999.250 -999.250 -999.250 -999.250 -999.250 -999.250 -999.250 -999.250 -999.250
1010.799 990.940 1044.596 1015.634 1069.199 1047.406 1079.939 1170.759 1196.637 1164.791 1199.197 1221.209 1251.347 1275.361 1281.160 1342.448 1349.294 1276.818 1288.868 1229.546 1165.887 1151.405 1104.474 1022.253 -999.250 -999.250 -999.250 -999.250 -999.250 -999.250 -999.250 -999.250 -999.250 -999.250 -999.250 -999.250 -999.250 -999.250 -999.250 -999.250 -999.250 -999.250 -999.250 -999.250 -999.250 -999.250 -999.250 -999.250 -999.250 -999.250 -999.250 -999.250 -999.250 -999.250 -999.250 -999.250 -999.250 -999.250 -999.250 -999.250 -999.250 -999.250 -999.250 -999.250
