data/medianmodel_28-Oct-2020.asc
ncols	141
nrows	288
xllcorner	-120191.398
yllcorner	-301404.813
cellsize	2000.000
NODATA_value	-999.250
[rows 203 to 231 of 288, columns 66 to 131 of 141]
160.422 152.569 167.262 147.944 147.569 139.004 141.994 140.151 143.132 161.423 150.321 154.025 177.566 205.184 187.686 171.216 183.289 151.217 172.963 190.478 179.439 147.076 137.352 124.772 115.053 95.692 97.665 101.835 92.783 -999.250 -999.250 -999.250 -999.250 -999.250 -999.250 -999.250 -999.250 -999.250 -999.250 -999.250 -999.250 -999.250 -999.250 -999.250 -999.250 -999.250 -999.250 -999.250 -999.250 -999.250 -999.250 -999.250 -999.250 -999.250 -999.250 -999.250 -999.250 -999.250 -999.250 -999.250 -999.250 -999.250 -999.250 -999.250 -999.250 -999.250
157.583 169.601 167.893 152.040 163.263 152.771 126.638 128.608 124.054 146.445 150.757 158.563 162.521 158.720 188.705 174.568 139.569 151.418 179.825 170.388 155.398 139.832 133.962 122.929 109.812 99.949 90.851 82.615 91.917 68.395 -999.250 -999.250 -999.250 -999.250 -999.250 -999.250 -999.250 -999.250 -999.250 -999.250 -999.250 -999.250 -999.250 -999.250 -999.250 -999.250 -999.250 -999.250 -999.250 -999.250 -999.250 -999.250 -999.250 -999.250 -999.250 -999.250 -999.250 -999.250 -999.250 -999.250 -999.250 -999.250 -999.250 -999.250 -999.250 -999.250
169.240 177.991 170.726 167.355 156.438 159.399 140.124 124.199 140.811 159.091 146.625 146.765 174.234 196.690 161.116 163.783 161.578 169.781 191.049 171.731 155.410 141.857 123.364 120.733 99.262 88.247 80.833 64.854 67.602 -999.250 -999.250 -999.250 -999.250 -999.250 -999.250 -999.250 -999.250 -999.250 -999.250 -999.250 -999.250 -999.250 -999.250 -999.250 -999.250 -999.250 -999.250 -999.250 -999.250 -999.250 -999.250 -999.250 -999.250 -999.250 -999.250 -999.250 -999.250 -999.250 -999.250 -999.250 -999.250 -999.250 -999.250 -999.250 -999.250 -999.250
174.882 184.590 174.336 153.171 142.403 146.938 138.258 144.364 133.356 144.673 154.098 159.335 155.079 172.412 129.650 177.598 152.103 162.391 147.967 149.775 145.035 132.315 120.974 105.657 87.346 63.590 67.501 65.279 59.504 49.701 -999.250 -999.250 -999.250 -999.250 -999.250 -999.250 -999.250 -999.250 -999.250 -999.250 -999.250 -999.250 -999.250 -999.250 -999.250 -999.250 -999.250 -999.250 -999.250 -999.250 -999.250 -999.250 -999.250 -999.250 -999.250 -999.250 -999.250 -999.250 -999.250 -999.250 -999.250 -999.250 -999.250 -999.250 -999.250 -999.250
213.308 197.936 174.749 154.215 149.463 135.062 149.427 134.420 140.377 158.749 137.349 119.357 143.165 152.723 125.337 162.830 158.732 158.558 129.506 125.258 135.049 118.298 99.682 93.097 75.916 63.521 61.836 64.401 52.819 43.982 42.710 -999.250 -999.250 -999.250 -999.250 -999.250 -999.250 -999.250 -999.250 -999.250 -999.250 -999.250 -999.250 -999.250 -999.250 -999.250 -999.250 -999.250 -999.250 -999.250 -999.250 -999.250 -999.250 -999.250 -999.250 -999.250 -999.250 -999.250 -999.250 -999.250 -999.250 -999.250 -999.250 -999.250 -999.250 -999.250
208.575 192.250 189.742 163.045 162.565 151.866 121.642 140.049 121.104 104.244 117.509 113.375 129.621 150.101 133.366 129.301 159.563 144.669 126.467 127.921 121.505 93.415 85.794 86.566 76.648 67.044 59.221 53.048 49.184 33.688 23.789 -999.250 -999.250 -999.250 -999.250 -999.250 -999.250 -999.250 -999.250 -999.250 -999.250 -999.250 -999.250 -999.250 -999.250 -999.250 -999.250 -999.250 -999.250 -999.250 -999.250 -999.250 -999.250 -999.250 -999.250 -999.250 -999.250 -999.250 -999.250 -999.250 -999.250 -999.250 -999.250 -999.250 -999.250 -999.250
206.502 189.305 165.638 170.510 149.389 136.222 130.631 117.545 110.061 104.823 91.765 101.877 112.445 128.670 114.558 135.403 143.919 148.813 134.540 119.311 110.509 102.689 82.506 82.938 64.679 59.803 47.763 47.823 38.598 21.587 0.000 17.812 -999.250 -999.250 -999.250 -999.250 -999.250 -999.250 -999.250 -999.250 -999.250 -999.250 -999.250 -999.250 -999.250 -999.250 -999.250 -999.250 -999.250 -999.250 -999.250 -999.250 -999.250 -999.250 -999.250 -999.250 -999.250 -999.250 -999.250 -999.250 -999.250 -999.250 -999.250 -999.250 -999.250 -999.250
194.599 191.029 170.197 147.873 148.749 128.441 132.863 110.155 98.554 97.549 97.407 93.884 97.395 105.153 105.414 122.674 140.470 129.957 123.574 113.816 111.407 100.225 90.873 72.485 71.251 58.423 57.151 50.503 32.916 24.365 20.848 17.712 23.350 -999.250 -999.250 -999.250 -999.250 -999.250 -999.250 -999.250 -999.250 -999.250 -999.250 -999.250 -999.250 -999.250 -999.250 -999.250 -999.250 -999.250 -999.250 -999.250 -999.250 -999.250 -999.250 -999.250 -999.250 -999.250 -999.250 -999.250 -999.250 -999.250 -999.250 -999.250 -999.250 -999.250
187.429 177.843 169.715 151.619 139.321 123.817 126.467 117.473 103.611 77.356 73.234 66.321 74.975 74.505 89.877 108.630 113.845 116.229 120.977 115.476 110.979 93.134 95.264 88.801 75.247 57.411 54.086 45.831 46.403 36.861 30.505 25.933 28.338 26.990 -999.250 -999.250 -999.250 -999.250 -999.250 -999.250 -999.250 -999.250 -999.250 -999.250 -999.250 -999.250 -999.250 -999.250 -999.250 -999.250 -999.250 -999.250 -999.250 -999.250 -999.250 -999.250 -999.250 -999.250 -999.250 -999.250 -999.250 -999.250 -999.250 -999.250 -999.250 -999.250
160.432 168.167 153.056 143.257 137.142 124.869 111.031 107.401 112.740 94.583 65.772 63.554 55.098 60.921 75.040 91.906 109.220 109.485 94.738 97.008 106.270 98.444 94.659 100.672 79.172 66.969 56.717 51.307 41.479 45.477 35.840 34.040 34.359 38.342 35.860 -999.250 -999.250 -999.250 -999.250 -999.250 -999.250 -999.250 -999.250 -999.250 -999.250 -999.250 -999.250 -999.250 -999.250 -999.250 -999.250 -999.250 -999.250 -999.250 -999.250 -999.250 -999.250 -999.250 -999.250 -999.250 -999.250 -999.250 -999.250 -999.250 -999.250 -999.250
139.958 150.688 129.044 127.977 124.051 102.128 103.331 101.167 93.448 75.377 63.810 56.749 34.317 54.752 66.252 79.308 101.374 102.001 90.527 90.141 93.174 92.214 96.593 101.363 71.960 64.900 63.830 54.365 58.079 47.554 34.146 44.031 46.772 50.636 36.539 -999.250 -999.250 -999.250 -999.250 -999.250 -999.250 -999.250 -999.250 -999.250 -999.250 -999.250 -999.250 -999.250 -999.250 -999.250 -999.250 -999.250 -999.250 -999.250 -999.250 -999.250 -999.250 -999.250 -999.250 -999.250 -999.250 -999.250 -999.250 -999.250 -999.250 -999.250
106.698 112.897 108.452 112.572 109.247 100.030 104.429 94.890 88.550 72.706 61.169 51.869 39.395 49.456 62.783 65.800 95.708 89.702 85.638 90.408 103.996 105.597 107.229 114.178 70.410 71.981 65.331 62.891 56.668 56.924 50.115 50.567 47.664 39.883 46.158 42.436 -999.250 -999.250 -999.250 -999.250 -999.250 -999.250 -999.250 -999.250 -999.250 -999.250 -999.250 -999.250 -999.250 -999.250 -999.250 -999.250 -999.250 -999.250 -999.250 -999.250 -999.250 -999.250 -999.250 -999.250 -999.250 -999.250 -999.250 -999.250 -999.250 -999.250
71.734 93.068 98.554 109.915 113.239 106.381 107.767 104.845 78.487 69.379 58.814 53.910 43.315 47.773 56.496 62.568 76.340 75.707 76.764 80.182 96.640 88.795 98.748 101.302 86.339 71.272 63.432 60.378 59.242 62.212 61.150 53.314 54.495 42.685 49.042 51.423 47.206 -999.250 -999.250 -999.250 -999.250 -999.250 -999.250 -999.250 -999.250 -999.250 -999.250 -999.250 -999.250 -999.250 -999.250 -999.250 -999.250 -999.250 -999.250 -999.250 -999.250 -999.250 -999.250 -999.250 -999.250 -999.250 -999.250 -999.250 -999.250 -999.250
54.444 77.538 111.320 112.837 110.511 108.952 106.869 103.154 80.195 71.896 60.590 59.243 58.680 56.873 61.114 69.093 84.667 80.326 85.626 74.608 97.787 85.719 93.589 96.693 83.726 82.832 66.356 60.028 59.514 62.731 56.274 59.314 54.145 55.605 56.574 54.790 51.990 -999.250 -999.250 -999.250 -999.250 -999.250 -999.250 -999.250 -999.250 -999.250 -999.250 -999.250 -999.250 -999.250 -999.250 -999.250 -999.250 -999.250 -999.250 -999.250 -999.250 -999.250 -999.250 -999.250 -999.250 -999.250 -999.250 -999.250 -999.250 -999.250
49.828 70.106 110.091 108.028 119.491 113.237 120.149 107.828 94.391 72.595 66.471 61.197 58.863 62.395 63.616 64.074 73.907 95.089 90.196 83.170 79.167 85.149 80.677 89.256 80.516 75.834 67.969 67.684 69.927 64.249 55.447 56.607 55.253 60.437 58.026 50.671 47.765 -999.250 -999.250 -999.250 -999.250 -999.250 -999.250 -999.250 -999.250 -999.250 -999.250 -999.250 -999.250 -999.250 -999.250 -999.250 -999.250 -999.250 -999.250 -999.250 -999.250 -999.250 -999.250 -999.250 -999.250 -999.250 -999.250 -999.250 -999.250 -999.250
57.823 88.004 118.531 137.902 136.000 135.380 126.404 120.836 95.380 74.540 76.460 67.774 68.082 73.216 68.539 64.559 64.248 74.162 86.003 80.238 80.015 84.584 82.996 74.456 70.760 70.610 64.282 68.282 70.188 62.151 57.553 58.679 50.094 59.177 56.784 55.125 53.317 35.907 -999.250 -999.250 -999.250 -999.250 -999.250 -999.250 -999.250 23.100 -999.250 -999.250 -999.250 -999.250 -999.250 -999.250 -999.250 -999.250 -999.250 -999.250 -999.250 -999.250 -999.250 -999.250 -999.250 -999.250 -999.250 -999.250 -999.250 -999.250
68.051 104.736 137.732 158.733 161.630 170.962 156.893 134.941 118.744 97.601 82.559 80.846 84.009 74.984 67.024 63.052 68.034 62.300 79.346 80.719 86.966 97.957 85.236 72.628 77.420 66.994 70.481 84.953 70.753 62.760 61.401 57.550 55.258 60.710 58.938 44.597 48.381 41.923 38.453 -999.250 -999.250 -999.250 15.525 20.097 29.227 22.593 -999.250 -999.250 -999.250 -999.250 -999.250 -999.250 -999.250 -999.250 -999.250 -999.250 -999.250 -999.250 -999.250 -999.250 -999.250 -999.250 -999.250 -999.250 -999.250 -999.250
101.430 120.133 156.700 186.878 195.865 190.663 166.325 161.347 143.733 108.397 93.195 97.838 104.028 97.371 88.792 68.427 69.017 75.475 81.259 93.076 88.562 89.596 76.474 73.067 76.719 82.316 70.281 65.637 73.217 75.410 75.306 65.303 63.365 59.847 64.809 48.572 45.291 46.593 31.415 -999.250 17.615 11.368 17.870 26.385 23.158 -999.250 -999.250 -999.250 -999.250 -999.250 -999.250 -999.250 -999.250 -999.250 -999.250 -999.250 -999.250 -999.250 -999.250 -999.250 -999.250 -999.250 -999.250 -999.250 -999.250 -999.250
115.801 152.130 164.799 187.362 217.466 218.991 176.101 154.633 136.872 139.426 123.999 100.516 107.812 96.757 90.597 85.464 87.474 71.801 90.690 99.042 79.936 79.417 80.037 74.228 74.683 72.288 71.120 65.881 65.368 68.750 72.662 66.053 72.813 61.786 48.013 52.907 37.477 38.790 30.966 25.727 14.389 0.000 12.461 17.164 23.350 -999.250 -999.250 -999.250 -999.250 -999.250 -999.250 -999.250 -999.250 -999.250 -999.250 -999.250 -999.250 -999.250 -999.250 -999.250 -999.250 -999.250 -999.250 -999.250 -999.250 -999.250
140.081 168.702 184.802 208.265 202.702 204.816 198.099 184.518 148.035 151.193 129.945 127.366 113.249 113.634 101.190 110.641 85.010 75.539 98.167 97.855 89.068 80.143 85.917 86.180 80.090 68.562 58.318 66.487 74.171 69.339 70.982 76.530 67.913 60.281 45.482 58.865 45.317 49.618 33.581 27.722 21.076 17.924 23.039 22.969 20.397 -999.250 -999.250 -999.250 -999.250 -999.250 -999.250 -999.250 -999.250 -999.250 -999.250 -999.250 -999.250 -999.250 -999.250 -999.250 -999.250 -999.250 -999.250 -999.250 -999.250 -999.250
163.552 178.847 195.029 208.849 201.178 231.310 211.470 202.435 179.975 157.496 157.514 138.128 126.261 112.508 109.541 125.204 103.165 85.319 105.909 92.675 102.844 93.664 76.994 90.429 77.683 70.601 66.219 73.640 71.354 72.941 83.137 71.843 65.747 62.539 58.402 57.020 51.515 52.593 35.877 31.401 31.135 26.344 31.737 28.688 26.793 -999.250 -999.250 -999.250 -999.250 -999.250 -999.250 -999.250 -999.250 -999.250 -999.250 -999.250 -999.250 -999.250 -999.250 -999.250 -999.250 -999.250 -999.250 -999.250 -999.250 -999.250
192.867 209.488 218.804 218.283 257.333 234.193 210.136 209.346 186.087 164.571 152.555 148.544 161.021 133.786 124.481 128.216 118.321 110.053 101.454 106.308 109.975 97.208 91.806 97.954 80.492 87.747 80.085 78.608 77.167 69.251 80.729 70.246 74.837 69.220 63.319 59.026 60.008 45.681 45.938 43.121 36.125 33.010 35.639 31.685 -999.250 -999.250 -999.250 -999.250 -999.250 -999.250 -999.250 -999.250 -999.250 -999.250 -999.250 -999.250 -999.250 -999.250 -999.250 -999.250 -999.250 -999.250 -999.250 -999.250 -999.250 -999.250
216.594 239.795 233.246 266.708 269.866 256.543 235.425 248.776 220.025 183.240 183.375 175.606 186.959 162.661 160.083 173.256 126.960 111.170 107.487 109.999 109.971 97.329 94.731 90.494 98.002 90.799 84.087 82.296 104.861 93.217 77.066 74.074 79.163 70.177 67.535 64.785 63.166 54.460 48.741 46.241 52.512 51.927 44.803 39.902 -999.250 -999.250 -999.250 -999.250 -999.250 -999.250 -999.250 -999.250 -999.250 -999.250 -999.250 -999.250 -999.250 -999.250 -999.250 -999.250 -999.250 -999.250 -999.250 -999.250 -999.250 -999.250
226.897 265.916 286.744 286.510 277.487 282.004 276.717 269.197 239.071 234.999 170.287 192.687 206.613 212.314 188.579 159.871 134.080 131.901 129.211 104.049 94.118 103.083 104.003 103.081 112.762 98.669 96.029 93.319 99.543 94.304 91.805 77.520 74.697 76.244 73.606 68.495 67.202 59.013 61.120 55.826 54.590 54.097 48.767 48.588 -999.250 -999.250 -999.250 -999.250 -999.250 -999.250 -999.250 -999.250 -999.250 -999.250 -999.250 -999.250 -999.250 -999.250 -999.250 -999.250 -999.250 -999.250 -999.250 -999.250 -999.250 -999.250
230.748 284.144 343.830 317.476 328.184 353.110 318.687 301.295 253.890 238.511 237.760 212.046 196.810 198.754 206.826 165.495 163.517 154.079 136.952 118.062 115.044 117.959 112.859 118.315 109.138 107.438 108.539 106.229 98.551 99.248 92.839 83.721 78.433 82.154 68.262 72.956 75.754 58.595 57.220 55.071 58.632 57.518 52.385 -999.250 -999.250 -999.250 -999.250 -999.250 -999.250 -999.250 -999.250 -999.250 -999.250 -999.250 -999.250 -999.250 -999.250 -999.250 -999.250 -999.250 -999.250 -999.250 -999.250 -999.250 -999.250 -999.250
250.189 321.094 345.042 404.216 445.728 390.809 343.408 287.185 283.188 262.265 241.216 209.638 211.169 204.782 206.070 184.631 167.634 148.584 137.459 123.102 123.001 120.592 119.441 101.356 112.793 120.656 107.382 104.313 97.055 87.368 94.369 81.963 70.676 79.647 70.571 72.276 76.706 72.272 -999.250 -999.250 61.976 59.671 59.273 -999.250 -999.250 -999.250 -999.250 -999.250 -999.250 -999.250 -999.250 -999.250 -999.250 -999.250 -999.250 -999.250 -999.250 -999.250 -999.250 -999.250 -999.250 -999.250 -999.250 -999.250 -999.250 -999.250
275.029 315.644 346.349 380.346 500.313 417.015 395.224 305.772 278.855 292.620 240.982 245.048 227.433 211.832 180.147 189.019 171.060 159.114 153.002 138.489 142.974 127.758 119.631 119.273 122.324 109.046 95.830 105.290 107.129 98.921 95.933 102.956 90.115 84.016 74.945 75.182 79.882 76.286 -999.250 -999.250 -999.250 -999.250 -999.250 -999.250 -999.250 -999.250 -999.250 -999.250 -999.250 -999.250 -999.250 -999.250 -999.250 -999.250 -999.250 -999.250 -999.250 -999.250 -999.250 -999.250 -999.250 -999.250 -999.250 -999.250 -999.250 -999.250
262.086 297.093 366.266 383.638 453.423 399.636 414.456 312.043 312.142 284.141 244.790 235.932 236.311 201.413 186.382 219.934 175.810 153.932 129.990 140.729 143.374 145.447 141.846 123.324 115.332 111.817 105.596 93.983 102.407 115.943 101.254 106.505 94.328 90.444 -999.250 -999.250 80.188 -999.250 -999.250 -999.250 -999.250 -999.250 -999.250 -999.250 -999.250 -999.250 -999.250 -999.250 -999.250 -999.250 -999.250 -999.250 -999.250 -999.250 -999.250 -999.250 -999.250 -999.250 -999.250 -999.250 -999.250 -999.250 -999.250 -999.250 -999.250 -999.250
293.159 314.780 370.329 382.076 368.854 371.283 382.504 350.444 313.967 306.237 276.450 247.904 198.962 189.282 189.525 172.072 179.512 185.902 147.380 150.951 143.131 137.929 127.352 113.265 116.214 109.592 100.411 109.019 106.566 107.392 87.710 95.096 -999.250 -999.250 -999.250 -999.250 -999.250 -999.250 -999.250 -999.250 -999.250 -999.250 -999.250 -999.250 -999.250 -999.250 -999.250 -999.250 -999.250 -999.250 -999.250 -999.250 -999.250 -999.250 -999.250 -999.250 -999.250 -999.250 -999.250 -999.250 -999.250 -999.250 -999.250 -999.250 -999.250 -999.250
