data/medianmodel_07-Apr-2020.asc
ncols	141
nrows	288
xllcorner	-120191.398
yllcorner	-301404.813
cellsize	2000.000
NODATA_value	-999.250
[rows 210 to 239 of 288, columns 68 to 135 of 141]
12.086 14.071 15.920 19.439 18.300 20.197 20.749 23.097 26.898 25.726 37.173 31.152 41.189 37.281 38.951 42.870 55.574 55.483 56.700 57.101 50.927 51.262 52.192 49.643 46.896 38.091 37.344 35.114 36.227 34.127 33.147 -999.250 -999.250 -999.250 -999.250 -999.250 -999.250 -999.250 -999.250 -999.250 -999.250 -999.250 -999.250 -999.250 -999.250 -999.250 -999.250 -999.250 -999.250 -999.250 -999.250 -999.250 -999.250 -999.250 -999.250 -999.250 -999.250 -999.250 -999.250 -999.250 -999.250 -999.250 -999.250 -999.250 -999.250 -999.250 -999.250 -999.250
10.499 15.146 17.124 18.784 17.067 18.835 16.478 25.108 25.228 25.551 27.723 27.767 32.345 33.110 34.434 35.086 42.459 51.696 49.387 57.513 54.230 48.103 55.400 52.019 50.016 37.956 36.594 33.151 36.110 34.519 33.361 27.884 -999.250 -999.250 -999.250 -999.250 -999.250 -999.250 -999.250 -999.250 -999.250 -999.250 -999.250 -999.250 -999.250 -999.250 -999.250 -999.250 -999.250 -999.250 -999.250 -999.250 -999.250 -999.250 -999.250 -999.250 -999.250 -999.250 -999.250 -999.250 -999.250 -999.250 -999.250 -999.250 -999.250 -999.250 -999.250 -999.250
13.505 14.695 17.497 15.846 15.456 13.351 16.913 20.550 17.925 22.214 25.095 23.707 27.460 34.361 35.993 37.983 42.843 46.435 47.011 52.815 44.936 60.858 54.073 51.847 40.843 35.336 35.234 37.010 34.920 31.967 28.892 26.211 26.500 -999.250 -999.250 -999.250 -999.250 -999.250 -999.250 -999.250 -999.250 -999.250 -999.250 -999.250 -999.250 -999.250 -999.250 -999.250 -999.250 -999.250 -999.250 -999.250 -999.250 -999.250 -999.250 -999.250 -999.250 -999.250 -999.250 -999.250 -999.250 -999.250 -999.250 -999.250 -999.250 -999.250 -999.250 -999.250
14.163 15.090 13.282 14.245 13.494 15.016 13.084 17.253 17.803 15.856 17.159 20.716 27.391 26.329 30.469 36.617 36.836 37.550 42.565 49.419 49.335 55.467 48.823 45.914 38.902 35.686 35.813 32.032 31.152 28.877 26.749 28.410 30.252 -999.250 -999.250 -999.250 -999.250 -999.250 -999.250 -999.250 -999.250 -999.250 -999.250 -999.250 -999.250 -999.250 -999.250 -999.250 -999.250 -999.250 -999.250 -999.250 -999.250 -999.250 -999.250 -999.250 -999.250 -999.250 -999.250 -999.250 -999.250 -999.250 -999.250 -999.250 -999.250 -999.250 -999.250 -999.250
15.667 13.863 10.352 13.269 11.717 11.690 10.796 15.122 12.122 15.354 15.969 18.805 21.920 26.918 28.965 31.835 35.463 32.496 36.872 41.655 42.582 43.532 35.555 38.449 31.721 33.728 28.764 28.331 28.717 26.423 26.718 24.644 21.455 22.667 -999.250 -999.250 -999.250 -999.250 -999.250 -999.250 -999.250 -999.250 -999.250 -999.250 -999.250 -999.250 -999.250 -999.250 -999.250 -999.250 -999.250 -999.250 -999.250 -999.250 -999.250 -999.250 -999.250 -999.250 -999.250 -999.250 -999.250 -999.250 -999.250 -999.250 -999.250 -999.250 -999.250 -999.250
11.047 15.112 13.538 12.949 11.715 12.565 8.678 12.500 12.560 14.334 16.847 18.910 20.644 22.661 25.272 27.950 29.824 34.310 35.192 41.816 38.070 39.102 35.502 34.277 30.209 31.609 29.246 24.987 23.042 22.077 23.491 20.911 17.819 16.261 17.284 -999.250 -999.250 -999.250 -999.250 -999.250 -999.250 -999.250 -999.250 -999.250 -999.250 -999.250 -999.250 -999.250 -999.250 -999.250 -999.250 -999.250 -999.250 -999.250 -999.250 -999.250 -999.250 -999.250 -999.250 -999.250 -999.250 -999.250 -999.250 -999.250 -999.250 -999.250 -999.250 -999.250
13.314 15.744 12.822 12.226 12.307 9.773 8.531 4.110 8.885 12.780 13.296 16.173 16.798 21.868 21.670 24.212 28.533 27.509 31.830 30.396 32.410 28.790 26.880 30.104 26.052 28.208 28.183 23.768 25.763 22.478 20.863 19.381 17.676 17.460 16.534 -999.250 -999.250 -999.250 -999.250 -999.250 -999.250 -999.250 -999.250 -999.250 -999.250 -999.250 -999.250 -999.250 -999.250 -999.250 -999.250 -999.250 -999.250 -999.250 -999.250 -999.250 -999.250 -999.250 -999.250 -999.250 -999.250 -999.250 -999.250 -999.250 -999.250 -999.250 -999.250 -999.250
15.208 18.083 18.336 11.086 10.314 7.853 3.126 0.000 7.003 12.497 13.006 15.206 16.388 20.108 22.750 24.605 22.764 25.696 29.513 24.372 25.347 24.274 22.229 23.914 21.958 22.885 23.043 22.652 22.014 16.282 16.085 19.769 15.974 15.371 15.335 -999.250 -999.250 -999.250 -999.250 -999.250 -999.250 -999.250 -999.250 -999.250 -999.250 -999.250 -999.250 -999.250 -999.250 -999.250 -999.250 -999.250 -999.250 -999.250 -999.250 -999.250 -999.250 -999.250 -999.250 -999.250 -999.250 -999.250 -999.250 -999.250 -999.250 -999.250 -999.250 -999.250
15.089 19.645 17.817 16.106 13.401 8.908 4.875 3.416 7.279 10.148 11.206 13.385 14.872 16.230 23.196 26.135 21.911 22.851 22.637 22.826 17.503 16.637 21.043 17.645 19.711 18.589 17.095 15.117 16.726 15.966 15.314 14.858 16.344 14.371 14.748 8.964 -999.250 -999.250 -999.250 -999.250 -999.250 -999.250 -999.250 16.738 -999.250 -999.250 -999.250 -999.250 -999.250 -999.250 -999.250 -999.250 -999.250 -999.250 -999.250 -999.250 -999.250 -999.250 -999.250 -999.250 -999.250 -999.250 -999.250 -999.250 -999.250 -999.250 -999.250 -999.250
18.987 22.654 22.036 17.610 13.525 11.600 9.623 7.420 10.146 11.535 11.200 11.868 16.977 19.173 22.065 22.871 23.049 22.264 18.172 19.261 18.525 17.631 14.047 14.976 15.816 14.230 15.056 13.586 16.522 12.930 12.014 16.715 13.347 13.235 11.430 10.751 12.198 -999.250 -999.250 -999.250 9.331 13.505 13.111 16.869 -999.250 -999.250 -999.250 -999.250 -999.250 -999.250 -999.250 -999.250 -999.250 -999.250 -999.250 -999.250 -999.250 -999.250 -999.250 -999.250 -999.250 -999.250 -999.250 -999.250 -999.250 -999.250 -999.250 -999.250
22.807 24.948 21.763 18.993 16.728 17.726 15.272 12.459 9.540 10.647 12.949 13.094 18.622 20.150 18.775 24.994 23.813 20.320 18.025 17.774 18.648 17.233 14.594 12.928 8.745 12.607 11.636 13.438 14.302 9.725 13.799 12.154 13.160 10.976 10.813 10.774 9.546 -999.250 4.012 3.743 5.656 7.996 14.475 -999.250 -999.250 -999.250 -999.250 -999.250 -999.250 -999.250 -999.250 -999.250 -999.250 -999.250 -999.250 -999.250 -999.250 -999.250 -999.250 -999.250 -999.250 -999.250 -999.250 -999.250 -999.250 -999.250 -999.250 -999.250
23.207 24.375 23.931 21.418 17.825 20.451 16.792 16.043 19.814 17.208 18.669 16.487 17.731 18.723 19.193 17.747 23.602 21.133 16.619 21.635 21.092 16.477 14.025 8.391 4.187 5.477 9.183 11.688 10.843 14.729 13.868 10.569 11.688 9.844 10.510 8.659 7.644 4.054 4.627 0.000 3.629 7.492 14.871 -999.250 -999.250 -999.250 -999.250 -999.250 -999.250 -999.250 -999.250 -999.250 -999.250 -999.250 -999.250 -999.250 -999.250 -999.250 -999.250 -999.250 -999.250 -999.250 -999.250 -999.250 -999.250 -999.250 -999.250 -999.250
24.558 21.667 25.563 21.426 18.345 17.904 18.724 21.838 18.127 17.822 19.029 17.791 17.263 21.141 21.310 22.765 20.973 23.501 23.158 18.989 21.026 16.914 13.286 3.679 0.000 1.228 7.335 7.819 12.765 13.307 11.588 10.415 11.535 10.025 13.282 11.060 10.340 6.651 3.877 2.890 6.819 7.830 12.771 -999.250 -999.250 -999.250 -999.250 -999.250 -999.250 -999.250 -999.250 -999.250 -999.250 -999.250 -999.250 -999.250 -999.250 -999.250 -999.250 -999.250 -999.250 -999.250 -999.250 -999.250 -999.250 -999.250 -999.250 -999.250
21.639 23.566 21.416 20.269 16.931 17.672 18.742 19.647 21.324 19.603 20.366 21.606 20.860 21.483 25.282 23.422 22.523 23.168 23.742 20.421 21.412 20.362 15.816 9.072 5.243 8.087 6.798 9.974 11.651 14.046 13.569 14.501 12.817 10.224 9.984 8.936 8.613 6.859 6.327 6.528 9.899 11.309 12.283 -999.250 -999.250 -999.250 -999.250 -999.250 -999.250 -999.250 -999.250 -999.250 -999.250 -999.250 -999.250 -999.250 -999.250 -999.250 -999.250 -999.250 -999.250 -999.250 -999.250 -999.250 -999.250 -999.250 -999.250 -999.250
18.643 17.129 19.517 19.679 19.126 18.449 18.869 20.526 17.721 19.988 22.164 24.151 29.164 32.655 29.040 27.223 26.373 27.593 27.434 30.355 25.275 22.744 19.466 14.155 10.883 8.540 13.759 10.125 11.578 11.515 13.896 14.181 11.528 10.258 12.085 10.382 11.303 9.538 10.028 11.006 11.584 12.906 -999.250 -999.250 -999.250 -999.250 -999.250 -999.250 -999.250 -999.250 -999.250 -999.250 -999.250 -999.250 -999.250 -999.250 -999.250 -999.250 -999.250 -999.250 -999.250 -999.250 -999.250 -999.250 -999.250 -999.250 -999.250 -999.250
14.360 17.889 17.450 16.985 18.879 22.354 22.373 23.404 21.144 22.335 26.081 24.806 24.659 30.374 34.154 33.443 32.814 33.609 30.385 34.219 30.404 29.142 20.143 19.020 15.278 15.273 13.957 14.414 14.658 13.115 12.337 15.996 13.680 10.483 10.898 12.849 12.397 11.509 11.393 14.245 13.808 13.840 -999.250 -999.250 -999.250 -999.250 -999.250 -999.250 -999.250 -999.250 -999.250 -999.250 -999.250 -999.250 -999.250 -999.250 -999.250 -999.250 -999.250 -999.250 -999.250 -999.250 -999.250 -999.250 -999.250 -999.250 -999.250 -999.250
10.748 12.999 16.745 15.776 18.560 23.479 20.741 24.183 22.848 28.823 31.478 23.548 28.731 30.931 37.174 32.376 33.973 39.609 39.477 35.144 35.965 34.832 24.784 21.943 19.191 17.826 17.896 16.578 18.700 13.735 14.831 13.760 11.319 13.875 11.547 13.862 13.100 16.482 16.776 13.295 13.051 11.421 -999.250 -999.250 -999.250 -999.250 -999.250 -999.250 -999.250 -999.250 -999.250 -999.250 -999.250 -999.250 -999.250 -999.250 -999.250 -999.250 -999.250 -999.250 -999.250 -999.250 -999.250 -999.250 -999.250 -999.250 -999.250 -999.250
14.908 14.528 14.159 14.164 17.776 22.537 21.154 23.092 25.682 27.165 28.287 28.519 32.530 34.588 37.398 39.863 43.111 46.529 44.060 48.221 44.402 37.507 28.647 29.107 28.299 22.967 19.901 18.574 19.789 16.760 18.566 15.512 13.876 14.962 16.315 15.071 15.374 19.059 16.142 15.670 14.223 -999.250 -999.250 -999.250 -999.250 -999.250 -999.250 -999.250 -999.250 -999.250 -999.250 -999.250 -999.250 -999.250 -999.250 -999.250 -999.250 -999.250 -999.250 -999.250 -999.250 -999.250 -999.250 -999.250 -999.250 -999.250 -999.250 -999.250
14.676 16.491 12.483 15.546 18.969 19.647 20.822 23.209 25.242 27.393 31.088 32.554 38.192 43.790 50.157 57.631 50.703 52.940 51.675 51.246 42.348 40.981 32.252 34.133 29.804 27.148 25.409 23.711 25.801 24.261 20.683 19.692 16.084 19.004 18.308 18.710 -999.250 -999.250 16.410 17.981 13.281 -999.250 -999.250 -999.250 -999.250 -999.250 -999.250 -999.250 -999.250 -999.250 -999.250 -999.250 -999.250 -999.250 -999.250 -999.250 -999.250 -999.250 -999.250 -999.250 -999.250 -999.250 -999.250 -999.250 -999.250 -999.250 -999.250 -999.250
13.483 14.673 8.934 15.913 17.672 21.262 24.363 26.394 25.689 29.692 35.177 38.676 40.245 46.021 53.773 49.523 53.743 65.425 55.700 45.172 42.193 37.426 42.126 38.440 35.491 34.609 30.976 23.827 28.949 25.191 23.216 22.045 18.334 17.471 18.317 20.582 -999.250 -999.250 -999.250 -999.250 -999.250 -999.250 -999.250 -999.250 -999.250 -999.250 -999.250 -999.250 -999.250 -999.250 -999.250 -999.250 -999.250 -999.250 -999.250 -999.250 -999.250 -999.250 -999.250 -999.250 -999.250 -999.250 -999.250 -999.250 -999.250 -999.250 -999.250 -999.250
12.855 19.658 16.706 18.076 20.258 22.540 26.787 25.948 28.226 32.145 37.901 47.200 47.416 42.409 54.936 57.423 65.072 64.209 61.606 54.678 54.223 50.225 43.204 39.961 36.932 34.417 31.237 29.855 29.611 24.569 26.374 22.962 -999.250 -999.250 20.834 -999.250 -999.250 -999.250 -999.250 -999.250 -999.250 -999.250 -999.250 -999.250 -999.250 -999.250 -999.250 -999.250 -999.250 -999.250 -999.250 -999.250 -999.250 -999.250 -999.250 -999.250 -999.250 -999.250 -999.250 -999.250 -999.250 -999.250 -999.250 -999.250 -999.250 -999.250 -999.250 -999.250
18.560 17.868 17.721 20.667 24.363 23.989 28.639 29.212 30.989 41.180 39.191 45.419 47.119 50.170 54.873 58.462 63.033 66.074 63.434 62.616 58.167 45.996 45.967 42.875 40.636 43.406 31.394 33.501 32.785 23.960 -999.250 -999.250 -999.250 -999.250 -999.250 -999.250 -999.250 -999.250 -999.250 -999.250 -999.250 -999.250 -999.250 -999.250 -999.250 -999.250 -999.250 -999.250 -999.250 -999.250 -999.250 -999.250 -999.250 -999.250 -999.250 -999.250 -999.250 -999.250 -999.250 -999.250 -999.250 -999.250 -999.250 -999.250 -999.250 -999.250 -999.250 -999.250
16.135 20.170 19.036 23.542 23.423 24.663 29.563 40.883 41.430 40.020 50.613 52.367 54.327 46.056 60.371 61.705 65.196 65.544 63.880 60.294 44.787 47.956 46.471 43.813 38.788 43.689 35.083 33.057 40.951 33.256 -999.250 -999.250 -999.250 -999.250 -999.250 -999.250 -999.250 -999.250 -999.250 -999.250 -999.250 -999.250 -999.250 -999.250 -999.250 -999.250 -999.250 -999.250 -999.250 -999.250 -999.250 -999.250 -999.250 -999.250 -999.250 -999.250 -999.250 -999.250 -999.250 -999.250 -999.250 -999.250 -999.250 -999.250 -999.250 -999.250 -999.250 -999.250
20.240 19.058 22.925 19.963 24.744 24.800 30.926 39.913 51.197 46.271 53.429 54.865 60.613 62.062 75.602 70.420 70.476 71.067 65.914 68.159 57.846 58.344 64.538 45.403 48.135 42.406 40.480 35.586 30.617 25.113 -999.250 -999.250 -999.250 -999.250 -999.250 -999.250 -999.250 -999.250 -999.250 -999.250 -999.250 -999.250 -999.250 -999.250 -999.250 -999.250 -999.250 -999.250 -999.250 -999.250 -999.250 -999.250 -999.250 -999.250 -999.250 -999.250 -999.250 -999.250 -999.250 -999.250 -999.250 -999.250 -999.250 -999.250 -999.250 -999.250 -999.250 -999.250
20.874 22.889 21.446 22.789 24.568 25.061 31.907 37.299 54.727 56.172 55.107 58.601 62.788 67.114 63.815 69.879 76.070 84.533 77.788 73.312 67.815 74.571 61.984 51.608 55.186 52.446 40.319 42.539 37.186 24.681 -999.250 -999.250 -999.250 -999.250 -999.250 -999.250 -999.250 -999.250 -999.250 -999.250 -999.250 -999.250 -999.250 -999.250 -999.250 -999.250 -999.250 -999.250 -999.250 -999.250 -999.250 -999.250 -999.250 -999.250 -999.250 -999.250 -999.250 -999.250 -999.250 -999.250 -999.250 -999.250 -999.250 -999.250 -999.250 -999.250 -999.250 -999.250
20.872 18.906 19.728 18.260 20.318 27.180 42.333 41.038 50.152 58.016 61.213 59.875 71.267 63.280 77.489 80.581 81.668 81.526 89.370 79.115 72.891 78.857 70.364 51.568 57.159 57.159 48.434 31.565 28.005 -999.250 -999.250 -999.250 -999.250 -999.250 -999.250 -999.250 -999.250 -999.250 -999.250 -999.250 -999.250 -999.250 -999.250 -999.250 -999.250 -999.250 -999.250 -999.250 -999.250 -999.250 -999.250 -999.250 -999.250 -999.250 -999.250 -999.250 -999.250 -999.250 -999.250 -999.250 -999.250 -999.250 -999.250 -999.250 -999.250 -999.250 -999.250 -999.250
21.078 23.327 21.752 21.908 25.963 29.077 37.589 50.195 62.021 61.338 63.304 61.604 65.331 70.969 81.737 68.557 82.339 97.875 91.403 84.487 82.368 78.771 69.455 64.445 65.749 64.817 54.117 51.438 30.496 -999.250 -999.250 -999.250 -999.250 -999.250 -999.250 -999.250 -999.250 -999.250 -999.250 -999.250 -999.250 -999.250 -999.250 -999.250 -999.250 -999.250 -999.250 -999.250 -999.250 -999.250 -999.250 -999.250 -999.250 -999.250 -999.250 -999.250 -999.250 -999.250 -999.250 -999.250 -999.250 -999.250 -999.250 -999.250 -999.250 -999.250 -999.250 -999.250
18.251 21.592 21.587 25.863 28.870 33.665 40.188 49.563 48.899 57.547 58.571 61.505 63.661 75.956 71.007 77.989 88.889 86.136 94.783 99.839 88.138 65.680 67.411 65.279 65.983 64.744 53.230 41.220 29.112 -999.250 -999.250 -999.250 -999.250 -999.250 -999.250 -999.250 -999.250 -999.250 -999.250 -999.250 -999.250 -999.250 -999.250 -999.250 -999.250 -999.250 -999.250 -999.250 -999.250 -999.250 -999.250 -999.250 -999.250 -999.250 -999.250 -999.250 -999.250 -999.250 -999.250 -999.250 -999.250 -999.250 -999.250 -999.250 -999.250 -999.250 -999.250 -999.250
20.816 20.057 24.378 25.645 26.983 36.162 41.393 55.550 50.541 54.572 61.700 55.961 63.032 68.848 69.842 79.868 78.618 81.446 90.734 79.490 72.381 62.903 60.169 69.862 56.302 63.359 53.815 40.206 -999.250 -999.250 -999.250 -999.250 -999.250 -999.250 -999.250 -999.250 -999.250 -999.250 -999.250 -999.250 -999.250 -999.250 -999.250 -999.250 -999.250 -999.250 -999.250 -999.250 -999.250 -999.250 -999.250 -999.250 -999.250 -999.250 -999.250 -999.250 -999.250 -999.250 -999.250 -999.250 -999.250 -999.250 -999.250 -999.250 -999.250 -999.250 -999.250 -999.250
18.391 19.221 23.730 27.746 32.651 38.086 34.894 42.960 51.114 58.025 53.488 67.062 56.929 67.626 68.363 69.713 81.007 92.520 81.775 82.280 73.001 74.606 60.769 59.603 53.684 48.739 52.061 37.825 -999.250 -999.250 -999.250 -999.250 -999.250 -999.250 -999.250 -999.250 -999.250 -999.250 -999.250 -999.250 -999.250 -999.250 -999.250 -999.250 -999.250 -999.250 -999.250 -999.250 -999.250 -999.250 -999.250 -999.250 -999.250 -999.250 -999.250 -999.250 -999.250 -999.250 -999.250 -999.250 -999.250 -999.250 -999.250 -999.250 -999.250 -999.250 -999.250 -999.250
