data/medianmodel_14-Nov-2020.asc
ncols	141
nrows	288
xllcorner	-120191.398
yllcorner	-301404.813
cellsize	2000.000
NODATA_value	-999.250
[rows 203 to 231 of 288, columns 0 to 64 of 141]
-999.250 -999.250 -999.250 -999.250 -999.250 -999.250 -999.250 -999.250 -999.250 -999.250 -999.250 -999.250 -999.250 -999.250 433.737 424.117 413.236 396.289 395.895 380.048 398.408 399.081 406.100 -999.250 -999.250 -999.250 465.813 493.191 474.336 467.957 493.878 479.327 461.870 444.318 448.724 439.394 406.079 396.061 354.483 344.203 316.423 258.840 255.467 257.059 249.696 241.486 263.325 257.989 268.251 235.801 251.826 279.104 305.770 317.246 352.956 382.880 370.645 378.418 396.524 405.595 378.165 394.083 440.942 385.337 399.363
-999.250 -999.250 -999.250 -999.250 -999.250 -999.250 -999.250 -999.250 -999.250 -999.250 -999.250 -999.250 -999.250 408.448 419.027 405.765 408.085 391.317 367.447 387.307 415.596 385.239 -999.250 -999.250 -999.250 -999.250 -999.250 467.090 451.369 469.575 457.579 455.284 439.670 450.081 447.879 409.377 433.493 394.561 365.203 344.867 319.071 289.060 283.537 268.408 252.836 257.660 272.011 285.697 282.172 260.630 277.942 310.222 333.361 346.744 355.137 408.348 414.534 384.833 413.356 414.351 407.126 439.063 403.920 395.624 420.933
-999.250 -999.250 -999.250 -999.250 -999.250 -999.250 -999.250 -999.250 -999.250 -999.250 -999.250 -999.250 -999.250 413.186 384.929 382.729 373.533 376.923 387.551 380.329 -999.250 -999.250 -999.250 -999.250 -999.250 -999.250 -999.250 -999.250 440.276 434.388 445.500 434.449 422.468 423.242 437.430 392.806 424.358 371.729 381.850 357.943 341.861 325.480 274.550 277.677 281.737 280.687 303.428 283.666 278.520 312.559 303.639 334.070 337.711 337.099 351.335 363.374 433.878 383.573 407.508 416.068 431.514 433.408 413.310 418.855 387.914
-999.250 -999.250 -999.250 -999.250 -999.250 -999.250 -999.250 -999.250 -999.250 -999.250 -999.250 -999.250 382.476 397.351 -999.250 -999.250 -999.250 -999.250 -999.250 -999.250 -999.250 -999.250 -999.250 -999.250 -999.250 -999.250 -999.250 -999.250 -999.250 445.650 419.201 450.542 445.941 436.202 434.392 409.890 430.927 416.047 361.307 322.024 312.236 310.144 290.067 282.620 302.025 333.218 309.854 291.204 295.714 305.323 337.947 323.946 319.506 366.081 381.136 404.059 411.249 416.416 425.379 436.436 442.863 409.023 390.976 398.757 414.202
-999.250 -999.250 -999.250 -999.250 -999.250 -999.250 -999.250 -999.250 -999.250 -999.250 -999.250 -999.250 -999.250 -999.250 -999.250 -999.250 -999.250 -999.250 -999.250 -999.250 -999.250 -999.250 -999.250 -999.250 -999.250 -999.250 -999.250 -999.250 -999.250 -999.250 458.932 453.559 443.752 429.130 408.728 431.096 417.293 394.614 363.080 339.565 314.129 290.703 288.551 288.354 296.036 297.919 324.678 329.383 300.788 330.681 329.850 363.492 353.125 388.128 406.257 421.719 399.379 418.673 413.868 425.684 395.853 437.622 405.684 432.776 445.054
-999.250 -999.250 -999.250 -999.250 -999.250 -999.250 -999.250 -999.250 -999.250 -999.250 -999.250 -999.250 -999.250 -999.250 -999.250 -999.250 -999.250 -999.250 -999.250 -999.250 -999.250 -999.250 -999.250 -999.250 -999.250 -999.250 -999.250 -999.250 -999.250 -999.250 460.124 450.515 459.566 448.254 424.678 406.131 441.496 407.441 400.004 363.401 339.385 304.570 325.077 298.327 277.159 315.512 326.725 326.913 291.674 321.613 349.033 344.895 365.295 406.138 402.079 387.437 426.602 459.976 438.378 423.569 402.209 407.750 419.821 426.416 426.584
-999.250 -999.250 -999.250 -999.250 -999.250 -999.250 -999.250 -999.250 -999.250 -999.250 -999.250 -999.250 -999.250 -999.250 -999.250 -999.250 -999.250 -999.250 -999.250 -999.250 -999.250 -999.250 -999.250 -999.250 -999.250 -999.250 -999.250 -999.250 -999.250 -999.250 402.825 419.772 436.220 452.335 436.813 448.973 412.893 431.294 387.994 372.140 325.867 295.091 304.728 312.534 294.686 306.117 325.314 351.713 322.011 314.973 326.666 339.994 340.455 401.924 389.630 415.320 428.803 411.387 400.269 396.516 395.609 430.952 432.058 426.055 440.935
-999.250 -999.250 -999.250 -999.250 -999.250 -999.250 -999.250 -999.250 -999.250 -999.250 -999.250 -999.250 -999.250 -999.250 -999.250 -999.250 -999.250 -999.250 -999.250 -999.250 -999.250 -999.250 -999.250 -999.250 -999.250 -999.250 -999.250 -999.250 -999.250 -999.250 -999.250 383.702 408.587 454.474 428.728 452.991 433.501 407.698 369.349 354.173 348.017 300.381 265.889 307.340 322.623 356.595 346.400 360.196 318.928 305.154 323.949 339.348 319.999 380.034 374.267 351.609 390.402 382.635 375.845 343.830 371.298 377.235 376.784 406.782 435.116
-999.250 -999.250 -999.250 -999.250 -999.250 -999.250 -999.250 -999.250 -999.250 -999.250 -999.250 -999.250 -999.250 -999.250 -999.250 -999.250 -999.250 -999.250 -999.250 -999.250 -999.250 -999.250 -999.250 -999.250 -999.250 -999.250 -999.250 -999.250 -999.250 -999.250 -999.250 381.233 406.221 410.297 479.005 471.283 434.717 406.399 400.051 389.431 335.898 327.645 334.195 350.435 333.103 343.960 354.979 380.956 346.291 336.268 349.380 324.613 322.728 368.370 325.494 324.195 337.752 366.750 342.057 307.878 363.642 342.157 381.997 392.079 399.280
-999.250 -999.250 -999.250 -999.250 -999.250 -999.250 -999.250 -999.250 -999.250 -999.250 -999.250 -999.250 -999.250 -999.250 -999.250 -999.250 -999.250 -999.250 -999.250 -999.250 -999.250 -999.250 -999.250 -999.250 -999.250 -999.250 -999.250 -999.250 -999.250 -999.250 -999.250 397.790 405.095 405.641 436.850 476.133 411.987 421.018 398.532 380.444 364.176 369.010 367.305 343.026 354.371 336.473 360.232 354.981 342.837 338.631 324.805 321.571 349.583 328.912 373.372 336.484 316.015 330.196 343.440 302.985 320.783 313.569 317.794 313.480 345.784
-999.250 -999.250 -999.250 -999.250 -999.250 -999.250 -999.250 -999.250 -999.250 -999.250 -999.250 -999.250 -999.250 -999.250 -999.250 -999.250 -999.250 -999.250 -999.250 -999.250 -999.250 -999.250 -999.250 -999.250 -999.250 -999.250 -999.250 -999.250 -999.250 -999.250 -999.250 412.932 449.531 441.377 463.420 452.913 420.575 406.007 408.394 397.102 383.807 408.665 416.760 393.112 378.033 369.557 369.440 329.130 354.319 356.964 362.756 394.874 375.150 357.278 323.519 334.931 345.119 323.098 313.815 297.392 283.001 285.999 280.421 274.564 284.558
-999.250 -999.250 -999.250 -999.250 -999.250 -999.250 -999.250 -999.250 -999.250 -999.250 -999.250 -999.250 -999.250 -999.250 -999.250 -999.250 -999.250 -999.250 -999.250 -999.250 -999.250 -999.250 -999.250 -999.250 -999.250 -999.250 -999.250 -999.250 -999.250 -999.250 -999.250 399.923 422.202 429.658 442.130 405.167 442.302 408.359 367.912 399.300 402.520 433.624 415.640 408.233 395.675 371.790 397.300 357.799 352.015 366.958 293.105 354.303 321.068 308.522 352.236 345.427 332.636 329.558 304.657 267.712 270.158 268.572 239.704 241.084 233.317
-999.250 -999.250 -999.250 -999.250 -999.250 -999.250 -999.250 -999.250 -999.250 -999.250 -999.250 -999.250 -999.250 -999.250 -999.250 -999.250 -999.250 -999.250 -999.250 -999.250 -999.250 -999.250 -999.250 -999.250 -999.250 -999.250 -999.250 -999.250 -999.250 -999.250 -999.250 407.466 400.959 408.212 364.394 401.308 423.069 406.265 408.050 418.891 434.037 434.565 447.844 438.654 433.039 432.631 413.700 407.405 366.226 356.232 340.414 359.494 335.159 309.821 322.230 314.239 323.462 308.502 258.067 272.632 273.649 240.689 225.635 218.429 197.859
-999.250 -999.250 -999.250 -999.250 -999.250 -999.250 -999.250 -999.250 -999.250 -999.250 -999.250 -999.250 -999.250 -999.250 -999.250 -999.250 -999.250 -999.250 -999.250 -999.250 -999.250 -999.250 -999.250 -999.250 -999.250 -999.250 -999.250 -999.250 -999.250 -999.250 -999.250 415.904 407.153 376.583 368.172 377.539 418.337 412.294 410.969 435.822 444.237 441.199 440.233 439.730 421.799 398.847 433.258 384.907 394.395 387.685 361.665 357.873 300.698 297.709 334.906 316.121 290.819 274.661 276.181 257.058 251.346 230.452 204.248 174.875 145.784
-999.250 -999.250 -999.250 -999.250 -999.250 -999.250 -999.250 -999.250 -999.250 -999.250 -999.250 -999.250 -999.250 -999.250 -999.250 -999.250 -999.250 -999.250 -999.250 -999.250 -999.250 -999.250 -999.250 -999.250 -999.250 -999.250 -999.250 -999.250 -999.250 -999.250 -999.250 377.320 379.610 368.896 357.679 388.249 401.755 419.017 431.769 446.871 458.619 459.971 474.352 442.941 418.427 413.293 374.744 419.128 410.543 358.044 317.936 331.141 318.377 317.891 347.177 344.224 301.593 300.031 277.476 264.332 264.066 234.396 206.712 172.104 120.410
-999.250 -999.250 -999.250 -999.250 -999.250 -999.250 -999.250 -999.250 -999.250 -999.250 -999.250 -999.250 -999.250 -999.250 -999.250 -999.250 -999.250 -999.250 -999.250 -999.250 -999.250 -999.250 -999.250 -999.250 -999.250 -999.250 -999.250 -999.250 -999.250 -999.250 -999.250 347.424 360.968 310.864 331.825 359.347 354.964 382.644 445.618 426.174 441.691 475.891 458.077 443.589 407.732 401.805 418.358 435.243 428.607 342.746 337.188 354.127 336.885 315.814 318.840 306.009 331.429 310.638 300.087 284.514 261.611 242.954 193.319 183.987 145.292
-999.250 -999.250 -999.250 -999.250 -999.250 -999.250 -999.250 -999.250 -999.250 -999.250 -999.250 -999.250 -999.250 -999.250 -999.250 -999.250 -999.250 -999.250 -999.250 -999.250 -999.250 -999.250 -999.250 -999.250 -999.250 -999.250 -999.250 -999.250 -999.250 -999.250 -999.250 369.409 367.115 331.857 324.212 379.518 390.459 407.915 438.257 439.004 457.616 450.851 455.519 455.366 413.619 412.363 411.687 403.182 412.366 371.232 362.973 335.640 304.391 308.242 335.663 319.977 344.645 324.179 291.550 258.890 268.906 246.375 237.550 203.755 184.883
-999.250 -999.250 -999.250 -999.250 -999.250 -999.250 -999.250 -999.250 -999.250 -999.250 -999.250 -999.250 -999.250 -999.250 -999.250 -999.250 -999.250 -999.250 -999.250 -999.250 -999.250 -999.250 -999.250 -999.250 -999.250 -999.250 -999.250 -999.250 -999.250 -999.250 -999.250 368.635 331.432 326.765 341.387 338.979 322.071 388.381 409.531 423.997 440.897 451.724 454.111 440.897 459.884 429.307 413.752 404.676 388.606 388.692 359.137 327.745 348.931 325.297 300.823 296.025 306.789 314.630 329.965 333.454 282.759 243.009 245.426 221.644 214.239
-999.250 -999.250 -999.250 -999.250 -999.250 -999.250 -999.250 -999.250 -999.250 -999.250 -999.250 -999.250 -999.250 -999.250 -999.250 -999.250 -999.250 -999.250 -999.250 -999.250 -999.250 -999.250 -999.250 -999.250 -999.250 -999.250 -999.250 -999.250 -999.250 -999.250 -999.250 348.692 329.415 321.150 302.520 331.614 337.421 351.175 389.141 421.188 444.613 449.384 450.595 416.078 421.775 386.962 397.192 398.143 414.269 405.716 387.526 336.169 349.078 334.273 325.413 324.363 315.737 357.296 349.317 319.001 299.891 266.891 261.301 240.507 229.316
-999.250 -999.250 -999.250 -999.250 -999.250 -999.250 -999.250 -999.250 -999.250 -999.250 -999.250 -999.250 -999.250 -999.250 -999.250 -999.250 -999.250 -999.250 -999.250 -999.250 -999.250 -999.250 -999.250 -999.250 -999.250 -999.250 -999.250 -999.250 -999.250 -999.250 -999.250 356.120 348.885 357.176 305.121 333.832 343.543 359.936 397.508 438.792 441.034 456.611 428.668 419.912 407.927 376.641 343.152 376.205 404.062 413.708 357.127 328.435 334.031 343.154 321.845 311.927 367.972 337.827 334.714 325.658 310.254 303.379 288.281 275.634 263.916
-999.250 -999.250 -999.250 -999.250 -999.250 -999.250 -999.250 -999.250 -999.250 -999.250 -999.250 -999.250 -999.250 -999.250 -999.250 -999.250 -999.250 -999.250 -999.250 -999.250 -999.250 -999.250 -999.250 -999.250 -999.250 -999.250 -999.250 -999.250 -999.250 -999.250 334.612 313.016 330.370 355.858 343.760 316.399 314.944 354.219 384.469 425.263 395.215 435.487 438.376 408.422 379.065 349.343 347.254 342.749 355.384 370.742 354.488 373.680 371.941 353.309 371.841 351.761 327.567 343.825 314.238 313.000 329.367 345.032 328.162 295.645 269.783
-999.250 -999.250 -999.250 -999.250 -999.250 -999.250 -999.250 -999.250 -999.250 -999.250 -999.250 -999.250 -999.250 -999.250 -999.250 -999.250 -999.250 -999.250 -999.250 -999.250 -999.250 -999.250 -999.250 -999.250 -999.250 -999.250 -999.250 -999.250 -999.250 -999.250 355.640 346.580 312.580 297.380 287.405 309.604 297.476 299.583 347.645 351.044 366.179 383.762 368.253 399.884 323.720 314.101 355.295 338.838 322.575 362.852 346.771 370.381 338.170 379.744 373.665 362.283 383.217 357.853 313.742 366.220 344.938 360.891 329.459 327.759 324.834
-999.250 -999.250 -999.250 -999.250 -999.250 -999.250 -999.250 -999.250 -999.250 -999.250 -999.250 -999.250 -999.250 -999.250 -999.250 -999.250 -999.250 -999.250 -999.250 -999.250 -999.250 -999.250 -999.250 -999.250 -999.250 -999.250 -999.250 -999.250 -999.250 -999.250 366.569 401.560 309.341 312.263 299.694 253.823 248.400 280.958 283.796 280.513 320.596 345.227 326.988 315.188 318.006 286.818 330.643 341.708 380.671 395.460 388.801 363.311 356.550 371.039 389.691 387.590 349.684 355.986 341.550 395.600 360.120 393.130 362.731 344.915 341.695
-999.250 -999.250 -999.250 -999.250 -999.250 -999.250 -999.250 -999.250 -999.250 -999.250 -999.250 -999.250 -999.250 -999.250 -999.250 -999.250 -999.250 -999.250 -999.250 -999.250 -999.250 -999.250 -999.250 -999.250 -999.250 -999.250 -999.250 -999.250 -999.250 -999.250 394.534 391.354 350.565 291.648 293.360 252.139 233.446 253.492 267.599 272.202 264.953 293.055 293.644 294.706 301.890 309.798 325.781 359.849 338.782 382.878 366.325 358.442 347.272 335.212 395.231 386.795 341.615 337.366 356.291 375.647 378.532 374.486 373.291 374.417 361.574
-999.250 -999.250 -999.250 -999.250 -999.250 -999.250 -999.250 -999.250 -999.250 -999.250 -999.250 -999.250 -999.250 -999.250 -999.250 -999.250 -999.250 -999.250 -999.250 -999.250 -999.250 -999.250 -999.250 -999.250 -999.250 -999.250 -999.250 -999.250 -999.250 429.920 407.267 369.516 326.312 297.731 281.434 220.601 222.686 222.500 228.085 239.321 241.266 255.654 264.322 271.394 275.991 279.081 304.523 288.993 299.337 357.083 316.000 336.299 344.263 376.919 387.002 371.199 368.660 331.421 369.084 359.481 374.187 377.065 406.626 376.672 370.552
-999.250 -999.250 -999.250 -999.250 -999.250 -999.250 -999.250 -999.250 -999.250 -999.250 -999.250 -999.250 -999.250 -999.250 -999.250 -999.250 -999.250 -999.250 -999.250 -999.250 -999.250 -999.250 -999.250 -999.250 -999.250 -999.250 -999.250 -999.250 -999.250 435.464 429.046 369.608 343.890 293.042 242.447 204.829 168.564 182.581 196.817 211.118 222.071 230.086 242.207 267.184 256.224 278.106 281.117 295.387 302.451 339.530 326.564 333.361 341.437 349.900 372.102 380.634 398.557 350.582 395.387 382.803 382.600 401.579 392.430 391.004 378.809
-999.250 -999.250 -999.250 -999.250 -999.250 -999.250 -999.250 -999.250 -999.250 -999.250 -999.250 -999.250 -999.250 -999.250 -999.250 -999.250 -999.250 -999.250 -999.250 -999.250 -999.250 -999.250 -999.250 -999.250 -999.250 -999.250 -999.250 -999.250 458.010 423.620 426.201 427.065 378.113 319.017 244.283 183.822 90.306 141.073 190.885 186.101 223.334 227.681 247.415 252.670 241.611 264.611 279.396 270.142 318.085 307.854 319.267 348.109 316.348 356.645 353.616 411.779 395.458 353.899 383.395 386.374 385.237 381.920 415.814 403.289 426.128
-999.250 -999.250 -999.250 -999.250 -999.250 -999.250 -999.250 -999.250 -999.250 -999.250 -999.250 -999.250 -999.250 -999.250 -999.250 -999.250 -999.250 -999.250 -999.250 -999.250 -999.250 -999.250 -999.250 -999.250 -999.250 -999.250 -999.250 -999.250 448.910 472.164 471.268 427.811 395.931 358.659 276.699 216.254 152.451 163.098 182.358 210.758 213.085 251.231 228.140 253.856 226.653 260.305 272.937 257.166 313.514 303.076 311.017 306.986 314.090 318.564 353.775 359.568 365.332 378.121 386.449 367.500 354.676 356.111 412.016 418.795 397.304
-999.250 -999.250 -999.250 -999.250 -999.250 -999.250 -999.250 -999.250 -999.250 -999.250 -999.250 -999.250 -999.250 -999.250 -999.250 -999.250 -999.250 -999.250 -999.250 -999.250 -999.250 -999.250 -999.250 -999.250 -999.250 -999.250 -999.250 454.010 461.310 486.287 489.077 478.248 437.611 363.916 293.954 237.451 202.715 184.468 175.668 187.279 210.843 232.036 219.175 217.936 244.535 252.927 267.643 304.950 322.077 313.901 300.359 309.486 302.832 358.071 378.560 361.170 369.317 370.668 378.668 392.119 368.366 394.329 429.980 416.013 383.964
