data/medianmodel_15-May-2020.asc
ncols	141
nrows	288
xllcorner	-120191.398
yllcorner	-301404.813
cellsize	2000.000
NODATA_value	-999.250
[rows 62 to 92 of 288, columns 69 to 137 of 141]
12.303 7.225 6.669 4.304 2.359 0.000 0.000 1.441 3.848 4.316 7.501 10.302 13.222 16.084 13.899 12.037 11.303 6.957 4.915 1.709 0.000 0.000 0.000 0.000 0.115 0.091 2.714 2.485 3.347 4.949 3.125 4.497 6.681 9.535 6.793 8.101 5.379 7.279 5.843 6.094 4.509 -999.250 -999.250 -999.250 -999.250 -999.250 -999.250 -999.250 -999.250 -999.250 -999.250 -999.250 -999.250 -999.250 -999.250 -999.250 -999.250 -999.250 -999.250 -999.250 -999.250 -999.250 -999.250 -999.250 -999.250 -999.250 -999.250 -999.250 -999.250
7.350 6.733 5.844 2.024 0.339 0.000 0.000 1.411 3.741 6.627 12.840 13.867 14.259 20.542 15.957 11.265 8.308 7.293 3.706 0.859 0.750 0.000 0.000 0.000 0.000 0.000 0.073 0.000 0.734 3.022 4.272 5.681 5.031 8.477 3.349 4.620 3.896 3.316 4.768 5.101 2.050 1.927 -999.250 -999.250 -999.250 -999.250 -999.250 -999.250 -999.250 -999.250 -999.250 -999.250 -999.250 -999.250 -999.250 -999.250 -999.250 -999.250 -999.250 -999.250 -999.250 -999.250 -999.250 -999.250 -999.250 -999.250 -999.250 -999.250 -999.250
7.818 6.097 3.479 2.114 0.000 0.000 0.078 1.851 4.604 7.428 11.592 13.505 15.807 18.398 17.597 16.791 7.847 7.417 3.746 1.938 1.242 0.000 0.000 0.000 0.000 0.000 0.000 0.000 0.000 1.867 2.708 6.042 4.333 3.788 3.880 3.789 3.173 2.451 1.249 2.319 2.625 2.516 2.928 -999.250 -999.250 -999.250 -999.250 -999.250 -999.250 -999.250 -999.250 -999.250 -999.250 -999.250 -999.250 -999.250 -999.250 -999.250 -999.250 -999.250 -999.250 -999.250 -999.250 -999.250 -999.250 -999.250 -999.250 -999.250 -999.250
6.824 4.281 4.946 1.088 0.000 0.000 1.191 2.954 5.310 10.265 13.130 14.232 17.099 16.083 15.284 11.766 9.987 6.258 2.162 2.084 0.000 0.000 0.000 0.000 0.000 0.000 0.000 0.000 0.000 0.000 3.902 5.011 5.543 4.689 4.024 4.667 3.717 1.901 0.274 0.064 0.813 2.145 0.101 -999.250 -999.250 -999.250 -999.250 -999.250 -999.250 -999.250 -999.250 -999.250 -999.250 -999.250 -999.250 -999.250 -999.250 -999.250 -999.250 -999.250 -999.250 -999.250 -999.250 -999.250 -999.250 -999.250 -999.250 -999.250 -999.250
10.254 5.692 4.278 3.398 1.199 0.048 0.000 3.406 5.834 10.334 12.771 15.407 12.110 16.641 16.684 11.748 8.877 5.925 1.423 1.368 1.707 0.000 0.000 0.000 0.000 0.000 0.000 0.000 0.000 0.069 1.501 6.086 4.814 4.337 4.244 6.172 3.910 1.444 0.000 0.000 0.000 0.000 0.439 3.451 -999.250 -999.250 -999.250 -999.250 -999.250 -999.250 -999.250 -999.250 -999.250 -999.250 -999.250 -999.250 -999.250 -999.250 -999.250 -999.250 -999.250 -999.250 -999.250 -999.250 -999.250 -999.250 -999.250 -999.250 -999.250
10.450 9.720 6.545 2.642 0.865 0.317 0.000 3.531 5.784 7.050 11.728 14.689 14.418 14.484 10.467 9.244 4.251 4.315 1.340 2.290 0.000 0.000 0.000 0.000 0.000 0.000 0.000 0.000 0.261 0.917 1.837 4.356 3.900 4.091 4.595 5.322 1.807 0.930 0.000 0.000 0.000 0.000 0.079 2.307 2.765 -999.250 -999.250 -999.250 -999.250 -999.250 -999.250 -999.250 -999.250 -999.250 -999.250 -999.250 -999.250 -999.250 -999.250 -999.250 -999.250 -999.250 -999.250 -999.250 -999.250 -999.250 -999.250 -999.250 -999.250
14.469 9.768 5.629 3.819 0.858 0.000 0.095 1.033 1.992 8.802 9.682 13.715 12.044 13.795 9.813 4.521 3.284 3.410 1.700 2.257 0.723 0.000 0.000 0.000 0.000 0.000 0.000 0.643 0.037 2.574 3.487 5.194 4.535 6.881 5.613 4.967 3.756 1.785 0.573 0.000 0.000 0.267 0.520 3.290 2.561 -999.250 -999.250 -999.250 -999.250 -999.250 -999.250 -999.250 -999.250 -999.250 -999.250 -999.250 -999.250 -999.250 -999.250 -999.250 -999.250 -999.250 -999.250 -999.250 -999.250 -999.250 -999.250 -999.250 -999.250
10.876 8.871 6.355 3.734 0.900 0.652 0.000 1.438 2.448 4.460 8.051 9.733 9.458 8.471 5.932 4.512 1.682 0.022 0.000 0.000 0.000 0.000 0.000 0.000 0.000 1.118 1.947 0.877 2.639 5.396 5.187 6.899 4.598 7.891 5.936 8.425 7.168 7.508 3.447 2.964 3.199 0.701 4.012 7.099 5.096 -999.250 -999.250 -999.250 -999.250 -999.250 -999.250 -999.250 -999.250 -999.250 -999.250 -999.250 -999.250 -999.250 -999.250 -999.250 -999.250 -999.250 -999.250 -999.250 -999.250 -999.250 -999.250 -999.250 -999.250
10.259 11.028 8.554 3.787 0.548 1.501 0.000 0.000 0.000 2.927 5.959 5.902 4.747 7.123 4.029 1.028 0.000 0.000 0.000 0.000 0.000 0.000 0.000 0.000 0.026 0.750 2.503 3.598 5.018 5.245 8.001 8.086 9.705 10.747 9.581 9.378 10.455 7.167 3.878 2.100 3.566 3.750 4.681 8.302 4.462 6.484 3.452 -999.250 -999.250 -999.250 -999.250 -999.250 -999.250 -999.250 -999.250 -999.250 -999.250 -999.250 -999.250 -999.250 -999.250 -999.250 -999.250 -999.250 -999.250 -999.250 -999.250 -999.250 -999.250
10.390 10.506 9.162 5.925 4.369 1.804 0.000 0.000 0.000 2.881 2.921 3.949 5.201 2.590 0.854 0.000 0.000 0.000 0.000 0.000 0.000 0.000 0.000 1.635 2.330 1.602 4.217 7.739 6.274 5.427 7.135 10.314 15.370 19.103 15.961 15.826 13.552 12.369 8.910 4.199 5.326 3.996 4.604 7.675 8.312 5.039 7.522 -999.250 -999.250 -999.250 -999.250 -999.250 -999.250 -999.250 -999.250 -999.250 -999.250 -999.250 -999.250 -999.250 -999.250 -999.250 -999.250 -999.250 -999.250 -999.250 -999.250 -999.250 -999.250
8.786 10.645 7.020 4.146 3.100 0.378 0.000 0.000 1.143 1.912 1.850 4.926 3.867 1.443 0.757 0.000 0.000 0.000 0.000 0.000 0.000 0.000 0.000 0.850 2.726 3.480 5.432 7.121 8.912 10.728 12.470 11.597 15.665 17.215 20.418 18.372 15.753 15.316 12.883 7.827 4.909 4.504 6.268 6.006 7.302 7.312 -999.250 -999.250 -999.250 -999.250 -999.250 -999.250 -999.250 -999.250 -999.250 -999.250 -999.250 -999.250 -999.250 -999.250 -999.250 -999.250 -999.250 -999.250 -999.250 -999.250 -999.250 -999.250 -999.250
6.084 9.544 7.277 7.471 4.126 2.365 1.731 1.307 4.369 1.948 4.223 4.029 4.133 1.664 0.953 0.000 0.000 0.000 0.000 0.000 0.000 0.000 0.000 0.000 1.395 3.860 6.118 6.847 10.093 11.700 12.540 15.517 18.469 20.296 23.355 23.238 21.337 17.548 14.566 10.985 7.479 6.694 6.206 6.677 9.571 9.430 -999.250 -999.250 -999.250 -999.250 -999.250 -999.250 -999.250 -999.250 -999.250 -999.250 -999.250 -999.250 -999.250 -999.250 -999.250 -999.250 -999.250 -999.250 -999.250 -999.250 -999.250 -999.250 -999.250
7.968 6.695 5.999 6.409 5.823 6.236 5.529 5.092 4.698 4.305 5.915 4.785 4.390 2.180 1.123 0.000 0.000 0.000 0.000 0.000 0.000 0.000 0.000 0.000 5.425 5.636 6.311 7.264 8.479 15.088 16.681 18.584 21.819 21.401 23.901 27.846 24.707 19.174 17.826 12.367 10.026 6.963 8.373 8.512 6.427 8.925 -999.250 -999.250 -999.250 -999.250 -999.250 -999.250 -999.250 -999.250 -999.250 -999.250 -999.250 -999.250 -999.250 -999.250 -999.250 -999.250 -999.250 -999.250 -999.250 -999.250 -999.250 -999.250 -999.250
8.236 7.715 6.527 8.110 7.004 8.538 6.093 8.757 6.251 6.870 4.487 4.693 3.778 1.762 0.695 0.000 0.000 0.000 0.000 0.000 0.000 0.000 0.000 0.000 0.056 4.875 5.369 9.987 10.657 16.802 16.198 21.473 21.788 22.685 28.530 35.248 29.059 19.300 16.119 10.511 13.386 7.121 7.576 10.484 8.099 6.117 -999.250 -999.250 -999.250 -999.250 -999.250 -999.250 -999.250 -999.250 -999.250 -999.250 -999.250 -999.250 -999.250 -999.250 -999.250 -999.250 -999.250 -999.250 -999.250 -999.250 -999.250 -999.250 -999.250
6.648 7.804 7.864 5.340 6.160 5.625 5.602 9.006 8.111 5.552 5.110 4.176 2.737 1.455 0.060 0.000 0.000 0.000 0.000 0.000 0.000 0.000 0.000 0.000 0.376 2.529 6.779 11.821 10.110 13.139 18.376 22.992 18.473 19.886 24.032 30.569 30.718 19.150 17.622 14.185 9.653 9.194 6.682 6.559 4.265 4.929 -999.250 -999.250 -999.250 -999.250 -999.250 -999.250 -999.250 -999.250 -999.250 -999.250 -999.250 -999.250 -999.250 -999.250 -999.250 -999.250 -999.250 -999.250 -999.250 -999.250 -999.250 -999.250 -999.250
3.405 5.500 7.726 2.654 5.464 6.977 7.116 7.463 8.636 6.522 3.765 3.502 1.539 0.946 1.913 0.000 0.000 0.000 0.000 0.000 0.000 0.145 1.725 2.269 2.427 3.687 9.900 11.878 15.770 16.922 16.988 19.619 21.459 20.339 18.670 23.795 22.781 20.467 17.485 16.915 11.030 10.114 10.914 8.650 1.928 4.654 -999.250 -999.250 -999.250 -999.250 -999.250 -999.250 -999.250 -999.250 -999.250 -999.250 -999.250 -999.250 -999.250 -999.250 -999.250 -999.250 -999.250 -999.250 -999.250 -999.250 -999.250 -999.250 -999.250
4.414 4.817 4.348 3.610 3.710 6.212 6.004 5.954 5.667 3.106 0.443 0.066 1.163 0.196 0.451 0.083 0.000 0.000 0.000 0.000 0.000 1.494 2.477 3.205 3.019 6.623 7.050 10.821 14.144 19.883 20.670 21.867 20.795 20.386 18.959 19.561 21.897 19.294 16.665 12.799 15.286 10.385 10.254 10.253 4.986 4.943 -999.250 -999.250 -999.250 -999.250 -999.250 -999.250 -999.250 -999.250 -999.250 -999.250 -999.250 -999.250 -999.250 -999.250 -999.250 -999.250 -999.250 -999.250 -999.250 -999.250 -999.250 -999.250 -999.250
3.851 6.073 4.814 4.552 3.475 4.832 4.633 3.298 2.135 1.676 0.000 0.000 0.000 0.000 0.000 0.000 0.000 0.000 0.000 0.000 0.000 1.892 2.825 5.260 4.539 8.282 6.553 10.770 12.523 16.721 19.008 19.023 20.509 21.523 18.527 22.037 17.537 16.930 13.337 11.367 12.597 9.832 9.320 5.185 4.209 3.422 -999.250 -999.250 -999.250 -999.250 -999.250 -999.250 -999.250 -999.250 -999.250 -999.250 -999.250 -999.250 -999.250 -999.250 -999.250 -999.250 -999.250 -999.250 -999.250 -999.250 -999.250 -999.250 -999.250
3.170 2.110 2.270 2.117 3.981 5.139 4.260 1.797 0.000 0.000 0.000 0.000 0.000 0.000 0.000 0.000 0.000 0.000 0.000 0.000 0.000 0.000 2.043 4.102 4.548 4.708 8.580 12.204 12.767 14.704 14.466 16.804 16.518 16.318 20.192 15.597 16.210 16.410 15.013 11.635 8.920 7.597 7.888 5.272 3.389 3.298 3.806 -999.250 -999.250 -999.250 -999.250 -999.250 -999.250 -999.250 -999.250 -999.250 -999.250 -999.250 -999.250 -999.250 -999.250 -999.250 -999.250 -999.250 -999.250 -999.250 -999.250 -999.250 -999.250
2.400 1.770 2.614 3.173 3.811 3.470 4.569 2.751 0.350 0.000 0.000 0.000 0.000 0.000 0.000 0.000 0.000 0.000 0.000 0.000 0.000 0.170 0.911 2.256 4.220 7.203 9.816 9.029 16.145 13.986 15.008 15.650 12.343 14.337 15.986 15.160 14.615 15.677 14.212 10.408 7.502 8.688 2.732 3.326 0.411 1.280 0.000 -999.250 -999.250 -999.250 -999.250 -999.250 -999.250 -999.250 -999.250 -999.250 -999.250 -999.250 -999.250 -999.250 -999.250 -999.250 -999.250 -999.250 -999.250 -999.250 -999.250 -999.250 -999.250
3.085 4.674 3.617 5.368 4.134 4.546 4.626 2.301 2.116 0.562 0.047 0.000 0.000 0.000 0.000 0.000 0.000 0.000 0.000 0.000 0.000 0.000 2.084 0.169 4.294 7.156 8.108 9.745 13.136 11.280 13.470 10.998 11.646 14.861 12.463 14.191 12.592 11.252 10.627 9.306 9.301 4.472 2.375 1.495 0.000 0.000 0.000 -999.250 -999.250 -999.250 -999.250 -999.250 -999.250 -999.250 -999.250 -999.250 -999.250 -999.250 -999.250 -999.250 -999.250 -999.250 -999.250 -999.250 -999.250 -999.250 -999.250 -999.250 -999.250
3.670 5.750 6.827 5.663 6.900 8.662 7.162 5.350 6.030 3.994 3.813 2.758 0.999 0.364 0.000 0.000 0.000 0.000 0.000 0.000 0.000 0.000 0.000 2.692 5.799 6.959 6.808 8.773 11.792 12.867 11.478 13.214 13.970 15.661 15.794 13.584 14.785 11.626 10.107 11.034 8.063 3.091 2.202 1.574 0.000 0.000 0.000 -999.250 -999.250 -999.250 -999.250 -999.250 -999.250 -999.250 -999.250 -999.250 -999.250 -999.250 -999.250 -999.250 -999.250 -999.250 -999.250 -999.250 -999.250 -999.250 -999.250 -999.250 -999.250
4.428 5.950 9.069 7.765 8.172 8.470 8.484 10.647 6.997 5.514 8.064 6.210 3.775 3.740 1.263 0.000 0.000 0.000 0.000 0.000 0.000 0.000 0.000 2.768 3.974 5.961 8.850 10.419 9.721 11.851 7.018 12.948 13.435 12.379 13.067 11.832 14.079 10.227 11.260 7.524 5.709 5.029 2.964 0.468 0.000 0.000 -999.250 -999.250 -999.250 -999.250 -999.250 -999.250 -999.250 -999.250 -999.250 -999.250 -999.250 -999.250 -999.250 -999.250 -999.250 -999.250 -999.250 -999.250 -999.250 -999.250 -999.250 -999.250 -999.250
5.371 7.458 6.902 9.598 11.621 10.509 13.176 16.207 13.385 11.328 5.529 6.084 4.733 4.710 2.581 0.000 0.000 0.000 0.000 0.000 0.000 0.000 0.300 3.712 4.730 6.399 8.555 10.099 10.906 12.156 10.722 12.105 13.390 13.371 12.583 12.872 10.309 10.083 11.914 4.962 5.021 4.487 2.185 1.698 0.000 0.000 -999.250 -999.250 -999.250 -999.250 -999.250 -999.250 -999.250 -999.250 -999.250 -999.250 -999.250 -999.250 -999.250 -999.250 -999.250 -999.250 -999.250 -999.250 -999.250 -999.250 -999.250 -999.250 -999.250
3.100 7.825 8.949 12.701 13.113 14.394 17.296 14.995 13.946 15.057 7.953 4.930 6.643 3.190 2.333 2.910 1.118 0.000 0.000 0.034 0.000 0.384 3.159 3.049 5.559 8.481 10.906 11.788 11.248 10.557 10.872 12.349 12.114 14.123 11.022 13.128 9.067 10.999 7.518 4.632 3.802 2.775 3.110 2.369 0.110 -999.250 -999.250 -999.250 -999.250 -999.250 -999.250 -999.250 -999.250 -999.250 -999.250 -999.250 -999.250 -999.250 -999.250 -999.250 -999.250 -999.250 -999.250 -999.250 -999.250 -999.250 -999.250 -999.250 -999.250
6.350 9.342 10.355 12.746 16.995 18.291 15.099 13.828 13.546 13.831 8.889 7.055 4.938 3.781 3.036 3.520 3.532 3.523 1.165 0.000 0.000 1.180 2.720 3.735 7.441 8.187 10.488 11.740 13.499 15.108 14.738 9.520 11.014 10.855 13.039 8.074 11.101 6.403 6.237 3.475 4.344 3.594 4.299 2.955 0.035 -999.250 -999.250 -999.250 -999.250 -999.250 -999.250 -999.250 -999.250 -999.250 -999.250 -999.250 -999.250 -999.250 -999.250 -999.250 -999.250 -999.250 -999.250 -999.250 -999.250 -999.250 -999.250 -999.250 -999.250
6.127 12.561 13.814 14.236 16.745 16.101 14.332 12.900 12.394 10.801 8.759 7.615 5.672 5.653 5.242 5.657 3.002 1.576 1.019 0.848 1.988 5.303 4.115 4.477 6.578 9.235 12.596 14.259 15.397 13.679 12.380 9.021 10.523 9.756 9.887 9.649 11.016 8.760 8.723 6.688 3.754 4.067 3.452 4.325 3.137 2.354 2.760 -999.250 -999.250 -999.250 -999.250 -999.250 -999.250 -999.250 -999.250 -999.250 -999.250 -999.250 -999.250 -999.250 -999.250 -999.250 -999.250 -999.250 -999.250 -999.250 -999.250 -999.250 -999.250
8.608 11.026 15.415 16.070 17.409 15.505 12.705 11.224 9.855 8.550 9.402 9.770 6.374 7.848 5.367 3.358 1.334 1.998 2.551 2.149 4.454 4.301 3.601 5.204 8.176 6.329 9.993 12.658 11.584 14.205 11.262 9.855 8.567 10.238 7.284 7.983 10.465 7.951 8.094 9.332 6.417 5.368 7.791 6.528 4.454 5.098 2.721 -999.250 -999.250 -999.250 -999.250 -999.250 -999.250 -999.250 -999.250 -999.250 -999.250 -999.250 -999.250 -999.250 -999.250 -999.250 -999.250 -999.250 -999.250 -999.250 -999.250 -999.250 -999.250
4.799 9.760 14.222 15.926 15.472 14.760 13.389 9.331 8.102 6.785 10.195 7.548 6.481 8.073 4.174 2.931 2.790 3.146 3.231 3.116 5.152 6.404 6.228 5.829 4.887 6.651 11.367 10.672 14.108 11.177 11.698 10.500 5.513 8.870 8.251 7.120 10.040 9.389 10.333 7.992 9.045 4.232 5.846 5.430 4.470 5.325 4.027 -999.250 -999.250 -999.250 -999.250 -999.250 -999.250 -999.250 -999.250 -999.250 -999.250 -999.250 -999.250 -999.250 -999.250 -999.250 -999.250 -999.250 -999.250 -999.250 -999.250 -999.250 -999.250
8.924 8.896 13.437 15.361 13.073 13.922 9.750 7.933 6.941 6.496 6.543 5.995 8.052 4.507 3.843 3.176 1.991 3.808 3.000 2.774 5.354 8.142 6.679 7.503 7.565 9.593 8.895 10.639 12.145 9.642 9.820 9.729 7.509 5.821 4.886 5.254 8.046 7.497 8.199 9.045 6.914 4.122 5.788 4.452 7.644 5.343 -999.250 -999.250 -999.250 -999.250 -999.250 -999.250 -999.250 -999.250 -999.250 -999.250 -999.250 -999.250 -999.250 -999.250 -999.250 -999.250 -999.250 -999.250 -999.250 -999.250 -999.250 -999.250 -999.250
7.222 12.876 12.428 14.863 16.864 15.816 11.772 8.514 6.557 4.438 5.048 6.264 7.132 4.461 5.093 2.925 2.096 4.342 3.305 3.624 4.043 4.976 6.464 9.018 7.891 7.356 9.224 9.145 8.288 9.104 7.564 9.479 11.372 10.076 6.511 6.560 5.442 6.098 6.591 6.678 5.772 6.851 4.188 7.127 4.896 5.812 -999.250 -999.250 -999.250 -999.250 -999.250 -999.250 -999.250 -999.250 -999.250 -999.250 -999.250 -999.250 -999.250 -999.250 -999.250 -999.250 -999.250 -999.250 -999.250 -999.250 -999.250 -999.250 -999.250
