data/medianmodel_09-Feb-2021.asc
ncols	141
nrows	288
xllcorner	-120191.398
yllcorner	-301404.813
cellsize	2000.000
NODATA_value	-999.250
[rows 112 to 139 of 288, columns 0 to 63 of 141]
-999.250 -999.250 -999.250 -999.250 -999.250 -999.250 -999.250 -999.250 -999.250 -999.250 -999.250 -999.250 -999.250 -999.250 -999.250 -999.250 -999.250 -999.250 -999.250 -999.250 -999.250 -999.250 -999.250 -999.250 -999.250 -999.250 -999.250 -999.250 639.689 667.338 718.572 762.380 805.919 934.525 962.630 1033.495 1063.674 1104.285 1169.425 1187.323 1204.368 1223.254 1175.423 1173.333 1151.737 1090.611 1100.645 1104.277 1121.273 1045.855 1034.348 989.840 1017.519 1020.270 1051.869 1019.932 1156.840 1227.698 1241.927 1170.167 1126.349 1125.335 1106.613 1053.195
-999.250 -999.250 -999.250 -999.250 -999.250 -999.250 -999.250 -999.250 -999.250 -999.250 -999.250 -999.250 -999.250 -999.250 -999.250 -999.250 -999.250 -999.250 -999.250 -999.250 -999.250 -999.250 -999.250 -999.250 -999.250 -999.250 -999.250 -999.250 653.535 679.207 711.277 780.441 824.861 907.341 919.572 1004.079 1084.842 1057.683 1107.189 1139.520 1160.645 1181.966 1146.217 1167.961 1116.851 1094.005 1161.718 1207.821 1218.373 1211.568 1139.137 1062.323 1186.086 1232.728 1311.000 1412.550 1542.007 1598.939 1596.647 1533.507 1408.754 1306.640 1244.196 1211.253
-999.250 -999.250 -999.250 -999.250 -999.250 -999.250 -999.250 -999.250 -999.250 -999.250 -999.250 -999.250 -999.250 -999.250 -999.250 -999.250 -999.250 -999.250 -999.250 -999.250 -999.250 -999.250 -999.250 -999.250 -999.250 -999.250 -999.250 -999.250 646.999 678.046 710.667 742.488 808.625 910.823 937.152 975.920 1002.414 1048.419 1075.683 1094.531 1138.580 1157.766 1156.799 1174.189 1205.984 1201.612 1279.281 1314.381 1349.574 1352.330 1327.008 1366.082 1404.152 1561.796 1627.507 1726.711 1970.518 1943.815 1976.136 1842.817 1681.791 1521.160 1375.538 1269.023
-999.250 -999.250 -999.250 -999.250 -999.250 -999.250 -999.250 -999.250 -999.250 -999.250 -999.250 -999.250 -999.250 -999.250 -999.250 -999.250 -999.250 -999.250 -999.250 -999.250 -999.250 -999.250 -999.250 -999.250 -999.250 -999.250 -999.250 645.011 644.167 674.516 706.677 740.927 785.257 849.812 917.757 934.513 999.888 1014.555 1054.808 1068.925 1137.311 1169.747 1189.080 1249.601 1287.451 1348.381 1426.504 1482.446 1510.904 1546.670 1562.823 1552.752 1632.972 1786.547 1906.371 2226.406 2346.629 2515.537 2462.576 2183.222 1938.473 1647.762 1494.810 1303.333
-999.250 -999.250 -999.250 -999.250 -999.250 -999.250 -999.250 -999.250 -999.250 -999.250 -999.250 -999.250 -999.250 -999.250 -999.250 -999.250 -999.250 -999.250 -999.250 -999.250 -999.250 -999.250 -999.250 -999.250 -999.250 -999.250 -999.250 627.220 642.943 693.618 704.780 756.272 800.526 820.686 883.104 873.793 946.483 1031.575 1007.143 1109.026 1156.480 1192.022 1243.046 1274.681 1388.813 1419.848 1547.942 1621.663 1703.451 1786.011 1824.199 1755.366 1888.086 1965.225 2196.918 2501.536 3004.196 3147.917 2903.144 2504.267 2055.607 1770.127 1545.869 1365.498
-999.250 -999.250 -999.250 -999.250 -999.250 -999.250 -999.250 -999.250 -999.250 -999.250 -999.250 -999.250 -999.250 -999.250 -999.250 -999.250 -999.250 -999.250 -999.250 -999.250 -999.250 -999.250 -999.250 -999.250 -999.250 -999.250 -999.250 628.837 674.821 690.929 691.133 709.980 798.425 781.944 877.155 888.921 930.663 994.684 1041.101 1132.730 1168.095 1229.672 1278.166 1358.626 1440.004 1526.242 1601.495 1717.852 1818.235 2038.169 1939.435 1912.566 2042.457 2162.503 2425.639 3009.645 3260.228 3596.021 3164.406 2542.339 2097.768 1786.359 1578.887 1369.749
-999.250 -999.250 -999.250 -999.250 -999.250 -999.250 -999.250 -999.250 -999.250 -999.250 -999.250 -999.250 -999.250 -999.250 -999.250 -999.250 -999.250 -999.250 -999.250 -999.250 -999.250 -999.250 -999.250 -999.250 -999.250 -999.250 631.398 644.053 659.288 691.257 713.967 738.862 817.820 756.093 812.570 831.598 909.788 944.636 1018.330 1131.858 1183.396 1250.910 1307.313 1408.877 1502.344 1588.649 1707.541 1844.935 1942.436 2025.743 1973.203 2012.716 2149.210 2194.120 2498.724 2703.218 3101.394 3190.169 2870.600 2413.096 1999.599 1761.796 1502.712 1366.539
-999.250 -999.250 -999.250 -999.250 -999.250 -999.250 -999.250 -999.250 -999.250 -999.250 -999.250 -999.250 -999.250 -999.250 -999.250 -999.250 -999.250 -999.250 -999.250 -999.250 -999.250 -999.250 -999.250 -999.250 -999.250 -999.250 622.787 648.528 669.554 681.327 739.815 724.070 735.667 785.577 767.580 816.067 891.793 933.925 997.901 1078.876 1183.653 1268.963 1334.294 1420.332 1523.122 1615.165 1755.180 1852.426 1887.424 1964.359 1997.162 2027.362 2053.241 2151.940 2236.716 2378.636 2634.936 2547.926 2272.529 1991.104 1744.885 1609.740 1378.651 1229.822
-999.250 -999.250 -999.250 -999.250 -999.250 -999.250 -999.250 -999.250 -999.250 -999.250 -999.250 -999.250 -999.250 -999.250 -999.250 -999.250 -999.250 -999.250 -999.250 -999.250 -999.250 -999.250 -999.250 -999.250 -999.250 -999.250 639.225 635.836 664.762 690.096 685.643 711.535 727.589 737.718 756.938 783.601 817.742 899.936 994.053 1097.768 1175.074 1269.325 1401.025 1449.467 1569.020 1636.537 1809.134 1799.437 1849.967 1940.331 1936.711 1944.459 1974.263 2026.202 2078.570 2113.973 2079.139 1978.858 1772.091 1577.973 1503.100 1366.034 1200.091 1139.817
-999.250 -999.250 -999.250 -999.250 -999.250 -999.250 -999.250 -999.250 -999.250 -999.250 -999.250 -999.250 -999.250 -999.250 -999.250 -999.250 -999.250 -999.250 -999.250 -999.250 -999.250 -999.250 -999.250 -999.250 -999.250 627.353 611.680 632.649 656.458 658.892 672.207 676.483 726.033 727.330 732.481 783.408 794.328 897.925 935.393 1043.692 1163.949 1258.845 1408.542 1486.570 1615.311 1695.749 1794.596 1863.523 1864.305 1851.570 1866.810 1830.955 1800.816 1878.096 1740.025 1834.998 1694.475 1540.036 1143.695 1202.994 1187.291 1134.105 1082.203 1021.793
-999.250 -999.250 -999.250 -999.250 -999.250 -999.250 -999.250 -999.250 -999.250 -999.250 -999.250 -999.250 -999.250 -999.250 -999.250 -999.250 -999.250 -999.250 -999.250 -999.250 -999.250 -999.250 -999.250 -999.250 -999.250 602.989 612.813 625.488 658.792 652.132 653.568 679.509 699.505 717.956 742.562 762.654 790.689 836.290 940.978 1047.169 1087.101 1194.231 1414.034 1492.111 1577.837 1704.240 1802.661 1902.151 1845.259 1822.041 1718.120 1681.750 1630.287 1584.920 1503.888 1480.311 1335.806 1173.028 992.322 955.536 956.927 929.569 894.478 832.582
-999.250 -999.250 -999.250 -999.250 -999.250 -999.250 -999.250 -999.250 -999.250 -999.250 -999.250 -999.250 -999.250 -999.250 -999.250 -999.250 -999.250 -999.250 -999.250 -999.250 -999.250 -999.250 -999.250 -999.250 -999.250 575.962 587.520 605.755 634.254 675.068 654.519 644.094 661.354 718.992 685.566 716.424 744.514 806.216 870.562 988.711 1105.004 1198.423 1296.909 1420.924 1536.111 1685.246 1742.425 1805.015 1831.657 1757.744 1688.181 1548.788 1456.051 1359.750 1224.386 1138.141 1107.481 1042.774 939.117 866.869 791.096 778.267 746.480 709.363
-999.250 -999.250 -999.250 -999.250 -999.250 -999.250 -999.250 -999.250 -999.250 -999.250 -999.250 -999.250 -999.250 -999.250 -999.250 -999.250 -999.250 -999.250 -999.250 -999.250 -999.250 -999.250 -999.250 -999.250 595.150 547.219 575.822 575.340 602.985 614.229 629.392 641.631 665.591 703.669 718.819 716.688 775.367 846.934 908.199 978.322 1104.902 1151.980 1319.521 1395.194 1527.778 1631.609 1664.498 1689.145 1690.428 1667.253 1584.616 1432.298 1266.182 1140.665 951.005 923.531 910.745 862.973 825.787 740.993 722.938 706.476 682.032 623.974
-999.250 -999.250 -999.250 -999.250 -999.250 -999.250 -999.250 -999.250 -999.250 -999.250 -999.250 -999.250 -999.250 -999.250 -999.250 -999.250 -999.250 -999.250 -999.250 -999.250 -999.250 -999.250 -999.250 -999.250 570.622 592.813 568.498 549.122 577.463 606.992 616.093 644.251 662.267 687.837 740.316 733.311 802.365 828.717 902.805 1008.354 1105.739 1171.079 1297.802 1393.838 1460.758 1559.815 1634.933 1609.119 1597.751 1554.939 1448.505 1327.983 1150.397 944.367 736.351 760.761 793.611 807.012 733.832 718.463 682.970 656.153 613.054 585.164
-999.250 -999.250 -999.250 -999.250 -999.250 -999.250 -999.250 -999.250 -999.250 -999.250 -999.250 -999.250 -999.250 -999.250 -999.250 -999.250 -999.250 -999.250 -999.250 -999.250 -999.250 -999.250 -999.250 541.619 560.469 543.222 533.672 562.690 584.368 595.949 615.101 627.475 661.662 690.399 706.300 751.663 785.552 876.761 922.580 1024.896 1104.891 1121.237 1215.705 1346.261 1425.918 1498.105 1558.307 1558.351 1562.643 1483.663 1360.663 1255.724 1113.837 941.598 783.751 758.314 755.774 746.941 727.065 688.638 661.731 598.475 562.638 540.893
-999.250 -999.250 -999.250 -999.250 -999.250 -999.250 -999.250 -999.250 -999.250 -999.250 -999.250 -999.250 -999.250 -999.250 -999.250 -999.250 -999.250 -999.250 -999.250 -999.250 -999.250 -999.250 -999.250 531.230 528.310 513.642 535.266 568.317 559.190 610.662 637.375 652.116 677.005 677.578 702.660 761.490 852.090 907.541 969.099 1019.523 1088.233 1144.841 1198.611 1248.631 1308.370 1422.425 1512.709 1519.506 1531.551 1436.114 1310.570 1195.642 1077.485 960.489 869.933 788.681 805.876 787.794 750.989 728.306 672.140 619.514 560.546 513.077
-999.250 -999.250 -999.250 -999.250 -999.250 -999.250 -999.250 -999.250 -999.250 -999.250 -999.250 -999.250 -999.250 -999.250 -999.250 -999.250 -999.250 -999.250 -999.250 -999.250 -999.250 -999.250 -999.250 514.247 526.698 503.801 506.617 543.183 557.167 588.905 617.745 640.452 654.031 675.934 714.880 755.607 832.967 908.913 934.805 984.807 1067.919 1151.822 1195.760 1266.949 1338.283 1384.785 1478.876 1485.803 1500.682 1424.799 1296.475 1176.734 1116.884 1016.745 974.966 920.618 891.224 835.982 843.596 782.836 730.854 654.014 562.530 538.968
-999.250 -999.250 -999.250 -999.250 -999.250 -999.250 -999.250 -999.250 -999.250 -999.250 -999.250 -999.250 -999.250 -999.250 -999.250 -999.250 -999.250 -999.250 -999.250 -999.250 -999.250 -999.250 546.787 509.414 507.468 503.852 500.464 528.307 552.499 581.610 604.122 637.831 649.112 676.312 710.248 728.788 827.929 883.937 964.408 1032.138 1041.062 1114.292 1190.573 1289.287 1299.294 1336.304 1425.818 1448.013 1431.977 1398.546 1336.870 1251.002 1176.193 1141.497 1064.902 1007.816 978.556 963.951 928.355 920.125 830.326 742.081 652.618 607.556
-999.250 -999.250 -999.250 -999.250 -999.250 -999.250 -999.250 -999.250 -999.250 -999.250 -999.250 -999.250 -999.250 -999.250 -999.250 -999.250 -999.250 -999.250 -999.250 -999.250 -999.250 -999.250 522.593 503.740 497.698 474.400 509.742 495.462 537.135 543.681 594.850 624.069 640.098 665.455 700.869 722.960 775.207 848.757 949.323 1003.367 996.403 1088.302 1176.328 1203.844 1248.960 1295.783 1391.592 1368.097 1388.605 1384.607 1304.919 1264.161 1264.096 1228.522 1187.879 1157.144 1113.058 1103.445 1097.932 1041.283 959.445 901.123 759.699 671.600
-999.250 -999.250 -999.250 -999.250 -999.250 -999.250 -999.250 -999.250 -999.250 -999.250 -999.250 -999.250 -999.250 -999.250 -999.250 -999.250 -999.250 -999.250 -999.250 -999.250 -999.250 504.059 486.271 496.209 493.404 477.321 487.698 496.005 528.028 550.798 554.815 592.963 623.282 657.880 693.258 712.030 736.401 850.085 896.484 940.761 948.155 1048.650 1087.713 1113.112 1218.968 1271.628 1325.112 1378.255 1369.823 1384.198 1368.396 1299.719 1315.316 1333.099 1263.664 1268.774 1263.036 1271.357 1246.363 1203.384 1132.377 1035.837 886.184 770.664
-999.250 -999.250 -999.250 -999.250 -999.250 -999.250 -999.250 -999.250 -999.250 -999.250 -999.250 -999.250 -999.250 -999.250 -999.250 -999.250 -999.250 -999.250 -999.250 -999.250 -999.250 490.082 490.705 497.131 499.546 496.786 511.166 498.995 527.691 543.771 573.915 612.421 610.980 650.260 674.739 706.339 784.103 827.510 872.110 952.975 946.825 1010.267 1068.464 1156.377 1202.680 1258.390 1278.708 1325.071 1320.049 1380.113 1410.340 1358.991 1385.185 1399.600 1399.967 1412.014 1437.452 1430.304 1394.182 1368.398 1327.132 1225.704 1099.155 934.856
-999.250 -999.250 -999.250 -999.250 -999.250 -999.250 -999.250 -999.250 -999.250 -999.250 -999.250 -999.250 -999.250 -999.250 -999.250 -999.250 -999.250 -999.250 -999.250 -999.250 -999.250 513.661 494.020 489.977 480.772 487.929 484.577 499.887 516.787 555.041 591.389 592.290 582.964 636.518 673.762 733.014 760.052 772.665 830.942 855.223 912.515 965.344 1032.286 1121.802 1176.108 1218.653 1276.634 1231.425 1315.225 1395.476 1451.928 1447.367 1469.728 1483.772 1485.650 1522.048 1571.862 1584.943 1559.584 1511.813 1463.939 1359.419 1216.893 1018.276
-999.250 -999.250 -999.250 -999.250 -999.250 -999.250 -999.250 -999.250 -999.250 -999.250 -999.250 -999.250 -999.250 -999.250 -999.250 -999.250 -999.250 -999.250 -999.250 -999.250 508.548 491.900 492.711 511.268 491.840 480.764 488.894 505.947 500.068 520.973 563.839 577.791 611.220 624.946 673.238 728.584 717.539 772.076 796.968 844.342 906.700 924.359 1016.686 1082.697 1192.996 1243.471 1226.890 1319.596 1353.641 1404.232 1390.506 1474.429 1520.292 1545.897 1612.923 1628.058 1684.177 1728.452 1733.388 1721.638 1650.883 1541.930 1336.078 1146.246
-999.250 -999.250 -999.250 -999.250 -999.250 -999.250 -999.250 -999.250 -999.250 -999.250 -999.250 -999.250 -999.250 -999.250 -999.250 -999.250 -999.250 -999.250 -999.250 -999.250 530.125 515.691 496.723 515.796 493.489 484.540 490.488 500.052 480.628 516.592 532.004 575.616 615.858 644.302 670.311 702.637 719.798 725.338 762.288 851.329 880.419 950.438 1007.634 1103.322 1183.473 1209.301 1189.291 1263.258 1363.159 1359.388 1418.326 1449.703 1515.100 1611.433 1652.197 1756.088 1814.106 1941.536 1902.328 1919.023 1786.961 1613.704 1434.475 1210.789
-999.250 -999.250 -999.250 -999.250 -999.250 -999.250 -999.250 -999.250 -999.250 -999.250 -999.250 -999.250 -999.250 -999.250 -999.250 -999.250 -999.250 -999.250 -999.250 -999.250 541.241 551.352 541.724 525.812 509.396 510.145 505.526 502.296 500.113 511.917 536.265 554.741 583.678 622.495 655.313 676.675 724.078 753.181 763.787 795.120 875.996 917.437 984.952 1033.749 1116.739 1193.511 1200.786 1233.727 1280.237 1321.161 1357.359 1387.661 1509.071 1581.538 1699.043 1766.231 1912.992 1977.907 2140.837 2099.692 1963.316 1706.462 1480.734 1256.542
-999.250 -999.250 -999.250 -999.250 -999.250 -999.250 -999.250 -999.250 -999.250 -999.250 -999.250 -999.250 -999.250 -999.250 -999.250 -999.250 -999.250 -999.250 -999.250 -999.250 579.075 597.037 588.484 565.826 556.854 527.257 531.380 534.375 521.684 509.206 519.952 572.730 601.858 636.481 665.893 693.993 709.761 741.467 760.379 792.170 824.176 887.550 919.603 953.606 1010.988 1137.740 1155.547 1210.170 1283.611 1307.673 1318.621 1407.700 1468.150 1560.841 1663.365 1747.287 1893.969 1990.114 2172.076 2347.277 1989.579 1724.052 1448.852 1223.336
-999.250 -999.250 -999.250 -999.250 -999.250 -999.250 -999.250 -999.250 -999.250 -999.250 -999.250 -999.250 -999.250 -999.250 -999.250 -999.250 -999.250 -999.250 -999.250 615.622 620.012 616.917 601.887 603.655 573.830 576.398 560.462 560.830 551.400 557.858 547.856 594.551 619.533 647.560 664.449 698.913 719.558 728.023 755.655 759.318 779.486 792.694 861.538 936.056 995.595 1058.573 1120.616 1163.537 1178.439 1245.365 1303.357 1330.316 1476.005 1528.351 1576.688 1674.769 1813.271 1878.814 1955.916 2023.492 1858.086 1583.969 1366.943 1194.147
-999.250 -999.250 -999.250 -999.250 -999.250 -999.250 -999.250 -999.250 -999.250 -999.250 -999.250 -999.250 -999.250 -999.250 -999.250 -999.250 -999.250 -999.250 -999.250 653.447 655.870 638.271 636.892 628.801 621.375 622.065 612.152 585.667 606.171 597.889 609.406 630.758 654.684 663.087 682.400 704.313 710.760 719.935 736.592 739.707 732.450 782.671 786.114 854.539 932.112 979.833 1019.670 1105.913 1156.795 1154.376 1200.270 1257.446 1302.166 1396.880 1463.033 1509.297 1644.308 1698.218 1792.360 1717.444 1550.872 1388.301 1227.699 1041.630
