data/medianmodel_07-Aug-2020.asc
ncols	141
nrows	288
xllcorner	-120191.398
yllcorner	-301404.813
cellsize	2000.000
NODATA_value	-999.250
[rows 150 to 179 of 288, columns 0 to 67 of 141]
-999.250 -999.250 -999.250 -999.250 -999.250 -999.250 -999.250 -999.250 -999.250 -999.250 -999.250 -999.250 4.569 7.030 9.692 10.099 15.064 21.043 21.947 26.310 24.346 28.060 26.087 25.191 21.775 22.449 18.267 17.218 12.968 10.351 7.999 4.993 3.930 3.766 3.330 3.489 4.913 5.680 7.348 10.872 22.260 30.761 40.637 49.266 59.779 67.033 55.922 45.246 32.802 23.510 20.131 17.184 18.026 16.924 19.598 17.951 20.111 26.585 33.925 43.864 57.662 62.252 86.026 104.614 129.203 173.596 171.656 229.766
-999.250 -999.250 -999.250 -999.250 -999.250 -999.250 -999.250 -999.250 -999.250 -999.250 -999.250 1.527 3.387 5.677 6.999 6.758 17.168 18.298 21.594 26.681 28.871 24.955 25.610 23.810 19.632 19.791 17.254 11.389 11.564 8.683 7.229 6.101 6.735 5.476 5.197 6.151 6.675 8.007 15.944 20.078 31.883 36.332 47.373 56.599 78.380 93.650 60.553 44.521 37.918 27.491 22.263 20.251 18.195 17.272 16.904 17.972 17.059 26.888 33.575 43.002 48.586 62.048 91.293 104.448 114.884 149.031 157.054 198.588
-999.250 -999.250 -999.250 -999.250 -999.250 -999.250 -999.250 -999.250 -999.250 -999.250 0.000 0.000 1.304 4.091 5.873 8.617 12.283 17.692 23.629 27.464 27.248 23.509 22.288 18.869 22.194 13.972 15.002 11.848 9.617 8.927 7.284 4.684 5.670 7.005 9.018 7.423 10.158 13.617 17.512 29.478 37.919 42.413 49.099 58.819 65.923 68.238 52.883 43.494 33.102 23.706 25.640 20.018 18.435 13.848 13.875 17.067 20.353 27.181 32.478 39.751 47.449 55.082 80.889 98.136 102.379 134.091 141.943 146.921
-999.250 -999.250 -999.250 -999.250 -999.250 -999.250 -999.250 -999.250 -999.250 0.000 0.000 0.000 0.712 3.052 5.101 8.439 10.952 15.221 22.812 32.748 27.442 24.790 18.259 18.392 12.908 12.652 10.655 8.772 9.777 8.118 6.051 5.722 5.863 7.857 8.467 9.623 11.907 18.608 22.303 26.664 37.942 43.077 50.101 53.126 55.088 50.358 43.248 36.367 28.980 24.296 20.652 18.507 13.555 11.539 12.840 13.437 20.803 25.148 27.784 34.532 40.009 47.440 65.929 83.547 101.359 105.373 124.306 128.093
-999.250 -999.250 -999.250 -999.250 -999.250 4.330 3.773 2.259 1.236 0.207 0.000 0.963 0.703 2.231 3.416 4.654 7.155 11.211 19.044 22.496 21.031 19.210 15.205 12.286 10.282 8.933 7.723 7.434 8.286 6.989 6.363 6.954 5.879 8.485 6.731 9.836 12.493 19.977 21.985 28.816 36.030 41.869 42.857 46.040 46.164 39.647 32.619 29.685 25.995 21.343 20.575 16.140 12.697 9.982 10.199 12.766 15.818 19.951 28.513 30.769 38.318 45.690 55.264 64.522 79.526 90.454 109.021 126.419
-999.250 -999.250 -999.250 -999.250 -999.250 -999.250 -999.250 3.470 2.028 2.919 2.263 0.830 1.243 1.772 2.241 3.117 4.934 7.701 10.769 14.734 14.884 13.105 10.517 7.275 7.700 9.814 6.385 6.494 6.923 5.730 6.309 6.064 6.271 6.779 8.739 9.219 14.664 16.866 21.250 25.992 34.819 40.504 42.873 39.561 39.375 34.419 29.372 26.134 21.105 18.484 15.268 14.323 10.646 7.861 6.853 10.746 12.298 14.894 23.286 28.614 32.507 36.936 45.354 50.370 63.535 69.752 83.106 108.304
-999.250 -999.250 -999.250 -999.250 -999.250 -999.250 -999.250 6.907 5.076 4.879 4.888 3.016 2.426 1.485 0.079 0.548 2.280 4.288 5.092 6.189 7.609 9.019 6.425 6.210 5.700 6.108 5.581 5.302 5.864 4.581 3.486 5.038 5.945 6.472 7.254 11.437 14.894 16.773 20.631 25.452 30.086 36.841 39.538 36.400 35.743 30.404 23.932 20.158 17.343 14.570 10.864 11.430 9.740 7.435 9.918 9.146 8.035 10.335 20.032 21.107 29.868 29.057 38.045 42.388 52.063 58.634 70.650 75.421
-999.250 -999.250 -999.250 -999.250 -999.250 -999.250 -999.250 11.399 11.204 10.140 7.857 7.226 3.942 2.840 0.456 0.000 0.000 0.000 1.509 3.449 3.925 5.217 4.468 4.468 4.631 4.496 4.700 4.784 5.141 4.309 4.004 3.727 5.703 6.871 8.851 10.305 13.914 19.305 23.055 27.644 30.484 34.772 38.136 35.134 30.689 26.618 24.127 19.947 13.972 12.121 12.522 8.049 7.901 7.325 5.994 5.228 5.943 7.258 12.727 14.933 22.362 26.291 32.106 34.641 42.950 48.993 53.049 62.854
-999.250 -999.250 -999.250 -999.250 -999.250 -999.250 -999.250 21.181 18.565 17.871 15.857 10.810 7.251 4.178 1.207 0.000 0.000 0.000 0.000 0.000 0.070 1.424 1.476 2.935 4.669 3.857 3.947 4.387 4.664 3.647 3.032 2.921 5.255 7.698 8.548 9.734 14.346 18.952 22.232 27.404 27.524 27.023 29.327 24.923 27.334 22.495 20.409 18.279 15.389 12.035 9.400 7.635 7.180 3.984 4.244 3.430 3.772 5.478 8.342 12.231 15.244 17.998 27.969 27.423 36.534 41.905 45.868 48.704
-999.250 -999.250 -999.250 -999.250 -999.250 -999.250 -999.250 -999.250 28.490 29.187 24.640 18.305 12.593 7.562 2.258 0.000 0.000 0.000 0.000 0.000 0.000 0.000 0.411 2.923 2.615 3.825 5.122 5.562 5.617 4.082 3.621 4.711 4.555 4.969 7.594 10.528 12.876 16.956 18.956 27.543 31.085 27.097 27.895 24.106 23.166 23.072 16.064 15.112 10.671 10.679 8.587 6.509 5.256 3.986 3.533 3.912 4.976 4.450 5.246 7.398 11.809 15.036 16.792 22.074 30.521 33.406 38.042 44.322
-999.250 -999.250 -999.250 -999.250 -999.250 -999.250 -999.250 -999.250 36.122 38.677 31.801 26.628 16.721 13.434 5.540 0.000 0.000 0.000 0.000 0.000 0.000 0.000 1.618 2.633 3.204 4.744 6.298 6.172 6.640 5.370 5.064 5.224 4.524 5.250 6.375 8.344 11.889 15.133 17.089 20.492 23.645 28.333 23.217 22.273 22.136 22.349 18.725 15.890 12.698 9.143 7.649 6.307 5.259 3.253 2.043 3.424 3.640 3.475 3.848 4.818 6.121 8.521 12.021 14.219 21.519 26.677 26.834 33.219
-999.250 -999.250 -999.250 -999.250 -999.250 -999.250 -999.250 34.644 40.450 40.704 34.358 31.255 22.284 18.426 9.908 4.256 0.000 0.000 0.000 0.000 0.000 0.000 1.098 2.870 5.466 7.518 10.792 9.719 10.006 6.908 5.006 5.496 4.897 3.556 5.572 8.641 13.932 12.004 14.720 17.420 18.313 22.075 22.455 21.810 21.169 18.404 15.001 15.061 9.876 7.984 6.779 7.174 5.292 4.300 2.318 2.518 2.359 0.896 2.027 3.084 4.427 5.345 7.152 8.955 14.841 17.545 22.878 23.251
-999.250 -999.250 -999.250 -999.250 -999.250 -999.250 -999.250 40.003 42.319 42.200 36.915 34.125 28.938 23.405 17.374 9.787 5.989 4.252 0.220 0.000 0.000 0.122 2.733 5.168 7.992 10.658 13.672 13.461 12.459 8.624 6.924 4.282 3.597 1.822 3.294 6.006 9.541 10.827 13.755 13.415 14.745 19.425 18.608 18.065 17.766 17.492 13.582 13.922 11.193 9.371 7.689 5.171 5.994 4.468 4.148 0.827 0.863 1.008 0.659 1.041 1.791 4.067 4.760 6.997 8.925 12.398 16.966 19.573
-999.250 -999.250 -999.250 -999.250 -999.250 -999.250 -999.250 38.989 43.387 47.601 45.741 41.667 37.535 33.763 26.482 19.692 13.130 8.693 5.019 4.142 2.581 3.367 5.335 7.024 11.166 14.592 19.907 14.564 17.475 10.953 7.189 4.585 1.999 1.839 2.720 4.316 5.890 9.083 13.306 12.212 13.219 12.516 15.753 16.835 13.715 13.389 13.519 11.401 10.482 8.757 7.148 5.675 5.120 4.322 3.418 2.957 0.197 0.000 0.302 0.000 0.000 0.181 2.067 4.804 5.497 7.891 11.530 11.277
-999.250 -999.250 -999.250 -999.250 -999.250 -999.250 -999.250 41.015 47.040 50.817 52.918 49.900 49.489 40.468 38.876 31.371 19.949 14.140 10.347 7.391 6.327 7.221 7.027 10.076 15.448 20.107 23.871 20.043 20.712 14.330 9.597 5.710 3.526 0.953 1.139 2.095 4.139 5.160 8.146 10.004 9.163 11.276 12.352 13.763 12.986 13.871 11.496 9.827 8.093 7.594 6.138 5.863 4.733 3.503 2.650 1.424 0.000 0.000 0.000 0.000 0.000 0.000 1.287 1.865 2.905 4.242 6.257 6.037
-999.250 -999.250 -999.250 -999.250 -999.250 -999.250 39.962 48.742 50.763 50.403 60.988 54.605 53.613 48.192 41.284 32.580 30.223 24.060 15.761 14.194 10.994 11.394 12.080 15.357 21.067 26.005 29.131 30.811 26.348 18.526 9.964 8.388 4.233 0.847 0.686 0.808 3.627 4.002 5.162 5.620 6.808 7.343 9.928 10.014 12.666 10.205 9.237 8.519 7.588 5.742 6.131 5.684 5.273 3.187 2.390 0.096 0.320 0.000 0.000 0.000 0.000 0.000 0.644 0.008 1.032 2.353 3.143 3.435
-999.250 -999.250 -999.250 -999.250 -999.250 -999.250 47.894 47.447 59.797 61.102 70.516 74.275 66.269 54.705 47.600 43.371 36.702 30.381 22.767 21.875 16.614 13.706 17.111 19.651 24.277 28.327 36.594 39.458 33.748 20.101 12.829 7.030 3.593 1.304 0.441 0.315 1.689 2.645 3.389 5.473 7.251 6.514 7.574 9.978 8.522 6.858 7.254 5.858 5.762 4.877 4.642 3.683 4.865 1.652 1.548 1.390 0.000 0.000 0.000 0.000 0.000 0.000 0.000 0.000 0.000 0.239 1.535 0.313
-999.250 -999.250 -999.250 -999.250 -999.250 39.874 40.946 56.548 68.754 71.352 85.391 92.767 85.551 63.956 57.527 49.446 46.133 36.595 32.903 31.951 24.861 17.558 20.233 20.121 26.295 35.347 41.237 52.826 38.941 29.151 14.684 8.896 4.988 2.545 0.211 0.000 0.000 1.439 1.275 4.024 5.539 5.991 7.509 7.664 6.576 5.243 5.519 5.226 5.077 4.626 3.439 3.182 0.899 1.733 0.326 0.491 0.000 0.000 0.000 0.000 0.000 0.000 0.000 0.000 0.000 0.000 0.000 0.000
-999.250 -999.250 -999.250 -999.250 -999.250 50.612 51.673 62.126 63.975 73.118 101.051 110.786 95.909 79.276 69.438 61.042 54.662 42.307 36.755 32.670 27.316 22.045 19.895 24.910 28.718 36.340 42.773 40.452 35.822 29.166 19.897 12.376 6.169 3.738 1.391 0.000 0.000 0.044 0.613 1.711 3.186 5.424 6.211 5.807 5.636 5.112 6.585 4.857 4.834 4.602 2.775 1.745 3.016 1.725 0.316 0.000 0.000 0.000 0.000 0.000 0.000 0.000 0.000 0.000 0.000 0.000 0.000 0.000
-999.250 -999.250 -999.250 -999.250 40.750 52.163 58.863 62.294 76.291 90.986 102.370 105.819 99.504 90.265 85.679 72.073 63.183 56.207 46.893 39.103 30.080 24.539 22.446 26.333 28.196 32.557 37.306 35.679 32.095 28.862 22.082 14.881 7.977 3.582 0.744 0.000 0.000 0.000 0.000 2.176 1.844 5.140 4.017 4.653 4.580 4.815 5.963 4.266 3.145 2.631 2.525 0.887 0.329 1.063 0.000 0.000 0.000 0.000 0.000 0.000 0.000 0.000 0.000 0.000 0.000 0.000 0.000 0.000
-999.250 -999.250 -999.250 -999.250 48.466 55.921 59.073 75.331 81.711 85.340 107.602 104.211 98.319 102.982 101.631 97.476 78.277 69.389 52.736 41.647 35.302 27.058 22.700 24.848 25.611 30.024 36.906 33.665 32.167 24.233 21.178 13.332 7.363 4.647 1.135 0.000 0.000 0.000 0.000 0.000 1.656 2.942 3.690 4.042 4.136 3.570 3.742 3.231 2.162 1.250 2.374 0.443 0.000 0.000 0.000 0.000 0.000 0.000 0.000 0.000 0.000 0.000 0.000 0.000 0.000 0.000 0.000 0.000
-999.250 -999.250 -999.250 -999.250 50.579 52.400 60.576 79.200 82.558 92.001 101.049 106.242 114.942 118.807 120.800 112.223 98.210 80.016 65.822 51.597 41.920 34.847 27.826 28.712 26.638 31.670 32.616 33.678 32.890 26.897 21.883 16.122 8.614 4.660 2.486 0.000 0.000 0.000 0.000 0.000 0.565 1.247 2.791 1.882 2.970 3.465 2.864 2.186 2.749 1.447 1.007 0.009 0.157 0.000 0.000 0.000 0.000 0.000 0.000 0.000 0.000 0.000 0.000 0.000 0.000 0.000 0.000 0.000
-999.250 -999.250 -999.250 -999.250 48.077 52.221 56.618 74.040 89.883 99.100 99.818 104.339 109.587 124.727 128.612 131.646 112.415 94.324 73.723 53.828 47.123 39.790 33.943 31.431 30.475 31.737 34.935 31.827 32.205 30.275 25.005 20.027 15.469 7.438 4.505 0.000 0.000 0.000 0.000 0.000 0.193 0.887 2.456 0.443 2.873 2.738 1.373 1.647 0.786 0.321 0.000 0.000 0.000 0.000 0.000 0.000 0.000 0.000 0.000 0.000 0.000 0.000 0.000 0.000 0.000 0.000 0.000 0.000
-999.250 -999.250 -999.250 -999.250 48.168 56.903 59.781 65.177 89.992 92.743 100.146 108.931 116.076 119.717 123.354 129.490 150.221 110.620 78.571 57.431 48.344 44.715 40.466 33.783 30.204 31.024 30.685 32.599 33.101 33.881 28.834 22.885 17.793 11.929 7.189 3.830 0.891 0.737 0.281 0.733 1.631 3.154 2.664 3.453 2.948 2.165 0.525 0.000 0.000 0.000 0.000 0.000 0.000 0.000 0.000 0.000 0.000 0.000 0.000 0.000 0.000 0.000 0.000 0.000 0.000 0.000 0.000 0.000
-999.250 -999.250 -999.250 -999.250 48.145 52.599 53.962 64.148 69.276 94.364 98.526 113.672 114.327 119.612 123.972 129.548 128.063 102.870 75.839 64.885 51.974 44.092 39.463 36.899 31.911 32.734 35.684 35.918 35.150 35.898 37.803 28.816 25.580 20.151 10.632 6.288 5.867 3.191 3.374 3.330 3.226 3.910 3.732 4.156 3.212 3.602 1.145 0.000 0.000 0.000 0.000 0.000 0.000 0.000 0.000 0.000 0.000 0.000 0.000 0.000 0.000 0.000 0.000 0.000 0.000 0.000 0.000 0.000
-999.250 -999.250 -999.250 -999.250 42.597 51.455 57.815 63.810 68.321 77.520 94.113 105.271 109.662 116.497 119.694 112.313 104.165 91.252 68.691 54.569 48.813 45.427 40.302 39.689 38.308 37.629 39.180 43.080 41.328 40.265 36.060 32.901 32.980 22.849 19.382 13.199 11.249 7.983 5.512 5.208 4.520 5.022 6.360 6.723 4.965 2.955 2.238 0.000 0.000 0.000 0.000 0.000 0.000 0.000 0.000 0.000 0.000 0.000 0.000 0.000 0.000 0.000 0.000 0.000 0.000 0.000 0.000 0.000
-999.250 -999.250 -999.250 -999.250 45.704 48.603 57.481 68.383 64.781 72.721 78.838 100.510 104.212 110.397 113.518 104.288 99.143 76.441 64.920 51.375 46.660 43.459 42.959 44.104 46.592 45.032 43.036 41.005 39.499 41.290 41.365 38.340 38.923 31.642 24.423 16.405 14.340 9.768 7.314 6.358 6.494 6.584 9.229 11.447 5.839 4.112 2.359 0.000 0.000 0.000 0.000 0.000 0.000 0.000 0.000 0.000 0.000 0.000 0.000 0.000 0.000 0.000 0.000 0.000 0.000 0.000 0.000 0.000
-999.250 -999.250 -999.250 -999.250 48.815 48.658 54.354 61.055 62.501 68.332 79.104 82.353 88.331 98.184 109.891 97.814 81.199 72.384 59.629 47.844 47.952 46.232 43.042 47.504 48.330 46.934 50.894 49.048 50.318 50.518 46.153 41.561 39.271 33.131 26.367 24.037 18.057 11.724 10.345 8.862 9.981 11.493 9.338 9.663 5.402 2.728 1.283 0.000 0.000 0.000 0.000 0.000 0.000 0.000 0.000 0.000 0.000 0.000 0.000 0.000 0.000 0.000 0.000 0.000 0.000 0.000 0.657 0.142
-999.250 -999.250 -999.250 -999.250 45.255 48.987 48.602 51.658 57.805 55.493 68.069 64.446 80.639 91.701 94.674 98.039 88.125 72.643 64.423 53.550 50.653 52.750 47.669 46.382 48.037 50.032 58.263 56.400 60.817 55.110 48.137 44.554 39.648 34.748 31.375 24.733 16.678 18.691 13.222 12.556 9.247 9.892 10.463 8.614 4.662 4.466 1.429 0.000 0.000 0.000 0.000 0.000 0.000 0.000 0.000 0.000 0.000 0.000 0.000 0.000 0.000 0.000 0.000 0.519 1.089 1.785 1.711 3.423
-999.250 -999.250 -999.250 46.452 44.898 48.607 51.546 46.623 53.013 58.463 60.898 69.148 77.588 78.120 86.414 76.978 67.361 66.417 59.553 59.759 61.286 50.877 51.124 51.039 49.274 49.703 53.715 56.892 62.350 52.890 50.610 47.698 43.999 38.091 34.451 27.899 27.485 19.886 14.964 12.395 11.141 9.403 7.636 6.134 4.082 3.589 1.229 0.102 0.000 0.000 0.000 0.000 0.000 0.000 0.000 0.000 0.000 0.000 0.000 0.000 0.000 0.141 1.136 1.745 2.497 2.631 3.402 3.771
