data/medianmodel_22-Apr-2020.asc
ncols	141
nrows	288
xllcorner	-120191.398
yllcorner	-301404.813
cellsize	2000.000
NODATA_value	-999.250
[rows 90 to 119 of 288, columns 68 to 135 of 141]
33.191 30.782 36.554 49.212 79.494 106.652 155.762 172.173 176.660 192.082 180.613 166.955 150.052 144.761 129.168 105.654 90.420 81.645 75.827 68.205 47.755 45.926 35.192 29.071 30.480 32.203 26.302 21.080 17.360 17.482 19.131 22.143 20.853 20.622 22.617 23.744 26.801 28.036 25.695 21.309 17.298 16.741 15.852 15.605 12.029 9.457 10.059 5.671 -999.250 -999.250 -999.250 -999.250 -999.250 -999.250 -999.250 -999.250 -999.250 -999.250 -999.250 -999.250 -999.250 -999.250 -999.250 -999.250 -999.250 -999.250 -999.250 -999.250
35.275 38.126 44.749 54.578 70.339 84.878 104.508 129.578 156.337 169.908 127.417 133.726 136.352 121.063 115.445 91.520 81.779 75.783 74.557 63.413 58.387 46.161 34.242 25.371 26.298 25.917 20.028 19.992 15.740 15.016 16.958 17.809 16.730 18.840 18.314 18.232 18.224 21.493 20.694 18.754 16.083 14.408 16.374 12.834 11.331 10.004 8.112 -999.250 -999.250 -999.250 -999.250 -999.250 -999.250 -999.250 -999.250 -999.250 -999.250 -999.250 -999.250 -999.250 -999.250 -999.250 -999.250 -999.250 -999.250 -999.250 -999.250 -999.250
38.391 37.449 41.186 46.080 65.618 77.949 96.712 108.725 129.874 120.477 102.055 115.543 103.864 90.679 90.388 89.200 83.149 86.507 74.064 70.561 60.581 42.230 36.590 32.220 28.262 24.450 21.666 18.459 17.454 12.548 14.102 14.433 14.037 17.020 15.057 15.827 17.198 18.621 17.426 15.395 16.724 14.268 12.888 14.860 13.502 11.674 11.397 -999.250 -999.250 -999.250 -999.250 -999.250 -999.250 -999.250 -999.250 -999.250 -999.250 -999.250 -999.250 -999.250 -999.250 -999.250 -999.250 -999.250 -999.250 -999.250 -999.250 -999.250
45.906 51.435 47.755 55.965 54.726 63.548 81.282 74.704 80.220 79.187 68.869 79.462 84.974 84.336 84.026 78.913 80.718 83.582 83.532 68.256 61.674 45.336 38.007 34.286 29.749 24.083 20.292 14.791 15.862 13.683 15.267 13.470 14.339 11.345 14.230 14.912 13.651 16.268 17.699 15.996 12.923 13.874 12.233 13.277 13.089 13.234 -999.250 -999.250 -999.250 -999.250 -999.250 -999.250 -999.250 -999.250 -999.250 -999.250 -999.250 -999.250 -999.250 -999.250 -999.250 -999.250 -999.250 -999.250 -999.250 -999.250 -999.250 -999.250
74.192 67.637 54.753 50.936 51.156 60.929 77.465 78.897 62.485 56.730 54.071 55.136 59.298 74.564 73.084 83.928 88.702 97.423 80.591 73.119 60.228 42.796 40.580 30.969 25.162 21.272 17.399 14.839 12.769 12.311 12.928 14.620 13.954 12.896 11.840 15.089 14.790 15.128 16.849 15.976 15.091 17.808 14.044 15.330 15.066 12.048 -999.250 -999.250 -999.250 -999.250 -999.250 -999.250 -999.250 -999.250 -999.250 -999.250 -999.250 -999.250 -999.250 -999.250 -999.250 -999.250 -999.250 -999.250 -999.250 -999.250 -999.250 -999.250
88.178 72.209 69.526 57.717 55.415 56.430 63.344 56.820 47.329 45.614 38.478 39.297 43.968 54.600 71.381 76.263 82.971 99.767 85.718 76.914 59.234 54.655 40.530 31.639 24.040 20.133 16.320 13.064 10.960 9.253 10.795 12.547 10.978 10.511 10.209 10.451 10.765 14.767 16.267 16.408 15.281 18.357 17.733 15.817 15.354 13.138 -999.250 -999.250 -999.250 -999.250 -999.250 -999.250 -999.250 -999.250 -999.250 -999.250 -999.250 -999.250 -999.250 -999.250 -999.250 -999.250 -999.250 -999.250 -999.250 -999.250 -999.250 -999.250
118.829 85.859 80.269 67.832 60.361 59.741 63.333 52.803 42.826 36.618 26.703 17.991 29.473 45.601 59.231 76.961 83.837 86.519 80.896 73.775 52.785 50.641 40.122 29.634 22.499 15.233 13.402 8.966 9.456 6.890 8.115 10.371 9.477 11.085 10.025 10.404 10.942 9.810 13.199 17.582 15.979 17.136 15.543 15.859 18.235 19.296 15.634 -999.250 -999.250 -999.250 -999.250 -999.250 -999.250 -999.250 -999.250 -999.250 -999.250 -999.250 -999.250 -999.250 -999.250 -999.250 -999.250 -999.250 -999.250 -999.250 -999.250 -999.250
149.486 107.995 90.459 79.240 54.764 55.969 46.845 42.941 42.985 29.714 20.044 21.973 24.955 36.370 48.868 74.883 65.453 69.302 63.281 64.194 50.640 38.499 31.558 23.996 15.617 9.907 6.793 5.021 5.777 6.218 9.875 8.825 12.900 9.202 10.467 11.332 13.237 12.110 14.197 16.937 17.152 17.044 17.744 17.609 18.723 19.151 17.525 16.502 -999.250 -999.250 -999.250 -999.250 -999.250 -999.250 -999.250 -999.250 -999.250 -999.250 -999.250 -999.250 -999.250 -999.250 -999.250 -999.250 -999.250 -999.250 -999.250 -999.250
164.544 119.974 83.550 81.040 65.680 47.299 38.981 40.926 35.029 25.255 21.723 22.760 23.758 32.401 46.111 57.316 63.844 61.172 57.503 54.481 42.492 33.968 27.542 19.394 11.195 0.000 2.596 5.652 6.382 5.783 9.462 10.431 11.509 10.789 10.550 11.838 11.502 11.549 14.301 16.687 18.218 19.485 18.292 17.306 18.496 21.723 18.115 16.338 16.088 -999.250 -999.250 -999.250 -999.250 -999.250 -999.250 -999.250 -999.250 -999.250 -999.250 -999.250 -999.250 -999.250 -999.250 -999.250 -999.250 -999.250 -999.250 -999.250
136.142 115.363 86.246 71.499 57.134 44.353 36.617 30.313 27.197 23.129 22.348 21.560 23.493 27.840 36.750 43.805 53.360 50.064 43.976 45.519 39.261 29.295 24.226 16.873 10.681 3.891 3.286 6.692 6.416 5.706 9.961 11.155 10.678 13.924 11.770 13.066 9.447 12.879 16.271 17.044 19.620 19.449 17.941 16.415 19.685 17.874 18.944 19.220 -999.250 -999.250 -999.250 -999.250 -999.250 -999.250 -999.250 -999.250 -999.250 -999.250 -999.250 -999.250 -999.250 -999.250 -999.250 -999.250 -999.250 -999.250 -999.250 -999.250
121.904 120.178 85.678 68.000 54.837 42.632 36.932 29.038 24.169 20.505 20.157 17.859 21.562 24.010 28.532 36.157 39.975 41.403 38.051 35.021 28.857 24.806 19.354 16.595 10.752 8.624 8.348 6.035 7.932 8.534 10.838 11.440 12.874 13.570 15.156 13.252 14.194 15.384 16.644 17.297 18.672 19.710 20.539 20.524 18.655 19.958 18.663 17.723 20.551 -999.250 -999.250 -999.250 -999.250 -999.250 -999.250 -999.250 -999.250 -999.250 -999.250 -999.250 -999.250 -999.250 -999.250 -999.250 -999.250 -999.250 -999.250 -999.250
128.273 90.242 77.500 65.958 48.634 38.268 29.320 25.353 22.967 19.877 17.028 15.598 17.939 20.885 23.961 27.696 26.638 29.355 29.224 23.046 21.526 20.361 16.803 15.402 11.365 10.673 9.361 9.436 8.339 8.833 10.596 8.817 11.129 15.165 15.583 15.430 16.712 18.361 17.729 19.101 19.452 22.502 24.870 19.766 19.708 20.025 20.037 -999.250 -999.250 -999.250 -999.250 -999.250 -999.250 -999.250 -999.250 -999.250 -999.250 -999.250 -999.250 -999.250 -999.250 -999.250 -999.250 -999.250 -999.250 -999.250 -999.250 -999.250
142.851 92.018 71.764 56.508 44.477 34.668 29.100 21.649 17.850 14.604 13.810 13.636 14.806 16.365 22.334 19.499 22.081 20.451 19.932 17.204 13.115 15.178 15.440 14.753 10.477 11.715 9.799 10.624 11.912 9.943 9.878 11.629 14.194 14.948 15.119 16.282 18.194 18.284 17.987 17.870 22.722 25.360 23.816 20.652 21.899 19.123 -999.250 -999.250 -999.250 -999.250 -999.250 -999.250 -999.250 -999.250 -999.250 -999.250 -999.250 -999.250 -999.250 -999.250 -999.250 -999.250 -999.250 -999.250 -999.250 -999.250 -999.250 -999.250
90.960 82.603 72.899 53.262 42.759 34.902 22.419 19.505 16.628 14.423 14.498 11.584 14.004 14.933 17.191 17.434 16.419 14.854 13.580 6.412 10.274 8.973 11.578 10.551 11.578 9.803 9.645 13.567 13.062 13.218 12.957 13.908 15.522 15.424 16.700 16.794 19.213 20.662 20.396 20.357 24.713 27.224 22.977 20.476 20.441 20.340 -999.250 -999.250 -999.250 -999.250 -999.250 -999.250 -999.250 -999.250 -999.250 -999.250 -999.250 -999.250 -999.250 -999.250 -999.250 -999.250 -999.250 -999.250 -999.250 -999.250 -999.250 -999.250
82.204 72.545 62.365 46.861 29.997 24.639 22.499 18.633 15.068 11.777 9.940 8.674 8.565 8.374 9.362 12.805 11.458 9.053 8.446 5.279 7.682 7.298 5.961 10.858 11.174 12.406 10.122 12.914 14.967 13.569 17.114 17.321 16.305 17.978 19.268 20.164 22.136 19.939 21.203 22.298 24.331 27.230 24.540 21.623 20.494 -999.250 -999.250 -999.250 -999.250 -999.250 -999.250 -999.250 -999.250 -999.250 -999.250 -999.250 -999.250 -999.250 -999.250 -999.250 -999.250 -999.250 -999.250 -999.250 -999.250 -999.250 -999.250 -999.250
58.778 58.202 48.448 40.916 33.874 19.974 16.065 14.602 11.778 8.319 4.421 4.903 5.830 4.228 6.797 6.085 8.085 4.754 3.673 7.383 6.610 7.358 9.635 10.203 14.573 14.473 12.714 12.857 14.631 14.721 18.918 17.592 17.054 17.592 18.461 21.210 22.602 22.516 21.380 20.841 24.794 -999.250 -999.250 -999.250 -999.250 -999.250 -999.250 -999.250 -999.250 -999.250 -999.250 -999.250 -999.250 -999.250 -999.250 -999.250 -999.250 -999.250 -999.250 -999.250 -999.250 -999.250 -999.250 -999.250 -999.250 -999.250 -999.250 -999.250
44.507 44.878 36.232 28.286 25.192 18.705 17.527 10.456 6.519 6.306 5.946 3.593 3.481 3.409 2.159 6.039 2.859 2.962 5.609 6.574 8.308 11.607 13.063 14.398 16.190 15.621 11.958 15.189 16.224 17.544 18.831 19.937 17.585 20.432 20.110 19.895 22.151 22.643 24.021 -999.250 -999.250 -999.250 -999.250 -999.250 -999.250 -999.250 -999.250 -999.250 -999.250 -999.250 -999.250 -999.250 -999.250 -999.250 -999.250 -999.250 -999.250 -999.250 -999.250 -999.250 -999.250 -999.250 -999.250 -999.250 -999.250 -999.250 -999.250 -999.250
39.548 37.892 30.505 36.122 23.484 16.369 13.790 9.711 6.413 4.210 5.240 0.984 0.000 1.850 2.852 5.316 4.470 5.806 6.876 10.979 11.779 12.684 15.166 13.387 13.546 15.655 16.192 15.487 18.053 16.690 19.816 21.508 18.321 20.110 19.497 21.211 21.735 23.246 24.815 -999.250 -999.250 -999.250 -999.250 -999.250 -999.250 -999.250 -999.250 -999.250 -999.250 -999.250 -999.250 -999.250 -999.250 -999.250 -999.250 -999.250 -999.250 -999.250 -999.250 -999.250 -999.250 -999.250 -999.250 -999.250 -999.250 -999.250 -999.250 -999.250
35.823 32.715 34.271 24.868 17.582 17.060 12.802 8.747 7.937 4.910 2.575 2.164 0.344 1.084 1.409 5.158 5.436 4.873 10.026 12.115 11.903 14.316 12.909 16.359 15.569 18.532 16.363 17.404 17.403 20.693 19.820 19.640 20.588 21.364 21.314 20.233 22.712 19.245 24.880 -999.250 -999.250 -999.250 -999.250 -999.250 -999.250 -999.250 -999.250 -999.250 -999.250 -999.250 -999.250 -999.250 -999.250 -999.250 -999.250 -999.250 -999.250 -999.250 -999.250 -999.250 -999.250 -999.250 -999.250 -999.250 -999.250 -999.250 -999.250 -999.250
31.575 27.562 28.364 20.081 16.793 12.505 11.652 10.216 7.850 5.501 3.267 1.038 0.357 2.305 3.261 4.442 3.906 6.829 10.812 9.538 12.561 12.973 14.557 15.248 17.512 16.730 16.217 18.337 20.794 20.628 21.787 20.537 20.854 19.605 22.493 21.030 22.192 21.324 22.745 -999.250 -999.250 -999.250 -999.250 -999.250 -999.250 -999.250 -999.250 -999.250 -999.250 -999.250 -999.250 -999.250 -999.250 -999.250 -999.250 -999.250 -999.250 -999.250 -999.250 -999.250 -999.250 -999.250 -999.250 -999.250 -999.250 -999.250 -999.250 -999.250
31.653 25.201 21.661 22.361 17.856 13.363 11.976 11.324 8.050 6.315 5.811 2.104 4.784 3.326 5.793 6.574 7.164 7.979 9.813 7.549 12.041 12.879 14.884 15.326 17.187 16.571 17.542 16.698 20.598 23.379 21.438 18.848 20.437 22.687 19.443 21.898 21.989 20.549 21.026 -999.250 -999.250 -999.250 -999.250 -999.250 -999.250 -999.250 -999.250 -999.250 -999.250 -999.250 -999.250 -999.250 -999.250 -999.250 -999.250 -999.250 -999.250 -999.250 -999.250 -999.250 -999.250 -999.250 -999.250 -999.250 -999.250 -999.250 -999.250 -999.250
21.528 22.019 18.213 15.588 16.459 12.641 8.872 10.021 9.018 6.439 6.690 6.343 6.352 6.834 5.224 9.271 9.948 11.545 11.096 11.237 13.172 12.952 13.877 16.973 17.378 18.364 17.370 18.773 19.532 18.261 18.651 18.058 20.565 18.361 22.584 21.352 19.812 20.303 20.870 -999.250 -999.250 -999.250 -999.250 -999.250 -999.250 -999.250 -999.250 -999.250 -999.250 -999.250 -999.250 -999.250 -999.250 -999.250 -999.250 -999.250 -999.250 -999.250 -999.250 -999.250 -999.250 -999.250 -999.250 -999.250 -999.250 -999.250 -999.250 -999.250
16.822 14.969 9.212 9.206 9.594 11.195 8.249 7.237 7.608 7.182 6.244 4.181 7.549 8.419 10.683 9.196 14.257 14.059 13.104 13.922 15.217 14.868 19.556 17.973 19.351 16.141 18.093 18.111 17.945 17.198 20.600 21.562 19.574 19.163 22.877 21.581 19.728 20.418 22.174 20.139 19.540 -999.250 -999.250 -999.250 -999.250 -999.250 -999.250 -999.250 -999.250 -999.250 -999.250 -999.250 -999.250 -999.250 -999.250 -999.250 -999.250 -999.250 -999.250 -999.250 -999.250 -999.250 -999.250 -999.250 -999.250 -999.250 -999.250 -999.250
14.610 8.391 0.000 4.923 6.221 5.804 7.927 6.327 8.247 7.031 6.333 6.815 9.485 12.873 12.975 11.932 14.530 15.957 15.096 15.682 14.924 16.943 17.722 21.934 18.567 17.552 16.350 18.309 20.982 20.880 22.745 21.015 21.199 19.975 20.897 21.020 19.851 20.522 21.393 19.143 19.061 16.356 18.871 -999.250 -999.250 -999.250 -999.250 -999.250 -999.250 -999.250 -999.250 -999.250 -999.250 -999.250 -999.250 -999.250 -999.250 -999.250 -999.250 -999.250 -999.250 -999.250 -999.250 -999.250 -999.250 -999.250 -999.250 -999.250
9.966 7.468 1.374 3.092 5.548 5.274 4.794 5.042 4.307 3.266 6.900 8.140 11.239 11.168 13.652 14.636 17.957 18.368 15.785 16.148 18.723 18.095 16.871 17.511 19.911 18.105 16.361 16.788 18.868 20.160 20.867 21.575 20.280 22.076 21.265 19.746 20.424 21.109 19.916 19.415 19.268 13.944 14.309 -999.250 -999.250 -999.250 -999.250 -999.250 -999.250 -999.250 -999.250 -999.250 -999.250 -999.250 -999.250 -999.250 -999.250 -999.250 -999.250 -999.250 -999.250 -999.250 -999.250 -999.250 -999.250 -999.250 -999.250 -999.250
7.493 7.442 6.644 5.344 4.300 3.166 4.582 4.504 6.597 4.070 6.025 8.600 11.638 13.761 14.249 15.580 16.884 16.628 14.839 19.309 19.671 18.123 17.826 18.229 15.232 19.031 16.547 15.351 19.833 20.315 21.419 22.846 21.064 20.562 20.834 19.590 21.383 20.060 19.564 19.090 20.512 13.804 15.652 16.496 -999.250 -999.250 -999.250 -999.250 -999.250 -999.250 -999.250 -999.250 -999.250 -999.250 -999.250 -999.250 -999.250 -999.250 -999.250 -999.250 -999.250 -999.250 -999.250 -999.250 -999.250 -999.250 -999.250 -999.250
7.309 7.023 7.457 5.966 3.842 4.595 4.829 4.782 5.363 6.336 7.318 9.477 12.096 14.286 14.841 16.559 19.345 18.271 20.412 18.122 16.835 18.590 17.620 17.683 19.439 18.033 19.169 16.873 17.303 18.031 18.253 20.418 21.433 18.517 22.063 17.373 16.641 17.385 17.543 17.830 21.132 18.789 15.612 15.135 15.760 -999.250 -999.250 -999.250 -999.250 -999.250 -999.250 -999.250 -999.250 -999.250 -999.250 -999.250 -999.250 -999.250 -999.250 -999.250 -999.250 -999.250 -999.250 -999.250 -999.250 -999.250 -999.250 -999.250
7.005 7.138 6.946 5.146 3.288 2.649 3.240 4.031 5.956 8.231 9.122 11.614 13.855 15.911 16.008 17.523 21.799 18.312 19.772 16.600 19.058 17.614 17.383 16.421 16.801 17.576 17.299 14.945 18.498 18.237 19.244 18.755 18.207 19.565 19.558 16.338 16.229 15.065 14.872 17.264 18.056 18.683 18.471 15.121 15.683 -999.250 -999.250 -999.250 -999.250 -999.250 -999.250 -999.250 -999.250 -999.250 -999.250 -999.250 -999.250 -999.250 -999.250 -999.250 -999.250 -999.250 -999.250 -999.250 -999.250 -999.250 -999.250 -999.250
8.353 8.855 5.960 4.784 2.933 3.376 3.466 4.188 6.905 9.499 11.460 13.385 14.935 17.295 17.523 18.955 17.919 19.969 18.554 18.272 18.154 19.366 18.916 18.281 18.137 18.231 15.528 16.296 16.596 16.894 17.366 17.407 15.706 17.393 19.314 16.033 15.410 18.398 15.035 15.242 17.356 19.665 15.517 15.463 15.674 12.663 -999.250 -999.250 -999.250 -999.250 -999.250 -999.250 -999.250 -999.250 -999.250 -999.250 -999.250 -999.250 -999.250 -999.250 -999.250 -999.250 -999.250 -999.250 -999.250 -999.250 -999.250 -999.250
4.625 7.113 4.444 4.446 3.529 4.491 4.062 3.495 5.663 11.018 13.723 13.678 15.951 15.065 16.663 17.770 17.348 19.281 18.168 17.023 16.783 19.115 18.436 15.862 18.202 16.891 18.618 17.485 17.460 17.869 16.786 15.328 16.375 17.237 16.033 15.184 15.683 17.274 13.987 14.745 14.210 15.522 13.778 14.181 14.942 -999.250 -999.250 -999.250 -999.250 -999.250 -999.250 -999.250 -999.250 -999.250 -999.250 -999.250 -999.250 -999.250 -999.250 -999.250 -999.250 -999.250 -999.250 -999.250 -999.250 -999.250 -999.250 -999.250
