data/medianmodel_17-Jan-2021.asc
ncols	141
nrows	288
xllcorner	-120191.398
yllcorner	-301404.813
cellsize	2000.000
NODATA_value	-999.250
[rows 168 to 195 of 288, columns 0 to 62 of 141]
-999.250 -999.250 -999.250 -999.250 -999.250 1330.779 1345.300 1397.643 1413.085 1414.148 1470.711 1516.618 1437.703 1378.299 1257.687 1130.492 1075.329 986.034 946.022 936.072 913.483 868.507 890.165 846.994 904.382 878.250 935.798 940.326 869.360 863.247 853.741 867.407 940.509 1048.777 1107.637 1154.989 1260.171 1272.063 1309.806 1358.750 1294.024 1249.379 1230.266 1173.964 1111.647 1082.166 993.989 981.477 1038.604 979.199 987.138 976.339 1019.664 1077.823 1077.677 1108.255 1124.517 1105.418 1103.695 1126.717 1109.032 1087.394 1070.266
-999.250 -999.250 -999.250 -999.250 1331.526 1297.715 1414.039 1415.728 1397.902 1451.853 1461.691 1468.745 1428.179 1393.261 1307.859 1175.985 1093.960 1043.213 1021.424 991.348 928.021 883.359 905.240 886.823 940.870 940.499 954.342 931.926 949.612 940.298 940.646 970.205 1010.941 1072.769 1123.393 1220.675 1280.556 1282.736 1249.622 1288.152 1239.597 1226.199 1151.741 1095.093 1038.740 1045.681 1040.182 1001.596 1001.935 971.147 1001.201 1038.600 1063.757 1099.090 1137.118 1111.116 1160.463 1146.158 1149.389 1133.246 1139.567 1117.208 1082.038
-999.250 -999.250 -999.250 -999.250 1351.566 1423.544 1461.501 1493.652 1476.516 1473.857 1427.852 1423.895 1398.351 1365.778 1333.986 1153.976 1066.810 1102.561 1094.066 1058.321 1023.958 997.741 948.879 982.036 1013.409 985.555 993.092 1012.690 1003.543 977.656 1003.649 1026.633 1060.732 1140.078 1158.965 1201.947 1262.209 1286.457 1297.004 1240.162 1218.535 1168.406 1116.364 1095.682 1082.211 1024.249 986.305 1047.783 991.240 1000.869 1006.271 1079.582 1110.041 1153.024 1169.104 1159.873 1216.294 1208.568 1198.118 1223.341 1150.062 1171.126 1075.341
-999.250 -999.250 -999.250 -999.250 1378.633 1406.704 1451.829 1523.427 1481.874 1450.016 1411.611 1400.424 1370.286 1367.111 1312.480 1195.483 1099.646 1123.034 1143.700 1148.081 1123.060 1078.051 1046.387 1061.173 1064.218 1050.754 1098.865 1025.550 1063.952 1045.543 1069.159 1097.519 1111.524 1174.006 1201.469 1280.779 1251.176 1274.032 1206.961 1192.986 1151.013 1116.499 1096.361 1084.376 1040.242 983.849 963.331 987.135 948.496 1019.899 1005.378 1035.350 1076.919 1151.370 1172.821 1249.277 1229.389 1267.032 1247.579 1215.446 1237.062 1198.516 1117.658
-999.250 -999.250 -999.250 -999.250 1473.110 1437.078 1465.166 1469.020 1457.746 1409.850 1382.838 1381.683 1335.258 1304.872 1243.363 1187.389 1152.395 1153.182 1213.124 1262.784 1229.098 1177.093 1141.338 1099.487 1124.640 1129.392 1104.940 1121.911 1100.504 1105.392 1117.567 1120.533 1135.623 1202.577 1237.588 1272.599 1249.109 1221.134 1192.778 1152.182 1093.266 1085.091 1016.334 1005.158 969.988 981.719 991.482 972.235 965.932 964.782 989.368 1057.079 1096.722 1213.177 1213.278 1289.446 1307.654 1359.704 1355.590 1280.382 1277.476 1193.117 1209.286
-999.250 -999.250 -999.250 -999.250 1378.721 1420.524 1425.892 1454.383 1457.164 1414.401 1390.743 1389.098 1343.395 1306.065 1234.508 1195.638 1136.044 1246.224 1357.592 1392.888 1361.061 1302.003 1268.241 1182.524 1208.164 1195.443 1215.673 1218.088 1180.885 1154.082 1149.677 1150.688 1172.239 1173.472 1191.189 1201.878 1219.255 1175.177 1129.996 1123.173 1038.219 954.306 950.043 902.992 874.503 921.507 909.280 963.950 1031.297 942.093 1000.416 1019.396 1123.348 1179.772 1253.134 1369.965 1376.763 1418.103 1424.827 1345.455 1318.400 1216.001 1171.685
-999.250 -999.250 -999.250 -999.250 1404.288 1432.416 1457.407 1460.704 1440.913 1414.366 1376.546 1327.899 1351.282 1283.034 1251.277 1238.772 1258.979 1314.347 1452.685 1550.740 1485.782 1396.349 1360.370 1266.874 1278.577 1213.404 1220.603 1266.403 1258.066 1308.123 1250.522 1190.758 1192.473 1170.566 1188.655 1187.848 1147.296 1130.004 1072.019 1044.399 1001.708 952.754 891.387 828.175 824.514 896.191 943.316 920.366 957.090 956.645 995.394 1054.256 1129.108 1202.609 1261.809 1386.551 1450.198 1470.325 1521.917 1443.859 1381.358 1304.997 1227.025
-999.250 -999.250 -999.250 -999.250 1438.280 1459.389 1475.949 1477.745 1466.533 1428.610 1400.840 1385.024 1348.128 1333.187 1312.426 1305.306 1340.881 1409.878 1475.934 1514.639 1478.950 1441.662 1388.790 1357.843 1368.993 1320.881 1348.664 1261.888 1322.774 1356.820 1283.069 1288.269 1309.145 1254.453 1246.873 1202.468 1178.448 1090.758 1024.461 985.116 900.365 818.682 809.412 789.310 794.004 887.843 901.179 951.146 962.432 992.467 1035.895 1061.859 1164.168 1241.858 1301.520 1409.640 1499.058 1528.617 1564.546 1502.170 1427.941 1332.135 1280.267
-999.250 -999.250 -999.250 -999.250 1429.965 1508.725 1437.435 1479.674 1464.134 1445.232 1412.394 1387.833 1328.225 1351.747 1355.345 1389.982 1416.338 1426.446 1509.079 1499.100 1469.821 1445.822 1414.737 1370.969 1409.145 1388.696 1296.373 1364.667 1401.082 1350.303 1345.661 1344.765 1342.475 1282.689 1304.442 1192.157 1172.648 1098.873 991.314 930.819 883.500 788.331 749.608 715.471 772.834 822.979 840.142 949.028 1011.218 1005.672 1049.857 1071.153 1168.787 1216.607 1310.079 1421.949 1549.447 1667.472 1621.389 1526.794 1495.907 1370.092 1365.277
-999.250 -999.250 -999.250 -999.250 1430.798 1483.843 1465.203 1456.091 1431.810 1439.243 1387.858 1336.765 1319.491 1333.815 1357.683 1396.244 1414.423 1432.916 1480.388 1487.598 1475.995 1441.769 1451.057 1399.023 1416.714 1386.746 1386.595 1394.692 1428.561 1453.261 1356.128 1350.968 1338.262 1319.755 1329.821 1217.424 1155.623 1119.278 1030.859 931.569 861.461 809.349 788.176 740.606 781.507 804.653 860.215 869.488 921.989 1031.423 1045.802 1103.388 1139.598 1271.597 1350.493 1428.483 1530.345 1635.332 1595.246 1578.813 1535.707 1444.476 1355.370
-999.250 -999.250 -999.250 -999.250 1430.175 1439.485 1438.644 1448.661 1416.620 1370.940 1345.045 1387.818 1297.653 1360.300 1319.745 1347.759 1389.318 1426.760 1439.167 1434.315 1450.572 1428.273 1414.966 1393.950 1392.097 1373.394 1402.455 1454.221 1461.752 1404.282 1387.580 1344.395 1299.938 1287.402 1272.267 1223.983 1137.382 1108.876 985.351 936.335 886.099 881.164 829.959 793.032 803.730 821.927 867.050 881.087 902.425 995.696 1066.417 1140.144 1193.131 1301.721 1370.166 1479.624 1538.175 1556.289 1559.816 1550.801 1512.107 1522.717 1436.509
-999.250 -999.250 -999.250 1419.389 1389.914 1394.171 1410.109 1387.805 1406.195 1383.352 1332.980 1295.301 1349.037 1351.272 1365.059 1337.114 1358.741 1364.297 1400.816 1411.689 1389.153 1397.157 1419.942 1407.798 1406.671 1426.698 1415.663 1437.456 1410.305 1416.416 1425.612 1423.474 1338.376 1321.035 1226.248 1228.367 1156.939 1119.726 1010.969 955.939 929.807 956.073 869.915 836.204 812.339 786.253 875.539 898.479 1005.344 1026.729 1084.181 1156.530 1276.535 1312.024 1391.590 1441.091 1528.707 1519.935 1523.000 1551.851 1565.741 1488.354 1462.575
-999.250 -999.250 -999.250 1341.589 1373.419 1410.230 1433.215 1414.534 1337.704 1373.091 1307.439 1373.083 1395.980 1362.520 1327.569 1348.353 1341.584 1340.506 1393.350 1383.251 1377.032 1407.317 1417.109 1380.249 1397.947 1424.275 1443.900 1464.809 1471.581 1476.855 1469.967 1411.920 1401.524 1347.330 1304.994 1228.556 1155.131 1077.479 1033.306 993.673 956.654 884.044 857.117 821.501 870.640 858.784 869.301 932.990 973.647 1023.415 1111.054 1155.518 1226.823 1358.845 1383.585 1402.974 1484.287 1484.796 1548.432 1575.739 1526.907 1467.318 1476.385
-999.250 -999.250 -999.250 1370.205 1352.425 1411.706 1427.141 1370.175 1366.141 1384.957 1332.932 1372.838 1392.150 1392.869 1383.868 1339.449 1354.758 1337.890 1399.167 1348.369 1360.920 1372.042 1357.358 1395.170 1399.493 1401.409 1447.814 1500.351 1476.287 1501.504 1481.925 1413.152 1373.890 1359.495 1308.494 1179.725 1162.684 1091.810 1044.058 1001.063 978.413 957.604 833.223 872.708 906.446 889.441 916.136 956.006 1015.799 1075.945 1134.994 1193.028 1216.807 1316.704 1388.638 1429.675 1465.951 1468.968 1515.446 1544.080 1510.766 1551.970 1521.952
-999.250 -999.250 1268.211 1290.328 1298.519 1342.283 1375.030 1326.386 1352.938 1393.755 1374.391 1398.167 1406.325 1391.659 1387.176 1352.933 1365.330 1325.850 1376.016 1350.376 1351.367 1347.073 1299.030 1346.063 1410.449 1396.786 1407.453 1478.871 1512.296 1546.516 1527.967 1464.290 1418.299 1343.311 1317.785 1192.558 1154.074 1094.382 1041.773 1014.986 998.082 975.515 915.902 955.318 954.300 988.956 988.244 998.401 1030.617 1079.403 1148.578 1188.187 1242.059 1326.483 1374.972 1417.090 1418.098 1451.781 1477.343 1524.709 1540.658 1543.841 1602.364
-999.250 -999.250 1218.528 1243.207 1298.691 1273.343 1303.958 1307.621 1395.531 1378.189 1395.835 1435.042 1408.714 1420.930 1396.350 1381.309 1367.786 1367.354 1340.446 1333.214 -999.250 1303.533 1264.085 1309.861 1342.401 1395.062 1422.550 1436.122 1547.738 1617.541 1510.417 1441.575 1402.750 1377.797 1263.457 1188.785 1169.254 1131.044 1065.357 1045.918 965.480 980.535 931.060 994.821 1017.077 954.843 1027.206 1057.976 1044.461 1107.317 1195.387 1184.487 1188.387 1315.944 1342.393 1374.118 1414.106 1441.217 1482.523 1498.129 1524.191 1575.320 1595.384
-999.250 1189.970 1198.378 1225.436 1222.579 1240.229 1258.780 1340.946 1342.984 1352.906 1343.856 1380.917 1384.642 1371.934 1356.478 1361.210 1367.421 1355.757 1347.140 -999.250 -999.250 1265.892 1286.406 1244.826 1293.116 1335.872 1418.777 1432.603 1477.459 1486.245 1472.629 1459.931 1388.030 1311.255 1257.426 1173.877 1148.608 1100.190 1101.733 1055.697 1068.881 1065.497 1029.238 1035.390 1038.641 995.395 1030.960 1042.479 1062.713 1130.055 1162.107 1223.756 1208.868 1302.360 1332.097 1312.774 1419.860 1459.033 1522.161 1504.957 1546.854 1624.660 1569.701
-999.250 1185.971 1208.738 1220.886 1246.058 1247.673 1213.206 1286.369 1286.876 1324.433 1278.420 1299.103 1337.614 1348.963 1327.778 1354.293 1341.614 1350.073 -999.250 -999.250 -999.250 -999.250 1246.782 1223.872 1286.734 1335.518 1374.607 1417.189 1413.419 1415.666 1414.847 1379.263 1312.522 1308.032 1295.854 1226.873 1145.284 1093.817 1098.048 1045.580 1043.425 1080.625 1035.701 1029.010 1032.201 1048.203 1054.593 1036.460 1103.575 1141.753 1192.921 1208.540 1265.137 1338.244 1380.313 1362.226 1420.612 1439.570 1451.142 1495.824 1549.430 1635.271 1651.651
1129.442 1141.069 1169.982 1166.670 1237.674 1199.603 1200.401 1241.965 1250.961 1283.335 1248.522 1273.219 1289.210 1292.987 1297.793 1357.712 1327.541 1290.954 -999.250 -999.250 -999.250 -999.250 -999.250 1175.667 1220.682 1247.381 1335.081 1314.248 1318.504 1331.506 1364.544 1318.098 1306.666 1276.608 1281.836 1246.842 1171.009 1091.451 1121.116 1086.932 1090.886 1117.517 1050.558 1057.836 1083.451 1112.870 1074.417 1068.813 1110.938 1095.820 1185.032 1204.384 1324.830 1334.177 1382.802 1358.541 1425.399 1415.718 1514.330 1535.229 1546.230 1622.073 1650.316
-999.250 1116.921 1111.122 1124.167 1168.871 1181.597 1158.340 1182.701 1214.828 1245.201 1204.729 1221.946 1250.367 1273.517 1309.456 1354.967 1307.440 1316.127 -999.250 -999.250 -999.250 -999.250 1083.849 1128.868 1146.465 1165.246 1209.692 1212.380 1232.376 1231.919 1221.196 1253.275 1330.952 1279.908 1257.688 1213.838 1148.222 1170.724 1117.258 1156.164 1087.101 1090.501 1102.773 1078.241 1141.665 1124.437 1097.218 1079.294 1137.114 1196.957 1190.480 1249.843 1294.370 1362.976 1348.835 1395.464 1415.938 1422.832 1476.239 1564.800 1509.520 1612.949 1764.413
-999.250 1076.601 1074.873 1081.717 1102.804 1116.442 1086.051 1169.758 1169.584 1172.360 1186.527 1184.920 1189.777 1214.560 1284.400 1293.779 1299.301 1255.960 -999.250 -999.250 -999.250 1081.396 -999.250 1045.469 1092.629 1076.536 1120.403 1163.029 1168.761 1173.568 1266.728 1269.669 1283.061 1285.568 1311.676 1274.826 1232.899 1222.415 1158.212 1157.026 1175.881 1154.375 1148.369 1169.543 1185.830 1152.331 1142.920 1169.303 1184.734 1212.857 1247.337 1315.659 1388.255 1408.531 1417.834 1433.456 1447.621 1426.568 1477.609 1513.638 1543.113 1574.453 1607.726
-999.250 1044.162 1040.592 1035.047 1040.458 1073.330 1118.825 1114.070 1145.747 1105.465 1140.470 1136.918 1179.186 1205.128 1246.783 1290.763 1327.509 -999.250 -999.250 -999.250 -999.250 1050.177 1011.151 1011.625 1042.774 1071.331 1087.533 1092.624 1125.892 1150.159 1235.510 1275.786 1288.007 1264.076 1204.217 1235.656 1231.566 1222.160 1226.796 1222.756 1231.555 1216.157 1212.366 1217.861 1206.296 1217.390 1294.092 1253.454 1248.439 1248.945 1313.215 1384.375 1402.972 1402.872 1438.627 1472.180 1465.111 1425.924 1475.521 1488.847 1545.670 1579.777 1616.095
-999.250 1009.145 994.244 1005.112 1035.392 1020.180 1091.556 1055.730 1052.931 1071.090 1093.071 1089.015 1128.821 1178.724 1189.429 1239.709 1193.776 -999.250 -999.250 -999.250 1074.513 1035.057 968.515 1010.958 1051.988 1060.057 1084.036 1081.465 1041.088 1188.311 1274.488 1305.751 1290.935 1314.445 1281.178 1280.965 1308.069 1259.543 1300.607 1307.467 1313.376 1283.623 1279.383 1268.799 1259.711 1252.346 1291.707 1288.597 1326.224 1301.361 1344.150 1353.956 1402.166 1402.755 1429.185 1420.947 1461.204 1495.672 1505.721 1514.142 1542.169 1532.808 1614.503
-999.250 -999.250 -999.250 1000.281 -999.250 -999.250 1008.279 1036.058 1049.824 -999.250 -999.250 -999.250 1112.279 1157.925 -999.250 -999.250 -999.250 -999.250 -999.250 -999.250 1092.357 1053.653 1065.421 1079.165 1124.500 1122.903 1117.762 1152.651 1191.824 1215.887 1325.643 1375.768 1382.978 1413.255 1380.246 1365.213 1387.944 1419.547 1338.223 1360.324 1367.551 1394.959 1402.121 1338.096 1327.812 1339.351 1351.832 1349.860 1342.046 1374.258 1393.294 1383.517 1387.773 1427.724 1423.446 1498.536 1471.729 1521.160 1534.457 1518.104 1546.492 1518.847 1510.528
-999.250 -999.250 -999.250 -999.250 -999.250 -999.250 -999.250 -999.250 -999.250 -999.250 -999.250 -999.250 -999.250 1159.979 1211.371 1218.870 -999.250 -999.250 -999.250 1107.909 1128.834 1118.280 1123.394 1169.666 1221.566 1296.565 1302.453 1285.989 1319.038 1394.873 1417.828 1453.777 1499.626 1448.462 1459.458 1452.517 1444.770 1490.414 1433.934 1444.540 1455.947 1451.598 1454.131 1381.704 1430.678 1430.475 1436.340 1440.166 1431.656 1413.822 1400.501 1404.800 1397.393 1392.321 1424.310 1518.077 1481.515 1502.739 1485.926 1499.774 1503.899 1466.454 1505.076
-999.250 -999.250 -999.250 -999.250 -999.250 -999.250 -999.250 -999.250 -999.250 -999.250 -999.250 1056.944 1101.762 1131.787 1186.789 1211.555 -999.250 -999.250 1151.315 1131.116 1133.768 1159.228 1216.907 1290.738 1324.142 1404.990 1466.389 1483.665 1496.831 1491.477 1455.190 1540.076 1566.110 1605.262 1596.728 1520.711 1518.984 1506.396 1561.568 1576.616 1509.405 1499.262 1490.411 1457.236 1478.551 1472.053 1505.651 1486.592 1476.463 1473.962 1476.707 1448.374 1445.168 1433.993 1502.049 1485.948 1508.276 1460.812 1481.233 1435.763 1471.432 1424.571 1456.200
-999.250 -999.250 -999.250 -999.250 -999.250 -999.250 -999.250 -999.250 -999.250 -999.250 -999.250 1018.037 1063.941 1130.577 1154.467 1145.464 1116.468 1146.828 1132.468 1140.967 1172.611 1237.443 1313.233 1378.733 1440.516 1492.119 1646.206 1611.311 1558.055 1557.376 1579.148 1562.455 1624.735 1637.667 1594.373 1645.342 1625.580 1543.520 1558.038 1545.636 1588.461 1550.499 1531.755 1545.376 1511.394 1509.811 1485.171 1526.414 1536.517 1550.221 1525.577 1521.063 1497.137 1510.161 1484.118 1514.096 1498.024 1434.249 1429.507 1436.465 1454.353 1393.091 1408.154
-999.250 -999.250 -999.250 -999.250 -999.250 -999.250 -999.250 -999.250 -999.250 -999.250 -999.250 -999.250 1032.946 1076.242 1087.730 1113.450 1063.475 1087.384 1105.500 1138.216 1201.364 1252.091 1350.614 1389.084 1490.338 1592.057 1655.037 1670.146 1622.545 1625.439 1662.687 1623.424 1655.827 1724.981 1634.312 1634.655 1673.896 1618.530 1590.225 1611.353 1583.846 1576.434 1588.415 1540.050 1588.402 1570.656 1551.086 1626.706 1565.949 1591.151 1551.436 1529.850 1522.409 1513.001 1527.969 1485.225 1467.575 1461.159 1441.876 1422.263 1414.903 1389.676 1397.006
