data/medianmodel_10-Apr-2020.asc
ncols	141
nrows	288
xllcorner	-120191.398
yllcorner	-301404.813
cellsize	2000.000
NODATA_value	-999.250
[rows 180 to 209 of 288, columns 0 to 67 of 141]
-999.250 -999.250 -999.250 48.596 47.538 52.320 51.247 49.711 44.157 40.336 39.412 38.196 35.112 35.928 38.102 43.349 40.764 38.212 40.482 42.623 49.082 44.337 51.636 50.165 54.929 56.217 61.369 68.826 72.275 81.030 75.996 81.503 74.765 67.898 63.491 68.107 65.582 63.577 56.459 72.135 66.101 59.922 61.866 68.841 68.517 63.592 61.599 53.617 46.013 43.013 39.703 32.566 30.387 31.947 28.348 23.292 20.511 22.079 18.399 12.586 11.645 14.193 13.662 15.708 11.867 13.142 14.918 13.724
-999.250 -999.250 -999.250 47.258 48.501 54.042 52.154 51.562 52.075 46.492 48.060 42.376 37.594 40.968 44.133 48.794 44.733 53.718 57.142 50.662 52.743 55.479 54.347 50.912 58.523 59.477 68.765 76.492 71.129 78.166 74.253 77.247 79.144 72.727 62.489 72.531 59.380 62.222 60.691 56.014 58.952 67.655 57.680 58.485 65.138 57.485 49.373 46.302 42.355 40.434 36.751 35.020 32.776 26.968 28.143 23.819 24.881 22.383 20.627 16.228 14.215 15.210 15.580 15.211 16.681 18.315 16.010 15.521
-999.250 -999.250 43.113 51.953 57.179 60.764 60.463 49.815 52.280 46.146 39.319 45.223 48.197 41.240 51.424 58.731 53.269 59.126 59.506 61.510 54.483 52.881 58.100 51.191 54.369 64.011 59.670 70.322 71.829 77.797 77.548 73.878 76.587 64.831 62.135 65.528 59.987 57.543 56.309 59.591 52.492 60.627 58.185 58.519 54.441 53.875 48.671 41.044 40.960 39.204 39.493 37.488 33.141 29.420 29.974 27.159 23.932 21.455 19.382 18.578 15.482 14.199 16.637 12.904 16.232 15.285 17.145 15.924
-999.250 -999.250 52.887 52.016 52.605 57.678 45.251 56.918 50.047 43.442 54.695 48.821 46.388 47.684 56.344 64.813 68.227 64.347 64.015 60.538 -999.250 57.742 53.489 49.203 60.242 65.488 68.117 76.780 77.405 78.426 79.457 77.162 83.356 74.530 68.116 61.146 64.800 57.124 64.571 59.508 57.409 60.755 51.757 53.082 48.576 54.898 50.411 40.087 35.421 35.033 36.420 36.102 32.924 28.344 26.719 25.391 25.741 20.875 22.472 18.766 18.404 15.077 16.321 14.833 14.099 16.001 14.726 14.657
-999.250 49.548 46.946 51.455 62.386 57.802 59.843 56.047 55.197 47.436 56.564 54.268 55.646 51.942 58.038 63.410 71.600 62.763 61.650 -999.250 -999.250 55.722 60.232 56.489 62.597 64.441 72.560 70.470 67.733 72.978 65.708 76.964 75.148 68.522 66.272 61.358 52.414 55.663 57.905 53.085 54.931 58.979 45.968 41.348 51.177 52.234 41.642 35.271 35.078 34.098 34.074 30.569 27.218 29.041 25.055 26.141 24.746 23.296 20.967 17.939 16.277 14.389 13.954 14.806 11.478 10.939 13.702 15.821
-999.250 47.950 53.425 50.048 59.142 61.530 63.903 65.948 65.484 61.244 61.363 69.072 61.833 62.424 64.287 72.085 73.397 75.404 -999.250 -999.250 -999.250 -999.250 56.141 58.102 51.998 58.142 60.765 66.424 63.003 61.850 65.782 65.058 66.435 69.111 60.753 56.070 48.309 45.941 47.263 51.444 45.880 39.830 43.176 39.233 46.927 43.966 37.405 36.049 35.133 31.417 32.816 27.472 24.373 27.016 25.462 22.233 19.606 21.308 19.090 19.343 15.357 15.313 14.208 13.057 9.451 10.172 12.734 13.485
60.191 62.457 62.734 64.646 70.091 67.872 65.323 64.583 62.549 65.406 65.632 62.554 64.915 73.747 76.652 88.255 84.494 71.476 -999.250 -999.250 -999.250 -999.250 -999.250 58.776 59.192 67.609 65.325 63.795 55.511 60.922 55.741 61.204 59.517 58.967 60.190 55.017 50.866 45.083 40.895 36.276 37.154 39.591 36.720 36.911 36.793 39.199 34.975 30.918 33.415 31.882 29.535 28.131 27.611 27.222 26.096 22.447 21.398 21.445 18.642 15.931 15.773 13.185 12.693 8.406 6.081 6.172 8.863 14.359
-999.250 79.983 74.999 74.632 76.313 67.089 69.350 64.291 64.778 65.856 70.468 70.442 77.673 86.057 91.368 99.557 93.093 85.069 -999.250 -999.250 -999.250 -999.250 60.622 50.062 42.792 60.806 56.222 55.239 57.938 52.876 50.974 49.265 53.898 54.939 58.537 48.206 42.070 40.809 36.977 41.093 40.190 35.810 34.786 31.100 32.515 30.801 31.263 27.194 29.697 27.396 23.741 26.359 20.455 22.147 22.673 18.687 19.358 20.776 16.025 13.664 17.485 12.685 9.574 8.596 6.200 0.000 8.351 12.879
-999.250 70.030 82.925 78.838 79.348 80.977 73.504 65.978 72.405 68.025 69.744 68.978 85.404 91.726 92.487 115.993 106.006 85.033 -999.250 -999.250 -999.250 52.192 -999.250 42.683 49.774 50.395 41.867 47.517 44.626 45.060 46.805 48.534 47.928 48.242 44.841 43.271 40.386 36.261 39.899 35.130 32.507 31.703 28.063 30.295 32.012 27.897 27.285 29.071 25.471 24.448 25.654 21.878 19.486 20.745 20.578 16.958 15.346 18.223 15.389 15.729 15.007 14.322 12.064 11.730 10.146 6.524 11.224 15.238
-999.250 78.242 81.037 78.664 81.117 86.963 76.154 83.264 74.812 69.383 67.474 65.170 78.986 89.133 88.185 100.228 102.527 -999.250 -999.250 -999.250 -999.250 40.411 38.006 36.658 39.532 40.714 37.457 41.160 41.755 46.659 41.114 41.654 41.970 46.152 40.945 42.263 41.832 32.815 32.073 30.350 31.487 29.508 30.655 24.991 27.328 25.444 27.764 25.121 24.809 20.924 22.782 21.276 21.006 21.310 18.025 15.238 15.432 15.913 15.243 13.579 13.696 14.747 12.957 14.881 15.165 12.593 15.559 15.319
-999.250 77.297 79.798 86.607 86.004 78.905 83.324 70.043 70.108 67.665 60.300 61.440 70.316 72.157 85.074 88.990 92.579 -999.250 -999.250 -999.250 41.981 33.898 29.507 31.001 32.689 38.025 34.712 39.538 45.484 39.716 41.577 46.607 42.982 41.198 38.007 39.428 32.145 32.239 31.372 29.867 29.926 26.840 26.406 29.533 24.982 24.703 20.126 21.682 19.720 21.783 24.833 22.377 20.553 19.390 17.795 14.637 15.292 10.132 12.861 10.594 11.946 16.552 13.979 14.128 15.279 18.119 17.264 17.089
-999.250 -999.250 -999.250 77.184 -999.250 -999.250 75.636 66.651 62.314 -999.250 -999.250 -999.250 61.885 66.019 -999.250 -999.250 -999.250 -999.250 -999.250 -999.250 44.054 36.181 32.071 28.258 28.252 31.434 34.119 35.233 35.386 38.309 35.872 35.636 41.358 39.320 32.142 34.109 34.110 31.728 27.578 25.435 26.610 29.230 26.867 24.797 20.998 18.353 16.404 19.141 19.024 19.842 19.621 21.436 17.411 17.198 13.283 12.940 9.356 9.339 9.825 11.175 16.280 13.681 16.454 16.747 17.837 18.535 19.275 20.335
-999.250 -999.250 -999.250 -999.250 -999.250 -999.250 -999.250 -999.250 -999.250 -999.250 -999.250 -999.250 -999.250 61.402 64.311 64.499 -999.250 -999.250 -999.250 60.038 50.306 37.012 30.879 26.804 25.052 24.570 26.497 28.512 31.688 32.176 31.820 31.297 35.893 33.503 31.786 29.846 33.036 29.340 27.971 26.477 25.499 24.490 22.187 19.024 16.147 8.885 13.311 16.775 19.365 16.697 18.589 17.885 16.606 14.868 9.329 7.464 2.293 5.399 4.956 12.634 16.135 17.831 18.553 17.956 19.499 18.897 20.308 19.460
-999.250 -999.250 -999.250 -999.250 -999.250 -999.250 -999.250 -999.250 -999.250 -999.250 -999.250 36.893 45.383 50.729 55.734 56.200 -999.250 -999.250 62.904 66.536 51.368 39.368 30.592 26.216 26.224 22.162 24.125 25.224 29.876 28.266 30.608 29.927 31.811 30.114 30.134 32.492 29.172 30.125 26.078 26.301 23.155 23.905 19.361 18.094 17.446 16.080 16.301 16.041 15.695 19.398 19.831 16.701 15.107 12.045 9.913 6.489 0.000 4.121 6.525 11.644 17.257 17.566 19.547 18.265 19.611 19.248 20.120 20.276
-999.250 -999.250 -999.250 -999.250 -999.250 -999.250 -999.250 -999.250 -999.250 -999.250 -999.250 43.504 45.544 46.614 49.142 47.849 52.799 55.834 63.341 61.759 44.494 35.710 31.319 25.590 25.887 23.910 20.227 24.132 29.183 28.261 28.979 28.848 29.471 27.473 32.986 34.891 30.508 31.214 26.229 25.064 22.439 20.570 18.001 20.384 18.160 16.907 18.536 15.850 17.794 15.696 15.725 14.172 11.405 11.347 9.803 6.078 3.261 5.213 10.258 12.570 16.506 17.337 18.067 21.152 19.014 20.009 20.684 21.228
-999.250 -999.250 -999.250 -999.250 -999.250 -999.250 -999.250 -999.250 -999.250 -999.250 -999.250 -999.250 40.501 42.805 41.646 43.826 43.517 43.926 46.248 49.017 38.638 31.464 29.308 28.306 25.369 26.181 25.725 25.159 28.034 27.837 29.278 29.514 30.566 28.728 32.768 31.222 28.769 26.550 25.673 22.213 26.512 19.903 17.389 18.423 18.372 19.511 16.664 15.913 17.774 17.037 16.054 15.717 12.904 11.636 12.135 10.897 10.862 11.788 11.905 14.780 14.719 18.657 17.300 18.918 19.958 18.958 19.991 22.189
-999.250 -999.250 -999.250 -999.250 -999.250 -999.250 -999.250 -999.250 -999.250 -999.250 -999.250 -999.250 -999.250 36.182 36.990 43.876 42.377 37.643 39.938 33.583 36.598 31.534 25.834 25.901 21.766 26.498 26.933 29.103 27.368 28.097 30.733 28.736 28.768 29.742 28.515 29.572 26.487 23.615 24.647 26.507 22.617 22.723 18.309 20.347 19.378 20.951 17.074 18.201 17.378 16.930 15.816 13.687 14.125 13.582 13.055 14.007 15.315 13.680 15.687 13.522 18.309 16.186 17.080 18.540 19.718 21.261 21.765 20.713
-999.250 -999.250 -999.250 -999.250 -999.250 -999.250 -999.250 -999.250 -999.250 -999.250 -999.250 -999.250 -999.250 34.535 39.032 39.633 33.512 32.065 29.729 32.772 33.096 30.951 30.446 24.904 23.745 28.803 26.241 31.546 29.758 31.079 29.017 28.366 30.638 29.039 28.742 25.688 27.506 29.013 27.059 25.457 23.271 19.260 20.176 20.465 20.706 16.812 18.304 18.100 16.151 17.321 16.689 14.465 15.733 17.496 16.858 15.375 12.490 14.621 16.474 14.325 18.944 17.755 17.976 17.633 22.983 22.599 21.198 22.350
-999.250 -999.250 -999.250 -999.250 -999.250 -999.250 -999.250 -999.250 -999.250 -999.250 -999.250 -999.250 -999.250 30.058 33.627 32.236 32.223 27.495 29.736 28.247 31.397 30.760 28.207 27.670 25.749 25.077 26.421 29.040 29.954 29.426 29.216 30.275 27.436 29.913 25.909 27.548 26.540 27.061 27.151 24.778 23.814 20.176 17.984 19.057 21.889 20.815 17.915 18.997 15.930 15.798 18.447 16.798 14.669 18.352 16.115 14.149 17.163 16.297 14.928 18.192 17.682 18.144 16.795 21.585 22.192 23.662 22.732 21.954
-999.250 -999.250 -999.250 -999.250 -999.250 -999.250 -999.250 -999.250 -999.250 -999.250 -999.250 -999.250 -999.250 -999.250 31.000 30.200 28.672 25.353 23.140 26.495 28.997 27.045 25.855 27.493 29.520 26.967 27.310 27.920 30.295 28.775 32.249 29.844 29.031 24.970 25.778 25.640 22.338 24.214 26.398 23.216 22.741 23.258 24.701 19.969 22.000 22.168 17.178 14.828 17.004 20.107 16.709 16.928 18.216 19.628 17.849 16.606 16.895 17.647 16.694 18.896 19.897 20.766 19.720 20.590 21.532 20.855 19.027 21.971
-999.250 -999.250 -999.250 -999.250 -999.250 -999.250 -999.250 -999.250 -999.250 -999.250 -999.250 -999.250 -999.250 -999.250 29.720 30.016 27.645 26.805 25.253 23.281 26.964 28.027 25.885 26.808 27.946 26.379 27.465 29.123 33.007 31.235 30.696 28.966 28.646 29.567 26.785 27.983 25.485 25.181 23.764 22.280 25.728 23.264 24.160 22.704 22.675 22.064 19.325 15.170 16.866 19.352 20.745 17.944 16.939 21.311 19.564 21.811 18.694 21.237 17.057 16.494 19.631 19.805 18.040 21.774 20.616 22.312 20.490 22.521
-999.250 -999.250 -999.250 -999.250 -999.250 -999.250 -999.250 -999.250 -999.250 -999.250 -999.250 -999.250 -999.250 -999.250 28.798 27.092 28.999 27.134 25.757 26.959 29.768 29.601 25.806 28.318 29.176 28.044 30.287 31.754 32.653 31.729 29.740 30.476 28.493 27.563 29.713 23.652 23.166 27.949 25.826 22.369 24.922 25.384 24.766 22.399 22.874 23.147 19.831 20.490 18.164 18.616 20.772 18.740 19.303 16.900 20.997 21.796 23.265 20.886 18.025 20.097 17.742 19.644 21.333 22.642 19.906 22.512 21.780 20.678
-999.250 -999.250 -999.250 -999.250 -999.250 -999.250 -999.250 -999.250 -999.250 -999.250 -999.250 -999.250 -999.250 -999.250 28.997 28.722 27.705 24.748 24.168 27.024 29.422 28.146 26.190 27.379 27.729 -999.250 27.753 34.043 33.286 30.984 30.965 28.592 29.177 30.778 26.322 25.381 26.948 27.745 25.021 23.751 24.610 23.229 21.223 21.052 22.028 19.228 22.865 22.967 19.705 18.236 19.501 18.825 17.935 18.824 19.713 21.400 21.105 19.724 19.330 18.841 17.092 17.696 18.678 20.363 20.439 20.828 20.012 19.894
-999.250 -999.250 -999.250 -999.250 -999.250 -999.250 -999.250 -999.250 -999.250 -999.250 -999.250 -999.250 -999.250 -999.250 27.488 26.594 26.873 26.700 26.339 26.218 25.894 23.687 25.934 -999.250 -999.250 -999.250 27.981 29.086 31.796 30.443 27.873 28.703 29.366 28.271 29.565 26.187 27.629 25.938 24.633 26.837 25.472 22.903 25.744 24.447 23.303 20.777 20.949 19.907 19.297 20.960 20.010 20.999 18.511 20.166 19.092 18.969 18.669 17.900 17.285 19.602 19.088 18.856 19.232 17.500 18.979 21.123 21.386 19.688
-999.250 -999.250 -999.250 -999.250 -999.250 -999.250 -999.250 -999.250 -999.250 -999.250 -999.250 -999.250 -999.250 26.135 29.304 26.420 25.348 26.106 25.680 27.871 23.368 24.511 -999.250 -999.250 -999.250 -999.250 -999.250 27.887 28.258 32.581 31.002 29.775 30.762 28.163 28.503 27.855 25.434 26.345 27.844 28.683 24.212 22.954 24.331 23.674 24.820 23.212 21.834 20.853 17.531 19.158 21.649 20.131 19.748 20.434 19.981 19.326 17.546 18.465 19.475 17.577 16.507 17.176 19.502 20.741 21.262 19.322 21.806 21.795
-999.250 -999.250 -999.250 -999.250 -999.250 -999.250 -999.250 -999.250 -999.250 -999.250 -999.250 -999.250 -999.250 23.337 24.889 25.888 24.245 26.484 23.791 24.548 -999.250 -999.250 -999.250 -999.250 -999.250 -999.250 -999.250 -999.250 30.137 31.379 30.331 30.854 31.145 27.969 26.262 29.521 27.854 27.611 27.724 27.472 22.727 22.072 24.601 26.049 23.886 21.129 20.764 21.583 20.279 19.820 19.454 17.866 16.041 17.168 17.787 17.439 18.845 18.210 17.918 18.484 17.901 18.030 20.763 19.222 18.425 17.488 20.001 20.431
-999.250 -999.250 -999.250 -999.250 -999.250 -999.250 -999.250 -999.250 -999.250 -999.250 -999.250 -999.250 21.780 21.686 -999.250 -999.250 -999.250 -999.250 -999.250 -999.250 -999.250 -999.250 -999.250 -999.250 -999.250 -999.250 -999.250 -999.250 -999.250 28.890 29.195 29.614 28.748 29.673 29.457 29.450 25.502 26.833 29.416 26.097 26.575 22.422 23.477 21.955 19.619 21.276 23.245 20.877 18.738 20.620 21.110 16.643 14.658 18.741 18.481 18.207 19.379 20.480 16.861 15.759 17.166 18.976 15.470 19.156 18.409 19.694 21.093 20.168
-999.250 -999.250 -999.250 -999.250 -999.250 -999.250 -999.250 -999.250 -999.250 -999.250 -999.250 -999.250 -999.250 -999.250 -999.250 -999.250 -999.250 -999.250 -999.250 -999.250 -999.250 -999.250 -999.250 -999.250 -999.250 -999.250 -999.250 -999.250 -999.250 -999.250 27.630 24.110 28.901 27.969 28.845 26.427 24.256 28.613 27.985 26.091 24.650 27.025 27.231 24.208 23.162 22.729 22.289 21.229 20.300 21.865 20.694 19.797 18.241 16.789 19.283 19.043 19.054 18.033 18.936 17.648 16.196 15.389 16.945 17.786 17.935 18.229 20.103 21.012
-999.250 -999.250 -999.250 -999.250 -999.250 -999.250 -999.250 -999.250 -999.250 -999.250 -999.250 -999.250 -999.250 -999.250 -999.250 -999.250 -999.250 -999.250 -999.250 -999.250 -999.250 -999.250 -999.250 -999.250 -999.250 -999.250 -999.250 -999.250 -999.250 -999.250 25.698 25.978 29.416 26.636 26.094 25.055 26.576 28.383 27.067 26.730 25.840 26.335 26.069 27.542 26.165 23.509 22.638 20.349 20.911 19.421 17.288 17.653 18.319 20.776 20.852 19.200 21.717 18.586 18.399 19.289 18.248 18.402 17.404 17.702 17.836 14.678 17.275 17.214
-999.250 -999.250 -999.250 -999.250 -999.250 -999.250 -999.250 -999.250 -999.250 -999.250 -999.250 -999.250 -999.250 -999.250 -999.250 -999.250 -999.250 -999.250 -999.250 -999.250 -999.250 -999.250 -999.250 -999.250 -999.250 -999.250 -999.250 -999.250 -999.250 -999.250 26.605 29.175 28.756 26.473 27.068 28.753 30.012 28.025 28.834 24.330 28.175 27.142 27.568 27.353 26.477 24.956 24.816 22.920 20.145 18.585 16.896 17.913 16.709 19.825 18.705 16.041 17.977 16.848 17.713 19.167 19.586 14.847 14.019 15.724 13.688 13.146 16.848 17.591
