data/medianmodel_26-Jan-2021.asc
ncols	141
nrows	288
xllcorner	-120191.398
yllcorner	-301404.813
cellsize	2000.000
NODATA_value	-999.250
[rows 0 to 27 of 288, columns 63 to 125 of 141]
-999.250 -999.250 -999.250 -999.250 -999.250 -999.250 -999.250 -999.250 -999.250 -999.250 -999.250 -999.250 -999.250 -999.250 -999.250 -999.250 -999.250 -999.250 -999.250 -999.250 -999.250 -999.250 -999.250 -999.250 -999.250 -999.250 -999.250 -999.250 -999.250 -999.250 -999.250 -999.250 -999.250 -999.250 -999.250 -999.250 -999.250 -999.250 -999.250 -999.250 -999.250 -999.250 -999.250 -999.250 -999.250 -999.250 -999.250 -999.250 -999.250 -999.250 -999.250 -999.250 -999.250 -999.250 -999.250 -999.250 -999.250 -999.250 -999.250 -999.250 -999.250 -999.250 -999.250
-999.250 -999.250 -999.250 -999.250 -999.250 -999.250 -999.250 -999.250 -999.250 -999.250 -999.250 -999.250 -999.250 -999.250 -999.250 -999.250 -999.250 -999.250 -999.250 -999.250 -999.250 -999.250 -999.250 -999.250 -999.250 -999.250 -999.250 -999.250 -999.250 -999.250 -999.250 -999.250 -999.250 -999.250 -999.250 -999.250 -999.250 -999.250 -999.250 -999.250 -999.250 -999.250 -999.250 -999.250 -999.250 -999.250 -999.250 -999.250 -999.250 -999.250 -999.250 -999.250 -999.250 -999.250 -999.250 -999.250 -999.250 -999.250 -999.250 -999.250 -999.250 -999.250 -999.250
-999.250 -999.250 -999.250 -999.250 -999.250 -999.250 -999.250 -999.250 -999.250 -999.250 -999.250 -999.250 -999.250 -999.250 -999.250 -999.250 -999.250 -999.250 -999.250 -999.250 -999.250 -999.250 -999.250 -999.250 -999.250 -999.250 -999.250 -999.250 -999.250 -999.250 -999.250 -999.250 -999.250 -999.250 -999.250 -999.250 -999.250 -999.250 -999.250 -999.250 -999.250 -999.250 -999.250 -999.250 -999.250 -999.250 -999.250 -999.250 -999.250 -999.250 -999.250 -999.250 -999.250 -999.250 -999.250 -999.250 -999.250 -999.250 -999.250 -999.250 -999.250 -999.250 -999.250
-999.250 -999.250 -999.250 -999.250 -999.250 -999.250 -999.250 -999.250 -999.250 -999.250 -999.250 -999.250 -999.250 -999.250 -999.250 -999.250 -999.250 -999.250 -999.250 -999.250 -999.250 -999.250 -999.250 -999.250 -999.250 -999.250 -999.250 -999.250 -999.250 -999.250 -999.250 -999.250 -999.250 -999.250 -999.250 -999.250 -999.250 -999.250 -999.250 -999.250 -999.250 -999.250 -999.250 -999.250 -999.250 -999.250 -999.250 -999.250 -999.250 -999.250 -999.250 -999.250 -999.250 -999.250 -999.250 -999.250 -999.250 -999.250 -999.250 -999.250 -999.250 -999.250 -999.250
-999.250 -999.250 -999.250 -999.250 -999.250 -999.250 -999.250 -999.250 -999.250 -999.250 -999.250 -999.250 -999.250 -999.250 -999.250 -999.250 -999.250 -999.250 -999.250 -999.250 -999.250 -999.250 -999.250 -999.250 -999.250 -999.250 -999.250 -999.250 -999.250 -999.250 -999.250 -999.250 -999.250 -999.250 -999.250 -999.250 -999.250 -999.250 -999.250 -999.250 -999.250 -999.250 -999.250 -999.250 -999.250 -999.250 -999.250 -999.250 -999.250 -999.250 -999.250 -999.250 -999.250 -999.250 -999.250 -999.250 -999.250 -999.250 -999.250 -999.250 -999.250 -999.250 -999.250
-999.250 -999.250 -999.250 -999.250 -999.250 -999.250 -999.250 -999.250 -999.250 -999.250 -999.250 -999.250 -999.250 -999.250 -999.250 -999.250 -999.250 -999.250 -999.250 -999.250 -999.250 -999.250 -999.250 -999.250 -999.250 -999.250 -999.250 -999.250 -999.250 -999.250 -999.250 -999.250 -999.250 -999.250 -999.250 -999.250 -999.250 -999.250 -999.250 -999.250 -999.250 -999.250 -999.250 -999.250 -999.250 -999.250 -999.250 -999.250 -999.250 -999.250 -999.250 -999.250 -999.250 -999.250 -999.250 -999.250 -999.250 -999.250 -999.250 -999.250 -999.250 -999.250 -999.250
-999.250 -999.250 -999.250 -999.250 -999.250 -999.250 -999.250 -999.250 -999.250 -999.250 -999.250 -999.250 -999.250 -999.250 -999.250 -999.250 -999.250 -999.250 -999.250 -999.250 -999.250 -999.250 -999.250 -999.250 -999.250 -999.250 -999.250 -999.250 -999.250 -999.250 -999.250 -999.250 -999.250 -999.250 -999.250 -999.250 -999.250 -999.250 -999.250 -999.250 -999.250 -999.250 -999.250 -999.250 -999.250 -999.250 -999.250 -999.250 -999.250 -999.250 -999.250 -999.250 -999.250 -999.250 -999.250 -999.250 -999.250 -999.250 -999.250 -999.250 -999.250 -999.250 -999.250
-999.250 -999.250 -999.250 -999.250 -999.250 -999.250 -999.250 -999.250 -999.250 -999.250 -999.250 -999.250 -999.250 -999.250 -999.250 -999.250 -999.250 -999.250 -999.250 -999.250 -999.250 -999.250 -999.250 -999.250 -999.250 -999.250 -999.250 -999.250 -999.250 -999.250 -999.250 -999.250 -999.250 -999.250 -999.250 -999.250 -999.250 -999.250 -999.250 -999.250 -999.250 -999.250 -999.250 -999.250 -999.250 -999.250 -999.250 -999.250 -999.250 -999.250 -999.250 -999.250 -999.250 -999.250 -999.250 -999.250 -999.250 -999.250 -999.250 -999.250 -999.250 -999.250 -999.250
-999.250 -999.250 -999.250 -999.250 -999.250 -999.250 -999.250 -999.250 -999.250 -999.250 -999.250 -999.250 -999.250 -999.250 -999.250 -999.250 -999.250 -999.250 -999.250 -999.250 -999.250 -999.250 -999.250 -999.250 -999.250 -999.250 -999.250 -999.250 -999.250 -999.250 -999.250 -999.250 -999.250 -999.250 -999.250 -999.250 -999.250 -999.250 -999.250 -999.250 -999.250 -999.250 -999.250 -999.250 -999.250 -999.250 -999.250 -999.250 -999.250 -999.250 -999.250 1928.323 -999.250 -999.250 -999.250 -999.250 -999.250 -999.250 -999.250 -999.250 -999.250 -999.250 -999.250
-999.250 -999.250 -999.250 -999.250 -999.250 -999.250 -999.250 -999.250 -999.250 -999.250 -999.250 -999.250 -999.250 -999.250 -999.250 -999.250 -999.250 -999.250 -999.250 -999.250 -999.250 -999.250 -999.250 -999.250 -999.250 -999.250 -999.250 -999.250 -999.250 -999.250 -999.250 -999.250 -999.250 -999.250 -999.250 -999.250 1772.346 1767.566 1913.653 1954.680 -999.250 -999.250 -999.250 -999.250 2008.514 -999.250 -999.250 -999.250 -999.250 -999.250 -999.250 1961.943 1889.418 -999.250 -999.250 -999.250 -999.250 -999.250 -999.250 -999.250 -999.250 -999.250 -999.250
-999.250 -999.250 -999.250 -999.250 -999.250 -999.250 -999.250 -999.250 -999.250 -999.250 -999.250 -999.250 -999.250 -999.250 -999.250 -999.250 -999.250 -999.250 -999.250 -999.250 -999.250 -999.250 -999.250 -999.250 -999.250 -999.250 -999.250 -999.250 -999.250 -999.250 -999.250 -999.250 -999.250 -999.250 -999.250 -999.250 1778.176 1823.624 1880.212 1911.035 -999.250 -999.250 -999.250 2035.089 2000.851 1984.446 -999.250 -999.250 -999.250 -999.250 -999.250 1939.353 1871.575 1776.784 -999.250 -999.250 -999.250 -999.250 -999.250 -999.250 1646.335 1583.014 -999.250
-999.250 -999.250 -999.250 -999.250 -999.250 -999.250 -999.250 -999.250 -999.250 -999.250 -999.250 -999.250 -999.250 -999.250 -999.250 -999.250 -999.250 -999.250 -999.250 -999.250 -999.250 -999.250 -999.250 -999.250 -999.250 -999.250 -999.250 -999.250 -999.250 -999.250 -999.250 -999.250 -999.250 -999.250 -999.250 -999.250 1711.046 1763.076 1868.215 1853.678 1914.371 2026.289 1981.576 2015.141 2069.732 1960.551 2009.218 2029.037 2053.291 1953.106 1933.827 1921.769 1857.614 1814.694 1691.109 1727.003 1670.698 1649.147 1565.277 1544.366 1618.668 1595.755 -999.250
-999.250 -999.250 -999.250 -999.250 -999.250 -999.250 1874.064 -999.250 -999.250 -999.250 -999.250 -999.250 -999.250 -999.250 -999.250 -999.250 -999.250 -999.250 -999.250 -999.250 -999.250 -999.250 -999.250 -999.250 -999.250 -999.250 -999.250 -999.250 -999.250 -999.250 -999.250 -999.250 -999.250 -999.250 -999.250 -999.250 1707.563 1728.465 1781.298 1798.700 1928.514 1947.186 1986.258 2012.197 2014.073 1979.692 2017.754 2020.336 1991.584 1965.523 1983.299 1912.867 1840.048 1808.609 1736.134 1676.924 1605.809 1601.787 1599.359 1513.914 1543.417 1552.880 -999.250
-999.250 -999.250 -999.250 -999.250 -999.250 -999.250 1872.591 -999.250 -999.250 -999.250 -999.250 -999.250 -999.250 -999.250 1676.387 -999.250 -999.250 -999.250 -999.250 -999.250 -999.250 -999.250 -999.250 -999.250 -999.250 -999.250 -999.250 -999.250 -999.250 -999.250 -999.250 -999.250 -999.250 -999.250 -999.250 -999.250 1748.220 1802.601 1797.027 1898.708 1899.764 1887.351 1989.516 1929.359 1984.082 1923.790 1989.953 2004.738 1998.295 1918.509 1847.029 1893.581 1818.314 1799.435 1694.306 1688.955 1621.731 1541.994 1470.647 1462.091 1516.592 1524.630 -999.250
-999.250 -999.250 -999.250 -999.250 -999.250 -999.250 1760.087 -999.250 -999.250 -999.250 -999.250 1732.039 1780.913 1747.426 1749.678 1760.014 -999.250 -999.250 -999.250 -999.250 -999.250 -999.250 -999.250 -999.250 -999.250 -999.250 -999.250 -999.250 -999.250 -999.250 -999.250 -999.250 -999.250 -999.250 -999.250 -999.250 1708.226 1727.908 1778.933 1831.326 1827.117 1857.433 1903.455 1932.160 1963.270 1938.305 1947.300 1955.021 1982.797 1953.720 1824.588 1839.274 1748.260 1669.555 1618.563 1665.778 1543.724 1489.017 1439.272 1496.030 1482.960 1409.507 1376.611
-999.250 -999.250 -999.250 1900.946 1843.823 1759.332 1725.291 -999.250 -999.250 1759.167 1781.343 1765.156 1755.452 1827.852 1760.012 1767.560 1749.942 1691.723 1627.658 -999.250 -999.250 -999.250 -999.250 -999.250 -999.250 -999.250 -999.250 -999.250 -999.250 -999.250 -999.250 -999.250 -999.250 1590.469 1547.147 1563.520 1694.865 1701.359 1800.964 1822.726 1893.866 1941.779 1946.191 1969.112 1976.954 1931.645 1940.079 1896.084 1896.483 1863.739 1823.958 1809.185 1715.235 1697.893 1608.458 1628.073 1512.417 1479.284 1406.075 1391.093 1439.758 1359.976 1267.542
-999.250 -999.250 1800.697 1844.943 1784.067 1744.566 1696.398 -999.250 1697.256 1725.458 1781.037 1829.864 1872.801 1824.629 1828.079 1822.578 1765.661 1831.109 -999.250 -999.250 -999.250 -999.250 -999.250 1362.975 1291.194 -999.250 -999.250 -999.250 1239.588 -999.250 -999.250 1452.443 1510.144 1558.854 1617.999 1634.962 1668.528 1690.774 1706.687 1828.663 1914.368 1915.308 2014.002 2006.580 2000.314 1935.438 1904.355 1917.524 1825.019 1830.928 1773.624 1725.735 1657.309 1588.475 1566.324 1530.426 1412.635 1396.326 1361.749 1369.684 1316.475 1281.430 1264.343
-999.250 -999.250 1773.725 1742.312 1734.863 1706.067 1689.650 1723.201 1730.155 1691.057 1755.219 1827.828 1910.545 1932.495 1929.853 1873.888 1938.828 1940.408 -999.250 -999.250 1666.233 1563.043 1382.202 1354.820 1276.950 1261.980 -999.250 1198.371 1260.362 1274.658 1344.044 1419.786 1526.404 1538.539 1579.827 1559.844 1602.728 1625.668 1738.891 1857.540 1898.245 1912.245 2035.997 2091.402 2035.351 1942.188 1879.469 1881.015 1792.883 1750.727 1768.160 1726.822 1647.018 1553.655 1481.834 1457.853 1357.872 1302.677 1308.948 1293.989 1260.392 1216.595 1277.530
1894.514 1832.646 1812.061 1707.908 1682.484 1704.360 1669.509 1622.811 1657.974 1663.029 1770.907 1884.399 1995.012 1977.999 1993.194 2008.951 1978.871 1960.084 1862.537 1801.047 1693.740 1556.048 1435.496 1319.795 1252.887 1218.069 1243.411 1155.801 1259.682 1217.075 1266.152 1395.998 1363.415 1478.784 1492.760 1599.487 1629.591 1672.975 1747.201 1818.509 1822.739 1848.314 2001.456 1989.059 1950.404 1861.426 1840.879 1764.570 1737.499 1693.852 1687.987 1662.791 1587.083 1536.796 1506.671 1382.822 1358.842 1242.582 1227.871 1191.374 1170.236 1159.400 1147.086
1935.703 1798.681 1732.831 1709.895 1698.586 1668.778 1601.103 1568.072 1537.136 1613.736 1794.249 1912.207 1932.093 2104.133 2059.823 2111.376 2083.014 2085.623 1945.134 1893.113 1771.754 1569.108 1491.359 1307.761 1209.019 1126.947 1132.707 1200.717 1228.039 1237.850 1284.314 1382.969 1383.436 1497.713 1556.292 1565.484 1545.353 1719.648 1788.298 1793.338 1828.636 1842.285 1868.272 1865.824 1874.954 1813.328 1784.998 1780.453 1716.232 1685.015 1654.777 1566.841 1540.733 1492.612 1477.081 1369.584 1357.196 1187.709 1177.500 1187.965 1101.932 1097.180 1108.910
1841.515 1808.993 1738.589 1738.268 1669.579 1659.009 1582.418 1496.487 1496.703 1683.345 1832.314 2009.468 2075.390 2183.183 2252.647 2370.059 2245.285 2246.434 2156.727 1966.703 1911.090 1697.816 1509.638 1331.046 1148.525 1122.987 1121.047 1141.483 1196.563 1221.548 1260.004 1302.464 1417.383 1453.152 1561.496 1504.503 1602.480 1664.592 1762.152 1790.057 1781.836 1770.910 1777.942 1777.484 1747.093 1723.407 1670.290 1698.000 1605.461 1612.938 1591.173 1535.306 1473.406 1427.365 1294.018 1288.012 1269.382 1205.071 1158.502 1099.020 1048.503 1007.783 -999.250
1868.986 1821.101 1786.719 1759.338 1710.785 1673.630 1662.999 1554.743 1433.811 1653.258 1881.464 2013.221 2262.053 2326.583 2447.542 2576.492 2588.423 2531.948 2345.759 2121.553 1969.020 1714.085 1587.184 1293.456 1075.159 1115.820 1135.115 1170.791 1218.535 1220.519 1335.091 1360.161 1446.499 1520.151 1499.830 1514.744 1523.422 1598.613 1699.032 1713.569 1745.943 1719.131 1775.688 1764.527 1687.060 1707.000 1666.966 1627.973 1593.818 1543.358 1504.053 1431.976 1331.796 1278.877 1313.513 1234.681 1187.975 1191.989 1171.390 1043.051 1070.087 1009.026 -999.250
1810.051 1829.892 1830.846 1765.529 1796.006 1747.845 1719.118 1618.901 1701.949 1769.504 1947.450 2155.696 2298.152 2550.637 2688.459 2774.004 2778.326 2760.855 2682.906 2278.976 1965.153 1815.574 1617.216 1409.230 1267.612 1191.118 1200.865 1230.693 1230.844 1265.533 1355.630 1383.648 1411.213 1434.316 1504.434 1461.606 1547.554 1524.681 1638.986 1617.633 1670.564 1606.001 1717.514 1641.182 1612.649 1674.046 1632.262 1612.546 1555.670 1479.044 1501.668 1371.263 1326.641 1223.594 1211.086 1206.167 1150.937 1110.646 1069.827 1027.350 987.874 935.675 -999.250
1791.458 1833.590 1828.318 1786.295 1743.620 1795.319 1770.631 1848.327 1824.492 1898.996 2083.787 2195.348 2517.581 2688.492 2947.284 2978.984 2977.068 2979.904 2815.621 2528.018 2101.466 1907.971 1713.154 1496.958 1389.729 1285.313 1337.120 1269.459 1268.077 1249.555 1309.813 1359.741 1333.236 1369.386 1432.630 1401.647 1500.629 1515.812 1548.799 1512.990 1550.954 1496.406 1570.725 1617.274 1626.117 1631.965 1603.851 1513.350 1513.526 1456.459 1385.687 1387.037 1319.167 1258.823 1231.981 1180.133 1074.938 1060.324 1041.963 1037.216 959.219 906.588 -999.250
1800.723 1794.534 1801.369 1799.699 1815.030 1881.720 1906.756 1904.868 1959.270 2019.177 2193.252 2383.747 2560.313 2760.902 2915.049 3059.378 3381.352 3130.681 2892.280 2513.783 2229.427 1985.668 1814.070 1605.765 1496.776 1435.104 1350.225 1331.351 1308.256 1303.663 1293.170 1354.323 1379.886 1405.873 1418.778 1463.440 1513.521 1449.084 1530.992 1480.967 1513.014 1474.106 1470.633 1520.588 1525.213 1548.517 1531.410 1444.118 1424.008 1372.702 1335.973 1342.312 1299.396 1256.320 1228.696 1147.744 1092.664 1053.671 986.018 946.522 909.123 839.569 -999.250
1809.576 1841.374 1843.190 1855.453 1842.103 1904.414 1929.033 2037.361 2112.408 2190.492 2226.096 2549.882 2641.576 2795.829 2924.640 3082.497 3088.321 2974.435 2790.144 2512.622 2112.055 1957.556 1839.262 1680.019 1551.556 1509.350 1432.381 1381.406 1376.642 1339.609 1394.675 1416.082 1435.034 1472.260 1416.051 1469.584 1439.919 1468.496 1477.977 1497.941 1393.100 1393.531 1429.803 1443.757 1437.099 1439.845 1422.401 1387.271 1397.360 1373.833 1336.199 1308.226 1272.558 1232.413 1098.916 1068.958 1060.690 1018.284 924.202 900.544 833.675 769.459 698.207
1888.741 1883.570 1867.057 1863.921 1890.395 1907.753 1954.483 2056.883 2152.970 2328.441 2414.316 2527.855 2669.078 2782.664 2953.011 2978.653 2907.201 2823.421 2594.871 2381.679 2098.017 1969.409 1884.278 1692.429 1615.960 1523.683 1488.931 1501.846 1417.426 1415.968 1422.078 1414.771 1432.297 1402.919 1421.675 1406.255 1427.404 1488.782 1437.165 1396.408 1413.628 1356.074 1354.086 1330.626 1346.806 1338.126 1343.910 1320.431 1326.158 1343.478 1272.584 1270.162 1241.433 1219.240 1177.603 1095.221 1062.315 1002.265 949.825 906.882 821.094 762.953 726.079
1846.474 1855.760 1914.788 1843.913 1920.960 1988.644 2013.192 2098.963 2190.827 2322.943 2572.725 2526.121 2716.478 2695.800 2817.917 2844.463 2758.227 2586.600 2335.255 2126.638 2038.641 1969.889 1823.268 1672.806 1647.729 1603.214 1569.731 1465.705 1473.292 1471.154 1439.091 1391.773 1398.253 1402.457 1424.821 1421.368 1445.927 1434.314 1400.045 1372.534 1348.696 1306.101 1341.883 1271.856 1285.488 1280.820 1265.135 1232.299 1287.941 1205.873 1257.497 1234.892 1245.754 1260.951 1157.511 1120.455 1062.650 1021.094 966.068 873.365 801.990 784.716 715.601
