data/medianmodel_28-Jul-2020.asc
ncols	141
nrows	288
xllcorner	-120191.398
yllcorner	-301404.813
cellsize	2000.000
NODATA_value	-999.250
[rows 31 to 61 of 288, columns 0 to 68 of 141]
-999.250 -999.250 -999.250 -999.250 -999.250 -999.250 -999.250 -999.250 -999.250 -999.250 -999.250 -999.250 -999.250 -999.250 -999.250 -999.250 -999.250 -999.250 -999.250 -999.250 -999.250 -999.250 -999.250 -999.250 -999.250 -999.250 -999.250 -999.250 -999.250 -999.250 -999.250 -999.250 0.000 0.000 0.000 0.000 0.000 0.000 0.000 0.000 0.000 0.000 0.000 0.000 0.000 0.000 0.084 1.212 2.159 3.524 4.607 6.774 4.772 6.317 9.303 5.533 1.701 0.000 0.000 0.000 0.000 0.000 0.000 0.000 0.000 0.000 0.000 0.000 0.000
-999.250 -999.250 -999.250 -999.250 -999.250 -999.250 -999.250 -999.250 -999.250 -999.250 -999.250 -999.250 -999.250 -999.250 -999.250 -999.250 -999.250 -999.250 -999.250 -999.250 -999.250 -999.250 -999.250 -999.250 -999.250 -999.250 -999.250 -999.250 -999.250 -999.250 -999.250 -999.250 0.000 0.000 0.000 0.000 0.000 0.000 0.000 0.000 0.000 0.000 0.000 0.000 0.000 0.000 0.858 3.253 3.836 4.450 3.866 4.395 4.935 6.162 6.288 4.042 0.702 0.000 0.000 0.000 0.000 0.000 0.000 0.000 0.000 0.000 0.000 0.000 0.000
-999.250 -999.250 -999.250 -999.250 -999.250 -999.250 -999.250 -999.250 -999.250 -999.250 -999.250 -999.250 -999.250 -999.250 -999.250 -999.250 -999.250 -999.250 -999.250 -999.250 -999.250 -999.250 -999.250 -999.250 -999.250 -999.250 -999.250 -999.250 -999.250 -999.250 -999.250 -999.250 0.000 0.000 0.000 0.000 0.000 0.000 0.000 0.000 0.861 0.000 0.000 0.000 0.000 0.000 1.900 3.120 6.569 5.604 2.951 4.111 3.318 5.190 3.704 3.318 0.000 0.000 0.000 0.000 0.000 0.000 0.000 0.000 0.000 0.000 0.000 0.000 0.000
-999.250 -999.250 -999.250 -999.250 -999.250 -999.250 -999.250 -999.250 -999.250 -999.250 -999.250 -999.250 -999.250 -999.250 -999.250 -999.250 -999.250 -999.250 -999.250 -999.250 -999.250 -999.250 -999.250 -999.250 -999.250 -999.250 -999.250 -999.250 -999.250 -999.250 -999.250 -999.250 0.000 0.000 0.000 0.000 0.000 0.000 0.000 0.000 0.000 0.000 0.000 0.000 0.000 0.000 1.647 1.748 3.303 3.181 2.212 2.524 3.185 2.768 0.806 0.735 0.000 0.000 0.000 0.000 0.000 0.000 0.000 0.000 0.000 0.000 0.000 0.000 0.000
-999.250 -999.250 -999.250 -999.250 -999.250 -999.250 -999.250 -999.250 -999.250 -999.250 -999.250 -999.250 -999.250 -999.250 -999.250 -999.250 -999.250 -999.250 -999.250 -999.250 -999.250 -999.250 -999.250 -999.250 -999.250 -999.250 -999.250 -999.250 -999.250 -999.250 -999.250 -999.250 0.000 0.000 0.000 0.000 0.000 0.000 0.000 0.000 0.000 0.000 0.000 0.000 0.000 0.000 0.845 1.426 2.093 1.823 1.755 1.335 1.784 1.716 0.105 0.000 0.000 0.000 0.000 0.000 0.000 0.000 0.000 0.000 0.000 0.000 0.000 0.000 0.000
-999.250 -999.250 -999.250 -999.250 -999.250 -999.250 -999.250 -999.250 -999.250 -999.250 -999.250 -999.250 -999.250 -999.250 -999.250 -999.250 -999.250 -999.250 -999.250 -999.250 -999.250 -999.250 -999.250 -999.250 -999.250 -999.250 -999.250 -999.250 -999.250 -999.250 -999.250 -999.250 1.755 2.030 1.281 0.724 1.957 1.983 1.208 1.612 1.585 0.000 0.000 0.104 0.000 0.001 0.337 0.809 1.432 1.828 0.960 0.954 1.147 1.214 0.000 0.000 0.000 0.000 0.000 0.000 0.000 0.000 0.000 0.000 0.000 0.000 0.000 0.000 0.000
-999.250 -999.250 -999.250 -999.250 -999.250 -999.250 -999.250 -999.250 -999.250 -999.250 -999.250 -999.250 -999.250 -999.250 -999.250 -999.250 -999.250 -999.250 -999.250 -999.250 -999.250 -999.250 -999.250 -999.250 -999.250 -999.250 -999.250 -999.250 -999.250 -999.250 -999.250 -999.250 -999.250 5.547 4.878 3.507 3.591 6.258 4.916 4.613 3.435 1.824 1.589 0.729 0.000 0.673 0.008 0.338 0.049 0.547 1.395 0.581 1.467 2.302 1.047 0.000 0.000 0.000 0.000 0.000 0.000 0.000 0.000 0.000 0.000 0.000 0.000 0.000 0.000
-999.250 -999.250 -999.250 -999.250 -999.250 -999.250 -999.250 -999.250 -999.250 -999.250 -999.250 -999.250 -999.250 -999.250 -999.250 -999.250 -999.250 -999.250 -999.250 -999.250 -999.250 -999.250 -999.250 -999.250 -999.250 -999.250 -999.250 -999.250 -999.250 -999.250 -999.250 -999.250 -999.250 7.938 7.303 7.614 9.041 8.810 8.047 8.895 6.724 5.701 4.601 4.030 2.004 0.781 0.050 0.284 0.734 0.909 1.776 2.114 3.243 4.039 3.450 0.415 0.000 0.000 2.081 0.000 0.000 0.000 0.000 0.000 0.000 0.000 0.000 0.000 0.000
-999.250 -999.250 -999.250 -999.250 -999.250 -999.250 -999.250 -999.250 -999.250 -999.250 -999.250 -999.250 -999.250 -999.250 -999.250 -999.250 -999.250 -999.250 -999.250 -999.250 -999.250 -999.250 -999.250 -999.250 -999.250 -999.250 -999.250 -999.250 -999.250 -999.250 -999.250 -999.250 8.583 10.808 12.812 12.248 13.610 15.267 12.875 10.685 9.623 6.693 4.741 5.688 5.212 2.971 2.131 1.505 0.843 1.963 2.589 3.872 5.909 7.691 5.691 3.828 1.816 1.255 0.000 0.000 0.000 0.000 0.000 0.000 0.000 0.000 0.000 0.000 0.000
-999.250 -999.250 -999.250 -999.250 -999.250 -999.250 -999.250 -999.250 -999.250 -999.250 -999.250 -999.250 -999.250 -999.250 -999.250 -999.250 -999.250 -999.250 -999.250 -999.250 -999.250 -999.250 -999.250 -999.250 -999.250 -999.250 -999.250 -999.250 -999.250 -999.250 -999.250 -999.250 12.512 14.046 15.578 22.184 21.237 18.624 15.493 12.958 9.956 8.764 9.792 9.879 10.477 5.235 2.702 2.382 2.367 4.459 7.302 9.430 10.282 10.616 8.779 6.892 4.452 1.807 1.055 0.000 0.000 0.000 0.000 0.000 0.000 0.000 0.000 0.000 0.000
-999.250 -999.250 -999.250 -999.250 -999.250 -999.250 -999.250 -999.250 -999.250 -999.250 -999.250 -999.250 -999.250 -999.250 -999.250 -999.250 -999.250 -999.250 -999.250 -999.250 -999.250 -999.250 -999.250 -999.250 -999.250 -999.250 -999.250 -999.250 -999.250 -999.250 -999.250 -999.250 -999.250 18.653 25.484 29.477 29.920 26.402 23.804 16.456 13.640 10.092 10.091 11.758 13.670 7.876 3.236 2.783 2.126 5.393 8.904 11.623 15.982 15.422 11.402 8.818 5.665 4.122 1.936 0.037 0.000 0.000 0.000 0.000 0.000 0.000 0.000 0.000 0.000
-999.250 -999.250 -999.250 -999.250 -999.250 -999.250 -999.250 -999.250 -999.250 -999.250 -999.250 -999.250 -999.250 -999.250 -999.250 -999.250 -999.250 -999.250 -999.250 -999.250 -999.250 -999.250 -999.250 -999.250 -999.250 -999.250 -999.250 -999.250 -999.250 -999.250 -999.250 -999.250 -999.250 30.409 35.666 50.872 50.102 35.403 30.366 23.052 12.821 12.171 10.747 9.696 8.351 5.719 2.231 1.853 3.523 6.100 11.871 14.717 29.292 17.616 12.829 10.201 9.229 6.939 3.966 1.535 0.000 0.000 0.000 0.000 0.000 0.000 0.000 0.000 0.000
-999.250 -999.250 -999.250 -999.250 -999.250 -999.250 -999.250 -999.250 -999.250 -999.250 -999.250 -999.250 -999.250 -999.250 -999.250 -999.250 -999.250 -999.250 -999.250 -999.250 -999.250 -999.250 -999.250 -999.250 -999.250 -999.250 -999.250 -999.250 -999.250 -999.250 -999.250 -999.250 -999.250 47.559 54.694 76.131 62.372 45.793 39.921 25.973 15.321 11.312 9.841 4.884 4.437 1.240 0.790 2.939 3.692 6.649 10.513 17.584 20.690 17.016 13.955 10.297 7.945 10.634 5.276 1.780 0.000 0.000 0.000 0.000 0.000 0.000 0.000 0.000 0.000
-999.250 -999.250 -999.250 -999.250 -999.250 -999.250 -999.250 -999.250 -999.250 -999.250 -999.250 -999.250 -999.250 -999.250 -999.250 -999.250 -999.250 -999.250 -999.250 -999.250 -999.250 -999.250 -999.250 -999.250 -999.250 -999.250 -999.250 -999.250 -999.250 -999.250 -999.250 -999.250 -999.250 -999.250 70.550 86.359 69.442 58.310 35.793 21.352 16.397 10.149 7.064 3.921 0.423 0.000 0.000 0.677 4.915 6.182 9.857 13.683 15.313 14.573 12.028 9.290 7.877 6.118 4.680 1.879 0.000 0.000 0.000 0.000 0.000 0.000 0.000 0.000 0.000
-999.250 -999.250 -999.250 -999.250 -999.250 -999.250 -999.250 -999.250 -999.250 -999.250 -999.250 -999.250 -999.250 -999.250 -999.250 -999.250 -999.250 -999.250 -999.250 -999.250 -999.250 -999.250 -999.250 -999.250 -999.250 -999.250 -999.250 -999.250 -999.250 -999.250 -999.250 -999.250 -999.250 -999.250 73.428 78.014 73.055 49.690 39.956 17.239 14.139 7.299 4.389 2.603 0.000 0.000 0.000 1.228 3.638 7.066 11.139 12.149 12.522 11.296 10.004 8.342 6.884 4.928 3.832 0.962 0.000 0.000 0.000 0.000 0.000 0.000 0.000 0.000 0.000
-999.250 -999.250 -999.250 -999.250 -999.250 -999.250 -999.250 -999.250 -999.250 -999.250 -999.250 -999.250 -999.250 -999.250 -999.250 -999.250 -999.250 -999.250 -999.250 -999.250 -999.250 -999.250 -999.250 -999.250 -999.250 -999.250 -999.250 -999.250 -999.250 -999.250 -999.250 -999.250 -999.250 -999.250 60.788 68.795 66.345 47.107 29.751 17.902 12.589 6.908 2.966 0.000 0.000 0.000 0.000 0.566 3.427 8.321 14.102 11.235 10.886 10.367 9.703 8.294 5.477 3.350 2.703 0.625 0.000 0.000 0.000 0.000 0.000 0.000 0.000 0.000 0.000
-999.250 -999.250 -999.250 -999.250 -999.250 -999.250 -999.250 -999.250 -999.250 -999.250 -999.250 -999.250 -999.250 -999.250 -999.250 -999.250 -999.250 -999.250 -999.250 -999.250 -999.250 -999.250 -999.250 -999.250 -999.250 -999.250 -999.250 -999.250 -999.250 -999.250 -999.250 -999.250 -999.250 -999.250 47.251 46.030 36.352 32.208 22.716 15.417 9.291 6.584 0.915 0.000 0.000 0.000 0.000 1.383 3.552 5.459 8.864 10.294 9.543 7.584 10.694 6.815 4.550 4.327 2.979 0.056 0.000 0.000 0.000 0.000 0.000 0.000 0.000 0.000 0.000
-999.250 -999.250 -999.250 -999.250 -999.250 -999.250 -999.250 -999.250 -999.250 -999.250 -999.250 -999.250 -999.250 -999.250 -999.250 -999.250 -999.250 -999.250 -999.250 -999.250 -999.250 -999.250 -999.250 -999.250 -999.250 -999.250 -999.250 -999.250 -999.250 -999.250 -999.250 -999.250 -999.250 -999.250 -999.250 26.788 23.389 19.828 16.819 12.668 8.420 4.986 1.996 0.353 0.000 0.000 0.477 2.571 3.122 4.553 5.486 7.280 7.806 6.621 6.430 5.499 3.797 3.278 2.403 0.915 0.243 0.000 1.880 0.000 0.000 0.000 0.000 0.000 0.000
-999.250 -999.250 -999.250 -999.250 -999.250 -999.250 -999.250 -999.250 -999.250 -999.250 -999.250 -999.250 -999.250 -999.250 -999.250 -999.250 -999.250 -999.250 -999.250 -999.250 -999.250 -999.250 -999.250 -999.250 -999.250 -999.250 -999.250 -999.250 -999.250 -999.250 -999.250 -999.250 -999.250 -999.250 -999.250 22.027 16.077 18.756 12.531 11.111 10.257 6.487 5.762 3.285 0.173 0.473 1.106 2.988 3.004 2.471 4.621 4.179 5.020 4.726 4.364 4.059 3.994 2.609 1.945 1.507 0.828 0.853 0.000 0.000 0.000 0.000 0.000 0.000 0.000
-999.250 -999.250 -999.250 -999.250 -999.250 -999.250 -999.250 -999.250 -999.250 -999.250 -999.250 -999.250 -999.250 -999.250 -999.250 -999.250 -999.250 -999.250 -999.250 -999.250 -999.250 -999.250 -999.250 -999.250 -999.250 -999.250 -999.250 -999.250 -999.250 -999.250 -999.250 -999.250 -999.250 -999.250 -999.250 11.456 10.393 11.272 10.846 15.111 9.708 9.287 9.319 6.188 3.782 2.971 3.110 1.719 2.297 2.746 1.893 2.721 2.315 3.417 1.828 2.334 3.447 4.397 2.601 3.951 3.453 1.078 0.000 0.000 0.000 0.000 0.000 0.000 0.000
-999.250 -999.250 -999.250 -999.250 -999.250 -999.250 -999.250 -999.250 -999.250 -999.250 -999.250 -999.250 -999.250 -999.250 -999.250 -999.250 -999.250 -999.250 -999.250 -999.250 -999.250 -999.250 -999.250 -999.250 -999.250 -999.250 -999.250 -999.250 -999.250 -999.250 -999.250 -999.250 -999.250 -999.250 -999.250 9.105 6.641 7.010 5.703 7.656 8.718 9.776 12.315 8.054 6.010 3.370 3.808 1.409 2.793 2.941 2.994 2.042 1.917 3.322 1.241 0.838 2.493 3.648 4.002 4.015 4.985 2.006 0.372 0.000 0.000 0.000 0.000 0.000 0.000
-999.250 -999.250 -999.250 -999.250 -999.250 -999.250 -999.250 -999.250 -999.250 -999.250 -999.250 -999.250 -999.250 -999.250 -999.250 -999.250 -999.250 -999.250 -999.250 -999.250 -999.250 -999.250 -999.250 -999.250 -999.250 -999.250 -999.250 -999.250 -999.250 -999.250 -999.250 -999.250 -999.250 -999.250 -999.250 7.407 5.034 5.478 3.914 4.327 6.145 8.420 8.110 6.340 4.636 3.508 3.570 2.205 2.334 5.809 2.841 1.707 2.096 1.633 1.158 2.599 2.746 3.851 5.004 7.157 6.479 3.892 1.773 2.233 0.000 0.000 0.278 0.000 0.000
-999.250 -999.250 -999.250 -999.250 -999.250 -999.250 -999.250 -999.250 -999.250 -999.250 -999.250 -999.250 -999.250 -999.250 -999.250 -999.250 -999.250 -999.250 -999.250 -999.250 -999.250 -999.250 -999.250 -999.250 -999.250 -999.250 -999.250 -999.250 -999.250 -999.250 -999.250 -999.250 -999.250 -999.250 -999.250 -999.250 6.795 4.787 6.264 8.157 6.994 7.530 6.019 5.691 5.899 3.842 1.399 1.702 3.052 2.845 2.347 3.607 5.733 3.097 1.921 2.494 3.707 5.927 8.369 11.651 7.074 4.829 2.572 2.758 3.090 1.887 2.771 2.354 0.631
-999.250 -999.250 -999.250 -999.250 -999.250 -999.250 -999.250 -999.250 -999.250 -999.250 -999.250 -999.250 -999.250 -999.250 -999.250 -999.250 -999.250 -999.250 -999.250 -999.250 -999.250 -999.250 -999.250 -999.250 -999.250 -999.250 -999.250 -999.250 -999.250 -999.250 -999.250 -999.250 -999.250 -999.250 -999.250 -999.250 6.744 6.713 9.962 14.312 10.253 8.764 6.950 7.230 5.080 4.332 2.660 1.077 0.098 0.673 0.291 0.867 1.357 1.335 0.919 2.600 5.297 4.622 6.017 8.036 6.360 3.404 3.793 4.508 4.855 4.368 6.303 4.401 2.221
-999.250 -999.250 -999.250 -999.250 -999.250 -999.250 -999.250 -999.250 -999.250 -999.250 -999.250 -999.250 -999.250 -999.250 -999.250 -999.250 -999.250 -999.250 -999.250 -999.250 -999.250 -999.250 -999.250 -999.250 -999.250 -999.250 -999.250 -999.250 -999.250 -999.250 -999.250 -999.250 -999.250 -999.250 -999.250 -999.250 -999.250 6.930 9.572 10.348 8.986 8.573 6.555 5.724 3.053 2.990 0.919 0.000 0.000 0.000 0.000 0.049 0.000 0.000 0.563 1.755 3.833 4.058 6.833 8.444 5.450 4.960 3.668 6.357 5.311 6.973 10.668 6.471 3.189
-999.250 -999.250 -999.250 -999.250 -999.250 -999.250 -999.250 -999.250 -999.250 -999.250 -999.250 -999.250 -999.250 -999.250 -999.250 -999.250 -999.250 -999.250 -999.250 -999.250 -999.250 -999.250 -999.250 -999.250 -999.250 -999.250 -999.250 -999.250 -999.250 -999.250 -999.250 -999.250 -999.250 -999.250 -999.250 -999.250 -999.250 6.426 8.092 9.871 10.927 9.222 7.313 5.797 3.239 2.636 0.776 0.000 0.000 0.000 0.000 0.000 0.000 0.000 0.000 0.240 2.234 5.048 6.977 5.943 6.139 5.931 4.479 3.606 6.611 7.465 8.243 7.609 6.859
-999.250 -999.250 -999.250 -999.250 -999.250 -999.250 -999.250 -999.250 -999.250 -999.250 -999.250 -999.250 -999.250 -999.250 -999.250 -999.250 -999.250 -999.250 -999.250 -999.250 -999.250 -999.250 -999.250 -999.250 -999.250 -999.250 -999.250 -999.250 -999.250 -999.250 -999.250 -999.250 -999.250 -999.250 -999.250 -999.250 -999.250 5.959 7.596 11.457 15.642 10.377 7.061 6.447 3.973 3.386 0.970 0.000 0.000 0.000 0.000 0.000 0.000 0.000 0.000 0.000 1.686 5.600 5.999 7.509 6.571 6.709 6.154 5.134 5.952 5.803 7.155 7.694 9.865
-999.250 -999.250 -999.250 -999.250 -999.250 -999.250 -999.250 -999.250 -999.250 -999.250 -999.250 -999.250 -999.250 -999.250 -999.250 -999.250 -999.250 -999.250 -999.250 -999.250 -999.250 -999.250 -999.250 -999.250 -999.250 -999.250 -999.250 -999.250 -999.250 -999.250 -999.250 -999.250 -999.250 -999.250 -999.250 -999.250 -999.250 5.428 6.889 9.472 10.246 9.767 7.436 5.866 4.754 3.750 1.603 0.000 0.000 0.000 0.000 0.000 0.000 0.000 0.000 0.469 3.847 6.506 7.427 7.978 8.756 7.032 6.838 6.855 5.527 7.865 7.791 6.643 6.059
-999.250 -999.250 -999.250 -999.250 -999.250 -999.250 -999.250 -999.250 -999.250 -999.250 -999.250 -999.250 -999.250 -999.250 -999.250 -999.250 -999.250 -999.250 -999.250 -999.250 -999.250 -999.250 -999.250 -999.250 -999.250 -999.250 -999.250 -999.250 -999.250 -999.250 -999.250 -999.250 -999.250 -999.250 -999.250 -999.250 -999.250 -999.250 4.219 7.119 7.513 6.990 6.582 5.550 5.349 3.620 2.629 1.911 0.000 0.000 0.000 0.000 0.000 0.000 0.000 1.256 5.835 8.075 9.932 10.342 9.485 8.567 6.455 6.837 5.608 6.185 5.427 4.707 4.363
-999.250 -999.250 -999.250 -999.250 -999.250 -999.250 -999.250 -999.250 -999.250 -999.250 -999.250 -999.250 -999.250 -999.250 -999.250 -999.250 -999.250 -999.250 -999.250 -999.250 -999.250 -999.250 -999.250 -999.250 -999.250 -999.250 -999.250 -999.250 -999.250 -999.250 -999.250 -999.250 -999.250 -999.250 -999.250 -999.250 -999.250 -999.250 4.859 5.271 6.019 6.757 6.153 6.585 4.346 3.282 2.984 0.936 0.000 0.000 0.000 0.000 0.000 0.000 0.000 1.881 5.525 10.235 16.444 11.654 9.761 8.198 6.719 5.404 5.981 6.055 5.183 3.658 4.043
-999.250 -999.250 -999.250 -999.250 -999.250 -999.250 -999.250 -999.250 -999.250 -999.250 -999.250 -999.250 -999.250 -999.250 -999.250 -999.250 -999.250 -999.250 -999.250 -999.250 -999.250 -999.250 -999.250 -999.250 -999.250 -999.250 -999.250 -999.250 -999.250 -999.250 -999.250 -999.250 -999.250 -999.250 -999.250 -999.250 -999.250 -999.250 3.114 3.415 4.782 6.804 7.792 8.079 7.134 5.826 3.114 1.611 0.000 0.000 0.000 0.000 0.000 0.000 0.000 2.970 8.032 10.295 12.430 12.597 10.091 8.845 7.153 6.663 5.815 6.110 5.069 4.403 3.418
