data/medianmodel_28-Sep-2020.asc
ncols	141
nrows	288
xllcorner	-120191.398
yllcorner	-301404.813
cellsize	2000.000
NODATA_value	-999.250
[rows 240 to 269 of 288, columns 0 to 66 of 141]
-999.250 -999.250 -999.250 -999.250 -999.250 -999.250 -999.250 -999.250 -999.250 -999.250 -999.250 -999.250 -999.250 -999.250 -999.250 -999.250 -999.250 -999.250 -999.250 -999.250 -999.250 -999.250 -999.250 -999.250 -999.250 -999.250 -999.250 -999.250 -999.250 -999.250 33.016 26.582 25.564 24.160 26.918 35.133 50.227 61.000 66.538 88.144 96.772 130.261 144.438 161.515 172.549 228.948 249.912 272.040 274.857 300.315 270.920 257.334 281.246 248.280 206.250 215.876 165.088 137.791 102.964 69.688 48.710 23.296 6.361 0.000 0.000 0.000 0.000
-999.250 -999.250 -999.250 -999.250 -999.250 -999.250 -999.250 -999.250 -999.250 -999.250 -999.250 -999.250 -999.250 -999.250 -999.250 -999.250 -999.250 -999.250 -999.250 -999.250 -999.250 -999.250 -999.250 -999.250 -999.250 -999.250 -999.250 -999.250 -999.250 -999.250 30.622 23.555 20.088 19.670 26.476 35.002 42.376 62.159 68.802 82.126 102.196 134.613 155.284 174.837 182.418 256.463 277.545 270.087 311.449 427.805 336.431 293.897 320.084 292.516 256.093 217.580 182.231 162.607 120.211 87.394 58.979 29.105 9.191 0.000 0.000 0.000 0.000
-999.250 -999.250 -999.250 -999.250 -999.250 -999.250 -999.250 -999.250 -999.250 -999.250 -999.250 -999.250 -999.250 -999.250 -999.250 -999.250 -999.250 -999.250 -999.250 -999.250 -999.250 -999.250 -999.250 -999.250 -999.250 -999.250 -999.250 -999.250 -999.250 -999.250 23.209 16.887 14.951 12.241 19.422 28.855 39.997 55.670 71.285 84.312 109.473 125.193 168.625 177.313 205.866 258.449 305.250 362.936 338.006 342.080 432.108 324.214 330.131 308.725 301.845 272.443 227.892 201.332 159.579 114.601 72.423 28.554 12.868 0.000 0.000 0.000 0.000
-999.250 -999.250 -999.250 -999.250 -999.250 -999.250 -999.250 -999.250 -999.250 -999.250 -999.250 -999.250 -999.250 -999.250 -999.250 -999.250 -999.250 -999.250 -999.250 -999.250 -999.250 -999.250 -999.250 -999.250 -999.250 -999.250 -999.250 -999.250 -999.250 -999.250 21.203 12.852 11.990 7.348 14.196 21.201 33.430 50.367 77.926 87.299 105.991 133.109 159.729 179.877 230.941 272.827 323.676 338.317 379.941 391.319 400.640 451.227 434.768 422.666 328.019 322.235 296.772 230.324 184.361 135.494 78.161 28.801 3.150 0.000 0.000 0.000 0.000
-999.250 -999.250 -999.250 -999.250 -999.250 -999.250 -999.250 -999.250 -999.250 -999.250 -999.250 -999.250 -999.250 -999.250 -999.250 -999.250 -999.250 -999.250 -999.250 -999.250 -999.250 -999.250 -999.250 -999.250 -999.250 -999.250 -999.250 -999.250 -999.250 -999.250 18.716 11.079 7.514 10.649 11.163 18.306 34.197 53.040 74.347 89.326 119.133 131.815 164.208 195.036 250.181 283.255 383.556 393.951 422.411 432.710 487.903 468.241 502.410 522.213 419.346 412.663 347.623 289.964 214.442 146.641 79.146 18.059 0.000 0.000 0.000 0.000 0.000
-999.250 -999.250 -999.250 -999.250 -999.250 -999.250 -999.250 -999.250 -999.250 -999.250 -999.250 -999.250 -999.250 -999.250 -999.250 -999.250 -999.250 -999.250 -999.250 -999.250 -999.250 -999.250 -999.250 -999.250 -999.250 -999.250 -999.250 -999.250 -999.250 -999.250 -999.250 9.379 4.399 1.625 8.210 15.350 29.671 52.879 67.109 93.155 117.789 148.649 182.601 233.281 277.317 330.167 365.822 386.353 447.942 557.350 583.324 540.355 536.676 518.652 564.436 475.973 470.725 343.615 275.110 182.390 100.202 0.000 0.000 0.000 0.000 0.000 0.000
-999.250 -999.250 -999.250 -999.250 -999.250 -999.250 -999.250 -999.250 -999.250 -999.250 -999.250 -999.250 -999.250 -999.250 -999.250 -999.250 -999.250 -999.250 -999.250 -999.250 -999.250 -999.250 -999.250 -999.250 -999.250 -999.250 -999.250 -999.250 -999.250 -999.250 -999.250 8.218 2.277 5.496 7.049 14.030 28.803 46.974 65.585 95.162 121.619 147.572 181.886 259.782 278.100 356.602 383.570 432.361 491.920 550.768 675.147 541.852 641.524 726.885 708.723 580.714 566.258 453.350 332.933 241.636 149.443 75.939 33.297 15.599 3.812 0.000 0.000
-999.250 -999.250 -999.250 -999.250 -999.250 -999.250 -999.250 -999.250 -999.250 -999.250 -999.250 -999.250 -999.250 -999.250 -999.250 -999.250 -999.250 -999.250 -999.250 -999.250 -999.250 -999.250 -999.250 -999.250 -999.250 -999.250 -999.250 -999.250 -999.250 -999.250 11.720 5.876 0.011 0.000 3.955 13.964 23.065 37.742 67.524 90.377 112.523 143.041 171.828 259.648 297.105 364.272 435.210 488.785 507.445 628.656 692.365 690.331 769.355 732.767 697.633 671.301 674.692 530.873 392.907 297.400 203.960 128.496 70.017 39.249 18.572 6.690 0.000
-999.250 -999.250 -999.250 -999.250 -999.250 -999.250 -999.250 -999.250 -999.250 -999.250 -999.250 -999.250 -999.250 -999.250 -999.250 -999.250 -999.250 -999.250 -999.250 -999.250 -999.250 -999.250 -999.250 -999.250 -999.250 -999.250 -999.250 -999.250 -999.250 -999.250 11.682 2.220 0.000 0.000 0.000 11.575 21.462 30.166 60.961 82.639 109.885 131.576 177.097 237.713 305.034 408.273 456.498 551.447 625.227 639.307 752.746 739.777 838.125 938.955 836.968 842.704 732.318 599.668 439.075 336.392 273.678 173.471 105.807 61.921 32.657 14.891 5.433
-999.250 -999.250 -999.250 -999.250 -999.250 -999.250 -999.250 -999.250 -999.250 -999.250 -999.250 -999.250 -999.250 -999.250 -999.250 -999.250 -999.250 -999.250 -999.250 -999.250 -999.250 -999.250 -999.250 -999.250 -999.250 -999.250 -999.250 -999.250 -999.250 -999.250 9.798 4.692 0.000 0.000 0.000 5.553 15.970 27.001 48.223 67.936 103.631 136.762 174.555 257.925 290.626 373.688 461.321 515.097 603.024 609.274 694.057 705.046 767.273 937.372 946.413 955.068 890.787 690.277 550.926 354.935 311.006 217.769 136.190 85.454 46.371 25.823 13.944
-999.250 -999.250 -999.250 -999.250 -999.250 -999.250 -999.250 -999.250 -999.250 -999.250 -999.250 -999.250 -999.250 -999.250 -999.250 -999.250 -999.250 -999.250 -999.250 -999.250 -999.250 -999.250 -999.250 -999.250 -999.250 -999.250 -999.250 -999.250 -999.250 -999.250 11.336 4.254 0.000 0.000 0.000 0.372 9.952 21.810 33.866 59.280 93.792 157.653 192.470 248.508 287.850 408.429 419.740 495.610 533.045 641.178 697.958 724.520 746.234 879.796 927.543 968.151 881.815 672.342 587.090 450.283 304.289 234.858 153.890 103.463 59.000 30.861 15.390
-999.250 -999.250 -999.250 -999.250 -999.250 -999.250 -999.250 -999.250 -999.250 -999.250 -999.250 -999.250 -999.250 -999.250 -999.250 -999.250 -999.250 -999.250 -999.250 -999.250 -999.250 -999.250 -999.250 -999.250 -999.250 -999.250 -999.250 -999.250 -999.250 -999.250 10.221 3.445 0.000 0.000 0.000 0.000 8.877 16.505 27.192 44.504 86.228 137.629 175.903 236.504 255.381 312.477 408.239 514.235 571.647 612.612 686.370 738.838 787.846 829.193 893.439 896.049 706.180 706.203 589.925 460.922 326.376 259.969 167.733 100.041 63.957 36.678 14.015
-999.250 -999.250 -999.250 -999.250 -999.250 -999.250 -999.250 -999.250 -999.250 -999.250 -999.250 -999.250 -999.250 -999.250 -999.250 -999.250 -999.250 -999.250 -999.250 -999.250 -999.250 -999.250 -999.250 -999.250 -999.250 -999.250 -999.250 -999.250 -999.250 20.235 10.611 0.842 0.000 0.000 0.000 0.000 2.784 11.736 25.144 48.960 87.119 122.784 167.073 223.303 280.629 328.121 397.222 440.750 575.169 674.268 669.931 769.382 761.532 832.219 811.709 853.221 728.381 669.550 551.291 458.170 334.596 257.981 168.274 110.793 71.362 38.286 18.817
-999.250 -999.250 -999.250 -999.250 -999.250 -999.250 -999.250 -999.250 -999.250 -999.250 -999.250 -999.250 -999.250 -999.250 -999.250 -999.250 -999.250 -999.250 -999.250 -999.250 -999.250 -999.250 -999.250 -999.250 -999.250 -999.250 -999.250 -999.250 -999.250 -999.250 11.739 0.309 0.000 0.000 0.000 0.000 3.419 12.331 25.031 48.566 79.602 129.585 174.645 212.533 283.318 341.898 418.404 405.105 472.177 526.007 589.057 669.394 701.778 675.728 707.296 727.691 704.427 694.096 565.369 414.410 306.271 235.018 176.188 118.747 71.772 36.918 16.903
-999.250 -999.250 -999.250 -999.250 -999.250 -999.250 -999.250 -999.250 -999.250 -999.250 -999.250 -999.250 -999.250 -999.250 -999.250 -999.250 -999.250 -999.250 -999.250 -999.250 -999.250 -999.250 -999.250 -999.250 -999.250 -999.250 -999.250 -999.250 -999.250 -999.250 10.962 1.899 0.000 0.000 0.000 0.000 0.494 12.189 27.240 50.942 79.655 125.621 163.945 224.050 265.190 294.568 363.329 414.783 453.968 517.010 662.413 634.935 645.797 610.218 679.112 595.688 578.458 560.031 528.555 321.490 272.883 189.218 150.270 97.116 56.886 28.296 10.802
-999.250 -999.250 -999.250 -999.250 -999.250 -999.250 -999.250 -999.250 -999.250 -999.250 -999.250 -999.250 -999.250 -999.250 -999.250 -999.250 -999.250 -999.250 -999.250 -999.250 -999.250 -999.250 -999.250 -999.250 -999.250 -999.250 -999.250 -999.250 -999.250 -999.250 -999.250 1.838 0.000 0.000 0.000 0.000 0.681 9.546 25.133 51.024 74.020 107.316 161.972 194.840 246.901 288.518 348.267 412.720 458.941 508.750 534.399 536.877 578.193 518.734 588.819 563.655 553.095 503.066 359.016 302.002 212.109 183.738 133.732 79.204 40.413 17.074 4.185
-999.250 -999.250 -999.250 -999.250 -999.250 -999.250 -999.250 -999.250 -999.250 -999.250 -999.250 -999.250 -999.250 -999.250 -999.250 -999.250 -999.250 -999.250 -999.250 -999.250 -999.250 -999.250 -999.250 -999.250 -999.250 -999.250 -999.250 -999.250 -999.250 -999.250 -999.250 0.253 0.000 0.000 0.000 0.000 0.000 10.900 24.021 41.954 68.928 99.019 142.858 177.234 215.590 280.131 296.593 357.768 437.177 469.647 471.717 442.821 497.125 516.879 498.137 539.431 484.111 426.907 317.774 252.401 196.585 159.443 114.508 61.410 26.840 8.077 0.000
-999.250 -999.250 -999.250 -999.250 -999.250 -999.250 -999.250 -999.250 -999.250 -999.250 -999.250 -999.250 -999.250 -999.250 -999.250 -999.250 -999.250 -999.250 -999.250 -999.250 -999.250 -999.250 -999.250 -999.250 -999.250 -999.250 -999.250 -999.250 -999.250 -999.250 5.641 0.000 0.000 0.000 0.000 0.000 0.000 8.537 21.128 35.669 66.382 98.076 138.665 166.391 186.443 238.156 295.571 312.951 352.120 464.868 446.007 418.460 409.819 418.594 542.749 472.498 391.790 364.898 278.726 198.899 174.034 135.166 94.447 49.042 0.000 0.000 0.000
-999.250 -999.250 -999.250 -999.250 -999.250 -999.250 -999.250 -999.250 -999.250 -999.250 -999.250 -999.250 -999.250 -999.250 -999.250 -999.250 -999.250 -999.250 -999.250 -999.250 -999.250 -999.250 -999.250 -999.250 -999.250 -999.250 -999.250 -999.250 -999.250 -999.250 6.079 0.000 0.000 0.000 0.000 0.000 0.000 5.910 17.883 32.855 57.579 79.362 108.748 135.635 164.265 209.752 255.475 295.134 359.244 410.596 322.881 318.770 369.495 362.557 397.267 392.684 371.747 286.921 242.419 184.162 156.399 120.047 78.734 34.604 6.780 0.000 0.000
-999.250 -999.250 -999.250 -999.250 -999.250 -999.250 -999.250 -999.250 -999.250 -999.250 -999.250 -999.250 -999.250 -999.250 -999.250 -999.250 -999.250 -999.250 -999.250 -999.250 -999.250 -999.250 -999.250 -999.250 -999.250 -999.250 -999.250 -999.250 -999.250 -999.250 2.752 0.000 0.000 0.000 0.000 0.000 0.000 0.000 11.714 26.815 43.941 68.005 87.588 127.806 141.514 167.227 201.721 230.344 261.956 296.753 326.610 316.907 335.949 354.896 315.651 293.164 299.402 278.561 218.567 176.452 141.530 104.330 70.273 36.510 10.527 0.000 0.000
-999.250 -999.250 -999.250 -999.250 -999.250 -999.250 -999.250 -999.250 -999.250 -999.250 -999.250 -999.250 -999.250 -999.250 -999.250 -999.250 -999.250 -999.250 -999.250 -999.250 -999.250 -999.250 -999.250 -999.250 -999.250 -999.250 -999.250 -999.250 -999.250 -999.250 4.232 0.000 0.000 0.000 0.000 0.000 0.000 0.000 5.754 19.740 33.508 58.867 75.824 99.538 131.840 163.994 178.080 214.539 250.922 262.476 270.715 282.015 259.728 285.257 260.369 261.656 251.874 200.576 186.350 158.816 124.085 86.446 59.514 28.847 11.406 0.676 0.000
-999.250 -999.250 -999.250 -999.250 -999.250 -999.250 -999.250 -999.250 -999.250 -999.250 -999.250 -999.250 -999.250 -999.250 -999.250 -999.250 -999.250 -999.250 -999.250 -999.250 -999.250 -999.250 -999.250 -999.250 -999.250 -999.250 -999.250 -999.250 -999.250 -999.250 5.970 0.000 0.000 0.000 0.000 0.000 0.000 0.000 1.976 11.503 25.750 39.722 64.353 94.387 117.327 149.671 160.942 185.322 186.420 212.841 229.507 214.392 212.828 243.729 216.842 223.836 194.933 171.117 144.705 128.915 102.396 76.421 45.259 28.252 11.371 0.155 0.000
-999.250 -999.250 -999.250 -999.250 -999.250 -999.250 -999.250 -999.250 -999.250 -999.250 -999.250 -999.250 -999.250 -999.250 -999.250 -999.250 -999.250 -999.250 -999.250 -999.250 -999.250 -999.250 -999.250 -999.250 -999.250 -999.250 -999.250 -999.250 -999.250 -999.250 2.112 0.000 0.000 0.000 0.000 0.000 0.000 0.000 0.600 6.843 21.134 30.609 53.916 79.795 94.403 125.749 137.706 162.127 174.068 164.863 169.454 172.787 192.750 186.120 186.720 176.570 162.985 143.867 117.628 99.182 73.559 60.154 34.777 20.547 7.819 0.000 0.000
-999.250 -999.250 -999.250 -999.250 -999.250 -999.250 -999.250 -999.250 -999.250 -999.250 -999.250 -999.250 -999.250 -999.250 -999.250 -999.250 -999.250 -999.250 -999.250 -999.250 -999.250 -999.250 -999.250 -999.250 -999.250 -999.250 -999.250 -999.250 -999.250 9.706 1.071 0.000 0.000 0.000 0.000 0.000 0.000 0.000 0.000 3.460 14.030 24.623 40.810 63.852 79.373 103.585 113.579 115.431 126.677 151.849 135.156 147.738 156.617 176.112 171.661 151.945 133.868 118.949 92.044 75.844 63.856 46.785 28.057 17.966 3.491 0.160 0.000
-999.250 -999.250 -999.250 -999.250 -999.250 -999.250 -999.250 -999.250 -999.250 -999.250 -999.250 -999.250 -999.250 -999.250 -999.250 -999.250 -999.250 -999.250 -999.250 -999.250 -999.250 -999.250 -999.250 -999.250 -999.250 -999.250 -999.250 -999.250 -999.250 10.076 0.874 0.000 0.000 0.000 0.000 0.000 0.000 0.000 0.000 2.132 9.304 16.887 31.876 51.953 63.830 74.121 85.492 96.117 107.000 115.881 127.493 119.977 145.483 148.751 138.024 113.800 99.398 85.343 70.173 59.612 41.361 31.662 22.445 11.539 3.467 0.000 0.000
-999.250 -999.250 -999.250 -999.250 -999.250 -999.250 -999.250 -999.250 -999.250 -999.250 -999.250 -999.250 -999.250 -999.250 -999.250 -999.250 -999.250 -999.250 -999.250 -999.250 -999.250 -999.250 -999.250 -999.250 -999.250 -999.250 -999.250 -999.250 15.072 4.122 0.000 0.000 0.000 0.000 0.000 0.000 0.000 0.000 0.000 0.000 5.820 13.762 22.850 33.879 43.458 59.380 66.724 76.042 93.651 92.116 103.933 110.137 116.567 124.493 114.375 89.545 82.493 67.519 61.742 48.884 34.210 23.255 20.459 12.720 1.726 0.000 0.000
-999.250 -999.250 -999.250 -999.250 -999.250 -999.250 -999.250 -999.250 -999.250 -999.250 -999.250 -999.250 -999.250 -999.250 -999.250 -999.250 -999.250 -999.250 -999.250 -999.250 -999.250 -999.250 -999.250 -999.250 -999.250 -999.250 -999.250 -999.250 13.992 2.479 0.000 0.000 0.000 0.000 0.000 0.000 0.000 0.000 0.000 0.000 0.146 7.341 14.978 22.588 33.350 43.627 51.348 59.410 66.002 70.019 81.074 83.823 89.960 94.314 91.015 82.254 63.710 61.332 57.378 41.264 29.142 21.485 14.765 9.693 4.174 0.618 0.000
-999.250 -999.250 -999.250 -999.250 -999.250 -999.250 -999.250 -999.250 -999.250 -999.250 -999.250 -999.250 -999.250 -999.250 -999.250 -999.250 -999.250 -999.250 -999.250 -999.250 -999.250 -999.250 -999.250 -999.250 -999.250 -999.250 -999.250 21.011 12.590 4.967 0.000 0.000 0.000 0.000 0.000 0.000 0.000 0.000 0.000 0.000 0.000 5.356 12.950 15.186 25.729 32.246 35.098 35.296 46.008 51.805 56.721 59.851 67.675 70.733 66.031 59.830 50.445 52.575 47.870 31.386 26.884 20.679 12.488 6.936 1.306 0.000 0.000
-999.250 -999.250 -999.250 -999.250 -999.250 -999.250 -999.250 -999.250 -999.250 -999.250 -999.250 -999.250 -999.250 -999.250 -999.250 -999.250 -999.250 -999.250 -999.250 -999.250 -999.250 -999.250 -999.250 -999.250 -999.250 -999.250 -999.250 19.603 13.057 7.653 0.000 0.000 0.043 1.639 0.000 0.480 2.097 0.000 0.000 0.000 0.000 2.982 9.218 11.764 18.061 22.971 28.411 29.854 35.625 37.908 43.031 50.238 56.841 58.479 58.889 51.348 48.349 39.391 34.633 30.106 25.240 19.722 13.070 8.837 3.983 0.000 0.000
-999.250 -999.250 -999.250 -999.250 -999.250 -999.250 -999.250 -999.250 -999.250 -999.250 -999.250 -999.250 -999.250 -999.250 -999.250 -999.250 -999.250 -999.250 -999.250 -999.250 -999.250 -999.250 -999.250 -999.250 -999.250 -999.250 -999.250 18.077 15.757 11.853 6.732 6.185 8.243 9.646 7.248 6.583 7.145 7.471 7.147 4.064 6.330 7.641 9.900 10.616 13.523 16.808 23.042 26.454 26.902 27.746 31.554 32.250 36.875 35.833 39.537 42.187 35.686 34.796 31.402 29.125 23.433 19.383 13.232 9.876 6.258 1.823 0.000
