data/medianmodel_22-Aug-2020.asc
ncols	141
nrows	288
xllcorner	-120191.398
yllcorner	-301404.813
cellsize	2000.000
NODATA_value	-999.250
[rows 31 to 61 of 288, columns 0 to 68 of 141]
-999.250 -999.250 -999.250 -999.250 -999.250 -999.250 -999.250 -999.250 -999.250 -999.250 -999.250 -999.250 -999.250 -999.250 -999.250 -999.250 -999.250 -999.250 -999.250 -999.250 -999.250 -999.250 -999.250 -999.250 -999.250 -999.250 -999.250 -999.250 -999.250 -999.250 -999.250 -999.250 8.781 6.166 2.658 0.160 0.000 0.016 0.341 1.589 2.209 3.676 5.205 5.500 8.108 11.197 13.648 16.960 20.451 22.342 22.656 22.743 21.243 22.977 27.908 15.380 10.575 5.266 3.239 0.052 0.000 0.000 0.000 0.000 0.000 0.000 0.000 0.000 0.000
-999.250 -999.250 -999.250 -999.250 -999.250 -999.250 -999.250 -999.250 -999.250 -999.250 -999.250 -999.250 -999.250 -999.250 -999.250 -999.250 -999.250 -999.250 -999.250 -999.250 -999.250 -999.250 -999.250 -999.250 -999.250 -999.250 -999.250 -999.250 -999.250 -999.250 -999.250 -999.250 14.020 12.419 7.223 5.006 4.339 5.063 6.255 7.042 8.817 8.770 7.495 6.817 8.152 11.206 13.203 17.783 21.636 20.619 19.910 18.205 17.423 18.043 19.243 13.810 10.097 7.410 4.367 1.252 0.000 0.000 0.000 0.000 0.000 0.000 0.000 0.000 0.000
-999.250 -999.250 -999.250 -999.250 -999.250 -999.250 -999.250 -999.250 -999.250 -999.250 -999.250 -999.250 -999.250 -999.250 -999.250 -999.250 -999.250 -999.250 -999.250 -999.250 -999.250 -999.250 -999.250 -999.250 -999.250 -999.250 -999.250 -999.250 -999.250 -999.250 -999.250 -999.250 21.532 23.408 13.879 10.841 8.826 9.617 11.205 13.482 21.517 13.616 9.446 8.797 9.398 11.588 13.596 18.329 27.918 19.630 15.891 14.018 13.302 13.754 13.713 11.695 9.312 5.939 5.746 3.754 0.199 0.000 0.000 0.000 0.000 0.000 0.000 0.000 0.000
-999.250 -999.250 -999.250 -999.250 -999.250 -999.250 -999.250 -999.250 -999.250 -999.250 -999.250 -999.250 -999.250 -999.250 -999.250 -999.250 -999.250 -999.250 -999.250 -999.250 -999.250 -999.250 -999.250 -999.250 -999.250 -999.250 -999.250 -999.250 -999.250 -999.250 -999.250 -999.250 28.118 25.919 20.516 18.257 14.345 15.121 16.924 18.375 18.454 14.737 12.598 11.076 10.808 10.867 12.156 16.083 17.741 15.781 13.575 11.856 11.181 10.573 10.168 9.273 10.412 9.040 7.360 5.671 3.830 0.081 0.000 0.000 0.000 0.000 0.000 0.000 0.000
-999.250 -999.250 -999.250 -999.250 -999.250 -999.250 -999.250 -999.250 -999.250 -999.250 -999.250 -999.250 -999.250 -999.250 -999.250 -999.250 -999.250 -999.250 -999.250 -999.250 -999.250 -999.250 -999.250 -999.250 -999.250 -999.250 -999.250 -999.250 -999.250 -999.250 -999.250 -999.250 35.497 32.717 29.065 27.079 25.315 25.177 23.838 24.700 21.249 19.458 15.156 13.787 12.168 10.803 10.796 11.150 11.569 11.245 9.469 8.845 9.028 8.190 8.760 10.004 9.373 9.763 9.275 9.485 5.868 5.086 1.253 0.000 0.000 0.000 0.000 0.000 0.000
-999.250 -999.250 -999.250 -999.250 -999.250 -999.250 -999.250 -999.250 -999.250 -999.250 -999.250 -999.250 -999.250 -999.250 -999.250 -999.250 -999.250 -999.250 -999.250 -999.250 -999.250 -999.250 -999.250 -999.250 -999.250 -999.250 -999.250 -999.250 -999.250 -999.250 -999.250 -999.250 45.499 43.697 41.835 40.284 35.593 33.958 31.677 29.312 26.550 23.423 19.721 15.933 14.446 11.807 10.065 6.967 7.828 7.808 6.707 6.543 6.524 7.382 7.556 8.995 10.972 12.081 13.382 13.153 10.139 8.674 6.340 5.299 2.851 0.000 0.000 0.000 0.000
-999.250 -999.250 -999.250 -999.250 -999.250 -999.250 -999.250 -999.250 -999.250 -999.250 -999.250 -999.250 -999.250 -999.250 -999.250 -999.250 -999.250 -999.250 -999.250 -999.250 -999.250 -999.250 -999.250 -999.250 -999.250 -999.250 -999.250 -999.250 -999.250 -999.250 -999.250 -999.250 -999.250 60.902 57.583 53.776 48.119 43.952 41.738 38.589 32.925 30.210 26.029 20.745 17.512 11.149 8.335 6.567 5.381 3.915 4.591 4.887 5.706 6.198 7.219 8.960 13.414 16.005 20.289 19.097 15.728 13.285 13.613 11.485 7.957 4.432 0.000 0.000 0.000
-999.250 -999.250 -999.250 -999.250 -999.250 -999.250 -999.250 -999.250 -999.250 -999.250 -999.250 -999.250 -999.250 -999.250 -999.250 -999.250 -999.250 -999.250 -999.250 -999.250 -999.250 -999.250 -999.250 -999.250 -999.250 -999.250 -999.250 -999.250 -999.250 -999.250 -999.250 -999.250 -999.250 69.698 69.614 67.867 63.917 59.775 54.371 50.674 43.880 40.592 32.254 25.163 20.184 14.132 7.835 4.744 3.662 2.956 3.288 5.101 6.568 6.190 4.289 7.592 11.823 18.403 31.211 22.696 20.376 19.171 20.111 19.043 14.477 9.094 5.145 0.792 0.000
-999.250 -999.250 -999.250 -999.250 -999.250 -999.250 -999.250 -999.250 -999.250 -999.250 -999.250 -999.250 -999.250 -999.250 -999.250 -999.250 -999.250 -999.250 -999.250 -999.250 -999.250 -999.250 -999.250 -999.250 -999.250 -999.250 -999.250 -999.250 -999.250 -999.250 -999.250 -999.250 88.001 90.315 87.936 86.019 77.795 74.217 68.755 66.486 58.219 45.997 40.355 33.010 24.983 15.640 9.244 4.638 0.508 1.002 1.298 5.462 13.131 5.799 4.671 4.799 8.314 13.609 19.239 19.811 20.606 23.166 26.149 26.746 22.109 14.515 8.916 5.028 0.000
-999.250 -999.250 -999.250 -999.250 -999.250 -999.250 -999.250 -999.250 -999.250 -999.250 -999.250 -999.250 -999.250 -999.250 -999.250 -999.250 -999.250 -999.250 -999.250 -999.250 -999.250 -999.250 -999.250 -999.250 -999.250 -999.250 -999.250 -999.250 -999.250 -999.250 -999.250 -999.250 99.486 101.559 102.282 100.298 101.466 95.530 90.743 73.162 67.544 58.563 47.472 41.018 32.432 20.662 9.961 4.712 0.096 0.000 0.000 3.190 4.558 2.902 0.762 0.437 4.561 7.538 11.080 15.726 18.349 22.067 28.898 42.017 27.463 17.537 11.610 7.184 3.179
-999.250 -999.250 -999.250 -999.250 -999.250 -999.250 -999.250 -999.250 -999.250 -999.250 -999.250 -999.250 -999.250 -999.250 -999.250 -999.250 -999.250 -999.250 -999.250 -999.250 -999.250 -999.250 -999.250 -999.250 -999.250 -999.250 -999.250 -999.250 -999.250 -999.250 -999.250 -999.250 -999.250 117.517 122.643 121.591 116.073 108.119 99.009 92.909 77.358 67.539 56.623 46.257 45.566 24.365 11.935 4.202 0.000 0.000 0.000 0.829 1.175 0.622 0.000 0.000 0.000 2.823 6.598 10.433 14.986 19.037 26.009 28.542 25.437 18.842 13.533 14.397 5.924
-999.250 -999.250 -999.250 -999.250 -999.250 -999.250 -999.250 -999.250 -999.250 -999.250 -999.250 -999.250 -999.250 -999.250 -999.250 -999.250 -999.250 -999.250 -999.250 -999.250 -999.250 -999.250 -999.250 -999.250 -999.250 -999.250 -999.250 -999.250 -999.250 -999.250 -999.250 -999.250 -999.250 127.603 134.822 144.973 135.096 121.918 116.754 101.812 91.187 73.647 63.742 49.189 40.377 25.732 11.420 3.097 0.061 0.599 2.786 4.461 8.369 1.151 0.000 0.000 0.000 0.000 3.458 6.222 10.693 14.439 18.659 20.497 19.146 16.261 12.443 9.945 6.016
-999.250 -999.250 -999.250 -999.250 -999.250 -999.250 -999.250 -999.250 -999.250 -999.250 -999.250 -999.250 -999.250 -999.250 -999.250 -999.250 -999.250 -999.250 -999.250 -999.250 -999.250 -999.250 -999.250 -999.250 -999.250 -999.250 -999.250 -999.250 -999.250 -999.250 -999.250 -999.250 -999.250 145.763 166.076 181.600 164.480 147.072 123.086 107.441 97.066 79.053 67.730 56.863 41.456 26.123 12.813 5.878 4.792 7.149 8.629 9.544 7.668 5.073 0.187 0.000 0.000 1.772 0.000 3.766 6.970 10.343 13.637 15.197 14.658 13.450 12.003 8.208 7.705
-999.250 -999.250 -999.250 -999.250 -999.250 -999.250 -999.250 -999.250 -999.250 -999.250 -999.250 -999.250 -999.250 -999.250 -999.250 -999.250 -999.250 -999.250 -999.250 -999.250 -999.250 -999.250 -999.250 -999.250 -999.250 -999.250 -999.250 -999.250 -999.250 -999.250 -999.250 -999.250 -999.250 -999.250 192.323 214.020 182.718 151.105 125.808 107.239 97.839 83.753 70.762 63.475 45.109 29.408 18.077 11.663 12.563 17.934 19.756 18.565 13.817 8.216 5.220 0.050 0.000 0.000 0.000 0.062 4.548 7.688 9.301 10.843 11.396 11.269 10.428 9.759 8.427
-999.250 -999.250 -999.250 -999.250 -999.250 -999.250 -999.250 -999.250 -999.250 -999.250 -999.250 -999.250 -999.250 -999.250 -999.250 -999.250 -999.250 -999.250 -999.250 -999.250 -999.250 -999.250 -999.250 -999.250 -999.250 -999.250 -999.250 -999.250 -999.250 -999.250 -999.250 -999.250 -999.250 -999.250 185.078 192.656 167.705 142.883 122.471 104.607 92.567 75.853 71.753 78.088 49.220 32.470 23.770 19.724 24.465 32.111 38.532 32.352 23.553 16.176 9.868 5.937 0.000 0.000 0.000 0.000 2.643 5.600 7.292 8.111 8.593 9.392 10.017 10.546 10.120
-999.250 -999.250 -999.250 -999.250 -999.250 -999.250 -999.250 -999.250 -999.250 -999.250 -999.250 -999.250 -999.250 -999.250 -999.250 -999.250 -999.250 -999.250 -999.250 -999.250 -999.250 -999.250 -999.250 -999.250 -999.250 -999.250 -999.250 -999.250 -999.250 -999.250 -999.250 -999.250 -999.250 -999.250 148.231 152.364 143.591 122.264 103.842 96.100 75.337 66.717 62.766 57.037 42.970 31.772 26.657 26.116 31.906 42.334 61.698 42.599 30.526 25.462 19.145 10.819 5.561 1.568 0.000 0.000 0.827 2.604 5.754 7.520 8.511 9.359 9.528 11.721 13.729
-999.250 -999.250 -999.250 -999.250 -999.250 -999.250 -999.250 -999.250 -999.250 -999.250 -999.250 -999.250 -999.250 -999.250 -999.250 -999.250 -999.250 -999.250 -999.250 -999.250 -999.250 -999.250 -999.250 -999.250 -999.250 -999.250 -999.250 -999.250 -999.250 -999.250 -999.250 -999.250 -999.250 -999.250 131.735 122.126 110.012 98.861 88.388 70.753 63.458 53.371 44.103 41.177 32.785 27.385 26.366 28.660 34.316 42.160 47.063 42.525 34.467 29.655 32.082 16.284 7.953 4.441 0.000 0.000 0.800 3.971 6.933 7.024 7.070 7.937 9.117 12.359 15.547
-999.250 -999.250 -999.250 -999.250 -999.250 -999.250 -999.250 -999.250 -999.250 -999.250 -999.250 -999.250 -999.250 -999.250 -999.250 -999.250 -999.250 -999.250 -999.250 -999.250 -999.250 -999.250 -999.250 -999.250 -999.250 -999.250 -999.250 -999.250 -999.250 -999.250 -999.250 -999.250 -999.250 -999.250 -999.250 99.901 90.617 71.456 59.596 47.473 40.822 34.169 29.507 25.689 20.866 22.150 23.730 27.419 32.489 36.614 40.309 36.480 32.623 27.982 24.363 16.677 10.227 5.451 2.642 0.000 0.429 5.205 13.160 6.581 5.790 6.645 9.335 13.732 17.994
-999.250 -999.250 -999.250 -999.250 -999.250 -999.250 -999.250 -999.250 -999.250 -999.250 -999.250 -999.250 -999.250 -999.250 -999.250 -999.250 -999.250 -999.250 -999.250 -999.250 -999.250 -999.250 -999.250 -999.250 -999.250 -999.250 -999.250 -999.250 -999.250 -999.250 -999.250 -999.250 -999.250 -999.250 -999.250 70.875 61.412 46.150 35.221 26.236 20.207 17.184 15.047 14.349 13.883 14.620 19.478 24.237 28.248 31.028 32.208 30.571 28.090 25.682 20.580 14.446 9.783 7.243 4.339 2.473 0.970 3.461 5.404 4.460 4.241 5.876 8.763 12.806 17.777
-999.250 -999.250 -999.250 -999.250 -999.250 -999.250 -999.250 -999.250 -999.250 -999.250 -999.250 -999.250 -999.250 -999.250 -999.250 -999.250 -999.250 -999.250 -999.250 -999.250 -999.250 -999.250 -999.250 -999.250 -999.250 -999.250 -999.250 -999.250 -999.250 -999.250 -999.250 -999.250 -999.250 -999.250 -999.250 52.458 41.420 28.061 17.036 10.074 7.010 6.980 7.724 6.892 7.650 9.690 14.832 18.428 23.013 26.130 26.835 26.802 25.288 23.598 18.942 14.938 11.707 7.086 5.088 3.038 3.042 2.098 1.223 1.956 3.876 4.951 7.337 10.222 16.193
-999.250 -999.250 -999.250 -999.250 -999.250 -999.250 -999.250 -999.250 -999.250 -999.250 -999.250 -999.250 -999.250 -999.250 -999.250 -999.250 -999.250 -999.250 -999.250 -999.250 -999.250 -999.250 -999.250 -999.250 -999.250 -999.250 -999.250 -999.250 -999.250 -999.250 -999.250 -999.250 -999.250 -999.250 -999.250 37.609 27.099 17.097 10.835 3.417 0.271 3.149 8.210 4.584 4.017 6.230 10.041 13.532 18.771 22.691 24.520 25.782 25.615 21.719 17.142 12.666 11.066 7.569 6.219 4.189 3.838 0.041 0.070 0.688 1.446 4.437 5.083 8.342 13.665
-999.250 -999.250 -999.250 -999.250 -999.250 -999.250 -999.250 -999.250 -999.250 -999.250 -999.250 -999.250 -999.250 -999.250 -999.250 -999.250 -999.250 -999.250 -999.250 -999.250 -999.250 -999.250 -999.250 -999.250 -999.250 -999.250 -999.250 -999.250 -999.250 -999.250 -999.250 -999.250 -999.250 -999.250 -999.250 31.201 22.417 14.206 10.106 7.334 4.268 3.996 3.713 1.451 2.789 5.296 6.069 10.463 14.759 24.400 23.101 25.782 26.387 22.907 17.845 13.589 10.249 6.679 6.661 6.774 3.799 0.152 0.000 0.000 0.653 2.137 5.340 6.616 7.567
-999.250 -999.250 -999.250 -999.250 -999.250 -999.250 -999.250 -999.250 -999.250 -999.250 -999.250 -999.250 -999.250 -999.250 -999.250 -999.250 -999.250 -999.250 -999.250 -999.250 -999.250 -999.250 -999.250 -999.250 -999.250 -999.250 -999.250 -999.250 -999.250 -999.250 -999.250 -999.250 -999.250 -999.250 -999.250 -999.250 22.619 18.622 20.436 20.296 13.234 7.851 5.654 4.372 2.470 2.981 4.538 6.701 12.339 16.858 21.515 26.051 34.398 24.927 18.609 13.677 9.944 7.800 8.459 13.593 4.918 0.642 0.000 0.000 1.200 3.913 5.252 3.874 3.770
-999.250 -999.250 -999.250 -999.250 -999.250 -999.250 -999.250 -999.250 -999.250 -999.250 -999.250 -999.250 -999.250 -999.250 -999.250 -999.250 -999.250 -999.250 -999.250 -999.250 -999.250 -999.250 -999.250 -999.250 -999.250 -999.250 -999.250 -999.250 -999.250 -999.250 -999.250 -999.250 -999.250 -999.250 -999.250 -999.250 25.748 24.588 30.312 43.858 24.659 13.088 8.050 11.447 4.119 1.492 4.919 5.114 9.443 14.477 18.940 23.539 25.913 23.321 18.774 14.085 10.098 6.935 7.087 4.774 1.904 0.000 0.000 0.000 1.377 5.173 7.178 5.245 0.461
-999.250 -999.250 -999.250 -999.250 -999.250 -999.250 -999.250 -999.250 -999.250 -999.250 -999.250 -999.250 -999.250 -999.250 -999.250 -999.250 -999.250 -999.250 -999.250 -999.250 -999.250 -999.250 -999.250 -999.250 -999.250 -999.250 -999.250 -999.250 -999.250 -999.250 -999.250 -999.250 -999.250 -999.250 -999.250 -999.250 -999.250 26.010 29.601 30.137 22.914 14.591 8.352 5.753 3.407 0.910 3.490 6.999 9.743 15.023 19.777 22.275 24.884 23.376 19.713 14.503 10.462 6.674 5.195 0.801 0.000 0.000 0.000 0.000 0.938 7.399 16.002 6.388 0.611
-999.250 -999.250 -999.250 -999.250 -999.250 -999.250 -999.250 -999.250 -999.250 -999.250 -999.250 -999.250 -999.250 -999.250 -999.250 -999.250 -999.250 -999.250 -999.250 -999.250 -999.250 -999.250 -999.250 -999.250 -999.250 -999.250 -999.250 -999.250 -999.250 -999.250 -999.250 -999.250 -999.250 -999.250 -999.250 -999.250 -999.250 22.726 21.852 20.563 16.262 9.762 6.051 3.516 2.078 2.450 4.971 8.551 12.764 15.791 20.842 24.268 25.449 24.664 21.494 17.004 11.257 6.226 1.650 0.000 0.000 0.000 0.000 0.000 0.000 4.786 6.644 6.002 3.618
-999.250 -999.250 -999.250 -999.250 -999.250 -999.250 -999.250 -999.250 -999.250 -999.250 -999.250 -999.250 -999.250 -999.250 -999.250 -999.250 -999.250 -999.250 -999.250 -999.250 -999.250 -999.250 -999.250 -999.250 -999.250 -999.250 -999.250 -999.250 -999.250 -999.250 -999.250 -999.250 -999.250 -999.250 -999.250 -999.250 -999.250 16.435 14.887 13.335 14.311 6.859 3.407 0.750 0.000 4.247 6.937 9.496 13.548 20.449 24.911 27.789 29.260 28.048 26.185 19.364 12.336 6.611 0.454 0.000 0.000 0.000 0.000 0.000 0.000 0.000 3.028 4.693 9.865
-999.250 -999.250 -999.250 -999.250 -999.250 -999.250 -999.250 -999.250 -999.250 -999.250 -999.250 -999.250 -999.250 -999.250 -999.250 -999.250 -999.250 -999.250 -999.250 -999.250 -999.250 -999.250 -999.250 -999.250 -999.250 -999.250 -999.250 -999.250 -999.250 -999.250 -999.250 -999.250 -999.250 -999.250 -999.250 -999.250 -999.250 12.587 10.082 8.481 5.594 3.409 1.121 0.043 0.336 5.055 6.661 10.631 16.153 22.781 28.624 33.131 35.836 37.240 31.538 22.735 13.976 5.235 0.000 0.000 0.000 0.000 0.000 0.000 0.000 0.000 0.000 0.297 1.215
-999.250 -999.250 -999.250 -999.250 -999.250 -999.250 -999.250 -999.250 -999.250 -999.250 -999.250 -999.250 -999.250 -999.250 -999.250 -999.250 -999.250 -999.250 -999.250 -999.250 -999.250 -999.250 -999.250 -999.250 -999.250 -999.250 -999.250 -999.250 -999.250 -999.250 -999.250 -999.250 -999.250 -999.250 -999.250 -999.250 -999.250 -999.250 7.273 4.638 2.653 0.000 0.000 0.000 1.474 5.677 8.109 12.212 18.377 26.520 32.793 41.252 46.458 49.709 41.364 27.451 14.931 6.073 0.000 0.000 0.000 0.000 0.000 0.000 0.000 0.000 0.000 0.000 0.000
-999.250 -999.250 -999.250 -999.250 -999.250 -999.250 -999.250 -999.250 -999.250 -999.250 -999.250 -999.250 -999.250 -999.250 -999.250 -999.250 -999.250 -999.250 -999.250 -999.250 -999.250 -999.250 -999.250 -999.250 -999.250 -999.250 -999.250 -999.250 -999.250 -999.250 -999.250 -999.250 -999.250 -999.250 -999.250 -999.250 -999.250 -999.250 6.018 1.388 0.839 0.000 0.000 0.000 0.412 6.333 8.229 13.500 20.336 27.955 36.271 43.656 56.463 71.179 45.489 28.160 16.593 5.963 0.000 0.000 0.000 0.000 0.000 0.000 0.000 0.000 0.000 0.000 0.000
-999.250 -999.250 -999.250 -999.250 -999.250 -999.250 -999.250 -999.250 -999.250 -999.250 -999.250 -999.250 -999.250 -999.250 -999.250 -999.250 -999.250 -999.250 -999.250 -999.250 -999.250 -999.250 -999.250 -999.250 -999.250 -999.250 -999.250 -999.250 -999.250 -999.250 -999.250 -999.250 -999.250 -999.250 -999.250 -999.250 -999.250 -999.250 4.956 2.854 0.000 0.000 0.000 0.000 2.726 7.910 9.883 14.560 22.521 29.288 35.417 44.368 52.542 56.289 42.817 29.100 16.321 5.459 0.000 0.000 0.000 0.000 0.000 0.000 0.000 0.000 0.000 0.000 0.000
