data/medianmodel_16-Apr-2020.asc
ncols	141
nrows	288
xllcorner	-120191.398
yllcorner	-301404.813
cellsize	2000.000
NODATA_value	-999.250
[rows 210 to 239 of 288, columns 0 to 66 of 141]
-999.250 -999.250 -999.250 -999.250 -999.250 -999.250 -999.250 -999.250 -999.250 -999.250 -999.250 -999.250 -999.250 -999.250 -999.250 -999.250 -999.250 -999.250 -999.250 -999.250 -999.250 -999.250 -999.250 -999.250 -999.250 -999.250 -999.250 -999.250 -999.250 -999.250 -999.250 24.065 26.541 25.957 22.746 26.219 25.357 27.820 30.349 28.756 27.145 26.131 25.731 26.978 27.353 24.248 22.335 21.892 22.285 20.704 18.809 17.410 18.443 19.850 18.371 16.211 15.519 12.181 9.509 9.114 10.522 8.858 9.172 6.771 3.907 4.227 13.157
-999.250 -999.250 -999.250 -999.250 -999.250 -999.250 -999.250 -999.250 -999.250 -999.250 -999.250 -999.250 -999.250 -999.250 -999.250 -999.250 -999.250 -999.250 -999.250 -999.250 -999.250 -999.250 -999.250 -999.250 -999.250 -999.250 -999.250 -999.250 -999.250 -999.250 -999.250 24.102 22.413 25.573 23.694 25.190 23.561 27.361 28.032 30.465 31.410 29.380 27.243 29.000 28.574 25.629 27.111 22.470 21.349 19.253 17.379 20.571 18.228 16.410 15.719 13.723 14.943 12.860 8.482 10.956 9.658 10.053 9.119 4.680 3.841 0.000 7.532
-999.250 -999.250 -999.250 -999.250 -999.250 -999.250 -999.250 -999.250 -999.250 -999.250 -999.250 -999.250 -999.250 -999.250 -999.250 -999.250 -999.250 -999.250 -999.250 -999.250 -999.250 -999.250 -999.250 -999.250 -999.250 -999.250 -999.250 -999.250 -999.250 -999.250 -999.250 22.717 26.942 26.430 24.563 26.236 21.747 27.312 30.344 30.785 32.041 31.595 27.169 26.515 26.784 23.823 25.528 24.800 22.426 18.210 16.663 16.376 17.587 15.698 14.704 12.584 12.866 13.687 8.584 8.686 8.563 8.396 8.421 5.952 4.800 0.748 7.684
-999.250 -999.250 -999.250 -999.250 -999.250 -999.250 -999.250 -999.250 -999.250 -999.250 -999.250 -999.250 -999.250 -999.250 -999.250 -999.250 -999.250 -999.250 -999.250 -999.250 -999.250 -999.250 -999.250 -999.250 -999.250 -999.250 -999.250 -999.250 -999.250 -999.250 -999.250 20.290 27.389 25.205 28.014 29.467 26.284 29.120 25.657 34.016 29.280 35.079 29.336 28.226 23.684 26.796 23.909 21.664 20.127 18.822 17.985 17.092 18.336 14.713 13.218 15.173 11.666 12.948 12.341 8.778 9.636 5.603 7.329 3.542 4.383 5.378 4.880
-999.250 -999.250 -999.250 -999.250 -999.250 -999.250 -999.250 -999.250 -999.250 -999.250 -999.250 -999.250 -999.250 -999.250 -999.250 -999.250 -999.250 -999.250 -999.250 -999.250 -999.250 -999.250 -999.250 -999.250 -999.250 -999.250 -999.250 -999.250 -999.250 -999.250 -999.250 18.859 20.216 24.134 26.903 28.070 27.454 29.925 31.325 32.391 31.182 31.818 29.139 29.417 26.529 23.977 23.019 24.202 19.141 16.309 17.553 18.254 17.503 15.902 12.128 12.610 13.256 12.928 12.422 8.758 6.535 7.858 7.075 2.882 5.857 7.161 8.108
-999.250 -999.250 -999.250 -999.250 -999.250 -999.250 -999.250 -999.250 -999.250 -999.250 -999.250 -999.250 -999.250 -999.250 -999.250 -999.250 -999.250 -999.250 -999.250 -999.250 -999.250 -999.250 -999.250 -999.250 -999.250 -999.250 -999.250 -999.250 -999.250 -999.250 -999.250 17.735 22.067 24.898 29.286 25.889 26.359 28.411 29.130 30.085 29.164 30.962 29.783 29.460 26.777 23.416 20.786 19.128 21.115 18.394 17.040 16.811 16.249 17.153 13.690 13.172 10.776 8.970 12.202 11.350 7.537 9.859 6.011 5.965 4.684 4.213 5.740
-999.250 -999.250 -999.250 -999.250 -999.250 -999.250 -999.250 -999.250 -999.250 -999.250 -999.250 -999.250 -999.250 -999.250 -999.250 -999.250 -999.250 -999.250 -999.250 -999.250 -999.250 -999.250 -999.250 -999.250 -999.250 -999.250 -999.250 -999.250 -999.250 -999.250 -999.250 18.545 22.642 26.658 28.083 26.130 27.994 30.871 27.620 27.677 26.875 27.831 22.867 28.041 22.659 21.475 20.419 21.221 21.044 19.636 17.593 15.510 15.527 14.384 11.654 13.021 10.822 11.707 13.557 12.415 9.137 8.478 8.206 7.618 2.639 3.133 8.638
-999.250 -999.250 -999.250 -999.250 -999.250 -999.250 -999.250 -999.250 -999.250 -999.250 -999.250 -999.250 -999.250 -999.250 -999.250 -999.250 -999.250 -999.250 -999.250 -999.250 -999.250 -999.250 -999.250 -999.250 -999.250 -999.250 -999.250 -999.250 -999.250 -999.250 -999.250 17.623 22.646 22.678 25.919 26.281 25.252 25.730 26.247 28.242 25.948 27.211 24.155 21.431 21.164 18.540 19.631 21.001 17.396 18.915 15.710 14.593 16.728 12.989 14.790 12.041 11.265 13.987 12.286 12.449 13.764 11.894 7.794 6.426 3.281 0.000 7.757
-999.250 -999.250 -999.250 -999.250 -999.250 -999.250 -999.250 -999.250 -999.250 -999.250 -999.250 -999.250 -999.250 -999.250 -999.250 -999.250 -999.250 -999.250 -999.250 -999.250 -999.250 -999.250 -999.250 -999.250 -999.250 -999.250 -999.250 -999.250 -999.250 -999.250 -999.250 18.126 21.494 22.989 24.234 25.563 25.437 23.907 24.978 25.233 25.868 25.783 26.851 24.011 23.279 19.835 19.156 18.652 19.073 16.698 15.115 15.144 13.282 14.991 12.540 13.046 9.522 9.167 14.029 15.465 13.698 13.050 10.235 10.022 12.313 11.478 14.115
-999.250 -999.250 -999.250 -999.250 -999.250 -999.250 -999.250 -999.250 -999.250 -999.250 -999.250 -999.250 -999.250 -999.250 -999.250 -999.250 -999.250 -999.250 -999.250 -999.250 -999.250 -999.250 -999.250 -999.250 -999.250 -999.250 -999.250 -999.250 -999.250 -999.250 -999.250 17.655 18.422 21.579 22.908 23.662 27.235 30.022 28.570 25.468 24.368 20.493 24.555 24.625 25.737 23.556 19.616 18.628 20.040 15.243 12.901 14.230 13.682 13.264 12.122 12.837 12.884 13.152 14.853 14.489 13.700 15.214 14.329 13.887 14.456 17.588 21.102
-999.250 -999.250 -999.250 -999.250 -999.250 -999.250 -999.250 -999.250 -999.250 -999.250 -999.250 -999.250 -999.250 -999.250 -999.250 -999.250 -999.250 -999.250 -999.250 -999.250 -999.250 -999.250 -999.250 -999.250 -999.250 -999.250 -999.250 -999.250 -999.250 -999.250 -999.250 12.525 16.278 18.844 18.799 20.798 22.125 26.920 26.445 26.109 25.955 24.709 24.165 26.379 23.490 20.798 18.800 16.437 19.024 19.589 16.792 13.717 13.919 13.125 9.834 11.500 14.080 14.300 13.338 18.206 16.667 16.946 17.119 17.176 20.136 24.734 24.265
-999.250 -999.250 -999.250 -999.250 -999.250 -999.250 -999.250 -999.250 -999.250 -999.250 -999.250 -999.250 -999.250 -999.250 -999.250 -999.250 -999.250 -999.250 -999.250 -999.250 -999.250 -999.250 -999.250 -999.250 -999.250 -999.250 -999.250 -999.250 -999.250 -999.250 -999.250 15.828 14.757 17.569 19.434 23.845 20.840 23.287 26.095 27.147 26.095 23.992 26.891 26.625 24.037 21.117 19.446 15.647 18.265 18.387 16.855 15.890 14.912 12.861 13.895 12.519 13.618 15.639 17.460 18.061 16.294 15.051 20.016 20.623 23.112 26.735 26.754
-999.250 -999.250 -999.250 -999.250 -999.250 -999.250 -999.250 -999.250 -999.250 -999.250 -999.250 -999.250 -999.250 -999.250 -999.250 -999.250 -999.250 -999.250 -999.250 -999.250 -999.250 -999.250 -999.250 -999.250 -999.250 -999.250 -999.250 -999.250 -999.250 -999.250 -999.250 17.156 17.611 19.231 22.877 21.360 26.055 28.547 28.520 29.008 30.918 23.758 24.855 27.675 23.395 20.692 20.839 19.936 20.242 18.687 18.451 16.815 18.079 15.000 11.342 13.462 16.858 17.815 19.335 21.145 18.724 18.178 19.910 22.294 26.619 29.105 30.665
-999.250 -999.250 -999.250 -999.250 -999.250 -999.250 -999.250 -999.250 -999.250 -999.250 -999.250 -999.250 -999.250 -999.250 -999.250 -999.250 -999.250 -999.250 -999.250 -999.250 -999.250 -999.250 -999.250 -999.250 -999.250 -999.250 -999.250 -999.250 -999.250 -999.250 14.837 16.636 18.401 20.790 22.604 23.506 24.579 23.628 25.481 29.955 30.391 26.240 29.068 26.504 24.641 22.944 21.376 21.606 20.921 19.396 18.226 16.566 16.914 16.064 16.682 15.291 15.824 15.482 17.721 18.430 18.443 19.166 21.443 22.213 24.375 25.952 28.195
-999.250 -999.250 -999.250 -999.250 -999.250 -999.250 -999.250 -999.250 -999.250 -999.250 -999.250 -999.250 -999.250 -999.250 -999.250 -999.250 -999.250 -999.250 -999.250 -999.250 -999.250 -999.250 -999.250 -999.250 -999.250 -999.250 -999.250 -999.250 -999.250 -999.250 16.188 20.179 23.015 25.591 23.331 25.421 26.545 24.819 27.620 30.888 32.787 28.333 27.113 27.047 26.656 23.959 20.199 21.812 18.985 18.199 18.960 17.199 18.898 16.677 15.649 16.260 14.236 17.545 18.184 23.197 20.168 21.990 21.204 20.070 26.226 27.453 28.027
-999.250 -999.250 -999.250 -999.250 -999.250 -999.250 -999.250 -999.250 -999.250 -999.250 -999.250 -999.250 -999.250 -999.250 -999.250 -999.250 -999.250 -999.250 -999.250 -999.250 -999.250 -999.250 -999.250 -999.250 -999.250 -999.250 -999.250 -999.250 -999.250 -999.250 15.700 19.861 22.508 22.142 21.097 24.547 30.605 27.767 31.215 33.376 31.429 30.025 27.521 28.485 26.106 25.863 24.898 25.248 20.635 20.014 19.265 18.363 17.642 17.094 16.641 16.201 17.954 17.946 19.467 22.033 25.349 23.594 20.813 24.648 23.388 25.772 24.013
-999.250 -999.250 -999.250 -999.250 -999.250 -999.250 -999.250 -999.250 -999.250 -999.250 -999.250 -999.250 -999.250 -999.250 -999.250 -999.250 -999.250 -999.250 -999.250 -999.250 -999.250 -999.250 -999.250 -999.250 -999.250 -999.250 -999.250 -999.250 -999.250 -999.250 14.908 16.913 21.102 23.881 23.934 25.501 26.777 32.870 30.832 30.940 34.789 29.674 27.401 27.528 23.841 20.688 22.858 19.782 18.784 22.070 21.746 21.430 16.038 18.438 17.371 16.933 18.999 17.991 16.855 19.796 21.114 22.256 21.813 21.596 25.131 22.862 27.003
-999.250 -999.250 -999.250 -999.250 -999.250 -999.250 -999.250 -999.250 -999.250 -999.250 -999.250 -999.250 -999.250 -999.250 -999.250 -999.250 -999.250 -999.250 -999.250 -999.250 -999.250 -999.250 -999.250 -999.250 -999.250 -999.250 -999.250 -999.250 -999.250 13.533 12.936 15.131 20.582 21.070 24.607 26.301 28.863 32.248 33.347 31.698 33.611 30.050 30.343 28.253 22.460 21.966 20.344 19.755 18.412 20.615 19.760 20.707 22.236 23.694 21.242 18.473 17.157 12.747 16.805 23.722 22.858 24.442 24.519 21.391 25.230 24.166 26.290
-999.250 -999.250 -999.250 -999.250 -999.250 -999.250 -999.250 -999.250 -999.250 -999.250 -999.250 -999.250 -999.250 -999.250 -999.250 -999.250 -999.250 -999.250 -999.250 -999.250 -999.250 -999.250 -999.250 -999.250 -999.250 -999.250 -999.250 -999.250 -999.250 13.831 11.526 15.090 18.444 23.100 23.759 27.167 28.933 27.679 31.432 31.012 33.502 33.835 30.846 27.174 23.978 26.477 23.614 22.492 21.237 20.310 21.755 24.227 27.497 22.525 24.178 20.154 20.194 19.703 21.785 22.153 26.545 25.665 24.867 23.007 25.323 25.321 25.645
-999.250 -999.250 -999.250 -999.250 -999.250 -999.250 -999.250 -999.250 -999.250 -999.250 -999.250 -999.250 -999.250 -999.250 -999.250 -999.250 -999.250 -999.250 -999.250 -999.250 -999.250 -999.250 -999.250 -999.250 -999.250 -999.250 -999.250 -999.250 7.979 9.226 11.789 14.165 17.535 22.432 23.907 26.721 27.787 28.322 28.744 30.923 30.252 31.706 28.285 25.173 25.254 24.699 25.430 25.298 23.387 21.360 24.562 25.953 26.521 23.680 23.408 20.981 23.089 20.292 23.802 25.994 28.846 26.735 26.352 26.583 25.294 23.325 23.926
-999.250 -999.250 -999.250 -999.250 -999.250 -999.250 -999.250 -999.250 -999.250 -999.250 -999.250 -999.250 -999.250 -999.250 -999.250 -999.250 -999.250 -999.250 -999.250 -999.250 -999.250 -999.250 -999.250 -999.250 -999.250 -999.250 -999.250 -999.250 5.532 9.157 12.647 12.842 13.785 18.072 20.801 26.891 28.029 28.142 25.249 30.978 28.293 29.725 25.968 26.912 27.511 27.172 27.137 22.542 23.243 25.631 25.299 28.791 28.187 25.518 25.607 21.630 24.320 25.697 28.817 26.477 23.779 24.740 26.501 25.241 26.727 20.648 23.558
-999.250 -999.250 -999.250 -999.250 -999.250 -999.250 -999.250 -999.250 -999.250 -999.250 -999.250 -999.250 -999.250 -999.250 -999.250 -999.250 -999.250 -999.250 -999.250 -999.250 -999.250 -999.250 -999.250 -999.250 -999.250 -999.250 -999.250 5.815 7.384 6.385 7.525 5.390 11.659 19.979 21.705 22.684 24.611 26.414 26.673 27.103 28.827 28.113 26.917 26.853 25.177 30.089 29.485 30.875 27.136 27.098 25.198 26.483 29.905 27.097 30.986 31.729 24.312 23.863 25.311 25.619 23.828 28.578 26.445 24.474 21.982 20.616 19.586
-999.250 -999.250 -999.250 -999.250 -999.250 -999.250 -999.250 -999.250 -999.250 -999.250 -999.250 -999.250 -999.250 -999.250 -999.250 -999.250 -999.250 -999.250 -999.250 -999.250 -999.250 -999.250 -999.250 -999.250 -999.250 -999.250 -999.250 5.598 6.844 5.474 2.056 0.000 5.675 16.576 22.075 22.865 24.393 26.561 27.772 28.606 26.676 27.542 25.835 27.021 27.893 29.760 31.056 30.277 28.071 29.531 30.730 30.235 30.453 28.032 31.117 27.070 27.414 27.082 28.562 26.562 29.064 29.013 26.688 24.524 25.151 21.719 22.271
-999.250 -999.250 -999.250 -999.250 -999.250 -999.250 -999.250 -999.250 -999.250 -999.250 -999.250 -999.250 -999.250 -999.250 -999.250 -999.250 -999.250 -999.250 -999.250 -999.250 -999.250 -999.250 -999.250 -999.250 -999.250 -999.250 -999.250 -999.250 3.031 3.650 3.507 1.780 7.137 14.245 16.696 22.462 22.542 22.872 26.523 28.026 25.027 29.586 25.938 28.817 24.380 26.644 31.885 30.169 30.553 32.075 29.614 32.463 32.291 31.831 28.224 29.563 31.229 30.908 28.540 29.053 29.334 29.062 25.789 27.399 26.459 27.961 24.068
-999.250 -999.250 -999.250 -999.250 -999.250 -999.250 -999.250 -999.250 -999.250 -999.250 -999.250 -999.250 -999.250 -999.250 -999.250 -999.250 -999.250 -999.250 -999.250 -999.250 -999.250 -999.250 -999.250 -999.250 -999.250 -999.250 -999.250 -999.250 -999.250 -999.250 1.599 5.599 11.073 12.396 17.798 19.132 21.488 21.700 24.983 27.574 28.375 24.145 26.912 27.713 30.596 30.536 29.999 29.367 29.266 30.194 33.411 31.160 31.332 30.929 26.495 27.955 32.356 32.927 31.983 29.979 30.361 30.525 27.682 26.514 25.547 27.109 26.536
-999.250 -999.250 -999.250 -999.250 -999.250 -999.250 -999.250 -999.250 -999.250 -999.250 -999.250 -999.250 -999.250 -999.250 -999.250 -999.250 -999.250 -999.250 -999.250 -999.250 -999.250 -999.250 -999.250 -999.250 -999.250 -999.250 -999.250 -999.250 -999.250 -999.250 4.235 5.984 9.642 11.635 16.122 17.364 17.882 21.865 21.252 23.590 24.564 25.282 25.754 30.036 32.866 33.477 28.195 30.002 27.385 28.081 29.644 30.466 30.990 32.408 31.834 32.392 32.154 32.252 33.363 33.050 32.825 30.416 28.450 27.817 24.737 25.486 23.334
-999.250 -999.250 -999.250 -999.250 -999.250 -999.250 -999.250 -999.250 -999.250 -999.250 -999.250 -999.250 -999.250 -999.250 -999.250 -999.250 -999.250 -999.250 -999.250 -999.250 -999.250 -999.250 -999.250 -999.250 -999.250 -999.250 -999.250 -999.250 -999.250 -999.250 1.461 7.583 11.835 13.047 14.559 17.690 17.250 18.438 21.088 21.717 19.127 21.410 24.910 26.633 25.247 26.212 27.589 26.664 30.666 27.919 29.227 32.292 28.065 28.277 33.010 36.298 35.932 33.815 34.417 36.377 33.692 29.512 27.966 27.983 24.681 21.153 22.306
-999.250 -999.250 -999.250 -999.250 -999.250 -999.250 -999.250 -999.250 -999.250 -999.250 -999.250 -999.250 -999.250 -999.250 -999.250 -999.250 -999.250 -999.250 -999.250 -999.250 -999.250 -999.250 -999.250 -999.250 -999.250 -999.250 -999.250 -999.250 -999.250 -999.250 -999.250 8.204 11.363 13.305 13.696 17.208 18.193 16.885 19.120 20.500 19.839 19.781 20.184 21.620 26.051 25.482 27.705 28.417 30.527 30.062 25.785 24.991 27.979 31.971 28.676 30.834 31.600 32.585 32.921 32.041 29.527 29.356 31.802 26.451 24.693 22.768 22.572
-999.250 -999.250 -999.250 -999.250 -999.250 -999.250 -999.250 -999.250 -999.250 -999.250 -999.250 -999.250 -999.250 -999.250 -999.250 -999.250 -999.250 -999.250 -999.250 -999.250 -999.250 -999.250 -999.250 -999.250 -999.250 -999.250 -999.250 -999.250 -999.250 -999.250 7.301 8.601 10.175 14.215 14.569 14.416 17.386 18.606 18.639 18.451 22.133 20.604 16.602 20.779 23.988 25.226 29.504 25.841 26.635 28.123 23.323 27.185 24.352 25.438 29.119 30.496 28.566 31.036 32.490 32.812 31.637 28.334 29.679 24.156 22.153 20.008 23.389
-999.250 -999.250 -999.250 -999.250 -999.250 -999.250 -999.250 -999.250 -999.250 -999.250 -999.250 -999.250 -999.250 -999.250 -999.250 -999.250 -999.250 -999.250 -999.250 -999.250 -999.250 -999.250 -999.250 -999.250 -999.250 -999.250 -999.250 -999.250 -999.250 -999.250 -999.250 8.792 12.944 10.837 17.132 13.438 14.995 17.399 20.681 21.102 19.812 21.129 20.883 21.541 26.238 25.278 27.629 24.869 23.434 27.585 27.683 27.139 25.363 24.584 30.080 25.766 28.006 27.284 29.599 28.292 25.912 27.047 26.864 24.673 24.152 22.488 24.255
