data/medianmodel_12-Oct-2020.asc
ncols	141
nrows	288
xllcorner	-120191.398
yllcorner	-301404.813
cellsize	2000.000
NODATA_value	-999.250
[rows 120 to 149 of 288, columns 68 to 135 of 141]
32.325 26.326 25.085 22.663 19.707 18.553 21.193 23.704 24.703 25.971 31.166 33.069 36.376 38.339 37.974 49.022 50.823 44.567 50.612 49.092 59.127 49.889 43.089 60.082 69.452 85.841 86.884 92.632 103.497 100.166 115.245 109.504 112.911 111.906 112.286 103.994 98.745 97.792 88.733 90.314 84.078 82.206 97.327 96.452 79.401 -999.250 -999.250 -999.250 -999.250 -999.250 -999.250 -999.250 -999.250 -999.250 -999.250 -999.250 -999.250 -999.250 -999.250 -999.250 -999.250 -999.250 -999.250 -999.250 -999.250 -999.250 -999.250 -999.250
25.197 25.147 21.596 22.173 18.440 19.463 22.691 23.329 28.702 28.670 30.128 26.472 37.036 45.232 37.507 41.658 52.908 55.740 59.923 63.548 62.234 62.012 57.396 60.427 63.002 86.346 77.642 91.923 89.391 96.612 112.391 114.333 114.820 102.890 121.228 110.686 98.667 100.927 92.181 96.919 81.702 92.169 92.998 98.659 88.606 -999.250 -999.250 -999.250 -999.250 -999.250 -999.250 -999.250 -999.250 -999.250 -999.250 -999.250 -999.250 -999.250 -999.250 -999.250 -999.250 -999.250 -999.250 -999.250 -999.250 -999.250 -999.250 -999.250
24.859 24.364 19.988 23.993 23.789 24.123 24.668 23.468 25.875 25.815 26.590 31.491 40.087 35.502 37.386 39.096 61.432 55.327 55.778 49.181 65.845 67.430 63.986 61.203 64.233 75.324 85.546 100.559 90.665 97.669 112.114 124.891 133.351 120.226 109.049 110.548 109.219 104.250 104.564 89.350 93.467 100.966 97.551 96.381 106.294 -999.250 -999.250 -999.250 -999.250 -999.250 -999.250 -999.250 -999.250 -999.250 -999.250 -999.250 -999.250 -999.250 -999.250 -999.250 -999.250 -999.250 -999.250 -999.250 -999.250 -999.250 -999.250 -999.250
22.174 20.856 21.109 23.177 24.000 26.447 27.990 23.062 29.365 27.347 32.411 36.733 37.656 28.628 30.092 39.945 45.633 51.849 50.676 52.309 59.762 60.113 62.352 62.710 57.639 68.767 63.906 85.745 92.634 101.668 110.820 121.838 136.765 129.053 109.562 110.535 100.900 103.585 92.904 95.373 97.062 102.330 98.327 96.636 -999.250 -999.250 -999.250 -999.250 -999.250 -999.250 -999.250 -999.250 -999.250 -999.250 -999.250 -999.250 -999.250 -999.250 -999.250 -999.250 -999.250 -999.250 -999.250 -999.250 -999.250 -999.250 -999.250 -999.250
19.819 19.848 21.419 23.933 26.152 26.605 23.182 21.237 29.140 33.505 34.843 31.794 31.491 30.596 31.517 37.309 47.085 49.553 50.018 59.851 65.697 67.499 60.986 54.468 57.346 72.658 75.513 80.568 91.281 98.110 104.267 125.795 121.839 126.600 114.674 108.424 104.571 92.248 89.899 91.636 100.549 100.206 91.779 81.720 -999.250 -999.250 -999.250 -999.250 -999.250 -999.250 -999.250 -999.250 -999.250 -999.250 -999.250 -999.250 -999.250 -999.250 -999.250 -999.250 -999.250 -999.250 -999.250 -999.250 -999.250 -999.250 -999.250 -999.250
20.395 19.394 18.991 22.796 25.220 23.581 22.700 25.226 28.652 33.380 34.395 31.178 30.126 37.584 34.858 44.474 46.215 52.071 52.636 55.743 54.629 55.703 55.640 54.775 54.947 74.593 70.043 84.690 80.885 95.112 106.633 113.054 115.179 119.358 106.853 99.009 87.139 87.135 82.315 86.826 86.739 88.706 84.518 90.708 -999.250 -999.250 -999.250 -999.250 -999.250 -999.250 -999.250 -999.250 -999.250 -999.250 -999.250 -999.250 -999.250 -999.250 -999.250 -999.250 -999.250 -999.250 -999.250 -999.250 -999.250 -999.250 -999.250 -999.250
17.327 20.857 18.008 16.311 22.205 21.206 23.856 24.804 27.751 31.860 33.047 28.035 34.159 39.326 32.919 37.470 44.776 52.600 50.828 50.764 55.314 48.660 53.421 55.475 58.887 65.676 67.605 79.334 79.116 91.149 102.662 101.468 112.846 113.013 102.214 83.944 98.967 88.698 89.905 93.180 92.410 91.400 85.538 82.035 -999.250 -999.250 -999.250 -999.250 -999.250 -999.250 -999.250 -999.250 -999.250 -999.250 -999.250 -999.250 -999.250 -999.250 -999.250 -999.250 -999.250 -999.250 -999.250 -999.250 -999.250 -999.250 -999.250 -999.250
16.663 16.026 16.480 22.044 25.584 21.368 23.339 24.829 25.596 29.346 26.984 28.875 33.349 38.096 32.126 43.529 44.312 54.032 60.175 52.314 55.757 57.669 61.846 59.370 61.109 68.371 58.677 65.365 75.968 88.724 94.099 101.227 98.611 95.515 81.996 77.977 85.164 92.656 80.511 89.912 86.700 85.174 88.192 -999.250 -999.250 -999.250 -999.250 -999.250 -999.250 -999.250 -999.250 -999.250 -999.250 -999.250 -999.250 -999.250 -999.250 -999.250 -999.250 -999.250 -999.250 -999.250 -999.250 -999.250 -999.250 -999.250 -999.250 -999.250
19.696 17.404 20.797 21.906 23.481 24.158 27.312 23.596 27.223 30.133 29.852 35.600 33.738 39.333 33.299 41.291 46.210 53.816 51.111 59.625 61.554 64.360 58.560 59.657 60.732 66.423 71.762 64.148 71.892 82.505 89.805 87.074 90.494 92.724 91.246 82.052 78.806 94.159 88.272 83.859 82.699 82.997 -999.250 -999.250 -999.250 -999.250 -999.250 -999.250 -999.250 -999.250 -999.250 -999.250 -999.250 -999.250 -999.250 -999.250 -999.250 -999.250 -999.250 -999.250 -999.250 -999.250 -999.250 -999.250 -999.250 -999.250 -999.250 -999.250
17.951 22.297 25.920 29.191 25.038 27.168 31.854 28.357 27.310 29.682 35.034 41.278 42.875 46.861 39.277 32.863 45.491 46.846 44.766 58.570 55.961 62.135 61.042 62.095 59.044 60.791 73.124 72.908 75.294 82.728 105.555 92.882 88.973 83.911 85.372 74.791 78.638 78.959 80.586 72.418 70.092 -999.250 -999.250 -999.250 -999.250 -999.250 -999.250 -999.250 -999.250 -999.250 -999.250 -999.250 -999.250 -999.250 -999.250 -999.250 -999.250 -999.250 -999.250 -999.250 -999.250 -999.250 -999.250 -999.250 -999.250 -999.250 -999.250 -999.250
21.141 15.649 19.841 26.271 23.694 28.223 29.256 28.636 32.229 36.853 41.212 36.283 38.714 44.017 41.023 41.045 39.437 44.258 40.225 47.148 57.840 60.601 51.094 50.549 58.191 56.744 64.195 69.707 81.740 78.590 81.766 93.596 85.426 80.664 74.389 80.349 59.670 80.216 70.072 69.049 70.593 -999.250 -999.250 -999.250 -999.250 -999.250 -999.250 -999.250 -999.250 -999.250 -999.250 -999.250 -999.250 -999.250 -999.250 -999.250 -999.250 -999.250 -999.250 -999.250 -999.250 -999.250 -999.250 -999.250 -999.250 -999.250 -999.250 -999.250
18.258 16.976 20.246 22.738 24.789 28.169 28.625 30.376 31.486 43.703 41.447 49.326 49.611 42.265 36.110 41.055 42.315 38.997 40.864 50.765 51.214 61.368 47.326 49.107 44.626 53.573 63.846 59.412 75.453 79.263 77.800 77.732 78.757 73.761 59.032 80.139 67.967 71.474 71.800 63.409 66.035 -999.250 -999.250 -999.250 -999.250 -999.250 -999.250 -999.250 -999.250 -999.250 -999.250 -999.250 -999.250 -999.250 -999.250 -999.250 -999.250 -999.250 -999.250 -999.250 -999.250 -999.250 -999.250 -999.250 -999.250 -999.250 -999.250 -999.250
16.426 17.176 17.243 18.409 23.104 26.321 28.215 30.239 35.839 39.815 49.289 62.464 58.701 43.906 43.301 46.770 46.576 49.063 45.727 50.664 54.536 52.268 43.416 45.864 45.087 41.664 52.430 64.264 63.863 64.646 64.001 77.416 73.688 79.312 67.777 68.277 65.400 73.123 89.143 61.349 65.500 -999.250 -999.250 -999.250 -999.250 -999.250 -999.250 -999.250 -999.250 -999.250 -999.250 -999.250 -999.250 -999.250 -999.250 -999.250 -999.250 -999.250 -999.250 -999.250 -999.250 -999.250 -999.250 -999.250 -999.250 -999.250 -999.250 -999.250
15.966 13.702 20.677 24.405 24.184 29.133 26.201 31.038 37.377 41.255 51.577 51.218 53.896 45.861 47.359 46.977 50.740 44.055 38.250 41.614 47.667 47.677 40.460 33.016 44.299 44.663 44.431 59.094 54.484 64.062 56.367 78.402 67.868 67.567 62.066 68.085 77.982 75.794 74.679 74.646 -999.250 -999.250 -999.250 -999.250 -999.250 -999.250 -999.250 -999.250 -999.250 -999.250 -999.250 -999.250 -999.250 -999.250 -999.250 -999.250 -999.250 -999.250 -999.250 -999.250 -999.250 -999.250 -999.250 -999.250 -999.250 -999.250 -999.250 -999.250
16.155 18.353 20.949 21.915 29.477 26.211 30.113 32.816 36.591 46.352 48.992 51.639 51.317 44.730 45.422 48.471 48.877 46.466 46.495 41.455 41.208 41.602 34.922 34.879 39.263 52.148 57.100 49.829 46.080 54.563 57.392 58.918 62.843 67.410 76.133 75.172 76.970 80.198 76.676 72.690 -999.250 -999.250 -999.250 -999.250 -999.250 -999.250 -999.250 -999.250 -999.250 -999.250 -999.250 -999.250 -999.250 -999.250 -999.250 -999.250 -999.250 -999.250 -999.250 -999.250 -999.250 -999.250 -999.250 -999.250 -999.250 -999.250 -999.250 -999.250
18.757 20.294 24.764 24.460 28.847 33.906 36.503 36.391 34.251 45.411 45.442 60.176 59.517 53.388 49.001 47.712 48.875 53.749 45.206 44.017 41.705 33.112 34.036 38.027 44.291 44.203 53.757 55.050 54.316 51.269 58.620 55.724 63.615 54.792 69.512 75.230 84.697 76.590 83.753 70.362 -999.250 -999.250 -999.250 -999.250 -999.250 -999.250 -999.250 -999.250 -999.250 -999.250 -999.250 -999.250 -999.250 -999.250 -999.250 -999.250 -999.250 -999.250 -999.250 -999.250 -999.250 -999.250 -999.250 -999.250 -999.250 -999.250 -999.250 -999.250
22.389 25.227 29.108 26.690 34.471 33.805 43.379 37.643 44.649 46.168 53.479 63.613 65.464 58.196 50.381 47.711 54.913 49.273 52.347 48.363 37.797 40.722 36.458 36.573 50.217 42.785 43.214 44.595 53.777 57.947 52.471 51.752 55.278 52.402 74.292 70.890 65.567 68.268 76.172 68.901 -999.250 -999.250 -999.250 -999.250 -999.250 -999.250 -999.250 -999.250 -999.250 -999.250 -999.250 -999.250 -999.250 -999.250 -999.250 -999.250 -999.250 -999.250 -999.250 -999.250 -999.250 -999.250 -999.250 -999.250 -999.250 -999.250 -999.250 -999.250
27.343 23.610 26.836 32.550 34.551 33.634 39.095 35.642 53.682 49.164 54.317 58.630 58.051 51.990 45.241 45.275 49.688 45.717 43.154 35.337 34.292 28.172 36.687 35.071 41.932 42.467 43.833 50.399 43.606 49.057 42.828 53.713 61.560 54.594 65.864 72.367 62.468 65.525 71.761 -999.250 -999.250 -999.250 -999.250 -999.250 -999.250 -999.250 -999.250 -999.250 -999.250 -999.250 -999.250 -999.250 -999.250 -999.250 -999.250 -999.250 -999.250 -999.250 -999.250 -999.250 -999.250 -999.250 -999.250 -999.250 -999.250 -999.250 -999.250 -999.250
26.509 28.792 29.483 33.052 32.028 37.059 33.202 36.150 42.910 44.956 51.974 49.553 50.799 52.865 46.835 40.091 37.439 32.933 -999.250 -999.250 -999.250 -999.250 37.231 34.263 40.181 35.669 48.761 -999.250 -999.250 -999.250 -999.250 -999.250 -999.250 -999.250 -999.250 -999.250 -999.250 -999.250 -999.250 -999.250 -999.250 -999.250 -999.250 -999.250 -999.250 -999.250 -999.250 -999.250 -999.250 -999.250 -999.250 -999.250 -999.250 -999.250 -999.250 -999.250 -999.250 -999.250 -999.250 -999.250 -999.250 -999.250 -999.250 -999.250 -999.250 -999.250 -999.250 -999.250
33.747 29.349 31.613 32.646 29.064 31.668 31.380 31.836 35.010 40.846 42.413 44.248 41.202 42.136 38.911 35.755 31.758 29.290 -999.250 -999.250 -999.250 -999.250 -999.250 -999.250 -999.250 -999.250 -999.250 -999.250 -999.250 -999.250 -999.250 -999.250 -999.250 -999.250 -999.250 -999.250 -999.250 -999.250 -999.250 -999.250 -999.250 -999.250 -999.250 -999.250 -999.250 -999.250 -999.250 -999.250 -999.250 -999.250 -999.250 -999.250 -999.250 -999.250 -999.250 -999.250 -999.250 -999.250 -999.250 -999.250 -999.250 -999.250 -999.250 -999.250 -999.250 -999.250 -999.250 -999.250
40.710 38.108 31.047 32.676 30.330 29.092 26.742 34.311 33.468 28.855 33.527 32.882 33.963 33.575 32.183 26.269 22.695 24.466 -999.250 -999.250 -999.250 -999.250 -999.250 -999.250 -999.250 -999.250 -999.250 -999.250 -999.250 -999.250 -999.250 -999.250 -999.250 -999.250 -999.250 -999.250 -999.250 -999.250 -999.250 -999.250 -999.250 -999.250 -999.250 -999.250 -999.250 -999.250 -999.250 -999.250 -999.250 -999.250 -999.250 -999.250 -999.250 -999.250 -999.250 -999.250 -999.250 -999.250 -999.250 -999.250 -999.250 -999.250 -999.250 -999.250 -999.250 -999.250 -999.250 -999.250
34.845 30.143 27.181 30.809 31.771 24.059 24.135 26.680 27.868 25.197 29.493 29.276 30.908 27.712 25.011 23.255 16.679 16.833 17.927 -999.250 -999.250 -999.250 -999.250 -999.250 -999.250 -999.250 -999.250 -999.250 -999.250 -999.250 -999.250 -999.250 -999.250 -999.250 -999.250 -999.250 -999.250 -999.250 -999.250 -999.250 -999.250 -999.250 -999.250 -999.250 -999.250 -999.250 -999.250 -999.250 -999.250 -999.250 -999.250 -999.250 -999.250 -999.250 -999.250 -999.250 -999.250 -999.250 -999.250 -999.250 -999.250 -999.250 -999.250 -999.250 -999.250 -999.250 -999.250 -999.250
31.037 27.434 28.764 25.499 22.346 24.965 25.167 24.305 24.077 22.192 23.389 24.534 21.770 20.932 16.336 17.831 14.687 10.792 9.481 8.657 -999.250 -999.250 -999.250 -999.250 -999.250 -999.250 -999.250 -999.250 -999.250 -999.250 -999.250 -999.250 -999.250 -999.250 -999.250 -999.250 -999.250 -999.250 -999.250 -999.250 -999.250 -999.250 -999.250 -999.250 -999.250 -999.250 -999.250 -999.250 -999.250 -999.250 -999.250 -999.250 -999.250 -999.250 -999.250 -999.250 -999.250 -999.250 -999.250 -999.250 -999.250 -999.250 -999.250 -999.250 -999.250 -999.250 -999.250 -999.250
29.226 23.468 23.481 21.703 20.580 22.686 19.919 22.341 22.090 20.488 19.329 16.931 17.881 13.709 13.930 10.398 5.173 6.392 3.966 3.915 6.761 -999.250 -999.250 -999.250 -999.250 -999.250 -999.250 -999.250 -999.250 -999.250 -999.250 -999.250 -999.250 -999.250 -999.250 -999.250 -999.250 -999.250 -999.250 -999.250 -999.250 -999.250 -999.250 -999.250 -999.250 -999.250 -999.250 -999.250 -999.250 -999.250 -999.250 -999.250 -999.250 -999.250 -999.250 -999.250 -999.250 -999.250 -999.250 -999.250 -999.250 -999.250 -999.250 -999.250 -999.250 -999.250 -999.250 -999.250
27.843 23.809 23.113 19.831 17.616 16.528 16.120 19.475 17.815 19.062 15.268 13.098 7.927 8.084 3.193 0.000 0.000 0.000 0.000 0.000 0.000 -999.250 -999.250 -999.250 -999.250 -999.250 -999.250 -999.250 -999.250 -999.250 -999.250 -999.250 -999.250 -999.250 -999.250 -999.250 -999.250 -999.250 -999.250 -999.250 -999.250 -999.250 -999.250 -999.250 -999.250 -999.250 -999.250 -999.250 -999.250 -999.250 -999.250 -999.250 -999.250 -999.250 -999.250 -999.250 -999.250 -999.250 -999.250 -999.250 -999.250 -999.250 -999.250 -999.250 -999.250 -999.250 -999.250 -999.250
22.628 21.884 19.383 15.555 13.299 15.692 14.497 15.093 16.421 15.704 11.472 10.247 4.660 0.000 0.000 0.000 0.000 0.000 0.000 0.000 0.000 0.000 3.662 -999.250 -999.250 -999.250 -999.250 -999.250 -999.250 -999.250 -999.250 -999.250 -999.250 -999.250 -999.250 -999.250 -999.250 -999.250 -999.250 -999.250 -999.250 -999.250 -999.250 -999.250 -999.250 -999.250 -999.250 -999.250 -999.250 -999.250 -999.250 -999.250 -999.250 -999.250 -999.250 -999.250 -999.250 -999.250 -999.250 -999.250 -999.250 -999.250 -999.250 -999.250 -999.250 -999.250 -999.250 -999.250
16.661 14.402 15.976 13.960 12.480 11.489 11.579 11.776 11.634 9.165 10.881 8.701 2.470 0.000 0.000 0.000 0.000 0.000 0.000 0.000 0.000 0.000 1.791 12.797 -999.250 -999.250 -999.250 -999.250 -999.250 -999.250 -999.250 -999.250 -999.250 -999.250 -999.250 -999.250 -999.250 -999.250 -999.250 -999.250 -999.250 -999.250 -999.250 -999.250 -999.250 -999.250 -999.250 -999.250 -999.250 -999.250 -999.250 -999.250 -999.250 -999.250 -999.250 -999.250 -999.250 -999.250 -999.250 -999.250 -999.250 -999.250 -999.250 -999.250 -999.250 -999.250 -999.250 -999.250
10.943 7.517 8.581 8.420 8.518 5.327 9.313 8.675 5.105 6.199 4.095 5.503 1.712 0.000 0.000 0.000 0.000 0.000 0.000 0.000 0.000 0.000 0.000 13.474 -999.250 -999.250 -999.250 -999.250 -999.250 -999.250 -999.250 -999.250 -999.250 -999.250 -999.250 -999.250 -999.250 -999.250 -999.250 -999.250 -999.250 -999.250 -999.250 -999.250 -999.250 -999.250 -999.250 -999.250 -999.250 -999.250 -999.250 -999.250 -999.250 -999.250 -999.250 -999.250 -999.250 -999.250 -999.250 -999.250 -999.250 -999.250 -999.250 -999.250 -999.250 -999.250 -999.250 -999.250
3.817 0.000 0.000 2.771 7.846 4.903 5.875 6.365 5.995 4.019 7.924 4.953 1.570 0.000 0.000 0.000 0.000 0.000 0.000 2.088 3.888 0.861 0.000 21.676 35.567 59.275 61.094 -999.250 -999.250 -999.250 -999.250 -999.250 -999.250 -999.250 -999.250 -999.250 -999.250 -999.250 -999.250 -999.250 -999.250 -999.250 -999.250 -999.250 -999.250 -999.250 -999.250 -999.250 -999.250 -999.250 -999.250 -999.250 -999.250 -999.250 -999.250 -999.250 -999.250 -999.250 -999.250 -999.250 -999.250 -999.250 -999.250 -999.250 -999.250 -999.250 -999.250 -999.250
2.748 0.000 0.348 2.821 7.492 3.921 4.610 7.904 3.626 6.624 6.072 2.114 0.000 0.000 0.000 0.000 0.000 0.000 2.687 5.244 15.157 18.074 24.242 41.949 56.617 86.892 85.932 89.377 -999.250 -999.250 -999.250 -999.250 -999.250 -999.250 -999.250 -999.250 -999.250 -999.250 -999.250 -999.250 -999.250 -999.250 -999.250 -999.250 -999.250 -999.250 -999.250 -999.250 -999.250 -999.250 -999.250 -999.250 -999.250 -999.250 -999.250 -999.250 -999.250 -999.250 -999.250 -999.250 -999.250 -999.250 -999.250 -999.250 -999.250 -999.250 -999.250 -999.250
