data/medianmodel_14-Feb-2021.asc
ncols	141
nrows	288
xllcorner	-120191.398
yllcorner	-301404.813
cellsize	2000.000
NODATA_value	-999.250
[rows 0 to 28 of 288, columns 65 to 129 of 141]
-999.250 -999.250 -999.250 -999.250 -999.250 -999.250 -999.250 -999.250 -999.250 -999.250 -999.250 -999.250 -999.250 -999.250 -999.250 -999.250 -999.250 -999.250 -999.250 -999.250 -999.250 -999.250 -999.250 -999.250 -999.250 -999.250 -999.250 -999.250 -999.250 -999.250 -999.250 -999.250 -999.250 -999.250 -999.250 -999.250 -999.250 -999.250 -999.250 -999.250 -999.250 -999.250 -999.250 -999.250 -999.250 -999.250 -999.250 -999.250 -999.250 -999.250 -999.250 -999.250 -999.250 -999.250 -999.250 -999.250 -999.250 -999.250 -999.250 -999.250 -999.250 -999.250 -999.250 -999.250 -999.250
-999.250 -999.250 -999.250 -999.250 -999.250 -999.250 -999.250 -999.250 -999.250 -999.250 -999.250 -999.250 -999.250 -999.250 -999.250 -999.250 -999.250 -999.250 -999.250 -999.250 -999.250 -999.250 -999.250 -999.250 -999.250 -999.250 -999.250 -999.250 -999.250 -999.250 -999.250 -999.250 -999.250 -999.250 -999.250 -999.250 -999.250 -999.250 -999.250 -999.250 -999.250 -999.250 -999.250 -999.250 -999.250 -999.250 -999.250 -999.250 -999.250 -999.250 -999.250 -999.250 -999.250 -999.250 -999.250 -999.250 -999.250 -999.250 -999.250 -999.250 -999.250 -999.250 -999.250 -999.250 -999.250
-999.250 -999.250 -999.250 -999.250 -999.250 -999.250 -999.250 -999.250 -999.250 -999.250 -999.250 -999.250 -999.250 -999.250 -999.250 -999.250 -999.250 -999.250 -999.250 -999.250 -999.250 -999.250 -999.250 -999.250 -999.250 -999.250 -999.250 -999.250 -999.250 -999.250 -999.250 -999.250 -999.250 -999.250 -999.250 -999.250 -999.250 -999.250 -999.250 -999.250 -999.250 -999.250 -999.250 -999.250 -999.250 -999.250 -999.250 -999.250 -999.250 -999.250 -999.250 -999.250 -999.250 -999.250 -999.250 -999.250 -999.250 -999.250 -999.250 -999.250 -999.250 -999.250 -999.250 -999.250 -999.250
-999.250 -999.250 -999.250 -999.250 -999.250 -999.250 -999.250 -999.250 -999.250 -999.250 -999.250 -999.250 -999.250 -999.250 -999.250 -999.250 -999.250 -999.250 -999.250 -999.250 -999.250 -999.250 -999.250 -999.250 -999.250 -999.250 -999.250 -999.250 -999.250 -999.250 -999.250 -999.250 -999.250 -999.250 -999.250 -999.250 -999.250 -999.250 -999.250 -999.250 -999.250 -999.250 -999.250 -999.250 -999.250 -999.250 -999.250 -999.250 -999.250 -999.250 -999.250 -999.250 -999.250 -999.250 -999.250 -999.250 -999.250 -999.250 -999.250 -999.250 -999.250 -999.250 -999.250 -999.250 -999.250
-999.250 -999.250 -999.250 -999.250 -999.250 -999.250 -999.250 -999.250 -999.250 -999.250 -999.250 -999.250 -999.250 -999.250 -999.250 -999.250 -999.250 -999.250 -999.250 -999.250 -999.250 -999.250 -999.250 -999.250 -999.250 -999.250 -999.250 -999.250 -999.250 -999.250 -999.250 -999.250 -999.250 -999.250 -999.250 -999.250 -999.250 -999.250 -999.250 -999.250 -999.250 -999.250 -999.250 -999.250 -999.250 -999.250 -999.250 -999.250 -999.250 -999.250 -999.250 -999.250 -999.250 -999.250 -999.250 -999.250 -999.250 -999.250 -999.250 -999.250 -999.250 -999.250 -999.250 -999.250 -999.250
-999.250 -999.250 -999.250 -999.250 -999.250 -999.250 -999.250 -999.250 -999.250 -999.250 -999.250 -999.250 -999.250 -999.250 -999.250 -999.250 -999.250 -999.250 -999.250 -999.250 -999.250 -999.250 -999.250 -999.250 -999.250 -999.250 -999.250 -999.250 -999.250 -999.250 -999.250 -999.250 -999.250 -999.250 -999.250 -999.250 -999.250 -999.250 -999.250 -999.250 -999.250 -999.250 -999.250 -999.250 -999.250 -999.250 -999.250 -999.250 -999.250 -999.250 -999.250 -999.250 -999.250 -999.250 -999.250 -999.250 -999.250 -999.250 -999.250 -999.250 -999.250 -999.250 -999.250 -999.250 -999.250
-999.250 -999.250 -999.250 -999.250 -999.250 -999.250 -999.250 -999.250 -999.250 -999.250 -999.250 -999.250 -999.250 -999.250 -999.250 -999.250 -999.250 -999.250 -999.250 -999.250 -999.250 -999.250 -999.250 -999.250 -999.250 -999.250 -999.250 -999.250 -999.250 -999.250 -999.250 -999.250 -999.250 -999.250 -999.250 -999.250 -999.250 -999.250 -999.250 -999.250 -999.250 -999.250 -999.250 -999.250 -999.250 -999.250 -999.250 -999.250 -999.250 -999.250 -999.250 -999.250 -999.250 -999.250 -999.250 -999.250 -999.250 -999.250 -999.250 -999.250 -999.250 -999.250 -999.250 -999.250 -999.250
-999.250 -999.250 -999.250 -999.250 -999.250 -999.250 -999.250 -999.250 -999.250 -999.250 -999.250 -999.250 -999.250 -999.250 -999.250 -999.250 -999.250 -999.250 -999.250 -999.250 -999.250 -999.250 -999.250 -999.250 -999.250 -999.250 -999.250 -999.250 -999.250 -999.250 -999.250 -999.250 -999.250 -999.250 -999.250 -999.250 -999.250 -999.250 -999.250 -999.250 -999.250 -999.250 -999.250 -999.250 -999.250 -999.250 -999.250 -999.250 -999.250 -999.250 -999.250 -999.250 -999.250 -999.250 -999.250 -999.250 -999.250 -999.250 -999.250 -999.250 -999.250 -999.250 -999.250 -999.250 -999.250
-999.250 -999.250 -999.250 -999.250 -999.250 -999.250 -999.250 -999.250 -999.250 -999.250 -999.250 -999.250 -999.250 -999.250 -999.250 -999.250 -999.250 -999.250 -999.250 -999.250 -999.250 -999.250 -999.250 -999.250 -999.250 -999.250 -999.250 -999.250 -999.250 -999.250 -999.250 -999.250 -999.250 -999.250 -999.250 -999.250 -999.250 -999.250 -999.250 -999.250 -999.250 -999.250 -999.250 -999.250 -999.250 -999.250 -999.250 -999.250 -999.250 394.328 -999.250 -999.250 -999.250 -999.250 -999.250 -999.250 -999.250 -999.250 -999.250 -999.250 -999.250 -999.250 -999.250 -999.250 -999.250
-999.250 -999.250 -999.250 -999.250 -999.250 -999.250 -999.250 -999.250 -999.250 -999.250 -999.250 -999.250 -999.250 -999.250 -999.250 -999.250 -999.250 -999.250 -999.250 -999.250 -999.250 -999.250 -999.250 -999.250 -999.250 -999.250 -999.250 -999.250 -999.250 -999.250 -999.250 -999.250 -999.250 -999.250 337.881 316.919 352.108 331.471 -999.250 -999.250 -999.250 -999.250 341.987 -999.250 -999.250 -999.250 -999.250 -999.250 -999.250 420.060 430.364 -999.250 -999.250 -999.250 -999.250 -999.250 -999.250 -999.250 -999.250 -999.250 -999.250 -999.250 -999.250 -999.250 -999.250
-999.250 -999.250 -999.250 -999.250 -999.250 -999.250 -999.250 -999.250 -999.250 -999.250 -999.250 -999.250 -999.250 -999.250 -999.250 -999.250 -999.250 -999.250 -999.250 -999.250 -999.250 -999.250 -999.250 -999.250 -999.250 -999.250 -999.250 -999.250 -999.250 -999.250 -999.250 -999.250 -999.250 -999.250 337.928 341.764 330.496 330.800 -999.250 -999.250 -999.250 333.052 334.716 341.909 -999.250 -999.250 -999.250 -999.250 -999.250 426.368 430.392 452.948 -999.250 -999.250 -999.250 -999.250 -999.250 -999.250 448.418 442.467 -999.250 -999.250 -999.250 -999.250 -999.250
-999.250 -999.250 -999.250 -999.250 -999.250 -999.250 -999.250 -999.250 -999.250 -999.250 -999.250 -999.250 -999.250 -999.250 -999.250 -999.250 -999.250 -999.250 -999.250 -999.250 -999.250 -999.250 -999.250 -999.250 -999.250 -999.250 -999.250 -999.250 -999.250 -999.250 -999.250 -999.250 -999.250 -999.250 336.627 332.586 318.646 315.419 301.965 309.613 314.257 309.858 337.176 344.789 369.748 373.545 400.322 401.178 422.369 435.457 427.295 440.290 464.873 481.631 457.686 461.459 463.075 460.295 447.205 446.994 -999.250 -999.250 -999.250 -999.250 -999.250
-999.250 -999.250 -999.250 -999.250 477.103 -999.250 -999.250 -999.250 -999.250 -999.250 -999.250 -999.250 -999.250 -999.250 -999.250 -999.250 -999.250 -999.250 -999.250 -999.250 -999.250 -999.250 -999.250 -999.250 -999.250 -999.250 -999.250 -999.250 -999.250 -999.250 -999.250 -999.250 -999.250 -999.250 301.088 303.764 292.012 282.189 298.543 323.576 319.117 341.603 357.576 362.809 371.402 379.281 409.603 418.852 426.124 431.555 444.210 441.469 446.994 463.568 468.530 459.502 481.871 475.066 461.141 470.044 -999.250 -999.250 -999.250 -999.250 -999.250
-999.250 -999.250 -999.250 -999.250 445.082 -999.250 -999.250 -999.250 -999.250 -999.250 -999.250 -999.250 460.216 -999.250 -999.250 -999.250 -999.250 -999.250 -999.250 -999.250 -999.250 -999.250 -999.250 -999.250 -999.250 -999.250 -999.250 -999.250 -999.250 -999.250 -999.250 -999.250 -999.250 -999.250 285.462 284.352 273.566 288.756 282.187 306.372 326.834 339.549 358.424 356.032 365.123 366.322 377.781 405.382 418.169 443.146 437.854 462.340 457.903 468.290 478.824 478.621 468.418 457.405 476.720 463.905 -999.250 -999.250 -999.250 -999.250 -999.250
-999.250 -999.250 -999.250 -999.250 442.279 -999.250 -999.250 -999.250 -999.250 438.939 457.021 439.855 466.765 470.500 -999.250 -999.250 -999.250 -999.250 -999.250 -999.250 -999.250 -999.250 -999.250 -999.250 -999.250 -999.250 -999.250 -999.250 -999.250 -999.250 -999.250 -999.250 -999.250 -999.250 277.866 277.698 276.191 272.735 284.640 304.697 311.730 331.801 331.767 355.243 373.732 386.179 392.704 419.238 416.175 444.529 459.676 457.923 463.463 482.391 463.809 466.619 475.448 462.494 439.607 444.682 446.156 -999.250 -999.250 -999.250 -999.250
-999.250 441.031 434.266 422.025 435.927 -999.250 -999.250 437.919 450.930 467.744 458.966 464.825 485.464 516.610 550.792 519.428 537.909 -999.250 -999.250 -999.250 -999.250 -999.250 -999.250 -999.250 -999.250 -999.250 -999.250 -999.250 -999.250 -999.250 -999.250 263.527 275.112 260.422 254.807 273.739 253.619 276.112 264.209 288.822 296.213 304.407 321.478 336.181 360.660 368.119 398.925 420.799 428.873 434.426 478.804 500.962 507.610 510.330 490.027 487.798 483.859 467.591 461.035 454.924 456.383 -999.250 -999.250 -999.250 -999.250
441.013 428.079 412.643 408.475 418.294 -999.250 436.491 432.846 450.040 463.436 498.189 493.456 506.596 560.845 579.241 578.829 -999.250 -999.250 -999.250 -999.250 -999.250 405.908 375.711 -999.250 -999.250 -999.250 278.075 -999.250 -999.250 268.526 251.610 259.337 250.927 265.162 255.456 245.400 259.774 267.714 274.777 266.560 278.930 302.213 313.443 343.861 350.176 372.851 408.689 418.518 439.219 459.445 474.710 487.353 520.472 504.325 490.995 477.196 484.118 452.650 472.164 452.848 458.571 -999.250 -999.250 -999.250 -999.250
427.810 407.808 412.482 397.592 397.484 394.221 417.415 429.089 449.022 476.722 514.251 546.356 573.783 598.777 626.655 632.874 -999.250 -999.250 494.727 463.038 433.378 408.570 369.750 325.021 -999.250 291.974 272.605 263.410 272.498 256.486 245.286 259.000 269.394 264.907 242.828 256.685 252.339 254.089 273.333 283.239 283.787 296.927 316.685 336.921 357.899 363.978 403.252 423.451 420.637 446.706 457.517 501.399 541.554 514.211 491.136 473.986 468.054 456.716 454.881 462.293 468.023 -999.250 -999.250 -999.250 -999.250
438.889 405.918 388.526 390.057 388.904 379.680 403.412 432.450 468.614 505.781 557.348 582.554 630.800 694.098 694.689 663.244 599.405 581.963 515.486 513.438 438.531 404.234 352.676 304.040 286.545 269.955 261.509 257.591 257.135 264.148 249.575 266.262 254.122 255.301 263.393 263.872 256.284 268.770 273.167 295.162 293.714 307.610 304.830 326.958 345.982 378.226 396.030 414.369 413.526 442.872 459.324 489.013 504.562 505.280 483.885 463.442 462.305 444.881 441.510 449.580 472.690 -999.250 -999.250 -999.250 -999.250
419.987 408.823 398.756 395.359 372.535 384.406 390.994 447.180 477.269 564.796 591.031 632.913 700.277 735.784 745.268 735.192 699.754 668.393 591.653 507.279 446.349 385.434 325.365 297.349 279.607 262.538 250.910 246.066 250.904 252.977 266.139 256.017 266.112 258.455 277.294 278.920 265.765 270.459 284.091 300.245 296.697 303.242 307.147 320.349 319.535 349.119 369.109 397.986 385.482 428.790 447.300 446.985 469.056 478.553 469.182 450.227 443.220 448.217 433.786 451.084 459.231 -999.250 -999.250 -999.250 -999.250
419.539 420.084 405.759 394.242 372.907 381.666 400.614 436.117 502.502 577.375 614.989 717.871 750.022 772.953 819.047 809.989 776.168 745.587 668.767 555.159 456.815 378.811 301.710 270.187 270.828 255.133 239.002 237.479 252.080 256.024 270.702 259.994 255.892 268.673 278.455 273.034 286.922 279.696 270.794 292.596 288.925 295.385 318.562 331.202 332.903 322.985 347.279 375.832 404.360 410.394 427.620 431.909 446.424 452.081 465.827 448.904 447.236 437.236 438.715 435.807 -999.250 -999.250 -999.250 -999.250 -999.250
424.694 408.489 416.958 397.202 387.096 376.008 389.019 460.867 527.543 597.708 714.079 756.951 810.187 869.832 868.769 843.164 822.703 750.111 649.164 572.292 487.435 384.327 287.217 270.761 265.671 247.833 248.928 241.036 253.188 259.872 265.197 250.024 272.180 274.109 268.994 283.919 277.794 267.661 280.977 292.678 279.880 294.456 293.041 301.218 324.490 344.651 341.971 352.802 386.347 395.845 398.897 396.672 426.612 435.442 447.449 439.605 429.746 448.152 460.324 445.352 -999.250 -999.250 -999.250 -999.250 -999.250
412.049 404.285 416.360 415.103 415.424 423.812 450.679 477.420 577.607 628.162 751.486 832.267 876.767 923.825 933.888 930.514 876.589 792.994 721.157 596.817 512.548 434.518 346.143 314.475 280.384 283.225 264.925 258.455 249.964 256.462 273.550 277.279 287.591 282.179 281.055 296.978 286.452 285.919 288.158 289.436 285.829 259.120 280.869 300.647 318.194 337.352 333.326 349.532 359.376 376.649 397.242 388.697 412.262 412.332 410.929 424.864 438.547 450.572 449.359 442.552 -999.250 -999.250 -999.250 -999.250 -999.250
390.741 402.946 420.073 432.136 439.903 464.560 481.566 537.446 606.282 726.458 792.008 873.834 941.441 1007.284 1050.200 1007.123 918.045 826.371 762.524 661.460 541.079 446.988 395.613 357.050 321.167 290.043 287.024 264.950 274.583 287.466 287.685 294.057 296.016 281.637 287.893 297.511 303.245 293.368 298.419 298.290 264.304 275.969 287.435 301.501 283.441 301.774 305.628 330.131 329.016 342.863 355.420 371.631 385.898 406.257 402.516 399.349 427.997 425.361 440.698 453.287 -999.250 -999.250 -999.250 -999.250 -999.250
393.126 401.710 405.039 438.313 447.878 479.771 525.692 603.635 660.486 787.027 835.324 897.072 983.328 1116.673 1220.488 1037.944 950.556 873.975 811.103 722.677 574.437 485.406 438.669 396.852 370.057 329.884 317.252 311.728 304.376 299.337 315.478 311.942 322.727 299.789 286.154 295.814 292.176 298.248 288.581 296.519 283.488 281.727 279.859 278.938 290.434 299.711 306.954 305.423 325.613 338.360 341.529 357.801 375.484 373.995 391.634 399.638 408.433 400.429 412.940 421.570 -999.250 -999.250 -999.250 -999.250 -999.250
379.136 402.060 420.792 425.997 455.744 508.173 576.352 605.097 716.928 782.832 839.145 907.616 967.407 1018.566 1098.304 1060.580 931.398 882.736 794.833 693.466 580.766 485.911 450.460 431.770 383.610 356.652 343.259 354.124 321.069 320.312 312.368 333.420 328.530 312.476 311.048 317.633 296.402 282.063 299.472 278.156 286.509 270.597 263.254 276.806 266.389 280.707 287.891 293.796 305.402 310.817 326.049 325.642 340.339 357.336 363.853 369.046 383.908 375.215 390.644 399.200 420.508 -999.250 -999.250 -999.250 -999.250
380.661 406.446 390.051 441.163 466.179 541.289 586.056 662.624 718.819 754.964 843.666 884.748 907.138 959.782 980.054 948.075 906.004 865.309 792.027 704.991 579.489 537.141 464.516 433.313 417.203 377.719 369.871 348.318 339.640 342.749 342.041 342.396 338.719 337.827 328.402 333.779 302.917 315.340 301.607 283.775 280.330 269.726 258.257 250.537 254.495 261.023 259.808 282.221 288.197 279.420 305.721 321.288 330.703 354.405 339.364 343.461 361.062 374.906 368.900 384.345 397.140 403.423 -999.250 401.253 410.093
371.405 367.629 394.264 416.802 468.755 498.568 591.697 630.000 694.638 744.035 810.228 860.546 876.114 875.963 937.393 916.328 884.288 820.355 777.240 666.803 610.967 541.560 471.731 449.418 432.419 407.728 401.100 373.204 366.597 367.695 356.494 358.805 359.463 371.165 367.708 362.039 346.033 337.510 327.192 308.305 298.617 271.858 249.630 245.212 248.299 234.178 250.404 257.343 275.763 281.081 284.389 293.579 307.090 320.875 338.498 336.264 319.391 331.007 354.852 361.590 380.375 379.979 379.171 402.242 411.340
364.064 363.992 376.235 412.731 442.787 469.947 559.265 591.493 649.206 722.151 758.395 809.178 781.678 817.653 848.638 830.225 811.551 752.495 710.719 643.036 587.474 527.573 495.654 460.167 450.916 433.438 405.236 400.996 395.931 389.821 398.751 387.142 396.826 396.926 402.694 390.058 370.276 354.871 332.754 318.676 298.910 286.802 256.618 231.305 240.616 235.765 240.692 266.007 278.437 282.842 285.428 290.900 293.385 310.637 320.291 327.384 301.835 312.078 340.145 350.462 364.893 354.983 368.133 379.839 406.644
