data/medianmodel_12-May-2020.asc
ncols	141
nrows	288
xllcorner	-120191.398
yllcorner	-301404.813
cellsize	2000.000
NODATA_value	-999.250
[rows 155 to 185 of 288, columns 0 to 68 of 141]
-999.250 -999.250 -999.250 -999.250 -999.250 -999.250 -999.250 0.000 0.000 0.000 0.000 0.000 0.213 1.778 0.587 1.056 0.911 1.563 0.928 3.534 5.018 4.711 8.364 7.774 9.400 14.721 14.752 14.906 17.886 18.894 18.537 18.627 23.079 23.140 21.108 19.345 19.816 20.807 13.555 15.457 15.121 13.582 11.044 8.534 5.935 1.129 0.000 0.969 3.432 4.525 8.545 10.391 10.288 13.305 13.689 14.103 11.972 13.764 11.080 9.881 8.572 9.608 6.499 6.473 4.844 5.458 4.326 1.949 2.466
-999.250 -999.250 -999.250 -999.250 -999.250 -999.250 -999.250 0.000 0.000 0.000 0.000 0.787 2.610 2.247 4.546 4.373 4.348 3.026 3.115 2.775 6.132 4.903 9.136 11.735 12.843 14.000 15.781 17.079 21.705 20.530 23.196 31.246 28.059 20.160 24.071 19.990 19.967 16.428 14.708 13.579 14.096 11.191 8.803 6.480 4.455 0.978 0.000 0.000 4.004 6.409 7.046 10.219 11.117 12.362 11.305 10.985 11.021 11.974 9.729 9.329 5.682 4.099 4.501 3.555 4.441 2.824 3.518 1.867 3.921
-999.250 -999.250 -999.250 -999.250 -999.250 -999.250 -999.250 0.000 0.000 0.000 0.262 2.304 2.737 4.328 7.213 6.655 7.030 2.809 4.085 3.545 3.785 6.675 9.540 10.614 16.540 17.746 22.248 24.060 29.866 28.133 28.601 30.146 27.790 24.036 25.476 20.749 18.241 14.128 14.709 14.395 10.468 7.462 6.694 5.747 4.011 0.147 0.000 0.000 1.079 5.745 6.305 8.841 9.078 10.524 10.072 11.236 8.046 8.176 8.020 7.977 9.656 6.843 4.088 2.284 1.311 1.159 1.216 1.658 2.113
-999.250 -999.250 -999.250 -999.250 -999.250 -999.250 -999.250 0.044 0.000 0.000 1.467 4.010 4.463 6.716 10.419 11.886 9.705 5.833 6.615 4.550 4.524 7.738 11.873 18.315 17.992 25.230 27.920 31.710 35.157 40.334 34.405 34.922 37.155 28.909 23.211 24.704 23.200 15.893 17.081 11.133 7.074 5.228 3.796 1.802 0.000 0.126 0.000 0.000 0.229 1.877 4.125 7.727 9.104 8.589 8.105 10.182 10.799 8.397 11.320 9.718 8.334 7.527 3.929 1.823 1.518 1.293 0.000 0.052 1.827
-999.250 -999.250 -999.250 -999.250 -999.250 -999.250 -999.250 -999.250 0.000 0.000 0.000 2.003 5.034 8.359 12.092 13.195 10.860 8.946 5.416 6.032 8.146 11.486 16.474 23.240 27.948 33.508 43.626 44.225 46.460 47.510 39.592 38.995 36.218 31.909 31.745 24.788 24.180 19.329 15.689 9.620 6.383 2.107 0.000 0.000 0.000 0.000 0.000 0.333 3.413 3.276 5.723 7.483 9.766 8.335 6.340 6.518 10.201 9.462 8.625 6.193 4.762 6.733 2.822 2.413 1.256 0.000 0.000 0.923 0.865
-999.250 -999.250 -999.250 -999.250 -999.250 -999.250 -999.250 -999.250 0.000 0.000 0.000 2.656 6.863 9.882 12.768 15.926 12.759 10.081 8.638 9.794 11.883 17.069 22.773 39.061 39.027 45.944 61.384 67.014 61.840 52.210 50.681 46.561 41.263 33.607 34.846 37.209 34.153 23.672 15.613 11.584 5.711 0.000 0.000 0.000 0.000 0.000 2.704 2.476 4.629 4.016 5.334 6.068 7.756 9.754 6.110 5.948 6.936 8.188 8.114 5.515 4.468 4.884 2.251 0.210 0.000 0.000 0.000 0.344 0.044
-999.250 -999.250 -999.250 -999.250 -999.250 -999.250 -999.250 5.119 0.000 0.000 1.071 2.822 7.882 10.025 10.368 12.362 13.209 11.707 9.657 9.275 12.352 18.989 32.646 42.789 57.648 66.448 73.098 81.099 79.053 69.859 60.335 59.005 49.521 40.060 39.184 40.640 38.313 23.901 15.836 9.471 3.518 0.000 0.000 0.000 0.000 0.874 2.713 2.043 3.789 3.321 6.086 9.464 7.608 7.069 4.596 10.454 7.887 7.107 7.754 4.444 4.940 1.575 3.043 0.000 0.000 0.000 0.000 2.244 1.071
-999.250 -999.250 -999.250 -999.250 -999.250 -999.250 -999.250 5.150 2.505 0.512 0.631 1.601 5.979 7.308 7.620 8.668 12.523 12.111 11.646 10.212 14.627 26.237 42.572 58.773 71.723 82.798 81.379 87.347 100.465 83.598 81.325 63.171 59.663 53.356 47.797 41.186 30.603 18.667 14.336 8.148 2.529 0.000 0.000 0.000 0.000 2.705 2.048 2.075 2.978 5.915 9.486 6.873 5.483 6.267 6.267 7.264 10.755 11.958 8.540 6.214 4.346 5.274 4.149 1.317 1.812 0.319 0.000 1.091 1.358
-999.250 -999.250 -999.250 -999.250 -999.250 -999.250 -999.250 5.625 1.565 1.799 2.014 4.978 6.842 4.330 8.244 8.658 10.211 10.528 12.123 15.695 22.445 30.888 55.996 70.959 90.524 102.946 88.025 110.935 104.640 92.711 83.492 76.572 62.027 55.016 38.398 36.753 25.505 15.886 13.306 7.993 4.924 1.678 0.000 0.000 2.785 2.795 4.890 2.506 4.526 7.143 6.732 9.589 6.964 6.727 7.117 9.887 10.521 10.672 6.310 6.380 5.883 5.008 4.176 2.108 2.535 1.963 0.524 0.000 0.000
-999.250 -999.250 -999.250 -999.250 -999.250 -999.250 -999.250 7.183 3.066 1.698 3.121 4.832 5.524 5.453 4.429 5.232 8.178 12.690 16.536 27.858 36.794 50.205 64.025 90.138 101.540 114.404 126.479 132.170 120.886 101.795 95.744 79.331 69.901 48.401 42.314 34.299 22.641 13.890 11.087 7.506 4.514 1.120 2.870 3.373 2.408 4.105 6.323 2.954 7.672 6.909 9.688 5.163 9.063 7.951 9.030 8.374 8.747 8.862 7.776 6.047 6.855 5.942 4.652 2.180 4.519 1.903 2.338 1.884 0.000
-999.250 -999.250 -999.250 -999.250 -999.250 -999.250 14.450 7.942 5.167 3.472 2.338 5.358 4.886 5.278 6.409 6.086 7.555 13.980 23.603 35.732 44.224 62.052 75.772 103.737 117.506 144.550 156.026 162.304 158.196 112.831 92.763 88.076 65.700 46.070 38.451 28.206 16.957 12.189 10.324 8.732 7.382 3.916 5.136 5.238 7.576 5.580 5.400 5.294 6.516 6.985 6.358 7.318 8.539 9.693 8.148 8.119 8.775 7.995 8.989 5.249 7.515 4.820 6.569 3.973 3.579 2.096 1.071 1.162 0.000
-999.250 -999.250 -999.250 -999.250 -999.250 -999.250 14.202 6.793 6.673 7.915 5.027 5.944 4.137 4.642 6.703 4.612 11.433 15.415 21.554 38.734 46.661 69.476 76.218 99.407 125.209 156.251 193.505 191.202 184.608 137.862 102.630 81.267 63.573 47.764 34.391 25.734 15.792 11.420 7.984 9.540 6.054 8.350 7.432 7.733 6.768 8.940 5.670 6.535 7.756 6.723 6.124 9.736 6.961 5.614 8.505 7.156 6.733 10.089 7.269 7.135 4.867 3.259 4.934 4.527 2.254 0.578 0.888 1.469 0.000
-999.250 -999.250 -999.250 -999.250 -999.250 14.294 14.596 9.358 6.988 5.732 2.885 2.529 3.716 4.187 4.987 7.583 9.999 14.114 22.284 37.334 49.821 59.670 73.871 95.213 132.959 169.298 191.671 211.305 205.451 169.365 129.698 89.103 64.345 45.281 30.602 16.772 12.108 10.501 7.040 12.296 9.616 9.136 10.462 10.886 8.498 6.980 8.392 7.930 6.881 8.254 8.407 7.965 9.534 8.174 6.944 6.625 5.796 7.461 4.433 4.035 3.420 2.219 6.154 3.745 2.586 1.775 1.815 0.315 2.755
-999.250 -999.250 -999.250 -999.250 -999.250 16.532 13.663 11.648 7.784 6.044 4.281 3.820 5.585 5.048 6.667 8.175 11.832 15.994 21.912 37.018 48.829 65.569 80.177 111.294 131.422 183.472 204.661 203.055 203.260 155.490 123.633 84.541 69.571 44.486 31.650 17.399 13.331 9.548 10.378 12.854 11.396 12.316 12.253 10.843 10.132 8.975 9.182 11.177 8.955 10.739 7.260 6.499 8.833 7.626 7.470 6.320 7.386 6.701 6.068 4.146 4.497 3.635 6.338 6.280 3.455 2.463 0.649 0.000 0.304
-999.250 -999.250 -999.250 -999.250 15.940 17.975 17.422 13.049 11.643 9.746 5.444 5.424 8.282 7.917 9.676 10.393 13.124 14.458 21.775 38.265 49.067 61.287 81.291 89.469 122.366 154.107 189.852 170.913 166.919 152.896 110.710 85.161 70.630 52.241 30.420 21.914 20.013 14.576 14.527 11.392 12.693 13.279 12.025 13.228 10.631 12.300 11.202 10.480 10.961 11.953 9.795 10.137 9.308 8.276 6.528 7.191 6.624 7.846 3.810 5.169 3.662 3.916 4.687 5.596 3.501 4.206 1.679 0.015 0.293
-999.250 -999.250 -999.250 -999.250 19.013 22.196 20.343 16.195 14.723 10.090 7.955 8.287 7.850 6.544 8.191 11.196 14.890 15.468 21.596 29.489 41.993 60.895 83.992 93.286 100.197 127.686 162.517 155.393 132.213 109.410 108.209 78.807 55.940 41.408 26.941 20.548 14.552 12.855 12.786 11.082 13.113 11.016 11.593 14.251 12.562 10.641 10.551 9.907 12.902 12.067 11.050 10.771 11.738 8.380 6.576 4.796 4.492 4.975 5.915 3.613 6.282 3.491 3.991 2.467 3.556 2.487 2.821 3.153 0.767
-999.250 -999.250 -999.250 -999.250 19.096 19.893 20.876 17.537 14.469 11.838 9.764 10.323 9.725 10.170 12.129 11.660 12.670 15.233 16.833 26.023 38.470 52.974 73.930 85.509 107.177 126.825 120.705 133.915 115.719 102.266 81.719 69.918 48.621 37.732 25.493 15.874 12.115 10.349 12.330 12.546 9.780 10.846 13.068 15.520 14.187 10.925 12.606 12.970 14.197 11.977 10.102 12.736 10.462 9.579 4.565 6.120 4.427 3.009 3.018 2.416 4.838 3.728 4.062 4.322 3.473 1.463 2.054 1.747 1.094
-999.250 -999.250 -999.250 -999.250 20.449 19.659 17.930 16.130 16.366 12.817 13.607 13.018 7.880 10.252 12.680 12.387 14.422 14.702 13.807 22.049 30.869 48.930 63.510 80.355 91.782 102.058 102.834 106.012 94.460 82.898 62.528 51.457 46.007 31.593 20.055 18.784 14.288 11.609 12.632 12.331 14.349 12.041 12.984 16.033 15.010 13.363 13.508 13.697 14.368 11.638 11.160 11.978 10.956 10.179 5.498 6.302 3.429 3.815 2.195 2.178 3.177 2.105 3.409 4.068 3.581 1.765 4.267 1.034 3.301
-999.250 -999.250 -999.250 -999.250 21.964 24.696 21.098 19.634 16.159 14.963 15.972 14.730 13.769 12.570 12.325 12.399 18.778 14.340 11.762 14.428 27.148 37.923 52.603 70.443 76.917 88.353 94.954 89.402 80.227 80.416 53.489 46.200 39.807 23.680 16.624 14.094 13.190 12.366 13.093 12.541 12.292 15.248 14.129 17.749 16.686 16.080 16.006 15.009 12.574 12.469 11.674 10.898 9.196 5.908 5.825 8.012 5.145 2.380 1.491 2.296 0.758 1.745 3.251 5.178 4.442 0.922 1.781 3.461 3.476
-999.250 -999.250 -999.250 -999.250 29.676 33.635 26.822 24.369 19.939 19.176 17.414 16.602 16.926 16.452 16.705 15.570 13.653 14.312 11.890 12.977 20.343 32.004 43.743 61.551 71.014 83.745 83.522 78.259 69.517 54.671 46.331 40.810 29.896 18.566 15.282 15.280 13.605 13.518 14.602 14.793 13.975 18.061 18.600 16.078 17.707 19.498 17.184 15.004 10.518 10.563 10.233 9.160 9.446 7.360 5.437 4.311 0.702 2.906 1.118 2.040 1.924 1.564 1.809 4.036 1.999 3.911 3.229 1.579 3.893
-999.250 -999.250 -999.250 -999.250 38.569 39.290 32.518 35.076 29.740 24.272 24.933 21.434 21.452 18.899 22.255 16.795 16.733 16.881 18.469 18.296 23.065 30.729 47.183 54.733 60.488 63.593 66.052 58.774 48.233 48.195 43.546 39.672 30.982 18.449 18.297 14.831 15.461 15.936 16.271 16.932 19.115 22.327 23.331 22.562 23.564 19.716 17.727 18.475 13.608 12.535 9.235 8.468 8.020 5.555 4.911 3.416 1.007 0.000 0.000 1.532 1.764 1.351 3.549 5.190 5.779 4.295 4.546 3.267 1.821
-999.250 -999.250 -999.250 -999.250 38.234 37.120 36.820 41.266 40.350 30.006 28.986 27.738 23.727 25.930 28.118 27.261 22.057 24.236 25.657 28.140 34.889 36.256 42.545 49.518 51.151 54.127 57.496 57.548 47.955 39.613 35.411 33.697 26.189 21.557 17.756 14.816 17.811 15.982 19.660 21.393 21.469 27.384 27.470 28.619 22.781 19.322 16.079 18.765 12.617 13.337 10.690 8.933 7.384 5.442 3.703 2.540 0.669 0.000 0.000 1.260 2.011 3.020 3.487 2.461 1.046 3.446 1.903 3.938 1.847
-999.250 -999.250 -999.250 -999.250 37.755 38.620 37.170 40.159 43.830 37.956 33.921 35.690 34.812 37.276 39.010 34.747 34.966 38.904 41.518 39.533 43.577 44.679 49.833 52.317 48.423 48.408 47.887 51.013 40.311 34.961 29.577 29.120 23.198 17.076 19.342 17.254 17.675 24.137 17.967 21.862 22.006 29.055 28.928 27.831 27.586 19.150 19.106 19.467 15.654 14.707 10.255 7.934 8.456 7.910 6.230 3.891 2.141 0.000 0.090 1.230 0.220 0.717 1.768 3.792 1.065 3.463 1.839 3.799 4.607
-999.250 -999.250 -999.250 -999.250 43.633 44.996 40.081 44.048 43.372 42.393 35.258 41.745 45.166 48.693 45.250 46.178 43.823 46.862 57.807 65.507 67.521 53.780 53.647 49.331 45.673 47.975 44.131 37.294 21.106 26.872 34.485 20.457 19.907 20.273 20.605 24.301 21.161 24.823 19.916 21.138 24.886 31.302 30.019 27.932 27.824 21.827 23.460 18.241 17.139 15.093 12.854 7.415 6.352 6.824 5.371 3.262 3.920 1.994 1.025 2.087 4.602 4.353 1.943 2.073 2.815 1.893 1.371 3.705 0.675
-999.250 -999.250 -999.250 36.699 46.228 42.345 41.470 45.656 41.111 39.110 43.870 43.439 52.764 53.129 60.274 62.311 61.110 69.498 67.027 80.345 82.419 70.096 63.111 51.112 41.954 44.646 37.337 28.161 19.450 20.165 20.329 16.630 19.558 19.337 25.522 22.165 25.799 27.144 24.782 25.877 29.863 32.359 25.898 27.751 25.676 23.173 20.996 19.595 16.081 15.088 10.497 7.146 8.328 6.282 4.195 4.126 6.012 5.445 1.656 4.219 2.911 7.169 3.442 4.372 4.024 4.947 0.997 0.000 0.605
-999.250 -999.250 -999.250 37.252 44.859 49.367 46.337 50.609 48.613 49.724 51.991 48.313 61.174 68.008 70.757 67.421 73.276 73.359 76.708 72.738 76.896 76.688 58.082 52.912 45.775 40.465 36.347 27.632 20.959 14.471 14.648 16.209 16.068 21.964 28.545 33.199 30.546 32.377 24.592 23.059 34.089 26.946 29.391 30.599 26.922 22.437 19.048 14.921 17.939 12.886 13.181 8.419 8.699 6.958 6.164 4.096 5.621 4.441 4.346 3.501 3.625 4.626 4.729 2.634 4.023 3.875 1.460 0.521 0.484
-999.250 -999.250 -999.250 45.476 41.486 44.701 48.328 50.611 51.312 49.868 56.322 60.128 67.023 75.249 86.603 80.452 82.783 85.345 81.408 78.619 78.310 75.348 65.061 55.318 47.380 41.707 26.316 18.267 15.728 13.434 12.808 17.735 21.796 23.642 25.168 35.767 29.642 30.268 30.806 30.052 37.014 33.086 28.708 27.882 23.150 18.927 15.228 16.450 16.853 15.176 10.496 9.921 8.207 8.547 7.018 5.484 5.458 5.421 6.324 3.215 3.227 3.356 4.191 4.557 0.000 2.678 3.078 1.681 1.457
-999.250 -999.250 40.552 42.286 42.847 44.259 49.141 50.717 56.208 49.856 60.469 63.877 76.789 76.048 77.177 95.875 86.154 80.635 83.391 86.359 81.325 73.570 72.288 53.792 48.364 37.648 25.554 18.941 15.078 12.849 13.459 14.085 20.761 22.312 31.286 32.168 39.151 42.626 41.975 42.559 35.809 33.055 28.492 20.217 23.990 21.060 18.812 16.281 17.897 17.048 13.710 10.431 10.117 11.775 9.991 4.888 7.835 4.466 6.211 5.820 6.688 3.599 2.922 4.323 4.035 1.898 4.015 3.090 1.921
-999.250 -999.250 41.658 45.050 43.688 43.519 46.387 55.232 59.928 63.407 67.955 67.780 68.415 75.074 82.633 90.614 93.589 81.168 85.102 85.027 -999.250 75.354 70.009 58.789 50.330 44.568 26.744 18.161 16.443 13.071 15.208 17.434 22.812 25.334 35.688 38.269 42.740 42.250 41.700 44.347 35.142 30.584 33.762 32.251 28.649 21.362 19.952 16.244 17.476 16.691 14.503 11.427 11.388 7.834 9.824 9.909 9.742 8.274 7.280 8.999 8.392 4.849 4.174 3.169 3.243 3.786 3.200 3.125 3.434
-999.250 39.215 38.706 48.053 50.398 46.602 55.325 58.982 61.237 69.316 68.998 67.766 67.609 72.843 79.607 84.302 116.526 89.460 88.624 -999.250 -999.250 79.877 81.428 68.164 55.977 37.046 29.604 27.062 18.567 16.182 14.939 17.026 27.380 31.796 34.874 41.331 42.906 44.390 47.026 42.581 39.898 35.259 29.390 33.062 24.643 18.252 16.867 15.232 17.235 17.662 13.553 11.779 11.030 10.037 9.704 10.400 9.611 9.240 9.825 7.743 6.874 5.065 0.896 2.682 2.920 3.997 3.157 1.555 3.658
-999.250 41.062 45.157 42.258 49.266 48.279 65.457 65.382 65.604 73.476 63.466 76.309 76.267 67.437 69.232 85.817 86.217 96.273 -999.250 -999.250 -999.250 -999.250 81.898 63.734 45.529 38.031 28.702 27.004 19.571 17.811 14.127 19.797 28.446 34.575 36.008 42.705 44.149 45.448 51.250 46.328 41.017 40.993 38.808 27.904 19.659 18.181 17.044 15.258 14.735 14.224 11.750 10.885 10.326 9.940 8.320 8.309 7.985 7.330 7.510 7.286 4.425 3.965 4.909 1.630 0.993 1.473 1.858 1.297 3.838
