data/medianmodel_11-Jul-2020.asc
ncols	141
nrows	288
xllcorner	-120191.398
yllcorner	-301404.813
cellsize	2000.000
NODATA_value	-999.250
[rows 31 to 61 of 288, columns 0 to 69 of 141]
-999.250 -999.250 -999.250 -999.250 -999.250 -999.250 -999.250 -999.250 -999.250 -999.250 -999.250 -999.250 -999.250 -999.250 -999.250 -999.250 -999.250 -999.250 -999.250 -999.250 -999.250 -999.250 -999.250 -999.250 -999.250 -999.250 -999.250 -999.250 -999.250 -999.250 -999.250 -999.250 1.596 0.511 0.000 0.175 0.000 0.000 0.000 0.000 0.000 0.000 0.000 0.000 0.000 0.269 0.410 4.523 5.008 3.619 4.956 4.350 4.394 4.394 4.651 0.544 0.000 0.000 0.000 0.000 0.000 0.000 0.000 0.000 0.000 0.623 0.000 0.002 1.233 3.297
-999.250 -999.250 -999.250 -999.250 -999.250 -999.250 -999.250 -999.250 -999.250 -999.250 -999.250 -999.250 -999.250 -999.250 -999.250 -999.250 -999.250 -999.250 -999.250 -999.250 -999.250 -999.250 -999.250 -999.250 -999.250 -999.250 -999.250 -999.250 -999.250 -999.250 -999.250 -999.250 3.943 2.608 2.995 0.143 0.000 0.000 0.000 0.000 0.000 0.000 0.000 0.000 0.000 0.214 2.514 4.759 5.380 4.840 3.636 3.331 2.358 3.521 3.397 0.922 0.000 0.000 0.000 0.000 0.000 0.000 0.153 1.320 1.551 1.134 0.236 1.038 3.572 3.717
-999.250 -999.250 -999.250 -999.250 -999.250 -999.250 -999.250 -999.250 -999.250 -999.250 -999.250 -999.250 -999.250 -999.250 -999.250 -999.250 -999.250 -999.250 -999.250 -999.250 -999.250 -999.250 -999.250 -999.250 -999.250 -999.250 -999.250 -999.250 -999.250 -999.250 -999.250 -999.250 4.553 5.852 2.542 1.368 0.000 0.000 0.000 0.374 3.443 0.000 0.000 0.000 0.000 0.000 1.494 4.872 8.758 5.949 3.998 3.731 1.534 2.333 1.589 0.414 0.000 0.000 0.000 0.000 0.000 0.000 0.776 2.447 3.762 3.256 1.482 2.230 2.672 2.948
-999.250 -999.250 -999.250 -999.250 -999.250 -999.250 -999.250 -999.250 -999.250 -999.250 -999.250 -999.250 -999.250 -999.250 -999.250 -999.250 -999.250 -999.250 -999.250 -999.250 -999.250 -999.250 -999.250 -999.250 -999.250 -999.250 -999.250 -999.250 -999.250 -999.250 -999.250 -999.250 4.242 4.421 2.566 1.044 1.185 0.000 0.000 0.146 1.100 0.000 0.000 0.000 0.000 0.000 0.000 2.411 4.246 3.109 1.954 1.838 0.000 0.719 0.425 0.813 0.608 0.000 0.313 1.065 0.722 1.286 2.730 3.515 6.399 4.262 2.716 4.064 2.771 4.582
-999.250 -999.250 -999.250 -999.250 -999.250 -999.250 -999.250 -999.250 -999.250 -999.250 -999.250 -999.250 -999.250 -999.250 -999.250 -999.250 -999.250 -999.250 -999.250 -999.250 -999.250 -999.250 -999.250 -999.250 -999.250 -999.250 -999.250 -999.250 -999.250 -999.250 -999.250 -999.250 4.007 4.379 4.551 2.633 1.872 0.978 0.545 0.000 0.000 0.000 0.000 0.000 0.000 0.000 0.000 0.000 0.752 0.702 0.048 0.000 0.000 0.000 0.346 2.506 0.910 2.073 1.020 1.873 2.943 1.414 0.711 2.236 4.444 4.149 1.414 1.592 4.022 5.592
-999.250 -999.250 -999.250 -999.250 -999.250 -999.250 -999.250 -999.250 -999.250 -999.250 -999.250 -999.250 -999.250 -999.250 -999.250 -999.250 -999.250 -999.250 -999.250 -999.250 -999.250 -999.250 -999.250 -999.250 -999.250 -999.250 -999.250 -999.250 -999.250 -999.250 -999.250 -999.250 6.276 5.876 5.969 4.125 3.681 3.874 3.051 0.000 0.000 0.000 0.000 0.000 0.000 0.000 0.000 0.000 0.000 0.000 0.000 0.000 0.996 0.861 1.256 3.023 1.699 2.846 2.264 2.786 2.447 1.103 1.822 1.493 1.773 1.913 1.597 2.869 3.859 3.891
-999.250 -999.250 -999.250 -999.250 -999.250 -999.250 -999.250 -999.250 -999.250 -999.250 -999.250 -999.250 -999.250 -999.250 -999.250 -999.250 -999.250 -999.250 -999.250 -999.250 -999.250 -999.250 -999.250 -999.250 -999.250 -999.250 -999.250 -999.250 -999.250 -999.250 -999.250 -999.250 -999.250 6.747 6.996 7.059 7.272 5.332 3.950 0.073 0.000 0.000 0.000 0.000 0.000 0.000 0.000 0.000 0.000 0.000 0.225 0.475 0.513 0.730 1.302 1.062 2.630 4.952 4.537 3.645 4.346 3.436 3.706 1.394 1.487 1.516 1.605 1.298 3.320 3.192
-999.250 -999.250 -999.250 -999.250 -999.250 -999.250 -999.250 -999.250 -999.250 -999.250 -999.250 -999.250 -999.250 -999.250 -999.250 -999.250 -999.250 -999.250 -999.250 -999.250 -999.250 -999.250 -999.250 -999.250 -999.250 -999.250 -999.250 -999.250 -999.250 -999.250 -999.250 -999.250 -999.250 11.027 10.739 8.044 9.964 8.691 6.272 2.532 0.000 0.000 0.000 0.000 0.000 0.000 0.000 0.000 0.000 0.413 2.748 3.051 3.690 1.886 4.028 2.622 4.583 3.354 8.323 5.409 4.518 4.264 4.852 4.686 4.343 4.453 3.098 1.077 1.593 2.868
-999.250 -999.250 -999.250 -999.250 -999.250 -999.250 -999.250 -999.250 -999.250 -999.250 -999.250 -999.250 -999.250 -999.250 -999.250 -999.250 -999.250 -999.250 -999.250 -999.250 -999.250 -999.250 -999.250 -999.250 -999.250 -999.250 -999.250 -999.250 -999.250 -999.250 -999.250 -999.250 12.621 13.447 12.093 11.531 11.665 10.583 7.443 4.649 0.000 0.000 0.000 0.000 0.000 0.000 0.000 0.000 0.000 1.288 4.171 6.717 8.535 5.569 3.474 3.342 3.238 3.061 5.473 4.801 3.416 5.021 5.894 7.444 5.468 4.533 2.085 0.000 0.000 0.261
-999.250 -999.250 -999.250 -999.250 -999.250 -999.250 -999.250 -999.250 -999.250 -999.250 -999.250 -999.250 -999.250 -999.250 -999.250 -999.250 -999.250 -999.250 -999.250 -999.250 -999.250 -999.250 -999.250 -999.250 -999.250 -999.250 -999.250 -999.250 -999.250 -999.250 -999.250 -999.250 14.780 18.552 20.579 18.543 14.704 12.114 7.925 5.277 2.847 0.000 0.000 0.000 0.000 0.000 0.000 0.000 0.228 4.853 6.725 9.233 9.922 8.275 4.745 4.376 2.549 1.229 0.897 1.895 2.716 4.870 7.022 10.504 5.544 3.013 0.623 0.000 0.000 0.000
-999.250 -999.250 -999.250 -999.250 -999.250 -999.250 -999.250 -999.250 -999.250 -999.250 -999.250 -999.250 -999.250 -999.250 -999.250 -999.250 -999.250 -999.250 -999.250 -999.250 -999.250 -999.250 -999.250 -999.250 -999.250 -999.250 -999.250 -999.250 -999.250 -999.250 -999.250 -999.250 -999.250 21.457 27.077 20.928 18.026 13.676 9.124 6.405 3.176 1.351 0.000 0.936 3.038 0.000 0.000 0.000 3.114 6.465 9.744 12.666 14.061 10.002 6.411 6.341 3.032 1.252 0.340 0.787 1.133 2.289 4.887 6.135 4.570 1.828 0.000 0.000 0.000 0.000
-999.250 -999.250 -999.250 -999.250 -999.250 -999.250 -999.250 -999.250 -999.250 -999.250 -999.250 -999.250 -999.250 -999.250 -999.250 -999.250 -999.250 -999.250 -999.250 -999.250 -999.250 -999.250 -999.250 -999.250 -999.250 -999.250 -999.250 -999.250 -999.250 -999.250 -999.250 -999.250 -999.250 25.376 27.485 25.567 21.699 17.606 11.620 6.994 5.167 5.184 1.330 2.211 0.067 0.000 0.000 0.589 5.716 9.969 15.535 18.574 20.923 13.370 8.742 7.064 4.641 2.615 1.494 0.000 0.000 1.171 2.588 2.268 4.308 0.000 0.000 0.000 0.000 0.000
-999.250 -999.250 -999.250 -999.250 -999.250 -999.250 -999.250 -999.250 -999.250 -999.250 -999.250 -999.250 -999.250 -999.250 -999.250 -999.250 -999.250 -999.250 -999.250 -999.250 -999.250 -999.250 -999.250 -999.250 -999.250 -999.250 -999.250 -999.250 -999.250 -999.250 -999.250 -999.250 -999.250 24.609 30.947 30.588 23.787 19.417 13.926 10.475 6.568 5.777 4.676 4.499 2.680 2.502 1.681 4.408 12.289 16.528 21.684 24.399 21.952 13.845 8.662 6.809 4.737 5.317 1.938 0.296 0.000 0.013 1.753 0.191 1.608 0.000 0.000 0.000 0.000 0.000
-999.250 -999.250 -999.250 -999.250 -999.250 -999.250 -999.250 -999.250 -999.250 -999.250 -999.250 -999.250 -999.250 -999.250 -999.250 -999.250 -999.250 -999.250 -999.250 -999.250 -999.250 -999.250 -999.250 -999.250 -999.250 -999.250 -999.250 -999.250 -999.250 -999.250 -999.250 -999.250 -999.250 -999.250 32.953 42.554 27.496 19.123 16.432 11.359 9.029 7.111 7.851 6.723 6.970 7.247 7.948 13.995 25.416 34.265 41.328 38.637 26.387 18.668 11.483 5.802 3.692 2.582 0.345 0.000 0.000 0.000 0.120 0.381 0.705 0.000 0.000 0.000 0.000 0.000
-999.250 -999.250 -999.250 -999.250 -999.250 -999.250 -999.250 -999.250 -999.250 -999.250 -999.250 -999.250 -999.250 -999.250 -999.250 -999.250 -999.250 -999.250 -999.250 -999.250 -999.250 -999.250 -999.250 -999.250 -999.250 -999.250 -999.250 -999.250 -999.250 -999.250 -999.250 -999.250 -999.250 -999.250 32.056 34.369 23.845 19.951 14.806 12.199 10.205 9.686 11.240 13.015 10.236 9.717 19.074 25.164 41.212 57.915 66.158 58.548 39.193 22.523 9.143 3.913 0.921 0.000 0.000 0.000 0.000 0.000 0.339 0.551 1.454 0.288 0.000 0.000 0.000 0.000
-999.250 -999.250 -999.250 -999.250 -999.250 -999.250 -999.250 -999.250 -999.250 -999.250 -999.250 -999.250 -999.250 -999.250 -999.250 -999.250 -999.250 -999.250 -999.250 -999.250 -999.250 -999.250 -999.250 -999.250 -999.250 -999.250 -999.250 -999.250 -999.250 -999.250 -999.250 -999.250 -999.250 -999.250 24.428 27.212 25.848 18.978 16.115 12.508 11.048 10.994 11.660 12.793 14.263 16.983 21.615 34.730 51.649 76.178 98.717 68.813 44.029 20.221 7.412 0.406 0.000 0.000 0.000 0.000 0.000 0.000 0.000 1.938 1.914 0.639 0.000 0.000 0.000 0.000
-999.250 -999.250 -999.250 -999.250 -999.250 -999.250 -999.250 -999.250 -999.250 -999.250 -999.250 -999.250 -999.250 -999.250 -999.250 -999.250 -999.250 -999.250 -999.250 -999.250 -999.250 -999.250 -999.250 -999.250 -999.250 -999.250 -999.250 -999.250 -999.250 -999.250 -999.250 -999.250 -999.250 -999.250 21.294 24.018 20.491 17.907 14.679 11.809 9.912 11.903 12.905 14.170 17.627 19.781 24.066 43.981 59.103 70.817 80.334 58.497 36.899 19.006 4.278 0.000 0.000 0.000 0.000 0.000 0.000 0.000 2.607 3.012 1.208 0.000 0.000 0.000 0.000 0.000
-999.250 -999.250 -999.250 -999.250 -999.250 -999.250 -999.250 -999.250 -999.250 -999.250 -999.250 -999.250 -999.250 -999.250 -999.250 -999.250 -999.250 -999.250 -999.250 -999.250 -999.250 -999.250 -999.250 -999.250 -999.250 -999.250 -999.250 -999.250 -999.250 -999.250 -999.250 -999.250 -999.250 -999.250 -999.250 19.320 16.049 14.076 14.168 11.223 10.477 11.563 13.627 15.331 16.559 19.060 23.189 36.250 43.760 51.192 56.880 43.395 33.376 15.825 4.894 0.000 0.000 0.000 0.000 0.000 0.000 0.545 5.640 3.545 1.216 0.000 0.000 0.000 0.000 0.000
-999.250 -999.250 -999.250 -999.250 -999.250 -999.250 -999.250 -999.250 -999.250 -999.250 -999.250 -999.250 -999.250 -999.250 -999.250 -999.250 -999.250 -999.250 -999.250 -999.250 -999.250 -999.250 -999.250 -999.250 -999.250 -999.250 -999.250 -999.250 -999.250 -999.250 -999.250 -999.250 -999.250 -999.250 -999.250 14.547 12.615 10.671 11.337 10.930 10.703 11.827 13.740 15.945 16.821 14.744 21.745 27.682 39.843 39.108 30.967 29.665 20.931 11.536 4.906 0.000 0.000 0.000 0.000 0.000 0.000 0.000 1.075 1.085 0.508 0.000 0.000 0.000 0.000 0.000
-999.250 -999.250 -999.250 -999.250 -999.250 -999.250 -999.250 -999.250 -999.250 -999.250 -999.250 -999.250 -999.250 -999.250 -999.250 -999.250 -999.250 -999.250 -999.250 -999.250 -999.250 -999.250 -999.250 -999.250 -999.250 -999.250 -999.250 -999.250 -999.250 -999.250 -999.250 -999.250 -999.250 -999.250 -999.250 13.200 8.516 9.922 8.987 12.233 11.115 14.747 16.276 19.174 14.245 15.168 15.164 22.070 23.742 24.131 22.004 18.771 12.616 11.396 6.469 1.167 0.000 0.000 0.000 0.000 0.000 0.000 0.000 0.291 0.000 0.000 0.000 0.000 0.000 0.000
-999.250 -999.250 -999.250 -999.250 -999.250 -999.250 -999.250 -999.250 -999.250 -999.250 -999.250 -999.250 -999.250 -999.250 -999.250 -999.250 -999.250 -999.250 -999.250 -999.250 -999.250 -999.250 -999.250 -999.250 -999.250 -999.250 -999.250 -999.250 -999.250 -999.250 -999.250 -999.250 -999.250 -999.250 -999.250 12.302 11.046 9.886 10.835 9.370 10.895 13.339 20.525 14.739 13.967 12.369 11.972 12.113 12.288 14.153 14.162 14.366 12.542 8.873 3.945 0.057 0.000 0.520 0.000 0.000 0.000 0.000 0.000 0.000 0.124 0.000 0.000 0.000 0.000 0.000
-999.250 -999.250 -999.250 -999.250 -999.250 -999.250 -999.250 -999.250 -999.250 -999.250 -999.250 -999.250 -999.250 -999.250 -999.250 -999.250 -999.250 -999.250 -999.250 -999.250 -999.250 -999.250 -999.250 -999.250 -999.250 -999.250 -999.250 -999.250 -999.250 -999.250 -999.250 -999.250 -999.250 -999.250 -999.250 12.763 10.215 10.525 9.670 9.342 9.625 10.597 14.053 13.394 11.191 11.259 7.916 7.785 6.472 5.809 8.959 12.116 12.467 9.593 5.512 4.260 2.905 3.016 2.794 1.921 0.783 0.102 0.000 0.000 0.871 0.000 0.000 0.000 0.000 0.000
-999.250 -999.250 -999.250 -999.250 -999.250 -999.250 -999.250 -999.250 -999.250 -999.250 -999.250 -999.250 -999.250 -999.250 -999.250 -999.250 -999.250 -999.250 -999.250 -999.250 -999.250 -999.250 -999.250 -999.250 -999.250 -999.250 -999.250 -999.250 -999.250 -999.250 -999.250 -999.250 -999.250 -999.250 -999.250 -999.250 12.605 12.266 12.902 15.715 12.214 11.260 11.938 11.481 10.228 8.865 6.508 3.924 3.360 3.022 5.623 9.240 15.766 10.470 7.495 6.089 3.862 3.395 5.192 7.768 4.304 1.633 2.367 3.014 1.538 2.034 0.000 0.000 0.000 0.000
-999.250 -999.250 -999.250 -999.250 -999.250 -999.250 -999.250 -999.250 -999.250 -999.250 -999.250 -999.250 -999.250 -999.250 -999.250 -999.250 -999.250 -999.250 -999.250 -999.250 -999.250 -999.250 -999.250 -999.250 -999.250 -999.250 -999.250 -999.250 -999.250 -999.250 -999.250 -999.250 -999.250 -999.250 -999.250 -999.250 12.865 16.947 19.528 23.083 15.816 12.881 12.514 11.447 8.914 8.252 5.943 3.256 0.803 1.437 4.195 6.948 8.198 7.435 7.769 8.388 6.371 5.081 6.963 6.766 5.151 4.971 4.931 4.165 4.497 4.654 2.447 0.000 0.000 0.000
-999.250 -999.250 -999.250 -999.250 -999.250 -999.250 -999.250 -999.250 -999.250 -999.250 -999.250 -999.250 -999.250 -999.250 -999.250 -999.250 -999.250 -999.250 -999.250 -999.250 -999.250 -999.250 -999.250 -999.250 -999.250 -999.250 -999.250 -999.250 -999.250 -999.250 -999.250 -999.250 -999.250 -999.250 -999.250 -999.250 -999.250 18.890 19.738 21.536 20.770 16.982 14.586 11.719 8.373 7.128 5.222 3.521 2.076 3.278 3.759 5.682 6.220 6.258 6.358 7.204 7.570 7.764 10.211 9.009 9.225 8.744 7.442 5.818 4.758 2.716 5.334 0.099 0.000 0.000
-999.250 -999.250 -999.250 -999.250 -999.250 -999.250 -999.250 -999.250 -999.250 -999.250 -999.250 -999.250 -999.250 -999.250 -999.250 -999.250 -999.250 -999.250 -999.250 -999.250 -999.250 -999.250 -999.250 -999.250 -999.250 -999.250 -999.250 -999.250 -999.250 -999.250 -999.250 -999.250 -999.250 -999.250 -999.250 -999.250 -999.250 16.112 23.502 25.298 25.446 21.559 17.847 14.939 11.839 7.220 5.562 2.873 3.644 0.913 1.957 3.374 4.091 5.560 6.560 7.271 11.540 11.441 12.851 12.900 12.335 12.338 9.880 6.676 7.281 4.602 2.611 0.000 0.000 0.000
-999.250 -999.250 -999.250 -999.250 -999.250 -999.250 -999.250 -999.250 -999.250 -999.250 -999.250 -999.250 -999.250 -999.250 -999.250 -999.250 -999.250 -999.250 -999.250 -999.250 -999.250 -999.250 -999.250 -999.250 -999.250 -999.250 -999.250 -999.250 -999.250 -999.250 -999.250 -999.250 -999.250 -999.250 -999.250 -999.250 -999.250 18.189 22.926 34.909 41.934 28.017 19.119 14.852 11.062 9.814 6.801 4.109 3.615 1.831 3.247 3.016 4.791 5.341 6.851 10.632 13.181 13.638 15.434 15.125 16.849 17.896 12.888 10.310 7.019 4.690 3.176 0.000 0.000 0.000
-999.250 -999.250 -999.250 -999.250 -999.250 -999.250 -999.250 -999.250 -999.250 -999.250 -999.250 -999.250 -999.250 -999.250 -999.250 -999.250 -999.250 -999.250 -999.250 -999.250 -999.250 -999.250 -999.250 -999.250 -999.250 -999.250 -999.250 -999.250 -999.250 -999.250 -999.250 -999.250 -999.250 -999.250 -999.250 -999.250 -999.250 19.048 19.455 23.696 29.137 26.892 20.392 18.422 14.387 10.811 10.042 5.503 2.599 4.242 4.016 3.899 5.140 5.904 7.335 14.197 18.013 20.044 20.828 24.810 24.358 19.878 14.154 12.668 8.864 6.535 4.084 0.000 0.000 0.000
-999.250 -999.250 -999.250 -999.250 -999.250 -999.250 -999.250 -999.250 -999.250 -999.250 -999.250 -999.250 -999.250 -999.250 -999.250 -999.250 -999.250 -999.250 -999.250 -999.250 -999.250 -999.250 -999.250 -999.250 -999.250 -999.250 -999.250 -999.250 -999.250 -999.250 -999.250 -999.250 -999.250 -999.250 -999.250 -999.250 -999.250 -999.250 15.619 19.631 24.155 22.539 22.605 18.076 20.449 15.262 11.840 6.693 5.539 4.279 5.286 4.516 5.575 7.200 11.473 17.096 22.959 29.827 38.819 32.293 26.915 24.609 15.454 14.719 12.407 7.406 3.953 1.322 0.014 0.000
-999.250 -999.250 -999.250 -999.250 -999.250 -999.250 -999.250 -999.250 -999.250 -999.250 -999.250 -999.250 -999.250 -999.250 -999.250 -999.250 -999.250 -999.250 -999.250 -999.250 -999.250 -999.250 -999.250 -999.250 -999.250 -999.250 -999.250 -999.250 -999.250 -999.250 -999.250 -999.250 -999.250 -999.250 -999.250 -999.250 -999.250 -999.250 12.380 16.706 20.871 20.769 24.416 21.856 20.137 19.241 13.550 9.287 7.807 5.433 5.742 5.508 6.930 12.942 16.335 19.034 27.771 41.665 54.813 39.042 34.470 26.803 19.407 15.948 13.645 9.269 4.909 1.947 2.020 0.431
-999.250 -999.250 -999.250 -999.250 -999.250 -999.250 -999.250 -999.250 -999.250 -999.250 -999.250 -999.250 -999.250 -999.250 -999.250 -999.250 -999.250 -999.250 -999.250 -999.250 -999.250 -999.250 -999.250 -999.250 -999.250 -999.250 -999.250 -999.250 -999.250 -999.250 -999.250 -999.250 -999.250 -999.250 -999.250 -999.250 -999.250 -999.250 7.403 11.620 16.338 23.134 23.126 24.499 22.639 19.526 16.615 14.089 11.072 8.062 8.076 8.213 9.925 12.139 14.701 21.601 27.546 30.798 39.196 34.583 30.904 29.640 22.940 18.628 14.849 11.612 7.295 4.973 3.888 0.000
