data/medianmodel_23-Apr-2020.asc
ncols	141
nrows	288
xllcorner	-120191.398
yllcorner	-301404.813
cellsize	2000.000
NODATA_value	-999.250
[rows 120 to 149 of 288, columns 0 to 67 of 141]
-999.250 -999.250 -999.250 -999.250 -999.250 -999.250 -999.250 -999.250 -999.250 -999.250 -999.250 -999.250 -999.250 -999.250 -999.250 -999.250 -999.250 -999.250 -999.250 -999.250 -999.250 -999.250 -999.250 -999.250 -999.250 -999.250 3.263 4.456 5.142 7.722 9.746 14.150 13.008 15.070 17.266 20.808 21.297 24.853 27.391 30.858 40.830 40.368 46.944 48.097 54.975 44.874 36.023 22.517 18.192 9.194 6.565 6.378 9.771 17.032 18.446 21.912 28.989 27.196 27.909 23.720 19.022 16.782 16.160 17.428 17.309 18.233 15.889 12.002
-999.250 -999.250 -999.250 -999.250 -999.250 -999.250 -999.250 -999.250 -999.250 -999.250 -999.250 -999.250 -999.250 -999.250 -999.250 -999.250 -999.250 -999.250 -999.250 -999.250 -999.250 -999.250 -999.250 -999.250 -999.250 6.916 5.401 7.781 7.951 8.227 8.448 12.343 15.029 14.454 17.887 20.679 23.717 24.771 24.785 27.175 34.730 31.554 39.205 44.952 37.745 35.417 23.819 16.781 11.597 8.449 7.468 7.631 12.149 18.832 21.381 23.131 24.586 27.144 29.326 25.056 21.856 18.403 16.185 19.514 17.798 16.248 15.249 11.771
-999.250 -999.250 -999.250 -999.250 -999.250 -999.250 -999.250 -999.250 -999.250 -999.250 -999.250 -999.250 -999.250 -999.250 -999.250 -999.250 -999.250 -999.250 -999.250 -999.250 -999.250 -999.250 -999.250 -999.250 -999.250 9.751 7.146 5.539 6.579 7.890 11.823 13.871 13.481 14.373 19.714 22.401 20.482 23.710 24.461 26.478 25.831 26.763 28.725 29.208 27.406 23.908 18.962 8.306 7.952 6.832 7.966 11.566 15.907 18.943 22.534 23.209 26.584 26.801 26.100 24.151 19.686 19.228 16.401 16.239 17.267 15.971 15.670 11.712
-999.250 -999.250 -999.250 -999.250 -999.250 -999.250 -999.250 -999.250 -999.250 -999.250 -999.250 -999.250 -999.250 -999.250 -999.250 -999.250 -999.250 -999.250 -999.250 -999.250 -999.250 -999.250 -999.250 -999.250 -999.250 9.247 6.798 8.028 6.773 7.512 9.540 13.414 13.897 16.256 16.847 20.023 20.683 22.607 21.375 22.886 22.883 21.917 24.692 21.627 22.638 19.719 16.691 11.315 10.324 11.416 13.428 16.286 17.684 20.841 20.962 23.749 25.815 24.269 23.331 23.836 24.218 21.181 18.147 16.222 14.059 16.182 14.078 14.468
-999.250 -999.250 -999.250 -999.250 -999.250 -999.250 -999.250 -999.250 -999.250 -999.250 -999.250 -999.250 -999.250 -999.250 -999.250 -999.250 -999.250 -999.250 -999.250 -999.250 -999.250 -999.250 -999.250 -999.250 12.137 12.846 10.200 10.260 7.689 9.224 10.452 11.247 12.486 13.917 17.530 17.415 20.218 19.177 20.481 20.872 19.374 23.092 22.325 21.902 21.339 21.808 17.800 15.540 13.697 16.597 14.424 15.919 17.050 19.046 21.584 22.767 23.315 22.535 23.948 21.951 20.125 20.552 20.669 16.114 17.370 18.024 16.486 13.369
-999.250 -999.250 -999.250 -999.250 -999.250 -999.250 -999.250 -999.250 -999.250 -999.250 -999.250 -999.250 -999.250 -999.250 -999.250 -999.250 -999.250 -999.250 -999.250 -999.250 -999.250 -999.250 -999.250 -999.250 13.840 11.853 11.299 9.292 9.398 10.113 10.240 11.083 14.418 15.854 16.189 16.425 16.064 16.575 18.238 22.181 19.914 21.833 20.889 21.885 22.395 21.664 16.689 17.229 17.822 18.572 18.590 16.573 17.346 18.468 17.960 21.196 21.545 23.002 21.769 20.351 19.279 20.291 18.964 17.999 17.640 18.804 16.154 16.123
-999.250 -999.250 -999.250 -999.250 -999.250 -999.250 -999.250 -999.250 -999.250 -999.250 -999.250 -999.250 -999.250 -999.250 -999.250 -999.250 -999.250 -999.250 -999.250 -999.250 -999.250 -999.250 -999.250 13.721 12.201 12.724 9.677 10.929 10.411 9.595 9.155 10.940 13.801 15.054 15.709 15.707 17.873 18.063 19.122 18.275 20.116 22.010 21.547 21.194 20.274 20.364 19.783 19.774 19.816 21.605 17.134 19.668 20.598 17.189 20.179 19.407 20.090 18.844 20.243 22.643 19.157 19.736 17.260 17.092 17.366 14.172 14.700 16.568
-999.250 -999.250 -999.250 -999.250 -999.250 -999.250 -999.250 -999.250 -999.250 -999.250 -999.250 -999.250 -999.250 -999.250 -999.250 -999.250 -999.250 -999.250 -999.250 -999.250 -999.250 -999.250 -999.250 12.682 11.271 10.891 11.045 11.102 9.848 11.498 12.033 12.084 13.126 13.779 14.118 17.561 15.999 18.552 17.055 18.021 17.081 19.504 21.607 23.150 21.494 21.200 21.163 22.704 25.466 23.074 21.972 20.064 18.797 20.276 18.763 19.471 19.486 19.297 18.566 19.654 18.090 17.411 15.532 18.351 15.918 15.775 16.039 14.484
-999.250 -999.250 -999.250 -999.250 -999.250 -999.250 -999.250 -999.250 -999.250 -999.250 -999.250 -999.250 -999.250 -999.250 -999.250 -999.250 -999.250 -999.250 -999.250 -999.250 -999.250 -999.250 -999.250 9.342 10.988 12.728 11.902 14.187 12.152 13.079 14.466 12.340 13.866 14.735 14.036 16.551 15.301 17.822 17.030 16.252 17.101 18.216 20.804 23.803 24.554 25.962 23.842 24.682 30.317 26.707 22.604 19.946 18.745 17.354 18.711 20.744 18.365 16.856 18.223 21.011 19.441 17.432 13.720 16.809 15.958 15.501 13.592 12.739
-999.250 -999.250 -999.250 -999.250 -999.250 -999.250 -999.250 -999.250 -999.250 -999.250 -999.250 -999.250 -999.250 -999.250 -999.250 -999.250 -999.250 -999.250 -999.250 -999.250 -999.250 -999.250 8.592 6.187 8.262 10.397 11.137 15.326 16.111 17.323 16.199 16.233 15.785 15.938 17.719 15.506 15.526 15.362 15.430 15.505 19.312 19.581 19.542 22.671 22.226 22.293 23.358 28.191 26.452 24.380 20.200 19.929 17.993 15.937 16.169 17.355 18.321 17.628 20.196 19.953 18.980 17.648 16.784 17.240 15.866 15.305 13.691 14.411
-999.250 -999.250 -999.250 -999.250 -999.250 -999.250 -999.250 -999.250 -999.250 -999.250 -999.250 -999.250 -999.250 -999.250 -999.250 -999.250 -999.250 -999.250 -999.250 -999.250 -999.250 -999.250 6.014 6.498 6.242 8.172 11.543 14.322 15.604 16.819 19.808 18.849 19.170 16.960 15.473 15.827 15.848 15.794 13.454 17.636 16.657 17.043 19.120 20.614 19.883 22.011 24.495 24.638 22.156 20.748 20.806 18.615 19.450 17.522 14.153 16.630 18.606 17.381 19.006 18.166 17.303 18.208 18.389 16.115 14.475 15.807 12.019 11.577
-999.250 -999.250 -999.250 -999.250 -999.250 -999.250 -999.250 -999.250 -999.250 -999.250 -999.250 -999.250 -999.250 -999.250 -999.250 -999.250 -999.250 -999.250 -999.250 -999.250 -999.250 6.932 7.419 5.652 5.194 6.843 10.869 15.023 17.347 19.497 21.554 21.989 20.643 18.551 17.362 17.571 16.216 15.712 13.863 18.170 15.650 15.463 16.839 18.448 17.593 22.250 21.757 22.825 20.495 20.363 21.813 20.208 16.245 15.496 15.705 14.975 15.139 16.090 16.502 18.179 18.170 18.373 15.582 16.351 15.026 12.156 11.251 10.509
-999.250 -999.250 -999.250 -999.250 -999.250 -999.250 -999.250 -999.250 -999.250 -999.250 -999.250 -999.250 -999.250 -999.250 -999.250 -999.250 -999.250 -999.250 -999.250 -999.250 -999.250 5.548 6.145 7.355 6.017 9.286 12.104 15.056 17.705 19.987 21.451 19.599 20.236 17.363 17.917 15.066 15.717 14.347 16.906 17.809 16.936 17.465 16.815 18.190 18.330 16.697 17.451 18.620 18.541 16.636 19.318 19.804 15.986 15.144 16.531 15.632 15.736 15.100 13.517 17.286 16.389 14.588 16.192 14.411 11.224 9.377 12.546 8.425
-999.250 -999.250 -999.250 -999.250 -999.250 -999.250 -999.250 -999.250 -999.250 -999.250 -999.250 -999.250 -999.250 -999.250 -999.250 -999.250 -999.250 -999.250 -999.250 -999.250 -999.250 7.842 5.922 11.736 8.352 9.866 14.549 16.359 16.413 18.664 22.027 19.622 19.641 18.014 17.345 18.810 17.830 15.451 16.095 17.367 18.162 18.309 18.451 20.762 20.009 19.387 19.545 17.734 17.484 17.590 17.752 17.973 14.645 14.832 16.558 15.865 15.761 14.049 13.842 14.107 14.951 10.622 12.857 13.366 13.602 9.778 8.956 5.078
-999.250 -999.250 -999.250 -999.250 -999.250 -999.250 -999.250 -999.250 -999.250 -999.250 -999.250 -999.250 -999.250 -999.250 -999.250 -999.250 -999.250 -999.250 -999.250 -999.250 6.997 6.664 8.566 9.404 10.336 12.784 13.063 14.147 17.940 17.159 17.652 19.184 20.637 20.007 16.483 16.409 19.241 18.435 18.939 17.653 17.570 19.828 20.366 19.624 18.790 19.696 18.792 19.812 18.855 18.590 16.585 15.118 12.564 14.658 14.101 15.075 14.742 12.786 10.469 13.026 9.807 9.223 9.115 12.578 11.237 10.553 8.535 7.009
-999.250 -999.250 -999.250 -999.250 -999.250 -999.250 -999.250 -999.250 -999.250 -999.250 -999.250 -999.250 -999.250 -999.250 -999.250 -999.250 -999.250 -999.250 -999.250 -999.250 8.220 7.819 7.855 11.347 10.544 12.552 14.283 14.577 15.805 14.835 16.082 17.152 18.779 17.366 18.870 16.673 18.579 22.422 19.349 18.707 19.601 20.552 22.338 22.937 24.345 21.810 16.036 18.222 18.935 19.892 17.829 17.015 15.096 14.038 15.737 14.336 11.867 11.851 8.522 6.384 6.554 6.330 8.469 11.833 12.014 6.701 6.922 7.866
-999.250 -999.250 -999.250 -999.250 -999.250 -999.250 -999.250 -999.250 -999.250 -999.250 -999.250 -999.250 -999.250 -999.250 -999.250 -999.250 -999.250 -999.250 -999.250 -999.250 5.902 7.506 9.405 8.650 12.465 12.376 13.685 14.465 12.039 11.457 11.189 14.192 17.171 18.273 17.614 19.832 18.062 22.005 19.709 20.858 18.689 18.046 22.444 20.887 24.034 21.438 21.064 19.963 19.737 18.695 20.207 16.869 17.156 13.870 12.367 12.304 9.481 7.293 5.859 2.603 3.418 5.478 9.555 8.609 8.295 9.164 7.056 8.970
-999.250 -999.250 -999.250 -999.250 -999.250 -999.250 -999.250 -999.250 -999.250 -999.250 -999.250 -999.250 -999.250 -999.250 -999.250 -999.250 -999.250 -999.250 -999.250 -999.250 7.928 5.249 9.491 11.726 12.312 13.092 14.862 14.744 12.966 12.009 6.264 13.330 15.934 17.389 18.943 17.919 19.249 19.062 21.097 20.640 18.164 19.688 20.695 21.645 20.479 22.318 21.255 20.880 19.003 17.200 18.231 16.790 15.327 14.965 13.916 13.045 10.171 8.723 5.008 0.000 3.290 5.129 7.202 6.903 8.083 8.655 8.964 9.903
-999.250 -999.250 -999.250 -999.250 -999.250 -999.250 -999.250 -999.250 -999.250 -999.250 -999.250 -999.250 -999.250 -999.250 -999.250 -999.250 -999.250 -999.250 -999.250 2.903 4.148 5.198 8.147 11.582 11.925 14.970 16.006 16.394 16.522 13.905 12.170 15.260 17.841 17.486 19.734 19.007 17.948 20.470 21.643 21.095 21.033 24.376 24.267 23.585 21.335 20.704 19.933 19.093 18.426 16.567 14.935 16.120 15.292 14.657 14.346 13.317 11.805 6.291 4.502 1.878 5.214 5.661 6.019 8.066 6.977 7.564 10.160 10.618
-999.250 -999.250 -999.250 -999.250 -999.250 -999.250 -999.250 -999.250 -999.250 -999.250 -999.250 -999.250 -999.250 -999.250 -999.250 -999.250 -999.250 -999.250 -999.250 0.000 1.695 4.646 10.172 12.806 14.544 16.620 19.143 17.865 18.590 18.656 18.756 18.673 18.142 20.584 20.956 19.700 19.927 22.038 22.633 23.807 22.890 22.580 25.539 22.026 21.146 21.729 18.125 15.306 15.291 14.562 14.791 13.594 11.844 15.480 14.888 13.277 8.316 8.722 7.293 6.281 5.023 4.844 5.048 6.255 7.802 9.879 8.950 11.292
-999.250 -999.250 -999.250 -999.250 -999.250 -999.250 -999.250 -999.250 -999.250 -999.250 -999.250 -999.250 -999.250 -999.250 -999.250 -999.250 -999.250 -999.250 -999.250 1.075 0.000 4.766 11.950 15.164 15.773 20.040 22.354 21.931 24.169 22.969 25.779 21.493 22.687 22.971 22.957 20.920 22.828 23.167 21.404 25.655 26.024 26.484 26.556 23.604 22.937 20.668 18.902 14.877 12.584 12.488 13.633 12.909 14.309 13.587 12.072 14.303 13.223 9.971 6.795 6.077 6.762 4.330 4.143 4.966 5.689 8.218 9.563 9.982
-999.250 -999.250 -999.250 -999.250 -999.250 -999.250 -999.250 -999.250 -999.250 -999.250 -999.250 -999.250 -999.250 -999.250 -999.250 -999.250 -999.250 -999.250 -999.250 6.778 5.603 10.518 14.186 18.310 18.991 20.355 22.544 24.108 23.734 28.348 27.504 24.488 26.076 25.169 24.587 23.860 23.747 23.762 23.331 22.762 26.791 24.423 24.961 20.707 22.370 19.042 16.859 12.716 8.164 11.511 12.548 10.907 11.986 11.511 9.449 12.860 10.626 8.444 7.180 6.458 5.035 3.922 4.251 2.095 3.328 5.998 9.857 12.879
-999.250 -999.250 -999.250 -999.250 -999.250 -999.250 -999.250 -999.250 -999.250 -999.250 -999.250 -999.250 -999.250 -999.250 -999.250 -999.250 -999.250 -999.250 -999.250 6.971 11.330 15.912 17.906 21.150 25.468 25.673 23.824 22.994 25.279 27.721 29.099 28.227 25.240 25.737 28.507 26.701 25.854 26.525 25.018 23.898 26.966 23.154 25.425 24.319 23.347 19.938 16.943 13.849 13.963 11.256 10.558 11.126 9.935 10.817 9.370 10.669 11.689 8.959 5.828 4.728 2.896 3.856 2.639 1.964 0.000 3.983 7.945 10.886
-999.250 -999.250 -999.250 -999.250 -999.250 -999.250 -999.250 -999.250 -999.250 -999.250 -999.250 -999.250 -999.250 -999.250 -999.250 -999.250 -999.250 -999.250 8.086 7.804 15.596 19.615 21.643 26.141 24.572 25.227 27.739 29.173 27.266 28.566 32.911 28.109 28.499 25.729 27.437 27.126 28.892 29.270 27.399 26.037 28.532 25.558 24.464 23.583 24.788 18.224 18.670 15.173 14.454 11.935 11.249 10.165 8.692 9.514 7.819 9.680 12.888 9.063 5.580 2.222 1.220 5.357 6.875 5.395 3.525 4.879 7.510 10.555
-999.250 -999.250 -999.250 -999.250 -999.250 -999.250 -999.250 -999.250 -999.250 -999.250 -999.250 -999.250 -999.250 -999.250 -999.250 -999.250 -999.250 9.829 12.285 12.775 17.972 19.953 23.377 25.049 27.792 28.317 27.992 28.125 27.888 28.915 27.452 27.022 27.814 26.907 31.234 28.867 27.159 27.669 28.928 26.797 27.366 25.541 25.142 26.280 24.300 23.326 18.764 17.252 15.595 13.719 11.080 8.381 6.172 8.236 11.069 10.124 12.058 12.424 7.997 0.000 1.128 5.822 5.803 7.250 6.795 6.247 7.390 12.684
-999.250 -999.250 -999.250 -999.250 -999.250 -999.250 -999.250 -999.250 -999.250 -999.250 -999.250 -999.250 -999.250 -999.250 -999.250 -999.250 -999.250 10.659 12.571 14.627 15.175 20.384 24.834 29.343 27.535 33.368 29.360 31.974 31.169 27.234 26.339 27.702 30.049 28.261 26.570 27.786 26.563 31.715 31.296 30.345 33.446 31.726 25.632 24.632 24.809 23.021 18.817 17.772 16.391 15.866 11.739 8.700 7.323 7.235 10.381 14.223 15.416 15.312 12.427 5.432 5.234 7.783 7.564 7.975 10.181 6.348 6.174 10.059
-999.250 -999.250 -999.250 -999.250 -999.250 -999.250 -999.250 -999.250 -999.250 -999.250 -999.250 -999.250 -999.250 -999.250 -999.250 9.499 9.336 10.674 15.075 17.028 16.460 19.627 24.044 26.632 28.090 28.708 27.737 29.963 28.084 30.492 29.866 27.150 30.038 24.381 28.128 27.332 30.962 34.456 36.020 31.164 30.121 31.489 28.864 28.002 26.022 21.956 21.154 22.259 19.187 15.864 13.110 10.406 4.154 3.809 7.852 13.794 17.511 19.926 15.933 15.086 12.939 10.295 10.269 9.530 9.315 7.689 8.978 7.526
-999.250 -999.250 -999.250 -999.250 -999.250 -999.250 -999.250 -999.250 -999.250 -999.250 -999.250 -999.250 -999.250 -999.250 8.722 9.164 12.562 13.325 16.124 16.718 18.082 18.093 22.540 25.897 29.794 29.490 29.530 33.148 36.382 34.121 32.418 30.548 32.205 28.223 34.419 34.072 31.658 34.610 34.533 37.387 31.966 29.935 23.823 28.663 27.936 28.141 23.660 21.783 21.886 17.792 15.832 9.570 5.191 0.000 5.313 13.315 17.093 20.739 16.999 17.313 14.878 12.531 12.716 12.302 9.002 8.741 10.727 7.818
-999.250 -999.250 -999.250 -999.250 -999.250 -999.250 -999.250 -999.250 -999.250 -999.250 -999.250 -999.250 -999.250 -999.250 10.204 12.403 14.119 15.286 15.735 17.053 18.873 23.059 25.835 32.202 28.989 32.872 35.801 33.701 38.171 33.689 35.167 31.695 31.251 36.585 34.839 33.270 35.105 39.035 35.995 30.392 31.208 27.570 29.157 28.250 27.461 27.832 24.903 26.806 24.373 20.098 16.875 14.563 8.238 8.603 10.268 14.917 16.540 20.440 17.214 18.544 18.415 15.812 12.389 14.191 10.926 10.102 9.592 7.114
-999.250 -999.250 -999.250 -999.250 -999.250 -999.250 -999.250 -999.250 -999.250 -999.250 -999.250 -999.250 -999.250 9.836 9.726 12.144 14.800 17.297 16.834 18.206 20.009 24.960 28.221 30.879 29.619 32.526 29.254 35.238 35.329 32.533 40.991 35.697 34.617 36.019 36.600 36.159 37.061 36.248 33.465 31.168 27.501 27.761 26.862 24.879 26.855 24.803 22.103 22.949 23.595 22.493 19.777 16.323 12.780 13.697 16.834 15.494 16.877 18.934 19.808 18.977 16.845 16.372 16.705 14.194 9.978 9.027 9.498 7.626
