data/medianmodel_04-Oct-2020.asc
ncols	141
nrows	288
xllcorner	-120191.398
yllcorner	-301404.813
cellsize	2000.000
NODATA_value	-999.250
[rows 210 to 239 of 288, columns 0 to 66 of 141]
-999.250 -999.250 -999.250 -999.250 -999.250 -999.250 -999.250 -999.250 -999.250 -999.250 -999.250 -999.250 -999.250 -999.250 -999.250 -999.250 -999.250 -999.250 -999.250 -999.250 -999.250 -999.250 -999.250 -999.250 -999.250 -999.250 -999.250 -999.250 -999.250 -999.250 -999.250 40.888 42.028 41.107 40.975 37.773 40.837 45.185 40.188 36.616 33.696 34.141 34.308 32.680 30.887 31.989 29.593 27.401 27.845 24.583 28.794 28.743 27.130 21.309 18.645 18.193 14.195 15.750 12.278 9.831 8.185 10.010 6.632 4.216 0.949 0.057 0.000
-999.250 -999.250 -999.250 -999.250 -999.250 -999.250 -999.250 -999.250 -999.250 -999.250 -999.250 -999.250 -999.250 -999.250 -999.250 -999.250 -999.250 -999.250 -999.250 -999.250 -999.250 -999.250 -999.250 -999.250 -999.250 -999.250 -999.250 -999.250 -999.250 -999.250 -999.250 42.932 38.756 38.074 39.786 37.997 40.059 38.629 39.441 41.265 32.275 31.604 32.802 33.985 32.767 28.391 28.323 25.068 24.889 27.032 25.255 22.225 19.857 20.353 19.219 19.283 15.398 15.181 11.195 10.521 4.818 6.538 1.777 3.987 0.193 0.000 0.000
-999.250 -999.250 -999.250 -999.250 -999.250 -999.250 -999.250 -999.250 -999.250 -999.250 -999.250 -999.250 -999.250 -999.250 -999.250 -999.250 -999.250 -999.250 -999.250 -999.250 -999.250 -999.250 -999.250 -999.250 -999.250 -999.250 -999.250 -999.250 -999.250 -999.250 -999.250 43.062 37.940 36.566 34.203 34.716 39.324 39.111 36.075 36.642 28.330 28.124 30.228 27.682 30.254 26.899 30.277 25.798 22.363 19.924 22.801 21.587 23.161 17.564 18.369 15.434 17.506 14.228 13.445 9.332 7.945 4.671 3.983 1.506 0.000 0.000 1.060
-999.250 -999.250 -999.250 -999.250 -999.250 -999.250 -999.250 -999.250 -999.250 -999.250 -999.250 -999.250 -999.250 -999.250 -999.250 -999.250 -999.250 -999.250 -999.250 -999.250 -999.250 -999.250 -999.250 -999.250 -999.250 -999.250 -999.250 -999.250 -999.250 -999.250 -999.250 45.746 30.594 33.869 33.461 34.959 28.574 34.404 34.549 31.617 27.064 25.725 27.577 25.370 29.799 29.092 28.955 24.961 24.225 26.799 23.364 21.032 19.470 19.296 15.029 14.206 13.174 13.818 12.405 5.941 3.289 2.588 3.111 0.000 0.329 0.274 1.145
-999.250 -999.250 -999.250 -999.250 -999.250 -999.250 -999.250 -999.250 -999.250 -999.250 -999.250 -999.250 -999.250 -999.250 -999.250 -999.250 -999.250 -999.250 -999.250 -999.250 -999.250 -999.250 -999.250 -999.250 -999.250 -999.250 -999.250 -999.250 -999.250 -999.250 -999.250 32.744 33.146 27.161 30.816 29.685 28.261 25.691 32.073 27.054 29.915 30.015 28.481 26.429 23.126 26.137 30.394 25.028 23.444 24.072 19.231 21.670 20.692 19.587 15.958 14.980 12.641 12.832 9.930 5.026 6.393 6.493 5.012 4.065 0.759 0.962 3.348
-999.250 -999.250 -999.250 -999.250 -999.250 -999.250 -999.250 -999.250 -999.250 -999.250 -999.250 -999.250 -999.250 -999.250 -999.250 -999.250 -999.250 -999.250 -999.250 -999.250 -999.250 -999.250 -999.250 -999.250 -999.250 -999.250 -999.250 -999.250 -999.250 -999.250 -999.250 28.882 29.619 25.702 32.510 27.528 30.681 24.855 31.162 27.981 25.800 27.771 22.896 25.561 19.249 24.811 23.694 23.769 26.066 22.953 20.159 17.841 19.058 17.322 15.329 14.997 13.580 10.917 7.420 6.301 4.317 1.925 2.473 2.390 0.660 1.372 3.533
-999.250 -999.250 -999.250 -999.250 -999.250 -999.250 -999.250 -999.250 -999.250 -999.250 -999.250 -999.250 -999.250 -999.250 -999.250 -999.250 -999.250 -999.250 -999.250 -999.250 -999.250 -999.250 -999.250 -999.250 -999.250 -999.250 -999.250 -999.250 -999.250 -999.250 -999.250 25.881 27.946 27.111 31.590 28.670 28.610 25.019 23.468 24.208 24.944 23.092 23.186 23.808 19.555 23.642 22.252 20.729 21.160 22.111 18.839 17.013 15.904 14.729 14.351 12.567 11.816 10.914 8.171 4.140 2.661 4.776 2.430 1.102 0.295 1.702 7.128
-999.250 -999.250 -999.250 -999.250 -999.250 -999.250 -999.250 -999.250 -999.250 -999.250 -999.250 -999.250 -999.250 -999.250 -999.250 -999.250 -999.250 -999.250 -999.250 -999.250 -999.250 -999.250 -999.250 -999.250 -999.250 -999.250 -999.250 -999.250 -999.250 -999.250 -999.250 22.617 26.750 26.197 30.075 27.243 24.390 23.690 20.302 21.607 20.694 22.286 24.623 20.189 21.754 20.775 21.775 24.875 22.627 23.989 18.398 17.316 15.582 13.453 12.917 11.559 9.061 11.546 7.005 1.833 6.213 3.971 5.242 1.886 0.000 0.000 6.321
-999.250 -999.250 -999.250 -999.250 -999.250 -999.250 -999.250 -999.250 -999.250 -999.250 -999.250 -999.250 -999.250 -999.250 -999.250 -999.250 -999.250 -999.250 -999.250 -999.250 -999.250 -999.250 -999.250 -999.250 -999.250 -999.250 -999.250 -999.250 -999.250 -999.250 -999.250 24.580 23.247 27.555 29.177 27.833 22.061 20.540 18.096 22.228 20.711 18.652 23.137 18.909 21.955 25.280 20.677 20.429 18.449 19.831 17.226 15.139 15.048 13.968 12.458 12.248 10.831 8.974 7.976 5.928 4.004 4.452 6.874 5.905 4.403 7.571 11.295
-999.250 -999.250 -999.250 -999.250 -999.250 -999.250 -999.250 -999.250 -999.250 -999.250 -999.250 -999.250 -999.250 -999.250 -999.250 -999.250 -999.250 -999.250 -999.250 -999.250 -999.250 -999.250 -999.250 -999.250 -999.250 -999.250 -999.250 -999.250 -999.250 -999.250 -999.250 25.858 22.845 21.960 22.444 23.149 19.653 19.840 20.866 21.794 19.651 20.493 17.901 18.682 20.371 22.197 19.270 17.162 19.294 17.664 17.919 15.403 15.252 14.461 10.304 12.275 8.619 10.401 9.082 7.784 7.129 6.063 8.101 10.317 11.221 15.175 18.049
-999.250 -999.250 -999.250 -999.250 -999.250 -999.250 -999.250 -999.250 -999.250 -999.250 -999.250 -999.250 -999.250 -999.250 -999.250 -999.250 -999.250 -999.250 -999.250 -999.250 -999.250 -999.250 -999.250 -999.250 -999.250 -999.250 -999.250 -999.250 -999.250 -999.250 -999.250 20.320 20.414 21.044 22.081 19.999 19.794 23.635 18.674 17.876 18.740 18.864 20.142 18.362 19.956 19.173 17.436 18.506 20.378 18.551 16.056 15.193 12.232 11.163 10.113 11.882 10.137 9.031 10.913 9.025 10.075 9.112 11.668 15.069 16.165 22.013 27.981
-999.250 -999.250 -999.250 -999.250 -999.250 -999.250 -999.250 -999.250 -999.250 -999.250 -999.250 -999.250 -999.250 -999.250 -999.250 -999.250 -999.250 -999.250 -999.250 -999.250 -999.250 -999.250 -999.250 -999.250 -999.250 -999.250 -999.250 -999.250 -999.250 -999.250 -999.250 24.265 21.161 13.712 20.548 21.039 18.590 19.304 18.605 17.299 16.731 16.054 22.386 19.145 20.822 20.545 17.786 19.471 20.106 17.035 18.031 14.099 14.191 10.737 10.629 11.892 11.803 6.885 11.588 10.692 10.165 13.894 16.898 20.089 21.143 24.885 32.863
-999.250 -999.250 -999.250 -999.250 -999.250 -999.250 -999.250 -999.250 -999.250 -999.250 -999.250 -999.250 -999.250 -999.250 -999.250 -999.250 -999.250 -999.250 -999.250 -999.250 -999.250 -999.250 -999.250 -999.250 -999.250 -999.250 -999.250 -999.250 -999.250 -999.250 -999.250 22.895 16.347 18.813 18.856 21.103 19.335 18.714 18.876 16.687 20.031 19.844 17.131 18.702 16.578 19.680 16.375 16.420 18.590 17.591 18.987 16.233 16.220 12.267 12.418 9.678 9.980 9.422 13.911 9.685 13.329 17.885 20.849 23.088 27.034 34.489 41.546
-999.250 -999.250 -999.250 -999.250 -999.250 -999.250 -999.250 -999.250 -999.250 -999.250 -999.250 -999.250 -999.250 -999.250 -999.250 -999.250 -999.250 -999.250 -999.250 -999.250 -999.250 -999.250 -999.250 -999.250 -999.250 -999.250 -999.250 -999.250 -999.250 -999.250 19.385 15.839 16.567 18.124 18.738 20.851 22.078 16.422 21.734 19.675 18.266 23.389 17.688 19.001 17.023 19.331 15.539 18.444 16.567 16.454 13.764 13.486 11.877 9.894 9.973 8.233 8.479 9.346 11.161 13.017 14.804 19.713 22.156 29.853 35.926 41.584 50.092
-999.250 -999.250 -999.250 -999.250 -999.250 -999.250 -999.250 -999.250 -999.250 -999.250 -999.250 -999.250 -999.250 -999.250 -999.250 -999.250 -999.250 -999.250 -999.250 -999.250 -999.250 -999.250 -999.250 -999.250 -999.250 -999.250 -999.250 -999.250 -999.250 -999.250 18.019 19.705 21.476 18.822 19.322 22.005 18.629 19.381 19.576 19.790 20.638 18.058 18.638 17.736 18.192 17.407 17.262 16.810 15.727 14.920 12.936 10.236 7.812 6.061 9.895 3.129 5.305 8.953 8.288 11.857 16.581 20.244 27.193 32.233 40.094 45.198 57.144
-999.250 -999.250 -999.250 -999.250 -999.250 -999.250 -999.250 -999.250 -999.250 -999.250 -999.250 -999.250 -999.250 -999.250 -999.250 -999.250 -999.250 -999.250 -999.250 -999.250 -999.250 -999.250 -999.250 -999.250 -999.250 -999.250 -999.250 -999.250 -999.250 -999.250 18.702 16.812 23.150 23.426 19.213 16.856 19.984 20.036 18.991 20.402 20.471 20.672 17.360 17.903 18.039 17.511 14.455 13.497 15.159 13.820 12.296 10.307 8.643 6.108 3.089 3.379 2.643 8.658 8.706 12.943 16.018 20.208 30.524 34.644 43.524 51.240 74.874
-999.250 -999.250 -999.250 -999.250 -999.250 -999.250 -999.250 -999.250 -999.250 -999.250 -999.250 -999.250 -999.250 -999.250 -999.250 -999.250 -999.250 -999.250 -999.250 -999.250 -999.250 -999.250 -999.250 -999.250 -999.250 -999.250 -999.250 -999.250 -999.250 -999.250 15.299 19.214 17.420 19.483 19.326 21.113 20.615 19.773 21.441 19.497 19.162 17.058 17.484 16.210 18.189 15.887 15.475 13.663 13.432 16.341 13.075 12.416 8.513 5.113 6.163 3.830 0.792 2.344 9.466 12.321 17.765 24.572 32.612 44.255 45.159 57.617 69.609
-999.250 -999.250 -999.250 -999.250 -999.250 -999.250 -999.250 -999.250 -999.250 -999.250 -999.250 -999.250 -999.250 -999.250 -999.250 -999.250 -999.250 -999.250 -999.250 -999.250 -999.250 -999.250 -999.250 -999.250 -999.250 -999.250 -999.250 -999.250 -999.250 14.654 13.672 17.000 15.002 18.911 18.734 19.983 20.352 21.467 23.340 19.625 22.039 21.460 21.655 19.342 17.864 19.261 17.328 13.869 15.889 14.313 11.977 10.744 9.002 8.261 8.061 6.234 0.449 0.000 8.028 15.164 21.125 25.758 39.212 46.655 55.520 70.935 77.116
-999.250 -999.250 -999.250 -999.250 -999.250 -999.250 -999.250 -999.250 -999.250 -999.250 -999.250 -999.250 -999.250 -999.250 -999.250 -999.250 -999.250 -999.250 -999.250 -999.250 -999.250 -999.250 -999.250 -999.250 -999.250 -999.250 -999.250 -999.250 -999.250 17.286 16.200 16.404 17.984 17.951 19.543 19.276 20.284 21.369 23.639 22.055 21.640 20.477 20.401 18.008 19.323 21.278 17.013 17.325 16.873 14.304 15.146 12.124 8.337 8.038 10.032 7.237 4.783 6.751 12.082 14.683 21.376 31.927 44.421 56.395 59.623 67.114 80.506
-999.250 -999.250 -999.250 -999.250 -999.250 -999.250 -999.250 -999.250 -999.250 -999.250 -999.250 -999.250 -999.250 -999.250 -999.250 -999.250 -999.250 -999.250 -999.250 -999.250 -999.250 -999.250 -999.250 -999.250 -999.250 -999.250 -999.250 -999.250 18.283 17.391 14.916 17.456 16.917 16.802 18.796 21.454 20.840 21.599 18.553 22.245 23.449 23.835 20.772 21.106 18.119 21.972 21.816 19.964 13.442 16.692 13.527 12.924 11.034 10.309 9.418 8.870 10.042 10.438 12.898 16.675 26.585 36.007 52.913 62.822 70.826 76.009 84.087
-999.250 -999.250 -999.250 -999.250 -999.250 -999.250 -999.250 -999.250 -999.250 -999.250 -999.250 -999.250 -999.250 -999.250 -999.250 -999.250 -999.250 -999.250 -999.250 -999.250 -999.250 -999.250 -999.250 -999.250 -999.250 -999.250 -999.250 -999.250 15.593 16.278 16.002 17.640 17.358 17.268 18.530 19.665 20.439 23.372 20.968 19.106 22.188 24.164 25.098 22.612 22.042 20.634 21.740 20.730 18.900 17.194 15.404 16.554 13.444 12.974 11.401 10.806 12.281 13.933 17.304 22.177 27.704 38.475 52.804 65.596 74.692 79.941 86.847
-999.250 -999.250 -999.250 -999.250 -999.250 -999.250 -999.250 -999.250 -999.250 -999.250 -999.250 -999.250 -999.250 -999.250 -999.250 -999.250 -999.250 -999.250 -999.250 -999.250 -999.250 -999.250 -999.250 -999.250 -999.250 -999.250 -999.250 14.789 12.333 16.167 15.806 15.518 14.634 18.943 18.030 20.796 20.490 21.647 20.641 21.345 22.353 22.644 22.427 24.491 24.582 27.349 24.168 21.479 19.011 16.933 17.531 16.909 15.486 16.134 16.319 17.239 17.029 17.181 20.800 24.338 31.996 41.382 51.955 65.966 72.093 80.805 82.947
-999.250 -999.250 -999.250 -999.250 -999.250 -999.250 -999.250 -999.250 -999.250 -999.250 -999.250 -999.250 -999.250 -999.250 -999.250 -999.250 -999.250 -999.250 -999.250 -999.250 -999.250 -999.250 -999.250 -999.250 -999.250 -999.250 -999.250 16.212 14.729 15.728 14.425 14.583 15.417 18.390 19.704 18.333 17.698 18.250 22.012 21.497 22.555 21.871 23.310 22.961 21.034 28.168 25.477 25.486 23.884 22.256 21.944 22.744 18.888 20.204 17.125 19.940 22.731 23.813 23.093 29.607 32.245 41.533 49.548 63.722 67.873 78.758 82.676
-999.250 -999.250 -999.250 -999.250 -999.250 -999.250 -999.250 -999.250 -999.250 -999.250 -999.250 -999.250 -999.250 -999.250 -999.250 -999.250 -999.250 -999.250 -999.250 -999.250 -999.250 -999.250 -999.250 -999.250 -999.250 -999.250 -999.250 -999.250 14.438 18.413 14.405 14.554 16.975 19.588 15.566 17.739 17.939 18.998 21.831 23.354 21.498 31.009 21.869 24.137 27.094 27.311 30.277 28.642 26.510 21.744 21.189 24.477 24.103 27.081 21.398 23.195 25.241 29.217 28.128 30.287 31.262 39.463 49.170 62.653 68.152 81.418 85.617
-999.250 -999.250 -999.250 -999.250 -999.250 -999.250 -999.250 -999.250 -999.250 -999.250 -999.250 -999.250 -999.250 -999.250 -999.250 -999.250 -999.250 -999.250 -999.250 -999.250 -999.250 -999.250 -999.250 -999.250 -999.250 -999.250 -999.250 -999.250 -999.250 -999.250 15.526 15.854 17.989 17.725 16.814 18.099 18.444 18.306 23.395 24.563 24.166 28.255 29.940 28.544 27.612 29.865 27.895 28.610 30.830 27.222 27.739 28.956 30.607 30.545 30.390 24.916 27.077 34.005 34.168 35.020 35.178 44.921 49.593 60.781 61.027 75.164 83.982
-999.250 -999.250 -999.250 -999.250 -999.250 -999.250 -999.250 -999.250 -999.250 -999.250 -999.250 -999.250 -999.250 -999.250 -999.250 -999.250 -999.250 -999.250 -999.250 -999.250 -999.250 -999.250 -999.250 -999.250 -999.250 -999.250 -999.250 -999.250 -999.250 -999.250 15.231 18.214 19.654 18.628 18.294 20.640 22.389 25.601 24.778 22.705 30.348 28.274 29.924 30.711 29.035 31.431 32.459 32.292 33.807 37.689 37.006 36.299 35.032 36.843 36.396 34.626 33.152 32.179 38.422 37.003 37.616 41.119 48.823 55.670 58.046 67.448 75.956
-999.250 -999.250 -999.250 -999.250 -999.250 -999.250 -999.250 -999.250 -999.250 -999.250 -999.250 -999.250 -999.250 -999.250 -999.250 -999.250 -999.250 -999.250 -999.250 -999.250 -999.250 -999.250 -999.250 -999.250 -999.250 -999.250 -999.250 -999.250 -999.250 -999.250 18.657 19.345 17.563 19.472 20.801 22.713 25.589 23.672 24.412 27.222 32.006 33.873 32.106 32.877 36.818 41.451 33.138 38.812 38.004 36.037 37.223 43.910 43.435 43.764 43.089 42.429 39.009 36.757 37.658 36.377 34.204 38.821 41.098 51.403 49.001 55.224 60.959
-999.250 -999.250 -999.250 -999.250 -999.250 -999.250 -999.250 -999.250 -999.250 -999.250 -999.250 -999.250 -999.250 -999.250 -999.250 -999.250 -999.250 -999.250 -999.250 -999.250 -999.250 -999.250 -999.250 -999.250 -999.250 -999.250 -999.250 -999.250 -999.250 -999.250 -999.250 20.765 19.783 20.034 22.294 20.281 28.979 29.000 28.553 31.409 35.153 34.872 38.308 40.809 43.242 39.122 39.464 43.254 43.140 45.104 50.554 53.503 56.356 53.405 43.330 46.034 41.619 38.080 39.293 35.986 36.971 33.300 39.413 40.996 41.578 49.213 51.205
-999.250 -999.250 -999.250 -999.250 -999.250 -999.250 -999.250 -999.250 -999.250 -999.250 -999.250 -999.250 -999.250 -999.250 -999.250 -999.250 -999.250 -999.250 -999.250 -999.250 -999.250 -999.250 -999.250 -999.250 -999.250 -999.250 -999.250 -999.250 -999.250 -999.250 25.512 21.630 19.739 21.761 23.701 22.625 26.164 25.721 27.741 30.292 36.848 38.480 33.415 35.411 39.536 47.572 48.064 42.452 49.158 55.393 54.972 59.747 59.490 57.473 56.223 54.864 45.967 38.080 39.640 33.814 32.630 29.647 28.360 29.558 39.614 45.949 54.820
-999.250 -999.250 -999.250 -999.250 -999.250 -999.250 -999.250 -999.250 -999.250 -999.250 -999.250 -999.250 -999.250 -999.250 -999.250 -999.250 -999.250 -999.250 -999.250 -999.250 -999.250 -999.250 -999.250 -999.250 -999.250 -999.250 -999.250 -999.250 -999.250 -999.250 -999.250 22.007 25.049 27.755 26.958 27.429 26.622 31.895 35.324 26.507 37.821 37.006 37.927 41.155 47.142 51.258 52.429 49.595 55.737 66.608 68.550 67.361 71.394 66.536 59.053 53.923 52.852 45.388 41.593 38.432 30.434 23.475 26.826 27.656 29.541 32.313 35.593
