data/medianmodel_23-Mar-2020.asc
ncols	141
nrows	288
xllcorner	-120191.398
yllcorner	-301404.813
cellsize	2000.000
NODATA_value	-999.250
[rows 62 to 92 of 288, columns 70 to 139 of 141]
1.634 1.141 0.336 0.095 0.000 0.000 0.000 0.000 0.000 0.000 0.000 0.000 0.000 0.209 0.894 1.546 3.114 1.905 1.943 0.193 0.000 0.000 0.000 0.000 0.000 0.000 0.000 0.000 0.000 0.000 0.000 0.000 0.958 1.727 3.575 4.650 4.527 3.242 3.386 3.343 -999.250 -999.250 -999.250 -999.250 -999.250 -999.250 -999.250 -999.250 -999.250 -999.250 -999.250 -999.250 -999.250 -999.250 -999.250 -999.250 -999.250 -999.250 -999.250 -999.250 -999.250 -999.250 -999.250 -999.250 -999.250 -999.250 -999.250 -999.250 -999.250 -999.250
0.489 0.000 0.000 0.000 0.000 0.000 0.000 0.000 0.000 0.000 0.000 0.000 0.000 0.416 2.824 3.163 3.888 2.883 1.412 1.454 1.037 0.000 0.000 0.000 0.000 0.000 0.000 0.000 0.000 0.000 0.000 0.000 0.059 0.787 2.056 2.595 3.738 2.792 2.868 2.218 1.882 -999.250 -999.250 -999.250 -999.250 -999.250 -999.250 -999.250 -999.250 -999.250 -999.250 -999.250 -999.250 -999.250 -999.250 -999.250 -999.250 -999.250 -999.250 -999.250 -999.250 -999.250 -999.250 -999.250 -999.250 -999.250 -999.250 -999.250 -999.250 -999.250
0.848 0.000 0.000 0.000 0.000 0.000 0.000 0.000 0.000 0.000 0.000 0.000 0.089 1.728 3.822 6.213 7.046 4.919 3.372 2.401 1.247 0.262 0.000 0.000 0.000 0.000 0.000 0.000 0.000 0.000 0.000 0.000 0.000 1.474 1.302 3.070 3.389 2.890 2.896 1.648 0.449 0.000 -999.250 -999.250 -999.250 -999.250 -999.250 -999.250 -999.250 -999.250 -999.250 -999.250 -999.250 -999.250 -999.250 -999.250 -999.250 -999.250 -999.250 -999.250 -999.250 -999.250 -999.250 -999.250 -999.250 -999.250 -999.250 -999.250 -999.250 -999.250
1.040 0.167 0.000 0.000 0.000 0.000 0.000 0.000 0.162 1.843 2.200 2.053 4.076 5.025 5.368 7.533 7.899 4.940 6.346 3.484 2.947 2.583 0.643 0.002 0.000 0.000 0.000 0.000 0.000 0.000 0.000 0.000 0.000 0.766 1.966 3.910 3.002 0.903 0.644 0.052 0.000 0.000 -999.250 -999.250 -999.250 -999.250 -999.250 -999.250 -999.250 -999.250 -999.250 -999.250 -999.250 -999.250 -999.250 -999.250 -999.250 -999.250 -999.250 -999.250 -999.250 -999.250 -999.250 -999.250 -999.250 -999.250 -999.250 -999.250 -999.250 -999.250
0.000 0.000 0.000 0.000 0.000 0.000 0.000 0.205 2.142 0.961 2.028 2.961 3.385 5.818 6.982 8.407 8.078 8.354 7.401 6.421 5.451 3.800 1.764 1.679 1.073 0.943 0.000 0.000 0.000 0.000 0.000 0.000 0.000 0.000 1.831 0.836 1.754 0.068 0.000 0.000 0.000 0.000 0.000 -999.250 -999.250 -999.250 -999.250 -999.250 -999.250 -999.250 -999.250 -999.250 -999.250 -999.250 -999.250 -999.250 -999.250 -999.250 -999.250 -999.250 -999.250 -999.250 -999.250 -999.250 -999.250 -999.250 -999.250 -999.250 -999.250 -999.250
0.000 0.000 0.000 0.000 0.000 0.000 0.330 0.000 0.920 2.601 2.941 4.580 5.393 6.704 9.483 10.483 10.875 10.720 10.271 6.340 6.314 3.436 2.925 2.768 1.378 0.951 0.303 0.131 0.000 0.000 0.000 0.000 0.000 0.000 1.649 1.434 1.324 1.070 0.000 0.000 0.000 0.000 0.000 0.000 -999.250 -999.250 -999.250 -999.250 -999.250 -999.250 -999.250 -999.250 -999.250 -999.250 -999.250 -999.250 -999.250 -999.250 -999.250 -999.250 -999.250 -999.250 -999.250 -999.250 -999.250 -999.250 -999.250 -999.250 -999.250 -999.250
0.000 0.000 0.000 0.000 0.000 0.000 0.000 0.000 0.660 1.996 3.522 4.407 7.089 7.095 9.653 12.554 12.273 12.264 12.200 10.010 7.591 6.761 5.029 3.833 3.662 1.591 0.292 0.133 0.000 0.000 0.000 0.000 0.000 0.139 0.564 0.351 0.654 0.659 0.000 0.000 0.000 0.000 0.000 0.000 -999.250 -999.250 -999.250 -999.250 -999.250 -999.250 -999.250 -999.250 -999.250 -999.250 -999.250 -999.250 -999.250 -999.250 -999.250 -999.250 -999.250 -999.250 -999.250 -999.250 -999.250 -999.250 -999.250 -999.250 -999.250 -999.250
0.000 0.000 0.000 0.000 0.000 0.000 0.000 0.482 0.893 2.325 3.936 5.533 8.644 9.367 9.759 12.808 14.285 15.128 13.761 11.244 9.490 7.422 4.752 4.639 1.816 1.679 0.378 0.000 0.000 0.000 0.000 0.172 0.000 0.177 0.617 0.000 0.166 0.000 0.000 0.000 0.000 0.000 0.000 0.000 -999.250 -999.250 -999.250 -999.250 -999.250 -999.250 -999.250 -999.250 -999.250 -999.250 -999.250 -999.250 -999.250 -999.250 -999.250 -999.250 -999.250 -999.250 -999.250 -999.250 -999.250 -999.250 -999.250 -999.250 -999.250 -999.250
0.000 0.000 0.000 0.000 0.000 0.000 0.000 0.000 1.589 2.944 3.295 5.550 5.569 8.157 11.955 11.871 14.416 18.532 13.748 12.959 8.196 6.099 4.984 3.200 2.041 2.965 1.145 0.000 0.000 0.000 0.000 0.010 0.000 0.000 0.000 0.000 0.000 0.515 1.130 0.816 0.859 0.656 0.000 0.000 0.000 0.000 -999.250 -999.250 -999.250 -999.250 -999.250 -999.250 -999.250 -999.250 -999.250 -999.250 -999.250 -999.250 -999.250 -999.250 -999.250 -999.250 -999.250 -999.250 -999.250 -999.250 -999.250 -999.250 -999.250 -999.250
1.118 0.000 0.000 0.000 0.000 0.000 0.000 0.000 0.119 2.955 3.552 4.903 5.613 7.345 8.973 9.596 13.431 13.804 13.189 11.199 7.323 5.268 3.947 2.953 1.033 1.005 0.244 0.000 0.000 0.000 0.000 0.000 0.000 0.209 0.088 0.000 0.000 0.000 0.005 1.156 0.342 1.502 0.000 0.000 0.000 0.000 -999.250 -999.250 -999.250 -999.250 -999.250 -999.250 -999.250 -999.250 -999.250 -999.250 -999.250 -999.250 -999.250 -999.250 -999.250 -999.250 -999.250 -999.250 -999.250 -999.250 -999.250 -999.250 -999.250 -999.250
3.129 1.842 0.000 0.000 0.000 0.000 0.000 0.000 0.000 2.362 2.021 2.780 3.545 5.404 6.600 8.298 10.442 10.386 9.213 9.626 7.138 5.759 3.771 2.065 0.690 0.776 0.000 0.000 0.000 0.000 0.000 0.000 0.000 0.000 0.000 0.000 0.000 0.000 0.000 0.027 0.000 0.390 0.851 0.000 0.000 -999.250 -999.250 -999.250 -999.250 -999.250 -999.250 -999.250 -999.250 -999.250 -999.250 -999.250 -999.250 -999.250 -999.250 -999.250 -999.250 -999.250 -999.250 -999.250 -999.250 -999.250 -999.250 -999.250 -999.250 -999.250
2.660 2.204 0.530 0.110 0.000 0.000 0.000 0.000 0.260 1.617 1.930 2.483 3.993 4.188 4.575 7.010 7.211 9.133 8.748 7.764 5.518 4.479 1.711 0.611 0.000 0.091 0.000 0.000 0.000 0.000 0.000 0.000 0.000 0.000 0.000 0.000 0.000 0.014 0.210 0.000 0.000 0.000 0.000 0.000 0.000 -999.250 -999.250 -999.250 -999.250 -999.250 -999.250 -999.250 -999.250 -999.250 -999.250 -999.250 -999.250 -999.250 -999.250 -999.250 -999.250 -999.250 -999.250 -999.250 -999.250 -999.250 -999.250 -999.250 -999.250 -999.250
4.022 3.249 0.754 0.000 0.000 0.000 0.000 0.000 0.684 1.699 2.078 0.749 0.692 2.162 4.409 4.142 4.660 4.808 5.789 4.583 4.996 2.447 0.601 0.000 0.000 0.000 0.000 0.000 0.000 0.000 0.000 0.000 0.000 0.000 0.000 0.000 0.000 0.000 0.000 0.000 0.000 0.000 0.000 0.000 0.000 -999.250 -999.250 -999.250 -999.250 -999.250 -999.250 -999.250 -999.250 -999.250 -999.250 -999.250 -999.250 -999.250 -999.250 -999.250 -999.250 -999.250 -999.250 -999.250 -999.250 -999.250 -999.250 -999.250 -999.250 -999.250
3.453 3.258 0.484 0.000 0.000 0.000 0.000 0.000 0.000 0.000 0.000 0.109 0.113 0.468 1.176 0.876 0.920 3.676 3.866 2.833 1.894 0.141 0.000 0.000 0.000 0.000 0.000 0.000 0.000 0.000 0.000 0.000 0.000 0.000 0.000 0.000 0.985 0.449 0.758 0.000 0.000 0.000 0.000 0.000 0.000 -999.250 -999.250 -999.250 -999.250 -999.250 -999.250 -999.250 -999.250 -999.250 -999.250 -999.250 -999.250 -999.250 -999.250 -999.250 -999.250 -999.250 -999.250 -999.250 -999.250 -999.250 -999.250 -999.250 -999.250 -999.250
4.377 1.405 1.381 1.168 0.734 0.259 0.000 0.000 0.000 0.000 0.000 0.000 0.000 0.000 0.000 0.000 0.000 1.594 1.157 0.488 0.000 0.000 0.000 0.000 0.000 0.000 0.000 0.000 0.000 0.000 0.000 0.000 0.000 0.000 0.000 0.475 0.000 0.494 0.573 0.000 0.000 0.042 0.000 0.000 0.000 -999.250 -999.250 -999.250 -999.250 -999.250 -999.250 -999.250 -999.250 -999.250 -999.250 -999.250 -999.250 -999.250 -999.250 -999.250 -999.250 -999.250 -999.250 -999.250 -999.250 -999.250 -999.250 -999.250 -999.250 -999.250
3.831 3.898 2.040 1.274 0.632 0.000 0.000 0.000 0.000 0.000 0.000 0.000 0.000 0.000 0.000 0.000 0.000 0.000 0.352 0.189 0.000 0.000 0.000 0.000 0.000 0.000 0.000 0.000 0.000 0.000 0.000 0.000 0.000 0.000 0.000 0.145 0.309 1.405 0.553 0.000 0.000 0.152 0.000 0.000 0.000 -999.250 -999.250 -999.250 -999.250 -999.250 -999.250 -999.250 -999.250 -999.250 -999.250 -999.250 -999.250 -999.250 -999.250 -999.250 -999.250 -999.250 -999.250 -999.250 -999.250 -999.250 -999.250 -999.250 -999.250 -999.250
3.814 2.906 2.203 2.445 0.706 0.000 0.000 0.000 0.000 0.000 0.000 0.000 0.000 0.000 0.000 0.000 0.000 0.000 0.000 0.000 0.000 0.000 0.000 0.000 0.000 0.000 0.000 0.000 0.000 0.167 0.000 0.317 0.628 0.968 1.400 0.478 1.237 0.500 0.000 0.000 0.000 0.000 0.000 0.000 0.000 -999.250 -999.250 -999.250 -999.250 -999.250 -999.250 -999.250 -999.250 -999.250 -999.250 -999.250 -999.250 -999.250 -999.250 -999.250 -999.250 -999.250 -999.250 -999.250 -999.250 -999.250 -999.250 -999.250 -999.250 -999.250
4.406 4.783 3.975 3.047 0.819 0.032 0.000 0.000 0.000 0.000 0.000 0.000 0.000 0.000 0.000 0.000 0.000 0.000 0.000 0.000 0.000 0.000 0.000 0.000 0.000 0.000 0.000 0.000 0.689 0.606 2.122 1.798 0.866 2.083 1.056 0.955 0.264 0.223 0.334 0.000 0.000 1.642 0.480 0.000 0.000 -999.250 -999.250 -999.250 -999.250 -999.250 -999.250 -999.250 -999.250 -999.250 -999.250 -999.250 -999.250 -999.250 -999.250 -999.250 -999.250 -999.250 -999.250 -999.250 -999.250 -999.250 -999.250 -999.250 -999.250 -999.250
3.628 4.347 2.444 2.267 0.859 0.440 0.000 0.000 0.000 0.000 0.000 0.000 0.000 0.000 0.000 0.000 0.000 0.000 0.000 0.000 0.000 0.000 0.000 0.000 0.000 0.000 0.000 1.157 1.667 2.104 1.982 1.930 2.277 0.976 1.369 0.538 1.608 0.709 0.531 0.097 0.167 0.111 0.000 0.000 0.000 0.000 -999.250 -999.250 -999.250 -999.250 -999.250 -999.250 -999.250 -999.250 -999.250 -999.250 -999.250 -999.250 -999.250 -999.250 -999.250 -999.250 -999.250 -999.250 -999.250 -999.250 -999.250 -999.250 -999.250 -999.250
4.969 3.674 2.366 1.053 0.000 0.000 0.000 0.000 0.000 0.000 0.000 0.000 0.000 0.000 0.000 0.000 0.000 0.000 0.000 0.000 0.000 0.000 0.000 0.000 0.000 0.000 0.000 1.430 1.762 2.096 4.355 3.385 1.828 2.505 1.324 2.560 0.742 0.449 0.000 1.284 0.431 0.000 0.000 0.000 0.000 0.000 -999.250 -999.250 -999.250 -999.250 -999.250 -999.250 -999.250 -999.250 -999.250 -999.250 -999.250 -999.250 -999.250 -999.250 -999.250 -999.250 -999.250 -999.250 -999.250 -999.250 -999.250 -999.250 -999.250 -999.250
3.323 2.813 1.413 1.545 0.636 0.144 0.000 0.000 0.000 0.000 0.000 0.000 0.000 0.000 0.000 0.000 0.000 0.000 0.000 0.000 0.000 0.000 0.000 0.000 0.000 0.000 0.384 1.013 2.984 1.728 3.827 2.878 2.961 1.122 1.063 0.856 0.980 1.711 0.944 0.511 0.070 0.257 0.000 0.000 0.000 0.000 -999.250 -999.250 -999.250 -999.250 -999.250 -999.250 -999.250 -999.250 -999.250 -999.250 -999.250 -999.250 -999.250 -999.250 -999.250 -999.250 -999.250 -999.250 -999.250 -999.250 -999.250 -999.250 -999.250 -999.250
4.251 3.756 1.726 1.889 1.280 0.096 0.000 0.000 0.000 0.000 0.000 0.000 0.000 0.000 0.000 0.000 0.000 0.000 0.000 0.000 0.000 0.000 0.000 0.000 0.000 0.131 0.719 1.587 1.784 1.778 2.315 3.112 3.393 2.456 2.569 1.788 0.417 2.421 1.659 2.137 0.925 0.222 0.000 0.000 0.000 0.000 -999.250 -999.250 -999.250 -999.250 -999.250 -999.250 -999.250 -999.250 -999.250 -999.250 -999.250 -999.250 -999.250 -999.250 -999.250 -999.250 -999.250 -999.250 -999.250 -999.250 -999.250 -999.250 -999.250 -999.250
3.817 4.914 2.834 1.423 0.000 0.000 0.000 0.000 0.000 0.000 0.000 0.000 0.000 0.000 0.000 0.000 0.000 0.000 0.000 0.000 0.000 0.000 0.000 0.000 0.000 1.664 2.287 1.728 3.164 3.109 3.929 3.799 3.205 2.862 1.345 2.232 1.262 1.330 2.181 1.826 1.463 0.393 0.000 0.000 0.000 -999.250 -999.250 -999.250 -999.250 -999.250 -999.250 -999.250 -999.250 -999.250 -999.250 -999.250 -999.250 -999.250 -999.250 -999.250 -999.250 -999.250 -999.250 -999.250 -999.250 -999.250 -999.250 -999.250 -999.250 -999.250
4.632 3.470 3.185 3.096 2.024 0.000 0.000 0.000 0.000 0.080 0.524 0.137 0.000 0.410 0.000 0.000 0.000 0.000 0.000 0.000 0.000 0.000 0.669 0.519 1.063 1.168 2.306 2.324 1.337 2.993 1.138 2.597 2.981 3.225 2.123 2.562 1.931 1.853 1.105 0.093 0.000 0.384 0.000 0.000 0.000 -999.250 -999.250 -999.250 -999.250 -999.250 -999.250 -999.250 -999.250 -999.250 -999.250 -999.250 -999.250 -999.250 -999.250 -999.250 -999.250 -999.250 -999.250 -999.250 -999.250 -999.250 -999.250 -999.250 -999.250 -999.250
4.146 4.377 3.319 3.284 2.404 1.197 0.000 0.465 0.364 1.828 2.396 1.631 1.557 2.402 1.562 1.047 1.323 0.006 1.180 0.000 0.000 0.454 1.058 1.879 1.634 1.200 2.160 2.468 3.206 2.963 2.879 2.423 1.968 2.819 2.695 1.704 2.842 1.227 0.214 1.201 0.318 0.373 0.000 0.000 -999.250 -999.250 -999.250 -999.250 -999.250 -999.250 -999.250 -999.250 -999.250 -999.250 -999.250 -999.250 -999.250 -999.250 -999.250 -999.250 -999.250 -999.250 -999.250 -999.250 -999.250 -999.250 -999.250 -999.250 -999.250 -999.250
5.177 5.486 5.396 3.135 2.920 2.182 1.762 2.067 2.591 3.154 2.414 3.323 3.366 2.218 2.124 1.572 0.409 0.844 0.130 0.364 1.364 2.310 2.365 2.360 2.122 0.633 2.230 2.683 2.983 2.952 2.560 2.167 3.018 2.417 1.672 2.947 3.808 1.542 0.214 1.194 0.301 0.000 0.000 0.000 -999.250 -999.250 -999.250 -999.250 -999.250 -999.250 -999.250 -999.250 -999.250 -999.250 -999.250 -999.250 -999.250 -999.250 -999.250 -999.250 -999.250 -999.250 -999.250 -999.250 -999.250 -999.250 -999.250 -999.250 -999.250 -999.250
7.161 7.232 6.180 4.959 4.895 3.989 4.005 2.699 3.668 4.077 4.828 5.517 4.960 4.514 3.099 1.902 1.781 2.566 1.488 2.255 2.300 2.565 2.216 3.622 3.178 2.489 1.763 2.566 3.266 2.225 2.834 2.661 1.958 3.228 1.661 1.868 2.003 0.098 0.320 1.998 0.512 0.456 0.040 0.000 0.000 0.000 -999.250 -999.250 -999.250 -999.250 -999.250 -999.250 -999.250 -999.250 -999.250 -999.250 -999.250 -999.250 -999.250 -999.250 -999.250 -999.250 -999.250 -999.250 -999.250 -999.250 -999.250 -999.250 -999.250 -999.250
5.262 7.708 6.296 5.733 5.065 5.387 3.726 5.497 3.051 5.000 5.624 5.694 6.334 5.744 4.274 2.568 4.329 2.914 1.813 3.410 3.656 2.638 3.339 3.312 2.611 3.580 2.713 1.820 1.778 1.976 3.009 2.175 2.907 3.124 3.707 3.938 2.371 2.222 0.414 2.042 0.599 0.783 0.000 0.000 0.000 0.000 -999.250 -999.250 -999.250 -999.250 -999.250 -999.250 -999.250 -999.250 -999.250 -999.250 -999.250 -999.250 -999.250 -999.250 -999.250 -999.250 -999.250 -999.250 -999.250 -999.250 -999.250 -999.250 -999.250 -999.250
4.984 5.848 5.569 5.893 4.162 3.038 3.769 3.977 4.137 5.636 7.412 7.330 8.073 6.649 4.985 4.577 2.520 2.249 2.871 2.832 2.640 2.809 2.904 2.437 3.774 3.806 1.916 3.403 2.309 1.878 2.391 2.168 2.912 3.891 3.818 2.876 2.980 1.590 1.552 1.945 1.042 1.312 0.000 0.000 0.000 0.000 -999.250 -999.250 -999.250 -999.250 -999.250 -999.250 -999.250 -999.250 -999.250 -999.250 -999.250 -999.250 -999.250 -999.250 -999.250 -999.250 -999.250 -999.250 -999.250 -999.250 -999.250 -999.250 -999.250 -999.250
4.681 6.401 6.758 5.534 5.066 4.024 4.768 4.911 3.187 4.792 5.230 7.681 6.800 5.097 4.491 3.123 2.588 2.876 3.512 2.544 3.403 3.100 2.074 4.322 4.599 3.518 3.822 3.582 3.254 2.298 2.804 3.495 2.857 4.390 2.887 3.177 2.384 2.474 1.733 1.392 2.456 1.054 0.246 0.091 0.219 -999.250 -999.250 -999.250 -999.250 -999.250 -999.250 -999.250 -999.250 -999.250 -999.250 -999.250 -999.250 -999.250 -999.250 -999.250 -999.250 -999.250 -999.250 -999.250 -999.250 -999.250 -999.250 -999.250 -999.250 -999.250
3.823 4.410 3.929 4.953 3.792 4.967 3.728 3.699 3.851 3.788 3.843 6.085 5.698 4.733 4.071 2.788 3.673 3.077 3.033 2.814 2.233 1.833 2.928 3.910 2.695 3.896 3.789 4.035 3.082 3.055 3.954 2.465 1.558 3.785 3.157 2.534 3.672 2.861 3.118 1.646 1.857 2.130 1.880 0.315 0.054 -999.250 -999.250 -999.250 -999.250 -999.250 -999.250 -999.250 -999.250 -999.250 -999.250 -999.250 -999.250 -999.250 -999.250 -999.250 -999.250 -999.250 -999.250 -999.250 -999.250 -999.250 -999.250 -999.250 -999.250 -999.250
