data/medianmodel_25-Mar-2020.asc
ncols	141
nrows	288
xllcorner	-120191.398
yllcorner	-301404.813
cellsize	2000.000
NODATA_value	-999.250
[rows 31 to 61 of 288, columns 0 to 69 of 141]
-999.250 -999.250 -999.250 -999.250 -999.250 -999.250 -999.250 -999.250 -999.250 -999.250 -999.250 -999.250 -999.250 -999.250 -999.250 -999.250 -999.250 -999.250 -999.250 -999.250 -999.250 -999.250 -999.250 -999.250 -999.250 -999.250 -999.250 -999.250 -999.250 -999.250 -999.250 -999.250 16.295 14.592 12.573 12.635 12.432 13.902 15.407 15.963 18.960 20.944 23.626 25.767 30.477 31.299 38.794 44.931 47.459 43.943 35.119 30.364 25.421 23.682 18.605 16.288 15.019 13.181 9.329 8.940 5.772 7.029 6.687 5.561 4.206 2.125 1.914 0.451 1.566 0.000
-999.250 -999.250 -999.250 -999.250 -999.250 -999.250 -999.250 -999.250 -999.250 -999.250 -999.250 -999.250 -999.250 -999.250 -999.250 -999.250 -999.250 -999.250 -999.250 -999.250 -999.250 -999.250 -999.250 -999.250 -999.250 -999.250 -999.250 -999.250 -999.250 -999.250 -999.250 -999.250 17.498 14.544 12.667 11.353 11.416 12.570 15.266 16.410 20.265 21.832 25.959 27.963 30.049 36.032 42.477 48.546 52.177 49.278 38.764 28.050 24.938 20.789 17.846 14.300 12.197 10.788 7.483 7.157 5.724 6.205 5.180 4.103 4.300 1.540 0.549 0.000 0.000 0.000
-999.250 -999.250 -999.250 -999.250 -999.250 -999.250 -999.250 -999.250 -999.250 -999.250 -999.250 -999.250 -999.250 -999.250 -999.250 -999.250 -999.250 -999.250 -999.250 -999.250 -999.250 -999.250 -999.250 -999.250 -999.250 -999.250 -999.250 -999.250 -999.250 -999.250 -999.250 -999.250 14.423 14.630 12.035 9.927 9.879 10.255 13.944 15.204 16.353 22.203 26.193 26.124 33.860 41.693 52.350 54.237 68.973 53.226 40.657 31.779 28.173 23.700 19.582 13.482 11.761 9.495 7.989 6.322 4.454 5.063 4.721 2.752 0.698 0.564 0.318 0.920 0.182 0.690
-999.250 -999.250 -999.250 -999.250 -999.250 -999.250 -999.250 -999.250 -999.250 -999.250 -999.250 -999.250 -999.250 -999.250 -999.250 -999.250 -999.250 -999.250 -999.250 -999.250 -999.250 -999.250 -999.250 -999.250 -999.250 -999.250 -999.250 -999.250 -999.250 -999.250 -999.250 -999.250 13.861 12.482 11.282 11.139 9.603 11.440 12.862 15.693 16.585 24.114 27.967 32.020 39.731 41.545 48.352 52.328 56.803 51.095 39.200 35.530 27.994 23.177 18.204 14.293 11.752 10.015 8.323 4.999 4.520 3.255 2.379 0.000 0.000 0.000 0.846 0.911 0.301 0.484
-999.250 -999.250 -999.250 -999.250 -999.250 -999.250 -999.250 -999.250 -999.250 -999.250 -999.250 -999.250 -999.250 -999.250 -999.250 -999.250 -999.250 -999.250 -999.250 -999.250 -999.250 -999.250 -999.250 -999.250 -999.250 -999.250 -999.250 -999.250 -999.250 -999.250 -999.250 -999.250 13.042 11.386 10.404 8.471 10.937 11.170 13.122 14.837 17.652 23.725 30.669 29.554 35.356 34.827 43.628 49.935 50.068 43.084 37.193 32.600 26.974 22.536 20.561 15.861 13.418 8.792 8.203 6.274 3.369 2.571 1.901 0.000 0.000 0.914 1.181 1.908 2.454 0.999
-999.250 -999.250 -999.250 -999.250 -999.250 -999.250 -999.250 -999.250 -999.250 -999.250 -999.250 -999.250 -999.250 -999.250 -999.250 -999.250 -999.250 -999.250 -999.250 -999.250 -999.250 -999.250 -999.250 -999.250 -999.250 -999.250 -999.250 -999.250 -999.250 -999.250 -999.250 -999.250 12.417 10.801 8.711 11.266 12.854 15.055 18.182 18.209 23.475 26.640 30.665 32.985 29.174 33.770 38.178 40.997 37.223 35.459 33.295 28.034 25.056 22.471 22.776 17.601 12.828 9.126 7.438 6.093 3.830 1.086 0.871 0.000 0.000 0.000 0.331 1.750 2.956 3.082
-999.250 -999.250 -999.250 -999.250 -999.250 -999.250 -999.250 -999.250 -999.250 -999.250 -999.250 -999.250 -999.250 -999.250 -999.250 -999.250 -999.250 -999.250 -999.250 -999.250 -999.250 -999.250 -999.250 -999.250 -999.250 -999.250 -999.250 -999.250 -999.250 -999.250 -999.250 -999.250 -999.250 9.922 9.903 10.339 11.257 12.180 15.317 18.302 19.934 26.707 29.342 29.578 31.593 31.399 31.098 33.365 30.580 33.829 27.830 27.625 24.629 21.295 21.912 19.599 13.684 9.961 6.612 6.378 4.309 3.170 3.704 0.000 0.678 0.450 0.422 0.942 3.384 3.702
-999.250 -999.250 -999.250 -999.250 -999.250 -999.250 -999.250 -999.250 -999.250 -999.250 -999.250 -999.250 -999.250 -999.250 -999.250 -999.250 -999.250 -999.250 -999.250 -999.250 -999.250 -999.250 -999.250 -999.250 -999.250 -999.250 -999.250 -999.250 -999.250 -999.250 -999.250 -999.250 -999.250 9.885 10.644 12.492 12.896 12.581 15.460 17.730 17.863 26.546 25.109 30.508 30.732 31.506 34.974 30.982 31.316 29.095 29.279 25.957 23.422 21.702 18.348 16.743 16.019 11.584 8.323 7.395 6.281 4.914 3.356 2.983 2.199 2.458 2.019 3.991 5.516 4.176
-999.250 -999.250 -999.250 -999.250 -999.250 -999.250 -999.250 -999.250 -999.250 -999.250 -999.250 -999.250 -999.250 -999.250 -999.250 -999.250 -999.250 -999.250 -999.250 -999.250 -999.250 -999.250 -999.250 -999.250 -999.250 -999.250 -999.250 -999.250 -999.250 -999.250 -999.250 -999.250 11.883 11.750 13.025 13.488 14.588 15.161 13.193 17.142 21.645 23.745 30.627 35.078 31.032 31.083 30.269 32.359 31.272 28.994 24.012 22.695 24.293 20.423 19.846 17.032 15.969 14.174 11.813 10.545 8.435 7.119 5.113 5.380 3.645 3.353 2.962 4.661 4.197 6.147
-999.250 -999.250 -999.250 -999.250 -999.250 -999.250 -999.250 -999.250 -999.250 -999.250 -999.250 -999.250 -999.250 -999.250 -999.250 -999.250 -999.250 -999.250 -999.250 -999.250 -999.250 -999.250 -999.250 -999.250 -999.250 -999.250 -999.250 -999.250 -999.250 -999.250 -999.250 -999.250 10.299 11.164 13.816 14.194 12.104 14.981 12.809 16.173 18.126 25.050 31.280 32.498 36.342 35.821 31.234 28.175 29.448 25.959 22.222 17.733 13.842 13.330 14.431 16.684 18.828 17.241 15.894 13.326 12.205 10.426 7.737 5.252 4.343 2.116 1.406 1.803 3.979 6.604
-999.250 -999.250 -999.250 -999.250 -999.250 -999.250 -999.250 -999.250 -999.250 -999.250 -999.250 -999.250 -999.250 -999.250 -999.250 -999.250 -999.250 -999.250 -999.250 -999.250 -999.250 -999.250 -999.250 -999.250 -999.250 -999.250 -999.250 -999.250 -999.250 -999.250 -999.250 -999.250 -999.250 12.930 15.928 15.018 14.163 15.844 14.476 17.963 21.785 24.499 28.850 33.791 43.288 34.354 28.154 31.787 27.148 20.573 18.060 13.459 9.165 9.249 13.456 16.182 21.338 22.005 19.203 17.710 14.652 9.827 7.521 4.360 3.698 1.690 0.000 0.000 1.853 5.513
-999.250 -999.250 -999.250 -999.250 -999.250 -999.250 -999.250 -999.250 -999.250 -999.250 -999.250 -999.250 -999.250 -999.250 -999.250 -999.250 -999.250 -999.250 -999.250 -999.250 -999.250 -999.250 -999.250 -999.250 -999.250 -999.250 -999.250 -999.250 -999.250 -999.250 -999.250 -999.250 -999.250 13.706 16.478 14.282 15.399 14.353 15.961 18.105 21.894 22.918 24.533 28.358 33.047 31.339 27.971 26.638 26.439 20.771 15.851 9.846 4.185 8.601 12.395 20.723 24.822 27.253 24.643 19.563 16.254 11.469 7.639 5.053 2.734 0.716 0.000 0.000 0.736 5.737
-999.250 -999.250 -999.250 -999.250 -999.250 -999.250 -999.250 -999.250 -999.250 -999.250 -999.250 -999.250 -999.250 -999.250 -999.250 -999.250 -999.250 -999.250 -999.250 -999.250 -999.250 -999.250 -999.250 -999.250 -999.250 -999.250 -999.250 -999.250 -999.250 -999.250 -999.250 -999.250 -999.250 14.201 16.115 17.032 17.235 16.474 18.659 19.545 21.688 21.663 26.067 24.924 26.830 28.118 27.471 32.327 27.860 21.700 17.903 11.487 9.775 13.808 18.577 24.476 28.667 37.219 29.923 22.064 16.388 11.769 8.200 3.765 2.180 0.054 0.000 0.613 1.918 6.127
-999.250 -999.250 -999.250 -999.250 -999.250 -999.250 -999.250 -999.250 -999.250 -999.250 -999.250 -999.250 -999.250 -999.250 -999.250 -999.250 -999.250 -999.250 -999.250 -999.250 -999.250 -999.250 -999.250 -999.250 -999.250 -999.250 -999.250 -999.250 -999.250 -999.250 -999.250 -999.250 -999.250 -999.250 19.216 20.025 19.319 19.135 21.883 25.953 24.001 24.377 25.119 23.866 23.825 23.356 22.956 29.254 24.601 23.177 17.946 18.529 19.632 22.452 25.424 30.419 33.525 32.774 28.497 22.082 16.067 9.961 7.180 4.400 3.111 0.000 1.277 0.659 3.751 7.276
-999.250 -999.250 -999.250 -999.250 -999.250 -999.250 -999.250 -999.250 -999.250 -999.250 -999.250 -999.250 -999.250 -999.250 -999.250 -999.250 -999.250 -999.250 -999.250 -999.250 -999.250 -999.250 -999.250 -999.250 -999.250 -999.250 -999.250 -999.250 -999.250 -999.250 -999.250 -999.250 -999.250 -999.250 23.376 25.226 24.161 27.807 27.330 28.445 26.201 25.236 24.320 26.029 25.423 24.888 25.312 25.020 26.118 24.549 25.315 26.093 29.612 32.611 35.207 34.739 34.204 33.393 28.492 24.252 16.152 10.147 6.567 4.843 0.459 0.000 0.000 2.432 4.533 8.813
-999.250 -999.250 -999.250 -999.250 -999.250 -999.250 -999.250 -999.250 -999.250 -999.250 -999.250 -999.250 -999.250 -999.250 -999.250 -999.250 -999.250 -999.250 -999.250 -999.250 -999.250 -999.250 -999.250 -999.250 -999.250 -999.250 -999.250 -999.250 -999.250 -999.250 -999.250 -999.250 -999.250 -999.250 24.808 28.903 32.269 33.516 36.632 38.448 34.915 29.960 31.617 29.966 29.492 26.886 25.718 26.063 27.143 29.161 33.493 31.598 34.083 47.363 48.439 38.251 38.119 29.735 27.134 21.822 16.162 10.799 6.301 4.355 3.133 1.382 0.053 2.050 4.108 8.138
-999.250 -999.250 -999.250 -999.250 -999.250 -999.250 -999.250 -999.250 -999.250 -999.250 -999.250 -999.250 -999.250 -999.250 -999.250 -999.250 -999.250 -999.250 -999.250 -999.250 -999.250 -999.250 -999.250 -999.250 -999.250 -999.250 -999.250 -999.250 -999.250 -999.250 -999.250 -999.250 -999.250 -999.250 30.252 30.613 43.505 44.044 53.512 55.481 47.938 47.988 41.414 45.404 38.902 34.019 34.237 30.342 30.819 31.658 30.322 38.734 41.437 54.489 66.303 50.349 43.499 29.518 24.106 20.398 14.731 10.968 6.941 5.342 3.855 1.654 0.177 2.287 3.129 6.001
-999.250 -999.250 -999.250 -999.250 -999.250 -999.250 -999.250 -999.250 -999.250 -999.250 -999.250 -999.250 -999.250 -999.250 -999.250 -999.250 -999.250 -999.250 -999.250 -999.250 -999.250 -999.250 -999.250 -999.250 -999.250 -999.250 -999.250 -999.250 -999.250 -999.250 -999.250 -999.250 -999.250 -999.250 -999.250 49.749 56.253 59.740 65.853 81.343 75.261 70.467 59.433 55.410 57.608 45.615 36.686 32.622 28.101 29.920 32.996 37.465 43.808 50.803 56.432 52.303 41.681 28.138 23.847 18.514 13.296 9.204 5.640 3.755 2.392 0.829 0.302 0.501 2.769 5.793
-999.250 -999.250 -999.250 -999.250 -999.250 -999.250 -999.250 -999.250 -999.250 -999.250 -999.250 -999.250 -999.250 -999.250 -999.250 -999.250 -999.250 -999.250 -999.250 -999.250 -999.250 -999.250 -999.250 -999.250 -999.250 -999.250 -999.250 -999.250 -999.250 -999.250 -999.250 -999.250 -999.250 -999.250 -999.250 49.819 63.216 71.602 100.150 110.074 113.809 93.655 82.065 70.904 68.897 61.980 41.886 36.221 31.566 32.898 36.425 32.479 36.200 41.307 45.122 42.029 32.656 25.590 20.719 18.559 11.205 6.640 5.024 2.152 1.268 0.170 0.000 0.000 1.968 3.847
-999.250 -999.250 -999.250 -999.250 -999.250 -999.250 -999.250 -999.250 -999.250 -999.250 -999.250 -999.250 -999.250 -999.250 -999.250 -999.250 -999.250 -999.250 -999.250 -999.250 -999.250 -999.250 -999.250 -999.250 -999.250 -999.250 -999.250 -999.250 -999.250 -999.250 -999.250 -999.250 -999.250 -999.250 -999.250 57.387 55.318 76.827 111.605 138.158 134.481 115.295 111.699 99.616 73.681 64.641 54.444 45.591 34.293 29.444 30.580 27.508 31.965 31.171 31.414 30.525 28.280 20.752 17.984 11.864 8.318 6.259 2.729 0.473 0.728 0.000 0.000 0.000 0.000 1.869
-999.250 -999.250 -999.250 -999.250 -999.250 -999.250 -999.250 -999.250 -999.250 -999.250 -999.250 -999.250 -999.250 -999.250 -999.250 -999.250 -999.250 -999.250 -999.250 -999.250 -999.250 -999.250 -999.250 -999.250 -999.250 -999.250 -999.250 -999.250 -999.250 -999.250 -999.250 -999.250 -999.250 -999.250 -999.250 63.254 68.385 85.192 91.813 126.710 134.942 121.432 119.043 103.803 86.602 64.292 55.746 44.323 30.485 26.196 22.134 20.426 23.898 25.206 23.778 25.040 21.555 16.828 14.809 10.341 7.439 5.706 4.251 1.681 0.000 0.000 0.000 0.000 0.000 0.000
-999.250 -999.250 -999.250 -999.250 -999.250 -999.250 -999.250 -999.250 -999.250 -999.250 -999.250 -999.250 -999.250 -999.250 -999.250 -999.250 -999.250 -999.250 -999.250 -999.250 -999.250 -999.250 -999.250 -999.250 -999.250 -999.250 -999.250 -999.250 -999.250 -999.250 -999.250 -999.250 -999.250 -999.250 -999.250 60.946 77.818 95.590 119.040 126.756 137.937 124.842 122.410 105.730 92.624 63.489 48.030 34.409 28.136 18.590 18.636 19.477 21.286 21.649 19.201 19.115 17.289 14.786 11.970 7.697 7.754 6.001 5.448 1.417 0.000 0.000 0.000 0.000 0.000 0.000
-999.250 -999.250 -999.250 -999.250 -999.250 -999.250 -999.250 -999.250 -999.250 -999.250 -999.250 -999.250 -999.250 -999.250 -999.250 -999.250 -999.250 -999.250 -999.250 -999.250 -999.250 -999.250 -999.250 -999.250 -999.250 -999.250 -999.250 -999.250 -999.250 -999.250 -999.250 -999.250 -999.250 -999.250 -999.250 -999.250 90.226 98.258 127.837 130.486 133.736 122.478 112.214 85.789 65.601 60.363 48.106 38.158 25.181 19.142 15.362 15.786 18.632 16.630 16.054 14.606 13.756 11.680 9.408 9.710 8.561 6.050 5.714 3.949 0.220 0.000 0.000 0.140 2.972 1.174
-999.250 -999.250 -999.250 -999.250 -999.250 -999.250 -999.250 -999.250 -999.250 -999.250 -999.250 -999.250 -999.250 -999.250 -999.250 -999.250 -999.250 -999.250 -999.250 -999.250 -999.250 -999.250 -999.250 -999.250 -999.250 -999.250 -999.250 -999.250 -999.250 -999.250 -999.250 -999.250 -999.250 -999.250 -999.250 -999.250 94.614 112.869 118.313 138.962 123.419 101.796 89.643 77.115 62.423 57.200 43.640 30.736 23.826 18.598 15.770 13.147 13.745 15.864 14.565 11.968 10.633 11.878 11.626 11.954 11.089 11.037 8.572 7.735 3.714 0.110 0.563 12.891 19.294 16.969
-999.250 -999.250 -999.250 -999.250 -999.250 -999.250 -999.250 -999.250 -999.250 -999.250 -999.250 -999.250 -999.250 -999.250 -999.250 -999.250 -999.250 -999.250 -999.250 -999.250 -999.250 -999.250 -999.250 -999.250 -999.250 -999.250 -999.250 -999.250 -999.250 -999.250 -999.250 -999.250 -999.250 -999.250 -999.250 -999.250 -999.250 114.474 120.768 105.059 103.746 90.572 70.411 60.041 52.375 51.192 41.733 27.241 20.673 16.007 12.673 11.416 14.341 14.004 12.654 9.852 9.533 10.977 10.602 12.846 11.997 13.477 14.283 15.923 16.682 11.556 5.334 37.541 46.875 41.623
-999.250 -999.250 -999.250 -999.250 -999.250 -999.250 -999.250 -999.250 -999.250 -999.250 -999.250 -999.250 -999.250 -999.250 -999.250 -999.250 -999.250 -999.250 -999.250 -999.250 -999.250 -999.250 -999.250 -999.250 -999.250 -999.250 -999.250 -999.250 -999.250 -999.250 -999.250 -999.250 -999.250 -999.250 -999.250 -999.250 -999.250 83.750 87.600 78.458 77.207 73.253 60.735 52.529 43.672 37.680 29.860 20.726 18.215 12.961 12.390 9.847 10.801 10.453 11.201 9.638 10.011 9.934 11.798 13.987 14.644 21.748 19.875 27.530 37.197 46.885 64.075 86.245 108.974 93.687
-999.250 -999.250 -999.250 -999.250 -999.250 -999.250 -999.250 -999.250 -999.250 -999.250 -999.250 -999.250 -999.250 -999.250 -999.250 -999.250 -999.250 -999.250 -999.250 -999.250 -999.250 -999.250 -999.250 -999.250 -999.250 -999.250 -999.250 -999.250 -999.250 -999.250 -999.250 -999.250 -999.250 -999.250 -999.250 -999.250 -999.250 73.722 71.252 74.563 67.228 62.941 49.753 47.391 39.559 33.112 25.543 19.402 15.874 12.652 8.229 6.688 6.626 7.520 8.924 8.134 8.857 10.540 15.536 16.366 21.440 25.178 29.929 40.204 57.279 74.253 121.114 149.904 197.297 143.983
-999.250 -999.250 -999.250 -999.250 -999.250 -999.250 -999.250 -999.250 -999.250 -999.250 -999.250 -999.250 -999.250 -999.250 -999.250 -999.250 -999.250 -999.250 -999.250 -999.250 -999.250 -999.250 -999.250 -999.250 -999.250 -999.250 -999.250 -999.250 -999.250 -999.250 -999.250 -999.250 -999.250 -999.250 -999.250 -999.250 -999.250 67.146 64.774 67.450 52.738 50.986 47.020 41.705 32.999 30.119 24.685 18.117 12.785 8.087 5.323 4.238 3.188 3.645 6.097 7.494 8.492 9.458 17.470 19.020 24.710 31.419 42.024 58.973 73.583 103.696 139.128 181.332 191.724 158.785
-999.250 -999.250 -999.250 -999.250 -999.250 -999.250 -999.250 -999.250 -999.250 -999.250 -999.250 -999.250 -999.250 -999.250 -999.250 -999.250 -999.250 -999.250 -999.250 -999.250 -999.250 -999.250 -999.250 -999.250 -999.250 -999.250 -999.250 -999.250 -999.250 -999.250 -999.250 -999.250 -999.250 -999.250 -999.250 -999.250 -999.250 -999.250 57.168 60.401 54.762 45.224 42.424 31.298 30.386 27.142 20.580 15.368 10.338 7.805 5.609 0.667 0.000 0.312 2.165 4.880 7.736 10.644 14.806 19.185 22.844 33.774 44.211 55.647 91.917 127.936 131.730 159.922 176.043 147.813
-999.250 -999.250 -999.250 -999.250 -999.250 -999.250 -999.250 -999.250 -999.250 -999.250 -999.250 -999.250 -999.250 -999.250 -999.250 -999.250 -999.250 -999.250 -999.250 -999.250 -999.250 -999.250 -999.250 -999.250 -999.250 -999.250 -999.250 -999.250 -999.250 -999.250 -999.250 -999.250 -999.250 -999.250 -999.250 -999.250 -999.250 -999.250 58.422 52.062 56.539 42.379 36.044 31.402 28.777 22.382 18.350 14.019 9.563 6.223 3.526 0.000 0.000 0.000 0.842 4.406 8.824 13.822 16.444 22.192 28.412 34.356 48.031 65.483 89.758 114.012 136.001 149.086 139.638 130.838
-999.250 -999.250 -999.250 -999.250 -999.250 -999.250 -999.250 -999.250 -999.250 -999.250 -999.250 -999.250 -999.250 -999.250 -999.250 -999.250 -999.250 -999.250 -999.250 -999.250 -999.250 -999.250 -999.250 -999.250 -999.250 -999.250 -999.250 -999.250 -999.250 -999.250 -999.250 -999.250 -999.250 -999.250 -999.250 -999.250 -999.250 -999.250 57.725 55.311 47.648 43.915 32.236 30.753 25.217 23.410 17.688 14.492 10.602 7.126 2.248 0.000 0.000 0.000 2.227 6.632 10.035 16.222 20.297 23.083 29.802 33.902 44.006 60.517 93.605 117.508 118.202 123.178 120.099 105.352
