data/medianmodel_29-May-2020.asc
ncols	141
nrows	288
xllcorner	-120191.398
yllcorner	-301404.813
cellsize	2000.000
NODATA_value	-999.250
[rows 93 to 123 of 288, columns 69 to 137 of 141]
0.000 0.000 0.000 0.000 0.000 0.000 0.000 0.000 0.000 0.000 0.000 0.000 0.000 0.000 0.000 0.000 0.000 0.000 0.000 0.000 0.000 1.274 1.054 0.241 1.723 0.000 0.853 0.000 0.651 0.000 0.000 0.000 0.000 0.000 0.000 0.000 0.000 0.000 0.000 0.000 0.472 0.000 0.000 0.542 0.542 -999.250 -999.250 -999.250 -999.250 -999.250 -999.250 -999.250 -999.250 -999.250 -999.250 -999.250 -999.250 -999.250 -999.250 -999.250 -999.250 -999.250 -999.250 -999.250 -999.250 -999.250 -999.250 -999.250 -999.250
0.000 0.000 0.000 0.077 0.000 0.000 0.000 0.000 0.000 0.000 0.000 0.000 0.000 0.000 0.000 0.000 0.000 0.000 0.000 0.000 0.000 1.485 0.501 0.224 0.045 0.271 0.000 1.015 0.000 0.000 0.000 0.307 0.405 0.000 0.000 0.000 0.000 0.000 0.882 0.937 0.000 0.000 0.000 0.080 0.000 -999.250 -999.250 -999.250 -999.250 -999.250 -999.250 -999.250 -999.250 -999.250 -999.250 -999.250 -999.250 -999.250 -999.250 -999.250 -999.250 -999.250 -999.250 -999.250 -999.250 -999.250 -999.250 -999.250 -999.250
0.000 0.000 0.000 0.000 0.228 0.000 0.000 0.000 0.000 0.000 0.000 0.000 0.000 0.000 0.000 0.000 0.000 0.000 0.000 0.000 0.000 1.472 1.671 3.505 2.406 0.000 0.000 0.274 0.000 0.658 0.000 1.006 1.739 0.000 0.000 0.000 0.000 0.928 0.574 0.678 1.037 0.913 0.712 1.470 0.292 -999.250 -999.250 -999.250 -999.250 -999.250 -999.250 -999.250 -999.250 -999.250 -999.250 -999.250 -999.250 -999.250 -999.250 -999.250 -999.250 -999.250 -999.250 -999.250 -999.250 -999.250 -999.250 -999.250 -999.250
0.000 0.000 0.000 0.123 0.000 0.000 0.000 0.000 0.000 0.000 0.000 0.000 0.000 0.000 0.000 0.000 0.000 0.000 0.000 0.000 0.000 0.028 3.000 4.306 4.514 4.297 2.236 0.277 0.756 2.697 2.642 0.546 2.333 0.080 0.000 0.000 0.000 0.000 0.175 1.060 0.569 2.290 0.720 3.759 1.244 0.299 -999.250 -999.250 -999.250 -999.250 -999.250 -999.250 -999.250 -999.250 -999.250 -999.250 -999.250 -999.250 -999.250 -999.250 -999.250 -999.250 -999.250 -999.250 -999.250 -999.250 -999.250 -999.250 -999.250
0.000 0.000 2.140 2.592 1.954 1.312 0.000 0.000 0.000 0.000 0.000 0.000 0.000 0.000 0.000 0.000 0.000 0.000 0.000 0.000 0.000 0.000 3.461 6.550 7.337 5.921 3.020 0.920 0.181 2.801 3.430 2.690 1.461 0.221 0.000 0.000 0.000 0.000 0.425 0.000 0.000 0.000 2.217 0.266 1.610 0.415 0.000 -999.250 -999.250 -999.250 -999.250 -999.250 -999.250 -999.250 -999.250 -999.250 -999.250 -999.250 -999.250 -999.250 -999.250 -999.250 -999.250 -999.250 -999.250 -999.250 -999.250 -999.250 -999.250
0.000 2.799 5.922 5.220 3.520 1.174 0.271 0.205 0.000 0.000 0.000 0.000 0.000 0.000 0.000 0.000 0.000 0.000 0.000 0.000 0.000 0.772 4.763 9.138 15.630 6.482 3.858 2.745 2.647 2.975 2.767 1.865 0.141 0.000 0.000 0.000 0.000 0.000 0.498 2.163 2.217 1.733 0.872 2.016 2.342 1.798 0.641 0.000 -999.250 -999.250 -999.250 -999.250 -999.250 -999.250 -999.250 -999.250 -999.250 -999.250 -999.250 -999.250 -999.250 -999.250 -999.250 -999.250 -999.250 -999.250 -999.250 -999.250 -999.250
0.000 2.399 4.727 10.388 4.042 0.841 0.018 0.000 0.000 0.000 0.000 0.000 0.000 0.000 0.000 0.000 0.000 0.000 0.000 0.000 0.592 3.561 4.528 7.598 7.464 6.471 4.556 2.788 2.797 3.776 4.018 5.287 1.669 0.000 0.000 0.000 0.000 0.574 2.304 2.344 2.549 3.930 1.766 3.922 2.494 1.050 0.455 -999.250 -999.250 -999.250 -999.250 -999.250 -999.250 -999.250 -999.250 -999.250 -999.250 -999.250 -999.250 -999.250 -999.250 -999.250 -999.250 -999.250 -999.250 -999.250 -999.250 -999.250 -999.250
0.411 1.358 4.386 6.110 3.891 1.247 0.000 0.000 0.000 0.000 0.000 0.000 0.000 0.000 0.000 0.000 0.000 0.000 0.000 0.000 0.695 1.382 3.415 5.170 5.418 5.917 3.503 2.873 4.591 2.564 4.686 2.850 3.086 0.000 0.000 0.000 0.000 0.675 1.269 2.798 3.015 3.986 2.055 2.236 3.496 3.233 0.491 0.000 -999.250 -999.250 -999.250 -999.250 -999.250 -999.250 -999.250 -999.250 -999.250 -999.250 -999.250 -999.250 -999.250 -999.250 -999.250 -999.250 -999.250 -999.250 -999.250 -999.250 -999.250
0.528 2.750 3.278 2.981 0.921 1.777 0.120 0.000 0.000 0.000 0.000 0.000 0.000 0.000 0.000 0.000 0.000 0.000 0.000 0.000 1.016 0.139 4.779 3.919 5.754 7.118 6.666 5.086 2.954 2.620 3.276 1.689 2.841 0.424 0.000 0.000 0.000 0.865 2.358 3.178 3.457 3.464 3.193 3.841 2.075 1.888 -999.250 -999.250 -999.250 -999.250 -999.250 -999.250 -999.250 -999.250 -999.250 -999.250 -999.250 -999.250 -999.250 -999.250 -999.250 -999.250 -999.250 -999.250 -999.250 -999.250 -999.250 -999.250 -999.250
2.553 1.819 1.052 0.000 0.525 1.459 0.245 0.000 0.000 0.000 0.000 0.000 0.000 0.000 0.000 0.000 0.000 0.000 0.000 0.852 2.130 1.216 2.952 5.018 6.350 6.180 5.488 6.429 2.712 2.558 3.721 2.890 3.514 2.388 1.400 2.666 2.067 0.917 2.848 2.582 3.609 4.548 5.372 5.156 4.885 -999.250 -999.250 -999.250 -999.250 -999.250 -999.250 -999.250 -999.250 -999.250 -999.250 -999.250 -999.250 -999.250 -999.250 -999.250 -999.250 -999.250 -999.250 -999.250 -999.250 -999.250 -999.250 -999.250 -999.250
3.015 0.144 0.264 0.000 0.116 0.496 0.000 0.000 0.000 0.000 0.000 0.000 0.000 0.000 0.000 0.000 0.000 0.000 2.137 0.000 0.615 2.246 2.654 4.469 4.537 4.994 4.022 5.648 0.681 3.527 2.857 2.891 2.946 3.744 3.362 4.288 1.357 0.919 1.376 2.845 3.857 4.678 4.178 4.305 4.640 -999.250 -999.250 -999.250 -999.250 -999.250 -999.250 -999.250 -999.250 -999.250 -999.250 -999.250 -999.250 -999.250 -999.250 -999.250 -999.250 -999.250 -999.250 -999.250 -999.250 -999.250 -999.250 -999.250 -999.250
1.309 0.988 2.898 1.837 0.000 0.131 0.000 0.489 0.000 0.000 0.000 0.000 0.031 0.000 0.000 0.000 0.000 0.000 0.000 0.000 0.000 0.000 3.176 3.107 4.366 4.309 4.782 2.851 4.737 4.637 3.691 4.698 6.153 5.770 4.444 4.806 4.350 2.669 2.373 3.218 3.165 4.364 3.808 2.884 -999.250 -999.250 -999.250 -999.250 -999.250 -999.250 -999.250 -999.250 -999.250 -999.250 -999.250 -999.250 -999.250 -999.250 -999.250 -999.250 -999.250 -999.250 -999.250 -999.250 -999.250 -999.250 -999.250 -999.250 -999.250
1.585 2.302 2.121 1.994 0.659 0.644 0.000 0.009 0.000 0.000 0.000 0.000 0.000 0.000 0.000 0.000 0.000 1.015 0.136 0.239 1.050 1.572 2.143 4.581 4.781 4.223 3.394 1.142 5.464 5.348 4.615 4.720 5.629 5.832 4.493 4.849 5.667 2.777 2.777 3.313 -999.250 -999.250 -999.250 -999.250 -999.250 -999.250 -999.250 -999.250 -999.250 -999.250 -999.250 -999.250 -999.250 -999.250 -999.250 -999.250 -999.250 -999.250 -999.250 -999.250 -999.250 -999.250 -999.250 -999.250 -999.250 -999.250 -999.250 -999.250 -999.250
0.570 0.000 1.040 0.122 0.138 0.000 0.000 0.000 0.000 0.000 0.000 0.808 0.058 0.027 0.000 0.000 0.000 0.139 0.000 0.975 2.399 1.473 3.521 4.655 3.917 4.825 2.618 4.320 4.546 4.652 4.177 3.770 5.457 7.511 4.181 6.167 8.967 6.519 -999.250 -999.250 -999.250 -999.250 -999.250 -999.250 -999.250 -999.250 -999.250 -999.250 -999.250 -999.250 -999.250 -999.250 -999.250 -999.250 -999.250 -999.250 -999.250 -999.250 -999.250 -999.250 -999.250 -999.250 -999.250 -999.250 -999.250 -999.250 -999.250 -999.250 -999.250
0.000 0.000 0.213 1.249 0.000 0.000 0.000 0.000 0.168 0.000 0.477 0.000 0.000 0.535 0.000 0.000 0.422 0.000 0.000 0.980 2.132 3.616 3.321 4.245 5.097 3.330 5.577 4.726 4.278 6.755 6.542 6.693 5.886 6.489 6.975 7.365 9.570 8.136 -999.250 -999.250 -999.250 -999.250 -999.250 -999.250 -999.250 -999.250 -999.250 -999.250 -999.250 -999.250 -999.250 -999.250 -999.250 -999.250 -999.250 -999.250 -999.250 -999.250 -999.250 -999.250 -999.250 -999.250 -999.250 -999.250 -999.250 -999.250 -999.250 -999.250 -999.250
0.000 0.000 0.000 0.434 0.039 0.000 0.000 0.000 0.000 0.000 1.370 0.493 0.345 0.000 0.084 0.692 0.709 1.108 0.000 1.017 2.573 3.038 5.630 6.141 4.821 5.020 4.892 5.615 4.894 7.236 6.303 5.166 8.750 7.587 11.700 9.668 9.480 8.125 -999.250 -999.250 -999.250 -999.250 -999.250 -999.250 -999.250 -999.250 -999.250 -999.250 -999.250 -999.250 -999.250 -999.250 -999.250 -999.250 -999.250 -999.250 -999.250 -999.250 -999.250 -999.250 -999.250 -999.250 -999.250 -999.250 -999.250 -999.250 -999.250 -999.250 -999.250
0.000 0.000 0.680 1.182 1.606 0.000 0.000 0.000 0.169 0.118 0.000 0.534 0.091 1.141 0.000 0.390 2.363 1.551 0.971 0.755 2.464 3.324 4.003 6.153 5.395 6.961 6.108 6.838 5.484 7.437 4.887 6.417 6.982 11.903 21.030 13.034 9.358 8.284 -999.250 -999.250 -999.250 -999.250 -999.250 -999.250 -999.250 -999.250 -999.250 -999.250 -999.250 -999.250 -999.250 -999.250 -999.250 -999.250 -999.250 -999.250 -999.250 -999.250 -999.250 -999.250 -999.250 -999.250 -999.250 -999.250 -999.250 -999.250 -999.250 -999.250 -999.250
0.000 0.000 0.029 0.320 0.000 0.000 0.000 0.260 0.000 0.000 0.000 0.766 0.000 0.923 2.332 1.884 0.000 0.000 3.774 2.855 2.875 3.803 3.799 4.268 7.654 7.475 8.238 6.672 6.107 7.644 6.154 5.728 6.563 12.242 15.372 12.974 9.477 5.000 -999.250 -999.250 -999.250 -999.250 -999.250 -999.250 -999.250 -999.250 -999.250 -999.250 -999.250 -999.250 -999.250 -999.250 -999.250 -999.250 -999.250 -999.250 -999.250 -999.250 -999.250 -999.250 -999.250 -999.250 -999.250 -999.250 -999.250 -999.250 -999.250 -999.250 -999.250
0.000 0.000 0.000 0.000 0.000 0.000 0.000 0.000 0.000 0.000 1.442 0.820 1.134 1.872 3.290 0.556 0.000 0.784 1.261 1.998 1.813 3.799 4.553 6.387 7.560 8.215 7.967 7.728 6.368 10.808 6.462 4.662 5.815 6.505 9.629 11.006 7.837 5.102 -999.250 -999.250 -999.250 -999.250 -999.250 -999.250 -999.250 -999.250 -999.250 -999.250 -999.250 -999.250 -999.250 -999.250 -999.250 -999.250 -999.250 -999.250 -999.250 -999.250 -999.250 -999.250 -999.250 -999.250 -999.250 -999.250 -999.250 -999.250 -999.250 -999.250 -999.250
0.000 0.000 0.000 0.000 0.000 0.000 0.000 0.000 0.867 0.595 2.172 0.932 1.977 2.456 4.451 3.671 0.845 1.750 3.901 4.008 3.155 5.572 5.217 6.504 6.716 7.507 9.640 4.559 6.737 6.734 6.254 2.893 4.014 5.027 6.457 8.292 5.297 4.068 5.708 4.775 -999.250 -999.250 -999.250 -999.250 -999.250 -999.250 -999.250 -999.250 -999.250 -999.250 -999.250 -999.250 -999.250 -999.250 -999.250 -999.250 -999.250 -999.250 -999.250 -999.250 -999.250 -999.250 -999.250 -999.250 -999.250 -999.250 -999.250 -999.250 -999.250
0.000 0.000 0.000 0.000 0.000 0.000 2.112 2.616 2.871 1.995 2.264 1.981 0.000 3.191 3.816 5.136 4.916 4.244 4.694 3.574 4.483 3.745 4.839 5.735 5.460 6.710 7.779 7.816 6.358 5.896 4.578 5.440 4.295 4.340 6.081 5.870 6.706 5.237 4.066 4.448 5.008 5.949 -999.250 -999.250 -999.250 -999.250 -999.250 -999.250 -999.250 -999.250 -999.250 -999.250 -999.250 -999.250 -999.250 -999.250 -999.250 -999.250 -999.250 -999.250 -999.250 -999.250 -999.250 -999.250 -999.250 -999.250 -999.250 -999.250 -999.250
0.000 0.000 0.000 0.000 0.000 1.556 0.396 2.207 1.207 3.301 2.985 2.338 6.200 1.180 3.506 7.248 6.366 7.255 3.951 3.891 5.054 5.253 3.253 5.293 4.212 6.787 4.413 5.201 7.481 6.509 6.339 5.694 3.795 2.449 3.563 5.308 5.309 6.457 6.354 4.463 6.358 6.610 -999.250 -999.250 -999.250 -999.250 -999.250 -999.250 -999.250 -999.250 -999.250 -999.250 -999.250 -999.250 -999.250 -999.250 -999.250 -999.250 -999.250 -999.250 -999.250 -999.250 -999.250 -999.250 -999.250 -999.250 -999.250 -999.250 -999.250
0.000 0.000 0.000 0.000 0.000 0.520 1.523 2.327 2.561 3.275 4.727 4.882 5.075 4.257 3.205 2.977 4.853 7.749 5.208 3.221 4.133 4.291 1.007 3.304 3.831 4.302 6.320 5.362 4.725 6.559 5.615 5.362 4.877 3.464 3.287 4.280 4.713 4.911 3.725 5.742 5.806 6.520 5.213 -999.250 -999.250 -999.250 -999.250 -999.250 -999.250 -999.250 -999.250 -999.250 -999.250 -999.250 -999.250 -999.250 -999.250 -999.250 -999.250 -999.250 -999.250 -999.250 -999.250 -999.250 -999.250 -999.250 -999.250 -999.250 -999.250
0.000 0.000 2.129 0.000 0.000 1.011 2.874 2.704 1.540 4.027 3.168 3.878 5.142 4.978 5.276 5.329 6.010 5.469 6.866 6.437 5.666 3.310 2.967 3.887 3.693 3.538 4.656 6.958 6.769 2.620 3.152 2.256 3.914 1.938 2.582 4.400 4.163 4.425 3.676 6.045 6.743 4.306 4.968 4.329 -999.250 -999.250 -999.250 -999.250 -999.250 -999.250 -999.250 -999.250 -999.250 -999.250 -999.250 -999.250 -999.250 -999.250 -999.250 -999.250 -999.250 -999.250 -999.250 -999.250 -999.250 -999.250 -999.250 -999.250 -999.250
0.000 0.000 1.304 0.412 0.000 0.000 1.781 1.946 1.286 2.152 2.422 3.192 3.297 4.420 8.488 6.920 7.319 4.186 5.976 3.731 3.566 2.196 1.637 4.573 4.533 7.219 4.155 4.003 3.704 2.571 1.887 4.037 3.940 2.741 3.067 4.222 2.579 4.253 4.722 5.146 3.821 4.552 4.063 3.623 -999.250 -999.250 -999.250 -999.250 -999.250 -999.250 -999.250 -999.250 -999.250 -999.250 -999.250 -999.250 -999.250 -999.250 -999.250 -999.250 -999.250 -999.250 -999.250 -999.250 -999.250 -999.250 -999.250 -999.250 -999.250
0.000 0.511 1.576 1.327 0.294 0.617 1.023 1.905 1.307 2.950 4.543 3.371 5.093 2.645 3.940 5.336 5.417 5.086 5.451 1.998 4.349 2.452 1.677 3.904 4.585 7.577 3.368 4.746 4.299 0.719 2.769 2.495 5.133 3.948 2.469 2.752 3.445 4.178 2.973 3.598 3.344 1.552 3.656 4.408 2.941 -999.250 -999.250 -999.250 -999.250 -999.250 -999.250 -999.250 -999.250 -999.250 -999.250 -999.250 -999.250 -999.250 -999.250 -999.250 -999.250 -999.250 -999.250 -999.250 -999.250 -999.250 -999.250 -999.250 -999.250
0.000 0.000 0.043 2.727 1.285 1.418 2.624 3.930 3.198 3.834 4.268 4.893 6.694 4.300 3.832 5.915 4.130 5.470 4.629 5.326 5.956 1.279 2.878 2.907 3.549 5.755 6.109 5.342 4.778 3.292 1.406 1.150 3.678 4.094 3.089 2.677 3.444 5.138 4.309 5.681 2.844 2.599 2.782 1.587 -999.250 -999.250 -999.250 -999.250 -999.250 -999.250 -999.250 -999.250 -999.250 -999.250 -999.250 -999.250 -999.250 -999.250 -999.250 -999.250 -999.250 -999.250 -999.250 -999.250 -999.250 -999.250 -999.250 -999.250 -999.250
0.000 0.000 0.000 1.291 1.085 1.447 3.047 4.169 2.072 2.471 7.212 6.123 7.059 5.741 7.733 5.656 4.452 8.170 5.263 4.475 4.475 3.069 2.922 2.130 2.951 3.482 3.022 2.679 1.413 2.102 3.006 3.947 4.006 4.622 4.594 5.948 4.697 7.799 5.732 5.879 4.160 4.896 3.681 2.835 -999.250 -999.250 -999.250 -999.250 -999.250 -999.250 -999.250 -999.250 -999.250 -999.250 -999.250 -999.250 -999.250 -999.250 -999.250 -999.250 -999.250 -999.250 -999.250 -999.250 -999.250 -999.250 -999.250 -999.250 -999.250
0.000 0.000 0.000 1.308 2.158 2.762 2.217 2.608 3.782 1.611 4.044 5.296 6.209 6.720 8.497 5.834 6.894 5.839 5.854 5.271 3.775 1.937 1.357 1.853 4.039 3.713 3.220 0.963 1.349 0.000 0.000 0.860 2.288 2.737 3.210 3.070 5.470 6.171 6.151 5.636 3.363 2.612 3.473 1.865 -999.250 -999.250 -999.250 -999.250 -999.250 -999.250 -999.250 -999.250 -999.250 -999.250 -999.250 -999.250 -999.250 -999.250 -999.250 -999.250 -999.250 -999.250 -999.250 -999.250 -999.250 -999.250 -999.250 -999.250 -999.250
0.000 0.000 0.000 0.000 2.130 3.565 2.845 3.511 4.051 2.708 2.308 4.080 7.005 6.101 7.579 7.595 7.194 6.063 6.476 3.907 4.865 4.266 1.564 1.979 4.212 5.228 1.458 2.023 0.756 0.254 0.000 0.000 0.000 2.268 3.798 4.327 4.171 5.281 4.262 2.540 3.919 4.739 3.758 3.700 -999.250 -999.250 -999.250 -999.250 -999.250 -999.250 -999.250 -999.250 -999.250 -999.250 -999.250 -999.250 -999.250 -999.250 -999.250 -999.250 -999.250 -999.250 -999.250 -999.250 -999.250 -999.250 -999.250 -999.250 -999.250
0.000 0.000 0.000 0.135 1.290 3.869 2.184 3.091 1.107 2.451 3.115 4.474 6.155 7.030 8.284 6.428 9.054 5.411 8.560 4.292 6.393 4.204 2.724 3.297 3.466 1.988 4.771 3.195 1.922 0.000 0.000 0.000 0.000 0.000 2.573 2.905 2.642 2.376 3.710 2.236 2.444 4.103 4.782 -999.250 -999.250 -999.250 -999.250 -999.250 -999.250 -999.250 -999.250 -999.250 -999.250 -999.250 -999.250 -999.250 -999.250 -999.250 -999.250 -999.250 -999.250 -999.250 -999.250 -999.250 -999.250 -999.250 -999.250 -999.250 -999.250
