data/medianmodel_12-Feb-2021.asc
ncols	141
nrows	288
xllcorner	-120191.398
yllcorner	-301404.813
cellsize	2000.000
NODATA_value	-999.250
[rows 84 to 111 of 288, columns 65 to 129 of 141]
680.620 669.371 672.194 675.840 689.005 627.086 568.371 537.597 515.486 484.102 463.089 412.600 370.718 356.630 331.469 323.455 331.343 346.061 344.226 353.357 363.634 383.929 389.207 390.606 373.769 360.854 382.747 379.425 388.241 410.231 419.049 445.305 473.830 498.898 532.865 554.572 552.899 601.219 670.791 658.282 704.403 752.134 771.052 764.355 807.794 830.538 861.977 858.533 892.831 891.938 -999.250 -999.250 -999.250 -999.250 -999.250 -999.250 -999.250 -999.250 -999.250 -999.250 -999.250 -999.250 -999.250 -999.250 -999.250
676.612 666.041 633.138 605.598 600.165 557.861 519.005 515.837 492.184 486.038 453.811 426.796 384.059 368.342 347.962 335.161 324.691 343.927 352.651 349.778 359.563 374.120 369.545 384.016 388.507 376.095 388.145 396.125 394.424 414.525 446.819 451.826 489.656 501.295 536.858 535.209 555.890 600.807 658.404 672.859 689.105 718.655 763.639 825.653 839.515 852.806 844.188 881.378 875.355 878.431 -999.250 -999.250 -999.250 -999.250 -999.250 -999.250 -999.250 -999.250 -999.250 -999.250 -999.250 -999.250 -999.250 -999.250 -999.250
647.637 653.624 634.912 588.659 540.160 511.332 504.950 490.553 456.428 451.646 440.761 409.964 387.374 384.115 375.156 351.296 354.476 350.475 368.099 366.966 364.133 387.509 413.197 413.672 410.782 411.305 411.671 413.981 422.920 432.810 443.904 471.801 478.363 497.600 538.099 545.767 567.769 612.361 673.971 724.959 724.391 714.365 772.029 796.684 860.151 847.235 875.679 886.409 872.638 -999.250 -999.250 -999.250 -999.250 -999.250 -999.250 -999.250 -999.250 -999.250 -999.250 -999.250 -999.250 -999.250 -999.250 -999.250 -999.250
659.704 641.527 653.545 595.913 521.153 500.191 483.444 468.427 454.541 445.759 439.002 419.328 421.302 399.010 398.432 389.812 384.737 379.928 405.432 409.846 425.207 442.931 456.417 469.421 461.628 453.683 459.478 448.912 448.132 463.339 461.306 469.311 488.351 516.495 543.406 553.221 605.053 669.140 668.408 698.409 740.892 767.424 797.490 837.084 869.370 883.113 899.075 894.303 886.459 -999.250 -999.250 -999.250 -999.250 -999.250 -999.250 -999.250 -999.250 -999.250 -999.250 -999.250 -999.250 -999.250 -999.250 -999.250 -999.250
660.191 625.743 614.691 560.833 519.778 480.461 449.992 432.302 451.549 450.898 425.434 427.592 426.984 420.351 419.088 416.529 419.219 442.130 457.347 464.192 500.941 500.894 515.188 520.013 511.834 493.775 508.243 486.099 489.539 495.670 489.497 507.760 505.530 545.809 561.604 606.288 640.880 667.354 724.708 732.123 778.678 830.749 859.531 833.413 864.964 884.207 918.313 910.488 931.876 911.047 923.482 -999.250 -999.250 -999.250 -999.250 -999.250 -999.250 -999.250 -999.250 -999.250 -999.250 -999.250 -999.250 -999.250 -999.250
617.112 658.815 638.162 557.689 510.150 474.880 423.925 419.434 431.240 436.734 429.683 432.415 432.817 432.731 440.975 466.162 458.461 477.855 508.770 549.655 580.833 593.315 606.118 595.037 578.595 577.882 579.110 541.441 530.331 530.677 525.562 528.539 534.096 541.988 601.191 638.609 673.698 734.304 711.942 745.940 817.761 819.570 859.377 866.260 899.677 896.736 947.259 913.073 919.804 953.495 878.556 -999.250 -999.250 -999.250 -999.250 -999.250 -999.250 -999.250 -999.250 -999.250 -999.250 -999.250 -999.250 -999.250 -999.250
650.353 632.768 622.134 575.971 521.890 489.430 455.363 447.772 439.556 437.927 452.227 465.234 481.580 494.907 514.088 508.125 520.487 557.036 620.313 663.305 717.890 709.082 754.576 731.114 692.258 665.397 625.280 624.812 606.698 596.229 572.501 558.087 556.693 599.092 649.761 663.372 673.901 719.752 748.114 799.153 863.971 836.176 804.836 894.002 876.366 913.791 914.011 934.956 900.330 944.852 916.957 -999.250 -999.250 -999.250 -999.250 -999.250 -999.250 -999.250 -999.250 -999.250 -999.250 -999.250 -999.250 -999.250 -999.250
653.207 642.841 637.795 604.288 534.911 498.465 476.387 464.566 465.295 472.885 493.515 503.006 530.954 531.439 545.465 566.537 648.290 691.647 784.117 798.115 840.369 860.665 865.290 862.232 793.125 763.137 699.627 647.554 666.132 660.357 643.759 570.733 582.731 619.863 670.177 695.009 693.756 733.574 803.612 831.839 878.055 885.911 894.615 898.063 899.522 950.864 950.445 925.006 951.424 920.609 -999.250 -999.250 -999.250 -999.250 -999.250 -999.250 -999.250 -999.250 -999.250 -999.250 -999.250 -999.250 -999.250 -999.250 -999.250
658.075 640.551 629.364 622.860 566.637 550.359 536.906 502.958 511.149 515.438 533.551 549.809 575.487 597.068 643.336 701.516 736.580 824.463 895.856 942.745 1004.168 1025.204 998.364 976.709 906.843 860.814 800.475 726.047 716.427 693.852 654.364 648.556 654.884 680.840 691.968 740.121 744.722 776.866 812.163 875.994 903.434 919.199 885.469 894.286 904.192 942.619 926.956 915.214 935.526 945.414 -999.250 -999.250 -999.250 -999.250 -999.250 -999.250 -999.250 -999.250 -999.250 -999.250 -999.250 -999.250 -999.250 -999.250 -999.250
666.774 661.415 667.133 638.480 620.330 586.194 590.446 549.610 551.512 584.549 573.210 612.725 648.581 658.430 706.081 770.760 821.885 940.481 1032.787 1112.230 1169.898 1183.409 1118.378 1101.731 1044.546 931.367 843.700 749.753 745.297 746.177 700.558 682.991 694.668 757.006 729.229 759.915 813.487 787.193 858.111 885.599 891.427 928.880 927.170 952.873 914.425 910.949 944.565 908.937 931.509 -999.250 -999.250 -999.250 -999.250 -999.250 -999.250 -999.250 -999.250 -999.250 -999.250 -999.250 -999.250 -999.250 -999.250 -999.250 -999.250
655.785 668.922 690.325 658.186 652.782 643.592 614.312 575.831 607.998 585.294 644.603 661.881 659.200 702.027 789.783 864.128 987.734 1068.461 1176.805 1295.981 1413.837 1376.626 1275.695 1159.190 1082.370 998.449 890.409 839.893 746.779 696.779 684.114 722.850 754.503 725.690 755.431 791.444 835.643 869.785 910.785 910.665 933.167 953.459 944.259 964.684 956.577 939.364 922.476 895.722 918.555 -999.250 -999.250 -999.250 -999.250 -999.250 -999.250 -999.250 -999.250 -999.250 -999.250 -999.250 -999.250 -999.250 -999.250 -999.250 -999.250
675.000 683.556 699.231 688.932 653.743 652.154 606.992 616.795 606.191 603.991 645.748 692.775 722.020 790.761 841.801 934.889 1020.566 1128.314 1278.212 1454.136 1696.043 1610.538 1389.465 1271.595 1137.495 1052.748 925.797 835.249 769.017 750.036 699.831 705.764 733.329 809.015 786.620 837.260 857.436 868.294 937.393 962.432 954.984 944.380 944.112 923.101 957.743 930.690 932.900 907.866 859.348 -999.250 -999.250 -999.250 -999.250 -999.250 -999.250 -999.250 -999.250 -999.250 -999.250 -999.250 -999.250 -999.250 -999.250 -999.250 -999.250
653.326 682.316 681.126 678.295 670.359 648.710 655.788 656.460 653.661 677.322 729.418 736.677 794.462 831.438 877.035 996.024 1062.916 1163.747 1304.132 1601.164 1623.619 1619.914 1483.000 1285.015 1154.598 1084.340 931.522 843.333 775.008 729.324 713.465 697.726 713.786 771.419 812.706 848.673 881.177 912.875 935.715 987.119 1009.988 970.322 960.370 961.735 937.125 940.506 880.289 904.934 862.641 848.431 -999.250 -999.250 -999.250 -999.250 -999.250 -999.250 -999.250 -999.250 -999.250 -999.250 -999.250 -999.250 -999.250 -999.250 -999.250
674.999 665.294 679.090 688.858 673.508 667.037 686.694 650.446 674.137 679.439 720.808 773.371 829.596 866.860 919.506 1036.114 1071.597 1137.902 1263.743 1429.856 1519.125 1520.245 1384.091 1246.220 1134.945 1054.581 938.302 825.358 760.067 723.586 708.479 728.813 737.747 792.594 822.458 878.540 918.243 961.645 979.842 1043.632 1033.194 1007.818 930.565 910.425 924.309 891.390 883.383 831.313 869.490 812.787 830.148 -999.250 -999.250 -999.250 -999.250 -999.250 -999.250 -999.250 -999.250 -999.250 -999.250 -999.250 -999.250 -999.250 -999.250
680.735 698.693 666.230 683.429 696.034 667.822 673.830 676.302 682.801 698.908 728.544 784.832 839.775 884.993 933.204 1024.324 1074.958 1131.337 1198.437 1279.572 1387.910 1349.249 1245.166 1169.288 1102.699 1015.270 887.960 812.500 734.605 703.524 707.083 720.731 757.539 787.446 849.494 890.860 925.352 974.228 1030.550 1020.626 1018.864 1017.981 971.592 932.557 942.281 876.795 900.539 812.307 814.185 847.772 854.852 820.188 -999.250 -999.250 -999.250 -999.250 -999.250 -999.250 -999.250 -999.250 -999.250 -999.250 -999.250 -999.250 -999.250
679.381 686.572 668.157 691.380 698.508 678.752 682.865 690.801 703.760 756.254 753.560 789.952 817.257 873.803 977.572 1034.162 1074.185 1123.785 1172.551 1218.363 1244.789 1243.945 1157.409 1104.589 1044.903 978.927 881.237 802.020 759.113 697.285 708.366 696.209 739.956 806.173 806.148 868.470 907.257 960.096 1041.099 1086.443 1045.171 1022.965 1015.057 964.746 939.609 933.211 849.496 840.257 820.362 836.442 802.954 -999.250 -999.250 -999.250 -999.250 -999.250 -999.250 -999.250 -999.250 -999.250 -999.250 -999.250 -999.250 -999.250 -999.250
665.321 685.320 723.671 729.715 701.154 708.044 697.540 692.160 715.967 758.064 766.301 781.463 828.494 887.741 945.689 999.401 1056.107 1090.339 1133.736 1173.097 1190.297 1132.655 1105.581 1010.025 955.939 936.760 837.240 776.052 729.522 697.142 710.060 718.419 732.939 805.022 792.846 812.248 875.191 935.732 1003.597 1009.787 1023.415 1010.229 946.203 935.221 901.936 924.477 867.019 856.689 846.821 836.629 812.832 793.631 -999.250 -999.250 -999.250 -999.250 -999.250 -999.250 -999.250 -999.250 -999.250 -999.250 -999.250 -999.250 -999.250
685.519 694.636 716.026 735.511 670.174 691.050 665.895 709.775 722.161 759.296 767.131 810.240 838.787 871.479 898.712 953.442 1014.106 1030.899 1092.893 1088.184 1054.659 1004.379 1016.630 937.848 903.402 867.627 802.803 772.445 704.284 701.613 728.109 695.029 716.507 755.151 770.462 803.536 814.665 882.198 899.230 956.019 943.171 953.399 938.216 957.209 934.114 900.396 871.396 858.171 832.862 788.506 -999.250 -999.250 -999.250 -999.250 -999.250 -999.250 -999.250 -999.250 -999.250 -999.250 -999.250 -999.250 -999.250 -999.250 -999.250
675.405 704.667 705.933 694.238 700.477 691.125 675.696 681.934 734.336 767.506 778.291 819.447 825.194 849.760 881.328 922.755 935.819 985.922 1023.689 987.349 1001.651 926.396 874.054 844.064 842.367 818.952 798.019 748.040 708.532 683.257 708.350 681.318 679.937 714.995 749.434 745.347 751.666 835.774 863.489 875.361 886.672 886.988 911.766 892.048 902.593 880.562 843.895 850.565 783.978 -999.250 -999.250 -999.250 -999.250 -999.250 -999.250 -999.250 -999.250 -999.250 -999.250 -999.250 -999.250 -999.250 -999.250 -999.250 -999.250
684.899 712.255 687.511 695.358 698.921 733.279 685.970 702.668 703.385 753.779 709.239 771.678 772.810 800.496 842.390 847.788 885.844 909.161 928.027 909.513 909.476 867.998 782.269 810.590 785.507 780.717 773.386 733.540 679.433 670.791 672.302 676.175 653.382 694.510 685.341 727.766 752.960 802.185 796.361 780.515 805.551 817.732 855.285 833.488 820.454 839.447 803.726 809.099 764.816 -999.250 -999.250 -999.250 -999.250 -999.250 -999.250 -999.250 -999.250 -999.250 -999.250 -999.250 -999.250 -999.250 -999.250 -999.250 -999.250
703.032 704.718 702.382 707.321 712.988 717.726 736.219 683.753 697.691 734.142 709.633 742.145 750.433 762.538 777.954 773.610 806.610 864.237 878.619 848.752 850.506 804.464 782.137 760.370 746.545 751.872 758.500 719.874 694.588 677.265 641.711 635.218 614.475 640.636 645.616 658.624 694.845 731.382 736.303 752.938 750.225 765.779 763.989 778.331 812.116 760.623 744.347 730.863 -999.250 -999.250 -999.250 -999.250 -999.250 -999.250 -999.250 -999.250 -999.250 -999.250 -999.250 -999.250 -999.250 -999.250 -999.250 -999.250 -999.250
713.487 687.527 698.303 714.720 682.344 684.100 690.905 688.451 671.667 659.749 672.697 709.869 742.310 781.237 769.338 784.801 765.042 768.857 803.455 797.367 795.306 772.000 749.091 761.520 744.333 735.234 727.651 700.243 683.429 694.246 641.272 613.225 573.970 578.087 583.587 600.017 641.108 669.306 688.616 681.639 690.475 699.021 694.246 692.082 -999.250 -999.250 -999.250 -999.250 -999.250 -999.250 -999.250 -999.250 -999.250 -999.250 -999.250 -999.250 -999.250 -999.250 -999.250 -999.250 -999.250 -999.250 -999.250 -999.250 -999.250
757.079 737.992 707.517 696.935 669.337 661.291 662.727 661.500 667.305 636.633 663.060 672.702 724.459 734.332 720.424 719.424 769.918 787.327 771.540 784.645 779.958 765.507 764.660 735.891 730.566 692.348 701.365 667.020 650.077 682.938 646.113 601.017 568.511 557.050 551.508 562.573 567.660 611.189 594.147 613.540 612.290 669.264 -999.250 -999.250 -999.250 -999.250 -999.250 -999.250 -999.250 -999.250 -999.250 -999.250 -999.250 -999.250 -999.250 -999.250 -999.250 -999.250 -999.250 -999.250 -999.250 -999.250 -999.250 -999.250 -999.250
753.386 708.720 708.909 665.745 649.965 649.195 667.982 645.653 628.725 611.163 618.594 665.954 661.067 663.837 667.015 717.301 745.245 742.095 770.271 747.336 794.606 765.403 790.133 783.922 740.575 684.461 659.416 654.958 642.210 637.899 604.671 552.384 528.042 531.214 518.790 521.443 525.344 543.934 539.916 570.618 603.029 632.469 -999.250 -999.250 -999.250 -999.250 -999.250 -999.250 -999.250 -999.250 -999.250 -999.250 -999.250 -999.250 -999.250 -999.250 -999.250 -999.250 -999.250 -999.250 -999.250 -999.250 -999.250 -999.250 -999.250
733.019 716.077 691.149 667.902 643.764 623.054 617.197 608.785 603.501 577.980 607.514 632.479 632.034 669.935 704.071 732.425 694.243 710.251 760.444 756.822 800.148 812.880 789.019 790.498 763.095 685.867 679.566 656.812 625.754 612.033 571.056 544.356 507.653 493.706 475.792 473.322 481.726 464.209 486.097 516.425 544.778 542.972 -999.250 -999.250 -999.250 -999.250 -999.250 -999.250 -999.250 -999.250 -999.250 -999.250 -999.250 -999.250 -999.250 -999.250 -999.250 -999.250 -999.250 -999.250 -999.250 -999.250 -999.250 -999.250 -999.250
679.885 699.913 675.479 646.636 640.235 630.458 602.592 593.379 574.560 591.464 608.288 602.783 650.229 680.813 705.564 707.009 699.173 709.932 730.390 758.314 789.122 822.774 844.052 809.638 781.434 752.074 702.900 649.323 590.705 548.135 541.595 505.545 497.510 469.471 448.143 446.828 428.511 437.988 441.640 470.297 492.543 510.550 -999.250 -999.250 -999.250 -999.250 -999.250 -999.250 -999.250 -999.250 -999.250 -999.250 -999.250 -999.250 -999.250 -999.250 -999.250 -999.250 -999.250 -999.250 -999.250 -999.250 -999.250 -999.250 -999.250
683.873 683.685 671.771 637.244 621.497 566.871 566.000 566.334 582.497 562.063 580.046 600.124 665.941 659.513 671.132 682.929 718.302 692.620 703.614 730.910 785.214 808.801 852.991 807.444 761.355 695.754 664.217 623.838 614.270 548.382 522.321 524.219 488.614 449.454 437.522 420.082 408.299 412.283 406.680 431.236 454.155 466.318 -999.250 -999.250 -999.250 -999.250 -999.250 -999.250 -999.250 -999.250 -999.250 -999.250 -999.250 -999.250 -999.250 -999.250 -999.250 -999.250 -999.250 -999.250 -999.250 -999.250 -999.250 -999.250 -999.250
661.368 655.842 660.614 635.827 633.122 577.216 562.310 614.605 579.021 590.434 594.923 580.532 633.575 615.690 667.631 629.576 676.189 658.727 704.653 760.336 755.356 805.135 804.975 789.674 738.884 679.563 669.902 617.244 558.653 524.836 499.038 490.233 474.616 449.765 425.981 405.579 395.336 395.945 400.008 401.875 425.870 440.626 -999.250 -999.250 -999.250 -999.250 -999.250 -999.250 -999.250 -999.250 -999.250 -999.250 -999.250 -999.250 -999.250 -999.250 -999.250 -999.250 -999.250 -999.250 -999.250 -999.250 -999.250 -999.250 -999.250
