data/medianmodel_19-Sep-2020.asc
ncols	141
nrows	288
xllcorner	-120191.398
yllcorner	-301404.813
cellsize	2000.000
NODATA_value	-999.250
[rows 150 to 179 of 288, columns 0 to 67 of 141]
-999.250 -999.250 -999.250 -999.250 -999.250 -999.250 -999.250 -999.250 -999.250 -999.250 -999.250 -999.250 10.736 9.356 5.876 6.461 6.036 8.999 13.885 15.971 20.020 21.096 24.862 25.494 32.157 37.795 37.167 37.413 38.499 37.973 38.100 33.166 26.109 21.501 17.813 15.007 13.524 15.897 19.107 24.207 33.028 40.256 57.593 71.447 75.787 67.044 53.114 35.575 29.220 33.217 34.726 45.171 55.017 58.030 52.670 51.868 48.655 41.338 37.092 32.036 25.705 20.425 16.766 10.398 9.270 3.008 1.627 0.000
-999.250 -999.250 -999.250 -999.250 -999.250 -999.250 -999.250 -999.250 -999.250 -999.250 -999.250 14.677 8.959 6.212 0.889 0.743 2.623 8.615 11.204 16.970 18.380 21.013 23.339 26.806 33.640 38.036 42.509 40.616 38.557 37.690 35.804 34.092 31.521 24.643 21.974 20.045 19.208 20.748 23.381 26.718 35.934 43.927 55.411 62.775 63.235 56.190 50.095 41.017 35.912 35.990 38.777 43.059 54.211 53.186 50.658 49.312 46.147 42.947 36.920 32.794 25.991 20.225 18.396 9.725 8.619 5.208 0.000 0.000
-999.250 -999.250 -999.250 -999.250 -999.250 -999.250 -999.250 -999.250 -999.250 -999.250 20.604 15.044 9.275 2.321 0.000 0.000 0.000 5.245 10.664 16.768 18.503 20.751 24.359 30.187 36.048 40.266 41.111 41.938 40.805 38.422 37.978 35.338 35.053 30.149 30.667 24.880 26.529 27.077 29.619 31.004 38.467 43.702 49.140 53.832 55.063 53.796 49.562 43.758 40.691 40.519 41.052 47.861 53.092 56.000 54.190 52.663 44.562 41.293 38.881 33.340 27.675 18.003 14.081 9.964 6.665 2.475 0.000 0.000
-999.250 -999.250 -999.250 -999.250 -999.250 -999.250 -999.250 -999.250 -999.250 29.720 21.366 14.538 3.385 0.250 0.000 0.000 0.000 1.104 10.717 19.263 17.583 19.483 22.642 31.265 37.275 40.456 42.437 42.919 40.885 40.823 40.480 38.654 37.510 36.056 32.636 31.122 30.500 30.588 33.482 33.992 36.861 40.496 45.257 48.419 53.905 57.035 54.619 54.418 45.479 46.114 46.326 44.797 53.815 57.503 56.224 49.421 44.669 37.296 33.504 32.044 25.708 20.573 16.276 11.223 6.715 3.115 0.000 0.000
-999.250 -999.250 -999.250 -999.250 -999.250 55.959 56.602 47.457 37.337 26.948 18.863 12.189 3.514 0.178 0.000 0.000 0.000 0.000 5.458 11.806 15.449 17.623 23.068 32.281 41.550 48.045 46.648 44.538 41.017 44.344 45.301 42.619 41.236 40.377 38.645 35.917 34.753 37.389 37.093 35.249 38.882 38.257 43.503 46.015 47.858 56.526 65.239 54.877 46.738 42.322 45.017 46.820 50.072 55.398 54.695 50.923 42.763 38.030 37.057 31.068 28.309 22.136 17.283 12.819 6.196 4.845 0.855 0.000
-999.250 -999.250 -999.250 -999.250 -999.250 -999.250 -999.250 43.757 35.405 24.998 20.170 12.392 4.675 0.000 0.000 0.000 0.000 0.000 1.768 6.986 12.373 16.604 23.123 34.354 43.594 58.884 56.662 49.885 47.827 46.736 43.666 43.695 43.110 42.846 45.284 40.270 39.229 41.084 36.948 40.085 38.718 40.729 38.609 46.028 45.947 51.779 55.568 52.124 47.370 47.152 45.921 48.588 49.352 51.463 50.913 47.433 41.372 37.851 39.676 31.350 25.389 21.277 17.831 14.677 9.116 6.720 2.225 0.000
-999.250 -999.250 -999.250 -999.250 -999.250 -999.250 -999.250 39.289 34.448 23.819 17.582 8.020 0.811 0.000 0.000 0.000 0.000 0.000 0.000 1.580 8.527 15.397 20.872 28.279 41.891 48.649 55.927 52.304 55.283 46.687 47.224 46.889 46.971 49.823 48.607 44.781 46.957 44.905 42.790 40.817 41.463 40.611 43.011 43.954 43.251 42.851 46.079 47.520 49.736 47.177 46.203 45.222 51.024 50.889 45.789 45.506 38.886 37.438 33.609 27.870 27.466 21.438 19.362 16.146 13.502 9.194 5.335 0.621
-999.250 -999.250 -999.250 -999.250 -999.250 -999.250 -999.250 32.374 28.186 18.997 13.620 5.078 0.000 0.000 0.000 0.000 0.000 0.000 0.000 0.038 7.000 11.809 17.968 25.110 38.079 42.226 47.704 53.711 56.276 49.847 50.052 50.006 48.356 48.947 52.049 52.756 52.334 50.450 51.323 48.633 42.431 38.718 40.087 40.927 40.591 39.399 41.329 42.492 41.446 43.198 43.926 44.090 43.290 45.358 42.140 44.850 42.147 38.179 35.550 29.296 25.541 22.815 20.376 18.791 15.290 12.142 7.256 4.131
-999.250 -999.250 -999.250 -999.250 -999.250 -999.250 -999.250 28.471 20.226 16.661 10.321 4.937 0.000 0.000 0.000 0.000 0.000 0.000 0.000 0.000 6.424 12.801 18.914 24.362 32.300 43.226 45.767 49.349 54.957 53.801 51.671 52.957 54.734 57.790 55.048 57.192 57.341 50.387 50.106 48.096 41.926 42.723 41.776 40.363 39.336 36.924 34.283 36.224 38.477 38.272 39.967 41.875 38.422 40.118 46.479 40.573 40.822 36.782 35.299 28.383 26.864 23.043 19.125 17.665 16.553 12.594 10.209 7.906
-999.250 -999.250 -999.250 -999.250 -999.250 -999.250 -999.250 -999.250 16.488 13.300 7.796 1.621 0.000 0.000 0.000 0.000 0.000 0.000 0.000 0.000 4.816 10.813 17.268 25.131 34.627 41.860 52.960 56.928 56.633 57.399 54.405 58.323 54.260 60.265 61.473 65.802 62.165 57.683 50.303 42.907 41.788 42.918 37.666 36.198 36.799 31.594 33.522 33.834 34.131 34.609 36.600 39.209 39.232 38.887 39.318 38.067 38.387 33.651 30.004 26.682 26.281 21.627 19.489 20.919 20.518 18.464 13.892 8.745
-999.250 -999.250 -999.250 -999.250 -999.250 -999.250 -999.250 -999.250 13.112 11.603 5.649 0.765 0.000 0.000 0.000 0.000 0.000 0.000 0.000 0.000 6.322 13.128 17.904 25.237 36.628 47.651 53.320 60.031 60.992 59.931 57.631 59.383 59.544 61.780 62.502 67.565 68.252 63.357 48.887 40.467 35.852 42.499 35.652 28.516 27.661 30.586 26.958 30.939 29.716 31.815 35.272 37.550 38.332 39.527 38.939 35.723 31.900 32.881 29.301 24.780 24.252 21.331 19.946 21.384 21.672 26.677 13.328 8.243
-999.250 -999.250 -999.250 -999.250 -999.250 -999.250 -999.250 12.987 8.296 6.654 1.853 0.000 0.000 0.000 0.000 0.000 0.000 0.000 0.000 0.000 5.630 12.276 19.490 24.142 37.080 46.941 58.769 64.119 64.508 58.953 59.812 61.311 61.798 60.451 56.983 68.923 80.110 53.881 39.421 31.498 28.137 31.442 27.969 25.422 23.356 24.354 25.950 26.247 27.825 29.614 29.985 31.911 35.560 34.913 37.003 33.995 32.940 31.351 24.235 23.892 22.236 21.610 19.199 17.636 17.642 16.844 13.846 7.089
-999.250 -999.250 -999.250 -999.250 -999.250 -999.250 -999.250 7.678 4.463 1.410 0.000 0.000 0.000 0.000 0.000 0.000 0.000 0.000 0.000 0.621 7.314 13.953 20.317 32.452 38.508 51.207 62.734 65.725 65.122 64.581 64.631 62.400 58.723 59.088 54.091 57.686 53.932 37.715 21.763 17.784 19.281 17.191 19.543 19.862 23.320 20.413 21.400 22.110 25.082 25.534 32.009 31.669 30.094 35.574 33.550 31.102 29.596 28.834 24.595 24.321 19.661 20.240 19.283 17.111 14.712 13.293 8.799 6.701
-999.250 -999.250 -999.250 -999.250 -999.250 -999.250 -999.250 6.990 0.143 0.000 0.000 0.000 0.000 0.000 0.000 0.000 0.000 0.000 0.000 1.130 6.995 17.030 25.051 37.949 49.460 57.022 64.643 69.331 68.951 66.398 64.258 61.319 56.376 50.384 47.833 40.270 34.440 19.541 4.435 5.972 9.089 12.264 15.642 16.443 18.263 17.052 19.234 20.923 22.608 24.190 28.217 26.513 24.049 30.277 26.683 25.236 28.916 25.049 22.262 21.800 19.410 17.692 15.962 11.532 12.995 9.585 6.135 2.805
-999.250 -999.250 -999.250 -999.250 -999.250 -999.250 -999.250 5.497 0.063 0.000 0.000 0.000 0.000 0.000 0.000 0.000 0.000 0.000 0.000 6.189 10.469 19.167 32.750 38.866 55.223 64.281 70.267 73.028 73.274 70.091 67.385 61.986 57.238 45.680 37.870 28.652 19.887 11.967 1.340 0.000 3.763 7.358 11.987 12.701 14.967 16.433 15.938 19.062 20.206 21.274 21.802 24.017 27.636 24.786 24.327 23.303 22.966 21.659 20.683 18.282 15.854 15.234 14.436 11.173 8.924 7.393 4.790 2.129
-999.250 -999.250 -999.250 -999.250 -999.250 -999.250 7.845 5.137 1.259 0.271 0.338 1.108 0.223 0.000 0.000 0.000 0.000 0.451 4.627 8.722 16.585 24.251 34.528 44.953 59.669 71.062 79.321 85.120 80.913 74.404 67.531 62.911 52.546 40.770 31.812 23.216 16.680 7.894 0.000 0.000 0.000 2.705 7.657 8.921 14.499 15.551 16.859 16.206 18.553 19.930 19.846 22.121 21.218 22.097 21.914 19.466 22.117 21.381 17.847 17.855 17.480 12.457 13.024 9.811 7.972 6.784 4.282 0.302
-999.250 -999.250 -999.250 -999.250 -999.250 -999.250 6.440 7.658 5.276 3.290 4.213 5.369 5.903 4.677 3.138 2.453 2.822 5.495 9.719 11.141 17.779 26.411 37.702 46.902 62.769 76.233 90.280 101.506 92.538 77.996 70.421 60.749 46.593 35.806 24.492 19.504 12.454 6.638 0.000 0.000 0.000 2.848 7.923 7.516 12.998 11.980 16.017 13.524 15.391 18.283 19.763 21.750 23.417 18.824 19.162 19.044 18.230 16.979 15.729 15.586 11.959 10.771 11.163 8.339 6.965 3.671 1.581 0.000
-999.250 -999.250 -999.250 -999.250 -999.250 10.466 7.918 7.129 7.980 10.183 9.513 11.953 11.191 9.855 9.819 7.633 8.345 10.267 10.570 15.504 20.464 28.303 37.155 49.463 65.870 78.215 95.169 118.859 96.478 81.929 68.066 56.219 43.269 29.909 21.138 18.242 11.664 5.300 2.584 0.000 1.279 4.092 9.690 9.731 11.537 16.643 16.059 16.524 16.624 19.004 18.629 20.162 24.370 20.883 16.999 17.134 14.871 16.632 15.927 15.266 12.616 9.149 9.415 8.801 2.343 3.190 1.768 0.000
-999.250 -999.250 -999.250 -999.250 -999.250 13.380 11.605 9.976 10.552 12.751 17.197 22.921 17.972 15.531 15.380 15.656 17.513 15.470 19.300 20.356 21.645 28.458 36.761 50.157 64.277 78.651 90.873 100.909 93.937 81.981 71.892 58.136 42.728 34.170 22.530 16.799 10.114 6.745 3.506 0.285 3.637 7.950 11.901 12.920 16.491 16.944 20.512 18.997 18.454 19.228 18.305 20.747 19.787 18.591 17.934 18.472 14.817 13.595 15.767 11.573 9.409 9.154 6.215 5.787 1.786 1.014 0.000 0.000
-999.250 -999.250 -999.250 -999.250 19.639 18.084 15.361 15.913 15.758 17.079 19.182 21.879 21.887 20.211 22.796 22.770 25.323 22.691 25.657 24.871 25.482 28.866 39.477 53.263 69.110 72.401 82.113 90.034 80.090 78.129 70.460 57.613 39.455 32.642 22.789 15.881 11.026 9.821 5.255 4.597 8.973 11.179 14.614 18.865 18.083 19.898 20.651 20.755 19.975 22.905 21.190 21.746 20.209 18.927 17.576 17.604 16.430 12.781 13.348 9.630 12.485 6.952 7.397 4.376 0.790 0.000 0.000 0.000
-999.250 -999.250 -999.250 -999.250 22.797 19.747 20.188 20.261 19.558 22.097 23.297 22.767 25.580 26.784 28.680 31.133 35.510 35.930 34.834 35.042 34.997 38.991 40.861 51.844 66.014 72.767 76.733 80.811 75.878 72.108 63.426 49.258 36.108 29.577 21.707 17.244 13.397 11.309 10.125 9.277 12.822 15.544 17.626 18.920 21.587 23.021 23.049 21.287 22.331 23.635 23.616 23.770 19.832 18.330 16.228 17.533 15.765 15.229 13.192 9.786 8.620 7.882 5.772 3.656 0.414 0.000 0.000 0.000
-999.250 -999.250 -999.250 -999.250 23.115 23.262 22.769 24.206 25.211 27.392 30.944 32.662 32.416 36.979 40.662 45.677 48.520 48.002 46.876 48.205 44.143 44.420 47.582 52.180 59.946 67.498 68.928 72.992 73.634 66.549 61.890 52.995 37.438 30.637 22.796 18.131 14.706 12.868 12.929 15.295 18.582 21.420 21.118 24.919 30.102 28.129 22.760 23.922 23.252 23.908 27.901 23.708 24.910 20.689 20.942 18.086 16.234 11.974 13.130 6.390 7.800 6.615 4.103 0.956 0.000 0.000 0.000 0.000
-999.250 -999.250 -999.250 -999.250 28.254 26.264 30.479 29.309 29.349 32.889 34.724 39.856 39.886 44.271 49.892 64.049 66.121 63.943 61.628 58.768 59.693 53.032 50.534 51.834 64.302 66.443 68.802 67.688 71.286 62.875 61.099 47.748 36.423 27.276 24.069 23.480 17.151 15.191 17.408 19.411 21.497 26.150 32.766 32.890 32.420 32.251 28.615 28.201 24.907 25.515 25.468 24.581 22.803 21.907 20.207 17.535 18.172 13.907 11.231 9.590 5.570 4.565 0.682 0.189 0.000 0.000 0.000 0.000
-999.250 -999.250 -999.250 -999.250 34.422 35.579 34.898 36.067 36.288 36.635 38.979 44.768 49.281 52.976 60.747 70.201 84.499 74.303 71.195 70.047 66.699 65.702 63.695 61.468 65.054 64.502 66.237 68.636 69.002 62.499 55.501 45.863 34.876 28.633 24.836 21.336 21.350 20.174 19.599 23.277 28.718 34.299 39.660 41.177 40.359 38.191 33.666 30.810 27.148 27.837 28.154 25.938 23.532 25.415 22.560 19.694 16.781 14.052 12.382 7.816 6.681 1.153 0.127 1.099 0.000 0.000 0.000 0.000
-999.250 -999.250 -999.250 -999.250 39.351 40.700 43.869 47.024 46.727 49.767 46.631 50.345 57.968 66.934 70.466 76.794 78.021 77.231 78.848 84.350 75.276 71.777 69.366 69.218 68.354 68.665 69.253 70.997 69.884 63.536 49.483 44.225 37.658 31.372 32.314 25.413 23.952 23.686 21.665 27.675 36.015 39.484 44.971 49.107 46.038 45.999 38.575 36.353 33.494 30.978 26.454 24.201 26.298 21.942 22.087 22.610 19.670 17.542 13.047 10.090 7.902 5.333 1.950 0.733 0.000 0.000 0.000 0.000
-999.250 -999.250 -999.250 -999.250 43.412 47.840 54.526 61.823 58.070 58.912 58.460 60.181 66.243 68.585 74.016 82.699 76.125 78.370 83.899 84.474 78.710 78.015 73.804 75.274 74.582 72.222 72.933 67.975 65.480 63.663 50.932 45.045 41.386 36.108 38.624 32.732 31.975 29.783 33.056 34.840 42.534 48.281 58.611 63.855 65.229 58.973 47.522 39.297 39.179 34.454 31.860 30.433 24.690 24.690 20.635 18.518 19.785 19.679 14.959 9.469 8.133 5.635 2.120 0.258 0.000 0.000 0.000 0.000
-999.250 -999.250 -999.250 -999.250 53.425 56.771 62.178 70.741 68.814 66.909 63.552 65.818 72.640 74.064 74.914 80.508 81.972 84.655 83.217 89.916 84.529 81.935 77.352 76.263 76.760 73.507 75.985 72.390 67.302 61.223 55.539 46.147 40.012 38.633 37.784 37.317 36.864 34.320 35.570 41.101 47.658 57.490 67.818 80.133 70.730 62.140 52.596 42.525 39.306 34.350 34.482 32.186 29.350 25.568 21.067 21.830 20.643 24.166 16.906 10.485 9.413 6.753 5.838 0.820 0.000 0.000 0.000 0.000
-999.250 -999.250 -999.250 -999.250 58.487 66.229 67.128 69.906 67.714 71.235 70.236 75.695 79.633 77.835 80.959 80.128 86.856 88.361 93.056 91.792 93.558 85.912 82.755 80.952 80.743 78.295 76.596 71.872 69.083 60.603 55.955 47.376 41.730 38.404 37.877 37.090 39.121 40.344 41.933 38.434 48.245 58.872 64.624 72.265 68.972 62.110 51.779 47.284 43.803 42.702 36.807 33.460 33.277 27.000 28.827 23.425 22.803 22.329 16.024 11.838 11.367 9.721 6.303 2.494 0.040 0.000 0.000 0.000
-999.250 -999.250 -999.250 -999.250 65.584 72.570 70.043 73.902 74.073 75.608 77.825 79.428 82.112 80.954 83.640 87.615 91.051 91.934 99.426 100.275 98.926 92.925 91.834 85.565 80.754 81.751 79.271 73.828 70.867 66.546 55.840 56.004 45.453 44.277 41.090 41.467 40.388 37.233 43.032 47.409 52.428 58.402 62.756 65.430 62.673 60.461 54.114 48.181 46.959 38.803 37.714 32.317 32.495 30.936 25.961 22.703 22.955 22.584 18.694 13.086 12.324 10.974 6.618 5.684 1.968 0.000 0.000 0.000
-999.250 -999.250 -999.250 70.211 70.746 79.419 76.805 78.951 83.056 85.519 87.279 87.183 84.093 88.357 93.131 95.300 97.499 95.690 102.208 105.700 114.119 99.528 93.921 84.667 79.602 84.541 77.624 75.148 72.350 66.430 65.679 58.108 52.638 47.958 41.184 42.275 40.953 39.659 43.417 47.350 51.425 56.023 60.678 58.896 54.301 54.431 52.131 47.183 45.214 40.486 38.359 33.875 32.601 30.687 32.741 26.682 25.945 21.719 20.709 15.693 11.719 8.851 6.879 6.784 3.029 0.149 0.000 0.000
