data/medianmodel_04-Dec-2020.asc
ncols	141
nrows	288
xllcorner	-120191.398
yllcorner	-301404.813
cellsize	2000.000
NODATA_value	-999.250
[rows 87 to 115 of 288, columns 64 to 127 of 141]
325.127 345.449 375.111 445.395 454.104 438.265 466.744 465.726 427.236 422.973 390.650 361.680 356.050 339.305 359.987 346.676 344.604 358.842 348.733 333.532 326.078 317.204 325.858 346.011 378.723 415.648 432.433 482.768 502.248 524.716 542.573 573.872 601.466 608.361 649.998 659.717 633.139 640.267 641.776 612.472 545.581 511.321 481.471 482.191 445.822 426.931 399.795 345.715 321.787 317.707 -999.250 -999.250 -999.250 -999.250 -999.250 -999.250 -999.250 -999.250 -999.250 -999.250 -999.250 -999.250 -999.250 -999.250
319.387 358.087 382.237 438.869 462.288 468.027 473.028 463.682 465.788 447.910 420.350 419.734 420.928 406.666 402.987 386.904 414.726 378.644 402.522 377.377 386.735 369.158 348.494 372.837 416.121 432.529 471.739 480.377 525.912 514.553 569.652 571.953 621.630 641.536 658.276 634.913 653.565 599.475 596.454 606.702 548.286 519.864 500.146 478.699 463.329 416.093 354.280 345.073 329.829 325.679 292.261 277.319 -999.250 -999.250 -999.250 -999.250 -999.250 -999.250 -999.250 -999.250 -999.250 -999.250 -999.250 -999.250
323.644 358.601 413.116 433.681 483.066 461.893 474.115 477.879 474.612 459.166 465.618 452.961 441.142 460.709 463.679 466.696 436.920 428.321 436.532 435.308 432.649 412.140 420.639 400.393 446.832 474.936 500.655 534.378 521.012 560.373 586.796 603.951 622.870 653.726 654.127 664.993 649.759 645.902 615.243 647.603 575.164 513.812 474.010 473.100 459.940 427.028 406.715 367.342 344.860 323.200 313.906 281.375 -999.250 -999.250 -999.250 -999.250 -999.250 -999.250 -999.250 -999.250 -999.250 -999.250 -999.250 -999.250
328.632 355.351 391.580 406.263 454.790 449.573 460.489 482.547 484.204 489.558 486.079 505.987 486.483 473.791 494.674 508.480 491.952 468.592 460.160 470.546 461.771 452.086 458.182 446.252 491.569 514.645 544.170 550.355 569.127 580.662 597.033 663.460 651.110 667.232 682.911 685.030 650.519 659.214 658.048 589.124 590.342 537.047 499.501 469.928 476.746 426.193 420.231 373.288 355.899 348.173 332.966 304.052 -999.250 -999.250 -999.250 -999.250 -999.250 -999.250 -999.250 -999.250 -999.250 -999.250 -999.250 -999.250
335.612 357.737 379.206 392.744 438.933 449.679 458.901 480.425 494.366 504.437 484.305 490.956 487.539 505.437 535.214 513.475 538.373 509.520 495.859 518.409 516.162 473.032 478.019 482.382 497.668 523.607 531.612 567.216 585.545 632.830 651.825 699.665 679.489 697.891 680.737 654.429 657.587 620.885 586.414 628.572 558.446 563.245 537.465 530.307 444.275 423.157 406.269 395.728 360.629 345.676 325.551 -999.250 -999.250 -999.250 -999.250 -999.250 -999.250 -999.250 -999.250 -999.250 -999.250 -999.250 -999.250 -999.250
303.881 329.131 332.013 366.774 419.549 430.272 461.391 480.462 482.766 503.743 507.034 499.714 558.736 545.603 595.623 612.945 575.576 559.960 536.319 537.228 509.601 476.202 480.452 495.476 516.564 547.573 574.870 612.963 614.766 638.394 703.752 722.952 705.457 666.523 692.969 652.638 679.139 638.033 631.068 597.909 546.158 519.625 541.913 502.839 470.369 444.214 436.804 438.849 371.916 351.237 333.735 -999.250 -999.250 -999.250 -999.250 -999.250 -999.250 -999.250 -999.250 -999.250 -999.250 -999.250 -999.250 -999.250
286.835 290.363 313.622 337.007 377.683 420.240 440.749 442.456 472.847 504.362 516.701 562.172 607.381 599.562 660.571 646.219 623.168 609.643 592.146 589.586 536.278 488.527 520.420 519.202 538.120 542.352 584.139 621.670 630.825 676.197 711.452 729.265 712.897 707.465 696.622 701.614 659.504 661.312 624.896 601.717 537.376 546.743 520.122 524.072 465.823 453.736 429.054 413.915 367.261 349.224 -999.250 -999.250 -999.250 -999.250 -999.250 -999.250 -999.250 -999.250 -999.250 -999.250 -999.250 -999.250 -999.250 -999.250
274.017 295.810 310.417 312.803 347.247 398.759 429.836 452.898 474.447 499.749 536.029 598.391 633.637 668.639 684.038 692.064 669.626 645.745 622.441 580.963 543.493 525.292 512.703 517.188 542.986 597.732 605.001 639.796 683.782 655.349 690.690 724.929 748.048 717.218 711.736 650.725 700.567 658.341 637.482 619.538 557.396 576.740 530.490 505.874 484.489 473.912 434.937 426.688 404.409 401.069 -999.250 -999.250 -999.250 -999.250 -999.250 -999.250 -999.250 -999.250 -999.250 -999.250 -999.250 -999.250 -999.250 -999.250
244.286 260.604 287.686 316.243 335.685 370.027 385.259 417.567 447.189 510.113 542.395 593.563 666.002 703.861 743.787 753.234 711.385 697.997 677.853 612.204 548.686 498.836 502.317 538.544 551.857 591.239 636.434 631.259 685.968 690.357 725.646 717.961 714.978 726.904 700.031 705.412 658.110 696.871 651.722 613.375 597.134 558.419 553.271 498.346 480.965 455.433 462.995 436.398 409.463 389.433 -999.250 -999.250 -999.250 -999.250 -999.250 -999.250 -999.250 -999.250 -999.250 -999.250 -999.250 -999.250 -999.250 -999.250
229.924 249.758 259.176 298.446 316.328 333.960 336.854 371.634 424.735 481.538 538.110 601.564 724.780 736.177 755.052 814.068 738.497 700.611 686.790 636.523 584.852 534.388 526.101 549.351 578.593 580.153 591.136 646.541 672.590 697.156 700.431 744.135 726.256 730.117 725.117 701.855 686.690 669.958 665.587 626.815 601.478 593.700 562.342 511.520 499.758 491.568 465.757 432.525 424.862 381.398 399.339 -999.250 -999.250 -999.250 -999.250 -999.250 -999.250 -999.250 -999.250 -999.250 -999.250 -999.250 -999.250 -999.250
197.091 205.779 231.592 265.170 301.383 304.139 310.252 334.926 387.718 451.663 546.582 617.823 675.292 732.118 777.719 794.117 767.462 690.043 666.287 601.775 605.773 575.240 547.889 596.917 570.310 581.392 627.571 664.206 697.520 718.063 735.284 748.314 732.215 744.571 717.725 713.325 690.770 686.604 645.092 639.730 611.416 588.380 555.983 533.578 525.043 504.977 477.876 453.404 418.223 436.241 424.332 406.427 -999.250 -999.250 -999.250 -999.250 -999.250 -999.250 -999.250 -999.250 -999.250 -999.250 -999.250 -999.250
158.339 189.132 221.781 245.791 258.343 270.144 286.383 308.436 340.719 430.610 504.168 565.356 642.768 729.378 750.291 776.982 759.178 718.119 661.361 610.442 602.712 589.621 562.671 554.300 572.365 591.573 650.152 679.672 701.419 703.345 728.863 739.342 744.948 730.731 732.623 703.058 668.109 661.932 647.018 632.379 601.997 594.753 568.271 560.386 526.617 486.592 494.332 468.205 449.416 428.317 424.970 418.404 429.871 -999.250 -999.250 -999.250 -999.250 -999.250 -999.250 -999.250 -999.250 -999.250 -999.250 -999.250
176.586 189.482 220.091 236.479 242.122 258.663 285.016 286.917 290.864 412.032 489.066 559.507 624.445 684.985 727.542 750.917 747.108 704.929 699.642 662.281 633.496 600.346 583.386 575.586 574.998 605.681 601.094 662.311 701.802 744.197 722.576 737.938 726.629 736.136 710.729 672.185 682.367 640.167 641.163 610.950 595.182 570.272 594.159 569.167 563.120 519.844 491.427 504.228 458.195 427.372 420.556 398.125 -999.250 -999.250 -999.250 -999.250 -999.250 -999.250 -999.250 -999.250 -999.250 -999.250 -999.250 -999.250
195.403 200.274 217.212 229.141 240.864 270.403 292.067 330.442 326.631 395.682 478.247 562.241 623.923 688.019 709.687 705.094 699.504 665.379 692.090 660.746 613.046 605.478 613.816 592.386 592.916 612.858 626.676 687.002 670.962 701.601 734.147 715.755 720.102 674.176 667.678 689.606 633.601 613.262 645.234 609.893 607.197 578.452 538.254 580.206 559.457 500.532 484.482 474.719 449.352 442.065 419.653 409.501 413.273 -999.250 -999.250 -999.250 -999.250 -999.250 -999.250 -999.250 -999.250 -999.250 -999.250 -999.250
199.902 205.313 215.394 234.951 250.540 272.566 294.948 339.974 353.973 432.694 510.819 579.464 611.304 634.062 654.905 683.539 672.816 699.733 666.660 673.226 651.229 620.173 605.097 567.332 581.110 604.155 650.874 694.735 692.048 661.073 708.672 723.578 683.927 634.429 671.098 642.220 625.061 574.368 641.395 596.323 589.502 587.317 538.998 534.268 525.203 509.250 501.395 468.976 440.785 433.300 400.853 -999.250 -999.250 -999.250 -999.250 -999.250 -999.250 -999.250 -999.250 -999.250 -999.250 -999.250 -999.250 -999.250
208.862 220.901 225.947 256.024 271.761 296.648 333.323 341.534 406.529 481.766 534.683 568.171 608.363 672.769 657.317 670.207 665.520 661.267 632.371 641.371 626.797 600.267 545.378 553.557 600.184 620.397 644.904 637.182 680.475 724.340 687.822 693.399 660.161 605.491 590.904 622.938 624.233 604.102 586.999 565.045 554.051 533.448 537.366 518.320 506.577 508.076 495.653 452.149 436.755 449.013 -999.250 -999.250 -999.250 -999.250 -999.250 -999.250 -999.250 -999.250 -999.250 -999.250 -999.250 -999.250 -999.250 -999.250
232.911 236.179 256.856 286.638 308.996 333.757 361.247 376.888 468.783 495.277 577.295 591.765 600.269 604.304 621.019 648.866 676.083 624.894 614.006 604.309 599.591 611.984 570.497 530.062 576.355 616.597 623.071 598.972 674.435 704.534 689.027 670.977 629.737 626.284 588.455 570.054 611.047 564.586 545.378 535.529 539.640 520.057 515.703 474.791 483.820 486.182 457.030 460.535 434.491 404.832 -999.250 -999.250 -999.250 -999.250 -999.250 -999.250 -999.250 -999.250 -999.250 -999.250 -999.250 -999.250 -999.250 -999.250
226.510 257.966 269.514 302.488 335.413 373.896 398.144 438.378 482.796 533.134 562.936 614.027 600.894 634.482 589.980 670.988 622.284 618.216 610.452 589.898 616.691 617.002 588.488 535.060 536.754 591.149 575.090 554.250 602.141 662.450 647.674 600.650 625.207 581.393 576.713 578.915 582.853 548.442 551.251 527.484 492.827 484.489 485.395 471.264 468.050 464.812 469.880 451.441 406.157 -999.250 -999.250 -999.250 -999.250 -999.250 -999.250 -999.250 -999.250 -999.250 -999.250 -999.250 -999.250 -999.250 -999.250 -999.250
227.269 250.790 285.370 345.175 377.603 415.808 446.108 469.677 497.561 555.403 564.122 580.063 588.273 602.672 615.749 633.024 596.213 608.296 586.678 621.658 606.533 607.141 547.330 529.905 518.444 534.645 559.587 550.877 577.632 586.967 600.099 603.909 598.272 536.865 555.501 552.802 565.203 558.505 499.576 507.911 485.623 460.368 459.433 448.241 442.546 -999.250 -999.250 -999.250 -999.250 -999.250 -999.250 -999.250 -999.250 -999.250 -999.250 -999.250 -999.250 -999.250 -999.250 -999.250 -999.250 -999.250 -999.250 -999.250
220.715 254.419 285.904 329.816 414.110 424.637 473.052 503.120 523.110 551.727 559.509 576.877 586.551 622.814 608.370 629.039 608.330 569.923 576.548 605.747 586.529 572.194 593.097 552.814 550.653 531.601 533.805 566.352 577.276 574.991 614.845 593.230 599.074 575.816 563.218 522.452 530.476 526.124 466.918 463.890 480.408 445.078 456.984 -999.250 -999.250 -999.250 -999.250 -999.250 -999.250 -999.250 -999.250 -999.250 -999.250 -999.250 -999.250 -999.250 -999.250 -999.250 -999.250 -999.250 -999.250 -999.250 -999.250 -999.250
220.934 266.219 324.599 395.189 440.229 477.064 493.844 539.626 530.360 560.046 582.055 599.179 608.883 589.761 589.485 621.396 590.811 564.616 557.467 556.835 550.980 567.780 563.715 555.004 547.322 539.366 551.437 520.815 529.905 539.683 561.943 542.037 539.382 550.108 510.812 525.076 491.883 477.010 441.678 440.876 433.953 428.178 430.413 -999.250 -999.250 -999.250 -999.250 -999.250 -999.250 -999.250 -999.250 -999.250 -999.250 -999.250 -999.250 -999.250 -999.250 -999.250 -999.250 -999.250 -999.250 -999.250 -999.250 -999.250
252.461 290.472 346.124 426.154 467.942 514.580 519.035 535.099 552.847 586.851 606.867 608.762 576.345 627.917 603.180 595.217 578.711 551.060 527.628 533.013 537.311 538.630 541.463 503.815 513.284 521.493 499.881 504.647 509.214 527.587 531.358 539.005 542.922 513.623 492.214 469.381 454.755 454.585 418.529 396.311 406.134 392.029 407.048 -999.250 -999.250 -999.250 -999.250 -999.250 -999.250 -999.250 -999.250 -999.250 -999.250 -999.250 -999.250 -999.250 -999.250 -999.250 -999.250 -999.250 -999.250 -999.250 -999.250 -999.250
302.437 337.411 399.231 445.169 495.999 496.626 528.536 575.001 589.098 620.397 610.765 631.376 618.351 581.185 560.967 605.486 583.178 531.190 525.250 547.824 523.153 526.102 500.367 494.698 498.673 502.697 517.660 509.580 459.067 506.272 511.361 550.074 488.411 484.661 476.308 449.541 432.256 417.272 364.218 336.488 363.443 345.920 388.455 -999.250 -999.250 -999.250 -999.250 -999.250 -999.250 -999.250 -999.250 -999.250 -999.250 -999.250 -999.250 -999.250 -999.250 -999.250 -999.250 -999.250 -999.250 -999.250 -999.250 -999.250
321.721 374.268 438.856 484.952 532.402 548.078 555.239 575.176 589.418 619.519 604.372 636.928 621.621 595.217 556.806 525.238 529.816 532.087 524.574 539.149 521.940 524.662 494.386 452.916 491.934 485.642 524.629 514.641 496.370 467.607 462.395 501.183 488.899 491.174 458.916 448.592 418.504 386.991 353.793 355.580 353.540 365.295 361.784 -999.250 -999.250 -999.250 -999.250 -999.250 -999.250 -999.250 -999.250 -999.250 -999.250 -999.250 -999.250 -999.250 -999.250 -999.250 -999.250 -999.250 -999.250 -999.250 -999.250 -999.250
375.158 406.102 462.318 474.567 554.450 575.997 604.233 636.390 622.384 637.891 661.676 624.343 639.060 621.384 581.858 540.569 544.962 527.158 497.009 509.675 516.774 528.544 474.622 485.973 494.120 486.186 490.616 484.761 490.047 469.114 493.535 466.454 470.036 479.040 449.878 404.981 369.164 363.969 339.601 347.418 341.011 341.160 348.967 -999.250 -999.250 -999.250 -999.250 -999.250 -999.250 -999.250 -999.250 -999.250 -999.250 -999.250 -999.250 -999.250 -999.250 -999.250 -999.250 -999.250 -999.250 -999.250 -999.250 -999.250
407.043 444.693 480.892 495.851 571.381 616.586 666.218 654.196 659.952 654.830 639.212 653.018 603.469 633.711 581.878 546.792 512.198 548.172 517.885 512.859 530.554 505.522 500.711 482.397 498.909 491.762 474.036 482.204 490.978 503.336 501.817 482.037 448.616 455.252 425.790 387.537 363.358 334.796 328.949 339.318 329.939 322.154 327.996 319.605 329.239 -999.250 -999.250 -999.250 -999.250 -999.250 -999.250 -999.250 -999.250 -999.250 -999.250 -999.250 -999.250 -999.250 -999.250 -999.250 -999.250 -999.250 -999.250 -999.250
430.618 452.773 511.976 527.059 583.680 643.251 668.813 667.686 661.754 661.274 631.006 610.608 586.294 577.134 584.511 542.894 535.950 527.889 514.714 528.151 524.286 506.039 500.474 501.386 503.307 506.195 478.298 509.333 487.346 473.396 449.806 434.624 432.661 436.051 420.996 372.901 352.255 327.751 298.458 302.150 296.529 324.403 328.109 301.420 296.184 301.988 319.449 -999.250 -999.250 -999.250 -999.250 -999.250 -999.250 -999.250 -999.250 -999.250 -999.250 -999.250 -999.250 -999.250 -999.250 -999.250 -999.250 -999.250
453.059 462.545 504.799 524.761 579.687 639.969 633.320 640.440 636.166 635.946 620.656 603.878 578.851 573.446 539.492 553.153 514.264 498.924 512.750 503.440 547.875 561.400 521.214 501.923 500.171 476.552 472.273 468.272 470.084 461.756 451.726 440.365 412.624 403.540 391.272 370.758 356.341 331.509 308.394 303.776 288.892 284.894 286.079 306.088 278.807 284.802 314.536 -999.250 -999.250 -999.250 -999.250 -999.250 -999.250 -999.250 -999.250 -999.250 -999.250 -999.250 -999.250 -999.250 -999.250 -999.250 -999.250 -999.250
442.241 450.079 489.800 494.824 546.357 605.527 628.567 591.042 615.996 607.835 586.047 562.340 550.877 554.983 532.180 538.042 533.427 521.769 532.489 544.613 535.160 542.270 527.665 510.224 512.791 490.590 492.611 478.690 462.117 452.150 447.621 439.205 382.637 390.512 383.615 348.460 329.454 313.093 297.208 297.227 273.185 276.117 265.934 267.939 282.995 262.532 276.929 306.680 -999.250 -999.250 -999.250 -999.250 -999.250 -999.250 -999.250 -999.250 -999.250 -999.250 -999.250 -999.250 -999.250 -999.250 -999.250 -999.250
