data/medianmodel_22-May-2020.asc
ncols	141
nrows	288
xllcorner	-120191.398
yllcorner	-301404.813
cellsize	2000.000
NODATA_value	-999.250
[rows 124 to 154 of 288, columns 0 to 69 of 141]
-999.250 -999.250 -999.250 -999.250 -999.250 -999.250 -999.250 -999.250 -999.250 -999.250 -999.250 -999.250 -999.250 -999.250 -999.250 -999.250 -999.250 -999.250 -999.250 -999.250 -999.250 -999.250 -999.250 -999.250 1.162 3.217 4.118 3.798 3.480 5.083 6.182 7.123 7.550 4.233 1.726 2.857 0.200 0.000 0.000 1.305 0.000 3.028 4.285 2.619 2.299 0.000 0.000 0.000 0.000 0.035 3.097 6.780 10.515 13.488 13.394 9.098 5.330 0.459 0.000 0.000 0.000 0.000 0.000 0.799 3.042 2.087 2.781 2.296 1.511 0.165
-999.250 -999.250 -999.250 -999.250 -999.250 -999.250 -999.250 -999.250 -999.250 -999.250 -999.250 -999.250 -999.250 -999.250 -999.250 -999.250 -999.250 -999.250 -999.250 -999.250 -999.250 -999.250 -999.250 -999.250 1.936 2.019 1.976 3.294 2.777 4.645 5.841 9.363 7.193 6.753 3.697 2.752 0.836 0.513 1.899 0.779 2.232 3.624 5.513 3.952 2.277 1.853 0.000 0.000 0.000 0.969 5.418 5.691 9.015 12.689 17.960 10.226 6.321 3.187 0.000 0.000 0.000 0.000 0.000 0.000 2.473 2.666 2.564 0.000 0.238 0.000
-999.250 -999.250 -999.250 -999.250 -999.250 -999.250 -999.250 -999.250 -999.250 -999.250 -999.250 -999.250 -999.250 -999.250 -999.250 -999.250 -999.250 -999.250 -999.250 -999.250 -999.250 -999.250 -999.250 0.379 0.000 0.050 1.011 2.032 2.623 4.314 7.463 7.171 7.117 5.856 3.761 1.521 0.452 1.321 2.853 1.865 6.093 3.918 2.781 3.969 0.773 0.000 0.000 0.000 0.000 1.579 2.994 6.279 11.996 13.321 12.325 12.067 9.601 2.976 1.144 0.000 0.000 0.000 0.000 0.000 0.000 0.309 0.000 1.225 0.000 0.000
-999.250 -999.250 -999.250 -999.250 -999.250 -999.250 -999.250 -999.250 -999.250 -999.250 -999.250 -999.250 -999.250 -999.250 -999.250 -999.250 -999.250 -999.250 -999.250 -999.250 -999.250 -999.250 -999.250 0.000 0.733 0.000 0.185 0.198 2.788 2.118 1.968 5.282 2.865 3.242 5.327 2.693 2.478 1.793 3.088 3.060 3.096 4.455 5.780 5.705 2.872 1.699 0.443 0.000 0.000 0.791 2.852 5.469 8.475 8.408 9.904 9.819 6.932 3.823 1.887 0.000 0.000 0.000 0.000 0.000 0.000 0.000 0.163 0.000 0.000 1.739
-999.250 -999.250 -999.250 -999.250 -999.250 -999.250 -999.250 -999.250 -999.250 -999.250 -999.250 -999.250 -999.250 -999.250 -999.250 -999.250 -999.250 -999.250 -999.250 -999.250 -999.250 -999.250 -999.250 0.151 0.000 0.000 0.000 0.000 0.000 2.352 3.327 2.944 5.641 4.680 3.343 6.767 3.857 3.792 3.967 2.286 4.104 3.911 6.619 4.083 5.535 2.889 0.000 0.000 0.000 0.000 0.207 2.989 5.895 7.854 5.940 7.144 6.284 3.787 2.279 0.000 0.000 0.000 0.000 0.000 0.000 0.000 2.130 0.564 1.129 4.054
-999.250 -999.250 -999.250 -999.250 -999.250 -999.250 -999.250 -999.250 -999.250 -999.250 -999.250 -999.250 -999.250 -999.250 -999.250 -999.250 -999.250 -999.250 -999.250 -999.250 -999.250 -999.250 0.000 0.000 0.000 0.000 0.000 0.000 0.584 1.662 2.754 2.529 2.908 4.871 2.911 1.704 4.708 2.629 3.556 4.485 7.116 6.419 4.550 3.086 3.797 2.362 0.046 0.000 0.000 0.000 0.063 1.980 4.169 5.354 5.902 5.484 5.406 4.404 0.469 0.000 0.000 0.000 0.000 0.000 0.000 0.000 1.069 1.134 3.434 2.752
-999.250 -999.250 -999.250 -999.250 -999.250 -999.250 -999.250 -999.250 -999.250 -999.250 -999.250 -999.250 -999.250 -999.250 -999.250 -999.250 -999.250 -999.250 -999.250 -999.250 -999.250 -999.250 0.000 0.000 0.000 0.000 0.000 0.000 0.000 0.000 0.214 0.751 1.934 3.584 4.048 0.606 5.147 3.550 7.553 4.928 4.076 4.512 6.596 4.955 4.489 3.663 2.053 0.000 0.000 0.000 0.416 2.747 4.102 4.286 3.982 4.394 0.657 1.353 0.896 0.000 0.000 0.000 0.000 0.000 0.000 0.000 0.065 0.144 0.514 1.101
-999.250 -999.250 -999.250 -999.250 -999.250 -999.250 -999.250 -999.250 -999.250 -999.250 -999.250 -999.250 -999.250 -999.250 -999.250 -999.250 -999.250 -999.250 -999.250 -999.250 -999.250 0.000 0.000 0.000 0.000 0.000 0.000 0.000 0.000 0.000 0.798 0.000 1.280 1.335 1.443 0.000 2.463 5.351 7.920 6.956 7.107 5.873 4.380 5.570 3.014 3.577 1.434 1.908 0.000 0.000 0.000 0.000 1.913 0.291 2.019 1.606 1.193 0.434 1.377 0.000 0.000 0.000 0.000 0.000 1.249 0.000 0.000 0.000 0.000 0.785
-999.250 -999.250 -999.250 -999.250 -999.250 -999.250 -999.250 -999.250 -999.250 -999.250 -999.250 -999.250 -999.250 -999.250 -999.250 -999.250 -999.250 -999.250 -999.250 -999.250 -999.250 0.000 0.000 0.000 0.000 0.000 0.000 0.000 0.000 0.000 0.000 0.466 0.000 0.000 0.887 1.636 3.079 5.818 3.826 5.383 7.177 3.628 4.054 4.274 5.318 4.008 2.177 1.062 1.643 0.627 0.000 0.000 0.000 1.639 0.583 0.064 0.000 0.000 0.284 0.211 0.000 0.000 0.361 1.480 1.707 0.837 0.000 0.000 0.000 0.000
-999.250 -999.250 -999.250 -999.250 -999.250 -999.250 -999.250 -999.250 -999.250 -999.250 -999.250 -999.250 -999.250 -999.250 -999.250 -999.250 -999.250 -999.250 -999.250 -999.250 -999.250 0.000 0.735 0.000 0.000 0.000 0.000 0.000 0.000 0.000 0.000 0.000 0.204 0.000 0.000 2.161 2.825 2.606 2.795 3.957 4.122 4.645 3.426 5.586 5.628 3.167 2.692 1.564 3.198 0.993 0.000 0.000 0.000 0.000 0.000 0.000 0.000 0.679 0.000 0.013 0.000 0.000 0.000 0.305 0.235 0.000 0.000 0.000 0.000 0.000
-999.250 -999.250 -999.250 -999.250 -999.250 -999.250 -999.250 -999.250 -999.250 -999.250 -999.250 -999.250 -999.250 -999.250 -999.250 -999.250 -999.250 -999.250 -999.250 -999.250 1.855 2.679 0.304 0.347 0.133 0.883 0.290 0.000 0.248 0.000 0.000 0.000 0.580 0.239 0.806 5.047 3.210 5.618 4.381 2.415 5.361 5.689 4.038 5.564 5.770 3.893 2.991 2.660 1.778 0.000 0.000 0.000 0.000 0.000 0.000 0.000 0.000 0.000 0.000 0.000 0.000 0.000 0.448 1.140 0.133 1.990 0.804 0.000 0.000 0.000
-999.250 -999.250 -999.250 -999.250 -999.250 -999.250 -999.250 -999.250 -999.250 -999.250 -999.250 -999.250 -999.250 -999.250 -999.250 -999.250 -999.250 -999.250 -999.250 -999.250 2.310 5.795 3.589 1.253 5.205 2.765 0.913 0.410 0.000 0.000 0.000 0.000 0.060 0.918 1.064 4.247 3.017 3.163 5.722 4.268 3.921 6.763 5.001 3.982 3.600 2.500 3.633 2.089 0.954 0.065 0.000 0.000 0.000 0.000 0.000 0.000 0.000 0.000 0.000 0.000 0.000 0.000 0.119 0.000 0.679 1.591 0.000 0.034 0.000 0.000
-999.250 -999.250 -999.250 -999.250 -999.250 -999.250 -999.250 -999.250 -999.250 -999.250 -999.250 -999.250 -999.250 -999.250 -999.250 -999.250 -999.250 -999.250 -999.250 -999.250 3.629 5.749 4.114 3.254 6.232 0.916 1.854 0.428 0.000 0.000 0.000 0.000 0.000 0.000 2.806 3.849 2.914 3.839 6.018 5.737 8.414 5.880 6.837 5.114 6.769 4.120 4.146 1.816 0.804 0.180 0.000 0.000 0.000 0.000 0.000 0.000 0.000 0.000 0.000 0.000 0.000 0.000 0.000 0.000 0.000 2.420 1.988 2.712 0.000 0.000
-999.250 -999.250 -999.250 -999.250 -999.250 -999.250 -999.250 -999.250 -999.250 -999.250 -999.250 -999.250 -999.250 -999.250 -999.250 -999.250 -999.250 -999.250 -999.250 -999.250 4.533 6.147 5.401 4.796 5.004 4.048 1.275 0.000 0.000 0.000 0.000 0.000 0.000 0.000 0.685 1.630 2.259 4.591 4.887 5.829 9.082 7.935 6.091 5.000 6.261 7.412 3.898 2.344 0.712 0.202 1.080 0.000 0.000 0.000 0.000 0.000 0.000 0.000 0.000 0.000 0.000 0.000 0.000 0.000 0.868 0.487 2.849 2.873 2.944 3.054
-999.250 -999.250 -999.250 -999.250 -999.250 -999.250 -999.250 -999.250 -999.250 -999.250 -999.250 -999.250 -999.250 -999.250 -999.250 -999.250 -999.250 -999.250 -999.250 4.536 5.656 7.224 6.739 5.174 5.317 2.909 1.778 0.000 0.000 0.000 0.000 0.000 0.000 0.000 0.000 2.768 0.510 3.003 6.326 5.854 6.944 5.405 5.260 3.148 5.067 4.000 3.317 0.047 0.516 1.740 0.000 0.000 0.000 0.000 0.000 0.000 0.000 0.000 0.000 0.000 0.000 0.000 0.000 0.063 0.330 1.449 1.658 1.353 3.039 3.814
-999.250 -999.250 -999.250 -999.250 -999.250 -999.250 -999.250 -999.250 -999.250 -999.250 -999.250 -999.250 -999.250 -999.250 -999.250 -999.250 -999.250 -999.250 -999.250 5.177 4.672 5.222 5.123 3.998 5.635 5.580 4.332 0.555 0.000 0.000 0.000 0.000 0.000 0.000 0.444 2.876 2.067 2.897 6.430 6.805 5.816 3.727 4.208 3.339 4.106 2.363 1.449 0.085 0.000 0.000 0.000 0.000 0.000 0.000 0.000 0.000 0.000 0.000 0.000 0.000 0.000 0.000 0.000 0.000 0.000 0.950 3.121 2.684 3.869 2.241
-999.250 -999.250 -999.250 -999.250 -999.250 -999.250 -999.250 -999.250 -999.250 -999.250 -999.250 -999.250 -999.250 -999.250 -999.250 -999.250 -999.250 -999.250 -999.250 4.132 7.060 4.774 4.185 3.570 4.261 4.280 4.560 1.459 0.000 0.000 0.000 0.000 0.000 0.382 1.085 1.636 5.394 4.200 5.461 6.608 5.010 5.508 3.236 3.514 2.680 2.304 0.000 0.000 0.000 0.000 0.000 0.000 0.000 0.000 0.000 0.000 0.000 0.000 0.000 0.000 0.000 0.000 0.000 0.000 0.000 0.029 2.960 3.524 3.715 3.298
-999.250 -999.250 -999.250 -999.250 -999.250 -999.250 -999.250 -999.250 -999.250 -999.250 -999.250 -999.250 -999.250 -999.250 -999.250 -999.250 -999.250 -999.250 -999.250 4.035 3.880 4.541 4.622 6.249 4.411 6.484 3.687 0.483 0.000 1.442 0.955 0.000 0.000 1.832 1.025 5.016 5.950 6.001 6.454 6.286 6.258 2.859 3.637 3.961 1.377 0.571 0.000 0.000 0.000 0.000 0.000 0.000 0.000 0.000 0.000 0.000 0.000 0.000 0.000 0.000 0.000 0.000 0.000 0.000 0.000 0.000 0.000 0.711 2.717 3.932
-999.250 -999.250 -999.250 -999.250 -999.250 -999.250 -999.250 -999.250 -999.250 -999.250 -999.250 -999.250 -999.250 -999.250 -999.250 -999.250 -999.250 -999.250 -999.250 4.207 5.136 4.599 5.966 7.144 7.527 6.141 5.521 2.109 0.201 4.015 5.032 3.851 2.337 0.589 3.350 3.524 7.120 6.885 9.587 5.860 4.032 3.059 3.356 1.468 1.694 0.038 0.000 0.000 0.000 0.000 0.000 0.000 0.000 0.000 0.000 0.000 0.000 0.000 0.000 0.000 0.000 0.000 0.000 0.000 0.000 0.000 0.000 0.096 3.092 2.409
-999.250 -999.250 -999.250 -999.250 -999.250 -999.250 -999.250 -999.250 -999.250 -999.250 -999.250 -999.250 -999.250 -999.250 -999.250 -999.250 -999.250 -999.250 3.420 4.225 6.342 6.337 10.613 9.336 6.578 4.608 8.603 5.498 5.029 6.258 4.394 4.016 2.842 1.592 3.706 4.463 4.362 6.295 7.492 6.951 5.418 3.862 3.181 1.516 0.295 1.114 0.000 0.000 0.000 0.000 0.000 0.000 0.000 0.000 0.000 0.000 0.051 0.000 0.000 0.000 0.000 0.000 0.000 0.000 0.000 0.000 0.000 0.774 1.894 1.324
-999.250 -999.250 -999.250 -999.250 -999.250 -999.250 -999.250 -999.250 -999.250 -999.250 -999.250 -999.250 -999.250 -999.250 -999.250 -999.250 -999.250 5.862 5.968 4.716 7.752 7.539 6.346 7.216 8.218 7.002 8.777 6.307 7.650 8.039 7.601 3.853 5.582 2.008 4.546 5.244 4.723 6.136 5.847 6.968 6.554 5.019 3.503 3.347 1.193 0.000 0.000 0.000 0.000 0.000 0.000 0.000 0.000 0.000 0.000 0.000 0.170 0.496 0.000 0.000 0.000 0.000 0.000 0.000 0.000 0.000 0.000 0.000 1.244 0.015
-999.250 -999.250 -999.250 -999.250 -999.250 -999.250 -999.250 -999.250 -999.250 -999.250 -999.250 -999.250 -999.250 -999.250 -999.250 -999.250 -999.250 8.540 9.192 7.923 9.935 7.815 7.939 8.271 8.063 6.716 8.245 6.707 9.002 8.948 6.473 6.246 3.947 6.714 5.951 5.757 5.752 4.899 5.160 6.127 4.491 4.695 3.807 4.696 3.776 0.549 0.000 0.000 0.000 0.000 0.000 0.000 0.000 0.000 0.000 0.000 0.000 0.027 0.000 0.000 0.000 0.000 0.000 0.000 0.000 0.000 0.112 0.000 0.301 0.000
-999.250 -999.250 -999.250 -999.250 -999.250 -999.250 -999.250 -999.250 -999.250 -999.250 -999.250 -999.250 -999.250 -999.250 -999.250 6.931 7.104 10.607 8.536 8.010 9.074 9.488 9.584 7.054 7.174 7.088 10.455 10.837 9.478 9.137 7.841 5.737 7.339 8.944 6.829 4.480 3.578 4.523 4.793 5.411 5.752 5.725 4.839 4.151 3.604 4.382 0.287 0.000 0.000 0.000 0.000 0.000 0.000 0.000 0.000 0.000 0.600 2.847 2.396 0.384 0.000 0.000 0.000 0.000 0.000 0.392 0.000 0.000 0.000 0.000
-999.250 -999.250 -999.250 -999.250 -999.250 -999.250 -999.250 -999.250 -999.250 -999.250 -999.250 -999.250 -999.250 -999.250 4.248 5.473 6.984 8.780 7.858 7.792 8.574 7.282 7.876 9.571 10.006 8.986 7.755 9.334 8.718 6.849 9.178 6.700 9.153 8.854 7.676 4.011 5.838 4.762 4.807 3.780 5.809 5.336 4.944 5.202 6.489 5.736 2.878 0.000 0.000 0.000 0.000 0.000 0.000 0.000 0.000 0.000 1.036 1.616 2.850 0.901 0.480 0.000 0.000 0.000 0.145 0.503 0.000 0.000 0.000 0.000
-999.250 -999.250 -999.250 -999.250 -999.250 -999.250 -999.250 -999.250 -999.250 -999.250 -999.250 -999.250 -999.250 -999.250 5.819 5.148 5.003 6.859 5.103 8.439 8.042 7.199 7.870 7.383 8.994 10.772 7.926 10.318 11.602 11.111 9.831 10.599 10.903 9.942 6.440 8.296 7.607 7.807 6.041 5.579 7.299 4.145 5.471 4.610 7.851 9.277 4.445 0.000 0.000 0.000 0.000 0.000 0.000 0.000 0.000 0.024 2.933 2.731 3.352 4.806 1.116 0.982 0.663 0.000 0.985 0.000 0.000 0.000 0.000 0.000
-999.250 -999.250 -999.250 -999.250 -999.250 -999.250 -999.250 -999.250 -999.250 -999.250 -999.250 -999.250 -999.250 8.575 6.073 6.237 7.459 4.642 4.402 5.721 5.684 8.415 7.918 6.586 8.990 7.576 7.942 9.703 9.716 12.382 12.983 10.033 10.899 10.054 9.100 8.951 6.786 7.331 6.817 4.254 5.877 8.459 9.452 9.213 9.163 6.925 6.115 2.169 0.000 0.000 0.000 0.000 0.000 0.000 0.000 0.000 1.330 2.027 2.278 4.048 2.617 4.814 1.991 2.856 0.082 0.560 0.000 0.000 0.000 0.000
-999.250 -999.250 -999.250 -999.250 -999.250 -999.250 -999.250 -999.250 -999.250 -999.250 -999.250 -999.250 5.510 6.092 8.263 6.271 3.156 6.401 3.756 7.152 5.604 5.969 6.256 6.378 6.860 6.657 5.054 6.915 10.825 9.348 13.949 10.487 10.884 10.722 12.579 9.914 8.247 7.833 7.425 8.109 6.312 8.087 10.381 10.426 13.412 12.662 6.911 2.822 0.778 0.000 0.000 0.000 0.000 0.000 0.000 0.629 1.863 4.185 1.514 1.050 3.307 2.548 0.944 1.312 0.000 0.000 0.000 0.000 0.000 0.000
-999.250 -999.250 -999.250 -999.250 -999.250 -999.250 -999.250 -999.250 -999.250 -999.250 -999.250 4.020 5.377 5.683 6.539 7.493 3.523 3.715 3.856 1.781 4.543 4.826 4.911 5.482 3.088 7.798 6.960 7.695 12.955 11.833 12.588 14.159 12.025 13.498 13.349 10.883 9.609 9.776 11.351 8.707 11.576 10.251 11.683 13.975 16.308 18.730 10.148 5.013 1.901 0.000 0.000 0.000 0.000 0.000 0.041 0.365 4.207 2.132 4.840 3.880 3.101 0.127 1.319 1.602 0.550 0.742 0.000 0.000 0.000 0.000
-999.250 -999.250 -999.250 -999.250 -999.250 -999.250 -999.250 -999.250 -999.250 -999.250 2.718 4.084 6.466 4.999 6.608 5.820 3.468 2.799 1.871 2.357 2.694 4.981 3.513 5.519 7.134 8.105 6.602 9.052 12.796 13.068 12.705 13.541 15.097 14.673 15.127 13.342 11.846 9.019 12.866 14.593 10.482 12.541 12.335 12.840 15.160 14.253 9.456 3.313 0.837 0.000 0.000 0.000 0.000 0.230 0.000 1.345 3.835 1.647 4.979 4.060 2.794 4.473 3.278 3.850 0.683 0.130 1.300 0.000 0.000 0.000
-999.250 -999.250 -999.250 -999.250 -999.250 -999.250 -999.250 -999.250 -999.250 1.355 3.497 3.165 4.788 6.519 9.088 8.439 4.159 4.367 2.233 3.853 3.893 4.487 5.218 7.088 6.065 6.155 7.458 8.816 9.716 13.044 11.165 13.618 13.738 16.872 16.796 15.635 13.249 14.428 14.608 13.749 16.432 14.170 17.564 12.283 8.394 8.167 4.066 1.582 0.032 0.073 0.000 0.000 0.926 0.000 0.000 0.237 3.187 3.807 3.405 4.454 3.218 3.718 3.960 2.295 2.152 0.276 1.404 0.000 0.000 0.000
-999.250 -999.250 -999.250 -999.250 -999.250 0.000 0.000 0.000 0.000 0.450 1.231 3.336 5.051 6.618 6.658 5.674 4.848 3.629 3.856 4.125 5.732 5.443 7.450 6.122 7.376 6.912 8.083 9.983 12.828 11.268 16.626 16.758 14.323 15.876 17.047 17.363 16.110 18.038 14.749 16.735 17.829 17.257 14.887 11.312 8.487 2.865 0.000 0.000 0.067 0.257 2.062 2.274 2.326 1.197 0.263 2.090 2.515 4.210 3.337 3.388 1.757 3.530 3.421 2.613 4.186 0.000 0.167 0.000 0.000 0.000
