data/medianmodel_02-Jun-2020.asc
ncols	141
nrows	288
xllcorner	-120191.398
yllcorner	-301404.813
cellsize	2000.000
NODATA_value	-999.250
[rows 31 to 61 of 288, columns 0 to 68 of 141]
-999.250 -999.250 -999.250 -999.250 -999.250 -999.250 -999.250 -999.250 -999.250 -999.250 -999.250 -999.250 -999.250 -999.250 -999.250 -999.250 -999.250 -999.250 -999.250 -999.250 -999.250 -999.250 -999.250 -999.250 -999.250 -999.250 -999.250 -999.250 -999.250 -999.250 -999.250 -999.250 5.694 2.700 1.341 5.505 6.403 6.788 3.346 4.658 2.343 2.254 5.041 2.633 5.252 4.832 5.668 5.576 3.498 4.028 5.151 8.352 10.571 8.419 13.954 9.650 10.086 14.622 12.709 16.553 19.097 16.134 10.725 12.135 10.185 8.734 8.852 4.514 5.919
-999.250 -999.250 -999.250 -999.250 -999.250 -999.250 -999.250 -999.250 -999.250 -999.250 -999.250 -999.250 -999.250 -999.250 -999.250 -999.250 -999.250 -999.250 -999.250 -999.250 -999.250 -999.250 -999.250 -999.250 -999.250 -999.250 -999.250 -999.250 -999.250 -999.250 -999.250 -999.250 3.038 3.662 2.809 3.645 6.403 5.697 3.487 3.886 5.064 6.850 6.285 6.700 6.269 6.998 3.603 3.742 4.060 7.387 8.779 12.256 11.158 10.216 14.147 12.018 12.164 13.617 12.354 14.243 15.192 13.218 12.870 7.678 8.350 6.647 5.094 3.673 2.982
-999.250 -999.250 -999.250 -999.250 -999.250 -999.250 -999.250 -999.250 -999.250 -999.250 -999.250 -999.250 -999.250 -999.250 -999.250 -999.250 -999.250 -999.250 -999.250 -999.250 -999.250 -999.250 -999.250 -999.250 -999.250 -999.250 -999.250 -999.250 -999.250 -999.250 -999.250 -999.250 5.607 8.778 3.743 4.442 5.454 6.817 3.825 4.837 8.607 4.883 6.559 7.706 7.078 9.319 5.707 6.874 9.306 7.490 12.841 16.134 12.813 13.962 12.413 8.843 11.216 11.600 12.374 12.229 13.875 14.294 10.855 7.476 4.998 3.735 3.635 2.248 3.516
-999.250 -999.250 -999.250 -999.250 -999.250 -999.250 -999.250 -999.250 -999.250 -999.250 -999.250 -999.250 -999.250 -999.250 -999.250 -999.250 -999.250 -999.250 -999.250 -999.250 -999.250 -999.250 -999.250 -999.250 -999.250 -999.250 -999.250 -999.250 -999.250 -999.250 -999.250 -999.250 6.606 7.395 4.978 4.415 3.562 5.274 4.305 5.616 7.120 6.330 5.289 7.500 6.497 8.898 8.683 7.753 7.918 9.525 16.735 17.752 15.444 14.229 11.818 11.723 12.994 12.666 15.270 9.818 11.393 16.051 8.531 8.050 6.399 3.671 3.200 4.599 3.157
-999.250 -999.250 -999.250 -999.250 -999.250 -999.250 -999.250 -999.250 -999.250 -999.250 -999.250 -999.250 -999.250 -999.250 -999.250 -999.250 -999.250 -999.250 -999.250 -999.250 -999.250 -999.250 -999.250 -999.250 -999.250 -999.250 -999.250 -999.250 -999.250 -999.250 -999.250 -999.250 4.962 4.896 3.110 2.772 4.945 4.895 3.218 5.533 6.476 6.705 6.027 7.745 7.275 6.245 6.699 7.518 7.650 9.659 13.944 19.179 19.829 16.566 14.789 12.613 11.633 19.333 14.504 13.496 14.648 11.398 9.098 7.143 2.746 2.636 1.999 3.201 0.667
-999.250 -999.250 -999.250 -999.250 -999.250 -999.250 -999.250 -999.250 -999.250 -999.250 -999.250 -999.250 -999.250 -999.250 -999.250 -999.250 -999.250 -999.250 -999.250 -999.250 -999.250 -999.250 -999.250 -999.250 -999.250 -999.250 -999.250 -999.250 -999.250 -999.250 -999.250 -999.250 4.672 4.632 4.106 1.138 4.625 3.877 5.499 4.507 5.760 6.844 5.518 5.659 8.323 7.470 7.899 8.200 10.867 12.652 19.243 22.960 20.047 22.070 16.189 17.834 15.108 14.639 11.100 11.070 9.377 11.100 7.185 4.040 4.619 4.672 3.350 1.506 2.300
-999.250 -999.250 -999.250 -999.250 -999.250 -999.250 -999.250 -999.250 -999.250 -999.250 -999.250 -999.250 -999.250 -999.250 -999.250 -999.250 -999.250 -999.250 -999.250 -999.250 -999.250 -999.250 -999.250 -999.250 -999.250 -999.250 -999.250 -999.250 -999.250 -999.250 -999.250 -999.250 -999.250 5.505 5.921 4.130 3.096 4.038 5.750 7.070 4.417 3.547 6.467 5.136 5.288 8.842 8.627 11.910 10.861 13.387 16.701 18.098 17.120 18.953 15.517 16.004 15.982 11.838 11.488 9.307 8.040 9.437 7.862 4.846 5.194 4.451 3.900 1.570 3.789
-999.250 -999.250 -999.250 -999.250 -999.250 -999.250 -999.250 -999.250 -999.250 -999.250 -999.250 -999.250 -999.250 -999.250 -999.250 -999.250 -999.250 -999.250 -999.250 -999.250 -999.250 -999.250 -999.250 -999.250 -999.250 -999.250 -999.250 -999.250 -999.250 -999.250 -999.250 -999.250 -999.250 6.778 6.078 3.003 3.323 2.637 3.451 3.526 4.333 3.069 5.303 6.182 8.055 7.038 7.762 9.591 13.002 13.011 14.504 21.587 17.367 10.774 14.318 12.489 14.712 11.911 14.565 10.222 8.968 7.567 5.491 4.588 5.442 6.282 4.470 2.179 2.234
-999.250 -999.250 -999.250 -999.250 -999.250 -999.250 -999.250 -999.250 -999.250 -999.250 -999.250 -999.250 -999.250 -999.250 -999.250 -999.250 -999.250 -999.250 -999.250 -999.250 -999.250 -999.250 -999.250 -999.250 -999.250 -999.250 -999.250 -999.250 -999.250 -999.250 -999.250 -999.250 5.194 5.104 4.091 3.220 3.591 3.503 3.529 4.946 4.345 3.604 3.449 4.194 2.057 6.505 9.636 13.723 12.581 13.031 18.602 20.031 24.949 13.530 13.027 14.469 16.171 10.742 14.590 10.691 7.841 6.882 6.602 6.759 5.623 3.828 3.559 1.404 0.133
-999.250 -999.250 -999.250 -999.250 -999.250 -999.250 -999.250 -999.250 -999.250 -999.250 -999.250 -999.250 -999.250 -999.250 -999.250 -999.250 -999.250 -999.250 -999.250 -999.250 -999.250 -999.250 -999.250 -999.250 -999.250 -999.250 -999.250 -999.250 -999.250 -999.250 -999.250 -999.250 5.651 7.412 4.089 4.256 4.101 2.098 3.935 3.247 3.022 2.159 1.814 2.001 2.934 4.952 10.160 14.316 17.597 15.282 21.180 35.821 41.569 25.751 17.340 14.324 10.833 12.639 15.097 14.096 11.153 7.934 6.493 10.504 4.539 2.696 0.411 0.000 0.000
-999.250 -999.250 -999.250 -999.250 -999.250 -999.250 -999.250 -999.250 -999.250 -999.250 -999.250 -999.250 -999.250 -999.250 -999.250 -999.250 -999.250 -999.250 -999.250 -999.250 -999.250 -999.250 -999.250 -999.250 -999.250 -999.250 -999.250 -999.250 -999.250 -999.250 -999.250 -999.250 -999.250 4.390 7.964 4.393 1.622 2.263 4.025 2.057 4.675 2.948 1.186 0.000 3.038 3.217 9.457 14.004 17.436 30.202 38.224 70.050 87.120 59.029 29.082 20.539 12.655 12.096 12.958 14.306 10.304 7.617 7.413 5.838 4.136 1.646 0.000 0.000 0.000
-999.250 -999.250 -999.250 -999.250 -999.250 -999.250 -999.250 -999.250 -999.250 -999.250 -999.250 -999.250 -999.250 -999.250 -999.250 -999.250 -999.250 -999.250 -999.250 -999.250 -999.250 -999.250 -999.250 -999.250 -999.250 -999.250 -999.250 -999.250 -999.250 -999.250 -999.250 -999.250 -999.250 4.424 2.458 3.082 2.625 2.423 4.428 3.645 7.204 5.681 2.699 1.597 3.782 5.352 10.204 15.477 20.978 23.363 44.240 76.606 129.723 104.252 50.725 18.344 16.104 15.362 14.121 12.729 14.496 10.297 6.825 4.999 4.829 1.282 0.000 0.000 0.000
-999.250 -999.250 -999.250 -999.250 -999.250 -999.250 -999.250 -999.250 -999.250 -999.250 -999.250 -999.250 -999.250 -999.250 -999.250 -999.250 -999.250 -999.250 -999.250 -999.250 -999.250 -999.250 -999.250 -999.250 -999.250 -999.250 -999.250 -999.250 -999.250 -999.250 -999.250 -999.250 -999.250 3.534 3.081 3.682 3.489 5.202 5.086 6.243 5.784 4.852 4.781 1.838 4.378 9.190 14.658 22.041 16.744 19.562 39.499 60.070 92.184 73.755 41.162 18.462 14.603 19.496 16.526 13.793 8.877 9.568 7.357 6.434 3.916 2.606 0.000 0.000 0.344
-999.250 -999.250 -999.250 -999.250 -999.250 -999.250 -999.250 -999.250 -999.250 -999.250 -999.250 -999.250 -999.250 -999.250 -999.250 -999.250 -999.250 -999.250 -999.250 -999.250 -999.250 -999.250 -999.250 -999.250 -999.250 -999.250 -999.250 -999.250 -999.250 -999.250 -999.250 -999.250 -999.250 -999.250 4.647 7.510 5.735 4.333 5.054 5.403 4.285 2.655 2.476 3.397 5.907 10.504 11.669 15.064 15.209 16.763 20.189 32.634 63.299 67.778 30.075 22.991 19.179 16.282 13.789 11.225 9.373 9.285 7.806 6.159 4.296 2.417 0.059 0.000 0.853
-999.250 -999.250 -999.250 -999.250 -999.250 -999.250 -999.250 -999.250 -999.250 -999.250 -999.250 -999.250 -999.250 -999.250 -999.250 -999.250 -999.250 -999.250 -999.250 -999.250 -999.250 -999.250 -999.250 -999.250 -999.250 -999.250 -999.250 -999.250 -999.250 -999.250 -999.250 -999.250 -999.250 -999.250 2.931 3.953 4.000 4.678 3.335 5.329 3.735 0.645 2.893 5.206 4.817 7.233 11.872 15.050 13.638 16.162 18.728 19.147 41.325 43.567 24.226 25.159 19.783 17.545 15.321 12.351 13.083 11.072 8.107 7.787 6.012 4.914 1.241 1.659 1.219
-999.250 -999.250 -999.250 -999.250 -999.250 -999.250 -999.250 -999.250 -999.250 -999.250 -999.250 -999.250 -999.250 -999.250 -999.250 -999.250 -999.250 -999.250 -999.250 -999.250 -999.250 -999.250 -999.250 -999.250 -999.250 -999.250 -999.250 -999.250 -999.250 -999.250 -999.250 -999.250 -999.250 -999.250 5.619 3.971 2.884 4.298 3.501 2.543 3.375 2.725 1.784 2.521 5.614 10.322 16.155 17.852 16.196 15.494 19.391 16.083 22.392 35.654 34.955 35.632 20.761 17.063 19.969 19.923 14.232 8.077 6.390 6.339 5.219 2.781 2.303 2.598 2.626
-999.250 -999.250 -999.250 -999.250 -999.250 -999.250 -999.250 -999.250 -999.250 -999.250 -999.250 -999.250 -999.250 -999.250 -999.250 -999.250 -999.250 -999.250 -999.250 -999.250 -999.250 -999.250 -999.250 -999.250 -999.250 -999.250 -999.250 -999.250 -999.250 -999.250 -999.250 -999.250 -999.250 -999.250 7.536 5.264 4.765 5.695 4.809 3.885 4.105 4.751 3.966 6.318 4.881 8.515 13.585 15.879 15.324 14.528 16.013 21.456 31.935 47.660 64.164 31.203 17.547 13.934 18.806 14.624 10.603 6.248 5.415 4.677 5.493 6.823 4.592 4.617 5.362
-999.250 -999.250 -999.250 -999.250 -999.250 -999.250 -999.250 -999.250 -999.250 -999.250 -999.250 -999.250 -999.250 -999.250 -999.250 -999.250 -999.250 -999.250 -999.250 -999.250 -999.250 -999.250 -999.250 -999.250 -999.250 -999.250 -999.250 -999.250 -999.250 -999.250 -999.250 -999.250 -999.250 -999.250 -999.250 8.210 7.758 5.009 5.943 9.243 6.818 6.337 7.897 7.624 6.372 11.190 15.721 16.699 19.482 17.900 17.430 24.882 30.783 31.307 40.863 22.136 18.753 13.439 13.298 13.061 10.625 4.732 7.520 2.796 3.401 5.896 3.258 6.151 7.253
-999.250 -999.250 -999.250 -999.250 -999.250 -999.250 -999.250 -999.250 -999.250 -999.250 -999.250 -999.250 -999.250 -999.250 -999.250 -999.250 -999.250 -999.250 -999.250 -999.250 -999.250 -999.250 -999.250 -999.250 -999.250 -999.250 -999.250 -999.250 -999.250 -999.250 -999.250 -999.250 -999.250 -999.250 -999.250 8.693 8.407 8.057 8.703 11.618 12.775 11.270 11.572 7.913 10.653 8.457 12.233 10.612 13.089 15.227 17.506 23.563 23.746 30.437 26.100 23.974 16.792 12.580 10.512 13.857 9.491 6.063 4.629 4.211 5.682 7.025 6.624 6.367 9.363
-999.250 -999.250 -999.250 -999.250 -999.250 -999.250 -999.250 -999.250 -999.250 -999.250 -999.250 -999.250 -999.250 -999.250 -999.250 -999.250 -999.250 -999.250 -999.250 -999.250 -999.250 -999.250 -999.250 -999.250 -999.250 -999.250 -999.250 -999.250 -999.250 -999.250 -999.250 -999.250 -999.250 -999.250 -999.250 7.827 7.121 7.062 13.354 21.587 14.518 11.299 12.620 10.777 8.535 7.532 9.364 11.408 8.728 9.167 12.972 16.370 16.056 23.635 21.654 19.165 17.808 14.667 18.015 14.149 10.816 6.771 4.767 5.909 5.993 6.260 8.701 10.058 9.005
-999.250 -999.250 -999.250 -999.250 -999.250 -999.250 -999.250 -999.250 -999.250 -999.250 -999.250 -999.250 -999.250 -999.250 -999.250 -999.250 -999.250 -999.250 -999.250 -999.250 -999.250 -999.250 -999.250 -999.250 -999.250 -999.250 -999.250 -999.250 -999.250 -999.250 -999.250 -999.250 -999.250 -999.250 -999.250 7.461 7.873 8.612 15.397 13.525 13.645 12.117 16.420 8.266 7.446 10.828 12.937 8.935 7.658 9.399 10.696 13.485 14.671 15.270 18.486 16.181 16.907 13.130 11.630 9.439 7.942 9.031 7.181 7.345 9.724 4.389 6.657 8.667 9.813
-999.250 -999.250 -999.250 -999.250 -999.250 -999.250 -999.250 -999.250 -999.250 -999.250 -999.250 -999.250 -999.250 -999.250 -999.250 -999.250 -999.250 -999.250 -999.250 -999.250 -999.250 -999.250 -999.250 -999.250 -999.250 -999.250 -999.250 -999.250 -999.250 -999.250 -999.250 -999.250 -999.250 -999.250 -999.250 8.578 7.958 8.442 8.186 7.702 8.573 7.109 8.631 6.605 8.505 6.795 9.515 7.928 7.015 11.619 9.963 9.973 12.960 11.290 12.410 13.575 14.430 8.610 7.050 5.940 5.656 6.909 6.756 8.787 12.793 7.718 8.895 11.852 12.404
-999.250 -999.250 -999.250 -999.250 -999.250 -999.250 -999.250 -999.250 -999.250 -999.250 -999.250 -999.250 -999.250 -999.250 -999.250 -999.250 -999.250 -999.250 -999.250 -999.250 -999.250 -999.250 -999.250 -999.250 -999.250 -999.250 -999.250 -999.250 -999.250 -999.250 -999.250 -999.250 -999.250 -999.250 -999.250 -999.250 5.591 4.345 6.629 6.220 8.136 6.934 4.202 5.993 7.527 9.128 8.791 8.405 7.842 9.419 8.087 11.477 12.899 8.503 10.062 11.272 13.383 5.549 3.893 5.826 4.828 4.486 8.751 8.868 12.317 15.444 14.849 15.937 11.037
-999.250 -999.250 -999.250 -999.250 -999.250 -999.250 -999.250 -999.250 -999.250 -999.250 -999.250 -999.250 -999.250 -999.250 -999.250 -999.250 -999.250 -999.250 -999.250 -999.250 -999.250 -999.250 -999.250 -999.250 -999.250 -999.250 -999.250 -999.250 -999.250 -999.250 -999.250 -999.250 -999.250 -999.250 -999.250 -999.250 5.797 7.027 5.301 10.618 7.615 5.854 7.787 10.242 5.869 9.173 9.355 7.923 6.825 7.171 6.678 8.701 6.930 6.022 9.366 11.096 12.107 11.274 7.027 5.272 4.645 6.136 7.699 9.969 16.051 20.195 24.316 20.590 10.271
-999.250 -999.250 -999.250 -999.250 -999.250 -999.250 -999.250 -999.250 -999.250 -999.250 -999.250 -999.250 -999.250 -999.250 -999.250 -999.250 -999.250 -999.250 -999.250 -999.250 -999.250 -999.250 -999.250 -999.250 -999.250 -999.250 -999.250 -999.250 -999.250 -999.250 -999.250 -999.250 -999.250 -999.250 -999.250 -999.250 -999.250 6.215 7.119 5.237 5.331 7.481 7.388 8.287 6.435 8.687 8.480 5.985 6.417 6.226 7.913 9.461 6.796 7.429 8.350 12.665 11.722 10.899 7.690 8.400 8.774 10.659 11.807 12.290 17.077 25.024 48.005 23.401 9.816
-999.250 -999.250 -999.250 -999.250 -999.250 -999.250 -999.250 -999.250 -999.250 -999.250 -999.250 -999.250 -999.250 -999.250 -999.250 -999.250 -999.250 -999.250 -999.250 -999.250 -999.250 -999.250 -999.250 -999.250 -999.250 -999.250 -999.250 -999.250 -999.250 -999.250 -999.250 -999.250 -999.250 -999.250 -999.250 -999.250 -999.250 6.054 6.362 5.404 7.946 6.092 7.130 6.521 5.873 6.535 5.451 6.549 6.500 5.715 9.143 9.293 7.593 6.647 7.283 14.509 13.349 12.245 12.062 8.409 12.955 15.512 12.927 10.505 13.728 18.288 22.443 18.361 5.190
-999.250 -999.250 -999.250 -999.250 -999.250 -999.250 -999.250 -999.250 -999.250 -999.250 -999.250 -999.250 -999.250 -999.250 -999.250 -999.250 -999.250 -999.250 -999.250 -999.250 -999.250 -999.250 -999.250 -999.250 -999.250 -999.250 -999.250 -999.250 -999.250 -999.250 -999.250 -999.250 -999.250 -999.250 -999.250 -999.250 -999.250 7.085 7.298 8.820 12.647 7.822 7.468 7.184 6.665 4.781 5.894 5.428 5.269 6.511 7.587 6.779 6.408 8.091 8.383 6.590 9.348 10.683 10.389 7.466 9.798 11.683 13.965 14.530 11.160 15.554 11.874 8.010 0.000
-999.250 -999.250 -999.250 -999.250 -999.250 -999.250 -999.250 -999.250 -999.250 -999.250 -999.250 -999.250 -999.250 -999.250 -999.250 -999.250 -999.250 -999.250 -999.250 -999.250 -999.250 -999.250 -999.250 -999.250 -999.250 -999.250 -999.250 -999.250 -999.250 -999.250 -999.250 -999.250 -999.250 -999.250 -999.250 -999.250 -999.250 6.495 5.997 8.425 8.147 5.443 6.781 7.554 8.351 8.032 7.475 7.488 6.673 6.827 8.836 4.145 4.478 5.146 8.260 7.831 6.954 12.003 12.317 9.478 10.861 14.330 12.674 11.538 8.303 9.679 5.091 1.681 0.000
-999.250 -999.250 -999.250 -999.250 -999.250 -999.250 -999.250 -999.250 -999.250 -999.250 -999.250 -999.250 -999.250 -999.250 -999.250 -999.250 -999.250 -999.250 -999.250 -999.250 -999.250 -999.250 -999.250 -999.250 -999.250 -999.250 -999.250 -999.250 -999.250 -999.250 -999.250 -999.250 -999.250 -999.250 -999.250 -999.250 -999.250 -999.250 4.968 6.377 4.579 5.048 7.934 8.431 10.167 9.907 6.627 8.018 7.967 6.030 6.045 5.945 0.840 0.000 3.304 7.122 8.505 8.939 12.507 10.518 12.784 10.685 10.158 7.258 6.173 7.621 7.349 1.923 0.580
-999.250 -999.250 -999.250 -999.250 -999.250 -999.250 -999.250 -999.250 -999.250 -999.250 -999.250 -999.250 -999.250 -999.250 -999.250 -999.250 -999.250 -999.250 -999.250 -999.250 -999.250 -999.250 -999.250 -999.250 -999.250 -999.250 -999.250 -999.250 -999.250 -999.250 -999.250 -999.250 -999.250 -999.250 -999.250 -999.250 -999.250 -999.250 5.788 4.309 4.220 6.644 6.829 7.704 9.269 9.262 11.541 8.638 6.446 4.032 2.568 1.727 0.054 0.000 1.172 4.863 10.336 11.346 21.925 12.630 9.779 8.528 6.881 7.951 7.780 5.820 5.996 2.317 1.457
-999.250 -999.250 -999.250 -999.250 -999.250 -999.250 -999.250 -999.250 -999.250 -999.250 -999.250 -999.250 -999.250 -999.250 -999.250 -999.250 -999.250 -999.250 -999.250 -999.250 -999.250 -999.250 -999.250 -999.250 -999.250 -999.250 -999.250 -999.250 -999.250 -999.250 -999.250 -999.250 -999.250 -999.250 -999.250 -999.250 -999.250 -999.250 7.642 7.302 7.191 8.206 8.852 7.678 6.279 9.618 9.121 7.387 3.318 4.281 4.376 2.356 0.000 0.000 3.171 4.954 7.139 11.744 13.623 9.046 11.895 9.833 7.694 7.804 10.803 5.082 2.665 2.431 3.634
