data/medianmodel_02-Feb-2021.asc
ncols	141
nrows	288
xllcorner	-120191.398
yllcorner	-301404.813
cellsize	2000.000
NODATA_value	-999.250
[rows 224 to 251 of 288, columns 63 to 125 of 141]
1189.953 1287.538 1446.603 1511.196 1609.253 1687.213 1801.907 1765.679 1749.279 1667.514 1557.921 1402.630 1309.461 1235.544 1247.337 1162.089 1200.899 1185.742 1249.308 1280.409 1307.926 1336.466 1420.865 1504.661 1637.707 1743.298 1893.556 1951.838 2029.282 2060.970 2068.631 2037.934 1933.958 1903.579 1731.426 1686.805 1534.057 1435.728 1378.956 1273.714 1184.992 1083.576 1017.792 1026.793 997.422 1001.512 964.570 -999.250 -999.250 -999.250 -999.250 -999.250 -999.250 -999.250 -999.250 -999.250 -999.250 -999.250 -999.250 -999.250 -999.250 -999.250 -999.250
1285.332 1406.576 1495.271 1539.062 1648.761 1724.382 1745.529 1756.311 1667.458 1555.914 1583.010 1467.045 1371.326 1237.691 1188.042 1206.344 1177.539 1203.027 1214.985 1278.729 1322.227 1324.697 1396.397 1476.105 1532.583 1642.873 1734.332 1850.671 1889.548 1963.349 1902.843 1891.116 1910.734 1842.799 1718.247 1561.182 1491.360 1399.736 1334.020 1200.511 1144.067 1100.059 1077.396 1021.049 1036.095 1049.530 1018.852 -999.250 -999.250 -999.250 -999.250 -999.250 -999.250 -999.250 -999.250 -999.250 -999.250 -999.250 -999.250 -999.250 -999.250 -999.250 -999.250
1384.387 1491.208 1592.464 1601.191 1646.307 1654.041 1709.219 1756.682 1718.370 1622.310 1524.108 1505.929 1415.510 1349.670 1321.851 1272.562 1214.356 1284.146 1275.018 1285.917 1314.316 1295.714 1313.885 1435.572 1487.102 1552.025 1659.801 1762.547 1829.717 1798.654 1781.855 1817.544 1816.216 1739.031 1609.804 1551.817 1489.995 1386.162 1353.772 1229.991 1208.854 1147.982 1094.586 1061.244 1040.334 1060.497 1032.380 -999.250 -999.250 -999.250 -999.250 -999.250 -999.250 -999.250 -999.250 -999.250 -999.250 -999.250 -999.250 -999.250 -999.250 -999.250 -999.250
1491.828 1510.117 1581.196 1698.536 1700.093 1686.754 1680.779 1723.969 1679.585 1607.989 1546.151 1554.043 1381.001 1329.697 1340.024 1318.786 1252.892 1284.071 1238.301 1321.083 1260.015 1263.596 1275.184 1367.215 1456.085 1511.902 1622.852 1628.946 1698.159 1681.514 1727.478 1763.714 1788.411 1792.528 1700.726 1516.556 1498.389 1429.115 1349.165 1249.065 1222.654 1124.912 1072.862 1079.978 1073.593 1091.570 -999.250 -999.250 -999.250 -999.250 -999.250 -999.250 -999.250 -999.250 -999.250 -999.250 -999.250 -999.250 -999.250 -999.250 -999.250 -999.250 -999.250
1546.121 1592.132 1666.097 1732.269 1740.158 1738.377 1713.067 1687.800 1724.983 1678.772 1513.410 1523.227 1444.114 1392.951 1370.410 1363.964 1254.158 1206.160 1219.026 1268.649 1249.909 1206.200 1236.318 1291.184 1328.651 1477.587 1496.523 1543.766 1577.521 1560.305 1663.257 1662.171 1666.174 1647.648 1493.965 1478.517 1421.659 1385.232 1377.112 1367.451 1143.232 -999.250 -999.250 1096.019 1127.781 1115.153 -999.250 -999.250 -999.250 -999.250 -999.250 -999.250 -999.250 -999.250 -999.250 -999.250 -999.250 -999.250 -999.250 -999.250 -999.250 -999.250 -999.250
1658.363 1646.254 1690.584 1756.610 1829.575 1739.510 1724.019 1670.687 1670.489 1628.289 1578.209 1500.738 1464.103 1399.821 1348.380 1264.445 1226.938 1254.869 1274.445 1208.126 1117.280 1260.897 1195.877 1286.898 1341.260 1387.787 1401.321 1466.374 1494.492 1542.653 1605.517 1576.725 1525.031 1536.544 1543.003 1434.635 1419.882 1399.805 1365.374 1347.780 1225.062 -999.250 -999.250 -999.250 -999.250 -999.250 -999.250 -999.250 -999.250 -999.250 -999.250 -999.250 -999.250 -999.250 -999.250 -999.250 -999.250 -999.250 -999.250 -999.250 -999.250 -999.250 -999.250
1794.126 1713.766 1723.121 1743.104 1776.121 1766.481 1733.857 1754.364 1702.878 1641.454 1604.208 1584.227 1473.084 1432.643 1376.391 1345.015 1319.318 1304.610 1305.619 1197.870 1183.723 1191.422 1125.891 1197.081 1297.994 1292.750 1307.637 1388.028 1445.811 1502.180 1551.456 1503.164 1458.420 1503.691 1481.972 1476.203 1373.736 -999.250 -999.250 1314.902 -999.250 -999.250 -999.250 -999.250 -999.250 -999.250 -999.250 -999.250 -999.250 -999.250 -999.250 -999.250 -999.250 -999.250 -999.250 -999.250 -999.250 -999.250 -999.250 -999.250 -999.250 -999.250 -999.250
1886.735 1820.256 1841.868 1830.867 1822.891 1787.945 1819.845 1780.253 1735.542 1645.728 1604.992 1523.934 1488.145 1431.255 1434.608 1346.515 1297.467 1246.992 1215.347 1218.450 1194.930 1107.038 1135.425 1161.171 1198.413 1219.284 1254.948 1303.357 1373.352 1425.728 1498.873 1460.530 1441.172 1495.931 1462.678 -999.250 -999.250 -999.250 -999.250 -999.250 -999.250 -999.250 -999.250 -999.250 -999.250 -999.250 -999.250 -999.250 -999.250 -999.250 -999.250 -999.250 -999.250 -999.250 -999.250 -999.250 -999.250 -999.250 -999.250 -999.250 -999.250 -999.250 -999.250
1976.242 1989.131 1889.386 1832.510 1864.200 1834.126 1839.824 1715.011 1724.947 1597.756 1558.515 1571.798 1506.287 1440.336 1393.365 1399.243 1329.057 1277.706 1261.814 1198.264 1130.988 1070.670 1111.252 1148.824 1096.764 1156.952 1201.092 1268.854 1358.184 1396.060 1416.393 1410.586 1389.688 1346.291 1379.718 -999.250 -999.250 -999.250 -999.250 -999.250 -999.250 -999.250 -999.250 -999.250 -999.250 -999.250 -999.250 -999.250 -999.250 -999.250 -999.250 -999.250 -999.250 -999.250 -999.250 -999.250 -999.250 -999.250 -999.250 -999.250 -999.250 -999.250 -999.250
2062.269 1999.454 1931.513 1857.830 1912.442 1835.752 1708.020 1710.600 1690.570 1706.222 1661.085 1582.690 1542.205 1455.106 1421.167 1379.934 1372.610 1252.294 1251.984 1256.838 1140.613 1035.605 1033.537 1055.268 1055.047 1067.435 1098.231 1141.101 1231.930 1309.264 1312.708 1317.043 1281.649 1273.562 1286.219 -999.250 -999.250 -999.250 -999.250 -999.250 -999.250 -999.250 -999.250 -999.250 -999.250 -999.250 -999.250 -999.250 -999.250 -999.250 -999.250 -999.250 -999.250 -999.250 -999.250 -999.250 -999.250 -999.250 -999.250 -999.250 -999.250 -999.250 -999.250
2132.347 2029.525 1981.323 1960.437 1868.289 1798.393 1824.652 1801.026 1769.135 1730.461 1684.966 1562.683 1495.915 1386.423 1413.203 1388.685 1278.639 1184.246 1224.046 1128.349 1083.646 1028.568 1012.470 976.620 984.908 1002.995 1007.879 1094.856 1135.192 1173.719 1252.131 1251.526 1303.839 1262.943 1257.222 -999.250 -999.250 -999.250 -999.250 -999.250 -999.250 -999.250 -999.250 -999.250 -999.250 -999.250 -999.250 -999.250 -999.250 -999.250 -999.250 -999.250 -999.250 -999.250 -999.250 -999.250 -999.250 -999.250 -999.250 -999.250 -999.250 -999.250 -999.250
2126.933 2078.125 2049.392 2022.110 1924.291 1817.305 1837.627 1817.959 1646.626 1712.115 1647.760 1548.457 1489.173 1418.444 1396.956 1363.719 1228.895 1203.415 1186.873 1139.802 1076.474 990.229 935.981 920.527 970.526 987.159 1052.024 1094.322 1112.356 1123.231 1222.853 1233.720 1162.026 1213.004 -999.250 -999.250 -999.250 -999.250 -999.250 -999.250 -999.250 -999.250 -999.250 -999.250 -999.250 -999.250 -999.250 -999.250 -999.250 -999.250 -999.250 -999.250 -999.250 -999.250 -999.250 -999.250 -999.250 -999.250 -999.250 -999.250 -999.250 -999.250 -999.250
2160.690 2131.636 1960.058 1915.479 1833.926 1890.862 1758.009 1760.272 1668.094 1605.241 1535.808 1539.007 1449.163 1450.610 1415.496 1363.190 1310.580 1249.706 1208.285 1116.700 1051.547 966.980 866.890 940.979 943.790 994.326 1076.325 1112.487 1124.503 1131.442 1150.082 1172.420 1135.914 1154.780 -999.250 -999.250 -999.250 -999.250 -999.250 -999.250 -999.250 -999.250 -999.250 -999.250 -999.250 -999.250 -999.250 -999.250 -999.250 -999.250 -999.250 -999.250 -999.250 -999.250 -999.250 -999.250 -999.250 -999.250 -999.250 -999.250 -999.250 -999.250 -999.250
2147.001 2036.555 1934.802 1894.274 1814.573 1830.124 1723.349 1725.601 1639.329 1618.939 1540.733 1520.378 1462.868 1450.831 1401.486 1439.734 1344.829 1296.029 1173.707 1148.952 1062.946 989.406 950.378 960.167 982.869 1018.160 1028.052 1098.054 1150.524 1168.471 1165.447 1210.784 1153.509 1165.373 -999.250 -999.250 -999.250 -999.250 -999.250 -999.250 -999.250 -999.250 -999.250 -999.250 -999.250 -999.250 -999.250 -999.250 -999.250 -999.250 -999.250 -999.250 -999.250 -999.250 -999.250 -999.250 -999.250 -999.250 -999.250 -999.250 -999.250 -999.250 -999.250
2107.553 1998.203 1860.415 1818.188 1771.497 1785.020 1775.039 1743.181 1625.436 1594.985 1612.314 1518.415 1474.669 1464.035 1436.036 1407.551 1418.820 1343.128 1213.406 1220.210 1143.376 1066.542 1052.396 1048.285 1015.861 1044.484 1050.690 1111.049 1123.622 1148.541 1195.668 1183.430 1164.171 -999.250 -999.250 -999.250 -999.250 -999.250 -999.250 -999.250 -999.250 -999.250 -999.250 -999.250 -999.250 -999.250 -999.250 -999.250 -999.250 -999.250 -999.250 -999.250 -999.250 -999.250 -999.250 -999.250 -999.250 -999.250 -999.250 -999.250 -999.250 -999.250 -999.250
2019.363 2042.714 1928.601 1779.144 1670.367 1725.972 1708.097 1614.465 1584.979 1559.356 1520.896 1498.816 1511.841 1484.195 1481.809 1432.302 1365.677 1398.473 1240.785 1310.572 1213.974 1099.351 1057.349 1046.456 1040.623 1036.534 1079.241 1120.260 1144.620 1165.548 1197.533 1181.609 1246.555 -999.250 -999.250 -999.250 -999.250 -999.250 -999.250 -999.250 -999.250 -999.250 -999.250 -999.250 -999.250 -999.250 -999.250 -999.250 -999.250 -999.250 -999.250 -999.250 -999.250 -999.250 -999.250 -999.250 -999.250 -999.250 -999.250 -999.250 -999.250 -999.250 -999.250
1947.798 1943.482 1868.718 1764.772 1676.835 1682.271 1687.812 1567.200 1575.351 1588.802 1544.430 1491.512 1519.676 1458.196 1435.640 1443.590 1433.222 1396.490 1371.720 1343.837 1231.346 1141.897 1141.043 1080.323 1116.134 1100.570 1162.305 1159.595 1187.850 1157.393 1175.751 1187.809 -999.250 -999.250 -999.250 -999.250 -999.250 -999.250 -999.250 -999.250 -999.250 -999.250 -999.250 -999.250 -999.250 -999.250 -999.250 -999.250 -999.250 -999.250 -999.250 -999.250 -999.250 -999.250 -999.250 -999.250 -999.250 -999.250 -999.250 -999.250 -999.250 -999.250 -999.250
1745.999 1762.986 1749.235 1647.191 1594.104 1550.068 1560.037 1516.024 1482.670 1510.094 1557.873 1486.611 1527.895 1477.982 1483.273 1481.668 1421.953 1442.137 1384.700 1355.064 1320.988 1216.646 1139.663 1135.859 1147.814 1161.330 1187.607 1204.293 1204.442 1247.273 1285.280 -999.250 -999.250 -999.250 -999.250 -999.250 -999.250 -999.250 -999.250 -999.250 -999.250 -999.250 -999.250 -999.250 -999.250 -999.250 -999.250 -999.250 -999.250 -999.250 -999.250 -999.250 -999.250 -999.250 -999.250 -999.250 -999.250 -999.250 -999.250 -999.250 -999.250 -999.250 -999.250
1654.168 1631.659 1625.098 1597.558 1531.332 1523.893 1493.201 1482.064 1492.485 1442.670 1450.138 1482.231 1507.255 1440.778 1484.330 1466.020 1453.031 1425.200 1405.588 1381.317 1368.998 1309.001 1251.805 1182.355 1169.904 1202.412 1177.341 1220.773 1246.044 1182.118 -999.250 -999.250 -999.250 -999.250 -999.250 -999.250 -999.250 -999.250 -999.250 -999.250 -999.250 -999.250 -999.250 -999.250 -999.250 -999.250 -999.250 -999.250 -999.250 -999.250 -999.250 -999.250 -999.250 -999.250 -999.250 -999.250 -999.250 -999.250 -999.250 -999.250 -999.250 -999.250 -999.250
1528.213 1516.550 1482.136 1518.876 1470.395 1547.746 1465.682 1462.191 1466.584 1439.526 1439.128 1482.593 1515.751 1516.021 1511.606 1554.101 1531.838 1477.179 1419.086 1397.066 1334.355 1369.805 1297.333 1194.284 1219.338 1137.621 1180.579 1234.863 -999.250 -999.250 -999.250 -999.250 -999.250 -999.250 -999.250 -999.250 -999.250 -999.250 -999.250 -999.250 -999.250 -999.250 -999.250 -999.250 -999.250 -999.250 -999.250 -999.250 -999.250 -999.250 -999.250 -999.250 -999.250 -999.250 -999.250 -999.250 -999.250 -999.250 -999.250 -999.250 -999.250 -999.250 -999.250
1394.655 1441.811 1416.187 1389.868 1423.549 1471.469 1405.862 1390.854 1428.935 1450.272 1465.118 1477.989 1453.103 1516.663 1561.968 1552.910 1524.981 1499.302 1426.520 1411.055 1400.139 1328.141 1373.680 1311.367 1267.324 1208.162 1280.167 1263.760 -999.250 -999.250 -999.250 -999.250 -999.250 -999.250 -999.250 -999.250 -999.250 -999.250 -999.250 -999.250 -999.250 -999.250 -999.250 -999.250 -999.250 -999.250 -999.250 -999.250 -999.250 -999.250 -999.250 -999.250 -999.250 -999.250 -999.250 -999.250 -999.250 -999.250 -999.250 -999.250 -999.250 -999.250 -999.250
1361.735 1394.985 1360.736 1321.273 1364.934 1390.516 1372.336 1400.232 1434.015 1410.104 1425.178 1490.152 1436.444 1457.330 1475.918 1561.822 1549.049 1572.134 1466.891 1436.622 1410.782 1381.877 1390.022 1315.249 1251.743 1280.987 1273.475 1229.604 -999.250 -999.250 -999.250 -999.250 -999.250 -999.250 -999.250 -999.250 -999.250 -999.250 -999.250 -999.250 -999.250 -999.250 -999.250 -999.250 -999.250 -999.250 -999.250 -999.250 -999.250 -999.250 -999.250 -999.250 -999.250 -999.250 -999.250 -999.250 -999.250 -999.250 -999.250 -999.250 -999.250 -999.250 -999.250
1250.380 1308.895 1276.569 1341.718 1316.243 1345.178 1350.176 1350.401 1389.414 1401.711 1411.885 1441.587 1407.748 1447.718 1470.885 1510.607 1529.111 1579.290 1539.784 1458.897 1444.178 1443.266 1369.233 1368.692 1356.788 1281.107 1184.501 -999.250 -999.250 -999.250 -999.250 -999.250 -999.250 -999.250 -999.250 -999.250 -999.250 -999.250 -999.250 -999.250 -999.250 -999.250 -999.250 -999.250 -999.250 -999.250 -999.250 -999.250 -999.250 -999.250 -999.250 -999.250 -999.250 -999.250 -999.250 -999.250 -999.250 -999.250 -999.250 -999.250 -999.250 -999.250 -999.250
1199.554 1187.108 1184.472 1225.128 1257.955 1312.750 1344.173 1293.382 1326.960 1280.294 1323.202 1364.497 1396.358 1419.773 1471.996 1500.590 1529.894 1532.627 1502.247 1507.865 1494.291 1453.421 1407.822 1375.170 1334.416 1308.533 1319.748 -999.250 -999.250 -999.250 -999.250 -999.250 -999.250 -999.250 -999.250 -999.250 -999.250 -999.250 -999.250 -999.250 -999.250 -999.250 -999.250 -999.250 -999.250 -999.250 -999.250 -999.250 -999.250 -999.250 -999.250 -999.250 -999.250 -999.250 -999.250 -999.250 -999.250 -999.250 -999.250 -999.250 -999.250 -999.250 -999.250
1146.434 1143.342 1153.157 1201.136 1191.264 1228.309 1237.720 1287.536 1253.393 1268.273 1350.997 1349.835 1371.072 1474.336 1479.498 1474.063 1530.478 1486.728 1467.005 1459.606 1504.311 1491.436 1404.923 1419.961 1356.196 1413.973 1379.178 -999.250 -999.250 -999.250 -999.250 -999.250 -999.250 -999.250 -999.250 -999.250 -999.250 -999.250 -999.250 -999.250 -999.250 -999.250 -999.250 -999.250 -999.250 -999.250 -999.250 -999.250 -999.250 -999.250 -999.250 -999.250 -999.250 -999.250 -999.250 -999.250 -999.250 -999.250 -999.250 -999.250 -999.250 -999.250 -999.250
1062.663 1104.454 1137.736 1133.782 1149.211 1135.203 1142.095 1210.875 1218.324 1235.207 1308.090 1303.212 1330.208 1415.224 1457.356 1477.399 1478.201 1419.901 1378.473 1446.158 1479.171 1483.503 1425.605 1408.437 1382.066 1419.173 1391.313 -999.250 -999.250 -999.250 -999.250 -999.250 -999.250 -999.250 -999.250 -999.250 -999.250 -999.250 -999.250 -999.250 -999.250 -999.250 -999.250 -999.250 -999.250 -999.250 -999.250 -999.250 -999.250 -999.250 -999.250 -999.250 -999.250 -999.250 -999.250 -999.250 -999.250 -999.250 -999.250 -999.250 -999.250 -999.250 -999.250
1066.610 1064.152 1067.990 1053.204 1112.451 1129.760 1076.321 1115.909 1163.762 1146.667 1207.493 1318.163 1279.564 1364.978 1382.830 1469.609 1418.026 1413.860 1383.176 1411.064 1449.394 1410.021 1407.307 1412.539 1399.192 1421.171 -999.250 -999.250 -999.250 -999.250 -999.250 -999.250 -999.250 -999.250 -999.250 -999.250 -999.250 -999.250 -999.250 -999.250 -999.250 -999.250 -999.250 -999.250 -999.250 -999.250 -999.250 -999.250 -999.250 -999.250 -999.250 -999.250 -999.250 -999.250 -999.250 -999.250 -999.250 -999.250 -999.250 -999.250 -999.250 -999.250 -999.250
991.746 1007.365 976.873 1049.450 1034.802 1037.368 1071.445 1058.269 1062.970 1100.860 1108.999 1282.092 1331.196 1275.140 1367.932 1347.958 1370.774 1368.350 1394.336 1407.983 1404.501 1416.035 1344.892 1387.266 1367.068 -999.250 -999.250 -999.250 -999.250 -999.250 -999.250 -999.250 -999.250 -999.250 -999.250 -999.250 -999.250 -999.250 -999.250 -999.250 -999.250 -999.250 -999.250 -999.250 -999.250 -999.250 -999.250 -999.250 -999.250 -999.250 -999.250 -999.250 -999.250 -999.250 -999.250 -999.250 -999.250 -999.250 -999.250 -999.250 -999.250 -999.250 -999.250
