data/medianmodel_14-May-2020.asc
ncols	141
nrows	288
xllcorner	-120191.398
yllcorner	-301404.813
cellsize	2000.000
NODATA_value	-999.250
[rows 186 to 216 of 288, columns 0 to 68 of 141]
52.200 49.210 56.599 48.140 49.359 50.973 41.377 52.621 58.847 77.925 79.625 92.895 91.585 83.447 81.127 87.271 102.743 105.189 -999.250 -999.250 -999.250 -999.250 -999.250 82.774 71.384 50.207 40.728 25.385 22.859 18.532 20.527 27.239 30.946 40.419 47.336 52.703 46.062 47.795 42.689 44.812 35.620 28.966 29.368 26.899 26.162 24.034 22.118 18.858 11.959 14.506 16.996 14.638 9.583 12.290 12.365 8.164 8.586 6.378 5.045 5.227 4.738 3.509 4.070 1.957 0.000 0.000 0.000 0.000 0.614
-999.250 47.595 49.065 50.403 43.602 43.612 49.775 50.308 64.515 76.304 84.464 102.041 117.867 98.321 86.071 86.615 97.984 100.375 -999.250 -999.250 -999.250 -999.250 99.335 78.612 63.140 50.391 35.880 28.388 25.103 24.431 27.567 27.549 29.709 47.607 58.007 58.013 52.899 57.697 56.914 46.807 40.132 34.088 35.329 27.919 22.906 24.785 16.304 13.286 11.024 13.062 12.114 10.597 9.910 8.817 8.589 8.162 7.935 4.893 4.258 4.749 5.468 3.565 3.225 0.287 0.000 0.000 0.000 0.000 0.000
-999.250 41.972 54.419 49.815 46.237 47.671 43.546 53.131 60.756 58.050 75.118 83.025 93.852 99.712 93.007 88.516 85.820 96.579 -999.250 -999.250 -999.250 101.229 -999.250 81.122 69.990 49.510 34.277 32.763 25.672 29.046 30.729 31.521 34.446 44.605 44.622 46.750 57.186 51.450 61.743 54.372 46.793 42.555 26.673 26.238 24.111 21.490 18.001 10.802 9.845 10.080 8.620 10.108 10.034 7.312 8.544 7.111 6.089 3.394 5.182 1.396 4.097 2.043 1.620 0.000 0.000 0.000 0.000 0.685 1.003
-999.250 48.943 43.449 42.576 46.634 42.249 44.483 47.620 58.495 53.295 58.879 75.290 76.477 83.782 79.694 82.378 90.484 -999.250 -999.250 -999.250 -999.250 107.968 117.044 86.595 70.708 50.437 38.436 32.073 30.025 32.884 30.783 34.751 43.922 46.946 51.877 51.564 61.665 63.104 52.282 53.997 44.226 40.873 32.823 22.844 21.788 18.394 12.968 11.635 13.996 9.250 6.785 8.313 8.921 5.989 7.002 4.974 6.104 3.679 4.567 3.462 2.393 1.830 2.184 0.809 0.228 0.000 0.609 0.586 2.876
-999.250 38.417 41.151 48.687 44.035 41.959 40.778 46.262 51.749 44.928 47.888 56.931 58.545 68.914 64.205 77.951 75.924 -999.250 -999.250 -999.250 115.610 129.191 123.234 92.238 71.255 52.549 36.473 30.301 35.377 27.803 24.703 28.241 35.149 41.301 53.546 44.366 59.315 59.638 57.219 51.784 44.281 30.493 27.487 21.439 18.726 15.986 14.594 11.979 12.889 5.947 6.585 5.674 6.323 5.469 2.176 1.914 2.001 0.738 2.087 0.709 0.271 0.000 0.865 0.773 2.750 0.781 2.812 3.599 2.375
-999.250 -999.250 -999.250 45.442 -999.250 -999.250 42.108 42.853 41.545 -999.250 -999.250 -999.250 48.085 50.073 -999.250 -999.250 -999.250 -999.250 -999.250 -999.250 107.137 108.067 101.686 93.637 74.323 43.916 31.108 28.403 26.487 20.833 19.907 22.858 30.895 38.855 41.787 54.231 54.898 49.717 47.231 45.077 43.241 35.680 29.425 21.490 18.872 11.581 9.905 10.212 7.197 6.348 4.092 6.344 5.745 2.490 2.946 2.122 0.674 0.359 0.369 0.583 2.421 0.518 1.521 0.912 2.536 5.413 4.801 4.358 4.819
-999.250 -999.250 -999.250 -999.250 -999.250 -999.250 -999.250 -999.250 -999.250 -999.250 -999.250 -999.250 -999.250 36.580 40.496 48.832 -999.250 -999.250 -999.250 85.474 91.022 105.384 93.867 81.307 61.526 37.474 22.494 12.455 15.852 12.288 14.835 21.633 30.106 30.487 36.006 41.560 39.606 38.080 39.965 35.618 32.929 28.279 26.743 17.538 15.232 8.885 7.867 6.929 7.520 5.609 5.199 8.656 3.661 6.320 2.056 0.000 0.000 0.108 0.000 3.026 2.236 3.738 3.320 1.890 2.806 3.764 5.741 3.497 4.938
-999.250 -999.250 -999.250 -999.250 -999.250 -999.250 -999.250 -999.250 -999.250 -999.250 -999.250 35.806 33.185 29.026 31.523 40.819 -999.250 -999.250 81.649 97.143 91.234 85.347 87.669 66.469 46.035 30.870 12.121 8.071 8.722 8.948 8.910 13.456 21.426 23.982 27.852 31.859 38.292 34.955 31.942 32.038 30.172 20.429 19.972 16.478 12.746 6.601 3.652 5.159 5.234 7.769 5.683 6.169 1.990 3.247 2.754 0.036 0.000 0.258 0.970 3.231 2.766 6.303 5.702 4.230 4.333 3.160 4.651 3.475 4.167
-999.250 -999.250 -999.250 -999.250 -999.250 -999.250 -999.250 -999.250 -999.250 -999.250 -999.250 30.127 26.901 26.226 32.584 38.616 42.654 54.739 69.722 79.468 80.814 85.394 76.475 56.845 37.390 19.053 4.668 1.532 1.424 3.084 5.726 9.257 15.232 21.522 25.566 20.751 24.935 26.085 32.478 28.793 22.485 17.675 16.300 10.430 12.045 5.842 3.636 5.258 5.581 3.845 5.892 2.952 3.761 4.150 3.484 0.000 0.000 1.795 4.659 4.738 6.075 4.095 6.096 2.633 3.908 5.764 6.167 4.033 3.791
-999.250 -999.250 -999.250 -999.250 -999.250 -999.250 -999.250 -999.250 -999.250 -999.250 -999.250 -999.250 26.505 27.344 30.357 34.769 49.478 41.514 60.765 68.446 66.855 68.116 59.782 41.838 29.205 14.380 1.967 0.078 0.275 1.513 3.701 6.411 10.978 14.793 17.678 20.749 18.398 20.639 18.502 17.651 18.796 14.686 12.475 9.464 9.186 5.288 4.645 3.495 4.466 4.647 4.898 1.517 4.054 3.078 1.926 3.938 2.806 4.891 4.448 6.194 6.445 6.777 7.173 5.686 5.029 7.810 5.701 4.021 3.195
-999.250 -999.250 -999.250 -999.250 -999.250 -999.250 -999.250 -999.250 -999.250 -999.250 -999.250 -999.250 -999.250 24.034 25.492 32.058 40.351 45.039 53.120 50.668 52.058 48.117 43.397 32.181 19.160 12.464 3.187 0.000 0.000 1.037 4.120 4.598 8.228 14.605 14.832 15.954 15.223 16.446 12.718 15.505 12.373 12.519 10.576 9.668 10.934 8.838 7.836 4.172 6.628 5.460 4.465 3.895 4.794 5.564 3.717 4.496 3.644 3.799 4.258 6.711 6.624 6.892 7.077 8.911 8.113 5.787 8.688 4.759 5.335
-999.250 -999.250 -999.250 -999.250 -999.250 -999.250 -999.250 -999.250 -999.250 -999.250 -999.250 -999.250 -999.250 21.649 25.404 26.927 30.909 32.477 32.766 39.028 38.378 40.482 26.755 24.861 17.743 9.949 7.405 2.145 1.589 2.367 4.567 8.753 10.897 14.353 16.133 16.378 18.279 14.557 12.749 15.371 11.339 12.487 8.370 11.340 8.748 9.247 6.513 6.945 7.072 6.427 6.375 4.116 6.052 6.901 4.637 7.309 5.880 6.401 8.570 5.959 10.189 11.904 6.899 7.839 10.187 10.624 8.003 6.054 5.248
-999.250 -999.250 -999.250 -999.250 -999.250 -999.250 -999.250 -999.250 -999.250 -999.250 -999.250 -999.250 -999.250 27.078 22.236 22.452 17.981 23.513 26.563 27.905 28.776 31.124 20.434 19.149 18.388 11.386 6.346 5.741 4.358 6.747 8.515 8.255 9.351 11.692 15.425 14.041 15.629 15.726 15.794 16.710 16.690 16.615 13.254 10.284 10.374 10.170 8.999 6.173 10.593 8.330 4.659 5.610 4.816 7.661 8.131 9.057 8.617 7.714 6.125 7.084 8.938 6.028 8.702 9.856 13.799 10.118 8.481 9.223 5.884
-999.250 -999.250 -999.250 -999.250 -999.250 -999.250 -999.250 -999.250 -999.250 -999.250 -999.250 -999.250 -999.250 -999.250 19.928 17.411 19.126 17.283 19.283 23.697 20.733 20.901 16.550 14.831 16.435 11.572 9.083 7.509 9.859 10.466 13.973 8.907 10.979 11.605 12.314 17.889 15.034 19.588 17.367 17.119 17.604 16.648 10.993 13.474 14.381 9.674 10.496 6.450 7.256 5.164 6.106 6.540 6.122 5.755 5.405 8.917 9.363 9.164 9.100 7.995 9.373 11.095 7.636 7.404 8.603 6.868 5.866 7.038 6.490
-999.250 -999.250 -999.250 -999.250 -999.250 -999.250 -999.250 -999.250 -999.250 -999.250 -999.250 -999.250 -999.250 -999.250 20.094 15.131 16.179 17.789 15.861 18.419 19.199 17.238 15.284 15.892 14.547 11.724 14.754 11.005 16.504 14.309 15.562 14.844 13.959 12.217 15.673 14.995 15.473 19.527 15.022 16.040 14.692 14.484 13.219 12.387 13.667 13.549 10.027 9.653 7.441 7.823 7.176 5.606 6.558 4.177 7.515 8.618 8.341 6.846 10.752 9.174 8.155 5.968 9.611 8.274 4.874 7.264 4.713 4.787 6.855
-999.250 -999.250 -999.250 -999.250 -999.250 -999.250 -999.250 -999.250 -999.250 -999.250 -999.250 -999.250 -999.250 -999.250 21.291 16.903 14.904 14.452 17.344 17.228 17.907 14.762 16.077 16.189 15.083 15.030 14.626 16.681 17.888 15.510 15.486 13.844 11.582 11.836 15.135 16.216 15.591 18.888 16.646 16.320 18.614 15.827 14.652 13.002 14.224 13.450 10.134 8.462 9.659 7.896 8.681 8.039 6.084 7.899 9.003 10.097 9.578 9.351 10.947 8.947 10.788 4.481 8.737 7.934 6.820 6.468 5.114 5.342 5.116
-999.250 -999.250 -999.250 -999.250 -999.250 -999.250 -999.250 -999.250 -999.250 -999.250 -999.250 -999.250 -999.250 -999.250 18.465 20.151 17.186 17.398 13.704 14.630 15.162 13.667 16.492 14.321 13.913 -999.250 14.664 19.176 17.288 16.548 15.901 14.336 16.554 15.077 12.674 17.248 18.378 17.268 15.967 16.781 16.839 14.533 14.852 12.322 15.445 17.058 14.166 12.405 12.467 11.426 12.354 5.610 7.020 7.210 9.385 9.114 6.856 9.539 10.207 7.514 5.675 6.605 6.167 7.932 4.405 3.899 3.946 2.941 6.135
-999.250 -999.250 -999.250 -999.250 -999.250 -999.250 -999.250 -999.250 -999.250 -999.250 -999.250 -999.250 -999.250 -999.250 19.908 22.309 19.096 18.294 17.024 16.431 14.808 13.764 15.532 -999.250 -999.250 -999.250 17.526 18.107 21.420 17.674 16.195 19.041 16.249 19.874 17.489 18.123 18.382 19.546 13.647 16.916 15.412 14.386 14.728 11.419 13.382 11.626 13.279 10.774 9.598 9.595 9.841 7.327 5.889 5.642 9.473 8.249 9.624 8.848 8.545 8.246 8.872 5.701 2.333 4.058 5.546 4.401 4.527 2.671 2.955
-999.250 -999.250 -999.250 -999.250 -999.250 -999.250 -999.250 -999.250 -999.250 -999.250 -999.250 -999.250 -999.250 28.394 31.392 26.939 21.160 19.483 20.877 15.429 14.443 15.739 -999.250 -999.250 -999.250 -999.250 -999.250 17.098 17.469 18.490 17.275 17.669 21.370 18.990 15.090 18.773 15.516 13.845 16.623 15.659 13.357 13.340 14.402 11.253 14.811 11.282 11.903 10.549 9.605 10.313 8.178 9.523 7.724 5.697 4.962 8.895 5.012 5.273 6.286 6.783 4.765 3.896 5.871 4.836 4.023 3.813 2.617 3.599 4.576
-999.250 -999.250 -999.250 -999.250 -999.250 -999.250 -999.250 -999.250 -999.250 -999.250 -999.250 -999.250 -999.250 28.356 23.754 24.625 25.893 23.476 20.413 16.299 -999.250 -999.250 -999.250 -999.250 -999.250 -999.250 -999.250 -999.250 17.941 15.611 16.939 20.142 17.661 16.597 17.435 17.838 17.204 17.355 17.145 15.924 13.200 13.921 12.177 9.712 12.216 9.466 10.264 8.435 8.861 10.018 9.564 7.569 7.181 4.580 3.985 3.633 5.181 3.011 3.942 5.816 3.823 2.543 3.495 3.220 3.267 1.970 3.746 2.843 1.938
-999.250 -999.250 -999.250 -999.250 -999.250 -999.250 -999.250 -999.250 -999.250 -999.250 -999.250 -999.250 28.836 26.308 -999.250 -999.250 -999.250 -999.250 -999.250 -999.250 -999.250 -999.250 -999.250 -999.250 -999.250 -999.250 -999.250 -999.250 -999.250 15.036 15.769 17.291 18.679 15.309 16.994 14.477 13.853 15.676 14.834 14.922 14.087 12.620 14.607 9.699 10.487 10.229 11.477 10.333 9.323 9.174 7.293 8.757 9.151 6.359 8.234 3.917 4.255 4.961 7.817 4.804 3.941 2.210 3.317 2.534 2.442 1.324 0.949 0.050 2.515
-999.250 -999.250 -999.250 -999.250 -999.250 -999.250 -999.250 -999.250 -999.250 -999.250 -999.250 -999.250 -999.250 -999.250 -999.250 -999.250 -999.250 -999.250 -999.250 -999.250 -999.250 -999.250 -999.250 -999.250 -999.250 -999.250 -999.250 -999.250 -999.250 -999.250 14.333 16.991 19.325 16.511 17.144 15.853 14.656 12.948 14.856 13.256 13.833 11.893 8.786 10.579 10.018 8.745 13.175 11.389 8.667 9.428 9.033 7.881 6.922 5.524 8.622 5.098 7.289 7.191 4.420 4.604 1.212 3.648 2.831 1.992 3.043 1.049 0.084 0.104 1.129
-999.250 -999.250 -999.250 -999.250 -999.250 -999.250 -999.250 -999.250 -999.250 -999.250 -999.250 -999.250 -999.250 -999.250 -999.250 -999.250 -999.250 -999.250 -999.250 -999.250 -999.250 -999.250 -999.250 -999.250 -999.250 -999.250 -999.250 -999.250 -999.250 -999.250 22.344 19.198 15.909 16.255 17.450 15.618 16.560 14.661 14.842 12.833 12.616 13.636 10.320 9.597 6.475 11.465 11.709 11.726 9.460 9.132 10.377 9.256 8.733 8.425 5.708 7.407 5.492 6.236 4.511 3.902 2.606 3.732 3.182 1.770 0.328 0.000 0.000 1.725 2.437
-999.250 -999.250 -999.250 -999.250 -999.250 -999.250 -999.250 -999.250 -999.250 -999.250 -999.250 -999.250 -999.250 -999.250 -999.250 -999.250 -999.250 -999.250 -999.250 -999.250 -999.250 -999.250 -999.250 -999.250 -999.250 -999.250 -999.250 -999.250 -999.250 -999.250 21.788 22.079 18.519 16.755 16.528 17.495 17.717 11.872 10.764 15.335 8.980 11.179 8.272 7.253 9.338 8.014 14.719 9.557 10.472 9.663 8.368 8.072 9.062 6.229 6.245 6.429 6.147 4.384 3.932 3.628 1.891 3.596 0.030 0.069 0.000 0.000 0.000 0.195 2.188
-999.250 -999.250 -999.250 -999.250 -999.250 -999.250 -999.250 -999.250 -999.250 -999.250 -999.250 -999.250 -999.250 -999.250 -999.250 -999.250 -999.250 -999.250 -999.250 -999.250 -999.250 -999.250 -999.250 -999.250 -999.250 -999.250 -999.250 -999.250 -999.250 -999.250 -999.250 21.381 15.482 12.333 12.971 12.885 14.756 13.028 10.743 11.535 9.051 9.462 8.577 6.590 6.946 7.056 7.692 6.500 10.797 11.543 7.807 9.659 9.526 8.521 8.004 5.922 4.704 4.974 5.272 2.287 1.425 2.709 0.000 0.490 0.000 0.000 0.000 0.000 2.238
-999.250 -999.250 -999.250 -999.250 -999.250 -999.250 -999.250 -999.250 -999.250 -999.250 -999.250 -999.250 -999.250 -999.250 -999.250 -999.250 -999.250 -999.250 -999.250 -999.250 -999.250 -999.250 -999.250 -999.250 -999.250 -999.250 -999.250 -999.250 -999.250 -999.250 -999.250 17.816 15.448 11.497 14.883 15.693 14.869 13.194 9.175 10.404 7.028 9.102 9.149 6.638 7.471 6.488 7.569 11.319 8.222 7.917 7.321 10.380 11.021 7.366 7.352 6.221 4.835 5.645 2.583 1.675 0.856 0.000 0.000 0.000 0.000 0.000 0.000 0.000 0.350
-999.250 -999.250 -999.250 -999.250 -999.250 -999.250 -999.250 -999.250 -999.250 -999.250 -999.250 -999.250 -999.250 -999.250 -999.250 -999.250 -999.250 -999.250 -999.250 -999.250 -999.250 -999.250 -999.250 -999.250 -999.250 -999.250 -999.250 -999.250 -999.250 -999.250 -999.250 18.669 16.548 18.231 16.178 13.772 16.288 14.244 7.882 7.848 4.882 6.060 7.718 8.282 5.719 8.367 6.541 9.382 9.782 7.151 12.311 9.024 9.065 9.972 6.826 6.537 6.011 7.930 6.397 2.451 2.175 0.394 0.000 0.000 0.000 0.000 0.000 0.000 0.674
-999.250 -999.250 -999.250 -999.250 -999.250 -999.250 -999.250 -999.250 -999.250 -999.250 -999.250 -999.250 -999.250 -999.250 -999.250 -999.250 -999.250 -999.250 -999.250 -999.250 -999.250 -999.250 -999.250 -999.250 -999.250 -999.250 -999.250 -999.250 -999.250 -999.250 -999.250 11.986 13.050 11.791 13.274 14.782 12.801 9.116 10.809 10.327 5.981 6.978 5.487 5.675 5.147 5.108 6.003 7.662 7.205 10.884 10.853 10.665 10.715 10.939 9.441 7.561 7.330 6.348 4.661 1.560 0.000 1.655 0.000 0.000 0.000 0.000 0.000 0.000 0.278
-999.250 -999.250 -999.250 -999.250 -999.250 -999.250 -999.250 -999.250 -999.250 -999.250 -999.250 -999.250 -999.250 -999.250 -999.250 -999.250 -999.250 -999.250 -999.250 -999.250 -999.250 -999.250 -999.250 -999.250 -999.250 -999.250 -999.250 -999.250 -999.250 -999.250 -999.250 10.500 12.748 12.812 13.310 12.760 12.646 11.159 12.468 9.891 8.314 6.485 9.791 4.024 5.779 8.069 8.335 9.121 7.663 11.127 12.054 8.199 9.874 12.026 10.844 7.746 8.551 6.770 4.860 3.148 0.951 0.000 0.000 0.000 0.000 0.000 0.000 0.000 0.000
-999.250 -999.250 -999.250 -999.250 -999.250 -999.250 -999.250 -999.250 -999.250 -999.250 -999.250 -999.250 -999.250 -999.250 -999.250 -999.250 -999.250 -999.250 -999.250 -999.250 -999.250 -999.250 -999.250 -999.250 -999.250 -999.250 -999.250 -999.250 -999.250 -999.250 -999.250 9.229 11.512 10.636 11.790 13.686 10.875 10.771 11.452 10.396 8.142 6.529 5.683 8.048 4.414 8.789 4.571 9.412 9.774 11.088 8.938 7.127 10.284 12.243 12.897 8.918 11.677 9.435 7.965 3.858 1.747 1.517 0.000 0.000 0.000 0.000 0.000 0.000 0.000
-999.250 -999.250 -999.250 -999.250 -999.250 -999.250 -999.250 -999.250 -999.250 -999.250 -999.250 -999.250 -999.250 -999.250 -999.250 -999.250 -999.250 -999.250 -999.250 -999.250 -999.250 -999.250 -999.250 -999.250 -999.250 -999.250 -999.250 -999.250 -999.250 -999.250 -999.250 13.503 11.879 11.837 11.794 7.204 11.319 8.195 8.825 8.741 9.322 11.044 6.476 7.479 9.126 10.705 6.540 12.197 10.257 8.369 6.424 7.683 9.386 12.681 10.948 9.175 9.504 8.004 8.745 5.851 3.272 1.249 0.217 0.021 0.000 0.000 0.000 0.000 0.000
