data/medianmodel_13-Dec-2020.asc
ncols	141
nrows	288
xllcorner	-120191.398
yllcorner	-301404.813
cellsize	2000.000
NODATA_value	-999.250
[rows 203 to 231 of 288, columns 0 to 63 of 141]
-999.250 -999.250 -999.250 -999.250 -999.250 -999.250 -999.250 -999.250 -999.250 -999.250 -999.250 -999.250 -999.250 -999.250 353.067 352.867 361.077 339.365 345.345 326.083 316.522 322.002 340.031 -999.250 -999.250 -999.250 350.472 358.812 348.136 355.015 356.652 371.000 370.806 353.753 364.345 362.121 353.119 376.612 376.948 404.668 415.649 425.573 413.389 422.258 417.271 412.026 412.544 429.125 451.373 435.964 419.995 476.213 483.414 517.711 513.590 555.464 560.215 553.025 552.977 547.507 521.721 505.131 487.958 495.840
-999.250 -999.250 -999.250 -999.250 -999.250 -999.250 -999.250 -999.250 -999.250 -999.250 -999.250 -999.250 -999.250 338.444 339.571 342.601 337.379 347.473 329.861 321.958 338.762 330.999 -999.250 -999.250 -999.250 -999.250 -999.250 343.957 353.060 342.250 347.434 358.005 355.624 353.227 349.475 351.808 363.573 371.148 375.063 397.112 413.429 417.666 406.759 425.505 418.354 401.453 410.275 425.303 427.935 434.510 447.070 451.584 463.684 480.052 483.553 506.864 510.665 494.777 501.298 493.913 490.324 476.517 484.189 456.499
-999.250 -999.250 -999.250 -999.250 -999.250 -999.250 -999.250 -999.250 -999.250 -999.250 -999.250 -999.250 -999.250 340.507 321.757 333.035 344.008 334.709 338.471 327.088 -999.250 -999.250 -999.250 -999.250 -999.250 -999.250 -999.250 -999.250 340.801 341.543 358.762 362.020 348.753 356.863 341.244 368.601 373.131 375.329 386.450 377.687 389.993 377.371 391.603 421.120 410.304 416.138 400.876 391.396 393.422 416.760 438.571 451.182 472.028 470.708 464.463 454.718 472.587 454.805 463.974 460.394 460.880 443.088 442.826 427.100
-999.250 -999.250 -999.250 -999.250 -999.250 -999.250 -999.250 -999.250 -999.250 -999.250 -999.250 -999.250 303.951 304.291 -999.250 -999.250 -999.250 -999.250 -999.250 -999.250 -999.250 -999.250 -999.250 -999.250 -999.250 -999.250 -999.250 -999.250 -999.250 350.500 357.389 351.385 353.213 349.926 352.476 358.545 359.552 382.182 391.513 386.484 380.543 374.562 384.723 405.730 400.742 422.638 410.486 413.515 402.578 410.119 419.558 456.879 467.217 469.747 453.528 422.911 420.690 422.720 461.221 432.163 414.960 427.589 412.308 399.901
-999.250 -999.250 -999.250 -999.250 -999.250 -999.250 -999.250 -999.250 -999.250 -999.250 -999.250 -999.250 -999.250 -999.250 -999.250 -999.250 -999.250 -999.250 -999.250 -999.250 -999.250 -999.250 -999.250 -999.250 -999.250 -999.250 -999.250 -999.250 -999.250 -999.250 360.891 355.457 358.783 363.026 366.815 386.166 379.122 380.954 378.563 371.022 351.614 369.986 373.950 376.457 390.460 393.253 408.651 408.620 421.971 392.600 420.815 434.552 426.869 421.405 413.348 398.065 399.704 399.559 406.900 406.814 410.395 380.206 375.227 363.763
-999.250 -999.250 -999.250 -999.250 -999.250 -999.250 -999.250 -999.250 -999.250 -999.250 -999.250 -999.250 -999.250 -999.250 -999.250 -999.250 -999.250 -999.250 -999.250 -999.250 -999.250 -999.250 -999.250 -999.250 -999.250 -999.250 -999.250 -999.250 -999.250 -999.250 364.111 373.370 362.826 386.986 384.744 387.044 384.062 371.423 377.599 381.625 365.538 352.225 362.280 365.883 377.758 381.866 410.179 421.359 415.496 401.894 401.698 424.313 393.325 405.195 383.688 370.535 377.752 386.567 384.271 360.302 363.721 346.431 337.898 323.551
-999.250 -999.250 -999.250 -999.250 -999.250 -999.250 -999.250 -999.250 -999.250 -999.250 -999.250 -999.250 -999.250 -999.250 -999.250 -999.250 -999.250 -999.250 -999.250 -999.250 -999.250 -999.250 -999.250 -999.250 -999.250 -999.250 -999.250 -999.250 -999.250 -999.250 361.683 346.823 371.416 346.049 358.730 359.102 379.212 379.198 380.179 385.499 351.907 349.086 360.586 352.275 370.619 396.660 423.776 394.647 419.529 395.826 397.961 391.802 379.018 363.993 379.879 341.557 334.397 332.168 336.461 349.617 323.256 314.866 320.381 310.580
-999.250 -999.250 -999.250 -999.250 -999.250 -999.250 -999.250 -999.250 -999.250 -999.250 -999.250 -999.250 -999.250 -999.250 -999.250 -999.250 -999.250 -999.250 -999.250 -999.250 -999.250 -999.250 -999.250 -999.250 -999.250 -999.250 -999.250 -999.250 -999.250 -999.250 -999.250 362.417 366.135 367.625 384.463 392.060 385.001 365.994 363.885 366.879 360.846 341.207 334.505 358.035 388.947 393.032 410.172 432.568 411.323 392.475 390.985 384.312 367.276 355.138 351.312 340.545 325.594 319.664 306.617 296.157 282.105 282.059 277.520 285.714
-999.250 -999.250 -999.250 -999.250 -999.250 -999.250 -999.250 -999.250 -999.250 -999.250 -999.250 -999.250 -999.250 -999.250 -999.250 -999.250 -999.250 -999.250 -999.250 -999.250 -999.250 -999.250 -999.250 -999.250 -999.250 -999.250 -999.250 -999.250 -999.250 -999.250 -999.250 352.432 362.851 346.377 376.448 400.398 393.638 387.851 385.594 370.879 372.183 357.803 359.355 383.333 381.284 382.321 396.055 410.267 417.975 400.724 378.441 391.309 383.159 368.415 340.147 338.590 317.727 326.626 308.598 284.812 278.638 272.579 259.624 248.847
-999.250 -999.250 -999.250 -999.250 -999.250 -999.250 -999.250 -999.250 -999.250 -999.250 -999.250 -999.250 -999.250 -999.250 -999.250 -999.250 -999.250 -999.250 -999.250 -999.250 -999.250 -999.250 -999.250 -999.250 -999.250 -999.250 -999.250 -999.250 -999.250 -999.250 -999.250 347.940 366.589 362.812 368.772 394.356 384.845 376.615 381.411 403.255 377.448 383.297 385.827 353.786 390.068 386.092 406.711 391.115 391.915 383.180 374.817 392.036 358.903 342.097 329.688 326.352 321.552 302.122 260.951 261.193 255.821 246.989 226.156 226.015
-999.250 -999.250 -999.250 -999.250 -999.250 -999.250 -999.250 -999.250 -999.250 -999.250 -999.250 -999.250 -999.250 -999.250 -999.250 -999.250 -999.250 -999.250 -999.250 -999.250 -999.250 -999.250 -999.250 -999.250 -999.250 -999.250 -999.250 -999.250 -999.250 -999.250 -999.250 380.078 355.020 373.220 374.102 397.303 413.794 417.667 429.128 415.900 382.344 386.795 403.992 393.161 371.707 399.214 405.218 386.133 367.757 388.238 383.264 361.174 341.799 316.590 324.155 318.681 296.323 270.983 266.423 239.804 232.572 218.463 210.674 200.656
-999.250 -999.250 -999.250 -999.250 -999.250 -999.250 -999.250 -999.250 -999.250 -999.250 -999.250 -999.250 -999.250 -999.250 -999.250 -999.250 -999.250 -999.250 -999.250 -999.250 -999.250 -999.250 -999.250 -999.250 -999.250 -999.250 -999.250 -999.250 -999.250 -999.250 -999.250 376.932 369.619 388.042 354.640 402.355 418.533 416.840 422.233 439.262 423.001 441.255 409.698 398.671 420.210 424.593 408.572 372.855 376.552 358.258 358.705 328.410 319.699 307.055 300.071 285.163 254.945 251.883 258.355 225.587 206.500 180.775 180.127 175.416
-999.250 -999.250 -999.250 -999.250 -999.250 -999.250 -999.250 -999.250 -999.250 -999.250 -999.250 -999.250 -999.250 -999.250 -999.250 -999.250 -999.250 -999.250 -999.250 -999.250 -999.250 -999.250 -999.250 -999.250 -999.250 -999.250 -999.250 -999.250 -999.250 -999.250 -999.250 355.918 376.787 376.151 378.764 401.181 408.965 435.532 474.545 436.221 420.966 431.309 429.255 413.618 438.292 435.582 406.254 385.951 390.398 374.344 356.089 318.543 314.390 301.982 281.880 268.018 255.055 238.873 240.656 209.501 188.625 167.265 160.903 158.900
-999.250 -999.250 -999.250 -999.250 -999.250 -999.250 -999.250 -999.250 -999.250 -999.250 -999.250 -999.250 -999.250 -999.250 -999.250 -999.250 -999.250 -999.250 -999.250 -999.250 -999.250 -999.250 -999.250 -999.250 -999.250 -999.250 -999.250 -999.250 -999.250 -999.250 -999.250 370.628 383.620 366.992 382.804 397.471 419.850 453.943 464.946 458.555 454.287 457.122 473.947 488.344 461.835 428.022 403.345 381.618 377.731 365.684 351.831 309.415 298.239 276.981 251.932 252.821 233.616 223.647 215.877 197.758 173.969 154.669 150.161 143.363
-999.250 -999.250 -999.250 -999.250 -999.250 -999.250 -999.250 -999.250 -999.250 -999.250 -999.250 -999.250 -999.250 -999.250 -999.250 -999.250 -999.250 -999.250 -999.250 -999.250 -999.250 -999.250 -999.250 -999.250 -999.250 -999.250 -999.250 -999.250 -999.250 -999.250 -999.250 391.693 386.015 367.854 399.677 409.151 405.632 465.855 471.103 477.178 497.367 528.977 511.512 512.204 472.297 439.505 402.381 381.866 376.193 365.233 322.491 305.882 294.239 273.984 245.671 234.379 236.339 215.774 184.817 161.753 155.312 139.007 143.828 126.592
-999.250 -999.250 -999.250 -999.250 -999.250 -999.250 -999.250 -999.250 -999.250 -999.250 -999.250 -999.250 -999.250 -999.250 -999.250 -999.250 -999.250 -999.250 -999.250 -999.250 -999.250 -999.250 -999.250 -999.250 -999.250 -999.250 -999.250 -999.250 -999.250 -999.250 -999.250 400.722 382.212 389.514 400.373 392.672 416.876 410.693 444.426 495.567 534.330 561.238 514.678 496.973 474.595 426.037 386.461 372.757 352.043 351.498 327.486 318.082 285.463 262.199 238.685 228.313 224.879 193.949 184.209 149.431 142.718 131.493 125.684 126.043
-999.250 -999.250 -999.250 -999.250 -999.250 -999.250 -999.250 -999.250 -999.250 -999.250 -999.250 -999.250 -999.250 -999.250 -999.250 -999.250 -999.250 -999.250 -999.250 -999.250 -999.250 -999.250 -999.250 -999.250 -999.250 -999.250 -999.250 -999.250 -999.250 -999.250 -999.250 372.259 378.189 382.910 387.162 395.402 420.366 470.184 476.842 497.807 551.119 573.810 539.125 481.933 450.695 400.595 400.690 371.541 357.984 347.589 314.615 296.538 269.861 249.860 231.951 208.910 206.512 184.432 150.657 144.828 134.144 126.233 130.877 128.015
-999.250 -999.250 -999.250 -999.250 -999.250 -999.250 -999.250 -999.250 -999.250 -999.250 -999.250 -999.250 -999.250 -999.250 -999.250 -999.250 -999.250 -999.250 -999.250 -999.250 -999.250 -999.250 -999.250 -999.250 -999.250 -999.250 -999.250 -999.250 -999.250 -999.250 -999.250 355.350 345.797 349.863 395.310 398.609 398.263 436.718 460.202 478.932 505.643 519.793 511.558 481.115 431.241 385.843 394.085 359.406 344.137 317.830 305.963 271.894 249.840 239.871 206.183 188.697 176.298 158.181 154.027 137.335 130.912 122.099 138.761 131.786
-999.250 -999.250 -999.250 -999.250 -999.250 -999.250 -999.250 -999.250 -999.250 -999.250 -999.250 -999.250 -999.250 -999.250 -999.250 -999.250 -999.250 -999.250 -999.250 -999.250 -999.250 -999.250 -999.250 -999.250 -999.250 -999.250 -999.250 -999.250 -999.250 -999.250 -999.250 347.588 331.565 334.592 353.233 374.217 376.721 401.550 409.531 433.551 481.310 472.213 447.764 452.160 408.440 393.780 367.602 342.651 348.089 296.624 289.752 267.217 236.958 224.250 204.441 165.470 159.108 142.703 138.543 134.173 124.412 122.712 129.255 145.220
-999.250 -999.250 -999.250 -999.250 -999.250 -999.250 -999.250 -999.250 -999.250 -999.250 -999.250 -999.250 -999.250 -999.250 -999.250 -999.250 -999.250 -999.250 -999.250 -999.250 -999.250 -999.250 -999.250 -999.250 -999.250 -999.250 -999.250 -999.250 -999.250 -999.250 -999.250 298.368 328.040 328.958 317.245 352.624 332.663 368.477 391.727 414.016 428.084 422.737 422.548 422.405 401.566 377.156 356.160 309.518 306.946 289.660 273.946 253.250 232.064 196.575 164.939 152.313 148.264 129.479 127.017 118.685 123.902 117.989 128.048 135.790
-999.250 -999.250 -999.250 -999.250 -999.250 -999.250 -999.250 -999.250 -999.250 -999.250 -999.250 -999.250 -999.250 -999.250 -999.250 -999.250 -999.250 -999.250 -999.250 -999.250 -999.250 -999.250 -999.250 -999.250 -999.250 -999.250 -999.250 -999.250 -999.250 -999.250 290.294 269.817 303.236 280.875 282.256 299.109 327.880 334.001 361.329 381.191 386.411 399.056 382.122 375.556 364.728 343.962 326.250 317.421 301.753 264.130 224.965 222.386 211.956 172.899 154.213 142.988 128.948 117.936 113.408 107.423 108.851 114.308 118.964 125.191
-999.250 -999.250 -999.250 -999.250 -999.250 -999.250 -999.250 -999.250 -999.250 -999.250 -999.250 -999.250 -999.250 -999.250 -999.250 -999.250 -999.250 -999.250 -999.250 -999.250 -999.250 -999.250 -999.250 -999.250 -999.250 -999.250 -999.250 -999.250 -999.250 -999.250 268.498 267.437 262.990 255.011 264.087 255.658 283.342 299.445 311.720 345.656 356.225 356.333 342.811 336.546 339.558 327.045 310.025 281.733 263.437 243.035 234.041 195.248 173.939 153.041 142.107 127.375 118.512 114.312 105.541 105.071 101.543 98.538 103.975 117.584
-999.250 -999.250 -999.250 -999.250 -999.250 -999.250 -999.250 -999.250 -999.250 -999.250 -999.250 -999.250 -999.250 -999.250 -999.250 -999.250 -999.250 -999.250 -999.250 -999.250 -999.250 -999.250 -999.250 -999.250 -999.250 -999.250 -999.250 -999.250 -999.250 -999.250 246.786 248.995 243.721 235.244 239.041 235.660 235.897 252.422 282.945 310.091 327.029 326.922 327.797 314.104 296.615 281.493 260.933 235.148 234.072 222.361 207.962 179.442 160.958 127.986 121.881 118.504 113.300 105.927 93.803 93.837 88.618 93.442 97.066 101.010
-999.250 -999.250 -999.250 -999.250 -999.250 -999.250 -999.250 -999.250 -999.250 -999.250 -999.250 -999.250 -999.250 -999.250 -999.250 -999.250 -999.250 -999.250 -999.250 -999.250 -999.250 -999.250 -999.250 -999.250 -999.250 -999.250 -999.250 -999.250 -999.250 -999.250 217.546 225.857 223.067 208.978 197.312 202.542 207.011 223.714 235.766 258.635 278.442 281.509 284.029 257.789 264.377 246.438 231.798 225.465 225.509 198.373 198.817 153.318 144.783 127.952 113.837 104.654 98.626 92.597 83.617 77.279 84.895 85.577 79.455 79.868
-999.250 -999.250 -999.250 -999.250 -999.250 -999.250 -999.250 -999.250 -999.250 -999.250 -999.250 -999.250 -999.250 -999.250 -999.250 -999.250 -999.250 -999.250 -999.250 -999.250 -999.250 -999.250 -999.250 -999.250 -999.250 -999.250 -999.250 -999.250 -999.250 189.223 202.313 204.975 206.957 193.647 169.336 169.606 186.568 178.780 200.875 227.272 233.705 244.989 248.186 243.335 228.471 229.930 221.132 209.054 198.191 176.936 160.810 139.649 125.768 109.355 101.677 96.020 83.393 76.482 74.064 74.676 71.138 74.951 74.025 77.550
-999.250 -999.250 -999.250 -999.250 -999.250 -999.250 -999.250 -999.250 -999.250 -999.250 -999.250 -999.250 -999.250 -999.250 -999.250 -999.250 -999.250 -999.250 -999.250 -999.250 -999.250 -999.250 -999.250 -999.250 -999.250 -999.250 -999.250 -999.250 -999.250 172.015 164.843 167.698 165.948 157.742 146.425 142.213 143.444 146.248 159.736 184.487 213.647 211.026 224.141 225.470 223.139 213.998 205.296 195.260 158.490 156.940 138.685 124.050 114.219 95.830 82.342 77.067 71.111 70.113 67.239 55.766 57.852 64.504 62.630 64.338
-999.250 -999.250 -999.250 -999.250 -999.250 -999.250 -999.250 -999.250 -999.250 -999.250 -999.250 -999.250 -999.250 -999.250 -999.250 -999.250 -999.250 -999.250 -999.250 -999.250 -999.250 -999.250 -999.250 -999.250 -999.250 -999.250 -999.250 -999.250 190.873 166.705 156.195 153.590 148.426 140.759 131.827 121.195 104.199 124.755 149.164 162.476 183.039 210.270 201.211 212.860 201.885 193.717 172.681 166.631 145.630 138.962 113.471 109.002 90.833 79.889 73.867 72.095 55.042 53.791 50.502 50.128 47.162 48.103 52.536 58.175
-999.250 -999.250 -999.250 -999.250 -999.250 -999.250 -999.250 -999.250 -999.250 -999.250 -999.250 -999.250 -999.250 -999.250 -999.250 -999.250 -999.250 -999.250 -999.250 -999.250 -999.250 -999.250 -999.250 -999.250 -999.250 -999.250 -999.250 -999.250 186.058 166.429 159.486 152.957 146.278 132.086 129.171 121.143 113.784 123.190 144.033 152.005 156.899 172.273 181.509 169.354 177.960 161.264 149.736 127.292 119.598 107.356 98.683 82.511 73.572 66.667 64.720 47.348 46.018 45.284 47.057 41.375 40.186 38.205 44.876 51.263
-999.250 -999.250 -999.250 -999.250 -999.250 -999.250 -999.250 -999.250 -999.250 -999.250 -999.250 -999.250 -999.250 -999.250 -999.250 -999.250 -999.250 -999.250 -999.250 -999.250 -999.250 -999.250 -999.250 -999.250 -999.250 -999.250 -999.250 189.086 179.696 159.177 160.486 154.520 138.773 137.668 131.412 124.744 121.085 120.037 131.414 145.148 138.766 143.151 146.076 138.490 145.797 146.307 133.081 117.809 113.490 97.806 81.040 73.667 70.673 52.398 54.905 40.638 39.102 37.044 34.299 30.250 31.955 39.261 46.885 48.838
