data/medianmodel_07-Oct-2020.asc
ncols	141
nrows	288
xllcorner	-120191.398
yllcorner	-301404.813
cellsize	2000.000
NODATA_value	-999.250
[rows 30 to 59 of 288, columns 67 to 133 of 141]
90.898 96.786 104.292 96.560 83.512 78.960 67.206 54.243 43.811 33.083 15.060 8.307 4.647 5.084 2.362 6.684 8.458 11.680 17.746 24.904 33.877 39.550 44.712 47.235 54.118 58.156 62.438 63.327 62.213 65.264 55.661 56.045 57.084 59.362 64.481 68.051 74.097 84.822 85.437 95.388 100.610 112.742 121.346 150.903 159.628 164.513 172.027 183.841 207.671 204.683 217.503 232.865 235.951 246.891 239.233 262.706 267.752 255.930 259.889 234.922 223.714 190.494 158.529 149.495 122.595 94.580 83.240
72.520 66.826 69.741 64.832 59.447 46.825 43.092 38.145 30.982 13.886 8.570 9.521 8.413 7.428 6.530 7.307 9.602 15.353 24.385 25.532 32.098 38.576 42.118 45.296 53.487 52.751 58.777 61.177 59.576 62.355 60.437 52.906 54.844 52.357 60.683 70.422 70.708 76.982 92.894 93.582 100.969 98.124 116.876 128.394 145.799 155.648 163.451 183.775 191.398 199.678 202.754 215.790 213.248 199.991 226.175 226.978 222.646 227.813 239.818 211.704 204.249 187.119 155.752 136.930 102.883 91.706 79.406
45.381 43.908 47.719 40.077 31.032 31.924 23.163 16.274 14.322 10.034 13.094 10.934 10.066 10.192 10.251 11.170 17.546 22.425 27.012 26.684 31.652 39.713 46.983 45.537 52.619 50.576 45.655 53.198 56.919 57.040 58.300 58.865 43.728 51.550 56.864 63.573 67.198 75.945 79.841 82.557 96.782 101.188 124.339 134.016 135.416 147.702 151.357 174.562 188.843 185.662 174.921 195.441 192.134 207.808 197.773 188.818 192.926 193.591 205.016 181.327 186.514 159.943 144.752 114.896 89.408 77.643 63.058
25.967 27.553 25.162 24.143 19.052 13.166 7.978 8.822 7.449 8.326 9.734 14.854 13.608 17.581 17.173 19.746 22.528 26.775 32.399 30.915 39.412 42.910 45.670 45.456 50.152 44.549 53.778 51.356 51.684 44.494 49.721 51.464 47.809 48.131 52.732 54.667 62.901 72.129 71.759 75.158 85.622 110.223 113.960 112.096 123.459 132.281 147.705 156.495 165.696 185.757 187.031 190.586 199.072 193.409 194.127 181.390 192.606 180.202 179.765 172.166 157.692 144.070 130.371 107.193 81.828 69.309 54.807
15.557 13.993 11.613 9.552 9.624 4.390 0.000 1.325 6.062 9.608 13.211 17.099 22.313 23.104 27.458 31.262 30.666 32.439 35.180 36.469 39.873 39.743 42.649 46.115 42.899 43.656 44.117 40.318 42.880 43.773 43.135 45.106 43.523 53.526 57.058 60.350 63.995 67.774 68.997 70.972 88.076 89.583 92.253 101.336 110.523 124.438 129.457 146.098 159.109 168.581 179.565 175.282 172.979 176.003 173.713 178.388 174.881 162.012 163.500 155.448 141.036 134.134 97.684 85.440 71.812 61.869 46.239
7.957 7.675 7.294 4.818 3.879 3.019 0.000 0.023 6.963 11.453 17.285 25.735 25.235 30.498 33.442 30.327 32.102 36.099 36.942 37.307 42.647 42.203 43.115 43.158 40.662 40.066 44.159 37.745 36.068 42.025 39.871 42.587 39.121 44.481 49.022 49.004 56.479 55.715 55.967 66.424 71.543 82.884 83.413 89.091 107.244 106.911 108.465 151.295 144.367 154.494 148.835 161.034 157.349 160.458 153.086 150.372 148.313 154.599 141.728 142.651 129.144 100.597 90.067 82.070 63.955 49.071 38.841
1.752 3.167 4.661 3.140 2.604 1.928 2.813 5.512 12.190 15.265 18.268 29.913 27.875 35.207 36.478 37.552 41.049 37.685 39.968 42.251 37.714 45.034 39.809 35.544 38.399 38.789 36.334 34.881 33.611 35.456 35.584 36.610 36.775 39.173 45.618 45.525 49.470 50.431 57.386 61.877 67.286 73.339 81.948 88.438 95.173 96.978 115.023 113.699 134.281 123.551 150.218 146.758 143.061 136.278 137.561 134.346 145.394 139.655 116.261 109.893 109.007 84.686 80.289 65.861 46.823 44.629 36.111
0.000 0.490 2.074 5.348 5.215 8.189 11.710 12.643 20.507 21.905 26.971 31.946 30.917 37.763 42.194 42.620 36.785 40.814 43.827 41.557 40.656 42.435 40.068 34.333 33.551 36.214 35.225 31.349 31.560 29.414 33.854 29.247 32.864 35.588 36.957 42.750 41.454 47.221 49.359 57.054 57.214 68.251 71.058 75.961 84.875 83.694 85.879 100.639 119.835 133.909 136.551 137.523 113.581 119.076 114.663 126.452 126.856 99.483 98.529 94.510 87.455 78.504 68.410 60.689 41.318 40.022 29.197
0.792 0.000 0.413 5.551 8.597 11.740 15.764 22.996 33.047 33.800 36.887 38.393 39.725 42.601 44.658 44.590 40.549 45.931 45.150 42.738 39.926 41.552 33.847 34.552 32.056 33.012 34.472 29.493 29.908 26.787 27.161 24.815 26.440 27.109 32.846 35.145 37.764 39.483 38.699 47.221 47.140 57.725 63.117 70.033 69.956 78.186 84.776 84.652 102.431 106.423 127.387 116.441 101.194 117.418 112.423 117.866 115.036 96.048 85.979 86.180 83.953 71.894 60.863 55.778 46.108 40.483 30.318
1.950 0.000 4.291 7.758 11.030 15.740 19.235 27.022 33.740 39.697 43.324 47.306 45.784 44.854 46.061 44.856 46.361 48.772 42.394 39.795 39.371 37.485 32.832 29.455 29.713 27.224 29.844 23.432 24.118 22.463 21.885 23.454 26.466 26.298 29.234 29.945 31.993 35.885 37.686 42.513 45.848 48.123 56.650 72.235 75.108 77.358 92.000 94.194 100.966 102.263 105.406 98.615 103.014 93.654 96.704 97.196 92.983 97.639 86.253 76.999 79.139 72.450 63.356 48.902 49.587 43.693 43.071
0.000 0.000 6.736 9.150 13.164 26.400 26.725 32.317 41.423 44.445 59.647 56.763 50.430 48.161 47.418 46.734 46.353 44.677 40.449 40.601 38.657 36.610 33.020 25.575 24.436 22.599 22.019 20.466 17.428 18.008 21.268 20.900 19.981 19.666 23.272 28.977 27.769 28.936 33.854 41.174 41.103 44.501 51.711 58.351 69.528 77.500 82.568 87.446 94.557 91.568 97.805 102.565 95.523 97.985 96.595 89.147 89.489 89.703 82.833 80.707 76.271 67.041 66.938 55.618 48.690 48.425 47.831
0.000 0.000 5.443 11.393 20.009 27.286 30.366 35.737 41.889 55.203 63.944 58.946 60.483 46.443 49.244 45.167 46.640 42.740 36.751 36.025 34.493 33.617 26.434 22.586 22.835 15.694 18.825 18.919 14.487 15.957 18.409 16.515 13.548 15.624 15.411 22.638 22.634 22.799 27.471 34.905 36.867 44.175 49.716 56.769 60.417 65.112 77.179 77.219 88.402 89.110 103.503 102.941 100.676 93.816 94.344 90.229 83.227 79.439 69.043 73.341 74.061 72.395 64.833 67.495 65.200 59.580 49.651
5.721 4.988 7.747 12.238 19.049 26.688 34.893 37.861 46.047 59.668 65.500 65.390 59.380 59.278 56.072 47.680 42.426 44.786 40.620 35.542 31.272 28.639 25.013 21.216 16.893 13.544 12.687 11.617 11.811 10.308 10.749 11.559 11.257 11.105 14.303 18.563 20.139 19.941 26.542 29.308 30.705 36.926 41.648 53.253 57.525 62.402 69.673 80.488 87.564 92.001 97.179 96.379 93.271 100.660 92.226 85.614 79.699 84.867 77.416 83.248 77.014 69.361 72.154 69.067 66.783 -999.250 -999.250
8.706 7.456 10.475 15.491 23.358 30.622 39.115 44.158 50.415 58.733 72.904 66.904 62.492 57.198 58.909 55.890 46.805 39.953 34.618 27.803 23.704 24.925 14.934 15.682 17.840 13.741 10.849 10.757 9.308 8.404 8.506 9.100 8.246 9.480 12.219 12.080 19.210 19.382 19.945 26.888 32.085 37.676 43.956 50.911 59.774 71.584 78.888 78.845 83.877 91.005 94.406 95.981 102.066 99.330 91.467 86.037 80.729 75.534 76.710 81.058 79.964 71.157 70.761 71.433 69.444 70.476 -999.250
12.421 10.063 13.062 16.610 24.319 30.853 39.419 46.497 61.042 69.728 72.611 70.635 63.282 57.093 56.689 46.679 41.415 37.522 29.624 24.357 22.079 17.505 11.550 12.779 11.954 8.979 8.273 4.920 5.586 5.170 5.849 6.870 4.604 7.479 5.014 9.362 13.655 16.625 17.549 26.004 38.544 37.474 45.693 54.707 65.055 71.430 77.274 84.290 88.316 93.255 89.665 97.250 93.598 98.907 100.784 83.025 95.692 84.441 77.486 82.143 74.280 73.354 69.623 65.282 -999.250 -999.250 -999.250
15.980 12.394 15.048 16.485 24.044 29.681 39.051 46.453 59.680 67.561 65.648 65.087 62.571 55.911 52.495 39.632 35.591 32.210 29.757 22.631 14.274 10.656 7.566 6.724 5.126 7.169 7.671 2.657 1.891 3.405 3.682 1.904 3.870 4.355 4.022 7.493 13.321 18.482 21.282 26.580 37.519 40.801 46.702 59.285 76.958 81.466 88.299 86.933 98.283 94.340 100.692 106.626 106.153 107.245 100.253 95.974 91.981 89.759 96.088 91.744 86.737 82.251 77.434 74.249 -999.250 -999.250 -999.250
20.395 18.312 17.523 19.965 24.870 29.523 39.491 42.585 58.952 66.050 66.081 61.063 55.182 46.145 39.487 38.090 30.835 26.257 22.776 18.361 13.200 5.811 7.362 3.397 4.003 3.198 5.256 2.785 1.078 0.252 4.911 1.233 0.179 0.008 0.073 6.849 10.799 18.252 21.138 32.045 37.985 48.002 60.058 59.579 77.136 84.258 88.999 98.436 98.237 102.332 124.523 118.162 109.130 111.558 108.700 105.183 107.650 106.137 98.829 94.771 93.100 86.423 84.472 -999.250 -999.250 -999.250 -999.250
21.756 16.680 15.255 19.328 23.961 32.645 35.588 40.973 43.798 54.474 58.027 54.504 45.580 44.393 40.283 32.171 30.593 23.945 18.885 12.748 7.944 0.000 0.418 2.333 0.946 0.000 0.702 0.000 0.784 0.160 2.174 0.000 0.000 0.000 0.000 7.337 14.463 21.466 30.171 38.140 40.504 53.391 66.152 75.035 85.877 98.367 94.336 106.120 118.361 127.515 119.304 126.407 130.063 118.009 107.702 114.101 129.589 114.712 103.180 99.799 90.693 -999.250 -999.250 -999.250 -999.250 -999.250 -999.250
25.255 17.471 18.661 17.635 18.704 24.697 29.300 35.666 40.812 50.045 50.070 43.890 40.453 33.317 34.289 31.147 29.235 22.283 14.771 10.946 4.948 0.000 0.000 0.996 0.000 0.381 0.880 0.000 1.442 0.000 0.215 0.000 0.000 0.000 1.252 9.500 19.935 29.464 35.960 42.635 49.794 64.908 66.814 81.402 97.107 114.789 131.607 134.254 142.100 138.919 132.424 141.367 141.438 146.762 135.405 129.294 138.292 117.120 107.685 95.624 103.020 -999.250 -999.250 -999.250 -999.250 -999.250 -999.250
24.686 20.042 15.651 18.612 17.982 25.762 25.836 28.317 34.827 38.043 36.862 36.667 33.883 30.100 26.346 24.276 16.898 17.821 14.370 10.294 5.004 1.580 0.663 0.000 0.303 2.544 0.055 0.000 0.000 0.000 1.373 0.475 2.222 4.981 7.562 15.830 25.605 34.298 41.028 50.974 60.575 70.771 78.529 87.928 106.405 127.440 144.508 149.020 156.761 162.076 149.057 143.376 153.665 146.903 149.914 133.611 -999.250 133.017 113.688 -999.250 -999.250 -999.250 -999.250 -999.250 -999.250 -999.250 -999.250
23.346 19.387 19.378 13.910 15.659 15.859 19.009 22.290 31.404 32.178 30.412 25.297 21.146 23.479 19.510 14.058 11.581 11.007 9.565 5.876 3.532 0.666 0.823 1.632 2.165 1.317 1.262 2.389 0.000 0.000 0.012 1.766 6.846 8.729 9.933 19.933 28.691 39.957 47.470 53.065 68.567 84.953 89.453 90.602 103.490 135.546 151.904 149.541 150.767 173.910 170.722 166.573 165.800 167.774 -999.250 -999.250 -999.250 -999.250 -999.250 -999.250 -999.250 -999.250 -999.250 -999.250 -999.250 -999.250 -999.250
31.204 21.350 16.192 9.165 8.455 8.447 16.275 19.014 23.578 23.265 24.421 24.311 18.404 12.927 12.635 10.383 8.421 8.281 7.000 4.068 1.165 0.568 0.179 1.809 4.292 2.284 3.272 3.719 3.323 2.086 6.491 3.204 7.874 9.092 12.463 20.724 34.103 43.185 55.097 66.135 74.004 97.127 92.269 104.729 112.162 141.612 160.767 172.415 171.725 177.751 187.778 183.446 164.414 -999.250 -999.250 -999.250 -999.250 -999.250 -999.250 -999.250 -999.250 -999.250 -999.250 -999.250 -999.250 -999.250 -999.250
29.746 27.953 13.949 5.318 0.000 5.927 12.103 15.154 19.802 21.955 22.872 16.353 13.923 9.830 8.205 6.281 5.221 8.612 3.565 2.063 3.989 0.760 0.374 2.979 4.425 4.875 4.234 4.990 5.268 5.233 6.401 7.574 8.541 12.658 17.160 27.869 39.741 51.247 66.984 72.243 79.719 93.813 101.252 119.413 134.747 163.904 173.048 182.004 209.500 208.803 201.252 196.401 180.467 -999.250 -999.250 -999.250 -999.250 -999.250 -999.250 -999.250 -999.250 -999.250 -999.250 -999.250 -999.250 -999.250 -999.250
38.715 32.688 18.439 0.000 0.000 0.000 9.571 19.020 14.472 13.238 11.839 10.008 7.984 6.830 5.361 3.688 2.872 1.545 4.124 4.373 2.766 0.370 2.502 2.601 6.245 7.187 4.900 5.724 4.598 8.167 5.426 7.903 12.132 14.390 22.631 32.533 44.971 64.977 73.961 81.111 93.695 110.112 112.271 139.302 164.142 174.534 181.846 202.297 215.716 209.926 209.899 199.965 -999.250 -999.250 -999.250 -999.250 -999.250 -999.250 -999.250 -999.250 -999.250 -999.250 -999.250 -999.250 -999.250 -999.250 -999.250
62.328 54.309 30.436 0.000 0.000 0.000 6.553 11.515 10.079 9.269 5.421 4.523 3.312 1.655 0.495 0.041 0.000 0.000 0.235 1.689 1.801 1.051 0.000 1.842 6.740 6.767 7.440 6.533 8.436 7.689 7.573 9.029 11.583 18.377 22.260 35.585 50.722 65.728 80.350 86.963 106.916 126.982 142.382 157.368 172.300 182.560 191.884 211.103 233.246 235.655 225.469 -999.250 -999.250 -999.250 -999.250 -999.250 -999.250 -999.250 -999.250 -999.250 -999.250 -999.250 -999.250 -999.250 -999.250 -999.250 -999.250
89.740 84.645 60.196 34.500 19.013 8.364 3.264 5.959 6.114 5.992 4.587 1.310 0.491 0.000 0.000 0.000 0.000 0.000 0.000 1.413 2.918 0.000 0.000 3.316 7.227 11.448 9.132 11.294 10.073 10.953 12.100 16.405 14.924 21.329 27.683 43.116 51.421 72.964 75.448 99.280 125.013 131.806 149.177 176.469 188.164 189.837 216.767 247.296 253.585 253.955 225.928 -999.250 -999.250 -999.250 -999.250 -999.250 -999.250 -999.250 -999.250 -999.250 -999.250 -999.250 -999.250 -999.250 -999.250 -999.250 -999.250
145.756 144.873 95.158 72.909 42.560 22.954 6.412 3.267 2.455 3.668 1.608 0.576 0.000 0.000 0.000 0.000 0.000 0.000 0.639 3.719 5.896 5.066 8.038 8.543 13.571 14.245 15.734 14.135 14.439 15.078 15.554 17.655 19.002 21.758 30.619 43.832 57.223 74.232 87.305 103.772 127.679 153.871 160.727 175.435 188.740 217.542 248.262 256.739 290.721 278.658 -999.250 -999.250 -999.250 -999.250 -999.250 -999.250 -999.250 -999.250 -999.250 -999.250 -999.250 -999.250 -999.250 -999.250 -999.250 -999.250 -999.250
175.630 207.162 157.156 107.569 65.871 39.030 12.051 8.166 3.140 1.962 4.368 2.910 0.000 0.000 0.000 0.000 0.000 0.000 2.639 6.157 7.186 9.187 13.719 16.262 23.494 22.678 22.946 19.411 18.524 15.948 18.893 22.408 20.366 27.106 30.755 41.051 60.802 73.015 83.091 99.352 142.211 155.540 172.104 192.635 202.167 226.199 246.971 270.726 303.214 274.823 -999.250 -999.250 -999.250 -999.250 -999.250 -999.250 -999.250 -999.250 -999.250 -999.250 -999.250 -999.250 -999.250 -999.250 -999.250 -999.250 -999.250
180.077 183.518 157.115 114.654 81.331 47.415 31.170 16.482 8.571 5.493 5.105 3.190 0.000 0.000 0.000 0.000 0.000 0.000 2.778 9.082 12.365 14.921 20.727 23.240 28.866 28.549 27.141 26.538 26.786 20.851 24.249 23.833 26.002 30.084 35.441 42.033 52.167 75.085 87.539 101.715 132.716 157.432 169.229 184.186 219.378 235.999 262.325 283.858 276.617 279.800 -999.250 -999.250 -999.250 -999.250 -999.250 -999.250 -999.250 -999.250 -999.250 -999.250 -999.250 -999.250 -999.250 -999.250 -999.250 -999.250 -999.250
168.521 164.934 157.076 118.167 84.064 62.766 39.579 25.545 15.944 12.128 8.182 7.081 6.095 4.584 2.023 1.152 1.868 3.970 6.963 10.688 20.610 23.188 24.258 31.278 33.638 37.194 34.385 35.761 29.233 27.473 28.015 27.960 27.733 36.337 36.845 46.811 57.770 73.877 89.924 97.236 131.712 148.544 171.479 190.362 203.276 215.530 244.741 274.854 264.704 -999.250 -999.250 -999.250 -999.250 -999.250 -999.250 -999.250 -999.250 -999.250 -999.250 -999.250 -999.250 -999.250 -999.250 -999.250 -999.250 -999.250 -999.250
