data/medianmodel_25-Aug-2020.asc
ncols	141
nrows	288
xllcorner	-120191.398
yllcorner	-301404.813
cellsize	2000.000
NODATA_value	-999.250
[rows 31 to 61 of 288, columns 0 to 68 of 141]
-999.250 -999.250 -999.250 -999.250 -999.250 -999.250 -999.250 -999.250 -999.250 -999.250 -999.250 -999.250 -999.250 -999.250 -999.250 -999.250 -999.250 -999.250 -999.250 -999.250 -999.250 -999.250 -999.250 -999.250 -999.250 -999.250 -999.250 -999.250 -999.250 -999.250 -999.250 -999.250 11.070 7.530 4.817 3.664 3.249 4.318 4.301 5.522 7.599 9.193 12.248 16.050 19.879 22.302 24.607 28.043 29.189 28.413 27.374 26.707 27.237 30.290 37.211 22.858 16.531 11.350 6.234 0.490 0.000 0.000 0.000 0.000 0.000 0.000 0.000 0.000 0.000
-999.250 -999.250 -999.250 -999.250 -999.250 -999.250 -999.250 -999.250 -999.250 -999.250 -999.250 -999.250 -999.250 -999.250 -999.250 -999.250 -999.250 -999.250 -999.250 -999.250 -999.250 -999.250 -999.250 -999.250 -999.250 -999.250 -999.250 -999.250 -999.250 -999.250 -999.250 -999.250 16.476 12.963 9.176 7.988 7.380 7.301 7.708 10.734 11.361 11.304 12.707 15.044 18.082 18.347 20.606 23.340 26.335 24.652 23.256 22.414 23.192 26.214 26.807 22.087 16.637 11.826 6.739 3.646 0.000 0.000 0.000 0.000 0.000 0.000 0.000 0.000 0.000
-999.250 -999.250 -999.250 -999.250 -999.250 -999.250 -999.250 -999.250 -999.250 -999.250 -999.250 -999.250 -999.250 -999.250 -999.250 -999.250 -999.250 -999.250 -999.250 -999.250 -999.250 -999.250 -999.250 -999.250 -999.250 -999.250 -999.250 -999.250 -999.250 -999.250 -999.250 -999.250 22.995 23.408 16.887 13.742 13.383 12.202 12.540 15.352 19.796 14.289 13.145 13.622 14.098 15.260 17.326 20.396 28.465 21.675 19.664 18.882 20.130 21.269 21.325 19.109 16.349 11.753 7.830 5.090 2.415 0.123 0.000 0.000 0.000 0.000 0.000 0.000 0.000
-999.250 -999.250 -999.250 -999.250 -999.250 -999.250 -999.250 -999.250 -999.250 -999.250 -999.250 -999.250 -999.250 -999.250 -999.250 -999.250 -999.250 -999.250 -999.250 -999.250 -999.250 -999.250 -999.250 -999.250 -999.250 -999.250 -999.250 -999.250 -999.250 -999.250 -999.250 -999.250 30.656 27.509 24.288 21.504 20.236 18.684 17.163 17.543 17.829 16.116 14.751 13.692 12.604 12.832 14.422 16.377 17.070 16.916 15.890 15.141 16.805 16.708 16.037 16.092 13.886 12.654 10.794 6.980 4.432 1.806 0.000 0.000 0.000 0.000 0.000 0.000 0.000
-999.250 -999.250 -999.250 -999.250 -999.250 -999.250 -999.250 -999.250 -999.250 -999.250 -999.250 -999.250 -999.250 -999.250 -999.250 -999.250 -999.250 -999.250 -999.250 -999.250 -999.250 -999.250 -999.250 -999.250 -999.250 -999.250 -999.250 -999.250 -999.250 -999.250 -999.250 -999.250 39.623 37.190 35.103 31.239 29.343 26.039 24.117 22.336 21.151 18.493 15.205 13.599 12.886 10.181 11.475 11.510 11.223 11.308 11.307 11.825 12.781 12.891 14.041 13.184 14.388 13.469 12.562 11.038 7.839 6.081 2.553 0.183 0.000 0.000 0.000 0.000 0.000
-999.250 -999.250 -999.250 -999.250 -999.250 -999.250 -999.250 -999.250 -999.250 -999.250 -999.250 -999.250 -999.250 -999.250 -999.250 -999.250 -999.250 -999.250 -999.250 -999.250 -999.250 -999.250 -999.250 -999.250 -999.250 -999.250 -999.250 -999.250 -999.250 -999.250 -999.250 -999.250 51.730 48.552 46.017 42.874 39.465 37.704 35.181 30.908 25.530 22.447 17.115 13.660 12.156 10.795 8.402 8.411 7.033 6.727 7.327 7.846 8.524 10.052 11.945 12.561 13.055 15.180 15.548 13.815 12.254 8.583 7.022 5.742 2.399 0.220 0.000 0.000 0.000
-999.250 -999.250 -999.250 -999.250 -999.250 -999.250 -999.250 -999.250 -999.250 -999.250 -999.250 -999.250 -999.250 -999.250 -999.250 -999.250 -999.250 -999.250 -999.250 -999.250 -999.250 -999.250 -999.250 -999.250 -999.250 -999.250 -999.250 -999.250 -999.250 -999.250 -999.250 -999.250 -999.250 60.131 60.459 58.815 53.579 49.769 45.872 38.330 33.340 27.554 20.013 16.855 13.168 10.596 7.257 5.248 4.442 4.915 5.633 6.818 7.702 9.026 10.006 11.057 14.089 17.326 19.898 17.758 15.799 13.952 12.685 10.856 7.368 5.189 2.902 0.116 0.000
-999.250 -999.250 -999.250 -999.250 -999.250 -999.250 -999.250 -999.250 -999.250 -999.250 -999.250 -999.250 -999.250 -999.250 -999.250 -999.250 -999.250 -999.250 -999.250 -999.250 -999.250 -999.250 -999.250 -999.250 -999.250 -999.250 -999.250 -999.250 -999.250 -999.250 -999.250 -999.250 -999.250 73.249 71.982 71.331 66.656 61.919 53.394 47.710 40.584 34.743 27.731 21.008 16.180 11.244 7.423 4.714 2.919 3.261 4.495 6.917 9.657 8.876 8.136 10.858 13.679 17.726 29.130 21.152 18.364 16.810 16.800 16.264 13.540 9.375 5.692 3.124 0.403
-999.250 -999.250 -999.250 -999.250 -999.250 -999.250 -999.250 -999.250 -999.250 -999.250 -999.250 -999.250 -999.250 -999.250 -999.250 -999.250 -999.250 -999.250 -999.250 -999.250 -999.250 -999.250 -999.250 -999.250 -999.250 -999.250 -999.250 -999.250 -999.250 -999.250 -999.250 -999.250 91.621 93.841 89.290 88.756 83.113 72.793 65.880 55.896 49.441 40.682 33.593 25.797 18.879 14.216 7.942 3.101 1.714 1.993 4.541 7.174 14.444 8.574 7.165 7.313 9.589 14.758 17.910 18.606 18.335 19.189 21.817 23.844 19.556 14.486 10.075 4.301 3.902
-999.250 -999.250 -999.250 -999.250 -999.250 -999.250 -999.250 -999.250 -999.250 -999.250 -999.250 -999.250 -999.250 -999.250 -999.250 -999.250 -999.250 -999.250 -999.250 -999.250 -999.250 -999.250 -999.250 -999.250 -999.250 -999.250 -999.250 -999.250 -999.250 -999.250 -999.250 -999.250 100.906 106.937 107.439 103.340 99.864 89.496 76.514 68.117 56.679 48.957 38.265 32.829 25.545 16.745 8.875 4.243 0.642 0.031 2.816 6.741 7.999 6.965 5.871 4.630 6.514 9.558 12.084 13.869 16.152 19.629 25.352 36.765 23.514 16.738 12.480 8.514 5.842
-999.250 -999.250 -999.250 -999.250 -999.250 -999.250 -999.250 -999.250 -999.250 -999.250 -999.250 -999.250 -999.250 -999.250 -999.250 -999.250 -999.250 -999.250 -999.250 -999.250 -999.250 -999.250 -999.250 -999.250 -999.250 -999.250 -999.250 -999.250 -999.250 -999.250 -999.250 -999.250 -999.250 116.443 124.236 116.304 110.352 103.332 93.035 75.583 65.823 55.518 48.060 39.553 37.213 20.168 8.680 3.091 0.097 1.170 4.070 7.213 7.902 7.157 4.633 2.538 3.162 4.981 6.989 9.069 13.133 16.895 22.166 24.314 20.518 16.208 14.236 14.397 7.738
-999.250 -999.250 -999.250 -999.250 -999.250 -999.250 -999.250 -999.250 -999.250 -999.250 -999.250 -999.250 -999.250 -999.250 -999.250 -999.250 -999.250 -999.250 -999.250 -999.250 -999.250 -999.250 -999.250 -999.250 -999.250 -999.250 -999.250 -999.250 -999.250 -999.250 -999.250 -999.250 -999.250 120.091 129.501 130.422 120.749 111.834 101.666 88.276 71.417 63.984 53.310 45.263 35.480 21.832 10.195 4.314 1.536 4.298 6.663 10.358 16.738 9.088 5.705 3.341 0.000 1.431 3.331 4.737 8.680 12.879 16.406 18.280 16.557 14.879 12.266 11.159 7.709
-999.250 -999.250 -999.250 -999.250 -999.250 -999.250 -999.250 -999.250 -999.250 -999.250 -999.250 -999.250 -999.250 -999.250 -999.250 -999.250 -999.250 -999.250 -999.250 -999.250 -999.250 -999.250 -999.250 -999.250 -999.250 -999.250 -999.250 -999.250 -999.250 -999.250 -999.250 -999.250 -999.250 123.951 133.123 146.243 141.563 118.843 107.497 96.792 76.174 66.403 56.806 51.139 37.880 24.030 13.589 7.347 6.428 8.341 12.149 13.938 14.704 11.691 7.095 3.835 1.311 3.545 0.435 2.771 6.380 9.717 12.933 13.952 14.398 12.832 11.211 9.921 8.301
-999.250 -999.250 -999.250 -999.250 -999.250 -999.250 -999.250 -999.250 -999.250 -999.250 -999.250 -999.250 -999.250 -999.250 -999.250 -999.250 -999.250 -999.250 -999.250 -999.250 -999.250 -999.250 -999.250 -999.250 -999.250 -999.250 -999.250 -999.250 -999.250 -999.250 -999.250 -999.250 -999.250 -999.250 144.359 167.712 148.762 115.199 105.855 90.281 78.122 68.561 64.616 60.290 44.510 29.544 18.714 13.334 13.762 18.177 20.479 20.853 20.127 15.161 10.970 6.491 4.564 2.105 0.557 0.866 4.150 6.868 9.520 9.236 11.719 12.238 9.811 9.218 9.249
-999.250 -999.250 -999.250 -999.250 -999.250 -999.250 -999.250 -999.250 -999.250 -999.250 -999.250 -999.250 -999.250 -999.250 -999.250 -999.250 -999.250 -999.250 -999.250 -999.250 -999.250 -999.250 -999.250 -999.250 -999.250 -999.250 -999.250 -999.250 -999.250 -999.250 -999.250 -999.250 -999.250 -999.250 129.630 135.584 122.080 112.066 102.679 88.565 74.531 68.276 67.875 72.882 49.986 35.554 22.866 19.385 21.927 29.690 35.660 31.096 26.819 21.256 16.164 12.342 6.848 4.182 0.889 0.232 2.600 5.178 6.841 7.657 8.536 9.815 9.237 9.305 11.010
-999.250 -999.250 -999.250 -999.250 -999.250 -999.250 -999.250 -999.250 -999.250 -999.250 -999.250 -999.250 -999.250 -999.250 -999.250 -999.250 -999.250 -999.250 -999.250 -999.250 -999.250 -999.250 -999.250 -999.250 -999.250 -999.250 -999.250 -999.250 -999.250 -999.250 -999.250 -999.250 -999.250 -999.250 116.088 114.626 112.388 103.092 88.970 75.518 66.346 61.681 59.052 53.210 42.307 34.215 26.488 26.549 30.638 37.728 52.884 39.535 32.930 28.361 25.888 17.659 11.765 5.855 3.130 1.945 2.490 5.460 6.677 7.435 9.273 7.962 8.206 10.281 13.548
-999.250 -999.250 -999.250 -999.250 -999.250 -999.250 -999.250 -999.250 -999.250 -999.250 -999.250 -999.250 -999.250 -999.250 -999.250 -999.250 -999.250 -999.250 -999.250 -999.250 -999.250 -999.250 -999.250 -999.250 -999.250 -999.250 -999.250 -999.250 -999.250 -999.250 -999.250 -999.250 -999.250 -999.250 101.446 102.189 97.526 82.650 69.770 62.076 52.002 49.510 45.376 38.058 34.260 28.526 26.371 28.541 34.332 38.916 45.534 39.291 36.698 35.158 38.499 22.890 15.134 7.656 3.917 3.867 3.833 6.219 7.486 7.050 7.420 7.174 8.126 11.937 15.839
-999.250 -999.250 -999.250 -999.250 -999.250 -999.250 -999.250 -999.250 -999.250 -999.250 -999.250 -999.250 -999.250 -999.250 -999.250 -999.250 -999.250 -999.250 -999.250 -999.250 -999.250 -999.250 -999.250 -999.250 -999.250 -999.250 -999.250 -999.250 -999.250 -999.250 -999.250 -999.250 -999.250 -999.250 -999.250 78.186 71.279 61.624 50.913 39.481 35.869 32.627 29.304 24.468 22.644 22.264 23.864 27.447 32.314 37.372 38.137 37.812 36.611 34.303 30.498 23.356 16.136 9.968 6.698 4.159 4.774 6.688 13.160 7.826 6.823 8.031 8.397 12.757 17.271
-999.250 -999.250 -999.250 -999.250 -999.250 -999.250 -999.250 -999.250 -999.250 -999.250 -999.250 -999.250 -999.250 -999.250 -999.250 -999.250 -999.250 -999.250 -999.250 -999.250 -999.250 -999.250 -999.250 -999.250 -999.250 -999.250 -999.250 -999.250 -999.250 -999.250 -999.250 -999.250 -999.250 -999.250 -999.250 64.859 53.039 42.023 31.694 23.180 19.070 17.540 16.431 15.432 14.953 16.276 20.125 23.415 28.729 33.763 36.149 36.149 33.993 32.912 26.853 21.268 16.634 10.406 7.463 5.941 4.721 5.220 6.710 5.653 5.852 6.746 8.398 11.958 16.826
-999.250 -999.250 -999.250 -999.250 -999.250 -999.250 -999.250 -999.250 -999.250 -999.250 -999.250 -999.250 -999.250 -999.250 -999.250 -999.250 -999.250 -999.250 -999.250 -999.250 -999.250 -999.250 -999.250 -999.250 -999.250 -999.250 -999.250 -999.250 -999.250 -999.250 -999.250 -999.250 -999.250 -999.250 -999.250 48.292 38.647 29.222 19.874 12.233 8.900 7.799 7.672 7.763 7.909 12.043 14.722 19.475 23.947 28.644 30.972 32.520 33.035 27.932 24.476 20.482 15.714 12.466 7.542 5.120 5.662 3.444 4.215 3.892 4.831 7.238 7.713 11.502 16.989
-999.250 -999.250 -999.250 -999.250 -999.250 -999.250 -999.250 -999.250 -999.250 -999.250 -999.250 -999.250 -999.250 -999.250 -999.250 -999.250 -999.250 -999.250 -999.250 -999.250 -999.250 -999.250 -999.250 -999.250 -999.250 -999.250 -999.250 -999.250 -999.250 -999.250 -999.250 -999.250 -999.250 -999.250 -999.250 37.980 28.893 21.244 17.678 7.519 4.411 3.368 7.184 5.247 5.223 7.577 12.010 15.679 20.814 26.388 27.888 30.221 29.248 27.322 23.988 19.614 15.182 12.506 9.871 6.952 5.210 3.891 1.766 2.814 4.860 5.117 7.287 11.015 13.818
-999.250 -999.250 -999.250 -999.250 -999.250 -999.250 -999.250 -999.250 -999.250 -999.250 -999.250 -999.250 -999.250 -999.250 -999.250 -999.250 -999.250 -999.250 -999.250 -999.250 -999.250 -999.250 -999.250 -999.250 -999.250 -999.250 -999.250 -999.250 -999.250 -999.250 -999.250 -999.250 -999.250 -999.250 -999.250 32.395 23.786 18.429 15.323 10.992 7.651 4.547 2.813 3.410 3.967 6.003 9.795 14.415 19.080 27.885 27.263 29.980 33.255 27.641 23.424 17.980 15.181 12.227 11.619 8.936 6.597 3.545 1.384 0.709 3.923 5.196 7.155 7.517 8.797
-999.250 -999.250 -999.250 -999.250 -999.250 -999.250 -999.250 -999.250 -999.250 -999.250 -999.250 -999.250 -999.250 -999.250 -999.250 -999.250 -999.250 -999.250 -999.250 -999.250 -999.250 -999.250 -999.250 -999.250 -999.250 -999.250 -999.250 -999.250 -999.250 -999.250 -999.250 -999.250 -999.250 -999.250 -999.250 -999.250 23.032 20.233 20.256 20.520 14.994 8.139 5.447 5.017 4.892 5.512 8.191 12.552 16.010 20.818 25.169 31.121 40.131 30.019 22.568 17.069 15.347 13.261 11.958 15.535 6.233 3.668 0.806 0.465 3.287 5.827 7.015 5.747 5.770
-999.250 -999.250 -999.250 -999.250 -999.250 -999.250 -999.250 -999.250 -999.250 -999.250 -999.250 -999.250 -999.250 -999.250 -999.250 -999.250 -999.250 -999.250 -999.250 -999.250 -999.250 -999.250 -999.250 -999.250 -999.250 -999.250 -999.250 -999.250 -999.250 -999.250 -999.250 -999.250 -999.250 -999.250 -999.250 -999.250 24.506 23.919 26.573 36.933 21.316 11.907 8.008 12.049 6.248 5.321 7.439 9.959 14.945 18.706 23.790 28.863 32.283 28.197 22.863 17.521 15.304 10.234 7.891 7.668 4.468 1.136 0.160 1.466 3.434 7.233 8.304 6.221 3.126
-999.250 -999.250 -999.250 -999.250 -999.250 -999.250 -999.250 -999.250 -999.250 -999.250 -999.250 -999.250 -999.250 -999.250 -999.250 -999.250 -999.250 -999.250 -999.250 -999.250 -999.250 -999.250 -999.250 -999.250 -999.250 -999.250 -999.250 -999.250 -999.250 -999.250 -999.250 -999.250 -999.250 -999.250 -999.250 -999.250 -999.250 23.166 25.533 26.818 20.095 12.866 8.060 6.475 5.648 5.253 7.230 11.480 15.773 19.615 23.737 27.473 28.800 26.943 22.530 18.146 14.187 9.121 6.234 3.459 2.100 0.000 0.000 0.529 4.621 7.758 16.002 7.146 1.780
-999.250 -999.250 -999.250 -999.250 -999.250 -999.250 -999.250 -999.250 -999.250 -999.250 -999.250 -999.250 -999.250 -999.250 -999.250 -999.250 -999.250 -999.250 -999.250 -999.250 -999.250 -999.250 -999.250 -999.250 -999.250 -999.250 -999.250 -999.250 -999.250 -999.250 -999.250 -999.250 -999.250 -999.250 -999.250 -999.250 -999.250 19.868 20.188 18.896 15.887 10.719 6.688 4.325 3.885 6.297 7.671 12.378 16.277 20.084 26.016 28.022 28.907 27.568 24.924 19.809 13.071 7.427 3.659 0.047 0.000 0.000 0.000 0.000 1.471 5.841 6.992 5.770 4.361
-999.250 -999.250 -999.250 -999.250 -999.250 -999.250 -999.250 -999.250 -999.250 -999.250 -999.250 -999.250 -999.250 -999.250 -999.250 -999.250 -999.250 -999.250 -999.250 -999.250 -999.250 -999.250 -999.250 -999.250 -999.250 -999.250 -999.250 -999.250 -999.250 -999.250 -999.250 -999.250 -999.250 -999.250 -999.250 -999.250 -999.250 16.554 13.994 13.995 15.975 8.106 5.342 3.674 3.518 5.662 7.696 12.880 17.153 22.436 27.635 31.728 34.120 30.458 27.315 20.606 13.552 6.624 1.720 0.000 0.000 0.000 0.000 0.000 0.000 0.529 3.693 5.122 9.865
-999.250 -999.250 -999.250 -999.250 -999.250 -999.250 -999.250 -999.250 -999.250 -999.250 -999.250 -999.250 -999.250 -999.250 -999.250 -999.250 -999.250 -999.250 -999.250 -999.250 -999.250 -999.250 -999.250 -999.250 -999.250 -999.250 -999.250 -999.250 -999.250 -999.250 -999.250 -999.250 -999.250 -999.250 -999.250 -999.250 -999.250 12.333 10.451 8.842 7.683 4.996 4.067 3.162 4.945 6.155 9.810 13.951 19.062 25.654 33.112 36.518 39.531 37.628 32.417 23.175 15.370 6.771 0.170 0.000 0.000 0.000 0.000 0.000 0.000 0.000 0.051 1.800 3.446
-999.250 -999.250 -999.250 -999.250 -999.250 -999.250 -999.250 -999.250 -999.250 -999.250 -999.250 -999.250 -999.250 -999.250 -999.250 -999.250 -999.250 -999.250 -999.250 -999.250 -999.250 -999.250 -999.250 -999.250 -999.250 -999.250 -999.250 -999.250 -999.250 -999.250 -999.250 -999.250 -999.250 -999.250 -999.250 -999.250 -999.250 -999.250 6.243 4.788 3.306 1.766 2.204 3.855 4.486 7.513 10.530 16.557 22.562 27.955 35.749 40.840 47.208 48.400 39.626 27.013 15.844 6.457 0.000 0.000 0.000 0.000 0.000 0.000 0.000 0.000 0.000 0.000 0.000
-999.250 -999.250 -999.250 -999.250 -999.250 -999.250 -999.250 -999.250 -999.250 -999.250 -999.250 -999.250 -999.250 -999.250 -999.250 -999.250 -999.250 -999.250 -999.250 -999.250 -999.250 -999.250 -999.250 -999.250 -999.250 -999.250 -999.250 -999.250 -999.250 -999.250 -999.250 -999.250 -999.250 -999.250 -999.250 -999.250 -999.250 -999.250 3.549 1.743 0.336 0.738 2.647 4.731 5.425 7.978 12.254 17.153 23.939 31.922 37.539 43.345 52.222 64.708 46.907 32.127 18.080 7.116 0.000 0.000 0.000 0.000 0.000 0.000 0.000 0.000 0.000 0.000 0.000
-999.250 -999.250 -999.250 -999.250 -999.250 -999.250 -999.250 -999.250 -999.250 -999.250 -999.250 -999.250 -999.250 -999.250 -999.250 -999.250 -999.250 -999.250 -999.250 -999.250 -999.250 -999.250 -999.250 -999.250 -999.250 -999.250 -999.250 -999.250 -999.250 -999.250 -999.250 -999.250 -999.250 -999.250 -999.250 -999.250 -999.250 -999.250 1.843 0.000 0.000 0.000 2.280 5.308 6.973 8.419 13.019 19.823 26.253 34.013 38.770 47.643 52.447 53.417 46.644 33.842 21.062 11.206 2.959 0.000 0.000 0.000 0.000 0.000 0.000 0.000 0.000 0.000 0.000
