data/medianmodel_12-Jan-2021.asc
ncols	141
nrows	288
xllcorner	-120191.398
yllcorner	-301404.813
cellsize	2000.000
NODATA_value	-999.250
[rows 84 to 111 of 288, columns 64 to 127 of 141]
1200.586 1148.981 1152.757 1201.214 1209.419 1239.846 1242.485 1274.834 1324.883 1356.275 1377.416 1530.622 1570.046 1841.441 1975.644 2173.945 2214.638 2710.737 3176.091 3273.321 3886.926 3657.006 3236.760 2601.530 2187.369 1650.449 1385.681 1350.641 1298.021 1287.810 1324.502 1379.381 1397.932 1409.822 1478.282 1452.938 1486.439 1496.944 1430.020 1374.212 1333.179 1249.628 1214.863 1107.527 1095.846 1014.198 963.747 914.716 865.312 804.509 720.412 -999.250 -999.250 -999.250 -999.250 -999.250 -999.250 -999.250 -999.250 -999.250 -999.250 -999.250 -999.250 -999.250
1204.839 1143.040 1166.384 1187.170 1220.300 1246.940 1249.711 1287.114 1270.199 1323.173 1351.866 1448.043 1582.928 1568.268 1710.073 1961.135 2193.646 2541.319 2701.842 3062.323 3284.981 3161.935 2691.649 2389.740 1964.703 1597.176 1335.908 1229.636 1220.064 1227.731 1283.791 1312.833 1370.204 1404.244 1416.333 1393.135 1434.332 1321.422 1317.776 1256.611 1193.652 1135.301 1057.123 986.992 925.213 898.824 872.630 838.723 725.743 691.088 652.846 -999.250 -999.250 -999.250 -999.250 -999.250 -999.250 -999.250 -999.250 -999.250 -999.250 -999.250 -999.250 -999.250
1164.345 1158.030 1170.883 1171.621 1224.257 1247.606 1302.948 1300.660 1292.708 1303.576 1295.534 1340.985 1422.776 1496.126 1538.764 1687.285 1854.450 2203.421 2365.304 2498.581 2460.121 2546.072 2290.815 1980.907 1661.121 1481.588 1277.730 1212.510 1181.259 1183.242 1244.011 1264.157 1295.128 1335.372 1350.947 1303.975 1305.014 1280.799 1224.869 1158.463 1090.682 994.172 942.981 927.957 869.228 788.201 765.168 705.332 650.176 609.746 -999.250 -999.250 -999.250 -999.250 -999.250 -999.250 -999.250 -999.250 -999.250 -999.250 -999.250 -999.250 -999.250 -999.250
1187.344 1205.633 1191.465 1226.458 1248.840 1285.245 1306.804 1337.222 1316.359 1293.957 1244.753 1265.798 1324.013 1343.713 1423.979 1419.229 1513.184 1632.086 1856.360 2030.514 2064.319 2090.608 1877.950 1575.780 1482.881 1338.753 1179.891 1125.255 1198.295 1169.480 1183.973 1219.516 1305.981 1305.215 1270.814 1330.199 1230.504 1203.832 1110.625 1044.471 973.719 921.819 873.929 822.831 774.167 704.284 658.273 633.909 573.109 555.961 -999.250 -999.250 -999.250 -999.250 -999.250 -999.250 -999.250 -999.250 -999.250 -999.250 -999.250 -999.250 -999.250 -999.250
1212.551 1208.821 1242.503 1226.613 1214.526 1257.530 1300.052 1344.008 1315.868 1321.735 1233.656 1216.411 1227.276 1217.693 1178.550 1197.710 1219.383 1248.360 1389.671 1489.455 1507.220 1521.076 1453.183 1405.603 1294.562 1201.037 1129.117 1064.905 1095.285 1116.758 1163.232 1221.114 1255.680 1318.997 1224.603 1242.561 1165.773 1157.765 1055.820 1026.086 948.637 906.744 805.535 765.766 710.700 641.654 625.789 584.365 572.427 537.858 497.875 474.357 -999.250 -999.250 -999.250 -999.250 -999.250 -999.250 -999.250 -999.250 -999.250 -999.250 -999.250 -999.250
1222.648 1183.303 1190.504 1193.244 1221.404 1256.964 1294.176 1395.098 1315.964 1211.139 1179.817 1133.596 1158.807 1129.510 1068.214 1032.753 983.170 919.798 961.630 1019.656 1148.791 1207.696 1211.840 1178.293 1161.789 1110.610 1054.241 1069.395 1010.254 1039.479 1076.914 1142.083 1163.477 1200.345 1193.084 1156.602 1081.935 1065.210 982.226 923.797 904.473 872.326 806.730 742.391 627.729 617.558 604.242 547.215 550.044 515.426 495.845 472.197 -999.250 -999.250 -999.250 -999.250 -999.250 -999.250 -999.250 -999.250 -999.250 -999.250 -999.250 -999.250
1245.344 1229.214 1210.897 1239.077 1213.603 1225.972 1247.491 1270.734 1235.868 1162.522 1113.967 1076.537 1066.549 1016.738 945.549 866.286 806.390 662.913 500.525 698.352 829.415 908.719 935.913 956.805 984.741 973.173 962.233 969.432 936.946 1005.007 1018.607 1073.829 1126.694 1106.191 1075.154 1096.843 1053.737 1010.062 958.447 930.239 847.756 825.289 750.869 654.548 596.645 590.150 576.077 563.378 487.612 489.530 476.502 490.353 -999.250 -999.250 -999.250 -999.250 -999.250 -999.250 -999.250 -999.250 -999.250 -999.250 -999.250 -999.250
1231.921 1199.479 1216.599 1254.121 1234.481 1218.408 1192.500 1185.294 1159.090 1102.615 1086.080 1030.908 1005.227 918.123 860.885 742.460 645.595 521.280 490.907 550.080 619.327 685.702 730.852 764.232 806.031 878.859 893.135 887.624 918.897 922.133 980.185 988.721 1017.132 1028.194 1030.914 982.460 974.452 937.758 917.615 873.160 820.657 747.659 682.102 663.440 622.927 584.284 562.733 543.562 527.401 464.434 479.329 -999.250 -999.250 -999.250 -999.250 -999.250 -999.250 -999.250 -999.250 -999.250 -999.250 -999.250 -999.250 -999.250
1255.562 1225.848 1229.516 1242.573 1226.271 1178.952 1160.325 1103.939 1115.635 1045.079 1044.805 957.154 929.390 872.443 792.474 683.060 604.536 520.321 465.932 452.447 494.476 554.098 574.834 623.657 708.518 747.198 829.056 826.465 852.894 892.852 937.901 955.296 953.540 941.000 958.834 951.827 944.914 911.621 909.605 868.479 824.118 749.546 689.070 665.355 635.598 622.870 611.358 552.814 562.477 529.365 547.321 -999.250 -999.250 -999.250 -999.250 -999.250 -999.250 -999.250 -999.250 -999.250 -999.250 -999.250 -999.250 -999.250
1219.497 1260.512 1263.888 1262.572 1234.228 1161.813 1111.562 1117.017 1071.428 1030.320 1012.368 953.182 907.734 872.987 793.296 666.638 601.412 504.276 423.771 359.591 386.873 426.156 491.495 548.921 650.544 665.568 715.849 782.143 810.771 863.545 905.679 894.494 958.272 942.990 917.911 935.514 949.841 904.534 894.348 838.115 825.986 739.078 715.573 707.449 672.053 644.275 634.447 591.522 581.516 541.441 -999.250 -999.250 -999.250 -999.250 -999.250 -999.250 -999.250 -999.250 -999.250 -999.250 -999.250 -999.250 -999.250 -999.250
1278.307 1275.581 1312.384 1294.359 1234.268 1183.204 1123.117 1125.365 1108.671 1032.303 980.673 916.323 915.338 862.926 833.505 735.439 629.113 522.714 452.179 333.388 358.962 366.773 408.462 489.210 565.208 609.430 664.037 738.557 800.029 822.866 848.572 881.652 919.906 912.514 891.864 920.517 896.675 895.005 867.246 831.375 837.461 809.777 791.602 727.893 678.680 702.862 683.092 618.605 581.978 626.677 -999.250 -999.250 -999.250 -999.250 -999.250 -999.250 -999.250 -999.250 -999.250 -999.250 -999.250 -999.250 -999.250 -999.250
1407.664 1388.210 1392.075 1359.447 1279.341 1182.947 1134.271 1097.504 1067.990 1030.391 935.491 888.761 882.235 880.349 861.301 810.772 681.735 574.385 481.380 355.399 302.865 332.557 343.095 406.551 498.123 575.101 641.085 744.842 771.093 799.788 843.885 891.794 908.246 893.149 902.448 889.799 908.166 856.980 891.323 871.439 817.814 814.803 804.826 727.048 745.255 720.522 687.025 665.112 666.933 662.429 -999.250 -999.250 -999.250 -999.250 -999.250 -999.250 -999.250 -999.250 -999.250 -999.250 -999.250 -999.250 -999.250 -999.250
1499.592 1536.085 1515.383 1386.918 1292.560 1181.454 1120.336 1074.415 1029.020 977.255 914.772 906.733 903.149 905.593 904.996 926.509 752.318 612.828 505.147 355.319 296.054 275.146 328.001 377.631 448.237 536.135 608.611 734.068 745.772 801.322 831.266 886.625 859.795 887.677 895.053 899.297 910.168 894.423 889.096 845.223 883.891 868.911 876.341 794.424 798.260 814.617 738.914 732.197 729.902 676.726 709.201 -999.250 -999.250 -999.250 -999.250 -999.250 -999.250 -999.250 -999.250 -999.250 -999.250 -999.250 -999.250 -999.250
1699.767 1695.725 1578.714 1514.933 1358.202 1249.659 1162.480 1094.019 1029.583 978.223 918.557 880.148 887.785 902.811 894.247 859.722 759.388 631.489 507.777 377.183 314.632 290.618 324.774 398.982 490.465 521.075 600.773 676.721 783.190 847.450 868.249 869.455 875.704 912.211 895.709 933.209 939.020 915.530 940.328 924.273 922.602 908.680 892.669 842.393 823.833 860.585 850.332 821.455 767.014 787.789 729.208 826.391 -999.250 -999.250 -999.250 -999.250 -999.250 -999.250 -999.250 -999.250 -999.250 -999.250 -999.250 -999.250
2076.003 1966.866 1639.014 1532.264 1425.917 1281.698 1205.441 1112.047 1018.291 970.062 924.750 903.620 891.368 860.478 835.988 803.161 719.404 618.944 510.637 404.384 389.344 338.261 349.136 419.981 493.440 562.244 631.983 685.501 826.555 922.163 900.713 907.366 900.246 918.649 945.060 958.390 988.149 978.292 936.654 960.416 987.942 990.672 953.020 915.414 906.413 909.977 883.264 859.372 856.135 876.727 833.939 869.031 873.866 -999.250 -999.250 -999.250 -999.250 -999.250 -999.250 -999.250 -999.250 -999.250 -999.250 -999.250
1946.936 1944.990 1724.439 1517.584 1404.892 1292.647 1209.320 1141.438 1080.351 1020.330 944.906 891.081 877.436 880.463 828.142 793.412 709.489 614.088 564.519 502.836 425.008 412.138 353.571 465.520 528.155 564.721 622.677 686.468 791.623 890.232 921.044 927.174 904.329 917.773 946.489 997.177 992.226 1010.793 1004.963 1021.617 1058.101 1012.238 986.931 1007.863 938.096 956.104 965.936 902.308 913.416 934.828 892.024 916.514 -999.250 -999.250 -999.250 -999.250 -999.250 -999.250 -999.250 -999.250 -999.250 -999.250 -999.250 -999.250
1780.790 1757.887 1655.971 1522.965 1459.191 1373.642 1275.665 1167.406 1114.038 1034.148 973.491 932.057 911.038 853.191 827.589 790.847 693.341 636.807 577.120 527.561 515.869 474.293 471.202 491.911 521.686 560.347 649.938 733.148 816.089 876.535 895.755 919.355 909.003 956.340 997.991 1021.648 1017.494 1049.598 1046.039 1079.860 1072.532 1036.104 1095.393 1030.697 1040.613 1002.882 980.572 1002.058 1012.085 990.456 968.315 977.259 1015.807 -999.250 -999.250 -999.250 -999.250 -999.250 -999.250 -999.250 -999.250 -999.250 -999.250 -999.250
1675.274 1669.034 1597.315 1527.677 1379.393 1334.466 1317.783 1256.276 1125.939 1060.132 1012.889 947.216 953.394 902.416 844.032 767.762 715.634 659.382 641.229 599.622 558.658 534.276 510.392 550.774 567.345 601.264 673.528 755.072 818.699 883.780 902.619 925.263 949.657 961.611 1016.809 1067.527 1071.769 1084.636 1057.048 1097.005 1120.840 1152.021 1098.598 1073.725 1117.612 1070.766 1045.805 1040.324 1028.935 1053.259 1031.953 -999.250 -999.250 -999.250 -999.250 -999.250 -999.250 -999.250 -999.250 -999.250 -999.250 -999.250 -999.250 -999.250
1600.286 1562.557 1551.562 1528.298 1417.364 1369.650 1313.091 1232.889 1213.682 1156.220 1101.046 990.575 979.675 918.804 853.172 811.460 741.814 705.639 655.524 626.231 601.007 571.831 566.595 568.653 603.494 643.305 719.688 784.745 833.290 908.667 932.444 950.788 983.571 1053.981 1041.273 1077.247 1110.490 1123.222 1148.559 1147.687 1157.614 1133.299 1124.628 1104.843 1095.355 1038.592 1026.541 1075.169 1030.599 1066.356 -999.250 -999.250 -999.250 -999.250 -999.250 -999.250 -999.250 -999.250 -999.250 -999.250 -999.250 -999.250 -999.250 -999.250
1563.769 1540.439 1533.239 1425.543 1440.968 1376.454 1274.921 1253.586 1194.392 1126.534 1117.289 1063.553 1022.119 949.445 896.918 849.851 816.881 753.965 694.634 671.985 635.914 606.137 617.452 628.380 673.869 723.951 756.289 811.787 887.946 922.595 961.022 960.063 1002.606 1053.587 1085.031 1114.513 1098.376 1154.238 1157.111 1156.818 1153.554 1156.162 1143.394 1130.356 1073.567 1090.722 1082.858 1127.012 1086.749 1092.876 -999.250 -999.250 -999.250 -999.250 -999.250 -999.250 -999.250 -999.250 -999.250 -999.250 -999.250 -999.250 -999.250 -999.250
1533.359 1493.354 1484.832 1431.225 1459.309 1345.369 1309.741 1260.922 1226.305 1199.516 1186.152 1105.563 1042.032 990.231 914.455 899.204 829.448 833.997 762.915 719.699 738.324 706.978 707.816 720.077 756.323 779.677 847.479 879.536 926.985 973.295 982.059 1063.930 1031.382 1065.774 1120.591 1140.244 1224.685 1199.890 1199.543 1159.173 1183.240 1209.980 1211.415 1158.337 1122.337 1077.926 1125.535 1150.229 1111.831 -999.250 -999.250 -999.250 -999.250 -999.250 -999.250 -999.250 -999.250 -999.250 -999.250 -999.250 -999.250 -999.250 -999.250 -999.250
1572.301 1487.077 1459.902 1463.073 1498.614 1384.264 1322.743 1319.364 1270.105 1250.200 1247.817 1178.874 1077.631 1034.602 976.854 951.479 926.932 862.070 809.351 800.984 783.834 787.227 811.378 846.349 847.107 891.815 891.565 932.219 956.509 990.829 1038.468 1074.297 1077.269 1108.159 1134.274 1192.029 1208.631 1226.742 1260.496 1248.895 1233.097 1208.772 1270.607 1198.419 1248.062 -999.250 -999.250 -999.250 -999.250 -999.250 -999.250 -999.250 -999.250 -999.250 -999.250 -999.250 -999.250 -999.250 -999.250 -999.250 -999.250 -999.250 -999.250 -999.250
1536.773 1504.561 1436.931 1503.573 1415.613 1406.981 1438.324 1433.032 1340.476 1296.149 1276.385 1194.954 1157.718 1087.732 1014.997 971.000 911.172 916.136 875.969 885.659 863.444 890.188 887.650 930.233 953.266 953.472 991.778 1012.481 988.677 1018.586 1063.655 1137.210 1136.611 1123.281 1135.985 1193.776 1263.808 1250.673 1251.858 1311.499 1258.712 1285.903 1278.748 -999.250 -999.250 -999.250 -999.250 -999.250 -999.250 -999.250 -999.250 -999.250 -999.250 -999.250 -999.250 -999.250 -999.250 -999.250 -999.250 -999.250 -999.250 -999.250 -999.250 -999.250
1493.811 1503.670 1521.680 1527.941 1512.434 1501.450 1522.764 1541.197 1378.017 1306.773 1286.396 1218.379 1164.467 1104.252 1051.869 1025.039 1004.829 994.459 953.434 922.828 944.126 953.257 1000.393 999.759 1031.775 1032.552 1046.388 1083.340 1077.556 1097.694 1142.093 1148.240 1151.373 1168.017 1180.477 1227.333 1241.960 1296.424 1341.637 1331.616 1359.795 1330.555 1351.797 -999.250 -999.250 -999.250 -999.250 -999.250 -999.250 -999.250 -999.250 -999.250 -999.250 -999.250 -999.250 -999.250 -999.250 -999.250 -999.250 -999.250 -999.250 -999.250 -999.250 -999.250
1657.064 1587.136 1604.972 1583.557 1608.205 1631.500 1650.863 1577.830 1563.229 1366.209 1336.768 1220.764 1217.076 1144.537 1096.123 1059.863 1038.731 1026.882 985.242 993.134 1015.289 1036.906 1062.126 1078.477 1087.899 1072.945 1119.917 1120.159 1087.403 1157.535 1135.450 1155.643 1195.388 1208.193 1223.397 1267.407 1280.108 1322.941 1370.142 1410.454 1416.232 1414.340 1346.660 -999.250 -999.250 -999.250 -999.250 -999.250 -999.250 -999.250 -999.250 -999.250 -999.250 -999.250 -999.250 -999.250 -999.250 -999.250 -999.250 -999.250 -999.250 -999.250 -999.250 -999.250
1744.789 1694.361 1681.711 1771.004 1769.828 1800.087 1873.158 1712.158 1595.481 1456.874 1330.655 1302.141 1244.396 1200.252 1149.763 1113.679 1049.897 1054.608 1025.926 1027.374 1047.167 1079.423 1193.361 1229.962 1186.481 1203.099 1177.557 1173.533 1173.752 1241.951 1206.568 1213.415 1225.858 1216.778 1256.757 1297.153 1303.434 1409.561 1433.641 1514.196 1464.544 1459.753 1417.167 -999.250 -999.250 -999.250 -999.250 -999.250 -999.250 -999.250 -999.250 -999.250 -999.250 -999.250 -999.250 -999.250 -999.250 -999.250 -999.250 -999.250 -999.250 -999.250 -999.250 -999.250
1881.253 1809.064 1821.940 2033.037 2042.560 1974.467 1821.221 1821.578 1658.523 1584.422 1495.100 1332.194 1328.101 1235.757 1191.349 1108.353 1112.114 1106.974 1069.628 1047.785 1089.570 1170.044 1236.517 1305.907 1268.411 1236.660 1267.196 1254.781 1231.036 1267.298 1252.336 1253.278 1229.574 1271.650 1296.611 1394.480 1412.189 1416.515 1440.749 1472.600 1428.937 1390.086 1394.621 -999.250 -999.250 -999.250 -999.250 -999.250 -999.250 -999.250 -999.250 -999.250 -999.250 -999.250 -999.250 -999.250 -999.250 -999.250 -999.250 -999.250 -999.250 -999.250 -999.250 -999.250
1833.065 1887.405 1910.156 2098.199 2174.720 2090.897 2055.983 1873.132 1803.816 1538.365 1482.239 1433.864 1271.155 1225.740 1233.015 1174.669 1110.080 1111.693 1105.843 1104.072 1141.539 1164.389 1257.085 1274.275 1274.308 1270.110 1255.644 1277.792 1265.320 1269.552 1265.978 1250.460 1301.063 1311.654 1395.323 1369.346 1446.930 1459.617 1470.338 1493.533 1399.262 1375.080 1365.799 -999.250 -999.250 -999.250 -999.250 -999.250 -999.250 -999.250 -999.250 -999.250 -999.250 -999.250 -999.250 -999.250 -999.250 -999.250 -999.250 -999.250 -999.250 -999.250 -999.250 -999.250
