data/medianmodel_04-Dec-2020.asc
ncols	141
nrows	288
xllcorner	-120191.398
yllcorner	-301404.813
cellsize	2000.000
NODATA_value	-999.250
[rows 116 to 144 of 288, columns 64 to 127 of 141]
432.981 453.467 492.731 518.505 554.260 563.159 545.578 538.585 583.348 584.997 566.341 569.698 573.016 549.101 522.614 526.900 513.528 537.639 520.125 511.590 520.495 514.603 482.651 514.220 499.416 491.703 503.071 480.236 460.752 437.039 402.215 411.840 379.590 350.451 345.739 320.726 330.369 288.149 294.784 272.540 268.845 245.921 267.945 286.889 263.221 251.216 288.089 312.491 313.152 -999.250 -999.250 -999.250 -999.250 -999.250 -999.250 -999.250 -999.250 -999.250 -999.250 -999.250 -999.250 -999.250 -999.250 -999.250
419.451 436.754 462.881 494.937 504.084 482.756 507.565 542.801 543.708 540.007 538.364 552.591 534.301 514.434 527.576 551.228 547.756 539.485 526.724 516.075 522.402 521.401 553.653 501.723 504.426 515.741 498.500 483.722 445.742 424.828 402.813 394.603 352.367 321.241 316.069 309.843 290.023 269.113 269.134 250.188 251.049 233.154 245.599 252.398 253.452 254.398 279.556 299.565 319.811 -999.250 -999.250 -999.250 -999.250 -999.250 -999.250 -999.250 -999.250 -999.250 -999.250 -999.250 -999.250 -999.250 -999.250 -999.250
369.979 423.846 418.539 450.877 474.423 472.883 480.541 494.399 477.880 502.096 490.640 493.357 501.348 497.834 498.559 550.415 521.584 526.349 509.648 510.681 508.696 544.823 505.487 504.545 476.963 478.885 480.396 443.351 448.117 419.124 419.906 364.386 337.223 312.842 298.443 276.163 276.281 253.180 225.629 230.296 209.676 241.084 246.675 255.568 256.500 258.982 286.030 279.800 307.039 291.730 -999.250 -999.250 -999.250 -999.250 -999.250 -999.250 -999.250 -999.250 -999.250 -999.250 -999.250 -999.250 -999.250 -999.250
354.756 345.810 364.784 414.912 413.186 418.109 424.587 416.748 399.928 437.180 461.852 450.488 441.241 474.070 510.243 505.315 490.059 522.676 485.842 527.665 495.377 539.409 511.919 481.535 482.407 474.999 449.405 444.374 450.144 399.157 388.649 362.134 330.831 309.383 274.380 253.553 250.645 225.879 227.289 227.803 221.284 221.757 229.936 242.096 253.802 268.497 260.163 261.328 263.037 -999.250 -999.250 -999.250 -999.250 -999.250 -999.250 -999.250 -999.250 -999.250 -999.250 -999.250 -999.250 -999.250 -999.250 -999.250
320.485 339.033 332.156 351.628 347.271 349.945 338.411 363.364 380.901 375.990 429.926 429.938 407.369 436.084 462.348 471.003 473.421 481.008 500.989 524.780 539.010 527.154 524.478 493.398 488.951 476.502 469.353 439.517 412.736 385.822 394.142 354.660 328.967 298.004 260.490 260.876 240.662 231.876 214.723 220.300 204.200 202.734 221.197 234.125 258.655 280.369 265.798 260.210 273.138 -999.250 -999.250 -999.250 -999.250 -999.250 -999.250 -999.250 -999.250 -999.250 -999.250 -999.250 -999.250 -999.250 -999.250 -999.250
309.551 311.720 301.447 316.488 290.455 280.314 290.498 322.880 332.874 358.815 366.334 418.673 428.481 443.606 449.543 450.184 459.795 433.005 471.409 520.678 502.934 529.864 518.340 510.924 506.943 541.821 511.853 463.115 422.629 401.893 373.094 332.723 313.233 284.144 272.968 228.801 208.839 210.770 201.145 198.673 214.085 227.182 226.411 233.325 241.856 248.034 271.156 249.697 265.694 -999.250 -999.250 -999.250 -999.250 -999.250 -999.250 -999.250 -999.250 -999.250 -999.250 -999.250 -999.250 -999.250 -999.250 -999.250
277.580 295.714 300.684 287.335 254.784 253.907 239.856 267.831 318.607 314.216 341.149 365.530 372.337 403.807 418.888 436.900 448.891 467.335 477.698 486.818 535.736 496.006 538.668 513.025 514.908 538.312 489.557 483.038 425.155 418.465 407.237 364.790 321.265 287.835 255.104 223.464 184.201 201.298 219.841 207.763 211.353 229.352 230.225 245.909 228.708 238.846 249.930 259.729 244.645 -999.250 -999.250 -999.250 -999.250 -999.250 -999.250 -999.250 -999.250 -999.250 -999.250 -999.250 -999.250 -999.250 -999.250 -999.250
257.409 270.724 276.557 273.136 269.265 242.489 253.389 272.985 295.456 290.338 300.924 325.849 347.411 374.119 409.657 410.407 444.441 459.029 468.925 488.202 529.101 503.339 515.515 553.691 533.482 519.651 506.074 452.945 451.851 434.985 389.432 364.983 326.893 296.488 246.810 204.493 161.631 183.975 205.161 213.102 235.462 243.495 223.972 241.759 232.532 256.702 252.598 264.330 -999.250 -999.250 -999.250 -999.250 -999.250 -999.250 -999.250 -999.250 -999.250 -999.250 -999.250 -999.250 -999.250 -999.250 -999.250 -999.250
240.962 257.068 259.159 254.543 258.733 246.946 257.451 260.046 279.014 282.633 302.413 330.510 357.903 402.328 391.057 433.684 412.564 438.521 454.478 474.446 511.922 527.591 548.496 554.655 561.778 532.295 519.063 487.273 432.615 445.787 395.153 354.394 334.746 305.426 253.696 230.600 198.028 206.041 214.001 223.499 223.799 224.097 241.694 254.373 253.099 242.130 253.920 248.591 -999.250 -999.250 -999.250 -999.250 -999.250 -999.250 -999.250 -999.250 -999.250 -999.250 -999.250 -999.250 -999.250 -999.250 -999.250 -999.250
253.348 245.107 254.930 252.610 269.002 258.579 244.202 255.300 270.063 272.315 260.417 282.476 321.393 362.911 395.455 425.735 416.982 418.035 448.294 504.125 523.165 533.744 549.943 570.560 586.059 554.572 553.598 532.020 478.577 442.666 396.732 385.722 338.002 297.132 267.876 248.936 215.008 239.728 219.451 225.240 220.718 239.103 244.820 250.023 242.532 259.064 270.093 281.919 -999.250 -999.250 -999.250 -999.250 -999.250 -999.250 -999.250 -999.250 -999.250 -999.250 -999.250 -999.250 -999.250 -999.250 -999.250 -999.250
247.504 241.895 250.763 250.221 245.264 247.666 245.685 248.126 270.451 266.705 265.579 275.743 311.889 360.699 361.280 365.962 379.310 418.037 457.512 476.023 528.788 580.036 570.016 598.725 616.316 587.587 575.646 525.416 488.633 455.151 423.327 421.016 345.638 317.773 314.052 263.475 258.990 259.266 238.658 240.379 236.228 241.731 252.614 256.248 262.052 264.195 272.047 253.933 -999.250 -999.250 -999.250 -999.250 -999.250 -999.250 -999.250 -999.250 -999.250 -999.250 -999.250 -999.250 -999.250 -999.250 -999.250 -999.250
253.473 238.027 237.284 242.081 235.115 243.059 242.702 251.660 241.759 247.016 263.967 302.004 303.919 301.970 344.394 332.658 368.415 442.465 463.895 509.777 557.668 570.712 586.645 635.386 591.687 604.814 572.419 523.229 476.666 464.951 446.361 422.804 360.547 332.886 316.627 297.865 274.105 268.674 270.729 268.597 259.561 257.645 252.776 263.513 258.647 273.454 279.832 -999.250 -999.250 -999.250 -999.250 -999.250 -999.250 -999.250 -999.250 -999.250 -999.250 -999.250 -999.250 -999.250 -999.250 -999.250 -999.250 -999.250
239.491 222.651 236.996 233.469 223.776 225.874 228.381 230.315 235.815 240.751 256.144 272.135 301.506 297.364 317.828 335.078 382.263 415.935 477.426 504.229 543.179 599.803 601.047 631.321 646.315 591.381 574.554 538.001 515.204 483.890 466.085 441.659 356.863 368.552 338.828 310.676 292.114 290.732 287.707 262.632 258.702 267.309 248.176 266.728 272.452 266.078 -999.250 -999.250 -999.250 -999.250 -999.250 -999.250 -999.250 -999.250 -999.250 -999.250 -999.250 -999.250 -999.250 -999.250 -999.250 -999.250 -999.250 -999.250
224.948 223.348 208.950 208.680 191.954 188.613 195.530 205.953 224.895 248.965 245.556 257.663 274.192 283.157 300.293 320.214 355.041 378.129 426.283 476.977 521.445 543.960 589.123 635.743 600.509 584.889 562.077 544.674 525.560 525.567 487.255 458.936 413.534 381.422 353.402 319.675 316.506 320.575 311.525 319.631 276.653 293.749 301.798 294.545 289.697 -999.250 -999.250 -999.250 -999.250 -999.250 -999.250 -999.250 -999.250 -999.250 -999.250 -999.250 -999.250 -999.250 -999.250 -999.250 -999.250 -999.250 -999.250 -999.250
216.588 193.286 191.865 188.746 191.527 176.151 194.319 187.719 212.041 233.800 228.640 253.500 246.996 239.730 293.449 316.892 344.468 363.822 430.345 473.559 479.383 521.345 569.299 587.437 608.900 592.431 554.813 551.563 521.427 520.170 470.779 463.045 431.825 412.563 364.554 324.355 350.176 347.412 336.313 337.142 312.684 284.981 305.685 295.044 282.421 -999.250 -999.250 -999.250 -999.250 -999.250 -999.250 -999.250 -999.250 -999.250 -999.250 -999.250 -999.250 -999.250 -999.250 -999.250 -999.250 -999.250 -999.250 -999.250
202.966 181.985 180.240 178.338 182.664 179.599 177.990 190.944 195.532 206.543 226.175 226.662 228.573 250.417 249.493 299.639 310.068 340.100 411.946 421.436 475.634 513.976 545.892 581.691 595.390 578.858 573.517 564.546 496.251 496.416 497.033 478.299 449.598 432.440 412.680 439.823 405.714 370.199 350.070 347.033 338.694 340.001 304.141 318.554 307.023 -999.250 -999.250 -999.250 -999.250 -999.250 -999.250 -999.250 -999.250 -999.250 -999.250 -999.250 -999.250 -999.250 -999.250 -999.250 -999.250 -999.250 -999.250 -999.250
185.387 176.634 176.762 171.917 164.659 166.733 165.369 178.793 202.779 213.715 221.116 223.708 224.214 236.176 226.917 258.211 283.052 320.359 360.736 422.531 470.130 475.500 547.338 562.412 568.606 571.542 557.809 541.008 541.219 521.215 474.278 474.840 471.258 420.854 437.481 441.690 396.304 368.307 345.543 365.023 369.631 347.106 348.296 337.963 336.166 -999.250 -999.250 -999.250 -999.250 -999.250 -999.250 -999.250 -999.250 -999.250 -999.250 -999.250 -999.250 -999.250 -999.250 -999.250 -999.250 -999.250 -999.250 -999.250
167.610 173.127 165.119 174.822 160.884 150.726 170.233 198.646 211.027 229.926 216.950 220.698 223.436 218.397 228.009 240.311 258.838 309.728 345.537 390.669 429.404 465.369 494.690 511.475 533.995 534.870 536.155 517.151 501.411 520.233 467.961 451.847 480.151 485.005 499.748 482.463 450.897 425.924 366.235 355.878 343.739 349.744 359.491 336.608 -999.250 -999.250 -999.250 -999.250 -999.250 -999.250 -999.250 -999.250 -999.250 -999.250 -999.250 -999.250 -999.250 -999.250 -999.250 -999.250 -999.250 -999.250 -999.250 -999.250
164.017 154.748 164.445 167.892 178.156 188.055 190.144 221.887 235.681 237.018 222.621 225.125 227.303 204.685 205.867 223.650 251.921 302.393 342.721 378.444 450.247 459.755 499.257 528.787 538.145 506.839 490.326 526.728 506.226 498.269 487.529 450.508 478.269 498.580 482.960 492.147 470.390 449.437 418.450 431.527 389.870 399.627 387.895 361.354 -999.250 -999.250 -999.250 -999.250 -999.250 -999.250 -999.250 -999.250 -999.250 -999.250 -999.250 -999.250 -999.250 -999.250 -999.250 -999.250 -999.250 -999.250 -999.250 -999.250
162.613 166.344 182.179 200.624 208.742 212.385 223.122 242.003 250.525 270.814 264.449 276.313 228.204 208.465 187.029 190.944 243.514 297.343 363.812 386.060 452.783 462.104 484.871 494.204 527.955 514.846 537.896 540.724 497.253 530.090 509.816 514.180 492.055 506.952 505.056 500.680 503.682 482.954 466.875 454.845 435.238 425.085 392.555 414.888 -999.250 -999.250 -999.250 -999.250 -999.250 -999.250 -999.250 -999.250 -999.250 -999.250 -999.250 -999.250 -999.250 -999.250 -999.250 -999.250 -999.250 -999.250 -999.250 -999.250
176.073 198.693 221.687 222.331 231.772 233.856 263.351 287.804 296.032 322.197 313.702 283.981 266.567 242.095 209.871 159.033 251.424 295.193 359.968 424.765 452.161 497.423 539.844 555.559 557.987 518.304 538.553 515.909 517.519 520.106 491.320 542.659 537.140 536.927 521.918 545.696 527.698 523.232 500.533 491.287 463.370 428.597 425.366 433.531 -999.250 -999.250 -999.250 -999.250 -999.250 -999.250 -999.250 -999.250 -999.250 -999.250 -999.250 -999.250 -999.250 -999.250 -999.250 -999.250 -999.250 -999.250 -999.250 -999.250
191.170 196.856 229.160 249.054 274.063 300.829 316.444 344.768 369.826 364.216 367.398 342.964 345.545 329.411 299.535 303.988 335.215 400.255 440.456 466.476 501.840 532.705 577.647 541.350 528.724 540.050 535.155 530.502 514.425 536.295 522.646 557.037 563.859 538.548 543.609 584.994 578.510 537.159 530.307 501.894 521.037 500.415 457.553 -999.250 -999.250 -999.250 -999.250 -999.250 -999.250 -999.250 -999.250 -999.250 -999.250 -999.250 -999.250 -999.250 -999.250 -999.250 -999.250 -999.250 -999.250 -999.250 -999.250 -999.250
214.926 235.181 250.815 293.251 333.671 346.425 390.988 437.264 432.725 469.362 439.631 421.655 438.744 456.323 434.122 443.183 460.950 478.741 485.586 528.417 557.364 573.261 -999.250 -999.250 -999.250 -999.250 562.654 575.573 543.931 578.764 583.568 -999.250 -999.250 -999.250 -999.250 -999.250 -999.250 -999.250 -999.250 -999.250 -999.250 -999.250 -999.250 -999.250 -999.250 -999.250 -999.250 -999.250 -999.250 -999.250 -999.250 -999.250 -999.250 -999.250 -999.250 -999.250 -999.250 -999.250 -999.250 -999.250 -999.250 -999.250 -999.250 -999.250
228.941 258.473 307.864 353.191 423.872 460.343 482.875 519.478 523.068 532.302 532.595 517.236 546.523 558.250 530.190 515.868 558.386 547.570 567.651 640.339 617.524 621.231 -999.250 -999.250 -999.250 -999.250 -999.250 -999.250 -999.250 -999.250 -999.250 -999.250 -999.250 -999.250 -999.250 -999.250 -999.250 -999.250 -999.250 -999.250 -999.250 -999.250 -999.250 -999.250 -999.250 -999.250 -999.250 -999.250 -999.250 -999.250 -999.250 -999.250 -999.250 -999.250 -999.250 -999.250 -999.250 -999.250 -999.250 -999.250 -999.250 -999.250 -999.250 -999.250
250.624 292.346 359.419 432.675 501.302 509.121 580.395 615.861 662.797 650.480 645.762 673.921 647.442 677.182 671.823 666.756 723.612 672.505 682.868 701.113 705.630 676.165 -999.250 -999.250 -999.250 -999.250 -999.250 -999.250 -999.250 -999.250 -999.250 -999.250 -999.250 -999.250 -999.250 -999.250 -999.250 -999.250 -999.250 -999.250 -999.250 -999.250 -999.250 -999.250 -999.250 -999.250 -999.250 -999.250 -999.250 -999.250 -999.250 -999.250 -999.250 -999.250 -999.250 -999.250 -999.250 -999.250 -999.250 -999.250 -999.250 -999.250 -999.250 -999.250
282.316 346.257 460.803 514.940 589.824 644.768 696.728 752.755 758.462 772.075 767.927 742.641 748.531 833.564 786.288 779.510 794.189 820.698 788.688 738.606 749.866 706.616 628.718 -999.250 -999.250 -999.250 -999.250 -999.250 -999.250 -999.250 -999.250 -999.250 -999.250 -999.250 -999.250 -999.250 -999.250 -999.250 -999.250 -999.250 -999.250 -999.250 -999.250 -999.250 -999.250 -999.250 -999.250 -999.250 -999.250 -999.250 -999.250 -999.250 -999.250 -999.250 -999.250 -999.250 -999.250 -999.250 -999.250 -999.250 -999.250 -999.250 -999.250 -999.250
287.219 413.757 513.836 669.204 743.079 812.088 852.851 865.417 918.789 937.983 891.897 895.655 935.655 938.085 915.932 914.347 909.505 887.080 886.714 825.719 817.626 733.670 692.178 641.221 -999.250 -999.250 -999.250 -999.250 -999.250 -999.250 -999.250 -999.250 -999.250 -999.250 -999.250 -999.250 -999.250 -999.250 -999.250 -999.250 -999.250 -999.250 -999.250 -999.250 -999.250 -999.250 -999.250 -999.250 -999.250 -999.250 -999.250 -999.250 -999.250 -999.250 -999.250 -999.250 -999.250 -999.250 -999.250 -999.250 -999.250 -999.250 -999.250 -999.250
424.713 544.167 664.262 769.106 890.241 950.192 1001.090 1006.841 1090.942 1075.207 1032.746 1084.870 1101.590 1083.938 1083.342 1013.404 1031.107 1052.520 952.834 929.456 833.587 809.947 742.614 705.082 636.709 -999.250 -999.250 -999.250 -999.250 -999.250 -999.250 -999.250 -999.250 -999.250 -999.250 -999.250 -999.250 -999.250 -999.250 -999.250 -999.250 -999.250 -999.250 -999.250 -999.250 -999.250 -999.250 -999.250 -999.250 -999.250 -999.250 -999.250 -999.250 -999.250 -999.250 -999.250 -999.250 -999.250 -999.250 -999.250 -999.250 -999.250 -999.250 -999.250
542.301 641.558 763.323 953.317 1079.881 1164.068 1226.916 1244.744 1305.064 1260.288 1215.345 1200.813 1205.998 1201.974 1178.391 1211.224 1202.004 1115.712 1076.719 976.065 882.771 835.390 791.284 738.084 661.747 -999.250 -999.250 -999.250 -999.250 -999.250 -999.250 -999.250 -999.250 -999.250 -999.250 -999.250 -999.250 -999.250 -999.250 -999.250 -999.250 -999.250 -999.250 -999.250 -999.250 -999.250 -999.250 -999.250 -999.250 -999.250 -999.250 -999.250 -999.250 -999.250 -999.250 -999.250 -999.250 -999.250 -999.250 -999.250 -999.250 -999.250 -999.250 -999.250
