data/medianmodel_30-May-2020.asc
ncols	141
nrows	288
xllcorner	-120191.398
yllcorner	-301404.813
cellsize	2000.000
NODATA_value	-999.250
[rows 124 to 154 of 288, columns 0 to 68 of 141]
-999.250 -999.250 -999.250 -999.250 -999.250 -999.250 -999.250 -999.250 -999.250 -999.250 -999.250 -999.250 -999.250 -999.250 -999.250 -999.250 -999.250 -999.250 -999.250 -999.250 -999.250 -999.250 -999.250 -999.250 3.676 4.316 0.587 1.865 2.699 1.450 3.975 3.689 6.951 5.207 3.078 4.374 3.014 3.450 6.131 5.126 4.712 4.358 2.965 6.759 2.029 1.112 0.256 1.507 2.702 2.561 2.205 1.421 0.000 0.000 0.000 0.000 0.927 0.385 0.768 0.404 0.000 0.000 0.000 0.000 0.000 0.000 0.000 0.000 0.000
-999.250 -999.250 -999.250 -999.250 -999.250 -999.250 -999.250 -999.250 -999.250 -999.250 -999.250 -999.250 -999.250 -999.250 -999.250 -999.250 -999.250 -999.250 -999.250 -999.250 -999.250 -999.250 -999.250 -999.250 2.394 1.849 3.149 2.641 2.202 0.879 3.419 2.108 2.066 1.176 3.478 2.983 4.117 2.845 3.566 3.151 4.004 2.833 4.668 2.402 1.643 1.130 1.678 1.369 2.356 2.087 2.778 0.000 0.000 0.000 0.000 0.000 0.000 1.470 2.006 0.029 0.000 0.000 0.000 0.000 0.000 0.000 0.000 0.000 0.000
-999.250 -999.250 -999.250 -999.250 -999.250 -999.250 -999.250 -999.250 -999.250 -999.250 -999.250 -999.250 -999.250 -999.250 -999.250 -999.250 -999.250 -999.250 -999.250 -999.250 -999.250 -999.250 -999.250 1.104 1.483 2.657 2.395 1.622 1.075 1.119 2.112 2.879 2.583 2.619 5.137 4.921 4.860 5.040 5.494 5.776 4.449 4.870 4.696 3.072 2.247 1.804 0.000 0.037 0.000 0.228 0.000 0.000 0.000 0.000 0.000 0.000 0.000 0.000 0.000 0.000 0.000 0.000 0.000 0.000 0.000 0.000 0.000 0.000 0.000
-999.250 -999.250 -999.250 -999.250 -999.250 -999.250 -999.250 -999.250 -999.250 -999.250 -999.250 -999.250 -999.250 -999.250 -999.250 -999.250 -999.250 -999.250 -999.250 -999.250 -999.250 -999.250 -999.250 0.416 0.884 0.740 1.361 0.405 2.557 1.191 2.070 1.442 1.668 2.696 3.511 4.702 4.952 5.951 3.039 6.091 4.373 5.460 2.571 0.482 0.457 0.403 0.000 0.000 0.000 0.000 0.000 0.000 0.000 0.000 0.000 0.000 0.000 0.000 0.000 0.000 0.000 0.000 0.000 0.000 0.000 0.000 0.000 1.010 3.158
-999.250 -999.250 -999.250 -999.250 -999.250 -999.250 -999.250 -999.250 -999.250 -999.250 -999.250 -999.250 -999.250 -999.250 -999.250 -999.250 -999.250 -999.250 -999.250 -999.250 -999.250 -999.250 -999.250 0.897 0.000 0.200 0.507 3.619 2.529 3.876 1.834 1.176 2.447 1.589 2.174 4.079 3.951 5.215 6.287 7.319 5.074 4.104 1.892 0.329 1.868 1.993 0.000 0.000 0.000 0.000 0.000 0.000 0.000 0.000 0.000 0.000 0.000 0.000 0.000 0.000 0.000 0.000 0.000 0.000 0.000 0.000 0.144 2.358 0.381
-999.250 -999.250 -999.250 -999.250 -999.250 -999.250 -999.250 -999.250 -999.250 -999.250 -999.250 -999.250 -999.250 -999.250 -999.250 -999.250 -999.250 -999.250 -999.250 -999.250 -999.250 -999.250 1.010 0.000 0.859 1.472 0.287 0.291 1.849 1.688 3.416 3.326 0.918 2.176 3.256 3.499 3.842 3.046 3.908 4.934 4.728 2.072 2.785 3.530 2.084 0.731 0.000 0.000 0.000 0.000 0.000 0.000 0.000 0.000 0.000 0.000 0.000 0.000 0.000 0.000 0.000 0.000 0.000 0.000 0.000 0.586 2.726 2.059 1.458
-999.250 -999.250 -999.250 -999.250 -999.250 -999.250 -999.250 -999.250 -999.250 -999.250 -999.250 -999.250 -999.250 -999.250 -999.250 -999.250 -999.250 -999.250 -999.250 -999.250 -999.250 -999.250 0.156 0.197 0.000 0.523 2.165 1.377 2.722 2.754 3.075 3.171 5.151 5.398 2.825 3.050 2.629 3.871 5.621 5.650 2.820 4.139 4.822 2.822 2.244 0.000 0.000 0.000 0.000 0.000 0.000 0.000 0.000 0.000 0.000 0.000 0.000 0.000 0.000 0.000 0.000 0.000 0.000 0.000 0.000 0.333 0.947 3.263 3.048
-999.250 -999.250 -999.250 -999.250 -999.250 -999.250 -999.250 -999.250 -999.250 -999.250 -999.250 -999.250 -999.250 -999.250 -999.250 -999.250 -999.250 -999.250 -999.250 -999.250 -999.250 0.111 0.497 0.176 2.597 1.565 0.000 0.000 1.773 1.198 5.588 3.146 4.816 3.482 3.158 3.380 1.343 3.850 6.176 5.168 5.488 4.791 2.643 3.534 2.284 0.000 0.101 0.000 0.000 0.000 0.000 0.000 0.000 0.000 0.000 0.000 0.000 0.000 0.000 0.000 0.000 0.000 0.000 1.302 0.443 2.636 3.883 5.924 5.194
-999.250 -999.250 -999.250 -999.250 -999.250 -999.250 -999.250 -999.250 -999.250 -999.250 -999.250 -999.250 -999.250 -999.250 -999.250 -999.250 -999.250 -999.250 -999.250 -999.250 -999.250 2.620 0.472 1.272 0.000 0.859 0.671 0.000 0.000 0.450 1.795 2.879 3.883 4.107 3.845 4.737 4.109 3.861 5.598 3.181 4.789 2.956 4.128 2.613 0.000 0.301 0.000 0.000 0.000 0.000 0.000 0.000 0.000 0.000 0.000 0.000 0.000 0.000 0.000 0.000 0.000 0.000 2.089 0.000 0.000 2.472 3.067 7.761 6.908
-999.250 -999.250 -999.250 -999.250 -999.250 -999.250 -999.250 -999.250 -999.250 -999.250 -999.250 -999.250 -999.250 -999.250 -999.250 -999.250 -999.250 -999.250 -999.250 -999.250 -999.250 0.000 0.000 0.000 0.000 0.383 0.288 0.702 2.083 3.010 3.155 4.074 1.284 3.980 3.353 3.333 2.933 4.107 2.855 3.694 3.297 2.549 2.756 2.342 2.782 0.000 0.000 0.000 0.000 0.000 0.000 0.000 0.000 0.000 0.000 0.000 0.000 0.000 0.000 0.000 0.000 0.000 0.074 0.000 0.000 2.826 2.567 3.592 4.541
-999.250 -999.250 -999.250 -999.250 -999.250 -999.250 -999.250 -999.250 -999.250 -999.250 -999.250 -999.250 -999.250 -999.250 -999.250 -999.250 -999.250 -999.250 -999.250 -999.250 0.798 0.000 0.000 0.311 0.398 1.964 2.382 2.358 3.089 4.037 4.980 3.364 4.380 4.640 5.273 8.642 5.874 3.052 2.926 3.542 3.305 3.802 3.888 4.882 2.874 2.251 0.000 0.000 0.000 0.000 0.000 0.000 0.000 0.000 0.000 0.000 0.000 0.000 0.000 0.035 0.000 0.000 0.000 0.000 1.142 1.428 2.409 2.131 3.392
-999.250 -999.250 -999.250 -999.250 -999.250 -999.250 -999.250 -999.250 -999.250 -999.250 -999.250 -999.250 -999.250 -999.250 -999.250 -999.250 -999.250 -999.250 -999.250 -999.250 2.292 0.883 1.716 2.681 1.989 1.798 2.748 3.628 5.013 6.730 5.743 5.113 5.402 6.363 3.928 6.687 4.862 2.340 4.088 3.434 2.601 4.379 0.759 4.003 2.325 1.826 0.865 1.668 0.118 0.000 0.000 0.000 0.000 0.000 0.000 0.000 0.000 0.000 0.000 0.000 0.000 0.000 0.000 0.122 0.512 2.369 4.407 3.206 4.101
-999.250 -999.250 -999.250 -999.250 -999.250 -999.250 -999.250 -999.250 -999.250 -999.250 -999.250 -999.250 -999.250 -999.250 -999.250 -999.250 -999.250 -999.250 -999.250 -999.250 1.926 2.744 4.198 3.245 0.000 0.486 1.691 1.821 3.859 4.945 6.739 6.014 5.327 7.148 7.208 6.056 5.609 4.332 4.871 5.753 6.723 4.423 2.484 3.098 2.246 2.165 1.974 2.486 0.964 0.000 0.000 0.000 0.000 0.402 0.146 1.352 0.000 0.000 0.000 0.000 0.000 0.000 0.139 0.610 1.290 2.822 3.916 4.100 4.758
-999.250 -999.250 -999.250 -999.250 -999.250 -999.250 -999.250 -999.250 -999.250 -999.250 -999.250 -999.250 -999.250 -999.250 -999.250 -999.250 -999.250 -999.250 -999.250 -999.250 3.754 3.951 4.967 2.979 0.000 1.400 2.362 3.349 3.165 6.821 12.529 4.987 4.983 5.123 5.939 8.370 5.198 4.161 5.363 7.017 11.352 4.327 3.021 2.294 1.830 2.591 3.848 2.011 0.000 0.000 0.000 0.000 0.444 1.914 2.219 2.605 3.133 3.053 0.613 0.000 0.000 0.000 1.995 0.687 1.856 3.622 3.615 4.369 6.978
-999.250 -999.250 -999.250 -999.250 -999.250 -999.250 -999.250 -999.250 -999.250 -999.250 -999.250 -999.250 -999.250 -999.250 -999.250 -999.250 -999.250 -999.250 -999.250 6.598 5.202 3.520 3.523 1.760 3.764 3.876 3.852 3.660 3.440 4.098 3.528 2.892 4.654 4.145 3.849 5.982 5.211 5.058 5.386 4.231 5.484 3.840 2.136 2.613 3.549 5.411 2.817 0.793 0.000 0.000 0.867 2.958 2.204 2.256 4.489 5.724 6.453 5.133 2.163 0.098 0.000 0.973 0.000 1.441 2.143 2.198 3.282 3.492 5.792
-999.250 -999.250 -999.250 -999.250 -999.250 -999.250 -999.250 -999.250 -999.250 -999.250 -999.250 -999.250 -999.250 -999.250 -999.250 -999.250 -999.250 -999.250 -999.250 7.931 10.573 5.410 5.448 3.875 3.499 4.397 1.924 2.392 1.899 0.941 0.000 1.632 3.920 2.717 3.811 5.458 4.601 6.663 3.999 5.918 5.969 2.890 1.686 0.093 0.379 1.902 0.920 0.000 0.000 0.000 0.964 3.611 4.143 3.242 3.699 6.832 6.425 5.779 5.820 3.667 5.068 2.984 1.528 0.354 1.762 1.972 2.563 3.486 3.090
-999.250 -999.250 -999.250 -999.250 -999.250 -999.250 -999.250 -999.250 -999.250 -999.250 -999.250 -999.250 -999.250 -999.250 -999.250 -999.250 -999.250 -999.250 -999.250 10.508 21.179 8.398 4.540 2.946 2.595 1.816 2.779 2.462 2.296 0.000 0.000 0.000 1.711 3.816 4.565 5.310 2.845 3.410 5.677 4.369 8.170 4.276 4.433 0.611 1.676 0.076 0.000 0.000 0.000 0.000 2.764 5.476 8.993 6.477 8.191 7.670 5.272 6.027 6.661 6.001 4.320 2.175 3.865 3.222 1.719 0.000 0.117 2.692 3.778
-999.250 -999.250 -999.250 -999.250 -999.250 -999.250 -999.250 -999.250 -999.250 -999.250 -999.250 -999.250 -999.250 -999.250 -999.250 -999.250 -999.250 -999.250 -999.250 10.027 11.930 8.165 7.385 2.865 3.829 2.718 2.709 2.505 0.579 0.000 0.000 0.202 2.203 3.828 2.872 3.016 5.309 4.747 4.433 5.314 4.166 4.217 5.304 3.243 1.660 0.000 0.000 0.000 2.721 3.659 2.082 6.152 9.633 7.685 7.502 4.861 5.999 8.443 8.745 7.067 5.386 3.805 3.514 0.843 0.000 0.000 0.000 2.146 4.295
-999.250 -999.250 -999.250 -999.250 -999.250 -999.250 -999.250 -999.250 -999.250 -999.250 -999.250 -999.250 -999.250 -999.250 -999.250 -999.250 -999.250 -999.250 -999.250 9.142 7.433 7.148 3.913 1.674 2.645 3.914 3.857 3.546 2.001 0.000 0.203 0.837 3.920 2.673 4.782 4.948 3.193 4.485 5.031 6.827 5.314 3.993 4.963 3.152 0.886 0.000 0.227 0.000 0.000 4.635 4.481 8.214 8.559 6.756 8.410 9.365 8.921 11.071 8.368 8.672 8.234 4.490 5.719 1.636 0.000 0.000 0.000 3.515 3.976
-999.250 -999.250 -999.250 -999.250 -999.250 -999.250 -999.250 -999.250 -999.250 -999.250 -999.250 -999.250 -999.250 -999.250 -999.250 -999.250 -999.250 -999.250 7.825 7.490 6.176 3.498 3.793 3.735 1.101 5.102 6.123 2.409 3.176 2.733 2.613 4.664 2.666 3.153 2.669 2.607 3.474 2.643 3.530 3.203 4.481 4.815 3.931 3.942 1.631 1.180 0.008 1.935 4.212 4.244 7.714 10.419 7.733 7.677 8.560 11.139 11.162 13.384 11.818 13.516 13.727 11.053 5.450 3.076 1.008 0.835 2.775 2.337 3.059
-999.250 -999.250 -999.250 -999.250 -999.250 -999.250 -999.250 -999.250 -999.250 -999.250 -999.250 -999.250 -999.250 -999.250 -999.250 -999.250 -999.250 5.060 6.717 7.141 8.426 4.054 2.295 2.547 1.712 4.523 5.494 6.226 3.036 2.757 4.357 5.300 5.627 5.101 3.429 2.581 1.795 3.345 3.387 7.428 5.189 4.370 0.839 3.124 3.675 2.277 2.372 4.001 5.578 6.233 9.073 8.530 7.003 8.027 7.622 11.611 18.291 21.848 15.702 26.731 15.312 10.902 9.382 3.754 5.662 5.076 2.549 2.301 2.565
-999.250 -999.250 -999.250 -999.250 -999.250 -999.250 -999.250 -999.250 -999.250 -999.250 -999.250 -999.250 -999.250 -999.250 -999.250 -999.250 -999.250 5.354 6.735 6.164 3.118 3.403 2.621 2.698 2.639 4.512 6.439 10.427 3.732 7.525 8.403 8.693 9.077 6.574 7.173 3.426 5.549 3.641 4.702 6.016 6.092 6.198 4.223 1.573 3.191 2.971 2.390 3.083 4.880 6.912 6.368 4.486 4.902 3.253 6.026 13.955 23.979 33.569 25.714 17.698 11.512 10.304 7.222 9.775 6.424 6.974 5.723 3.760 2.357
-999.250 -999.250 -999.250 -999.250 -999.250 -999.250 -999.250 -999.250 -999.250 -999.250 -999.250 -999.250 -999.250 -999.250 -999.250 4.714 5.865 5.555 5.452 6.454 3.045 2.302 3.955 3.927 4.925 7.913 10.186 10.991 9.298 4.876 8.953 8.249 8.346 8.093 7.347 5.657 4.099 4.185 5.960 4.360 7.278 11.450 6.444 2.576 3.327 3.304 1.779 1.178 2.633 5.814 5.044 3.149 1.852 0.000 5.729 17.482 28.723 51.238 29.511 20.305 14.057 9.623 7.563 8.094 9.972 7.149 4.516 2.296 2.120
-999.250 -999.250 -999.250 -999.250 -999.250 -999.250 -999.250 -999.250 -999.250 -999.250 -999.250 -999.250 -999.250 -999.250 2.970 2.506 4.778 6.431 7.851 5.446 4.171 3.213 4.103 4.316 7.143 9.857 10.688 10.350 8.805 5.329 8.400 8.803 7.824 10.367 7.950 5.942 5.639 4.028 5.800 7.101 7.041 5.872 3.388 4.622 6.646 7.422 1.511 0.000 0.000 3.045 1.655 0.000 0.000 0.000 3.702 12.885 19.626 27.740 25.786 22.045 11.216 7.230 9.248 8.234 8.611 7.342 3.936 2.286 0.000
-999.250 -999.250 -999.250 -999.250 -999.250 -999.250 -999.250 -999.250 -999.250 -999.250 -999.250 -999.250 -999.250 -999.250 2.382 3.066 4.069 3.501 6.627 4.935 6.139 3.931 4.349 5.438 9.556 11.714 12.041 11.215 10.258 8.626 8.868 6.909 9.882 10.318 7.060 7.141 5.372 7.807 7.179 7.594 5.349 4.858 8.697 10.101 10.317 13.916 2.197 0.000 0.000 0.000 1.738 1.381 0.000 0.000 4.923 10.106 16.070 14.760 18.635 15.602 18.207 11.947 8.935 8.608 6.873 7.027 5.617 2.611 0.000
-999.250 -999.250 -999.250 -999.250 -999.250 -999.250 -999.250 -999.250 -999.250 -999.250 -999.250 -999.250 -999.250 1.564 3.248 0.805 6.368 4.741 3.399 3.808 5.166 5.333 7.594 8.415 8.440 8.451 12.032 10.611 9.550 10.563 10.802 8.486 7.819 7.228 6.398 5.628 3.882 5.794 8.633 9.381 11.174 8.787 6.596 8.118 8.927 5.145 0.000 0.000 0.000 0.000 2.704 2.477 1.597 2.503 3.695 9.347 12.512 11.253 13.450 12.175 12.395 11.110 14.753 8.212 5.767 5.899 5.080 4.442 1.249
-999.250 -999.250 -999.250 -999.250 -999.250 -999.250 -999.250 -999.250 -999.250 -999.250 -999.250 -999.250 4.605 2.419 0.236 2.215 5.641 4.056 4.510 5.318 6.637 5.287 5.347 7.761 9.543 10.763 10.759 12.058 10.322 11.008 9.931 11.690 7.328 8.895 8.314 5.556 7.576 6.342 14.294 12.022 10.333 9.486 8.204 5.417 3.066 0.008 0.000 0.000 0.000 3.483 3.993 3.653 3.433 5.123 9.127 9.510 11.762 12.300 12.712 10.814 13.571 17.662 14.834 10.055 8.341 7.632 6.569 5.265 5.343
-999.250 -999.250 -999.250 -999.250 -999.250 -999.250 -999.250 -999.250 -999.250 -999.250 -999.250 3.228 2.257 2.381 0.000 3.169 5.186 5.553 2.552 5.277 6.254 5.195 4.579 7.323 9.879 11.633 11.473 9.039 13.420 15.229 10.430 11.738 11.254 11.320 10.572 13.339 9.085 11.289 15.467 13.146 9.697 6.886 6.998 5.392 0.512 0.000 0.000 0.000 1.424 4.795 6.904 4.126 3.537 7.442 10.519 10.212 11.962 15.396 13.871 9.514 12.406 15.205 9.231 8.062 6.904 5.268 7.075 6.085 6.820
-999.250 -999.250 -999.250 -999.250 -999.250 -999.250 -999.250 -999.250 -999.250 -999.250 1.277 2.502 4.101 1.102 0.000 0.000 0.000 1.010 2.902 3.861 6.780 5.383 5.235 7.332 11.213 11.427 10.757 11.598 12.344 12.472 18.262 16.815 16.643 14.479 9.770 11.759 13.255 15.177 15.503 12.698 11.860 7.846 7.994 6.004 0.000 0.000 0.000 0.031 5.641 7.410 6.876 3.816 3.308 7.551 10.813 11.627 12.484 14.445 14.083 12.842 10.487 12.113 10.426 8.802 6.404 6.835 6.924 7.801 4.940
-999.250 -999.250 -999.250 -999.250 -999.250 -999.250 -999.250 -999.250 -999.250 3.953 1.676 3.681 5.004 0.511 0.000 0.000 0.000 0.000 2.112 5.779 4.722 6.165 6.493 7.758 10.309 12.054 13.532 18.968 16.101 22.975 20.330 22.886 18.332 11.642 12.468 13.442 16.611 19.140 14.257 13.180 11.516 7.999 8.301 4.824 0.000 0.000 0.000 0.000 4.033 7.650 4.657 5.471 4.950 6.901 8.200 10.395 11.441 8.750 10.917 9.346 11.390 8.836 10.153 10.952 5.805 7.305 5.398 4.350 2.982
-999.250 -999.250 -999.250 -999.250 -999.250 0.000 0.000 0.080 2.967 3.894 2.599 2.812 4.086 0.134 0.000 0.000 0.000 1.054 1.133 4.586 7.807 6.610 6.277 8.171 13.069 13.837 12.309 18.459 22.440 23.788 22.466 17.264 17.977 16.083 15.353 14.847 14.656 12.976 16.614 16.827 12.192 11.121 12.076 7.510 4.130 0.000 0.000 0.095 6.477 5.436 6.383 6.685 8.109 10.299 8.041 10.157 9.461 11.204 12.843 10.303 9.808 9.872 8.062 5.741 7.311 2.806 4.877 6.119 3.401
