data/medianmodel_12-Jul-2020.asc
ncols	141
nrows	288
xllcorner	-120191.398
yllcorner	-301404.813
cellsize	2000.000
NODATA_value	-999.250
[rows 31 to 61 of 288, columns 69 to 137 of 141]
0.000 0.000 0.000 0.000 0.000 0.000 0.000 0.000 0.386 4.055 4.808 6.174 6.960 8.949 8.603 8.757 7.249 6.116 5.906 5.810 3.130 1.214 1.285 0.000 0.000 0.000 0.000 0.000 0.000 0.000 0.000 0.000 0.000 0.000 0.184 1.231 1.800 1.460 3.809 5.928 4.925 6.016 8.175 13.737 12.465 13.622 19.132 16.281 15.570 13.355 11.424 13.110 9.892 11.710 14.313 25.425 35.005 60.903 88.258 127.520 145.022 176.317 240.374 294.055 335.042 322.008 336.747 340.839 306.664
0.000 0.000 0.000 0.000 0.000 0.000 0.000 0.000 3.653 5.862 8.060 8.407 11.015 10.130 10.154 9.550 8.622 8.762 7.706 7.170 5.812 3.881 4.486 0.010 0.000 0.000 0.000 0.000 0.000 0.000 0.000 0.000 0.000 0.000 0.939 1.907 3.661 2.319 4.079 6.721 6.788 7.012 8.877 10.376 10.658 13.303 12.187 14.954 13.116 13.012 12.136 12.453 13.252 15.658 22.584 32.124 55.076 62.782 114.797 143.217 164.544 205.107 257.391 336.665 386.425 394.648 356.163 357.381 341.031
0.000 0.000 0.000 0.000 0.000 0.000 0.000 0.538 4.816 6.327 8.203 9.552 12.236 12.773 9.944 11.817 12.802 9.770 10.315 8.848 7.185 6.426 4.963 2.714 0.625 0.000 0.000 0.000 0.000 0.000 0.000 0.000 0.000 0.000 0.000 0.005 1.465 1.518 3.316 6.889 6.981 6.696 7.072 9.582 8.955 11.175 10.442 12.893 12.340 13.986 11.875 12.814 15.701 17.551 27.051 45.578 67.380 103.128 126.867 159.960 197.109 234.250 268.251 297.038 397.938 422.535 417.001 403.353 371.081
0.000 0.000 0.000 0.000 0.000 0.000 0.000 0.915 5.343 7.037 11.066 12.933 17.511 16.927 13.152 11.058 13.240 12.505 10.443 7.910 8.965 7.676 5.403 4.776 1.828 1.005 0.000 0.000 0.000 0.000 0.000 0.000 0.000 0.000 0.000 0.000 1.054 1.906 2.730 5.015 3.943 4.168 7.201 7.718 9.753 9.204 9.487 10.200 7.725 11.642 13.138 17.322 17.526 18.717 45.356 53.667 84.967 116.440 148.303 192.934 248.577 309.359 338.130 356.086 417.879 437.868 461.504 441.043 382.346
0.000 0.000 0.000 0.000 0.000 0.000 2.198 2.899 5.247 8.494 12.273 16.432 25.081 21.561 16.225 12.883 13.429 12.616 13.508 12.779 10.314 9.832 9.819 6.823 5.732 3.017 0.168 0.000 0.000 0.000 0.000 0.000 0.000 0.000 0.000 0.000 0.831 0.686 1.512 1.069 3.200 4.137 7.558 6.757 11.461 7.920 10.358 11.708 10.968 11.986 12.077 15.117 19.795 28.230 36.053 64.592 98.960 129.646 161.720 208.054 268.200 376.672 394.035 414.926 474.719 512.445 476.208 443.066 -999.250
0.000 0.000 0.000 0.000 0.000 0.000 2.335 3.123 5.626 7.361 10.895 14.864 19.742 21.229 15.541 15.703 17.066 14.785 16.468 15.260 14.318 12.558 10.836 8.282 6.281 4.712 2.186 0.000 0.000 0.000 0.000 0.000 0.000 0.000 0.000 0.000 0.000 0.000 0.000 0.000 1.555 2.827 3.885 6.203 9.200 10.584 11.141 14.996 13.602 16.363 12.827 19.127 21.956 29.509 43.505 67.735 111.898 129.323 161.666 222.401 271.707 359.981 381.120 431.442 465.120 492.182 460.499 420.253 -999.250
0.000 0.000 0.000 0.000 0.000 0.000 0.254 3.390 3.661 6.389 7.285 12.819 17.522 16.212 16.572 17.173 16.384 18.557 18.016 19.894 16.549 14.496 11.766 9.807 7.687 5.251 4.112 0.236 0.000 0.000 0.000 0.000 0.000 0.000 0.000 0.000 0.000 0.000 0.000 0.000 0.663 2.374 4.574 5.080 7.977 12.975 13.417 17.367 16.305 14.069 14.624 20.873 24.291 35.989 45.303 79.109 103.332 132.167 166.744 211.355 268.386 371.916 387.349 405.068 446.186 459.174 430.783 -999.250 -999.250
0.000 0.000 0.000 0.000 0.000 0.000 0.000 2.624 3.823 6.387 8.320 10.316 12.678 12.826 15.456 18.821 20.462 20.141 21.679 22.675 19.640 13.976 13.247 9.698 9.554 5.234 3.978 3.133 0.000 0.000 0.000 0.000 0.000 0.000 0.000 0.000 0.000 0.000 0.000 0.000 0.601 1.661 3.863 5.817 7.838 13.039 11.851 12.654 17.004 14.601 14.379 20.463 26.861 46.392 63.673 76.196 117.358 134.494 178.049 195.269 259.445 336.199 353.605 403.072 395.579 402.395 386.750 -999.250 -999.250
0.000 0.000 0.000 0.000 0.000 0.000 0.000 1.208 2.514 4.047 7.594 10.043 11.062 14.201 15.620 16.886 20.246 21.382 25.601 25.280 22.223 15.921 12.256 12.149 9.240 7.867 5.828 4.553 0.000 0.000 0.000 0.000 0.000 0.000 0.000 0.000 0.000 0.000 0.000 0.000 0.000 0.531 3.054 4.482 5.980 8.412 9.970 10.967 12.988 14.556 15.817 19.727 27.938 42.371 67.838 79.375 113.993 131.808 149.254 195.678 224.989 271.472 298.969 321.805 359.326 397.805 394.931 -999.250 -999.250
0.000 0.000 0.000 0.000 0.000 0.000 0.000 0.586 3.052 4.841 6.139 6.360 9.468 12.654 15.555 16.877 18.973 20.543 28.585 36.610 23.648 17.186 14.770 12.566 9.029 6.620 2.585 2.492 0.197 0.000 0.000 0.000 0.000 0.000 0.000 0.000 0.000 0.000 0.000 0.000 0.000 0.000 0.275 2.705 5.324 9.148 8.207 13.910 13.056 14.701 19.910 31.331 32.763 43.269 53.351 71.045 101.797 136.079 159.316 188.780 211.590 237.534 288.686 343.105 327.082 347.993 -999.250 -999.250 -999.250
0.000 0.000 0.000 0.000 0.000 0.000 0.000 0.000 1.788 5.793 4.375 6.495 9.295 10.951 13.684 15.521 16.171 20.292 24.019 27.472 21.757 15.255 14.756 11.632 11.822 8.342 5.983 2.264 0.000 0.000 0.000 0.000 0.000 0.000 0.000 0.000 0.000 0.000 0.000 0.000 0.000 0.000 1.673 3.699 4.834 6.886 9.754 9.000 12.085 16.014 22.689 23.393 28.732 47.547 56.762 71.167 107.350 133.354 141.781 178.634 256.568 245.635 256.763 311.692 343.539 337.933 305.407 -999.250 -999.250
0.000 0.000 0.000 0.000 0.000 0.000 0.000 0.000 0.000 2.154 2.349 5.045 7.087 8.488 9.865 13.968 12.585 15.866 17.169 20.488 17.234 14.403 12.671 11.988 11.273 7.447 4.369 3.606 1.440 0.000 0.000 0.000 0.000 0.000 0.000 0.000 0.000 0.000 0.000 0.000 0.000 0.000 2.564 3.755 5.384 6.848 8.800 13.072 15.078 18.892 20.086 26.443 27.477 43.105 47.976 63.319 95.418 117.847 138.030 163.329 191.429 219.659 274.222 -999.250 -999.250 -999.250 -999.250 -999.250 -999.250
0.000 0.000 0.000 0.000 0.000 0.000 0.000 0.000 0.000 0.000 0.408 3.590 6.340 7.698 7.961 8.056 8.537 9.891 10.883 10.753 12.176 10.308 12.912 9.713 7.610 7.090 4.874 4.122 0.888 0.000 0.000 0.000 0.000 0.000 0.000 0.000 0.000 0.000 0.000 0.000 0.000 0.000 1.139 3.761 5.988 7.577 10.115 12.636 15.951 21.689 22.532 26.647 30.411 43.871 53.125 73.519 89.061 112.417 126.563 145.814 202.938 171.304 221.487 199.349 -999.250 -999.250 -999.250 -999.250 -999.250
0.000 0.000 0.000 0.000 0.000 0.000 0.000 0.000 0.000 0.000 0.000 2.325 3.172 5.368 6.443 6.339 7.163 7.429 7.840 8.226 9.251 9.197 9.187 8.075 8.522 8.053 5.701 3.191 1.247 0.000 0.000 0.000 0.000 0.000 0.000 0.000 0.000 0.000 0.000 0.000 0.000 0.873 2.583 3.267 4.653 5.944 9.727 12.622 17.215 18.381 23.979 28.367 32.102 40.181 54.529 60.762 57.942 80.822 124.555 134.011 157.412 162.716 -999.250 -999.250 -999.250 -999.250 -999.250 -999.250 -999.250
0.000 0.000 0.000 0.000 0.000 0.000 0.000 0.000 0.000 0.000 0.000 0.000 0.186 1.984 3.114 3.518 3.237 4.791 3.284 3.539 5.462 5.658 6.361 7.222 8.432 6.786 4.624 3.646 1.704 0.000 0.000 0.000 0.000 0.000 0.000 0.000 0.000 0.000 0.000 0.000 0.000 1.454 3.704 3.828 5.136 7.319 10.133 14.183 13.721 18.007 24.884 35.748 34.381 38.648 52.261 53.476 73.867 69.376 93.636 120.012 140.757 155.993 -999.250 -999.250 -999.250 -999.250 -999.250 -999.250 -999.250
0.000 0.000 0.000 0.000 0.000 0.000 0.000 0.000 0.000 0.000 0.000 0.000 0.000 0.604 0.000 0.000 0.253 0.337 0.000 0.000 0.156 3.397 5.126 6.021 6.385 6.335 5.380 2.982 3.464 0.522 0.000 0.000 0.000 0.000 0.000 0.000 0.000 0.000 0.000 0.810 1.421 4.517 2.066 5.655 6.212 8.610 10.758 14.385 15.015 14.838 21.443 26.531 30.348 38.309 46.233 50.815 71.446 70.745 80.271 95.566 120.989 -999.250 -999.250 -999.250 -999.250 -999.250 -999.250 -999.250 -999.250
0.000 0.000 0.000 0.000 0.000 0.000 0.000 0.000 0.000 0.000 0.000 0.000 0.000 0.000 0.000 0.000 0.000 0.000 0.000 0.000 0.000 0.573 2.941 5.871 5.295 8.922 7.515 5.529 4.451 1.991 0.000 0.000 0.000 0.000 0.000 0.882 0.651 0.244 1.714 3.581 3.805 5.689 5.124 3.933 5.636 7.204 9.988 13.286 14.764 16.314 20.738 20.895 30.299 42.900 41.898 55.139 63.185 76.307 88.450 -999.250 -999.250 -999.250 -999.250 -999.250 -999.250 -999.250 -999.250 -999.250 -999.250
0.000 0.000 0.000 0.000 0.000 0.000 0.000 0.000 0.000 0.000 0.000 0.000 0.000 0.000 0.000 0.000 0.000 0.000 0.000 0.000 0.000 0.000 2.564 6.183 7.598 10.950 10.965 9.136 6.379 4.144 1.887 0.549 0.059 0.765 2.127 3.847 4.918 4.356 3.147 3.774 4.057 5.026 5.581 5.692 5.133 5.742 8.751 12.100 10.189 15.354 17.087 21.463 34.804 41.017 48.039 57.798 68.094 80.286 87.528 -999.250 -999.250 -999.250 -999.250 -999.250 -999.250 -999.250 -999.250 -999.250 -999.250
0.000 0.000 0.000 0.000 0.000 0.000 0.000 0.000 0.000 0.000 0.000 0.000 0.000 0.000 0.000 0.000 0.000 0.000 0.000 0.000 0.000 1.114 4.123 6.670 7.866 12.286 17.649 11.286 8.924 5.572 4.354 3.732 4.008 3.718 5.654 6.743 6.361 6.648 5.037 4.727 5.960 4.563 5.253 3.813 4.776 6.287 6.699 9.509 11.672 14.673 19.938 25.676 33.605 39.562 -999.250 57.760 70.191 -999.250 -999.250 -999.250 -999.250 -999.250 -999.250 -999.250 -999.250 -999.250 -999.250 -999.250 -999.250
0.000 0.000 0.000 0.000 0.000 0.000 0.000 0.000 0.000 0.000 0.000 0.000 0.000 0.000 0.000 0.000 0.000 0.000 0.000 0.000 0.000 0.000 5.331 6.063 8.552 10.453 12.947 11.223 8.470 5.827 6.390 5.542 5.478 7.494 7.242 8.707 8.559 8.676 7.343 6.106 7.174 6.740 7.429 6.638 5.847 5.689 7.602 9.028 11.650 13.387 18.645 27.245 -999.250 -999.250 -999.250 -999.250 -999.250 -999.250 -999.250 -999.250 -999.250 -999.250 -999.250 -999.250 -999.250 -999.250 -999.250 -999.250 -999.250
0.000 0.000 0.000 0.000 0.000 0.000 0.000 0.000 0.000 0.000 0.210 0.000 0.000 0.000 0.000 0.000 0.000 0.000 0.000 0.000 0.000 0.000 3.252 6.081 6.963 9.039 9.721 8.865 7.869 7.170 7.004 7.432 9.957 9.800 10.252 12.020 11.956 9.108 8.520 9.625 7.461 8.471 6.284 7.404 4.746 5.732 6.407 9.503 11.251 15.778 15.951 -999.250 -999.250 -999.250 -999.250 -999.250 -999.250 -999.250 -999.250 -999.250 -999.250 -999.250 -999.250 -999.250 -999.250 -999.250 -999.250 -999.250 -999.250
0.000 0.000 0.000 0.000 0.000 0.000 1.057 0.676 0.220 1.831 0.971 0.000 0.000 0.000 0.000 0.000 0.000 0.000 0.000 0.000 0.000 0.000 1.065 3.704 5.184 5.852 6.752 6.628 8.972 5.716 6.984 10.135 10.461 11.524 14.122 16.797 16.824 11.452 12.218 9.445 7.704 6.715 5.973 5.653 5.258 4.504 6.580 7.920 7.808 12.083 11.418 -999.250 -999.250 -999.250 -999.250 -999.250 -999.250 -999.250 -999.250 -999.250 -999.250 -999.250 -999.250 -999.250 -999.250 -999.250 -999.250 -999.250 -999.250
0.000 0.000 0.000 0.000 1.484 6.340 4.560 5.197 3.888 4.014 3.947 2.060 0.120 0.000 0.000 0.000 0.000 0.000 0.000 0.000 0.000 0.000 0.000 0.946 3.866 5.460 5.340 4.890 5.915 4.980 5.361 7.546 10.044 11.416 17.137 25.991 18.680 14.158 12.120 10.555 7.633 6.426 5.531 5.831 5.523 4.231 3.898 6.337 8.962 9.348 -999.250 -999.250 -999.250 -999.250 -999.250 -999.250 -999.250 -999.250 -999.250 -999.250 -999.250 -999.250 -999.250 -999.250 -999.250 -999.250 -999.250 -999.250 -999.250
0.000 0.000 0.000 1.138 4.870 7.495 6.430 7.531 7.535 5.398 4.503 5.725 2.033 0.000 0.000 0.000 0.000 0.000 0.000 0.000 0.000 0.000 0.000 0.000 1.908 3.104 3.960 5.625 4.967 4.433 4.971 4.874 7.225 10.029 14.142 16.865 14.756 12.973 10.233 9.283 8.660 7.943 5.312 5.588 4.042 0.934 3.815 4.337 6.563 -999.250 -999.250 -999.250 -999.250 -999.250 -999.250 -999.250 -999.250 -999.250 -999.250 -999.250 -999.250 -999.250 -999.250 -999.250 -999.250 -999.250 -999.250 -999.250 -999.250
0.000 0.000 2.138 4.346 8.561 9.311 10.047 9.045 9.439 8.181 7.826 7.426 4.281 0.146 0.000 0.000 0.000 0.000 0.000 0.000 0.000 0.000 0.000 0.000 0.870 1.224 3.706 4.061 3.901 2.517 2.478 3.635 3.256 6.097 9.523 11.473 10.748 8.523 7.919 7.481 8.312 6.544 4.415 3.333 0.882 0.768 1.458 2.351 4.350 -999.250 -999.250 -999.250 -999.250 -999.250 -999.250 -999.250 -999.250 -999.250 -999.250 -999.250 -999.250 -999.250 -999.250 -999.250 -999.250 -999.250 -999.250 -999.250 -999.250
0.000 1.311 4.796 7.575 11.604 13.024 11.264 9.573 10.458 12.024 13.749 9.186 5.309 0.362 0.000 0.000 0.000 0.000 0.000 0.000 0.000 0.000 0.000 0.000 0.000 0.000 2.964 1.498 1.827 0.027 0.000 0.000 0.118 3.950 6.484 7.333 9.118 7.408 7.484 6.705 6.442 4.117 3.043 0.000 0.000 0.000 0.936 1.907 -999.250 -999.250 -999.250 -999.250 -999.250 -999.250 -999.250 -999.250 -999.250 -999.250 -999.250 -999.250 -999.250 -999.250 -999.250 -999.250 -999.250 -999.250 -999.250 -999.250 -999.250
0.000 0.061 6.548 9.092 16.067 16.077 12.692 10.456 11.380 14.628 17.334 10.055 4.711 0.425 0.000 0.000 0.000 0.000 0.000 0.000 0.000 0.000 0.000 0.000 0.000 0.000 0.000 0.000 0.000 0.000 0.000 0.000 0.000 0.131 3.354 5.296 6.604 7.312 5.521 4.897 3.427 2.652 0.000 0.000 0.000 0.000 0.000 0.000 -999.250 -999.250 -999.250 -999.250 -999.250 -999.250 -999.250 -999.250 -999.250 -999.250 -999.250 -999.250 -999.250 -999.250 -999.250 -999.250 -999.250 -999.250 -999.250 -999.250 -999.250
0.000 1.359 4.412 7.556 11.165 11.591 10.261 10.019 10.502 13.203 11.699 9.548 7.221 1.512 0.000 0.000 0.000 0.000 0.000 0.000 0.000 0.000 0.000 0.000 0.000 0.000 0.000 0.000 0.000 0.000 0.000 0.000 0.000 0.000 0.136 3.505 4.090 4.439 4.870 3.170 0.869 0.681 0.000 0.000 0.000 0.000 0.000 0.000 -999.250 -999.250 -999.250 -999.250 -999.250 -999.250 -999.250 -999.250 -999.250 -999.250 -999.250 -999.250 -999.250 -999.250 -999.250 -999.250 -999.250 -999.250 -999.250 -999.250 -999.250
0.000 0.683 4.092 6.175 7.068 8.136 7.638 7.749 10.620 9.241 9.219 7.331 5.560 1.152 0.000 0.000 0.000 0.000 0.000 0.000 0.000 0.000 0.000 0.000 0.000 0.000 0.000 0.000 0.000 0.000 0.000 0.000 0.000 0.000 0.000 0.000 2.996 2.241 1.416 0.397 0.000 0.000 0.000 0.000 0.000 0.000 0.000 -999.250 -999.250 -999.250 -999.250 -999.250 -999.250 -999.250 -999.250 -999.250 -999.250 -999.250 -999.250 -999.250 -999.250 -999.250 -999.250 -999.250 -999.250 -999.250 -999.250 -999.250 -999.250
0.000 0.660 2.082 3.644 4.889 4.596 3.995 5.281 6.068 6.776 7.018 5.483 2.676 0.079 0.000 0.000 0.000 0.000 0.000 0.000 0.000 0.000 0.000 0.000 0.000 0.000 0.000 0.000 0.000 0.000 0.000 0.000 0.000 0.000 0.000 0.000 0.000 0.000 0.000 0.000 0.000 0.000 0.000 0.000 0.000 0.000 0.000 -999.250 -999.250 -999.250 -999.250 -999.250 -999.250 -999.250 -999.250 -999.250 -999.250 -999.250 -999.250 -999.250 -999.250 -999.250 -999.250 -999.250 -999.250 -999.250 -999.250 -999.250 -999.250
0.549 1.112 0.023 0.644 0.276 0.442 2.009 2.087 3.215 5.804 5.187 2.854 0.832 0.000 0.000 0.000 0.000 0.000 0.000 0.000 0.000 0.000 0.000 0.000 0.000 0.000 0.000 0.000 0.000 0.000 0.000 0.000 0.000 0.000 0.000 0.000 0.000 0.000 0.000 0.000 0.000 0.000 0.000 0.000 0.000 0.000 -999.250 -999.250 -999.250 -999.250 -999.250 -999.250 -999.250 -999.250 -999.250 -999.250 -999.250 -999.250 -999.250 -999.250 -999.250 -999.250 -999.250 -999.250 -999.250 -999.250 -999.250 -999.250 -999.250
