data/medianmodel_26-Jan-2021.asc
ncols	141
nrows	288
xllcorner	-120191.398
yllcorner	-301404.813
cellsize	2000.000
NODATA_value	-999.250
[rows 140 to 167 of 288, columns 0 to 62 of 141]
-999.250 -999.250 -999.250 -999.250 -999.250 -999.250 -999.250 -999.250 -999.250 -999.250 -999.250 -999.250 -999.250 -999.250 -999.250 -999.250 -999.250 -999.250 -999.250 1731.789 1793.152 1722.416 1636.741 1594.893 1598.540 1589.257 1660.013 1749.089 1754.500 1853.896 1933.405 1934.814 1898.369 1943.947 1888.363 1867.856 1903.084 1915.122 1871.837 1887.264 1916.336 1899.408 1910.817 1969.934 1946.455 2021.080 2071.686 2106.197 2121.842 2091.107 2058.996 1977.527 1831.656 1767.857 1587.482 1415.686 1297.539 1224.802 1158.941 1102.201 1032.146 1050.643 1054.078
-999.250 -999.250 -999.250 -999.250 -999.250 -999.250 -999.250 -999.250 -999.250 -999.250 -999.250 -999.250 -999.250 -999.250 -999.250 -999.250 -999.250 -999.250 -999.250 1735.332 1723.492 1676.563 1621.491 1587.114 1602.831 1703.571 1690.463 1794.291 1841.566 1901.577 1908.757 1992.341 1934.176 1929.630 1891.931 1854.448 1894.710 1893.821 1853.344 1885.288 1868.297 1838.926 1826.015 1923.057 1936.533 1990.427 1997.175 2057.498 2179.710 2102.022 2044.283 1882.001 1796.027 1672.321 1527.060 1411.939 1298.768 1216.110 1168.222 1132.449 1111.966 1128.193 1108.041
-999.250 -999.250 -999.250 -999.250 -999.250 -999.250 -999.250 -999.250 -999.250 -999.250 -999.250 -999.250 -999.250 -999.250 -999.250 -999.250 -999.250 -999.250 -999.250 1667.955 1658.492 1615.195 1528.702 1489.238 1620.537 1689.735 1773.561 1810.995 1866.658 1925.346 2006.209 2028.093 2016.074 1971.811 1925.139 1937.604 1948.179 1942.092 1896.807 1889.421 1836.100 1815.843 1857.302 1842.510 1836.812 1890.471 1936.640 1936.020 1983.693 1950.139 1825.001 1752.627 1652.522 1545.267 1465.068 1384.820 1241.923 1175.003 1134.340 1144.027 1137.952 1189.761 1178.892
-999.250 -999.250 -999.250 -999.250 -999.250 -999.250 -999.250 -999.250 -999.250 -999.250 -999.250 -999.250 -999.250 -999.250 -999.250 -999.250 -999.250 -999.250 1623.990 1635.200 1612.622 1564.047 1509.253 1419.102 1578.043 1732.149 1769.178 1830.327 1877.674 1966.521 1989.304 1996.251 1968.212 1954.252 2027.241 1947.358 1974.031 1949.806 1913.540 1856.093 1821.452 1785.131 1777.507 1791.890 1777.198 1821.473 1789.756 1783.701 1812.000 1780.590 1699.567 1580.040 1476.880 1404.070 1328.082 1283.411 1232.028 1216.344 1203.617 1198.538 1241.514 1207.662 1240.445
-999.250 -999.250 -999.250 -999.250 -999.250 -999.250 -999.250 -999.250 -999.250 -999.250 -999.250 -999.250 -999.250 -999.250 -999.250 -999.250 -999.250 1577.080 1638.360 1619.617 1585.996 1521.424 1519.061 1504.837 1641.370 1770.745 1799.166 1835.321 1898.434 1966.305 2017.656 2027.051 2068.105 2010.549 1956.642 1969.231 1982.483 1988.725 1973.559 1898.807 1792.794 1785.611 1726.846 1722.330 1716.734 1685.256 1605.610 1566.270 1625.368 1586.274 1512.936 1426.529 1319.736 1323.333 1277.633 1188.936 1185.720 1161.273 1212.655 1229.618 1291.467 1278.186 1309.763
-999.250 -999.250 -999.250 -999.250 -999.250 -999.250 -999.250 -999.250 -999.250 -999.250 -999.250 -999.250 -999.250 -999.250 -999.250 -999.250 -999.250 1573.054 1622.976 1650.063 1668.620 1602.798 1592.302 1616.281 1719.247 1763.324 1804.734 1865.758 1934.535 2011.957 2017.818 2075.766 2069.248 2084.975 2092.811 2069.232 2036.191 2003.514 1948.752 1861.380 1826.782 1695.938 1621.861 1616.422 1595.831 1495.254 1476.283 1424.432 1477.087 1406.743 1394.876 1325.846 1239.178 1216.580 1180.298 1142.355 1124.331 1088.978 1147.115 1213.066 1247.279 1297.450 1401.286
-999.250 -999.250 -999.250 -999.250 -999.250 -999.250 -999.250 -999.250 -999.250 -999.250 -999.250 -999.250 -999.250 -999.250 -999.250 1552.485 1556.538 1565.130 1601.088 1657.229 1634.303 1636.864 1694.552 1688.629 1740.950 1821.641 1865.406 1928.140 1972.961 2066.762 2056.327 2114.280 2055.175 2127.943 2162.687 2150.509 2153.662 2052.152 2006.000 1920.567 1771.899 1594.481 1551.429 1524.872 1417.932 1363.182 1285.144 1253.165 1253.903 1242.507 1164.039 1139.424 1133.241 1137.379 1094.664 1074.451 1027.840 967.834 1092.223 1233.794 1252.662 1323.863 1410.575
-999.250 -999.250 -999.250 -999.250 -999.250 -999.250 -999.250 -999.250 -999.250 -999.250 -999.250 -999.250 -999.250 -999.250 1585.536 1566.051 1573.006 1577.595 1558.730 1594.584 1609.694 1707.310 1698.643 1761.355 1785.881 1852.980 1906.076 1941.581 2020.234 2098.829 2106.373 2120.376 2098.030 2114.392 2256.151 2232.347 2243.374 2176.683 2048.009 1937.592 1767.289 1610.371 1535.399 1422.526 1354.281 1245.327 1126.349 1057.317 1052.086 1074.795 1024.542 1069.889 1075.167 1042.184 1026.598 1059.689 1002.985 1023.925 1119.716 1216.382 1345.506 1349.883 1379.364
-999.250 -999.250 -999.250 -999.250 -999.250 -999.250 -999.250 -999.250 -999.250 -999.250 -999.250 -999.250 -999.250 -999.250 1552.024 1513.583 1517.180 1585.177 1571.403 1560.813 1594.133 1689.830 1723.725 1785.346 1845.532 1902.999 1970.738 2018.138 2082.403 2106.777 2090.974 2102.502 2104.763 2129.860 2145.709 2213.687 2148.484 2256.226 2059.450 1961.223 1749.677 1609.882 1449.592 1323.847 1219.119 1164.301 1028.090 857.794 937.604 1028.982 1031.900 1046.744 1020.577 1042.887 1032.354 1055.729 1077.137 1103.038 1125.522 1307.180 1373.914 1443.339 1479.399
-999.250 -999.250 -999.250 -999.250 -999.250 -999.250 -999.250 -999.250 -999.250 -999.250 -999.250 -999.250 -999.250 1520.294 1516.504 1491.204 1513.486 1464.094 1469.054 1500.228 1579.939 1621.608 1721.824 1868.655 1878.019 1983.046 2075.047 2019.272 2142.244 2202.008 2104.104 2145.688 2142.061 2109.161 2172.182 2187.695 2158.928 2113.133 1996.763 1827.788 1721.240 1617.442 1424.130 1243.560 1154.035 1077.273 956.388 884.050 883.853 918.956 954.277 1011.408 999.110 1031.665 1047.110 1068.440 1105.468 1126.911 1198.100 1284.407 1392.519 1470.246 1529.975
-999.250 -999.250 -999.250 -999.250 -999.250 -999.250 -999.250 -999.250 -999.250 -999.250 -999.250 -999.250 1555.597 1569.395 1484.268 1487.205 1446.222 1460.202 1452.879 1447.658 1481.639 1581.172 1774.035 1919.179 1962.606 2050.839 2124.450 2141.126 2225.162 2150.890 2218.217 2156.614 2191.531 2135.670 2137.117 2093.006 2122.098 2081.858 1912.042 1810.327 1718.433 1495.695 1329.567 1196.092 1070.376 995.149 936.025 906.714 936.766 950.752 1005.558 1017.769 1011.698 1043.941 1083.312 1091.847 1109.797 1126.062 1242.835 1289.837 1391.048 1487.163 1658.580
-999.250 -999.250 -999.250 -999.250 -999.250 -999.250 -999.250 -999.250 -999.250 -999.250 -999.250 1583.031 1562.262 1586.244 1530.161 1517.378 1444.110 1383.172 1385.942 1412.599 1444.308 1609.444 1768.317 1913.728 2016.598 2134.337 2226.701 2186.353 2215.258 2272.744 2219.931 2156.163 2178.860 2167.615 2083.139 2072.864 2030.565 1940.023 1829.359 1733.722 1573.715 1449.131 1280.239 1154.329 1017.125 917.775 937.677 994.763 1003.317 1012.896 1034.457 1047.658 1054.537 1040.763 1132.878 1128.363 1132.993 1228.116 1315.997 1390.162 1496.008 1534.486 1650.580
-999.250 -999.250 -999.250 -999.250 -999.250 -999.250 -999.250 -999.250 -999.250 -999.250 1627.853 1655.266 1636.896 1621.762 1605.782 1551.411 1446.790 1351.602 1312.738 1290.026 1404.041 1602.919 1763.485 1933.820 2184.191 2199.923 2333.086 2281.168 2280.856 2184.725 2127.260 2114.873 2036.251 2052.882 1987.479 2020.158 1990.541 1824.342 1758.676 1631.609 1485.001 1409.852 1221.058 1133.797 1052.394 984.986 993.522 1049.369 1036.952 1021.713 1023.511 1088.083 1113.811 1114.332 1109.372 1152.186 1205.524 1264.839 1353.345 1495.681 1558.909 1609.661 1678.622
-999.250 -999.250 -999.250 -999.250 -999.250 -999.250 -999.250 -999.250 -999.250 1641.970 1657.687 1581.630 1625.374 1634.910 1647.386 1518.987 1437.420 1324.368 1267.940 1184.697 1365.078 1610.081 1828.546 2009.908 2182.749 2348.322 2556.213 2431.773 2218.179 2241.825 2101.437 2049.018 2014.285 1939.263 1897.046 1889.291 1835.593 1731.348 1599.421 1579.488 1429.348 1298.925 1214.777 1123.846 1097.977 1070.373 1102.225 1088.975 1082.760 1082.864 1081.113 1130.874 1122.105 1173.906 1179.061 1167.444 1233.278 1392.990 1428.701 1530.594 1588.097 1667.348 1746.022
-999.250 -999.250 -999.250 -999.250 -999.250 1576.109 1584.846 1604.716 1607.708 1612.867 1630.567 1552.103 1559.556 1618.928 1577.536 1467.720 1404.164 1315.104 1308.922 1235.164 1406.163 1592.645 1837.508 2040.674 2440.288 2529.760 2663.450 2388.426 2253.664 2168.963 2111.535 2066.073 1976.778 1918.814 1842.631 1816.478 1764.198 1675.172 1584.223 1505.734 1352.758 1223.542 1218.575 1137.176 1188.653 1170.163 1239.534 1179.902 1163.388 1207.878 1192.323 1148.800 1226.538 1257.728 1259.913 1249.610 1335.282 1421.994 1506.070 1596.967 1659.769 1781.491 1851.586
-999.250 -999.250 -999.250 -999.250 -999.250 -999.250 -999.250 1592.610 1597.485 1597.456 1599.297 1568.369 1525.014 1535.086 1486.940 1405.740 1338.192 1320.495 1274.538 1279.499 1416.185 1635.302 1805.026 2021.652 2264.680 2644.879 2461.677 2375.402 2145.209 2133.585 2084.907 1999.569 1935.286 1912.536 1831.223 1769.369 1726.550 1650.262 1556.927 1437.702 1318.763 1230.528 1166.957 1135.695 1178.920 1178.880 1259.453 1212.693 1194.903 1238.316 1223.348 1251.014 1296.569 1335.141 1329.996 1373.687 1461.012 1458.964 1550.036 1616.934 1690.005 1853.978 1879.676
-999.250 -999.250 -999.250 -999.250 -999.250 -999.250 -999.250 1597.361 1596.780 1547.087 1538.133 1496.089 1517.325 1452.445 1386.753 1330.164 1298.793 1288.000 1214.954 1236.131 1422.872 1587.281 1760.474 2010.498 2132.382 2366.049 2369.528 2287.158 2136.739 2092.612 2002.804 1914.913 1926.310 1822.163 1782.514 1707.132 1683.028 1570.488 1487.622 1347.688 1248.829 1188.696 1139.692 1147.733 1182.779 1203.631 1222.812 1220.523 1296.415 1247.656 1227.987 1270.459 1356.127 1321.971 1411.635 1433.414 1425.913 1520.572 1562.526 1669.512 1770.434 1854.038 1913.275
-999.250 -999.250 -999.250 -999.250 -999.250 -999.250 -999.250 1581.322 1566.636 1545.301 1511.567 1476.735 1470.240 1341.197 1303.352 1274.381 1244.566 1167.553 1204.690 1241.745 1337.398 1486.301 1688.804 1853.199 2021.268 2119.484 2221.921 2114.014 2030.667 2025.185 1940.840 1900.452 1812.347 1817.698 1774.099 1666.189 1584.042 1511.832 1415.130 1330.678 1206.895 1121.865 1115.363 1106.432 1173.866 1194.906 1182.210 1190.148 1231.883 1260.491 1302.179 1359.945 1358.680 1360.134 1368.451 1395.717 1451.811 1516.665 1598.756 1672.591 1747.623 1888.692 1943.602
-999.250 -999.250 -999.250 -999.250 -999.250 -999.250 -999.250 1516.630 1526.228 1472.335 1421.112 1421.958 1330.345 1263.563 1264.705 1204.214 1160.018 1148.921 1109.867 1141.756 1203.416 1367.426 1517.479 1717.668 1862.061 1950.204 2055.778 2031.887 1927.956 1942.336 1891.243 1803.883 1825.229 1739.755 1700.539 1690.351 1576.455 1504.669 1375.692 1256.281 1144.673 1085.430 1102.900 1101.337 1146.969 1164.955 1208.957 1231.164 1304.898 1357.209 1297.707 1388.686 1418.759 1417.445 1383.996 1407.143 1485.484 1529.360 1630.213 1720.236 1817.676 1917.009 2034.483
-999.250 -999.250 -999.250 -999.250 -999.250 -999.250 -999.250 -999.250 1404.710 1419.117 1422.187 1375.344 1342.190 1245.395 1227.260 1162.279 1112.167 1058.605 1034.872 1039.557 1131.802 1230.859 1376.778 1562.432 1726.339 1842.331 1875.951 1857.579 1871.561 1865.931 1806.639 1780.114 1747.318 1722.089 1676.831 1619.713 1588.716 1463.612 1398.343 1263.673 1118.826 1045.222 1042.248 1061.804 1122.803 1151.223 1243.952 1254.146 1331.821 1305.283 1324.787 1402.009 1373.814 1474.831 1451.753 1390.176 1536.220 1556.656 1683.619 1773.988 1867.066 1892.279 2012.866
-999.250 -999.250 -999.250 -999.250 -999.250 -999.250 -999.250 -999.250 1440.932 1380.777 1390.050 1396.374 1313.875 1282.299 1177.146 1098.901 1079.109 1060.599 993.227 948.263 1011.084 1096.069 1262.290 1460.677 1555.021 1691.421 1750.917 1713.398 1722.141 1665.683 1712.444 1678.598 1597.189 1646.130 1570.310 1567.642 1548.611 1490.420 1407.581 1258.467 1141.790 963.309 1055.745 1118.039 1201.500 1211.204 1229.788 1253.269 1342.751 1400.552 1402.874 1368.394 1406.202 1447.289 1457.814 1492.302 1540.368 1560.740 1641.775 1708.004 1789.254 1949.076 2047.911
-999.250 -999.250 -999.250 -999.250 -999.250 -999.250 -999.250 1530.384 1529.924 1474.809 1418.155 1407.524 1345.297 1288.625 1197.598 1106.197 1018.065 943.436 865.498 870.112 866.066 971.373 1134.138 1298.715 1437.075 1548.518 1609.762 1622.717 1586.676 1591.738 1610.660 1590.386 1559.197 1565.387 1552.646 1552.721 1555.180 1541.430 1488.461 1357.171 1222.459 1125.154 1127.142 1202.869 1244.400 1231.822 1261.202 1288.911 1342.220 1398.210 1404.236 1419.275 1403.907 1445.419 1486.029 1425.170 1472.311 1513.798 1549.960 1664.289 1753.267 1883.584 1994.765
-999.250 -999.250 -999.250 -999.250 -999.250 -999.250 -999.250 1560.065 1554.407 1485.312 1453.031 1432.782 1393.802 1312.413 1176.544 1135.255 1116.797 993.756 898.739 826.843 745.996 898.569 1070.050 1223.148 1375.173 1488.939 1522.757 1502.391 1521.438 1503.523 1469.826 1477.299 1510.972 1497.264 1514.197 1539.424 1598.088 1585.393 1590.445 1474.188 1374.534 1291.634 1248.434 1252.249 1329.712 1333.713 1334.726 1340.596 1377.926 1373.370 1400.332 1406.608 1470.661 1460.536 1437.963 1477.448 1524.970 1541.887 1574.319 1659.080 1723.639 1797.374 1927.167
-999.250 -999.250 -999.250 -999.250 -999.250 -999.250 -999.250 1623.725 1590.268 1525.758 1538.568 1494.391 1383.199 1338.677 1301.115 1205.315 1088.809 1029.116 945.030 869.015 879.824 904.418 1040.862 1202.169 1364.738 1419.782 1467.059 1459.143 1407.373 1396.476 1333.852 1349.605 1399.731 1488.054 1533.208 1599.889 1658.027 1721.764 1734.232 1609.160 1491.436 1394.609 1375.874 1365.020 1379.667 1348.190 1356.527 1382.689 1366.486 1420.443 1392.825 1457.855 1452.867 1458.663 1471.203 1492.362 1453.283 1523.464 1614.195 1595.120 1671.532 1744.118 1826.267
-999.250 -999.250 -999.250 -999.250 -999.250 -999.250 -999.250 1631.347 1619.728 1607.923 1600.220 1516.952 1458.236 1392.494 1341.618 1250.873 1152.163 1099.609 1031.227 969.525 1005.628 1029.897 1071.490 1201.752 1316.885 1394.374 1474.214 1409.770 1349.487 1317.935 1230.636 1245.356 1259.313 1361.829 1482.651 1602.896 1678.991 1718.459 1777.365 1709.356 1590.519 1504.114 1460.672 1471.027 1444.782 1409.293 1409.226 1433.504 1468.971 1445.932 1401.735 1466.815 1467.437 1511.462 1470.110 1456.407 1454.575 1460.425 1550.633 1571.168 1554.314 1565.291 1691.653
-999.250 -999.250 -999.250 -999.250 -999.250 -999.250 1673.799 1692.255 1673.580 1719.477 1658.391 1598.628 1489.596 1472.035 1433.064 1358.024 1262.214 1135.164 1143.293 1137.272 1139.338 1114.375 1156.686 1220.444 1315.917 1381.408 1431.723 1442.561 1363.451 1244.942 1155.866 1107.243 1211.673 1314.655 1485.008 1595.873 1730.337 1718.495 1746.682 1716.251 1661.370 1576.208 1538.012 1477.534 1484.691 1454.332 1485.120 1416.614 1459.421 1434.500 1371.750 1395.465 1427.119 1442.020 1441.552 1443.557 1460.458 1484.230 1481.530 1444.976 1472.109 1518.915 1589.444
-999.250 -999.250 -999.250 -999.250 -999.250 -999.250 1695.090 1714.405 1741.563 1715.320 1674.887 1685.665 1581.841 1523.431 1491.738 1437.838 1311.033 1259.542 1221.819 1256.733 1223.566 1214.096 1283.447 1309.003 1380.276 1393.380 1438.193 1451.197 1352.091 1289.403 1236.684 1171.009 1236.634 1325.089 1480.047 1584.046 1684.591 1750.973 1765.149 1777.518 1681.424 1689.785 1546.312 1494.187 1535.575 1465.493 1462.531 1476.517 1478.664 1432.523 1382.084 1346.593 1363.570 1420.543 1407.735 1444.467 1415.619 1408.873 1452.693 1447.044 1379.785 1416.249 1500.968
-999.250 -999.250 -999.250 -999.250 -999.250 1784.518 1807.796 1773.464 1734.995 1756.369 1747.741 1675.838 1669.558 1625.554 1494.950 1470.356 1367.718 1389.600 1364.336 1319.585 1278.388 1260.497 1394.844 1391.636 1407.274 1477.052 1467.245 1479.134 1413.322 1406.145 1359.901 1345.155 1345.394 1477.661 1560.202 1639.275 1701.748 1755.808 1762.476 1726.943 1715.315 1688.999 1618.193 1585.361 1570.999 1534.306 1446.427 1461.926 1458.287 1404.003 1359.345 1319.551 1267.181 1289.991 1338.129 1433.604 1402.391 1385.638 1325.661 1390.114 1348.919 1406.541 1403.905
