data/medianmodel_04-Jan-2021.asc
ncols	141
nrows	288
xllcorner	-120191.398
yllcorner	-301404.813
cellsize	2000.000
NODATA_value	-999.250
[rows 140 to 167 of 288, columns 0 to 64 of 141]
-999.250 -999.250 -999.250 -999.250 -999.250 -999.250 -999.250 -999.250 -999.250 -999.250 -999.250 -999.250 -999.250 -999.250 -999.250 -999.250 -999.250 -999.250 -999.250 249.535 268.267 294.439 329.219 382.207 428.422 460.781 494.269 535.938 590.854 653.131 713.212 642.741 601.449 568.449 568.069 559.543 584.135 573.590 589.853 602.812 630.950 620.697 611.626 582.695 555.810 535.923 542.046 543.337 526.014 488.489 467.475 410.729 391.653 343.440 287.527 241.510 225.989 214.988 235.618 326.814 460.673 648.730 899.245 1135.354 1276.916
-999.250 -999.250 -999.250 -999.250 -999.250 -999.250 -999.250 -999.250 -999.250 -999.250 -999.250 -999.250 -999.250 -999.250 -999.250 -999.250 -999.250 -999.250 -999.250 272.014 281.629 319.877 371.402 403.314 445.794 496.134 524.591 547.390 595.932 619.753 653.114 647.178 628.117 598.188 576.354 586.174 578.396 596.787 606.461 607.863 633.845 636.949 646.130 605.625 574.326 545.200 547.166 519.540 519.756 474.235 425.747 394.360 338.850 309.409 244.812 217.764 200.905 192.392 216.175 322.346 499.022 733.977 983.660 1313.458 1484.942
-999.250 -999.250 -999.250 -999.250 -999.250 -999.250 -999.250 -999.250 -999.250 -999.250 -999.250 -999.250 -999.250 -999.250 -999.250 -999.250 -999.250 -999.250 -999.250 300.030 315.554 353.832 398.306 446.698 484.510 509.435 536.403 551.240 605.352 607.154 647.542 634.460 628.252 595.988 573.999 614.129 615.727 615.170 645.846 638.903 670.288 662.594 678.393 641.278 575.724 539.329 528.746 496.990 488.888 452.114 418.585 387.832 338.832 303.131 253.880 205.517 173.724 159.510 193.434 287.215 477.233 730.166 1033.206 1398.784 1803.096
-999.250 -999.250 -999.250 -999.250 -999.250 -999.250 -999.250 -999.250 -999.250 -999.250 -999.250 -999.250 -999.250 -999.250 -999.250 -999.250 -999.250 -999.250 325.523 341.714 361.091 396.152 437.976 487.349 493.150 522.821 535.292 572.677 589.884 617.554 623.845 634.617 630.961 580.204 589.236 582.738 616.044 632.422 657.910 696.015 695.445 701.682 684.623 647.412 592.892 545.768 506.576 500.335 471.393 433.207 407.534 376.193 338.059 293.899 245.125 200.736 151.423 137.873 137.900 224.710 429.966 682.341 1044.849 1305.168 1541.359
-999.250 -999.250 -999.250 -999.250 -999.250 -999.250 -999.250 -999.250 -999.250 -999.250 -999.250 -999.250 -999.250 -999.250 -999.250 -999.250 -999.250 356.820 356.142 365.650 380.988 418.325 451.207 490.957 493.389 518.092 555.368 556.593 596.170 604.385 590.169 619.370 582.338 575.005 549.989 576.711 611.750 602.056 682.749 707.980 734.849 732.869 707.502 650.288 614.692 549.228 509.151 487.955 451.755 426.153 411.985 372.760 344.432 312.429 259.000 209.050 179.252 137.739 114.677 133.654 380.719 622.737 912.172 1148.175 1338.599
-999.250 -999.250 -999.250 -999.250 -999.250 -999.250 -999.250 -999.250 -999.250 -999.250 -999.250 -999.250 -999.250 -999.250 -999.250 -999.250 -999.250 382.010 407.935 399.521 419.698 442.269 445.977 485.248 504.966 542.573 573.206 583.408 586.072 584.213 578.907 583.844 568.425 562.989 556.565 555.680 570.893 603.542 655.487 723.392 739.793 774.623 745.754 666.990 605.409 559.075 507.126 489.609 465.016 438.275 399.842 406.892 378.271 355.613 302.214 247.753 216.218 181.023 163.215 218.282 391.302 622.124 794.237 1004.519 1174.800
-999.250 -999.250 -999.250 -999.250 -999.250 -999.250 -999.250 -999.250 -999.250 -999.250 -999.250 -999.250 -999.250 -999.250 -999.250 441.708 419.341 421.757 452.454 434.587 466.169 473.307 474.328 500.080 529.040 549.154 560.625 595.562 586.665 568.183 585.830 567.620 570.153 560.385 544.106 542.970 557.806 564.436 606.538 678.071 767.623 855.924 751.133 658.240 595.055 543.912 506.871 495.677 456.344 431.120 417.563 435.608 424.791 404.834 360.427 276.558 247.774 253.345 237.306 271.911 398.366 564.403 771.698 876.981 1022.754
-999.250 -999.250 -999.250 -999.250 -999.250 -999.250 -999.250 -999.250 -999.250 -999.250 -999.250 -999.250 -999.250 -999.250 482.274 472.627 461.087 454.816 442.678 476.707 465.473 505.266 494.218 529.011 555.684 568.330 596.254 579.637 576.795 584.329 578.237 576.375 557.795 547.286 524.774 518.549 508.428 524.484 559.593 639.519 713.637 748.989 710.899 630.938 554.484 519.212 492.317 470.758 440.016 430.662 438.287 453.739 462.741 496.278 401.412 321.710 289.833 261.803 250.752 302.391 396.821 523.558 668.965 815.939 881.557
-999.250 -999.250 -999.250 -999.250 -999.250 -999.250 -999.250 -999.250 -999.250 -999.250 -999.250 -999.250 -999.250 -999.250 501.050 500.780 497.842 485.137 483.578 493.337 492.320 517.820 540.773 562.221 580.835 615.986 644.288 621.338 595.238 593.718 592.469 583.560 541.528 533.116 501.430 487.408 484.507 476.228 540.572 605.447 651.287 661.680 644.550 582.138 517.923 491.697 467.011 455.703 427.551 412.466 428.002 448.759 434.955 454.383 399.568 342.896 291.040 275.039 288.673 324.107 385.029 496.845 601.630 709.429 808.591
-999.250 -999.250 -999.250 -999.250 -999.250 -999.250 -999.250 -999.250 -999.250 -999.250 -999.250 -999.250 -999.250 522.188 518.509 533.610 529.958 518.716 501.310 517.820 515.204 546.189 560.207 578.729 584.918 634.894 648.570 689.438 625.460 616.538 613.933 571.250 555.290 536.278 510.312 490.201 471.509 485.646 522.668 561.421 606.404 591.111 588.372 530.042 489.030 448.209 435.495 419.573 404.763 408.498 417.356 420.164 424.244 420.925 370.336 338.250 295.578 268.628 299.876 329.899 365.371 456.334 527.756 621.520 699.759
-999.250 -999.250 -999.250 -999.250 -999.250 -999.250 -999.250 -999.250 -999.250 -999.250 -999.250 -999.250 567.684 549.568 533.165 558.865 553.005 528.665 520.572 543.877 549.594 565.615 589.022 608.267 651.243 659.277 704.962 700.291 665.901 667.997 629.841 587.992 558.935 549.963 527.003 493.373 491.051 513.740 517.027 548.194 563.998 551.445 529.993 497.810 456.168 424.674 402.518 384.068 386.923 386.849 398.291 394.999 392.141 385.936 356.348 321.905 266.967 281.377 284.439 300.623 347.711 417.513 490.319 547.266 612.627
-999.250 -999.250 -999.250 -999.250 -999.250 -999.250 -999.250 -999.250 -999.250 -999.250 -999.250 579.336 568.256 597.542 574.437 566.345 557.719 535.565 543.496 531.335 557.401 591.623 621.055 675.609 707.393 735.425 772.830 739.456 714.116 685.425 639.431 615.580 618.916 577.112 544.614 515.202 518.916 514.033 526.927 516.805 548.077 538.317 521.259 473.290 435.282 412.062 369.475 356.815 347.840 373.018 372.663 359.581 359.126 358.688 328.205 299.930 273.155 263.586 259.601 283.737 340.693 387.644 425.234 484.097 537.751
-999.250 -999.250 -999.250 -999.250 -999.250 -999.250 -999.250 -999.250 -999.250 -999.250 581.683 591.127 607.558 616.573 615.821 622.723 593.692 565.541 531.647 544.633 589.882 625.786 654.399 717.464 763.721 784.604 798.031 803.019 754.068 733.653 653.519 631.149 588.859 579.073 570.867 529.589 539.649 532.867 522.870 517.240 534.220 512.901 491.159 446.199 394.411 361.139 342.550 322.670 335.177 346.648 344.922 355.738 345.053 313.444 308.548 289.629 279.622 243.657 237.675 254.115 292.629 316.439 395.407 445.149 508.385
-999.250 -999.250 -999.250 -999.250 -999.250 -999.250 -999.250 -999.250 -999.250 575.939 596.253 579.852 606.447 626.917 637.774 675.106 622.843 586.753 544.737 541.301 568.646 617.198 698.022 743.417 796.701 830.506 837.352 809.196 792.020 772.452 719.856 631.383 640.294 603.254 569.463 566.122 551.494 529.480 535.145 532.033 524.758 500.080 483.385 439.202 401.143 345.269 313.038 302.649 297.914 306.922 310.048 333.608 345.120 305.432 281.100 260.213 245.571 225.571 197.554 198.802 231.776 257.952 321.370 393.262 444.309
-999.250 -999.250 -999.250 -999.250 -999.250 599.868 622.618 574.376 565.211 564.969 571.088 566.429 571.889 579.279 610.395 597.815 572.925 555.905 551.056 542.519 561.520 620.191 722.858 797.141 860.805 919.644 899.909 854.815 803.336 782.923 712.172 663.259 627.024 615.404 615.429 578.534 557.018 554.306 548.311 542.395 524.072 521.955 495.252 430.765 400.373 346.733 304.447 300.082 292.643 321.673 300.517 314.449 316.617 292.416 249.142 234.180 222.786 213.822 197.289 186.433 199.666 218.426 270.597 330.846 372.820
-999.250 -999.250 -999.250 -999.250 -999.250 -999.250 -999.250 554.684 550.481 549.018 557.471 570.832 556.390 543.300 544.128 554.061 534.551 531.172 527.719 534.475 559.756 588.395 721.170 797.987 897.553 1010.845 905.942 848.146 845.563 768.827 719.336 691.991 620.571 611.524 598.932 566.149 565.565 556.965 552.374 553.780 536.909 555.440 511.554 471.241 420.722 373.233 336.922 319.583 309.626 312.478 300.468 288.280 284.814 264.981 246.490 222.671 198.668 194.033 175.132 159.279 193.427 209.957 245.808 280.941 320.701
-999.250 -999.250 -999.250 -999.250 -999.250 -999.250 -999.250 545.932 546.057 527.799 518.939 531.767 503.986 502.464 502.770 499.461 494.063 494.790 492.812 496.218 518.265 586.613 647.150 740.608 839.893 887.112 847.885 800.405 793.012 746.869 695.961 694.939 660.157 620.600 609.022 581.448 571.183 559.595 581.647 566.264 566.928 571.166 531.957 501.933 466.166 414.884 369.586 344.723 333.455 311.118 282.983 265.573 257.812 240.509 215.923 218.604 176.242 169.465 138.212 129.863 131.240 175.471 195.814 233.070 274.592
-999.250 -999.250 -999.250 -999.250 -999.250 -999.250 -999.250 513.371 492.147 491.141 470.955 446.026 457.331 449.494 458.227 445.379 447.929 442.882 440.952 472.271 490.788 550.706 583.325 666.468 724.100 774.225 807.031 756.719 755.768 719.431 673.962 661.566 619.679 595.745 587.206 562.283 558.612 561.463 584.400 588.797 613.544 596.846 566.034 541.893 489.038 429.948 408.852 385.883 344.624 329.877 296.731 269.370 254.130 254.393 230.148 216.715 189.990 175.192 146.296 116.834 109.208 145.707 163.623 202.324 234.905
-999.250 -999.250 -999.250 -999.250 -999.250 -999.250 -999.250 471.985 446.144 443.488 442.236 408.086 397.753 404.162 411.788 402.874 403.649 388.824 411.205 432.519 453.475 496.947 548.640 588.955 643.396 673.908 699.001 655.672 680.553 667.710 629.532 600.236 567.761 548.909 550.880 548.610 548.316 562.744 570.599 601.049 652.783 653.257 602.783 556.302 529.527 473.786 423.748 398.771 367.441 373.431 339.180 293.005 280.941 264.500 246.928 217.884 180.050 135.060 121.080 126.312 123.009 118.305 127.494 159.299 181.087
-999.250 -999.250 -999.250 -999.250 -999.250 -999.250 -999.250 -999.250 404.928 391.007 386.664 370.799 374.068 364.132 359.775 356.725 357.798 342.209 375.925 382.381 409.481 435.721 495.196 525.813 571.778 602.021 597.462 618.798 587.774 604.773 579.406 546.926 529.552 526.136 526.485 523.091 543.278 574.181 606.616 625.544 652.489 698.965 645.743 573.429 532.514 491.148 449.467 416.268 397.454 377.854 348.973 323.274 312.119 288.143 264.387 248.182 203.761 183.809 164.154 131.868 117.928 115.284 129.341 144.285 168.098
-999.250 -999.250 -999.250 -999.250 -999.250 -999.250 -999.250 -999.250 378.924 359.698 347.049 337.335 329.805 341.353 321.007 334.448 319.029 299.722 312.578 332.470 351.172 385.093 437.424 481.818 506.784 544.268 549.041 546.563 557.196 553.329 538.359 520.471 505.126 490.766 483.436 517.642 536.066 551.671 571.185 590.246 640.157 750.815 661.546 574.870 536.255 501.430 451.895 451.657 420.017 385.914 377.232 344.127 343.176 336.235 294.186 290.851 240.547 214.791 201.752 193.009 150.160 119.581 132.544 139.615 163.637
-999.250 -999.250 -999.250 -999.250 -999.250 -999.250 -999.250 372.914 365.930 339.555 327.257 340.988 325.202 294.815 300.311 298.410 279.063 270.297 279.619 284.440 293.049 321.613 345.583 388.789 414.106 452.706 484.718 481.963 489.945 489.022 484.790 498.170 464.670 468.590 460.536 486.823 515.491 503.322 499.294 525.630 587.449 642.808 620.984 558.344 513.268 488.034 474.777 442.269 429.996 392.900 402.146 386.376 401.835 372.162 357.570 300.278 266.613 260.758 241.577 224.120 199.549 156.930 162.536 163.651 171.770
-999.250 -999.250 -999.250 -999.250 -999.250 -999.250 -999.250 363.403 359.429 321.979 301.542 308.936 311.045 290.430 282.345 253.291 267.917 245.668 238.756 240.793 255.979 277.867 306.022 346.536 344.644 381.479 399.646 411.413 420.397 415.500 441.119 426.504 429.075 398.732 411.219 423.004 417.009 409.749 402.994 451.155 510.049 534.904 548.616 536.580 491.983 489.912 457.452 463.948 439.786 425.897 415.035 413.486 411.814 415.773 376.594 354.866 351.091 328.870 303.125 258.181 252.410 211.139 188.452 192.272 169.384
-999.250 -999.250 -999.250 -999.250 -999.250 -999.250 -999.250 360.712 336.267 340.165 317.793 307.990 299.037 289.698 268.619 257.631 249.686 247.950 229.894 235.890 243.876 255.350 286.264 297.223 317.631 339.295 366.923 357.145 374.285 394.952 386.929 386.525 377.295 374.710 360.963 349.876 343.080 322.598 306.041 380.265 415.538 455.518 480.885 460.531 474.376 447.533 473.140 464.415 446.919 420.974 443.924 431.171 433.982 426.504 414.060 398.945 391.644 373.702 373.362 339.661 297.188 256.142 237.454 226.435 223.847
-999.250 -999.250 -999.250 -999.250 -999.250 -999.250 -999.250 362.604 348.907 333.922 342.242 322.390 319.357 315.839 279.730 259.844 251.743 248.321 248.440 229.780 240.300 245.138 262.246 274.582 285.490 282.357 302.067 325.754 331.763 345.036 340.776 346.031 341.206 328.712 312.303 308.400 296.488 272.695 270.957 318.705 351.290 397.168 422.880 424.858 422.818 435.096 433.350 446.571 465.861 443.374 449.776 464.755 494.494 483.237 439.559 434.804 439.181 439.746 424.377 397.987 369.150 336.144 310.610 310.774 272.600
-999.250 -999.250 -999.250 -999.250 -999.250 -999.250 390.585 379.500 356.356 349.661 360.372 348.994 357.789 330.780 313.243 290.364 293.257 255.645 256.341 248.788 257.031 251.053 257.125 253.390 249.756 260.537 270.469 280.426 287.499 315.596 312.567 327.140 312.367 307.232 300.955 274.519 256.395 262.772 256.950 294.923 331.559 358.880 376.960 391.155 406.080 413.600 449.302 439.728 479.732 480.989 506.727 507.016 518.773 520.279 530.351 523.457 499.872 507.358 511.939 501.917 445.484 420.585 382.170 362.875 348.437
-999.250 -999.250 -999.250 -999.250 -999.250 -999.250 415.600 386.184 376.372 376.791 385.719 381.824 388.793 363.539 341.309 348.214 340.034 317.924 274.430 276.277 283.575 274.845 262.455 256.806 236.105 250.702 239.513 260.455 267.258 289.528 289.278 283.905 284.880 268.874 255.134 265.497 262.529 243.409 248.356 275.995 309.244 320.770 351.391 375.921 414.547 420.991 430.052 454.724 487.169 503.864 522.320 528.811 525.735 571.409 603.827 586.902 587.767 603.915 604.811 588.919 538.293 499.636 494.737 448.945 438.956
-999.250 -999.250 -999.250 -999.250 -999.250 421.986 410.669 412.351 409.616 405.686 409.091 415.253 403.108 402.053 380.222 391.229 373.780 357.179 344.823 326.288 311.748 305.231 290.062 257.488 257.394 242.073 246.417 259.729 254.873 251.317 278.571 268.642 264.781 271.034 251.678 250.678 252.679 253.712 261.340 260.754 269.539 297.116 317.165 358.908 381.711 411.288 455.563 477.842 501.128 548.246 549.346 579.826 619.637 659.690 687.989 685.538 693.499 688.064 695.954 710.822 653.797 587.073 540.498 530.649 517.447
