data/medianmodel_04-May-2020.asc
ncols	141
nrows	288
xllcorner	-120191.398
yllcorner	-301404.813
cellsize	2000.000
NODATA_value	-999.250
[rows 155 to 185 of 288, columns 0 to 68 of 141]
-999.250 -999.250 -999.250 -999.250 -999.250 -999.250 -999.250 0.000 0.789 0.744 0.353 0.375 0.920 0.000 0.000 0.786 0.798 5.122 6.024 6.255 8.732 5.543 5.355 6.989 8.960 9.814 9.876 13.381 16.477 21.730 20.787 21.145 16.903 23.089 22.691 23.108 23.663 19.424 21.153 20.932 19.661 16.568 15.976 13.936 15.175 16.064 21.359 21.279 19.900 19.580 16.257 16.597 12.410 13.806 12.343 9.150 9.846 10.234 11.487 10.633 10.294 10.979 6.342 7.853 7.882 4.216 4.765 3.697 4.322
-999.250 -999.250 -999.250 -999.250 -999.250 -999.250 -999.250 1.823 3.745 1.440 1.518 0.865 0.676 0.000 0.000 0.000 0.577 1.545 4.667 4.234 6.215 6.529 7.915 7.268 10.344 13.037 12.872 15.076 16.840 20.636 21.824 20.303 25.214 27.878 28.127 26.794 23.990 22.483 22.842 22.844 22.639 17.607 17.516 19.498 17.205 17.175 20.857 25.173 25.291 20.348 18.270 17.259 16.923 15.248 12.089 11.958 11.868 10.547 12.026 9.132 12.298 8.007 7.008 5.051 7.059 5.087 3.501 2.867 2.710
-999.250 -999.250 -999.250 -999.250 -999.250 -999.250 -999.250 4.522 4.401 3.996 0.191 1.293 2.055 0.000 0.150 0.000 0.000 0.000 0.573 3.163 5.397 5.139 6.839 7.656 11.716 16.416 18.808 18.757 23.550 20.765 23.668 24.894 28.095 30.017 30.172 35.987 25.564 26.535 25.014 23.840 21.595 21.351 19.676 20.642 23.950 22.196 24.116 22.663 25.497 19.229 21.791 19.180 21.134 16.758 15.514 13.897 12.051 9.634 5.750 8.374 9.034 8.667 7.418 7.328 6.446 4.828 5.588 5.971 4.612
-999.250 -999.250 -999.250 -999.250 -999.250 -999.250 -999.250 7.292 5.611 4.270 2.064 1.129 0.985 0.494 0.000 0.000 0.000 0.000 0.000 0.134 1.661 5.860 5.872 8.222 14.354 18.530 24.582 19.962 23.669 28.281 29.535 28.732 30.273 32.255 32.838 34.905 29.852 27.140 24.309 24.595 24.907 23.765 27.413 25.036 24.956 20.449 20.258 21.562 23.633 27.489 24.579 23.260 22.517 18.794 16.332 11.912 11.125 7.276 7.408 7.325 7.702 5.944 5.753 5.314 4.715 4.447 4.590 2.980 4.436
-999.250 -999.250 -999.250 -999.250 -999.250 -999.250 -999.250 -999.250 5.235 5.543 6.729 5.109 2.457 1.951 0.000 0.000 0.000 0.000 0.000 0.000 1.410 5.956 8.749 13.550 19.417 26.067 26.539 22.661 29.934 26.723 31.830 30.641 38.340 33.200 33.258 31.010 29.247 30.391 25.090 25.433 25.999 28.546 28.779 25.784 25.685 24.175 22.816 21.148 22.329 26.160 22.701 19.947 20.791 20.817 15.769 11.046 12.949 7.395 8.981 6.772 4.504 6.641 3.711 3.882 2.215 1.687 1.432 2.225 2.758
-999.250 -999.250 -999.250 -999.250 -999.250 -999.250 -999.250 -999.250 4.666 7.735 6.715 4.988 3.916 0.836 0.000 0.000 0.000 0.000 0.000 0.000 0.149 6.490 13.430 19.302 24.451 30.734 31.540 32.763 35.818 33.676 32.580 30.940 34.456 36.725 33.853 36.828 32.198 30.873 25.679 24.579 25.437 28.333 28.296 27.324 29.516 23.704 25.210 27.677 25.035 24.177 20.655 17.720 20.549 19.223 15.364 12.063 11.900 10.566 10.431 7.187 5.475 3.865 4.973 2.443 0.357 0.000 0.829 4.805 3.146
-999.250 -999.250 -999.250 -999.250 -999.250 -999.250 -999.250 7.713 7.380 7.989 6.588 6.667 5.203 4.367 1.907 0.000 0.000 0.000 0.000 0.000 0.000 7.019 14.619 22.449 30.667 37.490 37.425 50.398 43.847 39.642 38.624 39.623 39.262 39.052 31.215 33.810 36.572 32.417 25.595 23.545 25.010 27.591 25.472 24.706 27.263 26.789 21.762 28.775 27.371 24.426 22.381 22.998 17.351 16.587 14.401 9.964 11.857 11.348 8.604 7.110 6.425 2.975 4.551 4.360 2.447 0.000 2.006 4.140 2.553
-999.250 -999.250 -999.250 -999.250 -999.250 -999.250 -999.250 7.707 11.535 8.815 8.142 6.764 5.719 4.922 3.118 2.593 1.231 0.000 0.000 0.000 0.000 7.359 19.569 28.730 34.110 41.899 56.540 55.077 54.206 54.391 50.502 40.842 38.367 31.038 31.382 27.181 29.505 26.262 21.582 18.398 20.930 20.436 25.589 23.306 25.040 29.054 24.933 27.743 26.974 23.734 23.021 22.883 15.980 16.020 17.320 15.914 10.653 10.316 7.883 10.892 6.243 7.286 5.989 4.160 4.588 2.610 3.482 5.006 4.265
-999.250 -999.250 -999.250 -999.250 -999.250 -999.250 -999.250 10.420 11.301 11.740 8.732 8.514 6.158 5.315 4.694 2.349 1.893 0.452 1.782 3.027 6.993 15.128 24.327 34.370 38.096 55.155 67.994 51.898 56.985 57.765 48.747 45.383 39.834 32.065 26.874 25.933 23.148 22.878 17.741 16.424 17.449 18.554 23.162 24.650 23.060 27.853 25.759 23.291 21.491 21.847 22.451 21.081 18.447 15.843 14.484 11.887 12.491 9.205 7.196 6.783 6.892 5.009 5.578 5.492 4.541 4.056 5.963 3.334 5.393
-999.250 -999.250 -999.250 -999.250 -999.250 -999.250 -999.250 14.087 15.157 13.383 10.564 7.862 6.523 5.878 5.935 3.934 4.318 5.128 4.507 7.383 14.367 23.590 33.455 41.928 52.482 61.488 73.434 65.033 58.840 59.507 51.797 43.824 34.110 29.602 28.283 24.914 18.461 16.495 14.441 13.172 16.319 20.925 18.127 21.999 22.154 21.710 27.273 23.637 23.055 17.431 20.145 20.757 20.591 18.155 13.202 14.158 12.358 7.948 8.265 10.406 4.668 6.391 5.918 4.933 4.953 3.717 4.471 3.424 5.325
-999.250 -999.250 -999.250 -999.250 -999.250 -999.250 13.630 13.900 18.803 14.701 12.283 9.963 9.169 6.837 6.601 4.591 4.220 5.201 8.357 14.695 21.149 25.608 34.525 47.480 57.767 61.408 74.378 72.648 69.913 61.795 50.640 46.135 36.312 27.856 23.037 18.048 14.310 10.702 12.017 13.867 15.077 16.300 18.967 21.184 16.949 20.386 21.185 21.453 24.161 24.116 18.510 19.662 21.113 15.452 13.707 11.563 12.274 6.608 11.863 9.888 7.804 6.419 6.513 5.304 5.288 5.250 5.558 4.989 6.079
-999.250 -999.250 -999.250 -999.250 -999.250 -999.250 15.732 15.496 16.298 10.251 10.154 9.995 9.084 7.818 7.077 5.492 5.193 6.346 8.282 15.702 23.427 29.444 35.942 45.964 60.178 73.489 78.557 78.171 70.525 65.303 52.523 43.226 34.837 28.877 22.404 16.904 14.607 10.771 12.459 12.523 14.376 10.937 15.555 17.909 15.255 15.430 19.939 15.730 16.928 24.242 17.648 19.319 17.231 17.779 10.502 7.914 7.418 9.471 7.136 9.670 8.371 7.563 5.909 5.641 5.121 6.940 5.520 5.494 4.574
-999.250 -999.250 -999.250 -999.250 -999.250 13.482 13.709 13.745 9.217 10.663 10.557 7.325 5.968 5.063 5.243 5.835 6.286 7.626 13.553 14.723 24.642 29.966 35.125 46.432 62.462 75.787 82.568 92.446 76.351 65.623 58.209 44.774 35.377 25.368 21.208 16.033 11.207 10.134 9.164 10.976 14.376 14.540 18.103 14.827 17.093 15.518 16.694 16.726 18.707 20.038 21.309 17.830 15.123 16.193 15.715 11.626 7.761 9.689 8.899 7.626 8.584 7.561 6.911 6.884 6.125 6.366 5.352 4.386 3.061
-999.250 -999.250 -999.250 -999.250 -999.250 13.172 13.997 13.976 12.287 10.516 7.047 6.367 6.975 5.623 3.266 7.749 7.317 6.799 13.680 16.758 22.419 29.030 37.131 46.180 58.803 68.763 79.367 81.856 73.656 62.296 50.790 38.432 31.389 26.936 17.925 17.577 9.973 7.808 10.068 11.947 14.330 13.945 16.383 15.203 20.114 19.489 18.281 16.252 18.638 17.772 17.167 18.173 14.398 9.413 11.976 12.541 11.565 9.869 9.188 12.512 10.761 10.602 7.978 5.861 4.654 4.420 4.034 3.732 2.824
-999.250 -999.250 -999.250 -999.250 20.135 14.741 16.254 14.815 13.034 8.482 9.196 6.056 6.307 4.751 4.733 6.588 7.358 7.998 13.008 17.356 23.578 24.660 35.766 46.763 57.636 63.489 73.072 72.012 64.392 61.422 50.507 40.366 30.374 24.445 19.794 11.603 9.452 7.616 7.798 10.520 11.642 17.102 18.502 18.595 14.512 18.572 15.036 17.407 18.524 19.465 17.827 20.407 14.957 12.362 10.919 7.132 8.338 7.672 8.758 10.510 10.705 10.162 9.072 5.891 4.826 4.556 4.436 4.591 4.324
-999.250 -999.250 -999.250 -999.250 20.544 16.152 15.967 11.156 12.399 11.794 7.766 7.783 6.082 4.487 4.804 8.186 7.459 10.322 10.878 17.213 25.309 28.068 31.781 38.404 53.304 59.831 65.858 64.185 61.774 54.583 45.331 43.469 30.756 24.321 16.885 11.903 7.350 7.098 8.268 8.094 13.433 14.159 14.465 16.232 15.222 15.891 16.554 18.607 17.254 16.979 18.505 20.270 14.250 12.309 11.972 11.046 9.824 9.528 7.331 8.486 7.268 9.122 7.936 7.431 7.552 4.493 5.154 5.584 4.078
-999.250 -999.250 -999.250 -999.250 22.917 16.132 15.681 10.509 11.644 9.857 8.020 7.722 5.864 2.624 5.329 4.357 7.714 11.607 15.960 16.924 23.925 29.923 33.634 41.281 51.050 55.266 53.062 53.424 52.926 50.931 43.650 37.087 28.620 19.326 12.119 9.680 7.301 5.656 5.943 7.954 12.179 12.273 15.500 16.126 16.196 19.605 17.361 17.962 18.312 15.992 13.303 16.879 14.160 16.022 15.309 10.359 8.088 8.579 11.511 9.491 7.190 6.705 7.189 6.333 5.635 3.979 5.798 5.526 4.476
-999.250 -999.250 -999.250 -999.250 17.325 14.999 14.542 12.526 10.399 11.493 9.623 7.952 6.044 5.453 5.412 6.615 7.883 11.015 16.303 21.982 25.084 32.052 36.379 39.802 43.750 53.113 47.582 46.863 52.156 47.731 37.795 34.264 26.914 19.099 11.992 9.392 7.784 7.381 9.493 7.127 9.920 16.555 15.251 16.516 21.575 20.643 22.669 19.111 17.200 16.764 17.476 16.889 13.546 12.976 17.017 13.771 11.113 7.859 6.878 5.371 4.564 6.073 7.472 7.697 5.716 6.413 3.820 5.804 4.555
-999.250 -999.250 -999.250 -999.250 22.220 19.950 16.364 14.729 10.887 11.246 12.306 10.459 6.538 8.527 6.403 7.294 9.389 13.908 17.659 20.877 24.543 28.847 39.209 40.765 44.563 45.068 48.898 46.163 42.817 42.412 32.440 32.179 26.278 16.694 15.874 11.972 10.031 10.465 9.270 8.629 10.520 17.669 19.441 23.472 24.987 26.527 25.110 25.286 24.132 18.436 18.451 16.766 11.558 15.015 11.357 9.145 9.165 7.166 6.923 5.367 5.331 3.428 6.027 5.718 7.842 5.253 3.390 4.062 5.474
-999.250 -999.250 -999.250 -999.250 23.447 19.730 19.396 16.505 16.406 12.098 14.110 12.580 10.749 12.982 10.861 12.062 13.808 18.672 19.393 25.954 28.687 31.531 40.830 43.448 51.240 41.361 53.489 43.916 33.012 37.160 33.845 33.642 24.364 19.322 17.558 13.143 10.598 11.511 9.152 11.298 16.318 18.468 23.532 26.501 26.557 26.121 26.551 26.433 23.850 14.815 18.412 16.745 12.279 14.538 9.208 7.281 6.443 4.268 2.816 2.341 3.083 3.313 4.314 5.809 4.921 5.175 5.538 4.667 6.857
-999.250 -999.250 -999.250 -999.250 29.397 23.557 21.522 20.430 16.148 17.684 16.445 13.534 17.800 18.764 17.175 19.032 20.572 26.500 25.961 26.536 35.706 35.217 38.176 48.386 47.699 40.163 44.058 44.058 38.086 29.495 32.623 27.672 23.818 22.865 19.524 15.097 14.307 13.998 12.882 15.752 18.540 21.158 26.016 30.217 32.201 29.658 27.338 26.574 24.441 17.124 17.891 16.965 14.484 9.842 8.634 5.358 5.261 1.889 1.474 3.670 4.293 4.920 4.191 6.430 5.280 6.375 5.710 6.379 5.287
-999.250 -999.250 -999.250 -999.250 29.811 25.036 24.095 22.401 19.970 22.340 21.652 18.869 18.204 19.216 23.269 21.658 25.486 30.848 32.484 35.978 37.128 38.466 40.107 50.111 48.150 46.075 37.711 42.221 40.075 31.668 33.544 29.073 26.452 20.570 18.250 12.781 14.885 14.515 20.180 20.433 21.729 24.676 28.546 34.343 33.206 33.190 28.935 27.528 26.260 20.663 14.868 17.723 13.698 11.966 11.104 7.298 4.588 0.000 0.648 3.085 4.200 6.635 4.603 5.811 5.822 5.569 4.474 4.715 6.547
-999.250 -999.250 -999.250 -999.250 28.565 31.644 30.309 27.116 26.467 24.398 25.967 25.597 26.483 28.027 26.467 30.532 30.267 37.639 38.685 40.762 48.322 45.515 44.060 44.730 49.649 41.718 39.724 36.030 34.755 33.860 25.818 25.042 26.604 22.430 18.662 14.971 15.245 17.829 17.725 21.480 24.168 24.240 29.223 30.678 28.683 29.495 28.813 29.237 25.262 19.789 20.085 19.056 20.090 11.872 8.547 7.253 6.514 1.277 3.176 2.842 5.122 2.663 2.450 2.547 3.772 6.260 6.222 6.020 6.554
-999.250 -999.250 -999.250 -999.250 36.066 34.054 33.882 31.152 30.510 30.894 33.130 28.371 27.077 34.809 37.515 36.620 42.767 43.370 46.462 51.208 52.993 55.976 46.682 46.625 46.252 46.434 40.597 39.128 41.546 31.927 27.968 26.674 20.595 19.918 21.366 20.839 15.328 19.064 20.303 23.728 27.362 24.383 29.304 29.276 29.695 27.989 29.094 25.471 24.803 23.322 20.999 18.534 16.256 14.886 13.012 10.083 6.373 7.456 4.230 2.657 4.169 4.157 4.061 2.685 4.470 5.914 7.610 6.731 7.040
-999.250 -999.250 -999.250 44.681 42.261 43.423 40.097 33.241 36.835 38.029 40.669 36.981 38.740 45.540 46.430 51.022 49.895 53.320 52.538 59.119 61.286 61.102 50.355 57.276 53.982 41.828 41.462 33.794 34.401 39.151 25.318 26.229 26.609 21.882 21.110 21.446 19.534 26.473 27.633 24.926 27.608 31.419 27.540 30.231 30.061 32.359 30.799 26.128 26.934 26.379 24.693 23.318 16.308 18.629 9.836 8.525 6.688 6.060 6.126 5.614 3.262 3.907 6.760 5.553 6.374 6.165 7.373 8.014 7.444
-999.250 -999.250 -999.250 50.282 50.351 46.340 41.148 43.384 43.556 52.211 50.143 47.839 44.955 52.013 53.247 56.952 62.126 62.004 62.660 64.903 64.518 59.837 58.223 54.807 53.155 45.189 37.545 34.052 31.625 28.459 22.411 21.841 22.188 24.552 21.282 23.534 24.480 20.571 25.272 26.924 29.640 32.855 29.591 31.486 32.537 35.477 31.381 29.018 27.352 28.163 22.825 20.238 16.768 16.978 15.013 8.022 7.593 5.834 6.013 5.309 4.878 4.171 4.681 4.224 3.611 8.236 6.793 8.138 9.292
-999.250 -999.250 -999.250 53.174 48.650 48.191 47.154 47.482 52.640 57.743 58.267 48.912 48.891 58.951 57.912 57.770 65.739 65.397 75.116 71.608 72.947 67.291 58.545 49.167 46.909 42.433 32.574 26.197 25.633 23.090 22.077 21.825 20.292 21.828 27.108 18.987 20.994 24.258 24.316 24.979 31.492 31.433 29.763 32.436 35.136 29.351 31.825 28.071 33.848 32.429 22.750 20.691 15.666 13.770 15.530 11.562 8.253 7.070 8.508 8.116 5.235 4.871 4.907 6.063 5.856 6.204 8.518 7.540 7.151
-999.250 -999.250 45.144 48.596 47.278 51.313 53.089 53.435 60.104 58.816 60.028 57.150 59.848 59.404 65.801 70.507 76.611 80.030 71.072 68.957 66.132 61.646 59.775 43.189 45.115 33.526 31.838 26.396 24.837 22.424 19.473 20.183 19.731 22.332 22.493 21.077 25.136 21.998 26.598 31.562 32.834 36.677 32.069 32.798 31.864 30.255 32.766 26.508 31.676 26.734 22.707 21.591 20.835 17.153 17.114 10.365 9.805 12.432 9.616 7.873 5.463 5.210 5.059 3.972 4.008 4.879 6.902 6.507 6.503
-999.250 -999.250 41.328 42.257 50.791 45.798 49.439 55.253 57.044 71.194 63.847 68.682 61.525 61.124 59.392 72.319 75.961 81.782 85.235 78.375 -999.250 61.999 50.274 40.512 41.494 30.146 26.731 22.307 21.141 19.607 19.200 19.613 18.713 18.845 23.461 22.113 23.385 25.055 29.224 29.921 31.502 30.803 34.475 35.026 31.396 29.917 28.673 32.818 29.975 26.684 21.153 15.920 17.854 16.968 13.957 12.837 10.331 10.269 9.681 8.914 6.213 5.545 6.255 6.225 5.838 5.312 5.392 6.716 7.527
-999.250 60.495 58.492 50.864 53.887 53.825 55.182 55.133 59.253 63.896 67.718 69.159 65.225 58.272 59.616 74.841 88.915 82.842 80.503 -999.250 -999.250 59.798 52.937 43.551 35.078 30.874 26.031 20.955 23.720 20.331 19.723 15.428 17.760 20.133 19.586 20.084 21.357 24.450 26.703 28.566 34.498 34.088 29.601 34.079 38.239 33.266 29.503 29.672 31.263 29.048 24.597 14.336 18.528 17.000 14.791 11.613 13.173 6.483 7.545 6.635 7.493 6.195 5.917 7.085 5.051 4.888 4.260 7.566 7.626
-999.250 58.977 60.913 51.120 53.388 50.348 62.328 57.331 60.438 65.927 67.445 70.006 66.783 59.809 55.633 68.430 79.594 82.059 -999.250 -999.250 -999.250 -999.250 47.511 38.130 33.160 28.518 27.737 23.689 21.148 19.795 18.863 16.081 15.436 21.304 20.893 23.491 23.737 24.536 26.446 27.085 31.095 33.195 28.460 32.984 38.426 40.431 39.299 36.243 33.766 32.442 23.324 21.703 17.137 17.945 16.009 9.987 8.056 8.386 7.112 7.503 6.047 6.250 5.911 5.188 5.577 4.064 1.253 5.808 7.458
