data/medianmodel_20-Feb-2021.asc
ncols	141
nrows	288
xllcorner	-120191.398
yllcorner	-301404.813
cellsize	2000.000
NODATA_value	-999.250
[rows 203 to 231 of 288, columns 0 to 64 of 141]
-999.250 -999.250 -999.250 -999.250 -999.250 -999.250 -999.250 -999.250 -999.250 -999.250 -999.250 -999.250 -999.250 -999.250 409.943 414.668 431.659 431.813 433.977 450.116 445.229 445.981 447.925 -999.250 -999.250 -999.250 487.704 482.788 485.451 469.623 459.835 451.395 439.496 431.527 432.922 430.585 410.225 414.012 390.471 397.708 374.346 354.063 334.137 319.929 323.216 300.779 283.704 261.289 247.886 238.371 221.228 199.085 193.953 187.131 178.403 168.190 151.906 155.794 145.298 138.265 138.254 138.653 136.143 132.173 133.999
-999.250 -999.250 -999.250 -999.250 -999.250 -999.250 -999.250 -999.250 -999.250 -999.250 -999.250 -999.250 -999.250 380.861 399.788 411.952 429.278 443.545 413.288 417.726 433.864 420.521 -999.250 -999.250 -999.250 -999.250 -999.250 465.397 461.986 434.319 439.463 422.142 448.095 421.413 434.434 409.862 417.438 406.707 414.307 398.851 372.663 355.769 350.560 327.855 325.634 315.379 296.580 271.143 260.668 248.844 234.618 222.121 208.474 197.840 198.671 179.347 167.618 162.147 157.701 145.659 144.098 139.273 137.606 135.952 135.371
-999.250 -999.250 -999.250 -999.250 -999.250 -999.250 -999.250 -999.250 -999.250 -999.250 -999.250 -999.250 -999.250 377.173 395.321 397.845 413.704 407.796 406.983 421.841 -999.250 -999.250 -999.250 -999.250 -999.250 -999.250 -999.250 -999.250 447.881 446.193 428.955 428.325 407.745 416.128 406.527 395.295 394.982 420.126 422.479 408.070 381.026 366.643 357.451 341.503 322.145 319.831 304.493 276.069 275.288 256.755 250.361 231.587 219.507 220.660 202.528 192.281 177.574 171.666 158.445 155.447 152.868 150.302 140.965 141.359 144.729
-999.250 -999.250 -999.250 -999.250 -999.250 -999.250 -999.250 -999.250 -999.250 -999.250 -999.250 -999.250 353.690 363.717 -999.250 -999.250 -999.250 -999.250 -999.250 -999.250 -999.250 -999.250 -999.250 -999.250 -999.250 -999.250 -999.250 -999.250 -999.250 436.723 423.945 429.937 407.581 403.655 410.641 401.167 397.939 410.906 402.177 391.510 414.293 378.057 364.002 362.926 350.785 333.929 314.211 303.932 287.815 276.119 269.736 259.032 231.574 229.380 213.050 203.401 180.200 173.866 186.137 163.919 157.565 157.679 152.651 149.336 147.643
-999.250 -999.250 -999.250 -999.250 -999.250 -999.250 -999.250 -999.250 -999.250 -999.250 -999.250 -999.250 -999.250 -999.250 -999.250 -999.250 -999.250 -999.250 -999.250 -999.250 -999.250 -999.250 -999.250 -999.250 -999.250 -999.250 -999.250 -999.250 -999.250 -999.250 419.162 410.756 386.164 408.986 396.217 410.576 422.068 410.384 400.303 406.482 411.269 393.211 377.817 379.820 352.669 346.856 330.557 317.702 302.258 298.632 273.153 259.773 255.235 232.523 219.234 206.047 195.368 182.590 183.930 187.211 173.010 166.760 160.176 158.367 150.812
-999.250 -999.250 -999.250 -999.250 -999.250 -999.250 -999.250 -999.250 -999.250 -999.250 -999.250 -999.250 -999.250 -999.250 -999.250 -999.250 -999.250 -999.250 -999.250 -999.250 -999.250 -999.250 -999.250 -999.250 -999.250 -999.250 -999.250 -999.250 -999.250 -999.250 394.186 394.637 388.204 402.118 417.091 394.333 420.174 417.273 412.313 410.210 410.531 415.376 405.775 378.261 381.009 361.818 338.403 337.718 320.954 299.128 284.577 280.434 267.342 253.554 228.168 227.009 210.554 189.782 189.392 191.393 184.308 177.691 168.851 168.097 166.378
-999.250 -999.250 -999.250 -999.250 -999.250 -999.250 -999.250 -999.250 -999.250 -999.250 -999.250 -999.250 -999.250 -999.250 -999.250 -999.250 -999.250 -999.250 -999.250 -999.250 -999.250 -999.250 -999.250 -999.250 -999.250 -999.250 -999.250 -999.250 -999.250 -999.250 372.231 382.014 394.803 383.755 395.781 402.173 409.593 406.418 409.854 412.807 423.828 425.201 423.326 403.380 403.001 380.151 364.124 368.782 331.540 319.531 301.384 279.465 262.787 263.590 247.221 237.285 224.073 224.904 209.258 216.629 198.797 186.942 178.152 180.406 180.445
-999.250 -999.250 -999.250 -999.250 -999.250 -999.250 -999.250 -999.250 -999.250 -999.250 -999.250 -999.250 -999.250 -999.250 -999.250 -999.250 -999.250 -999.250 -999.250 -999.250 -999.250 -999.250 -999.250 -999.250 -999.250 -999.250 -999.250 -999.250 -999.250 -999.250 -999.250 383.267 403.013 387.625 371.331 388.682 392.875 399.897 403.690 431.214 433.343 438.366 428.853 427.163 411.800 418.008 410.040 375.329 353.139 312.708 320.152 313.124 288.457 266.583 269.343 252.141 242.087 241.864 224.088 221.532 205.326 188.701 179.957 188.450 187.147
-999.250 -999.250 -999.250 -999.250 -999.250 -999.250 -999.250 -999.250 -999.250 -999.250 -999.250 -999.250 -999.250 -999.250 -999.250 -999.250 -999.250 -999.250 -999.250 -999.250 -999.250 -999.250 -999.250 -999.250 -999.250 -999.250 -999.250 -999.250 -999.250 -999.250 -999.250 363.171 390.559 371.327 392.593 393.298 391.887 400.061 420.940 419.118 452.201 440.961 443.657 435.718 435.782 432.206 421.043 382.203 363.483 347.635 337.011 313.921 306.059 303.788 282.854 282.844 256.412 263.783 233.307 223.417 213.159 200.960 190.400 187.966 202.674
-999.250 -999.250 -999.250 -999.250 -999.250 -999.250 -999.250 -999.250 -999.250 -999.250 -999.250 -999.250 -999.250 -999.250 -999.250 -999.250 -999.250 -999.250 -999.250 -999.250 -999.250 -999.250 -999.250 -999.250 -999.250 -999.250 -999.250 -999.250 -999.250 -999.250 -999.250 356.602 361.908 372.157 376.487 391.418 397.951 399.337 423.329 435.979 437.272 441.076 436.411 446.142 443.777 416.210 419.033 407.718 391.620 381.219 353.514 345.468 338.130 318.922 291.431 270.045 259.557 254.199 242.007 222.927 205.673 195.693 178.496 178.895 187.427
-999.250 -999.250 -999.250 -999.250 -999.250 -999.250 -999.250 -999.250 -999.250 -999.250 -999.250 -999.250 -999.250 -999.250 -999.250 -999.250 -999.250 -999.250 -999.250 -999.250 -999.250 -999.250 -999.250 -999.250 -999.250 -999.250 -999.250 -999.250 -999.250 -999.250 -999.250 350.684 355.978 369.608 378.266 381.280 408.090 427.960 420.631 429.297 444.361 459.702 449.704 445.309 443.771 441.986 432.549 424.689 413.830 398.848 396.339 371.292 339.708 341.960 309.947 285.437 268.829 257.037 254.449 232.814 212.311 204.955 197.665 176.978 167.017
-999.250 -999.250 -999.250 -999.250 -999.250 -999.250 -999.250 -999.250 -999.250 -999.250 -999.250 -999.250 -999.250 -999.250 -999.250 -999.250 -999.250 -999.250 -999.250 -999.250 -999.250 -999.250 -999.250 -999.250 -999.250 -999.250 -999.250 -999.250 -999.250 -999.250 -999.250 349.444 371.312 383.945 387.450 377.813 404.297 416.307 428.798 433.843 443.362 438.626 449.783 470.320 466.082 455.135 443.601 431.090 421.635 409.354 411.475 390.146 367.924 368.649 352.711 341.920 288.321 269.507 256.525 244.584 221.241 212.663 190.585 171.557 157.165
-999.250 -999.250 -999.250 -999.250 -999.250 -999.250 -999.250 -999.250 -999.250 -999.250 -999.250 -999.250 -999.250 -999.250 -999.250 -999.250 -999.250 -999.250 -999.250 -999.250 -999.250 -999.250 -999.250 -999.250 -999.250 -999.250 -999.250 -999.250 -999.250 -999.250 -999.250 373.892 374.589 387.941 380.554 385.408 387.433 409.571 412.985 413.333 430.360 451.668 468.783 466.839 473.661 462.872 459.736 456.619 434.947 438.584 432.847 405.084 378.358 361.618 358.504 335.550 314.005 294.675 276.764 259.574 242.192 215.704 200.172 174.167 150.899
-999.250 -999.250 -999.250 -999.250 -999.250 -999.250 -999.250 -999.250 -999.250 -999.250 -999.250 -999.250 -999.250 -999.250 -999.250 -999.250 -999.250 -999.250 -999.250 -999.250 -999.250 -999.250 -999.250 -999.250 -999.250 -999.250 -999.250 -999.250 -999.250 -999.250 -999.250 360.245 366.339 382.103 380.064 381.021 404.604 412.421 432.924 439.241 435.288 455.503 472.668 468.307 475.873 462.583 462.397 463.120 454.001 437.832 448.773 436.759 409.861 407.800 378.012 358.160 339.450 334.806 303.832 280.347 264.350 228.975 220.038 181.460 150.582
-999.250 -999.250 -999.250 -999.250 -999.250 -999.250 -999.250 -999.250 -999.250 -999.250 -999.250 -999.250 -999.250 -999.250 -999.250 -999.250 -999.250 -999.250 -999.250 -999.250 -999.250 -999.250 -999.250 -999.250 -999.250 -999.250 -999.250 -999.250 -999.250 -999.250 -999.250 360.116 350.899 367.837 357.415 374.164 396.015 416.617 432.832 444.911 448.484 472.539 485.002 488.962 468.125 477.394 456.711 468.137 460.815 468.158 449.681 440.844 422.125 408.240 390.429 385.286 361.056 351.559 338.842 323.823 294.975 248.481 236.328 193.108 162.492
-999.250 -999.250 -999.250 -999.250 -999.250 -999.250 -999.250 -999.250 -999.250 -999.250 -999.250 -999.250 -999.250 -999.250 -999.250 -999.250 -999.250 -999.250 -999.250 -999.250 -999.250 -999.250 -999.250 -999.250 -999.250 -999.250 -999.250 -999.250 -999.250 -999.250 -999.250 354.847 348.167 366.506 384.006 371.075 381.891 408.309 432.116 458.964 476.675 492.004 487.290 479.313 473.641 473.180 478.149 477.103 486.402 489.053 461.699 442.669 446.436 418.191 428.656 418.962 396.692 369.907 343.643 346.841 311.238 282.043 256.250 224.451 200.972
-999.250 -999.250 -999.250 -999.250 -999.250 -999.250 -999.250 -999.250 -999.250 -999.250 -999.250 -999.250 -999.250 -999.250 -999.250 -999.250 -999.250 -999.250 -999.250 -999.250 -999.250 -999.250 -999.250 -999.250 -999.250 -999.250 -999.250 -999.250 -999.250 -999.250 -999.250 341.842 353.913 352.453 368.160 359.405 367.144 404.292 423.777 447.017 479.608 539.654 514.920 482.153 491.153 476.510 485.226 493.838 474.813 476.411 459.405 468.247 473.557 453.378 438.563 433.092 439.729 404.430 403.893 380.136 347.684 329.437 302.308 273.968 244.869
-999.250 -999.250 -999.250 -999.250 -999.250 -999.250 -999.250 -999.250 -999.250 -999.250 -999.250 -999.250 -999.250 -999.250 -999.250 -999.250 -999.250 -999.250 -999.250 -999.250 -999.250 -999.250 -999.250 -999.250 -999.250 -999.250 -999.250 -999.250 -999.250 -999.250 -999.250 340.770 341.727 345.317 355.492 359.843 360.177 394.398 415.801 428.520 472.300 504.770 502.346 499.314 466.115 487.913 493.849 472.075 461.146 487.138 484.144 487.904 482.626 479.426 467.376 443.380 439.872 453.703 428.360 400.126 384.457 370.620 355.116 312.051 300.912
-999.250 -999.250 -999.250 -999.250 -999.250 -999.250 -999.250 -999.250 -999.250 -999.250 -999.250 -999.250 -999.250 -999.250 -999.250 -999.250 -999.250 -999.250 -999.250 -999.250 -999.250 -999.250 -999.250 -999.250 -999.250 -999.250 -999.250 -999.250 -999.250 -999.250 -999.250 326.885 344.047 339.473 340.244 347.662 371.789 383.471 388.695 422.330 438.273 477.119 481.227 473.921 490.244 490.512 492.541 531.761 492.219 481.119 497.332 473.154 483.183 487.168 489.741 475.873 464.824 465.495 468.671 419.780 434.822 423.780 386.646 359.081 343.921
-999.250 -999.250 -999.250 -999.250 -999.250 -999.250 -999.250 -999.250 -999.250 -999.250 -999.250 -999.250 -999.250 -999.250 -999.250 -999.250 -999.250 -999.250 -999.250 -999.250 -999.250 -999.250 -999.250 -999.250 -999.250 -999.250 -999.250 -999.250 -999.250 -999.250 -999.250 295.732 297.184 334.641 341.755 353.321 348.895 386.491 413.245 411.146 430.657 439.388 450.585 462.413 483.799 490.940 494.591 518.978 503.040 490.507 507.999 496.535 504.552 483.972 461.159 485.403 493.928 460.784 467.179 463.986 462.604 447.132 438.837 413.114 376.670
-999.250 -999.250 -999.250 -999.250 -999.250 -999.250 -999.250 -999.250 -999.250 -999.250 -999.250 -999.250 -999.250 -999.250 -999.250 -999.250 -999.250 -999.250 -999.250 -999.250 -999.250 -999.250 -999.250 -999.250 -999.250 -999.250 -999.250 -999.250 -999.250 -999.250 298.449 288.159 293.342 296.166 326.154 330.452 354.917 365.572 395.258 411.493 420.841 430.782 450.955 459.100 458.110 467.660 474.036 475.031 495.283 509.912 528.947 532.480 512.885 543.091 516.197 495.806 522.619 483.291 478.352 502.253 506.760 489.028 463.177 449.880 402.845
-999.250 -999.250 -999.250 -999.250 -999.250 -999.250 -999.250 -999.250 -999.250 -999.250 -999.250 -999.250 -999.250 -999.250 -999.250 -999.250 -999.250 -999.250 -999.250 -999.250 -999.250 -999.250 -999.250 -999.250 -999.250 -999.250 -999.250 -999.250 -999.250 -999.250 288.627 282.062 301.324 294.882 307.595 310.677 339.048 353.447 378.698 384.668 418.816 434.813 459.755 454.947 461.889 471.942 472.249 496.743 490.366 503.505 518.785 545.387 541.376 609.403 552.032 525.719 547.656 534.274 515.457 531.048 521.810 539.748 494.483 463.232 439.095
-999.250 -999.250 -999.250 -999.250 -999.250 -999.250 -999.250 -999.250 -999.250 -999.250 -999.250 -999.250 -999.250 -999.250 -999.250 -999.250 -999.250 -999.250 -999.250 -999.250 -999.250 -999.250 -999.250 -999.250 -999.250 -999.250 -999.250 -999.250 -999.250 -999.250 281.245 286.592 277.317 290.631 293.502 296.999 312.995 331.366 360.086 370.964 413.352 423.756 456.814 458.354 467.622 482.079 467.680 473.074 503.276 538.107 562.101 614.989 613.793 593.649 572.140 680.157 634.856 673.101 603.652 544.791 548.512 518.275 503.990 495.815 471.754
-999.250 -999.250 -999.250 -999.250 -999.250 -999.250 -999.250 -999.250 -999.250 -999.250 -999.250 -999.250 -999.250 -999.250 -999.250 -999.250 -999.250 -999.250 -999.250 -999.250 -999.250 -999.250 -999.250 -999.250 -999.250 -999.250 -999.250 -999.250 -999.250 -999.250 273.521 279.062 275.539 283.296 280.420 293.337 300.193 315.177 331.515 357.869 382.898 412.022 440.282 457.658 477.292 472.161 483.052 472.507 493.555 524.807 624.330 594.831 651.571 698.888 694.450 700.825 754.110 819.788 741.161 607.220 567.150 579.618 519.133 502.454 488.527
-999.250 -999.250 -999.250 -999.250 -999.250 -999.250 -999.250 -999.250 -999.250 -999.250 -999.250 -999.250 -999.250 -999.250 -999.250 -999.250 -999.250 -999.250 -999.250 -999.250 -999.250 -999.250 -999.250 -999.250 -999.250 -999.250 -999.250 -999.250 -999.250 272.797 273.307 276.002 270.012 279.316 282.236 278.728 288.470 292.624 322.983 346.006 382.641 400.894 423.761 433.830 453.924 449.200 470.073 490.815 526.163 542.992 584.024 689.868 786.628 755.796 791.464 633.881 847.139 917.782 838.120 701.270 671.459 603.701 532.380 527.965 493.238
-999.250 -999.250 -999.250 -999.250 -999.250 -999.250 -999.250 -999.250 -999.250 -999.250 -999.250 -999.250 -999.250 -999.250 -999.250 -999.250 -999.250 -999.250 -999.250 -999.250 -999.250 -999.250 -999.250 -999.250 -999.250 -999.250 -999.250 -999.250 -999.250 263.772 268.645 270.393 273.886 267.954 257.251 266.827 276.476 291.469 299.163 336.336 365.301 370.329 397.380 429.714 435.241 464.619 480.444 520.885 518.308 568.348 568.075 736.238 806.593 789.039 750.063 808.944 876.373 891.953 787.185 775.329 730.091 632.863 545.765 538.175 492.714
-999.250 -999.250 -999.250 -999.250 -999.250 -999.250 -999.250 -999.250 -999.250 -999.250 -999.250 -999.250 -999.250 -999.250 -999.250 -999.250 -999.250 -999.250 -999.250 -999.250 -999.250 -999.250 -999.250 -999.250 -999.250 -999.250 -999.250 -999.250 268.839 273.759 270.808 286.967 273.740 268.797 256.460 260.580 260.498 282.360 294.328 302.626 346.617 366.064 402.790 427.515 447.645 433.711 456.559 494.507 516.284 523.882 604.482 647.574 760.467 807.712 752.699 813.338 831.639 900.778 832.596 760.649 709.945 671.161 575.164 538.752 515.737
-999.250 -999.250 -999.250 -999.250 -999.250 -999.250 -999.250 -999.250 -999.250 -999.250 -999.250 -999.250 -999.250 -999.250 -999.250 -999.250 -999.250 -999.250 -999.250 -999.250 -999.250 -999.250 -999.250 -999.250 -999.250 -999.250 -999.250 -999.250 293.038 285.888 283.309 275.140 263.550 255.662 256.249 257.891 260.362 263.000 294.723 315.729 333.685 341.648 384.015 407.595 421.544 427.036 440.195 489.017 509.076 523.897 578.738 581.073 706.198 667.437 701.306 707.264 715.549 831.599 816.977 771.537 771.265 729.069 595.602 521.286 509.013
-999.250 -999.250 -999.250 -999.250 -999.250 -999.250 -999.250 -999.250 -999.250 -999.250 -999.250 -999.250 -999.250 -999.250 -999.250 -999.250 -999.250 -999.250 -999.250 -999.250 -999.250 -999.250 -999.250 -999.250 -999.250 -999.250 -999.250 287.606 289.558 283.577 273.608 283.404 269.965 270.748 260.853 254.101 254.587 281.260 290.966 316.348 317.443 335.794 364.294 380.910 422.693 446.878 451.880 478.201 490.421 489.222 552.052 586.382 580.405 656.228 629.925 607.273 711.741 716.322 821.332 719.845 751.060 733.205 576.632 537.090 530.591
