data/medianmodel_15-Sep-2020.asc
ncols	141
nrows	288
xllcorner	-120191.398
yllcorner	-301404.813
cellsize	2000.000
NODATA_value	-999.250
[rows 210 to 239 of 288, columns 0 to 68 of 141]
-999.250 -999.250 -999.250 -999.250 -999.250 -999.250 -999.250 -999.250 -999.250 -999.250 -999.250 -999.250 -999.250 -999.250 -999.250 -999.250 -999.250 -999.250 -999.250 -999.250 -999.250 -999.250 -999.250 -999.250 -999.250 -999.250 -999.250 -999.250 -999.250 -999.250 -999.250 35.493 34.955 27.016 22.200 23.466 18.635 16.291 12.144 14.281 10.428 10.277 8.577 6.140 7.089 3.549 1.199 2.560 0.000 0.000 0.000 0.000 0.000 0.000 0.000 0.340 2.225 1.622 2.131 2.729 3.979 4.751 1.489 3.418 4.517 4.720 8.729 9.276 13.061
-999.250 -999.250 -999.250 -999.250 -999.250 -999.250 -999.250 -999.250 -999.250 -999.250 -999.250 -999.250 -999.250 -999.250 -999.250 -999.250 -999.250 -999.250 -999.250 -999.250 -999.250 -999.250 -999.250 -999.250 -999.250 -999.250 -999.250 -999.250 -999.250 -999.250 -999.250 33.752 30.894 32.452 25.837 24.506 20.910 20.635 17.586 15.745 14.481 13.178 12.436 10.346 8.349 8.762 8.054 2.788 1.718 0.534 0.000 0.000 0.003 0.000 0.000 0.000 0.000 0.000 0.000 0.087 0.000 0.000 0.000 0.000 0.000 0.000 0.634 3.368 3.941
-999.250 -999.250 -999.250 -999.250 -999.250 -999.250 -999.250 -999.250 -999.250 -999.250 -999.250 -999.250 -999.250 -999.250 -999.250 -999.250 -999.250 -999.250 -999.250 -999.250 -999.250 -999.250 -999.250 -999.250 -999.250 -999.250 -999.250 -999.250 -999.250 -999.250 -999.250 38.908 38.337 36.166 32.365 25.997 26.442 24.866 22.060 22.442 19.264 19.996 14.279 13.487 14.840 12.942 11.089 8.201 6.869 1.734 0.257 3.932 0.852 0.000 0.000 0.000 0.000 0.000 0.000 0.000 0.000 0.000 0.000 0.000 0.000 0.000 0.000 0.000 2.300
-999.250 -999.250 -999.250 -999.250 -999.250 -999.250 -999.250 -999.250 -999.250 -999.250 -999.250 -999.250 -999.250 -999.250 -999.250 -999.250 -999.250 -999.250 -999.250 -999.250 -999.250 -999.250 -999.250 -999.250 -999.250 -999.250 -999.250 -999.250 -999.250 -999.250 -999.250 35.444 40.270 39.334 38.097 32.098 28.378 29.769 27.762 29.155 27.808 28.107 24.943 22.184 18.328 15.915 16.740 13.718 10.570 7.460 4.638 3.852 5.759 0.797 0.000 0.000 0.000 0.000 0.000 0.000 0.000 0.000 0.000 0.000 0.000 0.000 0.000 0.000 0.194
-999.250 -999.250 -999.250 -999.250 -999.250 -999.250 -999.250 -999.250 -999.250 -999.250 -999.250 -999.250 -999.250 -999.250 -999.250 -999.250 -999.250 -999.250 -999.250 -999.250 -999.250 -999.250 -999.250 -999.250 -999.250 -999.250 -999.250 -999.250 -999.250 -999.250 -999.250 39.538 44.666 45.156 38.592 38.359 37.883 34.385 35.710 33.516 36.084 32.086 35.547 33.082 26.419 23.299 22.817 18.762 12.617 11.422 7.618 8.105 5.717 1.535 0.000 0.000 0.000 0.000 0.000 0.000 0.000 0.000 0.000 0.000 0.000 0.000 0.000 1.832 3.557
-999.250 -999.250 -999.250 -999.250 -999.250 -999.250 -999.250 -999.250 -999.250 -999.250 -999.250 -999.250 -999.250 -999.250 -999.250 -999.250 -999.250 -999.250 -999.250 -999.250 -999.250 -999.250 -999.250 -999.250 -999.250 -999.250 -999.250 -999.250 -999.250 -999.250 -999.250 49.511 48.071 50.362 50.335 43.337 48.984 46.890 45.235 42.895 42.871 37.898 36.884 35.891 32.297 31.883 28.314 24.953 17.188 13.824 9.642 8.568 7.668 3.097 1.911 0.000 0.000 0.000 0.000 0.000 0.000 0.000 0.000 0.000 0.000 0.000 0.000 3.166 6.156
-999.250 -999.250 -999.250 -999.250 -999.250 -999.250 -999.250 -999.250 -999.250 -999.250 -999.250 -999.250 -999.250 -999.250 -999.250 -999.250 -999.250 -999.250 -999.250 -999.250 -999.250 -999.250 -999.250 -999.250 -999.250 -999.250 -999.250 -999.250 -999.250 -999.250 -999.250 56.969 52.289 52.340 55.384 52.755 54.664 54.597 60.738 58.269 53.170 51.073 47.846 46.835 42.761 41.010 33.100 28.417 26.123 19.816 15.234 12.009 8.743 4.387 2.682 0.000 0.000 0.000 0.000 0.000 0.000 0.000 0.000 0.000 0.000 0.000 0.000 4.206 9.587
-999.250 -999.250 -999.250 -999.250 -999.250 -999.250 -999.250 -999.250 -999.250 -999.250 -999.250 -999.250 -999.250 -999.250 -999.250 -999.250 -999.250 -999.250 -999.250 -999.250 -999.250 -999.250 -999.250 -999.250 -999.250 -999.250 -999.250 -999.250 -999.250 -999.250 -999.250 62.844 64.575 61.918 58.258 61.840 58.510 61.909 65.933 66.022 64.348 62.279 60.649 56.204 52.852 45.007 36.133 33.292 28.993 22.363 16.984 14.782 10.036 10.460 7.084 2.792 0.000 0.000 0.000 0.000 0.000 0.000 0.000 0.000 0.000 0.000 1.811 8.749 11.852
-999.250 -999.250 -999.250 -999.250 -999.250 -999.250 -999.250 -999.250 -999.250 -999.250 -999.250 -999.250 -999.250 -999.250 -999.250 -999.250 -999.250 -999.250 -999.250 -999.250 -999.250 -999.250 -999.250 -999.250 -999.250 -999.250 -999.250 -999.250 -999.250 -999.250 -999.250 59.274 62.764 67.894 62.813 62.173 68.653 70.550 75.014 74.959 74.744 77.557 73.174 67.517 62.713 52.571 43.007 38.497 29.145 31.313 24.657 18.499 14.256 8.886 5.661 3.529 0.000 0.000 0.000 0.000 0.000 0.000 0.000 0.000 0.000 0.000 4.265 11.773 15.357
-999.250 -999.250 -999.250 -999.250 -999.250 -999.250 -999.250 -999.250 -999.250 -999.250 -999.250 -999.250 -999.250 -999.250 -999.250 -999.250 -999.250 -999.250 -999.250 -999.250 -999.250 -999.250 -999.250 -999.250 -999.250 -999.250 -999.250 -999.250 -999.250 -999.250 -999.250 58.980 67.488 65.376 65.950 71.125 71.787 72.542 80.779 81.876 85.022 95.635 83.452 71.557 68.350 60.157 50.630 44.138 38.472 37.739 31.592 22.064 17.492 13.260 7.213 3.290 0.000 0.000 0.000 0.000 0.000 0.000 0.000 0.000 0.943 3.341 8.071 14.437 19.408
-999.250 -999.250 -999.250 -999.250 -999.250 -999.250 -999.250 -999.250 -999.250 -999.250 -999.250 -999.250 -999.250 -999.250 -999.250 -999.250 -999.250 -999.250 -999.250 -999.250 -999.250 -999.250 -999.250 -999.250 -999.250 -999.250 -999.250 -999.250 -999.250 -999.250 -999.250 60.404 59.910 63.761 67.915 70.803 84.529 86.284 91.278 88.679 86.513 88.948 89.071 77.771 69.428 60.191 59.670 58.421 44.842 38.207 32.454 21.072 17.909 13.857 8.397 6.494 0.323 0.000 0.000 0.000 0.000 0.000 0.000 1.137 3.326 8.606 12.045 18.534 26.032
-999.250 -999.250 -999.250 -999.250 -999.250 -999.250 -999.250 -999.250 -999.250 -999.250 -999.250 -999.250 -999.250 -999.250 -999.250 -999.250 -999.250 -999.250 -999.250 -999.250 -999.250 -999.250 -999.250 -999.250 -999.250 -999.250 -999.250 -999.250 -999.250 -999.250 -999.250 59.672 61.861 66.577 72.938 76.397 76.142 92.088 94.058 96.222 89.508 87.590 83.301 79.676 73.757 61.130 58.891 52.856 50.121 43.622 32.739 26.609 18.729 11.687 7.026 3.728 0.048 0.000 0.000 0.000 0.000 0.000 0.000 0.017 5.050 10.773 15.004 20.746 26.150
-999.250 -999.250 -999.250 -999.250 -999.250 -999.250 -999.250 -999.250 -999.250 -999.250 -999.250 -999.250 -999.250 -999.250 -999.250 -999.250 -999.250 -999.250 -999.250 -999.250 -999.250 -999.250 -999.250 -999.250 -999.250 -999.250 -999.250 -999.250 -999.250 -999.250 -999.250 65.141 68.200 73.045 71.327 71.629 78.105 84.978 100.304 106.960 95.521 89.020 78.775 79.562 76.512 66.193 58.722 53.238 50.072 47.049 31.868 25.474 22.274 13.291 7.342 2.620 0.674 0.000 0.000 0.000 0.000 0.000 0.000 3.177 7.350 11.211 16.569 22.175 26.312
-999.250 -999.250 -999.250 -999.250 -999.250 -999.250 -999.250 -999.250 -999.250 -999.250 -999.250 -999.250 -999.250 -999.250 -999.250 -999.250 -999.250 -999.250 -999.250 -999.250 -999.250 -999.250 -999.250 -999.250 -999.250 -999.250 -999.250 -999.250 -999.250 -999.250 66.325 71.632 75.668 75.157 75.369 75.803 88.881 89.194 100.491 104.964 104.753 104.111 96.569 88.589 76.846 71.417 62.096 57.922 53.855 49.422 42.084 27.805 24.197 10.929 7.726 2.802 0.100 0.000 0.000 0.000 0.000 0.000 0.971 1.909 5.809 10.102 17.128 20.277 23.461
-999.250 -999.250 -999.250 -999.250 -999.250 -999.250 -999.250 -999.250 -999.250 -999.250 -999.250 -999.250 -999.250 -999.250 -999.250 -999.250 -999.250 -999.250 -999.250 -999.250 -999.250 -999.250 -999.250 -999.250 -999.250 -999.250 -999.250 -999.250 -999.250 -999.250 69.677 81.964 82.279 79.055 90.553 91.310 94.382 95.529 110.294 121.427 119.423 106.072 101.300 99.425 78.231 74.248 66.738 58.987 58.747 48.255 46.533 31.907 23.278 12.941 10.029 4.761 3.664 0.000 0.117 0.000 0.000 0.000 0.160 3.656 6.203 11.037 13.689 16.750 21.921
-999.250 -999.250 -999.250 -999.250 -999.250 -999.250 -999.250 -999.250 -999.250 -999.250 -999.250 -999.250 -999.250 -999.250 -999.250 -999.250 -999.250 -999.250 -999.250 -999.250 -999.250 -999.250 -999.250 -999.250 -999.250 -999.250 -999.250 -999.250 -999.250 -999.250 81.831 85.167 86.671 92.814 91.579 104.333 103.638 104.078 123.833 126.692 122.598 119.834 110.685 103.086 95.107 81.806 83.478 70.213 62.733 56.552 51.051 37.311 22.761 16.087 8.643 4.008 0.734 0.000 0.000 0.000 0.000 0.000 0.000 0.000 2.851 8.359 13.170 16.531 21.162
-999.250 -999.250 -999.250 -999.250 -999.250 -999.250 -999.250 -999.250 -999.250 -999.250 -999.250 -999.250 -999.250 -999.250 -999.250 -999.250 -999.250 -999.250 -999.250 -999.250 -999.250 -999.250 -999.250 -999.250 -999.250 -999.250 -999.250 -999.250 -999.250 -999.250 82.438 87.437 96.762 104.511 101.625 110.784 110.881 114.182 128.028 132.570 130.580 117.097 115.213 105.535 98.123 90.683 79.173 72.133 65.851 54.469 48.849 39.821 30.757 18.214 13.207 5.600 0.000 0.000 0.000 0.000 0.000 0.000 0.000 0.000 1.561 6.956 10.138 14.999 21.048
-999.250 -999.250 -999.250 -999.250 -999.250 -999.250 -999.250 -999.250 -999.250 -999.250 -999.250 -999.250 -999.250 -999.250 -999.250 -999.250 -999.250 -999.250 -999.250 -999.250 -999.250 -999.250 -999.250 -999.250 -999.250 -999.250 -999.250 -999.250 -999.250 86.144 92.177 101.741 102.612 111.607 119.344 126.050 145.117 138.695 136.404 134.117 138.150 126.956 117.324 110.191 99.378 85.834 81.899 77.149 71.547 61.369 54.559 36.853 26.707 23.120 16.287 6.431 1.214 0.000 0.000 0.000 0.000 0.000 0.000 0.000 0.926 8.017 11.692 15.835 21.421
-999.250 -999.250 -999.250 -999.250 -999.250 -999.250 -999.250 -999.250 -999.250 -999.250 -999.250 -999.250 -999.250 -999.250 -999.250 -999.250 -999.250 -999.250 -999.250 -999.250 -999.250 -999.250 -999.250 -999.250 -999.250 -999.250 -999.250 -999.250 -999.250 94.760 99.785 108.761 116.155 118.833 123.425 141.705 172.505 157.170 135.159 134.459 133.452 125.504 132.337 115.844 107.946 100.925 82.818 84.156 74.141 71.531 64.684 45.605 37.400 20.684 17.810 9.818 4.407 0.000 0.000 0.000 0.000 0.000 0.000 0.000 1.027 6.836 10.315 13.224 19.829
-999.250 -999.250 -999.250 -999.250 -999.250 -999.250 -999.250 -999.250 -999.250 -999.250 -999.250 -999.250 -999.250 -999.250 -999.250 -999.250 -999.250 -999.250 -999.250 -999.250 -999.250 -999.250 -999.250 -999.250 -999.250 -999.250 -999.250 -999.250 91.344 93.823 101.587 116.479 112.112 120.496 129.284 148.553 187.559 170.864 141.186 145.699 133.622 142.068 146.415 117.411 106.880 100.478 96.469 82.039 76.858 72.481 58.435 48.918 43.183 29.688 17.701 9.560 6.362 0.000 0.000 0.000 0.000 0.000 0.000 0.000 0.000 3.408 8.793 13.384 17.589
-999.250 -999.250 -999.250 -999.250 -999.250 -999.250 -999.250 -999.250 -999.250 -999.250 -999.250 -999.250 -999.250 -999.250 -999.250 -999.250 -999.250 -999.250 -999.250 -999.250 -999.250 -999.250 -999.250 -999.250 -999.250 -999.250 -999.250 -999.250 92.155 93.577 96.023 108.470 110.594 114.245 125.976 136.858 168.365 158.638 142.058 132.787 138.340 150.661 152.234 141.993 115.929 106.150 100.852 91.580 83.674 77.533 62.183 57.609 43.873 31.947 19.731 13.706 9.473 3.282 0.000 0.000 0.000 0.000 0.000 0.000 0.000 1.813 6.414 9.631 16.841
-999.250 -999.250 -999.250 -999.250 -999.250 -999.250 -999.250 -999.250 -999.250 -999.250 -999.250 -999.250 -999.250 -999.250 -999.250 -999.250 -999.250 -999.250 -999.250 -999.250 -999.250 -999.250 -999.250 -999.250 -999.250 -999.250 -999.250 82.633 86.841 95.219 107.336 104.067 109.102 118.447 121.783 123.492 150.254 141.284 136.212 135.630 134.608 169.626 142.147 132.324 136.179 123.328 104.532 97.508 97.927 77.225 67.483 59.626 42.132 32.513 25.972 14.297 9.680 0.243 0.000 0.000 0.000 0.000 0.000 0.000 0.000 0.000 3.326 8.409 12.183
-999.250 -999.250 -999.250 -999.250 -999.250 -999.250 -999.250 -999.250 -999.250 -999.250 -999.250 -999.250 -999.250 -999.250 -999.250 -999.250 -999.250 -999.250 -999.250 -999.250 -999.250 -999.250 -999.250 -999.250 -999.250 -999.250 -999.250 78.314 84.277 94.859 96.364 116.661 107.780 111.792 115.648 118.764 127.359 120.902 137.326 142.240 137.058 141.538 135.591 138.948 129.470 123.322 111.398 113.542 102.454 84.760 75.321 65.628 56.716 41.560 29.014 20.718 11.057 5.231 0.000 0.000 0.000 0.000 0.000 0.000 0.000 0.000 0.000 2.894 9.145
-999.250 -999.250 -999.250 -999.250 -999.250 -999.250 -999.250 -999.250 -999.250 -999.250 -999.250 -999.250 -999.250 -999.250 -999.250 -999.250 -999.250 -999.250 -999.250 -999.250 -999.250 -999.250 -999.250 -999.250 -999.250 -999.250 -999.250 -999.250 86.614 87.520 97.923 100.911 101.450 108.409 103.552 106.181 128.104 113.571 112.209 122.813 130.756 143.896 132.779 143.387 134.721 131.896 136.542 124.220 100.458 91.926 76.160 66.378 55.021 44.530 41.654 27.154 16.594 10.454 3.197 0.000 0.000 0.000 0.000 0.000 0.000 0.000 0.000 0.970 2.623
-999.250 -999.250 -999.250 -999.250 -999.250 -999.250 -999.250 -999.250 -999.250 -999.250 -999.250 -999.250 -999.250 -999.250 -999.250 -999.250 -999.250 -999.250 -999.250 -999.250 -999.250 -999.250 -999.250 -999.250 -999.250 -999.250 -999.250 -999.250 -999.250 -999.250 87.187 85.725 94.627 100.984 102.441 98.863 114.196 111.164 106.735 110.134 122.370 136.284 140.907 131.815 129.670 137.562 130.372 118.801 107.547 99.682 77.783 61.355 60.996 52.167 48.618 36.915 21.725 16.471 9.661 2.332 0.000 0.000 0.000 0.000 0.000 0.000 0.000 0.000 1.418
-999.250 -999.250 -999.250 -999.250 -999.250 -999.250 -999.250 -999.250 -999.250 -999.250 -999.250 -999.250 -999.250 -999.250 -999.250 -999.250 -999.250 -999.250 -999.250 -999.250 -999.250 -999.250 -999.250 -999.250 -999.250 -999.250 -999.250 -999.250 -999.250 -999.250 73.870 84.485 84.100 96.669 87.514 90.756 104.255 115.468 120.323 130.776 120.327 126.636 136.016 158.070 139.427 121.782 123.211 116.749 111.602 92.595 92.673 80.300 75.478 67.433 60.999 50.033 31.785 23.452 13.791 7.208 0.000 0.000 0.000 0.000 0.000 0.000 0.000 0.000 0.000
-999.250 -999.250 -999.250 -999.250 -999.250 -999.250 -999.250 -999.250 -999.250 -999.250 -999.250 -999.250 -999.250 -999.250 -999.250 -999.250 -999.250 -999.250 -999.250 -999.250 -999.250 -999.250 -999.250 -999.250 -999.250 -999.250 -999.250 -999.250 -999.250 -999.250 70.675 71.874 76.937 83.805 88.993 88.958 102.310 113.869 123.624 125.914 130.350 124.047 135.938 155.570 172.705 151.850 153.059 132.821 114.760 110.787 115.810 101.574 90.736 74.351 63.228 61.616 46.473 31.155 19.670 12.126 1.982 0.000 0.000 0.000 0.000 0.000 0.000 0.000 0.000
-999.250 -999.250 -999.250 -999.250 -999.250 -999.250 -999.250 -999.250 -999.250 -999.250 -999.250 -999.250 -999.250 -999.250 -999.250 -999.250 -999.250 -999.250 -999.250 -999.250 -999.250 -999.250 -999.250 -999.250 -999.250 -999.250 -999.250 -999.250 -999.250 -999.250 -999.250 70.273 73.165 82.304 83.811 90.379 98.985 110.869 117.694 121.153 131.109 133.927 129.337 162.884 176.022 167.629 171.138 176.147 147.793 140.612 127.713 117.253 99.994 94.296 87.356 74.073 63.244 43.086 31.674 18.511 9.199 0.650 0.000 0.000 0.000 0.000 0.000 0.000 0.000
-999.250 -999.250 -999.250 -999.250 -999.250 -999.250 -999.250 -999.250 -999.250 -999.250 -999.250 -999.250 -999.250 -999.250 -999.250 -999.250 -999.250 -999.250 -999.250 -999.250 -999.250 -999.250 -999.250 -999.250 -999.250 -999.250 -999.250 -999.250 -999.250 -999.250 61.904 63.821 68.456 73.380 76.278 82.800 97.189 112.190 125.972 119.938 121.726 131.144 140.698 161.259 187.540 173.013 189.565 161.459 170.570 176.579 148.879 124.992 133.184 129.320 112.312 103.194 76.095 58.043 48.123 24.531 12.898 4.641 0.000 0.000 0.000 0.000 0.000 0.000 0.000
-999.250 -999.250 -999.250 -999.250 -999.250 -999.250 -999.250 -999.250 -999.250 -999.250 -999.250 -999.250 -999.250 -999.250 -999.250 -999.250 -999.250 -999.250 -999.250 -999.250 -999.250 -999.250 -999.250 -999.250 -999.250 -999.250 -999.250 -999.250 -999.250 -999.250 -999.250 59.033 60.636 63.314 72.591 90.349 96.226 113.731 124.228 121.288 136.146 137.401 145.239 153.398 165.513 187.608 174.736 209.626 207.211 217.310 171.907 151.110 166.783 138.370 120.330 98.053 95.261 71.080 57.274 37.346 20.630 9.456 1.017 0.000 0.000 0.000 0.000 0.000 0.000
