data/medianmodel_06-Feb-2021.asc
ncols	141
nrows	288
xllcorner	-120191.398
yllcorner	-301404.813
cellsize	2000.000
NODATA_value	-999.250
[rows 0 to 27 of 288, columns 64 to 127 of 141]
-999.250 -999.250 -999.250 -999.250 -999.250 -999.250 -999.250 -999.250 -999.250 -999.250 -999.250 -999.250 -999.250 -999.250 -999.250 -999.250 -999.250 -999.250 -999.250 -999.250 -999.250 -999.250 -999.250 -999.250 -999.250 -999.250 -999.250 -999.250 -999.250 -999.250 -999.250 -999.250 -999.250 -999.250 -999.250 -999.250 -999.250 -999.250 -999.250 -999.250 -999.250 -999.250 -999.250 -999.250 -999.250 -999.250 -999.250 -999.250 -999.250 -999.250 -999.250 -999.250 -999.250 -999.250 -999.250 -999.250 -999.250 -999.250 -999.250 -999.250 -999.250 -999.250 -999.250 -999.250
-999.250 -999.250 -999.250 -999.250 -999.250 -999.250 -999.250 -999.250 -999.250 -999.250 -999.250 -999.250 -999.250 -999.250 -999.250 -999.250 -999.250 -999.250 -999.250 -999.250 -999.250 -999.250 -999.250 -999.250 -999.250 -999.250 -999.250 -999.250 -999.250 -999.250 -999.250 -999.250 -999.250 -999.250 -999.250 -999.250 -999.250 -999.250 -999.250 -999.250 -999.250 -999.250 -999.250 -999.250 -999.250 -999.250 -999.250 -999.250 -999.250 -999.250 -999.250 -999.250 -999.250 -999.250 -999.250 -999.250 -999.250 -999.250 -999.250 -999.250 -999.250 -999.250 -999.250 -999.250
-999.250 -999.250 -999.250 -999.250 -999.250 -999.250 -999.250 -999.250 -999.250 -999.250 -999.250 -999.250 -999.250 -999.250 -999.250 -999.250 -999.250 -999.250 -999.250 -999.250 -999.250 -999.250 -999.250 -999.250 -999.250 -999.250 -999.250 -999.250 -999.250 -999.250 -999.250 -999.250 -999.250 -999.250 -999.250 -999.250 -999.250 -999.250 -999.250 -999.250 -999.250 -999.250 -999.250 -999.250 -999.250 -999.250 -999.250 -999.250 -999.250 -999.250 -999.250 -999.250 -999.250 -999.250 -999.250 -999.250 -999.250 -999.250 -999.250 -999.250 -999.250 -999.250 -999.250 -999.250
-999.250 -999.250 -999.250 -999.250 -999.250 -999.250 -999.250 -999.250 -999.250 -999.250 -999.250 -999.250 -999.250 -999.250 -999.250 -999.250 -999.250 -999.250 -999.250 -999.250 -999.250 -999.250 -999.250 -999.250 -999.250 -999.250 -999.250 -999.250 -999.250 -999.250 -999.250 -999.250 -999.250 -999.250 -999.250 -999.250 -999.250 -999.250 -999.250 -999.250 -999.250 -999.250 -999.250 -999.250 -999.250 -999.250 -999.250 -999.250 -999.250 -999.250 -999.250 -999.250 -999.250 -999.250 -999.250 -999.250 -999.250 -999.250 -999.250 -999.250 -999.250 -999.250 -999.250 -999.250
-999.250 -999.250 -999.250 -999.250 -999.250 -999.250 -999.250 -999.250 -999.250 -999.250 -999.250 -999.250 -999.250 -999.250 -999.250 -999.250 -999.250 -999.250 -999.250 -999.250 -999.250 -999.250 -999.250 -999.250 -999.250 -999.250 -999.250 -999.250 -999.250 -999.250 -999.250 -999.250 -999.250 -999.250 -999.250 -999.250 -999.250 -999.250 -999.250 -999.250 -999.250 -999.250 -999.250 -999.250 -999.250 -999.250 -999.250 -999.250 -999.250 -999.250 -999.250 -999.250 -999.250 -999.250 -999.250 -999.250 -999.250 -999.250 -999.250 -999.250 -999.250 -999.250 -999.250 -999.250
-999.250 -999.250 -999.250 -999.250 -999.250 -999.250 -999.250 -999.250 -999.250 -999.250 -999.250 -999.250 -999.250 -999.250 -999.250 -999.250 -999.250 -999.250 -999.250 -999.250 -999.250 -999.250 -999.250 -999.250 -999.250 -999.250 -999.250 -999.250 -999.250 -999.250 -999.250 -999.250 -999.250 -999.250 -999.250 -999.250 -999.250 -999.250 -999.250 -999.250 -999.250 -999.250 -999.250 -999.250 -999.250 -999.250 -999.250 -999.250 -999.250 -999.250 -999.250 -999.250 -999.250 -999.250 -999.250 -999.250 -999.250 -999.250 -999.250 -999.250 -999.250 -999.250 -999.250 -999.250
-999.250 -999.250 -999.250 -999.250 -999.250 -999.250 -999.250 -999.250 -999.250 -999.250 -999.250 -999.250 -999.250 -999.250 -999.250 -999.250 -999.250 -999.250 -999.250 -999.250 -999.250 -999.250 -999.250 -999.250 -999.250 -999.250 -999.250 -999.250 -999.250 -999.250 -999.250 -999.250 -999.250 -999.250 -999.250 -999.250 -999.250 -999.250 -999.250 -999.250 -999.250 -999.250 -999.250 -999.250 -999.250 -999.250 -999.250 -999.250 -999.250 -999.250 -999.250 -999.250 -999.250 -999.250 -999.250 -999.250 -999.250 -999.250 -999.250 -999.250 -999.250 -999.250 -999.250 -999.250
-999.250 -999.250 -999.250 -999.250 -999.250 -999.250 -999.250 -999.250 -999.250 -999.250 -999.250 -999.250 -999.250 -999.250 -999.250 -999.250 -999.250 -999.250 -999.250 -999.250 -999.250 -999.250 -999.250 -999.250 -999.250 -999.250 -999.250 -999.250 -999.250 -999.250 -999.250 -999.250 -999.250 -999.250 -999.250 -999.250 -999.250 -999.250 -999.250 -999.250 -999.250 -999.250 -999.250 -999.250 -999.250 -999.250 -999.250 -999.250 -999.250 -999.250 -999.250 -999.250 -999.250 -999.250 -999.250 -999.250 -999.250 -999.250 -999.250 -999.250 -999.250 -999.250 -999.250 -999.250
-999.250 -999.250 -999.250 -999.250 -999.250 -999.250 -999.250 -999.250 -999.250 -999.250 -999.250 -999.250 -999.250 -999.250 -999.250 -999.250 -999.250 -999.250 -999.250 -999.250 -999.250 -999.250 -999.250 -999.250 -999.250 -999.250 -999.250 -999.250 -999.250 -999.250 -999.250 -999.250 -999.250 -999.250 -999.250 -999.250 -999.250 -999.250 -999.250 -999.250 -999.250 -999.250 -999.250 -999.250 -999.250 -999.250 -999.250 -999.250 -999.250 -999.250 1141.981 -999.250 -999.250 -999.250 -999.250 -999.250 -999.250 -999.250 -999.250 -999.250 -999.250 -999.250 -999.250 -999.250
-999.250 -999.250 -999.250 -999.250 -999.250 -999.250 -999.250 -999.250 -999.250 -999.250 -999.250 -999.250 -999.250 -999.250 -999.250 -999.250 -999.250 -999.250 -999.250 -999.250 -999.250 -999.250 -999.250 -999.250 -999.250 -999.250 -999.250 -999.250 -999.250 -999.250 -999.250 -999.250 -999.250 -999.250 -999.250 1043.457 1058.403 1004.101 996.718 -999.250 -999.250 -999.250 -999.250 1203.550 -999.250 -999.250 -999.250 -999.250 -999.250 -999.250 1128.183 1130.685 -999.250 -999.250 -999.250 -999.250 -999.250 -999.250 -999.250 -999.250 -999.250 -999.250 -999.250 -999.250
-999.250 -999.250 -999.250 -999.250 -999.250 -999.250 -999.250 -999.250 -999.250 -999.250 -999.250 -999.250 -999.250 -999.250 -999.250 -999.250 -999.250 -999.250 -999.250 -999.250 -999.250 -999.250 -999.250 -999.250 -999.250 -999.250 -999.250 -999.250 -999.250 -999.250 -999.250 -999.250 -999.250 -999.250 -999.250 1056.228 1064.129 1030.279 1034.273 -999.250 -999.250 -999.250 1125.172 1101.118 1136.145 -999.250 -999.250 -999.250 -999.250 -999.250 1143.011 1151.005 1128.906 -999.250 -999.250 -999.250 -999.250 -999.250 -999.250 997.754 937.415 -999.250 -999.250 -999.250
-999.250 -999.250 -999.250 -999.250 -999.250 -999.250 -999.250 -999.250 -999.250 -999.250 -999.250 -999.250 -999.250 -999.250 -999.250 -999.250 -999.250 -999.250 -999.250 -999.250 -999.250 -999.250 -999.250 -999.250 -999.250 -999.250 -999.250 -999.250 -999.250 -999.250 -999.250 -999.250 -999.250 -999.250 -999.250 1069.422 1057.420 1089.097 1075.824 1123.926 1105.599 1135.979 1141.037 1148.442 1153.881 1153.151 1109.486 1132.305 1173.590 1153.844 1163.450 1136.404 1144.480 1134.619 1121.620 1127.793 1141.733 1097.193 1041.064 1002.402 939.226 -999.250 -999.250 -999.250
-999.250 -999.250 -999.250 -999.250 -999.250 922.784 -999.250 -999.250 -999.250 -999.250 -999.250 -999.250 -999.250 -999.250 -999.250 -999.250 -999.250 -999.250 -999.250 -999.250 -999.250 -999.250 -999.250 -999.250 -999.250 -999.250 -999.250 -999.250 -999.250 -999.250 -999.250 -999.250 -999.250 -999.250 -999.250 1046.113 1072.324 1110.673 1082.747 1143.478 1113.487 1155.660 1200.119 1150.240 1166.754 1221.591 1180.629 1185.751 1180.544 1184.871 1151.044 1148.146 1163.288 1134.083 1155.048 1129.581 1084.467 1091.709 1057.871 999.070 973.978 -999.250 -999.250 -999.250
-999.250 -999.250 -999.250 -999.250 -999.250 929.984 -999.250 -999.250 -999.250 -999.250 -999.250 -999.250 -999.250 859.947 -999.250 -999.250 -999.250 -999.250 -999.250 -999.250 -999.250 -999.250 -999.250 -999.250 -999.250 -999.250 -999.250 -999.250 -999.250 -999.250 -999.250 -999.250 -999.250 -999.250 -999.250 1015.686 1071.615 1093.834 1103.120 1123.151 1133.523 1162.977 1180.396 1136.695 1188.135 1219.654 1168.329 1191.834 1211.877 1148.312 1141.739 1129.660 1118.905 1116.491 1126.201 1141.964 1087.312 1052.366 1017.890 1007.859 941.088 -999.250 -999.250 -999.250
-999.250 -999.250 -999.250 -999.250 -999.250 843.733 -999.250 -999.250 -999.250 -999.250 832.576 889.097 858.512 866.669 854.867 -999.250 -999.250 -999.250 -999.250 -999.250 -999.250 -999.250 -999.250 -999.250 -999.250 -999.250 -999.250 -999.250 -999.250 -999.250 -999.250 -999.250 -999.250 -999.250 -999.250 957.276 1066.472 1108.965 1136.060 1153.484 1136.907 1145.766 1221.495 1201.593 1206.457 1215.311 1182.876 1185.155 1161.176 1171.743 1145.279 1139.493 1127.363 1109.988 1120.231 1111.199 1093.064 1036.631 1001.611 999.350 907.278 937.692 -999.250 -999.250
-999.250 -999.250 893.255 838.922 843.087 820.360 -999.250 -999.250 834.934 857.300 875.410 861.488 852.475 840.031 837.482 833.526 802.862 809.174 -999.250 -999.250 -999.250 -999.250 -999.250 -999.250 -999.250 -999.250 -999.250 -999.250 -999.250 -999.250 -999.250 -999.250 904.979 937.887 922.437 992.157 1083.132 1085.932 1106.219 1166.299 1175.335 1210.974 1205.276 1237.396 1246.221 1168.271 1176.529 1233.549 1205.029 1180.924 1165.378 1113.202 1141.938 1134.361 1130.264 1062.685 1041.119 971.448 970.307 997.472 931.074 922.408 -999.250 -999.250
-999.250 954.947 905.339 854.376 837.136 804.130 -999.250 803.955 829.116 835.272 878.994 885.041 903.547 914.022 850.779 827.156 825.119 -999.250 -999.250 -999.250 -999.250 -999.250 708.127 717.306 -999.250 -999.250 -999.250 768.377 -999.250 -999.250 854.878 866.695 900.270 875.386 859.905 967.092 1035.903 1037.784 1092.834 1131.504 1182.945 1257.132 1186.194 1223.894 1212.973 1188.513 1158.067 1195.143 1157.661 1137.843 1134.917 1116.921 1110.969 1103.148 1094.034 1066.695 1025.410 1019.714 957.270 924.852 869.382 880.444 -999.250 -999.250
-999.250 905.325 902.234 870.563 818.775 815.465 831.522 812.424 823.799 898.696 922.215 897.409 907.222 942.771 924.559 896.727 858.026 -999.250 -999.250 798.173 782.726 747.263 725.717 699.612 729.268 -999.250 750.573 773.009 783.276 805.116 854.939 834.896 877.500 922.992 915.602 968.923 968.871 1084.457 1107.840 1104.280 1138.920 1201.983 1226.439 1238.323 1158.276 1148.943 1147.170 1194.670 1161.253 1143.287 1149.282 1109.071 1104.422 1100.961 1071.663 1040.755 1049.203 952.113 976.252 925.022 893.471 865.644 -999.250 -999.250
907.767 883.264 887.521 857.437 855.981 814.549 841.609 836.829 864.807 858.969 894.430 909.058 960.755 958.561 929.893 924.605 939.814 921.065 843.437 816.351 787.361 742.718 708.083 693.057 674.071 700.003 718.167 766.238 773.694 781.183 809.640 850.475 884.807 847.725 912.911 941.241 1014.407 1073.621 1074.168 1102.643 1127.235 1159.877 1218.658 1184.103 1150.101 1165.459 1124.085 1163.279 1126.885 1152.262 1113.639 1112.272 1115.812 1052.174 1007.156 986.242 950.378 896.352 901.849 892.483 871.981 869.789 -999.250 -999.250
906.692 912.055 858.754 867.086 870.238 812.127 821.002 835.594 864.061 840.688 901.698 934.203 949.711 1031.096 1035.418 1013.295 1002.773 991.735 908.674 858.248 772.793 744.142 694.592 647.988 650.839 668.415 721.470 732.712 784.871 789.457 806.693 849.802 872.539 858.698 899.887 981.048 1037.399 1071.589 1078.868 1084.556 1100.696 1116.282 1153.383 1152.296 1134.533 1138.870 1140.532 1116.147 1104.973 1118.845 1100.203 1085.148 1054.351 995.931 993.637 905.757 902.507 847.858 865.381 849.821 804.944 823.283 -999.250 -999.250
895.520 879.936 863.953 855.611 858.202 809.738 793.988 824.243 847.202 922.970 974.673 970.939 1027.221 1080.614 1027.471 1060.919 1025.005 1028.389 958.832 875.165 765.871 737.579 684.193 620.856 637.579 664.786 708.178 732.282 770.707 791.714 825.800 836.685 865.825 864.535 933.504 979.890 1058.245 1071.378 1072.902 1122.993 1097.667 1101.954 1105.460 1095.837 1102.646 1131.835 1116.408 1083.647 1087.128 1091.196 1064.004 1050.733 980.323 929.568 894.567 872.587 825.290 813.555 791.903 795.951 795.487 -999.250 -999.250 -999.250
916.561 835.963 864.729 863.449 822.435 809.768 793.305 789.152 878.562 967.851 1034.010 1108.192 1100.252 1127.536 1121.956 1110.647 1115.898 1042.730 961.458 921.567 836.317 734.942 667.099 587.144 622.174 679.424 729.916 733.807 786.384 804.839 816.104 871.031 898.770 930.514 963.378 1004.442 1036.787 1080.001 1026.550 1057.248 1053.499 1102.602 1073.690 1111.808 1133.261 1139.515 1070.671 1040.873 1051.659 1073.335 1038.571 1020.832 961.562 892.036 863.562 804.301 804.043 768.116 756.764 759.345 745.465 -999.250 -999.250 -999.250
901.627 898.900 879.642 853.246 871.824 817.890 838.061 865.944 933.745 1031.634 1102.295 1112.996 1175.177 1186.931 1149.659 1199.944 1194.336 1090.835 1002.778 893.235 857.132 786.398 703.204 640.814 638.138 673.648 706.411 736.070 756.552 810.614 868.154 907.817 917.598 948.513 964.162 1036.339 1021.740 1060.125 1034.829 1028.309 1058.616 1059.021 1061.347 1103.018 1071.514 1075.690 1082.644 1034.771 1032.545 1034.857 987.457 969.608 928.047 868.472 800.516 781.122 776.485 747.104 760.210 731.103 714.889 -999.250 -999.250 -999.250
903.298 902.629 870.575 883.490 870.225 878.268 889.587 939.128 980.865 1064.072 1138.067 1151.002 1232.738 1241.464 1281.134 1311.092 1290.579 1156.062 1063.421 970.973 869.707 795.093 731.265 692.000 696.677 693.728 738.167 779.261 809.891 866.999 900.727 889.770 927.004 933.232 956.544 1026.795 1020.893 1009.207 980.781 981.227 1005.482 1052.021 1082.159 1043.597 1067.625 990.509 994.043 1021.505 1044.427 1005.552 973.733 926.566 916.491 822.650 801.771 772.622 750.206 711.428 710.593 661.698 665.637 -999.250 -999.250 -999.250
930.581 900.392 897.982 888.373 941.846 949.497 976.716 979.590 1058.137 1112.898 1181.844 1231.014 1245.561 1286.595 1354.903 1420.568 1309.769 1155.002 1091.889 970.966 915.912 821.472 767.757 738.596 734.997 766.493 801.029 800.889 835.518 896.244 862.331 902.977 946.076 963.260 994.900 1002.574 1000.609 985.071 978.305 991.513 984.621 1016.755 1018.699 1055.150 1042.577 985.170 970.320 968.879 972.632 958.555 955.272 877.287 846.309 798.656 764.643 716.059 705.438 646.386 640.377 607.311 620.952 -999.250 -999.250 -999.250
879.896 848.329 903.536 896.234 921.954 975.423 997.161 1046.649 1091.592 1132.622 1154.624 1238.186 1244.729 1291.037 1323.382 1339.732 1283.894 1151.499 1060.070 1003.231 922.796 863.512 820.236 801.302 764.719 836.400 859.475 829.707 881.872 884.379 891.598 917.218 961.654 950.717 978.526 964.588 979.476 987.380 1008.014 983.652 980.788 970.746 921.456 952.176 971.485 924.848 947.506 942.892 929.074 920.398 891.691 871.043 844.001 787.728 744.764 711.064 683.816 646.476 614.947 598.228 596.363 583.093 -999.250 -999.250
868.735 892.689 927.083 904.445 916.668 996.823 1039.811 1055.509 1124.019 1156.498 1177.576 1206.334 1246.188 1271.950 1263.725 1257.121 1227.115 1135.946 1049.299 1012.597 964.699 882.532 831.582 823.276 829.869 877.144 862.285 864.654 859.350 945.632 969.556 1018.942 1015.281 1015.130 1030.614 976.976 1016.527 1019.624 1034.030 972.123 975.153 984.075 936.805 921.346 893.168 866.126 885.997 901.023 862.953 869.695 873.232 864.024 833.846 780.220 736.070 688.948 646.495 643.582 608.371 579.062 568.478 569.606 555.959 -999.250
907.896 903.094 910.088 913.678 966.892 969.176 984.548 1069.360 1140.073 1158.062 1156.083 1203.611 1203.635 1234.461 1212.291 1237.906 1195.132 1075.110 1033.217 981.515 976.057 897.812 856.466 857.072 853.003 880.000 908.623 927.308 951.420 979.653 1027.520 1049.599 1062.295 1065.145 1058.103 1039.184 1032.343 1023.650 1000.887 957.612 952.156 955.524 901.015 890.958 873.203 901.209 873.173 843.705 827.850 823.296 836.920 800.511 773.804 766.976 718.631 663.407 639.079 597.562 574.956 550.927 547.855 523.733 513.692 491.098
