data/medianmodel_15-Oct-2020.asc
ncols	141
nrows	288
xllcorner	-120191.398
yllcorner	-301404.813
cellsize	2000.000
NODATA_value	-999.250
[rows 30 to 59 of 288, columns 67 to 133 of 141]
155.568 170.699 198.888 183.079 168.951 161.123 154.427 123.227 136.533 108.151 106.416 102.150 89.479 77.131 83.255 84.349 84.435 81.925 79.738 86.874 85.908 84.500 100.763 91.177 117.876 106.896 116.899 114.086 102.926 117.181 107.286 98.788 100.190 126.571 117.108 112.264 113.137 91.183 107.339 99.996 104.461 92.705 125.048 139.953 130.650 169.389 183.210 191.761 207.127 214.853 244.572 215.046 216.814 214.104 162.743 154.520 141.486 127.649 109.212 81.769 74.571 67.391 62.597 52.502 60.116 54.868 56.166
137.781 142.208 153.276 155.956 146.807 139.238 138.958 145.809 140.133 131.217 130.818 117.851 103.194 113.475 109.985 101.390 103.053 93.109 78.443 82.895 71.417 85.714 85.502 93.383 97.850 93.675 89.599 110.660 94.903 97.692 95.231 90.854 97.012 93.487 103.247 94.452 84.269 89.226 90.616 85.740 95.045 94.119 102.239 133.205 156.309 157.709 153.378 188.721 209.486 205.555 223.637 187.198 194.396 173.453 188.501 162.834 129.747 130.046 103.494 78.618 61.165 51.815 58.974 50.580 47.422 55.129 43.684
121.428 126.513 146.228 175.326 169.046 165.721 161.535 167.666 156.426 146.552 147.433 131.714 137.142 145.005 146.996 125.168 113.380 119.266 97.235 83.930 65.998 75.875 73.688 80.745 87.206 82.267 81.650 83.189 87.007 82.441 95.842 87.699 74.917 79.906 87.398 86.582 87.210 78.594 79.531 74.813 91.390 103.456 109.702 120.876 141.536 151.542 157.853 164.132 170.832 175.656 188.021 170.164 166.258 162.512 155.774 141.012 111.157 88.107 86.880 59.694 57.737 45.084 46.641 41.112 36.754 37.699 33.729
97.844 109.465 133.840 152.993 172.649 160.036 168.016 160.295 163.875 163.478 157.449 155.566 154.178 160.358 176.824 151.571 143.415 132.474 94.621 100.982 74.917 74.898 61.453 71.230 72.135 65.882 68.474 72.400 71.391 62.938 95.108 83.272 77.884 78.136 80.655 65.197 72.257 65.001 73.322 85.074 85.567 96.445 114.443 121.441 125.494 120.149 133.810 150.099 156.605 157.050 143.084 163.585 150.332 157.099 156.953 127.123 96.076 92.286 73.164 64.894 46.029 45.885 43.584 32.825 30.162 24.809 22.671
95.055 107.252 129.403 160.763 167.216 182.522 182.846 182.324 177.525 190.566 190.002 181.494 178.564 181.097 179.015 165.314 139.751 145.619 112.191 103.549 85.959 62.307 59.686 59.235 62.611 58.620 55.703 56.003 58.135 65.573 75.618 76.714 78.058 75.237 69.028 70.898 73.508 65.848 59.586 81.986 79.990 100.172 92.658 123.993 118.121 116.709 130.937 152.341 149.304 156.247 156.741 150.417 137.228 153.174 151.100 132.387 119.996 85.002 72.653 70.185 49.820 44.205 36.935 29.477 27.690 21.925 19.896
74.486 101.546 141.272 147.705 160.293 160.106 166.386 182.336 181.360 206.641 223.384 198.843 191.619 191.073 200.652 178.086 149.686 136.156 106.863 93.317 73.242 58.550 54.850 47.758 42.788 45.809 49.044 47.866 51.109 61.959 71.190 79.685 70.119 75.616 69.775 82.316 73.754 64.985 68.870 74.297 94.272 93.842 98.384 118.192 118.044 127.148 127.122 160.703 168.608 151.565 167.446 165.791 162.366 153.242 138.087 125.514 127.508 97.183 91.746 72.220 59.530 49.162 40.173 40.787 33.699 27.722 14.407
76.980 87.169 115.678 148.538 148.753 163.271 170.175 184.544 163.453 183.409 203.743 210.736 212.560 192.006 186.567 159.982 146.278 120.095 100.096 76.733 56.849 43.480 38.289 39.829 34.062 37.293 34.849 42.485 54.438 53.225 70.685 71.963 87.340 79.875 88.604 76.260 74.528 70.883 81.027 74.265 95.844 86.435 100.179 121.214 132.457 129.903 132.587 130.805 156.011 170.836 156.545 171.822 162.019 142.809 146.547 140.715 121.151 99.990 92.374 77.678 59.600 59.120 48.227 43.243 35.361 30.138 22.002
57.884 70.306 94.274 108.644 120.154 146.308 159.252 167.575 179.334 187.744 174.874 189.726 179.859 168.785 172.430 150.981 136.748 96.262 82.636 62.652 47.641 37.300 27.800 28.261 27.479 29.624 27.164 40.553 50.207 57.256 58.493 72.717 77.931 80.247 88.256 95.633 100.104 81.978 80.241 89.859 93.044 94.654 122.667 137.695 137.666 149.498 138.440 134.357 144.781 169.426 167.238 167.369 184.827 170.696 164.840 142.878 130.831 116.374 122.911 116.294 91.869 74.186 67.275 54.303 35.802 36.817 30.103
41.293 55.303 69.070 90.593 106.495 136.340 162.565 174.030 175.315 183.356 190.626 190.729 175.432 171.802 157.347 144.868 103.271 83.960 62.580 52.327 32.916 20.851 13.069 14.651 20.571 23.372 34.347 36.129 45.533 51.636 62.364 69.815 84.248 89.330 93.355 112.665 111.954 108.413 113.895 104.487 98.408 129.563 140.228 140.188 156.050 168.978 153.880 158.482 160.471 188.688 179.774 163.333 184.245 177.211 179.105 165.672 168.938 167.300 127.477 145.112 124.670 105.741 66.690 59.643 52.089 50.800 46.083
32.248 39.961 58.759 71.265 87.595 126.974 153.771 167.741 175.544 195.537 185.942 205.084 178.397 156.993 149.856 131.169 109.079 68.299 48.932 35.507 26.703 10.920 3.009 7.095 8.807 14.503 33.182 38.783 46.641 55.811 57.351 70.729 85.049 87.265 110.531 133.640 127.695 136.133 142.217 132.825 128.170 159.377 163.478 178.415 167.928 169.069 170.543 181.405 167.667 188.374 205.070 189.456 179.424 191.863 188.849 204.248 199.415 194.250 156.006 169.873 148.338 123.331 95.539 77.654 64.939 63.130 55.396
30.881 37.568 50.873 60.113 96.073 116.522 152.024 157.365 171.148 179.496 185.796 177.433 164.329 151.658 147.748 122.103 84.660 64.728 53.045 32.156 15.474 0.000 0.000 2.561 10.074 14.044 30.227 36.746 43.398 51.349 63.603 79.614 92.664 101.483 128.832 123.097 146.113 151.392 164.984 173.316 159.418 178.879 188.002 213.545 204.275 185.455 191.726 183.078 187.337 195.254 177.313 190.308 210.200 216.623 210.163 214.089 217.171 197.677 206.331 157.945 143.334 117.067 109.006 114.450 94.678 96.416 76.635
28.794 32.142 45.829 66.941 87.692 95.495 131.699 157.141 172.136 172.311 192.651 213.383 176.496 169.072 151.319 111.121 93.986 62.467 53.955 35.647 17.256 6.148 3.115 4.887 10.450 17.768 26.394 32.879 45.816 52.694 69.392 100.511 121.783 136.900 144.286 153.456 175.856 168.540 183.814 182.014 179.964 188.590 201.544 234.334 217.408 204.941 190.311 207.589 213.426 199.616 212.559 228.309 262.794 251.439 253.312 229.770 234.655 218.380 210.953 181.627 144.862 140.948 137.842 122.109 101.885 99.634 90.304
40.245 41.324 48.043 59.381 82.733 103.115 135.007 163.032 161.527 165.271 184.725 180.600 179.238 175.797 161.479 111.416 86.111 56.244 46.316 34.301 25.859 16.459 11.296 7.212 13.621 20.562 25.091 32.539 46.337 56.456 81.206 109.850 135.928 155.673 152.436 175.108 185.461 177.285 182.161 187.656 226.981 225.975 249.543 272.906 231.912 221.323 216.998 227.293 202.607 239.454 243.880 234.666 262.340 281.793 280.578 272.233 266.864 242.548 221.379 201.114 168.080 150.545 142.522 125.341 121.879 -999.250 -999.250
58.861 56.131 56.246 63.914 72.918 99.677 139.097 156.061 171.870 191.496 182.180 179.281 170.088 168.425 141.797 115.700 93.888 62.512 50.050 33.311 28.626 23.850 22.252 16.738 19.132 18.778 24.561 35.899 44.866 58.015 76.473 102.764 154.319 155.337 156.134 189.822 215.511 207.120 195.427 202.161 212.959 262.007 285.714 259.471 242.491 228.340 220.239 241.251 233.019 259.826 292.419 295.136 283.539 285.654 331.857 312.187 274.560 284.785 247.582 241.991 205.803 160.919 134.867 133.572 106.893 136.221 -999.250
67.850 73.527 71.060 68.757 85.015 110.483 130.219 146.228 178.850 194.020 187.492 195.780 171.427 151.291 122.898 103.163 84.149 68.878 45.403 38.463 33.681 30.184 28.145 25.913 25.630 29.181 30.899 35.957 45.443 55.979 87.251 121.619 136.213 161.710 184.352 197.770 230.429 199.537 194.630 210.788 209.807 230.803 238.548 259.906 247.653 218.509 223.721 230.062 261.644 235.814 276.583 280.437 320.924 345.971 326.221 313.581 304.418 317.628 241.693 240.035 202.751 185.869 156.970 140.965 -999.250 -999.250 -999.250
79.806 72.533 70.746 76.935 86.408 101.435 106.678 151.842 186.512 195.675 199.753 188.636 161.448 156.038 99.606 80.821 74.542 67.458 49.833 45.448 37.879 36.504 31.604 32.099 33.817 31.855 35.872 35.339 41.424 57.121 82.379 117.096 143.801 178.156 190.413 202.869 190.662 189.042 204.235 195.044 206.262 220.855 214.082 223.088 222.747 220.733 218.874 231.296 235.986 229.882 244.823 289.869 288.938 357.483 322.949 320.485 256.378 254.176 239.127 246.903 193.493 172.776 158.508 109.622 -999.250 -999.250 -999.250
81.435 78.010 74.985 71.396 68.879 87.665 114.013 146.563 166.050 210.160 185.815 190.875 160.495 130.621 106.643 86.407 74.341 60.359 57.391 53.032 50.016 54.042 43.299 33.700 37.625 35.779 32.880 33.801 37.342 54.957 75.029 105.779 149.669 169.169 193.402 191.212 184.796 199.058 212.903 190.297 188.835 184.221 193.381 202.944 202.907 206.418 217.493 209.084 196.528 217.351 225.458 287.617 287.813 294.050 279.257 270.451 257.429 206.174 189.424 181.492 181.193 164.815 121.499 -999.250 -999.250 -999.250 -999.250
79.871 77.497 60.483 64.819 69.998 77.239 100.694 119.824 150.788 167.581 160.505 146.469 149.931 122.412 91.100 70.489 52.751 49.454 47.645 48.770 55.172 65.882 51.043 37.281 31.395 32.295 22.285 29.154 29.029 44.668 67.310 113.411 141.494 165.490 198.544 185.354 171.110 188.833 190.852 186.433 182.397 184.410 183.687 173.467 183.790 180.123 193.603 179.219 200.064 195.161 197.618 240.178 220.793 246.559 225.744 226.377 230.273 211.787 180.154 165.268 156.948 -999.250 -999.250 -999.250 -999.250 -999.250 -999.250
84.253 66.787 67.323 56.212 50.025 57.174 81.795 85.496 112.756 118.807 131.764 138.968 125.983 105.170 76.628 56.641 45.797 44.455 49.418 49.564 46.850 48.853 43.572 35.896 31.443 20.802 18.863 11.840 15.193 32.747 58.590 93.359 121.113 138.593 161.669 162.822 158.219 162.102 173.181 172.426 159.781 163.535 161.305 167.243 159.684 178.787 173.034 168.988 180.340 207.874 201.259 207.737 221.566 231.454 225.102 245.314 221.254 185.767 161.395 131.355 133.434 -999.250 -999.250 -999.250 -999.250 -999.250 -999.250
80.388 63.218 50.603 44.156 44.163 49.639 56.151 60.362 83.233 94.135 95.294 96.142 98.829 82.478 58.489 43.387 33.795 37.629 39.105 43.462 42.622 41.551 37.590 29.819 26.136 18.345 8.400 1.299 0.000 18.503 38.820 63.441 86.464 101.130 116.224 128.018 126.461 126.854 156.100 157.636 135.603 130.787 140.029 136.791 133.102 136.649 146.764 148.793 155.095 164.669 168.123 162.093 194.296 178.728 187.166 180.869 -999.250 161.882 130.033 -999.250 -999.250 -999.250 -999.250 -999.250 -999.250 -999.250 -999.250
79.344 53.493 41.752 35.146 37.353 34.627 35.547 37.508 53.532 58.973 68.393 72.007 75.217 64.236 55.883 43.751 37.654 38.672 42.638 39.517 37.991 34.333 33.502 24.909 15.151 6.328 1.554 0.000 0.000 14.880 32.669 48.558 55.365 73.436 69.351 78.249 89.443 108.773 113.115 121.658 97.243 94.950 112.163 108.448 108.347 99.868 117.139 120.893 126.553 134.870 143.980 149.888 160.755 138.798 -999.250 -999.250 -999.250 -999.250 -999.250 -999.250 -999.250 -999.250 -999.250 -999.250 -999.250 -999.250 -999.250
63.093 47.416 35.718 26.963 25.793 25.239 22.952 28.175 39.109 47.122 52.694 60.637 60.091 54.057 49.380 41.339 40.667 41.570 43.842 37.043 37.156 29.640 28.473 16.585 10.798 3.618 0.000 0.000 0.247 9.255 26.046 37.637 43.327 51.599 54.428 61.301 70.182 76.199 72.138 74.318 70.541 66.927 70.133 74.174 67.785 73.818 68.576 82.859 82.708 107.249 127.398 119.999 150.476 -999.250 -999.250 -999.250 -999.250 -999.250 -999.250 -999.250 -999.250 -999.250 -999.250 -999.250 -999.250 -999.250 -999.250
60.320 42.367 32.398 19.961 17.064 13.744 18.770 15.154 39.004 39.967 45.289 47.526 57.874 51.525 48.876 43.869 43.429 41.702 40.547 36.524 32.592 25.546 17.935 11.973 12.117 4.860 0.000 0.000 2.232 3.932 17.797 21.487 31.958 28.968 37.044 38.287 43.593 38.351 43.027 45.858 47.975 40.347 50.252 46.266 54.227 51.853 56.317 57.704 63.254 65.052 78.168 95.708 110.923 -999.250 -999.250 -999.250 -999.250 -999.250 -999.250 -999.250 -999.250 -999.250 -999.250 -999.250 -999.250 -999.250 -999.250
59.942 46.963 35.311 17.415 13.299 16.705 33.438 63.400 49.696 47.162 44.543 45.544 46.890 46.112 41.817 40.886 42.593 42.886 41.369 30.974 27.470 22.176 15.845 9.489 4.483 1.130 0.000 0.000 0.000 2.100 10.443 13.431 17.538 25.440 24.077 31.342 21.417 12.995 25.116 31.631 28.081 32.165 33.455 33.909 42.352 36.341 47.310 42.452 50.547 51.496 53.898 68.056 -999.250 -999.250 -999.250 -999.250 -999.250 -999.250 -999.250 -999.250 -999.250 -999.250 -999.250 -999.250 -999.250 -999.250 -999.250
84.429 68.091 47.599 25.227 19.534 25.420 36.899 44.387 46.437 40.849 45.357 40.652 45.222 41.777 44.741 46.436 45.819 43.261 37.740 31.026 27.635 20.649 14.128 7.566 5.477 0.249 0.000 0.000 0.000 0.000 1.114 6.692 9.706 11.985 12.293 12.267 7.525 3.164 14.211 14.694 18.518 19.947 23.377 30.728 24.417 25.559 25.891 31.994 34.928 41.282 42.603 -999.250 -999.250 -999.250 -999.250 -999.250 -999.250 -999.250 -999.250 -999.250 -999.250 -999.250 -999.250 -999.250 -999.250 -999.250 -999.250
112.503 108.259 81.373 51.824 44.006 36.202 36.408 37.254 36.134 36.737 36.083 38.250 38.343 44.838 45.294 53.549 52.304 48.406 40.733 38.044 31.137 25.958 14.035 10.580 7.334 3.469 0.000 0.000 0.000 0.000 0.000 0.000 3.229 1.682 6.134 5.485 1.419 5.724 6.789 8.139 14.297 10.235 12.773 10.200 11.380 11.884 11.652 20.312 22.114 32.614 36.667 -999.250 -999.250 -999.250 -999.250 -999.250 -999.250 -999.250 -999.250 -999.250 -999.250 -999.250 -999.250 -999.250 -999.250 -999.250 -999.250
176.918 185.491 148.135 100.603 62.417 46.416 37.529 30.518 27.794 29.425 28.059 35.329 39.218 41.344 50.884 53.660 66.302 52.838 43.077 37.405 30.252 27.850 21.459 16.401 8.857 4.199 3.532 0.375 0.013 0.000 0.000 0.000 0.000 0.000 0.000 0.513 0.001 3.601 1.836 9.916 9.951 7.922 11.378 5.529 3.628 5.449 4.105 6.665 7.642 14.659 -999.250 -999.250 -999.250 -999.250 -999.250 -999.250 -999.250 -999.250 -999.250 -999.250 -999.250 -999.250 -999.250 -999.250 -999.250 -999.250 -999.250
245.995 286.081 194.154 138.116 88.760 55.253 40.169 32.442 29.623 26.573 20.390 31.259 34.668 41.635 48.739 53.716 57.214 51.398 48.087 38.565 32.739 27.163 22.110 10.950 9.433 3.163 3.333 1.828 0.000 0.000 0.000 0.184 1.123 0.000 0.000 0.000 1.585 2.436 3.831 6.917 3.671 5.196 2.687 0.625 0.000 0.100 2.637 0.000 0.000 14.173 -999.250 -999.250 -999.250 -999.250 -999.250 -999.250 -999.250 -999.250 -999.250 -999.250 -999.250 -999.250 -999.250 -999.250 -999.250 -999.250 -999.250
257.499 260.838 198.042 149.259 98.876 66.346 43.797 29.562 23.871 22.815 19.934 27.355 31.913 36.708 40.248 51.008 54.980 44.376 43.279 35.508 34.235 27.696 21.754 13.676 9.327 7.213 3.387 4.651 0.000 0.000 0.000 0.000 6.519 4.930 0.260 3.774 5.387 1.429 5.889 6.621 7.815 3.300 3.000 4.023 4.742 2.498 0.292 0.005 5.409 19.017 -999.250 -999.250 -999.250 -999.250 -999.250 -999.250 -999.250 -999.250 -999.250 -999.250 -999.250 -999.250 -999.250 -999.250 -999.250 -999.250 -999.250
236.691 225.642 178.122 160.201 110.275 57.920 41.653 28.077 20.722 18.988 24.193 22.707 31.357 33.062 38.790 45.806 46.502 47.871 45.534 40.667 32.063 19.537 13.288 11.354 9.707 2.982 1.462 0.000 0.000 1.296 0.000 3.458 7.573 7.672 4.777 4.644 8.782 9.380 10.837 6.018 11.709 8.181 9.061 2.782 6.080 3.788 7.658 12.649 14.765 -999.250 -999.250 -999.250 -999.250 -999.250 -999.250 -999.250 -999.250 -999.250 -999.250 -999.250 -999.250 -999.250 -999.250 -999.250 -999.250 -999.250 -999.250
