data/medianmodel_19-Aug-2020.asc
ncols	141
nrows	288
xllcorner	-120191.398
yllcorner	-301404.813
cellsize	2000.000
NODATA_value	-999.250
[rows 186 to 216 of 288, columns 0 to 68 of 141]
22.360 24.038 26.947 28.753 31.540 33.792 37.844 44.155 49.738 61.574 58.476 60.103 67.196 73.964 75.149 64.698 52.564 45.056 -999.250 -999.250 -999.250 -999.250 -999.250 33.079 32.673 32.704 33.084 34.269 32.652 30.163 25.626 18.886 14.207 8.970 4.594 1.971 0.000 0.000 0.000 0.000 6.230 12.777 22.973 39.535 59.767 82.895 110.105 134.468 147.954 178.909 230.356 302.675 406.988 424.042 523.868 418.005 379.421 366.206 430.746 362.525 344.031 248.414 184.968 156.051 136.833 98.326 73.007 59.895 55.773
-999.250 23.755 25.398 27.068 31.511 33.909 39.473 42.726 48.431 53.088 53.938 55.073 57.575 60.702 62.486 58.430 51.137 45.425 -999.250 -999.250 -999.250 -999.250 32.091 30.500 31.321 31.671 32.499 33.594 32.529 30.519 25.387 19.369 13.529 8.172 5.189 1.901 0.000 0.000 0.000 0.000 4.790 8.017 19.516 31.518 50.653 70.726 95.600 126.566 146.785 158.582 177.804 189.006 221.517 278.911 339.947 321.674 359.457 334.497 368.170 293.326 201.601 165.072 163.070 126.024 75.824 28.868 27.510 24.574 26.463
-999.250 22.163 24.367 26.876 29.269 33.008 34.812 42.221 47.729 50.050 51.801 52.445 53.834 53.614 54.595 56.132 49.785 45.142 -999.250 -999.250 -999.250 31.952 -999.250 27.714 28.040 29.920 32.339 34.302 33.973 31.557 25.102 19.581 12.989 8.765 4.208 0.542 0.000 0.000 0.000 0.000 0.512 7.107 15.199 23.766 38.953 57.435 75.875 99.070 132.500 150.271 155.345 184.633 190.865 221.207 233.936 260.861 229.076 296.981 264.852 215.806 178.867 144.813 132.597 92.394 50.554 18.585 8.776 6.940 5.181
-999.250 21.905 25.520 27.313 30.031 32.797 37.190 43.088 45.199 51.073 55.370 54.980 52.705 50.434 48.011 47.481 47.570 -999.250 -999.250 -999.250 -999.250 30.388 26.157 24.756 24.983 26.582 33.289 38.170 41.783 33.799 26.601 19.803 12.467 8.006 3.682 0.624 0.000 0.000 0.000 0.000 0.000 1.869 7.548 13.989 26.757 46.849 69.287 81.734 119.456 137.322 151.208 160.874 166.630 172.673 179.566 176.190 189.058 205.337 205.939 194.837 162.572 136.023 120.931 77.503 41.669 17.690 3.535 0.000 0.000
-999.250 21.953 26.368 33.239 31.213 33.748 35.554 41.385 44.280 50.926 56.200 63.131 51.633 46.065 42.310 43.706 45.411 -999.250 -999.250 -999.250 39.380 29.894 24.300 22.935 22.769 26.143 30.973 37.402 50.538 34.873 24.929 17.501 11.955 7.195 2.803 0.000 0.000 0.000 0.000 0.000 0.000 0.000 3.426 6.875 14.369 29.619 49.497 75.392 101.837 124.844 142.035 148.758 155.273 164.707 165.263 175.951 167.188 173.800 173.403 159.445 140.295 128.125 94.737 62.997 37.367 16.387 2.056 0.000 0.000
-999.250 -999.250 -999.250 27.068 -999.250 -999.250 32.906 36.243 42.365 -999.250 -999.250 -999.250 46.551 42.087 -999.250 -999.250 -999.250 -999.250 -999.250 -999.250 44.185 33.102 24.431 20.735 20.395 21.843 26.041 31.048 32.827 29.157 20.393 15.904 10.478 6.531 3.369 0.000 0.000 0.000 0.000 0.000 0.000 0.000 0.000 0.000 4.569 12.922 31.495 58.630 78.572 100.160 127.326 138.679 149.057 143.260 149.394 161.013 162.437 154.558 156.259 141.313 129.282 104.334 72.956 52.250 29.475 12.959 2.703 0.000 0.000
-999.250 -999.250 -999.250 -999.250 -999.250 -999.250 -999.250 -999.250 -999.250 -999.250 -999.250 -999.250 -999.250 33.738 33.109 35.577 -999.250 -999.250 -999.250 60.031 49.804 36.519 27.106 20.765 18.108 17.838 19.342 21.877 23.530 21.767 16.988 10.806 7.658 4.541 0.453 0.000 0.000 0.000 0.000 0.000 0.000 0.000 0.000 0.000 0.000 0.000 18.216 44.829 68.427 81.049 100.505 104.948 134.832 138.584 147.144 153.476 166.435 154.491 152.433 133.459 99.734 81.098 63.170 45.576 26.257 9.439 1.589 0.000 0.000
-999.250 -999.250 -999.250 -999.250 -999.250 -999.250 -999.250 -999.250 -999.250 -999.250 -999.250 34.027 31.830 29.862 29.894 33.720 -999.250 -999.250 59.222 74.521 55.527 40.035 28.695 21.183 16.933 14.710 15.728 16.459 16.408 15.246 13.285 9.756 6.271 3.104 0.000 0.000 0.000 0.000 0.000 0.000 0.000 0.000 0.000 0.000 0.000 0.000 12.701 33.431 51.213 71.471 82.143 104.926 129.312 132.262 142.851 154.279 178.948 156.187 140.812 108.852 82.852 74.035 54.890 38.450 23.319 11.640 3.259 0.000 0.000
-999.250 -999.250 -999.250 -999.250 -999.250 -999.250 -999.250 -999.250 -999.250 -999.250 -999.250 26.870 26.778 24.313 23.117 24.680 29.824 38.471 49.620 56.541 49.046 40.368 29.005 23.229 16.989 13.950 15.560 13.536 13.401 13.260 11.231 8.764 4.259 2.309 0.000 0.000 0.000 0.000 0.000 0.000 0.000 0.000 0.000 0.000 0.000 0.024 10.107 24.487 40.370 55.705 74.592 85.483 91.604 113.567 134.633 139.098 144.559 139.165 119.780 95.840 79.763 68.750 52.221 32.784 21.508 9.765 3.353 0.000 0.000
-999.250 -999.250 -999.250 -999.250 -999.250 -999.250 -999.250 -999.250 -999.250 -999.250 -999.250 -999.250 21.299 19.301 17.950 18.434 24.441 31.595 40.498 44.184 44.271 34.267 28.151 23.323 17.246 15.387 14.435 14.135 13.565 13.288 10.775 8.899 6.194 1.011 0.000 0.000 0.000 0.000 0.000 0.000 0.000 0.000 0.000 0.000 0.000 0.378 8.187 18.554 32.619 47.657 58.776 74.639 78.822 88.034 101.353 115.125 110.010 110.964 90.804 78.349 72.904 56.476 44.891 32.634 20.516 9.975 1.792 0.000 0.000
-999.250 -999.250 -999.250 -999.250 -999.250 -999.250 -999.250 -999.250 -999.250 -999.250 -999.250 -999.250 -999.250 16.906 15.326 15.409 18.142 24.521 31.034 33.995 35.643 32.638 27.645 23.085 20.908 17.797 17.344 16.678 15.692 14.624 12.740 9.222 6.286 1.974 0.000 0.000 0.000 0.000 0.000 0.000 0.000 0.000 0.000 0.000 0.000 1.122 7.201 14.935 24.789 38.022 51.262 62.179 70.933 79.362 80.146 87.028 88.984 83.686 73.895 69.626 58.975 53.215 41.095 27.601 17.419 8.435 2.858 0.000 0.000
-999.250 -999.250 -999.250 -999.250 -999.250 -999.250 -999.250 -999.250 -999.250 -999.250 -999.250 -999.250 -999.250 13.984 13.375 13.809 15.463 20.167 24.910 27.411 31.402 29.895 25.556 23.647 23.309 21.779 20.242 20.735 21.614 19.110 15.729 11.104 6.674 3.458 0.714 0.000 0.000 0.000 0.000 0.000 0.000 0.000 0.000 0.000 0.000 0.229 5.580 11.181 22.002 33.210 44.003 50.502 56.387 61.589 67.545 69.696 71.568 69.203 62.188 56.722 49.303 42.017 31.706 23.485 15.827 7.978 3.700 0.000 0.435
-999.250 -999.250 -999.250 -999.250 -999.250 -999.250 -999.250 -999.250 -999.250 -999.250 -999.250 -999.250 -999.250 13.812 12.631 12.734 14.237 17.620 22.610 25.760 27.045 25.691 24.647 23.470 24.524 25.468 27.010 28.181 28.630 25.020 19.396 13.645 9.263 6.075 0.544 0.000 0.000 0.000 0.000 0.000 0.000 0.000 0.000 0.000 0.000 0.000 4.115 8.742 16.665 26.022 32.125 40.257 46.648 51.133 53.091 57.255 59.278 57.811 49.864 44.445 39.535 32.683 25.273 18.522 12.002 6.599 3.937 1.516 3.043
-999.250 -999.250 -999.250 -999.250 -999.250 -999.250 -999.250 -999.250 -999.250 -999.250 -999.250 -999.250 -999.250 -999.250 12.708 12.267 13.071 16.867 25.069 23.719 24.620 23.654 24.999 23.413 25.801 26.973 30.597 35.694 37.153 32.607 23.757 17.214 11.557 6.289 2.565 0.000 0.000 0.000 0.000 0.000 0.000 0.000 0.000 0.000 0.000 0.000 2.742 6.881 11.970 17.915 26.046 31.076 36.928 43.065 45.198 47.405 46.264 45.541 39.224 33.477 30.008 24.733 20.090 14.920 9.269 5.320 2.783 0.714 0.132
-999.250 -999.250 -999.250 -999.250 -999.250 -999.250 -999.250 -999.250 -999.250 -999.250 -999.250 -999.250 -999.250 -999.250 12.491 12.713 12.579 14.200 18.323 19.986 21.402 23.861 23.915 24.541 25.503 30.172 32.883 41.376 51.248 37.203 26.510 18.575 12.210 7.199 2.608 0.000 0.000 0.000 0.000 0.000 0.000 0.000 0.000 0.000 0.000 0.000 0.127 4.066 8.201 12.690 17.238 23.621 28.725 31.887 33.003 34.483 34.411 31.618 30.492 26.422 22.113 18.625 13.890 10.206 6.495 3.922 2.597 0.000 0.000
-999.250 -999.250 -999.250 -999.250 -999.250 -999.250 -999.250 -999.250 -999.250 -999.250 -999.250 -999.250 -999.250 -999.250 12.122 11.200 12.374 13.900 15.849 17.700 20.376 22.767 24.185 24.419 26.616 27.899 32.295 40.272 40.482 32.898 27.036 19.293 12.296 7.537 3.688 0.000 0.000 0.000 0.000 0.000 0.000 0.000 0.000 0.000 0.000 0.000 0.000 3.081 5.691 8.735 11.930 16.395 21.089 22.746 24.358 24.340 26.035 24.920 21.525 20.902 16.710 11.396 7.495 7.100 5.814 1.689 0.000 0.000 0.000
-999.250 -999.250 -999.250 -999.250 -999.250 -999.250 -999.250 -999.250 -999.250 -999.250 -999.250 -999.250 -999.250 -999.250 11.339 11.228 12.309 12.082 14.242 17.318 19.322 21.768 22.496 24.607 25.279 -999.250 30.449 32.510 32.026 30.005 24.453 17.784 12.876 7.448 3.619 0.000 0.000 0.000 0.000 0.000 0.000 0.000 0.000 0.000 0.000 0.000 0.000 0.000 2.997 5.052 8.746 11.328 13.016 16.252 15.136 16.236 18.609 19.542 15.697 13.837 10.940 7.676 6.174 3.489 0.203 0.000 0.000 0.000 0.000
-999.250 -999.250 -999.250 -999.250 -999.250 -999.250 -999.250 -999.250 -999.250 -999.250 -999.250 -999.250 -999.250 -999.250 10.884 12.049 11.968 12.481 13.563 16.058 17.149 17.824 19.725 -999.250 -999.250 -999.250 27.267 29.868 27.514 24.619 20.717 16.122 10.042 6.843 3.621 0.000 0.000 0.000 0.000 0.000 0.000 0.000 0.000 0.000 0.000 0.000 0.000 0.000 0.000 3.269 4.829 4.992 7.392 8.391 8.153 10.762 13.024 13.250 9.751 8.119 6.890 5.486 4.329 1.248 0.000 0.000 0.000 0.000 0.000
-999.250 -999.250 -999.250 -999.250 -999.250 -999.250 -999.250 -999.250 -999.250 -999.250 -999.250 -999.250 -999.250 9.902 9.811 11.169 12.005 11.148 12.580 14.232 16.375 16.573 -999.250 -999.250 -999.250 -999.250 -999.250 24.409 23.373 20.390 18.105 12.663 8.301 5.421 2.917 0.000 0.000 0.000 0.000 0.000 0.000 0.000 0.000 0.000 0.000 0.000 0.000 0.000 0.000 0.094 0.528 0.996 3.611 6.158 5.713 7.618 8.274 6.425 6.039 4.842 4.236 3.095 2.815 0.000 0.000 0.000 0.000 0.000 0.000
-999.250 -999.250 -999.250 -999.250 -999.250 -999.250 -999.250 -999.250 -999.250 -999.250 -999.250 -999.250 -999.250 8.488 8.883 9.305 10.360 10.596 11.969 13.385 -999.250 -999.250 -999.250 -999.250 -999.250 -999.250 -999.250 -999.250 19.194 18.492 14.889 10.292 8.127 4.122 3.509 0.000 0.000 0.000 0.000 0.000 0.000 0.000 0.000 0.000 0.000 0.000 0.000 0.000 0.000 0.000 0.000 1.692 0.611 3.123 3.239 3.515 2.956 3.323 2.690 1.063 1.022 0.000 0.000 0.000 0.000 0.000 0.000 0.000 0.000
-999.250 -999.250 -999.250 -999.250 -999.250 -999.250 -999.250 -999.250 -999.250 -999.250 -999.250 -999.250 6.324 8.594 -999.250 -999.250 -999.250 -999.250 -999.250 -999.250 -999.250 -999.250 -999.250 -999.250 -999.250 -999.250 -999.250 -999.250 -999.250 14.484 11.168 7.580 5.352 3.314 1.240 0.000 0.000 0.000 0.000 0.000 0.000 0.000 0.000 0.000 0.000 0.000 0.000 0.000 0.000 0.000 0.000 0.000 0.000 0.000 0.766 0.439 0.000 0.000 0.000 0.000 0.000 0.000 0.000 0.000 0.000 0.000 0.000 0.000 0.000
-999.250 -999.250 -999.250 -999.250 -999.250 -999.250 -999.250 -999.250 -999.250 -999.250 -999.250 -999.250 -999.250 -999.250 -999.250 -999.250 -999.250 -999.250 -999.250 -999.250 -999.250 -999.250 -999.250 -999.250 -999.250 -999.250 -999.250 -999.250 -999.250 -999.250 8.875 6.199 3.993 0.995 0.000 0.000 0.000 0.000 0.000 0.000 0.000 0.000 0.000 0.000 0.000 0.000 0.000 0.000 0.000 0.000 0.000 0.000 0.000 0.000 0.000 0.000 0.000 0.000 0.000 0.000 0.000 0.000 0.000 0.000 0.000 0.000 0.000 0.000 0.000
-999.250 -999.250 -999.250 -999.250 -999.250 -999.250 -999.250 -999.250 -999.250 -999.250 -999.250 -999.250 -999.250 -999.250 -999.250 -999.250 -999.250 -999.250 -999.250 -999.250 -999.250 -999.250 -999.250 -999.250 -999.250 -999.250 -999.250 -999.250 -999.250 -999.250 8.060 4.727 1.797 0.000 0.000 0.000 0.000 0.000 0.000 0.000 0.000 0.000 0.000 0.000 0.000 0.000 0.000 0.000 0.000 0.000 0.000 0.000 0.000 0.000 0.000 0.000 0.000 0.000 0.000 0.000 0.000 0.000 0.000 0.000 0.000 0.000 0.000 0.000 0.000
-999.250 -999.250 -999.250 -999.250 -999.250 -999.250 -999.250 -999.250 -999.250 -999.250 -999.250 -999.250 -999.250 -999.250 -999.250 -999.250 -999.250 -999.250 -999.250 -999.250 -999.250 -999.250 -999.250 -999.250 -999.250 -999.250 -999.250 -999.250 -999.250 -999.250 6.806 3.752 0.158 0.000 0.000 0.000 0.000 0.000 0.000 0.000 0.000 0.000 0.000 0.000 0.000 0.000 0.000 0.000 0.000 0.000 0.000 0.000 0.000 0.000 0.000 0.000 0.000 0.000 0.000 0.000 0.000 0.000 0.000 0.000 0.000 0.000 0.000 0.000 0.000
-999.250 -999.250 -999.250 -999.250 -999.250 -999.250 -999.250 -999.250 -999.250 -999.250 -999.250 -999.250 -999.250 -999.250 -999.250 -999.250 -999.250 -999.250 -999.250 -999.250 -999.250 -999.250 -999.250 -999.250 -999.250 -999.250 -999.250 -999.250 -999.250 -999.250 -999.250 2.436 0.487 0.000 0.000 0.000 0.000 0.000 0.000 0.000 0.000 0.000 0.000 0.000 0.000 0.000 0.000 0.000 0.000 0.000 0.000 0.000 0.000 0.000 0.000 0.000 0.000 0.000 0.000 0.000 0.000 0.000 0.000 0.000 0.000 0.000 0.000 0.000 0.000
-999.250 -999.250 -999.250 -999.250 -999.250 -999.250 -999.250 -999.250 -999.250 -999.250 -999.250 -999.250 -999.250 -999.250 -999.250 -999.250 -999.250 -999.250 -999.250 -999.250 -999.250 -999.250 -999.250 -999.250 -999.250 -999.250 -999.250 -999.250 -999.250 -999.250 -999.250 0.926 0.000 0.000 0.000 0.000 0.000 0.000 0.000 0.000 0.000 0.000 0.000 0.000 0.000 0.000 0.000 0.000 0.000 0.000 0.000 0.000 0.000 0.000 0.000 0.000 0.000 0.000 0.000 0.000 0.000 0.000 0.000 0.000 0.000 0.000 0.000 0.000 0.000
-999.250 -999.250 -999.250 -999.250 -999.250 -999.250 -999.250 -999.250 -999.250 -999.250 -999.250 -999.250 -999.250 -999.250 -999.250 -999.250 -999.250 -999.250 -999.250 -999.250 -999.250 -999.250 -999.250 -999.250 -999.250 -999.250 -999.250 -999.250 -999.250 -999.250 -999.250 0.000 0.000 0.000 0.000 0.000 0.000 0.000 0.000 0.000 0.000 0.000 0.000 0.000 0.000 0.000 0.000 0.000 0.000 0.000 0.000 0.000 0.000 0.000 0.000 0.000 0.000 0.000 0.000 0.000 0.000 0.000 0.000 0.000 0.000 0.000 0.000 0.000 0.000
-999.250 -999.250 -999.250 -999.250 -999.250 -999.250 -999.250 -999.250 -999.250 -999.250 -999.250 -999.250 -999.250 -999.250 -999.250 -999.250 -999.250 -999.250 -999.250 -999.250 -999.250 -999.250 -999.250 -999.250 -999.250 -999.250 -999.250 -999.250 -999.250 -999.250 -999.250 0.000 0.000 0.000 0.000 0.000 0.000 0.000 0.000 0.000 0.000 0.000 0.000 0.000 0.000 0.000 0.000 0.000 0.000 0.000 0.000 0.000 0.000 0.000 0.000 0.000 0.000 0.000 0.000 0.000 0.000 0.000 0.000 0.000 0.000 0.000 0.000 0.000 0.000
-999.250 -999.250 -999.250 -999.250 -999.250 -999.250 -999.250 -999.250 -999.250 -999.250 -999.250 -999.250 -999.250 -999.250 -999.250 -999.250 -999.250 -999.250 -999.250 -999.250 -999.250 -999.250 -999.250 -999.250 -999.250 -999.250 -999.250 -999.250 -999.250 -999.250 -999.250 0.000 0.000 0.000 0.000 0.000 0.000 0.000 0.000 0.000 0.000 0.000 0.000 0.000 0.000 0.000 0.000 0.000 0.000 0.000 0.000 0.000 0.000 0.000 0.000 0.000 0.000 0.000 0.000 0.000 0.000 0.000 0.000 0.000 0.000 0.000 0.000 0.000 0.000
-999.250 -999.250 -999.250 -999.250 -999.250 -999.250 -999.250 -999.250 -999.250 -999.250 -999.250 -999.250 -999.250 -999.250 -999.250 -999.250 -999.250 -999.250 -999.250 -999.250 -999.250 -999.250 -999.250 -999.250 -999.250 -999.250 -999.250 -999.250 -999.250 -999.250 -999.250 0.000 0.000 0.000 0.000 0.000 0.000 0.000 0.000 0.000 0.000 0.000 0.000 0.000 0.000 0.000 0.000 0.000 0.000 0.000 0.000 0.000 0.000 0.000 0.000 0.000 0.000 0.000 0.000 0.000 0.000 0.000 0.000 0.000 0.000 0.000 0.000 0.000 0.000
-999.250 -999.250 -999.250 -999.250 -999.250 -999.250 -999.250 -999.250 -999.250 -999.250 -999.250 -999.250 -999.250 -999.250 -999.250 -999.250 -999.250 -999.250 -999.250 -999.250 -999.250 -999.250 -999.250 -999.250 -999.250 -999.250 -999.250 -999.250 -999.250 -999.250 -999.250 0.000 0.000 0.000 0.000 0.000 0.000 0.000 0.000 0.000 0.000 0.000 0.000 0.000 0.000 0.000 0.000 0.000 0.000 0.000 0.000 0.000 0.000 0.000 0.000 0.000 0.000 0.000 0.000 0.000 0.000 0.000 0.000 0.000 0.000 0.000 0.000 0.000 0.000
