data/medianmodel_05-Nov-2020.asc
ncols	141
nrows	288
xllcorner	-120191.398
yllcorner	-301404.813
cellsize	2000.000
NODATA_value	-999.250
[rows 87 to 115 of 288, columns 65 to 129 of 141]
233.571 246.896 307.378 342.183 360.444 357.860 402.510 416.195 395.884 381.118 375.277 333.229 298.297 291.065 245.652 233.112 226.977 227.475 245.304 284.917 290.375 305.333 314.075 309.272 347.917 366.921 389.954 451.834 561.573 714.505 779.816 907.512 990.612 928.578 921.799 786.126 682.495 663.198 589.715 430.713 398.464 366.291 339.601 355.661 330.460 334.540 296.457 336.885 322.716 -999.250 -999.250 -999.250 -999.250 -999.250 -999.250 -999.250 -999.250 -999.250 -999.250 -999.250 -999.250 -999.250 -999.250 -999.250 -999.250
272.649 271.760 305.281 317.684 377.152 384.824 416.484 396.518 399.626 354.354 374.099 337.727 290.639 270.845 222.740 201.745 200.304 198.001 242.236 285.956 330.828 367.696 368.880 419.410 422.453 447.384 456.769 484.103 623.491 759.747 906.385 1012.858 1103.441 1018.458 964.094 862.547 773.533 710.266 563.900 461.292 413.107 390.737 364.207 329.920 323.291 304.029 303.817 310.420 302.794 317.080 307.912 -999.250 -999.250 -999.250 -999.250 -999.250 -999.250 -999.250 -999.250 -999.250 -999.250 -999.250 -999.250 -999.250 -999.250
247.178 259.311 260.376 303.370 356.099 403.555 431.632 406.494 382.435 356.102 349.407 298.887 266.796 221.897 222.569 173.621 144.639 167.553 233.818 326.003 416.097 447.064 454.741 527.863 639.966 681.661 757.787 775.160 767.329 863.901 1053.602 1078.744 1048.814 1035.057 1017.556 909.291 796.623 622.930 547.656 477.601 387.113 358.017 339.996 320.404 271.461 272.662 274.326 257.223 309.707 287.093 288.927 -999.250 -999.250 -999.250 -999.250 -999.250 -999.250 -999.250 -999.250 -999.250 -999.250 -999.250 -999.250 -999.250 -999.250
242.461 227.252 233.445 298.596 326.125 368.974 380.606 366.149 349.160 321.507 291.731 277.827 264.947 243.095 213.441 198.077 162.772 137.241 270.311 380.959 442.728 602.349 611.493 757.960 786.615 867.946 927.168 1054.334 1094.266 1067.884 1274.670 1158.449 1207.231 1142.468 1031.699 875.068 809.462 671.601 625.017 444.673 407.276 339.820 320.019 303.245 267.208 257.637 265.070 250.160 258.625 261.815 278.868 -999.250 -999.250 -999.250 -999.250 -999.250 -999.250 -999.250 -999.250 -999.250 -999.250 -999.250 -999.250 -999.250 -999.250
240.936 193.926 216.876 242.830 271.778 323.276 324.105 323.334 312.154 306.133 308.216 256.645 259.333 247.517 242.982 250.406 250.845 319.004 405.963 506.605 669.371 772.359 798.309 914.561 919.818 986.305 1073.153 1203.929 1106.007 1323.877 1329.732 1137.130 1165.432 1136.869 945.419 851.958 799.277 699.177 573.697 452.498 355.059 346.340 317.427 294.213 279.124 270.120 240.818 225.670 238.174 267.855 -999.250 -999.250 -999.250 -999.250 -999.250 -999.250 -999.250 -999.250 -999.250 -999.250 -999.250 -999.250 -999.250 -999.250 -999.250
175.652 175.759 166.223 211.515 244.865 249.840 261.663 279.226 269.114 260.244 265.525 264.037 253.693 268.623 265.026 328.570 370.346 440.947 570.940 787.907 897.693 988.480 1005.388 941.176 1220.100 1239.668 1267.089 1281.914 1357.644 1349.581 1336.099 1228.874 1164.512 1147.217 1001.956 763.964 703.693 646.034 593.243 439.578 379.689 322.887 294.151 293.244 258.363 242.433 249.074 221.833 249.685 257.485 -999.250 -999.250 -999.250 -999.250 -999.250 -999.250 -999.250 -999.250 -999.250 -999.250 -999.250 -999.250 -999.250 -999.250 -999.250
177.090 135.193 134.294 141.139 203.757 212.565 213.113 243.928 230.003 246.603 247.832 244.209 280.079 299.728 332.132 374.572 464.087 651.997 798.024 997.692 1106.557 1257.138 1205.375 1195.358 1284.057 1303.040 1351.162 1387.821 1297.761 1384.255 1300.208 1359.695 1256.809 1190.927 970.154 741.458 732.421 678.218 562.850 426.467 352.147 304.472 283.963 244.434 245.899 233.241 213.587 248.475 238.216 -999.250 -999.250 -999.250 -999.250 -999.250 -999.250 -999.250 -999.250 -999.250 -999.250 -999.250 -999.250 -999.250 -999.250 -999.250 -999.250
139.694 114.239 64.718 113.964 144.560 155.791 184.086 188.885 234.701 231.011 242.337 265.130 280.488 323.138 353.597 429.507 649.684 771.426 1005.085 1205.763 1392.970 1448.827 1358.243 1327.535 1353.601 1442.086 1526.301 1435.733 1516.054 1422.643 1415.640 1443.645 1305.439 1244.722 1086.264 989.998 733.162 469.187 491.452 389.181 357.457 274.624 247.099 231.027 230.257 249.390 252.898 232.325 259.974 -999.250 -999.250 -999.250 -999.250 -999.250 -999.250 -999.250 -999.250 -999.250 -999.250 -999.250 -999.250 -999.250 -999.250 -999.250 -999.250
159.198 124.105 95.577 112.712 138.381 139.707 152.033 194.387 224.093 199.048 222.625 248.372 290.824 331.770 374.942 493.044 707.606 947.503 1143.047 1421.222 1762.554 1530.985 1445.557 1575.922 1417.585 1601.437 1684.292 1645.541 1503.621 1556.798 1591.908 1407.036 1389.362 1234.449 1007.168 888.922 700.066 529.603 467.859 386.227 289.658 252.087 197.424 210.963 215.783 219.577 230.543 266.187 284.539 -999.250 -999.250 -999.250 -999.250 -999.250 -999.250 -999.250 -999.250 -999.250 -999.250 -999.250 -999.250 -999.250 -999.250 -999.250 -999.250
173.207 151.049 135.630 135.838 138.865 137.532 143.437 174.258 183.897 207.072 242.577 260.306 301.091 352.899 395.790 587.578 743.571 998.566 1133.792 1335.442 1586.928 1539.637 1678.639 1648.019 1610.635 1518.165 1600.762 1684.349 1579.830 1534.017 1663.387 1399.573 1358.285 1133.526 959.813 865.724 783.604 483.405 401.612 353.207 242.953 216.567 185.881 175.865 167.632 210.478 218.388 249.000 281.770 287.482 -999.250 -999.250 -999.250 -999.250 -999.250 -999.250 -999.250 -999.250 -999.250 -999.250 -999.250 -999.250 -999.250 -999.250 -999.250
192.992 171.596 168.327 149.557 152.380 146.859 145.060 170.279 192.803 220.759 241.303 264.972 313.074 365.143 429.314 570.504 724.180 993.712 1120.811 1310.627 1351.933 1521.844 1447.325 1369.612 1528.888 1534.688 1558.517 1634.630 1599.362 1563.698 1582.329 1491.780 1150.224 1101.307 948.277 653.366 634.973 471.448 378.222 291.353 212.110 148.963 151.127 130.034 151.883 209.742 223.792 261.944 260.751 287.878 331.045 -999.250 -999.250 -999.250 -999.250 -999.250 -999.250 -999.250 -999.250 -999.250 -999.250 -999.250 -999.250 -999.250 -999.250
216.659 194.269 181.309 165.812 157.369 146.041 151.054 161.625 193.052 235.202 259.024 270.000 307.445 369.755 427.782 547.825 783.005 920.136 1084.294 1194.270 1271.340 1420.387 1331.537 1397.823 1398.037 1460.807 1548.655 1644.432 1906.846 1673.535 1559.226 1439.775 1204.578 985.640 808.463 672.542 473.231 402.287 326.904 216.209 155.793 125.714 115.240 118.827 146.689 193.384 227.923 261.218 271.811 294.821 305.526 342.341 -999.250 -999.250 -999.250 -999.250 -999.250 -999.250 -999.250 -999.250 -999.250 -999.250 -999.250 -999.250 -999.250
200.079 200.683 158.772 173.531 177.748 148.422 150.782 161.014 175.405 209.155 239.009 257.058 342.933 363.534 405.027 517.458 658.184 843.709 1029.780 1114.371 1200.817 1161.740 1252.326 1296.425 1310.128 1460.251 1384.220 1575.228 1675.888 1669.407 1504.577 1392.037 1229.993 965.283 774.617 648.127 482.971 383.924 258.732 141.710 113.818 97.625 104.514 122.291 137.260 188.224 218.712 262.873 273.009 343.304 353.412 -999.250 -999.250 -999.250 -999.250 -999.250 -999.250 -999.250 -999.250 -999.250 -999.250 -999.250 -999.250 -999.250 -999.250
194.544 206.660 165.236 166.558 158.065 162.308 156.973 149.499 195.041 222.814 241.606 284.847 326.065 348.314 371.875 507.282 645.168 783.879 869.466 908.921 1004.114 1041.724 1074.619 976.601 1196.226 1294.988 1331.426 1547.562 1495.519 1387.241 1445.728 1358.745 1117.084 969.556 715.580 637.994 434.151 354.005 273.585 170.772 128.781 96.198 83.743 114.810 128.818 194.878 224.203 231.543 305.521 320.191 346.754 379.288 -999.250 -999.250 -999.250 -999.250 -999.250 -999.250 -999.250 -999.250 -999.250 -999.250 -999.250 -999.250 -999.250
204.637 198.074 194.241 183.071 159.609 160.558 165.351 174.162 176.692 230.411 253.571 264.709 332.832 340.816 388.323 432.301 559.349 734.713 802.446 801.222 801.240 821.094 802.016 898.000 995.504 1115.902 1208.241 1302.927 1212.445 1382.971 1263.973 1197.286 1084.860 849.121 746.896 651.323 407.571 332.071 255.075 165.380 130.847 86.986 96.482 124.422 130.961 173.171 218.887 265.139 304.743 346.415 -999.250 -999.250 -999.250 -999.250 -999.250 -999.250 -999.250 -999.250 -999.250 -999.250 -999.250 -999.250 -999.250 -999.250 -999.250
201.486 208.125 202.642 187.781 172.771 144.366 178.575 199.719 207.976 211.878 229.634 247.139 274.803 311.706 382.232 402.753 463.347 564.898 626.005 694.191 664.207 579.340 609.810 710.194 779.589 1004.513 1179.115 1132.548 1154.127 1112.329 1145.402 1066.572 892.206 849.925 664.596 484.413 392.772 347.744 256.680 179.449 122.675 101.440 89.085 134.900 155.227 206.139 239.745 297.190 330.240 -999.250 -999.250 -999.250 -999.250 -999.250 -999.250 -999.250 -999.250 -999.250 -999.250 -999.250 -999.250 -999.250 -999.250 -999.250 -999.250
185.873 192.027 190.228 157.583 174.579 151.887 171.873 174.466 197.308 209.158 221.239 250.737 266.056 305.679 328.920 362.652 389.287 465.518 470.637 451.356 501.142 473.125 425.332 541.990 672.627 794.565 955.829 998.772 1114.965 1064.487 1046.904 963.686 803.855 783.228 564.337 441.320 364.075 290.952 236.266 164.244 109.873 101.566 98.781 137.017 166.653 211.086 282.318 311.083 326.775 -999.250 -999.250 -999.250 -999.250 -999.250 -999.250 -999.250 -999.250 -999.250 -999.250 -999.250 -999.250 -999.250 -999.250 -999.250 -999.250
157.355 172.152 179.080 180.298 195.493 174.446 191.085 216.532 210.166 220.671 246.854 221.142 254.319 305.882 323.583 300.397 345.020 369.286 387.788 408.290 418.984 417.950 431.323 470.612 559.298 672.414 801.890 957.860 923.012 1041.503 938.717 893.824 595.821 566.806 453.274 366.424 335.531 274.717 216.627 184.282 125.862 102.632 126.930 137.033 217.630 221.952 272.698 312.458 -999.250 -999.250 -999.250 -999.250 -999.250 -999.250 -999.250 -999.250 -999.250 -999.250 -999.250 -999.250 -999.250 -999.250 -999.250 -999.250 -999.250
156.536 166.630 195.359 182.290 204.883 187.045 209.728 223.901 201.199 227.451 221.390 239.388 260.627 265.005 310.412 299.197 298.344 355.501 378.165 375.057 402.717 426.347 459.156 503.442 529.627 713.608 736.833 883.555 858.193 880.337 775.777 734.515 528.376 456.145 413.657 316.566 274.920 244.873 178.450 157.762 122.947 121.328 126.801 160.528 -999.250 -999.250 -999.250 -999.250 -999.250 -999.250 -999.250 -999.250 -999.250 -999.250 -999.250 -999.250 -999.250 -999.250 -999.250 -999.250 -999.250 -999.250 -999.250 -999.250 -999.250
138.453 175.225 182.414 188.077 196.747 188.430 179.435 219.140 229.861 233.994 227.011 260.800 245.442 245.210 255.498 297.412 320.852 361.077 343.124 388.104 416.258 408.046 488.687 481.234 599.120 600.128 693.862 761.322 847.407 821.714 730.458 605.271 476.896 426.864 380.795 316.390 246.087 220.140 134.689 151.458 142.269 122.275 -999.250 -999.250 -999.250 -999.250 -999.250 -999.250 -999.250 -999.250 -999.250 -999.250 -999.250 -999.250 -999.250 -999.250 -999.250 -999.250 -999.250 -999.250 -999.250 -999.250 -999.250 -999.250 -999.250
134.691 164.528 198.388 205.381 215.271 199.877 215.697 236.488 242.923 237.370 262.923 279.601 271.581 280.200 281.620 304.466 319.838 365.127 360.044 420.416 409.731 430.490 523.626 591.542 564.244 649.714 718.660 763.885 770.158 739.287 643.082 544.514 485.615 420.966 397.253 292.529 245.529 200.764 149.720 145.144 125.344 152.870 -999.250 -999.250 -999.250 -999.250 -999.250 -999.250 -999.250 -999.250 -999.250 -999.250 -999.250 -999.250 -999.250 -999.250 -999.250 -999.250 -999.250 -999.250 -999.250 -999.250 -999.250 -999.250 -999.250
138.146 159.880 187.455 210.748 210.063 222.658 209.920 243.361 231.019 247.013 243.638 265.529 283.101 305.300 295.125 303.983 356.627 369.244 379.196 405.044 427.084 484.303 564.816 601.559 572.228 594.798 629.375 591.425 679.277 671.913 543.374 480.736 476.231 420.932 348.182 317.707 231.829 183.047 142.301 128.035 131.924 174.244 -999.250 -999.250 -999.250 -999.250 -999.250 -999.250 -999.250 -999.250 -999.250 -999.250 -999.250 -999.250 -999.250 -999.250 -999.250 -999.250 -999.250 -999.250 -999.250 -999.250 -999.250 -999.250 -999.250
142.854 164.556 206.736 199.279 213.808 215.690 234.477 242.106 256.235 255.389 279.212 270.414 316.037 304.878 307.870 336.073 353.240 365.091 400.304 431.213 465.776 589.258 686.847 672.435 602.051 678.419 637.971 634.067 598.143 600.469 548.123 485.307 461.332 425.794 367.325 327.133 240.883 206.637 147.214 142.093 159.282 185.983 -999.250 -999.250 -999.250 -999.250 -999.250 -999.250 -999.250 -999.250 -999.250 -999.250 -999.250 -999.250 -999.250 -999.250 -999.250 -999.250 -999.250 -999.250 -999.250 -999.250 -999.250 -999.250 -999.250
147.375 179.675 208.634 208.680 207.652 234.824 253.961 243.810 275.028 273.308 250.247 341.772 312.805 301.437 342.900 350.096 366.496 354.874 402.899 445.076 517.382 638.482 739.762 694.343 685.912 765.747 680.859 619.883 585.702 643.991 552.131 511.572 485.600 432.833 381.491 360.663 283.253 242.997 209.247 201.591 204.603 242.248 -999.250 -999.250 -999.250 -999.250 -999.250 -999.250 -999.250 -999.250 -999.250 -999.250 -999.250 -999.250 -999.250 -999.250 -999.250 -999.250 -999.250 -999.250 -999.250 -999.250 -999.250 -999.250 -999.250
149.602 192.580 212.538 226.599 223.935 230.507 253.324 262.562 278.505 290.947 303.587 327.075 360.343 327.820 363.703 368.561 410.375 402.221 491.446 514.638 573.868 643.220 728.100 735.897 679.525 631.409 617.859 646.942 629.763 633.607 634.435 553.031 555.672 522.782 423.885 360.665 334.331 307.063 278.608 285.013 269.608 266.348 -999.250 -999.250 -999.250 -999.250 -999.250 -999.250 -999.250 -999.250 -999.250 -999.250 -999.250 -999.250 -999.250 -999.250 -999.250 -999.250 -999.250 -999.250 -999.250 -999.250 -999.250 -999.250 -999.250
191.133 184.081 216.048 209.858 237.001 240.642 246.933 288.827 280.482 284.962 268.605 312.216 339.313 380.021 395.409 390.540 410.573 470.047 503.932 539.439 663.969 684.900 724.333 667.390 686.569 692.944 674.858 663.896 608.954 658.680 595.868 650.952 503.455 523.959 436.143 426.208 397.414 387.427 341.819 354.200 335.352 323.086 313.564 310.103 -999.250 -999.250 -999.250 -999.250 -999.250 -999.250 -999.250 -999.250 -999.250 -999.250 -999.250 -999.250 -999.250 -999.250 -999.250 -999.250 -999.250 -999.250 -999.250 -999.250 -999.250
163.925 201.645 202.435 218.258 220.055 222.938 259.004 269.466 291.883 300.069 309.180 308.087 351.422 388.417 415.912 373.723 418.232 514.262 598.039 562.214 643.588 692.823 675.726 711.067 736.122 746.871 775.318 715.452 685.100 635.800 670.244 649.387 518.050 528.166 527.272 467.396 426.517 465.305 469.993 432.713 417.040 400.977 378.736 380.584 364.568 348.375 -999.250 -999.250 -999.250 -999.250 -999.250 -999.250 -999.250 -999.250 -999.250 -999.250 -999.250 -999.250 -999.250 -999.250 -999.250 -999.250 -999.250 -999.250 -999.250
167.928 192.143 204.332 212.633 226.064 231.949 236.230 244.084 264.959 283.128 292.842 310.354 326.844 386.958 367.282 392.029 455.949 557.911 552.320 625.415 717.124 710.272 729.373 731.772 748.734 743.738 706.886 701.058 677.482 609.925 568.370 627.098 582.123 635.774 531.489 505.235 499.560 630.784 520.379 519.004 575.431 466.501 412.104 425.961 414.004 408.012 -999.250 -999.250 -999.250 -999.250 -999.250 -999.250 -999.250 -999.250 -999.250 -999.250 -999.250 -999.250 -999.250 -999.250 -999.250 -999.250 -999.250 -999.250 -999.250
154.684 175.966 178.721 202.670 228.221 226.900 261.693 249.801 259.181 273.819 286.376 301.139 319.485 354.795 383.543 401.919 476.385 542.562 609.570 582.125 641.806 660.405 646.040 770.506 695.412 742.727 634.620 689.421 669.553 641.085 675.975 659.663 664.134 625.387 721.252 577.675 738.897 615.565 653.277 569.756 604.616 580.533 527.496 471.005 458.316 425.722 408.626 -999.250 -999.250 -999.250 -999.250 -999.250 -999.250 -999.250 -999.250 -999.250 -999.250 -999.250 -999.250 -999.250 -999.250 -999.250 -999.250 -999.250 -999.250
