data/medianmodel_17-May-2020.asc
ncols	141
nrows	288
xllcorner	-120191.398
yllcorner	-301404.813
cellsize	2000.000
NODATA_value	-999.250
[rows 248 to 278 of 288, columns 0 to 68 of 141]
-999.250 -999.250 -999.250 -999.250 -999.250 -999.250 -999.250 -999.250 -999.250 -999.250 -999.250 -999.250 -999.250 -999.250 -999.250 -999.250 -999.250 -999.250 -999.250 -999.250 -999.250 -999.250 -999.250 -999.250 -999.250 -999.250 -999.250 -999.250 -999.250 -999.250 6.742 8.181 8.601 6.237 6.949 5.528 6.196 6.080 7.289 7.662 7.419 6.022 6.582 5.868 4.868 4.100 5.109 5.560 5.379 3.999 2.825 2.472 1.008 0.000 0.000 0.000 0.000 0.000 0.000 0.080 0.822 1.571 2.226 3.095 4.633 4.856 4.315 5.012 2.774
-999.250 -999.250 -999.250 -999.250 -999.250 -999.250 -999.250 -999.250 -999.250 -999.250 -999.250 -999.250 -999.250 -999.250 -999.250 -999.250 -999.250 -999.250 -999.250 -999.250 -999.250 -999.250 -999.250 -999.250 -999.250 -999.250 -999.250 -999.250 -999.250 -999.250 8.447 10.300 8.623 8.091 9.668 7.590 6.796 5.100 5.090 7.840 5.843 5.793 5.003 5.220 6.052 3.259 3.309 3.748 4.809 4.747 4.330 2.736 1.073 0.000 0.000 0.000 0.000 0.000 0.538 1.772 2.464 2.588 3.347 3.607 4.909 5.794 5.121 3.167 3.328
-999.250 -999.250 -999.250 -999.250 -999.250 -999.250 -999.250 -999.250 -999.250 -999.250 -999.250 -999.250 -999.250 -999.250 -999.250 -999.250 -999.250 -999.250 -999.250 -999.250 -999.250 -999.250 -999.250 -999.250 -999.250 -999.250 -999.250 -999.250 -999.250 -999.250 11.177 9.065 9.534 7.150 8.294 8.409 7.985 5.688 5.590 6.908 4.262 3.416 2.598 4.830 4.112 4.524 2.246 5.064 4.485 4.344 5.206 3.196 2.809 1.218 0.587 1.615 1.125 0.066 2.302 2.020 2.380 5.522 5.679 4.533 5.009 4.256 4.864 4.504 3.770
-999.250 -999.250 -999.250 -999.250 -999.250 -999.250 -999.250 -999.250 -999.250 -999.250 -999.250 -999.250 -999.250 -999.250 -999.250 -999.250 -999.250 -999.250 -999.250 -999.250 -999.250 -999.250 -999.250 -999.250 -999.250 -999.250 -999.250 -999.250 -999.250 -999.250 9.182 8.998 7.862 6.500 9.056 7.796 5.853 4.692 6.881 8.092 3.446 4.345 6.397 4.848 6.174 6.366 4.398 5.966 5.443 6.130 7.793 2.438 3.658 3.615 3.249 3.492 1.542 2.267 3.755 4.815 5.734 5.959 7.055 5.686 5.309 6.437 4.988 5.400 5.818
-999.250 -999.250 -999.250 -999.250 -999.250 -999.250 -999.250 -999.250 -999.250 -999.250 -999.250 -999.250 -999.250 -999.250 -999.250 -999.250 -999.250 -999.250 -999.250 -999.250 -999.250 -999.250 -999.250 -999.250 -999.250 -999.250 -999.250 -999.250 -999.250 6.720 8.638 8.414 8.426 6.659 6.559 7.630 6.338 4.755 5.521 5.058 5.762 5.548 5.492 5.156 4.822 5.804 6.273 4.681 4.789 5.803 6.704 4.527 2.968 3.095 6.016 3.993 3.639 1.921 5.232 5.054 8.339 7.069 8.707 5.938 6.148 6.697 5.103 4.261 5.987
-999.250 -999.250 -999.250 -999.250 -999.250 -999.250 -999.250 -999.250 -999.250 -999.250 -999.250 -999.250 -999.250 -999.250 -999.250 -999.250 -999.250 -999.250 -999.250 -999.250 -999.250 -999.250 -999.250 -999.250 -999.250 -999.250 -999.250 -999.250 -999.250 -999.250 8.362 9.883 9.679 5.857 4.362 5.868 4.974 4.027 5.950 4.791 3.526 5.493 3.034 4.746 5.837 7.914 5.198 6.031 5.931 4.984 5.759 3.970 2.168 5.786 5.676 5.425 4.948 6.172 5.171 5.165 7.246 9.051 8.818 6.695 8.154 7.417 6.394 5.110 5.766
-999.250 -999.250 -999.250 -999.250 -999.250 -999.250 -999.250 -999.250 -999.250 -999.250 -999.250 -999.250 -999.250 -999.250 -999.250 -999.250 -999.250 -999.250 -999.250 -999.250 -999.250 -999.250 -999.250 -999.250 -999.250 -999.250 -999.250 -999.250 -999.250 -999.250 10.291 6.285 8.588 7.772 6.900 4.942 3.507 2.591 4.387 4.451 4.637 3.778 4.041 4.878 6.557 6.509 6.801 7.390 5.255 4.185 5.598 4.997 4.736 7.983 6.693 7.843 6.151 8.420 6.745 5.383 7.702 6.907 11.500 8.510 9.335 7.665 7.507 8.058 7.905
-999.250 -999.250 -999.250 -999.250 -999.250 -999.250 -999.250 -999.250 -999.250 -999.250 -999.250 -999.250 -999.250 -999.250 -999.250 -999.250 -999.250 -999.250 -999.250 -999.250 -999.250 -999.250 -999.250 -999.250 -999.250 -999.250 -999.250 -999.250 -999.250 -999.250 -999.250 7.800 8.938 7.176 7.330 4.988 3.865 3.818 4.444 4.931 5.710 4.506 6.824 5.014 5.418 7.200 7.219 9.325 7.011 5.450 6.547 6.320 11.473 9.442 9.576 9.499 8.146 7.531 6.594 6.599 7.267 7.942 10.932 11.413 8.758 7.613 8.275 6.920 7.444
-999.250 -999.250 -999.250 -999.250 -999.250 -999.250 -999.250 -999.250 -999.250 -999.250 -999.250 -999.250 -999.250 -999.250 -999.250 -999.250 -999.250 -999.250 -999.250 -999.250 -999.250 -999.250 -999.250 -999.250 -999.250 -999.250 -999.250 -999.250 -999.250 -999.250 -999.250 7.667 8.309 7.583 8.021 4.684 5.973 4.995 5.934 6.364 5.859 6.901 8.048 5.394 4.291 3.546 6.061 6.431 7.156 8.406 9.145 8.901 10.034 11.510 11.879 9.242 8.711 5.579 4.976 7.517 8.372 10.961 12.653 11.612 11.321 8.819 11.305 9.897 8.543
-999.250 -999.250 -999.250 -999.250 -999.250 -999.250 -999.250 -999.250 -999.250 -999.250 -999.250 -999.250 -999.250 -999.250 -999.250 -999.250 -999.250 -999.250 -999.250 -999.250 -999.250 -999.250 -999.250 -999.250 -999.250 -999.250 -999.250 -999.250 -999.250 -999.250 6.574 7.399 10.089 8.747 6.236 6.217 3.705 4.660 4.695 5.109 7.172 6.282 5.505 4.179 4.854 6.197 5.542 6.113 6.968 8.428 9.797 10.175 13.363 8.162 8.471 8.798 6.862 7.683 4.632 4.807 9.080 11.832 11.992 10.428 14.870 11.949 11.241 10.523 7.849
-999.250 -999.250 -999.250 -999.250 -999.250 -999.250 -999.250 -999.250 -999.250 -999.250 -999.250 -999.250 -999.250 -999.250 -999.250 -999.250 -999.250 -999.250 -999.250 -999.250 -999.250 -999.250 -999.250 -999.250 -999.250 -999.250 -999.250 -999.250 -999.250 -999.250 9.667 7.476 7.381 6.710 7.372 4.222 5.996 5.375 5.511 6.014 6.612 5.782 6.424 5.324 6.752 8.089 5.876 6.062 8.214 9.326 8.921 9.951 12.716 10.684 8.177 7.601 8.733 8.204 7.119 7.383 11.345 11.216 13.149 13.233 13.585 13.816 11.166 9.350 7.134
-999.250 -999.250 -999.250 -999.250 -999.250 -999.250 -999.250 -999.250 -999.250 -999.250 -999.250 -999.250 -999.250 -999.250 -999.250 -999.250 -999.250 -999.250 -999.250 -999.250 -999.250 -999.250 -999.250 -999.250 -999.250 -999.250 -999.250 -999.250 -999.250 -999.250 6.800 7.877 5.949 5.374 6.049 5.295 5.484 6.028 6.599 6.643 5.775 6.195 5.857 5.896 4.191 6.562 6.188 5.003 6.746 11.019 12.788 11.385 8.691 10.459 10.280 5.770 6.286 7.314 10.877 11.548 11.001 12.032 8.668 11.522 14.136 13.416 11.705 8.934 7.218
-999.250 -999.250 -999.250 -999.250 -999.250 -999.250 -999.250 -999.250 -999.250 -999.250 -999.250 -999.250 -999.250 -999.250 -999.250 -999.250 -999.250 -999.250 -999.250 -999.250 -999.250 -999.250 -999.250 -999.250 -999.250 -999.250 -999.250 -999.250 -999.250 -999.250 4.333 4.049 5.303 4.066 7.407 6.043 4.808 5.955 6.352 4.737 5.453 4.312 6.838 7.019 5.910 7.195 6.625 5.310 8.050 12.848 12.322 10.620 11.301 11.173 8.454 11.718 7.320 8.313 9.473 13.105 13.190 8.638 10.007 10.925 10.655 10.041 10.244 11.312 7.730
-999.250 -999.250 -999.250 -999.250 -999.250 -999.250 -999.250 -999.250 -999.250 -999.250 -999.250 -999.250 -999.250 -999.250 -999.250 -999.250 -999.250 -999.250 -999.250 -999.250 -999.250 -999.250 -999.250 -999.250 -999.250 -999.250 -999.250 -999.250 -999.250 -999.250 5.373 5.850 5.075 3.398 4.293 7.093 6.523 5.846 5.101 6.478 4.321 4.086 3.376 6.011 4.768 5.951 7.986 5.862 11.647 12.070 9.675 11.895 9.165 10.532 9.258 8.957 10.679 11.073 11.161 9.887 14.063 12.538 8.244 8.441 9.051 7.961 7.319 9.415 9.153
-999.250 -999.250 -999.250 -999.250 -999.250 -999.250 -999.250 -999.250 -999.250 -999.250 -999.250 -999.250 -999.250 -999.250 -999.250 -999.250 -999.250 -999.250 -999.250 -999.250 -999.250 -999.250 -999.250 -999.250 -999.250 -999.250 -999.250 -999.250 -999.250 -999.250 4.733 3.644 3.882 2.888 2.949 8.086 7.639 5.585 4.218 3.729 3.430 2.170 3.706 2.339 2.087 4.161 5.914 7.261 9.709 12.936 10.050 9.135 8.097 8.252 10.989 13.981 15.007 12.946 9.597 11.718 10.506 13.389 8.322 9.098 8.110 7.016 7.848 8.581 10.277
-999.250 -999.250 -999.250 -999.250 -999.250 -999.250 -999.250 -999.250 -999.250 -999.250 -999.250 -999.250 -999.250 -999.250 -999.250 -999.250 -999.250 -999.250 -999.250 -999.250 -999.250 -999.250 -999.250 -999.250 -999.250 -999.250 -999.250 -999.250 -999.250 3.182 3.569 4.192 3.728 2.408 3.615 5.035 6.226 3.733 3.627 2.397 1.386 1.815 2.762 2.129 3.644 3.483 6.374 8.384 8.806 6.439 9.271 10.005 10.231 8.827 11.691 14.634 15.943 15.314 10.830 13.020 10.283 10.140 9.575 9.758 9.530 8.733 8.829 9.739 7.486
-999.250 -999.250 -999.250 -999.250 -999.250 -999.250 -999.250 -999.250 -999.250 -999.250 -999.250 -999.250 -999.250 -999.250 -999.250 -999.250 -999.250 -999.250 -999.250 -999.250 -999.250 -999.250 -999.250 -999.250 -999.250 -999.250 -999.250 -999.250 -999.250 2.383 2.352 4.222 3.283 3.733 4.633 1.527 2.603 3.806 2.105 2.313 2.102 1.078 1.818 2.022 4.074 3.955 6.043 5.390 8.720 8.855 10.907 11.480 8.249 9.171 9.823 13.368 13.995 14.880 12.330 12.015 7.968 10.951 10.673 9.874 9.150 7.550 8.858 9.474 6.875
-999.250 -999.250 -999.250 -999.250 -999.250 -999.250 -999.250 -999.250 -999.250 -999.250 -999.250 -999.250 -999.250 -999.250 -999.250 -999.250 -999.250 -999.250 -999.250 -999.250 -999.250 -999.250 -999.250 -999.250 -999.250 -999.250 -999.250 -999.250 0.906 0.000 0.012 2.206 2.633 2.572 4.775 2.557 2.068 1.946 1.674 0.499 0.000 0.495 1.115 0.966 2.271 4.206 3.821 4.831 5.988 10.658 10.918 11.529 9.935 9.565 8.668 12.862 13.429 16.121 14.607 13.765 10.266 8.889 10.750 6.797 7.831 7.213 8.369 8.202 10.139
-999.250 -999.250 -999.250 -999.250 -999.250 -999.250 -999.250 -999.250 -999.250 -999.250 -999.250 -999.250 -999.250 -999.250 -999.250 -999.250 -999.250 -999.250 -999.250 -999.250 -999.250 -999.250 -999.250 -999.250 -999.250 -999.250 -999.250 -999.250 0.178 0.000 0.093 0.285 0.579 1.721 1.779 0.904 0.430 1.639 2.156 0.000 0.000 0.000 0.104 1.731 3.141 2.418 2.695 3.902 6.657 13.122 10.634 10.965 15.443 11.272 9.309 11.360 11.603 9.627 12.616 9.503 10.119 9.181 11.513 7.490 8.499 8.559 9.359 9.167 8.625
-999.250 -999.250 -999.250 -999.250 -999.250 -999.250 -999.250 -999.250 -999.250 -999.250 -999.250 -999.250 -999.250 -999.250 -999.250 -999.250 -999.250 -999.250 -999.250 -999.250 -999.250 -999.250 -999.250 -999.250 -999.250 -999.250 -999.250 0.000 0.000 0.000 0.000 0.000 0.020 0.385 0.000 0.000 0.157 1.107 0.000 0.000 0.000 0.000 0.000 1.224 0.237 3.493 3.457 4.658 7.839 8.248 10.537 12.244 14.163 11.868 11.964 10.990 9.305 9.615 10.170 5.631 6.825 9.082 9.412 5.405 9.068 10.296 9.643 7.233 7.411
-999.250 -999.250 -999.250 -999.250 -999.250 -999.250 -999.250 -999.250 -999.250 -999.250 -999.250 -999.250 -999.250 -999.250 -999.250 -999.250 -999.250 -999.250 -999.250 -999.250 -999.250 -999.250 -999.250 -999.250 -999.250 -999.250 -999.250 0.000 0.000 0.000 0.000 0.000 0.333 0.894 1.232 0.622 0.189 0.070 0.000 0.000 0.000 0.000 0.000 0.000 1.586 2.932 3.412 3.977 8.443 9.154 9.710 13.133 13.544 13.281 14.051 11.275 10.547 10.666 9.117 7.452 7.841 10.115 8.343 8.752 8.740 8.725 10.552 8.776 6.029
-999.250 -999.250 -999.250 -999.250 -999.250 -999.250 -999.250 -999.250 -999.250 -999.250 -999.250 -999.250 -999.250 -999.250 -999.250 -999.250 -999.250 -999.250 -999.250 -999.250 -999.250 -999.250 -999.250 -999.250 -999.250 -999.250 -999.250 0.000 0.000 0.000 0.000 0.306 0.169 0.555 1.968 0.604 1.484 0.039 1.155 0.000 0.000 0.696 1.139 2.175 1.070 2.707 5.788 8.214 6.941 9.195 10.828 12.017 11.390 12.614 13.711 11.126 10.042 8.447 7.524 8.265 9.678 6.370 5.895 7.636 8.308 9.008 9.175 9.011 8.780
-999.250 -999.250 -999.250 -999.250 -999.250 -999.250 -999.250 -999.250 -999.250 -999.250 -999.250 -999.250 -999.250 -999.250 -999.250 -999.250 -999.250 -999.250 -999.250 -999.250 -999.250 -999.250 -999.250 -999.250 -999.250 -999.250 -999.250 0.000 0.000 0.632 0.027 1.074 1.389 1.186 2.365 1.841 0.593 1.160 0.824 1.044 0.127 2.064 0.429 0.512 1.869 5.376 4.763 6.909 7.695 8.141 8.101 7.921 9.535 11.554 11.245 8.918 12.438 10.771 9.644 9.577 9.123 6.192 7.731 5.614 7.683 11.069 11.204 10.606 8.751
-999.250 -999.250 -999.250 -999.250 -999.250 -999.250 -999.250 -999.250 -999.250 -999.250 -999.250 -999.250 -999.250 -999.250 -999.250 -999.250 -999.250 -999.250 -999.250 -999.250 -999.250 -999.250 -999.250 -999.250 -999.250 -999.250 -999.250 0.906 1.762 1.577 0.494 1.848 1.778 1.524 2.408 0.461 2.639 1.035 0.992 0.706 1.887 1.623 0.011 1.415 4.252 3.166 5.210 5.784 7.068 8.739 8.229 9.030 9.092 9.552 8.464 9.955 10.206 13.166 11.275 12.482 7.508 7.056 9.947 8.443 9.286 11.647 6.382 6.790 9.407
-999.250 -999.250 -999.250 -999.250 -999.250 -999.250 -999.250 -999.250 -999.250 -999.250 -999.250 -999.250 -999.250 -999.250 -999.250 -999.250 -999.250 -999.250 -999.250 -999.250 -999.250 -999.250 -999.250 -999.250 -999.250 -999.250 -999.250 1.972 1.983 3.633 2.344 3.664 1.494 0.871 0.222 2.524 0.972 0.891 3.863 2.250 0.552 1.130 2.716 0.780 2.806 3.266 1.916 3.088 6.535 6.106 7.065 9.835 9.164 8.038 10.359 11.136 12.896 10.678 8.727 11.962 10.827 9.325 9.663 9.714 9.820 9.762 6.185 8.634 8.989
-999.250 -999.250 -999.250 -999.250 -999.250 -999.250 -999.250 -999.250 -999.250 -999.250 -999.250 -999.250 -999.250 -999.250 -999.250 -999.250 -999.250 -999.250 -999.250 -999.250 -999.250 -999.250 -999.250 -999.250 -999.250 -999.250 0.000 0.216 0.000 3.447 4.269 1.745 2.322 1.510 0.694 1.835 2.577 3.888 2.202 2.016 3.282 2.534 3.227 2.417 1.865 2.685 3.030 2.387 3.376 4.109 6.992 10.874 9.825 10.966 12.399 15.408 13.846 11.234 11.255 11.503 10.475 10.577 9.267 7.697 8.954 8.067 7.364 9.182 8.192
-999.250 -999.250 -999.250 -999.250 -999.250 -999.250 -999.250 -999.250 -999.250 -999.250 -999.250 -999.250 -999.250 -999.250 -999.250 -999.250 -999.250 -999.250 -999.250 -999.250 -999.250 -999.250 -999.250 -999.250 -999.250 -999.250 0.000 0.331 1.623 3.791 1.535 2.205 2.594 2.632 0.398 2.513 1.713 2.433 2.382 4.535 3.310 4.182 3.900 3.477 0.705 3.005 2.832 0.857 1.652 2.790 3.221 7.711 8.841 8.389 12.316 12.792 11.472 11.165 10.850 9.734 9.322 9.854 10.638 7.485 6.927 5.851 7.193 7.397 6.339
-999.250 -999.250 -999.250 -999.250 -999.250 -999.250 -999.250 -999.250 -999.250 -999.250 -999.250 -999.250 -999.250 -999.250 -999.250 -999.250 -999.250 -999.250 -999.250 -999.250 -999.250 -999.250 -999.250 -999.250 -999.250 0.000 0.000 1.371 2.581 0.738 2.858 1.338 1.046 1.506 0.000 1.624 1.195 2.071 4.580 4.706 6.025 5.407 3.670 3.523 2.280 0.586 0.642 2.059 2.031 4.511 3.717 7.893 9.474 12.687 13.398 16.889 13.072 10.000 9.685 12.870 11.091 9.530 11.245 8.550 9.399 5.519 6.996 7.611 8.490
-999.250 -999.250 -999.250 -999.250 -999.250 -999.250 -999.250 -999.250 -999.250 -999.250 -999.250 -999.250 -999.250 -999.250 -999.250 -999.250 -999.250 -999.250 -999.250 -999.250 -999.250 -999.250 -999.250 -999.250 -999.250 0.000 1.268 0.420 1.414 1.200 2.077 2.555 1.169 1.265 0.000 0.524 1.275 1.707 3.709 2.589 2.924 3.649 1.778 4.057 3.805 2.547 1.208 0.698 1.608 4.405 4.376 6.950 8.318 13.239 14.472 14.479 15.382 13.763 13.941 10.748 10.280 11.139 13.311 10.259 12.290 10.157 10.710 9.313 10.512
-999.250 -999.250 -999.250 -999.250 -999.250 -999.250 -999.250 -999.250 -999.250 -999.250 -999.250 -999.250 -999.250 -999.250 -999.250 -999.250 -999.250 -999.250 -999.250 -999.250 -999.250 -999.250 -999.250 -999.250 -999.250 0.000 0.000 1.662 2.591 0.000 0.342 0.025 1.521 0.894 0.000 0.000 0.000 1.822 2.255 3.050 2.762 4.893 4.229 2.611 3.838 4.470 3.628 2.920 3.063 4.325 5.521 7.686 12.691 14.015 14.097 16.099 13.756 12.972 14.670 11.129 11.316 10.652 14.557 9.319 10.093 12.789 8.996 8.324 10.296
-999.250 -999.250 -999.250 -999.250 -999.250 -999.250 -999.250 -999.250 -999.250 -999.250 -999.250 -999.250 -999.250 -999.250 -999.250 -999.250 -999.250 -999.250 -999.250 -999.250 -999.250 -999.250 -999.250 -999.250 0.000 0.000 0.211 0.824 0.058 0.000 0.001 0.575 0.388 0.539 0.000 0.000 0.000 0.000 2.074 1.990 2.260 2.515 2.907 1.530 4.058 2.925 4.393 3.790 2.880 3.610 6.874 6.609 8.175 11.752 14.537 15.485 14.210 14.654 11.794 10.770 11.558 10.338 10.915 9.167 10.357 8.805 8.578 7.854 6.992
