data/medianmodel_22-Sep-2020.asc
ncols	141
nrows	288
xllcorner	-120191.398
yllcorner	-301404.813
cellsize	2000.000
NODATA_value	-999.250
[rows 90 to 119 of 288, columns 68 to 135 of 141]
66.400 62.030 70.082 70.762 63.475 57.966 55.381 46.159 39.303 35.080 31.486 31.429 24.693 28.757 32.292 18.759 11.938 4.653 0.278 0.000 0.000 0.000 0.000 1.182 1.850 4.746 7.497 9.454 11.524 11.755 10.488 5.562 5.033 1.523 0.001 0.000 0.000 0.000 0.000 0.000 0.000 0.000 0.000 0.000 0.000 0.000 0.000 6.141 -999.250 -999.250 -999.250 -999.250 -999.250 -999.250 -999.250 -999.250 -999.250 -999.250 -999.250 -999.250 -999.250 -999.250 -999.250 -999.250 -999.250 -999.250 -999.250 -999.250
58.574 58.274 60.843 59.586 60.999 52.742 52.401 47.718 39.770 34.008 30.446 27.960 28.082 29.695 27.791 18.903 13.425 7.150 2.438 0.000 0.000 0.000 0.000 2.379 7.251 10.230 11.101 11.848 12.312 11.925 12.026 7.748 6.633 4.984 0.189 0.000 0.000 0.000 0.000 0.000 0.000 0.000 0.000 0.000 0.000 0.000 0.000 -999.250 -999.250 -999.250 -999.250 -999.250 -999.250 -999.250 -999.250 -999.250 -999.250 -999.250 -999.250 -999.250 -999.250 -999.250 -999.250 -999.250 -999.250 -999.250 -999.250 -999.250
48.906 48.317 50.797 51.202 51.009 48.207 44.386 41.006 39.376 35.509 33.825 32.321 29.132 28.247 24.923 18.063 11.913 8.401 1.487 0.476 0.000 0.000 1.149 3.836 8.122 9.822 11.540 14.308 14.184 12.751 11.634 9.697 7.239 3.052 2.305 0.000 0.000 0.000 0.000 0.000 0.000 0.000 0.000 0.000 0.000 0.000 0.000 -999.250 -999.250 -999.250 -999.250 -999.250 -999.250 -999.250 -999.250 -999.250 -999.250 -999.250 -999.250 -999.250 -999.250 -999.250 -999.250 -999.250 -999.250 -999.250 -999.250 -999.250
38.203 41.706 44.502 41.367 45.102 44.186 43.945 34.463 37.787 37.239 34.357 31.656 27.377 24.358 21.123 16.171 11.014 5.385 1.786 0.052 2.277 4.317 3.434 6.398 8.379 12.298 12.416 13.407 14.694 13.445 11.070 9.380 7.595 3.048 3.573 0.000 0.000 0.000 0.000 0.000 0.000 0.000 0.000 0.000 0.000 0.000 -999.250 -999.250 -999.250 -999.250 -999.250 -999.250 -999.250 -999.250 -999.250 -999.250 -999.250 -999.250 -999.250 -999.250 -999.250 -999.250 -999.250 -999.250 -999.250 -999.250 -999.250 -999.250
31.970 33.567 35.287 36.173 38.605 41.209 38.251 35.554 35.165 35.870 34.528 33.992 29.359 27.759 19.780 14.092 7.769 2.232 0.000 2.038 3.646 6.608 5.859 8.720 11.199 13.111 11.600 14.498 15.077 13.761 12.981 11.941 9.746 6.461 5.452 1.305 0.000 0.000 0.000 0.000 0.000 0.000 0.000 0.000 0.000 0.670 -999.250 -999.250 -999.250 -999.250 -999.250 -999.250 -999.250 -999.250 -999.250 -999.250 -999.250 -999.250 -999.250 -999.250 -999.250 -999.250 -999.250 -999.250 -999.250 -999.250 -999.250 -999.250
23.771 28.479 29.143 29.130 31.376 33.927 36.471 34.001 31.579 34.693 36.027 36.226 30.626 23.539 16.604 12.141 4.686 0.000 0.000 0.000 0.000 4.365 7.318 11.493 13.390 13.496 13.245 13.657 16.387 15.484 14.646 11.587 10.471 8.022 7.420 1.527 0.000 0.000 0.000 0.000 0.000 0.000 0.000 0.000 1.600 3.350 -999.250 -999.250 -999.250 -999.250 -999.250 -999.250 -999.250 -999.250 -999.250 -999.250 -999.250 -999.250 -999.250 -999.250 -999.250 -999.250 -999.250 -999.250 -999.250 -999.250 -999.250 -999.250
18.568 19.458 22.294 22.284 29.053 29.131 30.162 29.896 30.920 34.259 34.511 40.478 30.561 20.312 15.392 8.741 2.361 0.000 0.000 0.000 0.000 5.193 9.249 13.279 15.977 14.483 18.411 18.204 17.148 16.005 14.708 13.415 12.373 10.168 6.927 1.335 0.000 0.000 0.000 0.000 0.000 0.000 1.097 3.804 3.928 6.416 6.550 -999.250 -999.250 -999.250 -999.250 -999.250 -999.250 -999.250 -999.250 -999.250 -999.250 -999.250 -999.250 -999.250 -999.250 -999.250 -999.250 -999.250 -999.250 -999.250 -999.250 -999.250
14.539 14.355 13.981 17.524 19.848 20.642 24.255 24.045 27.855 29.745 32.265 33.395 25.335 18.767 12.288 9.041 4.762 0.228 0.000 0.000 2.710 5.562 11.183 14.571 17.225 21.524 21.503 21.773 19.594 17.589 16.018 16.772 14.032 10.813 6.606 1.752 0.000 0.000 0.000 0.000 0.000 3.797 6.939 6.522 5.593 8.220 8.879 8.726 -999.250 -999.250 -999.250 -999.250 -999.250 -999.250 -999.250 -999.250 -999.250 -999.250 -999.250 -999.250 -999.250 -999.250 -999.250 -999.250 -999.250 -999.250 -999.250 -999.250
11.316 11.263 12.738 14.717 16.902 19.114 19.699 22.960 24.948 25.593 26.830 25.697 24.160 16.374 14.557 8.888 5.766 0.093 0.000 2.753 4.844 7.356 13.341 17.103 22.441 31.260 28.899 27.546 25.629 25.309 25.389 20.379 14.425 12.571 7.018 0.426 0.000 0.000 3.060 4.758 6.005 9.033 7.933 10.431 10.807 10.579 10.328 12.611 13.271 -999.250 -999.250 -999.250 -999.250 -999.250 -999.250 -999.250 -999.250 -999.250 -999.250 -999.250 -999.250 -999.250 -999.250 -999.250 -999.250 -999.250 -999.250 -999.250
9.921 9.571 9.698 12.597 15.582 16.300 18.085 21.111 21.229 22.854 22.530 24.024 19.468 16.406 11.449 10.018 7.406 3.607 4.111 6.764 8.554 10.833 16.199 21.725 26.715 29.404 29.168 28.727 27.873 29.025 28.665 24.373 18.945 17.159 12.673 4.954 0.000 5.377 8.566 12.193 13.662 12.707 13.916 11.673 13.648 15.121 10.745 11.846 -999.250 -999.250 -999.250 -999.250 -999.250 -999.250 -999.250 -999.250 -999.250 -999.250 -999.250 -999.250 -999.250 -999.250 -999.250 -999.250 -999.250 -999.250 -999.250 -999.250
8.380 5.980 7.340 9.206 11.362 14.115 14.877 17.080 16.969 20.541 20.460 20.823 15.993 16.135 10.143 8.587 8.818 7.278 5.849 8.207 10.224 13.506 15.290 20.697 23.768 29.812 31.737 33.406 33.226 33.932 33.554 30.541 27.072 26.872 23.664 16.146 12.686 13.457 15.018 19.737 21.050 20.139 19.101 15.614 16.538 16.785 13.623 13.840 14.412 -999.250 -999.250 -999.250 -999.250 -999.250 -999.250 -999.250 -999.250 -999.250 -999.250 -999.250 -999.250 -999.250 -999.250 -999.250 -999.250 -999.250 -999.250 -999.250
7.824 4.074 5.334 4.725 6.515 10.016 11.745 15.478 15.359 14.682 17.035 16.241 14.889 13.002 10.998 7.617 9.303 10.333 12.145 11.885 12.969 16.260 20.032 21.771 29.511 31.864 35.936 39.400 35.798 40.918 39.003 40.191 37.195 36.948 34.192 30.861 29.362 27.251 29.537 27.679 31.329 29.517 27.518 30.102 25.600 26.438 20.297 -999.250 -999.250 -999.250 -999.250 -999.250 -999.250 -999.250 -999.250 -999.250 -999.250 -999.250 -999.250 -999.250 -999.250 -999.250 -999.250 -999.250 -999.250 -999.250 -999.250 -999.250
5.026 0.702 1.916 1.219 4.431 6.468 9.086 11.103 12.935 12.364 13.710 12.264 10.498 10.661 10.379 8.463 8.750 10.687 11.063 14.160 17.370 16.859 22.160 27.014 32.462 32.678 35.690 40.019 44.686 46.965 49.855 50.991 49.934 49.424 46.765 42.472 44.671 43.230 46.970 46.288 42.763 35.209 36.256 34.971 35.788 33.495 -999.250 -999.250 -999.250 -999.250 -999.250 -999.250 -999.250 -999.250 -999.250 -999.250 -999.250 -999.250 -999.250 -999.250 -999.250 -999.250 -999.250 -999.250 -999.250 -999.250 -999.250 -999.250
3.292 0.099 0.000 0.000 1.308 3.549 7.296 7.768 7.944 10.695 9.101 9.088 9.787 9.513 7.798 7.002 9.887 9.445 12.189 17.099 17.098 17.667 23.817 28.487 34.273 36.688 36.872 44.037 48.519 54.821 58.588 60.014 59.636 60.288 63.922 63.514 62.703 58.221 54.522 57.464 56.721 48.376 40.165 39.109 37.562 35.867 -999.250 -999.250 -999.250 -999.250 -999.250 -999.250 -999.250 -999.250 -999.250 -999.250 -999.250 -999.250 -999.250 -999.250 -999.250 -999.250 -999.250 -999.250 -999.250 -999.250 -999.250 -999.250
1.380 1.780 0.000 0.000 1.198 2.966 4.410 4.556 4.529 4.001 5.435 8.539 8.075 7.610 5.496 4.590 8.075 9.041 11.443 14.542 15.263 15.998 22.580 28.503 32.293 35.645 38.506 47.408 54.107 57.330 65.340 70.695 71.455 80.094 77.143 72.502 72.988 71.589 64.559 68.125 59.899 61.241 54.457 49.190 46.600 -999.250 -999.250 -999.250 -999.250 -999.250 -999.250 -999.250 -999.250 -999.250 -999.250 -999.250 -999.250 -999.250 -999.250 -999.250 -999.250 -999.250 -999.250 -999.250 -999.250 -999.250 -999.250 -999.250
2.967 1.866 0.000 0.000 0.000 0.000 0.000 1.233 0.527 0.000 0.627 1.303 2.632 7.139 2.183 3.270 4.566 5.265 9.992 12.732 13.848 16.648 21.874 31.828 34.880 39.544 47.162 54.718 63.646 66.285 72.965 75.886 83.663 85.244 96.201 90.387 89.668 81.192 82.410 73.636 69.651 -999.250 -999.250 -999.250 -999.250 -999.250 -999.250 -999.250 -999.250 -999.250 -999.250 -999.250 -999.250 -999.250 -999.250 -999.250 -999.250 -999.250 -999.250 -999.250 -999.250 -999.250 -999.250 -999.250 -999.250 -999.250 -999.250 -999.250
2.288 0.093 0.000 0.000 0.000 0.000 0.000 0.579 0.000 0.000 0.250 0.000 1.366 3.393 1.132 0.614 4.149 1.381 7.985 11.556 12.738 19.790 25.582 33.366 35.397 47.019 59.280 63.550 69.570 69.745 74.639 81.995 87.126 102.606 108.545 103.839 102.683 91.175 92.289 -999.250 -999.250 -999.250 -999.250 -999.250 -999.250 -999.250 -999.250 -999.250 -999.250 -999.250 -999.250 -999.250 -999.250 -999.250 -999.250 -999.250 -999.250 -999.250 -999.250 -999.250 -999.250 -999.250 -999.250 -999.250 -999.250 -999.250 -999.250 -999.250
0.000 0.000 0.000 0.000 0.000 0.000 2.422 1.274 1.596 0.000 0.000 0.000 0.798 1.124 1.317 0.501 1.844 6.139 7.958 11.558 14.635 19.966 28.728 34.574 37.113 47.630 58.829 64.534 71.944 79.053 86.105 93.771 104.166 114.289 128.197 125.511 125.390 112.817 103.072 -999.250 -999.250 -999.250 -999.250 -999.250 -999.250 -999.250 -999.250 -999.250 -999.250 -999.250 -999.250 -999.250 -999.250 -999.250 -999.250 -999.250 -999.250 -999.250 -999.250 -999.250 -999.250 -999.250 -999.250 -999.250 -999.250 -999.250 -999.250 -999.250
0.000 0.000 0.000 0.000 0.000 0.000 0.000 2.235 0.000 0.546 1.137 0.459 1.630 1.701 0.000 0.681 2.085 2.688 9.204 11.820 15.591 20.671 25.661 35.351 39.504 49.164 62.118 70.473 76.904 83.070 99.970 113.896 109.167 124.991 137.264 149.150 144.829 130.136 112.035 -999.250 -999.250 -999.250 -999.250 -999.250 -999.250 -999.250 -999.250 -999.250 -999.250 -999.250 -999.250 -999.250 -999.250 -999.250 -999.250 -999.250 -999.250 -999.250 -999.250 -999.250 -999.250 -999.250 -999.250 -999.250 -999.250 -999.250 -999.250 -999.250
0.000 0.000 0.000 0.000 0.000 0.000 0.000 1.732 0.497 1.884 0.265 1.615 2.416 1.329 0.000 3.000 0.241 5.732 8.492 13.497 16.684 25.123 29.584 32.971 41.071 48.812 62.700 69.355 76.310 84.876 105.942 111.156 121.073 148.331 154.599 168.244 139.196 133.234 111.712 -999.250 -999.250 -999.250 -999.250 -999.250 -999.250 -999.250 -999.250 -999.250 -999.250 -999.250 -999.250 -999.250 -999.250 -999.250 -999.250 -999.250 -999.250 -999.250 -999.250 -999.250 -999.250 -999.250 -999.250 -999.250 -999.250 -999.250 -999.250 -999.250
0.000 0.000 0.000 0.000 0.000 0.000 0.000 0.000 0.250 1.479 0.766 0.000 0.129 0.397 0.438 1.174 1.836 4.543 9.333 15.097 16.224 21.869 27.785 38.586 40.088 53.118 60.560 70.276 77.436 91.645 103.565 112.841 126.285 144.286 151.156 161.591 144.066 129.598 113.910 -999.250 -999.250 -999.250 -999.250 -999.250 -999.250 -999.250 -999.250 -999.250 -999.250 -999.250 -999.250 -999.250 -999.250 -999.250 -999.250 -999.250 -999.250 -999.250 -999.250 -999.250 -999.250 -999.250 -999.250 -999.250 -999.250 -999.250 -999.250 -999.250
0.000 0.000 0.000 0.000 0.000 0.000 0.746 1.088 1.986 1.117 0.925 0.000 0.000 0.828 0.097 1.018 2.116 4.525 8.779 13.381 16.390 23.793 28.833 33.421 45.625 51.144 68.744 77.780 81.806 89.216 98.997 112.446 121.234 141.421 155.699 146.008 141.212 121.854 110.012 -999.250 -999.250 -999.250 -999.250 -999.250 -999.250 -999.250 -999.250 -999.250 -999.250 -999.250 -999.250 -999.250 -999.250 -999.250 -999.250 -999.250 -999.250 -999.250 -999.250 -999.250 -999.250 -999.250 -999.250 -999.250 -999.250 -999.250 -999.250 -999.250
0.000 0.000 0.000 0.000 0.000 0.411 1.560 3.576 4.199 3.714 0.682 0.000 0.000 0.000 0.421 0.154 0.611 3.023 8.512 12.559 14.952 22.055 25.659 28.465 37.779 52.086 62.227 70.362 76.872 84.257 96.384 111.146 110.183 116.454 127.219 127.788 118.958 114.435 108.585 100.291 87.786 -999.250 -999.250 -999.250 -999.250 -999.250 -999.250 -999.250 -999.250 -999.250 -999.250 -999.250 -999.250 -999.250 -999.250 -999.250 -999.250 -999.250 -999.250 -999.250 -999.250 -999.250 -999.250 -999.250 -999.250 -999.250 -999.250 -999.250
0.000 0.000 0.000 0.000 0.000 1.819 5.060 4.588 5.994 5.490 2.687 0.801 0.788 0.000 1.158 0.000 1.432 2.937 8.148 8.152 13.846 21.172 26.335 31.791 37.981 43.199 60.230 67.953 76.383 81.998 89.240 98.568 111.016 119.458 111.182 118.254 119.301 101.682 103.554 85.303 86.092 76.614 70.420 -999.250 -999.250 -999.250 -999.250 -999.250 -999.250 -999.250 -999.250 -999.250 -999.250 -999.250 -999.250 -999.250 -999.250 -999.250 -999.250 -999.250 -999.250 -999.250 -999.250 -999.250 -999.250 -999.250 -999.250 -999.250
0.000 0.000 0.000 0.542 1.191 6.084 8.245 8.498 6.285 5.356 4.486 5.604 0.739 3.690 2.863 0.037 1.296 1.905 6.246 6.783 12.185 16.909 19.934 28.005 31.583 40.090 50.832 65.489 75.825 75.700 81.514 86.200 93.582 103.432 105.550 97.009 110.577 100.144 97.753 89.196 77.844 74.355 61.174 -999.250 -999.250 -999.250 -999.250 -999.250 -999.250 -999.250 -999.250 -999.250 -999.250 -999.250 -999.250 -999.250 -999.250 -999.250 -999.250 -999.250 -999.250 -999.250 -999.250 -999.250 -999.250 -999.250 -999.250 -999.250
0.253 2.157 2.485 7.447 7.299 10.013 10.561 10.974 7.056 6.290 5.574 4.698 2.186 5.002 4.799 0.097 0.000 1.086 4.853 7.260 11.288 12.826 16.744 22.504 28.338 37.850 44.068 56.950 67.462 71.256 76.570 85.931 90.754 95.514 93.914 94.255 88.744 91.612 82.961 83.806 80.167 67.245 65.476 59.588 -999.250 -999.250 -999.250 -999.250 -999.250 -999.250 -999.250 -999.250 -999.250 -999.250 -999.250 -999.250 -999.250 -999.250 -999.250 -999.250 -999.250 -999.250 -999.250 -999.250 -999.250 -999.250 -999.250 -999.250
5.228 5.532 8.731 8.739 11.988 13.388 13.835 13.380 12.444 11.453 12.404 7.075 3.890 6.580 3.782 5.337 0.484 4.784 4.383 5.998 5.318 10.448 14.179 16.126 25.928 31.993 43.217 52.862 58.663 67.945 68.350 74.733 74.758 77.790 84.106 82.089 79.793 82.262 85.029 80.143 71.771 62.090 58.337 55.905 55.103 -999.250 -999.250 -999.250 -999.250 -999.250 -999.250 -999.250 -999.250 -999.250 -999.250 -999.250 -999.250 -999.250 -999.250 -999.250 -999.250 -999.250 -999.250 -999.250 -999.250 -999.250 -999.250 -999.250
9.389 10.759 13.244 13.050 12.772 18.894 15.398 17.829 20.661 15.305 12.245 10.076 7.918 2.543 7.738 7.132 3.283 1.494 5.497 4.667 6.925 9.466 11.981 14.721 20.843 26.599 34.326 43.438 46.852 61.624 65.746 64.252 70.154 71.679 73.218 79.581 78.538 80.193 78.144 71.395 70.822 56.162 55.215 53.654 57.774 -999.250 -999.250 -999.250 -999.250 -999.250 -999.250 -999.250 -999.250 -999.250 -999.250 -999.250 -999.250 -999.250 -999.250 -999.250 -999.250 -999.250 -999.250 -999.250 -999.250 -999.250 -999.250 -999.250
12.249 15.153 17.490 15.993 21.459 22.591 24.718 24.855 23.246 21.974 16.623 13.615 9.376 9.161 10.071 11.642 8.795 8.404 8.445 5.923 4.944 6.444 6.271 10.490 16.751 20.215 27.495 30.712 41.350 56.133 59.975 60.595 60.885 65.132 70.070 69.443 72.263 71.233 73.479 70.210 66.208 55.430 51.944 53.024 55.134 53.526 -999.250 -999.250 -999.250 -999.250 -999.250 -999.250 -999.250 -999.250 -999.250 -999.250 -999.250 -999.250 -999.250 -999.250 -999.250 -999.250 -999.250 -999.250 -999.250 -999.250 -999.250 -999.250
19.684 23.351 28.437 25.925 28.360 28.898 30.761 29.470 28.055 25.867 19.149 16.248 15.161 12.519 12.434 9.732 8.086 8.124 7.109 7.867 2.896 6.307 6.352 7.879 12.785 12.664 18.894 24.377 36.667 45.918 48.737 52.502 54.302 58.371 61.827 64.021 64.928 69.455 65.467 60.590 62.702 53.287 49.099 49.459 47.748 -999.250 -999.250 -999.250 -999.250 -999.250 -999.250 -999.250 -999.250 -999.250 -999.250 -999.250 -999.250 -999.250 -999.250 -999.250 -999.250 -999.250 -999.250 -999.250 -999.250 -999.250 -999.250 -999.250
