data/medianmodel_25-Sep-2020.asc
ncols	141
nrows	288
xllcorner	-120191.398
yllcorner	-301404.813
cellsize	2000.000
NODATA_value	-999.250
[rows 30 to 59 of 288, columns 67 to 133 of 141]
0.000 0.000 0.000 0.000 2.693 4.563 10.281 14.144 21.151 27.210 34.303 42.471 49.027 58.459 65.801 68.246 67.101 69.441 66.336 59.140 51.753 47.253 41.925 39.734 34.360 31.542 26.962 27.225 19.501 18.591 14.269 16.781 15.605 15.182 15.512 16.283 16.889 19.717 29.439 39.742 57.847 79.351 88.120 99.942 141.324 155.848 198.391 258.593 288.036 322.142 475.312 595.622 606.454 681.259 741.696 766.923 786.609 893.860 905.487 938.801 969.426 895.946 816.662 677.206 565.838 478.840 363.384
0.000 0.000 0.000 0.000 2.921 2.994 9.038 13.684 22.059 29.373 34.266 50.490 58.267 66.602 68.035 70.343 73.236 70.389 66.553 62.050 48.888 45.935 44.023 37.443 33.179 28.588 26.038 20.751 20.506 18.670 16.384 17.527 16.953 18.752 13.329 18.578 17.856 22.134 29.906 39.649 62.639 79.724 100.694 117.773 134.629 179.921 202.311 226.078 241.373 338.829 465.439 590.325 572.816 669.186 692.595 757.735 814.631 889.957 899.504 883.608 888.136 831.942 744.121 625.396 532.552 419.370 276.609
0.000 0.000 0.000 0.000 0.000 0.341 4.886 13.801 18.635 28.419 40.005 55.789 66.735 70.823 77.815 74.239 74.720 71.746 67.413 62.769 55.748 46.856 43.693 37.508 30.403 28.327 24.069 21.574 24.082 19.869 18.950 15.678 16.708 16.281 14.965 16.579 20.214 24.752 32.872 44.124 66.090 84.723 100.219 112.668 145.192 168.443 196.548 212.039 234.640 315.627 420.331 517.684 547.169 565.845 665.938 666.982 811.717 821.787 802.071 822.182 784.507 799.975 666.035 572.774 424.324 339.452 253.632
0.000 0.000 0.000 0.000 0.000 0.000 0.545 8.171 19.690 30.333 44.620 56.528 67.869 73.412 82.238 77.507 77.195 73.281 67.991 66.112 49.961 45.439 44.670 36.625 33.244 28.885 27.360 23.258 22.872 20.628 18.213 18.237 22.600 20.194 17.747 15.972 22.008 23.998 31.179 41.828 60.966 82.667 93.615 110.283 127.759 161.474 162.666 187.900 232.657 309.616 397.019 426.713 515.668 579.798 615.751 642.603 677.039 673.218 661.596 704.088 700.191 654.800 576.686 440.902 444.424 279.302 229.583
0.000 0.000 0.000 0.000 0.000 0.000 0.000 6.930 18.163 27.731 40.753 55.202 68.135 75.674 81.578 83.023 79.289 72.930 67.315 61.797 53.650 40.954 36.764 33.844 31.881 31.288 25.839 23.230 23.533 22.421 20.085 22.075 22.579 20.615 18.294 17.627 21.479 23.090 26.846 35.226 47.462 70.113 82.648 99.137 113.471 143.167 166.870 191.780 229.174 261.258 313.967 366.492 382.534 483.211 573.587 569.533 627.058 628.988 654.894 600.654 616.520 571.351 498.570 467.495 325.748 250.642 189.074
0.000 0.000 0.000 0.000 0.000 0.000 0.000 8.834 15.780 26.525 37.659 56.098 64.734 76.587 91.966 84.081 80.765 72.851 66.713 55.077 53.134 45.228 36.587 32.856 30.244 28.753 24.819 24.905 24.977 24.101 24.632 25.328 26.831 20.873 16.695 15.715 17.619 20.306 25.105 27.786 38.778 53.356 69.056 84.616 95.058 131.438 155.726 178.258 201.742 206.496 261.307 315.180 344.400 402.158 473.759 537.630 524.464 567.092 537.858 566.902 484.530 406.204 406.905 400.406 253.781 194.523 140.182
0.000 0.000 0.000 0.000 0.000 0.000 2.339 10.831 19.694 28.145 36.484 49.955 61.859 72.845 77.230 79.836 77.382 72.020 63.928 62.345 52.351 42.630 37.184 34.772 30.399 27.797 25.169 25.742 23.008 27.203 27.206 26.966 27.581 22.013 16.664 13.916 13.700 16.099 16.255 23.467 29.458 39.593 57.372 69.700 83.599 101.653 129.364 147.262 179.022 220.606 250.716 273.907 351.230 350.292 388.136 357.678 426.236 396.150 480.409 432.424 363.695 338.486 294.699 263.834 215.026 157.665 98.035
0.000 0.000 0.000 0.000 0.000 0.996 7.639 13.743 21.588 28.487 37.918 46.663 56.700 66.680 71.093 67.593 69.648 70.071 65.368 61.726 51.976 40.869 37.435 34.373 30.158 29.031 26.384 25.427 24.383 28.755 27.920 26.502 25.930 20.461 16.484 12.668 8.116 9.257 10.148 12.771 21.069 25.502 33.009 47.721 68.177 82.510 110.521 125.118 147.662 187.876 202.676 252.871 266.650 311.593 321.807 320.303 371.116 374.576 346.731 321.267 285.375 281.325 248.955 213.127 168.608 117.775 73.362
0.000 0.000 0.000 0.086 4.730 5.264 9.456 15.881 22.983 30.759 35.287 46.606 56.111 63.574 61.884 65.382 62.423 67.499 66.376 55.602 42.502 41.588 34.370 31.073 29.810 30.024 29.377 27.462 25.887 27.386 26.178 24.345 25.383 19.662 14.623 13.075 9.722 4.190 3.222 6.208 8.891 12.952 23.450 29.132 47.964 68.122 88.788 100.198 126.113 162.771 173.079 192.779 218.392 254.628 252.571 268.751 274.382 287.783 280.131 276.693 253.420 212.523 183.631 158.246 117.278 80.390 44.210
0.756 4.056 5.363 3.960 5.518 10.171 9.571 15.955 23.346 31.159 35.587 41.963 49.523 55.991 58.381 61.237 58.977 52.326 52.092 48.106 39.632 37.000 34.247 32.071 32.973 31.822 29.206 30.370 30.131 28.131 27.023 25.859 22.420 16.961 13.872 12.952 7.340 0.000 0.000 0.000 2.988 4.437 12.517 20.601 30.859 44.349 65.814 75.626 93.888 116.675 140.230 152.252 167.979 194.968 213.809 204.933 217.172 246.223 221.718 223.545 185.859 151.240 131.878 101.043 84.288 56.098 28.183
6.308 7.504 10.843 9.623 12.097 12.285 15.353 18.955 24.936 29.701 33.063 38.674 44.978 49.799 50.598 57.787 52.823 47.915 41.499 38.781 32.490 36.610 33.003 31.030 30.709 29.924 27.939 30.879 29.316 29.648 28.067 24.854 21.259 15.708 12.906 9.231 3.738 0.126 0.000 0.000 0.000 0.000 4.927 12.351 24.143 35.170 45.457 57.284 77.625 89.945 104.152 130.142 139.183 137.892 150.190 154.667 156.780 164.331 171.156 155.756 132.899 103.961 90.276 70.803 47.483 28.610 16.086
14.397 13.847 13.633 14.504 13.590 13.915 17.618 23.584 24.547 28.306 30.862 35.721 40.574 42.718 46.322 50.036 41.157 39.238 35.988 34.746 31.468 32.965 32.309 30.239 30.596 33.372 32.280 33.342 30.676 30.506 28.004 24.787 22.078 18.219 13.565 9.255 6.212 0.556 0.000 0.000 0.000 0.000 0.000 9.817 16.425 26.795 35.648 40.425 61.756 71.755 81.244 90.830 99.310 91.444 114.277 116.720 112.218 121.983 114.391 121.887 91.023 72.286 56.799 38.855 28.861 15.062 0.000
16.360 18.913 19.284 19.870 19.489 20.299 25.101 26.708 26.000 28.973 31.074 34.239 37.166 36.474 40.149 36.247 33.761 31.893 32.909 29.222 28.711 30.453 27.026 30.157 32.552 32.505 32.573 33.461 30.218 30.459 28.583 27.080 22.779 19.349 13.246 10.058 6.045 3.473 0.000 0.000 0.000 0.000 0.000 1.241 10.751 19.852 31.376 37.238 43.450 62.259 60.930 69.948 77.033 74.160 81.297 80.149 85.456 86.336 83.340 81.713 67.745 55.276 32.098 19.981 12.146 -999.250 -999.250
20.492 23.943 24.458 23.268 22.753 22.697 25.471 26.347 27.004 29.487 28.555 32.553 30.305 34.271 33.808 33.958 31.784 28.608 28.635 25.390 25.148 27.775 26.929 30.785 34.242 35.751 34.171 31.952 29.561 27.342 27.220 27.688 25.995 22.792 15.807 11.224 4.526 3.199 0.000 0.000 0.000 0.000 0.000 1.214 11.081 17.289 27.751 29.655 34.131 37.609 48.223 54.057 43.231 46.759 56.230 56.828 62.290 57.761 59.794 53.140 40.115 33.620 24.320 12.108 0.000 0.000 -999.250
27.381 27.715 28.592 29.037 28.237 28.518 28.962 26.160 29.755 27.208 27.863 29.215 27.410 27.579 28.023 27.176 28.045 26.089 23.281 21.727 20.166 20.908 23.692 27.855 31.054 33.685 35.230 31.117 30.616 31.631 32.170 28.666 24.253 20.184 18.336 14.464 10.546 6.431 0.000 0.000 0.000 0.000 0.000 2.343 11.939 18.738 26.189 28.206 35.778 41.473 37.765 39.853 37.156 31.643 35.080 40.128 46.306 44.902 40.536 34.033 26.462 22.765 16.788 4.936 -999.250 -999.250 -999.250
32.478 30.327 30.658 31.874 33.196 32.277 28.750 27.420 27.390 26.449 24.783 22.566 22.368 23.314 24.472 24.792 24.588 22.142 20.273 19.325 16.727 17.631 20.844 22.962 28.946 31.216 32.257 31.568 32.401 33.130 30.922 26.312 24.966 24.813 22.306 19.182 14.524 12.160 6.743 1.430 0.000 3.836 8.749 12.078 18.890 22.453 30.994 34.694 45.188 43.386 46.069 43.739 32.326 23.832 31.690 33.537 39.824 37.486 31.860 28.574 23.000 15.267 11.680 0.000 -999.250 -999.250 -999.250
40.402 36.917 39.411 41.067 36.739 31.452 30.581 26.235 23.944 26.020 19.526 18.602 18.343 20.246 21.439 19.648 19.708 16.014 14.673 13.054 12.643 15.249 17.166 18.371 26.771 31.494 31.914 31.525 32.117 33.763 28.989 29.648 27.263 28.329 25.475 21.382 16.156 12.020 8.779 3.380 10.511 15.835 20.626 26.121 31.208 32.836 41.058 45.781 57.507 62.951 61.977 52.371 37.516 37.902 40.712 45.060 46.612 39.759 36.652 25.169 22.403 19.574 7.777 -999.250 -999.250 -999.250 -999.250
55.020 53.500 57.258 59.054 42.655 34.257 28.175 25.961 17.515 15.272 12.684 13.116 14.603 14.446 15.316 16.511 17.723 15.959 12.799 10.305 9.824 9.412 11.753 16.197 18.031 25.939 28.341 30.106 30.880 31.521 27.434 26.884 26.372 28.092 33.091 23.746 18.733 14.228 11.820 12.995 18.196 23.569 30.481 36.964 48.368 58.980 65.935 68.125 75.767 76.813 73.839 67.740 65.895 64.227 59.795 53.292 51.935 40.725 33.855 32.078 24.843 -999.250 -999.250 -999.250 -999.250 -999.250 -999.250
70.385 71.557 74.978 66.744 56.865 38.741 29.005 17.363 11.405 10.952 4.731 4.191 7.757 10.311 11.970 14.055 14.865 13.557 8.260 6.532 5.083 7.764 8.059 10.754 14.600 20.356 26.096 30.714 30.515 28.931 25.596 24.762 23.790 21.781 23.258 21.619 18.672 16.450 17.875 21.029 25.160 33.646 44.010 66.401 74.176 75.879 88.330 86.032 89.324 102.600 89.190 96.691 88.129 79.577 76.185 71.864 71.055 60.078 59.817 44.111 36.242 -999.250 -999.250 -999.250 -999.250 -999.250 -999.250
90.251 91.134 90.516 77.871 69.164 42.737 26.261 13.658 2.674 0.000 0.000 0.000 0.709 3.215 6.894 12.324 16.898 10.925 4.789 2.626 0.002 4.587 2.951 5.801 11.836 16.629 20.174 28.481 35.298 25.585 19.569 17.605 15.156 14.060 14.716 15.005 16.787 21.635 23.216 30.017 40.422 48.738 63.014 81.575 88.182 97.570 105.099 111.154 121.898 140.725 129.123 115.317 109.816 109.621 107.930 93.796 -999.250 77.513 79.055 -999.250 -999.250 -999.250 -999.250 -999.250 -999.250 -999.250 -999.250
122.816 116.532 107.681 100.773 82.088 58.984 30.393 10.114 0.000 0.000 0.000 0.000 0.000 1.117 2.293 7.168 10.381 6.376 2.552 0.000 0.000 0.000 0.417 1.137 6.043 12.033 17.353 20.631 22.382 19.621 12.928 9.353 5.948 4.854 7.854 8.899 12.902 20.374 26.940 38.181 53.526 69.541 77.668 89.872 107.045 124.517 136.575 148.877 159.064 185.006 166.256 153.816 161.634 147.277 -999.250 -999.250 -999.250 -999.250 -999.250 -999.250 -999.250 -999.250 -999.250 -999.250 -999.250 -999.250 -999.250
147.641 137.172 150.427 132.406 105.837 79.124 36.565 8.057 0.000 0.000 0.000 0.000 0.000 0.000 0.000 3.812 1.989 0.934 0.000 0.000 0.000 0.000 0.000 0.000 1.714 5.877 9.844 11.528 13.176 11.602 4.708 0.000 0.000 0.000 0.000 7.792 16.334 24.536 34.493 56.235 76.211 94.443 98.772 118.997 147.867 160.313 163.805 167.687 222.682 205.149 215.897 199.421 183.274 -999.250 -999.250 -999.250 -999.250 -999.250 -999.250 -999.250 -999.250 -999.250 -999.250 -999.250 -999.250 -999.250 -999.250
162.934 173.420 172.185 175.072 150.962 99.780 47.999 0.000 0.000 0.000 0.000 0.000 0.000 0.000 0.000 0.000 0.000 0.000 0.000 0.000 0.000 0.000 0.000 0.000 0.000 0.063 2.663 8.439 4.241 3.074 0.000 0.000 0.000 0.000 0.000 6.160 15.319 30.297 48.562 69.906 90.725 115.261 139.137 152.058 176.434 184.302 195.293 231.576 243.616 252.055 264.454 245.191 223.135 -999.250 -999.250 -999.250 -999.250 -999.250 -999.250 -999.250 -999.250 -999.250 -999.250 -999.250 -999.250 -999.250 -999.250
184.520 198.277 229.924 226.802 191.172 124.606 70.646 19.020 0.000 0.000 0.000 0.000 0.000 0.000 0.000 0.000 0.000 0.000 0.000 0.000 0.000 0.000 0.000 0.000 0.000 0.000 0.000 0.000 0.000 0.000 0.000 0.000 0.000 0.000 0.000 6.250 19.942 38.986 64.824 85.560 108.224 150.322 180.344 195.116 236.382 217.588 273.029 293.530 299.609 310.600 302.440 294.197 -999.250 -999.250 -999.250 -999.250 -999.250 -999.250 -999.250 -999.250 -999.250 -999.250 -999.250 -999.250 -999.250 -999.250 -999.250
198.994 206.625 250.328 277.498 196.156 139.423 83.526 32.972 10.128 0.000 0.000 0.000 0.000 0.000 0.000 0.000 0.000 0.000 0.000 0.000 0.000 0.000 0.000 0.000 0.000 0.000 0.000 0.000 0.000 0.000 0.000 0.000 0.000 0.000 0.000 9.334 25.570 51.935 83.408 126.466 157.624 180.040 211.762 241.864 271.796 289.547 318.328 381.344 399.724 361.798 339.584 -999.250 -999.250 -999.250 -999.250 -999.250 -999.250 -999.250 -999.250 -999.250 -999.250 -999.250 -999.250 -999.250 -999.250 -999.250 -999.250
194.258 174.954 197.335 195.588 169.195 117.790 75.810 32.528 12.417 0.000 0.000 0.000 0.000 0.000 0.000 0.000 0.000 0.000 0.000 0.000 0.000 0.000 0.000 0.000 0.000 0.000 0.000 0.000 0.000 0.000 0.000 0.000 0.000 0.000 0.000 13.205 35.340 65.587 94.823 134.020 164.975 188.046 263.950 284.033 322.484 344.095 424.192 451.174 548.524 429.898 404.609 -999.250 -999.250 -999.250 -999.250 -999.250 -999.250 -999.250 -999.250 -999.250 -999.250 -999.250 -999.250 -999.250 -999.250 -999.250 -999.250
135.303 118.025 129.360 133.706 112.940 89.497 56.579 27.574 11.074 0.733 0.000 0.000 0.000 0.000 0.000 0.000 0.000 0.000 2.229 1.793 2.835 6.742 3.117 0.000 0.000 0.000 0.000 0.000 0.000 0.000 0.000 0.000 0.000 0.000 0.000 19.517 46.168 78.554 111.129 170.799 203.212 237.989 286.187 337.991 348.798 428.939 494.944 560.675 608.675 576.565 -999.250 -999.250 -999.250 -999.250 -999.250 -999.250 -999.250 -999.250 -999.250 -999.250 -999.250 -999.250 -999.250 -999.250 -999.250 -999.250 -999.250
71.565 29.595 65.716 80.561 76.023 58.672 32.135 17.858 6.440 0.000 0.000 0.000 0.000 0.000 0.000 0.000 1.167 6.798 10.281 11.379 16.590 17.959 14.925 11.561 6.564 2.575 0.000 0.000 0.000 0.000 0.000 0.000 0.000 0.000 0.000 27.964 67.832 93.702 137.572 178.091 205.901 272.977 328.216 379.071 451.537 502.390 564.009 621.632 667.071 625.855 -999.250 -999.250 -999.250 -999.250 -999.250 -999.250 -999.250 -999.250 -999.250 -999.250 -999.250 -999.250 -999.250 -999.250 -999.250 -999.250 -999.250
33.563 22.743 30.067 39.570 39.238 30.237 18.695 9.022 0.426 0.000 0.000 0.000 0.000 1.376 7.815 8.554 11.942 18.797 19.888 26.163 28.986 30.359 26.672 24.150 18.479 13.968 11.421 1.659 0.000 0.000 0.000 0.000 0.000 6.603 23.454 42.380 83.510 110.844 155.631 195.004 240.167 287.704 374.764 416.385 510.632 545.222 603.672 648.513 633.101 602.317 -999.250 -999.250 -999.250 -999.250 -999.250 -999.250 -999.250 -999.250 -999.250 -999.250 -999.250 -999.250 -999.250 -999.250 -999.250 -999.250 -999.250
24.690 13.571 16.783 20.696 19.276 15.301 8.520 0.616 0.000 0.000 0.000 2.393 3.627 10.202 14.982 20.341 25.446 32.365 40.096 51.153 56.499 57.352 45.121 40.765 38.460 27.854 18.938 11.277 6.567 0.293 0.000 2.603 10.386 24.470 44.924 70.170 91.918 144.807 180.544 225.603 269.249 372.619 447.405 471.357 509.496 603.150 630.859 655.761 636.765 -999.250 -999.250 -999.250 -999.250 -999.250 -999.250 -999.250 -999.250 -999.250 -999.250 -999.250 -999.250 -999.250 -999.250 -999.250 -999.250 -999.250 -999.250
