data/medianmodel_11-May-2020.asc
ncols	141
nrows	288
xllcorner	-120191.398
yllcorner	-301404.813
cellsize	2000.000
NODATA_value	-999.250
[rows 31 to 61 of 288, columns 0 to 68 of 141]
-999.250 -999.250 -999.250 -999.250 -999.250 -999.250 -999.250 -999.250 -999.250 -999.250 -999.250 -999.250 -999.250 -999.250 -999.250 -999.250 -999.250 -999.250 -999.250 -999.250 -999.250 -999.250 -999.250 -999.250 -999.250 -999.250 -999.250 -999.250 -999.250 -999.250 -999.250 -999.250 15.879 19.890 22.048 34.384 40.731 43.172 48.056 53.904 60.406 63.230 75.585 74.375 79.843 84.149 85.589 84.678 83.633 76.506 72.344 72.769 50.482 43.273 32.560 24.997 20.617 17.861 18.466 18.654 20.125 19.620 15.574 16.302 17.966 16.201 13.535 10.971 8.596
-999.250 -999.250 -999.250 -999.250 -999.250 -999.250 -999.250 -999.250 -999.250 -999.250 -999.250 -999.250 -999.250 -999.250 -999.250 -999.250 -999.250 -999.250 -999.250 -999.250 -999.250 -999.250 -999.250 -999.250 -999.250 -999.250 -999.250 -999.250 -999.250 -999.250 -999.250 -999.250 17.970 18.609 24.954 34.465 43.939 42.579 48.857 60.219 69.415 60.286 58.842 72.134 70.072 70.060 73.674 69.564 73.073 62.306 60.236 52.742 36.957 35.999 27.225 18.476 15.491 11.835 11.180 14.543 10.450 12.362 11.990 14.087 13.472 13.123 10.939 9.407 8.774
-999.250 -999.250 -999.250 -999.250 -999.250 -999.250 -999.250 -999.250 -999.250 -999.250 -999.250 -999.250 -999.250 -999.250 -999.250 -999.250 -999.250 -999.250 -999.250 -999.250 -999.250 -999.250 -999.250 -999.250 -999.250 -999.250 -999.250 -999.250 -999.250 -999.250 -999.250 -999.250 18.880 23.408 24.375 33.298 41.097 44.233 46.551 57.167 67.994 56.787 57.142 58.121 61.811 58.933 61.115 62.067 60.762 53.269 47.880 40.429 33.497 27.170 26.059 21.402 12.912 10.968 4.735 5.208 3.808 7.629 4.409 10.008 8.912 9.160 9.501 8.404 6.287
-999.250 -999.250 -999.250 -999.250 -999.250 -999.250 -999.250 -999.250 -999.250 -999.250 -999.250 -999.250 -999.250 -999.250 -999.250 -999.250 -999.250 -999.250 -999.250 -999.250 -999.250 -999.250 -999.250 -999.250 -999.250 -999.250 -999.250 -999.250 -999.250 -999.250 -999.250 -999.250 19.245 23.286 28.677 33.900 38.453 40.478 41.167 46.378 49.283 55.026 53.606 50.840 49.886 49.944 57.459 54.252 48.488 46.848 35.767 31.727 29.307 23.538 18.579 12.605 9.650 7.810 4.379 3.652 2.231 1.084 2.353 4.659 6.399 6.118 5.702 3.093 2.379
-999.250 -999.250 -999.250 -999.250 -999.250 -999.250 -999.250 -999.250 -999.250 -999.250 -999.250 -999.250 -999.250 -999.250 -999.250 -999.250 -999.250 -999.250 -999.250 -999.250 -999.250 -999.250 -999.250 -999.250 -999.250 -999.250 -999.250 -999.250 -999.250 -999.250 -999.250 -999.250 24.679 28.627 30.552 32.177 38.520 40.266 41.449 45.349 46.394 45.315 47.444 44.748 44.807 44.718 45.845 40.078 41.985 36.497 31.144 22.801 23.481 21.498 17.228 12.622 9.432 6.463 1.173 0.000 0.147 0.464 0.000 1.894 2.710 3.850 1.912 2.003 2.181
-999.250 -999.250 -999.250 -999.250 -999.250 -999.250 -999.250 -999.250 -999.250 -999.250 -999.250 -999.250 -999.250 -999.250 -999.250 -999.250 -999.250 -999.250 -999.250 -999.250 -999.250 -999.250 -999.250 -999.250 -999.250 -999.250 -999.250 -999.250 -999.250 -999.250 -999.250 -999.250 25.143 31.219 25.933 34.116 32.035 37.774 38.564 42.539 39.850 44.515 42.577 38.558 40.128 41.131 36.365 38.715 38.807 35.342 27.971 30.543 25.323 24.943 19.592 11.000 9.476 9.955 3.718 0.676 0.059 0.000 1.454 0.957 0.338 0.000 0.000 0.596 1.625
-999.250 -999.250 -999.250 -999.250 -999.250 -999.250 -999.250 -999.250 -999.250 -999.250 -999.250 -999.250 -999.250 -999.250 -999.250 -999.250 -999.250 -999.250 -999.250 -999.250 -999.250 -999.250 -999.250 -999.250 -999.250 -999.250 -999.250 -999.250 -999.250 -999.250 -999.250 -999.250 -999.250 28.033 30.596 34.393 34.375 37.951 37.591 37.168 42.186 36.971 36.599 34.788 31.292 32.492 35.364 38.419 36.734 37.013 32.645 33.215 32.159 27.035 23.919 16.008 14.620 10.769 6.592 5.826 2.276 1.587 0.623 1.487 0.052 0.000 0.000 0.000 0.000
-999.250 -999.250 -999.250 -999.250 -999.250 -999.250 -999.250 -999.250 -999.250 -999.250 -999.250 -999.250 -999.250 -999.250 -999.250 -999.250 -999.250 -999.250 -999.250 -999.250 -999.250 -999.250 -999.250 -999.250 -999.250 -999.250 -999.250 -999.250 -999.250 -999.250 -999.250 -999.250 -999.250 33.650 34.452 38.466 32.624 31.082 34.333 35.807 33.035 25.555 30.131 28.347 31.035 35.310 30.414 36.880 38.835 37.612 40.884 43.573 43.114 41.059 35.392 29.450 22.019 17.408 14.565 10.835 6.603 3.303 3.137 2.510 1.028 0.000 0.000 0.000 0.000
-999.250 -999.250 -999.250 -999.250 -999.250 -999.250 -999.250 -999.250 -999.250 -999.250 -999.250 -999.250 -999.250 -999.250 -999.250 -999.250 -999.250 -999.250 -999.250 -999.250 -999.250 -999.250 -999.250 -999.250 -999.250 -999.250 -999.250 -999.250 -999.250 -999.250 -999.250 -999.250 29.658 32.585 33.660 34.547 34.151 32.853 32.914 28.442 22.721 19.800 20.487 22.708 27.341 30.845 33.994 38.975 38.679 41.872 48.202 53.068 58.434 52.321 48.094 45.668 35.212 29.773 23.073 17.434 8.988 8.838 6.619 4.650 2.903 0.081 0.000 0.000 0.000
-999.250 -999.250 -999.250 -999.250 -999.250 -999.250 -999.250 -999.250 -999.250 -999.250 -999.250 -999.250 -999.250 -999.250 -999.250 -999.250 -999.250 -999.250 -999.250 -999.250 -999.250 -999.250 -999.250 -999.250 -999.250 -999.250 -999.250 -999.250 -999.250 -999.250 -999.250 -999.250 26.655 30.329 33.398 29.348 29.227 28.637 28.167 20.657 20.480 21.352 18.432 22.062 24.001 28.199 36.341 38.091 43.376 43.964 54.519 63.327 63.883 66.396 64.062 58.799 51.679 50.195 43.213 32.059 18.386 14.602 10.262 10.504 5.227 1.358 0.000 0.000 0.000
-999.250 -999.250 -999.250 -999.250 -999.250 -999.250 -999.250 -999.250 -999.250 -999.250 -999.250 -999.250 -999.250 -999.250 -999.250 -999.250 -999.250 -999.250 -999.250 -999.250 -999.250 -999.250 -999.250 -999.250 -999.250 -999.250 -999.250 -999.250 -999.250 -999.250 -999.250 -999.250 -999.250 32.040 35.041 30.443 29.135 27.715 22.939 20.302 17.836 14.787 16.757 19.642 23.543 27.904 35.526 43.379 46.501 57.072 64.037 64.769 70.219 79.131 76.546 77.658 72.170 62.742 56.383 40.634 33.358 20.182 16.596 11.754 7.357 0.882 0.000 0.000 0.000
-999.250 -999.250 -999.250 -999.250 -999.250 -999.250 -999.250 -999.250 -999.250 -999.250 -999.250 -999.250 -999.250 -999.250 -999.250 -999.250 -999.250 -999.250 -999.250 -999.250 -999.250 -999.250 -999.250 -999.250 -999.250 -999.250 -999.250 -999.250 -999.250 -999.250 -999.250 -999.250 -999.250 29.868 28.613 28.713 29.073 25.197 21.493 19.479 20.200 13.801 16.098 18.040 19.848 25.145 38.318 49.460 55.732 64.512 72.535 82.845 92.062 88.763 86.922 82.763 80.545 84.775 76.888 57.841 41.345 32.222 22.228 12.015 6.638 2.506 0.098 0.000 0.000
-999.250 -999.250 -999.250 -999.250 -999.250 -999.250 -999.250 -999.250 -999.250 -999.250 -999.250 -999.250 -999.250 -999.250 -999.250 -999.250 -999.250 -999.250 -999.250 -999.250 -999.250 -999.250 -999.250 -999.250 -999.250 -999.250 -999.250 -999.250 -999.250 -999.250 -999.250 -999.250 -999.250 32.367 35.145 37.955 31.094 25.171 26.255 22.771 16.522 13.181 12.930 14.924 18.782 26.762 45.391 61.715 63.958 62.200 74.392 85.701 97.103 103.347 104.349 107.616 101.917 113.431 90.296 74.921 55.476 35.979 23.235 14.102 7.752 4.979 0.445 0.000 0.000
-999.250 -999.250 -999.250 -999.250 -999.250 -999.250 -999.250 -999.250 -999.250 -999.250 -999.250 -999.250 -999.250 -999.250 -999.250 -999.250 -999.250 -999.250 -999.250 -999.250 -999.250 -999.250 -999.250 -999.250 -999.250 -999.250 -999.250 -999.250 -999.250 -999.250 -999.250 -999.250 -999.250 -999.250 37.748 40.051 33.022 27.660 23.543 18.987 14.823 9.558 9.407 11.316 19.194 36.912 47.328 58.991 64.169 63.968 83.972 83.895 100.100 106.409 128.700 152.276 126.416 108.756 92.136 75.032 56.025 42.830 28.397 15.065 10.641 4.916 2.189 0.181 0.000
-999.250 -999.250 -999.250 -999.250 -999.250 -999.250 -999.250 -999.250 -999.250 -999.250 -999.250 -999.250 -999.250 -999.250 -999.250 -999.250 -999.250 -999.250 -999.250 -999.250 -999.250 -999.250 -999.250 -999.250 -999.250 -999.250 -999.250 -999.250 -999.250 -999.250 -999.250 -999.250 -999.250 -999.250 42.620 38.485 35.906 26.636 23.599 20.998 15.776 9.274 6.019 10.412 19.078 31.256 43.693 51.766 59.572 71.944 78.006 92.898 110.748 142.054 154.992 178.022 135.912 112.838 94.743 70.579 50.650 40.616 31.881 19.328 13.459 6.218 3.341 1.266 0.047
-999.250 -999.250 -999.250 -999.250 -999.250 -999.250 -999.250 -999.250 -999.250 -999.250 -999.250 -999.250 -999.250 -999.250 -999.250 -999.250 -999.250 -999.250 -999.250 -999.250 -999.250 -999.250 -999.250 -999.250 -999.250 -999.250 -999.250 -999.250 -999.250 -999.250 -999.250 -999.250 -999.250 -999.250 39.123 35.934 31.569 26.649 24.385 18.652 16.523 9.655 9.030 12.957 18.019 31.549 46.406 49.843 58.383 63.675 77.563 93.626 121.253 164.318 178.117 179.863 171.236 127.343 100.456 77.998 57.689 44.627 34.745 20.498 11.366 7.456 4.885 4.034 0.000
-999.250 -999.250 -999.250 -999.250 -999.250 -999.250 -999.250 -999.250 -999.250 -999.250 -999.250 -999.250 -999.250 -999.250 -999.250 -999.250 -999.250 -999.250 -999.250 -999.250 -999.250 -999.250 -999.250 -999.250 -999.250 -999.250 -999.250 -999.250 -999.250 -999.250 -999.250 -999.250 -999.250 -999.250 46.139 48.760 38.887 32.653 27.008 20.250 17.952 13.180 13.918 16.391 22.770 30.877 41.272 46.971 53.236 63.561 79.866 92.841 120.375 166.748 194.632 189.380 182.804 127.814 97.458 80.925 58.496 46.073 34.389 21.614 13.263 9.318 8.640 3.889 0.415
-999.250 -999.250 -999.250 -999.250 -999.250 -999.250 -999.250 -999.250 -999.250 -999.250 -999.250 -999.250 -999.250 -999.250 -999.250 -999.250 -999.250 -999.250 -999.250 -999.250 -999.250 -999.250 -999.250 -999.250 -999.250 -999.250 -999.250 -999.250 -999.250 -999.250 -999.250 -999.250 -999.250 -999.250 -999.250 48.100 42.444 37.364 29.515 26.605 19.641 17.621 16.068 18.455 23.578 36.124 39.852 48.225 51.965 59.646 80.193 95.033 128.755 147.631 178.569 159.593 135.389 128.215 98.113 69.962 57.419 49.523 37.599 23.560 11.826 8.107 6.896 3.352 0.840
-999.250 -999.250 -999.250 -999.250 -999.250 -999.250 -999.250 -999.250 -999.250 -999.250 -999.250 -999.250 -999.250 -999.250 -999.250 -999.250 -999.250 -999.250 -999.250 -999.250 -999.250 -999.250 -999.250 -999.250 -999.250 -999.250 -999.250 -999.250 -999.250 -999.250 -999.250 -999.250 -999.250 -999.250 -999.250 46.613 46.407 43.499 35.642 30.035 24.303 24.481 23.417 29.739 32.839 37.698 41.046 48.556 53.431 50.325 69.862 96.862 114.974 126.765 130.053 123.781 126.518 115.402 91.314 77.753 61.177 47.918 33.054 20.847 13.781 7.483 4.094 5.659 2.670
-999.250 -999.250 -999.250 -999.250 -999.250 -999.250 -999.250 -999.250 -999.250 -999.250 -999.250 -999.250 -999.250 -999.250 -999.250 -999.250 -999.250 -999.250 -999.250 -999.250 -999.250 -999.250 -999.250 -999.250 -999.250 -999.250 -999.250 -999.250 -999.250 -999.250 -999.250 -999.250 -999.250 -999.250 -999.250 48.671 46.108 45.214 42.741 33.100 31.358 33.675 35.812 35.785 34.825 42.904 39.463 46.351 50.877 56.320 62.659 69.329 88.917 100.166 106.628 116.685 100.106 87.085 80.523 67.229 51.264 42.270 31.684 20.194 18.648 13.212 6.584 5.076 2.373
-999.250 -999.250 -999.250 -999.250 -999.250 -999.250 -999.250 -999.250 -999.250 -999.250 -999.250 -999.250 -999.250 -999.250 -999.250 -999.250 -999.250 -999.250 -999.250 -999.250 -999.250 -999.250 -999.250 -999.250 -999.250 -999.250 -999.250 -999.250 -999.250 -999.250 -999.250 -999.250 -999.250 -999.250 -999.250 44.841 46.388 51.271 53.035 39.790 33.084 37.188 47.207 39.369 42.161 39.341 44.590 46.500 44.732 46.159 51.283 63.416 64.387 78.738 88.125 84.867 83.321 79.806 72.506 60.228 47.047 38.400 27.112 21.367 16.000 12.932 9.822 5.284 2.680
-999.250 -999.250 -999.250 -999.250 -999.250 -999.250 -999.250 -999.250 -999.250 -999.250 -999.250 -999.250 -999.250 -999.250 -999.250 -999.250 -999.250 -999.250 -999.250 -999.250 -999.250 -999.250 -999.250 -999.250 -999.250 -999.250 -999.250 -999.250 -999.250 -999.250 -999.250 -999.250 -999.250 -999.250 -999.250 46.312 43.942 48.816 46.766 39.423 34.140 40.740 46.531 48.420 42.506 39.108 44.403 43.430 36.950 39.504 42.545 43.741 44.635 53.537 59.760 59.036 56.776 59.243 58.362 50.697 41.040 30.030 28.312 21.426 14.858 15.665 14.195 8.311 4.541
-999.250 -999.250 -999.250 -999.250 -999.250 -999.250 -999.250 -999.250 -999.250 -999.250 -999.250 -999.250 -999.250 -999.250 -999.250 -999.250 -999.250 -999.250 -999.250 -999.250 -999.250 -999.250 -999.250 -999.250 -999.250 -999.250 -999.250 -999.250 -999.250 -999.250 -999.250 -999.250 -999.250 -999.250 -999.250 -999.250 41.409 42.291 43.624 36.338 38.255 37.055 44.620 50.498 46.210 42.769 37.041 36.461 36.465 33.192 35.230 31.272 30.098 39.015 46.938 54.901 52.955 48.509 43.073 38.838 30.859 28.784 24.857 24.726 17.724 19.204 16.090 11.314 7.530
-999.250 -999.250 -999.250 -999.250 -999.250 -999.250 -999.250 -999.250 -999.250 -999.250 -999.250 -999.250 -999.250 -999.250 -999.250 -999.250 -999.250 -999.250 -999.250 -999.250 -999.250 -999.250 -999.250 -999.250 -999.250 -999.250 -999.250 -999.250 -999.250 -999.250 -999.250 -999.250 -999.250 -999.250 -999.250 -999.250 33.759 35.622 37.311 35.548 31.400 36.545 42.057 47.595 42.408 39.538 34.200 30.436 27.997 27.628 24.409 26.643 28.749 27.933 34.876 37.652 44.472 42.477 36.808 30.518 25.129 26.344 22.035 21.380 25.904 23.679 21.126 19.150 11.129
-999.250 -999.250 -999.250 -999.250 -999.250 -999.250 -999.250 -999.250 -999.250 -999.250 -999.250 -999.250 -999.250 -999.250 -999.250 -999.250 -999.250 -999.250 -999.250 -999.250 -999.250 -999.250 -999.250 -999.250 -999.250 -999.250 -999.250 -999.250 -999.250 -999.250 -999.250 -999.250 -999.250 -999.250 -999.250 -999.250 -999.250 32.705 35.133 34.677 33.982 37.618 40.867 46.411 41.768 38.057 37.316 33.282 25.609 21.860 23.879 23.192 22.691 30.014 33.644 30.536 36.350 35.653 34.744 27.835 22.592 31.543 31.533 24.800 25.196 33.410 32.003 21.366 20.487
-999.250 -999.250 -999.250 -999.250 -999.250 -999.250 -999.250 -999.250 -999.250 -999.250 -999.250 -999.250 -999.250 -999.250 -999.250 -999.250 -999.250 -999.250 -999.250 -999.250 -999.250 -999.250 -999.250 -999.250 -999.250 -999.250 -999.250 -999.250 -999.250 -999.250 -999.250 -999.250 -999.250 -999.250 -999.250 -999.250 -999.250 29.725 29.509 35.035 42.502 39.213 40.130 45.588 43.917 41.014 34.144 26.711 27.109 32.508 28.143 26.253 28.283 29.054 31.089 33.034 32.561 31.604 32.665 30.842 26.760 29.744 29.047 27.281 36.036 36.501 34.395 30.901 30.114
-999.250 -999.250 -999.250 -999.250 -999.250 -999.250 -999.250 -999.250 -999.250 -999.250 -999.250 -999.250 -999.250 -999.250 -999.250 -999.250 -999.250 -999.250 -999.250 -999.250 -999.250 -999.250 -999.250 -999.250 -999.250 -999.250 -999.250 -999.250 -999.250 -999.250 -999.250 -999.250 -999.250 -999.250 -999.250 -999.250 -999.250 33.206 32.500 35.032 44.929 46.672 38.807 43.681 40.631 41.637 35.116 32.289 32.343 35.318 33.027 31.915 35.775 38.255 35.277 38.206 35.102 36.291 37.316 33.435 33.967 33.945 34.096 35.005 38.784 38.555 35.976 37.291 39.459
-999.250 -999.250 -999.250 -999.250 -999.250 -999.250 -999.250 -999.250 -999.250 -999.250 -999.250 -999.250 -999.250 -999.250 -999.250 -999.250 -999.250 -999.250 -999.250 -999.250 -999.250 -999.250 -999.250 -999.250 -999.250 -999.250 -999.250 -999.250 -999.250 -999.250 -999.250 -999.250 -999.250 -999.250 -999.250 -999.250 -999.250 35.242 31.498 33.394 37.887 39.948 44.683 43.614 41.072 41.173 34.832 31.285 32.951 35.293 33.115 40.714 39.762 43.588 40.225 43.315 41.970 41.684 36.470 39.634 35.938 37.167 32.115 38.713 38.773 39.467 36.420 39.464 31.899
-999.250 -999.250 -999.250 -999.250 -999.250 -999.250 -999.250 -999.250 -999.250 -999.250 -999.250 -999.250 -999.250 -999.250 -999.250 -999.250 -999.250 -999.250 -999.250 -999.250 -999.250 -999.250 -999.250 -999.250 -999.250 -999.250 -999.250 -999.250 -999.250 -999.250 -999.250 -999.250 -999.250 -999.250 -999.250 -999.250 -999.250 -999.250 22.819 25.374 31.558 32.712 36.445 38.879 42.247 41.088 40.468 41.280 37.206 37.973 42.827 44.907 49.801 53.683 47.963 48.722 45.683 51.025 42.716 48.189 46.974 41.486 40.338 40.249 38.055 39.553 40.011 32.206 27.008
-999.250 -999.250 -999.250 -999.250 -999.250 -999.250 -999.250 -999.250 -999.250 -999.250 -999.250 -999.250 -999.250 -999.250 -999.250 -999.250 -999.250 -999.250 -999.250 -999.250 -999.250 -999.250 -999.250 -999.250 -999.250 -999.250 -999.250 -999.250 -999.250 -999.250 -999.250 -999.250 -999.250 -999.250 -999.250 -999.250 -999.250 -999.250 24.971 27.742 24.529 30.491 35.048 36.740 38.208 41.810 44.336 42.142 40.324 44.416 43.691 47.916 52.708 64.708 58.356 51.865 46.829 47.203 54.813 46.377 44.670 42.580 45.252 46.328 37.989 35.560 40.830 34.443 30.735
-999.250 -999.250 -999.250 -999.250 -999.250 -999.250 -999.250 -999.250 -999.250 -999.250 -999.250 -999.250 -999.250 -999.250 -999.250 -999.250 -999.250 -999.250 -999.250 -999.250 -999.250 -999.250 -999.250 -999.250 -999.250 -999.250 -999.250 -999.250 -999.250 -999.250 -999.250 -999.250 -999.250 -999.250 -999.250 -999.250 -999.250 -999.250 22.676 21.184 22.248 25.194 33.996 34.154 39.337 41.464 47.003 42.663 41.002 44.806 44.071 50.573 54.787 50.296 54.142 49.811 49.331 49.758 50.003 46.809 42.929 48.040 40.368 41.363 41.051 32.250 32.883 30.383 30.117
