data/medianmodel_28-Nov-2020.asc
ncols	141
nrows	288
xllcorner	-120191.398
yllcorner	-301404.813
cellsize	2000.000
NODATA_value	-999.250
[rows 174 to 202 of 288, columns 0 to 63 of 141]
-999.250 -999.250 -999.250 -999.250 469.362 498.202 479.276 483.445 461.441 496.756 490.765 498.581 501.724 469.180 446.283 421.196 386.309 360.948 336.380 279.003 354.951 413.217 462.018 511.552 533.736 544.647 541.680 527.285 528.171 523.534 482.242 455.782 441.521 419.353 369.875 334.864 298.239 284.839 314.202 324.404 311.845 335.127 361.186 370.674 355.926 376.227 378.410 409.247 438.393 409.267 440.912 456.806 486.014 507.816 512.218 527.262 536.646 524.199 527.989 493.491 445.445 405.109 402.638 376.972
-999.250 -999.250 -999.250 -999.250 477.844 495.908 478.267 453.833 470.779 474.501 497.768 475.451 490.941 473.329 433.631 426.010 408.106 368.950 347.568 336.821 375.433 433.979 491.965 523.601 513.361 520.703 518.137 494.642 510.223 473.699 446.311 400.523 398.237 388.449 336.156 317.405 288.763 314.398 310.359 330.065 335.209 348.328 340.884 334.257 354.593 357.974 391.880 404.927 404.699 430.197 430.801 458.743 439.396 492.238 507.854 520.555 545.268 529.942 526.664 496.616 469.106 422.722 418.269 383.584
-999.250 -999.250 -999.250 -999.250 475.177 465.348 437.667 407.942 448.009 460.900 467.605 490.933 485.830 468.872 445.131 459.509 427.742 373.113 373.677 383.103 437.189 455.004 493.618 513.777 528.078 505.532 501.182 485.234 451.196 457.829 406.661 378.964 372.686 351.755 305.033 320.326 301.565 289.545 336.169 328.967 331.292 352.201 328.594 303.360 339.546 357.595 393.688 406.290 415.425 405.982 436.434 417.281 473.190 481.393 500.715 528.066 545.730 555.824 513.562 519.655 481.243 471.719 468.432 426.640
-999.250 -999.250 -999.250 -999.250 474.891 474.037 443.694 433.991 489.305 477.287 455.465 468.736 487.954 492.143 488.175 471.883 420.287 410.855 440.869 448.601 499.455 509.311 532.756 514.150 503.906 499.825 495.673 476.209 434.789 421.573 400.280 379.342 360.903 354.839 314.750 304.053 321.704 316.980 327.242 331.590 347.969 350.050 343.963 338.941 356.687 373.022 427.739 406.563 421.032 407.522 450.884 466.542 470.087 495.918 509.004 521.774 545.905 556.604 540.389 510.115 483.042 479.202 465.766 438.125
-999.250 -999.250 -999.250 -999.250 494.343 472.899 499.488 476.737 482.328 487.530 468.278 473.518 489.700 482.703 469.516 490.751 467.889 468.321 469.919 490.422 511.708 521.910 528.026 498.681 503.977 471.836 452.380 442.033 383.981 392.435 399.993 364.713 372.596 335.050 311.950 328.176 330.691 322.733 334.491 330.844 335.206 347.209 371.603 364.203 365.145 377.875 388.114 396.359 432.501 465.123 464.908 487.638 485.654 477.306 522.913 527.360 537.945 515.434 510.145 495.004 498.414 471.494 475.434 423.710
-999.250 -999.250 -999.250 492.720 489.455 501.065 495.253 481.284 471.645 481.186 481.567 470.892 465.226 481.505 491.576 495.934 512.160 519.329 518.130 525.943 561.438 530.696 531.588 505.247 515.818 484.487 460.672 422.106 382.015 383.360 362.655 349.948 356.738 332.509 344.479 321.853 318.549 317.611 330.437 350.255 344.914 329.330 342.503 372.012 391.550 375.136 402.795 385.031 407.919 463.631 478.762 496.399 466.757 491.428 506.093 519.318 517.597 534.451 482.006 487.230 497.744 476.369 427.189 404.765
-999.250 -999.250 -999.250 504.372 489.910 502.816 486.724 485.060 471.242 485.940 483.436 484.353 485.888 508.331 507.571 506.404 510.016 545.189 545.476 545.482 553.243 543.612 523.317 522.359 501.530 486.788 449.503 426.028 369.356 340.086 327.962 312.031 316.262 331.894 328.428 301.809 311.705 321.367 331.656 344.882 340.796 336.528 332.197 365.871 354.968 381.787 399.918 398.917 407.323 423.331 478.805 486.650 483.172 506.932 509.031 517.210 483.140 517.526 507.056 491.765 488.162 439.221 431.075 393.861
-999.250 -999.250 -999.250 490.224 517.389 497.739 510.553 501.033 451.610 484.481 495.653 494.267 517.271 526.872 540.453 538.315 530.330 544.573 558.046 584.531 549.564 571.231 517.145 517.671 504.425 471.008 434.765 380.843 354.956 324.492 307.358 299.682 313.939 330.419 317.982 337.236 345.798 332.302 341.850 331.091 334.898 337.872 345.309 327.933 340.606 383.290 366.558 393.318 383.596 412.855 442.765 475.743 484.332 508.375 519.333 525.410 487.344 493.808 500.664 481.211 484.001 416.524 392.212 396.204
-999.250 -999.250 463.962 481.322 484.945 498.037 501.943 489.732 496.215 511.358 516.203 508.145 510.648 526.742 529.778 541.266 563.074 584.494 577.112 599.875 600.605 548.044 533.108 513.354 495.603 462.990 429.482 374.875 334.807 305.893 277.108 296.978 284.068 305.998 301.450 321.180 325.261 329.538 335.022 349.102 297.748 323.531 339.256 326.326 347.951 343.112 384.091 397.414 384.520 400.216 442.598 483.512 494.495 489.752 499.404 516.138 510.020 517.046 483.766 458.276 470.603 414.810 401.827 374.392
-999.250 -999.250 480.375 493.898 499.613 496.312 503.091 497.432 499.269 517.630 496.345 534.467 517.110 532.912 523.299 548.370 588.678 578.577 576.539 606.948 -999.250 563.554 534.278 501.198 498.238 458.732 398.950 379.252 313.761 235.279 263.083 281.820 287.760 292.969 302.298 316.685 316.205 303.497 304.290 323.590 305.646 306.563 304.083 331.888 353.119 346.635 377.344 399.770 395.794 386.607 443.385 438.427 484.621 465.354 472.442 490.801 502.225 489.940 493.517 454.677 442.515 439.875 387.489 352.765
-999.250 475.376 467.994 467.944 506.428 501.641 489.417 518.835 512.048 492.272 509.393 527.969 513.469 524.415 505.977 537.912 584.500 606.421 582.748 -999.250 -999.250 533.173 520.370 513.216 497.252 471.656 396.354 367.341 309.808 301.047 271.820 288.820 296.714 323.427 311.026 290.010 302.412 288.673 306.698 315.264 299.157 293.090 290.221 309.975 323.625 354.279 341.011 360.141 376.093 397.605 407.214 430.605 484.879 487.114 483.450 491.394 497.486 487.087 478.417 477.727 423.202 395.272 400.771 337.458
-999.250 466.408 490.553 508.510 515.460 497.577 533.951 509.999 538.321 511.399 522.383 523.484 517.523 507.797 488.954 535.636 585.713 591.182 -999.250 -999.250 -999.250 -999.250 518.457 500.603 482.225 450.501 397.463 369.308 323.975 306.559 310.094 273.250 290.741 300.587 309.903 309.654 296.600 289.360 289.684 273.883 292.296 266.097 285.419 291.645 311.884 330.307 323.989 349.391 349.539 341.085 373.211 411.487 465.191 468.015 471.788 468.050 466.201 471.729 451.950 431.360 430.092 395.097 368.203 326.404
467.283 480.311 508.402 514.335 526.398 521.881 528.153 518.201 517.696 509.451 522.603 502.406 490.522 528.240 533.693 568.184 598.339 588.052 -999.250 -999.250 -999.250 -999.250 -999.250 493.267 499.856 468.129 430.680 378.690 332.050 310.740 317.733 312.386 298.633 312.137 327.500 301.346 299.705 298.853 285.269 264.999 269.097 268.582 289.079 293.861 283.375 294.996 300.323 317.569 300.400 315.125 352.413 398.764 405.312 413.895 431.295 420.786 433.856 439.938 461.895 458.826 433.079 411.250 374.672 347.519
-999.250 483.774 504.705 482.513 517.622 517.286 526.089 492.565 520.760 517.554 506.916 510.613 510.032 534.409 563.150 584.747 601.967 607.396 -999.250 -999.250 -999.250 -999.250 501.502 492.602 472.953 436.991 412.626 388.696 345.250 340.450 323.525 316.164 307.879 308.164 325.349 316.017 291.855 292.602 281.820 248.222 238.600 250.699 266.611 275.622 273.778 266.558 283.602 246.164 304.523 312.113 348.070 349.358 383.742 396.852 409.248 430.104 420.649 423.637 456.746 458.800 433.953 407.380 415.900 357.899
-999.250 483.571 487.509 477.777 508.115 513.019 527.724 514.610 522.165 487.674 498.719 508.175 511.983 536.128 600.354 622.945 607.856 607.384 -999.250 -999.250 -999.250 487.515 -999.250 465.209 457.867 430.831 403.293 412.291 362.526 367.536 341.284 331.299 320.669 310.059 333.778 326.966 322.498 305.165 274.962 278.063 255.478 258.512 263.068 227.841 232.392 240.358 236.505 259.405 254.624 290.712 326.094 331.986 344.117 377.177 382.689 434.332 444.609 440.724 468.164 459.870 433.048 408.468 408.854 383.867
-999.250 475.143 487.065 499.828 501.048 522.745 505.359 508.271 491.807 484.776 484.261 483.464 514.437 537.914 592.041 632.032 636.722 -999.250 -999.250 -999.250 -999.250 472.911 427.118 449.848 454.988 399.599 396.220 391.330 366.179 368.967 365.826 353.161 327.765 326.871 315.163 298.107 299.186 316.447 300.940 287.847 254.146 223.492 220.102 206.090 199.129 197.495 189.801 209.138 235.298 259.931 295.437 313.028 329.010 377.664 405.521 402.131 442.627 461.905 451.568 462.737 437.145 469.759 444.197 427.529
-999.250 489.903 490.341 477.510 489.789 511.747 508.266 506.597 481.328 475.137 447.717 405.844 501.142 525.706 614.741 603.616 628.841 -999.250 -999.250 -999.250 488.409 468.672 395.737 419.916 417.955 419.562 397.751 399.651 358.821 366.459 372.713 349.074 346.343 343.905 330.664 305.307 286.397 302.288 286.065 257.188 240.205 212.670 200.293 179.883 178.828 174.090 167.287 183.523 220.763 245.090 276.985 313.420 333.213 357.094 399.321 413.609 420.554 436.709 480.608 483.720 483.981 477.382 470.428 451.004
-999.250 -999.250 -999.250 503.200 -999.250 -999.250 505.278 490.407 466.831 -999.250 -999.250 -999.250 507.151 572.730 -999.250 -999.250 -999.250 -999.250 -999.250 -999.250 500.936 487.695 431.555 422.231 424.903 410.965 391.163 397.424 394.958 375.017 376.087 350.704 360.580 342.847 317.635 293.192 325.632 296.803 273.959 240.146 237.515 206.987 186.954 152.070 134.608 120.848 135.612 163.569 207.421 248.644 256.957 289.943 335.486 371.427 399.173 385.220 429.050 453.312 480.880 481.579 467.399 466.447 469.485 480.492
-999.250 -999.250 -999.250 -999.250 -999.250 -999.250 -999.250 -999.250 -999.250 -999.250 -999.250 -999.250 -999.250 583.724 609.682 627.471 -999.250 -999.250 -999.250 489.409 502.089 489.794 461.293 417.387 396.517 384.746 399.563 407.001 382.915 384.663 385.679 373.652 373.007 374.394 337.412 321.914 341.347 325.368 286.564 254.036 232.803 202.527 181.055 144.146 105.445 44.425 106.724 152.170 203.150 230.592 249.861 294.852 344.172 362.870 393.987 400.298 414.963 439.421 447.384 466.335 481.676 502.663 476.364 484.238
-999.250 -999.250 -999.250 -999.250 -999.250 -999.250 -999.250 -999.250 -999.250 -999.250 -999.250 529.497 547.643 575.975 624.936 642.455 -999.250 -999.250 531.105 491.038 488.033 451.622 468.101 422.648 388.460 386.102 389.821 401.097 407.537 418.423 397.357 391.662 386.493 369.871 349.580 331.059 345.105 302.033 289.865 247.998 244.735 230.446 191.128 153.186 128.633 93.277 128.484 161.387 201.045 242.152 266.592 317.315 336.977 374.516 384.803 383.069 377.069 405.873 443.184 455.185 461.279 497.742 486.936 492.108
-999.250 -999.250 -999.250 -999.250 -999.250 -999.250 -999.250 -999.250 -999.250 -999.250 -999.250 505.060 537.994 559.356 583.178 619.707 565.582 534.200 508.507 504.011 485.692 422.314 451.130 421.347 421.309 400.445 370.318 394.233 421.351 421.533 399.302 418.866 400.465 381.466 348.861 336.070 315.989 300.401 279.908 259.498 254.163 211.578 187.387 169.019 146.587 151.973 152.559 186.391 227.283 248.345 294.158 325.993 341.397 379.371 392.815 389.663 382.739 417.507 456.493 468.463 481.456 501.053 522.094 514.592
-999.250 -999.250 -999.250 -999.250 -999.250 -999.250 -999.250 -999.250 -999.250 -999.250 -999.250 -999.250 534.216 550.649 534.535 552.134 529.949 517.397 530.393 502.260 468.140 460.210 450.955 463.552 438.203 427.731 423.648 421.729 469.096 424.350 417.964 401.105 420.696 390.891 365.143 365.132 337.085 309.081 292.320 269.171 238.263 234.504 200.788 189.644 176.562 167.424 177.299 194.349 221.496 275.553 301.337 331.421 344.498 371.944 434.735 428.848 410.120 456.576 460.459 456.692 461.829 486.250 515.616 518.141
-999.250 -999.250 -999.250 -999.250 -999.250 -999.250 -999.250 -999.250 -999.250 -999.250 -999.250 -999.250 -999.250 542.780 518.743 520.309 535.581 509.528 492.807 490.777 490.247 492.718 481.450 466.023 450.207 453.393 459.482 455.215 466.867 444.606 437.211 469.820 428.050 379.854 366.093 359.337 344.583 329.904 283.677 264.179 256.413 247.162 218.347 203.961 197.832 214.677 208.048 240.606 246.219 276.259 291.612 328.082 338.758 377.861 413.300 414.803 404.758 454.832 437.511 465.250 475.459 492.700 516.890 520.006
-999.250 -999.250 -999.250 -999.250 -999.250 -999.250 -999.250 -999.250 -999.250 -999.250 -999.250 -999.250 -999.250 526.611 505.710 485.820 511.419 492.117 487.952 489.219 481.407 469.391 457.066 477.678 449.634 468.448 474.861 492.448 461.965 469.143 468.662 471.325 457.876 435.133 374.078 339.082 352.086 337.942 303.815 276.815 274.701 269.283 240.950 232.772 254.790 242.032 222.420 244.486 269.405 273.592 289.715 335.082 337.464 375.346 402.851 440.877 412.837 448.044 453.829 488.591 483.096 506.736 488.601 528.816
-999.250 -999.250 -999.250 -999.250 -999.250 -999.250 -999.250 -999.250 -999.250 -999.250 -999.250 -999.250 -999.250 530.352 505.898 492.487 490.370 472.252 469.458 467.756 468.048 446.124 446.779 458.622 465.981 472.568 502.416 512.835 486.496 480.671 488.855 463.543 455.238 422.908 410.723 399.049 390.483 341.027 324.705 302.179 294.470 292.603 266.918 265.479 252.822 243.963 221.279 255.806 272.651 298.634 319.642 324.320 352.949 381.742 412.547 463.754 436.395 453.197 443.428 449.797 480.262 485.034 493.806 503.579
-999.250 -999.250 -999.250 -999.250 -999.250 -999.250 -999.250 -999.250 -999.250 -999.250 -999.250 -999.250 -999.250 -999.250 499.152 478.454 458.500 438.920 381.812 410.492 454.064 484.362 480.855 476.276 481.064 511.872 515.689 508.788 490.935 503.466 498.798 494.281 450.713 455.066 386.386 408.476 384.051 359.928 327.045 326.260 319.389 307.695 292.330 282.235 271.470 264.274 243.249 259.221 297.592 309.673 321.605 338.967 363.122 393.433 410.950 440.813 437.571 429.723 414.974 460.991 463.343 486.880 502.420 497.475
-999.250 -999.250 -999.250 -999.250 -999.250 -999.250 -999.250 -999.250 -999.250 -999.250 -999.250 -999.250 -999.250 -999.250 478.590 457.966 431.108 426.659 394.099 423.487 419.569 470.935 493.125 486.814 504.858 508.416 505.104 529.124 516.825 513.990 511.982 498.885 487.630 474.148 413.147 419.696 380.918 382.406 348.801 342.440 313.438 301.345 289.892 304.382 289.949 287.519 264.651 273.323 288.720 298.928 323.949 338.503 369.205 364.283 373.380 412.299 429.233 435.446 429.995 479.674 458.728 488.404 476.276 487.908
-999.250 -999.250 -999.250 -999.250 -999.250 -999.250 -999.250 -999.250 -999.250 -999.250 -999.250 -999.250 -999.250 -999.250 482.783 470.998 460.284 414.644 421.201 415.979 425.118 454.788 487.166 476.256 491.609 509.997 516.231 520.899 529.637 535.514 523.390 498.606 475.155 485.715 467.880 455.657 402.082 378.002 351.339 323.375 342.779 319.314 303.279 304.706 288.929 304.898 294.498 303.791 289.986 310.165 345.953 337.877 348.929 357.696 369.641 402.324 419.918 442.551 426.803 468.192 454.671 494.458 473.152 491.812
-999.250 -999.250 -999.250 -999.250 -999.250 -999.250 -999.250 -999.250 -999.250 -999.250 -999.250 -999.250 -999.250 -999.250 499.458 474.251 461.444 446.979 429.020 411.978 442.112 467.268 468.158 496.214 483.344 -999.250 528.661 522.667 519.971 527.889 527.530 512.843 504.430 478.027 482.732 455.337 421.839 390.807 358.249 336.908 322.826 329.429 311.596 320.681 301.484 290.523 280.927 281.634 290.850 307.835 323.846 347.587 343.255 354.415 358.256 409.377 411.158 423.728 464.690 436.163 449.908 471.854 461.520 496.526
