data/medianmodel_15-Aug-2020.asc
ncols	141
nrows	288
xllcorner	-120191.398
yllcorner	-301404.813
cellsize	2000.000
NODATA_value	-999.250
[rows 90 to 119 of 288, columns 0 to 68 of 141]
-999.250 -999.250 -999.250 -999.250 -999.250 -999.250 -999.250 -999.250 -999.250 -999.250 -999.250 -999.250 -999.250 -999.250 -999.250 -999.250 -999.250 -999.250 -999.250 -999.250 -999.250 -999.250 -999.250 -999.250 -999.250 -999.250 -999.250 -999.250 -999.250 -999.250 -999.250 -999.250 0.000 0.000 0.000 0.000 0.000 0.000 0.000 0.000 0.000 0.000 0.000 0.000 0.000 0.642 3.845 5.249 5.896 5.537 5.982 5.346 4.585 4.267 3.302 2.563 3.056 3.732 2.966 2.885 3.173 2.809 3.794 1.129 0.000 0.000 0.000 0.000 0.000
-999.250 -999.250 -999.250 -999.250 -999.250 -999.250 -999.250 -999.250 -999.250 -999.250 -999.250 -999.250 -999.250 -999.250 -999.250 -999.250 -999.250 -999.250 -999.250 -999.250 -999.250 -999.250 -999.250 -999.250 -999.250 -999.250 -999.250 -999.250 -999.250 -999.250 -999.250 -999.250 0.000 0.000 0.000 0.000 0.000 0.000 0.000 0.000 0.000 0.000 0.000 0.000 0.000 0.000 0.000 2.455 3.726 3.851 4.463 3.558 3.186 3.852 3.782 3.897 3.494 3.836 5.270 6.286 5.585 3.484 2.386 0.316 0.000 0.000 0.000 0.000 0.000
-999.250 -999.250 -999.250 -999.250 -999.250 -999.250 -999.250 -999.250 -999.250 -999.250 -999.250 -999.250 -999.250 -999.250 -999.250 -999.250 -999.250 -999.250 -999.250 -999.250 -999.250 -999.250 -999.250 -999.250 -999.250 -999.250 -999.250 -999.250 -999.250 -999.250 -999.250 0.000 0.000 0.000 0.000 0.000 0.000 0.000 0.000 0.000 0.000 0.000 0.000 0.000 0.000 0.000 0.000 0.000 0.925 1.353 3.104 3.119 1.767 3.325 3.412 3.527 4.141 5.870 6.174 7.340 7.519 5.921 4.046 1.744 0.000 0.000 0.000 0.000 0.000
-999.250 -999.250 -999.250 -999.250 -999.250 -999.250 -999.250 -999.250 -999.250 -999.250 -999.250 -999.250 -999.250 -999.250 -999.250 -999.250 -999.250 -999.250 -999.250 -999.250 -999.250 -999.250 -999.250 -999.250 -999.250 -999.250 -999.250 -999.250 -999.250 -999.250 -999.250 0.000 0.000 0.000 0.000 0.000 0.000 0.000 0.000 0.000 0.000 0.000 0.000 0.000 0.000 0.000 0.000 0.000 0.056 0.216 1.533 2.534 2.209 2.863 2.976 3.699 4.974 7.136 8.852 10.309 10.642 8.928 6.424 4.125 1.948 0.000 0.000 0.000 0.000
-999.250 -999.250 -999.250 -999.250 -999.250 -999.250 -999.250 -999.250 -999.250 -999.250 -999.250 -999.250 -999.250 -999.250 -999.250 -999.250 -999.250 -999.250 -999.250 -999.250 -999.250 -999.250 -999.250 -999.250 -999.250 -999.250 -999.250 -999.250 -999.250 -999.250 -999.250 0.000 0.000 0.000 0.000 0.000 0.000 0.000 0.000 0.000 0.000 0.000 0.000 0.000 0.000 0.000 0.579 0.848 1.467 1.119 2.213 1.472 2.490 2.088 2.219 4.024 6.484 8.505 12.258 14.106 13.192 12.177 8.441 5.891 3.952 1.946 0.000 0.000 0.000
-999.250 -999.250 -999.250 -999.250 -999.250 -999.250 -999.250 -999.250 -999.250 -999.250 -999.250 -999.250 -999.250 -999.250 -999.250 -999.250 -999.250 -999.250 -999.250 -999.250 -999.250 -999.250 -999.250 -999.250 -999.250 -999.250 -999.250 -999.250 -999.250 -999.250 -999.250 0.000 0.000 0.000 0.000 0.000 0.000 0.000 0.000 0.000 0.000 0.000 0.000 0.181 1.260 2.426 4.331 4.782 5.116 3.442 3.787 3.293 3.066 2.841 3.738 4.465 6.643 9.217 15.464 19.000 19.142 15.467 11.681 9.187 6.447 3.341 0.731 0.000 0.000
-999.250 -999.250 -999.250 -999.250 -999.250 -999.250 -999.250 -999.250 -999.250 -999.250 -999.250 -999.250 -999.250 -999.250 -999.250 -999.250 -999.250 -999.250 -999.250 -999.250 -999.250 -999.250 -999.250 -999.250 -999.250 -999.250 -999.250 -999.250 -999.250 -999.250 0.000 0.000 0.000 0.000 0.000 0.000 0.000 0.000 0.000 0.000 0.000 0.000 0.000 2.584 4.746 6.650 8.290 8.166 7.178 6.967 7.161 5.545 5.257 5.165 4.651 3.838 5.612 10.140 16.655 28.703 22.418 18.030 15.527 11.047 8.122 6.141 3.767 0.479 0.000
-999.250 -999.250 -999.250 -999.250 -999.250 -999.250 -999.250 -999.250 -999.250 -999.250 -999.250 -999.250 -999.250 -999.250 -999.250 -999.250 -999.250 -999.250 -999.250 -999.250 -999.250 -999.250 -999.250 -999.250 -999.250 -999.250 -999.250 -999.250 -999.250 -999.250 0.000 0.000 0.000 0.000 0.000 0.000 0.000 0.000 0.000 0.000 0.000 0.592 1.409 2.906 6.348 9.464 15.065 11.155 10.324 10.368 8.890 8.998 7.962 6.927 6.496 4.962 3.352 6.053 13.047 19.349 18.732 17.937 17.079 14.159 12.110 8.526 5.451 2.150 0.000
-999.250 -999.250 -999.250 -999.250 -999.250 -999.250 -999.250 -999.250 -999.250 -999.250 -999.250 -999.250 -999.250 -999.250 -999.250 -999.250 -999.250 -999.250 -999.250 -999.250 -999.250 -999.250 -999.250 -999.250 -999.250 -999.250 -999.250 -999.250 -999.250 -999.250 0.000 0.000 0.000 0.000 0.000 0.000 0.000 0.000 0.000 1.130 2.810 2.960 3.148 4.985 7.038 10.215 12.609 12.763 12.562 11.652 12.222 12.601 12.292 11.191 9.227 5.997 2.662 0.000 7.891 12.220 16.585 16.139 15.501 15.809 17.593 10.149 6.059 2.715 0.881
-999.250 -999.250 -999.250 -999.250 -999.250 -999.250 -999.250 -999.250 -999.250 -999.250 -999.250 -999.250 -999.250 -999.250 -999.250 -999.250 -999.250 -999.250 -999.250 -999.250 -999.250 -999.250 -999.250 -999.250 -999.250 -999.250 -999.250 -999.250 -999.250 -999.250 0.000 0.000 0.000 0.000 0.000 0.000 0.000 0.000 0.000 2.277 5.713 4.130 3.230 6.016 8.087 10.102 11.100 12.005 13.189 15.261 16.178 17.111 18.227 18.443 14.170 9.734 6.227 4.569 6.752 11.096 11.763 13.375 13.063 13.761 12.707 10.126 6.420 3.372 0.389
-999.250 -999.250 -999.250 -999.250 -999.250 -999.250 -999.250 -999.250 -999.250 -999.250 -999.250 -999.250 -999.250 -999.250 -999.250 -999.250 -999.250 -999.250 -999.250 -999.250 -999.250 -999.250 -999.250 -999.250 -999.250 -999.250 -999.250 -999.250 -999.250 0.000 0.000 0.000 0.000 0.000 0.000 0.000 0.000 0.000 0.000 1.292 2.051 2.895 4.600 5.884 7.242 9.385 10.985 12.018 15.084 17.266 19.186 21.958 23.771 22.891 20.438 15.487 11.281 7.869 7.632 9.923 10.581 10.571 11.143 11.098 9.984 7.578 5.258 2.112 0.760
-999.250 -999.250 -999.250 -999.250 -999.250 -999.250 -999.250 -999.250 -999.250 -999.250 -999.250 -999.250 -999.250 -999.250 -999.250 -999.250 -999.250 -999.250 -999.250 -999.250 -999.250 -999.250 -999.250 -999.250 -999.250 -999.250 -999.250 -999.250 -999.250 0.000 0.000 0.000 0.000 0.000 0.000 0.000 0.000 0.000 0.000 0.000 0.608 1.916 3.934 5.849 6.982 8.130 10.079 12.005 17.313 18.306 20.899 27.469 33.750 34.326 26.448 20.401 14.192 9.637 10.053 8.984 9.415 9.508 8.855 8.578 6.898 5.816 3.588 0.719 0.000
-999.250 -999.250 -999.250 -999.250 -999.250 -999.250 -999.250 -999.250 -999.250 -999.250 -999.250 -999.250 -999.250 -999.250 -999.250 -999.250 -999.250 -999.250 -999.250 -999.250 -999.250 -999.250 -999.250 -999.250 -999.250 -999.250 -999.250 -999.250 -999.250 0.000 0.000 0.000 0.000 0.000 0.000 0.000 0.000 0.000 0.000 0.000 0.726 1.238 3.434 4.016 6.340 6.980 9.628 11.882 14.977 18.151 21.631 29.947 35.353 43.815 31.765 21.642 16.476 11.626 9.574 8.542 9.104 7.691 7.050 6.356 4.662 3.218 2.170 0.000 0.000
-999.250 -999.250 -999.250 -999.250 -999.250 -999.250 -999.250 -999.250 -999.250 -999.250 -999.250 -999.250 -999.250 -999.250 -999.250 -999.250 -999.250 -999.250 -999.250 -999.250 -999.250 -999.250 -999.250 -999.250 -999.250 -999.250 -999.250 -999.250 -999.250 0.000 0.000 0.000 0.000 0.000 0.000 0.000 0.000 0.000 0.000 0.000 0.056 0.457 2.169 3.261 3.826 6.093 8.172 9.464 13.298 16.615 23.634 27.074 31.507 32.816 26.446 20.885 14.548 10.069 7.636 8.042 6.597 6.451 4.418 4.599 2.529 0.948 0.306 0.000 0.000
-999.250 -999.250 -999.250 -999.250 -999.250 -999.250 -999.250 -999.250 -999.250 -999.250 -999.250 -999.250 -999.250 -999.250 -999.250 -999.250 -999.250 -999.250 -999.250 -999.250 -999.250 -999.250 -999.250 -999.250 -999.250 -999.250 -999.250 -999.250 0.000 0.000 0.000 0.000 0.000 0.000 0.000 0.000 0.000 0.000 0.000 0.000 0.000 0.780 1.006 2.012 3.500 5.447 7.220 8.322 11.421 15.501 18.296 20.729 22.656 21.221 17.944 13.865 9.535 7.443 7.069 6.498 6.091 4.725 3.123 2.469 0.636 0.000 0.000 0.000 0.000
-999.250 -999.250 -999.250 -999.250 -999.250 -999.250 -999.250 -999.250 -999.250 -999.250 -999.250 -999.250 -999.250 -999.250 -999.250 -999.250 -999.250 -999.250 -999.250 -999.250 -999.250 -999.250 -999.250 -999.250 -999.250 -999.250 -999.250 -999.250 0.000 0.000 0.000 0.000 0.000 0.000 0.000 0.000 0.000 0.000 1.664 0.665 0.000 0.000 0.000 0.141 2.159 4.202 6.708 6.784 9.148 11.951 13.749 14.507 14.311 14.452 11.299 7.836 6.144 5.194 4.534 3.901 3.428 2.666 1.189 0.000 0.000 0.000 0.000 0.000 0.000
-999.250 -999.250 -999.250 -999.250 -999.250 -999.250 -999.250 -999.250 -999.250 -999.250 -999.250 -999.250 -999.250 -999.250 -999.250 -999.250 -999.250 -999.250 -999.250 -999.250 -999.250 -999.250 -999.250 -999.250 -999.250 -999.250 -999.250 0.000 0.000 0.000 0.000 0.000 0.000 0.000 0.000 0.000 0.000 1.037 3.965 0.220 0.000 0.000 0.000 0.620 0.913 2.026 3.770 5.961 7.853 9.941 11.090 10.716 9.285 7.309 4.529 3.756 3.817 2.990 2.254 1.414 2.797 1.625 0.249 0.000 0.000 0.000 0.000 0.000 0.000
-999.250 -999.250 -999.250 -999.250 -999.250 -999.250 -999.250 -999.250 -999.250 -999.250 -999.250 -999.250 -999.250 -999.250 -999.250 -999.250 -999.250 -999.250 -999.250 -999.250 -999.250 -999.250 -999.250 -999.250 -999.250 -999.250 -999.250 0.000 0.000 0.000 0.000 0.000 0.000 0.000 0.000 0.000 0.000 0.281 0.986 0.499 0.000 0.000 0.000 0.000 0.148 1.003 3.611 5.182 7.082 7.592 8.460 7.914 6.018 3.120 0.000 0.000 0.000 0.841 2.814 3.982 3.854 2.081 0.000 0.000 0.000 0.000 0.000 0.000 0.000
-999.250 -999.250 -999.250 -999.250 -999.250 -999.250 -999.250 -999.250 -999.250 -999.250 -999.250 -999.250 -999.250 -999.250 -999.250 -999.250 -999.250 -999.250 -999.250 -999.250 -999.250 -999.250 -999.250 -999.250 -999.250 -999.250 -999.250 0.000 0.000 0.000 0.000 0.000 0.000 0.000 0.000 0.000 0.000 0.000 0.000 0.000 0.000 0.000 0.000 0.000 0.058 1.360 2.321 5.067 6.415 7.124 9.065 7.598 5.348 2.733 0.000 0.000 0.000 1.766 3.893 5.910 6.628 4.694 3.357 0.330 0.000 0.000 0.000 0.000 0.000
-999.250 -999.250 -999.250 -999.250 -999.250 -999.250 -999.250 -999.250 -999.250 -999.250 -999.250 -999.250 -999.250 -999.250 -999.250 -999.250 -999.250 -999.250 -999.250 -999.250 -999.250 -999.250 -999.250 -999.250 -999.250 -999.250 -999.250 0.000 0.000 0.000 1.702 0.000 0.000 0.000 0.000 0.000 0.000 0.000 0.000 0.000 0.000 0.000 0.000 0.000 0.380 0.576 2.995 4.079 6.369 7.898 8.516 8.802 6.875 3.294 0.135 0.037 0.920 3.776 6.648 9.024 9.993 8.036 7.047 4.382 2.113 1.171 0.000 0.000 0.000
-999.250 -999.250 -999.250 -999.250 -999.250 -999.250 -999.250 -999.250 -999.250 -999.250 -999.250 -999.250 -999.250 -999.250 -999.250 -999.250 -999.250 -999.250 -999.250 -999.250 -999.250 -999.250 -999.250 -999.250 -999.250 -999.250 -999.250 -999.250 0.000 0.000 0.000 0.000 0.000 0.000 0.000 0.000 0.000 0.000 0.000 0.000 0.000 0.000 0.000 0.000 0.000 0.857 1.764 4.944 6.938 9.212 12.390 12.157 9.699 6.220 3.296 2.856 3.658 6.258 8.225 13.074 16.453 13.547 10.094 7.085 5.306 3.393 0.820 0.000 0.000
-999.250 -999.250 -999.250 -999.250 -999.250 -999.250 -999.250 -999.250 -999.250 -999.250 -999.250 -999.250 -999.250 -999.250 -999.250 -999.250 -999.250 -999.250 -999.250 -999.250 -999.250 -999.250 -999.250 -999.250 -999.250 -999.250 -999.250 -999.250 0.000 0.000 0.000 0.000 0.000 0.000 0.000 0.000 0.000 0.000 0.000 0.000 0.000 0.000 0.000 0.000 0.000 1.354 2.678 4.812 8.218 10.832 14.871 16.754 13.953 8.905 5.944 4.405 4.795 7.000 9.859 17.161 26.281 18.006 12.460 9.580 7.245 4.680 2.354 0.816 0.000
-999.250 -999.250 -999.250 -999.250 -999.250 -999.250 -999.250 -999.250 -999.250 -999.250 -999.250 -999.250 -999.250 -999.250 -999.250 -999.250 -999.250 -999.250 -999.250 -999.250 -999.250 -999.250 -999.250 -999.250 -999.250 -999.250 -999.250 -999.250 0.000 0.000 0.000 0.000 0.000 0.000 0.000 0.000 0.000 0.000 0.000 0.000 0.000 0.000 0.000 0.000 0.000 0.000 1.720 5.995 9.358 12.945 19.202 22.114 18.203 11.627 7.858 5.828 4.638 6.966 10.289 14.440 18.736 17.067 14.136 11.121 8.518 7.833 5.130 3.807 0.800
-999.250 -999.250 -999.250 -999.250 -999.250 -999.250 -999.250 -999.250 -999.250 -999.250 -999.250 -999.250 -999.250 -999.250 -999.250 -999.250 -999.250 -999.250 -999.250 -999.250 -999.250 -999.250 -999.250 -999.250 -999.250 -999.250 -999.250 -999.250 0.000 0.000 0.000 0.000 0.000 0.000 0.000 0.000 0.000 0.000 0.000 0.000 0.000 0.000 0.000 0.000 0.000 0.000 0.595 4.523 9.183 14.426 22.386 31.476 20.426 12.677 8.650 6.358 5.571 6.606 9.203 13.099 16.157 16.009 15.197 12.720 11.104 9.470 8.875 7.263 5.725
-999.250 -999.250 -999.250 -999.250 -999.250 -999.250 -999.250 -999.250 -999.250 -999.250 -999.250 -999.250 -999.250 -999.250 -999.250 -999.250 -999.250 -999.250 -999.250 -999.250 -999.250 -999.250 -999.250 -999.250 -999.250 -999.250 -999.250 -999.250 0.000 0.000 0.000 0.000 0.000 0.000 0.000 0.000 0.000 0.000 0.000 0.000 0.000 0.000 0.000 0.000 0.000 0.000 0.300 3.909 7.748 12.980 18.109 20.099 16.573 11.532 8.060 6.160 5.382 5.953 7.883 10.804 13.054 15.737 16.343 13.619 14.382 14.344 13.215 13.620 11.535
-999.250 -999.250 -999.250 -999.250 -999.250 -999.250 -999.250 -999.250 -999.250 -999.250 -999.250 -999.250 -999.250 -999.250 -999.250 -999.250 -999.250 -999.250 -999.250 -999.250 -999.250 -999.250 -999.250 -999.250 -999.250 -999.250 -999.250 0.000 0.000 0.000 0.000 0.000 0.000 0.000 0.000 0.000 0.000 0.000 0.000 0.000 0.000 0.000 0.000 0.000 0.000 0.000 0.000 1.878 5.549 9.112 12.114 12.963 12.783 9.986 6.638 4.788 2.251 3.091 4.981 8.348 11.044 13.787 14.811 16.008 16.710 18.703 19.489 18.681 20.326
-999.250 -999.250 -999.250 -999.250 -999.250 -999.250 -999.250 -999.250 -999.250 -999.250 -999.250 -999.250 -999.250 -999.250 -999.250 -999.250 -999.250 -999.250 -999.250 -999.250 -999.250 -999.250 -999.250 -999.250 -999.250 -999.250 -999.250 0.000 0.000 0.000 0.000 0.000 0.000 0.000 0.000 0.000 0.000 0.000 0.000 0.000 0.000 0.000 0.000 0.000 0.000 0.000 0.000 0.000 2.388 4.595 6.670 7.317 7.710 6.309 4.588 2.125 0.618 0.000 1.433 6.170 8.973 12.646 15.799 18.641 21.958 23.366 26.280 29.785 31.340
-999.250 -999.250 -999.250 -999.250 -999.250 -999.250 -999.250 -999.250 -999.250 -999.250 -999.250 -999.250 -999.250 -999.250 -999.250 -999.250 -999.250 -999.250 -999.250 -999.250 -999.250 -999.250 -999.250 -999.250 -999.250 -999.250 -999.250 0.000 0.000 0.000 0.000 0.000 0.000 0.000 0.000 0.000 0.000 0.000 0.000 0.000 0.000 0.000 0.000 0.000 0.000 0.000 0.000 0.000 0.000 0.000 2.267 3.906 3.870 3.978 1.092 0.000 0.000 0.000 1.039 4.954 8.008 12.741 16.200 21.497 28.407 32.271 36.960 39.222 41.026
-999.250 -999.250 -999.250 -999.250 -999.250 -999.250 -999.250 -999.250 -999.250 -999.250 -999.250 -999.250 -999.250 -999.250 -999.250 -999.250 -999.250 -999.250 -999.250 -999.250 -999.250 -999.250 -999.250 -999.250 -999.250 -999.250 0.000 0.413 0.000 0.000 0.000 0.000 0.000 0.000 0.000 0.000 0.000 0.000 0.000 0.000 0.000 0.000 0.000 0.000 0.000 0.000 0.000 0.000 0.000 0.000 0.000 0.106 0.326 0.585 0.000 0.000 0.000 0.000 0.000 5.209 8.462 14.088 20.163 25.831 34.001 41.979 43.176 46.709 49.917
-999.250 -999.250 -999.250 -999.250 -999.250 -999.250 -999.250 -999.250 -999.250 -999.250 -999.250 -999.250 -999.250 -999.250 -999.250 -999.250 -999.250 -999.250 -999.250 -999.250 -999.250 -999.250 -999.250 -999.250 -999.250 -999.250 0.487 0.235 0.000 0.000 0.000 0.000 0.000 0.000 0.000 0.000 0.000 0.000 0.000 0.000 0.000 0.000 0.000 0.000 0.000 0.000 0.000 0.000 0.000 0.000 0.000 0.000 0.000 0.000 0.000 0.000 0.000 0.000 0.000 3.673 8.121 14.831 20.534 29.753 38.978 42.753 48.644 54.274 67.957
