data/medianmodel_10-Jun-2020.asc
ncols	141
nrows	288
xllcorner	-120191.398
yllcorner	-301404.813
cellsize	2000.000
NODATA_value	-999.250
[rows 248 to 278 of 288, columns 0 to 68 of 141]
-999.250 -999.250 -999.250 -999.250 -999.250 -999.250 -999.250 -999.250 -999.250 -999.250 -999.250 -999.250 -999.250 -999.250 -999.250 -999.250 -999.250 -999.250 -999.250 -999.250 -999.250 -999.250 -999.250 -999.250 -999.250 -999.250 -999.250 -999.250 -999.250 -999.250 5.673 4.786 4.933 4.169 5.456 0.440 1.871 3.710 2.057 2.172 2.983 2.587 3.748 4.489 3.589 1.476 0.000 0.629 2.004 0.464 0.000 0.000 0.000 0.000 0.000 0.000 0.000 0.000 0.000 0.000 0.000 0.000 0.000 0.000 0.000 0.000 0.000 0.000 0.000
-999.250 -999.250 -999.250 -999.250 -999.250 -999.250 -999.250 -999.250 -999.250 -999.250 -999.250 -999.250 -999.250 -999.250 -999.250 -999.250 -999.250 -999.250 -999.250 -999.250 -999.250 -999.250 -999.250 -999.250 -999.250 -999.250 -999.250 -999.250 -999.250 -999.250 4.329 5.413 3.775 4.586 3.923 3.854 3.395 3.267 2.813 2.357 1.269 3.029 1.529 6.835 1.740 0.754 1.090 0.000 0.831 1.543 0.000 0.000 0.000 0.000 0.000 0.000 0.000 0.000 0.000 0.000 0.000 0.000 0.000 0.000 0.000 0.000 0.000 0.000 0.000
-999.250 -999.250 -999.250 -999.250 -999.250 -999.250 -999.250 -999.250 -999.250 -999.250 -999.250 -999.250 -999.250 -999.250 -999.250 -999.250 -999.250 -999.250 -999.250 -999.250 -999.250 -999.250 -999.250 -999.250 -999.250 -999.250 -999.250 -999.250 -999.250 -999.250 3.591 4.071 3.615 2.962 3.740 3.242 3.821 3.300 1.340 4.703 4.857 4.023 3.738 4.116 3.279 1.430 0.247 0.000 0.042 0.367 0.000 0.000 0.000 0.000 0.000 0.000 0.000 0.000 0.000 0.000 0.000 0.000 0.000 0.000 0.000 0.000 0.000 0.000 0.000
-999.250 -999.250 -999.250 -999.250 -999.250 -999.250 -999.250 -999.250 -999.250 -999.250 -999.250 -999.250 -999.250 -999.250 -999.250 -999.250 -999.250 -999.250 -999.250 -999.250 -999.250 -999.250 -999.250 -999.250 -999.250 -999.250 -999.250 -999.250 -999.250 -999.250 2.802 3.870 4.365 3.025 4.150 2.944 4.741 3.981 3.745 8.092 4.488 1.543 2.922 3.626 2.951 0.333 0.000 0.000 0.000 0.000 0.000 0.000 0.000 0.000 0.000 0.000 0.000 0.000 0.000 0.000 0.000 0.000 0.000 0.000 0.000 0.000 0.000 0.000 0.000
-999.250 -999.250 -999.250 -999.250 -999.250 -999.250 -999.250 -999.250 -999.250 -999.250 -999.250 -999.250 -999.250 -999.250 -999.250 -999.250 -999.250 -999.250 -999.250 -999.250 -999.250 -999.250 -999.250 -999.250 -999.250 -999.250 -999.250 -999.250 -999.250 4.398 2.301 2.089 3.972 3.729 3.224 2.766 5.403 7.020 4.737 4.595 2.175 0.625 0.308 1.905 1.264 1.371 0.000 0.000 0.000 0.000 0.000 0.000 0.000 0.000 0.000 0.000 0.000 0.000 0.000 0.000 0.000 0.000 0.000 0.000 0.000 0.000 0.000 0.000 0.000
-999.250 -999.250 -999.250 -999.250 -999.250 -999.250 -999.250 -999.250 -999.250 -999.250 -999.250 -999.250 -999.250 -999.250 -999.250 -999.250 -999.250 -999.250 -999.250 -999.250 -999.250 -999.250 -999.250 -999.250 -999.250 -999.250 -999.250 -999.250 -999.250 -999.250 3.998 3.633 2.774 2.250 1.106 1.250 5.810 4.319 2.786 2.799 2.842 1.512 0.128 1.990 0.000 0.000 0.000 0.138 0.150 0.000 1.135 0.000 0.000 0.000 0.000 0.000 0.000 0.000 0.000 0.000 0.000 0.000 0.000 0.000 0.000 0.000 0.000 0.000 0.000
-999.250 -999.250 -999.250 -999.250 -999.250 -999.250 -999.250 -999.250 -999.250 -999.250 -999.250 -999.250 -999.250 -999.250 -999.250 -999.250 -999.250 -999.250 -999.250 -999.250 -999.250 -999.250 -999.250 -999.250 -999.250 -999.250 -999.250 -999.250 -999.250 -999.250 6.070 3.354 1.110 1.583 0.655 2.375 4.206 3.656 3.543 2.748 0.000 0.260 1.019 0.000 0.000 0.000 1.413 1.090 1.126 0.000 0.000 0.000 0.000 0.000 0.000 0.000 0.000 0.000 0.000 0.000 0.000 0.000 0.000 0.000 0.000 0.000 0.000 0.000 0.000
-999.250 -999.250 -999.250 -999.250 -999.250 -999.250 -999.250 -999.250 -999.250 -999.250 -999.250 -999.250 -999.250 -999.250 -999.250 -999.250 -999.250 -999.250 -999.250 -999.250 -999.250 -999.250 -999.250 -999.250 -999.250 -999.250 -999.250 -999.250 -999.250 -999.250 -999.250 3.979 1.400 1.324 1.964 2.087 0.550 1.927 2.779 2.247 0.000 0.203 1.219 0.000 0.000 0.000 0.492 1.637 1.907 1.844 0.157 0.000 0.000 0.000 0.000 0.000 0.000 0.000 0.000 0.000 0.000 0.000 0.000 0.000 0.000 0.000 0.000 0.000 0.000
-999.250 -999.250 -999.250 -999.250 -999.250 -999.250 -999.250 -999.250 -999.250 -999.250 -999.250 -999.250 -999.250 -999.250 -999.250 -999.250 -999.250 -999.250 -999.250 -999.250 -999.250 -999.250 -999.250 -999.250 -999.250 -999.250 -999.250 -999.250 -999.250 -999.250 -999.250 2.480 1.312 0.148 0.000 2.009 1.291 3.856 1.879 0.000 0.000 0.000 0.490 0.000 0.000 0.284 1.043 0.000 1.992 2.330 0.000 0.000 0.000 0.000 0.000 0.000 0.000 0.000 0.000 0.000 0.000 0.000 0.000 0.000 0.000 0.000 0.000 0.000 0.000
-999.250 -999.250 -999.250 -999.250 -999.250 -999.250 -999.250 -999.250 -999.250 -999.250 -999.250 -999.250 -999.250 -999.250 -999.250 -999.250 -999.250 -999.250 -999.250 -999.250 -999.250 -999.250 -999.250 -999.250 -999.250 -999.250 -999.250 -999.250 -999.250 -999.250 1.228 0.609 3.618 3.830 0.533 1.163 0.743 5.837 1.401 2.572 3.481 0.876 0.000 0.000 0.000 0.000 0.478 2.651 2.182 0.475 0.000 0.000 0.000 0.000 0.000 0.000 0.000 0.000 0.000 0.000 0.000 0.000 0.000 0.000 0.000 0.000 0.000 0.000 0.000
-999.250 -999.250 -999.250 -999.250 -999.250 -999.250 -999.250 -999.250 -999.250 -999.250 -999.250 -999.250 -999.250 -999.250 -999.250 -999.250 -999.250 -999.250 -999.250 -999.250 -999.250 -999.250 -999.250 -999.250 -999.250 -999.250 -999.250 -999.250 -999.250 -999.250 0.336 0.000 4.096 2.013 0.000 0.490 1.597 3.609 2.622 0.790 2.700 0.000 0.000 0.000 0.000 0.000 0.000 0.000 0.438 0.000 0.000 0.000 0.000 0.000 0.000 0.000 0.000 0.000 0.000 0.000 0.000 0.000 0.000 0.000 0.000 0.000 0.000 0.000 0.000
-999.250 -999.250 -999.250 -999.250 -999.250 -999.250 -999.250 -999.250 -999.250 -999.250 -999.250 -999.250 -999.250 -999.250 -999.250 -999.250 -999.250 -999.250 -999.250 -999.250 -999.250 -999.250 -999.250 -999.250 -999.250 -999.250 -999.250 -999.250 -999.250 -999.250 0.000 0.012 0.092 2.071 0.350 2.668 2.753 1.883 0.371 0.000 2.223 1.172 0.000 3.652 2.393 0.000 0.000 0.000 0.000 0.000 0.000 0.000 0.000 0.000 0.000 0.000 0.000 0.000 0.000 0.000 0.000 0.000 0.000 0.000 0.000 0.000 0.000 0.000 0.000
-999.250 -999.250 -999.250 -999.250 -999.250 -999.250 -999.250 -999.250 -999.250 -999.250 -999.250 -999.250 -999.250 -999.250 -999.250 -999.250 -999.250 -999.250 -999.250 -999.250 -999.250 -999.250 -999.250 -999.250 -999.250 -999.250 -999.250 -999.250 -999.250 -999.250 0.247 0.292 1.341 1.773 0.102 1.455 2.327 0.000 1.363 0.000 1.889 0.936 1.555 0.089 0.637 0.000 0.000 0.571 0.390 0.000 0.000 0.000 0.000 0.000 0.000 0.000 0.000 0.000 0.000 0.000 0.000 0.000 0.000 0.000 0.000 0.000 0.000 0.000 0.000
-999.250 -999.250 -999.250 -999.250 -999.250 -999.250 -999.250 -999.250 -999.250 -999.250 -999.250 -999.250 -999.250 -999.250 -999.250 -999.250 -999.250 -999.250 -999.250 -999.250 -999.250 -999.250 -999.250 -999.250 -999.250 -999.250 -999.250 -999.250 -999.250 -999.250 0.036 0.000 0.194 2.905 1.230 4.339 1.382 0.000 0.000 0.000 0.808 1.243 0.468 0.000 0.000 0.000 0.000 0.000 0.000 0.000 0.000 0.000 0.000 0.046 0.000 0.000 0.000 0.000 0.000 0.000 0.000 0.000 0.000 0.000 0.120 0.797 0.000 0.000 0.000
-999.250 -999.250 -999.250 -999.250 -999.250 -999.250 -999.250 -999.250 -999.250 -999.250 -999.250 -999.250 -999.250 -999.250 -999.250 -999.250 -999.250 -999.250 -999.250 -999.250 -999.250 -999.250 -999.250 -999.250 -999.250 -999.250 -999.250 -999.250 -999.250 -999.250 0.000 0.579 0.000 0.000 0.000 0.089 0.156 0.000 0.000 0.098 0.046 0.000 0.000 0.854 0.000 0.000 0.000 0.122 0.000 0.000 0.000 0.000 0.000 0.000 0.000 0.000 0.000 0.000 0.000 0.000 0.000 0.000 0.000 0.000 0.000 2.998 2.196 0.000 0.160
-999.250 -999.250 -999.250 -999.250 -999.250 -999.250 -999.250 -999.250 -999.250 -999.250 -999.250 -999.250 -999.250 -999.250 -999.250 -999.250 -999.250 -999.250 -999.250 -999.250 -999.250 -999.250 -999.250 -999.250 -999.250 -999.250 -999.250 -999.250 -999.250 0.000 0.000 0.000 0.000 0.000 0.486 0.000 0.084 0.000 0.000 0.000 0.000 0.000 1.831 0.045 0.000 0.000 0.000 0.000 0.000 0.000 0.000 0.000 0.000 0.000 0.000 0.000 0.000 0.000 0.000 0.000 0.000 0.000 0.000 1.258 0.000 2.054 3.209 1.232 0.516
-999.250 -999.250 -999.250 -999.250 -999.250 -999.250 -999.250 -999.250 -999.250 -999.250 -999.250 -999.250 -999.250 -999.250 -999.250 -999.250 -999.250 -999.250 -999.250 -999.250 -999.250 -999.250 -999.250 -999.250 -999.250 -999.250 -999.250 -999.250 -999.250 0.000 0.000 0.000 0.000 0.000 0.001 0.000 0.000 0.106 0.000 0.000 0.000 0.000 0.000 0.363 1.070 0.000 1.113 1.584 0.000 0.600 0.000 0.232 0.000 0.000 0.000 0.000 0.237 0.000 0.000 0.000 0.153 0.000 0.415 1.025 2.535 0.648 2.931 1.039 1.617
-999.250 -999.250 -999.250 -999.250 -999.250 -999.250 -999.250 -999.250 -999.250 -999.250 -999.250 -999.250 -999.250 -999.250 -999.250 -999.250 -999.250 -999.250 -999.250 -999.250 -999.250 -999.250 -999.250 -999.250 -999.250 -999.250 -999.250 -999.250 0.000 0.000 0.000 0.000 0.000 0.000 0.000 0.000 0.000 0.000 0.000 0.000 0.000 0.000 0.000 0.000 0.000 0.000 0.000 1.141 2.020 0.000 0.000 0.588 0.000 0.000 1.097 0.506 0.077 0.278 0.079 0.403 0.430 0.728 0.183 2.039 0.509 0.000 2.630 0.000 2.148
-999.250 -999.250 -999.250 -999.250 -999.250 -999.250 -999.250 -999.250 -999.250 -999.250 -999.250 -999.250 -999.250 -999.250 -999.250 -999.250 -999.250 -999.250 -999.250 -999.250 -999.250 -999.250 -999.250 -999.250 -999.250 -999.250 -999.250 -999.250 0.000 0.000 0.000 0.000 0.000 0.000 0.000 0.000 0.000 0.000 0.000 0.000 0.000 0.000 0.000 0.000 0.000 0.000 0.000 1.343 1.131 0.000 2.096 1.128 0.000 0.523 0.538 1.178 0.062 0.218 1.605 1.588 2.511 3.247 3.999 3.208 3.310 0.893 2.265 2.679 0.692
-999.250 -999.250 -999.250 -999.250 -999.250 -999.250 -999.250 -999.250 -999.250 -999.250 -999.250 -999.250 -999.250 -999.250 -999.250 -999.250 -999.250 -999.250 -999.250 -999.250 -999.250 -999.250 -999.250 -999.250 -999.250 -999.250 -999.250 0.000 0.000 0.000 0.000 0.000 0.000 0.000 0.000 0.000 0.128 0.254 0.000 0.000 0.000 0.000 0.000 0.000 0.000 0.000 0.000 0.133 1.152 0.000 0.000 0.000 0.144 0.961 1.015 2.408 0.601 3.178 3.212 5.563 5.584 3.432 3.918 4.684 3.672 4.374 2.365 3.258 0.734
-999.250 -999.250 -999.250 -999.250 -999.250 -999.250 -999.250 -999.250 -999.250 -999.250 -999.250 -999.250 -999.250 -999.250 -999.250 -999.250 -999.250 -999.250 -999.250 -999.250 -999.250 -999.250 -999.250 -999.250 -999.250 -999.250 -999.250 0.000 0.000 0.000 0.000 0.000 0.000 0.000 0.000 0.000 0.776 1.050 0.059 0.000 0.000 0.000 0.000 0.000 0.000 0.000 0.000 0.459 1.235 0.000 0.675 1.214 0.000 0.332 1.531 1.308 2.629 2.352 5.372 5.514 3.919 2.841 4.290 3.427 4.927 4.818 2.684 0.338 1.389
-999.250 -999.250 -999.250 -999.250 -999.250 -999.250 -999.250 -999.250 -999.250 -999.250 -999.250 -999.250 -999.250 -999.250 -999.250 -999.250 -999.250 -999.250 -999.250 -999.250 -999.250 -999.250 -999.250 -999.250 -999.250 -999.250 -999.250 0.000 0.000 0.000 0.000 0.000 0.000 0.000 0.000 0.000 0.000 0.748 1.900 0.000 0.000 0.000 0.050 0.000 0.000 0.000 0.000 0.311 3.250 0.105 0.760 0.000 0.437 0.904 1.804 2.761 0.173 1.015 2.877 2.213 3.975 1.591 1.262 3.656 4.365 3.491 1.011 0.000 0.747
-999.250 -999.250 -999.250 -999.250 -999.250 -999.250 -999.250 -999.250 -999.250 -999.250 -999.250 -999.250 -999.250 -999.250 -999.250 -999.250 -999.250 -999.250 -999.250 -999.250 -999.250 -999.250 -999.250 -999.250 -999.250 -999.250 -999.250 0.000 0.000 0.000 0.000 0.000 0.000 0.000 0.000 0.000 1.499 4.282 3.475 2.691 0.721 0.422 0.552 0.000 0.000 0.000 0.000 0.903 0.621 0.350 2.239 0.335 0.190 2.569 2.150 2.702 0.000 1.601 3.439 1.870 3.852 2.547 2.841 3.229 4.585 2.410 0.470 0.017 0.000
-999.250 -999.250 -999.250 -999.250 -999.250 -999.250 -999.250 -999.250 -999.250 -999.250 -999.250 -999.250 -999.250 -999.250 -999.250 -999.250 -999.250 -999.250 -999.250 -999.250 -999.250 -999.250 -999.250 -999.250 -999.250 -999.250 -999.250 0.000 0.000 0.000 0.000 0.000 0.000 0.000 0.000 0.841 0.275 2.125 2.259 3.994 0.286 1.529 2.035 0.000 0.000 0.000 0.000 2.660 0.445 1.429 0.310 1.133 1.336 4.012 3.043 2.116 1.124 0.421 1.780 2.138 3.243 1.387 3.303 3.729 5.113 1.475 1.839 0.414 1.043
-999.250 -999.250 -999.250 -999.250 -999.250 -999.250 -999.250 -999.250 -999.250 -999.250 -999.250 -999.250 -999.250 -999.250 -999.250 -999.250 -999.250 -999.250 -999.250 -999.250 -999.250 -999.250 -999.250 -999.250 -999.250 -999.250 -999.250 0.000 0.000 0.000 0.000 0.000 0.000 0.000 0.000 0.557 2.941 0.788 3.694 2.222 3.232 2.228 1.996 0.077 1.546 0.011 1.912 2.376 0.254 1.334 1.261 0.462 1.170 1.617 3.854 2.768 2.530 2.120 1.016 2.973 0.000 3.805 0.901 3.371 2.083 2.052 1.881 1.628 0.077
-999.250 -999.250 -999.250 -999.250 -999.250 -999.250 -999.250 -999.250 -999.250 -999.250 -999.250 -999.250 -999.250 -999.250 -999.250 -999.250 -999.250 -999.250 -999.250 -999.250 -999.250 -999.250 -999.250 -999.250 -999.250 -999.250 0.000 0.000 0.000 0.000 0.000 0.000 0.000 0.000 0.000 0.305 2.146 3.889 2.829 2.914 3.612 5.360 4.310 0.498 2.025 0.000 3.516 3.011 1.302 0.132 0.124 0.663 0.133 1.422 4.037 3.521 1.994 1.885 3.767 4.379 1.785 1.816 1.488 3.489 2.045 2.415 1.050 0.548 0.515
-999.250 -999.250 -999.250 -999.250 -999.250 -999.250 -999.250 -999.250 -999.250 -999.250 -999.250 -999.250 -999.250 -999.250 -999.250 -999.250 -999.250 -999.250 -999.250 -999.250 -999.250 -999.250 -999.250 -999.250 -999.250 -999.250 0.000 0.000 0.000 0.000 0.000 0.000 0.000 0.000 0.000 2.705 1.763 4.537 3.779 4.620 4.853 8.004 6.947 1.858 1.215 1.001 1.736 4.827 3.088 0.556 0.110 0.000 2.456 0.640 2.926 3.633 2.174 2.704 2.927 3.024 4.826 3.328 1.533 3.087 4.209 1.336 0.723 1.763 0.111
-999.250 -999.250 -999.250 -999.250 -999.250 -999.250 -999.250 -999.250 -999.250 -999.250 -999.250 -999.250 -999.250 -999.250 -999.250 -999.250 -999.250 -999.250 -999.250 -999.250 -999.250 -999.250 -999.250 -999.250 -999.250 0.000 0.000 0.000 0.000 0.000 0.000 0.000 0.000 0.000 0.000 0.484 0.000 4.368 5.587 4.336 7.248 16.221 8.545 2.475 0.403 0.000 0.388 0.276 2.529 0.034 0.000 0.000 1.342 2.986 6.107 3.949 2.415 2.158 1.509 2.603 4.378 3.776 3.844 3.487 2.174 2.560 1.600 2.348 0.908
-999.250 -999.250 -999.250 -999.250 -999.250 -999.250 -999.250 -999.250 -999.250 -999.250 -999.250 -999.250 -999.250 -999.250 -999.250 -999.250 -999.250 -999.250 -999.250 -999.250 -999.250 -999.250 -999.250 -999.250 -999.250 0.000 0.000 0.000 0.000 0.000 0.000 0.000 0.000 0.000 0.000 0.000 0.000 2.911 3.311 4.125 6.263 8.172 7.178 3.413 0.000 0.000 0.000 0.000 0.000 1.155 0.000 0.000 0.000 2.051 3.234 7.804 5.102 4.577 4.085 5.335 6.064 7.257 8.737 7.079 4.989 2.175 0.845 0.673 0.393
-999.250 -999.250 -999.250 -999.250 -999.250 -999.250 -999.250 -999.250 -999.250 -999.250 -999.250 -999.250 -999.250 -999.250 -999.250 -999.250 -999.250 -999.250 -999.250 -999.250 -999.250 -999.250 -999.250 -999.250 -999.250 0.000 0.000 0.000 0.000 0.000 0.000 0.000 0.000 0.000 0.000 0.000 0.000 0.000 0.011 1.853 2.969 3.420 3.632 2.521 0.000 0.000 0.000 0.000 0.000 0.000 2.760 0.000 0.000 2.202 3.244 5.050 4.309 4.668 5.328 3.688 4.712 8.153 18.924 9.204 5.715 0.005 2.202 2.581 1.367
-999.250 -999.250 -999.250 -999.250 -999.250 -999.250 -999.250 -999.250 -999.250 -999.250 -999.250 -999.250 -999.250 -999.250 -999.250 -999.250 -999.250 -999.250 -999.250 -999.250 -999.250 -999.250 -999.250 -999.250 0.000 0.000 0.000 0.000 0.000 0.000 0.000 0.000 0.000 0.000 0.000 0.000 0.000 0.000 0.590 0.824 0.233 1.381 0.859 0.000 0.000 0.000 0.000 0.000 0.000 0.000 0.474 0.134 1.619 2.346 4.579 4.651 5.214 6.862 5.954 5.500 5.832 6.653 9.276 5.989 4.901 3.816 1.586 2.637 1.755
