data/medianmodel_27-Oct-2020.asc
ncols	141
nrows	288
xllcorner	-120191.398
yllcorner	-301404.813
cellsize	2000.000
NODATA_value	-999.250
[rows 87 to 115 of 288, columns 66 to 131 of 141]
184.983 165.779 168.986 147.218 160.014 179.721 158.167 140.249 144.253 146.659 137.405 136.279 135.538 140.478 171.317 200.131 214.587 217.104 212.651 218.284 212.543 212.774 197.273 199.649 213.416 267.410 313.890 379.498 509.083 510.503 610.870 672.133 701.941 656.123 595.318 544.637 494.698 376.406 350.356 345.865 294.689 248.720 244.038 205.762 206.870 164.407 161.642 129.103 -999.250 -999.250 -999.250 -999.250 -999.250 -999.250 -999.250 -999.250 -999.250 -999.250 -999.250 -999.250 -999.250 -999.250 -999.250 -999.250 -999.250 -999.250
172.222 163.771 155.357 131.534 152.929 162.860 160.612 146.176 146.402 141.966 141.648 142.979 132.688 143.566 160.118 165.895 171.137 201.494 178.400 165.671 187.082 193.564 199.053 230.934 245.347 279.244 363.144 428.425 502.021 609.885 662.472 785.240 753.005 608.729 604.319 640.353 540.664 411.705 340.480 319.834 277.292 271.087 240.812 195.673 195.794 175.110 186.282 148.304 132.104 166.732 -999.250 -999.250 -999.250 -999.250 -999.250 -999.250 -999.250 -999.250 -999.250 -999.250 -999.250 -999.250 -999.250 -999.250 -999.250 -999.250
151.484 143.119 134.870 135.497 155.682 154.155 167.123 144.359 137.459 143.662 131.967 131.886 125.055 140.830 140.918 133.072 146.120 154.505 152.387 167.749 173.510 180.866 198.059 249.884 280.527 327.076 406.603 501.038 580.594 621.913 713.948 771.249 695.005 683.721 605.359 628.144 518.855 421.920 353.337 320.061 285.546 231.839 189.219 166.940 210.589 170.145 167.784 148.745 156.504 169.209 -999.250 -999.250 -999.250 -999.250 -999.250 -999.250 -999.250 -999.250 -999.250 -999.250 -999.250 -999.250 -999.250 -999.250 -999.250 -999.250
152.579 135.689 114.472 136.833 138.568 153.043 144.496 131.874 126.142 128.167 115.588 119.106 105.322 122.053 117.566 115.762 121.095 130.796 143.555 154.634 166.585 171.264 202.923 239.860 296.015 424.957 562.372 484.240 574.526 592.308 725.000 731.378 649.879 683.512 621.323 604.324 502.528 459.396 347.328 309.437 282.679 203.088 184.859 177.568 173.295 176.550 163.591 162.269 168.160 182.304 -999.250 -999.250 -999.250 -999.250 -999.250 -999.250 -999.250 -999.250 -999.250 -999.250 -999.250 -999.250 -999.250 -999.250 -999.250 -999.250
133.685 114.462 114.788 130.743 133.516 131.257 133.000 115.046 115.712 124.380 116.331 113.531 110.606 116.194 105.397 106.199 94.951 111.072 119.454 125.787 151.104 164.838 224.830 246.337 375.102 476.322 603.994 551.633 617.128 683.993 741.818 651.716 683.762 625.589 504.963 485.243 463.401 435.351 392.308 294.215 258.674 209.207 183.453 200.514 176.791 167.956 191.676 192.103 194.749 -999.250 -999.250 -999.250 -999.250 -999.250 -999.250 -999.250 -999.250 -999.250 -999.250 -999.250 -999.250 -999.250 -999.250 -999.250 -999.250 -999.250
99.767 100.206 98.163 101.942 106.030 108.640 99.389 105.993 100.727 107.158 103.937 97.663 95.349 101.802 89.556 85.155 84.509 90.408 101.685 118.785 159.890 190.920 249.374 302.566 436.715 511.443 560.591 590.633 667.740 676.646 738.645 657.611 634.434 571.153 549.540 450.384 424.932 418.312 335.531 260.147 241.694 208.675 185.861 196.720 188.531 176.732 194.612 221.747 203.942 -999.250 -999.250 -999.250 -999.250 -999.250 -999.250 -999.250 -999.250 -999.250 -999.250 -999.250 -999.250 -999.250 -999.250 -999.250 -999.250 -999.250
90.116 79.363 87.218 82.673 91.236 87.716 78.426 101.805 90.097 93.930 81.822 87.780 81.965 79.962 86.921 71.743 66.899 84.616 86.029 117.920 161.465 211.827 276.360 366.797 506.374 570.543 561.069 659.109 685.005 655.776 627.363 638.834 677.211 499.868 483.100 398.666 346.393 314.403 292.937 262.931 207.260 200.374 174.417 197.731 171.436 173.315 203.216 213.266 -999.250 -999.250 -999.250 -999.250 -999.250 -999.250 -999.250 -999.250 -999.250 -999.250 -999.250 -999.250 -999.250 -999.250 -999.250 -999.250 -999.250 -999.250
71.837 64.718 68.546 73.258 73.670 77.413 83.293 84.744 80.621 77.744 71.607 71.169 78.944 68.769 77.779 68.158 61.223 64.744 84.658 107.331 165.160 235.993 294.219 410.746 489.749 549.864 621.334 702.463 694.293 652.586 581.025 578.177 541.866 528.610 464.309 384.784 327.231 296.914 249.719 246.969 205.687 181.146 190.227 166.589 182.246 193.802 180.262 204.121 -999.250 -999.250 -999.250 -999.250 -999.250 -999.250 -999.250 -999.250 -999.250 -999.250 -999.250 -999.250 -999.250 -999.250 -999.250 -999.250 -999.250 -999.250
68.236 57.214 60.222 61.921 67.664 65.773 68.330 71.137 73.971 75.578 68.352 67.836 64.753 62.498 57.687 55.133 56.878 61.191 72.881 99.767 157.841 226.429 305.634 395.361 492.829 672.547 677.697 704.383 736.436 710.328 694.883 647.522 536.311 502.188 421.036 322.162 300.901 283.826 242.169 247.081 194.868 170.013 176.404 157.362 158.347 211.584 215.637 217.589 -999.250 -999.250 -999.250 -999.250 -999.250 -999.250 -999.250 -999.250 -999.250 -999.250 -999.250 -999.250 -999.250 -999.250 -999.250 -999.250 -999.250 -999.250
58.167 55.776 51.260 59.019 60.693 64.873 64.861 71.556 68.967 65.998 71.766 68.050 64.422 58.469 56.514 53.649 51.498 60.475 68.687 112.947 178.653 232.269 319.243 422.725 506.428 701.222 775.769 768.581 847.947 751.371 740.029 665.228 605.090 555.879 393.980 313.573 253.540 231.070 220.963 224.164 198.673 184.745 166.374 188.083 195.915 192.709 191.591 195.326 228.206 -999.250 -999.250 -999.250 -999.250 -999.250 -999.250 -999.250 -999.250 -999.250 -999.250 -999.250 -999.250 -999.250 -999.250 -999.250 -999.250 -999.250
50.227 55.499 51.814 52.060 56.557 58.697 64.247 72.063 77.373 81.044 63.925 67.758 59.103 61.296 56.620 49.003 47.920 54.631 76.029 128.002 181.412 240.133 319.052 412.384 606.957 748.211 857.863 928.725 890.228 842.781 775.785 633.511 592.209 488.763 384.927 285.261 249.380 214.829 196.275 182.675 178.300 174.892 180.733 205.992 207.276 220.979 200.805 234.504 234.618 203.018 -999.250 -999.250 -999.250 -999.250 -999.250 -999.250 -999.250 -999.250 -999.250 -999.250 -999.250 -999.250 -999.250 -999.250 -999.250 -999.250
52.866 48.124 49.363 45.716 53.755 61.007 65.435 73.482 84.515 85.601 69.245 68.395 63.918 66.766 52.708 43.002 40.504 46.446 74.310 124.102 180.993 240.204 314.258 418.579 675.510 785.515 927.773 1047.202 883.759 818.552 779.643 609.517 546.472 463.695 353.303 246.721 203.759 183.651 166.324 164.051 167.806 162.450 169.268 205.870 215.364 235.124 229.346 232.802 247.810 226.040 179.124 -999.250 -999.250 -999.250 -999.250 -999.250 -999.250 -999.250 -999.250 -999.250 -999.250 -999.250 -999.250 -999.250 -999.250 -999.250
52.220 45.406 40.925 44.631 52.778 58.181 67.522 69.399 75.727 78.387 74.261 66.308 66.999 63.682 56.164 53.258 46.512 48.695 77.976 110.485 174.563 242.025 304.554 436.763 595.838 773.780 843.783 868.495 818.743 824.963 773.850 687.591 522.008 449.585 345.604 269.462 208.589 163.980 132.263 141.612 162.266 174.659 206.157 226.156 206.312 232.056 271.631 249.122 218.394 232.279 -999.250 -999.250 -999.250 -999.250 -999.250 -999.250 -999.250 -999.250 -999.250 -999.250 -999.250 -999.250 -999.250 -999.250 -999.250 -999.250
52.135 50.137 47.695 53.549 56.200 60.802 71.899 70.323 65.088 70.472 77.542 68.774 72.264 68.782 57.798 60.701 54.560 58.623 81.156 130.749 178.098 259.068 313.531 416.396 532.127 655.886 772.657 748.075 752.412 704.069 670.932 618.032 491.242 396.779 324.149 251.897 195.110 145.545 129.354 137.220 145.667 190.794 214.274 202.212 213.098 224.201 232.497 266.475 236.310 221.724 219.723 -999.250 -999.250 -999.250 -999.250 -999.250 -999.250 -999.250 -999.250 -999.250 -999.250 -999.250 -999.250 -999.250 -999.250 -999.250
44.321 45.953 46.693 54.886 54.808 66.011 68.844 71.109 70.601 72.594 80.627 77.824 71.476 72.548 64.180 66.925 59.021 59.227 92.917 122.874 191.904 265.006 325.115 381.490 500.998 658.562 738.319 649.571 693.349 664.583 605.869 522.788 463.528 332.633 280.687 182.274 194.611 133.759 116.402 132.760 131.569 170.093 209.632 198.794 231.191 219.070 237.494 252.707 220.526 -999.250 -999.250 -999.250 -999.250 -999.250 -999.250 -999.250 -999.250 -999.250 -999.250 -999.250 -999.250 -999.250 -999.250 -999.250 -999.250 -999.250
39.988 41.373 44.698 54.451 56.447 62.396 68.594 73.025 70.116 82.209 83.618 80.717 75.747 83.965 73.768 77.151 74.296 82.922 108.152 146.205 192.858 259.051 307.035 389.074 439.249 646.870 646.544 667.337 666.906 574.126 561.177 441.809 406.952 326.198 256.010 198.074 191.701 134.832 129.190 118.642 147.488 164.695 183.488 200.371 222.166 217.831 211.991 222.447 -999.250 -999.250 -999.250 -999.250 -999.250 -999.250 -999.250 -999.250 -999.250 -999.250 -999.250 -999.250 -999.250 -999.250 -999.250 -999.250 -999.250 -999.250
36.903 45.687 51.316 54.230 57.156 65.478 74.026 73.125 87.492 96.275 101.345 110.343 97.139 84.291 76.505 89.841 85.371 91.875 126.561 161.761 205.527 256.481 288.044 328.796 421.766 489.367 600.541 671.704 588.592 512.774 467.461 470.884 390.629 317.165 256.866 204.556 173.935 137.424 148.950 120.249 149.873 190.388 198.099 201.163 217.127 239.605 235.340 229.033 -999.250 -999.250 -999.250 -999.250 -999.250 -999.250 -999.250 -999.250 -999.250 -999.250 -999.250 -999.250 -999.250 -999.250 -999.250 -999.250 -999.250 -999.250
38.364 41.243 48.289 46.920 56.946 72.251 81.026 80.429 81.239 96.011 107.986 106.145 93.667 101.308 102.873 114.218 101.236 115.558 126.086 153.123 201.992 228.398 281.424 312.134 356.197 429.840 579.931 619.889 464.141 457.422 432.132 411.543 347.628 289.712 233.860 186.865 145.883 125.887 114.113 117.981 132.749 173.451 193.373 206.695 252.725 259.781 265.027 -999.250 -999.250 -999.250 -999.250 -999.250 -999.250 -999.250 -999.250 -999.250 -999.250 -999.250 -999.250 -999.250 -999.250 -999.250 -999.250 -999.250 -999.250 -999.250
32.961 39.042 40.583 48.264 56.276 78.037 78.670 82.679 90.651 96.098 108.459 125.999 126.084 129.808 117.483 127.405 117.518 119.722 132.491 166.513 195.690 215.197 231.773 277.760 297.312 406.121 457.586 486.050 421.985 401.194 339.766 294.206 281.006 237.789 202.584 156.703 127.666 106.152 99.145 112.149 142.277 157.335 174.487 -999.250 -999.250 -999.250 -999.250 -999.250 -999.250 -999.250 -999.250 -999.250 -999.250 -999.250 -999.250 -999.250 -999.250 -999.250 -999.250 -999.250 -999.250 -999.250 -999.250 -999.250 -999.250 -999.250
28.722 30.332 39.012 45.555 58.182 67.410 74.807 81.369 81.128 88.551 96.379 107.961 134.674 138.428 134.252 152.335 154.396 140.012 159.727 166.368 202.804 232.495 224.762 263.316 277.713 328.703 383.905 430.158 393.403 344.486 323.857 312.085 263.610 207.456 135.488 123.680 112.396 94.564 103.085 114.958 136.848 -999.250 -999.250 -999.250 -999.250 -999.250 -999.250 -999.250 -999.250 -999.250 -999.250 -999.250 -999.250 -999.250 -999.250 -999.250 -999.250 -999.250 -999.250 -999.250 -999.250 -999.250 -999.250 -999.250 -999.250 -999.250
30.712 28.464 37.472 44.128 55.023 61.181 79.226 82.428 101.770 102.340 102.984 136.124 132.257 137.573 150.190 164.505 169.758 154.300 156.428 174.179 192.377 218.622 253.733 275.616 270.192 299.577 318.296 384.857 390.127 337.251 320.205 248.573 195.794 179.987 126.917 96.027 97.679 84.873 106.991 133.639 151.944 -999.250 -999.250 -999.250 -999.250 -999.250 -999.250 -999.250 -999.250 -999.250 -999.250 -999.250 -999.250 -999.250 -999.250 -999.250 -999.250 -999.250 -999.250 -999.250 -999.250 -999.250 -999.250 -999.250 -999.250 -999.250
30.484 37.653 36.916 47.626 54.872 58.889 71.838 86.097 97.477 106.346 129.041 134.730 145.486 162.675 150.034 185.242 205.869 194.537 198.856 189.220 209.008 225.820 257.317 266.826 281.484 271.535 312.857 304.396 336.711 297.504 272.442 214.449 158.707 157.529 120.936 108.110 79.694 82.235 103.820 131.695 160.416 -999.250 -999.250 -999.250 -999.250 -999.250 -999.250 -999.250 -999.250 -999.250 -999.250 -999.250 -999.250 -999.250 -999.250 -999.250 -999.250 -999.250 -999.250 -999.250 -999.250 -999.250 -999.250 -999.250 -999.250 -999.250
39.579 34.055 32.497 42.507 53.093 63.865 73.454 95.548 99.715 109.533 123.198 132.146 175.526 170.571 185.310 192.974 195.778 197.049 218.895 203.818 216.060 238.314 254.721 242.239 264.038 271.448 255.085 307.813 276.690 270.689 261.155 192.346 163.076 156.333 131.099 117.318 93.451 84.122 114.140 153.498 181.200 -999.250 -999.250 -999.250 -999.250 -999.250 -999.250 -999.250 -999.250 -999.250 -999.250 -999.250 -999.250 -999.250 -999.250 -999.250 -999.250 -999.250 -999.250 -999.250 -999.250 -999.250 -999.250 -999.250 -999.250 -999.250
53.524 37.260 34.671 45.446 52.308 58.425 75.221 103.202 95.736 111.043 128.025 162.246 168.330 166.120 201.788 199.530 197.970 210.373 221.897 214.971 231.841 264.201 253.633 273.892 266.653 236.641 232.737 251.732 271.751 252.420 193.618 186.801 175.907 177.013 138.189 129.171 113.283 108.887 132.322 151.953 159.195 -999.250 -999.250 -999.250 -999.250 -999.250 -999.250 -999.250 -999.250 -999.250 -999.250 -999.250 -999.250 -999.250 -999.250 -999.250 -999.250 -999.250 -999.250 -999.250 -999.250 -999.250 -999.250 -999.250 -999.250 -999.250
56.164 43.984 43.132 37.068 39.340 53.825 67.023 81.397 91.418 103.657 132.250 156.926 167.531 203.710 215.190 236.271 226.597 196.363 213.704 215.235 229.384 247.547 238.375 250.929 247.985 245.104 243.715 234.267 244.573 228.050 192.607 187.317 173.869 178.023 162.332 149.761 165.588 141.072 141.920 155.903 174.756 -999.250 -999.250 -999.250 -999.250 -999.250 -999.250 -999.250 -999.250 -999.250 -999.250 -999.250 -999.250 -999.250 -999.250 -999.250 -999.250 -999.250 -999.250 -999.250 -999.250 -999.250 -999.250 -999.250 -999.250 -999.250
59.215 49.594 43.977 34.609 35.434 51.114 60.983 73.321 87.219 108.385 119.272 157.665 173.422 205.518 225.781 229.740 244.769 219.492 247.191 220.720 238.219 241.239 240.364 233.904 257.149 222.175 245.070 253.479 266.740 252.409 240.758 206.643 179.629 193.952 178.964 186.370 196.828 174.102 189.285 186.456 191.480 234.934 239.339 -999.250 -999.250 -999.250 -999.250 -999.250 -999.250 -999.250 -999.250 -999.250 -999.250 -999.250 -999.250 -999.250 -999.250 -999.250 -999.250 -999.250 -999.250 -999.250 -999.250 -999.250 -999.250 -999.250
59.233 56.210 41.992 36.424 24.771 45.725 59.746 73.321 91.462 112.359 134.605 176.930 176.415 203.088 220.884 223.309 230.989 251.805 245.560 243.592 258.231 258.483 228.916 259.924 254.927 227.150 240.266 256.560 298.182 280.291 241.456 230.074 216.483 213.198 210.269 219.096 219.958 272.391 238.096 219.326 227.665 242.135 261.065 278.942 280.476 -999.250 -999.250 -999.250 -999.250 -999.250 -999.250 -999.250 -999.250 -999.250 -999.250 -999.250 -999.250 -999.250 -999.250 -999.250 -999.250 -999.250 -999.250 -999.250 -999.250 -999.250
61.844 55.906 47.483 47.236 45.087 50.166 59.547 77.314 96.637 108.342 130.899 149.750 203.319 195.798 242.492 248.898 231.736 255.851 260.070 272.416 270.817 253.479 245.162 246.799 240.638 299.000 285.420 277.223 311.536 305.038 257.453 275.842 276.423 298.875 265.576 262.766 275.886 262.440 269.013 246.942 264.886 276.732 321.416 299.784 310.571 -999.250 -999.250 -999.250 -999.250 -999.250 -999.250 -999.250 -999.250 -999.250 -999.250 -999.250 -999.250 -999.250 -999.250 -999.250 -999.250 -999.250 -999.250 -999.250 -999.250 -999.250
55.420 56.172 57.185 53.363 46.246 50.237 61.075 74.888 95.709 117.474 145.619 163.856 201.532 235.871 248.739 249.258 244.481 313.487 246.189 308.868 272.790 268.185 268.063 269.442 267.927 280.760 314.164 321.311 354.084 343.042 330.202 333.893 356.231 378.180 370.426 337.309 383.207 324.043 311.408 306.732 326.232 316.359 395.246 361.386 328.339 389.579 -999.250 -999.250 -999.250 -999.250 -999.250 -999.250 -999.250 -999.250 -999.250 -999.250 -999.250 -999.250 -999.250 -999.250 -999.250 -999.250 -999.250 -999.250 -999.250 -999.250
