data/medianmodel_30-Nov-2020.asc
ncols	141
nrows	288
xllcorner	-120191.398
yllcorner	-301404.813
cellsize	2000.000
NODATA_value	-999.250
[rows 203 to 231 of 288, columns 0 to 63 of 141]
-999.250 -999.250 -999.250 -999.250 -999.250 -999.250 -999.250 -999.250 -999.250 -999.250 -999.250 -999.250 -999.250 -999.250 411.979 428.382 429.766 438.904 420.970 447.535 436.054 456.039 442.091 -999.250 -999.250 -999.250 512.493 512.041 500.827 499.511 523.825 509.795 492.810 473.272 430.100 448.392 410.834 378.793 368.716 352.777 354.524 332.014 299.820 274.999 305.459 295.050 293.991 324.604 334.865 372.381 350.015 369.791 374.057 372.846 373.487 354.183 369.351 396.260 417.640 429.005 418.841 446.792 412.491 410.272
-999.250 -999.250 -999.250 -999.250 -999.250 -999.250 -999.250 -999.250 -999.250 -999.250 -999.250 -999.250 -999.250 376.568 370.672 391.423 406.391 418.219 441.023 422.170 450.988 460.593 -999.250 -999.250 -999.250 -999.250 -999.250 501.809 499.570 498.782 518.268 527.132 490.557 473.168 447.379 433.895 409.308 377.536 367.738 348.403 342.980 308.805 332.649 287.933 267.727 307.980 319.916 336.068 336.474 349.976 366.113 361.587 352.196 356.428 339.806 369.567 359.771 384.406 372.995 386.373 408.807 414.756 412.441 393.318
-999.250 -999.250 -999.250 -999.250 -999.250 -999.250 -999.250 -999.250 -999.250 -999.250 -999.250 -999.250 -999.250 357.019 370.201 398.312 406.698 402.936 393.965 414.613 -999.250 -999.250 -999.250 -999.250 -999.250 -999.250 -999.250 -999.250 496.757 499.782 504.837 505.150 478.164 465.033 441.449 435.564 388.156 347.355 345.081 329.455 346.247 327.369 298.929 301.980 315.032 310.008 330.422 306.641 332.360 332.432 349.723 340.512 335.684 344.187 344.223 339.098 365.118 364.722 352.765 370.860 391.267 374.858 383.593 388.918
-999.250 -999.250 -999.250 -999.250 -999.250 -999.250 -999.250 -999.250 -999.250 -999.250 -999.250 -999.250 333.222 344.014 -999.250 -999.250 -999.250 -999.250 -999.250 -999.250 -999.250 -999.250 -999.250 -999.250 -999.250 -999.250 -999.250 -999.250 -999.250 486.359 497.934 481.621 469.476 463.459 468.309 421.067 447.244 385.206 355.944 336.948 331.681 310.351 307.608 293.885 287.249 303.070 327.962 314.272 320.193 345.583 339.416 317.116 328.402 338.834 330.540 340.620 341.496 360.165 362.672 370.979 362.122 351.964 362.424 360.474
-999.250 -999.250 -999.250 -999.250 -999.250 -999.250 -999.250 -999.250 -999.250 -999.250 -999.250 -999.250 -999.250 -999.250 -999.250 -999.250 -999.250 -999.250 -999.250 -999.250 -999.250 -999.250 -999.250 -999.250 -999.250 -999.250 -999.250 -999.250 -999.250 -999.250 484.968 478.380 443.096 446.680 452.318 447.024 413.211 421.388 383.453 365.612 334.250 321.420 294.950 276.093 296.063 309.259 312.336 319.618 311.727 308.201 316.338 320.066 334.141 348.014 325.447 317.823 324.975 340.951 361.971 338.369 342.435 335.060 320.755 320.226
-999.250 -999.250 -999.250 -999.250 -999.250 -999.250 -999.250 -999.250 -999.250 -999.250 -999.250 -999.250 -999.250 -999.250 -999.250 -999.250 -999.250 -999.250 -999.250 -999.250 -999.250 -999.250 -999.250 -999.250 -999.250 -999.250 -999.250 -999.250 -999.250 -999.250 445.758 483.293 439.938 421.847 455.665 430.798 430.977 374.331 403.526 358.306 333.891 299.014 297.443 285.610 287.267 283.019 289.582 314.116 312.249 300.883 284.968 284.812 329.950 310.356 298.966 293.073 305.327 301.719 303.922 296.536 311.274 302.371 305.074 280.596
-999.250 -999.250 -999.250 -999.250 -999.250 -999.250 -999.250 -999.250 -999.250 -999.250 -999.250 -999.250 -999.250 -999.250 -999.250 -999.250 -999.250 -999.250 -999.250 -999.250 -999.250 -999.250 -999.250 -999.250 -999.250 -999.250 -999.250 -999.250 -999.250 -999.250 462.511 461.369 471.186 440.852 428.437 413.171 428.790 377.306 349.604 356.611 328.827 289.399 280.262 276.989 269.338 277.615 280.619 268.610 289.109 300.532 287.643 285.911 274.012 286.763 306.557 298.719 276.990 272.008 298.636 278.337 270.622 275.137 251.782 260.601
-999.250 -999.250 -999.250 -999.250 -999.250 -999.250 -999.250 -999.250 -999.250 -999.250 -999.250 -999.250 -999.250 -999.250 -999.250 -999.250 -999.250 -999.250 -999.250 -999.250 -999.250 -999.250 -999.250 -999.250 -999.250 -999.250 -999.250 -999.250 -999.250 -999.250 -999.250 476.343 453.343 458.783 446.201 424.325 395.294 362.657 350.366 331.114 320.258 283.119 257.312 290.849 284.328 279.986 282.456 269.842 270.800 288.629 280.159 278.362 257.379 296.040 287.674 278.108 294.871 272.227 264.583 240.607 234.410 213.098 223.491 212.086
-999.250 -999.250 -999.250 -999.250 -999.250 -999.250 -999.250 -999.250 -999.250 -999.250 -999.250 -999.250 -999.250 -999.250 -999.250 -999.250 -999.250 -999.250 -999.250 -999.250 -999.250 -999.250 -999.250 -999.250 -999.250 -999.250 -999.250 -999.250 -999.250 -999.250 -999.250 470.988 463.361 456.480 443.061 403.639 380.926 354.075 356.686 335.136 335.852 307.607 278.127 293.714 279.087 296.407 274.229 288.980 270.633 271.851 277.609 262.511 281.504 252.608 276.769 263.197 251.370 250.060 228.216 232.869 218.489 196.576 206.785 186.816
-999.250 -999.250 -999.250 -999.250 -999.250 -999.250 -999.250 -999.250 -999.250 -999.250 -999.250 -999.250 -999.250 -999.250 -999.250 -999.250 -999.250 -999.250 -999.250 -999.250 -999.250 -999.250 -999.250 -999.250 -999.250 -999.250 -999.250 -999.250 -999.250 -999.250 -999.250 467.079 465.127 429.698 435.819 413.360 396.008 371.769 364.062 344.444 345.346 342.774 320.478 320.602 277.830 286.093 290.505 288.304 263.648 273.412 263.997 246.647 254.042 250.034 232.851 232.759 239.206 228.941 204.593 204.519 191.101 176.133 160.303 158.786
-999.250 -999.250 -999.250 -999.250 -999.250 -999.250 -999.250 -999.250 -999.250 -999.250 -999.250 -999.250 -999.250 -999.250 -999.250 -999.250 -999.250 -999.250 -999.250 -999.250 -999.250 -999.250 -999.250 -999.250 -999.250 -999.250 -999.250 -999.250 -999.250 -999.250 -999.250 454.617 463.301 433.617 407.822 405.190 383.460 381.434 346.601 347.250 346.017 323.169 339.990 347.422 303.859 279.235 284.915 288.444 265.423 254.853 270.359 248.733 238.937 251.106 228.681 244.902 220.455 209.966 179.419 186.259 150.880 152.266 141.845 147.323
-999.250 -999.250 -999.250 -999.250 -999.250 -999.250 -999.250 -999.250 -999.250 -999.250 -999.250 -999.250 -999.250 -999.250 -999.250 -999.250 -999.250 -999.250 -999.250 -999.250 -999.250 -999.250 -999.250 -999.250 -999.250 -999.250 -999.250 -999.250 -999.250 -999.250 -999.250 427.843 443.655 411.698 431.977 405.540 357.455 352.025 347.508 348.752 350.232 341.970 333.894 327.434 306.386 265.262 274.923 284.514 284.331 240.682 244.953 236.317 235.816 238.257 250.958 221.865 206.463 204.086 179.023 154.057 141.761 135.165 131.927 131.898
-999.250 -999.250 -999.250 -999.250 -999.250 -999.250 -999.250 -999.250 -999.250 -999.250 -999.250 -999.250 -999.250 -999.250 -999.250 -999.250 -999.250 -999.250 -999.250 -999.250 -999.250 -999.250 -999.250 -999.250 -999.250 -999.250 -999.250 -999.250 -999.250 -999.250 -999.250 468.851 453.349 443.869 421.734 392.206 373.838 343.423 350.327 343.670 336.345 332.233 340.860 332.189 316.598 305.261 291.357 271.374 272.370 255.163 245.958 228.905 225.025 223.520 208.059 188.550 200.503 190.660 167.770 158.811 138.730 133.351 129.434 127.508
-999.250 -999.250 -999.250 -999.250 -999.250 -999.250 -999.250 -999.250 -999.250 -999.250 -999.250 -999.250 -999.250 -999.250 -999.250 -999.250 -999.250 -999.250 -999.250 -999.250 -999.250 -999.250 -999.250 -999.250 -999.250 -999.250 -999.250 -999.250 -999.250 -999.250 -999.250 426.515 460.393 438.821 418.626 385.007 393.160 359.730 355.477 350.103 368.908 344.886 337.309 343.515 320.227 309.207 308.371 274.729 265.078 238.413 236.245 214.040 230.454 226.416 222.117 217.694 190.568 180.862 158.788 158.669 135.099 131.847 121.044 126.797
-999.250 -999.250 -999.250 -999.250 -999.250 -999.250 -999.250 -999.250 -999.250 -999.250 -999.250 -999.250 -999.250 -999.250 -999.250 -999.250 -999.250 -999.250 -999.250 -999.250 -999.250 -999.250 -999.250 -999.250 -999.250 -999.250 -999.250 -999.250 -999.250 -999.250 -999.250 438.478 404.716 404.779 409.717 379.774 378.413 360.880 368.446 343.751 360.304 354.605 325.884 339.757 314.541 335.038 308.507 292.412 269.644 260.944 227.223 242.733 224.346 213.744 215.462 206.269 188.624 178.589 173.050 153.357 157.575 138.309 129.871 126.681
-999.250 -999.250 -999.250 -999.250 -999.250 -999.250 -999.250 -999.250 -999.250 -999.250 -999.250 -999.250 -999.250 -999.250 -999.250 -999.250 -999.250 -999.250 -999.250 -999.250 -999.250 -999.250 -999.250 -999.250 -999.250 -999.250 -999.250 -999.250 -999.250 -999.250 -999.250 432.461 456.878 398.265 390.607 369.304 371.621 368.248 366.792 360.600 358.658 338.132 324.740 330.185 321.628 322.379 288.668 309.988 281.409 260.379 250.745 230.947 224.925 209.973 201.770 203.126 194.923 182.963 174.518 175.782 168.823 150.696 140.666 135.389
-999.250 -999.250 -999.250 -999.250 -999.250 -999.250 -999.250 -999.250 -999.250 -999.250 -999.250 -999.250 -999.250 -999.250 -999.250 -999.250 -999.250 -999.250 -999.250 -999.250 -999.250 -999.250 -999.250 -999.250 -999.250 -999.250 -999.250 -999.250 -999.250 -999.250 -999.250 422.851 418.630 393.876 361.135 359.841 360.879 339.570 346.778 342.781 338.859 321.060 328.966 330.971 308.843 313.452 285.740 279.524 276.650 265.337 243.413 236.658 222.234 215.031 188.950 207.408 199.015 172.048 185.153 182.359 169.590 154.336 165.476 179.987
-999.250 -999.250 -999.250 -999.250 -999.250 -999.250 -999.250 -999.250 -999.250 -999.250 -999.250 -999.250 -999.250 -999.250 -999.250 -999.250 -999.250 -999.250 -999.250 -999.250 -999.250 -999.250 -999.250 -999.250 -999.250 -999.250 -999.250 -999.250 -999.250 -999.250 -999.250 411.375 407.601 400.322 360.420 364.724 367.277 362.589 352.171 331.887 350.074 335.164 324.598 333.773 325.347 312.028 284.331 265.072 269.796 266.208 245.216 234.533 200.130 210.240 221.557 212.811 198.548 173.149 164.205 168.998 183.578 193.950 206.013 226.198
-999.250 -999.250 -999.250 -999.250 -999.250 -999.250 -999.250 -999.250 -999.250 -999.250 -999.250 -999.250 -999.250 -999.250 -999.250 -999.250 -999.250 -999.250 -999.250 -999.250 -999.250 -999.250 -999.250 -999.250 -999.250 -999.250 -999.250 -999.250 -999.250 -999.250 -999.250 429.385 393.448 383.596 373.702 350.038 361.289 345.120 319.863 348.642 352.792 325.805 314.998 295.001 310.590 303.656 277.345 249.441 259.436 274.498 243.099 234.604 230.718 219.928 196.382 194.195 199.977 202.117 192.125 186.115 183.249 214.186 237.289 269.374
-999.250 -999.250 -999.250 -999.250 -999.250 -999.250 -999.250 -999.250 -999.250 -999.250 -999.250 -999.250 -999.250 -999.250 -999.250 -999.250 -999.250 -999.250 -999.250 -999.250 -999.250 -999.250 -999.250 -999.250 -999.250 -999.250 -999.250 -999.250 -999.250 -999.250 -999.250 422.164 400.169 376.088 394.667 365.070 374.389 317.172 331.311 327.886 329.874 313.588 317.954 297.512 292.881 303.802 273.520 259.026 244.351 244.079 230.643 238.399 227.629 210.879 189.591 187.084 193.671 207.881 176.656 182.762 216.859 225.189 254.737 272.139
-999.250 -999.250 -999.250 -999.250 -999.250 -999.250 -999.250 -999.250 -999.250 -999.250 -999.250 -999.250 -999.250 -999.250 -999.250 -999.250 -999.250 -999.250 -999.250 -999.250 -999.250 -999.250 -999.250 -999.250 -999.250 -999.250 -999.250 -999.250 -999.250 -999.250 454.416 417.188 382.379 367.484 366.679 341.200 348.423 325.030 322.341 291.718 307.262 276.363 292.898 265.415 285.890 286.025 267.978 263.835 261.085 252.530 240.211 238.266 232.635 203.367 198.498 203.712 205.425 200.132 197.583 190.219 223.025 235.511 252.969 266.029
-999.250 -999.250 -999.250 -999.250 -999.250 -999.250 -999.250 -999.250 -999.250 -999.250 -999.250 -999.250 -999.250 -999.250 -999.250 -999.250 -999.250 -999.250 -999.250 -999.250 -999.250 -999.250 -999.250 -999.250 -999.250 -999.250 -999.250 -999.250 -999.250 -999.250 426.509 396.593 380.507 348.715 352.124 346.825 323.189 320.790 275.025 297.432 282.386 280.899 271.677 256.034 272.390 266.498 263.545 251.933 253.950 239.755 246.424 246.013 228.220 226.804 205.806 207.624 195.712 186.882 200.131 216.602 210.748 250.458 261.868 287.937
-999.250 -999.250 -999.250 -999.250 -999.250 -999.250 -999.250 -999.250 -999.250 -999.250 -999.250 -999.250 -999.250 -999.250 -999.250 -999.250 -999.250 -999.250 -999.250 -999.250 -999.250 -999.250 -999.250 -999.250 -999.250 -999.250 -999.250 -999.250 -999.250 -999.250 415.909 376.549 373.092 334.068 341.052 318.960 306.880 280.198 262.547 257.492 252.177 246.919 260.634 264.425 270.633 237.155 247.385 244.782 252.391 234.024 233.067 242.784 237.733 211.249 206.884 205.669 196.556 199.297 192.940 220.593 230.864 235.040 258.365 250.020
-999.250 -999.250 -999.250 -999.250 -999.250 -999.250 -999.250 -999.250 -999.250 -999.250 -999.250 -999.250 -999.250 -999.250 -999.250 -999.250 -999.250 -999.250 -999.250 -999.250 -999.250 -999.250 -999.250 -999.250 -999.250 -999.250 -999.250 -999.250 -999.250 -999.250 416.603 401.715 373.545 341.474 345.945 322.597 275.105 252.910 253.870 243.208 258.740 274.475 264.811 266.666 251.808 270.395 257.112 247.119 253.535 263.206 220.245 232.305 234.367 217.866 210.602 196.802 190.352 179.044 204.967 210.385 217.891 238.729 258.863 244.975
-999.250 -999.250 -999.250 -999.250 -999.250 -999.250 -999.250 -999.250 -999.250 -999.250 -999.250 -999.250 -999.250 -999.250 -999.250 -999.250 -999.250 -999.250 -999.250 -999.250 -999.250 -999.250 -999.250 -999.250 -999.250 -999.250 -999.250 -999.250 -999.250 463.125 424.927 403.996 364.639 322.287 313.215 270.505 243.088 228.109 245.571 245.161 245.650 255.196 274.077 253.971 267.271 240.542 245.999 219.632 228.522 224.768 223.192 231.664 217.499 204.773 200.033 195.663 177.346 152.964 193.236 205.234 204.671 232.523 228.422 242.306
-999.250 -999.250 -999.250 -999.250 -999.250 -999.250 -999.250 -999.250 -999.250 -999.250 -999.250 -999.250 -999.250 -999.250 -999.250 -999.250 -999.250 -999.250 -999.250 -999.250 -999.250 -999.250 -999.250 -999.250 -999.250 -999.250 -999.250 -999.250 -999.250 474.962 438.537 435.782 378.969 357.354 300.988 246.811 206.819 191.684 226.171 239.755 262.358 260.197 260.996 248.999 266.578 266.236 242.044 225.439 236.018 226.222 228.587 211.481 208.661 209.139 190.594 185.622 175.926 177.266 188.862 203.651 206.551 241.600 240.438 222.714
-999.250 -999.250 -999.250 -999.250 -999.250 -999.250 -999.250 -999.250 -999.250 -999.250 -999.250 -999.250 -999.250 -999.250 -999.250 -999.250 -999.250 -999.250 -999.250 -999.250 -999.250 -999.250 -999.250 -999.250 -999.250 -999.250 -999.250 -999.250 461.119 474.180 459.384 421.225 394.012 353.237 299.034 241.981 149.352 196.254 226.769 241.979 258.587 256.661 250.700 251.844 270.093 256.989 237.698 233.276 215.003 225.009 204.707 219.534 202.755 226.542 192.090 198.024 187.251 179.955 191.149 182.025 178.395 201.036 230.406 219.510
-999.250 -999.250 -999.250 -999.250 -999.250 -999.250 -999.250 -999.250 -999.250 -999.250 -999.250 -999.250 -999.250 -999.250 -999.250 -999.250 -999.250 -999.250 -999.250 -999.250 -999.250 -999.250 -999.250 -999.250 -999.250 -999.250 -999.250 -999.250 478.010 484.647 458.215 440.779 412.188 368.181 335.218 263.754 210.408 217.066 233.646 248.099 247.282 268.273 257.489 265.277 241.936 247.801 234.827 217.742 219.942 198.667 194.778 207.998 204.942 207.417 185.405 183.572 187.128 173.361 197.114 177.354 182.601 190.045 198.909 205.195
-999.250 -999.250 -999.250 -999.250 -999.250 -999.250 -999.250 -999.250 -999.250 -999.250 -999.250 -999.250 -999.250 -999.250 -999.250 -999.250 -999.250 -999.250 -999.250 -999.250 -999.250 -999.250 -999.250 -999.250 -999.250 -999.250 -999.250 483.590 529.909 504.001 499.745 463.692 443.687 418.161 352.201 316.461 285.845 263.471 249.343 259.108 263.953 260.404 258.633 267.153 244.322 242.667 226.812 230.770 227.180 200.920 226.790 196.960 192.970 194.762 183.682 180.396 166.308 179.889 192.484 180.651 197.634 208.106 212.809 192.408
