data/medianmodel_31-Jan-2021.asc
ncols	141
nrows	288
xllcorner	-120191.398
yllcorner	-301404.813
cellsize	2000.000
NODATA_value	-999.250
[rows 224 to 251 of 288, columns 0 to 62 of 141]
-999.250 -999.250 -999.250 -999.250 -999.250 -999.250 -999.250 -999.250 -999.250 -999.250 -999.250 -999.250 -999.250 -999.250 -999.250 -999.250 -999.250 -999.250 -999.250 -999.250 -999.250 -999.250 -999.250 -999.250 -999.250 -999.250 -999.250 -999.250 -999.250 -999.250 1665.891 1783.674 1737.973 1764.472 1686.168 1739.946 1689.336 1763.224 1895.074 1824.163 1816.093 1790.628 1843.139 1769.234 1786.790 1738.124 1710.079 1681.107 1606.936 1566.823 1422.283 1308.646 1266.080 1137.432 1024.263 967.049 923.412 903.010 932.872 966.085 1032.838 1119.448 1196.881
-999.250 -999.250 -999.250 -999.250 -999.250 -999.250 -999.250 -999.250 -999.250 -999.250 -999.250 -999.250 -999.250 -999.250 -999.250 -999.250 -999.250 -999.250 -999.250 -999.250 -999.250 -999.250 -999.250 -999.250 -999.250 -999.250 -999.250 -999.250 -999.250 -999.250 1582.267 1586.362 1644.779 1616.682 1622.745 1616.959 1618.165 1711.558 1704.441 1747.052 1718.757 1762.071 1684.510 1658.790 1743.053 1681.113 1736.452 1667.512 1650.666 1559.968 1400.088 1234.240 1222.987 1166.705 1039.513 962.373 918.202 879.471 931.853 961.289 1105.690 1160.947 1301.360
-999.250 -999.250 -999.250 -999.250 -999.250 -999.250 -999.250 -999.250 -999.250 -999.250 -999.250 -999.250 -999.250 -999.250 -999.250 -999.250 -999.250 -999.250 -999.250 -999.250 -999.250 -999.250 -999.250 -999.250 -999.250 -999.250 -999.250 -999.250 -999.250 -999.250 1446.714 1398.901 1512.476 1497.313 1446.186 1471.782 1461.688 1515.228 1592.352 1608.929 1600.342 1591.232 1577.569 1629.034 1602.739 1687.324 1656.060 1619.713 1589.126 1487.652 1370.527 1261.990 1204.930 1140.999 1025.443 962.018 872.435 844.619 896.452 1002.732 1144.328 1267.291 1368.386
-999.250 -999.250 -999.250 -999.250 -999.250 -999.250 -999.250 -999.250 -999.250 -999.250 -999.250 -999.250 -999.250 -999.250 -999.250 -999.250 -999.250 -999.250 -999.250 -999.250 -999.250 -999.250 -999.250 -999.250 -999.250 -999.250 -999.250 -999.250 -999.250 1334.498 1309.512 1314.465 1320.498 1387.129 1370.210 1298.289 1346.453 1410.610 1497.997 1446.736 1463.359 1496.523 1574.907 1529.527 1528.509 1586.276 1526.380 1538.157 1498.624 1402.590 1399.649 1313.928 1272.282 1189.360 1108.668 999.338 917.320 777.565 930.217 1033.521 1154.791 1306.233 1430.043
-999.250 -999.250 -999.250 -999.250 -999.250 -999.250 -999.250 -999.250 -999.250 -999.250 -999.250 -999.250 -999.250 -999.250 -999.250 -999.250 -999.250 -999.250 -999.250 -999.250 -999.250 -999.250 -999.250 -999.250 -999.250 -999.250 -999.250 -999.250 -999.250 1201.732 1234.925 1147.307 1276.495 1218.864 1175.570 1177.957 1199.738 1281.845 1328.203 1390.869 1362.905 1442.751 1415.004 1450.119 1478.333 1475.154 1411.858 1492.426 1541.556 1419.509 1396.774 1441.706 1313.788 1209.526 1177.762 1112.605 997.370 961.044 1004.986 1132.392 1258.270 1355.341 1495.405
-999.250 -999.250 -999.250 -999.250 -999.250 -999.250 -999.250 -999.250 -999.250 -999.250 -999.250 -999.250 -999.250 -999.250 -999.250 -999.250 -999.250 -999.250 -999.250 -999.250 -999.250 -999.250 -999.250 -999.250 -999.250 -999.250 -999.250 -999.250 1163.472 1112.540 1096.244 1128.778 1129.516 1110.214 1107.610 1112.808 1083.672 1140.486 1254.238 1322.350 1344.162 1366.305 1358.985 1441.728 1377.884 1433.926 1455.215 1473.639 1480.971 1433.799 1442.161 1367.453 1360.695 1350.983 1290.613 1225.347 1107.090 1113.294 1154.677 1274.345 1371.130 1474.408 1519.201
-999.250 -999.250 -999.250 -999.250 -999.250 -999.250 -999.250 -999.250 -999.250 -999.250 -999.250 -999.250 -999.250 -999.250 -999.250 -999.250 -999.250 -999.250 -999.250 -999.250 -999.250 -999.250 -999.250 -999.250 -999.250 -999.250 -999.250 -999.250 1107.783 1055.394 1015.143 1019.176 1021.382 1021.401 1015.355 1053.520 1006.204 1056.543 1132.278 1205.221 1300.306 1349.924 1364.065 1370.566 1386.634 1413.951 1429.749 1417.282 1394.219 1460.283 1375.451 1444.266 1446.704 1444.102 1393.260 1316.753 1358.372 1388.518 1378.264 1474.033 1461.524 1568.265 1635.736
-999.250 -999.250 -999.250 -999.250 -999.250 -999.250 -999.250 -999.250 -999.250 -999.250 -999.250 -999.250 -999.250 -999.250 -999.250 -999.250 -999.250 -999.250 -999.250 -999.250 -999.250 -999.250 -999.250 -999.250 -999.250 -999.250 -999.250 1011.602 1003.936 993.275 942.967 962.695 966.345 966.736 966.661 968.844 992.232 1006.236 1080.332 1147.091 1239.635 1260.565 1289.723 1335.641 1447.734 1390.403 1441.160 1421.549 1413.435 1517.921 1535.831 1509.039 1545.723 1561.432 1588.872 1601.943 1587.044 1595.840 1623.088 1611.482 1622.430 1683.827 1785.228
-999.250 -999.250 -999.250 -999.250 -999.250 -999.250 -999.250 -999.250 -999.250 -999.250 -999.250 -999.250 -999.250 -999.250 -999.250 -999.250 -999.250 -999.250 -999.250 -999.250 -999.250 -999.250 -999.250 -999.250 -999.250 -999.250 -999.250 979.387 973.788 934.909 897.512 867.663 868.318 904.457 958.828 934.371 939.914 969.763 989.815 1099.419 1192.587 1211.466 1304.932 1311.528 1336.064 1402.189 1427.987 1449.543 1517.398 1523.129 1654.439 1631.535 1656.114 1750.606 1693.420 1731.044 1751.735 1800.539 1756.549 1765.091 1814.319 1862.484 1892.675
-999.250 -999.250 -999.250 -999.250 -999.250 -999.250 -999.250 -999.250 -999.250 -999.250 -999.250 -999.250 -999.250 -999.250 -999.250 -999.250 -999.250 -999.250 -999.250 -999.250 -999.250 -999.250 -999.250 -999.250 -999.250 -999.250 -999.250 -999.250 907.602 877.482 843.837 858.474 853.117 868.447 895.861 920.553 915.714 982.764 1026.793 1094.349 1188.840 1214.608 1240.825 1300.709 1342.688 1434.279 1393.138 1475.256 1533.651 1597.628 1647.432 1721.166 1737.133 1772.923 1815.650 1907.929 1921.749 1936.196 1983.619 1950.104 1968.964 1948.330 1947.713
-999.250 -999.250 -999.250 -999.250 -999.250 -999.250 -999.250 -999.250 -999.250 -999.250 -999.250 -999.250 -999.250 -999.250 -999.250 -999.250 -999.250 -999.250 -999.250 -999.250 -999.250 -999.250 -999.250 -999.250 -999.250 -999.250 -999.250 -999.250 -999.250 -999.250 854.422 839.503 832.588 847.877 897.179 880.510 903.317 965.953 961.976 1034.707 1109.601 1188.842 1280.259 1293.194 1324.011 1380.031 1458.244 1489.845 1605.715 1648.816 1745.836 1772.075 1840.859 1804.832 1973.586 2056.101 2039.358 2118.469 2111.280 2110.083 2125.608 2139.947 2056.417
-999.250 -999.250 -999.250 -999.250 -999.250 -999.250 -999.250 -999.250 -999.250 -999.250 -999.250 -999.250 -999.250 -999.250 -999.250 -999.250 -999.250 -999.250 -999.250 -999.250 -999.250 -999.250 -999.250 -999.250 -999.250 -999.250 -999.250 -999.250 -999.250 -999.250 791.909 819.456 831.728 836.736 862.177 849.717 882.143 911.889 972.438 1055.225 1122.452 1169.131 1200.019 1257.231 1330.007 1378.638 1492.920 1518.000 1547.220 1661.943 1764.382 1740.647 1862.807 1930.645 1911.935 2060.244 2098.856 2170.364 2278.479 2290.306 2207.061 2215.637 2087.954
-999.250 -999.250 -999.250 -999.250 -999.250 -999.250 -999.250 -999.250 -999.250 -999.250 -999.250 -999.250 -999.250 -999.250 -999.250 -999.250 -999.250 -999.250 -999.250 -999.250 -999.250 -999.250 -999.250 -999.250 -999.250 -999.250 -999.250 -999.250 -999.250 -999.250 786.465 816.944 818.079 817.752 831.879 835.310 858.947 888.527 932.589 990.699 1082.687 1122.156 1178.920 1266.386 1330.411 1393.007 1402.421 1534.569 1620.168 1696.821 1833.770 1823.484 1950.465 2002.590 2050.451 2052.516 2170.982 2245.130 2333.690 2437.250 2369.150 2283.310 2143.313
-999.250 -999.250 -999.250 -999.250 -999.250 -999.250 -999.250 -999.250 -999.250 -999.250 -999.250 -999.250 -999.250 -999.250 -999.250 -999.250 -999.250 -999.250 -999.250 -999.250 -999.250 -999.250 -999.250 -999.250 -999.250 -999.250 -999.250 -999.250 -999.250 -999.250 -999.250 820.062 811.380 833.514 814.361 840.184 869.592 920.961 955.481 1000.207 1028.798 1103.143 1154.495 1204.786 1318.356 1359.663 1399.828 1555.318 1620.883 1742.425 1779.021 1841.662 1962.293 1986.165 2065.542 2145.149 2165.190 2261.320 2328.066 2343.810 2321.686 2293.482 2207.656
-999.250 -999.250 -999.250 -999.250 -999.250 -999.250 -999.250 -999.250 -999.250 -999.250 -999.250 -999.250 -999.250 -999.250 -999.250 -999.250 -999.250 -999.250 -999.250 -999.250 -999.250 -999.250 -999.250 -999.250 -999.250 -999.250 -999.250 -999.250 -999.250 -999.250 790.568 792.491 822.382 859.404 833.269 878.366 908.851 925.408 923.405 1014.160 1057.433 1117.764 1148.812 1224.496 1355.020 1339.963 1456.370 1508.179 1642.038 1700.569 1773.708 1883.066 1919.640 2007.106 2065.413 2111.728 2203.487 2272.273 2307.662 2284.334 2233.226 2193.668 2099.105
-999.250 -999.250 -999.250 -999.250 -999.250 -999.250 -999.250 -999.250 -999.250 -999.250 -999.250 -999.250 -999.250 -999.250 -999.250 -999.250 -999.250 -999.250 -999.250 -999.250 -999.250 -999.250 -999.250 -999.250 -999.250 -999.250 -999.250 -999.250 -999.250 -999.250 -999.250 795.068 830.752 826.592 823.117 874.287 891.689 898.309 901.782 978.215 1023.600 1065.332 1134.453 1219.048 1249.662 1360.451 1529.051 1544.780 1601.108 1673.932 1758.791 1808.731 1951.439 1993.026 2060.247 2082.756 2201.324 2212.072 2221.933 2211.355 2126.257 2076.254 1995.923
-999.250 -999.250 -999.250 -999.250 -999.250 -999.250 -999.250 -999.250 -999.250 -999.250 -999.250 -999.250 -999.250 -999.250 -999.250 -999.250 -999.250 -999.250 -999.250 -999.250 -999.250 -999.250 -999.250 -999.250 -999.250 -999.250 -999.250 -999.250 -999.250 -999.250 793.332 819.638 805.965 826.130 834.458 881.752 894.816 928.276 961.190 974.262 996.530 1120.857 1122.380 1184.012 1197.716 1392.242 1498.623 1577.440 1593.377 1676.749 1750.566 1822.229 1869.878 1938.428 2044.897 2047.624 2091.580 2075.482 2154.736 2064.116 2004.439 1971.185 1898.494
-999.250 -999.250 -999.250 -999.250 -999.250 -999.250 -999.250 -999.250 -999.250 -999.250 -999.250 -999.250 -999.250 -999.250 -999.250 -999.250 -999.250 -999.250 -999.250 -999.250 -999.250 -999.250 -999.250 -999.250 -999.250 -999.250 -999.250 -999.250 -999.250 -999.250 757.667 790.303 843.034 817.460 843.143 845.797 911.351 901.845 928.453 975.800 1001.097 1054.244 1124.419 1119.814 1153.144 1322.905 1414.483 1490.891 1569.293 1661.023 1728.456 1780.880 1868.337 1939.055 1975.817 1947.977 1973.001 1993.126 1949.448 1879.080 1842.831 1864.101 1751.836
-999.250 -999.250 -999.250 -999.250 -999.250 -999.250 -999.250 -999.250 -999.250 -999.250 -999.250 -999.250 -999.250 -999.250 -999.250 -999.250 -999.250 -999.250 -999.250 -999.250 -999.250 -999.250 -999.250 -999.250 -999.250 -999.250 -999.250 -999.250 -999.250 -999.250 740.424 796.678 833.980 831.509 867.380 884.710 871.526 881.988 951.668 975.876 982.385 1033.338 1117.397 1159.610 1178.438 1274.633 1416.940 1430.552 1539.566 1558.966 1614.479 1686.876 1713.894 1794.946 1816.163 1819.957 1834.086 1855.098 1785.257 1805.709 1669.528 1642.770 1593.276
-999.250 -999.250 -999.250 -999.250 -999.250 -999.250 -999.250 -999.250 -999.250 -999.250 -999.250 -999.250 -999.250 -999.250 -999.250 -999.250 -999.250 -999.250 -999.250 -999.250 -999.250 -999.250 -999.250 -999.250 -999.250 -999.250 -999.250 -999.250 -999.250 -999.250 712.470 766.733 793.611 814.684 865.395 887.552 874.415 889.770 943.659 972.214 980.805 1024.120 1066.012 1144.159 1153.605 1253.882 1339.231 1401.653 1471.319 1515.722 1581.265 1668.908 1730.747 1745.475 1798.141 1745.958 1793.112 1748.251 1651.040 1653.066 1571.630 1496.317 1429.122
-999.250 -999.250 -999.250 -999.250 -999.250 -999.250 -999.250 -999.250 -999.250 -999.250 -999.250 -999.250 -999.250 -999.250 -999.250 -999.250 -999.250 -999.250 -999.250 -999.250 -999.250 -999.250 -999.250 -999.250 -999.250 -999.250 -999.250 -999.250 -999.250 -999.250 656.143 731.156 766.526 802.033 809.741 837.721 868.384 895.514 908.669 945.116 941.154 1051.367 1017.007 1037.889 1142.372 1215.685 1301.230 1308.447 1385.342 1441.706 1528.602 1567.738 1658.637 1706.784 1744.059 1719.234 1727.155 1641.364 1541.532 1535.235 1352.210 1327.511 1325.501
-999.250 -999.250 -999.250 -999.250 -999.250 -999.250 -999.250 -999.250 -999.250 -999.250 -999.250 -999.250 -999.250 -999.250 -999.250 -999.250 -999.250 -999.250 -999.250 -999.250 -999.250 -999.250 -999.250 -999.250 -999.250 -999.250 -999.250 -999.250 -999.250 -999.250 -999.250 693.622 701.204 782.755 803.980 815.959 816.866 849.213 905.042 912.829 961.362 1031.074 993.388 1040.153 1131.910 1238.395 1227.742 1325.099 1488.327 1516.039 1527.270 1522.187 1625.957 1602.258 1593.611 1600.844 1565.868 1589.047 1427.767 1343.172 1272.711 1151.245 1187.303
-999.250 -999.250 -999.250 -999.250 -999.250 -999.250 -999.250 -999.250 -999.250 -999.250 -999.250 -999.250 -999.250 -999.250 -999.250 -999.250 -999.250 -999.250 -999.250 -999.250 -999.250 -999.250 -999.250 -999.250 -999.250 -999.250 -999.250 -999.250 -999.250 -999.250 -999.250 674.250 690.758 714.728 798.102 767.534 814.475 842.183 854.972 878.885 941.905 997.048 1014.967 1024.925 1043.390 1159.352 1272.050 1227.031 1394.217 1401.099 1507.575 1502.966 1574.490 1629.648 1582.031 1486.389 1492.467 1490.558 1396.316 1287.490 1206.789 1146.241 1128.032
-999.250 -999.250 -999.250 -999.250 -999.250 -999.250 -999.250 -999.250 -999.250 -999.250 -999.250 -999.250 -999.250 -999.250 -999.250 -999.250 -999.250 -999.250 -999.250 -999.250 -999.250 -999.250 -999.250 -999.250 -999.250 -999.250 -999.250 -999.250 -999.250 -999.250 705.160 676.808 729.908 724.722 756.034 773.982 793.223 843.910 848.348 890.706 928.101 927.785 982.430 1000.444 1080.442 1166.380 1238.499 1298.998 1349.234 1397.880 1423.280 1462.673 1524.304 1498.015 1449.278 1445.920 1401.341 1370.362 1309.377 1240.346 1150.072 1127.838 1089.005
-999.250 -999.250 -999.250 -999.250 -999.250 -999.250 -999.250 -999.250 -999.250 -999.250 -999.250 -999.250 -999.250 -999.250 -999.250 -999.250 -999.250 -999.250 -999.250 -999.250 -999.250 -999.250 -999.250 -999.250 -999.250 -999.250 -999.250 -999.250 -999.250 -999.250 686.077 649.439 648.084 740.309 742.585 790.659 777.981 764.412 829.304 891.055 901.810 933.517 933.972 1020.713 1025.255 1126.298 1192.914 1224.887 1342.305 1389.612 1487.928 1444.373 1418.111 1466.872 1400.660 1385.112 1326.564 1289.295 1219.273 1172.735 1123.725 1116.692 1093.182
-999.250 -999.250 -999.250 -999.250 -999.250 -999.250 -999.250 -999.250 -999.250 -999.250 -999.250 -999.250 -999.250 -999.250 -999.250 -999.250 -999.250 -999.250 -999.250 -999.250 -999.250 -999.250 -999.250 -999.250 -999.250 -999.250 -999.250 -999.250 -999.250 -999.250 671.048 673.202 687.779 711.595 704.421 714.531 724.641 768.828 806.302 809.690 829.562 894.779 923.910 979.723 1052.768 1094.841 1187.608 1199.083 1275.153 1346.530 1372.932 1417.655 1372.294 1362.145 1320.955 1302.366 1242.248 1206.464 1188.461 1131.625 1096.092 1075.898 1083.302
-999.250 -999.250 -999.250 -999.250 -999.250 -999.250 -999.250 -999.250 -999.250 -999.250 -999.250 -999.250 -999.250 -999.250 -999.250 -999.250 -999.250 -999.250 -999.250 -999.250 -999.250 -999.250 -999.250 -999.250 -999.250 -999.250 -999.250 -999.250 -999.250 -999.250 651.812 687.672 660.143 662.950 676.628 706.967 717.505 736.139 745.878 799.808 800.169 857.389 924.015 963.166 986.121 1078.744 1169.170 1196.698 1224.196 1269.513 1320.858 1357.454 1366.211 1317.065 1271.862 1263.093 1219.403 1161.709 1081.499 1075.892 1065.700 1012.513 1034.085
-999.250 -999.250 -999.250 -999.250 -999.250 -999.250 -999.250 -999.250 -999.250 -999.250 -999.250 -999.250 -999.250 -999.250 -999.250 -999.250 -999.250 -999.250 -999.250 -999.250 -999.250 -999.250 -999.250 -999.250 -999.250 -999.250 -999.250 -999.250 -999.250 -999.250 631.832 618.516 624.084 675.720 719.705 693.174 695.442 728.540 714.774 712.061 807.899 819.018 904.072 940.068 977.209 1071.307 1107.831 1172.058 1184.341 1176.248 1180.265 1255.271 1227.669 1181.300 1216.653 1194.082 1151.725 1134.623 1084.622 1042.093 1010.606 975.314 975.174
