data/medianmodel_30-Mar-2020.asc
ncols	141
nrows	288
xllcorner	-120191.398
yllcorner	-301404.813
cellsize	2000.000
NODATA_value	-999.250
[rows 62 to 92 of 288, columns 69 to 137 of 141]
219.562 185.577 140.237 75.684 38.037 0.000 0.000 0.000 0.000 0.000 0.000 0.000 0.000 0.843 5.450 7.390 7.780 11.549 9.435 9.878 6.485 6.563 3.145 3.462 6.110 7.345 7.260 7.965 9.106 9.826 11.051 11.428 13.158 13.561 14.993 15.476 13.253 15.316 13.143 11.779 13.418 -999.250 -999.250 -999.250 -999.250 -999.250 -999.250 -999.250 -999.250 -999.250 -999.250 -999.250 -999.250 -999.250 -999.250 -999.250 -999.250 -999.250 -999.250 -999.250 -999.250 -999.250 -999.250 -999.250 -999.250 -999.250 -999.250 -999.250 -999.250
222.341 170.375 118.295 78.522 44.451 20.083 4.883 0.000 0.000 0.000 0.000 0.000 0.000 0.000 2.621 7.088 8.764 9.670 10.751 10.624 7.289 3.615 0.000 2.062 6.297 6.250 5.007 3.963 3.036 4.945 9.172 11.912 12.087 13.282 12.577 12.463 10.802 12.956 9.579 11.067 11.956 12.418 -999.250 -999.250 -999.250 -999.250 -999.250 -999.250 -999.250 -999.250 -999.250 -999.250 -999.250 -999.250 -999.250 -999.250 -999.250 -999.250 -999.250 -999.250 -999.250 -999.250 -999.250 -999.250 -999.250 -999.250 -999.250 -999.250 -999.250
209.873 175.562 111.221 83.990 58.187 28.525 16.232 7.499 2.906 0.000 0.000 0.000 0.000 0.000 2.506 8.373 9.606 11.290 10.855 12.521 8.526 7.962 4.710 3.959 6.159 6.775 4.797 2.323 0.000 1.853 6.797 8.426 10.035 13.319 12.129 11.749 11.445 12.352 9.483 8.959 8.085 10.172 9.248 -999.250 -999.250 -999.250 -999.250 -999.250 -999.250 -999.250 -999.250 -999.250 -999.250 -999.250 -999.250 -999.250 -999.250 -999.250 -999.250 -999.250 -999.250 -999.250 -999.250 -999.250 -999.250 -999.250 -999.250 -999.250 -999.250
217.427 181.802 119.483 93.848 67.940 40.639 27.174 15.857 4.569 2.674 0.000 0.000 0.000 1.037 2.778 8.889 9.766 13.265 12.975 14.471 12.459 11.873 7.093 8.018 6.959 6.622 5.281 3.750 1.309 3.132 6.217 8.976 10.293 10.221 9.835 9.577 8.055 8.576 5.751 5.506 6.948 7.945 10.782 -999.250 -999.250 -999.250 -999.250 -999.250 -999.250 -999.250 -999.250 -999.250 -999.250 -999.250 -999.250 -999.250 -999.250 -999.250 -999.250 -999.250 -999.250 -999.250 -999.250 -999.250 -999.250 -999.250 -999.250 -999.250 -999.250
211.908 194.997 159.359 101.067 77.228 47.242 25.952 20.220 10.422 4.958 0.000 0.000 0.000 0.000 3.632 8.436 12.132 14.174 15.593 13.089 16.014 15.357 13.185 13.373 13.971 9.857 8.313 9.143 7.746 8.369 10.225 8.732 8.319 6.275 8.386 7.584 6.695 6.251 4.063 3.521 1.694 5.436 9.969 11.480 -999.250 -999.250 -999.250 -999.250 -999.250 -999.250 -999.250 -999.250 -999.250 -999.250 -999.250 -999.250 -999.250 -999.250 -999.250 -999.250 -999.250 -999.250 -999.250 -999.250 -999.250 -999.250 -999.250 -999.250 -999.250
226.999 187.204 148.217 111.639 78.020 49.701 30.629 19.150 9.046 3.834 0.000 0.000 0.000 0.000 2.887 9.110 13.176 15.388 15.979 17.231 14.626 17.384 17.575 16.358 15.669 13.285 12.813 11.670 11.110 11.890 11.954 9.924 9.445 6.462 7.270 7.437 8.334 5.957 1.153 0.000 0.000 4.484 6.628 7.434 9.091 -999.250 -999.250 -999.250 -999.250 -999.250 -999.250 -999.250 -999.250 -999.250 -999.250 -999.250 -999.250 -999.250 -999.250 -999.250 -999.250 -999.250 -999.250 -999.250 -999.250 -999.250 -999.250 -999.250 -999.250
217.030 177.053 143.661 102.081 72.755 55.008 24.882 14.762 8.211 2.131 0.000 0.000 0.000 0.356 5.431 9.199 12.482 15.410 16.378 20.843 24.782 20.015 20.895 23.817 21.183 18.161 18.451 15.809 13.343 11.568 11.974 11.931 8.906 8.462 8.067 7.857 8.560 5.325 3.654 0.435 1.545 5.890 8.518 9.455 10.011 -999.250 -999.250 -999.250 -999.250 -999.250 -999.250 -999.250 -999.250 -999.250 -999.250 -999.250 -999.250 -999.250 -999.250 -999.250 -999.250 -999.250 -999.250 -999.250 -999.250 -999.250 -999.250 -999.250 -999.250
189.210 153.512 115.154 78.959 57.949 45.241 26.518 14.015 6.376 0.000 0.000 0.000 0.153 1.861 4.949 8.652 12.541 16.357 19.823 24.135 24.905 27.181 27.701 29.540 24.760 26.102 21.492 17.753 18.620 15.004 16.010 12.129 11.976 10.830 10.754 10.002 6.696 6.970 4.487 2.452 5.980 5.409 9.315 8.776 10.649 -999.250 -999.250 -999.250 -999.250 -999.250 -999.250 -999.250 -999.250 -999.250 -999.250 -999.250 -999.250 -999.250 -999.250 -999.250 -999.250 -999.250 -999.250 -999.250 -999.250 -999.250 -999.250 -999.250 -999.250
169.461 127.061 91.995 63.142 48.530 38.868 20.113 8.497 0.000 0.000 0.000 0.000 1.201 4.206 6.450 10.598 12.805 13.965 18.532 24.293 28.736 26.536 33.908 34.762 32.135 31.167 33.095 25.053 21.655 19.168 15.814 15.207 13.137 12.702 11.219 9.285 7.447 7.717 5.891 5.043 6.763 7.055 8.531 9.136 8.239 11.039 12.728 -999.250 -999.250 -999.250 -999.250 -999.250 -999.250 -999.250 -999.250 -999.250 -999.250 -999.250 -999.250 -999.250 -999.250 -999.250 -999.250 -999.250 -999.250 -999.250 -999.250 -999.250 -999.250
121.705 90.265 85.065 67.969 47.317 28.130 15.520 0.000 0.000 0.000 0.000 0.000 2.301 5.223 7.401 10.141 12.599 15.586 18.198 25.939 37.025 36.666 35.915 40.642 38.689 36.590 32.945 29.633 27.546 23.054 21.442 17.910 15.251 12.568 10.394 8.543 8.783 8.095 7.848 7.633 6.468 10.665 8.799 8.079 11.423 11.151 12.160 -999.250 -999.250 -999.250 -999.250 -999.250 -999.250 -999.250 -999.250 -999.250 -999.250 -999.250 -999.250 -999.250 -999.250 -999.250 -999.250 -999.250 -999.250 -999.250 -999.250 -999.250 -999.250
95.115 83.542 63.707 51.518 36.556 22.651 10.959 0.000 0.000 0.000 0.000 0.000 0.817 3.869 4.599 9.440 11.458 16.104 17.774 28.711 34.045 42.156 41.929 41.866 43.773 43.075 36.047 33.644 33.346 28.445 19.712 20.854 16.123 14.237 12.338 12.715 11.083 9.097 7.301 8.474 8.485 10.870 12.259 11.884 15.194 14.557 -999.250 -999.250 -999.250 -999.250 -999.250 -999.250 -999.250 -999.250 -999.250 -999.250 -999.250 -999.250 -999.250 -999.250 -999.250 -999.250 -999.250 -999.250 -999.250 -999.250 -999.250 -999.250 -999.250
78.628 73.826 62.038 42.521 30.919 19.612 9.954 0.472 0.000 0.000 0.000 0.000 0.000 2.712 3.063 7.725 10.219 15.327 19.227 32.161 39.961 43.319 47.923 43.970 45.933 42.752 38.920 38.962 33.324 30.668 23.684 21.332 16.213 15.628 16.183 13.028 12.527 12.141 9.260 10.003 8.090 11.808 12.013 12.922 13.879 16.192 -999.250 -999.250 -999.250 -999.250 -999.250 -999.250 -999.250 -999.250 -999.250 -999.250 -999.250 -999.250 -999.250 -999.250 -999.250 -999.250 -999.250 -999.250 -999.250 -999.250 -999.250 -999.250 -999.250
65.570 61.289 50.973 38.436 26.474 13.425 6.623 3.707 0.000 0.000 0.000 0.000 0.000 1.737 2.804 6.864 8.869 11.573 19.595 34.572 41.685 42.240 52.637 56.936 55.909 45.855 44.828 43.694 37.423 27.327 24.810 20.156 17.994 16.063 16.115 12.062 14.201 11.913 10.729 11.067 11.624 14.118 13.329 14.130 16.082 15.513 -999.250 -999.250 -999.250 -999.250 -999.250 -999.250 -999.250 -999.250 -999.250 -999.250 -999.250 -999.250 -999.250 -999.250 -999.250 -999.250 -999.250 -999.250 -999.250 -999.250 -999.250 -999.250 -999.250
51.345 45.916 41.112 32.462 22.809 13.592 9.708 2.448 0.212 0.533 0.000 0.000 0.000 0.000 2.571 6.624 4.904 10.983 18.325 29.590 39.190 50.049 61.278 67.606 58.249 51.635 41.474 52.205 41.158 34.297 25.547 22.227 21.112 17.371 14.326 11.749 14.636 13.067 11.293 12.802 12.619 14.241 14.814 17.002 18.200 15.799 -999.250 -999.250 -999.250 -999.250 -999.250 -999.250 -999.250 -999.250 -999.250 -999.250 -999.250 -999.250 -999.250 -999.250 -999.250 -999.250 -999.250 -999.250 -999.250 -999.250 -999.250 -999.250 -999.250
38.865 35.987 31.948 28.791 21.543 16.330 10.137 4.295 1.262 0.000 0.000 0.000 0.122 0.759 0.813 3.740 0.000 9.086 14.570 27.406 36.494 45.156 53.832 57.405 47.937 44.351 46.341 41.843 40.284 33.662 27.663 25.431 27.374 20.096 14.381 12.312 14.616 11.534 12.277 15.680 15.533 15.079 14.767 17.306 18.101 15.844 -999.250 -999.250 -999.250 -999.250 -999.250 -999.250 -999.250 -999.250 -999.250 -999.250 -999.250 -999.250 -999.250 -999.250 -999.250 -999.250 -999.250 -999.250 -999.250 -999.250 -999.250 -999.250 -999.250
33.646 25.977 26.679 25.258 18.538 14.203 9.954 3.242 0.000 0.000 0.000 0.000 0.307 1.820 2.876 3.674 4.156 10.098 15.905 24.967 31.547 40.811 48.152 45.170 46.566 49.493 46.340 38.745 35.339 36.586 31.738 25.498 19.906 19.219 14.821 14.521 15.041 13.697 16.328 16.839 17.448 19.504 16.117 18.030 18.459 18.794 -999.250 -999.250 -999.250 -999.250 -999.250 -999.250 -999.250 -999.250 -999.250 -999.250 -999.250 -999.250 -999.250 -999.250 -999.250 -999.250 -999.250 -999.250 -999.250 -999.250 -999.250 -999.250 -999.250
28.639 24.980 21.248 21.536 18.824 14.365 10.038 4.348 0.240 0.000 0.000 0.730 0.428 3.301 2.753 5.961 9.258 14.170 17.624 23.074 31.323 33.500 42.684 37.760 43.604 40.676 40.980 35.148 36.048 28.496 30.234 25.219 23.465 20.032 17.791 17.406 18.424 18.820 15.163 15.397 18.000 18.345 18.685 16.927 18.515 14.792 -999.250 -999.250 -999.250 -999.250 -999.250 -999.250 -999.250 -999.250 -999.250 -999.250 -999.250 -999.250 -999.250 -999.250 -999.250 -999.250 -999.250 -999.250 -999.250 -999.250 -999.250 -999.250 -999.250
28.510 27.270 20.109 17.763 16.483 12.695 10.360 4.775 2.437 0.000 1.481 1.350 3.615 6.667 5.752 8.455 10.946 15.052 18.038 20.891 27.984 27.749 34.666 38.484 41.266 36.097 31.354 36.192 30.135 26.418 25.995 22.471 27.499 21.520 19.689 19.860 18.136 18.590 18.388 14.106 16.982 19.352 21.895 18.197 23.350 18.703 -999.250 -999.250 -999.250 -999.250 -999.250 -999.250 -999.250 -999.250 -999.250 -999.250 -999.250 -999.250 -999.250 -999.250 -999.250 -999.250 -999.250 -999.250 -999.250 -999.250 -999.250 -999.250 -999.250
26.171 21.888 19.887 17.186 14.489 13.001 10.756 6.739 3.067 0.000 0.000 1.311 5.709 7.770 8.000 11.725 13.794 15.421 14.984 21.006 21.595 22.303 30.068 33.085 32.604 32.663 30.953 27.369 28.013 24.748 29.662 26.813 26.510 20.893 21.065 19.240 20.017 17.459 16.501 13.696 17.323 21.060 24.327 23.392 26.477 21.716 22.359 -999.250 -999.250 -999.250 -999.250 -999.250 -999.250 -999.250 -999.250 -999.250 -999.250 -999.250 -999.250 -999.250 -999.250 -999.250 -999.250 -999.250 -999.250 -999.250 -999.250 -999.250 -999.250
22.890 18.316 19.367 12.691 11.611 10.823 7.738 6.357 2.523 0.000 1.118 3.738 7.084 8.481 10.241 15.061 15.553 15.200 15.500 15.621 16.206 19.294 19.230 22.788 23.407 25.567 22.050 25.183 26.530 23.730 25.789 24.818 21.905 18.405 18.619 19.821 20.041 19.631 18.410 17.902 20.419 22.956 20.814 23.910 25.516 25.174 23.192 -999.250 -999.250 -999.250 -999.250 -999.250 -999.250 -999.250 -999.250 -999.250 -999.250 -999.250 -999.250 -999.250 -999.250 -999.250 -999.250 -999.250 -999.250 -999.250 -999.250 -999.250 -999.250
20.566 19.602 14.149 12.868 13.457 10.504 6.932 6.055 3.149 0.545 1.695 5.608 7.946 10.573 11.990 16.171 15.405 16.408 16.048 13.821 13.862 13.293 15.982 16.411 19.335 21.745 20.605 22.403 25.482 24.467 22.943 20.907 20.542 18.654 17.218 16.871 19.666 24.297 19.269 18.938 20.663 23.782 26.249 27.627 29.477 29.794 25.383 -999.250 -999.250 -999.250 -999.250 -999.250 -999.250 -999.250 -999.250 -999.250 -999.250 -999.250 -999.250 -999.250 -999.250 -999.250 -999.250 -999.250 -999.250 -999.250 -999.250 -999.250 -999.250
19.212 16.986 16.398 14.348 11.657 8.975 7.172 3.818 3.529 4.055 5.822 6.546 10.918 11.052 14.958 18.815 18.367 17.634 15.803 11.914 10.072 9.297 10.033 11.412 13.520 17.757 19.111 19.396 26.106 24.251 21.279 20.405 19.378 16.262 14.371 16.735 22.000 19.657 18.729 22.398 24.460 27.342 24.946 27.365 34.185 33.095 27.025 -999.250 -999.250 -999.250 -999.250 -999.250 -999.250 -999.250 -999.250 -999.250 -999.250 -999.250 -999.250 -999.250 -999.250 -999.250 -999.250 -999.250 -999.250 -999.250 -999.250 -999.250 -999.250
16.715 14.910 14.649 14.035 10.728 7.800 4.181 1.485 4.430 6.699 9.045 9.794 12.329 17.065 16.290 22.085 19.126 17.625 13.619 9.533 2.340 0.000 6.658 8.433 11.506 14.366 18.112 18.602 19.433 20.299 18.622 17.892 17.571 17.031 18.123 16.405 19.530 20.786 22.249 22.142 27.173 26.984 29.836 31.862 31.336 34.305 -999.250 -999.250 -999.250 -999.250 -999.250 -999.250 -999.250 -999.250 -999.250 -999.250 -999.250 -999.250 -999.250 -999.250 -999.250 -999.250 -999.250 -999.250 -999.250 -999.250 -999.250 -999.250 -999.250
16.096 15.673 15.655 10.513 10.453 5.776 4.166 0.000 3.966 8.710 9.845 12.437 15.444 16.505 17.337 20.201 18.717 15.272 12.084 8.330 3.157 0.000 2.507 7.368 10.548 13.368 15.797 17.390 16.957 18.480 17.535 16.653 18.633 16.426 15.322 15.992 18.808 19.281 17.858 24.015 24.874 27.995 34.783 31.745 34.360 36.668 -999.250 -999.250 -999.250 -999.250 -999.250 -999.250 -999.250 -999.250 -999.250 -999.250 -999.250 -999.250 -999.250 -999.250 -999.250 -999.250 -999.250 -999.250 -999.250 -999.250 -999.250 -999.250 -999.250
14.560 17.455 14.292 13.788 12.410 8.061 3.055 3.688 7.255 8.223 11.053 13.406 15.779 18.287 18.774 16.904 17.813 14.878 9.618 8.950 6.817 2.827 5.542 7.958 9.029 11.999 13.580 14.696 15.023 16.867 14.921 15.902 17.169 15.913 14.015 17.842 16.850 21.968 22.713 26.987 24.466 25.614 27.613 29.192 30.637 -999.250 -999.250 -999.250 -999.250 -999.250 -999.250 -999.250 -999.250 -999.250 -999.250 -999.250 -999.250 -999.250 -999.250 -999.250 -999.250 -999.250 -999.250 -999.250 -999.250 -999.250 -999.250 -999.250 -999.250
15.570 16.063 16.132 14.533 12.526 10.683 8.235 8.251 8.307 10.134 10.055 13.240 15.665 16.289 18.559 17.070 15.612 13.667 8.295 8.838 7.011 2.360 4.303 8.335 11.548 12.328 13.331 14.695 13.364 14.548 18.704 13.966 18.252 16.391 16.613 15.333 17.273 18.286 23.202 22.446 23.797 25.758 30.587 28.075 28.519 -999.250 -999.250 -999.250 -999.250 -999.250 -999.250 -999.250 -999.250 -999.250 -999.250 -999.250 -999.250 -999.250 -999.250 -999.250 -999.250 -999.250 -999.250 -999.250 -999.250 -999.250 -999.250 -999.250 -999.250
14.218 14.601 16.166 13.727 15.105 12.505 10.103 12.241 12.934 11.658 12.448 13.709 13.337 16.215 18.713 16.779 16.062 13.005 10.518 8.799 6.941 5.118 7.463 8.703 10.255 11.169 13.348 13.066 12.831 13.971 17.589 16.581 16.714 18.486 19.404 20.846 22.575 18.870 23.741 20.204 20.001 27.341 28.792 25.045 22.683 23.714 21.480 -999.250 -999.250 -999.250 -999.250 -999.250 -999.250 -999.250 -999.250 -999.250 -999.250 -999.250 -999.250 -999.250 -999.250 -999.250 -999.250 -999.250 -999.250 -999.250 -999.250 -999.250 -999.250
13.497 14.140 15.415 15.507 14.523 13.717 14.056 14.192 13.479 13.309 13.583 14.856 14.724 18.102 15.692 15.289 12.814 11.869 10.296 9.868 8.893 8.450 9.944 7.808 7.856 11.350 11.108 11.313 12.729 13.155 14.803 13.825 17.378 20.032 17.254 19.353 21.233 22.063 19.113 19.576 22.297 29.517 23.321 32.171 24.914 26.618 20.083 -999.250 -999.250 -999.250 -999.250 -999.250 -999.250 -999.250 -999.250 -999.250 -999.250 -999.250 -999.250 -999.250 -999.250 -999.250 -999.250 -999.250 -999.250 -999.250 -999.250 -999.250 -999.250
12.757 14.386 15.054 16.831 14.494 15.790 15.956 16.755 16.372 16.661 14.197 17.723 17.304 16.146 17.032 14.190 11.403 11.242 9.889 9.890 8.507 9.362 9.545 8.226 9.242 11.845 11.316 9.936 11.767 14.436 13.792 14.691 17.396 16.464 17.867 20.021 20.036 18.382 17.768 16.438 19.869 21.078 25.464 24.366 20.483 20.647 20.071 -999.250 -999.250 -999.250 -999.250 -999.250 -999.250 -999.250 -999.250 -999.250 -999.250 -999.250 -999.250 -999.250 -999.250 -999.250 -999.250 -999.250 -999.250 -999.250 -999.250 -999.250 -999.250
13.279 14.410 13.276 13.722 14.491 16.744 18.665 16.336 17.945 17.377 14.427 18.572 14.465 16.072 15.822 14.140 12.776 10.887 9.053 8.445 8.607 8.461 7.695 7.472 8.550 10.173 9.161 8.862 11.477 13.421 15.045 14.407 16.753 16.333 18.188 16.186 16.872 21.713 20.020 19.133 18.254 18.364 21.697 20.126 18.817 18.454 -999.250 -999.250 -999.250 -999.250 -999.250 -999.250 -999.250 -999.250 -999.250 -999.250 -999.250 -999.250 -999.250 -999.250 -999.250 -999.250 -999.250 -999.250 -999.250 -999.250 -999.250 -999.250 -999.250
12.847 12.442 13.434 14.809 15.526 17.871 16.135 16.553 17.566 17.490 15.293 12.876 14.374 14.388 12.512 11.167 10.680 8.066 9.029 9.348 7.537 9.737 6.525 7.287 8.324 8.621 8.589 10.768 11.606 11.819 13.271 12.609 13.681 17.190 16.842 16.761 14.654 18.978 15.852 16.125 22.365 17.448 13.551 16.695 20.223 16.913 -999.250 -999.250 -999.250 -999.250 -999.250 -999.250 -999.250 -999.250 -999.250 -999.250 -999.250 -999.250 -999.250 -999.250 -999.250 -999.250 -999.250 -999.250 -999.250 -999.250 -999.250 -999.250 -999.250
