data/medianmodel_11-Sep-2020.asc
ncols	141
nrows	288
xllcorner	-120191.398
yllcorner	-301404.813
cellsize	2000.000
NODATA_value	-999.250
[rows 30 to 59 of 288, columns 0 to 68 of 141]
-999.250 -999.250 -999.250 -999.250 -999.250 -999.250 -999.250 -999.250 -999.250 -999.250 -999.250 -999.250 -999.250 -999.250 -999.250 -999.250 -999.250 -999.250 -999.250 -999.250 -999.250 -999.250 -999.250 -999.250 -999.250 -999.250 -999.250 -999.250 -999.250 -999.250 -999.250 20.975 14.418 6.465 2.520 0.000 0.000 0.000 0.000 1.430 8.116 13.343 18.434 23.254 31.602 42.630 50.595 55.084 59.384 64.009 77.906 88.809 92.369 98.524 96.733 88.868 71.411 50.194 32.621 19.796 11.957 7.029 4.867 3.304 2.516 2.534 1.112 0.000 0.000
-999.250 -999.250 -999.250 -999.250 -999.250 -999.250 -999.250 -999.250 -999.250 -999.250 -999.250 -999.250 -999.250 -999.250 -999.250 -999.250 -999.250 -999.250 -999.250 -999.250 -999.250 -999.250 -999.250 -999.250 -999.250 -999.250 -999.250 -999.250 -999.250 -999.250 -999.250 -999.250 16.075 7.217 1.515 0.000 0.000 0.000 0.000 1.752 7.283 12.858 17.828 23.490 30.105 39.536 48.107 54.653 60.808 67.042 75.061 86.608 91.721 100.254 116.284 95.698 75.399 53.934 38.839 23.457 16.880 13.437 7.734 8.177 8.209 6.938 4.170 0.397 0.000
-999.250 -999.250 -999.250 -999.250 -999.250 -999.250 -999.250 -999.250 -999.250 -999.250 -999.250 -999.250 -999.250 -999.250 -999.250 -999.250 -999.250 -999.250 -999.250 -999.250 -999.250 -999.250 -999.250 -999.250 -999.250 -999.250 -999.250 -999.250 -999.250 -999.250 -999.250 -999.250 19.108 8.782 6.625 6.131 4.740 7.448 6.443 6.322 10.542 14.581 19.593 26.985 32.636 40.473 47.199 51.520 59.611 67.152 72.197 83.486 91.202 99.109 103.420 99.438 81.477 60.225 44.069 28.034 19.017 14.667 13.743 15.684 14.573 11.227 7.811 3.260 1.137
-999.250 -999.250 -999.250 -999.250 -999.250 -999.250 -999.250 -999.250 -999.250 -999.250 -999.250 -999.250 -999.250 -999.250 -999.250 -999.250 -999.250 -999.250 -999.250 -999.250 -999.250 -999.250 -999.250 -999.250 -999.250 -999.250 -999.250 -999.250 -999.250 -999.250 -999.250 -999.250 24.361 14.630 12.889 12.217 12.378 14.297 13.893 14.769 17.214 21.028 24.119 28.944 35.735 46.656 53.104 54.408 65.142 74.167 84.971 87.384 91.568 98.207 95.171 90.206 76.650 59.789 43.175 29.929 21.667 17.587 17.275 19.129 20.136 16.408 12.217 7.412 4.120
-999.250 -999.250 -999.250 -999.250 -999.250 -999.250 -999.250 -999.250 -999.250 -999.250 -999.250 -999.250 -999.250 -999.250 -999.250 -999.250 -999.250 -999.250 -999.250 -999.250 -999.250 -999.250 -999.250 -999.250 -999.250 -999.250 -999.250 -999.250 -999.250 -999.250 -999.250 -999.250 38.615 30.243 25.721 23.812 22.579 22.950 22.747 24.276 24.920 28.309 30.098 36.888 43.261 50.812 59.390 65.991 73.247 82.205 86.286 90.902 95.428 96.353 93.483 88.495 73.675 57.664 41.367 30.809 24.935 19.345 19.011 23.739 31.994 20.724 14.017 8.163 5.022
-999.250 -999.250 -999.250 -999.250 -999.250 -999.250 -999.250 -999.250 -999.250 -999.250 -999.250 -999.250 -999.250 -999.250 -999.250 -999.250 -999.250 -999.250 -999.250 -999.250 -999.250 -999.250 -999.250 -999.250 -999.250 -999.250 -999.250 -999.250 -999.250 -999.250 -999.250 -999.250 55.045 47.682 46.430 41.051 40.704 39.356 36.263 38.583 35.677 38.725 42.358 43.633 48.398 57.177 63.919 71.692 83.047 85.996 92.151 95.978 101.752 96.953 90.970 80.985 70.974 57.866 41.049 28.629 25.084 20.373 20.375 21.434 24.286 18.694 13.070 7.841 3.115
-999.250 -999.250 -999.250 -999.250 -999.250 -999.250 -999.250 -999.250 -999.250 -999.250 -999.250 -999.250 -999.250 -999.250 -999.250 -999.250 -999.250 -999.250 -999.250 -999.250 -999.250 -999.250 -999.250 -999.250 -999.250 -999.250 -999.250 -999.250 -999.250 -999.250 -999.250 -999.250 71.138 74.163 65.423 57.782 57.817 56.741 53.832 52.154 51.033 47.891 52.220 54.932 60.275 67.608 72.083 83.931 91.430 96.539 95.797 101.500 98.971 98.650 94.819 78.733 68.205 48.463 36.100 25.981 23.424 19.385 21.153 19.650 18.872 14.539 12.511 7.503 2.357
-999.250 -999.250 -999.250 -999.250 -999.250 -999.250 -999.250 -999.250 -999.250 -999.250 -999.250 -999.250 -999.250 -999.250 -999.250 -999.250 -999.250 -999.250 -999.250 -999.250 -999.250 -999.250 -999.250 -999.250 -999.250 -999.250 -999.250 -999.250 -999.250 -999.250 -999.250 -999.250 -999.250 94.957 90.282 86.032 77.366 74.256 72.149 69.804 69.672 63.805 64.368 69.007 76.186 78.436 83.949 90.344 90.619 98.852 99.913 108.617 108.386 107.726 100.480 86.230 65.751 51.024 32.324 24.947 22.710 21.033 21.158 20.652 16.656 13.566 9.867 3.604 0.462
-999.250 -999.250 -999.250 -999.250 -999.250 -999.250 -999.250 -999.250 -999.250 -999.250 -999.250 -999.250 -999.250 -999.250 -999.250 -999.250 -999.250 -999.250 -999.250 -999.250 -999.250 -999.250 -999.250 -999.250 -999.250 -999.250 -999.250 -999.250 -999.250 -999.250 -999.250 -999.250 -999.250 111.066 110.768 104.498 97.100 91.426 84.206 84.581 77.568 75.086 80.157 81.768 85.038 90.379 90.210 90.939 94.646 100.600 113.411 122.190 133.666 119.906 100.153 87.211 67.294 48.192 31.211 25.791 24.917 22.458 21.557 20.914 16.149 11.327 7.920 3.918 0.000
-999.250 -999.250 -999.250 -999.250 -999.250 -999.250 -999.250 -999.250 -999.250 -999.250 -999.250 -999.250 -999.250 -999.250 -999.250 -999.250 -999.250 -999.250 -999.250 -999.250 -999.250 -999.250 -999.250 -999.250 -999.250 -999.250 -999.250 -999.250 -999.250 -999.250 -999.250 -999.250 135.856 127.316 141.322 125.376 122.872 102.126 97.512 94.188 84.404 83.773 89.528 89.017 90.055 89.463 88.138 91.541 94.795 101.323 115.708 125.233 162.827 136.235 106.649 92.095 74.781 53.519 39.723 34.697 31.089 27.148 25.184 20.790 16.523 10.894 6.205 0.303 0.000
-999.250 -999.250 -999.250 -999.250 -999.250 -999.250 -999.250 -999.250 -999.250 -999.250 -999.250 -999.250 -999.250 -999.250 -999.250 -999.250 -999.250 -999.250 -999.250 -999.250 -999.250 -999.250 -999.250 -999.250 -999.250 -999.250 -999.250 -999.250 -999.250 -999.250 -999.250 -999.250 132.066 160.489 168.084 153.294 124.297 116.917 102.389 94.763 91.263 91.500 91.538 95.354 101.141 94.476 90.532 92.659 95.948 98.928 104.923 114.100 129.347 116.381 108.299 92.750 80.367 69.957 53.221 44.069 41.959 34.427 30.276 31.513 19.979 13.325 6.170 0.000 0.000
-999.250 -999.250 -999.250 -999.250 -999.250 -999.250 -999.250 -999.250 -999.250 -999.250 -999.250 -999.250 -999.250 -999.250 -999.250 -999.250 -999.250 -999.250 -999.250 -999.250 -999.250 -999.250 -999.250 -999.250 -999.250 -999.250 -999.250 -999.250 -999.250 -999.250 -999.250 -999.250 -999.250 169.791 207.059 156.999 126.911 114.639 102.051 98.194 96.995 92.192 93.797 98.007 113.916 94.568 83.762 82.746 87.894 93.334 98.197 100.440 105.993 102.040 95.096 96.588 88.443 79.323 66.115 56.885 52.045 43.340 37.041 28.344 21.058 13.730 6.970 0.000 0.000
-999.250 -999.250 -999.250 -999.250 -999.250 -999.250 -999.250 -999.250 -999.250 -999.250 -999.250 -999.250 -999.250 -999.250 -999.250 -999.250 -999.250 -999.250 -999.250 -999.250 -999.250 -999.250 -999.250 -999.250 -999.250 -999.250 -999.250 -999.250 -999.250 -999.250 -999.250 -999.250 -999.250 160.535 165.038 141.670 121.325 106.160 97.933 95.247 93.632 88.044 88.653 95.033 92.513 87.319 76.348 71.420 77.402 86.775 89.799 93.239 92.062 95.590 98.707 99.024 96.505 92.746 83.480 69.843 57.457 50.675 42.377 33.731 23.898 17.214 10.362 3.041 0.000
-999.250 -999.250 -999.250 -999.250 -999.250 -999.250 -999.250 -999.250 -999.250 -999.250 -999.250 -999.250 -999.250 -999.250 -999.250 -999.250 -999.250 -999.250 -999.250 -999.250 -999.250 -999.250 -999.250 -999.250 -999.250 -999.250 -999.250 -999.250 -999.250 -999.250 -999.250 -999.250 -999.250 129.156 143.314 115.007 108.298 100.441 94.630 92.395 82.610 85.060 88.443 86.255 81.023 69.737 57.772 55.837 67.507 78.052 88.519 85.333 95.448 97.756 103.344 105.054 101.327 111.659 93.303 74.695 64.726 55.765 46.865 36.972 26.943 19.696 13.006 9.053 5.698
-999.250 -999.250 -999.250 -999.250 -999.250 -999.250 -999.250 -999.250 -999.250 -999.250 -999.250 -999.250 -999.250 -999.250 -999.250 -999.250 -999.250 -999.250 -999.250 -999.250 -999.250 -999.250 -999.250 -999.250 -999.250 -999.250 -999.250 -999.250 -999.250 -999.250 -999.250 -999.250 -999.250 -999.250 105.786 102.630 91.629 93.733 87.437 81.528 75.452 76.119 74.101 69.337 62.229 54.093 53.967 56.501 68.317 77.220 86.662 93.825 100.044 104.599 117.249 115.826 114.508 102.159 94.523 82.383 67.580 57.033 48.152 38.788 29.784 22.752 16.392 14.090 10.498
-999.250 -999.250 -999.250 -999.250 -999.250 -999.250 -999.250 -999.250 -999.250 -999.250 -999.250 -999.250 -999.250 -999.250 -999.250 -999.250 -999.250 -999.250 -999.250 -999.250 -999.250 -999.250 -999.250 -999.250 -999.250 -999.250 -999.250 -999.250 -999.250 -999.250 -999.250 -999.250 -999.250 -999.250 105.956 93.135 82.846 78.861 73.335 73.293 64.543 60.527 56.648 52.059 47.621 47.877 48.583 58.809 70.149 82.311 92.414 102.517 117.075 137.331 151.079 141.508 119.868 106.361 95.500 85.073 70.665 58.562 47.324 38.764 31.762 26.262 20.917 19.017 15.792
-999.250 -999.250 -999.250 -999.250 -999.250 -999.250 -999.250 -999.250 -999.250 -999.250 -999.250 -999.250 -999.250 -999.250 -999.250 -999.250 -999.250 -999.250 -999.250 -999.250 -999.250 -999.250 -999.250 -999.250 -999.250 -999.250 -999.250 -999.250 -999.250 -999.250 -999.250 -999.250 -999.250 -999.250 91.815 85.093 75.510 70.589 65.245 57.639 53.126 52.045 44.198 41.090 38.031 42.056 46.306 59.443 74.306 89.312 105.768 115.130 148.788 175.580 178.401 164.009 131.612 103.429 95.541 84.401 64.673 56.226 45.980 37.757 33.638 28.217 25.035 21.228 21.078
-999.250 -999.250 -999.250 -999.250 -999.250 -999.250 -999.250 -999.250 -999.250 -999.250 -999.250 -999.250 -999.250 -999.250 -999.250 -999.250 -999.250 -999.250 -999.250 -999.250 -999.250 -999.250 -999.250 -999.250 -999.250 -999.250 -999.250 -999.250 -999.250 -999.250 -999.250 -999.250 -999.250 -999.250 83.943 74.862 71.797 62.199 54.463 51.327 46.533 38.370 29.251 30.007 33.463 38.066 47.291 60.806 77.161 92.593 100.214 122.785 156.876 185.433 237.408 182.407 131.693 105.137 93.782 75.435 62.296 54.927 44.814 37.749 32.233 29.273 26.030 25.549 26.480
-999.250 -999.250 -999.250 -999.250 -999.250 -999.250 -999.250 -999.250 -999.250 -999.250 -999.250 -999.250 -999.250 -999.250 -999.250 -999.250 -999.250 -999.250 -999.250 -999.250 -999.250 -999.250 -999.250 -999.250 -999.250 -999.250 -999.250 -999.250 -999.250 -999.250 -999.250 -999.250 -999.250 -999.250 -999.250 74.057 62.994 54.865 48.080 40.073 34.857 27.826 26.219 24.646 27.824 31.681 44.649 66.552 82.009 96.348 104.024 123.388 145.538 168.081 178.143 164.286 128.728 105.379 92.306 76.724 58.349 49.008 45.119 31.890 26.672 27.952 29.867 29.274 29.792
-999.250 -999.250 -999.250 -999.250 -999.250 -999.250 -999.250 -999.250 -999.250 -999.250 -999.250 -999.250 -999.250 -999.250 -999.250 -999.250 -999.250 -999.250 -999.250 -999.250 -999.250 -999.250 -999.250 -999.250 -999.250 -999.250 -999.250 -999.250 -999.250 -999.250 -999.250 -999.250 -999.250 -999.250 -999.250 62.339 58.340 47.982 42.639 37.340 29.471 23.034 18.655 18.912 22.057 28.383 41.402 57.911 77.314 93.571 104.574 118.141 141.066 149.601 157.921 134.525 109.178 104.060 84.302 66.990 53.327 40.592 34.902 27.703 28.088 27.545 30.395 34.453 35.967
-999.250 -999.250 -999.250 -999.250 -999.250 -999.250 -999.250 -999.250 -999.250 -999.250 -999.250 -999.250 -999.250 -999.250 -999.250 -999.250 -999.250 -999.250 -999.250 -999.250 -999.250 -999.250 -999.250 -999.250 -999.250 -999.250 -999.250 -999.250 -999.250 -999.250 -999.250 -999.250 -999.250 -999.250 -999.250 54.751 46.937 39.536 37.194 37.418 25.474 19.002 14.072 13.573 17.674 28.187 38.122 56.097 72.508 89.709 103.519 115.385 120.285 130.444 137.570 126.852 108.017 97.024 80.629 59.448 48.016 37.189 29.557 26.969 25.695 26.308 30.392 33.473 38.484
-999.250 -999.250 -999.250 -999.250 -999.250 -999.250 -999.250 -999.250 -999.250 -999.250 -999.250 -999.250 -999.250 -999.250 -999.250 -999.250 -999.250 -999.250 -999.250 -999.250 -999.250 -999.250 -999.250 -999.250 -999.250 -999.250 -999.250 -999.250 -999.250 -999.250 -999.250 -999.250 -999.250 -999.250 -999.250 49.144 42.851 39.312 37.638 28.216 21.180 16.765 13.341 11.795 15.988 26.841 38.317 54.176 71.000 89.896 96.514 107.535 108.593 117.630 107.661 108.166 96.976 85.038 64.371 50.730 37.722 29.935 27.244 26.220 25.193 29.818 29.492 35.521 39.080
-999.250 -999.250 -999.250 -999.250 -999.250 -999.250 -999.250 -999.250 -999.250 -999.250 -999.250 -999.250 -999.250 -999.250 -999.250 -999.250 -999.250 -999.250 -999.250 -999.250 -999.250 -999.250 -999.250 -999.250 -999.250 -999.250 -999.250 -999.250 -999.250 -999.250 -999.250 -999.250 -999.250 -999.250 -999.250 45.619 43.385 39.406 31.973 27.300 21.499 15.615 11.926 12.107 14.460 22.038 33.689 47.256 68.111 85.980 94.994 102.399 108.880 107.104 106.639 96.916 89.205 72.893 57.756 41.619 32.759 26.687 23.770 23.078 23.638 26.705 33.157 34.209 43.227
-999.250 -999.250 -999.250 -999.250 -999.250 -999.250 -999.250 -999.250 -999.250 -999.250 -999.250 -999.250 -999.250 -999.250 -999.250 -999.250 -999.250 -999.250 -999.250 -999.250 -999.250 -999.250 -999.250 -999.250 -999.250 -999.250 -999.250 -999.250 -999.250 -999.250 -999.250 -999.250 -999.250 -999.250 -999.250 -999.250 39.167 35.161 32.553 30.550 21.532 15.189 12.983 10.958 15.020 19.059 31.239 43.294 58.084 74.348 87.695 94.964 108.926 98.389 96.733 85.552 77.853 63.101 47.270 36.896 27.440 23.228 24.070 22.785 23.945 25.006 28.924 37.564 49.171
-999.250 -999.250 -999.250 -999.250 -999.250 -999.250 -999.250 -999.250 -999.250 -999.250 -999.250 -999.250 -999.250 -999.250 -999.250 -999.250 -999.250 -999.250 -999.250 -999.250 -999.250 -999.250 -999.250 -999.250 -999.250 -999.250 -999.250 -999.250 -999.250 -999.250 -999.250 -999.250 -999.250 -999.250 -999.250 -999.250 35.719 35.776 36.544 40.165 27.332 17.426 13.990 14.459 16.278 21.191 30.253 38.791 50.066 63.212 74.067 83.546 90.685 87.923 83.060 72.648 61.500 50.291 37.214 29.061 25.608 20.166 21.632 23.027 22.605 24.203 27.560 35.273 47.164
-999.250 -999.250 -999.250 -999.250 -999.250 -999.250 -999.250 -999.250 -999.250 -999.250 -999.250 -999.250 -999.250 -999.250 -999.250 -999.250 -999.250 -999.250 -999.250 -999.250 -999.250 -999.250 -999.250 -999.250 -999.250 -999.250 -999.250 -999.250 -999.250 -999.250 -999.250 -999.250 -999.250 -999.250 -999.250 -999.250 -999.250 36.787 37.873 39.189 31.644 23.552 17.255 16.074 17.995 20.863 28.604 37.887 45.731 50.786 59.790 66.995 70.320 76.399 71.316 62.475 52.871 37.204 31.556 24.594 20.630 21.047 22.461 23.224 19.569 19.410 26.669 26.660 35.879
-999.250 -999.250 -999.250 -999.250 -999.250 -999.250 -999.250 -999.250 -999.250 -999.250 -999.250 -999.250 -999.250 -999.250 -999.250 -999.250 -999.250 -999.250 -999.250 -999.250 -999.250 -999.250 -999.250 -999.250 -999.250 -999.250 -999.250 -999.250 -999.250 -999.250 -999.250 -999.250 -999.250 -999.250 -999.250 -999.250 -999.250 31.461 35.909 38.102 39.023 28.196 22.768 19.008 16.297 21.259 27.074 34.797 42.241 46.494 53.115 54.664 60.942 61.691 58.334 49.418 42.864 30.651 27.285 20.643 21.819 20.550 24.077 22.026 19.754 15.241 14.238 13.768 19.721
-999.250 -999.250 -999.250 -999.250 -999.250 -999.250 -999.250 -999.250 -999.250 -999.250 -999.250 -999.250 -999.250 -999.250 -999.250 -999.250 -999.250 -999.250 -999.250 -999.250 -999.250 -999.250 -999.250 -999.250 -999.250 -999.250 -999.250 -999.250 -999.250 -999.250 -999.250 -999.250 -999.250 -999.250 -999.250 -999.250 -999.250 30.458 32.448 38.944 47.925 34.443 26.364 21.441 19.320 21.499 25.860 37.141 37.959 44.615 47.305 50.087 49.704 50.167 49.418 43.832 39.727 32.469 24.722 22.820 22.240 25.258 22.186 20.994 19.106 11.002 6.710 0.044 0.000
-999.250 -999.250 -999.250 -999.250 -999.250 -999.250 -999.250 -999.250 -999.250 -999.250 -999.250 -999.250 -999.250 -999.250 -999.250 -999.250 -999.250 -999.250 -999.250 -999.250 -999.250 -999.250 -999.250 -999.250 -999.250 -999.250 -999.250 -999.250 -999.250 -999.250 -999.250 -999.250 -999.250 -999.250 -999.250 -999.250 -999.250 23.455 29.173 29.030 36.369 32.084 26.140 23.181 23.714 28.096 32.354 36.595 40.771 43.961 45.638 47.091 45.976 50.814 48.212 52.977 48.606 35.513 26.598 27.666 28.181 27.947 26.898 23.858 17.430 7.098 0.000 0.000 0.000
-999.250 -999.250 -999.250 -999.250 -999.250 -999.250 -999.250 -999.250 -999.250 -999.250 -999.250 -999.250 -999.250 -999.250 -999.250 -999.250 -999.250 -999.250 -999.250 -999.250 -999.250 -999.250 -999.250 -999.250 -999.250 -999.250 -999.250 -999.250 -999.250 -999.250 -999.250 -999.250 -999.250 -999.250 -999.250 -999.250 -999.250 -999.250 21.669 26.474 28.994 30.662 26.863 25.412 27.527 29.955 36.395 42.395 43.709 45.199 50.577 51.383 52.460 49.249 59.263 62.766 65.383 48.502 34.699 37.807 40.089 39.011 33.395 26.955 18.497 8.145 0.000 0.000 0.000
