data/medianmodel_03-Oct-2020.asc
ncols	141
nrows	288
xllcorner	-120191.398
yllcorner	-301404.813
cellsize	2000.000
NODATA_value	-999.250
[rows 210 to 239 of 288, columns 0 to 66 of 141]
-999.250 -999.250 -999.250 -999.250 -999.250 -999.250 -999.250 -999.250 -999.250 -999.250 -999.250 -999.250 -999.250 -999.250 -999.250 -999.250 -999.250 -999.250 -999.250 -999.250 -999.250 -999.250 -999.250 -999.250 -999.250 -999.250 -999.250 -999.250 -999.250 -999.250 -999.250 48.120 47.015 46.753 47.463 45.539 43.048 42.448 37.431 35.842 36.609 31.846 34.308 32.045 28.927 27.664 24.432 27.399 20.737 16.775 16.055 18.742 19.292 18.078 15.339 11.742 12.017 10.943 13.594 13.382 9.403 12.024 11.447 7.373 6.777 4.854 3.163
-999.250 -999.250 -999.250 -999.250 -999.250 -999.250 -999.250 -999.250 -999.250 -999.250 -999.250 -999.250 -999.250 -999.250 -999.250 -999.250 -999.250 -999.250 -999.250 -999.250 -999.250 -999.250 -999.250 -999.250 -999.250 -999.250 -999.250 -999.250 -999.250 -999.250 -999.250 47.578 42.221 38.019 41.905 38.785 39.904 36.381 44.207 38.171 38.293 32.820 32.605 28.840 29.222 27.254 24.194 18.414 20.187 17.707 19.041 18.592 18.288 18.089 14.718 15.308 12.380 12.230 8.158 13.268 10.904 10.619 7.173 3.424 2.146 0.000 1.688
-999.250 -999.250 -999.250 -999.250 -999.250 -999.250 -999.250 -999.250 -999.250 -999.250 -999.250 -999.250 -999.250 -999.250 -999.250 -999.250 -999.250 -999.250 -999.250 -999.250 -999.250 -999.250 -999.250 -999.250 -999.250 -999.250 -999.250 -999.250 -999.250 -999.250 -999.250 42.610 42.691 37.554 37.292 39.210 34.592 35.895 37.083 36.705 40.100 35.198 30.858 28.285 24.765 23.638 22.538 23.168 17.866 19.460 18.689 17.786 16.406 17.005 13.183 13.644 12.194 11.060 8.408 12.080 9.767 8.378 3.359 1.965 1.134 2.533 0.362
-999.250 -999.250 -999.250 -999.250 -999.250 -999.250 -999.250 -999.250 -999.250 -999.250 -999.250 -999.250 -999.250 -999.250 -999.250 -999.250 -999.250 -999.250 -999.250 -999.250 -999.250 -999.250 -999.250 -999.250 -999.250 -999.250 -999.250 -999.250 -999.250 -999.250 -999.250 41.859 41.153 38.616 41.600 38.316 36.772 33.693 29.552 38.875 36.409 33.791 32.274 29.276 33.161 26.447 25.175 21.814 21.327 18.745 17.610 16.964 15.831 15.258 12.857 10.628 12.711 12.283 9.355 4.716 5.088 4.433 7.522 3.567 0.987 3.165 2.322
-999.250 -999.250 -999.250 -999.250 -999.250 -999.250 -999.250 -999.250 -999.250 -999.250 -999.250 -999.250 -999.250 -999.250 -999.250 -999.250 -999.250 -999.250 -999.250 -999.250 -999.250 -999.250 -999.250 -999.250 -999.250 -999.250 -999.250 -999.250 -999.250 -999.250 -999.250 40.823 36.965 36.316 41.284 40.894 35.917 30.265 32.081 33.468 28.975 30.003 30.834 28.298 27.925 25.262 28.258 21.242 24.424 19.207 21.266 18.342 17.104 15.283 12.483 10.120 8.482 8.230 6.485 4.731 4.530 3.246 6.006 5.642 1.033 2.071 1.876
-999.250 -999.250 -999.250 -999.250 -999.250 -999.250 -999.250 -999.250 -999.250 -999.250 -999.250 -999.250 -999.250 -999.250 -999.250 -999.250 -999.250 -999.250 -999.250 -999.250 -999.250 -999.250 -999.250 -999.250 -999.250 -999.250 -999.250 -999.250 -999.250 -999.250 -999.250 38.931 36.261 35.072 32.268 32.708 32.694 34.014 32.932 29.341 27.881 26.687 25.793 24.387 23.553 23.840 25.932 22.976 21.067 18.691 21.770 17.203 14.453 13.850 10.659 11.312 9.257 7.410 5.542 5.508 5.290 6.868 3.979 2.012 1.349 0.071 1.443
-999.250 -999.250 -999.250 -999.250 -999.250 -999.250 -999.250 -999.250 -999.250 -999.250 -999.250 -999.250 -999.250 -999.250 -999.250 -999.250 -999.250 -999.250 -999.250 -999.250 -999.250 -999.250 -999.250 -999.250 -999.250 -999.250 -999.250 -999.250 -999.250 -999.250 -999.250 32.568 31.794 33.346 30.301 34.383 29.492 32.806 27.886 27.185 26.787 25.820 23.848 20.536 19.757 21.625 24.218 24.800 20.938 14.537 18.101 16.559 15.075 11.991 9.436 9.331 8.185 7.337 6.177 5.141 4.931 3.843 5.081 3.115 0.272 1.897 4.093
-999.250 -999.250 -999.250 -999.250 -999.250 -999.250 -999.250 -999.250 -999.250 -999.250 -999.250 -999.250 -999.250 -999.250 -999.250 -999.250 -999.250 -999.250 -999.250 -999.250 -999.250 -999.250 -999.250 -999.250 -999.250 -999.250 -999.250 -999.250 -999.250 -999.250 -999.250 32.759 28.370 31.528 28.047 27.254 31.752 30.055 29.160 22.792 22.622 21.834 18.877 19.254 20.578 19.612 21.692 22.524 22.496 18.997 17.313 16.847 14.539 12.380 10.058 8.899 7.221 5.837 3.288 5.323 3.673 4.526 4.508 4.470 0.706 0.000 8.040
-999.250 -999.250 -999.250 -999.250 -999.250 -999.250 -999.250 -999.250 -999.250 -999.250 -999.250 -999.250 -999.250 -999.250 -999.250 -999.250 -999.250 -999.250 -999.250 -999.250 -999.250 -999.250 -999.250 -999.250 -999.250 -999.250 -999.250 -999.250 -999.250 -999.250 -999.250 28.573 28.213 26.530 25.271 29.798 35.222 30.481 31.029 29.263 28.456 20.739 18.719 17.783 19.411 22.334 20.142 21.715 18.003 21.356 17.989 15.832 15.136 12.347 8.007 5.997 6.937 4.874 4.762 6.014 10.322 9.205 6.035 6.098 4.606 9.615 15.007
-999.250 -999.250 -999.250 -999.250 -999.250 -999.250 -999.250 -999.250 -999.250 -999.250 -999.250 -999.250 -999.250 -999.250 -999.250 -999.250 -999.250 -999.250 -999.250 -999.250 -999.250 -999.250 -999.250 -999.250 -999.250 -999.250 -999.250 -999.250 -999.250 -999.250 -999.250 28.169 33.384 28.964 30.682 31.430 35.585 30.889 30.918 28.966 24.587 20.493 18.159 19.757 19.105 21.443 20.555 19.209 18.897 19.282 17.665 15.907 13.948 11.765 8.037 6.976 7.825 5.786 7.602 4.923 7.866 6.983 12.180 11.512 14.333 16.804 19.761
-999.250 -999.250 -999.250 -999.250 -999.250 -999.250 -999.250 -999.250 -999.250 -999.250 -999.250 -999.250 -999.250 -999.250 -999.250 -999.250 -999.250 -999.250 -999.250 -999.250 -999.250 -999.250 -999.250 -999.250 -999.250 -999.250 -999.250 -999.250 -999.250 -999.250 -999.250 28.961 34.712 34.033 32.796 31.798 33.851 31.560 29.038 28.455 23.409 21.974 22.041 21.149 22.672 21.072 18.502 17.475 18.987 16.539 16.180 14.163 13.999 12.843 6.012 4.982 5.714 4.420 7.794 10.777 9.705 10.347 11.343 13.900 16.081 18.451 27.123
-999.250 -999.250 -999.250 -999.250 -999.250 -999.250 -999.250 -999.250 -999.250 -999.250 -999.250 -999.250 -999.250 -999.250 -999.250 -999.250 -999.250 -999.250 -999.250 -999.250 -999.250 -999.250 -999.250 -999.250 -999.250 -999.250 -999.250 -999.250 -999.250 -999.250 -999.250 27.421 29.559 30.971 28.916 34.413 33.840 28.399 30.081 27.101 25.030 21.107 22.885 23.599 22.856 22.356 16.852 16.559 16.713 13.425 14.810 12.341 11.725 9.449 10.599 8.712 7.006 5.671 8.161 9.776 13.495 13.753 13.900 17.800 20.415 22.925 31.466
-999.250 -999.250 -999.250 -999.250 -999.250 -999.250 -999.250 -999.250 -999.250 -999.250 -999.250 -999.250 -999.250 -999.250 -999.250 -999.250 -999.250 -999.250 -999.250 -999.250 -999.250 -999.250 -999.250 -999.250 -999.250 -999.250 -999.250 -999.250 -999.250 -999.250 -999.250 28.972 29.154 30.212 30.782 30.381 25.555 32.447 27.709 26.929 28.621 24.919 24.932 24.825 23.880 18.819 17.281 16.303 17.374 16.934 12.017 12.345 14.548 9.883 7.687 7.090 3.965 9.199 7.134 12.810 15.405 14.584 15.925 22.108 29.049 30.822 39.236
-999.250 -999.250 -999.250 -999.250 -999.250 -999.250 -999.250 -999.250 -999.250 -999.250 -999.250 -999.250 -999.250 -999.250 -999.250 -999.250 -999.250 -999.250 -999.250 -999.250 -999.250 -999.250 -999.250 -999.250 -999.250 -999.250 -999.250 -999.250 -999.250 -999.250 28.073 28.997 28.565 30.810 30.703 31.666 29.183 25.564 27.660 25.626 24.396 24.516 23.202 21.574 23.470 21.587 17.962 18.046 14.946 16.039 14.285 10.480 10.802 8.245 7.077 6.287 6.863 8.257 10.866 13.082 17.087 18.608 21.445 29.047 28.954 40.829 50.486
-999.250 -999.250 -999.250 -999.250 -999.250 -999.250 -999.250 -999.250 -999.250 -999.250 -999.250 -999.250 -999.250 -999.250 -999.250 -999.250 -999.250 -999.250 -999.250 -999.250 -999.250 -999.250 -999.250 -999.250 -999.250 -999.250 -999.250 -999.250 -999.250 -999.250 27.487 31.396 34.083 31.345 31.981 30.001 25.440 27.585 26.882 27.475 26.970 23.014 24.999 24.874 20.038 24.207 18.640 15.927 16.574 14.594 12.318 12.325 9.623 10.695 2.528 6.882 6.280 7.367 9.944 14.151 15.741 24.069 24.130 31.773 43.685 46.711 55.064
-999.250 -999.250 -999.250 -999.250 -999.250 -999.250 -999.250 -999.250 -999.250 -999.250 -999.250 -999.250 -999.250 -999.250 -999.250 -999.250 -999.250 -999.250 -999.250 -999.250 -999.250 -999.250 -999.250 -999.250 -999.250 -999.250 -999.250 -999.250 -999.250 -999.250 24.453 27.242 31.849 31.229 27.181 27.806 28.353 25.661 23.793 27.456 24.356 22.673 25.253 22.615 22.649 21.384 18.635 16.154 15.228 13.511 14.452 11.188 10.172 7.141 5.115 1.388 4.301 6.229 9.694 14.753 18.092 26.393 33.270 34.462 45.781 59.604 62.788
-999.250 -999.250 -999.250 -999.250 -999.250 -999.250 -999.250 -999.250 -999.250 -999.250 -999.250 -999.250 -999.250 -999.250 -999.250 -999.250 -999.250 -999.250 -999.250 -999.250 -999.250 -999.250 -999.250 -999.250 -999.250 -999.250 -999.250 -999.250 -999.250 -999.250 25.954 29.683 27.063 27.452 24.910 24.186 24.148 22.441 24.597 23.943 22.986 25.841 20.292 20.725 19.779 20.004 19.061 15.886 18.861 16.746 12.576 11.396 8.507 8.129 6.206 1.820 0.708 0.978 8.452 16.506 24.058 25.552 38.086 42.853 48.335 68.352 71.508
-999.250 -999.250 -999.250 -999.250 -999.250 -999.250 -999.250 -999.250 -999.250 -999.250 -999.250 -999.250 -999.250 -999.250 -999.250 -999.250 -999.250 -999.250 -999.250 -999.250 -999.250 -999.250 -999.250 -999.250 -999.250 -999.250 -999.250 -999.250 -999.250 24.712 29.258 28.422 27.853 23.656 22.544 20.994 24.301 27.604 24.032 26.526 24.520 20.596 19.068 23.558 23.978 17.311 17.488 17.391 18.062 15.390 13.986 9.612 9.628 6.057 5.614 6.286 1.340 0.000 9.450 17.377 25.985 29.689 35.411 51.394 56.159 69.189 74.012
-999.250 -999.250 -999.250 -999.250 -999.250 -999.250 -999.250 -999.250 -999.250 -999.250 -999.250 -999.250 -999.250 -999.250 -999.250 -999.250 -999.250 -999.250 -999.250 -999.250 -999.250 -999.250 -999.250 -999.250 -999.250 -999.250 -999.250 -999.250 -999.250 23.980 24.475 25.850 27.026 21.654 25.146 26.445 24.708 24.566 23.940 23.485 21.929 24.514 22.796 24.216 22.939 19.792 16.072 16.530 15.022 15.941 13.563 9.535 9.343 7.814 4.355 9.908 5.798 7.039 15.398 23.289 25.500 33.098 45.608 51.671 63.806 73.070 79.373
-999.250 -999.250 -999.250 -999.250 -999.250 -999.250 -999.250 -999.250 -999.250 -999.250 -999.250 -999.250 -999.250 -999.250 -999.250 -999.250 -999.250 -999.250 -999.250 -999.250 -999.250 -999.250 -999.250 -999.250 -999.250 -999.250 -999.250 -999.250 21.885 22.776 26.396 23.271 25.001 21.763 23.958 21.837 24.313 26.745 23.663 22.930 24.554 21.104 23.414 22.920 21.203 18.387 19.328 16.641 15.377 16.628 17.500 14.962 13.934 10.528 9.850 11.155 10.206 11.928 20.088 20.537 28.850 39.004 40.215 60.502 70.574 73.987 88.215
-999.250 -999.250 -999.250 -999.250 -999.250 -999.250 -999.250 -999.250 -999.250 -999.250 -999.250 -999.250 -999.250 -999.250 -999.250 -999.250 -999.250 -999.250 -999.250 -999.250 -999.250 -999.250 -999.250 -999.250 -999.250 -999.250 -999.250 -999.250 21.061 24.448 23.885 22.881 24.928 23.562 22.472 21.577 23.108 22.171 21.405 22.810 24.594 27.341 27.564 23.453 21.437 19.763 18.133 20.009 19.396 19.290 16.882 15.188 15.710 13.603 14.485 15.270 14.987 17.069 20.276 27.176 31.160 32.235 43.235 58.732 66.306 72.148 86.462
-999.250 -999.250 -999.250 -999.250 -999.250 -999.250 -999.250 -999.250 -999.250 -999.250 -999.250 -999.250 -999.250 -999.250 -999.250 -999.250 -999.250 -999.250 -999.250 -999.250 -999.250 -999.250 -999.250 -999.250 -999.250 -999.250 -999.250 20.547 20.834 22.985 25.120 22.478 22.647 24.432 22.766 21.472 22.216 24.568 23.460 24.753 22.624 26.752 23.953 24.024 21.894 21.650 24.804 25.869 24.709 18.361 19.081 19.279 19.746 17.609 14.875 18.648 18.523 22.133 26.755 32.046 36.052 36.090 48.940 50.916 64.317 80.340 81.237
-999.250 -999.250 -999.250 -999.250 -999.250 -999.250 -999.250 -999.250 -999.250 -999.250 -999.250 -999.250 -999.250 -999.250 -999.250 -999.250 -999.250 -999.250 -999.250 -999.250 -999.250 -999.250 -999.250 -999.250 -999.250 -999.250 -999.250 21.974 21.745 25.102 22.175 21.874 20.998 20.346 18.986 21.005 22.195 21.793 25.542 26.208 25.198 25.638 28.501 25.853 29.212 29.554 24.740 21.236 25.428 21.014 25.024 22.959 21.437 18.940 22.882 26.071 24.222 26.065 30.844 32.842 37.503 45.825 48.063 59.376 61.690 67.732 77.388
-999.250 -999.250 -999.250 -999.250 -999.250 -999.250 -999.250 -999.250 -999.250 -999.250 -999.250 -999.250 -999.250 -999.250 -999.250 -999.250 -999.250 -999.250 -999.250 -999.250 -999.250 -999.250 -999.250 -999.250 -999.250 -999.250 -999.250 -999.250 21.204 23.831 22.270 23.101 21.321 18.627 17.195 20.318 18.970 21.071 22.004 23.876 26.322 25.404 27.295 28.189 28.560 26.860 27.481 26.325 25.648 25.774 24.830 25.875 27.254 27.679 25.032 31.122 31.759 32.664 33.941 39.272 41.804 46.082 54.404 60.986 59.718 66.147 81.518
-999.250 -999.250 -999.250 -999.250 -999.250 -999.250 -999.250 -999.250 -999.250 -999.250 -999.250 -999.250 -999.250 -999.250 -999.250 -999.250 -999.250 -999.250 -999.250 -999.250 -999.250 -999.250 -999.250 -999.250 -999.250 -999.250 -999.250 -999.250 -999.250 -999.250 20.969 18.876 19.674 20.824 15.729 19.473 20.420 22.554 27.087 25.926 27.465 30.276 32.756 28.815 30.589 31.681 36.209 31.413 28.077 27.129 30.855 31.797 31.389 27.726 30.013 34.282 30.339 33.851 43.517 41.662 40.853 44.143 51.411 59.375 54.215 65.049 73.857
-999.250 -999.250 -999.250 -999.250 -999.250 -999.250 -999.250 -999.250 -999.250 -999.250 -999.250 -999.250 -999.250 -999.250 -999.250 -999.250 -999.250 -999.250 -999.250 -999.250 -999.250 -999.250 -999.250 -999.250 -999.250 -999.250 -999.250 -999.250 -999.250 -999.250 19.643 21.495 19.239 15.885 19.013 17.518 18.537 20.918 20.715 27.501 27.754 32.217 31.979 30.416 39.862 39.060 38.922 37.713 35.422 33.528 44.536 40.956 35.230 33.776 35.394 33.525 34.901 35.609 37.534 40.111 41.783 44.388 49.068 56.794 58.538 61.030 64.830
-999.250 -999.250 -999.250 -999.250 -999.250 -999.250 -999.250 -999.250 -999.250 -999.250 -999.250 -999.250 -999.250 -999.250 -999.250 -999.250 -999.250 -999.250 -999.250 -999.250 -999.250 -999.250 -999.250 -999.250 -999.250 -999.250 -999.250 -999.250 -999.250 -999.250 17.710 21.138 14.589 19.317 18.487 18.972 20.958 21.834 21.273 27.047 26.632 32.034 38.199 35.229 46.919 47.077 43.201 44.083 38.256 40.738 46.143 43.461 41.780 39.223 36.714 36.856 37.211 37.920 35.254 36.377 38.248 46.019 46.997 54.486 54.179 54.483 62.300
-999.250 -999.250 -999.250 -999.250 -999.250 -999.250 -999.250 -999.250 -999.250 -999.250 -999.250 -999.250 -999.250 -999.250 -999.250 -999.250 -999.250 -999.250 -999.250 -999.250 -999.250 -999.250 -999.250 -999.250 -999.250 -999.250 -999.250 -999.250 -999.250 -999.250 -999.250 20.583 19.897 21.092 20.574 23.520 21.848 24.849 25.271 28.764 29.828 29.788 39.065 45.347 56.945 43.834 43.665 47.181 52.081 52.450 50.426 50.953 47.659 47.716 43.025 39.012 42.477 35.242 39.796 36.172 37.393 38.436 41.078 48.040 42.462 51.309 58.294
-999.250 -999.250 -999.250 -999.250 -999.250 -999.250 -999.250 -999.250 -999.250 -999.250 -999.250 -999.250 -999.250 -999.250 -999.250 -999.250 -999.250 -999.250 -999.250 -999.250 -999.250 -999.250 -999.250 -999.250 -999.250 -999.250 -999.250 -999.250 -999.250 -999.250 22.926 19.370 21.597 21.752 22.611 23.331 23.281 28.864 31.190 32.969 27.698 35.167 40.063 41.568 43.173 44.097 51.632 60.754 59.061 59.205 60.933 61.903 62.793 53.468 55.090 50.401 45.652 39.233 39.948 36.466 34.609 32.947 34.847 37.061 36.249 47.087 49.973
-999.250 -999.250 -999.250 -999.250 -999.250 -999.250 -999.250 -999.250 -999.250 -999.250 -999.250 -999.250 -999.250 -999.250 -999.250 -999.250 -999.250 -999.250 -999.250 -999.250 -999.250 -999.250 -999.250 -999.250 -999.250 -999.250 -999.250 -999.250 -999.250 -999.250 -999.250 22.901 23.654 25.033 30.303 27.839 30.598 35.487 30.966 31.346 34.573 45.792 42.716 48.331 51.744 55.674 57.731 64.554 60.771 65.254 66.240 63.899 67.380 61.697 57.664 59.354 50.206 43.931 44.900 38.327 32.761 30.785 35.253 26.397 29.213 36.763 38.032
