data/medianmodel_28-Mar-2020.asc
ncols	141
nrows	288
xllcorner	-120191.398
yllcorner	-301404.813
cellsize	2000.000
NODATA_value	-999.250
[rows 62 to 92 of 288, columns 70 to 139 of 141]
113.069 76.773 46.292 26.376 0.000 0.000 0.000 0.000 0.000 0.000 0.000 0.000 0.000 1.292 3.910 6.624 8.145 5.752 6.124 2.688 1.339 2.106 3.052 5.261 6.215 5.774 6.371 7.229 12.160 14.051 14.772 16.010 17.876 17.297 20.491 19.007 17.653 15.227 16.044 20.340 -999.250 -999.250 -999.250 -999.250 -999.250 -999.250 -999.250 -999.250 -999.250 -999.250 -999.250 -999.250 -999.250 -999.250 -999.250 -999.250 -999.250 -999.250 -999.250 -999.250 -999.250 -999.250 -999.250 -999.250 -999.250 -999.250 -999.250 -999.250 -999.250 -999.250
91.066 62.889 41.726 20.483 5.340 0.000 0.000 0.000 0.000 0.000 0.000 0.000 0.000 1.012 3.835 7.761 7.814 7.507 7.184 5.527 1.060 0.000 0.972 2.192 2.230 2.031 2.183 3.613 7.733 10.613 12.829 14.253 12.169 12.724 12.671 15.730 14.126 14.040 15.181 14.900 17.617 -999.250 -999.250 -999.250 -999.250 -999.250 -999.250 -999.250 -999.250 -999.250 -999.250 -999.250 -999.250 -999.250 -999.250 -999.250 -999.250 -999.250 -999.250 -999.250 -999.250 -999.250 -999.250 -999.250 -999.250 -999.250 -999.250 -999.250 -999.250 -999.250
69.776 46.350 34.674 15.164 6.817 3.048 0.000 0.000 0.000 0.000 0.000 0.000 0.000 1.630 4.451 8.087 9.292 7.500 7.717 5.866 3.918 2.203 1.625 1.983 1.004 0.439 0.000 0.000 4.336 8.371 10.284 10.832 10.916 10.987 10.194 10.667 11.465 10.809 11.481 11.509 13.460 15.097 -999.250 -999.250 -999.250 -999.250 -999.250 -999.250 -999.250 -999.250 -999.250 -999.250 -999.250 -999.250 -999.250 -999.250 -999.250 -999.250 -999.250 -999.250 -999.250 -999.250 -999.250 -999.250 -999.250 -999.250 -999.250 -999.250 -999.250 -999.250
47.822 38.586 29.179 18.020 9.007 6.011 0.787 0.245 0.000 0.000 0.000 0.000 1.756 2.997 7.675 9.482 9.652 8.540 8.433 7.419 3.194 3.001 4.073 3.029 2.005 2.423 0.755 0.714 4.397 7.133 9.845 9.265 8.814 11.828 10.934 10.764 8.689 10.441 9.162 6.328 9.260 13.549 -999.250 -999.250 -999.250 -999.250 -999.250 -999.250 -999.250 -999.250 -999.250 -999.250 -999.250 -999.250 -999.250 -999.250 -999.250 -999.250 -999.250 -999.250 -999.250 -999.250 -999.250 -999.250 -999.250 -999.250 -999.250 -999.250 -999.250 -999.250
41.729 35.343 26.641 19.278 13.811 7.357 3.579 3.298 0.000 0.000 0.000 0.000 3.410 4.307 8.445 9.644 10.809 10.726 10.116 8.615 7.983 7.785 5.988 4.676 3.717 7.172 5.252 4.970 5.590 7.777 11.628 10.522 8.490 10.399 9.911 7.776 7.389 5.337 4.293 3.517 6.558 8.542 10.057 -999.250 -999.250 -999.250 -999.250 -999.250 -999.250 -999.250 -999.250 -999.250 -999.250 -999.250 -999.250 -999.250 -999.250 -999.250 -999.250 -999.250 -999.250 -999.250 -999.250 -999.250 -999.250 -999.250 -999.250 -999.250 -999.250 -999.250
31.864 28.641 23.787 21.519 13.783 7.040 4.364 2.837 0.065 0.000 0.000 0.000 2.561 6.537 9.304 11.691 11.748 12.074 10.176 10.384 9.985 11.187 10.100 7.122 9.053 6.993 8.279 7.934 8.740 8.724 10.375 11.091 8.083 7.129 6.365 5.536 2.679 3.695 1.803 0.000 3.255 7.481 6.739 9.941 -999.250 -999.250 -999.250 -999.250 -999.250 -999.250 -999.250 -999.250 -999.250 -999.250 -999.250 -999.250 -999.250 -999.250 -999.250 -999.250 -999.250 -999.250 -999.250 -999.250 -999.250 -999.250 -999.250 -999.250 -999.250 -999.250
27.258 24.611 20.001 13.948 10.165 10.158 7.063 2.288 0.000 0.000 0.156 3.192 3.938 8.305 9.166 13.046 12.964 13.693 14.325 12.986 14.276 11.262 11.954 9.211 10.444 11.280 10.714 10.420 11.605 11.407 9.505 9.454 7.862 7.693 5.645 4.350 3.770 4.004 3.017 0.292 2.400 3.698 3.990 8.729 -999.250 -999.250 -999.250 -999.250 -999.250 -999.250 -999.250 -999.250 -999.250 -999.250 -999.250 -999.250 -999.250 -999.250 -999.250 -999.250 -999.250 -999.250 -999.250 -999.250 -999.250 -999.250 -999.250 -999.250 -999.250 -999.250
21.549 16.232 13.544 10.662 9.110 5.753 4.077 1.692 0.000 0.000 0.377 4.300 6.928 10.300 10.015 11.675 14.982 16.788 17.159 16.437 15.595 17.101 16.121 16.407 13.406 13.970 12.932 12.847 11.956 10.538 10.561 9.177 7.971 4.743 4.579 4.962 3.741 1.745 1.849 0.816 2.318 2.219 4.953 5.970 -999.250 -999.250 -999.250 -999.250 -999.250 -999.250 -999.250 -999.250 -999.250 -999.250 -999.250 -999.250 -999.250 -999.250 -999.250 -999.250 -999.250 -999.250 -999.250 -999.250 -999.250 -999.250 -999.250 -999.250 -999.250 -999.250
11.912 11.301 8.003 5.346 4.457 1.227 0.024 0.000 0.000 0.000 3.064 5.619 8.198 10.896 12.833 14.920 16.139 18.532 18.605 18.592 21.688 21.065 22.101 20.626 18.785 18.061 16.539 15.680 13.105 14.108 11.504 9.643 8.953 7.319 6.155 2.485 4.677 5.745 4.315 1.459 3.934 2.885 4.012 6.970 7.465 11.251 -999.250 -999.250 -999.250 -999.250 -999.250 -999.250 -999.250 -999.250 -999.250 -999.250 -999.250 -999.250 -999.250 -999.250 -999.250 -999.250 -999.250 -999.250 -999.250 -999.250 -999.250 -999.250 -999.250 -999.250
8.382 6.732 4.070 3.204 2.386 0.000 0.000 0.000 0.000 0.000 4.368 4.353 8.743 10.063 11.498 13.742 16.880 17.691 20.670 24.342 24.295 26.948 24.615 24.967 24.491 24.605 19.577 16.424 13.316 14.368 13.479 12.705 10.570 9.097 7.947 5.347 5.621 6.982 4.827 7.233 5.635 4.419 7.171 9.236 7.129 8.828 -999.250 -999.250 -999.250 -999.250 -999.250 -999.250 -999.250 -999.250 -999.250 -999.250 -999.250 -999.250 -999.250 -999.250 -999.250 -999.250 -999.250 -999.250 -999.250 -999.250 -999.250 -999.250 -999.250 -999.250
5.700 5.673 1.670 0.000 0.000 0.000 0.000 0.000 0.000 0.514 3.081 5.692 6.624 9.722 13.262 11.479 19.376 19.956 20.041 26.853 26.837 28.710 27.895 26.755 28.447 24.196 21.662 17.412 13.981 15.564 12.377 13.574 12.055 8.824 5.998 6.295 4.899 4.084 5.471 8.371 8.314 8.865 9.725 10.944 8.628 -999.250 -999.250 -999.250 -999.250 -999.250 -999.250 -999.250 -999.250 -999.250 -999.250 -999.250 -999.250 -999.250 -999.250 -999.250 -999.250 -999.250 -999.250 -999.250 -999.250 -999.250 -999.250 -999.250 -999.250 -999.250
1.547 0.000 0.000 0.000 0.000 0.000 0.000 0.000 0.000 1.434 3.610 7.967 7.235 9.780 10.945 13.603 14.662 15.339 18.191 24.473 29.678 34.299 29.355 30.106 28.129 27.549 22.226 19.592 17.075 15.474 15.223 11.396 9.986 9.007 8.013 5.378 4.946 5.176 6.799 9.299 10.450 9.646 10.199 10.429 9.662 -999.250 -999.250 -999.250 -999.250 -999.250 -999.250 -999.250 -999.250 -999.250 -999.250 -999.250 -999.250 -999.250 -999.250 -999.250 -999.250 -999.250 -999.250 -999.250 -999.250 -999.250 -999.250 -999.250 -999.250 -999.250
0.000 0.000 0.000 0.000 0.000 0.000 0.000 0.000 0.030 2.507 4.477 5.063 5.136 6.430 7.146 8.503 13.386 13.800 17.190 24.976 31.510 36.808 36.843 31.903 30.033 27.758 25.700 23.316 16.982 18.425 13.137 15.311 10.958 10.427 9.888 9.174 8.162 8.494 7.252 7.669 9.735 11.125 11.228 14.076 10.837 -999.250 -999.250 -999.250 -999.250 -999.250 -999.250 -999.250 -999.250 -999.250 -999.250 -999.250 -999.250 -999.250 -999.250 -999.250 -999.250 -999.250 -999.250 -999.250 -999.250 -999.250 -999.250 -999.250 -999.250 -999.250
0.000 0.000 0.000 0.085 0.000 0.000 0.000 0.000 0.867 3.790 5.114 2.498 3.288 3.046 2.604 5.221 9.644 13.950 19.672 23.449 30.818 40.208 45.070 35.141 34.918 29.724 24.420 25.160 22.274 21.041 14.027 13.342 14.001 12.828 11.749 9.946 10.547 9.187 10.216 11.786 13.793 13.116 13.902 12.337 10.650 -999.250 -999.250 -999.250 -999.250 -999.250 -999.250 -999.250 -999.250 -999.250 -999.250 -999.250 -999.250 -999.250 -999.250 -999.250 -999.250 -999.250 -999.250 -999.250 -999.250 -999.250 -999.250 -999.250 -999.250 -999.250
1.638 3.322 4.323 2.934 3.043 0.000 0.000 0.000 2.088 2.164 1.004 2.437 1.771 1.563 0.000 0.000 6.884 11.197 19.457 25.038 27.859 35.122 37.161 33.929 34.336 32.690 25.781 26.115 21.498 22.114 18.527 14.556 14.173 15.207 14.843 12.186 9.762 13.392 10.536 13.253 12.349 12.871 14.423 14.898 10.302 -999.250 -999.250 -999.250 -999.250 -999.250 -999.250 -999.250 -999.250 -999.250 -999.250 -999.250 -999.250 -999.250 -999.250 -999.250 -999.250 -999.250 -999.250 -999.250 -999.250 -999.250 -999.250 -999.250 -999.250 -999.250
3.565 6.705 6.311 6.172 4.004 1.312 0.000 0.000 0.393 1.063 1.132 0.000 0.000 0.000 0.000 2.422 7.170 12.381 17.073 20.448 25.606 28.456 34.057 31.882 30.340 29.225 28.264 25.393 23.806 20.132 17.720 17.192 15.446 14.114 16.014 13.541 13.519 11.011 14.177 13.563 12.399 16.858 14.391 13.828 12.306 -999.250 -999.250 -999.250 -999.250 -999.250 -999.250 -999.250 -999.250 -999.250 -999.250 -999.250 -999.250 -999.250 -999.250 -999.250 -999.250 -999.250 -999.250 -999.250 -999.250 -999.250 -999.250 -999.250 -999.250 -999.250
7.158 8.920 5.093 6.343 6.755 3.146 0.927 0.000 0.000 0.000 0.000 0.000 0.000 0.000 0.614 1.890 7.727 10.750 17.852 17.418 21.721 26.662 30.257 26.849 27.710 27.794 25.936 22.960 19.974 16.613 18.388 18.597 15.617 15.095 15.683 16.904 15.177 12.122 14.471 15.532 16.036 15.281 13.964 14.595 13.038 -999.250 -999.250 -999.250 -999.250 -999.250 -999.250 -999.250 -999.250 -999.250 -999.250 -999.250 -999.250 -999.250 -999.250 -999.250 -999.250 -999.250 -999.250 -999.250 -999.250 -999.250 -999.250 -999.250 -999.250 -999.250
6.962 6.310 8.595 5.665 4.556 3.530 1.646 0.000 0.000 0.000 0.000 0.000 0.000 0.000 0.639 2.114 6.727 10.286 13.089 19.213 22.298 22.331 22.401 22.741 26.721 23.609 23.423 23.784 19.245 16.425 17.683 17.631 19.041 18.378 17.979 17.463 17.953 14.642 15.542 17.345 18.476 18.416 18.755 15.363 12.984 -999.250 -999.250 -999.250 -999.250 -999.250 -999.250 -999.250 -999.250 -999.250 -999.250 -999.250 -999.250 -999.250 -999.250 -999.250 -999.250 -999.250 -999.250 -999.250 -999.250 -999.250 -999.250 -999.250 -999.250 -999.250
7.402 6.904 6.796 5.982 4.151 5.690 1.254 0.000 0.000 0.000 0.000 0.000 0.000 0.000 2.570 3.186 5.068 9.641 10.650 14.694 15.418 16.862 21.841 22.171 23.066 19.849 22.137 21.255 18.824 17.942 15.226 16.432 14.921 17.626 16.612 16.178 18.434 19.285 15.971 20.953 22.829 22.323 21.296 18.617 18.117 14.276 -999.250 -999.250 -999.250 -999.250 -999.250 -999.250 -999.250 -999.250 -999.250 -999.250 -999.250 -999.250 -999.250 -999.250 -999.250 -999.250 -999.250 -999.250 -999.250 -999.250 -999.250 -999.250 -999.250 -999.250
9.157 7.978 8.172 5.802 3.732 3.812 3.017 0.000 0.000 0.000 0.000 0.000 0.000 0.000 3.328 3.238 4.828 4.039 8.345 11.079 11.913 13.586 14.657 14.208 18.073 17.192 19.420 16.196 16.438 17.463 15.312 17.853 15.758 19.109 20.129 18.288 20.298 20.753 18.604 22.157 23.050 24.389 24.429 21.978 20.876 19.833 -999.250 -999.250 -999.250 -999.250 -999.250 -999.250 -999.250 -999.250 -999.250 -999.250 -999.250 -999.250 -999.250 -999.250 -999.250 -999.250 -999.250 -999.250 -999.250 -999.250 -999.250 -999.250 -999.250 -999.250
9.466 8.383 7.982 6.269 5.181 3.482 3.045 0.516 0.000 0.000 0.000 0.125 0.548 0.000 1.657 1.962 3.325 2.772 7.091 7.735 9.862 11.476 11.053 12.279 14.680 13.101 12.445 14.137 15.263 16.653 16.699 15.549 17.205 16.513 17.610 18.550 22.746 22.135 27.207 24.719 26.200 27.079 23.238 25.866 26.555 25.054 -999.250 -999.250 -999.250 -999.250 -999.250 -999.250 -999.250 -999.250 -999.250 -999.250 -999.250 -999.250 -999.250 -999.250 -999.250 -999.250 -999.250 -999.250 -999.250 -999.250 -999.250 -999.250 -999.250 -999.250
6.078 8.162 7.988 6.525 4.539 3.267 0.963 1.971 1.639 2.107 0.109 1.749 2.139 0.000 0.000 0.133 3.675 2.347 5.222 3.097 5.394 5.449 9.183 11.782 10.180 12.642 12.147 15.685 15.867 14.420 14.480 15.186 18.175 17.331 15.639 19.247 21.425 24.875 25.459 27.879 24.394 20.936 23.012 27.487 29.389 27.255 -999.250 -999.250 -999.250 -999.250 -999.250 -999.250 -999.250 -999.250 -999.250 -999.250 -999.250 -999.250 -999.250 -999.250 -999.250 -999.250 -999.250 -999.250 -999.250 -999.250 -999.250 -999.250 -999.250 -999.250
6.789 6.945 6.743 7.918 4.511 2.944 0.345 1.963 5.077 4.446 3.563 2.367 0.214 0.000 0.000 1.481 1.563 2.435 1.582 0.936 0.000 3.139 6.037 9.680 11.521 10.817 9.939 13.339 13.472 12.944 13.849 15.201 15.857 18.344 16.047 18.270 19.776 25.991 24.207 23.464 25.370 24.525 25.013 28.152 34.305 -999.250 -999.250 -999.250 -999.250 -999.250 -999.250 -999.250 -999.250 -999.250 -999.250 -999.250 -999.250 -999.250 -999.250 -999.250 -999.250 -999.250 -999.250 -999.250 -999.250 -999.250 -999.250 -999.250 -999.250 -999.250
9.015 7.519 8.145 8.903 4.681 2.736 0.000 2.680 4.699 5.921 4.775 3.709 3.151 1.508 3.183 1.235 2.179 0.817 0.210 0.000 0.000 2.058 5.597 7.739 10.567 9.529 11.874 11.907 12.860 12.947 12.379 14.156 15.790 16.358 16.725 17.648 19.574 24.109 26.587 23.913 22.874 23.931 23.916 27.119 29.099 -999.250 -999.250 -999.250 -999.250 -999.250 -999.250 -999.250 -999.250 -999.250 -999.250 -999.250 -999.250 -999.250 -999.250 -999.250 -999.250 -999.250 -999.250 -999.250 -999.250 -999.250 -999.250 -999.250 -999.250 -999.250
8.674 8.887 9.129 6.627 5.289 4.254 1.885 4.710 6.826 7.036 8.211 7.941 7.909 6.577 5.501 1.491 3.102 2.069 2.891 0.420 0.000 1.344 2.433 4.192 7.593 7.683 9.542 11.353 9.222 9.909 11.977 14.778 13.370 12.998 16.324 21.459 19.712 23.666 24.802 25.329 22.785 21.933 21.389 23.498 -999.250 -999.250 -999.250 -999.250 -999.250 -999.250 -999.250 -999.250 -999.250 -999.250 -999.250 -999.250 -999.250 -999.250 -999.250 -999.250 -999.250 -999.250 -999.250 -999.250 -999.250 -999.250 -999.250 -999.250 -999.250 -999.250
8.411 7.907 7.654 6.457 5.532 7.788 6.659 6.786 7.039 7.730 8.444 10.758 8.649 7.576 7.375 5.003 5.398 4.153 2.636 1.663 1.353 0.087 1.528 4.095 4.922 5.694 7.600 7.695 9.841 9.313 13.432 12.491 12.618 16.514 15.348 19.368 20.464 20.985 24.351 26.283 22.044 23.550 22.477 23.161 -999.250 -999.250 -999.250 -999.250 -999.250 -999.250 -999.250 -999.250 -999.250 -999.250 -999.250 -999.250 -999.250 -999.250 -999.250 -999.250 -999.250 -999.250 -999.250 -999.250 -999.250 -999.250 -999.250 -999.250 -999.250 -999.250
7.941 7.231 7.065 7.857 7.996 10.199 8.746 8.191 9.328 9.105 11.112 10.497 11.016 9.137 9.383 8.033 6.870 3.522 2.663 2.072 2.348 2.008 2.929 2.538 4.097 5.287 5.558 5.132 8.328 9.191 12.715 12.344 12.672 13.342 13.520 17.723 21.846 22.264 24.816 24.874 25.720 23.747 21.260 20.107 18.986 19.812 -999.250 -999.250 -999.250 -999.250 -999.250 -999.250 -999.250 -999.250 -999.250 -999.250 -999.250 -999.250 -999.250 -999.250 -999.250 -999.250 -999.250 -999.250 -999.250 -999.250 -999.250 -999.250 -999.250 -999.250
7.935 7.708 8.978 9.896 11.158 9.041 10.915 12.058 11.069 9.931 11.677 13.031 13.070 11.481 11.253 8.185 7.248 6.047 3.516 2.480 4.315 2.512 2.999 3.198 3.064 4.150 6.511 6.538 7.885 10.170 10.405 10.449 10.902 11.914 14.304 21.177 21.181 22.543 22.576 25.650 26.811 22.652 18.627 21.288 19.762 17.769 -999.250 -999.250 -999.250 -999.250 -999.250 -999.250 -999.250 -999.250 -999.250 -999.250 -999.250 -999.250 -999.250 -999.250 -999.250 -999.250 -999.250 -999.250 -999.250 -999.250 -999.250 -999.250 -999.250 -999.250
8.163 9.116 11.006 10.992 11.472 13.685 11.544 10.105 11.750 13.287 11.620 15.029 16.146 12.566 10.400 8.458 7.629 6.588 6.216 7.158 4.743 3.957 3.457 3.087 2.767 4.398 6.284 4.551 8.836 10.456 10.918 9.039 10.281 15.671 19.149 17.532 20.068 25.372 23.366 24.882 23.043 23.634 21.558 20.331 15.346 14.879 -999.250 -999.250 -999.250 -999.250 -999.250 -999.250 -999.250 -999.250 -999.250 -999.250 -999.250 -999.250 -999.250 -999.250 -999.250 -999.250 -999.250 -999.250 -999.250 -999.250 -999.250 -999.250 -999.250 -999.250
7.916 9.696 9.488 13.607 13.736 16.608 15.827 15.540 12.750 11.986 13.364 14.346 14.181 12.476 10.489 8.299 6.201 4.831 3.285 3.320 4.736 5.608 4.014 2.178 4.541 4.390 5.850 5.481 7.771 11.547 9.768 10.955 12.620 12.727 18.220 22.369 25.023 24.814 22.368 19.515 22.950 24.242 22.134 21.709 17.305 -999.250 -999.250 -999.250 -999.250 -999.250 -999.250 -999.250 -999.250 -999.250 -999.250 -999.250 -999.250 -999.250 -999.250 -999.250 -999.250 -999.250 -999.250 -999.250 -999.250 -999.250 -999.250 -999.250 -999.250 -999.250
9.631 12.766 13.446 12.251 13.384 13.725 13.293 13.911 14.570 13.342 14.965 14.436 14.559 11.034 10.864 8.211 7.190 6.495 3.460 2.573 3.319 4.556 3.424 4.691 2.660 5.775 4.857 5.219 6.747 7.889 11.642 9.363 11.495 14.778 16.588 20.157 21.948 26.366 25.805 24.370 17.945 19.514 21.233 20.633 16.537 -999.250 -999.250 -999.250 -999.250 -999.250 -999.250 -999.250 -999.250 -999.250 -999.250 -999.250 -999.250 -999.250 -999.250 -999.250 -999.250 -999.250 -999.250 -999.250 -999.250 -999.250 -999.250 -999.250 -999.250 -999.250
