data/medianmodel_08-Feb-2021.asc
ncols	141
nrows	288
xllcorner	-120191.398
yllcorner	-301404.813
cellsize	2000.000
NODATA_value	-999.250
[rows 224 to 251 of 288, columns 0 to 63 of 141]
-999.250 -999.250 -999.250 -999.250 -999.250 -999.250 -999.250 -999.250 -999.250 -999.250 -999.250 -999.250 -999.250 -999.250 -999.250 -999.250 -999.250 -999.250 -999.250 -999.250 -999.250 -999.250 -999.250 -999.250 -999.250 -999.250 -999.250 -999.250 -999.250 -999.250 1218.834 1183.894 1184.362 1258.171 1268.536 1329.424 1321.310 1429.424 1437.423 1450.855 1398.819 1447.700 1449.542 1413.298 1389.127 1433.129 1382.122 1349.234 1287.846 1253.526 1184.363 1099.449 1029.119 975.926 946.580 893.363 820.474 774.761 773.008 777.183 769.619 784.420 786.267 794.351
-999.250 -999.250 -999.250 -999.250 -999.250 -999.250 -999.250 -999.250 -999.250 -999.250 -999.250 -999.250 -999.250 -999.250 -999.250 -999.250 -999.250 -999.250 -999.250 -999.250 -999.250 -999.250 -999.250 -999.250 -999.250 -999.250 -999.250 -999.250 -999.250 -999.250 1048.488 1080.350 1079.374 1166.387 1224.752 1265.199 1239.787 1358.952 1366.863 1297.677 1334.738 1405.094 1431.026 1363.394 1385.814 1450.169 1397.853 1352.108 1228.978 1265.879 1196.647 1158.420 1125.011 978.727 949.653 936.722 839.172 810.323 826.985 856.740 861.445 846.149 889.747 903.593
-999.250 -999.250 -999.250 -999.250 -999.250 -999.250 -999.250 -999.250 -999.250 -999.250 -999.250 -999.250 -999.250 -999.250 -999.250 -999.250 -999.250 -999.250 -999.250 -999.250 -999.250 -999.250 -999.250 -999.250 -999.250 -999.250 -999.250 -999.250 -999.250 -999.250 971.447 1015.096 1034.009 1073.595 1127.064 1208.140 1180.153 1215.996 1249.990 1220.471 1264.839 1332.159 1379.446 1346.023 1382.005 1350.980 1383.387 1299.229 1279.466 1231.987 1180.291 1175.632 1113.717 1048.226 993.236 930.901 915.391 882.962 878.655 882.952 901.296 902.976 964.595 1014.921
-999.250 -999.250 -999.250 -999.250 -999.250 -999.250 -999.250 -999.250 -999.250 -999.250 -999.250 -999.250 -999.250 -999.250 -999.250 -999.250 -999.250 -999.250 -999.250 -999.250 -999.250 -999.250 -999.250 -999.250 -999.250 -999.250 -999.250 -999.250 -999.250 904.892 916.754 979.692 952.249 999.428 1004.967 1049.302 1029.935 1103.302 1168.889 1181.042 1189.090 1271.209 1323.699 1410.252 1400.825 1367.538 1347.555 1291.353 1261.612 1243.367 1208.837 1208.320 1230.736 1172.923 1091.676 1045.815 984.925 917.782 955.694 950.909 1008.400 1026.592 1021.896 1110.741
-999.250 -999.250 -999.250 -999.250 -999.250 -999.250 -999.250 -999.250 -999.250 -999.250 -999.250 -999.250 -999.250 -999.250 -999.250 -999.250 -999.250 -999.250 -999.250 -999.250 -999.250 -999.250 -999.250 -999.250 -999.250 -999.250 -999.250 -999.250 -999.250 896.363 900.586 898.571 893.889 926.509 933.535 939.427 954.440 1044.973 1114.977 1106.077 1146.942 1243.165 1258.745 1332.220 1307.927 1345.060 1340.405 1272.615 1330.625 1297.607 1313.107 1274.922 1200.153 1261.679 1268.671 1160.921 1092.934 1066.567 1094.382 1133.089 1129.608 1212.140 1145.110 1194.100
-999.250 -999.250 -999.250 -999.250 -999.250 -999.250 -999.250 -999.250 -999.250 -999.250 -999.250 -999.250 -999.250 -999.250 -999.250 -999.250 -999.250 -999.250 -999.250 -999.250 -999.250 -999.250 -999.250 -999.250 -999.250 -999.250 -999.250 -999.250 850.387 816.236 802.598 815.051 874.582 853.406 872.667 872.041 882.220 938.578 1009.857 1068.526 1100.889 1184.663 1310.738 1329.254 1298.816 1348.213 1286.640 1318.888 1337.711 1260.481 1292.363 1353.607 1342.612 1332.520 1323.762 1372.386 1281.360 1246.691 1209.011 1306.457 1325.459 1373.974 1405.992 1358.560
-999.250 -999.250 -999.250 -999.250 -999.250 -999.250 -999.250 -999.250 -999.250 -999.250 -999.250 -999.250 -999.250 -999.250 -999.250 -999.250 -999.250 -999.250 -999.250 -999.250 -999.250 -999.250 -999.250 -999.250 -999.250 -999.250 -999.250 -999.250 786.479 794.935 770.514 766.870 802.009 807.575 831.643 832.361 843.360 890.071 956.385 1029.136 1105.361 1160.718 1243.520 1296.152 1304.664 1342.163 1354.634 1386.286 1346.718 1370.691 1374.140 1375.050 1353.056 1412.910 1407.680 1430.486 1438.573 1418.045 1451.545 1453.786 1443.938 1464.875 1459.228 1444.121
-999.250 -999.250 -999.250 -999.250 -999.250 -999.250 -999.250 -999.250 -999.250 -999.250 -999.250 -999.250 -999.250 -999.250 -999.250 -999.250 -999.250 -999.250 -999.250 -999.250 -999.250 -999.250 -999.250 -999.250 -999.250 -999.250 -999.250 780.255 742.097 727.497 728.729 721.854 732.225 764.178 785.694 788.402 815.785 859.384 916.895 1007.339 1069.973 1077.794 1121.648 1267.809 1329.261 1370.091 1388.988 1357.620 1359.320 1420.637 1427.738 1426.400 1473.430 1488.253 1524.088 1559.863 1506.461 1545.463 1571.728 1592.095 1568.412 1615.656 1560.862 1510.798
-999.250 -999.250 -999.250 -999.250 -999.250 -999.250 -999.250 -999.250 -999.250 -999.250 -999.250 -999.250 -999.250 -999.250 -999.250 -999.250 -999.250 -999.250 -999.250 -999.250 -999.250 -999.250 -999.250 -999.250 -999.250 -999.250 -999.250 714.278 707.069 693.073 685.599 663.507 713.611 733.941 775.936 787.302 801.472 849.622 906.474 983.861 1010.049 1071.345 1096.882 1225.468 1310.654 1311.873 1333.836 1372.414 1397.594 1403.749 1487.970 1475.326 1542.018 1554.035 1593.041 1616.424 1705.269 1708.378 1697.184 1731.372 1716.340 1728.509 1614.339 1551.873
-999.250 -999.250 -999.250 -999.250 -999.250 -999.250 -999.250 -999.250 -999.250 -999.250 -999.250 -999.250 -999.250 -999.250 -999.250 -999.250 -999.250 -999.250 -999.250 -999.250 -999.250 -999.250 -999.250 -999.250 -999.250 -999.250 -999.250 -999.250 638.562 651.307 639.856 653.280 697.291 700.317 733.755 753.310 796.175 810.180 900.881 928.664 1023.236 1054.103 1114.606 1143.331 1218.228 1291.720 1320.652 1362.111 1402.847 1438.263 1510.262 1515.449 1606.083 1620.478 1645.434 1719.831 1761.216 1786.158 1790.534 1881.758 1806.259 1816.364 1716.869 1683.669
-999.250 -999.250 -999.250 -999.250 -999.250 -999.250 -999.250 -999.250 -999.250 -999.250 -999.250 -999.250 -999.250 -999.250 -999.250 -999.250 -999.250 -999.250 -999.250 -999.250 -999.250 -999.250 -999.250 -999.250 -999.250 -999.250 -999.250 -999.250 -999.250 -999.250 633.357 649.355 668.138 669.636 738.318 760.028 770.892 821.649 878.543 900.400 987.846 1024.728 1046.993 1081.788 1167.182 1278.178 1348.509 1338.888 1406.434 1406.931 1557.066 1565.784 1638.141 1693.347 1731.476 1791.790 1862.058 1926.912 1977.655 2022.872 1997.234 1881.365 1775.072 1720.642
-999.250 -999.250 -999.250 -999.250 -999.250 -999.250 -999.250 -999.250 -999.250 -999.250 -999.250 -999.250 -999.250 -999.250 -999.250 -999.250 -999.250 -999.250 -999.250 -999.250 -999.250 -999.250 -999.250 -999.250 -999.250 -999.250 -999.250 -999.250 -999.250 -999.250 605.544 621.194 642.910 647.561 693.710 740.911 779.826 811.375 845.628 895.979 952.821 960.393 1034.913 1086.744 1128.557 1214.609 1280.122 1325.798 1378.496 1439.466 1516.614 1602.807 1678.265 1702.416 1798.034 1853.718 1965.075 2015.036 2092.976 2108.934 2062.705 2012.445 1871.228 1730.898
-999.250 -999.250 -999.250 -999.250 -999.250 -999.250 -999.250 -999.250 -999.250 -999.250 -999.250 -999.250 -999.250 -999.250 -999.250 -999.250 -999.250 -999.250 -999.250 -999.250 -999.250 -999.250 -999.250 -999.250 -999.250 -999.250 -999.250 -999.250 -999.250 -999.250 617.163 590.024 601.213 636.704 683.586 685.347 715.871 803.586 865.832 879.737 910.403 943.251 1034.908 1094.333 1116.978 1203.956 1262.222 1348.991 1400.895 1459.491 1508.884 1603.630 1664.699 1698.085 1745.505 1849.463 1982.389 2065.871 2159.518 2243.240 2096.624 2021.806 1829.000 1721.049
-999.250 -999.250 -999.250 -999.250 -999.250 -999.250 -999.250 -999.250 -999.250 -999.250 -999.250 -999.250 -999.250 -999.250 -999.250 -999.250 -999.250 -999.250 -999.250 -999.250 -999.250 -999.250 -999.250 -999.250 -999.250 -999.250 -999.250 -999.250 -999.250 -999.250 -999.250 601.139 602.387 596.344 645.818 697.876 737.938 780.115 807.501 876.430 885.023 913.075 923.229 1056.819 1076.178 1125.116 1203.371 1325.187 1421.806 1439.318 1475.503 1621.144 1671.163 1700.788 1756.731 1862.310 1900.530 1979.379 2066.232 2084.899 1995.158 1943.727 1825.591 1768.835
-999.250 -999.250 -999.250 -999.250 -999.250 -999.250 -999.250 -999.250 -999.250 -999.250 -999.250 -999.250 -999.250 -999.250 -999.250 -999.250 -999.250 -999.250 -999.250 -999.250 -999.250 -999.250 -999.250 -999.250 -999.250 -999.250 -999.250 -999.250 -999.250 -999.250 573.619 545.312 559.580 597.301 591.417 696.705 706.216 743.293 820.624 855.564 871.025 915.836 956.316 997.407 1031.188 1059.372 1131.583 1263.700 1385.751 1456.964 1548.564 1602.334 1651.374 1690.350 1749.584 1804.858 1842.894 1892.596 2003.663 1963.527 2000.219 1812.648 1755.872 1702.961
-999.250 -999.250 -999.250 -999.250 -999.250 -999.250 -999.250 -999.250 -999.250 -999.250 -999.250 -999.250 -999.250 -999.250 -999.250 -999.250 -999.250 -999.250 -999.250 -999.250 -999.250 -999.250 -999.250 -999.250 -999.250 -999.250 -999.250 -999.250 -999.250 -999.250 -999.250 537.817 540.690 590.396 601.254 625.974 683.926 724.229 802.275 828.838 854.025 905.166 936.550 1001.543 1067.744 1120.953 1221.984 1297.079 1333.072 1418.268 1463.875 1485.606 1534.411 1661.740 1744.914 1756.943 1734.987 1837.862 1835.981 1824.336 1786.711 1758.944 1660.763 1658.627
-999.250 -999.250 -999.250 -999.250 -999.250 -999.250 -999.250 -999.250 -999.250 -999.250 -999.250 -999.250 -999.250 -999.250 -999.250 -999.250 -999.250 -999.250 -999.250 -999.250 -999.250 -999.250 -999.250 -999.250 -999.250 -999.250 -999.250 -999.250 -999.250 -999.250 517.671 522.404 543.677 554.531 571.787 616.293 648.086 736.038 743.966 790.660 823.213 896.382 917.504 964.600 1018.970 1106.781 1131.893 1272.877 1243.243 1338.406 1422.780 1448.290 1496.118 1608.878 1648.411 1692.870 1706.798 1756.375 1726.627 1715.426 1686.840 1694.933 1626.359 1610.465
-999.250 -999.250 -999.250 -999.250 -999.250 -999.250 -999.250 -999.250 -999.250 -999.250 -999.250 -999.250 -999.250 -999.250 -999.250 -999.250 -999.250 -999.250 -999.250 -999.250 -999.250 -999.250 -999.250 -999.250 -999.250 -999.250 -999.250 -999.250 -999.250 -999.250 500.272 509.275 551.696 551.202 563.747 602.131 637.174 678.430 786.492 794.640 808.877 854.201 898.899 971.660 1013.579 1081.691 1107.679 1149.911 1264.423 1305.313 1388.073 1428.213 1499.098 1507.278 1556.508 1590.405 1565.962 1605.241 1603.469 1573.168 1538.622 1515.467 1494.005 1456.742
-999.250 -999.250 -999.250 -999.250 -999.250 -999.250 -999.250 -999.250 -999.250 -999.250 -999.250 -999.250 -999.250 -999.250 -999.250 -999.250 -999.250 -999.250 -999.250 -999.250 -999.250 -999.250 -999.250 -999.250 -999.250 -999.250 -999.250 -999.250 -999.250 -999.250 483.507 492.792 514.446 544.884 552.501 575.002 636.486 672.937 710.227 765.207 822.811 829.564 927.818 956.726 1023.256 1041.898 1040.444 1131.532 1211.059 1210.866 1340.506 1360.009 1459.965 1465.265 1476.565 1455.011 1482.456 1483.976 1475.232 1491.759 1458.728 1432.098 1429.002 1405.388
-999.250 -999.250 -999.250 -999.250 -999.250 -999.250 -999.250 -999.250 -999.250 -999.250 -999.250 -999.250 -999.250 -999.250 -999.250 -999.250 -999.250 -999.250 -999.250 -999.250 -999.250 -999.250 -999.250 -999.250 -999.250 -999.250 -999.250 -999.250 -999.250 -999.250 463.798 487.264 494.444 535.037 535.883 581.768 631.126 626.547 720.841 736.711 768.654 852.951 891.773 899.262 941.003 1004.457 1039.233 1087.414 1142.281 1189.033 1228.626 1345.866 1357.558 1373.346 1353.190 1350.617 1381.297 1385.307 1374.622 1351.039 1289.829 1267.753 1226.761 1260.618
-999.250 -999.250 -999.250 -999.250 -999.250 -999.250 -999.250 -999.250 -999.250 -999.250 -999.250 -999.250 -999.250 -999.250 -999.250 -999.250 -999.250 -999.250 -999.250 -999.250 -999.250 -999.250 -999.250 -999.250 -999.250 -999.250 -999.250 -999.250 -999.250 -999.250 465.605 489.449 495.590 522.430 536.689 567.571 606.499 603.690 671.019 723.752 749.286 794.699 849.652 871.297 910.606 928.241 1018.509 1057.157 1110.054 1166.089 1208.796 1289.453 1244.342 1275.245 1265.060 1248.526 1281.111 1249.954 1209.868 1171.772 1176.363 1058.723 1034.992 1082.298
-999.250 -999.250 -999.250 -999.250 -999.250 -999.250 -999.250 -999.250 -999.250 -999.250 -999.250 -999.250 -999.250 -999.250 -999.250 -999.250 -999.250 -999.250 -999.250 -999.250 -999.250 -999.250 -999.250 -999.250 -999.250 -999.250 -999.250 -999.250 -999.250 -999.250 -999.250 463.276 477.107 500.694 538.125 554.343 562.482 611.758 661.546 708.938 751.229 739.349 823.327 856.156 859.930 926.939 933.711 1008.199 1103.692 1142.865 1143.010 1169.169 1209.388 1183.527 1204.536 1184.356 1171.918 1132.521 1087.292 1049.823 988.604 906.605 941.679 957.064
-999.250 -999.250 -999.250 -999.250 -999.250 -999.250 -999.250 -999.250 -999.250 -999.250 -999.250 -999.250 -999.250 -999.250 -999.250 -999.250 -999.250 -999.250 -999.250 -999.250 -999.250 -999.250 -999.250 -999.250 -999.250 -999.250 -999.250 -999.250 -999.250 -999.250 -999.250 447.481 473.931 481.523 504.281 540.567 548.515 582.677 627.947 699.779 722.094 729.649 784.490 802.490 880.855 899.147 918.981 958.369 1019.602 1084.848 1074.389 1131.393 1118.670 1143.181 1109.971 1088.528 1049.109 1052.796 1014.227 947.168 912.295 867.820 878.215 919.211
-999.250 -999.250 -999.250 -999.250 -999.250 -999.250 -999.250 -999.250 -999.250 -999.250 -999.250 -999.250 -999.250 -999.250 -999.250 -999.250 -999.250 -999.250 -999.250 -999.250 -999.250 -999.250 -999.250 -999.250 -999.250 -999.250 -999.250 -999.250 -999.250 -999.250 425.759 418.747 406.239 469.592 533.564 526.469 519.678 543.333 611.946 652.596 696.149 730.746 741.286 803.851 846.988 879.401 917.945 929.484 962.017 983.824 1042.396 1013.299 1048.326 1004.895 1046.181 1004.924 989.491 969.180 949.362 900.560 853.419 847.299 861.699 863.487
-999.250 -999.250 -999.250 -999.250 -999.250 -999.250 -999.250 -999.250 -999.250 -999.250 -999.250 -999.250 -999.250 -999.250 -999.250 -999.250 -999.250 -999.250 -999.250 -999.250 -999.250 -999.250 -999.250 -999.250 -999.250 -999.250 -999.250 -999.250 -999.250 -999.250 397.255 410.483 438.789 454.755 502.416 520.514 528.718 521.125 583.455 624.176 654.448 660.230 716.639 791.485 791.578 859.327 874.974 901.240 932.186 1004.230 966.719 1009.968 996.425 996.012 984.745 975.019 948.004 911.122 910.793 877.700 832.189 790.273 806.401 812.852
-999.250 -999.250 -999.250 -999.250 -999.250 -999.250 -999.250 -999.250 -999.250 -999.250 -999.250 -999.250 -999.250 -999.250 -999.250 -999.250 -999.250 -999.250 -999.250 -999.250 -999.250 -999.250 -999.250 -999.250 -999.250 -999.250 -999.250 -999.250 -999.250 -999.250 401.446 462.793 469.125 474.696 487.450 506.956 516.420 522.256 555.811 585.296 641.059 661.273 723.759 775.660 820.242 850.114 854.208 902.774 930.800 942.646 960.988 951.719 955.032 967.638 944.246 955.068 906.336 881.523 850.045 823.032 784.943 742.903 746.502 744.062
-999.250 -999.250 -999.250 -999.250 -999.250 -999.250 -999.250 -999.250 -999.250 -999.250 -999.250 -999.250 -999.250 -999.250 -999.250 -999.250 -999.250 -999.250 -999.250 -999.250 -999.250 -999.250 -999.250 -999.250 -999.250 -999.250 -999.250 -999.250 -999.250 -999.250 397.558 451.774 463.288 472.434 494.705 506.421 507.870 527.252 545.396 570.764 622.826 686.756 760.000 783.703 834.114 859.254 886.227 925.088 918.330 951.699 925.164 936.734 927.182 920.351 925.078 898.232 883.543 835.209 812.897 762.959 731.828 700.844 715.568 723.015
-999.250 -999.250 -999.250 -999.250 -999.250 -999.250 -999.250 -999.250 -999.250 -999.250 -999.250 -999.250 -999.250 -999.250 -999.250 -999.250 -999.250 -999.250 -999.250 -999.250 -999.250 -999.250 -999.250 -999.250 -999.250 -999.250 -999.250 -999.250 -999.250 -999.250 407.001 430.183 473.477 484.608 486.822 507.813 540.138 555.272 554.943 566.412 642.233 708.790 739.183 816.251 845.228 848.748 900.580 910.457 902.624 931.691 916.566 928.866 947.936 910.760 901.147 872.861 854.158 817.497 772.400 747.271 693.031 649.715 680.009 662.192
