data/medianmodel_13-May-2020.asc
ncols	141
nrows	288
xllcorner	-120191.398
yllcorner	-301404.813
cellsize	2000.000
NODATA_value	-999.250
[rows 155 to 185 of 288, columns 69 to 137 of 141]
5.618 2.569 4.424 3.479 5.245 2.772 3.949 7.218 6.316 4.509 4.354 6.294 3.686 3.366 0.804 0.000 0.000 0.000 0.000 0.000 0.000 0.000 0.000 0.000 0.000 0.000 -999.250 -999.250 -999.250 -999.250 -999.250 -999.250 -999.250 -999.250 -999.250 -999.250 -999.250 -999.250 -999.250 -999.250 -999.250 -999.250 -999.250 -999.250 -999.250 -999.250 -999.250 -999.250 -999.250 -999.250 -999.250 -999.250 -999.250 -999.250 -999.250 -999.250 -999.250 -999.250 -999.250 -999.250 -999.250 -999.250 -999.250 -999.250 -999.250 -999.250 -999.250 -999.250 -999.250
2.907 3.197 3.012 4.641 2.750 3.514 5.207 5.971 7.455 4.021 2.833 3.381 2.849 0.743 0.067 0.000 0.000 0.000 0.000 0.000 0.000 0.000 0.000 0.000 0.000 0.000 0.000 -999.250 -999.250 -999.250 -999.250 -999.250 -999.250 -999.250 -999.250 -999.250 -999.250 -999.250 -999.250 -999.250 -999.250 -999.250 -999.250 -999.250 -999.250 -999.250 -999.250 -999.250 -999.250 -999.250 -999.250 -999.250 -999.250 -999.250 -999.250 -999.250 -999.250 -999.250 -999.250 -999.250 -999.250 -999.250 -999.250 -999.250 -999.250 -999.250 -999.250 -999.250 -999.250
3.038 3.487 2.570 3.109 5.113 2.019 4.375 4.689 3.081 2.674 4.107 0.048 0.019 0.199 0.000 0.000 0.000 0.000 0.000 0.000 0.000 0.000 0.000 0.000 0.000 0.000 0.000 0.000 -999.250 -999.250 -999.250 -999.250 -999.250 -999.250 -999.250 -999.250 -999.250 -999.250 -999.250 -999.250 -999.250 -999.250 -999.250 -999.250 -999.250 -999.250 -999.250 -999.250 -999.250 -999.250 -999.250 -999.250 -999.250 -999.250 -999.250 -999.250 -999.250 -999.250 -999.250 -999.250 -999.250 -999.250 -999.250 -999.250 -999.250 -999.250 -999.250 -999.250 -999.250
2.680 3.442 4.138 3.833 4.681 5.127 4.205 4.546 4.843 5.123 2.018 1.551 0.000 0.000 0.000 0.000 0.000 0.590 0.021 0.197 0.000 0.000 0.000 1.067 0.000 0.000 0.000 0.000 0.000 -999.250 -999.250 -999.250 -999.250 -999.250 -999.250 -999.250 -999.250 -999.250 -999.250 -999.250 -999.250 -999.250 -999.250 -999.250 -999.250 -999.250 -999.250 -999.250 -999.250 -999.250 -999.250 -999.250 -999.250 -999.250 -999.250 -999.250 -999.250 -999.250 -999.250 -999.250 -999.250 -999.250 -999.250 -999.250 -999.250 -999.250 -999.250 -999.250 -999.250
2.935 3.795 3.304 4.091 3.863 6.006 3.411 2.651 2.303 1.790 0.161 0.249 0.000 0.000 0.000 0.000 0.000 0.000 0.004 0.958 0.000 0.000 0.059 0.776 1.325 0.194 1.080 0.000 0.000 -999.250 -999.250 -999.250 -999.250 -999.250 -999.250 -999.250 -999.250 -999.250 -999.250 -999.250 -999.250 -999.250 -999.250 -999.250 -999.250 -999.250 -999.250 -999.250 -999.250 -999.250 -999.250 -999.250 -999.250 -999.250 -999.250 -999.250 -999.250 -999.250 -999.250 -999.250 -999.250 -999.250 -999.250 -999.250 -999.250 -999.250 -999.250 -999.250 -999.250
2.178 2.354 4.470 4.784 3.309 5.126 3.522 2.341 1.688 0.117 0.000 0.000 0.000 0.000 0.000 0.000 0.000 0.000 1.894 0.465 1.696 1.063 0.100 0.000 1.374 0.771 2.392 0.041 0.561 -999.250 -999.250 -999.250 -999.250 -999.250 -999.250 -999.250 -999.250 -999.250 -999.250 -999.250 -999.250 -999.250 -999.250 -999.250 -999.250 -999.250 -999.250 -999.250 -999.250 -999.250 -999.250 -999.250 -999.250 -999.250 -999.250 -999.250 -999.250 -999.250 -999.250 -999.250 -999.250 -999.250 -999.250 -999.250 -999.250 -999.250 -999.250 -999.250 -999.250
1.387 0.668 2.409 0.990 4.159 2.789 1.938 2.123 0.000 0.840 1.817 0.617 0.000 0.835 0.197 0.059 0.056 1.438 3.409 1.645 4.176 2.005 2.197 1.988 3.191 3.253 3.783 0.932 1.959 -999.250 -999.250 -999.250 -999.250 -999.250 -999.250 -999.250 -999.250 -999.250 -999.250 -999.250 -999.250 -999.250 -999.250 -999.250 -999.250 -999.250 -999.250 -999.250 -999.250 -999.250 -999.250 -999.250 -999.250 -999.250 -999.250 -999.250 -999.250 -999.250 -999.250 -999.250 -999.250 -999.250 -999.250 -999.250 -999.250 -999.250 -999.250 -999.250 -999.250
2.116 1.656 2.817 1.566 3.242 3.949 1.963 2.144 0.000 0.169 0.610 0.000 0.000 0.235 0.350 1.265 0.914 1.347 2.617 2.842 4.371 2.536 3.147 3.545 3.661 2.428 4.071 1.286 1.111 -999.250 -999.250 -999.250 -999.250 -999.250 -999.250 -999.250 -999.250 -999.250 -999.250 -999.250 -999.250 -999.250 -999.250 -999.250 -999.250 -999.250 -999.250 -999.250 -999.250 -999.250 -999.250 -999.250 -999.250 -999.250 -999.250 -999.250 -999.250 -999.250 -999.250 -999.250 -999.250 -999.250 -999.250 -999.250 -999.250 -999.250 -999.250 -999.250 -999.250
1.861 1.617 6.009 5.334 4.088 2.290 1.866 1.618 0.110 0.000 0.000 0.000 0.000 0.000 0.000 0.607 0.807 1.692 3.292 2.793 4.257 4.326 3.724 2.823 3.868 4.762 5.575 1.684 2.223 3.437 -999.250 -999.250 -999.250 -999.250 -999.250 -999.250 -999.250 -999.250 -999.250 -999.250 -999.250 -999.250 -999.250 -999.250 -999.250 -999.250 -999.250 -999.250 -999.250 -999.250 -999.250 -999.250 -999.250 -999.250 -999.250 -999.250 -999.250 -999.250 -999.250 -999.250 -999.250 -999.250 -999.250 -999.250 -999.250 -999.250 -999.250 -999.250 -999.250
1.938 3.520 1.224 0.985 3.900 1.333 1.922 1.521 0.000 0.153 0.847 0.000 0.000 0.000 0.089 2.540 3.946 2.209 3.038 4.030 1.760 4.493 3.780 4.127 4.349 4.872 3.572 4.154 2.080 2.310 5.823 -999.250 -999.250 -999.250 -999.250 -999.250 -999.250 -999.250 -999.250 -999.250 -999.250 -999.250 -999.250 -999.250 -999.250 -999.250 -999.250 -999.250 -999.250 -999.250 -999.250 -999.250 -999.250 -999.250 -999.250 -999.250 -999.250 -999.250 -999.250 -999.250 -999.250 -999.250 -999.250 -999.250 -999.250 -999.250 -999.250 -999.250 -999.250
1.588 1.741 1.600 2.180 2.638 3.492 1.607 0.130 0.000 0.000 2.211 0.000 0.000 0.000 0.000 2.132 1.968 3.420 2.054 3.896 3.850 4.374 2.851 2.736 5.213 5.133 4.269 2.652 2.100 0.388 2.915 0.106 0.000 0.000 -999.250 -999.250 -999.250 -999.250 -999.250 -999.250 -999.250 -999.250 -999.250 -999.250 -999.250 -999.250 -999.250 -999.250 -999.250 -999.250 -999.250 -999.250 -999.250 -999.250 -999.250 -999.250 -999.250 -999.250 -999.250 -999.250 -999.250 -999.250 -999.250 -999.250 -999.250 -999.250 -999.250 -999.250 -999.250
0.000 0.000 0.873 2.705 1.894 2.436 3.529 1.694 0.010 0.279 0.639 1.379 0.952 0.980 2.671 2.061 1.492 0.271 2.084 4.633 3.732 1.650 2.892 3.561 3.040 3.807 0.403 0.928 0.139 1.610 1.505 0.000 0.330 0.000 -999.250 -999.250 -999.250 -999.250 -999.250 -999.250 -999.250 -999.250 -999.250 -999.250 -999.250 -999.250 -999.250 -999.250 -999.250 -999.250 -999.250 -999.250 -999.250 -999.250 -999.250 -999.250 -999.250 -999.250 -999.250 -999.250 -999.250 -999.250 -999.250 -999.250 -999.250 -999.250 -999.250 -999.250 -999.250
0.000 0.647 0.000 1.953 1.028 0.966 0.185 1.073 0.000 0.001 0.000 0.000 0.000 0.856 0.801 1.573 2.977 3.674 4.122 5.434 5.234 5.949 1.812 2.635 3.047 2.760 0.309 1.310 0.232 0.534 1.216 1.531 0.000 -999.250 -999.250 -999.250 -999.250 -999.250 -999.250 -999.250 -999.250 -999.250 -999.250 -999.250 -999.250 -999.250 -999.250 -999.250 -999.250 -999.250 -999.250 -999.250 -999.250 -999.250 -999.250 -999.250 -999.250 -999.250 -999.250 -999.250 -999.250 -999.250 -999.250 -999.250 -999.250 -999.250 -999.250 -999.250 -999.250
0.000 0.052 0.947 0.445 1.083 0.990 1.933 0.027 0.000 1.120 0.130 0.000 0.320 0.430 1.242 3.316 2.732 3.022 3.746 3.447 4.475 2.381 1.312 1.192 4.158 0.867 1.445 0.409 0.000 0.000 0.000 0.137 0.000 -999.250 -999.250 -999.250 0.000 0.000 0.000 -999.250 -999.250 -999.250 -999.250 -999.250 -999.250 -999.250 -999.250 -999.250 -999.250 -999.250 -999.250 -999.250 -999.250 -999.250 -999.250 -999.250 -999.250 -999.250 -999.250 -999.250 -999.250 -999.250 -999.250 -999.250 -999.250 -999.250 -999.250 -999.250 -999.250
0.140 0.000 0.000 0.000 2.440 2.020 1.050 0.000 0.000 0.000 0.000 0.000 0.072 0.588 0.704 2.715 1.987 2.879 4.761 3.487 1.865 0.147 0.581 1.052 3.144 3.444 2.310 0.000 0.000 0.000 0.000 0.214 0.160 0.403 0.239 0.000 0.000 0.000 0.000 0.000 -999.250 -999.250 -999.250 -999.250 -999.250 -999.250 -999.250 -999.250 -999.250 -999.250 -999.250 -999.250 -999.250 -999.250 -999.250 -999.250 -999.250 -999.250 -999.250 -999.250 -999.250 -999.250 -999.250 -999.250 -999.250 -999.250 -999.250 -999.250 -999.250
0.000 0.000 0.000 0.000 0.588 1.417 0.902 2.120 0.000 0.000 0.000 0.000 0.000 0.000 1.140 1.396 1.688 2.117 3.614 0.008 1.809 0.876 0.000 1.438 0.978 0.893 2.977 0.703 0.000 0.000 1.442 0.688 2.651 0.545 0.000 0.021 0.000 0.000 0.000 0.000 0.000 -999.250 -999.250 -999.250 -999.250 -999.250 -999.250 -999.250 -999.250 -999.250 -999.250 -999.250 -999.250 -999.250 -999.250 -999.250 -999.250 -999.250 -999.250 -999.250 -999.250 -999.250 -999.250 -999.250 -999.250 -999.250 -999.250 -999.250 -999.250
0.000 0.000 0.000 0.000 0.000 0.017 0.432 0.050 0.000 0.000 0.000 0.000 0.000 0.000 0.135 1.919 2.285 1.288 0.135 1.805 0.148 0.000 0.000 0.000 0.000 0.132 1.606 0.780 0.000 0.888 1.539 0.920 2.534 3.329 0.152 1.641 1.715 0.520 0.000 0.000 0.000 -999.250 -999.250 -999.250 -999.250 -999.250 -999.250 -999.250 -999.250 -999.250 -999.250 -999.250 -999.250 -999.250 -999.250 -999.250 -999.250 -999.250 -999.250 -999.250 -999.250 -999.250 -999.250 -999.250 -999.250 -999.250 -999.250 -999.250 -999.250
0.290 0.108 0.000 0.000 0.206 1.872 0.324 1.194 0.000 0.000 0.000 0.000 0.000 0.000 1.487 0.924 1.511 3.200 2.165 0.589 0.240 0.000 0.000 0.000 0.214 1.471 0.765 0.955 1.344 0.000 0.821 0.954 0.635 2.678 0.166 0.656 0.000 2.015 2.091 0.000 0.000 -999.250 -999.250 -999.250 -999.250 -999.250 -999.250 -999.250 -999.250 -999.250 -999.250 -999.250 -999.250 -999.250 -999.250 -999.250 -999.250 -999.250 -999.250 -999.250 -999.250 -999.250 -999.250 -999.250 -999.250 -999.250 -999.250 -999.250 -999.250
2.418 1.390 0.000 1.101 0.668 2.008 2.115 2.672 0.177 0.000 0.000 0.000 0.000 1.521 1.689 1.865 2.685 0.534 1.427 2.495 2.173 0.563 0.816 0.000 1.155 1.399 0.445 2.650 3.725 4.451 2.011 2.198 2.320 1.945 2.327 1.858 1.143 1.853 2.231 1.519 0.050 0.000 -999.250 -999.250 -999.250 -999.250 -999.250 -999.250 -999.250 -999.250 -999.250 -999.250 -999.250 -999.250 -999.250 -999.250 -999.250 -999.250 -999.250 -999.250 -999.250 -999.250 -999.250 -999.250 -999.250 -999.250 -999.250 -999.250 -999.250
1.637 3.218 1.182 0.000 0.000 0.163 2.068 1.354 0.000 0.000 0.000 0.000 0.705 0.345 1.994 1.303 2.200 3.811 3.499 1.968 1.859 1.072 0.120 1.368 1.698 2.789 1.327 3.691 5.208 2.822 2.481 1.396 3.843 2.894 1.915 1.848 1.853 5.565 2.624 2.381 0.595 -999.250 -999.250 -999.250 -999.250 -999.250 -999.250 -999.250 -999.250 -999.250 -999.250 -999.250 -999.250 -999.250 -999.250 -999.250 -999.250 -999.250 -999.250 -999.250 -999.250 -999.250 -999.250 -999.250 -999.250 -999.250 -999.250 -999.250 -999.250
3.037 3.587 2.839 1.270 1.673 0.487 0.998 0.140 0.000 0.000 0.000 0.000 0.000 0.029 2.785 0.000 2.942 1.699 0.004 1.346 0.525 1.593 3.164 2.873 3.270 4.468 6.364 6.794 5.097 2.781 4.224 2.192 3.762 3.041 3.031 2.994 4.303 5.232 3.332 1.776 -999.250 -999.250 -999.250 -999.250 -999.250 -999.250 -999.250 -999.250 -999.250 -999.250 -999.250 -999.250 -999.250 -999.250 -999.250 -999.250 -999.250 -999.250 -999.250 -999.250 -999.250 -999.250 -999.250 -999.250 -999.250 -999.250 -999.250 -999.250 -999.250
2.077 2.626 4.199 1.189 3.027 0.611 0.341 0.697 0.165 0.000 0.000 0.000 0.000 1.696 1.639 2.687 1.466 0.648 1.463 1.275 1.279 2.093 2.808 2.969 5.326 5.751 6.486 7.873 6.992 4.655 5.172 4.283 4.732 5.278 2.188 3.297 4.640 3.280 4.229 3.449 -999.250 -999.250 -999.250 -999.250 -999.250 -999.250 -999.250 -999.250 -999.250 -999.250 -999.250 -999.250 -999.250 -999.250 -999.250 -999.250 -999.250 -999.250 -999.250 -999.250 -999.250 -999.250 -999.250 -999.250 -999.250 -999.250 -999.250 -999.250 -999.250
2.573 4.300 2.699 1.059 1.717 0.799 2.047 2.077 1.242 0.000 0.000 0.000 1.259 0.781 1.594 1.651 2.118 1.777 2.236 0.494 2.985 3.814 3.146 2.884 4.051 6.916 7.534 9.065 6.221 7.010 6.302 4.939 5.198 3.660 4.497 3.184 3.362 4.713 2.735 -999.250 -999.250 -999.250 -999.250 -999.250 -999.250 -999.250 -999.250 -999.250 -999.250 -999.250 -999.250 -999.250 -999.250 -999.250 -999.250 -999.250 -999.250 -999.250 -999.250 -999.250 -999.250 -999.250 -999.250 -999.250 -999.250 -999.250 -999.250 -999.250 -999.250
3.830 3.910 3.393 3.749 3.413 2.651 3.022 1.169 0.440 0.743 0.000 0.000 1.485 0.928 0.490 0.170 2.631 2.263 0.135 3.016 3.689 2.667 3.114 4.980 6.310 3.912 7.432 7.158 6.142 7.247 6.508 5.276 5.321 4.666 4.131 4.040 3.249 3.102 1.662 -999.250 -999.250 -999.250 -999.250 -999.250 -999.250 -999.250 -999.250 -999.250 -999.250 -999.250 -999.250 -999.250 -999.250 -999.250 -999.250 -999.250 -999.250 -999.250 -999.250 -999.250 -999.250 -999.250 -999.250 -999.250 -999.250 -999.250 -999.250 -999.250 -999.250
4.756 3.993 3.056 2.035 3.201 5.844 4.617 4.176 0.284 1.578 2.098 1.447 0.733 0.160 2.103 0.198 0.550 1.490 3.033 2.396 1.723 2.628 5.312 4.080 3.970 6.513 7.797 6.152 5.979 5.045 4.688 5.193 4.756 2.765 4.190 4.733 5.263 3.964 -999.250 -999.250 -999.250 -999.250 -999.250 -999.250 -999.250 -999.250 -999.250 -999.250 -999.250 -999.250 -999.250 -999.250 -999.250 -999.250 -999.250 -999.250 -999.250 -999.250 -999.250 -999.250 -999.250 -999.250 -999.250 -999.250 -999.250 -999.250 -999.250 -999.250 -999.250
4.141 2.625 2.228 2.815 3.006 4.263 5.687 5.639 2.877 0.378 1.066 0.563 0.363 0.000 0.006 0.000 0.140 0.126 2.619 2.621 1.775 2.327 5.476 6.004 3.908 5.501 6.642 6.250 7.001 5.687 7.712 5.558 5.809 3.696 3.332 3.748 5.648 2.080 -999.250 -999.250 -999.250 -999.250 -999.250 -999.250 -999.250 -999.250 -999.250 -999.250 -999.250 -999.250 -999.250 -999.250 -999.250 -999.250 -999.250 -999.250 -999.250 -999.250 -999.250 -999.250 -999.250 -999.250 -999.250 -999.250 -999.250 -999.250 -999.250 -999.250 -999.250
5.484 3.047 2.091 2.578 2.880 4.967 5.438 3.902 4.452 1.398 1.766 2.567 1.698 0.000 0.000 0.000 0.000 0.006 0.010 0.611 0.286 3.559 3.428 4.511 3.325 4.567 7.119 5.994 8.153 8.429 7.964 6.679 4.540 2.223 3.111 3.708 5.901 2.382 -999.250 -999.250 -999.250 -999.250 -999.250 -999.250 -999.250 -999.250 -999.250 -999.250 -999.250 -999.250 -999.250 -999.250 -999.250 -999.250 -999.250 -999.250 -999.250 -999.250 -999.250 -999.250 -999.250 -999.250 -999.250 -999.250 -999.250 -999.250 -999.250 -999.250 -999.250
3.735 3.498 1.999 5.045 5.913 4.409 4.648 3.936 4.261 3.018 2.259 1.469 1.920 0.000 0.000 0.000 0.000 0.000 0.000 0.000 0.000 2.494 3.273 2.615 2.924 5.202 6.360 4.091 4.402 8.131 8.408 5.267 5.063 4.092 4.110 5.164 0.613 -999.250 -999.250 -999.250 -999.250 -999.250 -999.250 -999.250 -999.250 -999.250 -999.250 -999.250 -999.250 -999.250 -999.250 -999.250 -999.250 -999.250 -999.250 -999.250 -999.250 -999.250 -999.250 -999.250 -999.250 -999.250 -999.250 -999.250 -999.250 -999.250 -999.250 -999.250 -999.250
4.463 2.967 3.872 4.215 4.248 4.403 5.909 4.433 6.110 4.492 0.934 2.072 0.812 0.278 0.000 0.000 0.000 0.000 0.000 0.000 0.000 0.063 0.447 4.500 1.900 3.996 5.131 5.619 6.602 6.383 6.117 6.095 3.695 4.871 4.899 1.797 -999.250 -999.250 -999.250 -999.250 -999.250 -999.250 -999.250 -999.250 -999.250 -999.250 -999.250 -999.250 -999.250 -999.250 -999.250 -999.250 -999.250 -999.250 -999.250 -999.250 -999.250 -999.250 -999.250 -999.250 -999.250 -999.250 -999.250 -999.250 -999.250 -999.250 -999.250 -999.250 -999.250
3.901 3.854 5.034 2.943 6.085 6.788 5.322 6.690 5.326 3.503 3.942 2.877 1.118 0.091 0.000 0.000 0.000 0.000 0.000 0.000 0.000 0.000 0.000 0.000 0.989 0.844 1.635 5.530 5.386 5.788 5.912 5.040 4.479 5.573 3.348 1.538 -999.250 -999.250 -999.250 -999.250 -999.250 -999.250 -999.250 -999.250 -999.250 -999.250 -999.250 -999.250 -999.250 -999.250 -999.250 -999.250 -999.250 -999.250 -999.250 -999.250 -999.250 -999.250 -999.250 -999.250 -999.250 -999.250 -999.250 -999.250 -999.250 -999.250 -999.250 -999.250 -999.250
4.483 3.937 3.851 4.704 6.436 6.458 5.976 4.550 3.853 4.412 3.073 1.369 3.130 0.000 0.000 0.000 0.024 0.000 0.000 0.000 0.000 0.000 0.000 0.000 0.000 4.122 4.651 4.161 1.876 3.829 5.768 4.927 5.030 3.291 -999.250 -999.250 -999.250 -999.250 -999.250 -999.250 -999.250 -999.250 -999.250 -999.250 -999.250 -999.250 -999.250 -999.250 -999.250 -999.250 -999.250 -999.250 -999.250 -999.250 -999.250 -999.250 -999.250 -999.250 -999.250 -999.250 -999.250 -999.250 -999.250 -999.250 -999.250 -999.250 -999.250 -999.250 -999.250
