data/medianmodel_01-Nov-2020.asc
ncols	141
nrows	288
xllcorner	-120191.398
yllcorner	-301404.813
cellsize	2000.000
NODATA_value	-999.250
[rows 58 to 86 of 288, columns 65 to 129 of 141]
412.327 376.809 316.935 259.407 198.133 156.775 149.470 133.488 145.154 116.681 96.544 77.931 68.743 79.343 122.991 196.319 311.010 394.611 385.861 466.565 401.298 398.989 366.080 303.804 238.142 209.840 179.332 155.807 146.411 135.923 141.745 164.330 192.255 205.357 242.569 273.144 269.271 260.997 227.518 211.560 191.097 169.345 186.528 168.756 190.195 251.349 269.860 281.340 341.548 371.413 365.129 357.125 -999.250 -999.250 -999.250 -999.250 -999.250 -999.250 -999.250 -999.250 -999.250 -999.250 -999.250 -999.250 -999.250
433.474 377.590 338.688 270.556 199.510 158.732 132.590 123.501 104.453 93.642 84.039 73.979 89.601 106.923 141.657 229.059 300.693 363.045 391.853 401.588 388.675 376.435 350.825 278.663 233.296 203.037 161.949 150.093 138.571 144.328 152.373 177.263 184.597 215.125 250.307 272.599 262.857 247.612 217.215 232.039 201.791 176.924 204.825 202.180 223.040 236.933 279.689 302.137 322.646 353.182 309.560 -999.250 -999.250 -999.250 -999.250 -999.250 -999.250 -999.250 -999.250 -999.250 -999.250 -999.250 -999.250 -999.250 -999.250
465.799 397.012 343.843 279.931 198.888 152.861 137.554 107.797 80.323 69.300 73.631 73.465 96.575 134.873 179.041 248.074 300.174 367.492 369.063 397.000 391.428 369.883 346.090 282.166 231.197 193.723 164.957 142.543 136.942 150.170 146.614 184.893 187.678 216.270 231.132 237.918 235.307 231.951 212.380 225.877 220.388 207.417 218.720 214.625 227.534 249.965 313.192 315.430 303.976 329.990 336.829 -999.250 -999.250 -999.250 -999.250 -999.250 -999.250 -999.250 -999.250 -999.250 -999.250 -999.250 -999.250 -999.250 -999.250
462.280 384.775 320.687 260.587 208.668 161.670 131.532 86.283 67.288 53.874 63.545 91.883 112.878 145.627 194.940 264.254 329.443 352.868 365.375 392.057 386.832 355.905 303.080 223.235 186.546 170.347 133.602 138.335 138.519 141.051 138.792 185.308 199.175 214.260 233.693 233.940 230.778 245.524 243.051 211.657 183.885 205.306 216.126 213.162 239.123 232.259 261.630 266.496 283.210 299.874 -999.250 -999.250 -999.250 -999.250 -999.250 -999.250 -999.250 -999.250 -999.250 -999.250 -999.250 -999.250 -999.250 -999.250 -999.250
431.037 372.646 331.894 261.865 206.066 156.048 112.434 84.487 60.971 38.442 64.924 102.310 136.060 182.699 222.791 282.216 327.146 343.214 363.016 342.042 335.593 313.587 267.997 210.256 168.035 129.250 108.124 117.180 124.689 142.409 159.614 183.399 209.513 217.072 223.243 244.649 239.033 251.598 237.333 231.983 230.539 228.564 217.658 216.607 225.739 -999.250 -999.250 -999.250 -999.250 -999.250 -999.250 -999.250 -999.250 -999.250 -999.250 -999.250 -999.250 -999.250 -999.250 -999.250 -999.250 -999.250 -999.250 -999.250 -999.250
425.008 372.389 299.089 243.067 211.290 177.903 121.867 96.442 79.151 66.846 80.590 128.977 156.560 203.619 258.894 282.916 331.191 338.948 364.584 342.963 333.119 268.512 239.104 200.538 151.434 113.697 77.190 94.547 133.742 140.610 147.443 178.601 217.168 226.934 238.534 249.716 241.787 257.057 233.726 229.598 224.788 210.255 195.467 203.992 215.915 214.509 -999.250 -999.250 -999.250 -999.250 -999.250 -999.250 -999.250 -999.250 -999.250 -999.250 -999.250 -999.250 -999.250 -999.250 -999.250 -999.250 -999.250 -999.250 -999.250
420.858 341.703 283.720 222.566 188.964 164.067 143.072 103.834 99.058 91.275 106.491 133.585 172.237 229.932 254.005 290.709 301.025 324.829 344.417 320.870 298.506 265.771 218.214 191.071 170.647 132.228 101.629 112.107 123.044 162.649 180.174 197.594 218.007 230.928 239.985 257.476 264.192 241.652 265.522 230.542 253.068 222.275 218.950 207.445 201.985 191.349 236.306 -999.250 -999.250 -999.250 -999.250 -999.250 -999.250 -999.250 -999.250 -999.250 -999.250 -999.250 -999.250 -999.250 -999.250 -999.250 -999.250 -999.250 -999.250
394.096 296.365 272.080 253.904 186.624 164.384 142.869 133.117 121.143 130.809 136.113 147.135 182.125 219.737 257.623 266.932 286.109 302.493 307.414 318.057 273.642 216.331 204.125 174.240 156.631 127.994 112.549 109.594 132.915 161.946 189.316 217.501 215.386 253.990 257.241 247.146 257.346 262.371 239.274 234.081 242.535 226.935 212.646 194.638 192.026 222.306 204.176 -999.250 -999.250 -999.250 -999.250 -999.250 -999.250 -999.250 -999.250 -999.250 -999.250 -999.250 -999.250 -999.250 -999.250 -999.250 -999.250 -999.250 -999.250
359.502 321.679 269.075 228.257 198.311 166.766 168.474 146.691 143.000 135.017 143.323 162.305 180.016 207.186 229.404 264.003 273.229 289.548 264.663 247.112 240.540 220.153 195.093 173.760 139.997 122.808 127.071 126.422 141.207 191.626 208.510 199.882 225.232 251.810 249.484 254.005 250.915 236.775 254.949 257.727 234.349 198.567 186.104 188.809 185.061 191.242 193.439 201.690 -999.250 -999.250 -999.250 -999.250 -999.250 -999.250 -999.250 -999.250 -999.250 -999.250 -999.250 -999.250 -999.250 -999.250 -999.250 -999.250 -999.250
333.266 282.923 247.944 206.136 198.062 191.011 173.748 159.024 149.334 164.239 167.130 192.218 197.737 209.689 217.524 237.165 259.542 253.274 253.228 234.464 213.502 189.672 185.555 162.225 155.722 142.890 153.514 158.754 174.407 186.507 217.019 214.134 213.873 238.094 233.417 262.519 242.016 240.235 232.833 238.101 205.650 208.307 190.860 173.204 161.175 186.701 198.856 194.024 181.159 -999.250 -999.250 -999.250 -999.250 -999.250 -999.250 -999.250 -999.250 -999.250 -999.250 -999.250 -999.250 -999.250 -999.250 -999.250 -999.250
293.271 260.413 213.341 204.097 202.561 197.113 176.231 167.323 172.850 176.866 192.732 189.186 204.469 203.090 211.080 218.742 220.867 218.467 213.170 208.456 176.706 165.150 172.474 182.971 182.911 173.312 181.367 192.239 193.871 217.898 247.844 232.909 238.981 240.449 277.957 262.068 280.036 241.994 229.862 212.854 212.642 198.932 180.212 174.596 169.853 175.856 195.367 180.567 189.313 -999.250 -999.250 -999.250 -999.250 -999.250 -999.250 -999.250 -999.250 -999.250 -999.250 -999.250 -999.250 -999.250 -999.250 -999.250 -999.250
244.808 230.311 210.548 204.525 198.018 190.610 186.827 174.877 171.438 177.555 185.899 189.154 197.487 186.702 201.358 188.136 206.972 200.451 184.155 169.458 157.718 142.089 147.229 164.865 166.572 182.430 180.315 212.937 235.933 288.585 244.197 258.718 263.940 276.642 283.632 274.511 260.356 244.874 216.250 223.772 190.115 201.253 180.952 186.097 190.137 175.520 198.885 182.671 184.951 -999.250 -999.250 -999.250 -999.250 -999.250 -999.250 -999.250 -999.250 -999.250 -999.250 -999.250 -999.250 -999.250 -999.250 -999.250 -999.250
199.500 198.906 201.846 184.418 188.346 182.851 184.224 178.865 178.357 181.946 189.871 197.278 188.553 193.346 180.444 185.468 190.567 168.316 146.440 134.777 130.927 138.149 129.726 162.142 167.929 191.030 212.849 232.125 278.278 300.700 255.321 301.187 275.492 292.162 286.188 292.908 287.785 222.040 236.981 236.779 199.675 194.867 196.042 200.068 206.941 184.469 202.613 203.477 212.019 194.502 184.271 -999.250 -999.250 -999.250 -999.250 -999.250 -999.250 -999.250 -999.250 -999.250 -999.250 -999.250 -999.250 -999.250 -999.250
205.986 193.632 179.154 159.788 166.652 167.745 173.928 192.738 198.578 195.425 179.321 170.685 175.017 173.242 176.000 163.759 160.437 148.654 146.805 130.181 122.622 126.885 142.856 159.754 189.085 196.353 217.968 244.091 279.209 306.930 301.780 333.443 299.209 302.219 310.976 300.809 290.883 239.646 260.833 260.107 240.097 231.672 218.777 206.311 208.916 203.200 195.595 203.813 198.285 197.611 175.376 -999.250 -999.250 -999.250 -999.250 -999.250 -999.250 -999.250 -999.250 -999.250 -999.250 -999.250 -999.250 -999.250 -999.250
196.281 175.110 157.446 135.479 143.303 163.803 172.786 185.807 192.060 197.878 185.921 169.148 172.406 150.070 150.556 151.958 134.947 131.338 118.205 108.960 105.352 123.247 150.426 180.691 210.088 235.835 256.827 297.470 306.818 335.430 337.304 332.615 332.054 310.809 329.477 321.673 304.088 290.875 271.900 287.640 281.467 256.248 215.517 191.395 217.704 212.161 200.342 208.181 202.064 202.350 -999.250 -999.250 -999.250 -999.250 -999.250 -999.250 -999.250 -999.250 -999.250 -999.250 -999.250 -999.250 -999.250 -999.250 -999.250
178.376 175.166 155.928 145.165 162.520 150.881 177.916 176.074 188.443 185.221 184.545 170.689 156.995 149.604 140.785 130.658 117.613 99.567 98.780 97.594 106.905 130.494 138.978 171.153 200.797 244.654 304.411 317.454 319.342 328.214 317.063 354.464 356.265 356.812 323.092 296.631 315.713 319.847 306.801 319.647 255.379 252.715 278.351 246.411 213.709 197.877 218.036 192.444 206.400 207.156 -999.250 -999.250 -999.250 -999.250 -999.250 -999.250 -999.250 -999.250 -999.250 -999.250 -999.250 -999.250 -999.250 -999.250 -999.250
156.576 157.555 143.735 134.044 145.914 139.021 166.171 166.957 178.316 195.626 175.851 156.178 151.542 134.974 129.966 119.323 107.424 89.707 81.053 83.298 107.774 129.734 148.964 173.040 212.775 260.821 322.910 353.922 344.700 333.344 327.825 327.379 376.713 362.381 334.598 325.815 346.204 337.938 338.571 310.564 300.877 282.957 257.419 242.634 233.404 253.412 245.801 228.980 227.500 216.686 -999.250 -999.250 -999.250 -999.250 -999.250 -999.250 -999.250 -999.250 -999.250 -999.250 -999.250 -999.250 -999.250 -999.250 -999.250
148.885 156.327 130.086 125.898 149.610 149.685 165.779 186.856 180.720 179.392 171.207 167.989 143.854 131.637 113.776 117.742 101.622 74.595 72.203 66.654 70.834 103.060 148.497 189.873 226.675 272.255 329.425 371.831 331.264 342.902 339.472 345.801 368.072 368.159 346.051 356.230 351.805 353.205 343.221 340.736 333.534 290.260 277.187 252.914 227.747 257.658 245.587 229.567 222.101 243.888 -999.250 -999.250 -999.250 -999.250 -999.250 -999.250 -999.250 -999.250 -999.250 -999.250 -999.250 -999.250 -999.250 -999.250 -999.250
142.777 142.928 139.087 137.024 149.946 162.348 172.726 178.534 164.297 165.727 160.861 140.883 129.561 119.344 121.560 105.494 96.143 87.570 82.416 67.040 42.992 86.128 146.041 180.739 210.292 243.893 316.745 359.391 332.441 326.242 325.646 347.931 365.782 360.433 314.770 353.477 361.770 367.921 366.960 348.553 329.494 311.699 291.789 281.813 273.619 244.890 252.913 259.900 247.797 237.035 -999.250 -999.250 -999.250 -999.250 -999.250 -999.250 -999.250 -999.250 -999.250 -999.250 -999.250 -999.250 -999.250 -999.250 -999.250
153.816 130.275 152.516 151.108 161.853 157.843 151.343 155.738 165.203 146.407 151.947 135.104 112.263 122.496 116.929 110.117 113.088 104.631 83.403 76.933 89.864 110.877 135.983 177.883 220.419 262.551 308.925 296.973 321.778 310.709 300.780 308.345 354.289 329.774 362.525 358.068 341.513 346.724 351.101 338.222 312.089 300.429 279.386 255.117 220.106 251.355 224.450 246.915 229.870 262.813 -999.250 -999.250 -999.250 -999.250 -999.250 -999.250 -999.250 -999.250 -999.250 -999.250 -999.250 -999.250 -999.250 -999.250 -999.250
149.247 157.609 163.037 155.063 148.199 150.670 154.243 155.891 152.871 156.019 141.460 138.536 123.116 121.143 134.275 115.649 132.588 115.559 117.631 111.732 117.368 122.898 154.461 174.879 215.895 236.735 239.759 248.578 262.238 306.114 283.210 343.394 329.139 326.946 334.867 352.147 356.253 348.262 331.392 321.757 308.426 285.376 276.801 235.593 246.587 241.907 250.516 224.692 242.408 256.476 -999.250 -999.250 -999.250 -999.250 -999.250 -999.250 -999.250 -999.250 -999.250 -999.250 -999.250 -999.250 -999.250 -999.250 -999.250
150.974 165.809 152.948 158.644 167.427 168.440 181.606 188.748 184.079 157.348 143.382 138.922 142.256 116.533 131.040 126.484 137.456 143.169 139.551 141.240 141.416 150.829 165.474 171.169 190.023 206.896 205.992 208.240 246.902 291.912 291.163 345.332 337.941 351.438 358.581 336.000 374.667 374.588 333.482 341.256 340.421 302.281 323.871 266.248 301.935 279.577 218.821 213.892 232.772 224.475 -999.250 -999.250 -999.250 -999.250 -999.250 -999.250 -999.250 -999.250 -999.250 -999.250 -999.250 -999.250 -999.250 -999.250 -999.250
171.417 162.275 165.936 166.730 171.035 188.073 192.959 189.240 191.299 177.291 157.805 160.335 130.721 122.258 120.884 132.484 152.316 159.928 167.207 180.229 171.583 174.554 163.753 158.120 174.048 178.714 184.106 202.914 238.906 257.408 292.056 331.752 339.566 363.801 369.396 390.944 376.454 383.089 361.965 333.511 343.031 306.748 278.568 275.642 291.237 252.207 223.134 237.177 215.649 249.556 252.292 -999.250 -999.250 -999.250 -999.250 -999.250 -999.250 -999.250 -999.250 -999.250 -999.250 -999.250 -999.250 -999.250 -999.250
163.563 162.713 171.113 163.620 181.162 188.511 193.588 210.670 206.746 193.262 185.844 165.399 141.702 112.439 138.122 157.585 185.480 198.974 198.808 195.331 199.510 195.845 184.404 166.591 161.543 171.901 177.240 175.073 230.097 254.015 306.702 327.806 359.246 408.575 372.953 410.637 429.855 440.641 377.282 361.996 347.115 311.484 272.352 265.273 270.228 244.163 208.762 222.077 215.983 238.382 241.751 -999.250 -999.250 -999.250 -999.250 -999.250 -999.250 -999.250 -999.250 -999.250 -999.250 -999.250 -999.250 -999.250 -999.250
177.978 173.778 203.430 196.011 191.262 202.745 214.078 214.506 226.984 229.854 208.324 197.780 177.637 157.160 157.347 182.710 202.907 196.840 211.678 231.416 226.496 203.505 179.022 156.900 139.609 142.162 149.262 183.832 256.218 314.641 370.099 374.078 435.640 395.831 450.986 499.102 492.128 427.051 396.906 400.265 345.306 319.392 290.652 241.783 275.745 225.077 216.907 219.814 220.173 211.636 237.803 -999.250 -999.250 -999.250 -999.250 -999.250 -999.250 -999.250 -999.250 -999.250 -999.250 -999.250 -999.250 -999.250 -999.250
180.064 196.623 205.879 213.595 221.354 231.848 243.183 261.543 263.891 251.537 245.982 226.874 197.447 192.120 191.113 219.713 221.937 224.888 248.720 295.162 256.556 221.983 191.710 152.228 119.201 106.185 138.489 202.082 271.654 347.587 410.561 459.195 539.727 517.235 521.310 540.194 514.051 469.306 430.866 401.181 347.728 312.872 257.957 270.621 248.115 266.753 233.048 225.818 211.034 205.363 216.670 -999.250 -999.250 -999.250 -999.250 -999.250 -999.250 -999.250 -999.250 -999.250 -999.250 -999.250 -999.250 -999.250 -999.250
198.251 222.565 228.847 254.983 234.876 263.998 285.569 299.734 291.369 285.453 307.750 262.123 230.954 216.724 217.993 213.531 231.620 249.665 293.913 331.272 282.196 250.972 196.690 168.955 113.759 57.737 157.104 230.897 308.553 364.017 468.224 504.484 569.594 581.532 597.575 576.296 486.059 475.021 482.593 369.203 389.142 304.084 284.323 271.645 236.117 235.109 227.424 201.923 197.192 188.679 -999.250 -999.250 -999.250 -999.250 -999.250 -999.250 -999.250 -999.250 -999.250 -999.250 -999.250 -999.250 -999.250 -999.250 -999.250
233.931 221.169 229.290 263.320 263.187 313.229 293.540 295.267 311.494 303.385 310.935 291.734 267.309 233.630 224.052 221.621 220.405 251.597 286.162 276.212 286.647 246.197 210.070 161.793 139.389 153.032 218.548 311.593 370.912 467.094 570.009 659.112 720.978 703.338 666.876 675.155 631.643 542.550 480.066 416.434 372.547 326.175 293.276 260.019 233.200 214.834 211.809 210.039 191.992 201.010 -999.250 -999.250 -999.250 -999.250 -999.250 -999.250 -999.250 -999.250 -999.250 -999.250 -999.250 -999.250 -999.250 -999.250 -999.250
239.704 253.034 245.164 256.205 283.576 290.755 324.309 343.657 331.471 321.818 308.579 293.245 265.356 247.870 221.529 202.505 215.193 217.028 222.436 241.999 248.411 230.500 201.441 203.541 202.262 225.425 287.914 387.711 516.479 545.707 655.236 729.637 829.495 826.855 771.854 733.133 704.050 594.339 538.275 425.570 404.749 365.139 316.289 273.683 221.031 215.825 199.803 209.415 202.315 -999.250 -999.250 -999.250 -999.250 -999.250 -999.250 -999.250 -999.250 -999.250 -999.250 -999.250 -999.250 -999.250 -999.250 -999.250 -999.250
