data/medianmodel_31-Dec-2020.asc
ncols	141
nrows	288
xllcorner	-120191.398
yllcorner	-301404.813
cellsize	2000.000
NODATA_value	-999.250
[rows 0 to 28 of 288, columns 65 to 129 of 141]
-999.250 -999.250 -999.250 -999.250 -999.250 -999.250 -999.250 -999.250 -999.250 -999.250 -999.250 -999.250 -999.250 -999.250 -999.250 -999.250 -999.250 -999.250 -999.250 -999.250 -999.250 -999.250 -999.250 -999.250 -999.250 -999.250 -999.250 -999.250 -999.250 -999.250 -999.250 -999.250 -999.250 -999.250 -999.250 -999.250 -999.250 -999.250 -999.250 -999.250 -999.250 -999.250 -999.250 -999.250 -999.250 -999.250 -999.250 -999.250 -999.250 -999.250 -999.250 -999.250 -999.250 -999.250 -999.250 -999.250 -999.250 -999.250 -999.250 -999.250 -999.250 -999.250 -999.250 -999.250 -999.250
-999.250 -999.250 -999.250 -999.250 -999.250 -999.250 -999.250 -999.250 -999.250 -999.250 -999.250 -999.250 -999.250 -999.250 -999.250 -999.250 -999.250 -999.250 -999.250 -999.250 -999.250 -999.250 -999.250 -999.250 -999.250 -999.250 -999.250 -999.250 -999.250 -999.250 -999.250 -999.250 -999.250 -999.250 -999.250 -999.250 -999.250 -999.250 -999.250 -999.250 -999.250 -999.250 -999.250 -999.250 -999.250 -999.250 -999.250 -999.250 -999.250 -999.250 -999.250 -999.250 -999.250 -999.250 -999.250 -999.250 -999.250 -999.250 -999.250 -999.250 -999.250 -999.250 -999.250 -999.250 -999.250
-999.250 -999.250 -999.250 -999.250 -999.250 -999.250 -999.250 -999.250 -999.250 -999.250 -999.250 -999.250 -999.250 -999.250 -999.250 -999.250 -999.250 -999.250 -999.250 -999.250 -999.250 -999.250 -999.250 -999.250 -999.250 -999.250 -999.250 -999.250 -999.250 -999.250 -999.250 -999.250 -999.250 -999.250 -999.250 -999.250 -999.250 -999.250 -999.250 -999.250 -999.250 -999.250 -999.250 -999.250 -999.250 -999.250 -999.250 -999.250 -999.250 -999.250 -999.250 -999.250 -999.250 -999.250 -999.250 -999.250 -999.250 -999.250 -999.250 -999.250 -999.250 -999.250 -999.250 -999.250 -999.250
-999.250 -999.250 -999.250 -999.250 -999.250 -999.250 -999.250 -999.250 -999.250 -999.250 -999.250 -999.250 -999.250 -999.250 -999.250 -999.250 -999.250 -999.250 -999.250 -999.250 -999.250 -999.250 -999.250 -999.250 -999.250 -999.250 -999.250 -999.250 -999.250 -999.250 -999.250 -999.250 -999.250 -999.250 -999.250 -999.250 -999.250 -999.250 -999.250 -999.250 -999.250 -999.250 -999.250 -999.250 -999.250 -999.250 -999.250 -999.250 -999.250 -999.250 -999.250 -999.250 -999.250 -999.250 -999.250 -999.250 -999.250 -999.250 -999.250 -999.250 -999.250 -999.250 -999.250 -999.250 -999.250
-999.250 -999.250 -999.250 -999.250 -999.250 -999.250 -999.250 -999.250 -999.250 -999.250 -999.250 -999.250 -999.250 -999.250 -999.250 -999.250 -999.250 -999.250 -999.250 -999.250 -999.250 -999.250 -999.250 -999.250 -999.250 -999.250 -999.250 -999.250 -999.250 -999.250 -999.250 -999.250 -999.250 -999.250 -999.250 -999.250 -999.250 -999.250 -999.250 -999.250 -999.250 -999.250 -999.250 -999.250 -999.250 -999.250 -999.250 -999.250 -999.250 -999.250 -999.250 -999.250 -999.250 -999.250 -999.250 -999.250 -999.250 -999.250 -999.250 -999.250 -999.250 -999.250 -999.250 -999.250 -999.250
-999.250 -999.250 -999.250 -999.250 -999.250 -999.250 -999.250 -999.250 -999.250 -999.250 -999.250 -999.250 -999.250 -999.250 -999.250 -999.250 -999.250 -999.250 -999.250 -999.250 -999.250 -999.250 -999.250 -999.250 -999.250 -999.250 -999.250 -999.250 -999.250 -999.250 -999.250 -999.250 -999.250 -999.250 -999.250 -999.250 -999.250 -999.250 -999.250 -999.250 -999.250 -999.250 -999.250 -999.250 -999.250 -999.250 -999.250 -999.250 -999.250 -999.250 -999.250 -999.250 -999.250 -999.250 -999.250 -999.250 -999.250 -999.250 -999.250 -999.250 -999.250 -999.250 -999.250 -999.250 -999.250
-999.250 -999.250 -999.250 -999.250 -999.250 -999.250 -999.250 -999.250 -999.250 -999.250 -999.250 -999.250 -999.250 -999.250 -999.250 -999.250 -999.250 -999.250 -999.250 -999.250 -999.250 -999.250 -999.250 -999.250 -999.250 -999.250 -999.250 -999.250 -999.250 -999.250 -999.250 -999.250 -999.250 -999.250 -999.250 -999.250 -999.250 -999.250 -999.250 -999.250 -999.250 -999.250 -999.250 -999.250 -999.250 -999.250 -999.250 -999.250 -999.250 -999.250 -999.250 -999.250 -999.250 -999.250 -999.250 -999.250 -999.250 -999.250 -999.250 -999.250 -999.250 -999.250 -999.250 -999.250 -999.250
-999.250 -999.250 -999.250 -999.250 -999.250 -999.250 -999.250 -999.250 -999.250 -999.250 -999.250 -999.250 -999.250 -999.250 -999.250 -999.250 -999.250 -999.250 -999.250 -999.250 -999.250 -999.250 -999.250 -999.250 -999.250 -999.250 -999.250 -999.250 -999.250 -999.250 -999.250 -999.250 -999.250 -999.250 -999.250 -999.250 -999.250 -999.250 -999.250 -999.250 -999.250 -999.250 -999.250 -999.250 -999.250 -999.250 -999.250 -999.250 -999.250 -999.250 -999.250 -999.250 -999.250 -999.250 -999.250 -999.250 -999.250 -999.250 -999.250 -999.250 -999.250 -999.250 -999.250 -999.250 -999.250
-999.250 -999.250 -999.250 -999.250 -999.250 -999.250 -999.250 -999.250 -999.250 -999.250 -999.250 -999.250 -999.250 -999.250 -999.250 -999.250 -999.250 -999.250 -999.250 -999.250 -999.250 -999.250 -999.250 -999.250 -999.250 -999.250 -999.250 -999.250 -999.250 -999.250 -999.250 -999.250 -999.250 -999.250 -999.250 -999.250 -999.250 -999.250 -999.250 -999.250 -999.250 -999.250 -999.250 -999.250 -999.250 -999.250 -999.250 -999.250 -999.250 384.206 -999.250 -999.250 -999.250 -999.250 -999.250 -999.250 -999.250 -999.250 -999.250 -999.250 -999.250 -999.250 -999.250 -999.250 -999.250
-999.250 -999.250 -999.250 -999.250 -999.250 -999.250 -999.250 -999.250 -999.250 -999.250 -999.250 -999.250 -999.250 -999.250 -999.250 -999.250 -999.250 -999.250 -999.250 -999.250 -999.250 -999.250 -999.250 -999.250 -999.250 -999.250 -999.250 -999.250 -999.250 -999.250 -999.250 -999.250 -999.250 -999.250 403.801 396.553 358.669 354.014 -999.250 -999.250 -999.250 -999.250 321.123 -999.250 -999.250 -999.250 -999.250 -999.250 -999.250 387.161 399.159 -999.250 -999.250 -999.250 -999.250 -999.250 -999.250 -999.250 -999.250 -999.250 -999.250 -999.250 -999.250 -999.250 -999.250
-999.250 -999.250 -999.250 -999.250 -999.250 -999.250 -999.250 -999.250 -999.250 -999.250 -999.250 -999.250 -999.250 -999.250 -999.250 -999.250 -999.250 -999.250 -999.250 -999.250 -999.250 -999.250 -999.250 -999.250 -999.250 -999.250 -999.250 -999.250 -999.250 -999.250 -999.250 -999.250 -999.250 -999.250 405.483 382.248 350.601 333.847 -999.250 -999.250 -999.250 332.574 321.104 331.611 -999.250 -999.250 -999.250 -999.250 -999.250 379.524 384.788 399.808 -999.250 -999.250 -999.250 -999.250 -999.250 -999.250 466.163 491.972 -999.250 -999.250 -999.250 -999.250 -999.250
-999.250 -999.250 -999.250 -999.250 -999.250 -999.250 -999.250 -999.250 -999.250 -999.250 -999.250 -999.250 -999.250 -999.250 -999.250 -999.250 -999.250 -999.250 -999.250 -999.250 -999.250 -999.250 -999.250 -999.250 -999.250 -999.250 -999.250 -999.250 -999.250 -999.250 -999.250 -999.250 -999.250 -999.250 399.929 385.572 362.775 337.880 333.849 317.000 306.072 309.591 311.538 321.960 327.967 332.595 358.508 367.347 375.952 390.800 398.571 420.343 436.294 457.845 461.588 489.667 491.680 489.875 506.000 490.353 -999.250 -999.250 -999.250 -999.250 -999.250
-999.250 -999.250 -999.250 -999.250 1072.190 -999.250 -999.250 -999.250 -999.250 -999.250 -999.250 -999.250 -999.250 -999.250 -999.250 -999.250 -999.250 -999.250 -999.250 -999.250 -999.250 -999.250 -999.250 -999.250 -999.250 -999.250 -999.250 -999.250 -999.250 -999.250 -999.250 -999.250 -999.250 -999.250 422.949 395.569 355.167 324.610 331.728 307.427 306.861 296.000 310.211 315.138 324.487 323.790 355.017 372.230 380.027 394.525 423.902 446.852 458.240 445.351 477.842 508.073 501.244 510.998 511.327 487.941 -999.250 -999.250 -999.250 -999.250 -999.250
-999.250 -999.250 -999.250 -999.250 1162.276 -999.250 -999.250 -999.250 -999.250 -999.250 -999.250 -999.250 1049.127 -999.250 -999.250 -999.250 -999.250 -999.250 -999.250 -999.250 -999.250 -999.250 -999.250 -999.250 -999.250 -999.250 -999.250 -999.250 -999.250 -999.250 -999.250 -999.250 -999.250 -999.250 401.395 383.708 350.989 346.554 313.952 298.757 299.929 305.496 309.111 313.039 316.225 326.056 354.693 381.839 396.781 417.205 431.691 472.211 495.715 496.534 505.229 536.552 514.704 523.783 506.932 526.569 -999.250 -999.250 -999.250 -999.250 -999.250
-999.250 -999.250 -999.250 -999.250 1209.148 -999.250 -999.250 -999.250 -999.250 1226.568 1193.516 1202.807 1123.399 1092.624 -999.250 -999.250 -999.250 -999.250 -999.250 -999.250 -999.250 -999.250 -999.250 -999.250 -999.250 -999.250 -999.250 -999.250 -999.250 -999.250 -999.250 -999.250 -999.250 -999.250 413.087 392.247 353.231 330.889 319.055 313.423 308.517 296.527 301.956 303.678 315.794 346.950 370.819 397.132 414.507 455.038 476.117 503.504 523.648 544.965 525.935 544.236 551.142 551.713 542.350 538.357 575.472 -999.250 -999.250 -999.250 -999.250
-999.250 1194.950 1236.537 1201.705 1266.975 -999.250 -999.250 1333.290 1460.642 1286.899 1138.834 1100.358 1083.263 1091.532 1024.768 1015.221 946.782 -999.250 -999.250 -999.250 -999.250 -999.250 -999.250 -999.250 -999.250 -999.250 -999.250 -999.250 -999.250 -999.250 -999.250 527.169 487.837 460.712 436.190 398.969 366.709 338.535 325.604 315.071 307.518 297.017 294.197 318.841 335.029 357.662 397.800 421.249 460.296 486.103 527.069 560.895 598.746 585.230 590.605 572.566 578.959 568.097 573.464 571.059 575.767 -999.250 -999.250 -999.250 -999.250
1145.955 1339.363 1272.793 1348.072 1241.835 -999.250 1408.991 1432.921 1360.606 1316.203 1284.443 1163.220 1181.331 1165.343 1115.315 1042.591 -999.250 -999.250 -999.250 -999.250 -999.250 877.162 861.108 -999.250 -999.250 -999.250 680.603 -999.250 -999.250 572.211 551.720 551.207 508.670 468.056 438.213 403.722 384.287 356.729 352.658 315.250 305.350 287.921 298.085 327.258 352.429 376.367 400.115 443.416 486.956 531.508 565.135 597.763 633.864 643.464 618.045 598.566 596.865 572.239 575.099 600.804 562.752 -999.250 -999.250 -999.250 -999.250
1222.028 1392.987 1342.211 1519.642 1444.841 1446.970 1439.266 1443.680 1551.892 1495.154 1415.471 1226.256 1308.691 1166.777 1101.031 1025.967 -999.250 -999.250 942.955 933.835 888.556 903.802 893.610 761.173 -999.250 730.485 706.984 653.613 663.401 598.486 595.677 537.787 528.447 489.791 461.181 431.281 392.061 375.068 364.786 341.555 320.125 296.927 328.943 354.330 384.184 417.274 440.845 464.120 511.298 552.283 596.093 655.157 720.088 666.760 644.198 633.974 612.007 591.208 578.036 611.083 589.544 -999.250 -999.250 -999.250 -999.250
1205.431 1249.957 1392.082 1390.433 1432.672 1479.274 1527.984 1506.523 1556.693 1496.813 1435.963 1252.364 1291.429 1151.017 1217.267 1021.702 985.144 974.976 891.784 915.348 882.418 909.975 861.636 854.113 794.693 779.475 726.367 690.602 665.128 636.637 613.968 575.019 520.153 495.856 477.325 444.418 442.796 409.217 380.304 362.543 353.646 355.221 363.023 407.720 430.196 469.094 501.821 509.347 549.521 596.771 648.537 672.127 693.995 684.279 652.104 636.052 641.342 661.418 602.599 615.560 608.834 -999.250 -999.250 -999.250 -999.250
1206.941 1254.826 1360.981 1457.490 1502.194 1578.001 1616.514 1577.028 1550.417 1437.140 1471.511 1310.937 1177.222 1134.756 1054.536 963.459 976.670 914.611 923.206 888.848 886.665 885.645 912.975 856.181 779.122 776.499 736.456 707.649 700.727 638.773 634.713 605.399 557.078 502.173 501.129 459.987 446.670 432.325 415.607 437.675 415.503 407.897 417.927 437.031 467.810 490.839 538.381 551.812 599.458 629.578 650.539 706.144 736.998 692.017 637.955 627.793 652.551 635.024 609.597 600.430 595.195 -999.250 -999.250 -999.250 -999.250
1206.699 1304.428 1350.583 1516.281 1509.439 1550.268 1607.950 1551.831 1564.276 1470.896 1352.461 1300.961 1211.428 1070.755 1029.537 925.283 938.828 911.699 831.401 836.489 897.434 870.964 914.037 887.096 836.808 771.389 714.957 740.387 699.704 666.255 677.923 619.594 579.340 523.878 519.466 481.731 475.375 469.168 471.589 457.793 472.201 453.321 463.745 495.995 536.912 552.823 570.800 602.367 634.662 649.343 677.826 718.409 735.199 731.684 684.767 657.358 658.019 643.584 615.150 601.890 -999.250 -999.250 -999.250 -999.250 -999.250
1050.719 1154.973 1254.668 1451.748 1566.269 1532.216 1611.648 1510.276 1462.193 1384.935 1266.654 1180.631 1065.806 1022.212 986.932 873.034 876.738 884.887 813.645 814.281 890.244 894.297 889.612 836.473 787.461 767.563 744.628 734.632 684.250 692.696 646.704 647.490 595.520 594.711 559.592 524.644 511.717 504.650 514.370 478.236 509.801 520.202 521.424 525.768 567.532 621.448 629.521 666.628 682.783 709.681 692.610 701.409 719.273 717.177 709.110 689.007 644.836 638.988 632.455 639.742 -999.250 -999.250 -999.250 -999.250 -999.250
1030.899 1112.892 1201.270 1312.002 1399.515 1498.354 1516.469 1514.194 1443.631 1306.786 1289.321 1150.390 1080.719 977.010 906.104 848.375 834.645 818.639 759.751 757.071 780.535 814.369 827.208 768.528 737.809 735.338 744.583 716.616 715.498 683.386 668.341 657.048 597.601 592.774 576.241 575.759 543.734 524.993 549.176 543.426 549.578 569.686 593.000 634.987 631.373 701.751 689.311 703.973 722.287 719.899 727.710 714.089 731.268 735.691 704.660 673.974 670.447 646.629 646.935 647.479 -999.250 -999.250 -999.250 -999.250 -999.250
1010.025 1033.109 1106.369 1194.294 1279.758 1399.447 1461.988 1385.353 1286.623 1230.655 1178.540 1096.900 1019.129 944.583 892.984 824.606 788.677 784.035 755.637 754.140 763.006 728.496 745.800 729.709 720.066 710.680 675.796 666.421 671.073 679.071 654.145 634.446 618.329 587.149 572.316 597.497 581.725 562.527 585.031 594.373 580.041 643.089 657.986 697.609 755.170 749.923 780.927 778.432 794.902 788.296 766.314 766.422 760.008 715.210 689.008 690.932 665.302 674.396 647.334 645.929 -999.250 -999.250 -999.250 -999.250 -999.250
980.123 1037.968 1066.527 1145.773 1164.395 1170.737 1218.307 1165.179 1119.198 1056.505 1060.164 971.331 910.328 910.285 840.336 779.897 746.878 735.759 739.587 718.984 742.221 726.378 688.218 680.240 696.100 678.485 682.917 666.434 658.510 647.964 630.335 607.885 598.749 594.640 608.195 582.199 583.109 586.950 627.579 626.151 704.457 697.566 750.381 790.203 797.650 864.355 843.188 856.882 868.652 845.577 834.271 790.580 759.364 718.876 712.083 704.079 665.487 663.067 678.925 650.139 -999.250 -999.250 -999.250 -999.250 -999.250
918.446 952.658 984.305 1048.067 1039.732 1057.910 1063.083 1063.308 1024.207 989.705 970.256 914.244 886.929 881.000 827.217 755.875 718.582 718.765 703.301 704.170 689.536 671.689 671.554 657.284 680.606 661.558 638.676 631.938 626.229 632.459 611.072 639.156 624.581 602.598 583.802 609.407 594.252 634.516 651.210 706.005 763.847 758.508 833.173 883.767 918.577 941.365 925.205 947.505 930.864 979.565 942.995 852.382 809.526 759.558 753.154 723.131 683.828 689.343 682.958 646.291 656.240 -999.250 -999.250 -999.250 -999.250
811.629 866.186 926.272 948.876 947.993 978.355 1004.320 1002.714 1014.616 953.140 982.308 929.089 885.018 829.998 785.890 726.390 704.199 694.329 713.376 713.068 666.497 687.429 672.731 641.106 645.284 642.201 630.125 603.893 618.366 624.751 623.884 601.145 588.573 609.449 591.490 590.007 635.456 661.240 704.639 735.451 797.758 840.300 896.964 974.459 957.597 970.337 999.870 983.682 982.982 973.090 968.700 881.499 845.654 798.005 797.220 785.798 732.362 718.553 675.865 669.215 663.438 679.820 -999.250 762.182 782.316
719.831 764.289 801.487 834.372 915.948 928.779 946.441 935.334 952.373 927.946 862.509 897.618 874.171 798.189 758.078 728.074 680.465 668.045 668.707 657.691 664.641 632.182 639.366 602.019 622.363 602.649 574.047 603.641 590.516 606.002 596.641 583.613 589.474 581.324 616.167 632.384 675.839 687.854 750.256 777.853 827.677 922.404 960.718 1017.441 1034.269 1010.441 1034.095 1026.737 1015.472 990.098 956.630 908.018 852.789 797.126 840.818 795.646 767.898 728.758 666.674 672.535 663.862 688.511 723.450 794.573 887.455
715.411 714.313 737.378 784.008 830.041 852.110 877.240 835.608 865.737 831.465 864.422 836.954 799.269 769.374 778.712 709.943 683.811 659.596 662.570 651.018 645.275 610.791 600.335 586.199 591.607 608.063 585.590 586.847 584.601 598.161 578.456 569.540 561.394 548.047 591.547 632.967 698.612 752.949 791.700 837.322 907.120 994.926 1041.212 1084.453 1059.895 1115.529 1223.638 1156.853 1058.532 1053.021 974.232 976.928 937.477 870.181 855.565 844.380 766.585 746.661 696.668 702.799 697.666 684.761 705.496 755.037 855.123
