data/medianmodel_02-Apr-2020.asc
ncols	141
nrows	288
xllcorner	-120191.398
yllcorner	-301404.813
cellsize	2000.000
NODATA_value	-999.250
[rows 240 to 269 of 288, columns 0 to 67 of 141]
-999.250 -999.250 -999.250 -999.250 -999.250 -999.250 -999.250 -999.250 -999.250 -999.250 -999.250 -999.250 -999.250 -999.250 -999.250 -999.250 -999.250 -999.250 -999.250 -999.250 -999.250 -999.250 -999.250 -999.250 -999.250 -999.250 -999.250 -999.250 -999.250 -999.250 10.662 14.130 16.900 18.294 18.300 13.268 15.734 15.361 13.859 13.746 16.719 17.927 16.604 16.727 18.023 18.393 20.209 20.905 21.932 16.160 15.578 15.664 15.805 17.591 12.761 10.765 12.120 14.667 13.210 10.015 8.606 8.603 9.582 11.320 11.466 13.711 14.789 17.714
-999.250 -999.250 -999.250 -999.250 -999.250 -999.250 -999.250 -999.250 -999.250 -999.250 -999.250 -999.250 -999.250 -999.250 -999.250 -999.250 -999.250 -999.250 -999.250 -999.250 -999.250 -999.250 -999.250 -999.250 -999.250 -999.250 -999.250 -999.250 -999.250 -999.250 10.759 13.331 16.965 15.996 16.010 15.223 16.972 15.795 13.845 13.230 13.438 15.305 15.690 16.609 17.759 18.879 18.159 18.982 17.697 21.449 18.159 15.020 14.378 15.148 14.067 11.497 10.126 12.307 11.434 9.434 9.054 7.939 6.722 10.314 13.564 11.306 11.766 17.898
-999.250 -999.250 -999.250 -999.250 -999.250 -999.250 -999.250 -999.250 -999.250 -999.250 -999.250 -999.250 -999.250 -999.250 -999.250 -999.250 -999.250 -999.250 -999.250 -999.250 -999.250 -999.250 -999.250 -999.250 -999.250 -999.250 -999.250 -999.250 -999.250 -999.250 8.738 13.871 16.062 17.950 15.435 16.119 16.159 14.697 15.660 14.998 13.666 14.649 14.067 14.159 16.099 18.070 16.036 18.273 18.744 19.505 17.346 14.071 11.452 10.995 13.158 15.205 13.531 10.415 10.692 10.559 8.617 7.014 7.668 6.983 9.094 10.758 13.375 12.682
-999.250 -999.250 -999.250 -999.250 -999.250 -999.250 -999.250 -999.250 -999.250 -999.250 -999.250 -999.250 -999.250 -999.250 -999.250 -999.250 -999.250 -999.250 -999.250 -999.250 -999.250 -999.250 -999.250 -999.250 -999.250 -999.250 -999.250 -999.250 -999.250 -999.250 9.905 14.624 17.047 15.286 16.390 15.490 14.861 17.182 14.987 11.882 16.117 16.152 14.641 14.991 14.666 17.184 15.790 17.568 16.167 16.378 11.580 12.274 11.312 12.574 13.568 14.348 12.001 9.954 8.256 6.627 6.768 6.127 10.010 9.197 11.456 11.059 13.888 14.731
-999.250 -999.250 -999.250 -999.250 -999.250 -999.250 -999.250 -999.250 -999.250 -999.250 -999.250 -999.250 -999.250 -999.250 -999.250 -999.250 -999.250 -999.250 -999.250 -999.250 -999.250 -999.250 -999.250 -999.250 -999.250 -999.250 -999.250 -999.250 -999.250 -999.250 12.568 17.690 17.180 15.169 15.859 14.829 13.155 15.354 14.587 17.474 15.850 15.088 14.589 15.484 17.041 15.255 16.254 15.998 16.383 14.940 12.545 12.553 12.486 8.779 10.895 11.515 10.567 6.751 7.219 3.497 3.554 3.812 6.854 8.780 7.636 12.379 13.264 14.608
-999.250 -999.250 -999.250 -999.250 -999.250 -999.250 -999.250 -999.250 -999.250 -999.250 -999.250 -999.250 -999.250 -999.250 -999.250 -999.250 -999.250 -999.250 -999.250 -999.250 -999.250 -999.250 -999.250 -999.250 -999.250 -999.250 -999.250 -999.250 -999.250 -999.250 -999.250 16.627 16.623 15.735 15.511 14.018 15.209 13.806 16.464 15.395 15.889 18.847 15.745 15.497 16.333 15.346 14.899 14.273 13.851 12.220 15.639 13.903 12.242 10.334 7.353 10.266 9.883 8.181 4.855 5.254 2.435 0.000 5.504 9.733 11.855 14.820 14.238 13.539
-999.250 -999.250 -999.250 -999.250 -999.250 -999.250 -999.250 -999.250 -999.250 -999.250 -999.250 -999.250 -999.250 -999.250 -999.250 -999.250 -999.250 -999.250 -999.250 -999.250 -999.250 -999.250 -999.250 -999.250 -999.250 -999.250 -999.250 -999.250 -999.250 -999.250 -999.250 15.082 18.840 19.466 14.204 12.777 13.583 15.823 13.962 15.075 14.822 14.303 14.519 13.989 13.404 15.062 15.640 12.388 13.369 11.919 11.520 13.047 12.330 10.137 6.316 4.820 7.842 7.215 5.787 5.448 6.050 3.855 5.250 10.286 8.467 10.764 14.502 13.725
-999.250 -999.250 -999.250 -999.250 -999.250 -999.250 -999.250 -999.250 -999.250 -999.250 -999.250 -999.250 -999.250 -999.250 -999.250 -999.250 -999.250 -999.250 -999.250 -999.250 -999.250 -999.250 -999.250 -999.250 -999.250 -999.250 -999.250 -999.250 -999.250 -999.250 12.499 16.596 15.617 19.687 15.995 13.566 12.585 14.696 14.018 14.520 14.475 15.619 14.766 12.407 12.640 15.400 15.151 15.085 16.088 10.252 14.296 12.799 12.260 12.191 6.601 6.601 5.516 7.594 6.544 7.189 8.183 8.518 9.102 7.984 12.164 11.709 15.162 12.144
-999.250 -999.250 -999.250 -999.250 -999.250 -999.250 -999.250 -999.250 -999.250 -999.250 -999.250 -999.250 -999.250 -999.250 -999.250 -999.250 -999.250 -999.250 -999.250 -999.250 -999.250 -999.250 -999.250 -999.250 -999.250 -999.250 -999.250 -999.250 -999.250 -999.250 11.966 15.762 16.165 16.811 13.580 11.543 11.815 15.153 15.937 13.284 13.238 15.077 16.013 14.692 13.832 14.434 15.315 16.614 14.337 12.659 11.829 11.386 9.688 11.329 6.704 3.528 3.790 5.272 6.672 7.116 8.333 9.367 10.839 9.950 13.962 14.005 14.797 14.494
-999.250 -999.250 -999.250 -999.250 -999.250 -999.250 -999.250 -999.250 -999.250 -999.250 -999.250 -999.250 -999.250 -999.250 -999.250 -999.250 -999.250 -999.250 -999.250 -999.250 -999.250 -999.250 -999.250 -999.250 -999.250 -999.250 -999.250 -999.250 -999.250 -999.250 11.622 12.877 16.766 16.249 14.044 12.050 12.461 14.414 13.478 13.895 12.182 16.243 17.656 16.656 15.230 14.246 15.607 15.847 12.627 13.837 9.954 11.318 12.824 8.109 2.456 0.000 2.058 6.346 6.860 8.942 8.284 9.100 9.146 10.001 13.859 14.846 14.079 15.566
-999.250 -999.250 -999.250 -999.250 -999.250 -999.250 -999.250 -999.250 -999.250 -999.250 -999.250 -999.250 -999.250 -999.250 -999.250 -999.250 -999.250 -999.250 -999.250 -999.250 -999.250 -999.250 -999.250 -999.250 -999.250 -999.250 -999.250 -999.250 -999.250 -999.250 15.009 15.965 14.686 12.054 15.418 13.196 11.571 13.555 12.058 10.709 10.949 14.127 15.556 15.252 14.580 14.600 15.660 17.628 15.298 10.832 12.751 14.070 11.052 7.858 6.204 4.477 5.005 9.129 6.656 8.644 7.105 11.565 13.178 14.095 16.369 16.423 14.447 16.270
-999.250 -999.250 -999.250 -999.250 -999.250 -999.250 -999.250 -999.250 -999.250 -999.250 -999.250 -999.250 -999.250 -999.250 -999.250 -999.250 -999.250 -999.250 -999.250 -999.250 -999.250 -999.250 -999.250 -999.250 -999.250 -999.250 -999.250 -999.250 -999.250 -999.250 13.552 14.839 16.462 15.296 15.197 13.623 13.453 9.762 10.710 4.046 9.479 15.232 14.420 15.970 16.500 14.483 15.908 13.602 13.221 13.997 12.723 11.850 13.063 9.656 6.160 5.941 9.075 10.570 9.417 10.365 9.663 11.888 11.967 16.305 18.658 15.094 15.392 16.805
-999.250 -999.250 -999.250 -999.250 -999.250 -999.250 -999.250 -999.250 -999.250 -999.250 -999.250 -999.250 -999.250 -999.250 -999.250 -999.250 -999.250 -999.250 -999.250 -999.250 -999.250 -999.250 -999.250 -999.250 -999.250 -999.250 -999.250 -999.250 -999.250 11.182 14.455 15.380 13.604 13.086 13.563 11.409 13.502 10.340 10.150 9.096 12.522 13.302 15.540 14.679 16.560 15.959 16.727 14.886 15.500 14.992 13.784 12.227 11.553 12.328 10.114 12.949 12.978 12.474 10.749 12.868 13.281 14.420 15.627 17.655 18.229 18.199 15.414 14.268
-999.250 -999.250 -999.250 -999.250 -999.250 -999.250 -999.250 -999.250 -999.250 -999.250 -999.250 -999.250 -999.250 -999.250 -999.250 -999.250 -999.250 -999.250 -999.250 -999.250 -999.250 -999.250 -999.250 -999.250 -999.250 -999.250 -999.250 -999.250 -999.250 -999.250 13.775 16.118 14.438 11.562 13.140 15.561 12.261 13.572 11.726 14.870 12.476 12.379 16.059 13.488 14.260 15.792 13.742 15.696 15.285 11.242 14.597 11.388 12.575 9.633 9.977 11.911 13.004 13.191 15.070 15.697 14.376 15.267 16.261 16.048 19.176 16.386 18.170 18.536
-999.250 -999.250 -999.250 -999.250 -999.250 -999.250 -999.250 -999.250 -999.250 -999.250 -999.250 -999.250 -999.250 -999.250 -999.250 -999.250 -999.250 -999.250 -999.250 -999.250 -999.250 -999.250 -999.250 -999.250 -999.250 -999.250 -999.250 -999.250 -999.250 -999.250 14.398 15.369 13.898 12.754 14.304 14.878 10.981 12.163 12.678 13.437 13.008 13.860 13.488 14.502 17.549 17.390 14.312 16.516 14.620 14.968 13.653 13.060 11.854 13.356 13.184 10.713 14.151 11.869 16.938 13.459 14.100 15.275 13.676 16.501 16.621 15.961 16.921 15.776
-999.250 -999.250 -999.250 -999.250 -999.250 -999.250 -999.250 -999.250 -999.250 -999.250 -999.250 -999.250 -999.250 -999.250 -999.250 -999.250 -999.250 -999.250 -999.250 -999.250 -999.250 -999.250 -999.250 -999.250 -999.250 -999.250 -999.250 -999.250 -999.250 -999.250 -999.250 17.322 15.930 14.670 15.391 14.613 13.253 12.184 12.367 10.552 10.925 12.606 14.865 13.445 14.880 12.811 15.961 15.840 14.001 15.820 12.916 14.311 14.135 11.744 11.595 10.985 12.068 14.482 17.472 14.232 14.635 16.951 17.132 16.348 15.136 16.438 18.466 20.493
-999.250 -999.250 -999.250 -999.250 -999.250 -999.250 -999.250 -999.250 -999.250 -999.250 -999.250 -999.250 -999.250 -999.250 -999.250 -999.250 -999.250 -999.250 -999.250 -999.250 -999.250 -999.250 -999.250 -999.250 -999.250 -999.250 -999.250 -999.250 -999.250 -999.250 -999.250 12.852 15.338 15.684 17.077 13.221 13.768 16.710 11.341 11.857 13.628 17.410 15.645 16.059 12.872 13.377 13.232 14.790 13.406 11.918 13.574 16.509 12.464 13.162 14.162 11.120 13.175 15.239 15.043 16.103 14.446 16.424 17.157 15.424 15.875 14.731 19.759 21.606
-999.250 -999.250 -999.250 -999.250 -999.250 -999.250 -999.250 -999.250 -999.250 -999.250 -999.250 -999.250 -999.250 -999.250 -999.250 -999.250 -999.250 -999.250 -999.250 -999.250 -999.250 -999.250 -999.250 -999.250 -999.250 -999.250 -999.250 -999.250 -999.250 -999.250 12.901 16.888 16.636 12.716 13.474 14.438 17.328 14.278 14.198 12.566 16.417 17.368 16.655 15.099 14.559 13.382 13.398 13.398 13.347 11.257 15.011 16.353 13.932 16.916 14.414 14.446 15.190 17.257 16.735 16.757 16.948 19.369 19.966 17.116 14.870 16.896 17.630 21.080
-999.250 -999.250 -999.250 -999.250 -999.250 -999.250 -999.250 -999.250 -999.250 -999.250 -999.250 -999.250 -999.250 -999.250 -999.250 -999.250 -999.250 -999.250 -999.250 -999.250 -999.250 -999.250 -999.250 -999.250 -999.250 -999.250 -999.250 -999.250 -999.250 -999.250 11.661 14.638 15.002 17.676 16.142 16.182 16.810 15.854 16.733 15.305 16.485 14.793 16.347 13.794 14.437 13.070 11.004 15.106 11.104 12.972 16.727 16.111 14.131 15.205 15.608 18.151 16.196 16.988 19.010 19.260 17.784 16.930 16.608 14.919 17.151 19.163 20.070 21.839
-999.250 -999.250 -999.250 -999.250 -999.250 -999.250 -999.250 -999.250 -999.250 -999.250 -999.250 -999.250 -999.250 -999.250 -999.250 -999.250 -999.250 -999.250 -999.250 -999.250 -999.250 -999.250 -999.250 -999.250 -999.250 -999.250 -999.250 -999.250 -999.250 -999.250 13.291 13.318 14.952 14.992 14.852 16.755 14.008 12.528 13.113 14.676 14.442 15.477 12.151 14.520 13.484 12.764 13.069 12.365 15.275 15.150 13.912 12.253 14.985 14.938 13.848 15.363 15.939 19.138 18.999 19.069 18.459 18.993 15.604 18.655 20.433 19.483 20.528 20.757
-999.250 -999.250 -999.250 -999.250 -999.250 -999.250 -999.250 -999.250 -999.250 -999.250 -999.250 -999.250 -999.250 -999.250 -999.250 -999.250 -999.250 -999.250 -999.250 -999.250 -999.250 -999.250 -999.250 -999.250 -999.250 -999.250 -999.250 -999.250 -999.250 -999.250 13.364 15.889 14.951 14.491 16.728 16.825 14.463 10.191 11.950 16.857 14.779 13.419 15.871 13.589 13.115 11.563 12.369 17.402 13.096 16.178 12.993 14.707 13.983 16.447 18.130 16.453 17.152 18.886 17.666 18.308 16.720 24.367 20.963 23.063 20.368 20.382 18.689 23.609
-999.250 -999.250 -999.250 -999.250 -999.250 -999.250 -999.250 -999.250 -999.250 -999.250 -999.250 -999.250 -999.250 -999.250 -999.250 -999.250 -999.250 -999.250 -999.250 -999.250 -999.250 -999.250 -999.250 -999.250 -999.250 -999.250 -999.250 -999.250 -999.250 -999.250 11.368 13.810 14.414 13.153 15.698 12.350 13.453 12.518 12.082 14.403 13.990 12.707 12.172 12.389 14.265 13.318 12.124 15.924 15.597 13.798 15.867 17.247 14.247 16.850 16.596 21.603 18.494 17.860 17.523 18.316 18.924 19.324 23.490 23.339 23.536 22.732 19.824 23.701
-999.250 -999.250 -999.250 -999.250 -999.250 -999.250 -999.250 -999.250 -999.250 -999.250 -999.250 -999.250 -999.250 -999.250 -999.250 -999.250 -999.250 -999.250 -999.250 -999.250 -999.250 -999.250 -999.250 -999.250 -999.250 -999.250 -999.250 -999.250 -999.250 -999.250 12.469 11.532 15.843 12.131 13.753 14.516 14.302 14.557 13.655 12.317 11.813 11.235 11.052 13.079 13.266 10.686 11.922 12.742 12.954 13.380 15.023 13.172 15.061 16.496 20.173 24.338 21.175 21.696 17.984 17.327 21.005 24.580 21.293 23.012 22.538 20.977 18.726 22.703
-999.250 -999.250 -999.250 -999.250 -999.250 -999.250 -999.250 -999.250 -999.250 -999.250 -999.250 -999.250 -999.250 -999.250 -999.250 -999.250 -999.250 -999.250 -999.250 -999.250 -999.250 -999.250 -999.250 -999.250 -999.250 -999.250 -999.250 -999.250 -999.250 12.320 12.760 10.767 11.183 12.860 11.288 14.413 12.748 14.174 12.180 13.810 11.767 9.930 11.323 9.904 9.109 11.427 13.852 10.215 16.013 12.338 14.682 14.288 16.888 16.616 19.680 22.462 21.503 19.285 21.347 19.335 20.282 22.415 25.769 22.111 17.903 22.827 24.468 22.836
-999.250 -999.250 -999.250 -999.250 -999.250 -999.250 -999.250 -999.250 -999.250 -999.250 -999.250 -999.250 -999.250 -999.250 -999.250 -999.250 -999.250 -999.250 -999.250 -999.250 -999.250 -999.250 -999.250 -999.250 -999.250 -999.250 -999.250 -999.250 -999.250 10.717 10.828 11.311 9.438 12.397 13.674 11.492 14.578 10.270 12.335 11.855 8.137 7.267 10.703 9.297 9.199 11.908 12.483 11.444 14.228 15.153 15.643 14.873 14.750 17.026 16.201 19.001 19.975 22.402 22.377 21.704 24.829 22.667 24.612 24.394 23.604 22.114 29.191 28.108
-999.250 -999.250 -999.250 -999.250 -999.250 -999.250 -999.250 -999.250 -999.250 -999.250 -999.250 -999.250 -999.250 -999.250 -999.250 -999.250 -999.250 -999.250 -999.250 -999.250 -999.250 -999.250 -999.250 -999.250 -999.250 -999.250 -999.250 -999.250 10.822 7.584 7.455 10.812 11.167 8.134 9.729 9.645 12.471 9.861 9.504 8.310 7.823 6.652 8.417 9.784 12.784 11.309 10.782 13.019 10.703 14.964 13.991 13.034 15.421 18.335 17.028 21.361 19.166 19.668 21.480 23.825 27.746 19.979 25.961 25.610 24.087 22.875 28.965 24.246
-999.250 -999.250 -999.250 -999.250 -999.250 -999.250 -999.250 -999.250 -999.250 -999.250 -999.250 -999.250 -999.250 -999.250 -999.250 -999.250 -999.250 -999.250 -999.250 -999.250 -999.250 -999.250 -999.250 -999.250 -999.250 -999.250 -999.250 -999.250 5.744 8.195 8.314 8.794 8.939 9.893 8.563 7.660 8.767 10.378 7.518 7.655 3.169 4.966 8.119 9.836 8.310 11.105 10.055 11.603 13.368 15.467 13.030 13.233 15.100 18.091 20.283 22.997 22.201 24.344 23.336 27.988 29.857 25.022 23.875 24.838 25.175 22.918 19.147 21.358
-999.250 -999.250 -999.250 -999.250 -999.250 -999.250 -999.250 -999.250 -999.250 -999.250 -999.250 -999.250 -999.250 -999.250 -999.250 -999.250 -999.250 -999.250 -999.250 -999.250 -999.250 -999.250 -999.250 -999.250 -999.250 -999.250 -999.250 8.068 7.640 5.698 4.262 6.344 8.735 12.384 8.554 9.474 7.510 10.184 8.009 5.589 0.000 2.212 6.734 10.031 10.046 10.770 9.638 11.387 11.670 16.785 13.317 15.547 18.015 18.635 24.096 23.153 22.605 20.662 22.597 25.507 30.624 31.841 27.285 28.251 22.752 19.362 21.384 20.154
-999.250 -999.250 -999.250 -999.250 -999.250 -999.250 -999.250 -999.250 -999.250 -999.250 -999.250 -999.250 -999.250 -999.250 -999.250 -999.250 -999.250 -999.250 -999.250 -999.250 -999.250 -999.250 -999.250 -999.250 -999.250 -999.250 -999.250 7.990 6.098 2.828 0.000 6.755 8.378 11.475 10.350 9.915 8.405 9.343 8.851 7.758 5.421 6.340 7.771 10.446 11.085 14.446 13.213 12.832 11.791 13.042 16.444 16.715 21.022 23.403 22.132 22.268 25.771 30.890 27.514 25.818 39.647 34.000 27.474 23.992 28.960 21.370 25.475 20.405
-999.250 -999.250 -999.250 -999.250 -999.250 -999.250 -999.250 -999.250 -999.250 -999.250 -999.250 -999.250 -999.250 -999.250 -999.250 -999.250 -999.250 -999.250 -999.250 -999.250 -999.250 -999.250 -999.250 -999.250 -999.250 -999.250 -999.250 4.062 5.386 3.122 1.865 6.430 11.933 9.397 10.299 12.536 8.853 10.148 10.328 10.475 9.855 8.462 10.545 10.754 11.064 11.431 13.384 13.699 16.047 18.072 19.947 17.803 22.094 22.180 27.156 27.526 31.296 28.715 31.440 31.576 31.006 33.267 30.382 24.565 27.650 24.866 25.117 23.271
