data/medianmodel_29-Jul-2020.asc
ncols	141
nrows	288
xllcorner	-120191.398
yllcorner	-301404.813
cellsize	2000.000
NODATA_value	-999.250
[rows 248 to 278 of 288, columns 0 to 68 of 141]
-999.250 -999.250 -999.250 -999.250 -999.250 -999.250 -999.250 -999.250 -999.250 -999.250 -999.250 -999.250 -999.250 -999.250 -999.250 -999.250 -999.250 -999.250 -999.250 -999.250 -999.250 -999.250 -999.250 -999.250 -999.250 -999.250 -999.250 -999.250 -999.250 -999.250 12.970 13.548 13.933 18.770 16.493 16.041 15.288 14.769 15.906 14.694 14.535 13.744 10.975 9.598 7.603 6.971 4.392 2.560 2.042 0.000 0.000 0.000 0.000 0.000 0.000 0.000 0.000 0.000 0.000 0.000 0.000 0.000 0.000 0.000 0.000 0.000 0.000 0.000 0.000
-999.250 -999.250 -999.250 -999.250 -999.250 -999.250 -999.250 -999.250 -999.250 -999.250 -999.250 -999.250 -999.250 -999.250 -999.250 -999.250 -999.250 -999.250 -999.250 -999.250 -999.250 -999.250 -999.250 -999.250 -999.250 -999.250 -999.250 -999.250 -999.250 -999.250 14.728 13.468 18.738 16.199 14.426 14.169 16.168 16.311 16.952 17.760 15.839 16.417 13.900 11.782 7.685 6.246 5.191 4.596 1.661 0.000 0.000 0.000 0.000 0.000 0.000 0.000 0.000 0.000 0.000 0.000 0.000 0.000 0.000 0.000 0.000 0.000 0.000 0.000 0.000
-999.250 -999.250 -999.250 -999.250 -999.250 -999.250 -999.250 -999.250 -999.250 -999.250 -999.250 -999.250 -999.250 -999.250 -999.250 -999.250 -999.250 -999.250 -999.250 -999.250 -999.250 -999.250 -999.250 -999.250 -999.250 -999.250 -999.250 -999.250 -999.250 -999.250 11.411 11.692 12.701 16.931 12.876 15.011 12.752 16.710 19.084 20.607 19.162 14.929 11.625 10.839 8.117 7.182 5.408 2.951 3.633 0.607 0.000 0.000 0.000 0.000 0.000 0.000 0.000 0.000 0.000 0.000 0.000 0.000 0.000 0.000 0.000 0.000 0.000 0.000 0.000
-999.250 -999.250 -999.250 -999.250 -999.250 -999.250 -999.250 -999.250 -999.250 -999.250 -999.250 -999.250 -999.250 -999.250 -999.250 -999.250 -999.250 -999.250 -999.250 -999.250 -999.250 -999.250 -999.250 -999.250 -999.250 -999.250 -999.250 -999.250 -999.250 -999.250 10.051 11.461 11.156 15.307 16.569 15.563 12.995 16.605 17.929 28.321 17.038 12.909 11.571 9.091 7.954 8.588 6.642 4.534 2.659 2.494 0.475 0.101 0.000 0.000 0.000 0.000 0.000 0.000 0.000 0.000 0.000 0.000 0.000 0.000 0.000 0.000 0.000 0.000 0.000
-999.250 -999.250 -999.250 -999.250 -999.250 -999.250 -999.250 -999.250 -999.250 -999.250 -999.250 -999.250 -999.250 -999.250 -999.250 -999.250 -999.250 -999.250 -999.250 -999.250 -999.250 -999.250 -999.250 -999.250 -999.250 -999.250 -999.250 -999.250 -999.250 10.983 9.008 9.246 9.708 12.286 14.934 13.152 12.995 15.036 17.935 18.372 16.479 14.803 12.311 9.288 7.772 9.083 7.367 5.508 4.376 3.232 1.219 0.000 0.000 0.000 0.000 0.000 0.000 0.000 0.000 0.000 0.000 0.000 0.000 0.000 0.000 0.000 0.000 0.000 0.000
-999.250 -999.250 -999.250 -999.250 -999.250 -999.250 -999.250 -999.250 -999.250 -999.250 -999.250 -999.250 -999.250 -999.250 -999.250 -999.250 -999.250 -999.250 -999.250 -999.250 -999.250 -999.250 -999.250 -999.250 -999.250 -999.250 -999.250 -999.250 -999.250 -999.250 8.256 8.489 9.928 9.588 10.627 12.692 12.952 12.938 14.474 16.060 14.733 12.419 9.906 9.517 7.421 7.532 7.002 5.185 3.772 3.716 1.071 0.000 0.000 0.000 0.000 0.000 0.000 0.000 0.000 0.000 0.000 0.000 0.000 0.000 0.000 0.000 0.000 0.000 0.000
-999.250 -999.250 -999.250 -999.250 -999.250 -999.250 -999.250 -999.250 -999.250 -999.250 -999.250 -999.250 -999.250 -999.250 -999.250 -999.250 -999.250 -999.250 -999.250 -999.250 -999.250 -999.250 -999.250 -999.250 -999.250 -999.250 -999.250 -999.250 -999.250 -999.250 8.170 6.454 9.773 9.094 10.593 14.770 11.383 10.935 12.150 10.807 11.231 9.278 9.453 7.788 7.940 7.100 5.681 4.147 4.272 3.696 1.286 0.446 0.000 0.000 0.000 0.000 0.000 0.000 0.000 0.000 0.000 0.000 0.000 0.000 0.000 0.000 0.000 0.000 0.000
-999.250 -999.250 -999.250 -999.250 -999.250 -999.250 -999.250 -999.250 -999.250 -999.250 -999.250 -999.250 -999.250 -999.250 -999.250 -999.250 -999.250 -999.250 -999.250 -999.250 -999.250 -999.250 -999.250 -999.250 -999.250 -999.250 -999.250 -999.250 -999.250 -999.250 -999.250 6.889 7.751 9.564 10.139 8.897 8.946 10.555 10.791 9.163 10.640 9.660 9.147 7.014 6.719 7.334 5.795 4.124 3.090 1.834 0.939 0.000 0.000 0.000 0.000 0.000 0.000 0.000 0.000 0.000 0.000 0.000 0.000 0.000 0.000 0.000 0.000 0.000 0.000
-999.250 -999.250 -999.250 -999.250 -999.250 -999.250 -999.250 -999.250 -999.250 -999.250 -999.250 -999.250 -999.250 -999.250 -999.250 -999.250 -999.250 -999.250 -999.250 -999.250 -999.250 -999.250 -999.250 -999.250 -999.250 -999.250 -999.250 -999.250 -999.250 -999.250 -999.250 6.312 7.760 8.328 8.763 6.629 8.712 11.232 10.147 8.238 7.605 7.802 6.576 6.558 5.646 5.303 4.524 4.964 4.614 3.450 0.000 0.404 0.000 0.000 0.000 0.000 0.000 0.000 0.000 0.000 0.000 0.000 0.000 0.000 0.000 0.000 0.000 0.000 0.000
-999.250 -999.250 -999.250 -999.250 -999.250 -999.250 -999.250 -999.250 -999.250 -999.250 -999.250 -999.250 -999.250 -999.250 -999.250 -999.250 -999.250 -999.250 -999.250 -999.250 -999.250 -999.250 -999.250 -999.250 -999.250 -999.250 -999.250 -999.250 -999.250 -999.250 4.025 6.414 8.311 6.466 6.095 5.453 9.137 8.557 9.155 9.124 5.902 5.774 4.731 5.073 5.074 4.353 3.919 3.306 2.376 1.267 1.497 0.036 0.104 0.000 0.000 0.000 0.000 0.000 0.000 0.000 0.000 0.000 0.000 0.000 0.000 0.000 0.000 0.000 0.000
-999.250 -999.250 -999.250 -999.250 -999.250 -999.250 -999.250 -999.250 -999.250 -999.250 -999.250 -999.250 -999.250 -999.250 -999.250 -999.250 -999.250 -999.250 -999.250 -999.250 -999.250 -999.250 -999.250 -999.250 -999.250 -999.250 -999.250 -999.250 -999.250 -999.250 1.908 5.123 7.202 5.991 5.635 5.550 6.352 6.310 5.449 6.201 6.955 3.969 3.580 4.353 4.247 4.207 3.124 3.825 2.848 0.159 1.629 1.300 0.158 0.033 0.000 0.000 0.000 0.000 0.000 0.000 0.000 0.000 0.000 0.000 0.000 0.000 0.000 0.000 0.000
-999.250 -999.250 -999.250 -999.250 -999.250 -999.250 -999.250 -999.250 -999.250 -999.250 -999.250 -999.250 -999.250 -999.250 -999.250 -999.250 -999.250 -999.250 -999.250 -999.250 -999.250 -999.250 -999.250 -999.250 -999.250 -999.250 -999.250 -999.250 -999.250 -999.250 1.758 1.704 3.401 2.825 2.550 3.991 3.141 5.772 3.542 4.022 3.828 3.033 3.067 5.166 2.677 2.808 2.077 3.006 2.105 0.856 1.884 1.544 1.409 3.179 3.414 0.097 0.079 0.000 0.000 0.000 0.000 0.000 0.000 0.000 0.000 0.000 0.000 0.000 0.000
-999.250 -999.250 -999.250 -999.250 -999.250 -999.250 -999.250 -999.250 -999.250 -999.250 -999.250 -999.250 -999.250 -999.250 -999.250 -999.250 -999.250 -999.250 -999.250 -999.250 -999.250 -999.250 -999.250 -999.250 -999.250 -999.250 -999.250 -999.250 -999.250 -999.250 0.316 0.561 0.247 0.966 2.426 1.986 1.938 0.942 2.306 0.843 1.937 0.683 2.200 3.821 2.201 2.089 2.171 3.257 1.107 0.000 0.659 1.016 0.674 1.703 0.663 0.135 0.000 0.000 0.000 0.000 0.000 0.000 0.000 0.000 0.000 0.000 0.000 0.000 0.000
-999.250 -999.250 -999.250 -999.250 -999.250 -999.250 -999.250 -999.250 -999.250 -999.250 -999.250 -999.250 -999.250 -999.250 -999.250 -999.250 -999.250 -999.250 -999.250 -999.250 -999.250 -999.250 -999.250 -999.250 -999.250 -999.250 -999.250 -999.250 -999.250 -999.250 0.000 0.000 0.000 0.000 0.000 0.637 0.000 0.000 1.165 0.366 0.000 0.145 2.609 1.537 2.382 3.235 3.966 1.990 1.140 0.153 1.104 0.893 1.906 1.564 0.064 0.005 1.223 0.138 0.255 0.000 0.000 0.000 0.000 0.000 0.000 0.000 0.000 0.000 0.000
-999.250 -999.250 -999.250 -999.250 -999.250 -999.250 -999.250 -999.250 -999.250 -999.250 -999.250 -999.250 -999.250 -999.250 -999.250 -999.250 -999.250 -999.250 -999.250 -999.250 -999.250 -999.250 -999.250 -999.250 -999.250 -999.250 -999.250 -999.250 -999.250 -999.250 0.000 0.000 0.000 0.000 0.000 0.000 0.000 0.000 0.000 0.000 0.000 0.425 0.828 1.006 0.311 1.910 2.296 4.638 3.585 2.648 2.042 1.946 2.554 2.252 2.071 1.585 1.878 0.956 1.871 0.698 0.024 0.199 0.000 0.000 0.000 0.000 0.000 0.000 0.000
-999.250 -999.250 -999.250 -999.250 -999.250 -999.250 -999.250 -999.250 -999.250 -999.250 -999.250 -999.250 -999.250 -999.250 -999.250 -999.250 -999.250 -999.250 -999.250 -999.250 -999.250 -999.250 -999.250 -999.250 -999.250 -999.250 -999.250 -999.250 -999.250 0.000 0.000 0.000 0.000 0.000 0.000 0.000 0.000 0.000 0.000 0.000 0.000 0.000 0.000 0.398 1.489 1.146 1.374 3.917 3.867 3.522 0.852 3.944 5.618 2.701 3.178 3.925 4.076 3.027 4.105 3.034 4.348 1.567 0.000 0.000 0.000 0.000 0.000 0.000 0.000
-999.250 -999.250 -999.250 -999.250 -999.250 -999.250 -999.250 -999.250 -999.250 -999.250 -999.250 -999.250 -999.250 -999.250 -999.250 -999.250 -999.250 -999.250 -999.250 -999.250 -999.250 -999.250 -999.250 -999.250 -999.250 -999.250 -999.250 -999.250 -999.250 0.000 0.000 0.000 0.000 0.000 0.000 0.000 0.000 0.000 0.000 0.000 0.000 0.000 0.000 0.000 0.018 0.000 0.673 1.567 1.878 3.362 4.676 5.300 7.038 7.084 7.114 6.400 7.674 6.645 6.866 6.110 4.988 3.411 2.292 2.021 0.204 0.000 0.000 0.000 0.000
-999.250 -999.250 -999.250 -999.250 -999.250 -999.250 -999.250 -999.250 -999.250 -999.250 -999.250 -999.250 -999.250 -999.250 -999.250 -999.250 -999.250 -999.250 -999.250 -999.250 -999.250 -999.250 -999.250 -999.250 -999.250 -999.250 -999.250 -999.250 0.000 0.000 0.000 0.000 0.000 0.000 0.000 0.000 0.000 0.000 0.000 0.000 0.000 0.000 0.000 0.000 0.000 0.000 1.594 2.013 4.203 3.790 5.863 8.340 7.377 7.305 7.812 7.299 9.359 8.438 9.547 6.589 7.712 4.976 3.933 4.269 2.080 2.616 1.415 1.643 0.051
-999.250 -999.250 -999.250 -999.250 -999.250 -999.250 -999.250 -999.250 -999.250 -999.250 -999.250 -999.250 -999.250 -999.250 -999.250 -999.250 -999.250 -999.250 -999.250 -999.250 -999.250 -999.250 -999.250 -999.250 -999.250 -999.250 -999.250 -999.250 0.000 0.000 0.000 0.000 0.000 0.000 0.000 0.000 0.000 0.000 0.000 0.000 0.000 0.000 0.000 0.000 0.000 0.261 2.416 3.766 6.113 4.992 6.487 7.675 9.751 8.117 9.168 9.475 11.268 9.416 9.680 9.025 9.457 7.754 6.084 5.733 6.058 2.836 3.357 4.503 1.097
-999.250 -999.250 -999.250 -999.250 -999.250 -999.250 -999.250 -999.250 -999.250 -999.250 -999.250 -999.250 -999.250 -999.250 -999.250 -999.250 -999.250 -999.250 -999.250 -999.250 -999.250 -999.250 -999.250 -999.250 -999.250 -999.250 -999.250 0.000 0.000 0.000 0.000 0.000 0.000 0.000 0.000 0.000 0.000 0.000 0.000 0.000 0.000 0.000 0.000 0.000 0.000 0.801 2.948 4.273 5.253 5.516 6.449 9.576 11.334 9.985 11.288 13.715 14.523 12.241 13.989 13.061 11.200 9.970 7.460 8.129 7.567 6.332 3.409 3.199 1.590
-999.250 -999.250 -999.250 -999.250 -999.250 -999.250 -999.250 -999.250 -999.250 -999.250 -999.250 -999.250 -999.250 -999.250 -999.250 -999.250 -999.250 -999.250 -999.250 -999.250 -999.250 -999.250 -999.250 -999.250 -999.250 -999.250 -999.250 0.000 0.000 0.000 0.000 0.000 0.000 0.000 0.000 0.000 0.000 0.000 0.000 0.000 0.000 0.000 0.000 0.000 0.000 1.845 3.130 4.104 3.782 4.771 6.898 8.893 11.437 14.643 16.244 16.379 20.486 20.696 16.526 15.047 13.457 10.746 11.774 10.218 9.940 7.341 6.934 4.897 2.786
-999.250 -999.250 -999.250 -999.250 -999.250 -999.250 -999.250 -999.250 -999.250 -999.250 -999.250 -999.250 -999.250 -999.250 -999.250 -999.250 -999.250 -999.250 -999.250 -999.250 -999.250 -999.250 -999.250 -999.250 -999.250 -999.250 -999.250 0.000 0.000 0.000 0.000 0.000 0.000 0.000 0.000 0.000 0.000 0.000 0.000 0.000 0.000 0.000 0.000 0.000 0.000 1.930 2.969 4.877 6.265 5.917 8.362 9.829 12.609 11.536 16.314 19.033 26.254 21.401 20.488 20.957 16.030 16.790 12.299 12.377 9.345 7.384 6.650 5.939 3.039
-999.250 -999.250 -999.250 -999.250 -999.250 -999.250 -999.250 -999.250 -999.250 -999.250 -999.250 -999.250 -999.250 -999.250 -999.250 -999.250 -999.250 -999.250 -999.250 -999.250 -999.250 -999.250 -999.250 -999.250 -999.250 -999.250 -999.250 0.000 0.000 0.000 0.000 0.000 0.000 0.000 0.000 0.000 0.633 0.000 0.000 0.000 0.117 0.240 1.224 1.023 1.494 3.652 4.839 7.055 5.799 9.585 10.042 14.702 12.913 15.333 20.136 25.356 28.319 29.890 30.650 22.977 19.715 16.745 14.819 12.157 9.986 8.227 8.066 5.429 3.313
-999.250 -999.250 -999.250 -999.250 -999.250 -999.250 -999.250 -999.250 -999.250 -999.250 -999.250 -999.250 -999.250 -999.250 -999.250 -999.250 -999.250 -999.250 -999.250 -999.250 -999.250 -999.250 -999.250 -999.250 -999.250 -999.250 -999.250 0.000 0.000 0.000 0.000 0.000 0.107 1.082 0.920 1.201 1.026 1.569 0.596 3.487 3.029 3.135 3.541 4.297 3.905 4.258 5.967 6.710 10.764 9.707 12.528 16.110 19.359 20.901 28.922 25.326 31.608 36.067 40.327 27.281 25.004 24.173 16.297 15.912 10.352 8.252 6.388 5.453 3.954
-999.250 -999.250 -999.250 -999.250 -999.250 -999.250 -999.250 -999.250 -999.250 -999.250 -999.250 -999.250 -999.250 -999.250 -999.250 -999.250 -999.250 -999.250 -999.250 -999.250 -999.250 -999.250 -999.250 -999.250 -999.250 -999.250 -999.250 0.000 0.000 0.000 0.000 0.376 1.871 1.375 3.224 2.553 4.020 5.684 6.059 5.436 6.175 5.295 6.430 4.979 4.105 7.310 7.143 8.008 10.612 13.212 12.238 14.646 24.747 29.639 34.672 28.835 43.359 38.569 46.318 43.268 42.509 24.877 21.151 15.912 12.105 10.304 7.423 6.892 3.182
-999.250 -999.250 -999.250 -999.250 -999.250 -999.250 -999.250 -999.250 -999.250 -999.250 -999.250 -999.250 -999.250 -999.250 -999.250 -999.250 -999.250 -999.250 -999.250 -999.250 -999.250 -999.250 -999.250 -999.250 -999.250 -999.250 0.000 0.000 0.000 0.007 1.424 1.315 5.470 4.981 7.556 6.502 6.158 7.156 8.121 7.843 6.306 8.727 8.577 7.601 7.696 7.479 7.230 9.965 12.692 14.380 17.216 22.633 28.653 30.723 39.180 34.458 39.936 41.913 41.185 45.146 49.252 31.156 23.224 18.689 14.138 11.818 8.745 7.825 4.277
-999.250 -999.250 -999.250 -999.250 -999.250 -999.250 -999.250 -999.250 -999.250 -999.250 -999.250 -999.250 -999.250 -999.250 -999.250 -999.250 -999.250 -999.250 -999.250 -999.250 -999.250 -999.250 -999.250 -999.250 -999.250 -999.250 0.000 0.000 0.253 2.100 3.880 5.659 6.545 7.448 9.035 8.350 8.049 8.390 8.743 10.010 10.184 11.788 10.164 9.644 7.843 8.564 10.354 11.299 12.155 15.094 17.952 24.401 25.508 34.760 46.710 39.939 43.735 47.782 51.130 50.575 46.902 39.443 27.803 21.138 15.973 12.906 9.032 7.592 4.463
-999.250 -999.250 -999.250 -999.250 -999.250 -999.250 -999.250 -999.250 -999.250 -999.250 -999.250 -999.250 -999.250 -999.250 -999.250 -999.250 -999.250 -999.250 -999.250 -999.250 -999.250 -999.250 -999.250 -999.250 -999.250 0.000 0.000 0.000 1.443 4.233 7.928 8.080 8.675 8.644 10.032 10.837 9.564 10.835 11.856 10.337 11.796 19.826 12.558 9.631 9.993 10.210 12.190 11.454 12.802 17.564 19.762 23.180 33.288 31.806 44.936 49.669 54.280 58.023 61.360 57.197 64.098 45.959 38.716 26.831 20.073 15.221 10.222 9.756 6.921
-999.250 -999.250 -999.250 -999.250 -999.250 -999.250 -999.250 -999.250 -999.250 -999.250 -999.250 -999.250 -999.250 -999.250 -999.250 -999.250 -999.250 -999.250 -999.250 -999.250 -999.250 -999.250 -999.250 -999.250 -999.250 0.000 0.000 0.000 2.353 6.188 7.870 7.307 8.889 10.012 12.940 13.017 11.883 10.733 11.936 13.169 12.700 14.870 12.669 11.645 10.656 11.069 11.946 12.045 16.523 18.394 22.185 27.521 33.212 34.698 43.451 49.839 53.826 63.814 62.206 56.648 62.121 54.377 48.203 34.229 28.577 19.507 14.262 11.263 8.521
-999.250 -999.250 -999.250 -999.250 -999.250 -999.250 -999.250 -999.250 -999.250 -999.250 -999.250 -999.250 -999.250 -999.250 -999.250 -999.250 -999.250 -999.250 -999.250 -999.250 -999.250 -999.250 -999.250 -999.250 -999.250 0.000 0.000 0.000 2.664 6.191 7.748 9.808 9.852 14.691 16.143 15.398 15.209 12.243 12.726 12.669 12.395 12.211 11.434 12.209 11.837 14.376 15.755 15.487 17.667 23.228 33.125 31.852 49.298 55.185 50.963 61.251 65.694 68.147 62.843 60.963 60.091 59.799 55.315 42.262 26.850 21.069 15.839 10.845 9.601
-999.250 -999.250 -999.250 -999.250 -999.250 -999.250 -999.250 -999.250 -999.250 -999.250 -999.250 -999.250 -999.250 -999.250 -999.250 -999.250 -999.250 -999.250 -999.250 -999.250 -999.250 -999.250 -999.250 -999.250 0.000 0.000 0.000 1.564 4.021 6.401 8.939 10.139 11.457 13.501 17.190 19.715 20.142 14.616 14.376 13.800 12.789 10.554 11.316 13.698 13.641 15.403 21.966 16.919 20.181 22.410 26.874 38.608 42.466 58.216 57.658 58.759 73.972 65.862 62.438 60.524 65.624 63.866 55.806 46.256 30.848 24.708 16.509 12.356 10.147
