data/medianmodel_22-Mar-2020.asc
ncols	141
nrows	288
xllcorner	-120191.398
yllcorner	-301404.813
cellsize	2000.000
NODATA_value	-999.250
[rows 93 to 123 of 288, columns 70 to 139 of 141]
3.567 4.041 3.798 2.139 2.970 3.636 3.185 2.253 2.142 2.960 2.556 2.836 2.479 3.374 3.639 3.162 2.916 3.108 3.338 2.556 3.086 3.017 3.151 2.368 2.678 2.291 2.801 3.777 3.526 3.494 3.728 3.663 3.069 3.739 1.833 2.479 1.981 2.317 1.347 3.212 1.781 2.370 1.358 0.000 -999.250 -999.250 -999.250 -999.250 -999.250 -999.250 -999.250 -999.250 -999.250 -999.250 -999.250 -999.250 -999.250 -999.250 -999.250 -999.250 -999.250 -999.250 -999.250 -999.250 -999.250 -999.250 -999.250 -999.250 -999.250 -999.250
1.462 3.343 4.605 3.628 4.030 2.522 1.704 1.530 1.204 0.951 2.088 0.435 1.012 2.899 2.256 0.764 2.199 1.500 2.838 3.876 3.691 2.307 3.242 2.194 2.802 3.269 2.016 2.469 2.521 2.738 3.838 2.822 2.954 2.547 2.553 3.871 2.480 2.639 1.996 3.334 3.651 1.571 0.770 0.000 -999.250 -999.250 -999.250 -999.250 -999.250 -999.250 -999.250 -999.250 -999.250 -999.250 -999.250 -999.250 -999.250 -999.250 -999.250 -999.250 -999.250 -999.250 -999.250 -999.250 -999.250 -999.250 -999.250 -999.250 -999.250 -999.250
0.993 1.659 3.888 3.152 2.656 2.250 2.278 0.782 0.000 0.772 0.067 0.263 0.679 0.164 0.000 0.000 0.000 0.484 0.615 1.916 3.217 2.530 2.138 2.795 2.361 2.302 2.369 2.465 2.737 4.525 2.955 1.283 2.574 1.585 1.084 1.387 2.338 2.745 3.561 1.603 1.430 1.986 1.156 0.000 -999.250 -999.250 -999.250 -999.250 -999.250 -999.250 -999.250 -999.250 -999.250 -999.250 -999.250 -999.250 -999.250 -999.250 -999.250 -999.250 -999.250 -999.250 -999.250 -999.250 -999.250 -999.250 -999.250 -999.250 -999.250 -999.250
0.420 0.649 0.475 2.285 1.339 1.919 1.010 0.000 0.000 0.000 0.000 0.000 0.000 0.000 0.000 0.000 0.000 0.181 0.199 0.611 0.817 0.737 2.026 1.811 1.281 1.400 2.832 1.831 2.321 3.260 2.739 0.691 1.490 0.000 0.948 1.116 1.084 2.039 3.442 2.209 2.453 2.104 2.223 0.956 0.000 -999.250 -999.250 -999.250 -999.250 -999.250 -999.250 -999.250 -999.250 -999.250 -999.250 -999.250 -999.250 -999.250 -999.250 -999.250 -999.250 -999.250 -999.250 -999.250 -999.250 -999.250 -999.250 -999.250 -999.250 -999.250
0.000 0.000 0.000 0.000 0.397 0.204 0.225 0.000 0.000 0.000 0.000 0.000 0.000 0.000 0.000 0.000 0.000 0.253 0.393 0.384 0.123 0.248 0.564 0.000 0.000 0.635 1.084 1.489 2.086 2.608 1.837 1.507 0.609 0.364 0.290 1.132 0.905 1.525 2.047 1.049 1.378 1.097 0.934 0.884 0.000 0.000 -999.250 -999.250 -999.250 -999.250 -999.250 -999.250 -999.250 -999.250 -999.250 -999.250 -999.250 -999.250 -999.250 -999.250 -999.250 -999.250 -999.250 -999.250 -999.250 -999.250 -999.250 -999.250 -999.250 -999.250
0.000 0.000 0.000 0.000 0.051 0.000 0.000 0.000 0.000 0.000 0.000 0.000 0.000 0.000 0.000 0.000 0.000 0.000 0.145 0.061 0.072 0.000 0.000 0.000 0.000 0.000 0.666 2.195 1.015 2.008 1.584 0.221 0.420 0.000 0.000 0.000 0.070 0.292 1.680 1.399 1.777 1.281 0.845 0.000 0.000 0.000 0.000 -999.250 -999.250 -999.250 -999.250 -999.250 -999.250 -999.250 -999.250 -999.250 -999.250 -999.250 -999.250 -999.250 -999.250 -999.250 -999.250 -999.250 -999.250 -999.250 -999.250 -999.250 -999.250 -999.250
0.000 0.000 0.000 0.000 0.000 0.000 0.000 0.000 0.000 0.000 0.000 0.000 0.000 0.000 0.000 0.000 0.000 0.000 0.000 0.005 0.000 0.000 0.000 0.000 0.000 0.000 0.456 1.618 1.528 0.170 0.000 0.100 0.000 0.000 0.000 0.000 0.000 0.589 0.653 0.186 0.195 1.081 0.697 0.000 0.000 0.000 -999.250 -999.250 -999.250 -999.250 -999.250 -999.250 -999.250 -999.250 -999.250 -999.250 -999.250 -999.250 -999.250 -999.250 -999.250 -999.250 -999.250 -999.250 -999.250 -999.250 -999.250 -999.250 -999.250 -999.250
0.000 0.000 0.000 0.000 0.000 0.000 0.000 0.000 0.000 0.000 0.000 0.000 0.000 0.000 0.000 0.000 0.000 0.000 0.000 0.000 0.000 0.000 0.000 0.000 0.000 0.000 0.980 0.614 0.724 0.600 0.028 0.000 0.000 0.000 0.000 0.000 0.000 0.412 0.066 0.091 0.177 0.000 0.000 0.000 0.000 0.000 0.000 -999.250 -999.250 -999.250 -999.250 -999.250 -999.250 -999.250 -999.250 -999.250 -999.250 -999.250 -999.250 -999.250 -999.250 -999.250 -999.250 -999.250 -999.250 -999.250 -999.250 -999.250 -999.250 -999.250
0.000 0.000 0.000 0.000 0.000 0.000 0.000 0.225 0.000 0.000 0.000 0.000 0.000 0.000 0.000 0.000 0.000 0.000 0.000 0.000 0.000 0.000 0.000 0.000 0.252 0.173 0.653 1.089 0.941 0.794 0.667 0.207 0.000 0.000 0.000 0.000 0.000 0.000 0.000 0.000 1.715 0.000 0.000 0.000 0.000 -999.250 -999.250 -999.250 -999.250 -999.250 -999.250 -999.250 -999.250 -999.250 -999.250 -999.250 -999.250 -999.250 -999.250 -999.250 -999.250 -999.250 -999.250 -999.250 -999.250 -999.250 -999.250 -999.250 -999.250 -999.250
0.000 0.000 0.000 0.000 0.000 0.000 0.000 0.000 0.000 0.000 0.000 0.000 0.000 0.000 0.000 0.000 0.000 0.000 0.000 0.000 0.000 0.000 0.000 0.000 0.000 0.696 0.162 0.274 0.000 0.000 0.109 0.270 0.000 0.000 0.000 0.000 0.000 0.035 0.000 0.000 0.430 0.000 0.000 0.000 -999.250 -999.250 -999.250 -999.250 -999.250 -999.250 -999.250 -999.250 -999.250 -999.250 -999.250 -999.250 -999.250 -999.250 -999.250 -999.250 -999.250 -999.250 -999.250 -999.250 -999.250 -999.250 -999.250 -999.250 -999.250 -999.250
0.000 0.000 0.000 0.000 0.000 0.000 0.000 0.000 0.000 0.000 0.000 0.000 0.000 0.000 0.000 0.000 0.000 0.000 0.000 0.000 0.000 0.000 0.000 0.609 0.004 0.491 0.623 0.270 0.146 0.265 1.554 0.159 0.021 0.000 0.000 0.000 0.000 0.000 0.000 0.174 0.101 0.000 0.000 0.000 -999.250 -999.250 -999.250 -999.250 -999.250 -999.250 -999.250 -999.250 -999.250 -999.250 -999.250 -999.250 -999.250 -999.250 -999.250 -999.250 -999.250 -999.250 -999.250 -999.250 -999.250 -999.250 -999.250 -999.250 -999.250 -999.250
0.000 0.000 0.000 0.000 0.000 0.000 0.000 0.000 0.000 0.000 0.000 0.000 0.000 0.000 0.000 0.000 0.000 0.000 0.000 0.000 0.644 0.000 0.216 0.753 0.000 0.415 0.566 0.259 0.268 0.242 0.032 0.682 0.000 0.000 0.000 0.000 0.000 0.000 0.000 0.000 0.000 0.000 0.000 -999.250 -999.250 -999.250 -999.250 -999.250 -999.250 -999.250 -999.250 -999.250 -999.250 -999.250 -999.250 -999.250 -999.250 -999.250 -999.250 -999.250 -999.250 -999.250 -999.250 -999.250 -999.250 -999.250 -999.250 -999.250 -999.250 -999.250
0.522 0.000 0.000 0.000 0.000 0.000 0.000 0.000 0.000 0.000 0.000 0.000 0.000 0.000 0.000 0.000 0.000 0.000 0.000 0.000 0.000 0.024 1.373 0.467 0.734 0.892 0.690 0.392 1.450 1.107 0.724 0.000 0.000 0.000 0.000 0.000 0.000 0.000 0.000 -999.250 -999.250 -999.250 -999.250 -999.250 -999.250 -999.250 -999.250 -999.250 -999.250 -999.250 -999.250 -999.250 -999.250 -999.250 -999.250 -999.250 -999.250 -999.250 -999.250 -999.250 -999.250 -999.250 -999.250 -999.250 -999.250 -999.250 -999.250 -999.250 -999.250 -999.250
1.324 1.606 0.000 0.000 0.000 0.000 0.000 0.000 0.000 0.000 0.000 0.000 0.000 0.000 0.000 0.000 0.000 0.000 0.000 0.000 0.000 0.000 0.425 0.000 0.683 1.481 1.680 0.479 0.108 1.801 1.696 0.000 0.000 0.000 0.000 0.000 0.000 -999.250 -999.250 -999.250 -999.250 -999.250 -999.250 -999.250 -999.250 -999.250 -999.250 -999.250 -999.250 -999.250 -999.250 -999.250 -999.250 -999.250 -999.250 -999.250 -999.250 -999.250 -999.250 -999.250 -999.250 -999.250 -999.250 -999.250 -999.250 -999.250 -999.250 -999.250 -999.250 -999.250
1.807 1.413 0.167 1.060 0.460 0.000 0.000 0.000 0.000 0.000 0.000 0.000 0.000 0.000 0.000 0.000 0.000 0.000 0.000 0.000 0.000 0.084 1.094 0.546 0.919 1.082 1.562 1.560 0.459 1.027 1.013 0.000 0.000 0.000 0.000 0.032 0.000 -999.250 -999.250 -999.250 -999.250 -999.250 -999.250 -999.250 -999.250 -999.250 -999.250 -999.250 -999.250 -999.250 -999.250 -999.250 -999.250 -999.250 -999.250 -999.250 -999.250 -999.250 -999.250 -999.250 -999.250 -999.250 -999.250 -999.250 -999.250 -999.250 -999.250 -999.250 -999.250 -999.250
1.725 0.549 0.081 1.022 1.278 0.161 0.229 1.400 0.727 0.000 0.774 0.000 0.000 0.000 0.000 0.000 0.000 0.000 0.010 0.016 0.744 1.327 0.139 0.589 1.823 0.491 1.367 1.636 1.357 1.433 0.641 0.086 0.000 0.000 0.000 0.000 0.000 -999.250 -999.250 -999.250 -999.250 -999.250 -999.250 -999.250 -999.250 -999.250 -999.250 -999.250 -999.250 -999.250 -999.250 -999.250 -999.250 -999.250 -999.250 -999.250 -999.250 -999.250 -999.250 -999.250 -999.250 -999.250 -999.250 -999.250 -999.250 -999.250 -999.250 -999.250 -999.250 -999.250
0.741 0.070 1.226 0.077 0.411 0.445 0.997 1.071 0.208 0.666 0.000 0.077 0.000 0.000 0.446 0.000 0.000 0.000 0.000 0.000 0.000 0.279 1.593 0.963 1.850 0.986 2.184 2.608 1.647 1.874 0.693 0.085 0.000 0.000 0.000 0.000 0.000 -999.250 -999.250 -999.250 -999.250 -999.250 -999.250 -999.250 -999.250 -999.250 -999.250 -999.250 -999.250 -999.250 -999.250 -999.250 -999.250 -999.250 -999.250 -999.250 -999.250 -999.250 -999.250 -999.250 -999.250 -999.250 -999.250 -999.250 -999.250 -999.250 -999.250 -999.250 -999.250 -999.250
0.018 0.000 1.028 1.390 1.664 0.228 1.492 0.123 1.284 0.524 0.300 0.249 0.605 0.569 0.980 0.187 0.000 0.000 0.000 0.000 0.000 0.274 0.276 1.043 0.671 0.786 1.802 1.414 2.362 0.438 1.751 0.246 0.000 0.000 0.000 0.000 0.000 -999.250 -999.250 -999.250 -999.250 -999.250 -999.250 -999.250 -999.250 -999.250 -999.250 -999.250 -999.250 -999.250 -999.250 -999.250 -999.250 -999.250 -999.250 -999.250 -999.250 -999.250 -999.250 -999.250 -999.250 -999.250 -999.250 -999.250 -999.250 -999.250 -999.250 -999.250 -999.250 -999.250
0.344 0.301 0.000 0.383 0.745 0.737 1.567 1.328 2.457 1.311 1.419 0.793 1.886 1.483 0.000 0.021 0.000 0.000 0.000 0.339 0.000 0.698 1.417 1.361 1.135 2.267 1.750 2.124 1.427 1.125 1.549 0.299 0.000 0.000 0.000 0.000 0.000 -999.250 -999.250 -999.250 -999.250 -999.250 -999.250 -999.250 -999.250 -999.250 -999.250 -999.250 -999.250 -999.250 -999.250 -999.250 -999.250 -999.250 -999.250 -999.250 -999.250 -999.250 -999.250 -999.250 -999.250 -999.250 -999.250 -999.250 -999.250 -999.250 -999.250 -999.250 -999.250 -999.250
0.000 0.000 0.000 0.000 0.420 0.974 1.426 0.608 1.274 0.542 1.490 2.045 1.559 1.271 1.083 1.083 1.051 0.293 2.138 1.262 0.817 1.569 2.075 2.228 0.799 2.734 2.017 1.034 1.024 1.580 0.867 0.000 0.790 0.000 0.000 0.191 0.038 0.217 0.000 -999.250 -999.250 -999.250 -999.250 -999.250 -999.250 -999.250 -999.250 -999.250 -999.250 -999.250 -999.250 -999.250 -999.250 -999.250 -999.250 -999.250 -999.250 -999.250 -999.250 -999.250 -999.250 -999.250 -999.250 -999.250 -999.250 -999.250 -999.250 -999.250 -999.250 -999.250
0.000 0.000 0.000 0.021 1.337 0.649 0.394 0.670 1.047 0.513 0.089 0.325 1.253 1.411 1.785 0.230 1.080 2.361 3.530 1.808 2.779 1.836 2.149 1.353 1.207 2.604 1.826 2.240 0.862 1.491 0.000 0.000 0.111 0.006 1.656 0.956 0.000 0.000 0.000 0.000 0.000 -999.250 -999.250 -999.250 -999.250 -999.250 -999.250 -999.250 -999.250 -999.250 -999.250 -999.250 -999.250 -999.250 -999.250 -999.250 -999.250 -999.250 -999.250 -999.250 -999.250 -999.250 -999.250 -999.250 -999.250 -999.250 -999.250 -999.250 -999.250 -999.250
0.000 0.000 0.000 0.813 0.376 1.534 2.140 1.068 0.246 0.000 0.000 0.900 1.875 1.222 1.513 1.341 2.146 2.019 3.401 2.279 2.029 1.694 1.502 2.582 2.346 1.200 2.419 1.769 1.817 1.285 1.509 2.676 1.413 1.717 1.688 1.950 0.160 0.770 0.140 0.000 0.000 -999.250 -999.250 -999.250 -999.250 -999.250 -999.250 -999.250 -999.250 -999.250 -999.250 -999.250 -999.250 -999.250 -999.250 -999.250 -999.250 -999.250 -999.250 -999.250 -999.250 -999.250 -999.250 -999.250 -999.250 -999.250 -999.250 -999.250 -999.250 -999.250
0.069 0.704 0.000 0.956 0.806 1.838 1.470 1.082 0.048 1.212 0.605 2.434 1.276 2.264 2.015 0.600 0.839 1.719 2.383 3.333 2.527 1.501 2.191 0.792 1.302 1.466 2.997 2.633 1.278 1.351 1.595 1.983 2.212 2.735 2.689 1.322 0.449 0.888 0.386 0.000 0.000 0.000 -999.250 -999.250 -999.250 -999.250 -999.250 -999.250 -999.250 -999.250 -999.250 -999.250 -999.250 -999.250 -999.250 -999.250 -999.250 -999.250 -999.250 -999.250 -999.250 -999.250 -999.250 -999.250 -999.250 -999.250 -999.250 -999.250 -999.250 -999.250
0.752 0.000 1.114 1.044 0.942 0.035 0.383 0.581 0.401 0.729 0.194 0.297 1.351 2.246 1.743 0.138 2.336 2.041 1.660 1.872 1.182 1.003 2.176 1.408 1.150 2.396 1.427 1.893 0.925 1.278 1.787 2.534 2.450 1.879 2.473 2.291 1.883 1.437 0.057 0.000 0.000 0.049 0.000 -999.250 -999.250 -999.250 -999.250 -999.250 -999.250 -999.250 -999.250 -999.250 -999.250 -999.250 -999.250 -999.250 -999.250 -999.250 -999.250 -999.250 -999.250 -999.250 -999.250 -999.250 -999.250 -999.250 -999.250 -999.250 -999.250 -999.250
0.000 0.000 0.000 1.117 0.756 0.000 0.764 0.965 0.031 0.249 0.127 0.378 1.048 1.425 1.633 1.838 2.624 1.878 0.836 0.342 0.593 1.017 2.511 1.346 1.420 3.524 1.586 1.569 1.300 1.560 1.423 1.966 1.539 1.859 1.495 2.379 1.436 1.559 0.479 0.481 0.000 0.000 0.000 -999.250 -999.250 -999.250 -999.250 -999.250 -999.250 -999.250 -999.250 -999.250 -999.250 -999.250 -999.250 -999.250 -999.250 -999.250 -999.250 -999.250 -999.250 -999.250 -999.250 -999.250 -999.250 -999.250 -999.250 -999.250 -999.250 -999.250
0.000 0.000 0.759 0.000 0.000 0.121 0.000 0.203 0.262 0.148 0.443 0.366 1.143 0.862 2.181 1.439 2.932 1.544 0.796 0.745 1.478 1.010 1.253 0.966 1.391 1.745 2.334 1.543 1.939 2.414 2.430 1.601 1.779 1.321 1.411 1.831 0.079 0.686 1.290 0.765 0.769 0.050 0.063 0.000 -999.250 -999.250 -999.250 -999.250 -999.250 -999.250 -999.250 -999.250 -999.250 -999.250 -999.250 -999.250 -999.250 -999.250 -999.250 -999.250 -999.250 -999.250 -999.250 -999.250 -999.250 -999.250 -999.250 -999.250 -999.250 -999.250
0.000 0.009 0.000 0.000 0.000 0.000 0.000 0.589 0.101 0.014 1.589 1.636 0.177 1.952 1.454 1.521 0.950 1.475 0.829 2.615 1.413 2.236 2.721 1.603 1.779 2.000 1.581 1.746 2.675 1.804 1.865 1.235 0.725 1.817 1.419 1.337 0.085 1.183 0.877 0.874 1.070 1.156 0.735 -999.250 -999.250 -999.250 -999.250 -999.250 -999.250 -999.250 -999.250 -999.250 -999.250 -999.250 -999.250 -999.250 -999.250 -999.250 -999.250 -999.250 -999.250 -999.250 -999.250 -999.250 -999.250 -999.250 -999.250 -999.250 -999.250 -999.250
0.000 0.000 0.000 0.000 0.000 0.000 0.083 0.124 0.532 0.057 1.439 2.319 0.631 0.550 1.528 0.940 1.200 1.280 0.613 2.542 1.617 1.254 2.716 3.119 2.763 2.396 1.493 1.303 2.530 0.727 1.016 0.565 1.561 1.670 1.016 0.613 1.407 1.505 2.197 1.979 1.569 1.857 0.274 -999.250 -999.250 -999.250 -999.250 -999.250 -999.250 -999.250 -999.250 -999.250 -999.250 -999.250 -999.250 -999.250 -999.250 -999.250 -999.250 -999.250 -999.250 -999.250 -999.250 -999.250 -999.250 -999.250 -999.250 -999.250 -999.250 -999.250
0.000 0.000 0.000 0.000 0.000 0.000 1.269 0.225 0.327 0.558 1.283 2.901 1.061 1.137 1.579 1.016 2.210 0.415 1.927 2.056 1.187 1.168 2.406 2.242 2.484 2.452 2.171 0.929 0.441 0.033 0.491 0.242 0.515 0.619 1.281 1.448 0.947 2.180 2.967 1.101 1.437 1.632 0.934 -999.250 -999.250 -999.250 -999.250 -999.250 -999.250 -999.250 -999.250 -999.250 -999.250 -999.250 -999.250 -999.250 -999.250 -999.250 -999.250 -999.250 -999.250 -999.250 -999.250 -999.250 -999.250 -999.250 -999.250 -999.250 -999.250 -999.250
0.000 0.000 0.000 0.000 0.548 0.176 1.035 0.963 0.865 0.322 0.877 2.079 0.329 0.897 2.262 1.611 0.023 1.886 0.979 1.285 0.913 2.007 2.547 2.021 1.602 1.304 0.562 0.400 0.068 0.000 0.027 0.000 0.000 0.292 0.454 2.045 1.082 2.917 2.478 2.701 1.809 0.496 1.422 -999.250 -999.250 -999.250 -999.250 -999.250 -999.250 -999.250 -999.250 -999.250 -999.250 -999.250 -999.250 -999.250 -999.250 -999.250 -999.250 -999.250 -999.250 -999.250 -999.250 -999.250 -999.250 -999.250 -999.250 -999.250 -999.250 -999.250
0.000 0.000 0.000 0.000 0.000 0.044 0.309 1.755 0.703 0.116 1.683 0.273 0.744 0.639 1.271 0.348 0.000 1.658 1.211 1.886 1.256 0.815 1.770 1.466 0.660 0.064 0.216 1.037 0.000 0.000 0.000 0.000 0.000 0.739 1.818 2.735 2.676 2.196 2.649 2.827 2.110 0.995 -999.250 -999.250 -999.250 -999.250 -999.250 -999.250 -999.250 -999.250 -999.250 -999.250 -999.250 -999.250 -999.250 -999.250 -999.250 -999.250 -999.250 -999.250 -999.250 -999.250 -999.250 -999.250 -999.250 -999.250 -999.250 -999.250 -999.250 -999.250
