data/medianmodel_24-Jan-2021.asc
ncols	141
nrows	288
xllcorner	-120191.398
yllcorner	-301404.813
cellsize	2000.000
NODATA_value	-999.250
[rows 0 to 27 of 288, columns 63 to 125 of 141]
-999.250 -999.250 -999.250 -999.250 -999.250 -999.250 -999.250 -999.250 -999.250 -999.250 -999.250 -999.250 -999.250 -999.250 -999.250 -999.250 -999.250 -999.250 -999.250 -999.250 -999.250 -999.250 -999.250 -999.250 -999.250 -999.250 -999.250 -999.250 -999.250 -999.250 -999.250 -999.250 -999.250 -999.250 -999.250 -999.250 -999.250 -999.250 -999.250 -999.250 -999.250 -999.250 -999.250 -999.250 -999.250 -999.250 -999.250 -999.250 -999.250 -999.250 -999.250 -999.250 -999.250 -999.250 -999.250 -999.250 -999.250 -999.250 -999.250 -999.250 -999.250 -999.250 -999.250
-999.250 -999.250 -999.250 -999.250 -999.250 -999.250 -999.250 -999.250 -999.250 -999.250 -999.250 -999.250 -999.250 -999.250 -999.250 -999.250 -999.250 -999.250 -999.250 -999.250 -999.250 -999.250 -999.250 -999.250 -999.250 -999.250 -999.250 -999.250 -999.250 -999.250 -999.250 -999.250 -999.250 -999.250 -999.250 -999.250 -999.250 -999.250 -999.250 -999.250 -999.250 -999.250 -999.250 -999.250 -999.250 -999.250 -999.250 -999.250 -999.250 -999.250 -999.250 -999.250 -999.250 -999.250 -999.250 -999.250 -999.250 -999.250 -999.250 -999.250 -999.250 -999.250 -999.250
-999.250 -999.250 -999.250 -999.250 -999.250 -999.250 -999.250 -999.250 -999.250 -999.250 -999.250 -999.250 -999.250 -999.250 -999.250 -999.250 -999.250 -999.250 -999.250 -999.250 -999.250 -999.250 -999.250 -999.250 -999.250 -999.250 -999.250 -999.250 -999.250 -999.250 -999.250 -999.250 -999.250 -999.250 -999.250 -999.250 -999.250 -999.250 -999.250 -999.250 -999.250 -999.250 -999.250 -999.250 -999.250 -999.250 -999.250 -999.250 -999.250 -999.250 -999.250 -999.250 -999.250 -999.250 -999.250 -999.250 -999.250 -999.250 -999.250 -999.250 -999.250 -999.250 -999.250
-999.250 -999.250 -999.250 -999.250 -999.250 -999.250 -999.250 -999.250 -999.250 -999.250 -999.250 -999.250 -999.250 -999.250 -999.250 -999.250 -999.250 -999.250 -999.250 -999.250 -999.250 -999.250 -999.250 -999.250 -999.250 -999.250 -999.250 -999.250 -999.250 -999.250 -999.250 -999.250 -999.250 -999.250 -999.250 -999.250 -999.250 -999.250 -999.250 -999.250 -999.250 -999.250 -999.250 -999.250 -999.250 -999.250 -999.250 -999.250 -999.250 -999.250 -999.250 -999.250 -999.250 -999.250 -999.250 -999.250 -999.250 -999.250 -999.250 -999.250 -999.250 -999.250 -999.250
-999.250 -999.250 -999.250 -999.250 -999.250 -999.250 -999.250 -999.250 -999.250 -999.250 -999.250 -999.250 -999.250 -999.250 -999.250 -999.250 -999.250 -999.250 -999.250 -999.250 -999.250 -999.250 -999.250 -999.250 -999.250 -999.250 -999.250 -999.250 -999.250 -999.250 -999.250 -999.250 -999.250 -999.250 -999.250 -999.250 -999.250 -999.250 -999.250 -999.250 -999.250 -999.250 -999.250 -999.250 -999.250 -999.250 -999.250 -999.250 -999.250 -999.250 -999.250 -999.250 -999.250 -999.250 -999.250 -999.250 -999.250 -999.250 -999.250 -999.250 -999.250 -999.250 -999.250
-999.250 -999.250 -999.250 -999.250 -999.250 -999.250 -999.250 -999.250 -999.250 -999.250 -999.250 -999.250 -999.250 -999.250 -999.250 -999.250 -999.250 -999.250 -999.250 -999.250 -999.250 -999.250 -999.250 -999.250 -999.250 -999.250 -999.250 -999.250 -999.250 -999.250 -999.250 -999.250 -999.250 -999.250 -999.250 -999.250 -999.250 -999.250 -999.250 -999.250 -999.250 -999.250 -999.250 -999.250 -999.250 -999.250 -999.250 -999.250 -999.250 -999.250 -999.250 -999.250 -999.250 -999.250 -999.250 -999.250 -999.250 -999.250 -999.250 -999.250 -999.250 -999.250 -999.250
-999.250 -999.250 -999.250 -999.250 -999.250 -999.250 -999.250 -999.250 -999.250 -999.250 -999.250 -999.250 -999.250 -999.250 -999.250 -999.250 -999.250 -999.250 -999.250 -999.250 -999.250 -999.250 -999.250 -999.250 -999.250 -999.250 -999.250 -999.250 -999.250 -999.250 -999.250 -999.250 -999.250 -999.250 -999.250 -999.250 -999.250 -999.250 -999.250 -999.250 -999.250 -999.250 -999.250 -999.250 -999.250 -999.250 -999.250 -999.250 -999.250 -999.250 -999.250 -999.250 -999.250 -999.250 -999.250 -999.250 -999.250 -999.250 -999.250 -999.250 -999.250 -999.250 -999.250
-999.250 -999.250 -999.250 -999.250 -999.250 -999.250 -999.250 -999.250 -999.250 -999.250 -999.250 -999.250 -999.250 -999.250 -999.250 -999.250 -999.250 -999.250 -999.250 -999.250 -999.250 -999.250 -999.250 -999.250 -999.250 -999.250 -999.250 -999.250 -999.250 -999.250 -999.250 -999.250 -999.250 -999.250 -999.250 -999.250 -999.250 -999.250 -999.250 -999.250 -999.250 -999.250 -999.250 -999.250 -999.250 -999.250 -999.250 -999.250 -999.250 -999.250 -999.250 -999.250 -999.250 -999.250 -999.250 -999.250 -999.250 -999.250 -999.250 -999.250 -999.250 -999.250 -999.250
-999.250 -999.250 -999.250 -999.250 -999.250 -999.250 -999.250 -999.250 -999.250 -999.250 -999.250 -999.250 -999.250 -999.250 -999.250 -999.250 -999.250 -999.250 -999.250 -999.250 -999.250 -999.250 -999.250 -999.250 -999.250 -999.250 -999.250 -999.250 -999.250 -999.250 -999.250 -999.250 -999.250 -999.250 -999.250 -999.250 -999.250 -999.250 -999.250 -999.250 -999.250 -999.250 -999.250 -999.250 -999.250 -999.250 -999.250 -999.250 -999.250 -999.250 -999.250 1792.617 -999.250 -999.250 -999.250 -999.250 -999.250 -999.250 -999.250 -999.250 -999.250 -999.250 -999.250
-999.250 -999.250 -999.250 -999.250 -999.250 -999.250 -999.250 -999.250 -999.250 -999.250 -999.250 -999.250 -999.250 -999.250 -999.250 -999.250 -999.250 -999.250 -999.250 -999.250 -999.250 -999.250 -999.250 -999.250 -999.250 -999.250 -999.250 -999.250 -999.250 -999.250 -999.250 -999.250 -999.250 -999.250 -999.250 -999.250 1702.532 1804.422 1868.013 1907.133 -999.250 -999.250 -999.250 -999.250 1840.337 -999.250 -999.250 -999.250 -999.250 -999.250 -999.250 1866.975 1793.794 -999.250 -999.250 -999.250 -999.250 -999.250 -999.250 -999.250 -999.250 -999.250 -999.250
-999.250 -999.250 -999.250 -999.250 -999.250 -999.250 -999.250 -999.250 -999.250 -999.250 -999.250 -999.250 -999.250 -999.250 -999.250 -999.250 -999.250 -999.250 -999.250 -999.250 -999.250 -999.250 -999.250 -999.250 -999.250 -999.250 -999.250 -999.250 -999.250 -999.250 -999.250 -999.250 -999.250 -999.250 -999.250 -999.250 1736.936 1750.909 1877.541 1925.078 -999.250 -999.250 -999.250 1897.940 1859.080 1870.516 -999.250 -999.250 -999.250 -999.250 -999.250 1827.176 1790.917 1750.664 -999.250 -999.250 -999.250 -999.250 -999.250 -999.250 1566.483 1559.234 -999.250
-999.250 -999.250 -999.250 -999.250 -999.250 -999.250 -999.250 -999.250 -999.250 -999.250 -999.250 -999.250 -999.250 -999.250 -999.250 -999.250 -999.250 -999.250 -999.250 -999.250 -999.250 -999.250 -999.250 -999.250 -999.250 -999.250 -999.250 -999.250 -999.250 -999.250 -999.250 -999.250 -999.250 -999.250 -999.250 -999.250 1782.163 1773.176 1883.010 1856.330 2050.357 1915.858 1897.721 1862.754 1851.573 1788.294 1840.383 1848.363 1849.798 1882.275 1851.159 1802.029 1788.677 1712.631 1676.331 1693.303 1655.611 1691.054 1662.780 1599.253 1566.061 1503.231 -999.250
-999.250 -999.250 -999.250 -999.250 -999.250 -999.250 1937.446 -999.250 -999.250 -999.250 -999.250 -999.250 -999.250 -999.250 -999.250 -999.250 -999.250 -999.250 -999.250 -999.250 -999.250 -999.250 -999.250 -999.250 -999.250 -999.250 -999.250 -999.250 -999.250 -999.250 -999.250 -999.250 -999.250 -999.250 -999.250 -999.250 1687.578 1655.607 1826.051 1904.026 1947.050 1853.246 1864.951 1888.364 1921.981 1832.069 1865.149 1898.645 1854.031 1821.287 1807.869 1825.680 1761.729 1784.182 1696.143 1639.574 1653.321 1565.480 1533.905 1610.544 1496.035 1449.667 -999.250
-999.250 -999.250 -999.250 -999.250 -999.250 -999.250 1911.787 -999.250 -999.250 -999.250 -999.250 -999.250 -999.250 -999.250 1680.421 -999.250 -999.250 -999.250 -999.250 -999.250 -999.250 -999.250 -999.250 -999.250 -999.250 -999.250 -999.250 -999.250 -999.250 -999.250 -999.250 -999.250 -999.250 -999.250 -999.250 -999.250 1646.084 1665.994 1770.156 1807.608 1766.689 1826.166 1814.445 1862.626 1896.610 1856.985 1921.725 1849.860 1839.835 1809.476 1815.849 1795.238 1840.228 1837.343 1693.974 1629.016 1580.714 1482.520 1524.220 1499.716 1431.319 1416.123 -999.250
-999.250 -999.250 -999.250 -999.250 -999.250 -999.250 1859.609 -999.250 -999.250 -999.250 -999.250 1794.311 1742.911 1639.667 1700.188 1644.548 -999.250 -999.250 -999.250 -999.250 -999.250 -999.250 -999.250 -999.250 -999.250 -999.250 -999.250 -999.250 -999.250 -999.250 -999.250 -999.250 -999.250 -999.250 -999.250 -999.250 1573.327 1682.243 1702.986 1738.131 1761.336 1822.870 1830.902 1863.097 1845.285 1824.494 1849.901 1797.776 1808.661 1821.091 1846.938 1762.918 1824.693 1814.226 1719.151 1581.055 1489.369 1431.660 1394.742 1397.905 1351.259 1319.804 1297.011
-999.250 -999.250 -999.250 1931.454 1941.041 1951.963 1838.772 -999.250 -999.250 1831.742 1878.783 1789.300 1749.992 1749.739 1783.363 1795.055 1712.907 1681.345 1664.030 -999.250 -999.250 -999.250 -999.250 -999.250 -999.250 -999.250 -999.250 -999.250 -999.250 -999.250 -999.250 -999.250 -999.250 1501.152 1512.798 1609.842 1578.342 1718.009 1722.395 1684.160 1699.849 1777.696 1842.163 1891.788 1870.480 1887.928 1839.442 1825.829 1837.182 1821.242 1782.340 1745.552 1746.537 1714.503 1637.117 1542.804 1435.894 1454.712 1408.351 1396.932 1379.748 1316.172 1285.039
-999.250 -999.250 1966.547 1953.836 1905.568 1842.033 1874.014 -999.250 1799.132 1870.689 1836.909 1819.671 1773.595 1824.071 1863.813 1794.160 1726.340 1766.646 -999.250 -999.250 -999.250 -999.250 -999.250 1378.181 1329.832 -999.250 -999.250 -999.250 1289.124 -999.250 -999.250 1317.767 1362.927 1443.710 1510.226 1529.660 1546.744 1633.046 1679.749 1679.272 1762.329 1799.677 1842.306 1883.647 1857.304 1842.332 1821.341 1773.075 1795.307 1740.762 1775.475 1716.816 1680.564 1624.981 1558.710 1503.997 1444.560 1378.124 1366.711 1328.050 1305.483 1276.182 1343.246
-999.250 -999.250 1868.699 1874.481 1823.502 1798.085 1859.641 1812.052 1760.621 1828.813 1844.991 1817.733 1885.310 1836.401 1802.272 1866.070 1794.532 1777.809 -999.250 -999.250 1686.016 1535.620 1463.587 1276.753 1271.820 1253.430 -999.250 1273.236 1267.323 1278.652 1308.915 1329.360 1390.930 1445.743 1465.322 1536.180 1599.532 1638.211 1630.759 1679.774 1742.572 1814.944 1844.207 1923.573 1858.730 1847.245 1809.307 1740.100 1736.459 1698.237 1682.349 1614.962 1579.244 1571.341 1484.810 1471.693 1401.316 1289.950 1256.054 1192.449 1239.591 1260.004 1276.367
1859.328 1797.505 1828.169 1789.523 1788.931 1760.156 1805.143 1767.057 1807.923 1794.348 1793.480 1903.887 1921.514 1927.610 1988.243 2001.594 1903.111 1864.926 1857.849 1800.958 1689.340 1559.802 1431.638 1313.826 1237.266 1258.605 1222.657 1239.612 1244.412 1275.686 1305.299 1340.116 1390.402 1435.922 1432.352 1483.949 1540.805 1560.089 1563.109 1616.624 1705.789 1722.101 1777.809 1852.632 1801.335 1777.759 1722.779 1715.584 1707.462 1681.137 1616.633 1560.175 1558.335 1510.624 1441.453 1393.697 1330.687 1302.022 1240.932 1178.854 1170.269 1129.134 1202.990
1855.365 1797.231 1807.876 1751.096 1750.957 1739.812 1715.914 1744.943 1752.711 1755.878 1851.050 1943.216 2031.275 2032.766 2248.040 2250.589 2063.336 2145.789 2087.121 1900.580 1815.885 1618.996 1487.105 1364.317 1213.754 1199.229 1143.720 1149.098 1188.019 1273.450 1308.683 1352.620 1359.677 1436.483 1427.078 1470.409 1519.381 1563.330 1542.537 1584.615 1695.683 1663.929 1751.712 1787.778 1748.766 1763.408 1719.283 1658.411 1591.239 1514.969 1541.465 1520.588 1472.148 1475.332 1411.353 1372.871 1316.863 1258.343 1140.781 1176.604 1160.213 1162.179 1094.187
1824.090 1832.092 1824.837 1754.758 1800.559 1735.155 1754.766 1700.919 1696.771 1770.774 1888.137 1956.246 2144.158 2273.545 2493.612 2496.837 2409.114 2283.837 2200.943 2090.428 1899.666 1711.422 1504.384 1337.058 1181.966 1130.106 1111.691 1166.101 1170.074 1274.044 1277.168 1381.936 1369.190 1416.463 1464.580 1549.821 1518.334 1472.571 1529.479 1550.225 1547.938 1561.217 1631.839 1600.865 1627.343 1615.042 1639.832 1536.799 1534.018 1517.225 1485.003 1513.134 1458.426 1416.444 1355.580 1310.224 1219.102 1166.702 1084.655 1052.999 1118.188 1048.059 -999.250
1822.666 1800.608 1789.603 1813.129 1769.179 1755.758 1728.916 1735.801 1622.763 1772.158 1904.881 2175.539 2315.524 2409.341 2583.738 2680.361 2504.293 2507.548 2282.689 2318.174 1930.985 1706.995 1511.240 1333.166 1103.119 1134.170 1165.551 1178.355 1171.754 1223.727 1304.257 1326.261 1331.765 1350.001 1376.914 1432.522 1469.833 1547.170 1550.007 1480.297 1502.125 1565.224 1570.104 1506.240 1533.009 1559.334 1521.886 1455.149 1551.941 1460.576 1409.001 1435.272 1464.747 1412.635 1329.882 1263.717 1203.134 1127.623 1085.252 1034.077 1000.377 1001.682 -999.250
1785.440 1828.634 1792.970 1805.011 1832.988 1762.368 1773.297 1768.650 1813.832 1938.900 2085.335 2325.845 2448.717 2596.243 2808.002 2772.113 2759.400 2713.400 2460.873 2267.721 2064.872 1812.486 1617.392 1404.173 1261.293 1210.868 1196.614 1189.454 1249.247 1247.984 1275.522 1317.040 1319.215 1379.758 1375.785 1359.271 1425.009 1475.799 1462.888 1493.576 1482.781 1470.342 1471.200 1478.240 1496.633 1473.784 1425.689 1433.615 1443.663 1455.715 1434.604 1371.657 1365.560 1355.932 1245.383 1189.672 1156.326 1035.011 1037.300 994.203 965.646 880.864 -999.250
1809.854 1832.867 1872.196 1801.883 1810.782 1816.651 1829.291 1863.622 1947.139 2135.514 2222.202 2363.015 2472.874 2671.077 2828.428 3005.753 2945.212 2873.728 2646.889 2332.198 2059.071 1886.748 1711.637 1506.553 1334.782 1285.360 1255.060 1222.259 1286.552 1294.057 1289.010 1294.387 1343.242 1376.841 1437.804 1407.795 1446.030 1424.304 1396.439 1398.434 1495.546 1480.580 1403.628 1375.492 1440.815 1413.333 1435.150 1407.391 1437.185 1417.001 1380.944 1364.812 1338.197 1245.395 1208.463 1134.851 1089.320 1069.178 993.891 941.554 905.992 837.292 -999.250
1802.005 1808.081 1822.635 1855.288 1836.255 1825.530 1879.262 1947.678 1996.384 2250.683 2365.638 2465.334 2617.690 2777.614 2891.540 3069.777 3361.345 2963.617 2687.313 2446.480 2089.047 1886.967 1820.736 1622.103 1423.166 1352.707 1304.518 1331.246 1303.642 1336.870 1337.236 1324.922 1315.041 1376.294 1448.016 1442.754 1475.065 1519.323 1493.141 1433.944 1433.620 1415.434 1418.991 1415.707 1396.637 1391.484 1377.955 1371.628 1377.537 1394.332 1354.027 1324.215 1292.102 1214.751 1218.728 1083.929 1054.013 927.589 976.672 883.396 877.357 835.397 -999.250
1830.128 1758.486 1838.582 1799.617 1792.648 1875.490 1900.494 1978.308 2044.025 2343.688 2463.672 2607.265 2556.793 2783.155 2947.401 3151.532 3061.297 2914.808 2687.944 2340.212 2087.454 1948.706 1780.612 1702.689 1530.461 1470.324 1381.383 1376.414 1428.121 1411.532 1363.182 1359.336 1303.787 1367.724 1370.813 1446.621 1443.342 1441.252 1428.271 1427.994 1430.106 1347.102 1349.527 1384.208 1368.348 1378.858 1359.934 1331.395 1297.545 1355.743 1369.996 1305.419 1229.556 1206.182 1122.852 1096.496 1014.604 993.934 921.596 900.492 837.731 838.104 741.278
1825.115 1839.613 1804.884 1756.108 1830.016 1852.200 1918.317 2070.112 2241.594 2285.495 2435.893 2502.187 2624.884 2727.482 2855.612 2985.097 2875.073 2748.157 2583.757 2250.980 2062.576 1862.168 1795.842 1696.837 1558.952 1501.371 1438.013 1462.239 1433.871 1394.702 1377.842 1360.993 1330.406 1344.583 1399.756 1426.889 1412.226 1422.583 1435.401 1353.258 1366.195 1322.050 1347.418 1298.817 1322.961 1304.426 1297.351 1267.048 1263.502 1261.934 1296.567 1292.267 1233.410 1166.932 1097.984 1107.519 1036.988 958.053 911.918 835.650 832.704 754.659 708.450
1925.143 1814.646 1771.203 1761.363 1833.557 1875.851 2025.367 2174.089 2271.151 2387.738 2330.613 2394.902 2494.075 2713.254 2699.203 2694.557 2592.240 2631.670 2416.420 2208.185 2041.549 1821.765 1742.106 1711.981 1517.527 1497.128 1479.758 1465.995 1466.379 1408.765 1397.065 1329.482 1399.812 1436.036 1416.697 1373.620 1404.763 1425.666 1385.733 1385.545 1334.944 1283.378 1299.071 1279.245 1289.122 1258.428 1241.429 1267.402 1225.128 1248.867 1199.324 1220.882 1230.352 1219.628 1066.486 1092.601 1035.382 1018.388 961.827 845.842 789.248 788.059 745.399
