data/medianmodel_22-Feb-2021.asc
ncols	141
nrows	288
xllcorner	-120191.398
yllcorner	-301404.813
cellsize	2000.000
NODATA_value	-999.250
[rows 116 to 144 of 288, columns 65 to 129 of 141]
325.029 284.511 247.767 219.254 202.003 176.299 167.343 150.571 139.549 132.254 132.219 121.343 123.538 114.058 113.183 110.174 99.894 94.901 91.191 97.400 104.638 109.530 123.793 144.908 159.251 169.630 179.781 194.782 195.839 186.490 208.599 218.429 222.632 225.089 233.897 239.310 242.677 245.474 238.258 255.680 255.905 256.377 245.425 244.564 249.936 275.932 255.421 256.488 -999.250 -999.250 -999.250 -999.250 -999.250 -999.250 -999.250 -999.250 -999.250 -999.250 -999.250 -999.250 -999.250 -999.250 -999.250 -999.250 -999.250
311.025 283.291 242.691 212.662 200.145 180.407 162.438 139.761 132.894 127.832 122.136 112.345 109.960 107.980 95.313 86.004 82.614 72.603 68.979 76.309 78.773 89.617 108.942 123.675 134.643 143.045 144.395 164.085 164.844 170.352 182.563 192.388 186.027 208.396 205.679 216.296 220.230 215.255 223.581 226.962 231.274 236.774 239.306 244.941 247.813 248.314 244.081 250.369 -999.250 -999.250 -999.250 -999.250 -999.250 -999.250 -999.250 -999.250 -999.250 -999.250 -999.250 -999.250 -999.250 -999.250 -999.250 -999.250 -999.250
313.465 267.567 228.873 203.798 183.684 171.002 159.788 139.808 129.852 125.951 112.195 105.183 101.481 95.397 82.989 78.721 65.362 57.113 59.109 68.256 74.528 77.345 95.781 110.718 121.231 128.899 126.436 140.694 138.143 149.114 153.844 165.855 167.795 184.255 176.130 173.214 197.939 196.966 206.315 203.950 201.624 222.928 225.480 240.225 225.073 237.510 225.079 236.008 225.020 -999.250 -999.250 -999.250 -999.250 -999.250 -999.250 -999.250 -999.250 -999.250 -999.250 -999.250 -999.250 -999.250 -999.250 -999.250 -999.250
307.990 245.265 217.552 196.957 181.963 167.896 149.641 133.002 127.074 109.997 107.532 91.042 80.136 75.795 66.553 62.609 56.454 49.624 47.391 49.206 52.844 65.969 70.938 86.495 110.972 115.006 116.571 119.947 118.160 116.995 116.535 126.526 132.375 133.683 144.736 151.142 156.665 158.838 181.894 183.743 202.993 198.704 214.798 224.023 210.230 207.435 216.096 213.824 -999.250 -999.250 -999.250 -999.250 -999.250 -999.250 -999.250 -999.250 -999.250 -999.250 -999.250 -999.250 -999.250 -999.250 -999.250 -999.250 -999.250
265.815 241.069 218.154 181.302 178.970 163.969 143.562 123.004 113.780 106.658 97.772 80.572 68.394 65.689 61.697 54.937 45.016 36.128 33.293 39.834 42.482 51.519 69.761 79.704 104.378 95.360 97.041 104.214 97.546 98.674 103.543 97.795 109.044 110.920 116.272 121.922 126.001 138.563 137.774 157.553 179.586 188.630 201.140 199.563 199.842 207.230 197.401 199.947 -999.250 -999.250 -999.250 -999.250 -999.250 -999.250 -999.250 -999.250 -999.250 -999.250 -999.250 -999.250 -999.250 -999.250 -999.250 -999.250 -999.250
238.153 223.922 209.488 187.909 164.117 148.970 130.038 122.729 107.252 95.168 89.114 69.718 63.158 54.041 47.359 41.315 31.546 26.719 31.925 31.484 32.497 42.283 60.323 79.650 86.811 73.836 87.564 79.189 75.968 71.391 71.617 70.902 76.095 86.655 88.354 95.511 100.813 118.775 128.199 138.452 161.907 174.002 200.912 190.510 182.058 189.392 192.036 182.282 -999.250 -999.250 -999.250 -999.250 -999.250 -999.250 -999.250 -999.250 -999.250 -999.250 -999.250 -999.250 -999.250 -999.250 -999.250 -999.250 -999.250
222.767 216.913 195.046 168.957 158.306 139.916 124.989 114.493 111.979 95.234 79.908 63.606 52.900 47.765 39.873 28.995 26.334 26.210 25.333 22.547 21.648 35.841 54.205 58.710 66.229 68.584 72.740 68.103 64.048 59.524 58.311 55.988 57.643 66.494 65.161 68.824 84.652 103.361 114.349 123.308 141.292 147.259 169.839 166.679 177.727 178.906 165.984 176.577 -999.250 -999.250 -999.250 -999.250 -999.250 -999.250 -999.250 -999.250 -999.250 -999.250 -999.250 -999.250 -999.250 -999.250 -999.250 -999.250 -999.250
210.053 203.319 200.337 177.673 159.612 141.370 128.181 121.452 103.456 87.356 75.679 55.014 45.085 38.811 31.000 27.238 22.886 21.210 18.788 19.127 20.995 33.399 50.075 63.216 64.949 64.076 64.480 57.016 51.327 50.098 51.178 52.532 52.644 53.321 48.930 49.733 66.495 86.993 104.486 119.036 125.223 136.385 141.992 157.545 157.555 161.217 169.996 -999.250 -999.250 -999.250 -999.250 -999.250 -999.250 -999.250 -999.250 -999.250 -999.250 -999.250 -999.250 -999.250 -999.250 -999.250 -999.250 -999.250 -999.250
217.368 210.509 196.838 185.788 159.952 148.899 131.495 120.488 110.757 91.001 72.397 56.548 46.598 35.967 28.742 19.887 18.792 13.721 13.348 19.582 23.768 42.795 54.418 63.902 66.118 70.116 62.391 59.761 56.789 53.269 50.337 50.120 49.499 52.515 50.424 50.717 64.141 67.339 92.950 109.554 120.721 122.208 132.093 137.273 150.699 146.709 150.788 -999.250 -999.250 -999.250 -999.250 -999.250 -999.250 -999.250 -999.250 -999.250 -999.250 -999.250 -999.250 -999.250 -999.250 -999.250 -999.250 -999.250 -999.250
217.170 217.107 218.982 187.546 173.525 161.412 143.223 125.032 110.304 96.831 74.676 59.245 42.667 32.196 27.595 21.580 12.333 13.811 12.689 20.136 33.096 48.818 62.212 83.302 84.384 67.513 72.438 67.290 54.504 53.489 49.563 53.250 58.376 47.591 53.388 55.714 59.888 75.073 83.860 99.403 108.103 111.818 115.882 121.982 133.550 140.643 157.173 -999.250 -999.250 -999.250 -999.250 -999.250 -999.250 -999.250 -999.250 -999.250 -999.250 -999.250 -999.250 -999.250 -999.250 -999.250 -999.250 -999.250 -999.250
238.816 234.288 221.511 205.783 184.569 162.167 160.704 136.566 118.829 107.427 89.260 63.513 46.711 34.569 26.688 21.678 16.440 15.171 17.148 23.863 40.909 58.191 86.989 96.415 93.456 85.204 81.378 83.577 64.539 73.454 61.277 60.342 60.176 55.436 58.562 55.922 56.448 69.058 83.130 87.141 103.681 107.455 110.874 111.013 124.549 140.157 139.793 -999.250 -999.250 -999.250 -999.250 -999.250 -999.250 -999.250 -999.250 -999.250 -999.250 -999.250 -999.250 -999.250 -999.250 -999.250 -999.250 -999.250 -999.250
246.852 241.816 223.605 214.638 195.533 183.755 159.272 147.171 121.851 106.445 88.656 59.855 49.319 38.409 28.381 23.416 21.435 20.040 26.182 37.931 53.484 82.210 104.987 110.326 107.273 104.601 96.589 99.327 82.148 81.872 77.617 79.128 68.406 59.693 58.057 58.066 61.109 66.788 77.710 89.865 104.116 107.701 112.791 114.701 120.279 133.389 -999.250 -999.250 -999.250 -999.250 -999.250 -999.250 -999.250 -999.250 -999.250 -999.250 -999.250 -999.250 -999.250 -999.250 -999.250 -999.250 -999.250 -999.250 -999.250
261.175 244.948 229.990 220.627 207.298 185.738 163.844 149.355 131.367 112.770 93.696 76.414 51.904 33.927 28.583 26.127 23.640 22.903 25.220 43.935 64.352 90.847 110.188 125.031 114.530 109.631 107.232 104.379 87.428 91.722 87.548 90.106 71.000 68.620 61.948 61.017 63.158 66.429 70.355 82.194 91.081 103.346 109.959 116.719 113.323 -999.250 -999.250 -999.250 -999.250 -999.250 -999.250 -999.250 -999.250 -999.250 -999.250 -999.250 -999.250 -999.250 -999.250 -999.250 -999.250 -999.250 -999.250 -999.250 -999.250
269.745 252.172 245.061 233.686 213.234 193.562 174.136 149.958 131.337 116.075 95.885 66.849 45.351 36.464 24.942 23.196 20.952 25.194 33.406 51.910 66.878 97.041 112.413 120.562 119.298 117.027 119.146 111.782 105.095 100.188 98.450 86.966 86.583 81.124 68.321 65.565 65.852 62.859 63.068 81.166 84.182 82.857 102.851 100.097 -999.250 -999.250 -999.250 -999.250 -999.250 -999.250 -999.250 -999.250 -999.250 -999.250 -999.250 -999.250 -999.250 -999.250 -999.250 -999.250 -999.250 -999.250 -999.250 -999.250 -999.250
264.774 260.242 243.685 225.908 215.272 205.462 178.576 156.654 135.958 119.742 100.677 75.018 53.021 34.723 25.245 22.376 21.775 25.974 39.871 52.053 71.170 94.195 111.100 115.243 114.783 120.796 117.044 112.715 107.059 100.783 101.301 93.094 79.035 83.821 83.630 67.298 61.488 78.652 81.234 87.227 86.054 95.558 97.594 109.983 -999.250 -999.250 -999.250 -999.250 -999.250 -999.250 -999.250 -999.250 -999.250 -999.250 -999.250 -999.250 -999.250 -999.250 -999.250 -999.250 -999.250 -999.250 -999.250 -999.250 -999.250
260.669 260.606 244.656 230.065 223.875 207.204 184.940 160.815 140.783 116.982 96.356 66.680 46.137 43.610 26.565 23.349 21.118 23.823 34.481 56.139 71.207 90.964 102.136 103.451 115.763 116.510 119.395 107.845 102.242 102.704 100.801 89.291 82.801 71.973 81.353 76.554 72.923 85.185 81.457 88.501 89.821 102.920 99.838 107.940 -999.250 -999.250 -999.250 -999.250 -999.250 -999.250 -999.250 -999.250 -999.250 -999.250 -999.250 -999.250 -999.250 -999.250 -999.250 -999.250 -999.250 -999.250 -999.250 -999.250 -999.250
254.133 245.089 245.504 236.925 226.035 209.166 185.355 159.271 143.624 118.525 87.366 60.684 45.784 29.890 24.002 19.886 20.926 24.042 38.087 56.120 74.809 86.359 94.446 102.290 110.669 114.492 117.274 113.516 108.472 103.287 97.246 95.406 91.128 85.786 83.196 80.286 94.750 93.953 91.418 89.395 102.817 104.346 105.513 109.201 -999.250 -999.250 -999.250 -999.250 -999.250 -999.250 -999.250 -999.250 -999.250 -999.250 -999.250 -999.250 -999.250 -999.250 -999.250 -999.250 -999.250 -999.250 -999.250 -999.250 -999.250
237.837 230.111 237.431 237.173 232.940 206.891 189.472 157.099 131.372 116.962 93.915 59.057 44.573 25.744 19.717 15.641 18.354 25.029 43.995 61.972 66.749 81.422 86.949 93.563 95.260 106.362 109.897 109.745 102.309 96.568 90.507 97.676 97.956 93.271 92.414 92.349 98.026 93.419 104.760 105.516 107.651 109.632 118.107 -999.250 -999.250 -999.250 -999.250 -999.250 -999.250 -999.250 -999.250 -999.250 -999.250 -999.250 -999.250 -999.250 -999.250 -999.250 -999.250 -999.250 -999.250 -999.250 -999.250 -999.250 -999.250
237.050 230.215 223.614 220.591 218.549 201.107 169.740 150.025 128.377 106.756 77.623 52.887 29.609 21.863 8.614 6.178 21.591 26.317 41.851 63.404 67.088 74.232 93.032 97.435 94.902 103.506 108.087 107.103 101.321 94.165 96.092 101.445 87.741 101.145 90.443 89.011 97.932 91.107 101.119 106.319 111.838 123.639 124.148 -999.250 -999.250 -999.250 -999.250 -999.250 -999.250 -999.250 -999.250 -999.250 -999.250 -999.250 -999.250 -999.250 -999.250 -999.250 -999.250 -999.250 -999.250 -999.250 -999.250 -999.250 -999.250
211.476 212.679 205.579 205.137 199.356 189.132 162.821 144.495 125.244 102.796 68.687 48.895 31.860 17.807 4.617 7.113 19.126 33.362 46.980 55.316 59.356 74.744 84.614 90.614 85.505 95.471 94.529 100.144 107.661 98.575 95.742 90.766 93.217 87.574 95.812 92.668 98.603 102.063 108.892 111.411 111.552 126.093 131.688 -999.250 -999.250 -999.250 -999.250 -999.250 -999.250 -999.250 -999.250 -999.250 -999.250 -999.250 -999.250 -999.250 -999.250 -999.250 -999.250 -999.250 -999.250 -999.250 -999.250 -999.250 -999.250
180.888 185.798 187.101 186.064 181.186 165.404 149.837 131.662 125.049 97.573 65.741 46.598 31.987 19.855 0.000 17.290 28.981 44.854 50.599 52.091 63.035 73.199 75.286 82.317 86.868 88.848 93.168 93.843 100.987 92.286 104.922 98.603 91.575 96.354 94.913 104.752 104.910 113.376 123.504 124.091 121.560 124.114 149.373 -999.250 -999.250 -999.250 -999.250 -999.250 -999.250 -999.250 -999.250 -999.250 -999.250 -999.250 -999.250 -999.250 -999.250 -999.250 -999.250 -999.250 -999.250 -999.250 -999.250 -999.250 -999.250
160.675 163.151 167.691 165.268 157.899 149.925 144.481 129.638 117.391 102.052 80.743 55.591 47.755 31.529 24.944 34.606 45.086 51.003 48.369 55.179 62.855 73.678 86.094 81.742 93.419 90.392 81.659 88.500 82.252 89.633 90.356 96.035 106.943 93.256 89.799 99.061 107.936 116.348 126.956 122.182 122.469 126.322 -999.250 -999.250 -999.250 -999.250 -999.250 -999.250 -999.250 -999.250 -999.250 -999.250 -999.250 -999.250 -999.250 -999.250 -999.250 -999.250 -999.250 -999.250 -999.250 -999.250 -999.250 -999.250 -999.250
142.019 147.999 144.987 149.710 153.282 144.297 133.162 125.021 117.433 106.659 89.091 86.845 64.975 59.327 53.167 61.473 62.496 62.696 63.340 68.022 67.124 -999.250 -999.250 -999.250 -999.250 87.187 83.181 83.434 85.370 80.728 -999.250 -999.250 -999.250 -999.250 -999.250 -999.250 -999.250 -999.250 -999.250 -999.250 -999.250 -999.250 -999.250 -999.250 -999.250 -999.250 -999.250 -999.250 -999.250 -999.250 -999.250 -999.250 -999.250 -999.250 -999.250 -999.250 -999.250 -999.250 -999.250 -999.250 -999.250 -999.250 -999.250 -999.250 -999.250
125.283 128.057 130.926 132.762 133.678 138.592 128.712 132.824 125.239 110.570 107.718 99.239 90.420 85.969 94.081 89.829 86.404 77.488 88.009 81.224 76.715 -999.250 -999.250 -999.250 -999.250 -999.250 -999.250 -999.250 -999.250 -999.250 -999.250 -999.250 -999.250 -999.250 -999.250 -999.250 -999.250 -999.250 -999.250 -999.250 -999.250 -999.250 -999.250 -999.250 -999.250 -999.250 -999.250 -999.250 -999.250 -999.250 -999.250 -999.250 -999.250 -999.250 -999.250 -999.250 -999.250 -999.250 -999.250 -999.250 -999.250 -999.250 -999.250 -999.250 -999.250
108.222 112.699 122.868 130.600 136.357 138.255 144.001 132.852 134.580 123.940 120.146 120.301 114.096 113.322 115.626 107.436 103.221 100.332 97.850 96.465 93.562 -999.250 -999.250 -999.250 -999.250 -999.250 -999.250 -999.250 -999.250 -999.250 -999.250 -999.250 -999.250 -999.250 -999.250 -999.250 -999.250 -999.250 -999.250 -999.250 -999.250 -999.250 -999.250 -999.250 -999.250 -999.250 -999.250 -999.250 -999.250 -999.250 -999.250 -999.250 -999.250 -999.250 -999.250 -999.250 -999.250 -999.250 -999.250 -999.250 -999.250 -999.250 -999.250 -999.250 -999.250
94.324 106.270 119.443 128.457 138.876 144.938 148.086 154.512 143.296 147.132 140.747 141.592 135.793 129.644 126.405 118.810 113.226 113.014 112.337 108.721 105.230 106.961 -999.250 -999.250 -999.250 -999.250 -999.250 -999.250 -999.250 -999.250 -999.250 -999.250 -999.250 -999.250 -999.250 -999.250 -999.250 -999.250 -999.250 -999.250 -999.250 -999.250 -999.250 -999.250 -999.250 -999.250 -999.250 -999.250 -999.250 -999.250 -999.250 -999.250 -999.250 -999.250 -999.250 -999.250 -999.250 -999.250 -999.250 -999.250 -999.250 -999.250 -999.250 -999.250 -999.250
95.785 115.142 126.060 136.139 145.983 156.910 165.908 165.268 173.272 181.090 168.876 157.140 156.651 144.889 133.681 131.504 128.083 127.974 119.278 120.621 117.980 129.086 129.202 -999.250 -999.250 -999.250 -999.250 -999.250 -999.250 -999.250 -999.250 -999.250 -999.250 -999.250 -999.250 -999.250 -999.250 -999.250 -999.250 -999.250 -999.250 -999.250 -999.250 -999.250 -999.250 -999.250 -999.250 -999.250 -999.250 -999.250 -999.250 -999.250 -999.250 -999.250 -999.250 -999.250 -999.250 -999.250 -999.250 -999.250 -999.250 -999.250 -999.250 -999.250 -999.250
106.506 124.636 145.428 161.025 169.111 183.238 202.896 202.398 198.760 207.735 192.276 179.921 173.097 160.872 143.760 145.767 148.591 143.311 137.389 138.030 136.563 140.210 145.376 149.531 -999.250 -999.250 -999.250 -999.250 -999.250 -999.250 -999.250 -999.250 -999.250 -999.250 -999.250 -999.250 -999.250 -999.250 -999.250 -999.250 -999.250 -999.250 -999.250 -999.250 -999.250 -999.250 -999.250 -999.250 -999.250 -999.250 -999.250 -999.250 -999.250 -999.250 -999.250 -999.250 -999.250 -999.250 -999.250 -999.250 -999.250 -999.250 -999.250 -999.250 -999.250
131.167 149.917 172.655 190.385 207.003 210.900 235.182 224.859 228.340 228.054 210.110 190.137 180.795 170.074 163.774 161.770 152.312 151.331 149.067 155.901 149.324 149.462 161.477 162.234 -999.250 -999.250 -999.250 -999.250 -999.250 -999.250 -999.250 -999.250 -999.250 -999.250 -999.250 -999.250 -999.250 -999.250 -999.250 -999.250 -999.250 -999.250 -999.250 -999.250 -999.250 -999.250 -999.250 -999.250 -999.250 -999.250 -999.250 -999.250 -999.250 -999.250 -999.250 -999.250 -999.250 -999.250 -999.250 -999.250 -999.250 -999.250 -999.250 -999.250 -999.250
