data/medianmodel_24-Feb-2021.asc
ncols	141
nrows	288
xllcorner	-120191.398
yllcorner	-301404.813
cellsize	2000.000
NODATA_value	-999.250
[rows 87 to 115 of 288, columns 65 to 129 of 141]
82.164 90.389 97.155 106.502 111.733 126.083 127.316 130.214 135.274 133.338 136.257 127.825 139.630 147.114 163.471 167.317 179.949 188.831 203.956 213.958 218.428 234.018 237.942 232.204 212.571 195.718 180.135 168.837 162.658 150.547 145.985 137.950 125.059 107.999 99.220 93.722 93.075 85.640 83.078 92.654 97.102 107.977 119.861 129.597 143.503 158.276 173.764 204.906 223.176 -999.250 -999.250 -999.250 -999.250 -999.250 -999.250 -999.250 -999.250 -999.250 -999.250 -999.250 -999.250 -999.250 -999.250 -999.250 -999.250
101.927 100.021 105.326 110.791 117.210 126.292 131.214 128.566 132.012 136.282 137.988 142.014 151.775 166.864 186.091 209.593 232.664 261.798 289.907 286.093 296.720 321.788 330.396 335.361 295.602 271.612 244.119 226.561 193.715 185.088 171.698 158.290 148.836 127.399 106.627 99.750 98.137 91.818 84.350 90.500 95.579 107.500 116.964 124.071 136.827 151.483 166.128 192.307 212.389 246.715 260.828 -999.250 -999.250 -999.250 -999.250 -999.250 -999.250 -999.250 -999.250 -999.250 -999.250 -999.250 -999.250 -999.250 -999.250
105.691 105.140 104.946 111.780 120.997 128.845 138.739 139.491 136.967 132.257 143.350 151.232 165.820 188.131 213.172 259.675 289.592 322.059 356.064 374.931 384.954 437.106 457.611 426.492 368.652 341.281 312.309 279.960 247.365 210.690 191.661 174.744 163.384 144.930 123.209 108.558 104.263 100.965 94.539 93.482 102.635 104.013 115.131 136.732 141.745 150.339 165.598 183.211 190.726 234.488 253.359 -999.250 -999.250 -999.250 -999.250 -999.250 -999.250 -999.250 -999.250 -999.250 -999.250 -999.250 -999.250 -999.250 -999.250
111.328 105.161 102.637 112.147 118.602 128.596 133.971 134.730 142.720 143.047 153.864 164.520 183.191 216.882 247.476 303.521 348.035 411.722 466.225 492.794 540.076 552.747 574.609 555.164 508.483 420.423 355.410 325.529 290.225 257.492 213.530 195.316 172.219 154.080 139.147 114.091 106.599 100.816 105.465 103.728 107.533 112.986 124.745 138.665 140.921 154.459 169.319 172.425 192.289 211.097 232.245 -999.250 -999.250 -999.250 -999.250 -999.250 -999.250 -999.250 -999.250 -999.250 -999.250 -999.250 -999.250 -999.250 -999.250
113.126 107.697 110.791 111.085 121.017 121.372 125.732 122.597 127.166 139.399 151.942 161.325 190.557 245.005 292.965 350.365 408.465 493.926 557.277 590.960 690.308 757.590 730.095 650.904 671.495 520.648 424.237 356.179 318.903 279.058 240.302 217.006 183.567 154.239 145.507 130.646 111.991 106.985 111.791 107.212 114.589 125.680 128.841 130.862 140.387 151.133 165.110 176.817 199.394 221.451 -999.250 -999.250 -999.250 -999.250 -999.250 -999.250 -999.250 -999.250 -999.250 -999.250 -999.250 -999.250 -999.250 -999.250 -999.250
121.427 110.250 105.965 110.010 111.801 110.463 110.731 112.927 124.872 131.148 147.979 165.423 190.344 248.689 308.382 386.607 513.122 580.411 758.221 792.903 941.615 964.230 965.875 899.483 774.934 540.257 453.967 370.679 333.505 296.948 256.988 215.326 182.351 165.361 148.657 132.213 115.959 117.379 119.128 114.724 116.951 128.511 138.193 136.685 139.704 147.856 165.420 174.424 189.633 206.734 -999.250 -999.250 -999.250 -999.250 -999.250 -999.250 -999.250 -999.250 -999.250 -999.250 -999.250 -999.250 -999.250 -999.250 -999.250
134.174 121.274 108.788 104.790 103.256 102.361 101.859 105.490 117.026 130.117 148.795 170.795 203.681 252.649 336.072 444.597 540.970 760.922 905.817 1229.550 1387.143 1423.855 1372.169 1112.513 795.305 610.090 485.901 401.407 346.545 296.897 249.825 208.097 183.842 163.995 147.134 136.059 125.743 117.170 115.876 123.661 123.452 130.589 137.808 147.112 149.184 156.898 155.870 178.199 192.899 -999.250 -999.250 -999.250 -999.250 -999.250 -999.250 -999.250 -999.250 -999.250 -999.250 -999.250 -999.250 -999.250 -999.250 -999.250 -999.250
154.387 138.529 118.650 114.578 107.034 110.117 105.548 106.373 114.457 129.518 148.137 164.453 196.819 268.965 340.317 498.775 645.739 882.457 1272.883 1526.553 1669.031 1667.096 1490.515 1283.990 931.764 677.548 522.476 433.682 341.675 289.831 250.294 198.574 181.129 156.437 146.916 131.192 129.380 125.437 122.177 128.844 140.329 140.269 140.655 143.652 157.943 159.544 163.375 173.765 191.986 -999.250 -999.250 -999.250 -999.250 -999.250 -999.250 -999.250 -999.250 -999.250 -999.250 -999.250 -999.250 -999.250 -999.250 -999.250 -999.250
180.806 169.184 153.956 136.603 123.727 115.042 105.115 113.197 109.137 122.351 144.174 168.071 192.104 257.685 341.037 505.369 732.406 947.340 1367.658 1685.213 1895.577 1783.968 1582.660 1391.820 1143.890 762.483 563.381 443.586 343.232 265.091 216.510 182.080 165.691 148.667 138.974 143.402 133.159 138.477 132.458 136.932 138.494 140.069 152.502 145.559 156.016 160.385 171.208 177.200 193.990 -999.250 -999.250 -999.250 -999.250 -999.250 -999.250 -999.250 -999.250 -999.250 -999.250 -999.250 -999.250 -999.250 -999.250 -999.250 -999.250
233.420 211.484 185.044 161.343 142.280 117.489 109.442 112.172 114.462 128.669 147.996 166.389 199.827 247.847 292.345 508.474 709.032 1073.538 1469.513 1615.033 1800.209 1742.500 1623.987 1283.586 971.647 796.656 579.949 423.367 304.472 244.266 179.805 164.554 155.872 151.000 137.746 148.061 140.767 136.245 136.083 141.551 154.673 155.723 154.333 153.040 155.457 158.380 169.167 186.957 203.041 234.200 -999.250 -999.250 -999.250 -999.250 -999.250 -999.250 -999.250 -999.250 -999.250 -999.250 -999.250 -999.250 -999.250 -999.250 -999.250
280.860 257.483 219.163 184.087 153.858 131.884 113.720 113.248 113.286 130.438 163.016 189.154 225.369 286.417 358.069 516.382 724.550 994.045 1426.119 1513.758 1618.753 1623.392 1436.026 1240.146 881.531 712.323 477.738 336.212 248.948 176.987 157.382 143.715 141.358 134.311 144.240 146.034 141.925 142.846 142.653 144.823 149.267 154.210 159.523 152.954 155.895 165.423 169.797 192.078 200.038 236.732 240.687 -999.250 -999.250 -999.250 -999.250 -999.250 -999.250 -999.250 -999.250 -999.250 -999.250 -999.250 -999.250 -999.250 -999.250
321.026 280.662 238.177 194.795 163.991 136.462 113.738 106.517 117.521 141.382 166.679 199.243 240.552 315.517 399.007 517.972 729.373 1121.394 1301.880 1387.555 1479.634 1319.727 1262.766 1117.631 847.687 580.975 404.423 280.007 156.299 141.899 134.538 130.828 133.981 140.186 142.359 147.509 145.376 146.403 148.183 155.663 159.046 163.728 161.628 164.016 163.335 169.311 171.454 185.668 208.779 222.684 235.285 246.598 -999.250 -999.250 -999.250 -999.250 -999.250 -999.250 -999.250 -999.250 -999.250 -999.250 -999.250 -999.250 -999.250
328.433 289.482 255.224 206.473 170.463 144.815 114.930 103.880 124.033 154.956 181.527 225.450 274.587 335.766 409.173 530.803 699.936 916.429 1142.624 1299.314 1341.615 1114.809 866.306 823.249 647.150 481.346 353.457 262.133 171.280 133.132 129.578 128.549 140.750 151.040 150.796 158.362 155.883 171.378 164.066 160.605 168.057 172.481 168.557 168.081 166.863 176.129 193.689 185.116 205.603 221.160 220.850 -999.250 -999.250 -999.250 -999.250 -999.250 -999.250 -999.250 -999.250 -999.250 -999.250 -999.250 -999.250 -999.250 -999.250
318.988 283.191 257.467 213.892 180.281 156.142 139.673 130.335 142.542 159.406 185.981 241.724 294.028 340.660 423.877 497.615 615.762 836.100 1120.315 1075.274 903.174 805.402 610.518 551.178 502.344 403.374 338.235 253.396 177.163 146.921 131.342 141.940 142.915 159.435 165.365 170.095 171.427 169.914 173.647 180.929 180.740 175.561 185.577 175.768 192.170 180.271 191.098 203.200 209.489 222.087 245.174 254.917 -999.250 -999.250 -999.250 -999.250 -999.250 -999.250 -999.250 -999.250 -999.250 -999.250 -999.250 -999.250 -999.250
302.388 272.703 246.995 212.847 185.544 171.243 149.030 141.120 157.436 175.524 195.476 244.460 299.159 353.894 423.621 488.825 579.395 729.587 784.025 803.263 819.680 600.111 502.243 463.306 401.057 335.598 279.174 213.030 172.809 155.903 135.570 144.073 152.418 170.129 183.267 179.504 183.300 195.355 200.764 207.786 194.235 195.028 196.774 199.179 200.793 196.048 200.353 191.568 218.388 223.967 -999.250 -999.250 -999.250 -999.250 -999.250 -999.250 -999.250 -999.250 -999.250 -999.250 -999.250 -999.250 -999.250 -999.250 -999.250
279.147 271.531 244.668 209.634 188.126 168.057 162.577 160.247 161.524 176.860 195.663 240.985 301.852 341.452 361.915 439.463 514.916 551.429 584.869 670.454 549.684 463.380 358.313 316.380 296.446 248.356 218.333 188.276 170.526 156.705 155.466 156.255 161.892 182.557 184.635 197.533 207.098 240.406 222.238 230.757 221.614 215.168 219.515 225.873 211.061 213.497 216.633 206.492 219.994 -999.250 -999.250 -999.250 -999.250 -999.250 -999.250 -999.250 -999.250 -999.250 -999.250 -999.250 -999.250 -999.250 -999.250 -999.250 -999.250
278.664 268.066 251.113 221.049 190.130 179.227 171.837 164.972 160.618 175.938 207.722 238.490 278.318 313.673 359.694 397.561 478.392 486.443 480.209 461.070 385.586 308.099 181.674 198.639 194.074 196.803 185.237 163.673 159.118 158.601 167.630 166.166 173.458 200.782 206.533 208.867 224.377 254.657 263.066 249.927 263.590 249.061 243.750 251.714 245.957 229.447 224.199 229.641 243.858 -999.250 -999.250 -999.250 -999.250 -999.250 -999.250 -999.250 -999.250 -999.250 -999.250 -999.250 -999.250 -999.250 -999.250 -999.250 -999.250
277.182 257.617 237.879 229.636 195.261 186.930 165.967 159.012 167.795 176.919 203.784 228.441 259.948 296.768 339.186 344.902 377.402 379.629 391.012 418.894 317.152 230.574 163.352 159.398 160.104 161.148 165.116 156.423 167.451 165.747 171.110 187.493 197.262 211.946 237.953 250.321 257.917 292.184 284.193 275.817 280.821 280.400 259.490 261.884 244.923 227.767 230.217 250.150 -999.250 -999.250 -999.250 -999.250 -999.250 -999.250 -999.250 -999.250 -999.250 -999.250 -999.250 -999.250 -999.250 -999.250 -999.250 -999.250 -999.250
245.639 235.575 227.094 210.937 193.648 180.716 171.116 165.855 162.206 169.505 183.648 200.523 225.853 270.933 308.989 314.374 321.046 328.266 312.642 298.809 262.150 191.454 161.480 147.995 143.546 149.169 149.230 150.484 156.439 170.095 180.947 211.081 229.302 241.051 265.940 280.301 293.568 302.178 297.900 300.471 304.223 287.614 273.724 266.709 -999.250 -999.250 -999.250 -999.250 -999.250 -999.250 -999.250 -999.250 -999.250 -999.250 -999.250 -999.250 -999.250 -999.250 -999.250 -999.250 -999.250 -999.250 -999.250 -999.250 -999.250
247.779 238.738 211.142 203.534 190.567 173.354 167.121 162.403 156.750 163.978 164.917 182.691 197.119 222.567 251.101 272.763 281.897 282.560 277.117 267.764 222.706 184.140 153.936 147.876 140.828 143.643 150.407 153.837 173.020 183.608 184.782 218.404 241.402 273.640 302.347 314.376 312.253 317.353 327.381 322.076 317.710 313.358 -999.250 -999.250 -999.250 -999.250 -999.250 -999.250 -999.250 -999.250 -999.250 -999.250 -999.250 -999.250 -999.250 -999.250 -999.250 -999.250 -999.250 -999.250 -999.250 -999.250 -999.250 -999.250 -999.250
233.629 218.125 200.041 192.013 174.213 165.579 163.774 152.650 144.449 148.645 163.869 171.698 185.082 201.975 210.498 222.584 224.146 227.137 221.977 218.536 193.110 179.729 157.265 148.318 148.941 151.523 151.999 160.095 168.967 182.733 204.456 217.232 260.299 282.653 303.043 324.127 332.878 342.656 338.278 346.553 335.085 317.880 -999.250 -999.250 -999.250 -999.250 -999.250 -999.250 -999.250 -999.250 -999.250 -999.250 -999.250 -999.250 -999.250 -999.250 -999.250 -999.250 -999.250 -999.250 -999.250 -999.250 -999.250 -999.250 -999.250
215.231 191.634 188.630 180.338 169.869 166.258 152.859 144.926 137.667 143.508 144.281 149.591 161.988 168.722 181.315 183.865 187.034 195.204 204.356 209.507 188.805 170.537 164.535 156.109 154.704 155.048 157.134 163.935 173.292 195.316 213.100 250.264 273.425 295.802 322.818 334.154 344.732 365.375 371.548 376.666 345.829 313.369 -999.250 -999.250 -999.250 -999.250 -999.250 -999.250 -999.250 -999.250 -999.250 -999.250 -999.250 -999.250 -999.250 -999.250 -999.250 -999.250 -999.250 -999.250 -999.250 -999.250 -999.250 -999.250 -999.250
195.883 173.489 172.123 170.851 157.689 153.655 142.399 135.789 124.582 122.944 135.025 132.751 144.210 153.305 160.079 163.516 165.497 174.624 178.366 178.568 172.691 171.567 171.025 167.312 164.634 159.475 158.274 165.738 176.317 195.504 212.084 245.888 270.450 289.850 316.079 325.653 348.433 362.923 420.610 392.950 358.161 333.048 -999.250 -999.250 -999.250 -999.250 -999.250 -999.250 -999.250 -999.250 -999.250 -999.250 -999.250 -999.250 -999.250 -999.250 -999.250 -999.250 -999.250 -999.250 -999.250 -999.250 -999.250 -999.250 -999.250
178.729 171.481 164.654 146.978 141.155 136.612 124.494 118.049 115.947 108.306 113.169 112.967 129.691 142.528 144.311 146.411 159.062 150.313 161.778 161.925 168.416 173.200 177.392 165.086 163.651 157.240 164.989 168.087 177.450 192.357 210.607 232.308 271.784 279.445 303.036 325.405 342.179 354.213 357.811 361.906 348.064 326.817 -999.250 -999.250 -999.250 -999.250 -999.250 -999.250 -999.250 -999.250 -999.250 -999.250 -999.250 -999.250 -999.250 -999.250 -999.250 -999.250 -999.250 -999.250 -999.250 -999.250 -999.250 -999.250 -999.250
164.790 154.272 148.599 131.235 123.372 120.388 119.795 113.156 105.568 105.907 105.728 106.928 110.772 126.113 125.457 129.334 149.556 144.870 141.724 146.362 158.677 153.599 157.832 160.356 160.232 154.006 156.996 158.656 172.894 189.305 204.833 242.698 268.342 257.062 283.229 302.654 314.834 329.700 337.422 341.834 337.696 333.493 -999.250 -999.250 -999.250 -999.250 -999.250 -999.250 -999.250 -999.250 -999.250 -999.250 -999.250 -999.250 -999.250 -999.250 -999.250 -999.250 -999.250 -999.250 -999.250 -999.250 -999.250 -999.250 -999.250
152.295 146.102 134.017 125.335 112.666 105.661 101.036 97.130 98.798 88.718 92.994 97.345 99.873 108.958 113.501 115.061 124.280 127.335 125.743 125.957 136.311 137.147 143.019 142.334 148.052 152.568 148.969 158.817 162.753 167.301 197.223 226.067 240.763 248.557 264.060 282.477 288.303 305.901 312.683 313.525 311.274 315.745 300.303 296.959 -999.250 -999.250 -999.250 -999.250 -999.250 -999.250 -999.250 -999.250 -999.250 -999.250 -999.250 -999.250 -999.250 -999.250 -999.250 -999.250 -999.250 -999.250 -999.250 -999.250 -999.250
144.613 133.293 126.057 115.692 106.430 99.084 94.287 89.393 87.767 82.853 78.862 79.127 89.855 93.118 91.245 101.172 99.627 103.295 108.337 108.689 116.397 118.986 125.769 125.507 136.071 135.505 142.477 141.238 159.907 165.143 180.345 196.853 216.129 223.372 245.995 246.724 266.130 275.483 280.951 282.373 279.852 281.183 273.083 275.505 277.286 277.202 -999.250 -999.250 -999.250 -999.250 -999.250 -999.250 -999.250 -999.250 -999.250 -999.250 -999.250 -999.250 -999.250 -999.250 -999.250 -999.250 -999.250 -999.250 -999.250
137.864 128.269 119.120 109.043 99.732 92.345 84.106 83.595 74.947 73.187 75.243 76.122 76.481 80.648 87.241 86.449 84.323 87.295 86.736 93.413 101.092 104.116 106.368 113.208 115.284 122.492 125.184 130.945 141.393 155.538 168.116 173.809 182.889 189.636 200.635 218.882 227.209 244.568 257.558 263.042 264.631 253.112 255.793 251.286 278.835 274.525 -999.250 -999.250 -999.250 -999.250 -999.250 -999.250 -999.250 -999.250 -999.250 -999.250 -999.250 -999.250 -999.250 -999.250 -999.250 -999.250 -999.250 -999.250 -999.250
132.892 122.182 115.410 102.773 96.455 88.120 83.040 78.341 65.962 62.164 64.551 66.948 67.966 71.495 74.302 70.842 68.863 76.525 76.781 78.273 84.463 88.891 89.177 102.410 106.238 107.392 114.306 118.128 123.910 131.045 146.444 152.920 158.205 162.934 174.522 186.450 208.947 218.262 221.382 229.172 246.583 247.056 243.584 249.107 259.401 276.118 291.703 -999.250 -999.250 -999.250 -999.250 -999.250 -999.250 -999.250 -999.250 -999.250 -999.250 -999.250 -999.250 -999.250 -999.250 -999.250 -999.250 -999.250 -999.250
