data/medianmodel_07-Oct-2020.asc
ncols	141
nrows	288
xllcorner	-120191.398
yllcorner	-301404.813
cellsize	2000.000
NODATA_value	-999.250
[rows 210 to 239 of 288, columns 67 to 133 of 141]
1.957 4.700 4.484 4.639 4.447 6.679 7.692 10.760 7.313 6.646 5.829 6.524 9.339 10.018 8.302 8.749 6.913 5.543 6.182 6.831 8.532 8.383 9.735 7.035 6.443 5.667 4.383 8.756 3.666 2.807 5.248 4.986 -999.250 -999.250 -999.250 -999.250 -999.250 -999.250 -999.250 -999.250 -999.250 -999.250 -999.250 -999.250 -999.250 -999.250 -999.250 -999.250 -999.250 -999.250 -999.250 -999.250 -999.250 -999.250 -999.250 -999.250 -999.250 -999.250 -999.250 -999.250 -999.250 -999.250 -999.250 -999.250 -999.250 -999.250 -999.250
2.801 7.695 5.570 7.865 8.502 8.447 3.875 7.954 7.681 5.123 3.396 2.985 3.953 6.068 7.197 8.154 5.995 5.259 8.129 7.902 8.729 5.413 5.670 8.569 5.974 6.553 8.108 10.654 7.318 7.355 8.302 7.964 9.033 -999.250 -999.250 -999.250 -999.250 -999.250 -999.250 -999.250 -999.250 -999.250 -999.250 -999.250 -999.250 -999.250 -999.250 -999.250 -999.250 -999.250 -999.250 -999.250 -999.250 -999.250 -999.250 -999.250 -999.250 -999.250 -999.250 -999.250 -999.250 -999.250 -999.250 -999.250 -999.250 -999.250 -999.250
9.242 8.497 8.106 11.916 10.343 9.619 9.281 9.873 4.733 0.942 0.000 0.000 3.114 5.157 7.275 6.064 5.846 7.249 7.563 6.693 7.084 8.962 11.095 7.030 8.970 11.515 11.365 13.841 10.250 11.280 9.796 9.055 9.756 9.519 -999.250 -999.250 -999.250 -999.250 -999.250 -999.250 -999.250 -999.250 -999.250 -999.250 -999.250 -999.250 -999.250 -999.250 -999.250 -999.250 -999.250 -999.250 -999.250 -999.250 -999.250 -999.250 -999.250 -999.250 -999.250 -999.250 -999.250 -999.250 -999.250 -999.250 -999.250 -999.250 -999.250
11.185 10.854 12.816 11.448 14.475 11.806 8.162 9.437 8.161 3.663 0.181 0.000 2.252 6.133 6.798 9.438 8.784 6.815 8.432 9.794 11.368 10.782 14.704 10.810 13.830 12.469 13.703 12.794 13.506 10.925 11.222 11.537 10.933 12.026 -999.250 -999.250 -999.250 -999.250 -999.250 -999.250 -999.250 -999.250 -999.250 -999.250 -999.250 -999.250 -999.250 -999.250 -999.250 -999.250 -999.250 -999.250 -999.250 -999.250 -999.250 -999.250 -999.250 -999.250 -999.250 -999.250 -999.250 -999.250 -999.250 -999.250 -999.250 -999.250 -999.250
16.378 18.607 14.841 16.786 14.396 15.628 15.430 14.171 14.881 10.960 6.976 5.525 4.807 10.117 10.506 10.711 11.284 10.751 15.607 12.552 13.034 16.165 12.500 13.429 15.607 14.808 20.528 14.983 13.413 16.013 13.421 15.233 12.544 10.734 8.211 -999.250 -999.250 -999.250 -999.250 -999.250 -999.250 -999.250 -999.250 -999.250 -999.250 -999.250 -999.250 -999.250 -999.250 -999.250 -999.250 -999.250 -999.250 -999.250 -999.250 -999.250 -999.250 -999.250 -999.250 -999.250 -999.250 -999.250 -999.250 -999.250 -999.250 -999.250 -999.250
24.599 23.400 21.228 18.679 19.147 23.592 21.608 23.047 18.665 17.718 13.650 11.865 12.569 12.275 14.890 13.679 13.257 12.235 12.912 17.566 17.986 16.185 13.289 16.389 17.748 27.036 25.664 22.974 20.413 19.561 20.673 18.147 11.768 12.454 10.087 9.546 -999.250 -999.250 -999.250 -999.250 -999.250 -999.250 -999.250 -999.250 -999.250 -999.250 -999.250 -999.250 -999.250 -999.250 -999.250 -999.250 -999.250 -999.250 -999.250 -999.250 -999.250 -999.250 -999.250 -999.250 -999.250 -999.250 -999.250 -999.250 -999.250 -999.250 -999.250
31.240 29.746 29.002 26.045 26.894 30.812 27.827 26.243 28.692 25.039 23.083 19.781 20.050 16.869 17.722 16.762 14.606 13.728 16.185 19.735 20.481 21.415 20.580 20.908 23.537 26.134 25.829 30.020 25.931 23.576 21.650 19.617 13.071 11.550 8.353 9.103 -999.250 -999.250 -999.250 -999.250 -999.250 -999.250 -999.250 -999.250 -999.250 -999.250 -999.250 -999.250 -999.250 -999.250 -999.250 -999.250 -999.250 -999.250 -999.250 -999.250 -999.250 -999.250 -999.250 -999.250 -999.250 -999.250 -999.250 -999.250 -999.250 -999.250 -999.250
35.433 31.759 33.257 31.757 32.140 34.343 35.777 34.476 36.298 30.331 30.065 26.209 27.416 19.695 21.419 19.757 20.269 19.873 26.921 25.686 24.939 26.898 25.123 30.749 27.411 29.901 28.104 30.515 28.336 27.573 24.619 23.157 17.305 16.552 11.880 12.084 -999.250 -999.250 -999.250 -999.250 -999.250 -999.250 -999.250 -999.250 -999.250 -999.250 -999.250 -999.250 -999.250 -999.250 -999.250 -999.250 -999.250 -999.250 -999.250 -999.250 -999.250 -999.250 -999.250 -999.250 -999.250 -999.250 -999.250 -999.250 -999.250 -999.250 -999.250
33.835 38.926 34.778 34.029 34.496 36.430 36.984 38.084 38.326 35.274 35.777 27.610 27.227 28.292 25.149 26.451 25.410 26.065 31.928 32.520 28.981 33.731 33.845 31.890 32.698 30.051 30.977 31.549 32.795 31.616 29.993 28.055 22.129 19.615 17.800 16.114 12.489 -999.250 -999.250 -999.250 -999.250 -999.250 -999.250 -999.250 4.304 -999.250 -999.250 -999.250 -999.250 -999.250 -999.250 -999.250 -999.250 -999.250 -999.250 -999.250 -999.250 -999.250 -999.250 -999.250 -999.250 -999.250 -999.250 -999.250 -999.250 -999.250 -999.250
36.701 39.967 38.086 37.881 38.662 39.257 45.228 44.901 42.536 45.232 40.863 35.503 33.195 31.211 30.176 32.352 27.861 26.396 29.400 29.369 32.347 34.872 35.983 35.465 36.966 37.949 38.642 38.079 32.456 36.632 29.865 30.040 22.957 21.582 17.885 13.909 11.503 5.757 -999.250 -999.250 -999.250 2.469 2.712 3.390 6.101 -999.250 -999.250 -999.250 -999.250 -999.250 -999.250 -999.250 -999.250 -999.250 -999.250 -999.250 -999.250 -999.250 -999.250 -999.250 -999.250 -999.250 -999.250 -999.250 -999.250 -999.250 -999.250
45.557 44.445 42.609 43.526 44.935 45.120 53.482 51.137 45.124 41.611 40.246 37.949 33.892 35.945 37.313 31.354 28.106 31.082 31.939 37.279 36.876 36.941 37.427 39.671 42.322 40.489 42.130 42.144 38.204 40.325 36.535 33.084 30.997 24.655 19.426 15.918 14.538 9.040 -999.250 1.895 1.005 1.998 3.162 3.367 -999.250 -999.250 -999.250 -999.250 -999.250 -999.250 -999.250 -999.250 -999.250 -999.250 -999.250 -999.250 -999.250 -999.250 -999.250 -999.250 -999.250 -999.250 -999.250 -999.250 -999.250 -999.250 -999.250
49.499 50.669 49.118 46.550 53.667 62.185 62.058 56.099 51.700 43.044 40.374 46.031 38.750 37.684 37.287 32.772 34.580 39.559 38.690 39.236 43.285 44.352 41.843 44.051 44.962 47.780 47.770 45.598 40.922 44.652 43.912 38.154 34.207 30.672 24.372 21.977 15.361 11.197 8.886 4.714 0.000 0.000 1.402 1.579 -999.250 -999.250 -999.250 -999.250 -999.250 -999.250 -999.250 -999.250 -999.250 -999.250 -999.250 -999.250 -999.250 -999.250 -999.250 -999.250 -999.250 -999.250 -999.250 -999.250 -999.250 -999.250 -999.250
54.089 58.868 61.771 58.888 60.000 66.499 63.239 62.287 56.942 49.338 50.020 49.046 42.658 44.588 44.058 44.590 37.519 41.482 44.133 50.096 46.198 50.194 55.517 56.874 55.723 58.318 59.258 53.864 48.914 43.685 44.793 39.929 35.839 31.223 28.218 25.407 18.508 20.510 11.899 8.286 4.632 5.131 7.291 4.773 -999.250 -999.250 -999.250 -999.250 -999.250 -999.250 -999.250 -999.250 -999.250 -999.250 -999.250 -999.250 -999.250 -999.250 -999.250 -999.250 -999.250 -999.250 -999.250 -999.250 -999.250 -999.250 -999.250
64.562 65.264 72.458 69.878 69.142 69.386 63.525 62.614 58.766 63.578 60.425 64.032 58.499 60.776 59.536 52.432 49.524 48.389 45.756 49.459 49.199 57.254 61.244 59.489 62.726 66.224 64.471 60.575 58.486 54.763 47.297 45.275 40.692 37.315 30.643 34.822 26.593 22.399 15.168 12.102 8.362 5.998 5.812 5.515 -999.250 -999.250 -999.250 -999.250 -999.250 -999.250 -999.250 -999.250 -999.250 -999.250 -999.250 -999.250 -999.250 -999.250 -999.250 -999.250 -999.250 -999.250 -999.250 -999.250 -999.250 -999.250 -999.250
73.213 70.659 73.618 74.380 77.232 72.265 72.746 72.907 70.556 72.196 70.146 66.858 59.177 63.450 61.295 60.114 55.389 60.443 60.223 55.714 53.408 59.136 65.677 64.450 67.257 69.356 67.270 63.733 61.692 53.984 54.556 47.483 44.513 41.295 31.759 33.260 29.597 21.830 16.339 15.700 10.101 8.978 7.452 -999.250 -999.250 -999.250 -999.250 -999.250 -999.250 -999.250 -999.250 -999.250 -999.250 -999.250 -999.250 -999.250 -999.250 -999.250 -999.250 -999.250 -999.250 -999.250 -999.250 -999.250 -999.250 -999.250 -999.250
76.240 79.881 86.125 83.009 78.312 74.231 80.049 80.378 75.906 73.524 81.306 72.992 68.465 72.354 69.667 60.362 70.406 63.363 56.699 59.828 64.311 66.346 73.214 69.510 73.951 66.838 65.791 69.327 69.073 55.736 48.541 48.079 45.324 41.923 44.949 35.610 29.279 27.504 23.418 18.004 14.635 9.843 14.771 -999.250 -999.250 -999.250 -999.250 -999.250 -999.250 -999.250 -999.250 -999.250 -999.250 -999.250 -999.250 -999.250 -999.250 -999.250 -999.250 -999.250 -999.250 -999.250 -999.250 -999.250 -999.250 -999.250 -999.250
81.850 91.003 88.534 86.087 84.734 80.541 77.435 80.796 79.600 74.427 78.085 78.908 79.621 70.159 62.920 68.773 65.943 66.789 66.758 66.309 63.093 64.813 67.891 79.717 66.036 68.455 70.356 65.293 65.047 60.946 60.297 53.734 45.397 44.680 42.709 35.997 31.929 29.943 26.495 24.302 14.428 12.919 15.078 -999.250 -999.250 -999.250 -999.250 -999.250 -999.250 -999.250 -999.250 -999.250 -999.250 -999.250 -999.250 -999.250 -999.250 -999.250 -999.250 -999.250 -999.250 -999.250 -999.250 -999.250 -999.250 -999.250 -999.250
89.665 96.063 96.325 104.316 96.790 97.067 90.662 85.929 82.811 80.818 79.495 79.871 71.504 67.707 71.541 71.997 66.494 70.865 70.556 69.069 64.376 63.790 77.064 75.223 74.955 71.959 66.916 68.505 64.955 67.211 57.272 51.426 50.036 44.403 46.933 40.916 37.815 35.231 26.955 24.719 18.929 16.250 -999.250 -999.250 -999.250 -999.250 -999.250 -999.250 -999.250 -999.250 -999.250 -999.250 -999.250 -999.250 -999.250 -999.250 -999.250 -999.250 -999.250 -999.250 -999.250 -999.250 -999.250 -999.250 -999.250 -999.250 -999.250
90.450 112.887 119.031 134.453 120.160 112.909 100.425 96.656 98.385 92.081 88.712 90.302 84.099 80.206 65.572 71.209 76.549 68.001 69.365 69.069 61.871 69.162 80.648 72.008 70.801 74.649 72.358 67.564 63.909 63.308 61.441 52.625 51.678 45.705 42.834 45.508 34.095 -999.250 -999.250 25.613 20.772 21.669 -999.250 -999.250 -999.250 -999.250 -999.250 -999.250 -999.250 -999.250 -999.250 -999.250 -999.250 -999.250 -999.250 -999.250 -999.250 -999.250 -999.250 -999.250 -999.250 -999.250 -999.250 -999.250 -999.250 -999.250 -999.250
104.090 108.790 127.232 139.968 138.989 124.162 112.676 97.740 105.378 102.364 97.391 98.646 86.499 87.279 82.608 70.549 78.903 80.101 74.657 64.221 68.825 73.566 70.109 71.746 72.273 71.174 72.312 69.192 61.939 60.263 62.019 55.349 51.835 56.225 49.518 48.711 38.985 -999.250 -999.250 -999.250 -999.250 -999.250 -999.250 -999.250 -999.250 -999.250 -999.250 -999.250 -999.250 -999.250 -999.250 -999.250 -999.250 -999.250 -999.250 -999.250 -999.250 -999.250 -999.250 -999.250 -999.250 -999.250 -999.250 -999.250 -999.250 -999.250 -999.250
90.738 114.578 136.003 135.835 134.641 129.963 108.072 101.511 100.803 103.109 101.304 108.629 91.803 86.586 91.378 81.775 86.315 83.332 75.425 75.804 74.814 73.505 73.561 71.028 71.702 68.091 72.621 75.465 67.027 58.323 66.296 64.437 54.340 -999.250 -999.250 45.656 -999.250 -999.250 -999.250 -999.250 -999.250 -999.250 -999.250 -999.250 -999.250 -999.250 -999.250 -999.250 -999.250 -999.250 -999.250 -999.250 -999.250 -999.250 -999.250 -999.250 -999.250 -999.250 -999.250 -999.250 -999.250 -999.250 -999.250 -999.250 -999.250 -999.250 -999.250
99.101 111.945 124.929 127.126 128.750 125.453 103.566 105.059 99.317 101.759 106.874 100.815 94.823 85.032 76.319 88.453 80.810 86.628 79.513 83.069 82.256 81.438 77.921 71.458 68.946 70.541 78.416 70.189 69.981 66.096 63.926 -999.250 -999.250 -999.250 -999.250 -999.250 -999.250 -999.250 -999.250 -999.250 -999.250 -999.250 -999.250 -999.250 -999.250 -999.250 -999.250 -999.250 -999.250 -999.250 -999.250 -999.250 -999.250 -999.250 -999.250 -999.250 -999.250 -999.250 -999.250 -999.250 -999.250 -999.250 -999.250 -999.250 -999.250 -999.250 -999.250
99.036 102.030 127.614 121.674 127.225 104.595 107.991 107.648 102.460 96.532 102.577 92.506 86.202 75.781 84.935 80.051 79.962 88.861 91.764 82.671 78.999 83.200 83.373 74.702 72.846 75.647 72.188 71.145 70.502 67.952 57.325 -999.250 -999.250 -999.250 -999.250 -999.250 -999.250 -999.250 -999.250 -999.250 -999.250 -999.250 -999.250 -999.250 -999.250 -999.250 -999.250 -999.250 -999.250 -999.250 -999.250 -999.250 -999.250 -999.250 -999.250 -999.250 -999.250 -999.250 -999.250 -999.250 -999.250 -999.250 -999.250 -999.250 -999.250 -999.250 -999.250
90.759 114.365 110.164 112.846 106.542 99.238 93.723 99.506 96.513 99.520 101.990 92.661 85.198 89.237 79.601 79.007 80.639 83.299 83.788 83.399 85.920 78.358 80.591 85.135 80.797 70.994 72.724 65.169 61.940 68.137 63.803 -999.250 -999.250 -999.250 -999.250 -999.250 -999.250 -999.250 -999.250 -999.250 -999.250 -999.250 -999.250 -999.250 -999.250 -999.250 -999.250 -999.250 -999.250 -999.250 -999.250 -999.250 -999.250 -999.250 -999.250 -999.250 -999.250 -999.250 -999.250 -999.250 -999.250 -999.250 -999.250 -999.250 -999.250 -999.250 -999.250
80.744 89.260 93.038 92.728 95.398 86.970 89.138 97.024 95.123 95.165 85.905 96.163 89.511 87.955 84.778 80.641 82.348 82.064 83.011 79.213 77.800 78.452 78.262 83.173 78.892 82.064 67.982 64.282 56.134 70.964 61.962 -999.250 -999.250 -999.250 -999.250 -999.250 -999.250 -999.250 -999.250 -999.250 -999.250 -999.250 -999.250 -999.250 -999.250 -999.250 -999.250 -999.250 -999.250 -999.250 -999.250 -999.250 -999.250 -999.250 -999.250 -999.250 -999.250 -999.250 -999.250 -999.250 -999.250 -999.250 -999.250 -999.250 -999.250 -999.250 -999.250
71.778 74.043 82.093 81.314 81.796 79.023 86.068 84.238 85.423 83.235 79.554 84.764 78.737 81.864 81.537 83.434 78.653 81.327 83.046 84.735 85.707 76.842 70.705 71.516 77.946 81.414 74.395 59.770 63.046 70.054 -999.250 -999.250 -999.250 -999.250 -999.250 -999.250 -999.250 -999.250 -999.250 -999.250 -999.250 -999.250 -999.250 -999.250 -999.250 -999.250 -999.250 -999.250 -999.250 -999.250 -999.250 -999.250 -999.250 -999.250 -999.250 -999.250 -999.250 -999.250 -999.250 -999.250 -999.250 -999.250 -999.250 -999.250 -999.250 -999.250 -999.250
61.171 71.468 72.000 73.476 76.315 76.899 77.549 81.817 76.223 74.247 74.292 79.871 83.490 78.717 81.677 83.156 85.336 83.330 90.884 85.911 78.725 75.227 69.978 77.174 78.016 83.812 81.444 72.864 71.160 65.057 -999.250 -999.250 -999.250 -999.250 -999.250 -999.250 -999.250 -999.250 -999.250 -999.250 -999.250 -999.250 -999.250 -999.250 -999.250 -999.250 -999.250 -999.250 -999.250 -999.250 -999.250 -999.250 -999.250 -999.250 -999.250 -999.250 -999.250 -999.250 -999.250 -999.250 -999.250 -999.250 -999.250 -999.250 -999.250 -999.250 -999.250
55.442 52.688 62.202 62.997 67.275 68.040 73.993 79.558 78.611 72.317 73.525 73.098 77.688 76.106 77.845 77.564 83.400 80.781 80.867 82.430 81.895 75.063 72.625 78.742 71.548 71.905 73.412 68.722 70.048 64.117 -999.250 -999.250 -999.250 -999.250 -999.250 -999.250 -999.250 -999.250 -999.250 -999.250 -999.250 -999.250 -999.250 -999.250 -999.250 -999.250 -999.250 -999.250 -999.250 -999.250 -999.250 -999.250 -999.250 -999.250 -999.250 -999.250 -999.250 -999.250 -999.250 -999.250 -999.250 -999.250 -999.250 -999.250 -999.250 -999.250 -999.250
41.959 49.218 49.210 50.558 52.082 68.275 78.849 74.424 75.001 69.618 65.161 65.603 70.311 74.222 76.862 76.156 84.231 82.461 76.444 78.759 76.143 76.135 70.450 75.825 71.893 76.207 69.584 64.680 64.734 -999.250 -999.250 -999.250 -999.250 -999.250 -999.250 -999.250 -999.250 -999.250 -999.250 -999.250 -999.250 -999.250 -999.250 -999.250 -999.250 -999.250 -999.250 -999.250 -999.250 -999.250 -999.250 -999.250 -999.250 -999.250 -999.250 -999.250 -999.250 -999.250 -999.250 -999.250 -999.250 -999.250 -999.250 -999.250 -999.250 -999.250 -999.250
40.279 38.670 40.835 40.753 43.583 57.042 58.637 63.330 68.060 68.682 60.151 70.287 73.211 73.474 77.476 76.936 79.695 76.147 73.757 77.012 75.272 72.521 73.114 78.696 68.499 70.147 69.182 63.322 67.413 -999.250 -999.250 -999.250 -999.250 -999.250 -999.250 -999.250 -999.250 -999.250 -999.250 -999.250 -999.250 -999.250 -999.250 -999.250 -999.250 -999.250 -999.250 -999.250 -999.250 -999.250 -999.250 -999.250 -999.250 -999.250 -999.250 -999.250 -999.250 -999.250 -999.250 -999.250 -999.250 -999.250 -999.250 -999.250 -999.250 -999.250 -999.250
