data/medianmodel_03-Nov-2020.asc
ncols	141
nrows	288
xllcorner	-120191.398
yllcorner	-301404.813
cellsize	2000.000
NODATA_value	-999.250
[rows 232 to 260 of 288, columns 0 to 64 of 141]
-999.250 -999.250 -999.250 -999.250 -999.250 -999.250 -999.250 -999.250 -999.250 -999.250 -999.250 -999.250 -999.250 -999.250 -999.250 -999.250 -999.250 -999.250 -999.250 -999.250 -999.250 -999.250 -999.250 -999.250 -999.250 -999.250 -999.250 426.859 509.686 583.468 693.150 729.129 582.918 458.461 378.897 314.728 250.579 197.142 165.663 161.554 133.239 136.404 126.577 107.452 118.170 116.370 130.430 136.461 146.447 131.852 128.158 127.702 113.540 101.604 88.247 88.289 78.170 88.818 84.511 93.103 90.844 127.246 124.577 154.524 171.246
-999.250 -999.250 -999.250 -999.250 -999.250 -999.250 -999.250 -999.250 -999.250 -999.250 -999.250 -999.250 -999.250 -999.250 -999.250 -999.250 -999.250 -999.250 -999.250 -999.250 -999.250 -999.250 -999.250 -999.250 -999.250 -999.250 -999.250 -999.250 488.614 598.214 595.453 710.019 549.988 454.452 379.219 358.760 293.941 216.991 186.203 163.786 134.816 140.913 150.605 118.529 128.442 125.578 121.824 124.714 115.345 131.083 140.564 106.359 113.735 104.931 89.832 89.141 78.496 69.559 75.943 74.584 86.323 101.482 130.226 131.675 149.686
-999.250 -999.250 -999.250 -999.250 -999.250 -999.250 -999.250 -999.250 -999.250 -999.250 -999.250 -999.250 -999.250 -999.250 -999.250 -999.250 -999.250 -999.250 -999.250 -999.250 -999.250 -999.250 -999.250 -999.250 -999.250 -999.250 -999.250 -999.250 -999.250 -999.250 622.756 571.026 568.939 464.061 388.250 350.665 279.506 233.775 204.597 188.880 159.020 151.906 135.135 126.515 124.622 112.675 111.122 107.113 102.136 118.816 122.006 118.705 98.955 89.528 87.105 79.745 75.689 70.317 64.105 58.820 76.320 94.754 96.265 124.889 144.469
-999.250 -999.250 -999.250 -999.250 -999.250 -999.250 -999.250 -999.250 -999.250 -999.250 -999.250 -999.250 -999.250 -999.250 -999.250 -999.250 -999.250 -999.250 -999.250 -999.250 -999.250 -999.250 -999.250 -999.250 -999.250 -999.250 -999.250 -999.250 -999.250 -999.250 556.010 576.490 502.220 429.648 387.204 377.946 269.476 261.078 248.098 224.970 186.798 159.127 135.665 125.322 119.555 122.615 128.107 117.975 104.671 106.494 114.048 99.745 105.670 81.860 80.123 76.934 75.145 64.545 51.641 55.084 64.666 78.765 95.232 116.965 115.422
-999.250 -999.250 -999.250 -999.250 -999.250 -999.250 -999.250 -999.250 -999.250 -999.250 -999.250 -999.250 -999.250 -999.250 -999.250 -999.250 -999.250 -999.250 -999.250 -999.250 -999.250 -999.250 -999.250 -999.250 -999.250 -999.250 -999.250 -999.250 -999.250 -999.250 528.585 517.691 477.453 390.619 378.011 349.498 326.194 260.628 218.597 197.744 177.203 168.301 137.300 128.996 112.825 143.935 125.290 125.961 106.380 99.126 116.751 105.397 99.162 81.913 89.626 85.191 68.116 62.664 52.759 36.377 57.881 68.838 91.105 97.349 118.868
-999.250 -999.250 -999.250 -999.250 -999.250 -999.250 -999.250 -999.250 -999.250 -999.250 -999.250 -999.250 -999.250 -999.250 -999.250 -999.250 -999.250 -999.250 -999.250 -999.250 -999.250 -999.250 -999.250 -999.250 -999.250 -999.250 -999.250 -999.250 -999.250 -999.250 -999.250 466.638 444.368 410.035 415.694 363.044 313.881 291.487 251.175 229.122 193.284 156.356 134.345 127.088 124.544 137.768 125.721 128.098 107.121 105.774 116.687 117.849 102.103 95.414 79.834 82.984 76.889 62.085 52.396 53.234 56.340 73.175 84.006 98.648 114.389
-999.250 -999.250 -999.250 -999.250 -999.250 -999.250 -999.250 -999.250 -999.250 -999.250 -999.250 -999.250 -999.250 -999.250 -999.250 -999.250 -999.250 -999.250 -999.250 -999.250 -999.250 -999.250 -999.250 -999.250 -999.250 -999.250 -999.250 -999.250 -999.250 -999.250 430.564 448.014 433.344 408.992 378.988 356.383 301.442 292.173 250.022 227.833 189.348 158.600 150.751 129.141 125.826 141.689 136.065 128.800 116.972 110.467 122.192 121.580 131.349 97.020 69.985 79.181 75.135 61.912 55.910 66.606 66.716 75.955 81.240 86.335 93.157
-999.250 -999.250 -999.250 -999.250 -999.250 -999.250 -999.250 -999.250 -999.250 -999.250 -999.250 -999.250 -999.250 -999.250 -999.250 -999.250 -999.250 -999.250 -999.250 -999.250 -999.250 -999.250 -999.250 -999.250 -999.250 -999.250 -999.250 -999.250 -999.250 -999.250 -999.250 431.470 407.103 351.101 359.940 349.356 272.341 243.502 235.679 239.358 192.819 166.771 146.236 133.089 132.086 144.045 143.874 146.491 132.609 115.790 124.288 138.101 128.532 96.621 81.877 73.383 64.846 65.852 67.249 59.632 60.917 78.425 77.762 89.356 91.231
-999.250 -999.250 -999.250 -999.250 -999.250 -999.250 -999.250 -999.250 -999.250 -999.250 -999.250 -999.250 -999.250 -999.250 -999.250 -999.250 -999.250 -999.250 -999.250 -999.250 -999.250 -999.250 -999.250 -999.250 -999.250 -999.250 -999.250 -999.250 -999.250 -999.250 401.822 400.443 359.740 351.190 351.698 319.083 286.553 246.725 233.598 202.439 189.480 180.197 151.882 171.371 155.124 152.444 151.653 149.521 148.520 128.600 115.478 134.675 129.064 89.963 88.741 68.923 61.990 62.959 61.027 54.939 62.393 84.742 87.573 86.609 108.335
-999.250 -999.250 -999.250 -999.250 -999.250 -999.250 -999.250 -999.250 -999.250 -999.250 -999.250 -999.250 -999.250 -999.250 -999.250 -999.250 -999.250 -999.250 -999.250 -999.250 -999.250 -999.250 -999.250 -999.250 -999.250 -999.250 -999.250 -999.250 -999.250 -999.250 377.680 354.696 342.129 350.689 351.211 297.075 296.451 210.676 213.336 197.367 174.264 172.534 158.649 185.716 175.661 177.964 158.028 145.975 155.492 137.344 138.197 105.536 102.289 100.045 90.077 80.593 70.712 71.605 59.329 62.820 73.141 68.263 80.457 88.848 97.635
-999.250 -999.250 -999.250 -999.250 -999.250 -999.250 -999.250 -999.250 -999.250 -999.250 -999.250 -999.250 -999.250 -999.250 -999.250 -999.250 -999.250 -999.250 -999.250 -999.250 -999.250 -999.250 -999.250 -999.250 -999.250 -999.250 -999.250 -999.250 -999.250 -999.250 282.856 347.456 360.387 326.560 296.575 286.323 243.972 222.762 202.685 201.516 182.451 163.386 169.253 182.787 167.035 154.456 137.837 151.123 145.241 157.234 117.260 99.866 87.994 83.871 84.670 80.130 65.959 65.355 62.055 63.371 70.842 73.101 87.525 83.842 100.653
-999.250 -999.250 -999.250 -999.250 -999.250 -999.250 -999.250 -999.250 -999.250 -999.250 -999.250 -999.250 -999.250 -999.250 -999.250 -999.250 -999.250 -999.250 -999.250 -999.250 -999.250 -999.250 -999.250 -999.250 -999.250 -999.250 -999.250 -999.250 -999.250 -999.250 303.532 295.328 261.046 293.101 259.911 248.528 208.250 211.387 202.358 212.532 197.219 163.430 148.914 160.776 160.466 125.043 151.450 128.942 125.849 115.184 97.492 95.535 80.700 83.237 76.391 71.891 59.653 57.949 57.056 63.355 66.080 61.009 65.271 73.333 78.744
-999.250 -999.250 -999.250 -999.250 -999.250 -999.250 -999.250 -999.250 -999.250 -999.250 -999.250 -999.250 -999.250 -999.250 -999.250 -999.250 -999.250 -999.250 -999.250 -999.250 -999.250 -999.250 -999.250 -999.250 -999.250 -999.250 -999.250 -999.250 -999.250 -999.250 249.804 262.919 242.137 226.976 211.124 201.683 205.522 195.947 179.029 182.129 187.438 173.797 152.914 142.230 138.703 144.456 131.100 118.238 127.153 94.125 105.981 86.383 87.874 78.972 72.658 78.405 65.141 66.097 69.304 63.061 49.217 44.282 58.482 63.856 72.384
-999.250 -999.250 -999.250 -999.250 -999.250 -999.250 -999.250 -999.250 -999.250 -999.250 -999.250 -999.250 -999.250 -999.250 -999.250 -999.250 -999.250 -999.250 -999.250 -999.250 -999.250 -999.250 -999.250 -999.250 -999.250 -999.250 -999.250 -999.250 -999.250 -999.250 -999.250 233.226 210.814 205.709 186.426 191.184 180.378 183.504 185.695 180.475 164.625 161.790 145.678 144.941 145.794 120.311 127.341 136.244 98.525 101.480 97.553 99.936 80.355 58.788 60.184 53.054 53.250 49.672 57.395 46.951 43.720 28.781 50.876 67.924 77.781
-999.250 -999.250 -999.250 -999.250 -999.250 -999.250 -999.250 -999.250 -999.250 -999.250 -999.250 -999.250 -999.250 -999.250 -999.250 -999.250 -999.250 -999.250 -999.250 -999.250 -999.250 -999.250 -999.250 -999.250 -999.250 -999.250 -999.250 -999.250 -999.250 -999.250 -999.250 236.828 207.333 199.141 182.039 174.114 159.024 176.271 183.351 161.083 174.331 155.291 152.560 144.413 159.726 132.058 137.364 142.401 111.871 92.027 99.922 99.517 80.263 67.192 63.232 52.272 51.507 53.453 40.862 49.758 47.672 39.929 51.198 67.923 80.905
-999.250 -999.250 -999.250 -999.250 -999.250 -999.250 -999.250 -999.250 -999.250 -999.250 -999.250 -999.250 -999.250 -999.250 -999.250 -999.250 -999.250 -999.250 -999.250 -999.250 -999.250 -999.250 -999.250 -999.250 -999.250 -999.250 -999.250 -999.250 -999.250 -999.250 186.911 199.480 193.959 177.449 190.506 163.651 171.547 166.322 165.482 164.473 158.541 161.509 169.273 173.725 164.609 144.986 122.219 110.294 110.718 95.299 96.327 83.225 64.111 61.126 52.416 48.451 38.843 43.004 48.055 64.030 46.285 56.022 52.086 76.853 68.546
-999.250 -999.250 -999.250 -999.250 -999.250 -999.250 -999.250 -999.250 -999.250 -999.250 -999.250 -999.250 -999.250 -999.250 -999.250 -999.250 -999.250 -999.250 -999.250 -999.250 -999.250 -999.250 -999.250 -999.250 -999.250 -999.250 -999.250 -999.250 -999.250 -999.250 170.930 184.227 170.618 172.325 183.797 153.351 170.397 166.657 171.647 156.629 180.268 174.416 179.642 161.704 157.950 149.844 119.742 125.486 114.424 98.994 91.633 83.169 59.998 49.174 34.751 30.978 33.273 37.593 45.023 49.612 51.235 65.863 57.223 75.823 84.200
-999.250 -999.250 -999.250 -999.250 -999.250 -999.250 -999.250 -999.250 -999.250 -999.250 -999.250 -999.250 -999.250 -999.250 -999.250 -999.250 -999.250 -999.250 -999.250 -999.250 -999.250 -999.250 -999.250 -999.250 -999.250 -999.250 -999.250 -999.250 -999.250 -999.250 159.538 170.967 166.341 165.369 155.556 163.701 143.435 153.357 151.537 154.232 157.073 150.618 155.418 164.468 154.576 151.248 128.006 127.068 103.088 99.252 86.337 69.272 49.819 46.959 30.495 0.000 26.664 39.005 43.487 40.145 46.272 66.416 67.121 67.194 76.161
-999.250 -999.250 -999.250 -999.250 -999.250 -999.250 -999.250 -999.250 -999.250 -999.250 -999.250 -999.250 -999.250 -999.250 -999.250 -999.250 -999.250 -999.250 -999.250 -999.250 -999.250 -999.250 -999.250 -999.250 -999.250 -999.250 -999.250 -999.250 -999.250 -999.250 141.191 165.172 164.569 168.990 152.858 156.604 156.033 149.333 149.596 146.909 151.887 160.456 177.253 171.374 159.988 156.737 140.926 116.903 100.840 90.576 79.981 62.540 42.550 43.955 39.475 28.979 33.309 40.400 44.546 52.841 60.163 60.121 67.831 68.340 81.862
-999.250 -999.250 -999.250 -999.250 -999.250 -999.250 -999.250 -999.250 -999.250 -999.250 -999.250 -999.250 -999.250 -999.250 -999.250 -999.250 -999.250 -999.250 -999.250 -999.250 -999.250 -999.250 -999.250 -999.250 -999.250 -999.250 -999.250 -999.250 -999.250 -999.250 152.162 150.723 164.803 173.848 176.507 173.183 168.494 168.240 157.750 121.374 146.928 165.747 164.890 172.747 152.993 157.711 132.863 113.583 111.658 92.335 76.367 75.985 61.746 51.130 48.671 42.793 40.503 46.994 56.171 54.093 64.169 61.511 60.072 75.068 76.691
-999.250 -999.250 -999.250 -999.250 -999.250 -999.250 -999.250 -999.250 -999.250 -999.250 -999.250 -999.250 -999.250 -999.250 -999.250 -999.250 -999.250 -999.250 -999.250 -999.250 -999.250 -999.250 -999.250 -999.250 -999.250 -999.250 -999.250 -999.250 -999.250 157.888 161.906 148.437 151.654 155.833 145.537 161.563 169.184 170.792 157.469 158.518 156.943 162.263 164.244 168.363 138.160 143.307 139.071 114.484 100.419 87.530 88.183 70.049 64.645 57.107 57.207 48.934 49.356 46.700 60.527 52.043 58.319 71.767 75.358 73.061 83.978
-999.250 -999.250 -999.250 -999.250 -999.250 -999.250 -999.250 -999.250 -999.250 -999.250 -999.250 -999.250 -999.250 -999.250 -999.250 -999.250 -999.250 -999.250 -999.250 -999.250 -999.250 -999.250 -999.250 -999.250 -999.250 -999.250 -999.250 -999.250 -999.250 -999.250 165.846 162.236 149.599 139.149 149.684 152.677 166.198 164.553 154.893 141.989 138.713 144.661 162.521 155.518 149.610 123.743 135.967 133.920 109.645 90.019 84.908 63.726 71.948 72.851 65.979 57.643 63.703 60.335 58.991 63.267 73.269 68.095 71.090 76.022 68.641
-999.250 -999.250 -999.250 -999.250 -999.250 -999.250 -999.250 -999.250 -999.250 -999.250 -999.250 -999.250 -999.250 -999.250 -999.250 -999.250 -999.250 -999.250 -999.250 -999.250 -999.250 -999.250 -999.250 -999.250 -999.250 -999.250 -999.250 -999.250 -999.250 -999.250 153.646 160.018 141.688 167.276 145.116 158.473 144.154 154.371 162.456 136.256 159.689 157.544 165.754 161.030 146.202 122.252 130.713 118.091 102.640 97.171 82.983 70.943 84.355 81.573 66.775 66.701 57.592 68.835 64.875 80.857 72.480 74.127 72.907 75.482 74.953
-999.250 -999.250 -999.250 -999.250 -999.250 -999.250 -999.250 -999.250 -999.250 -999.250 -999.250 -999.250 -999.250 -999.250 -999.250 -999.250 -999.250 -999.250 -999.250 -999.250 -999.250 -999.250 -999.250 -999.250 -999.250 -999.250 -999.250 -999.250 -999.250 -999.250 -999.250 147.639 155.518 173.640 172.175 149.875 151.836 153.810 154.802 145.039 153.401 147.976 159.528 162.699 135.563 150.744 131.371 132.790 112.438 94.483 82.055 93.149 82.724 82.990 70.464 69.927 77.049 68.934 69.286 85.038 68.357 69.605 68.567 67.634 77.213
-999.250 -999.250 -999.250 -999.250 -999.250 -999.250 -999.250 -999.250 -999.250 -999.250 -999.250 -999.250 -999.250 -999.250 -999.250 -999.250 -999.250 -999.250 -999.250 -999.250 -999.250 -999.250 -999.250 -999.250 -999.250 -999.250 -999.250 -999.250 -999.250 -999.250 -999.250 147.869 163.667 164.965 182.744 157.793 144.138 145.433 147.930 154.677 154.464 153.633 149.746 148.857 141.414 131.901 127.382 110.834 111.200 96.124 83.831 82.777 96.715 81.643 84.327 74.020 76.379 83.942 72.533 82.305 87.169 76.351 71.677 63.352 69.786
-999.250 -999.250 -999.250 -999.250 -999.250 -999.250 -999.250 -999.250 -999.250 -999.250 -999.250 -999.250 -999.250 -999.250 -999.250 -999.250 -999.250 -999.250 -999.250 -999.250 -999.250 -999.250 -999.250 -999.250 -999.250 -999.250 -999.250 -999.250 -999.250 -999.250 146.560 144.462 154.832 166.332 165.621 180.471 148.881 138.733 146.537 150.184 147.006 151.622 156.335 143.604 134.212 124.871 129.644 107.728 101.794 100.344 84.814 80.865 88.229 85.455 78.397 86.914 89.324 67.145 75.573 86.800 82.151 85.600 74.477 65.764 44.610
-999.250 -999.250 -999.250 -999.250 -999.250 -999.250 -999.250 -999.250 -999.250 -999.250 -999.250 -999.250 -999.250 -999.250 -999.250 -999.250 -999.250 -999.250 -999.250 -999.250 -999.250 -999.250 -999.250 -999.250 -999.250 -999.250 -999.250 -999.250 -999.250 -999.250 143.508 131.854 129.829 138.389 140.361 140.698 142.219 135.783 122.037 142.585 131.314 127.599 126.633 133.061 139.981 128.283 121.220 112.314 104.157 87.659 87.429 82.972 86.095 85.084 114.357 91.054 86.660 81.999 94.484 108.387 78.468 82.128 87.873 73.404 72.764
-999.250 -999.250 -999.250 -999.250 -999.250 -999.250 -999.250 -999.250 -999.250 -999.250 -999.250 -999.250 -999.250 -999.250 -999.250 -999.250 -999.250 -999.250 -999.250 -999.250 -999.250 -999.250 -999.250 -999.250 -999.250 -999.250 -999.250 -999.250 -999.250 -999.250 129.204 136.840 135.341 125.192 126.370 135.583 134.179 116.513 116.804 126.273 108.978 128.372 138.036 119.856 111.878 112.155 108.654 116.589 96.492 97.174 90.846 82.890 90.924 92.022 91.690 104.381 101.951 100.754 100.544 98.667 111.272 107.768 87.752 82.444 82.973
-999.250 -999.250 -999.250 -999.250 -999.250 -999.250 -999.250 -999.250 -999.250 -999.250 -999.250 -999.250 -999.250 -999.250 -999.250 -999.250 -999.250 -999.250 -999.250 -999.250 -999.250 -999.250 -999.250 -999.250 -999.250 -999.250 -999.250 -999.250 -999.250 -999.250 101.070 130.542 119.550 115.977 117.082 118.622 106.208 117.908 105.118 94.681 93.904 118.063 104.009 96.443 102.038 97.940 112.530 99.871 95.872 111.269 100.081 96.782 96.745 91.809 96.448 104.051 99.372 99.864 97.636 103.577 106.365 94.205 90.790 97.990 78.455
