data/medianmodel_23-Apr-2020.asc
ncols	141
nrows	288
xllcorner	-120191.398
yllcorner	-301404.813
cellsize	2000.000
NODATA_value	-999.250
[rows 240 to 269 of 288, columns 0 to 67 of 141]
-999.250 -999.250 -999.250 -999.250 -999.250 -999.250 -999.250 -999.250 -999.250 -999.250 -999.250 -999.250 -999.250 -999.250 -999.250 -999.250 -999.250 -999.250 -999.250 -999.250 -999.250 -999.250 -999.250 -999.250 -999.250 -999.250 -999.250 -999.250 -999.250 -999.250 8.008 8.456 14.153 14.659 14.694 15.239 17.872 19.191 18.791 18.601 21.372 19.167 24.998 21.872 20.545 24.293 23.336 25.299 21.798 24.421 23.863 24.961 23.988 25.460 23.491 25.243 25.459 25.335 23.983 19.810 20.010 17.047 18.071 17.815 18.228 18.285 18.585 18.257
-999.250 -999.250 -999.250 -999.250 -999.250 -999.250 -999.250 -999.250 -999.250 -999.250 -999.250 -999.250 -999.250 -999.250 -999.250 -999.250 -999.250 -999.250 -999.250 -999.250 -999.250 -999.250 -999.250 -999.250 -999.250 -999.250 -999.250 -999.250 -999.250 -999.250 7.429 8.996 10.221 15.382 14.493 17.689 17.263 16.327 17.084 16.590 16.028 16.771 21.093 25.691 21.254 21.394 20.577 22.188 21.498 20.540 18.971 21.116 19.947 21.949 20.168 20.289 22.192 21.279 19.661 17.051 16.981 16.487 17.597 15.770 16.101 16.758 20.287 22.036
-999.250 -999.250 -999.250 -999.250 -999.250 -999.250 -999.250 -999.250 -999.250 -999.250 -999.250 -999.250 -999.250 -999.250 -999.250 -999.250 -999.250 -999.250 -999.250 -999.250 -999.250 -999.250 -999.250 -999.250 -999.250 -999.250 -999.250 -999.250 -999.250 -999.250 11.762 12.405 11.228 16.515 13.825 15.896 16.999 17.631 16.242 18.500 17.787 18.215 19.475 19.870 18.616 19.422 18.703 19.651 16.425 19.503 16.469 20.123 18.559 17.500 17.675 18.111 17.656 17.418 18.611 16.669 16.578 13.360 13.123 15.658 16.006 14.313 13.823 17.966
-999.250 -999.250 -999.250 -999.250 -999.250 -999.250 -999.250 -999.250 -999.250 -999.250 -999.250 -999.250 -999.250 -999.250 -999.250 -999.250 -999.250 -999.250 -999.250 -999.250 -999.250 -999.250 -999.250 -999.250 -999.250 -999.250 -999.250 -999.250 -999.250 -999.250 7.473 12.695 12.549 14.412 14.541 16.083 14.609 15.605 16.750 20.439 17.823 17.746 16.578 18.391 20.469 19.470 20.534 18.816 17.920 18.342 16.344 17.596 16.581 17.965 15.194 16.718 16.457 15.401 16.015 13.429 15.409 8.088 12.054 15.810 13.775 14.427 16.604 16.078
-999.250 -999.250 -999.250 -999.250 -999.250 -999.250 -999.250 -999.250 -999.250 -999.250 -999.250 -999.250 -999.250 -999.250 -999.250 -999.250 -999.250 -999.250 -999.250 -999.250 -999.250 -999.250 -999.250 -999.250 -999.250 -999.250 -999.250 -999.250 -999.250 -999.250 13.103 13.521 14.459 15.943 11.172 14.263 16.992 16.758 18.734 17.446 17.627 13.999 16.717 18.955 18.279 17.734 15.991 18.012 16.996 18.139 16.058 14.765 15.064 16.898 17.306 15.496 15.469 13.853 13.790 10.321 8.501 5.176 7.817 12.342 15.372 13.479 15.828 15.298
-999.250 -999.250 -999.250 -999.250 -999.250 -999.250 -999.250 -999.250 -999.250 -999.250 -999.250 -999.250 -999.250 -999.250 -999.250 -999.250 -999.250 -999.250 -999.250 -999.250 -999.250 -999.250 -999.250 -999.250 -999.250 -999.250 -999.250 -999.250 -999.250 -999.250 -999.250 14.250 12.369 12.349 12.339 12.697 14.850 17.462 18.700 18.927 15.391 15.136 14.960 16.830 18.102 19.301 16.601 13.576 15.975 14.006 15.647 16.283 14.638 14.191 12.999 13.687 10.461 12.004 10.913 7.837 3.007 0.000 6.349 11.191 14.175 11.994 10.782 14.108
-999.250 -999.250 -999.250 -999.250 -999.250 -999.250 -999.250 -999.250 -999.250 -999.250 -999.250 -999.250 -999.250 -999.250 -999.250 -999.250 -999.250 -999.250 -999.250 -999.250 -999.250 -999.250 -999.250 -999.250 -999.250 -999.250 -999.250 -999.250 -999.250 -999.250 -999.250 13.200 11.847 12.765 13.014 13.623 16.324 15.760 16.752 15.146 15.928 15.637 16.962 16.296 17.002 17.993 16.950 14.669 14.069 14.144 16.830 14.292 13.658 10.338 11.297 9.154 9.284 10.057 8.383 9.962 5.705 6.327 7.038 11.559 15.974 13.510 16.537 12.405
-999.250 -999.250 -999.250 -999.250 -999.250 -999.250 -999.250 -999.250 -999.250 -999.250 -999.250 -999.250 -999.250 -999.250 -999.250 -999.250 -999.250 -999.250 -999.250 -999.250 -999.250 -999.250 -999.250 -999.250 -999.250 -999.250 -999.250 -999.250 -999.250 -999.250 13.521 12.032 12.607 11.826 13.480 14.975 16.121 16.872 15.793 17.701 15.199 16.784 14.297 15.875 15.110 12.298 12.105 13.417 14.752 13.279 13.281 13.470 15.118 11.219 7.125 8.597 7.369 10.555 9.978 11.081 11.754 9.518 13.243 14.652 14.135 15.751 17.416 14.053
-999.250 -999.250 -999.250 -999.250 -999.250 -999.250 -999.250 -999.250 -999.250 -999.250 -999.250 -999.250 -999.250 -999.250 -999.250 -999.250 -999.250 -999.250 -999.250 -999.250 -999.250 -999.250 -999.250 -999.250 -999.250 -999.250 -999.250 -999.250 -999.250 -999.250 9.966 14.047 13.926 12.774 12.494 12.816 16.941 14.710 13.148 14.198 15.472 12.080 12.924 13.520 13.778 15.915 13.943 12.948 14.306 13.883 16.413 16.597 12.433 8.617 3.875 3.675 7.394 6.810 8.402 8.668 10.596 14.684 14.608 17.033 16.238 16.533 17.063 16.466
-999.250 -999.250 -999.250 -999.250 -999.250 -999.250 -999.250 -999.250 -999.250 -999.250 -999.250 -999.250 -999.250 -999.250 -999.250 -999.250 -999.250 -999.250 -999.250 -999.250 -999.250 -999.250 -999.250 -999.250 -999.250 -999.250 -999.250 -999.250 -999.250 -999.250 11.604 14.910 12.407 13.448 10.646 14.267 14.351 13.481 11.638 10.689 10.217 12.290 14.702 14.643 13.960 14.582 17.208 15.219 12.352 14.672 12.036 14.194 11.020 10.159 3.962 0.000 6.292 8.844 10.239 11.962 12.730 15.551 17.989 18.316 16.274 16.129 17.516 16.604
-999.250 -999.250 -999.250 -999.250 -999.250 -999.250 -999.250 -999.250 -999.250 -999.250 -999.250 -999.250 -999.250 -999.250 -999.250 -999.250 -999.250 -999.250 -999.250 -999.250 -999.250 -999.250 -999.250 -999.250 -999.250 -999.250 -999.250 -999.250 -999.250 -999.250 13.262 15.188 11.056 12.384 11.747 12.219 12.135 13.838 8.398 7.844 9.906 10.050 12.560 12.101 14.690 13.177 14.464 14.033 13.549 13.440 13.158 14.137 11.861 8.411 7.769 5.866 5.635 9.047 11.331 17.052 16.312 19.432 20.139 19.887 19.461 18.668 19.298 19.138
-999.250 -999.250 -999.250 -999.250 -999.250 -999.250 -999.250 -999.250 -999.250 -999.250 -999.250 -999.250 -999.250 -999.250 -999.250 -999.250 -999.250 -999.250 -999.250 -999.250 -999.250 -999.250 -999.250 -999.250 -999.250 -999.250 -999.250 -999.250 -999.250 -999.250 11.338 12.335 12.330 11.183 11.990 10.553 11.655 12.663 7.633 4.046 8.610 11.704 14.409 16.571 16.815 14.668 15.340 12.830 14.002 13.489 14.817 12.963 10.670 9.056 9.391 6.905 8.940 10.584 12.798 17.931 18.631 19.287 23.271 21.948 22.143 19.792 17.829 17.921
-999.250 -999.250 -999.250 -999.250 -999.250 -999.250 -999.250 -999.250 -999.250 -999.250 -999.250 -999.250 -999.250 -999.250 -999.250 -999.250 -999.250 -999.250 -999.250 -999.250 -999.250 -999.250 -999.250 -999.250 -999.250 -999.250 -999.250 -999.250 -999.250 14.038 13.666 13.400 10.671 13.641 12.532 11.590 13.096 11.906 7.834 7.279 11.063 12.165 15.399 16.287 15.882 18.817 16.614 15.497 17.087 15.934 16.698 14.396 15.444 12.561 14.311 13.998 15.228 15.302 17.582 18.629 21.197 20.967 22.493 22.450 22.143 19.711 20.684 18.088
-999.250 -999.250 -999.250 -999.250 -999.250 -999.250 -999.250 -999.250 -999.250 -999.250 -999.250 -999.250 -999.250 -999.250 -999.250 -999.250 -999.250 -999.250 -999.250 -999.250 -999.250 -999.250 -999.250 -999.250 -999.250 -999.250 -999.250 -999.250 -999.250 -999.250 14.783 10.370 12.229 14.616 13.777 12.614 11.768 12.070 9.934 13.136 12.503 16.664 13.765 18.487 16.981 18.324 17.324 16.992 19.054 17.425 17.669 17.118 12.646 17.821 16.725 16.497 16.183 18.158 18.623 21.301 21.946 23.129 23.965 24.263 24.509 21.993 25.250 21.174
-999.250 -999.250 -999.250 -999.250 -999.250 -999.250 -999.250 -999.250 -999.250 -999.250 -999.250 -999.250 -999.250 -999.250 -999.250 -999.250 -999.250 -999.250 -999.250 -999.250 -999.250 -999.250 -999.250 -999.250 -999.250 -999.250 -999.250 -999.250 -999.250 -999.250 16.900 15.331 15.139 14.751 15.374 12.605 12.226 12.682 14.834 14.310 14.192 14.350 17.378 17.889 18.122 17.783 19.408 18.494 16.836 18.243 17.505 16.763 17.147 18.355 18.853 18.718 16.072 20.450 23.146 23.187 20.010 24.947 27.314 28.143 33.983 31.615 27.199 26.235
-999.250 -999.250 -999.250 -999.250 -999.250 -999.250 -999.250 -999.250 -999.250 -999.250 -999.250 -999.250 -999.250 -999.250 -999.250 -999.250 -999.250 -999.250 -999.250 -999.250 -999.250 -999.250 -999.250 -999.250 -999.250 -999.250 -999.250 -999.250 -999.250 -999.250 -999.250 14.322 12.104 13.406 14.763 13.682 14.541 14.893 15.128 14.668 14.281 14.510 18.460 18.506 19.359 20.110 24.273 20.529 20.007 20.817 19.373 20.897 19.176 20.252 23.179 19.987 20.413 23.598 23.970 22.721 21.360 26.237 27.879 31.555 34.157 35.129 32.621 31.770
-999.250 -999.250 -999.250 -999.250 -999.250 -999.250 -999.250 -999.250 -999.250 -999.250 -999.250 -999.250 -999.250 -999.250 -999.250 -999.250 -999.250 -999.250 -999.250 -999.250 -999.250 -999.250 -999.250 -999.250 -999.250 -999.250 -999.250 -999.250 -999.250 -999.250 -999.250 13.545 14.895 13.159 13.789 14.682 16.312 14.551 14.436 13.332 16.561 13.930 14.189 18.305 18.729 18.366 19.393 21.445 20.567 21.648 20.595 18.739 21.416 21.455 22.999 26.750 24.604 24.955 28.202 29.048 29.558 32.329 32.300 34.841 38.358 42.541 41.334 36.962
-999.250 -999.250 -999.250 -999.250 -999.250 -999.250 -999.250 -999.250 -999.250 -999.250 -999.250 -999.250 -999.250 -999.250 -999.250 -999.250 -999.250 -999.250 -999.250 -999.250 -999.250 -999.250 -999.250 -999.250 -999.250 -999.250 -999.250 -999.250 -999.250 -999.250 11.977 14.793 13.576 13.555 15.873 17.536 15.897 14.704 14.084 14.282 15.321 16.725 17.790 16.696 15.259 15.589 18.781 19.875 18.868 18.146 23.143 19.882 21.606 21.927 28.264 28.515 28.330 24.810 28.664 28.162 31.304 35.512 36.197 42.638 44.610 38.620 37.770 35.818
-999.250 -999.250 -999.250 -999.250 -999.250 -999.250 -999.250 -999.250 -999.250 -999.250 -999.250 -999.250 -999.250 -999.250 -999.250 -999.250 -999.250 -999.250 -999.250 -999.250 -999.250 -999.250 -999.250 -999.250 -999.250 -999.250 -999.250 -999.250 -999.250 -999.250 14.376 15.236 16.099 14.962 16.250 16.629 14.741 14.301 12.332 12.357 12.954 15.162 15.404 14.908 12.215 14.529 14.813 18.429 18.218 17.402 21.116 21.784 23.593 22.766 25.321 27.607 30.115 29.459 28.583 34.503 30.514 39.557 37.075 36.944 38.706 39.019 38.171 37.017
-999.250 -999.250 -999.250 -999.250 -999.250 -999.250 -999.250 -999.250 -999.250 -999.250 -999.250 -999.250 -999.250 -999.250 -999.250 -999.250 -999.250 -999.250 -999.250 -999.250 -999.250 -999.250 -999.250 -999.250 -999.250 -999.250 -999.250 -999.250 -999.250 -999.250 11.907 12.418 16.467 18.132 19.142 17.451 14.897 14.106 16.195 12.559 10.567 14.582 13.876 14.705 14.930 15.952 16.797 15.819 17.058 17.869 20.452 21.992 26.080 22.645 24.627 26.852 29.100 25.812 28.301 33.427 39.955 39.082 43.978 42.617 41.280 39.567 37.628 35.044
-999.250 -999.250 -999.250 -999.250 -999.250 -999.250 -999.250 -999.250 -999.250 -999.250 -999.250 -999.250 -999.250 -999.250 -999.250 -999.250 -999.250 -999.250 -999.250 -999.250 -999.250 -999.250 -999.250 -999.250 -999.250 -999.250 -999.250 -999.250 -999.250 -999.250 13.347 10.911 15.315 16.405 16.609 13.341 14.355 12.792 12.252 14.044 11.486 12.473 14.458 16.514 16.516 16.867 16.957 18.421 18.254 18.241 21.012 21.009 23.879 23.410 27.381 26.023 28.482 29.766 32.967 37.811 40.661 39.417 42.273 39.963 36.153 42.168 39.701 39.233
-999.250 -999.250 -999.250 -999.250 -999.250 -999.250 -999.250 -999.250 -999.250 -999.250 -999.250 -999.250 -999.250 -999.250 -999.250 -999.250 -999.250 -999.250 -999.250 -999.250 -999.250 -999.250 -999.250 -999.250 -999.250 -999.250 -999.250 -999.250 -999.250 -999.250 12.480 14.486 14.977 16.309 14.513 14.705 13.241 11.089 13.727 14.231 12.753 15.280 16.998 15.170 15.173 13.781 16.939 18.542 17.193 19.528 19.177 22.463 21.711 25.495 26.812 28.027 29.710 34.712 33.263 39.656 38.662 45.363 41.598 41.954 46.156 40.346 41.965 35.057
-999.250 -999.250 -999.250 -999.250 -999.250 -999.250 -999.250 -999.250 -999.250 -999.250 -999.250 -999.250 -999.250 -999.250 -999.250 -999.250 -999.250 -999.250 -999.250 -999.250 -999.250 -999.250 -999.250 -999.250 -999.250 -999.250 -999.250 -999.250 -999.250 -999.250 9.917 10.081 12.030 15.015 13.414 13.096 13.023 13.762 14.592 12.929 12.151 13.064 12.835 15.174 14.870 15.818 18.202 19.375 20.530 16.756 21.841 20.360 24.861 23.181 26.244 28.648 32.077 34.927 35.162 34.184 38.793 41.016 40.050 39.749 39.683 35.719 37.946 42.403
-999.250 -999.250 -999.250 -999.250 -999.250 -999.250 -999.250 -999.250 -999.250 -999.250 -999.250 -999.250 -999.250 -999.250 -999.250 -999.250 -999.250 -999.250 -999.250 -999.250 -999.250 -999.250 -999.250 -999.250 -999.250 -999.250 -999.250 -999.250 -999.250 10.720 10.787 10.616 8.374 9.209 12.385 11.626 11.037 10.482 13.101 11.495 9.947 11.236 14.986 12.148 13.955 18.680 19.426 18.159 19.243 18.829 19.415 22.016 23.181 25.053 26.632 29.121 33.524 36.794 36.934 36.222 34.146 44.431 43.672 41.474 35.232 40.079 37.509 38.612
-999.250 -999.250 -999.250 -999.250 -999.250 -999.250 -999.250 -999.250 -999.250 -999.250 -999.250 -999.250 -999.250 -999.250 -999.250 -999.250 -999.250 -999.250 -999.250 -999.250 -999.250 -999.250 -999.250 -999.250 -999.250 -999.250 -999.250 -999.250 -999.250 12.618 11.108 7.006 7.660 7.863 9.641 11.282 12.775 9.720 7.432 9.067 9.741 9.867 9.273 11.346 14.070 13.573 14.551 16.584 18.137 18.120 19.699 20.284 22.041 23.784 28.071 30.932 36.398 34.926 34.194 37.839 41.264 40.779 42.224 42.332 45.846 39.207 37.997 42.746
-999.250 -999.250 -999.250 -999.250 -999.250 -999.250 -999.250 -999.250 -999.250 -999.250 -999.250 -999.250 -999.250 -999.250 -999.250 -999.250 -999.250 -999.250 -999.250 -999.250 -999.250 -999.250 -999.250 -999.250 -999.250 -999.250 -999.250 -999.250 7.238 10.725 10.019 9.546 9.006 8.767 10.207 10.137 6.860 8.812 6.890 8.518 6.613 7.458 10.514 9.527 14.032 11.505 14.141 14.386 16.409 14.404 18.263 19.383 23.124 31.184 30.096 34.545 32.586 31.295 40.661 36.164 39.811 40.357 41.773 39.101 42.333 38.609 36.019 32.348
-999.250 -999.250 -999.250 -999.250 -999.250 -999.250 -999.250 -999.250 -999.250 -999.250 -999.250 -999.250 -999.250 -999.250 -999.250 -999.250 -999.250 -999.250 -999.250 -999.250 -999.250 -999.250 -999.250 -999.250 -999.250 -999.250 -999.250 -999.250 8.173 6.554 7.425 7.585 8.971 5.858 7.448 10.225 9.530 9.844 7.824 4.714 4.440 4.870 8.686 11.572 9.588 11.132 11.819 12.801 15.204 18.453 20.336 20.021 23.016 25.380 31.886 32.313 31.941 30.372 32.332 40.589 43.042 39.672 39.424 38.104 42.870 36.476 33.014 27.471
-999.250 -999.250 -999.250 -999.250 -999.250 -999.250 -999.250 -999.250 -999.250 -999.250 -999.250 -999.250 -999.250 -999.250 -999.250 -999.250 -999.250 -999.250 -999.250 -999.250 -999.250 -999.250 -999.250 -999.250 -999.250 -999.250 -999.250 8.680 9.593 5.399 3.000 6.459 6.253 7.343 7.962 9.923 10.496 6.954 5.977 4.934 0.000 3.356 9.098 9.789 11.240 12.639 13.183 11.739 12.966 18.457 20.360 22.509 21.926 26.592 29.127 29.569 31.383 33.060 40.408 37.295 31.221 35.930 39.148 34.605 38.007 27.607 30.306 27.004
-999.250 -999.250 -999.250 -999.250 -999.250 -999.250 -999.250 -999.250 -999.250 -999.250 -999.250 -999.250 -999.250 -999.250 -999.250 -999.250 -999.250 -999.250 -999.250 -999.250 -999.250 -999.250 -999.250 -999.250 -999.250 -999.250 -999.250 7.984 7.768 4.243 0.000 3.116 6.911 6.071 6.258 8.113 11.155 8.444 6.765 4.982 3.860 6.691 7.969 7.422 9.576 10.151 10.907 14.051 15.635 19.612 21.102 23.793 22.561 24.417 25.205 31.634 28.454 34.893 33.661 37.038 31.066 40.058 35.012 29.093 30.534 31.278 25.995 29.566
-999.250 -999.250 -999.250 -999.250 -999.250 -999.250 -999.250 -999.250 -999.250 -999.250 -999.250 -999.250 -999.250 -999.250 -999.250 -999.250 -999.250 -999.250 -999.250 -999.250 -999.250 -999.250 -999.250 -999.250 -999.250 -999.250 -999.250 8.860 5.771 6.237 3.767 4.781 4.852 6.944 7.078 7.768 7.681 5.876 7.822 7.034 8.034 7.848 9.497 12.523 10.925 13.623 14.785 15.319 16.401 14.858 20.543 24.657 22.985 25.003 25.254 29.034 29.111 27.927 30.040 32.660 36.345 33.271 33.701 38.113 28.296 26.826 27.993 27.186
