data/medianmodel_30-Sep-2020.asc
ncols	141
nrows	288
xllcorner	-120191.398
yllcorner	-301404.813
cellsize	2000.000
NODATA_value	-999.250
[rows 150 to 179 of 288, columns 67 to 133 of 141]
31.947 25.711 19.366 14.229 10.877 9.178 7.243 6.408 2.214 3.995 9.677 13.503 23.112 35.364 55.433 79.240 100.411 136.213 165.459 184.454 201.069 229.125 231.359 216.939 209.565 178.539 154.651 140.007 -999.250 -999.250 -999.250 -999.250 -999.250 -999.250 -999.250 -999.250 -999.250 -999.250 -999.250 -999.250 -999.250 -999.250 -999.250 -999.250 -999.250 -999.250 -999.250 -999.250 -999.250 -999.250 -999.250 -999.250 -999.250 -999.250 -999.250 -999.250 -999.250 -999.250 -999.250 -999.250 -999.250 -999.250 -999.250 -999.250 -999.250 -999.250 -999.250
27.328 20.548 17.778 11.927 8.242 6.871 5.766 1.763 2.523 2.110 8.701 13.866 24.077 31.882 52.039 70.487 102.072 135.863 151.399 164.338 173.396 182.387 185.318 176.135 173.099 150.380 132.636 113.724 -999.250 -999.250 -999.250 -999.250 -999.250 -999.250 -999.250 -999.250 -999.250 -999.250 -999.250 -999.250 -999.250 -999.250 -999.250 -999.250 -999.250 -999.250 -999.250 -999.250 -999.250 -999.250 -999.250 -999.250 -999.250 -999.250 -999.250 -999.250 -999.250 -999.250 -999.250 -999.250 -999.250 -999.250 -999.250 -999.250 -999.250 -999.250 -999.250
21.825 16.572 12.237 8.368 5.910 1.512 3.217 1.284 0.000 2.462 6.246 13.506 20.396 30.960 50.814 66.861 92.924 117.952 131.193 145.047 153.526 167.825 153.409 145.521 140.094 131.853 105.041 94.518 -999.250 -999.250 -999.250 -999.250 -999.250 -999.250 -999.250 -999.250 -999.250 -999.250 -999.250 -999.250 -999.250 -999.250 -999.250 -999.250 -999.250 -999.250 -999.250 -999.250 -999.250 -999.250 -999.250 -999.250 -999.250 -999.250 -999.250 -999.250 -999.250 -999.250 -999.250 -999.250 -999.250 -999.250 -999.250 -999.250 -999.250 -999.250 -999.250
14.243 15.480 9.694 6.663 4.811 2.039 0.000 0.000 0.382 0.692 5.108 12.510 16.752 27.647 45.949 57.206 79.046 99.630 109.691 122.333 134.696 142.579 136.029 119.124 106.424 94.401 81.046 73.031 -999.250 -999.250 -999.250 -999.250 -999.250 -999.250 -999.250 -999.250 -999.250 -999.250 -999.250 -999.250 -999.250 -999.250 -999.250 -999.250 -999.250 -999.250 -999.250 -999.250 -999.250 -999.250 -999.250 -999.250 -999.250 -999.250 -999.250 -999.250 -999.250 -999.250 -999.250 -999.250 -999.250 -999.250 -999.250 -999.250 -999.250 -999.250 -999.250
12.331 11.450 9.000 7.520 4.533 6.523 5.422 4.402 1.930 0.108 6.410 7.834 12.772 19.418 32.754 51.487 65.539 79.445 86.600 105.070 113.628 118.812 110.572 96.412 81.453 66.556 62.438 56.585 -999.250 -999.250 -999.250 -999.250 -999.250 -999.250 -999.250 -999.250 -999.250 -999.250 -999.250 -999.250 -999.250 -999.250 -999.250 -999.250 -999.250 -999.250 -999.250 -999.250 -999.250 -999.250 -999.250 -999.250 -999.250 -999.250 -999.250 -999.250 -999.250 -999.250 -999.250 -999.250 -999.250 -999.250 -999.250 -999.250 -999.250 -999.250 -999.250
11.529 10.543 6.748 3.979 5.294 6.263 1.742 3.920 0.807 0.226 2.676 6.662 10.639 16.202 26.109 35.139 49.146 59.761 67.665 75.390 81.215 89.170 88.418 75.593 67.194 56.489 55.051 49.131 -999.250 -999.250 -999.250 -999.250 -999.250 -999.250 -999.250 -999.250 -999.250 -999.250 -999.250 -999.250 -999.250 -999.250 -999.250 -999.250 -999.250 -999.250 -999.250 -999.250 -999.250 -999.250 -999.250 -999.250 -999.250 -999.250 -999.250 -999.250 -999.250 -999.250 -999.250 -999.250 -999.250 -999.250 -999.250 -999.250 -999.250 -999.250 -999.250
11.803 10.764 9.891 10.588 8.234 3.601 4.623 5.513 2.342 0.595 2.027 3.896 7.785 12.421 16.710 22.441 30.409 40.673 49.660 55.836 62.253 71.864 70.903 62.909 59.166 48.140 40.544 39.320 33.091 -999.250 -999.250 -999.250 -999.250 -999.250 -999.250 -999.250 -999.250 -999.250 -999.250 -999.250 -999.250 -999.250 -999.250 -999.250 -999.250 -999.250 -999.250 -999.250 -999.250 -999.250 -999.250 -999.250 -999.250 -999.250 -999.250 -999.250 -999.250 -999.250 -999.250 -999.250 -999.250 -999.250 -999.250 -999.250 -999.250 -999.250 -999.250
13.541 15.322 12.160 10.906 8.683 4.755 7.337 6.466 3.395 6.736 3.870 3.511 7.742 9.817 11.546 13.311 14.655 24.480 33.517 47.915 55.444 58.057 61.354 59.964 54.077 47.146 37.945 30.740 26.362 21.655 -999.250 -999.250 -999.250 -999.250 -999.250 -999.250 -999.250 -999.250 -999.250 -999.250 -999.250 -999.250 -999.250 -999.250 -999.250 -999.250 -999.250 -999.250 -999.250 -999.250 -999.250 -999.250 -999.250 -999.250 -999.250 -999.250 -999.250 -999.250 -999.250 -999.250 -999.250 -999.250 -999.250 -999.250 -999.250 -999.250 -999.250
17.585 19.065 15.024 14.206 14.576 13.133 11.992 11.237 7.604 8.956 5.252 4.857 6.471 7.379 5.791 5.537 0.000 14.216 24.262 34.409 42.209 50.799 58.010 58.633 49.925 39.262 34.681 26.008 24.529 19.340 11.649 -999.250 -999.250 -999.250 -999.250 -999.250 -999.250 -999.250 -999.250 -999.250 -999.250 -999.250 -999.250 -999.250 -999.250 -999.250 -999.250 -999.250 -999.250 -999.250 -999.250 -999.250 -999.250 -999.250 -999.250 -999.250 -999.250 -999.250 -999.250 -999.250 -999.250 -999.250 -999.250 -999.250 -999.250 -999.250 -999.250
23.290 23.555 23.013 24.749 20.426 16.205 17.520 14.754 13.332 12.041 10.695 9.954 7.641 9.380 6.842 1.940 2.885 10.800 18.471 27.360 35.394 42.478 45.888 45.467 41.163 34.318 28.869 25.988 22.210 14.275 9.716 -999.250 -999.250 -999.250 -999.250 -999.250 -999.250 -999.250 -999.250 -999.250 -999.250 -999.250 -999.250 -999.250 -999.250 -999.250 -999.250 -999.250 -999.250 -999.250 -999.250 -999.250 -999.250 -999.250 -999.250 -999.250 -999.250 -999.250 -999.250 -999.250 -999.250 -999.250 -999.250 -999.250 -999.250 -999.250 -999.250
31.481 32.188 29.453 30.403 28.113 24.432 22.424 19.335 18.763 16.393 17.995 15.962 13.653 12.224 10.607 8.306 9.666 12.339 16.398 23.937 28.892 32.229 35.551 36.341 32.252 27.182 24.287 20.788 15.979 12.275 6.580 -999.250 -999.250 -999.250 -999.250 -999.250 -999.250 -999.250 -999.250 -999.250 -999.250 -999.250 -999.250 -999.250 -999.250 -999.250 -999.250 -999.250 -999.250 -999.250 -999.250 -999.250 -999.250 -999.250 -999.250 -999.250 -999.250 -999.250 -999.250 -999.250 -999.250 -999.250 -999.250 -999.250 -999.250 -999.250 -999.250
41.481 42.969 41.298 38.348 35.199 31.043 33.818 29.926 25.441 22.750 21.540 22.199 17.807 16.959 15.379 13.189 11.146 12.907 15.912 19.071 24.019 27.058 28.290 27.729 26.150 21.701 18.352 15.748 12.322 9.944 6.056 -999.250 -999.250 -999.250 -999.250 -999.250 -999.250 -999.250 -999.250 -999.250 -999.250 -999.250 -999.250 -999.250 -999.250 -999.250 -999.250 -999.250 -999.250 -999.250 -999.250 -999.250 -999.250 -999.250 -999.250 -999.250 -999.250 -999.250 -999.250 -999.250 -999.250 -999.250 -999.250 -999.250 -999.250 -999.250 -999.250
57.245 56.037 55.524 57.217 48.733 38.458 42.496 36.492 28.934 26.795 27.285 25.738 26.062 23.189 25.348 19.140 13.820 12.721 14.120 14.167 17.004 21.971 19.400 19.444 19.352 17.567 15.235 13.485 8.864 6.448 2.392 -999.250 -999.250 -999.250 -999.250 -999.250 -999.250 -999.250 -999.250 -999.250 -999.250 -999.250 -999.250 -999.250 -999.250 -999.250 -999.250 -999.250 -999.250 -999.250 -999.250 -999.250 -999.250 -999.250 -999.250 -999.250 -999.250 -999.250 -999.250 -999.250 -999.250 -999.250 -999.250 -999.250 -999.250 -999.250 -999.250
64.539 67.797 65.643 63.666 57.967 51.846 48.842 48.081 41.511 31.963 28.274 28.557 28.302 28.873 31.596 23.810 16.398 14.093 12.332 13.392 14.779 14.707 16.473 16.286 16.057 14.417 14.202 10.905 4.843 1.567 0.268 0.000 -999.250 -999.250 -999.250 -999.250 -999.250 -999.250 -999.250 -999.250 -999.250 -999.250 -999.250 -999.250 -999.250 -999.250 -999.250 -999.250 -999.250 -999.250 -999.250 -999.250 -999.250 -999.250 -999.250 -999.250 -999.250 -999.250 -999.250 -999.250 -999.250 -999.250 -999.250 -999.250 -999.250 -999.250 -999.250
77.639 82.827 74.807 77.077 68.555 65.253 59.104 57.756 48.344 37.642 31.703 31.543 28.025 31.634 26.583 18.929 14.461 12.686 12.174 10.373 12.154 11.235 13.845 13.604 14.018 11.910 10.343 8.133 3.578 3.032 1.174 0.000 0.000 -999.250 -999.250 -999.250 -999.250 -999.250 -999.250 -999.250 -999.250 -999.250 -999.250 -999.250 -999.250 -999.250 -999.250 -999.250 -999.250 -999.250 -999.250 -999.250 -999.250 -999.250 -999.250 -999.250 -999.250 -999.250 -999.250 -999.250 -999.250 -999.250 -999.250 -999.250 -999.250 -999.250 -999.250
88.940 98.085 89.184 79.453 80.466 71.611 69.808 65.011 56.183 41.212 31.890 28.792 27.304 24.047 21.931 16.099 13.464 11.997 10.973 11.687 10.139 11.859 11.618 14.145 12.614 9.358 9.382 3.974 5.584 2.431 0.000 0.000 0.000 0.189 5.391 5.903 -999.250 -999.250 -999.250 -999.250 -999.250 -999.250 -999.250 -999.250 -999.250 -999.250 -999.250 -999.250 -999.250 -999.250 -999.250 -999.250 -999.250 -999.250 -999.250 -999.250 -999.250 -999.250 -999.250 -999.250 -999.250 -999.250 -999.250 -999.250 -999.250 -999.250 -999.250
103.761 110.928 106.990 100.756 96.368 78.275 74.558 68.047 57.903 46.804 35.686 28.265 24.284 20.768 16.895 14.049 11.148 9.286 9.693 11.826 10.786 9.495 10.029 10.837 11.529 10.832 8.841 8.196 2.494 2.399 0.000 0.000 0.495 2.418 6.640 7.342 -999.250 -999.250 -999.250 -999.250 -999.250 -999.250 -999.250 -999.250 -999.250 -999.250 -999.250 -999.250 -999.250 -999.250 -999.250 -999.250 -999.250 -999.250 -999.250 -999.250 -999.250 -999.250 -999.250 -999.250 -999.250 -999.250 -999.250 -999.250 -999.250 -999.250 -999.250
112.522 114.598 114.871 107.681 105.205 93.637 81.589 69.649 61.324 51.341 36.993 29.267 22.577 15.724 12.917 10.629 10.034 6.456 8.378 9.230 11.735 12.961 13.619 10.545 13.281 11.921 10.691 9.117 7.127 3.710 0.182 1.685 1.749 2.623 7.120 -999.250 -999.250 -999.250 -999.250 -999.250 -999.250 -999.250 -999.250 -999.250 -999.250 -999.250 -999.250 -999.250 -999.250 -999.250 -999.250 -999.250 -999.250 -999.250 -999.250 -999.250 -999.250 -999.250 -999.250 -999.250 -999.250 -999.250 -999.250 -999.250 -999.250 -999.250 -999.250
111.446 120.408 123.960 126.542 126.377 110.692 84.406 73.623 62.719 55.995 42.000 27.099 20.731 12.702 9.831 4.271 4.788 6.094 6.489 10.263 11.339 13.300 15.216 15.961 16.350 15.521 13.409 11.143 7.402 3.891 1.506 0.000 0.160 2.722 2.709 -999.250 -999.250 -999.250 7.883 9.612 10.808 -999.250 -999.250 -999.250 -999.250 -999.250 -999.250 -999.250 -999.250 -999.250 -999.250 -999.250 -999.250 -999.250 -999.250 -999.250 -999.250 -999.250 -999.250 -999.250 -999.250 -999.250 -999.250 -999.250 -999.250 -999.250 -999.250
122.645 137.396 143.930 146.419 133.682 120.916 106.424 79.486 65.033 50.825 35.056 24.771 14.726 8.658 2.796 3.107 2.788 5.701 7.781 9.957 14.031 15.437 17.111 19.068 19.119 17.451 16.063 14.971 11.121 5.665 2.026 0.000 0.515 5.196 5.156 7.835 7.368 8.161 8.667 10.341 12.572 12.884 -999.250 -999.250 -999.250 -999.250 -999.250 -999.250 -999.250 -999.250 -999.250 -999.250 -999.250 -999.250 -999.250 -999.250 -999.250 -999.250 -999.250 -999.250 -999.250 -999.250 -999.250 -999.250 -999.250 -999.250 -999.250
132.216 141.548 154.542 164.822 147.912 122.714 108.667 83.585 64.222 51.257 35.479 26.829 13.894 0.000 0.000 0.000 0.841 3.599 4.282 10.714 12.427 14.385 20.839 21.955 23.027 22.194 19.121 15.059 12.675 10.517 2.904 1.929 1.820 4.970 6.643 7.564 5.603 7.907 9.775 11.653 12.700 14.341 14.323 -999.250 -999.250 -999.250 -999.250 -999.250 -999.250 -999.250 -999.250 -999.250 -999.250 -999.250 -999.250 -999.250 -999.250 -999.250 -999.250 -999.250 -999.250 -999.250 -999.250 -999.250 -999.250 -999.250 -999.250
125.122 137.794 142.998 144.818 138.801 120.542 108.904 81.351 62.933 51.782 41.511 25.274 13.734 4.248 0.000 0.000 1.629 2.793 6.421 7.832 13.157 14.590 20.553 25.210 27.187 27.088 22.999 17.390 11.598 10.120 7.649 7.900 6.445 7.447 6.470 8.367 8.321 10.893 12.177 11.718 13.784 14.261 15.757 -999.250 -999.250 -999.250 -999.250 -999.250 -999.250 -999.250 -999.250 -999.250 -999.250 -999.250 -999.250 -999.250 -999.250 -999.250 -999.250 -999.250 -999.250 -999.250 -999.250 -999.250 -999.250 -999.250 -999.250
125.681 132.365 130.708 131.323 123.193 111.809 93.187 76.917 65.641 51.353 39.812 29.261 14.756 9.058 4.756 0.000 2.422 4.780 5.762 9.426 10.524 13.583 19.498 25.169 33.613 28.223 23.048 17.335 14.814 13.880 9.853 9.001 10.979 8.028 8.678 9.669 8.801 12.804 11.940 12.595 14.430 15.865 16.075 -999.250 -999.250 -999.250 -999.250 -999.250 -999.250 -999.250 -999.250 -999.250 -999.250 -999.250 -999.250 -999.250 -999.250 -999.250 -999.250 -999.250 -999.250 -999.250 -999.250 -999.250 -999.250 -999.250 -999.250
119.279 127.691 123.406 121.828 109.981 108.517 91.214 74.967 63.749 54.552 38.651 26.053 17.429 11.699 3.497 3.595 4.404 4.786 3.164 7.861 9.672 15.260 17.553 24.768 27.238 25.495 19.911 18.279 14.959 13.362 12.876 11.265 11.373 9.709 11.284 10.149 9.914 10.621 11.057 12.583 13.622 14.038 15.923 19.468 -999.250 -999.250 -999.250 -999.250 -999.250 -999.250 -999.250 -999.250 -999.250 -999.250 -999.250 -999.250 -999.250 -999.250 -999.250 -999.250 -999.250 -999.250 -999.250 -999.250 -999.250 -999.250 -999.250
112.811 114.365 106.111 114.971 102.870 92.578 84.867 77.560 60.865 53.397 41.016 27.225 19.178 14.719 8.979 4.240 3.244 1.015 5.156 7.402 10.485 12.451 14.793 21.251 22.592 20.448 18.880 18.388 14.899 11.961 11.662 10.561 11.258 11.650 10.158 9.235 10.863 11.406 10.475 11.965 13.564 14.351 17.740 -999.250 -999.250 -999.250 -999.250 -999.250 -999.250 -999.250 -999.250 -999.250 -999.250 -999.250 -999.250 -999.250 -999.250 -999.250 -999.250 -999.250 -999.250 -999.250 -999.250 -999.250 -999.250 -999.250 -999.250
100.228 102.583 100.128 93.909 86.027 77.222 75.769 69.183 59.273 50.787 39.233 28.138 20.907 14.045 10.688 2.919 1.595 0.097 1.371 2.293 3.468 10.660 13.366 16.363 18.705 17.303 16.922 15.001 12.573 10.266 11.956 12.392 12.929 11.495 11.612 10.322 12.157 12.613 12.002 11.781 13.880 15.881 -999.250 -999.250 -999.250 -999.250 -999.250 -999.250 -999.250 -999.250 -999.250 -999.250 -999.250 -999.250 -999.250 -999.250 -999.250 -999.250 -999.250 -999.250 -999.250 -999.250 -999.250 -999.250 -999.250 -999.250 -999.250
86.499 83.694 86.880 80.177 81.074 71.497 65.628 61.153 57.764 47.797 38.872 28.844 22.666 15.011 9.813 2.216 1.688 0.000 0.000 0.000 2.641 7.517 9.084 12.049 13.776 15.239 13.912 13.013 11.111 10.561 10.840 12.140 12.281 12.686 12.178 11.561 10.634 13.092 12.214 14.049 14.836 18.978 -999.250 -999.250 -999.250 -999.250 -999.250 -999.250 -999.250 -999.250 -999.250 -999.250 -999.250 -999.250 -999.250 -999.250 -999.250 -999.250 -999.250 -999.250 -999.250 -999.250 -999.250 -999.250 -999.250 -999.250 -999.250
77.733 76.065 64.586 73.634 67.308 63.351 61.857 58.833 51.955 42.364 33.773 28.741 21.526 13.350 8.933 6.246 2.332 1.065 0.000 0.000 3.645 3.781 5.455 10.283 11.811 12.159 11.100 13.765 11.522 10.758 10.967 12.706 11.925 12.231 13.122 13.435 11.470 14.348 15.906 15.918 18.135 -999.250 -999.250 -999.250 -999.250 -999.250 -999.250 -999.250 -999.250 -999.250 -999.250 -999.250 -999.250 -999.250 -999.250 -999.250 -999.250 -999.250 -999.250 -999.250 -999.250 -999.250 -999.250 -999.250 -999.250 -999.250 -999.250
69.517 62.913 68.153 63.810 63.499 61.978 57.856 49.961 50.709 39.347 32.556 26.654 21.984 13.264 9.699 6.438 2.285 0.000 0.679 0.000 0.000 0.347 1.685 3.237 8.209 6.445 8.630 10.898 10.182 12.450 11.248 12.335 11.120 11.821 13.115 14.445 14.857 15.160 15.281 15.623 16.562 -999.250 -999.250 -999.250 -999.250 -999.250 -999.250 -999.250 -999.250 -999.250 -999.250 -999.250 -999.250 -999.250 -999.250 -999.250 -999.250 -999.250 -999.250 -999.250 -999.250 -999.250 -999.250 -999.250 -999.250 -999.250 -999.250
59.917 62.361 62.319 62.144 61.112 56.999 54.335 51.010 45.429 41.491 30.720 25.081 22.117 14.664 10.792 9.213 3.979 1.440 0.000 0.000 0.000 0.000 0.000 2.390 2.946 5.293 7.481 8.734 9.850 8.605 10.634 10.412 11.694 12.488 12.552 14.205 16.921 17.326 18.337 16.743 -999.250 -999.250 -999.250 -999.250 -999.250 -999.250 -999.250 -999.250 -999.250 -999.250 -999.250 -999.250 -999.250 -999.250 -999.250 -999.250 -999.250 -999.250 -999.250 -999.250 -999.250 -999.250 -999.250 -999.250 -999.250 -999.250 -999.250
