data/medianmodel_04-Apr-2020.asc
ncols	141
nrows	288
xllcorner	-120191.398
yllcorner	-301404.813
cellsize	2000.000
NODATA_value	-999.250
[rows 120 to 149 of 288, columns 0 to 67 of 141]
-999.250 -999.250 -999.250 -999.250 -999.250 -999.250 -999.250 -999.250 -999.250 -999.250 -999.250 -999.250 -999.250 -999.250 -999.250 -999.250 -999.250 -999.250 -999.250 -999.250 -999.250 -999.250 -999.250 -999.250 -999.250 -999.250 32.711 40.247 36.277 35.037 32.635 31.823 30.630 31.425 31.852 31.394 35.006 45.202 46.131 57.361 63.540 57.620 52.291 51.465 41.066 29.214 20.104 16.193 16.440 17.149 20.759 23.455 24.644 25.810 27.070 25.396 27.215 32.880 47.681 51.288 46.723 53.762 49.212 50.520 48.969 43.994 41.934 36.816
-999.250 -999.250 -999.250 -999.250 -999.250 -999.250 -999.250 -999.250 -999.250 -999.250 -999.250 -999.250 -999.250 -999.250 -999.250 -999.250 -999.250 -999.250 -999.250 -999.250 -999.250 -999.250 -999.250 -999.250 -999.250 36.255 40.348 42.619 41.985 34.589 29.381 34.041 41.764 36.115 35.740 39.841 48.182 55.639 54.055 56.926 60.579 58.934 53.084 50.317 48.596 33.702 27.683 17.605 21.611 27.232 30.755 33.106 34.999 36.961 39.212 33.995 38.858 41.710 58.651 56.156 47.567 46.311 39.546 46.197 37.410 37.254 36.068 27.590
-999.250 -999.250 -999.250 -999.250 -999.250 -999.250 -999.250 -999.250 -999.250 -999.250 -999.250 -999.250 -999.250 -999.250 -999.250 -999.250 -999.250 -999.250 -999.250 -999.250 -999.250 -999.250 -999.250 -999.250 -999.250 37.556 30.503 36.974 43.079 31.050 29.677 35.397 30.358 34.255 43.101 48.812 58.123 52.037 61.769 69.110 68.626 66.264 67.046 67.761 55.251 55.208 49.771 33.225 42.694 52.345 52.959 54.315 51.246 50.077 52.039 46.999 47.472 47.160 56.041 54.044 54.118 43.019 32.641 34.726 32.545 29.336 26.870 20.736
-999.250 -999.250 -999.250 -999.250 -999.250 -999.250 -999.250 -999.250 -999.250 -999.250 -999.250 -999.250 -999.250 -999.250 -999.250 -999.250 -999.250 -999.250 -999.250 -999.250 -999.250 -999.250 -999.250 -999.250 -999.250 30.747 34.601 34.124 32.766 35.760 35.615 28.103 42.339 43.358 43.882 60.570 63.443 68.183 83.558 77.410 80.878 105.193 99.699 87.293 93.350 91.332 91.941 87.895 83.865 92.809 106.075 98.403 75.401 67.671 69.986 64.854 52.784 55.796 48.495 52.632 41.086 37.938 29.556 29.062 28.633 25.200 20.781 17.709
-999.250 -999.250 -999.250 -999.250 -999.250 -999.250 -999.250 -999.250 -999.250 -999.250 -999.250 -999.250 -999.250 -999.250 -999.250 -999.250 -999.250 -999.250 -999.250 -999.250 -999.250 -999.250 -999.250 -999.250 27.419 29.967 35.159 35.193 32.123 30.414 33.079 31.886 41.474 51.661 54.119 52.248 61.264 72.667 81.596 92.892 91.288 107.158 138.722 119.854 129.622 142.991 151.765 160.181 165.801 162.132 151.538 134.515 114.530 98.191 87.561 75.592 57.752 57.831 57.211 42.375 38.323 34.792 23.229 21.734 20.852 18.715 17.910 16.584
-999.250 -999.250 -999.250 -999.250 -999.250 -999.250 -999.250 -999.250 -999.250 -999.250 -999.250 -999.250 -999.250 -999.250 -999.250 -999.250 -999.250 -999.250 -999.250 -999.250 -999.250 -999.250 -999.250 -999.250 22.187 26.872 31.507 29.176 30.033 29.820 29.712 36.839 36.154 45.123 51.494 60.224 66.472 79.328 88.721 111.279 123.729 128.400 135.692 153.279 167.903 173.832 216.418 240.652 278.361 258.547 224.447 184.873 163.444 131.688 107.759 80.853 58.698 60.196 44.022 35.761 36.648 28.486 25.148 20.081 19.438 15.186 13.877 12.273
-999.250 -999.250 -999.250 -999.250 -999.250 -999.250 -999.250 -999.250 -999.250 -999.250 -999.250 -999.250 -999.250 -999.250 -999.250 -999.250 -999.250 -999.250 -999.250 -999.250 -999.250 -999.250 -999.250 24.181 25.778 25.277 25.532 27.351 27.070 31.426 32.632 32.921 35.498 51.425 50.313 63.255 65.186 76.416 99.453 98.102 122.159 157.823 156.406 179.909 200.547 271.164 294.679 307.434 331.558 311.525 276.509 232.112 198.195 165.338 125.247 100.503 72.955 58.898 48.970 38.963 27.248 24.376 17.889 15.226 14.406 12.281 11.821 9.803
-999.250 -999.250 -999.250 -999.250 -999.250 -999.250 -999.250 -999.250 -999.250 -999.250 -999.250 -999.250 -999.250 -999.250 -999.250 -999.250 -999.250 -999.250 -999.250 -999.250 -999.250 -999.250 -999.250 18.690 25.264 25.188 25.090 27.846 31.421 33.447 30.826 35.217 39.904 51.745 52.878 61.560 66.693 74.840 83.463 112.406 141.044 161.970 186.335 213.708 253.054 298.066 339.860 367.260 409.141 364.170 314.914 269.312 244.140 183.731 141.929 107.038 74.996 55.273 47.689 34.528 32.098 23.056 18.745 13.344 9.082 8.738 5.577 8.764
-999.250 -999.250 -999.250 -999.250 -999.250 -999.250 -999.250 -999.250 -999.250 -999.250 -999.250 -999.250 -999.250 -999.250 -999.250 -999.250 -999.250 -999.250 -999.250 -999.250 -999.250 -999.250 -999.250 16.978 22.371 25.102 24.342 26.942 28.307 33.331 32.227 31.487 39.165 50.171 55.177 51.539 78.592 82.117 112.100 138.539 157.828 163.476 176.522 221.719 284.329 319.529 398.231 404.730 485.069 458.064 372.355 300.591 224.168 184.837 138.370 112.448 96.355 54.658 43.344 36.944 28.933 20.963 13.720 9.055 5.502 5.023 6.351 7.412
-999.250 -999.250 -999.250 -999.250 -999.250 -999.250 -999.250 -999.250 -999.250 -999.250 -999.250 -999.250 -999.250 -999.250 -999.250 -999.250 -999.250 -999.250 -999.250 -999.250 -999.250 -999.250 21.376 20.338 23.746 22.148 23.189 29.666 24.306 24.629 24.108 28.991 37.972 44.678 50.267 55.705 74.046 84.119 94.772 134.214 143.421 178.217 185.144 226.217 285.323 348.518 398.092 451.493 458.496 418.458 341.262 280.691 231.575 169.777 131.749 93.096 71.754 52.724 36.435 28.971 23.440 16.435 13.684 7.879 6.660 3.647 4.576 7.885
-999.250 -999.250 -999.250 -999.250 -999.250 -999.250 -999.250 -999.250 -999.250 -999.250 -999.250 -999.250 -999.250 -999.250 -999.250 -999.250 -999.250 -999.250 -999.250 -999.250 -999.250 -999.250 20.971 20.511 19.517 21.334 24.209 25.150 25.980 26.913 26.344 29.189 33.391 42.019 47.252 57.155 78.501 86.588 85.656 128.606 153.527 178.462 197.896 236.756 271.775 298.606 344.509 395.454 401.332 366.114 313.045 226.362 178.178 150.048 111.036 77.365 58.999 41.851 37.059 29.784 19.421 15.817 10.509 8.571 4.025 4.160 7.268 9.284
-999.250 -999.250 -999.250 -999.250 -999.250 -999.250 -999.250 -999.250 -999.250 -999.250 -999.250 -999.250 -999.250 -999.250 -999.250 -999.250 -999.250 -999.250 -999.250 -999.250 -999.250 22.516 21.686 20.474 20.775 18.879 22.573 26.332 23.862 22.422 23.151 29.813 35.044 41.335 45.414 58.343 74.111 82.820 77.794 102.653 144.033 171.526 188.125 223.190 278.420 295.277 270.908 327.523 321.624 299.130 255.435 192.268 155.046 130.267 84.541 58.288 49.567 33.071 28.618 24.025 15.515 13.901 8.755 3.850 2.193 1.910 4.833 4.304
-999.250 -999.250 -999.250 -999.250 -999.250 -999.250 -999.250 -999.250 -999.250 -999.250 -999.250 -999.250 -999.250 -999.250 -999.250 -999.250 -999.250 -999.250 -999.250 -999.250 -999.250 26.844 20.296 20.197 20.137 19.180 21.828 17.919 20.374 22.411 23.073 23.817 29.293 41.980 47.331 49.801 63.889 72.185 89.418 101.267 129.838 156.760 178.682 202.706 219.060 265.667 250.013 267.116 247.521 241.681 179.600 149.968 96.489 70.258 61.408 52.152 40.039 31.437 23.998 18.355 12.322 7.144 6.253 4.639 0.010 0.000 3.530 4.476
-999.250 -999.250 -999.250 -999.250 -999.250 -999.250 -999.250 -999.250 -999.250 -999.250 -999.250 -999.250 -999.250 -999.250 -999.250 -999.250 -999.250 -999.250 -999.250 -999.250 -999.250 19.122 22.504 19.725 20.811 20.044 19.551 20.028 18.989 21.514 23.502 24.169 25.792 29.517 40.056 49.236 55.144 69.624 76.929 98.186 117.823 135.611 151.616 166.782 170.763 233.074 206.472 203.763 198.075 174.567 136.809 89.684 57.132 39.434 36.147 24.301 24.182 27.376 18.200 15.623 10.152 6.728 3.670 3.311 0.000 0.870 3.305 2.876
-999.250 -999.250 -999.250 -999.250 -999.250 -999.250 -999.250 -999.250 -999.250 -999.250 -999.250 -999.250 -999.250 -999.250 -999.250 -999.250 -999.250 -999.250 -999.250 -999.250 20.219 21.970 20.296 19.388 23.128 20.075 21.320 21.632 21.765 21.611 22.033 25.126 24.750 30.036 33.174 43.811 44.952 58.460 63.392 72.151 89.872 114.581 142.298 154.838 157.707 165.627 167.308 155.314 140.462 132.805 90.979 49.966 12.564 11.924 14.196 17.565 15.775 15.455 17.609 13.400 9.488 7.337 2.938 1.434 0.000 2.993 4.988 5.559
-999.250 -999.250 -999.250 -999.250 -999.250 -999.250 -999.250 -999.250 -999.250 -999.250 -999.250 -999.250 -999.250 -999.250 -999.250 -999.250 -999.250 -999.250 -999.250 -999.250 19.019 23.119 20.361 19.929 22.267 18.359 21.444 21.723 21.894 21.440 23.231 22.495 24.644 27.920 28.644 32.744 43.243 45.770 54.074 61.039 66.377 89.866 110.259 134.596 133.743 134.686 138.104 125.288 108.579 74.320 60.943 30.427 12.221 3.751 5.167 8.766 9.813 11.678 9.717 5.894 4.703 3.931 1.315 2.416 1.503 4.318 6.477 6.782
-999.250 -999.250 -999.250 -999.250 -999.250 -999.250 -999.250 -999.250 -999.250 -999.250 -999.250 -999.250 -999.250 -999.250 -999.250 -999.250 -999.250 -999.250 -999.250 -999.250 19.492 19.533 20.455 19.634 20.973 18.079 18.559 24.473 20.752 22.063 24.667 23.743 26.953 20.564 24.621 25.564 32.056 32.243 38.388 47.158 55.254 65.436 74.877 91.192 113.808 115.975 102.101 78.093 71.009 56.807 43.923 21.843 5.567 0.000 0.667 2.131 4.474 3.987 4.736 3.654 2.993 0.677 0.000 1.192 2.766 4.007 9.325 11.910
-999.250 -999.250 -999.250 -999.250 -999.250 -999.250 -999.250 -999.250 -999.250 -999.250 -999.250 -999.250 -999.250 -999.250 -999.250 -999.250 -999.250 -999.250 -999.250 -999.250 23.330 23.016 20.693 19.310 21.128 17.652 18.967 20.154 20.718 23.023 25.058 25.501 21.209 21.255 22.339 21.949 23.848 26.045 29.517 33.306 34.057 43.994 54.444 67.143 69.222 70.816 70.705 61.103 55.549 46.811 37.258 19.624 9.280 0.000 0.000 0.000 0.000 1.412 1.912 0.000 0.000 0.000 0.000 0.000 4.167 8.011 9.801 15.149
-999.250 -999.250 -999.250 -999.250 -999.250 -999.250 -999.250 -999.250 -999.250 -999.250 -999.250 -999.250 -999.250 -999.250 -999.250 -999.250 -999.250 -999.250 -999.250 21.570 22.185 21.810 20.121 17.371 17.069 17.320 19.266 16.449 18.702 21.379 22.934 20.885 21.050 20.365 16.678 18.206 19.540 20.171 21.819 24.135 24.543 35.606 37.585 45.298 55.752 59.093 49.213 49.238 49.020 32.695 25.434 17.492 9.968 0.940 0.000 0.000 0.000 0.000 0.000 0.000 0.000 0.000 0.000 0.740 3.481 10.124 12.316 12.001
-999.250 -999.250 -999.250 -999.250 -999.250 -999.250 -999.250 -999.250 -999.250 -999.250 -999.250 -999.250 -999.250 -999.250 -999.250 -999.250 -999.250 -999.250 -999.250 18.830 18.093 18.063 17.139 17.082 16.284 18.788 20.150 19.196 17.585 15.369 15.999 16.476 17.834 17.228 15.830 17.202 16.944 15.154 16.210 14.348 18.986 24.479 31.711 37.237 44.744 50.222 38.678 31.294 30.637 25.334 18.289 14.172 8.195 0.875 0.000 0.000 0.000 0.000 0.000 0.000 0.000 0.000 0.000 1.435 6.910 9.116 15.050 12.152
-999.250 -999.250 -999.250 -999.250 -999.250 -999.250 -999.250 -999.250 -999.250 -999.250 -999.250 -999.250 -999.250 -999.250 -999.250 -999.250 -999.250 -999.250 -999.250 17.685 14.119 15.594 15.283 16.160 16.123 18.460 20.077 16.842 14.581 14.302 8.593 11.077 15.152 17.640 13.799 11.905 11.519 11.822 11.455 12.759 16.702 18.578 21.046 26.836 33.287 36.346 31.180 28.255 22.452 19.613 15.381 12.747 7.677 0.726 0.000 0.000 0.000 0.000 0.000 0.000 0.000 0.000 0.000 3.195 6.324 7.933 11.301 12.480
-999.250 -999.250 -999.250 -999.250 -999.250 -999.250 -999.250 -999.250 -999.250 -999.250 -999.250 -999.250 -999.250 -999.250 -999.250 -999.250 -999.250 -999.250 -999.250 16.435 14.922 16.323 15.656 13.749 11.524 18.566 20.234 19.050 14.280 13.546 10.413 10.645 12.746 14.202 12.850 12.582 9.559 13.163 7.320 11.375 15.039 16.530 17.283 24.606 29.752 29.302 26.286 23.221 19.049 17.426 12.419 5.315 4.223 0.493 0.000 0.000 0.000 0.000 0.000 0.000 0.000 1.664 2.019 2.223 2.649 6.393 7.519 8.891
-999.250 -999.250 -999.250 -999.250 -999.250 -999.250 -999.250 -999.250 -999.250 -999.250 -999.250 -999.250 -999.250 -999.250 -999.250 -999.250 -999.250 -999.250 -999.250 15.839 14.792 14.966 12.765 12.258 13.856 14.576 17.449 16.033 15.804 12.387 11.925 12.169 14.227 9.258 11.599 10.667 9.997 7.827 10.596 11.139 12.792 15.316 13.661 18.559 18.413 23.217 17.610 16.702 14.095 8.972 7.348 4.760 0.707 0.000 0.000 0.000 0.000 0.000 0.000 0.000 1.655 2.352 2.312 1.811 0.000 5.863 6.347 7.908
-999.250 -999.250 -999.250 -999.250 -999.250 -999.250 -999.250 -999.250 -999.250 -999.250 -999.250 -999.250 -999.250 -999.250 -999.250 -999.250 -999.250 -999.250 12.292 15.138 16.110 12.253 13.769 11.203 14.642 14.782 16.207 17.884 16.680 17.039 17.587 16.798 15.186 15.020 14.494 9.752 9.520 9.770 6.927 10.480 16.604 14.566 14.022 14.164 15.154 10.380 13.043 10.857 8.319 7.383 5.517 2.526 0.571 0.000 0.000 0.000 0.000 0.000 0.000 0.000 1.691 5.861 7.616 4.549 7.941 8.470 8.576 7.083
-999.250 -999.250 -999.250 -999.250 -999.250 -999.250 -999.250 -999.250 -999.250 -999.250 -999.250 -999.250 -999.250 -999.250 -999.250 -999.250 -999.250 16.844 15.883 14.058 13.679 14.660 13.929 14.159 16.484 18.755 19.774 19.483 17.711 16.526 19.260 17.697 16.626 16.042 16.458 13.035 12.193 9.523 12.294 13.300 19.509 17.399 16.792 13.832 13.465 8.665 7.660 7.117 4.716 3.033 1.812 0.000 0.000 0.000 0.000 0.000 0.849 2.642 0.858 0.000 4.654 9.610 9.872 10.927 10.164 9.696 8.096 9.669
-999.250 -999.250 -999.250 -999.250 -999.250 -999.250 -999.250 -999.250 -999.250 -999.250 -999.250 -999.250 -999.250 -999.250 -999.250 -999.250 -999.250 14.939 18.499 17.219 16.709 15.241 15.531 15.753 13.418 18.376 19.094 18.659 16.227 15.621 17.138 20.305 18.329 17.124 15.909 15.029 15.100 15.470 13.983 18.483 20.264 22.048 19.007 14.000 11.067 7.486 3.048 4.161 0.000 0.000 0.000 0.000 0.000 0.279 0.469 1.789 2.239 3.883 4.289 5.948 10.372 12.407 14.759 11.682 9.230 10.099 9.845 7.114
-999.250 -999.250 -999.250 -999.250 -999.250 -999.250 -999.250 -999.250 -999.250 -999.250 -999.250 -999.250 -999.250 -999.250 -999.250 12.953 15.556 17.018 16.828 19.513 17.583 16.915 16.079 16.623 20.439 18.237 20.741 19.281 17.120 20.105 19.579 20.487 19.524 20.258 20.035 17.141 16.520 17.154 18.222 20.764 22.126 25.764 21.692 14.235 11.685 6.782 4.946 0.050 0.000 0.472 0.346 1.515 0.000 0.523 1.368 4.069 3.876 5.693 10.453 12.390 12.533 16.010 12.141 9.871 9.195 7.998 7.508 6.494
-999.250 -999.250 -999.250 -999.250 -999.250 -999.250 -999.250 -999.250 -999.250 -999.250 -999.250 -999.250 -999.250 -999.250 15.205 16.162 16.747 16.513 16.769 16.459 18.001 17.739 15.668 18.590 20.726 18.976 21.975 20.612 24.340 22.167 20.032 18.544 22.510 20.693 20.564 17.571 15.303 15.811 17.093 19.940 21.518 23.035 20.348 13.903 6.456 4.155 0.325 0.000 0.000 1.691 2.801 2.190 2.195 0.000 3.772 6.465 6.923 9.374 12.827 13.608 16.836 13.194 13.889 9.649 8.756 7.300 8.790 5.947
-999.250 -999.250 -999.250 -999.250 -999.250 -999.250 -999.250 -999.250 -999.250 -999.250 -999.250 -999.250 -999.250 -999.250 16.803 18.094 14.864 15.033 14.121 17.225 14.896 18.968 19.123 18.821 19.697 23.706 24.450 24.539 24.633 26.115 24.774 26.178 25.500 22.943 22.121 21.384 20.768 15.614 19.490 21.415 23.791 22.757 16.990 11.301 1.144 0.000 0.573 0.000 0.030 1.299 5.767 4.939 5.346 3.330 6.493 9.052 9.906 10.429 16.081 16.350 14.353 12.196 12.982 11.211 10.509 9.966 6.203 6.895
-999.250 -999.250 -999.250 -999.250 -999.250 -999.250 -999.250 -999.250 -999.250 -999.250 -999.250 -999.250 -999.250 13.442 14.828 15.259 12.364 11.039 11.160 12.894 19.085 16.978 18.848 21.750 22.150 21.280 28.207 26.645 27.224 24.605 29.886 26.839 28.698 27.413 25.075 25.665 22.689 20.083 21.532 20.788 23.260 20.304 17.021 10.413 2.114 1.106 1.667 0.872 1.877 2.939 5.153 5.521 9.170 7.633 9.325 11.102 14.553 14.251 15.927 13.343 13.461 13.535 13.855 13.318 12.001 10.144 10.043 8.306
