data/medianmodel_19-May-2020.asc
ncols	141
nrows	288
xllcorner	-120191.398
yllcorner	-301404.813
cellsize	2000.000
NODATA_value	-999.250
[rows 93 to 123 of 288, columns 70 to 139 of 141]
12.333 14.579 12.547 12.610 12.505 14.189 10.540 6.115 3.160 0.719 1.057 1.721 1.041 2.884 0.085 0.357 2.488 2.741 1.394 3.415 5.889 7.077 6.265 5.776 5.110 9.539 5.214 4.979 6.061 7.557 7.414 7.427 5.339 6.432 9.283 8.770 9.383 10.039 9.112 7.857 5.692 5.164 4.826 5.415 -999.250 -999.250 -999.250 -999.250 -999.250 -999.250 -999.250 -999.250 -999.250 -999.250 -999.250 -999.250 -999.250 -999.250 -999.250 -999.250 -999.250 -999.250 -999.250 -999.250 -999.250 -999.250 -999.250 -999.250 -999.250 -999.250
16.587 18.410 17.465 16.521 14.956 12.686 9.902 5.945 3.028 0.806 0.000 0.000 0.000 0.000 0.000 0.000 0.000 0.402 4.208 1.249 4.144 4.115 4.215 4.893 4.947 3.821 4.444 4.887 5.716 7.674 8.237 7.996 7.959 6.244 7.372 7.688 6.974 8.483 7.710 3.942 5.364 4.157 4.075 5.418 -999.250 -999.250 -999.250 -999.250 -999.250 -999.250 -999.250 -999.250 -999.250 -999.250 -999.250 -999.250 -999.250 -999.250 -999.250 -999.250 -999.250 -999.250 -999.250 -999.250 -999.250 -999.250 -999.250 -999.250 -999.250 -999.250
20.654 22.462 24.914 24.146 19.827 14.408 10.503 7.211 2.133 0.000 0.000 0.000 0.000 0.000 0.000 0.000 0.000 0.000 1.545 1.347 1.077 1.974 1.657 2.144 3.504 2.658 2.432 3.946 3.432 4.834 7.109 8.270 7.998 5.712 7.389 5.761 5.349 5.510 4.378 3.825 4.476 6.403 3.659 3.987 -999.250 -999.250 -999.250 -999.250 -999.250 -999.250 -999.250 -999.250 -999.250 -999.250 -999.250 -999.250 -999.250 -999.250 -999.250 -999.250 -999.250 -999.250 -999.250 -999.250 -999.250 -999.250 -999.250 -999.250 -999.250 -999.250
26.188 33.404 32.699 27.978 22.552 16.100 16.003 7.283 3.776 0.000 0.000 0.000 0.000 0.000 0.000 0.000 0.000 0.000 0.000 0.685 1.395 1.390 0.172 1.695 1.630 0.901 0.577 2.311 2.619 6.005 6.500 8.082 6.807 5.381 6.831 5.236 4.179 4.631 7.790 5.675 6.914 3.190 6.053 5.262 5.444 -999.250 -999.250 -999.250 -999.250 -999.250 -999.250 -999.250 -999.250 -999.250 -999.250 -999.250 -999.250 -999.250 -999.250 -999.250 -999.250 -999.250 -999.250 -999.250 -999.250 -999.250 -999.250 -999.250 -999.250 -999.250
35.123 37.242 36.139 33.539 24.382 19.805 15.569 7.088 2.926 0.120 0.000 0.000 0.000 0.000 0.000 0.000 0.191 0.808 0.000 0.323 0.811 2.258 0.000 0.000 0.000 0.000 0.000 0.973 3.103 4.569 5.777 7.985 5.354 5.040 4.635 6.745 4.215 5.422 5.375 3.800 3.443 3.801 7.279 5.570 5.717 4.593 -999.250 -999.250 -999.250 -999.250 -999.250 -999.250 -999.250 -999.250 -999.250 -999.250 -999.250 -999.250 -999.250 -999.250 -999.250 -999.250 -999.250 -999.250 -999.250 -999.250 -999.250 -999.250 -999.250 -999.250
37.581 44.700 45.845 38.555 24.937 23.092 15.299 11.798 4.603 2.029 0.065 0.000 0.000 0.000 0.000 0.000 0.178 0.000 2.700 1.111 0.000 0.089 0.000 0.000 0.000 0.000 1.500 1.593 2.375 2.049 6.641 6.761 6.852 7.026 6.181 6.469 5.505 5.105 4.805 4.875 5.595 4.883 5.676 5.205 5.698 4.396 3.815 -999.250 -999.250 -999.250 -999.250 -999.250 -999.250 -999.250 -999.250 -999.250 -999.250 -999.250 -999.250 -999.250 -999.250 -999.250 -999.250 -999.250 -999.250 -999.250 -999.250 -999.250 -999.250 -999.250
40.576 52.882 67.522 50.550 30.918 21.776 15.346 11.014 6.531 3.495 1.885 0.045 0.000 0.405 0.000 0.000 0.986 0.000 0.000 0.925 0.000 0.000 0.000 0.000 0.000 0.168 0.090 1.001 4.540 5.352 6.893 5.873 7.081 10.926 9.447 6.584 6.438 6.436 4.738 4.704 5.145 4.357 7.841 5.463 5.435 5.810 -999.250 -999.250 -999.250 -999.250 -999.250 -999.250 -999.250 -999.250 -999.250 -999.250 -999.250 -999.250 -999.250 -999.250 -999.250 -999.250 -999.250 -999.250 -999.250 -999.250 -999.250 -999.250 -999.250 -999.250
40.944 46.051 56.477 39.245 32.609 22.374 14.805 8.879 8.932 7.213 3.358 3.697 1.760 3.249 1.661 2.009 1.931 1.365 1.576 3.506 0.133 0.000 0.000 0.000 0.000 0.000 0.457 3.458 5.041 5.241 5.168 5.129 5.384 7.302 7.890 7.228 8.259 4.477 4.185 5.984 6.182 5.335 6.085 6.678 6.381 5.553 6.001 -999.250 -999.250 -999.250 -999.250 -999.250 -999.250 -999.250 -999.250 -999.250 -999.250 -999.250 -999.250 -999.250 -999.250 -999.250 -999.250 -999.250 -999.250 -999.250 -999.250 -999.250 -999.250 -999.250
34.368 34.534 36.696 35.172 31.764 24.216 16.951 11.262 7.702 5.232 4.077 4.086 4.032 5.415 6.220 3.965 2.198 3.678 1.375 1.419 0.454 0.000 0.000 0.000 0.000 2.274 3.305 4.235 5.397 4.286 4.318 4.313 5.663 4.523 7.317 9.694 6.288 5.191 5.514 3.861 6.584 5.229 4.421 6.052 9.012 -999.250 -999.250 -999.250 -999.250 -999.250 -999.250 -999.250 -999.250 -999.250 -999.250 -999.250 -999.250 -999.250 -999.250 -999.250 -999.250 -999.250 -999.250 -999.250 -999.250 -999.250 -999.250 -999.250 -999.250 -999.250
30.679 29.643 25.734 28.678 27.417 19.176 16.678 13.578 11.809 7.781 6.454 5.571 5.470 5.325 6.985 4.646 3.508 3.019 3.231 2.439 1.526 3.565 0.000 0.000 0.000 4.300 4.075 6.559 3.631 3.628 3.378 5.344 4.668 5.049 5.666 7.837 8.173 4.174 3.544 3.882 7.543 6.109 7.919 7.734 -999.250 -999.250 -999.250 -999.250 -999.250 -999.250 -999.250 -999.250 -999.250 -999.250 -999.250 -999.250 -999.250 -999.250 -999.250 -999.250 -999.250 -999.250 -999.250 -999.250 -999.250 -999.250 -999.250 -999.250 -999.250 -999.250
25.659 27.327 21.692 22.950 24.611 17.730 20.881 16.340 10.919 7.976 8.220 7.928 7.912 5.238 4.404 6.627 4.752 4.275 3.584 3.849 1.701 2.762 3.011 2.586 3.469 3.842 5.468 5.148 4.367 4.844 3.057 4.102 3.885 4.363 5.168 4.029 3.098 4.103 3.981 1.542 6.148 6.371 7.859 7.047 -999.250 -999.250 -999.250 -999.250 -999.250 -999.250 -999.250 -999.250 -999.250 -999.250 -999.250 -999.250 -999.250 -999.250 -999.250 -999.250 -999.250 -999.250 -999.250 -999.250 -999.250 -999.250 -999.250 -999.250 -999.250 -999.250
18.663 19.921 19.112 21.115 16.960 18.006 16.994 13.552 11.426 8.381 9.967 9.233 7.444 8.008 4.559 5.528 5.794 5.368 4.185 2.902 3.772 3.897 3.229 3.342 5.155 5.954 6.703 3.716 4.935 5.454 5.454 4.555 4.978 4.923 3.991 2.842 3.938 3.029 4.200 4.474 5.109 7.244 6.722 -999.250 -999.250 -999.250 -999.250 -999.250 -999.250 -999.250 -999.250 -999.250 -999.250 -999.250 -999.250 -999.250 -999.250 -999.250 -999.250 -999.250 -999.250 -999.250 -999.250 -999.250 -999.250 -999.250 -999.250 -999.250 -999.250 -999.250
11.792 14.561 14.575 14.742 17.443 14.271 13.074 10.577 8.858 7.943 5.455 6.961 6.544 6.124 4.742 3.216 5.730 6.001 5.633 3.412 2.530 3.547 4.665 5.852 4.358 6.651 5.057 6.668 5.989 4.962 4.673 5.459 4.842 4.685 4.683 4.045 6.002 3.742 3.180 -999.250 -999.250 -999.250 -999.250 -999.250 -999.250 -999.250 -999.250 -999.250 -999.250 -999.250 -999.250 -999.250 -999.250 -999.250 -999.250 -999.250 -999.250 -999.250 -999.250 -999.250 -999.250 -999.250 -999.250 -999.250 -999.250 -999.250 -999.250 -999.250 -999.250 -999.250
8.929 9.470 8.271 10.709 10.074 10.070 10.223 10.477 9.347 7.499 8.724 6.570 6.216 5.245 3.557 4.177 4.086 2.136 4.924 4.049 4.580 4.871 2.014 2.148 5.323 5.338 4.235 3.941 4.555 4.006 3.027 4.259 2.160 2.352 2.309 1.273 2.942 -999.250 -999.250 -999.250 -999.250 -999.250 -999.250 -999.250 -999.250 -999.250 -999.250 -999.250 -999.250 -999.250 -999.250 -999.250 -999.250 -999.250 -999.250 -999.250 -999.250 -999.250 -999.250 -999.250 -999.250 -999.250 -999.250 -999.250 -999.250 -999.250 -999.250 -999.250 -999.250 -999.250
4.862 5.300 6.565 5.794 8.391 8.333 6.362 7.408 6.586 7.035 7.474 4.739 4.944 6.540 5.070 3.957 2.184 3.345 4.472 4.587 5.903 5.414 2.641 2.547 4.554 4.683 3.776 3.448 3.859 2.706 2.014 2.291 1.538 0.293 0.027 0.582 2.125 -999.250 -999.250 -999.250 -999.250 -999.250 -999.250 -999.250 -999.250 -999.250 -999.250 -999.250 -999.250 -999.250 -999.250 -999.250 -999.250 -999.250 -999.250 -999.250 -999.250 -999.250 -999.250 -999.250 -999.250 -999.250 -999.250 -999.250 -999.250 -999.250 -999.250 -999.250 -999.250 -999.250
3.508 1.541 5.213 3.875 4.843 3.234 4.388 4.609 6.605 6.440 5.417 4.014 3.789 3.528 2.768 4.154 3.640 3.216 5.319 4.988 5.203 3.621 2.362 1.861 2.926 4.031 4.025 2.883 3.646 3.712 0.154 0.000 0.080 0.000 0.000 0.000 1.626 -999.250 -999.250 -999.250 -999.250 -999.250 -999.250 -999.250 -999.250 -999.250 -999.250 -999.250 -999.250 -999.250 -999.250 -999.250 -999.250 -999.250 -999.250 -999.250 -999.250 -999.250 -999.250 -999.250 -999.250 -999.250 -999.250 -999.250 -999.250 -999.250 -999.250 -999.250 -999.250 -999.250
2.185 0.361 1.407 3.013 3.071 2.385 7.723 7.453 8.579 7.511 5.181 5.107 4.139 2.254 3.744 2.234 3.833 3.031 1.918 2.423 3.312 4.722 1.621 4.662 6.019 5.884 5.230 5.601 3.826 2.539 2.878 0.000 0.000 0.000 0.000 0.000 0.021 -999.250 -999.250 -999.250 -999.250 -999.250 -999.250 -999.250 -999.250 -999.250 -999.250 -999.250 -999.250 -999.250 -999.250 -999.250 -999.250 -999.250 -999.250 -999.250 -999.250 -999.250 -999.250 -999.250 -999.250 -999.250 -999.250 -999.250 -999.250 -999.250 -999.250 -999.250 -999.250 -999.250
0.682 0.673 3.873 3.803 2.187 5.321 5.134 6.912 8.237 6.907 3.328 7.349 5.683 3.948 4.011 3.578 2.351 3.774 4.913 3.692 1.880 2.633 2.064 1.809 4.131 7.609 4.866 4.010 2.000 3.103 2.905 0.568 0.000 0.000 0.000 0.134 0.000 -999.250 -999.250 -999.250 -999.250 -999.250 -999.250 -999.250 -999.250 -999.250 -999.250 -999.250 -999.250 -999.250 -999.250 -999.250 -999.250 -999.250 -999.250 -999.250 -999.250 -999.250 -999.250 -999.250 -999.250 -999.250 -999.250 -999.250 -999.250 -999.250 -999.250 -999.250 -999.250 -999.250
0.068 2.250 3.012 3.729 1.667 6.047 7.777 8.065 7.474 4.802 7.319 5.627 5.929 6.598 4.462 3.466 3.172 3.850 4.425 3.592 2.947 2.350 1.541 2.782 3.985 5.145 3.942 4.913 3.982 2.887 2.748 1.760 0.000 0.000 0.000 1.209 0.644 -999.250 -999.250 -999.250 -999.250 -999.250 -999.250 -999.250 -999.250 -999.250 -999.250 -999.250 -999.250 -999.250 -999.250 -999.250 -999.250 -999.250 -999.250 -999.250 -999.250 -999.250 -999.250 -999.250 -999.250 -999.250 -999.250 -999.250 -999.250 -999.250 -999.250 -999.250 -999.250 -999.250
0.000 0.000 0.000 1.174 2.430 3.909 7.870 10.014 6.177 6.905 7.017 8.205 8.909 7.520 7.042 3.587 3.336 3.958 4.232 3.326 4.422 3.819 3.080 2.566 4.235 3.919 4.776 4.149 5.282 4.425 4.582 4.703 1.845 1.556 0.876 1.470 2.687 3.349 2.214 -999.250 -999.250 -999.250 -999.250 -999.250 -999.250 -999.250 -999.250 -999.250 -999.250 -999.250 -999.250 -999.250 -999.250 -999.250 -999.250 -999.250 -999.250 -999.250 -999.250 -999.250 -999.250 -999.250 -999.250 -999.250 -999.250 -999.250 -999.250 -999.250 -999.250 -999.250
0.000 0.000 0.622 3.462 3.468 4.596 5.550 8.404 7.123 8.563 6.944 10.245 11.313 7.366 6.521 5.766 4.792 7.641 6.611 3.128 4.300 3.455 5.647 3.964 6.926 4.699 5.224 4.260 5.152 3.915 2.878 4.526 3.736 3.475 2.183 0.942 2.941 2.262 3.940 3.792 1.455 -999.250 -999.250 -999.250 -999.250 -999.250 -999.250 -999.250 -999.250 -999.250 -999.250 -999.250 -999.250 -999.250 -999.250 -999.250 -999.250 -999.250 -999.250 -999.250 -999.250 -999.250 -999.250 -999.250 -999.250 -999.250 -999.250 -999.250 -999.250 -999.250
1.905 0.746 1.918 2.431 3.833 5.749 4.641 8.117 8.088 9.044 11.462 9.427 10.633 8.205 5.788 6.751 9.396 5.679 5.928 5.322 4.423 5.213 4.046 4.408 7.147 5.577 5.447 4.120 3.911 5.100 4.578 3.868 3.059 3.567 5.108 4.925 4.230 3.701 3.322 5.744 3.611 -999.250 -999.250 -999.250 -999.250 -999.250 -999.250 -999.250 -999.250 -999.250 -999.250 -999.250 -999.250 -999.250 -999.250 -999.250 -999.250 -999.250 -999.250 -999.250 -999.250 -999.250 -999.250 -999.250 -999.250 -999.250 -999.250 -999.250 -999.250 -999.250
2.561 3.439 4.555 3.963 5.683 3.477 6.401 8.381 8.430 9.577 8.021 9.590 8.092 7.253 7.418 8.329 8.964 5.637 7.115 5.279 4.051 6.001 4.309 5.631 5.189 5.770 4.497 1.178 5.095 3.848 4.828 4.226 1.544 2.666 4.118 5.244 4.171 5.038 5.247 5.690 6.188 2.279 -999.250 -999.250 -999.250 -999.250 -999.250 -999.250 -999.250 -999.250 -999.250 -999.250 -999.250 -999.250 -999.250 -999.250 -999.250 -999.250 -999.250 -999.250 -999.250 -999.250 -999.250 -999.250 -999.250 -999.250 -999.250 -999.250 -999.250 -999.250
8.287 7.933 8.252 7.873 5.596 8.856 9.941 8.880 7.732 9.820 10.692 10.510 9.545 11.533 7.396 8.307 6.844 8.307 6.694 6.500 4.955 3.712 4.089 5.956 9.479 4.139 3.762 4.060 4.218 6.022 5.767 3.885 2.978 4.237 5.409 4.218 3.218 5.865 3.054 5.660 4.605 2.498 3.665 -999.250 -999.250 -999.250 -999.250 -999.250 -999.250 -999.250 -999.250 -999.250 -999.250 -999.250 -999.250 -999.250 -999.250 -999.250 -999.250 -999.250 -999.250 -999.250 -999.250 -999.250 -999.250 -999.250 -999.250 -999.250 -999.250 -999.250
8.351 6.023 7.354 7.636 8.548 8.803 8.427 8.559 6.989 11.118 9.361 9.546 12.042 9.691 11.344 11.160 8.824 8.153 6.167 5.619 5.300 4.695 7.884 8.144 4.279 6.127 6.101 6.358 3.858 5.303 3.935 3.735 4.869 2.023 3.029 2.491 3.150 3.839 5.168 6.450 4.858 4.351 3.581 -999.250 -999.250 -999.250 -999.250 -999.250 -999.250 -999.250 -999.250 -999.250 -999.250 -999.250 -999.250 -999.250 -999.250 -999.250 -999.250 -999.250 -999.250 -999.250 -999.250 -999.250 -999.250 -999.250 -999.250 -999.250 -999.250 -999.250
9.110 11.759 9.190 9.247 9.409 10.712 10.220 7.043 8.135 11.346 9.368 9.150 8.931 9.887 9.382 11.372 8.100 6.186 6.857 7.663 5.140 6.318 7.798 8.634 6.453 7.684 7.477 7.228 4.558 4.228 3.068 1.928 2.296 3.512 4.124 4.381 5.502 5.993 4.881 7.017 8.389 5.378 3.188 1.186 -999.250 -999.250 -999.250 -999.250 -999.250 -999.250 -999.250 -999.250 -999.250 -999.250 -999.250 -999.250 -999.250 -999.250 -999.250 -999.250 -999.250 -999.250 -999.250 -999.250 -999.250 -999.250 -999.250 -999.250 -999.250 -999.250
12.805 13.303 11.166 8.648 11.503 11.012 8.160 10.601 8.261 10.411 10.880 9.405 9.515 8.267 10.244 8.185 5.978 5.370 3.853 7.058 6.206 7.749 9.930 7.598 7.038 5.565 7.563 2.424 5.077 4.065 3.712 2.031 2.303 3.234 5.211 4.949 5.024 5.019 4.783 5.795 5.779 7.442 4.062 -999.250 -999.250 -999.250 -999.250 -999.250 -999.250 -999.250 -999.250 -999.250 -999.250 -999.250 -999.250 -999.250 -999.250 -999.250 -999.250 -999.250 -999.250 -999.250 -999.250 -999.250 -999.250 -999.250 -999.250 -999.250 -999.250 -999.250
15.361 12.299 11.064 8.163 8.316 11.377 10.881 7.992 10.024 10.781 7.160 9.469 8.517 8.970 8.302 7.919 5.989 4.318 6.294 6.039 6.936 6.596 5.672 8.217 6.948 4.613 3.537 5.973 3.562 1.812 3.368 3.054 2.836 4.536 5.610 3.654 4.660 3.645 5.239 6.979 6.607 5.594 3.046 -999.250 -999.250 -999.250 -999.250 -999.250 -999.250 -999.250 -999.250 -999.250 -999.250 -999.250 -999.250 -999.250 -999.250 -999.250 -999.250 -999.250 -999.250 -999.250 -999.250 -999.250 -999.250 -999.250 -999.250 -999.250 -999.250 -999.250
14.488 14.416 11.668 8.257 9.207 8.929 9.055 7.636 7.015 8.250 9.120 8.716 11.347 9.162 8.164 8.752 5.198 3.482 5.504 5.318 5.646 7.873 7.077 6.553 4.638 5.184 5.156 3.308 3.004 2.055 0.219 1.883 3.916 4.235 3.028 5.042 3.492 3.849 4.314 6.119 6.604 6.259 4.481 -999.250 -999.250 -999.250 -999.250 -999.250 -999.250 -999.250 -999.250 -999.250 -999.250 -999.250 -999.250 -999.250 -999.250 -999.250 -999.250 -999.250 -999.250 -999.250 -999.250 -999.250 -999.250 -999.250 -999.250 -999.250 -999.250 -999.250
19.988 16.081 11.387 10.033 8.753 9.043 8.006 9.348 7.868 8.387 9.896 11.363 10.258 10.803 9.364 8.490 5.952 4.373 5.706 5.481 5.684 4.372 5.685 7.048 6.380 3.632 5.028 4.199 2.450 0.035 0.000 1.256 1.212 3.266 3.396 2.146 1.516 3.784 3.465 5.523 4.620 4.489 2.705 -999.250 -999.250 -999.250 -999.250 -999.250 -999.250 -999.250 -999.250 -999.250 -999.250 -999.250 -999.250 -999.250 -999.250 -999.250 -999.250 -999.250 -999.250 -999.250 -999.250 -999.250 -999.250 -999.250 -999.250 -999.250 -999.250 -999.250
15.700 14.076 10.495 7.754 10.689 9.697 9.469 10.901 9.139 8.391 9.770 9.805 9.825 8.005 8.030 7.740 3.580 5.012 3.831 4.370 5.027 5.832 4.451 6.890 5.882 6.641 4.712 2.521 2.091 0.000 0.000 0.000 1.587 3.553 3.104 1.171 2.619 4.125 6.993 4.633 5.515 4.428 -999.250 -999.250 -999.250 -999.250 -999.250 -999.250 -999.250 -999.250 -999.250 -999.250 -999.250 -999.250 -999.250 -999.250 -999.250 -999.250 -999.250 -999.250 -999.250 -999.250 -999.250 -999.250 -999.250 -999.250 -999.250 -999.250 -999.250 -999.250
