data/medianmodel_31-Oct-2020.asc
ncols	141
nrows	288
xllcorner	-120191.398
yllcorner	-301404.813
cellsize	2000.000
NODATA_value	-999.250
[rows 116 to 144 of 288, columns 0 to 64 of 141]
-999.250 -999.250 -999.250 -999.250 -999.250 -999.250 -999.250 -999.250 -999.250 -999.250 -999.250 -999.250 -999.250 -999.250 -999.250 -999.250 -999.250 -999.250 -999.250 -999.250 -999.250 -999.250 -999.250 -999.250 -999.250 -999.250 -999.250 179.042 187.420 159.641 186.654 176.597 169.014 130.394 117.678 108.877 92.749 69.338 67.594 55.922 67.144 81.746 97.140 126.556 154.000 184.752 203.109 224.749 229.149 250.416 242.003 199.534 173.441 138.175 106.255 90.059 67.131 56.715 65.135 72.173 85.942 95.264 106.713 96.706 88.784
-999.250 -999.250 -999.250 -999.250 -999.250 -999.250 -999.250 -999.250 -999.250 -999.250 -999.250 -999.250 -999.250 -999.250 -999.250 -999.250 -999.250 -999.250 -999.250 -999.250 -999.250 -999.250 -999.250 -999.250 -999.250 -999.250 -999.250 174.301 193.332 187.525 176.510 166.543 153.130 131.696 117.980 103.582 79.066 68.655 64.027 57.159 62.767 71.891 83.384 133.868 158.601 180.767 216.911 237.403 266.042 296.461 274.561 211.592 180.097 142.004 104.978 80.947 67.714 38.255 60.020 71.498 86.130 91.526 92.124 79.330 93.429
-999.250 -999.250 -999.250 -999.250 -999.250 -999.250 -999.250 -999.250 -999.250 -999.250 -999.250 -999.250 -999.250 -999.250 -999.250 -999.250 -999.250 -999.250 -999.250 -999.250 -999.250 -999.250 -999.250 -999.250 -999.250 -999.250 181.109 176.249 167.279 176.763 173.373 150.980 150.618 134.775 116.145 99.416 82.344 68.485 57.489 67.434 57.122 63.529 90.298 123.510 146.721 181.404 210.771 224.072 265.876 272.231 273.208 220.794 188.981 152.484 131.216 91.065 77.890 58.430 69.312 79.864 87.696 87.372 79.663 80.610 93.319
-999.250 -999.250 -999.250 -999.250 -999.250 -999.250 -999.250 -999.250 -999.250 -999.250 -999.250 -999.250 -999.250 -999.250 -999.250 -999.250 -999.250 -999.250 -999.250 -999.250 -999.250 -999.250 -999.250 -999.250 -999.250 -999.250 169.650 150.870 152.591 169.999 177.417 141.924 139.608 128.253 117.324 96.908 83.969 62.673 58.911 60.960 76.251 69.373 91.004 113.051 124.103 156.390 185.558 205.934 223.974 232.166 218.271 217.382 178.378 133.559 101.721 89.570 75.670 71.228 74.860 77.320 78.619 87.046 86.930 82.248 77.502
-999.250 -999.250 -999.250 -999.250 -999.250 -999.250 -999.250 -999.250 -999.250 -999.250 -999.250 -999.250 -999.250 -999.250 -999.250 -999.250 -999.250 -999.250 -999.250 -999.250 -999.250 -999.250 -999.250 -999.250 -999.250 -999.250 148.607 147.649 130.331 162.536 153.917 145.753 124.188 132.414 103.882 90.440 87.794 62.033 67.560 71.048 64.459 72.733 82.744 96.093 113.008 123.810 162.681 184.355 194.327 189.315 194.389 197.549 154.708 128.651 105.178 87.696 74.022 69.656 70.874 76.071 81.536 100.032 105.066 88.956 84.587
-999.250 -999.250 -999.250 -999.250 -999.250 -999.250 -999.250 -999.250 -999.250 -999.250 -999.250 -999.250 -999.250 -999.250 -999.250 -999.250 -999.250 -999.250 -999.250 -999.250 -999.250 -999.250 -999.250 -999.250 -999.250 160.066 151.076 146.099 135.606 154.725 126.825 143.362 125.192 122.072 121.187 100.262 80.463 77.675 65.477 59.350 75.314 77.021 96.590 100.711 117.284 129.188 137.636 143.338 158.318 177.178 173.678 163.542 123.113 112.920 86.173 75.390 68.627 60.765 58.651 77.085 88.180 86.406 107.338 89.911 72.998
-999.250 -999.250 -999.250 -999.250 -999.250 -999.250 -999.250 -999.250 -999.250 -999.250 -999.250 -999.250 -999.250 -999.250 -999.250 -999.250 -999.250 -999.250 -999.250 -999.250 -999.250 -999.250 -999.250 -999.250 -999.250 136.267 164.912 134.849 136.185 158.868 158.474 123.132 116.868 112.969 105.460 100.615 89.088 76.247 72.810 71.062 81.255 88.813 93.757 112.529 119.327 128.618 121.319 99.676 136.329 160.557 172.969 131.042 115.938 96.041 82.865 78.230 70.961 61.057 81.882 81.933 95.659 89.683 92.052 92.791 96.218
-999.250 -999.250 -999.250 -999.250 -999.250 -999.250 -999.250 -999.250 -999.250 -999.250 -999.250 -999.250 -999.250 -999.250 -999.250 -999.250 -999.250 -999.250 -999.250 -999.250 -999.250 -999.250 -999.250 -999.250 -999.250 146.898 124.887 125.802 134.579 137.646 129.102 117.989 139.108 131.381 117.057 96.875 90.189 76.147 62.183 83.430 95.788 96.822 116.180 127.846 145.842 150.491 149.722 147.309 169.114 178.820 164.319 133.732 111.817 102.033 78.460 71.935 69.666 70.383 80.485 88.734 93.085 94.804 103.264 107.737 118.466
-999.250 -999.250 -999.250 -999.250 -999.250 -999.250 -999.250 -999.250 -999.250 -999.250 -999.250 -999.250 -999.250 -999.250 -999.250 -999.250 -999.250 -999.250 -999.250 -999.250 -999.250 -999.250 -999.250 -999.250 125.673 140.968 165.386 132.702 135.038 142.837 125.195 120.971 137.967 118.276 126.509 107.749 109.149 90.641 88.543 92.533 101.660 121.092 153.084 143.911 168.074 192.619 189.970 203.050 207.719 187.888 196.817 177.278 140.383 82.429 68.796 62.599 67.198 82.899 91.573 89.521 89.103 108.450 114.961 106.689 117.162
-999.250 -999.250 -999.250 -999.250 -999.250 -999.250 -999.250 -999.250 -999.250 -999.250 -999.250 -999.250 -999.250 -999.250 -999.250 -999.250 -999.250 -999.250 -999.250 -999.250 -999.250 -999.250 -999.250 -999.250 131.591 121.967 130.821 120.918 119.882 124.240 135.998 140.086 122.947 128.902 111.349 114.306 114.997 114.922 108.041 120.614 129.291 144.590 179.167 201.295 209.451 208.826 232.137 258.018 258.864 252.201 222.961 196.474 149.512 104.978 53.879 67.239 71.874 88.141 98.941 110.463 125.386 119.116 131.218 119.772 121.739
-999.250 -999.250 -999.250 -999.250 -999.250 -999.250 -999.250 -999.250 -999.250 -999.250 -999.250 -999.250 -999.250 -999.250 -999.250 -999.250 -999.250 -999.250 -999.250 -999.250 -999.250 -999.250 -999.250 124.269 120.360 132.598 122.773 119.670 132.560 133.047 114.665 126.300 123.442 128.024 138.553 131.864 125.998 121.498 128.935 128.423 157.608 183.403 207.101 213.656 213.367 262.339 279.518 290.516 320.983 285.813 245.681 202.689 158.850 136.181 105.255 85.175 88.851 103.335 103.860 119.405 123.145 124.938 141.894 138.044 126.863
-999.250 -999.250 -999.250 -999.250 -999.250 -999.250 -999.250 -999.250 -999.250 -999.250 -999.250 -999.250 -999.250 -999.250 -999.250 -999.250 -999.250 -999.250 -999.250 -999.250 -999.250 -999.250 -999.250 124.443 108.558 131.302 149.472 148.356 144.487 146.440 144.990 127.576 138.051 130.882 138.030 143.201 148.252 142.373 142.271 159.017 169.602 209.080 211.778 226.340 279.536 303.601 326.899 369.423 358.986 310.096 281.144 213.115 180.105 133.581 115.148 102.290 107.533 118.719 113.978 111.719 127.307 148.836 133.511 143.844 142.733
-999.250 -999.250 -999.250 -999.250 -999.250 -999.250 -999.250 -999.250 -999.250 -999.250 -999.250 -999.250 -999.250 -999.250 -999.250 -999.250 -999.250 -999.250 -999.250 -999.250 -999.250 -999.250 -999.250 133.165 104.196 133.640 137.278 148.033 161.413 161.790 147.078 148.816 156.693 151.072 158.035 169.982 141.178 160.089 148.795 180.411 192.420 210.580 223.885 253.277 276.167 308.104 347.048 357.362 409.277 329.410 281.444 236.494 196.444 144.620 136.525 120.230 113.201 121.513 115.133 121.382 130.139 153.319 130.342 140.316 127.816
-999.250 -999.250 -999.250 -999.250 -999.250 -999.250 -999.250 -999.250 -999.250 -999.250 -999.250 -999.250 -999.250 -999.250 -999.250 -999.250 -999.250 -999.250 -999.250 -999.250 -999.250 -999.250 152.700 126.143 124.311 134.314 153.206 160.905 169.809 162.963 170.501 156.037 172.530 173.321 167.489 183.885 174.593 163.282 188.715 194.467 222.015 241.324 257.382 270.996 295.783 311.233 353.931 360.656 338.230 321.986 283.869 230.907 197.396 154.867 140.909 133.803 120.218 123.151 120.883 114.022 130.367 125.041 134.706 142.853 143.052
-999.250 -999.250 -999.250 -999.250 -999.250 -999.250 -999.250 -999.250 -999.250 -999.250 -999.250 -999.250 -999.250 -999.250 -999.250 -999.250 -999.250 -999.250 -999.250 -999.250 -999.250 -999.250 157.802 135.480 131.751 167.140 153.440 169.681 183.094 164.860 166.022 185.582 203.829 190.235 181.845 176.032 188.038 181.969 198.785 216.918 234.279 246.777 263.266 278.126 295.387 302.656 321.230 343.234 318.099 284.510 271.351 244.793 185.166 156.895 135.130 130.909 119.607 99.375 125.375 124.240 126.987 133.153 147.834 141.702 138.156
-999.250 -999.250 -999.250 -999.250 -999.250 -999.250 -999.250 -999.250 -999.250 -999.250 -999.250 -999.250 -999.250 -999.250 -999.250 -999.250 -999.250 -999.250 -999.250 -999.250 -999.250 145.859 162.813 137.979 132.440 165.500 181.648 199.399 198.555 189.727 174.827 195.752 202.562 206.989 200.433 198.112 187.710 198.745 207.671 208.100 243.274 233.841 281.097 288.014 265.856 303.943 299.474 295.748 291.269 286.935 231.404 206.488 177.603 152.126 121.656 112.198 104.901 107.093 130.970 115.765 123.603 135.328 121.764 123.105 124.834
-999.250 -999.250 -999.250 -999.250 -999.250 -999.250 -999.250 -999.250 -999.250 -999.250 -999.250 -999.250 -999.250 -999.250 -999.250 -999.250 -999.250 -999.250 -999.250 -999.250 -999.250 162.517 164.418 164.944 153.759 166.801 209.705 211.236 206.563 217.762 223.839 212.644 206.658 226.466 209.949 206.131 196.112 184.845 180.479 194.407 234.590 262.459 260.711 259.594 268.866 287.344 271.908 273.920 244.503 242.063 214.776 185.224 148.815 129.000 102.338 102.171 97.753 101.433 97.799 100.015 96.496 109.059 113.792 118.079 116.238
-999.250 -999.250 -999.250 -999.250 -999.250 -999.250 -999.250 -999.250 -999.250 -999.250 -999.250 -999.250 -999.250 -999.250 -999.250 -999.250 -999.250 -999.250 -999.250 -999.250 -999.250 174.056 180.268 184.804 180.935 203.776 222.594 215.166 239.105 248.134 253.821 216.203 213.534 230.761 215.172 203.548 207.102 197.214 207.731 178.503 203.688 219.755 242.738 262.863 225.964 242.535 239.120 235.675 241.883 212.363 187.905 148.022 115.933 107.397 100.209 104.109 95.382 97.670 84.319 96.844 98.412 105.588 110.661 111.325 113.444
-999.250 -999.250 -999.250 -999.250 -999.250 -999.250 -999.250 -999.250 -999.250 -999.250 -999.250 -999.250 -999.250 -999.250 -999.250 -999.250 -999.250 -999.250 -999.250 -999.250 183.769 206.922 198.073 200.456 217.425 212.085 218.790 234.681 263.976 257.672 279.138 267.676 259.958 261.273 253.884 222.146 205.003 197.025 196.987 201.579 195.296 229.500 221.270 221.483 207.356 211.499 192.232 193.357 202.244 184.626 157.107 115.791 75.386 84.449 75.151 85.483 89.035 93.673 97.488 103.931 101.301 110.222 101.788 100.398 113.581
-999.250 -999.250 -999.250 -999.250 -999.250 -999.250 -999.250 -999.250 -999.250 -999.250 -999.250 -999.250 -999.250 -999.250 -999.250 -999.250 -999.250 -999.250 -999.250 -999.250 193.672 222.395 212.674 192.877 198.709 216.959 210.988 260.666 279.175 289.645 303.830 305.404 262.509 298.976 283.094 244.287 222.866 192.690 182.322 194.508 207.596 203.280 205.564 213.593 205.422 187.036 188.183 174.177 169.453 146.554 123.586 109.938 77.802 75.417 77.966 83.790 98.117 93.196 97.083 94.303 99.611 98.215 107.836 110.561 111.525
-999.250 -999.250 -999.250 -999.250 -999.250 -999.250 -999.250 -999.250 -999.250 -999.250 -999.250 -999.250 -999.250 -999.250 -999.250 -999.250 -999.250 -999.250 -999.250 -999.250 202.446 215.780 229.872 230.537 213.360 235.756 226.893 275.579 288.293 329.393 353.416 336.306 325.755 301.014 281.453 270.736 252.459 244.039 187.953 188.460 179.353 176.771 173.771 177.234 168.214 175.937 184.050 163.582 151.457 127.559 106.681 104.934 92.155 80.007 87.746 93.959 89.886 86.064 85.090 98.747 97.850 109.519 106.489 106.375 115.175
-999.250 -999.250 -999.250 -999.250 -999.250 -999.250 -999.250 -999.250 -999.250 -999.250 -999.250 -999.250 -999.250 -999.250 -999.250 -999.250 -999.250 -999.250 -999.250 -999.250 244.550 245.576 229.752 220.032 230.706 235.494 227.655 283.096 291.435 322.171 382.134 356.180 331.739 304.558 307.274 272.863 250.037 224.818 209.617 181.908 154.391 185.797 181.751 169.301 146.807 160.781 168.804 149.928 128.815 117.899 111.290 98.902 84.727 82.071 84.547 98.655 97.430 103.088 92.761 90.280 112.402 102.239 96.800 101.675 99.501
-999.250 -999.250 -999.250 -999.250 -999.250 -999.250 -999.250 -999.250 -999.250 -999.250 -999.250 -999.250 -999.250 -999.250 -999.250 -999.250 -999.250 -999.250 -999.250 244.608 242.430 233.895 204.974 214.625 227.470 210.171 233.417 257.282 278.967 284.029 335.616 327.931 304.827 298.376 289.870 277.419 238.804 238.835 188.669 192.660 175.302 176.276 170.255 157.248 157.189 139.191 144.056 137.728 119.974 103.991 112.107 102.665 95.759 102.320 92.018 102.691 123.051 104.973 115.584 112.338 107.440 101.186 98.179 96.388 94.821
-999.250 -999.250 -999.250 -999.250 -999.250 -999.250 -999.250 -999.250 -999.250 -999.250 -999.250 -999.250 -999.250 -999.250 -999.250 -999.250 -999.250 -999.250 -999.250 271.546 263.165 237.095 210.535 202.278 218.918 213.757 210.617 219.496 231.239 242.590 267.734 281.927 297.479 288.265 247.738 238.807 230.232 224.866 208.580 196.758 187.252 184.824 163.699 149.936 155.451 146.019 116.803 120.339 118.737 113.509 109.238 111.182 113.462 117.801 105.680 120.630 119.342 126.593 138.001 135.349 120.784 115.849 109.043 98.503 85.128
-999.250 -999.250 -999.250 -999.250 -999.250 -999.250 -999.250 -999.250 -999.250 -999.250 -999.250 -999.250 -999.250 -999.250 -999.250 -999.250 -999.250 -999.250 -999.250 260.954 275.327 246.111 222.386 218.390 202.034 207.864 206.475 215.672 208.500 201.471 180.451 235.962 254.715 269.192 265.705 234.890 231.744 220.360 246.264 219.405 185.480 191.693 173.191 157.720 149.068 157.366 132.836 119.858 109.814 111.128 118.256 125.611 120.052 125.121 132.559 163.034 153.857 159.801 158.194 151.889 145.801 112.607 98.493 84.402 69.929
-999.250 -999.250 -999.250 -999.250 -999.250 -999.250 -999.250 -999.250 -999.250 -999.250 -999.250 -999.250 -999.250 -999.250 -999.250 -999.250 -999.250 -999.250 -999.250 248.373 247.428 225.684 208.778 188.002 162.829 179.075 170.578 176.880 193.556 177.787 179.076 215.928 238.971 234.824 256.562 249.104 241.914 217.884 210.388 225.043 200.654 201.113 187.761 173.526 149.669 140.607 139.376 119.685 92.522 113.527 121.299 129.838 133.818 138.916 166.455 172.892 181.684 173.766 177.611 179.094 144.632 122.133 96.164 75.864 65.193
-999.250 -999.250 -999.250 -999.250 -999.250 -999.250 -999.250 -999.250 -999.250 -999.250 -999.250 -999.250 -999.250 -999.250 -999.250 -999.250 -999.250 -999.250 -999.250 223.379 201.568 199.863 170.690 146.090 144.077 163.712 147.312 155.520 170.099 169.294 193.330 207.800 213.285 225.039 241.823 255.073 237.648 236.185 237.763 229.606 221.810 197.478 193.055 185.901 170.282 137.896 132.992 113.022 101.863 124.758 137.786 136.475 158.103 164.013 176.896 193.745 191.691 187.171 173.759 177.163 168.716 134.997 107.868 83.927 47.870
-999.250 -999.250 -999.250 -999.250 -999.250 -999.250 -999.250 -999.250 -999.250 -999.250 -999.250 -999.250 -999.250 -999.250 -999.250 -999.250 -999.250 -999.250 225.855 206.657 180.513 177.534 134.670 98.964 111.965 130.108 132.654 123.428 137.856 154.088 169.639 178.438 204.524 207.338 236.955 256.730 235.812 235.128 229.354 229.174 217.540 213.774 204.539 190.346 156.575 141.853 123.334 120.333 118.606 130.919 131.285 155.005 164.931 172.334 178.521 219.900 202.137 198.098 200.866 195.124 181.106 152.970 123.153 89.656 75.158
-999.250 -999.250 -999.250 -999.250 -999.250 -999.250 -999.250 -999.250 -999.250 -999.250 -999.250 -999.250 -999.250 -999.250 -999.250 -999.250 -999.250 225.073 211.202 203.744 190.399 169.635 138.497 105.213 102.166 111.651 129.948 119.388 132.333 142.439 159.481 181.371 189.362 224.816 237.198 230.060 229.984 230.773 231.917 224.214 217.402 212.889 198.525 186.193 167.815 157.978 124.756 126.786 125.784 130.347 154.284 143.767 166.847 193.278 205.562 228.108 227.749 218.182 241.440 213.847 194.423 173.818 147.504 119.183 102.244
