data/medianmodel_23-May-2020.asc
ncols	141
nrows	288
xllcorner	-120191.398
yllcorner	-301404.813
cellsize	2000.000
NODATA_value	-999.250
[rows 186 to 216 of 288, columns 0 to 69 of 141]
34.650 40.979 48.614 40.211 39.744 50.091 48.956 56.067 60.799 82.268 83.995 107.977 110.804 100.475 95.779 98.538 112.228 103.797 -999.250 -999.250 -999.250 -999.250 -999.250 30.015 29.649 28.225 24.790 18.268 16.011 21.415 20.929 23.067 19.268 21.113 28.170 22.454 20.495 21.204 22.424 22.524 15.557 17.246 15.705 17.042 11.918 12.994 9.823 5.812 6.276 4.405 6.472 7.783 9.082 6.161 6.192 7.248 9.657 8.286 9.805 8.536 6.364 5.585 4.723 0.115 0.009 0.000 0.000 0.000 0.000 0.069
-999.250 27.950 31.266 27.903 35.259 28.816 45.424 50.427 59.938 65.579 79.908 111.707 115.151 99.353 99.010 96.912 92.082 79.994 -999.250 -999.250 -999.250 -999.250 43.764 31.347 32.397 24.224 25.345 23.434 20.284 18.226 18.163 24.094 20.436 21.655 22.712 22.778 21.844 24.675 22.151 21.681 18.305 15.895 15.631 15.407 13.360 14.950 8.781 7.703 6.034 6.005 6.651 7.458 7.838 7.413 7.718 7.879 7.061 8.119 7.885 4.497 7.842 5.667 4.360 1.587 0.000 0.000 0.000 0.000 0.000 0.022
-999.250 26.410 22.478 24.722 28.134 24.333 29.882 40.561 48.630 52.927 73.396 88.489 94.623 74.410 76.678 82.824 79.052 68.781 -999.250 -999.250 -999.250 41.012 -999.250 37.347 30.523 22.303 23.444 21.447 23.016 22.430 16.911 18.959 17.323 19.420 23.359 24.390 25.824 21.569 24.534 24.474 20.901 18.470 16.483 18.121 15.493 13.436 10.388 6.930 5.191 6.923 5.800 6.706 7.236 6.345 8.349 5.882 4.936 5.208 5.772 4.912 8.054 6.691 3.551 2.474 0.000 0.000 0.000 0.000 0.000 1.006
-999.250 25.384 25.974 22.561 22.015 19.562 22.971 26.568 33.382 46.350 55.199 67.189 77.218 64.884 58.672 62.680 63.252 -999.250 -999.250 -999.250 -999.250 43.020 40.784 40.483 25.587 19.920 17.232 21.357 22.639 18.836 15.899 15.502 19.392 22.603 19.254 24.811 28.317 21.433 21.151 19.948 22.495 21.547 20.295 16.685 16.545 11.979 8.556 6.374 6.079 6.700 8.580 8.146 7.772 8.284 5.352 5.214 4.376 2.149 3.433 4.767 7.674 6.020 3.388 0.990 0.057 0.022 0.354 0.887 1.797 3.646
-999.250 21.776 24.161 27.152 23.901 23.968 20.434 23.174 32.412 38.367 46.925 51.294 56.540 54.526 45.669 48.294 54.526 -999.250 -999.250 -999.250 47.687 51.888 52.071 34.255 24.864 20.023 16.704 17.785 20.215 17.389 17.780 17.035 17.072 18.565 20.560 27.008 27.344 20.649 18.050 18.599 23.339 16.783 19.216 17.355 11.949 10.692 9.262 12.158 7.644 6.266 8.503 7.408 4.948 4.614 5.074 3.275 2.633 4.068 3.832 4.653 4.758 6.452 3.762 2.164 0.923 1.255 1.466 1.897 1.943 3.137
-999.250 -999.250 -999.250 22.268 -999.250 -999.250 22.541 27.151 32.591 -999.250 -999.250 -999.250 37.533 35.462 -999.250 -999.250 -999.250 -999.250 -999.250 -999.250 63.769 54.895 50.928 37.761 23.367 15.777 12.165 17.493 16.579 14.790 16.366 15.158 17.741 19.187 23.555 21.220 19.756 19.224 21.337 18.265 22.568 17.406 15.952 15.914 17.294 14.490 11.505 11.036 8.261 8.241 6.526 5.367 4.218 3.740 3.799 1.696 0.644 2.386 3.911 4.126 6.674 3.868 4.926 4.111 1.576 3.923 3.864 4.968 4.964 3.173
-999.250 -999.250 -999.250 -999.250 -999.250 -999.250 -999.250 -999.250 -999.250 -999.250 -999.250 -999.250 -999.250 28.866 25.763 31.256 -999.250 -999.250 -999.250 57.912 58.446 60.226 45.174 34.707 24.621 13.693 13.002 12.480 11.460 12.449 17.175 19.693 17.959 20.919 21.686 19.301 20.140 23.271 22.264 20.923 18.238 15.847 17.245 15.891 17.974 17.770 13.396 12.999 11.558 8.557 7.063 7.128 3.052 3.682 3.872 0.818 0.000 0.000 1.404 4.318 4.559 5.895 4.447 5.212 4.346 3.585 4.011 5.141 4.563 6.350
-999.250 -999.250 -999.250 -999.250 -999.250 -999.250 -999.250 -999.250 -999.250 -999.250 -999.250 28.279 24.579 21.084 24.078 30.762 -999.250 -999.250 61.852 81.174 75.539 61.627 40.353 25.449 15.747 11.895 7.540 10.191 12.015 13.652 18.506 17.248 16.838 21.174 23.040 21.236 19.528 19.459 21.730 18.589 16.194 17.832 13.554 14.898 12.601 16.595 15.446 12.781 11.663 9.661 6.810 7.427 7.551 5.495 4.345 0.000 0.000 0.000 2.944 4.512 3.577 5.951 4.240 4.123 2.502 4.227 5.057 6.685 5.193 5.602
-999.250 -999.250 -999.250 -999.250 -999.250 -999.250 -999.250 -999.250 -999.250 -999.250 -999.250 26.792 23.549 20.548 24.458 36.254 51.913 49.542 59.002 73.425 71.596 60.552 35.049 24.711 16.915 11.489 9.336 8.213 10.983 13.137 16.479 18.135 15.452 16.334 17.664 20.803 20.103 21.280 17.306 17.370 19.810 22.051 15.836 11.896 11.646 12.145 15.175 14.068 9.929 9.555 10.127 9.465 7.818 7.109 4.889 0.857 0.000 1.324 3.514 5.534 7.119 8.084 6.314 6.799 4.515 4.714 6.271 5.192 3.908 4.095
-999.250 -999.250 -999.250 -999.250 -999.250 -999.250 -999.250 -999.250 -999.250 -999.250 -999.250 -999.250 25.864 24.295 25.407 38.640 64.381 60.251 60.285 61.931 64.019 54.349 39.664 23.857 19.690 11.299 9.847 8.188 10.424 11.342 19.511 16.834 15.740 17.285 16.211 17.053 19.403 19.716 18.555 16.745 17.012 17.341 15.135 12.371 13.415 12.675 13.903 13.262 12.892 10.949 12.355 11.300 10.414 10.172 7.651 3.700 2.500 3.752 5.754 8.357 8.021 8.461 6.315 6.800 4.405 4.892 5.320 6.262 4.988 5.425
-999.250 -999.250 -999.250 -999.250 -999.250 -999.250 -999.250 -999.250 -999.250 -999.250 -999.250 -999.250 -999.250 22.004 30.368 33.622 39.321 41.915 40.234 45.879 46.937 45.777 31.575 18.877 14.944 10.829 9.925 8.812 11.999 15.072 17.179 13.636 15.146 18.085 15.887 16.228 16.098 16.220 14.735 15.915 16.891 18.170 15.836 12.413 14.382 10.232 10.131 14.081 10.661 9.981 13.444 14.115 8.845 9.054 8.031 3.533 3.982 2.292 7.518 9.018 7.783 7.420 8.015 7.131 5.385 4.632 6.396 4.711 3.794 4.236
-999.250 -999.250 -999.250 -999.250 -999.250 -999.250 -999.250 -999.250 -999.250 -999.250 -999.250 -999.250 -999.250 23.285 26.737 29.030 32.725 35.132 36.341 33.303 39.355 37.504 20.548 23.958 15.303 11.914 10.098 7.825 10.627 12.367 13.538 15.062 14.990 15.890 16.517 13.885 16.117 15.668 16.709 14.876 15.742 17.007 13.689 10.052 8.915 10.954 12.214 9.224 10.494 11.821 11.777 10.857 8.695 9.147 7.011 3.935 3.609 4.220 4.498 8.190 7.742 8.908 6.821 8.326 7.670 5.003 4.233 6.078 3.443 2.397
-999.250 -999.250 -999.250 -999.250 -999.250 -999.250 -999.250 -999.250 -999.250 -999.250 -999.250 -999.250 -999.250 26.067 23.874 21.292 22.600 23.339 25.424 25.133 26.968 24.434 21.478 14.736 15.125 10.625 8.395 11.727 11.484 15.687 13.549 15.612 14.052 15.668 17.780 14.568 14.629 18.723 18.427 13.570 13.832 16.301 12.859 8.056 7.841 9.447 10.443 10.075 10.116 12.625 9.717 8.152 7.959 5.758 7.305 5.742 7.004 6.047 6.672 6.553 4.990 5.162 7.605 6.010 8.803 4.868 4.116 5.154 4.268 3.815
-999.250 -999.250 -999.250 -999.250 -999.250 -999.250 -999.250 -999.250 -999.250 -999.250 -999.250 -999.250 -999.250 -999.250 21.358 21.013 17.909 19.313 17.355 17.255 17.630 14.583 14.800 17.007 14.576 12.878 12.833 12.459 13.060 15.686 16.241 17.957 16.996 14.625 13.846 13.881 15.839 17.707 17.824 15.510 14.944 14.642 11.396 9.805 6.005 9.196 7.894 10.098 13.241 10.292 8.932 10.916 9.248 6.733 5.864 6.740 6.574 7.082 5.747 7.088 4.299 6.710 5.831 8.115 8.538 1.918 3.401 3.787 3.472 3.838
-999.250 -999.250 -999.250 -999.250 -999.250 -999.250 -999.250 -999.250 -999.250 -999.250 -999.250 -999.250 -999.250 -999.250 18.327 16.188 16.251 13.629 13.916 15.223 17.951 14.189 12.654 12.059 13.740 9.840 11.593 11.769 16.504 14.557 15.964 15.190 16.300 15.470 16.192 15.097 13.396 17.024 18.242 14.521 14.655 9.743 10.959 9.254 6.926 10.401 11.319 9.002 7.747 9.941 8.636 10.597 7.985 10.476 9.149 9.253 11.931 7.613 7.433 7.015 7.166 5.511 5.057 6.033 6.440 8.311 4.196 3.681 4.435 5.345
-999.250 -999.250 -999.250 -999.250 -999.250 -999.250 -999.250 -999.250 -999.250 -999.250 -999.250 -999.250 -999.250 -999.250 18.654 18.159 13.971 10.324 11.482 10.523 10.216 11.979 10.986 14.392 13.975 15.923 12.889 16.298 14.638 17.386 16.720 17.129 14.614 19.422 17.112 14.987 13.922 15.480 16.971 12.412 15.065 13.050 8.126 9.134 7.946 8.354 8.696 6.879 8.580 9.631 7.541 8.854 7.853 11.755 9.840 8.756 12.044 10.738 12.280 7.857 8.287 6.518 7.326 6.100 7.130 5.780 5.051 6.324 6.048 5.307
-999.250 -999.250 -999.250 -999.250 -999.250 -999.250 -999.250 -999.250 -999.250 -999.250 -999.250 -999.250 -999.250 -999.250 18.818 16.387 14.130 15.567 12.958 12.181 13.053 17.638 15.110 14.275 14.304 -999.250 15.926 15.687 15.994 14.130 13.418 14.962 17.808 15.164 11.701 13.302 19.919 16.154 18.059 12.380 13.375 12.861 14.465 9.283 11.422 9.442 11.012 8.342 9.220 8.317 9.144 10.406 7.780 8.367 10.342 10.818 12.549 12.655 10.112 7.028 11.753 11.251 8.620 7.016 7.926 9.692 4.652 5.555 8.389 3.817
-999.250 -999.250 -999.250 -999.250 -999.250 -999.250 -999.250 -999.250 -999.250 -999.250 -999.250 -999.250 -999.250 -999.250 15.744 14.842 17.155 16.740 12.388 17.110 19.899 18.447 17.944 -999.250 -999.250 -999.250 16.115 15.537 13.889 13.069 12.574 14.976 18.156 16.224 15.550 16.158 15.927 17.013 21.908 15.749 13.081 14.037 12.721 9.661 10.479 11.015 10.107 9.691 8.151 6.911 9.938 10.388 10.227 8.217 8.944 10.038 13.126 14.076 14.661 10.414 10.000 11.075 7.987 6.175 7.616 6.535 6.529 6.233 7.092 5.508
-999.250 -999.250 -999.250 -999.250 -999.250 -999.250 -999.250 -999.250 -999.250 -999.250 -999.250 -999.250 -999.250 17.358 16.757 14.713 15.995 18.059 16.014 17.289 18.984 18.998 -999.250 -999.250 -999.250 -999.250 -999.250 13.016 13.897 15.199 14.259 14.933 17.243 14.746 13.635 15.211 18.659 18.759 16.092 17.482 17.284 14.058 12.885 11.825 9.864 7.342 10.558 8.798 8.710 8.566 10.017 11.498 10.562 11.404 10.746 12.142 13.758 12.889 11.488 8.692 13.079 8.437 9.983 9.158 7.025 8.257 7.518 7.311 9.197 6.542
-999.250 -999.250 -999.250 -999.250 -999.250 -999.250 -999.250 -999.250 -999.250 -999.250 -999.250 -999.250 -999.250 18.222 16.424 17.157 15.312 17.979 17.464 21.104 -999.250 -999.250 -999.250 -999.250 -999.250 -999.250 -999.250 -999.250 12.359 13.018 13.025 13.928 15.337 18.125 14.245 15.099 17.086 16.371 14.806 13.962 13.656 14.149 13.308 11.751 10.209 9.155 10.877 8.366 9.428 10.278 7.818 8.960 7.974 10.779 12.241 12.750 13.519 12.971 12.314 9.440 8.789 10.555 8.975 12.381 10.296 6.864 7.385 7.795 5.859 7.054
-999.250 -999.250 -999.250 -999.250 -999.250 -999.250 -999.250 -999.250 -999.250 -999.250 -999.250 -999.250 19.993 15.105 -999.250 -999.250 -999.250 -999.250 -999.250 -999.250 -999.250 -999.250 -999.250 -999.250 -999.250 -999.250 -999.250 -999.250 -999.250 9.245 13.516 13.743 17.609 18.102 15.729 12.238 15.072 14.990 13.244 14.107 12.320 11.988 9.718 12.694 11.930 11.582 10.488 10.325 8.755 10.670 10.169 7.023 9.089 10.242 10.994 9.245 11.103 13.494 8.939 5.915 7.277 9.573 11.425 10.091 9.994 6.918 7.280 7.938 5.617 5.959
-999.250 -999.250 -999.250 -999.250 -999.250 -999.250 -999.250 -999.250 -999.250 -999.250 -999.250 -999.250 -999.250 -999.250 -999.250 -999.250 -999.250 -999.250 -999.250 -999.250 -999.250 -999.250 -999.250 -999.250 -999.250 -999.250 -999.250 -999.250 -999.250 -999.250 8.196 12.383 14.559 16.571 16.011 13.140 11.548 15.971 15.894 11.904 13.046 10.477 11.304 12.241 11.562 11.673 12.047 6.154 9.533 12.979 11.419 9.922 12.241 8.710 6.258 9.040 12.467 10.999 9.992 10.851 10.143 12.978 11.494 12.548 8.412 8.060 9.392 7.717 6.198 6.752
-999.250 -999.250 -999.250 -999.250 -999.250 -999.250 -999.250 -999.250 -999.250 -999.250 -999.250 -999.250 -999.250 -999.250 -999.250 -999.250 -999.250 -999.250 -999.250 -999.250 -999.250 -999.250 -999.250 -999.250 -999.250 -999.250 -999.250 -999.250 -999.250 -999.250 14.839 15.560 13.709 10.501 11.704 10.375 13.904 14.742 13.040 15.084 13.287 11.633 9.777 13.155 10.328 12.163 11.608 7.252 11.025 12.614 15.163 10.696 9.286 8.779 12.024 9.431 9.820 10.275 11.487 11.900 11.634 10.946 11.606 13.720 9.239 7.959 7.907 11.442 6.841 5.494
-999.250 -999.250 -999.250 -999.250 -999.250 -999.250 -999.250 -999.250 -999.250 -999.250 -999.250 -999.250 -999.250 -999.250 -999.250 -999.250 -999.250 -999.250 -999.250 -999.250 -999.250 -999.250 -999.250 -999.250 -999.250 -999.250 -999.250 -999.250 -999.250 -999.250 10.863 12.240 12.293 14.486 12.912 9.023 13.437 14.793 11.815 12.545 10.086 13.185 13.294 13.402 11.397 10.964 8.624 9.076 13.771 12.131 11.708 13.547 12.125 10.912 12.238 10.669 7.651 12.157 9.771 9.655 9.700 9.345 8.894 11.525 10.678 12.915 10.302 11.314 6.171 5.725
-999.250 -999.250 -999.250 -999.250 -999.250 -999.250 -999.250 -999.250 -999.250 -999.250 -999.250 -999.250 -999.250 -999.250 -999.250 -999.250 -999.250 -999.250 -999.250 -999.250 -999.250 -999.250 -999.250 -999.250 -999.250 -999.250 -999.250 -999.250 -999.250 -999.250 -999.250 12.678 12.447 15.645 15.597 9.208 14.857 14.292 10.604 13.345 12.564 13.063 17.154 11.935 10.913 9.203 8.888 9.979 13.207 12.399 11.486 10.416 13.109 13.730 12.064 13.101 10.024 10.289 9.645 9.050 10.838 9.767 10.513 11.766 14.918 14.934 16.165 11.691 9.836 7.394
-999.250 -999.250 -999.250 -999.250 -999.250 -999.250 -999.250 -999.250 -999.250 -999.250 -999.250 -999.250 -999.250 -999.250 -999.250 -999.250 -999.250 -999.250 -999.250 -999.250 -999.250 -999.250 -999.250 -999.250 -999.250 -999.250 -999.250 -999.250 -999.250 -999.250 -999.250 13.959 13.639 14.126 18.611 12.828 15.295 14.862 14.364 12.648 10.308 12.064 13.150 10.846 9.551 10.059 10.216 9.482 8.510 10.294 10.863 9.194 12.513 10.579 8.566 9.821 11.938 12.053 6.873 9.063 6.084 6.846 9.064 10.569 14.925 19.436 15.347 10.661 7.831 7.609
-999.250 -999.250 -999.250 -999.250 -999.250 -999.250 -999.250 -999.250 -999.250 -999.250 -999.250 -999.250 -999.250 -999.250 -999.250 -999.250 -999.250 -999.250 -999.250 -999.250 -999.250 -999.250 -999.250 -999.250 -999.250 -999.250 -999.250 -999.250 -999.250 -999.250 -999.250 11.811 13.177 13.356 13.976 11.968 13.297 14.959 12.571 12.519 12.183 11.497 12.552 10.155 9.975 11.681 10.980 9.015 9.569 10.383 12.362 12.343 10.257 9.568 8.875 9.152 11.677 8.162 7.672 8.209 6.893 7.054 7.427 7.751 9.986 14.885 11.194 7.555 5.965 5.672
-999.250 -999.250 -999.250 -999.250 -999.250 -999.250 -999.250 -999.250 -999.250 -999.250 -999.250 -999.250 -999.250 -999.250 -999.250 -999.250 -999.250 -999.250 -999.250 -999.250 -999.250 -999.250 -999.250 -999.250 -999.250 -999.250 -999.250 -999.250 -999.250 -999.250 -999.250 12.246 12.911 12.404 13.448 13.294 12.996 12.076 11.150 10.219 9.282 10.220 7.908 9.310 8.308 8.958 10.227 7.612 10.545 10.873 10.802 12.001 10.696 8.214 8.119 10.234 7.280 7.732 7.425 5.114 5.960 3.945 6.059 7.923 6.808 8.583 7.971 5.540 4.711 5.325
-999.250 -999.250 -999.250 -999.250 -999.250 -999.250 -999.250 -999.250 -999.250 -999.250 -999.250 -999.250 -999.250 -999.250 -999.250 -999.250 -999.250 -999.250 -999.250 -999.250 -999.250 -999.250 -999.250 -999.250 -999.250 -999.250 -999.250 -999.250 -999.250 -999.250 -999.250 14.282 15.148 13.591 14.863 14.245 13.938 11.388 10.556 6.825 9.033 8.167 8.423 9.417 8.495 8.171 7.831 7.285 12.519 11.780 10.629 9.492 10.684 8.827 7.334 7.880 6.464 6.900 7.713 7.495 6.846 3.119 4.060 4.020 2.989 6.196 7.191 4.277 4.862 7.246
-999.250 -999.250 -999.250 -999.250 -999.250 -999.250 -999.250 -999.250 -999.250 -999.250 -999.250 -999.250 -999.250 -999.250 -999.250 -999.250 -999.250 -999.250 -999.250 -999.250 -999.250 -999.250 -999.250 -999.250 -999.250 -999.250 -999.250 -999.250 -999.250 -999.250 -999.250 13.063 11.494 13.813 15.362 14.629 9.490 11.602 7.034 7.026 6.457 6.827 8.878 10.782 10.528 6.147 7.296 6.310 9.843 8.559 6.332 8.927 9.641 9.477 9.949 9.128 6.608 6.494 4.629 4.855 4.117 4.372 2.393 0.464 0.000 1.269 1.014 1.862 1.741 0.640
-999.250 -999.250 -999.250 -999.250 -999.250 -999.250 -999.250 -999.250 -999.250 -999.250 -999.250 -999.250 -999.250 -999.250 -999.250 -999.250 -999.250 -999.250 -999.250 -999.250 -999.250 -999.250 -999.250 -999.250 -999.250 -999.250 -999.250 -999.250 -999.250 -999.250 -999.250 11.614 13.185 13.261 13.432 14.843 11.546 9.707 7.499 8.944 8.218 5.734 7.911 9.073 9.081 7.932 9.544 7.401 9.804 6.084 6.606 8.728 9.862 9.003 7.968 9.770 10.099 7.183 4.376 7.155 5.235 1.971 1.590 0.000 0.000 0.000 0.000 0.000 0.000 0.000
