data/medianmodel_28-Oct-2020.asc
ncols	141
nrows	288
xllcorner	-120191.398
yllcorner	-301404.813
cellsize	2000.000
NODATA_value	-999.250
[rows 116 to 144 of 288, columns 0 to 65 of 141]
-999.250 -999.250 -999.250 -999.250 -999.250 -999.250 -999.250 -999.250 -999.250 -999.250 -999.250 -999.250 -999.250 -999.250 -999.250 -999.250 -999.250 -999.250 -999.250 -999.250 -999.250 -999.250 -999.250 -999.250 -999.250 -999.250 -999.250 141.920 133.737 141.628 160.414 153.447 138.617 135.738 117.115 98.192 99.206 88.834 77.899 62.484 58.010 69.609 64.114 70.126 68.061 72.375 72.406 81.216 75.294 73.407 68.458 55.729 51.438 46.345 39.852 44.722 44.196 54.156 62.245 97.574 105.187 102.578 112.655 108.201 96.455 72.319
-999.250 -999.250 -999.250 -999.250 -999.250 -999.250 -999.250 -999.250 -999.250 -999.250 -999.250 -999.250 -999.250 -999.250 -999.250 -999.250 -999.250 -999.250 -999.250 -999.250 -999.250 -999.250 -999.250 -999.250 -999.250 -999.250 -999.250 129.767 138.834 125.739 138.941 163.144 131.314 110.781 108.427 106.511 92.045 74.813 65.535 63.948 55.273 53.917 61.901 59.127 54.892 57.343 57.981 62.760 63.964 74.115 63.140 55.219 51.884 49.158 46.208 38.055 36.263 38.255 63.073 92.218 93.538 105.955 111.442 94.136 77.151 77.444
-999.250 -999.250 -999.250 -999.250 -999.250 -999.250 -999.250 -999.250 -999.250 -999.250 -999.250 -999.250 -999.250 -999.250 -999.250 -999.250 -999.250 -999.250 -999.250 -999.250 -999.250 -999.250 -999.250 -999.250 -999.250 -999.250 130.843 131.014 127.800 127.970 141.495 144.211 134.662 116.382 104.068 98.405 85.037 75.350 63.097 58.823 50.617 52.667 45.983 46.105 38.312 47.109 50.913 54.969 60.161 62.391 67.284 52.561 50.438 45.804 41.018 36.907 38.911 45.811 59.266 67.934 92.473 105.219 108.619 91.541 73.066 68.583
-999.250 -999.250 -999.250 -999.250 -999.250 -999.250 -999.250 -999.250 -999.250 -999.250 -999.250 -999.250 -999.250 -999.250 -999.250 -999.250 -999.250 -999.250 -999.250 -999.250 -999.250 -999.250 -999.250 -999.250 -999.250 -999.250 106.223 130.996 127.609 125.025 136.704 151.817 113.001 101.424 93.788 92.493 75.940 68.797 63.566 55.799 45.196 45.839 41.510 44.678 37.735 38.340 43.431 45.819 49.134 58.113 59.932 63.072 47.299 43.503 44.550 36.969 38.171 47.775 57.475 74.813 86.167 91.757 104.328 82.441 79.901 80.936
-999.250 -999.250 -999.250 -999.250 -999.250 -999.250 -999.250 -999.250 -999.250 -999.250 -999.250 -999.250 -999.250 -999.250 -999.250 -999.250 -999.250 -999.250 -999.250 -999.250 -999.250 -999.250 -999.250 -999.250 -999.250 -999.250 112.874 111.929 126.150 117.231 124.751 128.461 108.859 107.152 96.474 92.619 73.771 58.899 53.041 42.977 46.628 40.096 38.697 38.972 40.789 41.821 43.127 39.620 49.570 59.459 62.611 59.675 49.456 36.990 31.677 32.704 39.837 49.185 60.869 76.595 84.799 84.255 92.916 89.236 87.816 79.740
-999.250 -999.250 -999.250 -999.250 -999.250 -999.250 -999.250 -999.250 -999.250 -999.250 -999.250 -999.250 -999.250 -999.250 -999.250 -999.250 -999.250 -999.250 -999.250 -999.250 -999.250 -999.250 -999.250 -999.250 -999.250 81.874 102.073 97.098 118.656 118.072 118.016 102.374 103.364 98.073 84.366 74.360 60.111 63.573 51.383 53.707 53.563 52.877 43.788 55.359 53.019 56.631 53.517 49.332 63.160 73.685 80.463 76.895 60.227 44.093 36.484 39.320 49.352 55.986 58.651 69.550 77.584 82.549 81.146 90.343 83.660 75.273
-999.250 -999.250 -999.250 -999.250 -999.250 -999.250 -999.250 -999.250 -999.250 -999.250 -999.250 -999.250 -999.250 -999.250 -999.250 -999.250 -999.250 -999.250 -999.250 -999.250 -999.250 -999.250 -999.250 -999.250 -999.250 76.651 93.272 91.758 111.790 120.695 118.901 99.888 107.002 94.906 86.170 65.531 61.573 57.103 55.249 48.407 50.376 64.061 69.298 75.624 82.435 90.876 78.917 66.451 100.278 117.719 105.332 103.973 69.005 54.538 52.349 51.377 51.892 53.832 60.072 66.004 80.377 87.051 84.422 70.928 74.315 81.532
-999.250 -999.250 -999.250 -999.250 -999.250 -999.250 -999.250 -999.250 -999.250 -999.250 -999.250 -999.250 -999.250 -999.250 -999.250 -999.250 -999.250 -999.250 -999.250 -999.250 -999.250 -999.250 -999.250 -999.250 -999.250 87.839 89.664 100.946 117.682 113.372 99.048 104.304 100.469 90.117 90.558 72.349 59.210 58.393 46.637 55.816 63.359 79.594 106.392 112.243 133.993 129.238 159.678 147.496 157.717 162.934 159.235 124.210 94.736 66.932 54.969 47.236 50.405 52.750 60.045 68.924 76.295 83.036 93.144 82.383 72.167 78.047
-999.250 -999.250 -999.250 -999.250 -999.250 -999.250 -999.250 -999.250 -999.250 -999.250 -999.250 -999.250 -999.250 -999.250 -999.250 -999.250 -999.250 -999.250 -999.250 -999.250 -999.250 -999.250 -999.250 -999.250 80.387 102.341 98.849 82.293 96.251 97.687 99.834 104.765 99.625 102.806 88.916 84.116 78.344 62.462 62.106 74.101 79.006 103.911 128.842 169.621 201.288 198.400 233.371 224.549 230.538 230.280 205.702 207.100 129.331 90.692 59.683 47.571 54.906 54.984 65.005 78.744 74.262 84.282 95.931 90.656 78.850 75.805
-999.250 -999.250 -999.250 -999.250 -999.250 -999.250 -999.250 -999.250 -999.250 -999.250 -999.250 -999.250 -999.250 -999.250 -999.250 -999.250 -999.250 -999.250 -999.250 -999.250 -999.250 -999.250 -999.250 -999.250 79.907 82.388 93.143 88.307 88.684 93.843 83.212 107.680 102.404 100.621 93.927 82.452 85.783 79.781 75.882 91.628 102.901 105.962 175.133 202.358 246.529 300.088 309.304 344.944 323.544 322.988 296.448 218.641 185.587 120.142 53.879 55.795 60.461 60.547 74.478 75.075 84.824 83.281 91.139 103.659 96.713 91.107
-999.250 -999.250 -999.250 -999.250 -999.250 -999.250 -999.250 -999.250 -999.250 -999.250 -999.250 -999.250 -999.250 -999.250 -999.250 -999.250 -999.250 -999.250 -999.250 -999.250 -999.250 -999.250 -999.250 79.700 83.780 76.179 86.817 75.603 86.047 84.226 106.433 101.745 87.770 97.782 95.464 82.865 86.150 92.035 89.743 115.199 127.708 162.126 198.418 248.064 308.945 337.013 418.992 464.269 456.414 387.505 363.145 283.552 219.507 166.655 110.916 84.156 77.326 77.953 86.624 88.867 77.188 104.099 102.965 114.211 109.843 111.459
-999.250 -999.250 -999.250 -999.250 -999.250 -999.250 -999.250 -999.250 -999.250 -999.250 -999.250 -999.250 -999.250 -999.250 -999.250 -999.250 -999.250 -999.250 -999.250 -999.250 -999.250 -999.250 -999.250 78.506 86.161 78.776 77.048 76.315 82.783 92.734 112.817 96.213 87.362 103.492 114.026 100.065 87.017 96.386 100.869 109.824 142.990 195.719 211.191 253.983 342.652 391.421 540.392 580.224 569.468 484.070 421.807 321.590 275.630 204.132 142.617 103.172 88.987 81.702 97.149 92.721 89.623 95.618 109.049 122.361 113.280 110.582
-999.250 -999.250 -999.250 -999.250 -999.250 -999.250 -999.250 -999.250 -999.250 -999.250 -999.250 -999.250 -999.250 -999.250 -999.250 -999.250 -999.250 -999.250 -999.250 -999.250 -999.250 -999.250 -999.250 80.565 93.639 96.061 90.283 91.965 100.385 102.640 112.898 108.128 118.112 108.196 89.254 94.728 89.127 100.220 111.847 119.135 150.649 183.032 264.844 297.748 364.154 445.615 532.870 665.264 712.445 581.089 426.674 355.615 300.558 219.883 176.465 121.647 107.574 97.027 103.310 97.681 96.470 105.266 116.622 121.951 123.891 129.607
-999.250 -999.250 -999.250 -999.250 -999.250 -999.250 -999.250 -999.250 -999.250 -999.250 -999.250 -999.250 -999.250 -999.250 -999.250 -999.250 -999.250 -999.250 -999.250 -999.250 -999.250 -999.250 94.068 93.712 98.343 98.849 93.758 109.362 104.949 117.177 118.713 116.006 117.524 113.922 102.115 102.159 103.907 105.831 111.671 122.112 158.955 194.024 228.574 293.725 344.675 466.327 515.155 559.063 606.429 524.851 417.743 352.583 294.099 244.099 181.990 145.958 108.011 100.665 96.484 100.998 111.818 109.817 117.476 121.812 123.353 109.316
-999.250 -999.250 -999.250 -999.250 -999.250 -999.250 -999.250 -999.250 -999.250 -999.250 -999.250 -999.250 -999.250 -999.250 -999.250 -999.250 -999.250 -999.250 -999.250 -999.250 -999.250 -999.250 115.224 101.071 95.885 95.868 103.742 122.314 134.950 127.941 133.180 131.997 151.483 120.889 119.689 113.275 106.727 122.131 118.020 138.478 168.864 216.176 233.217 281.176 349.601 422.729 435.680 542.789 469.475 444.611 394.296 325.490 255.335 230.483 170.987 136.693 118.250 97.749 108.909 96.703 112.873 108.394 111.833 124.277 119.119 116.793
-999.250 -999.250 -999.250 -999.250 -999.250 -999.250 -999.250 -999.250 -999.250 -999.250 -999.250 -999.250 -999.250 -999.250 -999.250 -999.250 -999.250 -999.250 -999.250 -999.250 -999.250 119.670 123.812 107.439 106.471 121.348 139.998 144.857 139.723 147.531 146.886 132.695 158.971 129.032 135.487 117.658 116.501 119.773 123.918 151.309 189.869 199.658 233.302 284.555 312.405 356.503 421.860 467.613 424.493 338.766 338.941 309.468 239.064 189.354 162.265 128.778 110.854 107.456 107.151 99.920 115.630 105.078 111.000 124.126 121.199 117.660
-999.250 -999.250 -999.250 -999.250 -999.250 -999.250 -999.250 -999.250 -999.250 -999.250 -999.250 -999.250 -999.250 -999.250 -999.250 -999.250 -999.250 -999.250 -999.250 -999.250 -999.250 140.173 143.600 127.420 141.564 140.371 157.624 164.316 177.661 177.253 188.320 169.220 183.529 176.491 166.767 163.333 134.038 126.624 128.891 140.536 183.804 201.265 231.843 252.717 316.567 325.850 363.457 365.222 319.566 309.755 260.679 237.519 186.332 139.379 132.103 92.782 88.164 98.150 92.536 96.969 106.024 108.491 129.881 118.478 112.441 107.669
-999.250 -999.250 -999.250 -999.250 -999.250 -999.250 -999.250 -999.250 -999.250 -999.250 -999.250 -999.250 -999.250 -999.250 -999.250 -999.250 -999.250 -999.250 -999.250 -999.250 -999.250 158.333 153.992 142.072 186.921 168.818 189.384 202.689 202.711 228.178 229.284 207.730 204.264 199.867 195.555 185.537 146.733 132.865 138.924 144.730 195.068 201.996 221.972 224.387 265.867 303.530 366.594 326.590 287.044 239.329 202.853 168.476 132.544 99.072 96.723 86.639 69.279 86.411 82.555 101.450 105.495 104.200 115.131 104.752 106.353 113.565
-999.250 -999.250 -999.250 -999.250 -999.250 -999.250 -999.250 -999.250 -999.250 -999.250 -999.250 -999.250 -999.250 -999.250 -999.250 -999.250 -999.250 -999.250 -999.250 -999.250 150.154 148.329 157.521 164.082 172.284 191.167 211.686 209.455 228.947 254.263 253.161 265.161 258.973 220.789 209.150 190.210 167.477 154.572 157.724 142.395 156.468 172.067 182.988 202.336 223.225 258.194 263.222 239.234 208.714 180.146 139.019 103.786 62.822 61.498 59.969 56.667 60.146 68.426 77.863 95.925 98.668 120.774 121.374 113.907 107.682 105.464
-999.250 -999.250 -999.250 -999.250 -999.250 -999.250 -999.250 -999.250 -999.250 -999.250 -999.250 -999.250 -999.250 -999.250 -999.250 -999.250 -999.250 -999.250 -999.250 -999.250 159.901 172.305 166.469 181.697 162.304 201.799 209.102 257.205 263.300 293.336 286.534 297.464 297.812 249.082 225.261 192.785 159.763 173.640 142.400 140.769 143.039 135.262 168.220 181.080 190.452 176.299 198.190 202.157 173.195 143.577 119.964 76.874 54.556 44.912 43.962 49.520 59.879 62.511 83.366 98.969 99.827 109.687 108.545 107.768 110.382 111.549
-999.250 -999.250 -999.250 -999.250 -999.250 -999.250 -999.250 -999.250 -999.250 -999.250 -999.250 -999.250 -999.250 -999.250 -999.250 -999.250 -999.250 -999.250 -999.250 -999.250 175.230 165.703 182.205 168.504 163.972 191.788 238.023 250.030 268.408 329.618 342.305 337.776 315.002 275.153 253.004 214.191 181.983 152.901 147.984 122.203 126.661 135.920 130.873 154.801 145.696 169.850 160.445 138.741 126.068 107.851 88.444 61.083 51.854 36.370 30.924 37.552 53.436 61.990 76.296 96.647 100.125 96.206 103.955 102.803 103.076 117.610
-999.250 -999.250 -999.250 -999.250 -999.250 -999.250 -999.250 -999.250 -999.250 -999.250 -999.250 -999.250 -999.250 -999.250 -999.250 -999.250 -999.250 -999.250 -999.250 -999.250 150.752 156.731 162.901 154.509 169.906 191.993 212.141 247.217 278.841 305.425 394.663 346.160 299.486 253.935 261.208 227.309 210.841 192.730 144.466 134.504 115.793 125.606 130.057 124.200 124.875 133.334 111.195 115.355 104.828 90.766 79.113 57.935 48.749 37.113 35.765 42.530 50.995 64.405 71.500 90.280 107.127 96.936 99.822 88.815 92.618 99.398
-999.250 -999.250 -999.250 -999.250 -999.250 -999.250 -999.250 -999.250 -999.250 -999.250 -999.250 -999.250 -999.250 -999.250 -999.250 -999.250 -999.250 -999.250 -999.250 155.155 167.762 172.857 177.149 171.282 178.823 172.788 198.106 226.285 252.131 284.377 306.592 289.771 275.595 255.756 245.519 214.373 199.046 179.300 164.110 133.824 131.350 129.367 113.417 109.096 104.449 134.012 96.303 96.510 83.300 78.296 62.684 58.164 47.464 45.395 48.702 45.633 50.364 64.529 83.490 90.504 85.755 85.629 81.992 79.907 86.575 94.940
-999.250 -999.250 -999.250 -999.250 -999.250 -999.250 -999.250 -999.250 -999.250 -999.250 -999.250 -999.250 -999.250 -999.250 -999.250 -999.250 -999.250 -999.250 -999.250 201.011 190.112 180.789 172.638 165.006 169.617 181.117 196.234 198.298 200.725 212.168 215.256 250.757 242.738 247.061 251.437 238.933 215.146 198.926 177.240 150.692 126.073 122.250 109.859 99.425 112.517 111.072 97.342 89.191 71.569 67.200 60.922 57.507 51.451 55.965 59.472 58.299 61.490 69.089 71.866 74.362 77.240 77.049 72.130 70.219 63.839 68.430
-999.250 -999.250 -999.250 -999.250 -999.250 -999.250 -999.250 -999.250 -999.250 -999.250 -999.250 -999.250 -999.250 -999.250 -999.250 -999.250 -999.250 -999.250 -999.250 191.549 197.670 180.197 158.028 144.981 129.507 134.613 151.279 186.186 173.155 171.028 158.969 188.245 224.646 239.175 224.866 229.190 220.663 186.449 175.802 137.726 129.807 146.045 105.576 107.977 111.897 95.857 101.280 84.475 74.076 67.773 61.715 63.726 69.120 69.478 73.854 66.749 65.793 73.327 85.502 72.086 67.507 72.576 61.199 55.414 58.398 60.702
-999.250 -999.250 -999.250 -999.250 -999.250 -999.250 -999.250 -999.250 -999.250 -999.250 -999.250 -999.250 -999.250 -999.250 -999.250 -999.250 -999.250 -999.250 -999.250 192.684 177.888 174.658 148.623 128.711 118.769 129.683 123.544 146.072 141.291 143.327 142.367 170.337 208.167 205.644 208.419 221.326 215.674 204.307 183.408 171.361 159.311 151.956 128.907 121.110 125.105 99.710 88.610 93.399 84.358 71.373 66.254 78.846 74.362 82.645 91.081 86.140 85.349 78.620 70.509 64.320 62.360 52.335 51.169 47.321 53.669 56.115
-999.250 -999.250 -999.250 -999.250 -999.250 -999.250 -999.250 -999.250 -999.250 -999.250 -999.250 -999.250 -999.250 -999.250 -999.250 -999.250 -999.250 -999.250 -999.250 166.619 158.581 152.968 122.499 104.522 108.233 116.432 126.239 135.779 129.747 131.010 145.235 155.104 180.904 195.187 210.003 219.104 206.855 184.566 178.876 176.336 165.006 177.937 161.066 119.204 120.062 115.849 110.083 114.066 97.028 103.671 92.793 98.648 96.198 111.872 120.718 121.560 110.974 96.369 72.824 59.000 55.544 52.785 53.343 46.649 47.870 56.576
-999.250 -999.250 -999.250 -999.250 -999.250 -999.250 -999.250 -999.250 -999.250 -999.250 -999.250 -999.250 -999.250 -999.250 -999.250 -999.250 -999.250 -999.250 153.658 149.777 131.721 113.846 94.344 69.088 86.089 110.635 110.797 119.777 124.993 118.581 132.292 142.138 170.329 194.814 190.923 198.571 205.057 182.433 176.320 183.592 181.512 172.588 152.416 136.636 132.735 113.500 105.869 114.122 109.965 107.506 107.047 107.398 115.602 134.067 137.841 126.177 126.679 110.913 76.778 55.042 48.573 40.802 44.717 49.721 52.123 51.482
-999.250 -999.250 -999.250 -999.250 -999.250 -999.250 -999.250 -999.250 -999.250 -999.250 -999.250 -999.250 -999.250 -999.250 -999.250 -999.250 -999.250 146.428 149.478 122.998 111.199 99.821 86.722 67.629 88.019 92.130 95.801 102.795 114.955 116.075 127.600 135.065 150.335 173.889 170.145 182.623 171.431 188.196 196.009 180.552 178.478 171.745 146.505 145.942 149.696 127.735 116.465 116.776 106.446 115.181 123.243 140.165 141.141 162.915 175.047 151.506 139.662 119.827 99.198 53.462 52.328 53.458 41.557 44.811 46.508 54.203
