data/medianmodel_27-Mar-2020.asc
ncols	141
nrows	288
xllcorner	-120191.398
yllcorner	-301404.813
cellsize	2000.000
NODATA_value	-999.250
[rows 155 to 185 of 288, columns 0 to 68 of 141]
-999.250 -999.250 -999.250 -999.250 -999.250 -999.250 -999.250 5.126 4.697 7.488 6.437 7.688 7.969 8.772 7.376 8.852 6.440 6.437 5.132 3.693 6.271 6.757 4.014 6.545 5.038 4.907 8.655 10.322 14.170 20.571 27.272 31.211 33.208 30.587 30.090 29.503 33.277 35.901 31.405 23.502 22.578 19.102 15.413 15.374 10.951 6.306 5.176 2.556 3.732 4.169 3.942 7.195 6.947 7.716 4.776 4.873 6.868 7.738 10.298 7.430 6.891 8.090 9.019 8.459 8.066 6.102 5.699 5.993 7.310
-999.250 -999.250 -999.250 -999.250 -999.250 -999.250 -999.250 3.563 5.212 6.055 4.965 7.950 9.401 5.596 7.399 6.931 5.330 4.511 4.688 4.467 4.352 5.557 6.581 5.049 5.660 8.245 10.162 12.434 17.241 22.268 25.156 26.680 30.949 34.089 32.709 35.617 32.052 32.759 30.311 28.994 23.691 22.010 18.100 20.653 13.992 11.437 7.521 6.691 6.371 4.746 5.897 8.156 7.466 5.494 4.066 4.572 5.433 5.087 8.145 9.360 7.182 8.900 9.045 8.972 7.921 8.583 6.155 6.309 6.189
-999.250 -999.250 -999.250 -999.250 -999.250 -999.250 -999.250 2.177 2.982 5.395 5.046 6.001 5.532 5.661 6.222 4.930 5.348 4.646 5.360 5.362 3.743 5.109 5.506 5.559 7.103 8.868 8.092 13.801 16.749 21.992 27.110 29.386 30.689 33.112 30.232 30.504 32.121 34.585 29.635 31.996 30.333 24.309 26.916 24.451 17.257 13.479 12.361 8.853 9.088 6.232 6.439 6.915 6.485 5.685 5.937 5.272 5.148 5.915 8.065 6.689 7.266 7.795 8.158 8.369 6.724 7.834 6.091 3.296 4.976
-999.250 -999.250 -999.250 -999.250 -999.250 -999.250 -999.250 2.085 1.577 2.906 4.843 4.659 6.402 6.987 6.085 7.397 6.086 4.944 4.263 4.278 5.117 3.669 4.867 6.020 8.946 8.754 11.682 16.444 21.154 26.643 28.627 32.047 32.755 29.630 31.202 35.766 32.384 33.096 35.733 31.516 29.794 31.635 34.177 26.326 22.281 15.711 11.960 10.200 9.276 7.582 6.222 6.061 7.389 7.618 6.147 5.584 4.309 7.012 6.107 7.182 7.155 8.640 6.588 6.862 6.747 4.445 3.421 6.439 6.036
-999.250 -999.250 -999.250 -999.250 -999.250 -999.250 -999.250 -999.250 0.489 1.992 3.021 3.535 5.733 6.487 7.206 7.157 6.413 4.909 3.946 4.000 6.059 4.433 3.972 6.886 9.000 10.604 15.297 17.104 19.522 25.750 30.446 32.976 36.021 33.092 35.077 41.734 37.697 38.554 39.036 37.196 33.220 36.093 33.387 26.027 21.924 15.839 11.684 8.563 9.180 9.214 8.241 5.701 5.820 5.239 6.326 5.350 4.554 7.673 7.569 7.489 7.255 7.750 8.023 6.250 3.884 1.293 3.199 5.990 4.417
-999.250 -999.250 -999.250 -999.250 -999.250 -999.250 -999.250 -999.250 0.000 0.000 3.627 5.320 5.372 6.095 8.128 7.963 5.264 3.948 4.124 2.507 3.512 3.867 6.431 7.580 7.688 13.233 12.273 19.082 24.555 26.579 30.334 35.623 37.495 35.433 43.347 42.062 44.768 40.800 38.473 34.136 38.134 42.499 35.934 27.516 23.000 20.174 17.130 12.857 9.653 8.970 9.682 8.309 6.682 5.677 5.775 4.922 4.844 6.170 6.328 8.150 8.436 8.801 4.641 4.223 2.751 0.000 0.740 4.592 4.575
-999.250 -999.250 -999.250 -999.250 -999.250 -999.250 -999.250 3.730 1.438 0.396 4.380 5.119 4.507 5.925 7.095 5.034 6.237 3.786 5.102 2.256 2.102 3.984 6.790 6.306 9.169 12.935 13.446 19.426 24.830 26.372 31.985 35.958 35.864 39.823 36.708 40.254 47.021 39.257 37.624 37.350 40.449 38.685 30.974 26.868 20.642 16.454 15.602 13.235 9.659 8.654 10.741 9.450 9.765 6.677 4.629 8.062 9.875 7.515 7.889 7.276 8.311 8.036 5.332 3.787 2.948 1.866 3.946 3.577 3.356
-999.250 -999.250 -999.250 -999.250 -999.250 -999.250 -999.250 4.220 3.225 5.406 6.346 5.533 4.432 4.351 5.096 7.852 5.070 3.224 3.241 0.683 0.000 2.742 6.493 6.700 10.895 12.019 16.159 20.020 22.977 26.221 30.133 31.725 39.177 33.913 36.931 35.804 37.871 34.519 31.685 33.657 36.230 35.880 31.737 24.081 22.853 20.078 15.211 15.265 12.390 11.382 7.740 10.263 7.719 7.862 7.597 8.583 7.835 7.153 6.707 7.927 7.062 7.322 5.140 4.131 2.593 3.812 4.322 4.832 6.360
-999.250 -999.250 -999.250 -999.250 -999.250 -999.250 -999.250 5.613 7.008 8.335 9.055 8.113 5.508 6.725 4.850 7.851 8.418 4.773 1.912 1.745 0.463 2.989 6.472 8.918 11.196 11.600 16.158 18.784 23.978 25.294 31.212 37.822 39.095 36.675 36.396 33.657 32.367 29.205 26.612 28.333 31.796 29.682 25.122 23.684 21.820 20.948 15.776 15.705 13.147 10.900 8.774 10.122 8.687 10.671 7.793 7.516 7.644 8.271 7.824 7.082 4.520 6.175 3.679 3.027 4.089 3.457 4.330 7.054 7.336
-999.250 -999.250 -999.250 -999.250 -999.250 -999.250 -999.250 8.054 6.731 6.901 8.439 8.197 7.680 6.814 6.379 5.381 5.716 5.416 4.719 3.919 4.238 5.610 7.685 7.903 11.464 11.653 15.046 21.049 26.915 28.030 31.168 35.336 38.454 37.572 35.348 32.144 29.089 26.093 23.215 26.554 26.780 24.444 24.108 24.374 23.575 20.151 14.077 11.908 12.081 10.146 9.776 9.491 9.360 8.885 7.734 7.268 6.461 7.567 7.664 4.980 5.337 6.303 4.342 4.805 4.563 5.674 6.101 8.396 5.203
-999.250 -999.250 -999.250 -999.250 -999.250 -999.250 10.012 8.135 8.283 8.725 9.660 9.281 7.152 7.168 5.409 7.469 5.151 5.876 5.516 3.614 4.053 5.423 6.441 6.609 8.729 13.159 17.077 21.173 25.414 29.539 36.165 41.941 41.662 38.149 35.632 29.446 26.532 24.471 21.475 21.851 21.713 21.394 24.268 22.837 18.933 15.343 13.598 14.324 11.898 9.784 10.956 9.455 9.648 7.566 6.562 8.165 6.924 7.149 6.683 7.293 6.494 7.125 4.834 7.396 3.175 5.579 5.000 7.252 5.238
-999.250 -999.250 -999.250 -999.250 -999.250 -999.250 13.179 9.865 12.061 11.769 10.617 9.327 9.983 8.764 6.494 5.513 5.784 6.396 6.448 4.629 4.645 4.348 6.633 7.051 9.924 12.643 13.096 17.055 20.872 25.720 30.041 32.477 37.207 35.463 30.644 28.520 23.652 22.126 20.982 21.316 20.334 20.071 21.275 16.876 19.350 19.349 14.339 16.399 14.896 11.824 12.902 7.798 9.930 9.146 8.259 6.126 7.139 5.509 5.495 6.323 6.467 6.457 6.132 6.399 5.844 6.403 5.570 6.646 6.788
-999.250 -999.250 -999.250 -999.250 -999.250 13.907 13.019 12.077 14.015 13.232 12.620 11.938 10.094 8.221 5.787 5.842 7.175 6.749 6.687 4.373 4.626 3.733 7.066 9.489 9.466 11.034 11.272 13.207 17.601 22.984 26.834 29.071 28.095 26.871 27.691 24.762 22.037 18.563 18.327 16.855 18.241 23.621 21.444 17.603 18.934 16.480 15.305 11.994 11.210 16.048 10.531 7.816 10.304 7.265 8.949 8.681 7.926 5.979 6.756 6.777 4.722 6.619 5.913 8.160 5.366 8.127 8.511 4.279 5.739
-999.250 -999.250 -999.250 -999.250 -999.250 15.499 17.540 14.026 13.232 15.706 13.021 12.734 11.886 8.510 7.429 4.554 5.368 6.858 6.035 5.318 4.603 4.765 6.920 9.973 10.704 11.813 10.286 10.938 13.870 20.190 21.290 24.116 24.341 22.340 20.755 21.121 20.330 14.132 15.242 19.103 19.096 17.395 18.576 17.546 18.767 18.182 13.279 14.752 16.645 14.624 12.048 9.317 12.540 11.425 8.356 8.651 5.489 5.108 4.739 5.752 4.699 7.748 6.447 6.648 7.314 8.037 6.557 5.082 4.723
-999.250 -999.250 -999.250 -999.250 20.291 18.763 21.674 16.201 14.978 14.972 12.807 13.058 9.936 8.338 6.951 4.716 5.264 4.991 6.637 5.526 3.827 6.375 6.735 7.391 9.233 10.291 12.063 10.658 15.726 18.389 22.661 21.461 21.327 19.661 17.039 16.219 17.462 16.283 13.253 16.369 15.869 16.157 14.414 16.136 18.237 17.803 18.370 16.005 14.887 15.733 13.160 11.450 12.086 10.508 11.495 8.440 6.368 8.192 6.070 8.436 5.782 7.084 5.447 7.082 5.769 5.414 5.995 3.886 3.246
-999.250 -999.250 -999.250 -999.250 19.528 21.748 21.105 22.068 16.613 14.381 14.352 11.294 11.287 6.517 4.107 3.227 4.258 3.534 5.103 4.949 4.158 5.993 4.540 7.274 7.859 9.137 9.876 11.253 14.309 19.131 19.446 19.257 17.617 14.633 13.940 13.592 11.609 11.720 11.576 15.127 14.136 15.470 13.624 14.052 15.508 17.239 18.282 16.194 14.497 14.419 14.696 12.262 11.965 9.941 10.041 8.683 7.557 9.136 7.830 8.033 6.304 7.133 6.452 7.761 6.786 5.951 5.354 2.679 2.593
-999.250 -999.250 -999.250 -999.250 24.559 25.385 26.645 20.263 17.780 18.411 16.918 12.016 9.760 7.317 4.903 3.183 2.370 2.655 2.024 4.447 3.080 4.663 6.288 7.675 7.066 9.218 10.104 10.970 13.457 14.045 16.255 17.056 15.448 12.099 9.278 7.938 9.458 9.820 11.051 12.389 11.982 10.120 12.528 14.409 16.066 15.428 16.161 16.400 15.348 16.662 14.895 13.188 7.884 12.662 10.953 9.019 8.169 7.268 6.537 7.120 7.220 7.756 7.344 6.351 5.496 5.293 3.712 2.252 3.005
-999.250 -999.250 -999.250 -999.250 19.950 24.063 24.733 24.349 21.395 18.848 17.155 13.259 8.075 6.637 3.528 3.381 1.448 0.000 0.445 2.523 4.242 5.702 6.722 7.427 10.701 11.244 11.560 9.862 9.363 11.173 14.468 12.761 13.044 10.897 7.455 4.696 7.569 7.896 8.226 8.791 11.417 12.420 14.087 15.142 15.552 14.949 14.006 13.986 12.605 15.882 12.289 12.915 9.691 11.889 9.598 9.048 8.929 8.008 6.153 6.610 8.012 9.380 9.142 4.129 5.733 6.261 4.753 3.334 3.853
-999.250 -999.250 -999.250 -999.250 25.713 23.138 25.974 25.839 21.528 20.100 17.467 14.998 9.405 7.489 3.057 1.982 0.000 0.000 0.000 0.000 1.715 4.790 6.389 5.132 9.279 10.383 9.767 11.004 11.916 13.130 11.751 11.138 11.889 9.080 6.585 4.078 4.870 6.328 7.415 8.458 9.810 14.046 13.603 16.497 13.321 13.148 12.842 13.565 13.515 14.169 11.373 10.719 11.578 10.095 8.240 7.827 7.341 6.616 5.606 7.213 8.079 6.590 8.689 7.162 7.884 7.212 4.997 3.515 2.839
-999.250 -999.250 -999.250 -999.250 24.727 20.711 22.883 23.987 22.615 21.978 18.589 15.924 9.975 8.813 5.708 2.065 0.000 0.000 0.000 0.000 2.529 3.923 6.844 9.366 11.514 9.302 10.000 11.842 10.031 14.377 14.131 10.385 11.778 8.249 6.333 6.707 6.652 7.234 8.619 8.014 12.353 11.884 13.505 16.034 14.309 12.936 13.185 11.992 13.764 14.673 12.702 11.381 11.292 10.360 8.234 6.277 3.983 5.046 5.381 5.608 4.450 8.034 6.874 6.366 7.449 7.784 8.002 7.223 5.036
-999.250 -999.250 -999.250 -999.250 23.746 23.057 25.084 26.404 21.114 19.002 18.307 16.540 11.764 9.851 8.785 1.687 0.238 0.000 0.393 0.973 3.992 6.706 6.900 9.070 11.676 8.422 9.026 8.165 10.682 13.236 14.521 12.698 12.790 11.033 10.655 9.856 8.996 9.416 10.182 9.034 10.304 9.955 16.430 15.490 14.351 14.362 13.437 13.720 12.805 14.205 12.463 10.911 10.660 9.342 7.690 5.439 1.867 2.316 3.206 6.136 5.728 5.208 5.185 6.345 8.383 9.601 6.727 6.296 6.175
-999.250 -999.250 -999.250 -999.250 25.710 22.790 25.776 29.476 22.382 19.979 18.089 16.392 14.391 9.666 7.936 5.399 2.952 3.253 3.128 3.624 5.827 7.835 9.851 10.197 12.386 10.186 11.652 7.935 10.761 13.991 12.651 16.961 13.668 11.142 10.824 15.131 12.894 13.081 10.138 11.415 14.013 14.029 16.021 17.171 16.766 14.958 16.106 15.652 16.062 14.632 8.905 13.549 10.936 9.745 7.687 5.454 1.176 0.000 1.764 4.018 5.401 6.189 5.981 7.658 8.075 7.350 8.957 6.645 5.850
-999.250 -999.250 -999.250 -999.250 22.393 24.977 23.498 28.707 25.584 23.784 18.919 16.511 13.550 11.336 10.238 8.801 8.304 7.402 6.958 6.711 10.066 10.897 11.516 13.469 13.214 12.095 11.176 12.123 11.332 13.291 17.168 17.752 14.667 11.017 14.408 15.921 14.597 14.191 13.466 15.335 15.447 13.692 14.388 15.679 16.839 17.407 14.252 14.854 14.063 14.110 13.177 12.128 12.484 10.100 7.239 5.864 3.358 2.027 2.230 5.088 5.510 7.440 7.889 6.897 7.925 8.780 7.609 5.644 4.921
-999.250 -999.250 -999.250 -999.250 28.118 25.182 25.841 26.919 27.119 22.549 19.565 17.447 15.977 14.078 10.661 11.576 9.576 10.089 10.046 9.587 11.571 12.328 12.532 12.823 14.275 12.815 15.144 13.947 14.397 14.688 16.990 15.676 14.927 15.139 17.224 17.470 15.869 13.855 15.559 15.085 13.399 11.894 13.278 15.438 15.509 14.773 16.707 14.633 16.134 15.084 12.490 13.030 11.397 9.815 6.695 7.695 4.396 5.135 6.299 3.874 5.534 6.791 7.747 7.919 6.915 7.170 6.581 8.310 5.471
-999.250 -999.250 -999.250 27.568 27.517 26.113 24.084 27.256 25.551 23.840 22.495 18.347 18.305 15.934 15.715 16.711 13.895 13.721 14.832 13.552 14.089 13.326 15.218 16.888 15.173 15.404 14.529 16.463 16.228 19.377 18.822 21.030 17.298 15.454 20.825 18.860 14.641 17.198 15.706 16.460 15.753 12.615 12.502 14.363 13.838 15.557 15.830 12.815 15.401 15.739 16.176 12.825 12.025 8.217 8.947 7.442 5.422 5.983 4.652 4.160 4.850 8.139 8.197 6.306 6.136 7.521 4.254 6.201 4.928
-999.250 -999.250 -999.250 27.008 26.109 27.103 30.615 28.569 25.808 24.559 23.132 22.922 21.231 17.892 17.289 18.409 20.866 17.089 16.228 16.106 14.867 16.573 17.910 20.382 18.643 19.034 20.534 20.667 19.545 18.651 22.084 18.473 16.943 16.557 17.100 19.452 17.754 15.722 16.694 17.834 14.531 12.654 11.186 15.105 16.040 13.651 12.552 12.786 14.894 15.757 13.753 14.029 12.822 12.375 10.648 9.151 6.559 5.969 6.344 4.723 5.546 7.446 8.274 7.713 6.057 5.662 4.870 5.123 3.277
-999.250 -999.250 -999.250 28.567 28.814 28.288 30.200 31.821 26.900 25.216 26.735 24.112 20.822 21.017 21.565 21.329 22.585 20.846 21.692 17.183 19.213 19.765 22.188 20.937 24.130 23.465 22.660 19.829 20.910 19.234 23.346 22.059 22.009 16.558 17.169 18.850 17.062 17.283 18.763 18.541 16.549 16.151 14.215 16.008 13.260 14.295 12.631 12.649 10.326 13.698 13.332 13.159 13.032 13.313 10.509 8.796 6.665 6.001 5.863 6.607 5.626 8.364 6.413 6.374 7.073 5.245 5.043 2.973 4.069
-999.250 -999.250 27.267 33.877 31.070 31.368 33.361 31.752 32.339 28.518 29.532 28.186 24.622 24.980 26.023 26.546 24.108 23.145 20.863 20.231 22.234 20.853 22.220 23.377 23.752 22.949 23.456 25.260 24.888 21.567 21.028 20.262 22.199 18.560 17.848 17.020 17.988 18.189 19.408 15.352 14.845 18.630 13.942 16.400 16.177 14.650 13.443 15.476 12.680 14.426 12.663 13.155 11.490 10.684 10.645 9.716 9.608 6.961 8.739 6.972 4.504 6.929 5.995 4.668 6.501 4.127 6.002 4.591 4.860
-999.250 -999.250 27.898 30.362 33.150 38.374 37.675 34.558 32.920 30.616 28.235 27.179 28.288 26.481 31.079 25.991 26.356 27.040 23.432 25.363 -999.250 24.040 23.368 26.830 22.651 22.041 22.735 24.917 25.411 26.142 23.266 23.709 24.342 19.195 16.979 15.971 16.583 18.116 18.087 16.842 16.304 17.254 15.680 14.677 16.309 15.511 14.476 14.264 12.981 11.596 12.561 10.501 9.585 11.390 11.965 11.620 11.923 10.501 7.624 6.827 9.525 6.873 4.317 2.222 2.503 4.050 5.323 3.911 5.401
-999.250 28.023 30.810 34.830 35.198 32.591 39.214 35.772 36.256 33.408 29.091 29.502 27.651 29.260 30.420 29.259 30.418 27.103 30.060 -999.250 -999.250 26.880 24.584 24.955 22.300 22.298 22.536 28.882 28.233 25.122 23.401 22.626 21.834 18.975 19.463 19.152 17.344 17.315 14.924 15.599 16.460 16.936 16.258 15.974 13.236 13.739 12.893 13.590 11.950 11.613 11.704 11.977 10.366 9.130 11.035 11.984 12.510 9.941 8.923 8.511 9.342 8.257 5.504 3.952 4.363 5.393 6.195 5.469 7.136
-999.250 30.659 34.251 41.408 38.796 38.928 36.150 37.957 37.201 37.191 33.875 25.474 28.831 30.147 32.762 33.260 33.342 32.779 -999.250 -999.250 -999.250 -999.250 23.783 27.290 23.805 23.638 26.947 25.065 26.167 23.162 23.673 21.528 22.270 22.008 18.321 20.691 18.293 16.759 18.457 16.649 17.441 17.631 16.226 15.569 14.340 12.154 11.903 10.793 12.428 12.802 10.676 13.644 13.430 11.882 13.015 13.342 10.965 9.672 7.659 8.114 7.107 6.572 6.756 3.216 2.939 2.945 3.843 4.559 5.251
