data/medianmodel_15-Sep-2020.asc
ncols	141
nrows	288
xllcorner	-120191.398
yllcorner	-301404.813
cellsize	2000.000
NODATA_value	-999.250
[rows 90 to 119 of 288, columns 0 to 68 of 141]
-999.250 -999.250 -999.250 -999.250 -999.250 -999.250 -999.250 -999.250 -999.250 -999.250 -999.250 -999.250 -999.250 -999.250 -999.250 -999.250 -999.250 -999.250 -999.250 -999.250 -999.250 -999.250 -999.250 -999.250 -999.250 -999.250 -999.250 -999.250 -999.250 -999.250 -999.250 -999.250 12.642 11.336 9.781 9.467 8.795 8.067 7.761 12.331 11.315 13.607 14.544 13.608 12.900 13.977 12.486 13.013 10.410 9.759 8.022 3.722 2.654 0.000 0.775 0.000 0.212 2.319 7.865 7.910 10.597 13.828 18.970 17.305 17.667 16.960 17.901 24.332 23.723
-999.250 -999.250 -999.250 -999.250 -999.250 -999.250 -999.250 -999.250 -999.250 -999.250 -999.250 -999.250 -999.250 -999.250 -999.250 -999.250 -999.250 -999.250 -999.250 -999.250 -999.250 -999.250 -999.250 -999.250 -999.250 -999.250 -999.250 -999.250 -999.250 -999.250 -999.250 -999.250 8.768 8.688 6.715 5.729 7.100 5.798 6.832 11.154 12.798 13.552 13.829 16.257 15.055 16.400 15.729 15.315 10.976 11.792 10.696 7.198 4.989 0.722 1.476 2.324 2.584 2.846 5.218 7.350 9.454 11.816 13.955 12.338 13.342 13.565 12.924 16.410 20.917
-999.250 -999.250 -999.250 -999.250 -999.250 -999.250 -999.250 -999.250 -999.250 -999.250 -999.250 -999.250 -999.250 -999.250 -999.250 -999.250 -999.250 -999.250 -999.250 -999.250 -999.250 -999.250 -999.250 -999.250 -999.250 -999.250 -999.250 -999.250 -999.250 -999.250 -999.250 10.605 7.862 3.048 1.180 2.936 4.764 8.236 12.345 13.387 15.011 16.328 16.673 18.940 17.383 20.295 21.579 18.688 13.716 13.008 12.152 9.509 9.562 5.487 2.028 2.308 3.039 4.416 8.566 6.526 9.776 10.841 11.192 11.009 10.735 10.121 8.255 9.599 14.222
-999.250 -999.250 -999.250 -999.250 -999.250 -999.250 -999.250 -999.250 -999.250 -999.250 -999.250 -999.250 -999.250 -999.250 -999.250 -999.250 -999.250 -999.250 -999.250 -999.250 -999.250 -999.250 -999.250 -999.250 -999.250 -999.250 -999.250 -999.250 -999.250 -999.250 -999.250 8.569 5.589 2.210 0.660 4.816 9.189 11.035 16.580 17.871 18.279 16.848 17.645 16.622 18.604 19.923 25.680 17.430 16.897 16.353 14.128 13.516 12.549 9.862 8.240 5.432 5.859 5.410 6.717 9.051 9.947 10.143 10.142 8.676 8.031 5.834 3.432 3.002 8.329
-999.250 -999.250 -999.250 -999.250 -999.250 -999.250 -999.250 -999.250 -999.250 -999.250 -999.250 -999.250 -999.250 -999.250 -999.250 -999.250 -999.250 -999.250 -999.250 -999.250 -999.250 -999.250 -999.250 -999.250 -999.250 -999.250 -999.250 -999.250 -999.250 -999.250 -999.250 7.183 4.769 3.520 3.048 8.213 13.212 18.925 22.147 25.896 30.202 27.102 25.247 20.421 18.652 18.581 17.374 17.246 18.281 16.435 19.187 16.439 16.315 14.802 12.814 8.959 9.448 7.937 10.041 11.282 13.828 11.955 11.360 9.501 4.707 1.695 0.000 0.000 0.835
-999.250 -999.250 -999.250 -999.250 -999.250 -999.250 -999.250 -999.250 -999.250 -999.250 -999.250 -999.250 -999.250 -999.250 -999.250 -999.250 -999.250 -999.250 -999.250 -999.250 -999.250 -999.250 -999.250 -999.250 -999.250 -999.250 -999.250 -999.250 -999.250 -999.250 -999.250 7.510 6.008 6.894 8.452 12.930 21.630 26.888 33.963 40.448 37.973 37.795 32.186 24.018 17.966 14.950 12.701 12.774 16.923 22.888 24.365 25.202 27.215 24.765 18.192 15.830 10.299 10.200 12.563 17.029 19.375 15.612 14.421 9.811 7.206 1.008 0.000 0.000 0.331
-999.250 -999.250 -999.250 -999.250 -999.250 -999.250 -999.250 -999.250 -999.250 -999.250 -999.250 -999.250 -999.250 -999.250 -999.250 -999.250 -999.250 -999.250 -999.250 -999.250 -999.250 -999.250 -999.250 -999.250 -999.250 -999.250 -999.250 -999.250 -999.250 -999.250 8.901 7.651 8.013 9.094 13.005 22.321 31.647 42.129 44.847 49.630 52.688 48.080 39.167 29.723 17.347 7.776 5.619 9.290 16.308 24.974 32.331 39.745 36.688 33.861 29.189 19.192 11.900 7.051 14.154 28.703 22.770 18.162 16.179 11.473 9.466 6.315 0.589 0.024 1.222
-999.250 -999.250 -999.250 -999.250 -999.250 -999.250 -999.250 -999.250 -999.250 -999.250 -999.250 -999.250 -999.250 -999.250 -999.250 -999.250 -999.250 -999.250 -999.250 -999.250 -999.250 -999.250 -999.250 -999.250 -999.250 -999.250 -999.250 -999.250 -999.250 -999.250 8.648 9.458 13.107 12.938 20.012 26.236 37.999 48.356 57.935 64.060 68.479 60.129 49.065 35.471 22.351 10.643 0.000 10.028 20.841 34.367 44.559 56.953 61.010 49.291 46.168 33.588 14.846 4.948 11.287 18.735 21.190 19.810 15.427 17.341 16.509 10.211 7.066 4.436 2.572
-999.250 -999.250 -999.250 -999.250 -999.250 -999.250 -999.250 -999.250 -999.250 -999.250 -999.250 -999.250 -999.250 -999.250 -999.250 -999.250 -999.250 -999.250 -999.250 -999.250 -999.250 -999.250 -999.250 -999.250 -999.250 -999.250 -999.250 -999.250 -999.250 -999.250 10.704 12.727 14.438 20.065 26.074 38.611 49.196 57.996 68.335 79.406 84.514 71.869 59.978 40.346 23.760 15.883 11.267 16.392 33.786 47.929 64.743 73.043 83.744 79.651 73.388 51.035 28.521 0.000 12.369 18.975 21.380 18.586 20.445 21.254 26.390 13.524 10.957 6.666 2.022
-999.250 -999.250 -999.250 -999.250 -999.250 -999.250 -999.250 -999.250 -999.250 -999.250 -999.250 -999.250 -999.250 -999.250 -999.250 -999.250 -999.250 -999.250 -999.250 -999.250 -999.250 -999.250 -999.250 -999.250 -999.250 -999.250 -999.250 -999.250 -999.250 -999.250 11.834 15.635 17.808 23.260 34.278 41.580 54.550 63.463 72.623 87.549 108.537 87.816 65.348 47.698 34.292 27.571 24.743 31.386 45.431 65.481 81.300 100.034 109.687 106.945 105.403 84.546 55.407 30.673 23.850 25.191 27.133 24.136 20.026 21.318 21.939 14.700 11.386 5.666 0.916
-999.250 -999.250 -999.250 -999.250 -999.250 -999.250 -999.250 -999.250 -999.250 -999.250 -999.250 -999.250 -999.250 -999.250 -999.250 -999.250 -999.250 -999.250 -999.250 -999.250 -999.250 -999.250 -999.250 -999.250 -999.250 -999.250 -999.250 -999.250 -999.250 10.562 12.757 15.519 21.281 25.760 34.555 44.545 55.198 62.207 75.801 85.138 97.470 83.594 64.483 49.950 38.408 31.402 33.461 43.782 66.397 77.834 104.265 138.077 149.264 179.847 145.938 116.931 85.723 63.783 47.823 40.449 33.492 27.478 25.863 23.942 18.934 14.141 12.026 5.886 1.800
-999.250 -999.250 -999.250 -999.250 -999.250 -999.250 -999.250 -999.250 -999.250 -999.250 -999.250 -999.250 -999.250 -999.250 -999.250 -999.250 -999.250 -999.250 -999.250 -999.250 -999.250 -999.250 -999.250 -999.250 -999.250 -999.250 -999.250 -999.250 -999.250 12.962 14.334 17.808 21.238 28.870 32.897 43.386 53.521 63.606 72.382 79.552 79.639 71.285 59.548 50.344 40.234 34.148 41.429 57.441 73.085 99.602 116.741 150.668 197.008 240.421 202.625 147.430 111.430 86.294 63.976 53.161 41.606 32.752 25.924 20.744 15.276 12.794 10.324 6.718 2.051
-999.250 -999.250 -999.250 -999.250 -999.250 -999.250 -999.250 -999.250 -999.250 -999.250 -999.250 -999.250 -999.250 -999.250 -999.250 -999.250 -999.250 -999.250 -999.250 -999.250 -999.250 -999.250 -999.250 -999.250 -999.250 -999.250 -999.250 -999.250 -999.250 12.222 13.809 16.655 19.446 26.714 35.249 40.924 49.460 59.083 65.761 68.652 74.038 64.093 55.673 43.791 36.867 36.742 41.562 60.629 76.053 106.087 129.367 177.295 220.361 270.191 234.782 151.913 120.511 91.618 72.066 59.036 46.663 33.659 25.204 17.834 15.949 13.116 9.574 3.739 0.199
-999.250 -999.250 -999.250 -999.250 -999.250 -999.250 -999.250 -999.250 -999.250 -999.250 -999.250 -999.250 -999.250 -999.250 -999.250 -999.250 -999.250 -999.250 -999.250 -999.250 -999.250 -999.250 -999.250 -999.250 -999.250 -999.250 -999.250 -999.250 -999.250 10.236 14.042 13.724 18.987 26.158 31.251 37.215 44.838 54.622 58.437 62.864 58.493 53.860 48.518 37.794 35.179 34.674 38.316 59.285 76.924 100.756 124.002 157.028 183.564 206.361 194.534 145.112 125.569 95.246 75.293 58.393 43.281 33.154 22.505 17.249 12.524 9.252 6.287 2.274 0.398
-999.250 -999.250 -999.250 -999.250 -999.250 -999.250 -999.250 -999.250 -999.250 -999.250 -999.250 -999.250 -999.250 -999.250 -999.250 -999.250 -999.250 -999.250 -999.250 -999.250 -999.250 -999.250 -999.250 -999.250 -999.250 -999.250 -999.250 -999.250 8.490 8.060 11.363 13.300 18.080 24.601 34.251 37.507 42.858 48.084 55.202 48.191 46.848 44.294 40.187 32.037 27.299 29.110 32.641 48.820 69.595 91.369 113.391 140.644 151.375 165.477 152.225 129.030 105.468 88.829 70.741 51.852 37.613 27.291 18.009 11.910 10.314 6.334 2.267 0.689 0.000
-999.250 -999.250 -999.250 -999.250 -999.250 -999.250 -999.250 -999.250 -999.250 -999.250 -999.250 -999.250 -999.250 -999.250 -999.250 -999.250 -999.250 -999.250 -999.250 -999.250 -999.250 -999.250 -999.250 -999.250 -999.250 -999.250 -999.250 -999.250 9.234 8.766 12.150 13.893 16.221 24.152 28.036 36.038 39.990 45.143 45.035 43.811 37.492 36.695 31.273 25.791 24.756 22.285 25.342 39.962 60.305 78.559 94.584 112.636 123.468 128.120 124.874 111.980 98.456 83.539 56.871 46.502 32.588 23.179 13.561 9.901 6.522 2.509 0.000 0.000 0.000
-999.250 -999.250 -999.250 -999.250 -999.250 -999.250 -999.250 -999.250 -999.250 -999.250 -999.250 -999.250 -999.250 -999.250 -999.250 -999.250 -999.250 -999.250 -999.250 -999.250 -999.250 -999.250 -999.250 -999.250 -999.250 -999.250 -999.250 9.930 9.728 10.319 12.054 15.312 21.206 25.596 29.230 34.769 37.602 44.605 47.574 39.820 36.165 32.318 24.891 24.535 18.830 22.956 26.680 35.605 51.340 67.093 79.873 88.816 102.824 104.863 94.516 89.485 78.194 62.652 46.457 34.181 26.712 16.936 10.306 4.487 1.619 0.000 0.000 0.000 0.000
-999.250 -999.250 -999.250 -999.250 -999.250 -999.250 -999.250 -999.250 -999.250 -999.250 -999.250 -999.250 -999.250 -999.250 -999.250 -999.250 -999.250 -999.250 -999.250 -999.250 -999.250 -999.250 -999.250 -999.250 -999.250 -999.250 -999.250 11.046 11.557 11.743 13.597 15.494 20.446 24.756 29.583 32.508 35.951 36.946 39.181 38.225 32.154 27.430 22.705 21.466 19.468 18.806 24.923 32.649 42.054 60.466 67.058 77.003 76.239 77.590 72.056 66.302 55.292 44.984 36.524 25.587 16.921 10.793 4.460 0.000 0.000 0.000 0.000 0.000 0.000
-999.250 -999.250 -999.250 -999.250 -999.250 -999.250 -999.250 -999.250 -999.250 -999.250 -999.250 -999.250 -999.250 -999.250 -999.250 -999.250 -999.250 -999.250 -999.250 -999.250 -999.250 -999.250 -999.250 -999.250 -999.250 -999.250 -999.250 11.801 11.949 13.621 15.195 16.440 21.426 24.039 25.329 31.227 36.014 33.113 36.203 35.489 28.109 26.972 21.936 20.026 16.761 20.060 25.220 29.917 35.013 45.626 54.921 63.238 62.227 57.305 52.226 46.000 38.266 30.910 26.405 15.993 11.371 5.420 0.000 0.000 0.000 0.000 0.000 0.000 0.000
-999.250 -999.250 -999.250 -999.250 -999.250 -999.250 -999.250 -999.250 -999.250 -999.250 -999.250 -999.250 -999.250 -999.250 -999.250 -999.250 -999.250 -999.250 -999.250 -999.250 -999.250 -999.250 -999.250 -999.250 -999.250 -999.250 -999.250 12.125 11.941 14.439 18.724 17.824 19.194 22.256 29.321 28.583 30.637 34.095 34.297 33.446 27.185 26.236 19.719 19.185 18.732 15.473 20.211 28.128 34.127 39.105 45.916 56.048 52.251 44.236 38.579 30.944 23.302 19.582 14.948 10.183 5.950 0.000 0.000 0.000 0.000 0.000 0.000 0.000 0.000
-999.250 -999.250 -999.250 -999.250 -999.250 -999.250 -999.250 -999.250 -999.250 -999.250 -999.250 -999.250 -999.250 -999.250 -999.250 -999.250 -999.250 -999.250 -999.250 -999.250 -999.250 -999.250 -999.250 -999.250 -999.250 -999.250 -999.250 -999.250 12.114 15.392 15.348 18.954 18.441 20.859 28.366 29.987 30.844 32.488 34.682 30.864 29.168 26.814 21.497 19.892 16.901 14.670 19.382 21.931 28.750 33.497 39.518 40.100 39.870 35.220 27.254 21.225 15.248 11.337 9.154 1.911 0.000 0.000 0.000 0.000 0.000 0.000 0.000 0.000 0.000
-999.250 -999.250 -999.250 -999.250 -999.250 -999.250 -999.250 -999.250 -999.250 -999.250 -999.250 -999.250 -999.250 -999.250 -999.250 -999.250 -999.250 -999.250 -999.250 -999.250 -999.250 -999.250 -999.250 -999.250 -999.250 -999.250 -999.250 -999.250 16.541 15.478 17.502 19.785 21.300 21.822 26.412 28.880 33.763 36.291 35.243 35.878 32.988 28.176 22.108 18.365 16.958 14.045 16.707 21.590 26.776 31.826 34.124 33.250 33.093 26.333 19.656 14.327 10.440 6.396 2.660 0.000 0.000 0.000 0.000 0.000 0.000 0.000 0.000 0.000 0.000
-999.250 -999.250 -999.250 -999.250 -999.250 -999.250 -999.250 -999.250 -999.250 -999.250 -999.250 -999.250 -999.250 -999.250 -999.250 -999.250 -999.250 -999.250 -999.250 -999.250 -999.250 -999.250 -999.250 -999.250 -999.250 -999.250 -999.250 -999.250 17.182 17.045 17.052 19.674 24.814 24.483 27.881 32.921 36.928 37.714 35.086 36.389 34.387 26.811 23.797 17.406 13.603 16.845 16.301 18.320 24.534 29.264 31.108 32.530 26.406 22.664 15.980 11.656 5.665 0.928 0.000 0.000 0.000 0.000 0.000 0.000 0.000 0.000 0.000 0.000 0.000
-999.250 -999.250 -999.250 -999.250 -999.250 -999.250 -999.250 -999.250 -999.250 -999.250 -999.250 -999.250 -999.250 -999.250 -999.250 -999.250 -999.250 -999.250 -999.250 -999.250 -999.250 -999.250 -999.250 -999.250 -999.250 -999.250 -999.250 -999.250 15.816 18.436 16.242 18.028 24.592 25.241 28.582 34.279 37.423 39.128 39.782 42.493 36.150 28.353 21.200 18.458 16.177 16.918 13.760 14.485 18.609 24.621 31.232 39.345 27.888 16.840 11.888 7.982 2.540 0.000 0.000 0.000 0.000 0.000 0.000 0.000 0.000 0.000 0.000 0.000 0.000
-999.250 -999.250 -999.250 -999.250 -999.250 -999.250 -999.250 -999.250 -999.250 -999.250 -999.250 -999.250 -999.250 -999.250 -999.250 -999.250 -999.250 -999.250 -999.250 -999.250 -999.250 -999.250 -999.250 -999.250 -999.250 -999.250 -999.250 -999.250 15.533 21.195 21.514 21.179 24.782 30.736 34.095 34.700 38.149 42.346 47.645 45.594 40.025 30.377 21.420 18.792 15.099 13.217 10.184 12.338 13.759 20.838 24.494 26.807 22.063 13.893 9.078 5.865 0.119 0.000 0.000 0.000 0.000 0.000 0.000 0.000 0.000 0.000 0.000 0.000 0.000
-999.250 -999.250 -999.250 -999.250 -999.250 -999.250 -999.250 -999.250 -999.250 -999.250 -999.250 -999.250 -999.250 -999.250 -999.250 -999.250 -999.250 -999.250 -999.250 -999.250 -999.250 -999.250 -999.250 -999.250 -999.250 -999.250 -999.250 17.173 19.329 23.148 24.685 22.765 28.292 33.394 37.568 40.960 41.836 44.353 47.105 52.570 40.721 34.440 25.234 20.281 13.064 12.375 8.775 8.854 10.409 11.286 14.684 17.945 13.524 11.618 8.404 0.000 0.000 0.000 0.000 0.000 0.000 0.000 0.000 0.000 0.000 0.000 0.000 0.000 0.000
-999.250 -999.250 -999.250 -999.250 -999.250 -999.250 -999.250 -999.250 -999.250 -999.250 -999.250 -999.250 -999.250 -999.250 -999.250 -999.250 -999.250 -999.250 -999.250 -999.250 -999.250 -999.250 -999.250 -999.250 -999.250 -999.250 -999.250 19.893 19.321 23.723 26.967 27.114 32.358 37.163 35.717 39.434 40.359 40.982 43.032 41.163 37.660 30.685 23.106 17.103 13.763 10.225 5.740 2.463 5.286 3.736 8.151 10.076 11.587 8.926 7.196 2.366 0.000 0.000 0.000 0.000 0.000 0.000 0.000 0.000 0.000 0.000 0.000 0.000 0.000
-999.250 -999.250 -999.250 -999.250 -999.250 -999.250 -999.250 -999.250 -999.250 -999.250 -999.250 -999.250 -999.250 -999.250 -999.250 -999.250 -999.250 -999.250 -999.250 -999.250 -999.250 -999.250 -999.250 -999.250 -999.250 -999.250 -999.250 16.805 17.539 21.318 26.909 30.460 33.225 39.479 37.447 40.213 41.183 41.640 37.200 42.306 36.777 28.469 22.597 18.401 10.824 8.087 3.899 0.000 0.000 0.000 1.473 4.526 5.045 5.384 1.514 0.000 0.000 0.000 0.000 0.000 0.000 0.000 0.000 0.000 0.000 0.000 0.000 0.000 0.000
-999.250 -999.250 -999.250 -999.250 -999.250 -999.250 -999.250 -999.250 -999.250 -999.250 -999.250 -999.250 -999.250 -999.250 -999.250 -999.250 -999.250 -999.250 -999.250 -999.250 -999.250 -999.250 -999.250 -999.250 -999.250 -999.250 16.831 16.601 17.854 23.831 30.096 30.470 30.357 36.214 40.562 41.257 41.605 39.703 41.107 38.852 34.446 26.959 20.333 13.638 9.916 3.274 0.249 0.000 0.000 0.000 0.000 0.000 0.000 0.507 0.148 0.000 0.000 0.000 0.000 0.000 0.000 0.000 0.000 0.000 0.000 0.000 0.000 0.000 0.370
-999.250 -999.250 -999.250 -999.250 -999.250 -999.250 -999.250 -999.250 -999.250 -999.250 -999.250 -999.250 -999.250 -999.250 -999.250 -999.250 -999.250 -999.250 -999.250 -999.250 -999.250 -999.250 -999.250 -999.250 -999.250 -999.250 18.765 20.033 24.162 26.024 29.513 32.514 33.928 40.615 41.995 43.837 44.239 43.940 42.096 42.772 36.315 26.311 20.468 11.330 10.776 4.222 0.000 0.000 0.000 0.000 0.000 0.000 0.000 0.000 0.000 0.000 0.000 0.000 0.000 0.000 0.000 0.000 0.000 0.000 0.292 0.347 1.553 2.584 4.742
