data/medianmodel_29-Jun-2020.asc
ncols	141
nrows	288
xllcorner	-120191.398
yllcorner	-301404.813
cellsize	2000.000
NODATA_value	-999.250
[rows 31 to 61 of 288, columns 69 to 137 of 141]
0.000 0.000 0.000 0.000 0.000 0.000 0.000 0.000 0.000 0.000 0.000 0.000 0.000 0.000 0.000 0.000 0.096 2.934 3.840 3.997 3.654 3.507 1.047 1.749 1.016 0.000 0.000 0.000 0.000 0.000 0.000 0.000 0.000 0.000 0.000 0.000 0.000 0.000 0.000 0.000 0.000 0.000 0.000 0.000 0.000 0.000 0.000 0.000 0.000 0.000 0.000 0.000 0.000 0.000 0.000 0.000 0.000 0.000 0.000 0.000 0.000 0.489 2.043 5.296 6.010 7.062 8.399 7.891 8.927
0.000 0.000 1.082 3.162 3.676 2.736 0.428 0.000 0.000 0.000 0.000 0.000 0.000 0.000 0.000 2.243 3.783 4.807 6.792 8.991 8.743 5.268 5.188 4.391 3.379 0.739 0.000 0.000 0.000 0.000 0.000 0.000 0.000 0.000 0.000 0.000 0.000 0.000 0.000 0.000 0.000 0.000 0.000 0.000 0.000 0.000 0.000 0.000 0.000 0.000 0.000 0.000 0.000 0.000 0.000 0.000 0.000 0.000 0.000 0.000 0.000 2.350 4.203 7.711 9.331 9.715 11.256 11.849 9.306
0.000 0.000 2.008 5.060 7.526 5.340 2.816 0.000 0.000 0.000 0.000 0.000 0.000 0.000 1.640 4.709 7.124 8.575 12.102 12.531 11.095 12.226 10.446 8.119 5.873 3.593 3.375 1.131 0.000 0.000 0.000 0.000 0.000 0.000 0.000 0.000 0.000 0.000 0.000 0.000 0.000 0.000 0.000 0.000 0.000 0.000 0.000 0.000 0.000 0.000 0.000 0.000 0.000 0.000 0.000 0.000 0.000 0.000 0.000 0.000 0.000 2.788 5.943 9.688 14.543 14.458 13.525 13.130 10.380
0.000 0.013 2.493 7.067 16.622 8.280 4.323 0.211 0.000 0.000 0.000 0.000 0.000 0.000 4.370 6.390 11.904 16.002 18.773 19.985 18.405 17.089 14.151 11.721 9.467 7.422 6.076 4.415 0.526 0.000 0.000 0.000 0.000 0.000 0.000 0.000 0.000 0.000 0.000 0.000 0.000 0.000 0.000 0.000 0.000 0.000 0.000 0.000 0.000 0.000 0.000 0.000 0.000 0.000 0.000 0.000 0.000 0.000 0.000 0.138 0.405 4.122 6.615 12.096 15.870 20.977 18.626 16.129 10.938
0.000 0.000 2.264 6.150 8.215 6.260 4.275 0.455 0.000 0.000 0.000 0.000 0.000 2.220 5.486 11.569 17.200 21.551 26.238 26.841 30.403 27.039 23.632 16.992 15.530 12.506 8.022 5.789 4.303 2.216 0.185 0.000 0.000 0.000 0.000 0.000 0.000 0.000 0.000 0.000 0.000 0.000 0.000 0.000 0.000 0.000 0.000 0.000 0.000 0.000 0.000 0.000 0.000 0.000 0.000 0.000 0.000 0.000 0.000 0.000 3.395 5.072 7.172 12.431 18.354 29.283 21.084 16.156 -999.250
0.000 0.000 1.823 3.934 4.642 4.593 3.582 0.339 0.000 0.000 0.000 0.000 0.985 4.827 9.139 14.709 22.095 33.443 39.448 41.280 40.358 36.628 34.481 22.523 18.813 14.997 11.957 8.655 5.987 4.376 4.597 0.000 0.000 0.000 0.000 0.000 0.000 0.000 0.000 0.000 0.000 0.000 0.000 0.000 0.000 0.000 0.000 0.000 0.000 0.000 0.000 0.000 0.000 0.000 0.000 0.000 0.000 0.000 0.000 0.824 3.809 5.313 7.797 12.414 16.074 18.611 19.142 14.460 -999.250
0.000 0.000 0.000 1.907 3.135 2.796 1.572 0.000 0.000 0.000 0.000 2.718 4.918 9.508 16.454 22.596 32.528 39.299 50.983 55.111 50.903 44.311 37.429 29.711 23.539 17.565 14.505 9.630 5.967 4.543 3.212 0.000 0.000 0.000 0.000 0.000 0.000 0.000 0.000 0.000 0.000 0.000 0.000 0.000 0.000 0.000 0.000 0.000 0.000 0.000 0.000 0.000 0.000 0.000 0.000 0.000 0.000 0.000 0.000 0.067 2.534 4.023 7.006 9.602 12.516 14.811 16.764 -999.250 -999.250
0.000 0.000 0.000 0.721 0.078 2.825 1.391 0.000 0.000 0.002 2.378 4.140 8.807 15.124 20.181 30.806 37.681 47.002 57.618 59.774 57.476 54.657 42.895 37.405 29.883 19.330 15.127 12.821 9.226 5.947 3.855 0.000 0.000 0.000 0.000 0.000 0.000 0.000 0.000 0.000 0.000 0.000 0.000 0.000 0.000 0.000 0.000 0.000 0.000 0.000 0.000 0.000 0.000 0.000 0.000 0.000 0.000 0.000 0.051 1.307 1.686 3.960 7.028 8.346 11.234 11.057 14.847 -999.250 -999.250
0.000 0.000 0.000 0.000 0.000 2.221 0.221 0.067 0.000 2.198 2.951 4.779 9.093 15.447 20.908 30.493 41.708 48.845 59.523 76.699 68.009 60.616 45.368 38.767 35.587 24.070 19.023 14.852 9.647 5.798 3.896 2.198 0.000 0.000 0.000 0.000 0.000 0.000 0.000 0.000 0.000 0.000 0.000 0.000 0.000 0.000 0.000 0.000 0.000 0.000 0.000 0.000 0.000 0.000 0.000 0.000 0.000 0.000 0.157 0.556 2.223 3.303 5.831 7.443 9.273 10.415 12.960 -999.250 -999.250
0.000 0.000 0.000 0.000 0.000 1.020 0.415 0.000 0.378 1.581 2.776 6.056 10.537 17.696 22.202 30.664 43.181 51.043 68.116 91.525 74.144 64.408 52.239 40.448 34.327 22.673 18.389 18.210 11.305 5.987 4.154 3.108 0.000 0.000 0.000 0.000 0.000 0.000 0.000 0.000 0.000 0.000 0.000 0.000 0.000 0.000 0.000 0.000 0.000 0.000 0.000 0.000 0.000 0.000 0.000 0.000 0.000 0.000 0.055 0.627 2.914 4.277 5.227 5.862 8.699 10.753 -999.250 -999.250 -999.250
0.000 0.000 0.000 0.000 0.000 0.089 0.556 1.502 2.363 2.295 4.585 5.398 10.326 17.237 24.842 30.262 37.575 48.544 58.994 65.784 62.771 56.187 47.274 39.280 31.406 26.395 18.184 13.707 9.929 6.354 4.281 3.040 0.930 0.000 0.000 0.000 0.000 0.000 0.000 0.000 0.000 0.000 0.000 0.000 0.000 0.000 0.000 0.000 0.000 0.000 0.000 0.000 0.000 0.000 0.000 0.000 0.000 0.000 0.000 0.337 2.851 4.199 5.976 6.063 8.995 10.319 9.690 -999.250 -999.250
0.000 0.000 0.000 0.000 0.000 0.000 0.010 0.627 0.947 2.890 4.295 5.069 9.326 14.690 18.335 26.015 32.425 37.064 44.053 48.459 50.123 45.170 40.875 36.215 31.039 21.841 16.683 11.442 9.541 7.299 5.668 4.154 2.276 0.000 0.000 0.000 0.000 0.000 0.000 0.000 0.000 0.000 0.000 0.000 0.000 0.000 0.000 0.000 0.000 0.000 0.000 0.000 0.000 0.000 0.000 0.000 0.000 0.000 0.000 0.733 2.337 3.746 4.574 -999.250 -999.250 -999.250 -999.250 -999.250 -999.250
0.000 0.000 0.000 0.000 0.000 0.000 1.249 0.625 3.201 3.381 4.100 4.893 7.569 10.367 14.459 19.155 20.107 25.681 31.450 36.897 34.486 35.139 33.225 29.902 24.310 17.043 14.054 10.925 8.684 7.969 6.433 4.469 3.972 1.625 0.000 0.000 0.000 0.000 0.000 0.000 0.000 0.000 0.000 0.000 0.000 0.000 0.000 0.000 0.000 0.000 0.000 0.000 0.000 0.000 0.000 0.000 0.000 0.000 0.000 0.358 1.247 3.222 3.505 4.697 -999.250 -999.250 -999.250 -999.250 -999.250
0.000 0.000 0.000 0.000 0.000 0.735 2.882 3.518 2.704 3.260 3.789 3.966 5.651 8.084 11.127 15.650 15.142 18.727 19.165 20.855 26.762 24.205 24.186 21.765 15.216 13.753 12.467 10.263 7.325 7.403 5.832 5.222 3.902 2.748 0.923 0.000 0.000 0.000 0.000 0.000 0.000 0.000 0.000 0.000 0.000 0.000 0.000 0.000 0.000 0.000 0.000 0.000 0.000 0.000 0.000 0.000 0.000 0.000 0.000 1.209 2.821 3.582 -999.250 -999.250 -999.250 -999.250 -999.250 -999.250 -999.250
0.000 0.000 0.000 0.000 0.000 0.688 3.065 4.877 4.883 3.895 3.182 2.275 4.433 5.003 5.895 7.205 9.107 11.348 11.255 12.326 13.531 14.983 15.634 13.339 11.975 9.158 8.495 8.500 7.716 7.011 5.962 6.474 5.671 4.362 1.736 0.000 0.000 0.000 0.000 0.000 0.000 0.000 0.000 0.000 0.000 0.000 0.000 0.000 0.000 0.000 0.000 0.000 0.000 0.000 0.000 0.000 0.000 0.000 0.111 0.562 1.845 3.497 -999.250 -999.250 -999.250 -999.250 -999.250 -999.250 -999.250
0.000 0.000 0.000 0.000 0.000 1.611 4.232 10.008 4.979 2.842 1.986 1.263 1.906 2.683 2.660 3.424 4.083 3.810 4.274 5.048 4.811 9.047 9.327 8.033 6.416 6.620 4.765 4.456 5.252 5.054 4.811 7.561 9.860 5.787 3.183 0.363 0.000 0.000 0.000 0.000 0.000 0.000 0.000 0.000 0.000 0.000 0.000 0.000 0.000 0.000 0.000 0.000 0.000 0.000 0.000 0.000 0.000 0.000 0.377 2.511 1.675 -999.250 -999.250 -999.250 -999.250 -999.250 -999.250 -999.250 -999.250
0.000 0.000 0.000 0.000 0.000 0.633 2.158 4.518 4.642 2.741 0.343 0.000 0.000 0.000 0.000 0.000 0.000 0.000 0.000 0.000 0.000 1.936 2.886 3.643 0.895 0.813 0.631 2.309 3.257 4.021 6.063 9.074 16.545 7.796 4.289 2.790 0.000 0.000 0.000 0.000 0.000 0.000 0.000 0.000 0.000 0.000 0.000 0.000 0.000 0.000 0.000 0.000 0.000 0.000 0.000 0.000 0.000 0.039 0.000 -999.250 -999.250 -999.250 -999.250 -999.250 -999.250 -999.250 -999.250 -999.250 -999.250
0.000 0.000 0.000 0.000 0.000 0.000 0.000 1.568 2.534 0.738 0.000 0.000 0.000 0.000 0.000 0.000 0.000 0.000 0.000 0.000 0.000 0.000 0.000 0.000 0.000 0.000 0.000 0.000 0.971 1.006 4.109 6.659 8.333 5.421 3.655 2.181 1.288 1.615 0.105 0.000 0.000 0.000 0.000 0.000 0.000 0.000 0.000 0.000 0.000 0.000 0.000 0.000 0.000 0.000 0.156 0.000 0.072 0.007 0.954 -999.250 -999.250 -999.250 -999.250 -999.250 -999.250 -999.250 -999.250 -999.250 -999.250
0.000 0.000 0.000 0.000 0.000 0.000 0.000 0.000 0.000 0.000 0.000 0.000 0.000 0.000 0.000 0.000 0.000 0.000 0.000 0.000 0.000 0.000 0.000 0.000 0.000 0.000 0.000 0.000 0.000 0.495 0.177 2.541 4.317 4.014 2.122 2.291 3.245 0.450 0.000 0.746 0.000 0.000 0.000 0.191 0.015 1.244 0.168 0.000 0.000 0.072 0.000 0.000 0.000 0.955 -999.250 0.000 0.582 -999.250 -999.250 -999.250 -999.250 -999.250 -999.250 -999.250 -999.250 -999.250 -999.250 -999.250 -999.250
0.000 0.000 0.000 0.000 0.000 0.000 0.000 0.000 0.000 0.000 0.000 0.000 0.000 0.000 0.000 0.000 0.000 0.000 0.000 0.000 0.000 0.000 0.000 0.000 0.000 0.000 0.000 0.000 0.000 0.000 0.000 0.000 2.660 3.615 3.124 3.113 3.045 3.793 2.052 1.892 2.937 1.846 1.341 2.054 1.648 2.093 3.202 1.993 2.742 3.668 0.802 2.103 -999.250 -999.250 -999.250 -999.250 -999.250 -999.250 -999.250 -999.250 -999.250 -999.250 -999.250 -999.250 -999.250 -999.250 -999.250 -999.250 -999.250
0.000 0.000 0.000 0.000 0.000 0.000 0.000 0.000 0.000 0.000 0.000 0.000 0.000 0.000 0.000 0.000 0.000 0.000 0.000 0.000 0.000 0.000 0.000 0.000 0.000 0.000 0.000 0.000 0.000 0.000 0.000 0.000 0.138 2.098 3.431 3.947 4.767 4.191 3.903 3.365 1.284 3.083 2.448 3.212 3.946 4.107 2.650 5.283 4.661 4.803 4.266 -999.250 -999.250 -999.250 -999.250 -999.250 -999.250 -999.250 -999.250 -999.250 -999.250 -999.250 -999.250 -999.250 -999.250 -999.250 -999.250 -999.250 -999.250
0.000 0.000 0.000 0.000 0.000 0.000 0.000 0.000 0.000 0.000 0.000 0.000 0.000 0.000 0.000 0.000 0.000 0.000 0.000 0.000 0.000 0.000 0.000 0.000 0.000 0.000 0.000 0.000 0.000 0.000 0.000 0.000 0.000 0.946 4.806 6.162 6.110 4.753 4.744 4.266 3.337 4.174 4.863 4.840 6.196 5.985 7.150 6.484 6.986 6.084 5.661 -999.250 -999.250 -999.250 -999.250 -999.250 -999.250 -999.250 -999.250 -999.250 -999.250 -999.250 -999.250 -999.250 -999.250 -999.250 -999.250 -999.250 -999.250
0.000 0.000 0.000 0.000 0.000 0.000 0.000 0.000 0.000 0.000 0.000 0.000 0.000 0.000 0.000 0.000 0.000 0.000 0.000 0.000 0.000 0.000 0.000 0.000 0.000 0.000 0.000 0.000 0.000 0.000 0.000 0.000 0.000 1.108 5.271 12.995 7.047 4.915 4.510 3.980 4.500 5.142 5.374 6.887 7.136 9.049 8.681 8.651 9.946 8.612 -999.250 -999.250 -999.250 -999.250 -999.250 -999.250 -999.250 -999.250 -999.250 -999.250 -999.250 -999.250 -999.250 -999.250 -999.250 -999.250 -999.250 -999.250 -999.250
0.000 0.000 0.000 0.000 0.000 0.000 0.000 0.000 0.000 0.000 0.000 0.000 1.323 2.572 3.505 1.729 0.000 0.000 0.000 0.000 0.000 0.000 0.000 0.000 0.000 0.000 0.000 0.000 0.000 0.000 0.000 0.000 0.000 0.000 3.778 6.221 4.716 3.997 3.387 2.959 3.568 4.000 7.101 6.615 8.497 10.667 11.321 10.553 12.658 -999.250 -999.250 -999.250 -999.250 -999.250 -999.250 -999.250 -999.250 -999.250 -999.250 -999.250 -999.250 -999.250 -999.250 -999.250 -999.250 -999.250 -999.250 -999.250 -999.250
0.000 0.000 0.000 0.000 0.000 0.000 0.000 0.000 0.000 0.000 0.000 0.000 3.419 6.850 8.271 5.940 2.315 0.000 0.000 0.000 0.000 0.000 0.000 0.000 0.000 0.000 0.000 0.000 0.000 0.000 0.000 0.000 0.000 0.000 1.898 2.798 2.660 1.654 2.752 3.739 3.543 4.576 6.084 10.038 11.899 13.689 15.311 14.523 14.351 -999.250 -999.250 -999.250 -999.250 -999.250 -999.250 -999.250 -999.250 -999.250 -999.250 -999.250 -999.250 -999.250 -999.250 -999.250 -999.250 -999.250 -999.250 -999.250 -999.250
0.000 0.000 0.000 0.000 0.000 0.000 0.000 0.000 0.000 0.000 0.000 0.000 3.644 8.356 16.576 8.603 4.312 0.268 0.000 0.000 0.000 0.000 0.000 0.000 0.000 0.000 0.000 0.000 0.000 0.000 0.000 0.000 0.000 0.000 0.000 0.000 0.000 1.145 1.416 2.957 3.088 5.576 7.328 10.994 13.269 19.897 20.347 17.795 -999.250 -999.250 -999.250 -999.250 -999.250 -999.250 -999.250 -999.250 -999.250 -999.250 -999.250 -999.250 -999.250 -999.250 -999.250 -999.250 -999.250 -999.250 -999.250 -999.250 -999.250
0.961 0.000 0.000 0.000 4.017 0.000 0.000 0.000 0.000 0.000 0.000 0.000 3.613 7.389 9.469 7.147 4.196 0.193 0.000 0.000 0.000 0.000 0.000 0.000 0.000 0.000 0.000 0.000 0.000 0.000 0.000 0.000 0.000 0.000 0.000 0.000 0.000 0.000 0.217 3.017 4.162 8.363 9.298 10.679 15.679 25.046 30.321 20.247 -999.250 -999.250 -999.250 -999.250 -999.250 -999.250 -999.250 -999.250 -999.250 -999.250 -999.250 -999.250 -999.250 -999.250 -999.250 -999.250 -999.250 -999.250 -999.250 -999.250 -999.250
5.697 0.000 0.000 0.000 0.000 0.000 0.000 0.000 0.000 0.000 0.000 0.000 2.415 5.110 5.651 4.779 2.482 0.000 0.000 0.000 0.000 0.000 0.000 0.000 0.000 0.000 0.000 0.000 0.000 0.000 0.000 0.000 0.000 0.000 0.000 0.000 0.000 0.000 0.106 3.590 4.808 7.104 8.798 10.992 15.298 19.569 20.649 19.669 -999.250 -999.250 -999.250 -999.250 -999.250 -999.250 -999.250 -999.250 -999.250 -999.250 -999.250 -999.250 -999.250 -999.250 -999.250 -999.250 -999.250 -999.250 -999.250 -999.250 -999.250
11.597 5.798 1.323 0.000 0.000 0.000 0.000 0.000 0.000 0.000 0.000 0.000 0.664 4.461 4.491 4.283 0.940 0.000 0.000 0.000 0.000 0.000 0.000 0.000 0.000 0.000 0.000 0.000 0.000 0.000 0.000 0.000 0.000 0.000 0.000 0.000 0.000 0.000 0.716 2.014 4.091 4.979 8.707 10.001 13.600 16.806 17.387 -999.250 -999.250 -999.250 -999.250 -999.250 -999.250 -999.250 -999.250 -999.250 -999.250 -999.250 -999.250 -999.250 -999.250 -999.250 -999.250 -999.250 -999.250 -999.250 -999.250 -999.250 -999.250
18.779 11.249 4.272 0.000 0.000 0.000 0.000 0.000 0.000 0.000 0.000 0.000 0.000 2.324 2.789 3.542 0.426 0.000 0.000 0.000 0.000 0.000 0.000 0.000 0.000 0.000 0.000 0.000 0.000 0.000 0.000 0.000 0.000 0.000 0.000 0.000 0.000 0.000 0.000 2.229 3.585 5.489 6.750 8.887 9.845 15.805 14.274 -999.250 -999.250 -999.250 -999.250 -999.250 -999.250 -999.250 -999.250 -999.250 -999.250 -999.250 -999.250 -999.250 -999.250 -999.250 -999.250 -999.250 -999.250 -999.250 -999.250 -999.250 -999.250
30.267 15.800 8.680 1.905 0.000 0.000 0.000 0.000 0.000 0.000 0.000 0.000 0.000 0.000 1.284 0.186 0.000 0.000 0.000 0.000 0.000 0.000 0.000 0.000 0.000 0.000 0.000 0.000 0.000 0.000 0.000 0.000 0.000 0.000 0.000 0.000 0.000 0.000 0.065 1.405 0.748 3.597 4.752 5.686 8.659 11.875 -999.250 -999.250 -999.250 -999.250 -999.250 -999.250 -999.250 -999.250 -999.250 -999.250 -999.250 -999.250 -999.250 -999.250 -999.250 -999.250 -999.250 -999.250 -999.250 -999.250 -999.250 -999.250 -999.250
