data/medianmodel_10-Feb-2021.asc
ncols	141
nrows	288
xllcorner	-120191.398
yllcorner	-301404.813
cellsize	2000.000
NODATA_value	-999.250
[rows 0 to 28 of 288, columns 64 to 127 of 141]
-999.250 -999.250 -999.250 -999.250 -999.250 -999.250 -999.250 -999.250 -999.250 -999.250 -999.250 -999.250 -999.250 -999.250 -999.250 -999.250 -999.250 -999.250 -999.250 -999.250 -999.250 -999.250 -999.250 -999.250 -999.250 -999.250 -999.250 -999.250 -999.250 -999.250 -999.250 -999.250 -999.250 -999.250 -999.250 -999.250 -999.250 -999.250 -999.250 -999.250 -999.250 -999.250 -999.250 -999.250 -999.250 -999.250 -999.250 -999.250 -999.250 -999.250 -999.250 -999.250 -999.250 -999.250 -999.250 -999.250 -999.250 -999.250 -999.250 -999.250 -999.250 -999.250 -999.250 -999.250
-999.250 -999.250 -999.250 -999.250 -999.250 -999.250 -999.250 -999.250 -999.250 -999.250 -999.250 -999.250 -999.250 -999.250 -999.250 -999.250 -999.250 -999.250 -999.250 -999.250 -999.250 -999.250 -999.250 -999.250 -999.250 -999.250 -999.250 -999.250 -999.250 -999.250 -999.250 -999.250 -999.250 -999.250 -999.250 -999.250 -999.250 -999.250 -999.250 -999.250 -999.250 -999.250 -999.250 -999.250 -999.250 -999.250 -999.250 -999.250 -999.250 -999.250 -999.250 -999.250 -999.250 -999.250 -999.250 -999.250 -999.250 -999.250 -999.250 -999.250 -999.250 -999.250 -999.250 -999.250
-999.250 -999.250 -999.250 -999.250 -999.250 -999.250 -999.250 -999.250 -999.250 -999.250 -999.250 -999.250 -999.250 -999.250 -999.250 -999.250 -999.250 -999.250 -999.250 -999.250 -999.250 -999.250 -999.250 -999.250 -999.250 -999.250 -999.250 -999.250 -999.250 -999.250 -999.250 -999.250 -999.250 -999.250 -999.250 -999.250 -999.250 -999.250 -999.250 -999.250 -999.250 -999.250 -999.250 -999.250 -999.250 -999.250 -999.250 -999.250 -999.250 -999.250 -999.250 -999.250 -999.250 -999.250 -999.250 -999.250 -999.250 -999.250 -999.250 -999.250 -999.250 -999.250 -999.250 -999.250
-999.250 -999.250 -999.250 -999.250 -999.250 -999.250 -999.250 -999.250 -999.250 -999.250 -999.250 -999.250 -999.250 -999.250 -999.250 -999.250 -999.250 -999.250 -999.250 -999.250 -999.250 -999.250 -999.250 -999.250 -999.250 -999.250 -999.250 -999.250 -999.250 -999.250 -999.250 -999.250 -999.250 -999.250 -999.250 -999.250 -999.250 -999.250 -999.250 -999.250 -999.250 -999.250 -999.250 -999.250 -999.250 -999.250 -999.250 -999.250 -999.250 -999.250 -999.250 -999.250 -999.250 -999.250 -999.250 -999.250 -999.250 -999.250 -999.250 -999.250 -999.250 -999.250 -999.250 -999.250
-999.250 -999.250 -999.250 -999.250 -999.250 -999.250 -999.250 -999.250 -999.250 -999.250 -999.250 -999.250 -999.250 -999.250 -999.250 -999.250 -999.250 -999.250 -999.250 -999.250 -999.250 -999.250 -999.250 -999.250 -999.250 -999.250 -999.250 -999.250 -999.250 -999.250 -999.250 -999.250 -999.250 -999.250 -999.250 -999.250 -999.250 -999.250 -999.250 -999.250 -999.250 -999.250 -999.250 -999.250 -999.250 -999.250 -999.250 -999.250 -999.250 -999.250 -999.250 -999.250 -999.250 -999.250 -999.250 -999.250 -999.250 -999.250 -999.250 -999.250 -999.250 -999.250 -999.250 -999.250
-999.250 -999.250 -999.250 -999.250 -999.250 -999.250 -999.250 -999.250 -999.250 -999.250 -999.250 -999.250 -999.250 -999.250 -999.250 -999.250 -999.250 -999.250 -999.250 -999.250 -999.250 -999.250 -999.250 -999.250 -999.250 -999.250 -999.250 -999.250 -999.250 -999.250 -999.250 -999.250 -999.250 -999.250 -999.250 -999.250 -999.250 -999.250 -999.250 -999.250 -999.250 -999.250 -999.250 -999.250 -999.250 -999.250 -999.250 -999.250 -999.250 -999.250 -999.250 -999.250 -999.250 -999.250 -999.250 -999.250 -999.250 -999.250 -999.250 -999.250 -999.250 -999.250 -999.250 -999.250
-999.250 -999.250 -999.250 -999.250 -999.250 -999.250 -999.250 -999.250 -999.250 -999.250 -999.250 -999.250 -999.250 -999.250 -999.250 -999.250 -999.250 -999.250 -999.250 -999.250 -999.250 -999.250 -999.250 -999.250 -999.250 -999.250 -999.250 -999.250 -999.250 -999.250 -999.250 -999.250 -999.250 -999.250 -999.250 -999.250 -999.250 -999.250 -999.250 -999.250 -999.250 -999.250 -999.250 -999.250 -999.250 -999.250 -999.250 -999.250 -999.250 -999.250 -999.250 -999.250 -999.250 -999.250 -999.250 -999.250 -999.250 -999.250 -999.250 -999.250 -999.250 -999.250 -999.250 -999.250
-999.250 -999.250 -999.250 -999.250 -999.250 -999.250 -999.250 -999.250 -999.250 -999.250 -999.250 -999.250 -999.250 -999.250 -999.250 -999.250 -999.250 -999.250 -999.250 -999.250 -999.250 -999.250 -999.250 -999.250 -999.250 -999.250 -999.250 -999.250 -999.250 -999.250 -999.250 -999.250 -999.250 -999.250 -999.250 -999.250 -999.250 -999.250 -999.250 -999.250 -999.250 -999.250 -999.250 -999.250 -999.250 -999.250 -999.250 -999.250 -999.250 -999.250 -999.250 -999.250 -999.250 -999.250 -999.250 -999.250 -999.250 -999.250 -999.250 -999.250 -999.250 -999.250 -999.250 -999.250
-999.250 -999.250 -999.250 -999.250 -999.250 -999.250 -999.250 -999.250 -999.250 -999.250 -999.250 -999.250 -999.250 -999.250 -999.250 -999.250 -999.250 -999.250 -999.250 -999.250 -999.250 -999.250 -999.250 -999.250 -999.250 -999.250 -999.250 -999.250 -999.250 -999.250 -999.250 -999.250 -999.250 -999.250 -999.250 -999.250 -999.250 -999.250 -999.250 -999.250 -999.250 -999.250 -999.250 -999.250 -999.250 -999.250 -999.250 -999.250 -999.250 -999.250 630.090 -999.250 -999.250 -999.250 -999.250 -999.250 -999.250 -999.250 -999.250 -999.250 -999.250 -999.250 -999.250 -999.250
-999.250 -999.250 -999.250 -999.250 -999.250 -999.250 -999.250 -999.250 -999.250 -999.250 -999.250 -999.250 -999.250 -999.250 -999.250 -999.250 -999.250 -999.250 -999.250 -999.250 -999.250 -999.250 -999.250 -999.250 -999.250 -999.250 -999.250 -999.250 -999.250 -999.250 -999.250 -999.250 -999.250 -999.250 -999.250 511.233 520.486 544.603 501.995 -999.250 -999.250 -999.250 -999.250 538.872 -999.250 -999.250 -999.250 -999.250 -999.250 -999.250 657.734 667.769 -999.250 -999.250 -999.250 -999.250 -999.250 -999.250 -999.250 -999.250 -999.250 -999.250 -999.250 -999.250
-999.250 -999.250 -999.250 -999.250 -999.250 -999.250 -999.250 -999.250 -999.250 -999.250 -999.250 -999.250 -999.250 -999.250 -999.250 -999.250 -999.250 -999.250 -999.250 -999.250 -999.250 -999.250 -999.250 -999.250 -999.250 -999.250 -999.250 -999.250 -999.250 -999.250 -999.250 -999.250 -999.250 -999.250 -999.250 514.165 532.870 519.227 529.972 -999.250 -999.250 -999.250 522.181 561.498 574.518 -999.250 -999.250 -999.250 -999.250 -999.250 676.247 724.642 704.392 -999.250 -999.250 -999.250 -999.250 -999.250 -999.250 672.607 660.120 -999.250 -999.250 -999.250
-999.250 -999.250 -999.250 -999.250 -999.250 -999.250 -999.250 -999.250 -999.250 -999.250 -999.250 -999.250 -999.250 -999.250 -999.250 -999.250 -999.250 -999.250 -999.250 -999.250 -999.250 -999.250 -999.250 -999.250 -999.250 -999.250 -999.250 -999.250 -999.250 -999.250 -999.250 -999.250 -999.250 -999.250 -999.250 509.017 492.709 518.645 530.301 535.917 530.841 526.559 527.340 563.721 574.558 574.329 590.090 619.863 648.846 654.375 688.697 692.335 700.998 649.444 720.245 736.641 772.766 706.759 676.761 700.216 661.882 -999.250 -999.250 -999.250
-999.250 -999.250 -999.250 -999.250 -999.250 650.397 -999.250 -999.250 -999.250 -999.250 -999.250 -999.250 -999.250 -999.250 -999.250 -999.250 -999.250 -999.250 -999.250 -999.250 -999.250 -999.250 -999.250 -999.250 -999.250 -999.250 -999.250 -999.250 -999.250 -999.250 -999.250 -999.250 -999.250 -999.250 -999.250 492.016 495.488 527.863 522.186 544.406 515.212 529.291 513.609 557.409 564.796 586.274 622.966 633.357 658.529 649.462 668.378 739.028 684.406 697.062 750.413 734.552 755.369 745.012 726.578 688.848 703.993 -999.250 -999.250 -999.250
-999.250 -999.250 -999.250 -999.250 -999.250 637.257 -999.250 -999.250 -999.250 -999.250 -999.250 -999.250 -999.250 609.723 -999.250 -999.250 -999.250 -999.250 -999.250 -999.250 -999.250 -999.250 -999.250 -999.250 -999.250 -999.250 -999.250 -999.250 -999.250 -999.250 -999.250 -999.250 -999.250 -999.250 -999.250 466.582 497.051 500.366 535.246 544.325 527.099 548.936 537.976 556.971 579.067 604.489 621.255 634.206 636.554 660.990 664.523 709.245 774.001 771.493 761.819 770.215 793.666 746.873 746.566 731.450 719.499 -999.250 -999.250 -999.250
-999.250 -999.250 -999.250 -999.250 -999.250 596.500 -999.250 -999.250 -999.250 -999.250 609.348 642.428 619.862 609.445 597.336 -999.250 -999.250 -999.250 -999.250 -999.250 -999.250 -999.250 -999.250 -999.250 -999.250 -999.250 -999.250 -999.250 -999.250 -999.250 -999.250 -999.250 -999.250 -999.250 -999.250 461.647 479.821 494.010 502.090 506.023 545.305 562.514 544.826 582.794 582.929 610.447 632.787 636.128 686.106 668.571 680.528 753.973 759.120 781.717 780.632 790.210 816.818 785.519 751.835 756.184 730.168 709.258 -999.250 -999.250
-999.250 -999.250 604.404 618.399 588.416 574.768 -999.250 -999.250 604.448 655.321 647.150 623.217 666.411 650.671 655.282 634.388 617.874 637.333 -999.250 -999.250 -999.250 -999.250 -999.250 -999.250 -999.250 -999.250 -999.250 -999.250 -999.250 -999.250 -999.250 -999.250 443.341 460.606 451.916 470.879 484.526 478.286 484.373 512.348 527.352 566.676 563.741 559.631 601.723 605.036 629.888 630.929 673.287 688.343 742.469 791.695 771.142 774.981 782.978 804.020 796.618 803.567 766.439 679.749 733.726 668.782 -999.250 -999.250
-999.250 643.877 590.513 585.240 596.020 582.975 -999.250 617.235 640.134 667.120 661.688 674.088 745.772 681.005 658.559 654.954 689.635 -999.250 -999.250 -999.250 -999.250 -999.250 468.801 471.135 -999.250 -999.250 -999.250 410.664 -999.250 -999.250 434.977 461.742 446.820 456.252 463.692 458.720 518.114 492.385 494.568 506.352 529.664 561.201 556.045 579.473 601.451 610.161 628.222 630.557 635.946 700.168 745.551 785.027 789.836 821.064 814.485 817.272 782.414 783.533 755.301 679.410 684.228 674.632 -999.250 -999.250
-999.250 608.588 570.199 578.134 567.246 552.888 567.156 615.804 625.998 664.069 674.468 701.698 790.373 786.596 795.014 743.838 714.741 -999.250 -999.250 618.059 586.851 532.232 486.799 450.471 454.201 -999.250 419.909 417.037 408.729 415.236 423.766 441.429 454.123 464.148 463.897 485.405 483.838 492.045 501.263 502.028 548.702 525.188 555.125 579.011 591.007 606.569 614.621 621.418 653.421 685.833 719.136 761.359 829.034 833.160 806.823 780.405 797.629 744.206 696.881 711.754 690.634 661.244 -999.250 -999.250
616.272 624.565 576.097 577.748 547.853 544.561 585.571 589.372 640.532 686.834 761.579 806.618 852.886 891.327 866.914 840.414 824.463 786.701 731.053 657.458 594.806 547.512 502.218 455.032 420.792 420.762 402.346 390.195 416.226 420.413 426.175 447.370 450.352 463.381 479.666 479.635 481.012 484.537 508.496 506.518 539.867 566.027 569.765 574.183 595.538 596.856 596.522 635.077 638.094 678.147 667.607 757.967 768.825 800.452 792.490 766.181 739.571 731.850 712.324 675.681 668.439 667.724 -999.250 -999.250
603.335 604.308 598.813 558.340 553.616 545.532 562.928 589.209 634.141 693.693 825.335 875.474 917.687 982.176 978.522 966.468 972.090 903.942 840.616 680.410 625.183 558.671 519.655 438.128 412.233 422.582 409.600 412.203 421.542 428.742 455.081 463.295 451.802 461.428 458.185 471.945 476.227 495.332 490.956 513.259 526.471 553.704 562.997 571.873 596.560 603.516 636.943 625.777 620.861 652.549 693.812 730.255 763.607 736.661 759.812 745.228 758.018 663.912 691.569 657.868 669.416 637.525 -999.250 -999.250
586.994 588.754 583.993 576.703 572.538 567.324 596.045 603.195 641.497 748.362 827.401 904.233 1016.390 1036.351 1064.788 1059.756 1064.313 1008.081 973.034 798.869 667.636 578.982 500.721 436.706 413.099 419.231 412.507 427.686 435.702 443.312 458.850 462.203 468.958 472.561 476.998 479.399 491.686 492.072 495.880 528.264 551.374 543.622 567.342 555.231 575.737 586.411 620.680 618.988 634.674 653.382 671.424 678.647 669.917 742.136 723.505 680.140 659.242 651.356 652.152 638.418 660.153 -999.250 -999.250 -999.250
596.107 576.559 595.575 592.918 590.175 588.151 600.714 600.200 676.169 800.980 873.438 977.936 1054.138 1105.914 1156.145 1214.280 1217.285 1111.872 1050.715 869.483 761.153 620.410 550.247 416.847 433.395 441.407 441.270 428.727 450.380 468.088 473.978 466.954 477.158 469.995 467.979 483.289 524.890 513.636 515.296 535.565 538.451 550.229 567.915 573.128 574.883 592.287 609.897 608.732 625.970 636.135 649.658 672.853 657.298 684.923 688.978 690.947 637.636 631.819 631.683 634.300 634.835 -999.250 -999.250 -999.250
581.406 590.394 571.200 598.565 582.802 625.596 649.110 670.200 767.010 861.937 1014.786 1069.229 1128.596 1268.590 1313.881 1348.109 1318.853 1247.131 1103.385 1003.278 811.106 671.424 591.117 507.978 462.178 467.203 473.091 446.452 456.945 471.559 475.532 500.089 500.106 488.790 492.847 507.797 506.075 505.082 521.278 532.592 533.984 526.130 539.143 543.407 563.311 576.439 589.964 588.728 590.190 624.983 622.581 650.409 654.866 626.895 652.288 642.003 647.266 619.550 619.453 607.311 605.668 -999.250 -999.250 -999.250
576.657 557.676 591.607 588.926 639.122 663.662 683.192 776.098 865.140 939.593 1069.380 1108.207 1254.240 1398.399 1456.451 1461.621 1421.505 1290.127 1160.694 1050.764 904.056 778.091 633.148 597.199 536.549 519.042 504.486 514.336 497.410 532.921 524.540 522.640 536.298 480.909 519.483 535.427 504.232 552.256 534.587 536.505 538.577 504.504 522.490 522.189 538.684 566.045 565.976 595.154 604.609 590.412 609.879 603.614 615.710 623.698 631.471 615.291 600.423 588.698 579.103 597.997 582.481 -999.250 -999.250 -999.250
583.697 583.496 614.391 635.396 659.781 740.951 756.735 862.326 914.217 1047.621 1076.637 1168.957 1366.129 1456.850 1522.439 1660.664 1473.705 1346.680 1256.365 1076.956 989.407 820.388 732.701 638.084 615.153 613.256 587.225 565.017 588.242 593.953 573.933 562.571 559.171 561.711 543.973 561.898 561.236 544.975 541.099 512.434 504.119 528.697 522.657 503.967 525.851 569.191 562.275 582.099 597.602 627.949 607.687 597.203 600.264 580.302 585.472 612.278 585.219 586.539 547.551 568.382 559.362 -999.250 -999.250 -999.250
603.060 623.807 630.871 660.507 673.047 776.040 870.762 915.420 999.473 1084.919 1142.046 1274.406 1357.098 1432.783 1488.091 1511.636 1500.384 1353.696 1289.639 1101.559 1012.794 867.780 798.814 716.370 641.440 609.226 625.409 640.085 598.742 604.660 623.153 610.029 623.515 596.336 581.492 573.098 557.995 553.508 553.237 508.472 489.808 501.014 511.206 495.936 493.435 540.578 526.752 572.735 566.663 576.472 579.497 565.781 587.880 571.053 559.301 571.273 580.370 575.991 547.580 516.536 522.685 516.010 -999.250 -999.250
608.482 622.723 616.933 655.554 722.565 769.400 863.850 913.896 1043.320 1158.113 1200.345 1298.475 1355.241 1440.190 1426.401 1477.124 1373.464 1277.386 1253.036 1119.276 1017.205 883.039 815.071 735.081 667.773 639.063 645.271 649.465 655.168 687.649 660.727 663.687 625.885 627.594 598.039 610.706 609.067 591.315 572.468 522.810 519.106 504.557 496.257 486.745 499.649 497.231 522.903 530.554 527.663 506.422 515.447 547.360 548.937 543.938 573.508 585.482 567.028 556.335 538.664 492.259 493.578 476.500 487.573 -999.250
598.806 619.658 624.583 661.825 713.382 781.433 872.685 987.163 1061.282 1117.033 1260.117 1305.563 1368.066 1393.555 1343.475 1349.078 1269.612 1257.417 1167.063 1069.976 1017.563 896.708 815.122 756.670 693.390 734.594 693.477 704.889 705.239 703.259 690.983 696.200 663.952 643.693 633.099 633.755 627.151 606.287 575.373 556.040 524.795 507.651 466.962 509.181 500.548 486.354 502.639 544.418 543.388 507.517 538.886 527.114 510.117 549.015 543.528 545.075 527.579 510.119 508.048 491.940 468.690 469.913 464.983 463.762
607.376 603.739 625.953 654.364 725.047 800.049 916.468 1003.715 1059.402 1133.898 1237.385 1321.079 1335.744 1293.696 1301.324 1276.637 1192.031 1148.922 1091.691 1038.312 986.289 936.079 789.573 731.570 786.375 732.185 701.409 737.772 758.904 795.475 804.091 726.514 743.391 723.897 689.807 659.582 628.345 607.175 593.473 569.302 564.422 507.924 484.527 478.019 483.766 462.978 489.460 515.068 525.134 505.160 503.598 510.543 537.675 549.782 521.853 488.280 523.689 511.876 476.443 460.884 466.625 436.340 441.536 450.608
