data/medianmodel_26-Jul-2020.asc
ncols	141
nrows	288
xllcorner	-120191.398
yllcorner	-301404.813
cellsize	2000.000
NODATA_value	-999.250
[rows 155 to 185 of 288, columns 0 to 68 of 141]
-999.250 -999.250 -999.250 -999.250 -999.250 -999.250 -999.250 0.000 0.000 0.000 0.000 0.000 0.372 1.949 3.509 4.355 4.760 7.577 10.269 12.238 11.488 11.093 11.954 9.803 12.870 19.628 13.780 10.329 11.684 10.410 10.056 8.093 7.291 5.317 5.089 3.899 2.687 0.000 0.000 0.000 0.000 0.000 0.000 0.000 0.000 1.528 3.707 1.556 0.000 0.000 0.000 0.000 0.000 0.000 0.000 0.000 0.000 0.000 0.990 0.672 2.271 3.252 3.382 5.465 6.906 7.143 6.551 8.988 8.224
-999.250 -999.250 -999.250 -999.250 -999.250 -999.250 -999.250 0.000 0.000 0.000 0.000 0.000 0.000 0.000 0.000 0.250 1.992 4.808 5.724 5.990 8.478 9.560 8.351 9.286 10.616 12.890 13.962 12.218 10.445 12.249 10.014 9.842 8.351 7.671 7.536 6.996 1.736 0.415 0.000 0.000 0.000 0.000 0.000 0.000 0.000 0.000 0.000 0.000 0.000 0.000 0.000 0.000 0.000 0.000 0.000 0.000 0.000 0.000 0.000 1.878 3.847 4.780 4.270 5.932 6.104 7.572 8.024 8.376 8.229
-999.250 -999.250 -999.250 -999.250 -999.250 -999.250 -999.250 3.615 0.000 0.000 0.000 0.000 0.000 0.000 0.000 0.000 0.000 0.000 1.442 3.760 4.675 6.524 8.673 9.410 8.710 11.182 11.408 10.174 12.075 12.488 13.982 12.224 10.724 10.854 8.170 6.643 5.322 3.579 0.958 0.000 0.000 0.000 0.000 0.000 0.000 0.000 0.000 0.000 0.000 0.000 0.000 0.000 0.000 0.000 0.000 0.000 0.671 0.504 0.593 2.906 4.776 4.223 5.100 6.228 7.984 7.030 6.651 8.337 5.841
-999.250 -999.250 -999.250 -999.250 -999.250 -999.250 -999.250 5.906 4.450 2.207 0.000 0.000 0.000 0.000 0.000 0.000 0.000 0.000 0.000 2.031 4.515 5.601 5.875 6.824 8.164 10.495 11.222 11.827 10.573 11.541 13.061 11.894 12.671 12.286 10.234 8.289 8.133 5.653 1.167 0.000 0.000 0.000 0.000 0.000 0.000 0.000 0.000 0.000 0.000 0.000 0.000 0.000 0.000 0.000 0.000 0.000 0.000 0.000 2.221 1.666 2.942 5.490 4.796 6.446 7.290 8.302 7.636 7.140 5.182
-999.250 -999.250 -999.250 -999.250 -999.250 -999.250 -999.250 -999.250 7.023 8.074 5.928 1.208 0.000 0.000 0.000 0.000 0.000 0.000 0.000 0.000 1.939 5.517 7.671 7.356 9.825 11.838 13.095 14.251 14.744 12.378 14.056 13.770 15.285 11.792 12.348 12.433 10.256 7.729 3.564 0.000 0.000 0.000 0.000 0.000 0.000 0.000 0.000 0.000 0.000 0.000 0.000 0.000 0.000 0.487 1.437 0.760 1.281 1.029 2.189 3.083 2.471 5.216 5.181 6.868 8.153 9.034 8.282 7.002 3.273
-999.250 -999.250 -999.250 -999.250 -999.250 -999.250 -999.250 -999.250 10.595 15.471 9.605 6.106 2.323 0.000 0.000 0.000 0.000 0.000 0.000 0.000 2.773 5.457 8.775 11.176 12.465 15.080 14.557 14.374 15.526 12.537 11.824 11.215 12.730 12.224 12.791 15.163 15.036 10.985 6.504 0.908 0.000 0.000 0.000 0.000 0.000 0.000 0.000 0.000 0.000 0.000 0.000 0.000 1.622 1.269 4.329 2.113 2.944 2.293 2.933 2.931 2.793 2.263 5.714 6.159 8.672 13.339 8.412 7.627 5.276
-999.250 -999.250 -999.250 -999.250 -999.250 -999.250 -999.250 12.583 13.045 14.525 11.338 7.817 7.077 2.574 0.000 0.000 0.000 0.000 0.000 0.700 2.749 6.889 9.849 14.109 17.203 21.849 18.777 18.845 17.485 15.280 11.841 12.534 12.922 11.904 12.332 15.547 27.864 14.776 7.302 2.998 0.000 0.000 0.000 0.000 0.000 0.000 0.000 0.000 0.000 0.000 0.000 1.863 2.087 2.134 3.495 3.484 4.392 2.832 4.679 3.285 2.504 4.391 5.332 6.157 8.505 7.815 7.539 6.277 4.364
-999.250 -999.250 -999.250 -999.250 -999.250 -999.250 -999.250 12.506 14.842 14.451 12.819 10.628 10.494 7.495 3.863 1.365 0.316 3.807 4.015 3.765 7.314 9.374 11.886 19.257 22.114 26.923 27.569 30.932 24.901 15.918 14.482 12.395 10.473 10.373 11.765 14.595 15.789 13.908 9.105 6.736 0.411 0.000 0.000 0.000 0.000 0.000 0.000 0.000 0.533 1.034 2.012 2.934 3.893 2.489 3.420 3.793 5.092 4.975 4.024 3.929 4.806 4.227 4.489 6.308 7.302 7.122 5.504 2.821 2.074
-999.250 -999.250 -999.250 -999.250 -999.250 -999.250 -999.250 13.604 16.360 15.386 16.858 14.388 14.788 12.139 7.483 5.828 6.618 6.780 9.609 8.109 10.356 11.961 16.880 26.051 29.990 31.786 33.938 30.930 27.970 19.298 13.910 11.411 9.040 10.594 9.414 10.782 11.374 11.354 13.306 5.231 2.094 0.000 0.000 0.000 0.000 0.000 0.000 0.645 0.062 1.341 2.543 1.495 2.072 3.235 1.973 3.509 5.498 4.879 5.772 3.169 3.019 3.672 3.480 3.904 5.806 5.388 2.162 0.689 0.000
-999.250 -999.250 -999.250 -999.250 -999.250 -999.250 -999.250 20.444 22.148 21.902 22.311 19.775 22.851 20.942 15.019 12.077 14.923 12.600 11.985 15.036 15.413 19.261 26.818 36.847 39.607 48.159 41.791 47.393 33.433 21.421 14.056 11.520 9.986 8.533 6.806 7.381 7.023 7.496 6.977 5.080 0.912 0.058 0.260 0.000 0.000 0.000 0.000 1.221 2.513 2.550 3.393 2.745 3.239 3.082 2.233 2.503 5.244 2.640 2.295 2.623 2.819 2.987 1.853 2.593 3.194 4.161 0.580 0.000 0.000
-999.250 -999.250 -999.250 -999.250 -999.250 -999.250 19.701 22.790 25.522 28.166 31.011 34.012 36.630 30.745 26.976 26.185 25.453 28.213 24.217 21.605 23.900 30.714 30.137 40.906 55.353 59.493 58.213 58.284 54.160 29.652 17.809 16.776 9.309 5.511 5.202 4.628 3.791 3.194 2.836 1.478 2.070 0.025 0.116 0.926 0.000 0.000 0.000 0.685 1.147 1.424 2.923 3.367 2.545 2.553 2.764 1.562 2.695 1.181 2.499 3.479 1.740 0.069 0.312 1.077 2.825 1.540 0.310 0.000 0.000
-999.250 -999.250 -999.250 -999.250 -999.250 -999.250 25.388 29.143 35.518 48.167 52.172 58.120 40.166 40.386 42.384 40.436 41.490 39.100 28.010 31.424 32.978 35.956 44.242 53.433 59.462 67.405 71.556 69.026 62.528 37.945 21.468 15.997 9.128 6.471 3.278 1.714 0.175 0.076 0.436 0.000 1.216 0.000 0.000 0.000 1.119 0.870 0.471 1.384 2.356 2.390 3.509 2.987 2.619 2.218 2.158 2.492 1.460 2.852 3.985 0.795 0.622 0.000 0.000 0.000 0.732 0.871 0.000 0.000 0.000
-999.250 -999.250 -999.250 -999.250 -999.250 18.113 24.170 35.101 39.816 58.448 58.096 69.248 67.469 59.953 62.268 63.377 55.514 53.166 37.085 38.362 41.720 58.672 47.895 62.647 68.442 70.529 78.401 83.641 64.795 45.313 29.284 16.020 10.250 6.036 3.041 0.000 0.000 0.000 0.000 0.000 0.000 0.000 0.000 1.649 0.208 0.895 0.938 2.166 3.662 1.993 3.493 2.597 3.766 2.564 2.237 1.394 0.215 1.263 1.299 0.114 0.000 0.000 0.000 0.000 0.000 0.000 0.000 0.000 0.000
-999.250 -999.250 -999.250 -999.250 -999.250 26.458 26.357 39.568 47.613 50.827 68.373 72.584 69.242 70.458 64.945 63.135 59.765 60.188 52.602 50.082 58.232 65.608 65.035 63.474 67.185 70.771 70.793 74.099 69.900 47.596 22.541 17.406 10.609 6.578 2.167 0.000 0.000 0.000 0.000 0.000 0.000 0.000 0.134 1.134 0.087 1.019 0.575 2.304 3.516 4.214 3.688 1.889 1.075 1.407 1.649 1.139 0.949 0.381 0.000 0.000 0.000 0.000 0.000 0.000 0.000 0.000 0.000 0.000 0.000
-999.250 -999.250 -999.250 -999.250 18.231 30.352 38.659 50.937 51.907 65.385 69.138 74.529 80.041 83.998 81.242 74.012 72.099 71.329 66.613 67.706 68.265 68.164 71.074 71.655 65.360 68.384 67.788 71.884 57.367 38.265 32.171 19.558 11.994 7.769 3.034 0.000 0.000 0.000 0.000 0.000 0.000 0.000 0.426 0.131 0.513 0.294 0.464 1.902 2.173 1.451 0.127 0.091 1.346 0.264 1.378 0.079 0.000 0.000 0.034 0.000 0.000 0.000 0.000 0.000 0.000 0.000 0.000 0.000 0.000
-999.250 -999.250 -999.250 -999.250 27.043 34.549 46.864 52.398 64.646 70.658 72.462 82.183 85.734 90.452 93.930 83.764 81.489 79.422 74.748 68.846 66.710 68.260 72.641 70.368 66.349 68.836 63.916 61.099 53.671 53.381 32.435 19.587 13.813 10.324 5.779 0.906 0.000 0.000 0.000 0.000 0.000 0.000 0.000 0.000 2.628 2.181 1.765 2.776 1.490 0.547 1.008 0.000 0.615 0.000 0.093 0.000 0.663 0.000 0.000 0.000 0.000 0.000 0.000 0.000 0.000 0.000 0.000 0.000 0.000
-999.250 -999.250 -999.250 -999.250 36.771 47.627 41.323 67.432 65.135 75.954 78.485 81.678 92.074 95.256 109.556 97.265 96.583 86.427 82.127 71.790 63.793 66.440 68.841 68.550 63.167 64.448 68.062 66.232 64.453 51.760 40.088 24.877 18.301 11.841 8.273 3.803 1.452 0.000 0.000 0.000 0.000 0.000 0.000 0.948 1.127 2.856 2.356 2.001 1.803 0.873 0.707 0.154 0.000 0.000 0.208 0.000 0.000 0.000 0.000 0.000 0.000 0.000 0.000 0.000 0.000 0.000 0.000 0.000 0.000
-999.250 -999.250 -999.250 -999.250 45.474 64.332 47.542 65.611 82.873 90.530 83.750 87.271 97.248 103.389 114.393 114.557 116.570 104.793 78.146 63.414 54.060 51.892 59.672 53.123 52.135 64.033 65.564 67.707 70.357 60.720 51.651 31.098 17.910 14.047 9.233 9.392 5.251 0.850 0.000 0.000 0.000 0.000 0.064 1.381 2.594 4.894 4.194 4.164 3.139 2.426 2.284 1.920 1.100 0.071 1.296 0.000 0.000 0.000 0.000 0.000 0.000 0.000 0.000 0.000 0.000 0.000 0.000 0.000 0.000
-999.250 -999.250 -999.250 -999.250 47.879 66.376 64.321 73.589 82.811 90.274 99.441 94.033 101.141 106.034 112.723 126.593 140.832 99.910 70.262 38.078 36.396 40.785 46.964 35.843 51.041 61.881 63.268 63.401 70.727 61.035 54.235 34.521 21.257 14.199 10.103 7.928 6.341 4.125 0.000 1.785 0.320 0.339 0.743 3.089 4.330 5.430 4.921 4.506 3.914 3.465 0.203 0.000 0.000 0.000 0.000 0.000 0.000 0.000 0.000 0.000 0.000 0.000 0.000 0.000 0.000 0.000 0.000 0.000 0.000
-999.250 -999.250 -999.250 -999.250 54.848 69.936 68.880 75.661 86.602 91.018 95.732 98.714 103.119 106.026 111.121 118.297 116.343 85.727 52.653 25.954 20.603 36.148 32.147 34.292 38.061 63.048 65.094 69.190 66.011 70.987 56.176 36.743 28.119 18.082 14.339 11.056 8.558 5.925 3.191 4.603 4.202 2.827 5.126 4.839 7.198 5.428 5.249 3.696 1.499 3.849 1.001 0.377 0.154 0.000 0.000 0.000 0.000 0.000 0.000 0.000 0.000 0.000 0.000 0.000 0.000 0.000 0.000 0.000 0.000
-999.250 -999.250 -999.250 -999.250 46.574 68.458 73.231 78.006 81.308 88.368 97.081 100.033 104.826 110.515 110.830 108.053 96.669 69.821 40.691 25.588 19.419 26.160 30.878 37.845 46.075 60.169 65.612 71.922 62.459 66.293 56.614 43.055 34.781 23.657 17.518 14.325 10.131 7.856 6.729 7.193 6.704 5.182 6.951 8.642 8.177 5.995 4.944 3.408 4.202 4.462 2.263 0.370 0.000 0.000 0.000 0.000 0.000 0.000 0.000 0.000 0.000 0.000 0.000 0.000 0.000 0.000 0.000 0.000 0.000
-999.250 -999.250 -999.250 -999.250 68.221 66.928 67.688 78.995 83.410 89.087 96.658 103.289 109.179 112.282 110.686 102.178 82.967 65.165 48.079 30.061 29.406 33.875 38.270 39.867 57.135 62.157 62.118 68.807 72.838 65.410 65.134 38.526 28.847 24.376 21.740 17.432 12.994 11.503 9.680 9.484 7.857 7.380 8.068 11.447 7.287 6.729 5.678 4.777 4.519 1.743 3.181 2.478 0.000 0.000 0.000 0.000 0.000 0.000 0.000 0.000 0.000 0.000 0.000 0.000 1.501 1.626 1.838 0.880 1.089
-999.250 -999.250 -999.250 -999.250 68.390 63.115 68.347 77.712 82.503 90.804 94.555 100.051 106.751 103.524 103.533 93.281 82.444 68.463 55.410 49.154 55.783 58.845 54.676 63.049 69.595 62.517 70.537 69.128 70.917 65.384 68.469 54.919 46.522 28.222 23.494 22.841 14.579 12.905 11.137 9.587 10.209 6.053 9.669 9.918 7.894 7.014 5.177 6.269 3.901 1.696 2.793 0.000 0.000 0.000 0.000 0.000 0.000 0.000 0.000 0.000 0.000 0.000 2.506 4.694 4.451 10.039 6.551 5.386 6.239
-999.250 -999.250 -999.250 -999.250 64.622 72.810 70.795 81.842 87.762 92.405 93.048 99.840 111.202 104.573 96.694 97.364 77.811 77.429 72.366 70.602 78.624 69.487 74.505 71.761 73.519 72.752 69.080 73.809 75.553 78.746 63.629 59.639 54.310 32.989 29.830 26.182 15.577 15.596 15.404 9.315 8.799 8.753 10.049 9.512 8.297 8.147 6.784 5.208 3.832 3.325 1.342 0.046 0.808 0.000 0.000 0.000 0.000 0.000 0.000 0.581 1.241 5.407 7.995 9.090 13.963 12.450 11.807 12.228 11.495
-999.250 -999.250 -999.250 67.686 69.937 74.769 79.428 90.852 98.117 88.721 98.327 101.419 112.970 103.598 101.623 96.364 87.158 81.745 78.594 84.448 93.690 81.532 82.017 76.376 74.888 73.144 80.196 75.298 74.681 74.279 75.386 72.170 54.576 45.873 40.620 30.779 21.522 19.977 14.651 10.629 12.357 8.700 8.427 9.130 9.751 6.642 6.807 4.367 4.209 5.164 4.217 2.859 1.036 0.000 0.000 0.000 0.000 0.000 1.357 1.894 7.379 9.102 12.612 17.215 19.518 19.290 24.161 16.686 21.209
-999.250 -999.250 -999.250 79.391 73.775 84.702 91.428 97.487 98.206 95.661 94.996 111.605 106.010 102.318 108.158 95.697 88.189 84.161 84.914 86.547 84.224 78.321 74.027 74.680 77.178 73.789 74.162 75.419 78.870 82.160 77.292 69.896 54.848 52.761 43.087 26.132 27.708 20.795 17.362 14.076 11.460 10.275 10.288 10.120 9.223 7.495 5.280 6.029 5.423 4.658 2.772 2.307 2.037 1.262 0.051 1.702 2.865 3.594 6.045 5.249 11.233 15.425 23.164 35.863 29.950 31.291 36.876 40.441 48.610
-999.250 -999.250 -999.250 82.332 83.559 84.463 89.949 95.398 100.696 107.312 101.722 103.139 106.317 107.123 108.943 104.280 97.082 87.112 87.677 85.900 81.984 78.423 70.050 77.079 68.298 62.086 76.230 71.228 80.167 82.498 82.383 72.729 61.614 47.183 47.623 32.681 28.097 27.298 17.434 11.832 9.713 8.900 10.543 10.374 10.555 6.918 6.206 5.960 4.129 5.115 4.430 2.746 1.125 1.618 1.795 2.893 4.071 7.474 10.390 14.469 17.524 22.814 32.951 41.580 54.575 46.884 67.994 59.184 64.510
-999.250 -999.250 81.841 85.253 93.115 91.645 95.415 101.548 102.765 105.633 107.079 107.673 111.782 111.186 103.130 101.966 103.366 94.468 87.672 79.558 73.492 77.976 73.022 64.022 66.861 67.842 74.076 84.264 85.965 84.389 81.527 71.777 65.157 62.878 41.756 42.505 29.689 19.946 19.058 16.440 13.286 11.571 11.044 11.813 8.093 3.809 5.913 4.811 4.646 2.724 3.066 3.954 2.394 1.705 3.590 4.632 5.155 8.666 16.022 17.111 22.064 29.626 44.808 45.184 60.887 69.055 73.648 79.996 80.156
-999.250 -999.250 82.635 90.722 98.581 97.132 100.576 107.158 115.281 111.989 113.167 113.826 116.580 110.833 106.610 109.129 99.770 92.464 85.441 78.561 -999.250 72.733 65.800 55.614 63.280 72.324 79.923 79.528 82.703 88.230 78.529 67.205 65.317 68.003 54.130 34.453 32.000 22.452 20.591 14.806 14.523 12.056 9.597 7.051 7.423 7.451 4.221 1.832 2.508 3.787 3.566 2.145 3.433 1.500 5.578 7.122 7.862 10.007 16.031 17.914 27.748 32.566 61.844 72.956 79.413 79.049 82.436 91.332 83.005
-999.250 84.796 91.801 91.642 105.263 99.165 103.369 111.124 117.583 116.740 115.306 116.915 119.065 113.915 108.337 105.878 104.358 93.107 82.803 -999.250 -999.250 67.737 57.380 57.444 65.047 70.115 68.069 73.953 74.961 77.674 71.306 68.096 61.541 63.812 44.872 36.601 25.668 24.518 16.532 13.581 10.202 9.016 8.505 5.205 4.448 4.993 4.119 4.094 3.523 2.622 3.811 2.150 3.404 4.957 5.512 7.884 11.831 15.310 24.144 33.071 33.419 49.687 67.490 77.617 91.756 100.833 97.160 97.135 93.633
-999.250 91.274 90.490 91.427 99.767 107.053 113.662 110.087 118.186 121.754 113.712 114.914 113.314 107.591 108.794 99.326 94.373 82.549 -999.250 -999.250 -999.250 -999.250 48.438 49.364 44.964 60.378 62.141 59.035 57.581 72.280 61.906 62.787 51.931 48.974 42.417 38.528 28.413 23.002 15.227 12.419 14.797 9.140 8.008 6.130 3.420 2.531 4.241 1.796 0.939 0.016 0.000 0.000 3.286 4.571 6.143 10.333 15.613 24.583 26.293 33.023 45.773 65.637 77.617 90.143 104.844 108.602 104.739 110.409 102.530
