data/medianmodel_02-Aug-2020.asc
ncols	141
nrows	288
xllcorner	-120191.398
yllcorner	-301404.813
cellsize	2000.000
NODATA_value	-999.250
[rows 248 to 278 of 288, columns 0 to 67 of 141]
-999.250 -999.250 -999.250 -999.250 -999.250 -999.250 -999.250 -999.250 -999.250 -999.250 -999.250 -999.250 -999.250 -999.250 -999.250 -999.250 -999.250 -999.250 -999.250 -999.250 -999.250 -999.250 -999.250 -999.250 -999.250 -999.250 -999.250 -999.250 -999.250 -999.250 15.175 17.578 21.466 19.948 22.526 22.326 24.844 24.853 24.004 30.081 28.573 27.096 21.224 16.842 12.330 9.584 9.702 4.717 4.714 2.217 0.000 0.000 0.000 0.000 0.000 0.000 0.000 0.000 0.000 0.000 0.000 0.000 0.000 0.000 0.000 0.000 0.000 0.000
-999.250 -999.250 -999.250 -999.250 -999.250 -999.250 -999.250 -999.250 -999.250 -999.250 -999.250 -999.250 -999.250 -999.250 -999.250 -999.250 -999.250 -999.250 -999.250 -999.250 -999.250 -999.250 -999.250 -999.250 -999.250 -999.250 -999.250 -999.250 -999.250 -999.250 15.443 15.919 14.545 15.823 18.373 23.797 19.842 24.742 29.725 28.166 28.602 27.526 27.509 19.765 13.566 10.797 9.130 6.513 5.498 2.225 0.062 0.000 0.000 0.000 0.000 0.000 0.000 0.000 0.000 0.000 0.000 0.000 0.000 0.000 0.000 0.000 0.000 0.000
-999.250 -999.250 -999.250 -999.250 -999.250 -999.250 -999.250 -999.250 -999.250 -999.250 -999.250 -999.250 -999.250 -999.250 -999.250 -999.250 -999.250 -999.250 -999.250 -999.250 -999.250 -999.250 -999.250 -999.250 -999.250 -999.250 -999.250 -999.250 -999.250 -999.250 16.411 12.483 13.327 16.613 20.676 22.893 25.368 29.283 31.914 32.218 32.523 26.628 23.852 19.924 14.077 10.596 8.943 7.122 4.654 3.606 0.674 0.000 0.000 0.000 0.000 0.000 0.000 0.000 0.000 0.000 0.000 0.000 0.000 0.000 0.000 0.000 0.000 0.000
-999.250 -999.250 -999.250 -999.250 -999.250 -999.250 -999.250 -999.250 -999.250 -999.250 -999.250 -999.250 -999.250 -999.250 -999.250 -999.250 -999.250 -999.250 -999.250 -999.250 -999.250 -999.250 -999.250 -999.250 -999.250 -999.250 -999.250 -999.250 -999.250 -999.250 13.334 16.226 18.723 16.020 18.367 19.858 23.724 25.302 29.643 36.412 27.969 26.880 21.900 22.536 17.392 10.850 10.154 8.592 4.091 5.039 1.395 0.000 0.000 0.000 0.000 0.000 0.000 0.000 0.000 0.000 0.000 0.000 0.000 0.000 0.000 0.000 0.000 0.000
-999.250 -999.250 -999.250 -999.250 -999.250 -999.250 -999.250 -999.250 -999.250 -999.250 -999.250 -999.250 -999.250 -999.250 -999.250 -999.250 -999.250 -999.250 -999.250 -999.250 -999.250 -999.250 -999.250 -999.250 -999.250 -999.250 -999.250 -999.250 -999.250 8.295 9.298 14.631 12.864 12.749 16.600 18.357 18.897 26.075 28.310 27.041 23.571 25.302 24.421 22.915 17.804 12.566 9.371 7.560 5.284 3.771 1.988 0.000 0.000 0.000 0.000 0.000 0.000 0.000 0.000 0.000 0.000 0.000 0.000 0.000 0.000 0.000 0.000 0.000
-999.250 -999.250 -999.250 -999.250 -999.250 -999.250 -999.250 -999.250 -999.250 -999.250 -999.250 -999.250 -999.250 -999.250 -999.250 -999.250 -999.250 -999.250 -999.250 -999.250 -999.250 -999.250 -999.250 -999.250 -999.250 -999.250 -999.250 -999.250 -999.250 -999.250 9.532 11.415 9.459 10.207 11.510 15.607 20.696 21.103 22.026 22.039 20.458 24.486 21.913 18.585 15.969 11.975 9.706 5.907 4.103 3.435 2.602 0.504 0.000 0.000 0.000 0.000 0.000 0.000 0.000 0.000 0.000 0.000 0.000 0.000 0.000 0.000 0.000 0.000
-999.250 -999.250 -999.250 -999.250 -999.250 -999.250 -999.250 -999.250 -999.250 -999.250 -999.250 -999.250 -999.250 -999.250 -999.250 -999.250 -999.250 -999.250 -999.250 -999.250 -999.250 -999.250 -999.250 -999.250 -999.250 -999.250 -999.250 -999.250 -999.250 -999.250 8.628 10.412 8.907 11.958 10.333 18.043 19.327 17.927 20.156 18.577 18.666 19.817 19.316 20.445 13.922 11.687 13.343 7.771 5.954 3.358 1.810 0.213 0.000 0.000 0.000 0.000 0.000 0.000 0.000 0.000 0.000 0.000 0.000 0.000 0.000 0.000 0.000 0.000
-999.250 -999.250 -999.250 -999.250 -999.250 -999.250 -999.250 -999.250 -999.250 -999.250 -999.250 -999.250 -999.250 -999.250 -999.250 -999.250 -999.250 -999.250 -999.250 -999.250 -999.250 -999.250 -999.250 -999.250 -999.250 -999.250 -999.250 -999.250 -999.250 -999.250 -999.250 8.903 8.180 10.554 10.038 9.918 12.475 13.217 17.528 16.775 17.808 18.285 19.611 18.606 17.425 13.912 13.022 8.211 5.740 4.507 2.130 0.000 0.000 0.000 0.000 0.000 0.000 0.000 0.000 0.000 0.000 0.000 0.000 0.000 0.000 0.000 0.000 0.000
-999.250 -999.250 -999.250 -999.250 -999.250 -999.250 -999.250 -999.250 -999.250 -999.250 -999.250 -999.250 -999.250 -999.250 -999.250 -999.250 -999.250 -999.250 -999.250 -999.250 -999.250 -999.250 -999.250 -999.250 -999.250 -999.250 -999.250 -999.250 -999.250 -999.250 -999.250 7.740 6.190 5.970 6.342 8.561 10.732 15.467 14.555 15.690 13.885 16.209 17.777 14.707 13.467 14.760 11.666 7.349 7.218 4.427 2.059 0.000 0.000 0.000 0.000 0.000 0.000 0.000 0.000 0.000 0.000 0.000 0.000 0.000 0.000 0.000 0.000 0.000
-999.250 -999.250 -999.250 -999.250 -999.250 -999.250 -999.250 -999.250 -999.250 -999.250 -999.250 -999.250 -999.250 -999.250 -999.250 -999.250 -999.250 -999.250 -999.250 -999.250 -999.250 -999.250 -999.250 -999.250 -999.250 -999.250 -999.250 -999.250 -999.250 -999.250 5.121 6.404 6.254 8.997 8.090 8.229 10.635 14.093 16.997 13.070 15.815 16.935 14.542 11.055 12.813 10.907 10.746 7.895 6.546 3.859 1.427 0.162 0.000 0.000 0.000 0.000 0.000 0.000 0.000 0.000 0.000 0.000 0.000 0.000 0.000 0.000 0.000 0.000
-999.250 -999.250 -999.250 -999.250 -999.250 -999.250 -999.250 -999.250 -999.250 -999.250 -999.250 -999.250 -999.250 -999.250 -999.250 -999.250 -999.250 -999.250 -999.250 -999.250 -999.250 -999.250 -999.250 -999.250 -999.250 -999.250 -999.250 -999.250 -999.250 -999.250 2.230 4.269 5.199 6.824 7.968 10.467 9.969 13.732 13.594 11.550 11.888 16.904 12.849 14.524 11.319 9.867 8.279 7.639 6.368 4.902 2.441 0.709 0.000 0.256 0.538 0.000 0.000 0.000 0.000 0.000 0.000 0.000 0.000 0.000 0.000 0.000 0.000 0.000
-999.250 -999.250 -999.250 -999.250 -999.250 -999.250 -999.250 -999.250 -999.250 -999.250 -999.250 -999.250 -999.250 -999.250 -999.250 -999.250 -999.250 -999.250 -999.250 -999.250 -999.250 -999.250 -999.250 -999.250 -999.250 -999.250 -999.250 -999.250 -999.250 -999.250 2.770 3.975 6.268 7.262 8.347 9.423 9.324 10.659 11.399 12.733 13.538 11.556 10.115 10.719 11.968 10.260 10.265 7.618 6.869 4.763 4.831 3.017 2.053 0.910 0.198 0.038 0.080 0.600 0.000 0.000 0.000 0.000 0.000 0.000 0.000 0.000 0.000 0.000
-999.250 -999.250 -999.250 -999.250 -999.250 -999.250 -999.250 -999.250 -999.250 -999.250 -999.250 -999.250 -999.250 -999.250 -999.250 -999.250 -999.250 -999.250 -999.250 -999.250 -999.250 -999.250 -999.250 -999.250 -999.250 -999.250 -999.250 -999.250 -999.250 -999.250 2.360 4.543 6.158 6.714 8.324 6.631 10.474 10.166 12.092 15.421 13.346 10.991 9.311 8.721 11.634 10.985 10.379 8.226 6.053 5.991 4.738 4.778 2.832 1.667 1.760 1.403 1.704 0.986 0.191 0.358 0.000 0.000 0.000 0.000 0.000 0.000 0.000 0.000
-999.250 -999.250 -999.250 -999.250 -999.250 -999.250 -999.250 -999.250 -999.250 -999.250 -999.250 -999.250 -999.250 -999.250 -999.250 -999.250 -999.250 -999.250 -999.250 -999.250 -999.250 -999.250 -999.250 -999.250 -999.250 -999.250 -999.250 -999.250 -999.250 -999.250 1.384 1.316 4.112 4.903 4.040 8.554 9.060 9.835 15.702 14.931 14.022 8.568 10.821 11.515 9.921 11.543 12.075 9.359 7.207 6.805 6.073 4.328 3.959 2.646 1.873 0.496 1.634 2.365 1.544 0.800 0.000 0.000 0.000 0.000 0.000 0.000 0.000 0.000
-999.250 -999.250 -999.250 -999.250 -999.250 -999.250 -999.250 -999.250 -999.250 -999.250 -999.250 -999.250 -999.250 -999.250 -999.250 -999.250 -999.250 -999.250 -999.250 -999.250 -999.250 -999.250 -999.250 -999.250 -999.250 -999.250 -999.250 -999.250 -999.250 -999.250 0.866 2.988 4.059 3.477 4.775 6.862 9.122 11.536 12.006 13.209 12.303 14.448 11.649 10.306 9.982 11.476 10.427 9.186 7.954 9.074 9.210 6.745 6.377 5.513 2.892 2.219 1.555 2.989 2.851 2.031 0.391 0.619 1.205 0.000 0.000 0.000 0.000 0.000
-999.250 -999.250 -999.250 -999.250 -999.250 -999.250 -999.250 -999.250 -999.250 -999.250 -999.250 -999.250 -999.250 -999.250 -999.250 -999.250 -999.250 -999.250 -999.250 -999.250 -999.250 -999.250 -999.250 -999.250 -999.250 -999.250 -999.250 -999.250 -999.250 0.000 0.062 1.516 1.959 2.735 4.429 6.008 6.840 10.950 11.712 12.018 11.581 12.698 10.724 12.064 9.799 10.602 10.822 9.198 10.072 9.201 13.185 10.487 6.848 5.992 3.620 3.136 4.427 4.055 3.619 3.142 1.966 2.690 1.119 1.586 0.204 0.000 0.000 0.000
-999.250 -999.250 -999.250 -999.250 -999.250 -999.250 -999.250 -999.250 -999.250 -999.250 -999.250 -999.250 -999.250 -999.250 -999.250 -999.250 -999.250 -999.250 -999.250 -999.250 -999.250 -999.250 -999.250 -999.250 -999.250 -999.250 -999.250 -999.250 -999.250 0.000 0.000 0.000 0.000 0.079 3.621 5.669 7.155 9.258 11.742 11.897 12.960 13.226 11.703 10.873 8.522 9.811 10.423 9.447 10.193 9.757 13.405 9.417 7.307 8.793 4.662 6.146 6.705 5.172 5.438 5.634 5.053 4.746 4.023 4.049 2.602 1.036 0.168 1.091
-999.250 -999.250 -999.250 -999.250 -999.250 -999.250 -999.250 -999.250 -999.250 -999.250 -999.250 -999.250 -999.250 -999.250 -999.250 -999.250 -999.250 -999.250 -999.250 -999.250 -999.250 -999.250 -999.250 -999.250 -999.250 -999.250 -999.250 -999.250 0.000 0.000 0.000 0.000 0.000 0.868 3.158 4.165 7.649 10.112 10.849 11.595 12.440 13.139 11.974 10.890 9.427 10.764 8.875 7.962 11.197 10.605 13.144 9.934 7.772 6.677 8.793 8.541 6.957 8.089 7.255 7.232 6.801 7.560 6.019 5.774 4.161 1.691 1.616 2.144
-999.250 -999.250 -999.250 -999.250 -999.250 -999.250 -999.250 -999.250 -999.250 -999.250 -999.250 -999.250 -999.250 -999.250 -999.250 -999.250 -999.250 -999.250 -999.250 -999.250 -999.250 -999.250 -999.250 -999.250 -999.250 -999.250 -999.250 -999.250 0.000 0.000 0.000 0.000 0.000 0.000 2.101 3.466 6.318 9.107 10.946 14.321 15.142 12.970 11.448 11.950 11.436 10.045 10.910 11.118 10.313 13.986 11.625 12.616 10.336 10.417 11.393 7.261 10.510 9.532 10.643 10.197 8.911 8.871 8.568 6.269 4.465 3.868 2.770 2.140
-999.250 -999.250 -999.250 -999.250 -999.250 -999.250 -999.250 -999.250 -999.250 -999.250 -999.250 -999.250 -999.250 -999.250 -999.250 -999.250 -999.250 -999.250 -999.250 -999.250 -999.250 -999.250 -999.250 -999.250 -999.250 -999.250 -999.250 0.000 0.000 0.000 0.000 0.000 0.000 0.000 0.093 4.042 6.378 9.126 9.306 15.398 19.697 14.697 14.733 12.186 11.407 11.664 11.333 12.467 13.310 13.989 14.272 16.935 11.194 12.669 11.069 9.628 10.976 13.880 13.043 14.127 11.575 9.756 8.399 10.028 7.790 7.036 5.575 3.074
-999.250 -999.250 -999.250 -999.250 -999.250 -999.250 -999.250 -999.250 -999.250 -999.250 -999.250 -999.250 -999.250 -999.250 -999.250 -999.250 -999.250 -999.250 -999.250 -999.250 -999.250 -999.250 -999.250 -999.250 -999.250 -999.250 -999.250 0.000 0.000 0.000 0.000 0.000 0.000 0.000 1.277 3.439 6.033 8.633 11.090 14.694 13.542 13.669 14.224 12.939 14.660 12.609 13.516 12.576 12.542 17.649 17.194 13.696 14.930 16.223 17.026 17.570 17.000 15.690 11.753 12.771 11.697 12.959 12.189 11.833 10.977 8.201 7.008 4.839
-999.250 -999.250 -999.250 -999.250 -999.250 -999.250 -999.250 -999.250 -999.250 -999.250 -999.250 -999.250 -999.250 -999.250 -999.250 -999.250 -999.250 -999.250 -999.250 -999.250 -999.250 -999.250 -999.250 -999.250 -999.250 -999.250 -999.250 0.000 0.000 0.000 0.000 0.000 0.000 0.011 1.703 2.751 6.024 8.584 9.545 14.426 12.359 11.765 12.463 15.974 13.547 13.593 13.786 11.813 15.604 17.701 19.325 17.443 18.649 19.685 19.992 21.376 20.432 17.029 17.103 18.015 14.604 16.502 14.752 12.966 10.708 8.816 9.275 5.568
-999.250 -999.250 -999.250 -999.250 -999.250 -999.250 -999.250 -999.250 -999.250 -999.250 -999.250 -999.250 -999.250 -999.250 -999.250 -999.250 -999.250 -999.250 -999.250 -999.250 -999.250 -999.250 -999.250 -999.250 -999.250 -999.250 -999.250 0.000 0.000 0.000 0.000 0.000 0.000 0.151 2.610 3.913 7.036 8.595 10.199 10.992 11.079 9.956 13.215 13.188 14.802 14.179 14.482 14.297 15.044 19.109 20.124 21.301 20.280 23.110 24.962 26.375 25.175 22.095 18.198 18.270 19.445 19.778 18.054 13.186 12.740 9.897 9.602 5.438
-999.250 -999.250 -999.250 -999.250 -999.250 -999.250 -999.250 -999.250 -999.250 -999.250 -999.250 -999.250 -999.250 -999.250 -999.250 -999.250 -999.250 -999.250 -999.250 -999.250 -999.250 -999.250 -999.250 -999.250 -999.250 -999.250 -999.250 0.000 0.000 0.000 0.000 0.000 0.000 1.882 3.563 4.501 5.077 7.302 8.660 10.490 10.489 10.439 10.800 14.384 17.693 12.658 13.135 15.417 18.486 17.193 21.195 22.998 24.850 28.393 24.913 25.492 25.672 25.011 23.220 18.745 18.970 22.376 20.021 19.428 16.904 13.850 12.014 7.389
-999.250 -999.250 -999.250 -999.250 -999.250 -999.250 -999.250 -999.250 -999.250 -999.250 -999.250 -999.250 -999.250 -999.250 -999.250 -999.250 -999.250 -999.250 -999.250 -999.250 -999.250 -999.250 -999.250 -999.250 -999.250 -999.250 -999.250 0.000 0.000 0.000 0.000 0.000 0.925 1.618 4.245 4.417 6.693 7.925 8.891 8.797 10.769 12.071 11.585 11.846 13.247 11.096 13.166 16.082 17.931 21.069 27.112 24.846 30.550 33.343 29.070 24.594 27.613 27.731 28.094 22.598 22.045 28.038 24.421 20.098 19.175 18.286 11.991 7.691
-999.250 -999.250 -999.250 -999.250 -999.250 -999.250 -999.250 -999.250 -999.250 -999.250 -999.250 -999.250 -999.250 -999.250 -999.250 -999.250 -999.250 -999.250 -999.250 -999.250 -999.250 -999.250 -999.250 -999.250 -999.250 -999.250 0.000 0.000 0.000 0.000 0.000 0.690 1.080 3.375 3.938 4.856 6.391 6.862 7.842 8.785 11.129 10.303 11.577 12.605 11.458 13.715 17.798 20.128 20.604 21.641 28.944 31.689 24.893 35.455 31.979 32.781 33.090 30.488 31.809 28.279 33.854 33.896 33.567 27.877 23.719 18.016 15.569 8.387
-999.250 -999.250 -999.250 -999.250 -999.250 -999.250 -999.250 -999.250 -999.250 -999.250 -999.250 -999.250 -999.250 -999.250 -999.250 -999.250 -999.250 -999.250 -999.250 -999.250 -999.250 -999.250 -999.250 -999.250 -999.250 -999.250 0.000 0.000 0.000 0.000 0.360 1.417 3.686 4.686 5.578 7.027 7.053 7.988 8.822 11.279 13.302 16.162 12.677 13.184 14.242 14.199 16.475 21.530 21.857 29.107 28.618 32.595 33.896 36.904 37.454 36.206 35.258 37.994 37.726 36.683 39.099 40.389 34.121 31.806 24.467 19.655 12.643 8.916
-999.250 -999.250 -999.250 -999.250 -999.250 -999.250 -999.250 -999.250 -999.250 -999.250 -999.250 -999.250 -999.250 -999.250 -999.250 -999.250 -999.250 -999.250 -999.250 -999.250 -999.250 -999.250 -999.250 -999.250 -999.250 0.000 0.000 0.000 0.000 0.000 0.932 2.803 4.204 5.963 6.537 8.948 9.735 7.451 9.949 14.370 17.284 21.628 14.739 13.037 15.308 15.678 16.720 22.662 22.761 29.457 33.348 37.243 35.926 39.151 42.680 38.368 42.008 39.651 38.673 37.651 39.193 43.941 39.947 38.134 28.503 20.517 15.798 10.493
-999.250 -999.250 -999.250 -999.250 -999.250 -999.250 -999.250 -999.250 -999.250 -999.250 -999.250 -999.250 -999.250 -999.250 -999.250 -999.250 -999.250 -999.250 -999.250 -999.250 -999.250 -999.250 -999.250 -999.250 -999.250 0.000 0.000 0.000 0.000 1.102 2.352 5.519 5.553 7.906 9.775 12.072 11.102 12.208 10.614 13.967 17.242 18.585 17.074 13.735 14.213 20.412 18.879 22.375 30.366 32.892 34.856 36.004 38.631 40.180 42.468 44.826 47.978 45.220 42.642 44.239 42.607 45.077 42.905 38.553 29.598 21.756 18.507 12.828
-999.250 -999.250 -999.250 -999.250 -999.250 -999.250 -999.250 -999.250 -999.250 -999.250 -999.250 -999.250 -999.250 -999.250 -999.250 -999.250 -999.250 -999.250 -999.250 -999.250 -999.250 -999.250 -999.250 -999.250 -999.250 0.000 0.000 0.000 0.000 2.451 4.598 6.908 7.272 10.252 12.257 13.243 16.740 14.812 14.989 12.138 16.182 14.695 12.898 14.186 15.075 17.503 18.434 21.420 25.463 36.356 41.407 37.722 40.968 38.337 47.038 47.512 54.693 51.733 45.779 44.932 47.009 45.469 49.493 39.249 29.462 24.208 19.411 16.186
-999.250 -999.250 -999.250 -999.250 -999.250 -999.250 -999.250 -999.250 -999.250 -999.250 -999.250 -999.250 -999.250 -999.250 -999.250 -999.250 -999.250 -999.250 -999.250 -999.250 -999.250 -999.250 -999.250 -999.250 0.000 0.000 0.000 0.000 0.000 2.140 3.953 5.893 8.921 14.260 15.927 17.064 19.984 16.679 18.497 14.327 16.742 16.671 13.816 13.624 15.679 17.356 21.966 21.228 26.136 32.062 34.562 41.218 42.257 45.410 45.594 48.829 47.667 50.448 46.144 46.228 42.907 44.227 43.613 37.740 34.399 22.206 18.960 17.412
