data/medianmodel_09-Dec-2020.asc
ncols	141
nrows	288
xllcorner	-120191.398
yllcorner	-301404.813
cellsize	2000.000
NODATA_value	-999.250
[rows 116 to 144 of 288, columns 0 to 63 of 141]
-999.250 -999.250 -999.250 -999.250 -999.250 -999.250 -999.250 -999.250 -999.250 -999.250 -999.250 -999.250 -999.250 -999.250 -999.250 -999.250 -999.250 -999.250 -999.250 -999.250 -999.250 -999.250 -999.250 -999.250 -999.250 -999.250 -999.250 381.096 392.797 406.082 440.917 461.099 438.766 444.963 459.047 487.687 472.460 491.943 498.624 477.398 468.513 473.252 490.025 453.099 448.202 425.365 426.123 400.165 377.680 378.677 400.945 473.021 466.085 468.435 433.312 403.903 378.857 365.195 324.991 283.901 247.386 257.152 250.418 236.803
-999.250 -999.250 -999.250 -999.250 -999.250 -999.250 -999.250 -999.250 -999.250 -999.250 -999.250 -999.250 -999.250 -999.250 -999.250 -999.250 -999.250 -999.250 -999.250 -999.250 -999.250 -999.250 -999.250 -999.250 -999.250 -999.250 -999.250 390.023 397.161 388.096 429.454 437.536 430.628 449.777 454.198 438.304 432.128 457.148 473.658 434.983 435.426 456.907 455.528 419.944 432.854 406.460 377.266 365.947 320.227 259.403 341.907 399.823 421.983 407.442 406.249 386.457 382.205 344.300 297.983 257.141 233.127 235.927 230.409 216.049
-999.250 -999.250 -999.250 -999.250 -999.250 -999.250 -999.250 -999.250 -999.250 -999.250 -999.250 -999.250 -999.250 -999.250 -999.250 -999.250 -999.250 -999.250 -999.250 -999.250 -999.250 -999.250 -999.250 -999.250 -999.250 -999.250 350.142 377.678 383.895 395.205 388.534 417.377 430.134 423.094 420.927 434.937 420.076 421.786 410.387 406.281 423.055 440.113 429.378 407.436 413.694 417.621 377.024 334.492 311.231 299.061 324.821 364.452 374.627 367.400 374.230 363.307 344.145 304.499 279.407 233.345 213.916 202.395 184.535 180.482
-999.250 -999.250 -999.250 -999.250 -999.250 -999.250 -999.250 -999.250 -999.250 -999.250 -999.250 -999.250 -999.250 -999.250 -999.250 -999.250 -999.250 -999.250 -999.250 -999.250 -999.250 -999.250 -999.250 -999.250 -999.250 -999.250 353.845 377.993 370.768 388.315 394.058 414.701 390.639 404.522 404.927 375.928 396.966 400.373 407.078 405.018 387.541 412.774 417.819 394.942 389.824 385.168 385.685 356.153 324.457 320.987 328.001 334.228 352.540 351.091 339.562 322.157 292.449 265.305 221.460 192.756 174.569 174.177 172.887 172.755
-999.250 -999.250 -999.250 -999.250 -999.250 -999.250 -999.250 -999.250 -999.250 -999.250 -999.250 -999.250 -999.250 -999.250 -999.250 -999.250 -999.250 -999.250 -999.250 -999.250 -999.250 -999.250 -999.250 -999.250 -999.250 -999.250 356.334 361.896 368.424 378.665 383.163 384.934 381.398 381.255 369.749 363.657 390.765 380.478 381.497 372.706 394.883 397.485 389.021 376.708 380.381 376.878 359.346 370.356 348.687 350.501 334.507 323.465 311.433 347.453 316.500 291.600 267.041 212.860 163.245 158.589 147.043 162.691 157.673 160.305
-999.250 -999.250 -999.250 -999.250 -999.250 -999.250 -999.250 -999.250 -999.250 -999.250 -999.250 -999.250 -999.250 -999.250 -999.250 -999.250 -999.250 -999.250 -999.250 -999.250 -999.250 -999.250 -999.250 -999.250 -999.250 331.317 359.002 340.332 348.501 352.564 368.050 354.110 357.740 351.537 371.857 355.378 351.103 349.348 367.433 383.495 371.518 391.848 368.572 384.935 374.521 371.857 363.668 367.446 368.742 354.176 353.386 353.699 351.990 345.424 324.835 284.899 249.831 173.739 117.302 132.672 137.671 157.875 148.625 154.327
-999.250 -999.250 -999.250 -999.250 -999.250 -999.250 -999.250 -999.250 -999.250 -999.250 -999.250 -999.250 -999.250 -999.250 -999.250 -999.250 -999.250 -999.250 -999.250 -999.250 -999.250 -999.250 -999.250 -999.250 -999.250 332.531 340.271 329.623 334.327 349.170 338.849 351.701 338.423 340.043 314.775 337.472 336.604 326.509 323.378 350.244 371.663 368.793 358.300 362.098 363.278 369.704 375.774 382.091 373.304 370.263 368.595 368.056 370.195 356.041 345.141 299.294 247.710 190.497 146.038 142.400 145.974 140.752 139.578 151.731
-999.250 -999.250 -999.250 -999.250 -999.250 -999.250 -999.250 -999.250 -999.250 -999.250 -999.250 -999.250 -999.250 -999.250 -999.250 -999.250 -999.250 -999.250 -999.250 -999.250 -999.250 -999.250 -999.250 -999.250 -999.250 306.856 318.551 334.098 354.828 335.830 319.969 346.945 339.900 312.419 310.662 322.617 311.961 299.053 270.108 296.371 328.320 341.533 355.404 369.986 373.688 367.999 371.814 353.910 347.665 348.259 370.637 353.739 363.345 384.959 355.884 318.940 268.818 217.906 161.349 169.669 159.387 160.188 155.791 163.341
-999.250 -999.250 -999.250 -999.250 -999.250 -999.250 -999.250 -999.250 -999.250 -999.250 -999.250 -999.250 -999.250 -999.250 -999.250 -999.250 -999.250 -999.250 -999.250 -999.250 -999.250 -999.250 -999.250 -999.250 312.070 301.474 329.840 351.161 359.552 329.314 326.725 313.765 304.233 325.536 314.321 306.909 304.649 289.263 288.197 296.954 296.597 314.464 320.462 356.120 357.817 357.422 358.872 328.504 326.989 333.719 345.818 369.483 386.048 399.125 387.459 349.580 302.615 248.796 202.133 201.380 185.972 167.227 170.956 164.309
-999.250 -999.250 -999.250 -999.250 -999.250 -999.250 -999.250 -999.250 -999.250 -999.250 -999.250 -999.250 -999.250 -999.250 -999.250 -999.250 -999.250 -999.250 -999.250 -999.250 -999.250 -999.250 -999.250 -999.250 289.411 300.866 329.956 341.692 351.120 330.060 323.798 316.186 300.063 303.564 314.030 304.597 311.727 297.734 288.200 285.142 295.014 289.292 315.508 312.142 323.262 316.878 318.681 300.566 298.666 309.677 324.661 357.199 375.150 393.358 431.034 370.194 310.163 259.689 234.841 207.219 200.164 199.027 180.681 168.848
-999.250 -999.250 -999.250 -999.250 -999.250 -999.250 -999.250 -999.250 -999.250 -999.250 -999.250 -999.250 -999.250 -999.250 -999.250 -999.250 -999.250 -999.250 -999.250 -999.250 -999.250 -999.250 -999.250 301.172 304.498 301.272 332.140 338.035 347.884 369.523 335.413 321.231 323.077 320.107 316.240 317.888 310.377 298.475 288.217 287.104 291.174 294.105 311.243 288.509 290.317 279.525 276.235 270.183 249.375 280.260 309.395 329.208 349.045 370.806 377.313 336.724 302.543 260.320 242.034 229.254 238.528 219.928 205.052 193.960
-999.250 -999.250 -999.250 -999.250 -999.250 -999.250 -999.250 -999.250 -999.250 -999.250 -999.250 -999.250 -999.250 -999.250 -999.250 -999.250 -999.250 -999.250 -999.250 -999.250 -999.250 -999.250 -999.250 277.446 281.712 303.180 318.190 344.843 348.871 352.279 340.646 342.454 325.412 306.183 311.987 314.737 299.565 286.625 282.676 271.914 274.074 278.513 276.019 274.015 273.552 249.296 247.974 220.415 209.165 232.892 261.126 291.308 322.311 316.933 319.001 315.943 307.188 263.199 259.837 246.786 243.265 235.173 230.272 229.336
-999.250 -999.250 -999.250 -999.250 -999.250 -999.250 -999.250 -999.250 -999.250 -999.250 -999.250 -999.250 -999.250 -999.250 -999.250 -999.250 -999.250 -999.250 -999.250 -999.250 -999.250 -999.250 -999.250 276.360 305.784 331.876 326.892 335.376 367.410 368.962 354.282 361.338 344.376 327.413 306.687 306.359 304.316 294.098 296.787 273.672 274.211 268.229 263.901 256.082 255.225 220.996 196.787 180.596 151.584 179.569 216.015 246.459 256.338 282.043 292.106 280.522 263.541 251.160 268.626 256.359 239.547 243.164 240.104 213.877
-999.250 -999.250 -999.250 -999.250 -999.250 -999.250 -999.250 -999.250 -999.250 -999.250 -999.250 -999.250 -999.250 -999.250 -999.250 -999.250 -999.250 -999.250 -999.250 -999.250 -999.250 -999.250 263.304 288.448 313.218 332.428 348.783 356.418 361.507 379.337 371.677 370.528 334.251 348.136 315.228 326.675 298.220 272.015 277.518 272.506 274.778 276.463 246.253 236.019 213.160 201.345 189.283 165.514 143.049 162.940 177.951 203.276 225.898 240.231 245.170 244.465 240.334 209.202 241.628 239.997 239.815 229.373 229.365 198.947
-999.250 -999.250 -999.250 -999.250 -999.250 -999.250 -999.250 -999.250 -999.250 -999.250 -999.250 -999.250 -999.250 -999.250 -999.250 -999.250 -999.250 -999.250 -999.250 -999.250 -999.250 -999.250 257.542 273.803 296.861 329.635 334.285 348.404 362.364 372.627 379.348 366.429 366.600 343.890 331.930 308.375 309.236 266.480 265.956 275.309 280.931 257.083 250.460 229.724 217.429 200.397 173.337 151.884 144.777 143.336 150.250 169.068 178.620 199.831 199.219 227.075 184.784 203.437 213.063 223.899 207.325 204.762 200.515 178.872
-999.250 -999.250 -999.250 -999.250 -999.250 -999.250 -999.250 -999.250 -999.250 -999.250 -999.250 -999.250 -999.250 -999.250 -999.250 -999.250 -999.250 -999.250 -999.250 -999.250 -999.250 240.096 253.870 264.438 283.058 310.219 330.176 366.893 382.374 390.253 386.375 373.092 359.540 349.254 332.787 317.056 297.763 292.753 278.520 270.633 272.602 250.616 249.945 227.359 221.043 190.659 159.689 156.514 141.078 128.997 124.374 136.264 138.519 152.821 169.386 183.787 189.847 197.308 195.072 196.843 190.739 189.921 179.331 164.910
-999.250 -999.250 -999.250 -999.250 -999.250 -999.250 -999.250 -999.250 -999.250 -999.250 -999.250 -999.250 -999.250 -999.250 -999.250 -999.250 -999.250 -999.250 -999.250 -999.250 -999.250 236.841 245.365 271.186 274.583 294.487 327.015 341.829 350.016 378.664 371.706 372.031 364.889 354.125 345.576 320.378 282.629 264.018 257.026 274.745 258.268 255.683 248.651 217.905 218.590 189.933 176.764 148.264 139.101 133.578 122.280 114.954 113.322 129.059 144.381 148.363 170.507 172.416 177.591 183.009 176.402 162.392 151.311 147.603
-999.250 -999.250 -999.250 -999.250 -999.250 -999.250 -999.250 -999.250 -999.250 -999.250 -999.250 -999.250 -999.250 -999.250 -999.250 -999.250 -999.250 -999.250 -999.250 -999.250 -999.250 201.229 230.638 268.012 270.448 288.512 308.320 328.732 345.902 327.689 356.727 363.154 347.075 359.112 325.409 311.408 298.535 281.259 277.201 260.076 261.005 267.063 243.167 217.395 217.578 190.095 175.234 157.518 141.690 122.198 108.175 101.503 97.826 104.319 112.194 131.810 139.595 151.593 150.493 151.522 142.344 142.855 129.933 129.416
-999.250 -999.250 -999.250 -999.250 -999.250 -999.250 -999.250 -999.250 -999.250 -999.250 -999.250 -999.250 -999.250 -999.250 -999.250 -999.250 -999.250 -999.250 -999.250 -999.250 177.763 192.722 206.451 242.437 270.344 288.768 287.571 308.962 330.691 341.451 347.356 348.861 332.235 325.369 333.837 319.370 295.779 287.045 282.370 273.317 264.700 263.280 249.631 236.475 204.477 194.945 165.281 150.629 134.129 114.477 106.338 82.286 62.822 84.391 105.247 119.502 123.469 129.078 130.391 124.686 141.166 130.999 124.919 126.468
-999.250 -999.250 -999.250 -999.250 -999.250 -999.250 -999.250 -999.250 -999.250 -999.250 -999.250 -999.250 -999.250 -999.250 -999.250 -999.250 -999.250 -999.250 -999.250 -999.250 166.358 169.507 198.748 229.045 269.390 280.016 285.123 301.751 308.950 330.716 339.662 339.436 328.643 321.927 323.669 304.678 314.943 296.313 287.545 267.439 261.413 260.299 252.687 245.533 230.113 191.834 162.175 160.244 139.342 122.621 109.498 94.417 83.467 83.919 93.546 110.474 112.373 117.117 115.635 116.023 121.010 122.234 120.206 116.122
-999.250 -999.250 -999.250 -999.250 -999.250 -999.250 -999.250 -999.250 -999.250 -999.250 -999.250 -999.250 -999.250 -999.250 -999.250 -999.250 -999.250 -999.250 -999.250 -999.250 164.156 166.276 194.052 222.790 251.213 268.460 277.325 291.175 319.392 331.874 328.447 321.640 323.293 320.714 317.535 323.768 314.775 292.604 281.219 275.299 252.448 268.141 271.502 253.136 249.376 220.568 189.495 171.940 164.068 151.387 121.514 104.353 103.802 98.533 100.218 101.313 102.013 106.186 106.549 103.372 103.953 111.950 112.189 115.998
-999.250 -999.250 -999.250 -999.250 -999.250 -999.250 -999.250 -999.250 -999.250 -999.250 -999.250 -999.250 -999.250 -999.250 -999.250 -999.250 -999.250 -999.250 -999.250 -999.250 156.345 163.969 181.237 207.059 233.393 257.603 266.670 279.689 311.915 305.463 319.489 326.176 325.340 334.716 320.086 304.193 316.399 283.617 276.653 273.784 245.209 261.141 253.059 271.621 255.415 225.009 219.083 204.225 170.130 153.426 134.876 128.511 121.869 112.501 105.485 101.823 99.623 101.534 102.083 90.280 100.218 104.855 102.694 118.826
-999.250 -999.250 -999.250 -999.250 -999.250 -999.250 -999.250 -999.250 -999.250 -999.250 -999.250 -999.250 -999.250 -999.250 -999.250 -999.250 -999.250 -999.250 -999.250 139.963 146.753 157.866 177.239 199.458 228.406 234.229 275.778 267.023 289.379 324.549 328.886 336.970 356.101 348.552 317.172 327.787 315.587 315.356 302.152 275.110 271.793 269.155 267.954 282.677 272.964 264.030 259.430 212.078 200.199 182.845 167.760 151.494 137.324 117.751 115.178 107.958 102.102 106.589 99.879 98.103 96.809 106.656 104.614 118.340
-999.250 -999.250 -999.250 -999.250 -999.250 -999.250 -999.250 -999.250 -999.250 -999.250 -999.250 -999.250 -999.250 -999.250 -999.250 -999.250 -999.250 -999.250 -999.250 136.787 136.748 156.295 173.438 195.655 228.866 247.400 278.945 283.557 312.038 338.542 357.917 357.556 366.296 356.708 347.989 343.714 313.243 307.452 288.101 281.888 270.754 266.221 273.248 279.384 295.915 274.840 262.754 236.524 210.669 204.673 183.595 173.862 163.019 135.696 119.024 116.975 115.384 104.122 98.878 101.173 107.362 111.864 127.245 141.491
-999.250 -999.250 -999.250 -999.250 -999.250 -999.250 -999.250 -999.250 -999.250 -999.250 -999.250 -999.250 -999.250 -999.250 -999.250 -999.250 -999.250 -999.250 -999.250 120.395 127.074 150.941 174.411 200.738 221.117 249.846 265.157 287.145 302.983 339.237 352.309 369.770 353.185 339.399 328.035 323.894 319.869 317.173 315.518 292.979 289.933 283.659 287.395 306.654 307.846 297.382 275.309 258.629 249.052 233.540 208.496 196.423 182.320 147.048 133.007 123.321 120.899 115.089 112.871 110.144 117.478 124.900 134.261 166.758
-999.250 -999.250 -999.250 -999.250 -999.250 -999.250 -999.250 -999.250 -999.250 -999.250 -999.250 -999.250 -999.250 -999.250 -999.250 -999.250 -999.250 -999.250 -999.250 123.903 127.733 146.225 167.230 184.878 227.728 248.464 272.740 287.795 307.606 323.810 366.162 356.772 339.373 343.356 329.490 307.633 318.395 308.549 314.516 309.359 293.045 278.452 301.028 308.909 309.197 295.174 285.099 279.805 274.845 252.808 226.412 198.644 170.939 157.315 149.327 136.338 123.451 121.790 115.151 118.350 123.277 134.033 151.973 181.820
-999.250 -999.250 -999.250 -999.250 -999.250 -999.250 -999.250 -999.250 -999.250 -999.250 -999.250 -999.250 -999.250 -999.250 -999.250 -999.250 -999.250 -999.250 -999.250 125.892 130.536 139.188 147.732 176.902 206.858 243.385 271.022 295.751 314.718 351.975 357.273 355.380 334.364 331.562 328.425 307.552 307.615 317.792 339.375 321.867 296.133 292.711 310.447 305.755 316.372 304.238 286.166 276.196 270.165 271.219 235.576 200.182 168.880 163.647 159.280 142.731 132.064 129.044 121.817 124.123 131.900 157.550 176.763 202.405
-999.250 -999.250 -999.250 -999.250 -999.250 -999.250 -999.250 -999.250 -999.250 -999.250 -999.250 -999.250 -999.250 -999.250 -999.250 -999.250 -999.250 -999.250 126.533 134.307 134.532 136.773 154.116 158.715 210.484 254.629 284.318 308.713 332.728 354.260 365.621 347.355 363.028 343.074 351.361 319.931 316.143 312.454 317.471 314.247 328.082 305.078 323.599 308.799 285.509 291.208 275.143 278.086 258.536 248.233 233.103 195.742 169.371 158.081 161.137 153.295 148.769 143.107 131.083 125.356 143.680 177.230 212.318 256.800
-999.250 -999.250 -999.250 -999.250 -999.250 -999.250 -999.250 -999.250 -999.250 -999.250 -999.250 -999.250 -999.250 -999.250 -999.250 -999.250 -999.250 150.298 147.057 137.580 142.699 164.291 163.678 192.994 225.245 262.908 285.819 314.423 371.846 377.827 365.139 369.455 367.622 361.381 353.765 308.317 294.487 321.695 323.951 329.240 322.677 326.267 315.762 287.701 287.702 278.788 270.161 263.420 234.498 227.413 227.114 184.072 165.564 152.899 157.303 143.129 151.176 143.444 147.337 133.654 173.263 209.602 255.567 310.843
