data/medianmodel_21-Feb-2021.asc
ncols	141
nrows	288
xllcorner	-120191.398
yllcorner	-301404.813
cellsize	2000.000
NODATA_value	-999.250
[rows 0 to 28 of 288, columns 65 to 129 of 141]
-999.250 -999.250 -999.250 -999.250 -999.250 -999.250 -999.250 -999.250 -999.250 -999.250 -999.250 -999.250 -999.250 -999.250 -999.250 -999.250 -999.250 -999.250 -999.250 -999.250 -999.250 -999.250 -999.250 -999.250 -999.250 -999.250 -999.250 -999.250 -999.250 -999.250 -999.250 -999.250 -999.250 -999.250 -999.250 -999.250 -999.250 -999.250 -999.250 -999.250 -999.250 -999.250 -999.250 -999.250 -999.250 -999.250 -999.250 -999.250 -999.250 -999.250 -999.250 -999.250 -999.250 -999.250 -999.250 -999.250 -999.250 -999.250 -999.250 -999.250 -999.250 -999.250 -999.250 -999.250 -999.250
-999.250 -999.250 -999.250 -999.250 -999.250 -999.250 -999.250 -999.250 -999.250 -999.250 -999.250 -999.250 -999.250 -999.250 -999.250 -999.250 -999.250 -999.250 -999.250 -999.250 -999.250 -999.250 -999.250 -999.250 -999.250 -999.250 -999.250 -999.250 -999.250 -999.250 -999.250 -999.250 -999.250 -999.250 -999.250 -999.250 -999.250 -999.250 -999.250 -999.250 -999.250 -999.250 -999.250 -999.250 -999.250 -999.250 -999.250 -999.250 -999.250 -999.250 -999.250 -999.250 -999.250 -999.250 -999.250 -999.250 -999.250 -999.250 -999.250 -999.250 -999.250 -999.250 -999.250 -999.250 -999.250
-999.250 -999.250 -999.250 -999.250 -999.250 -999.250 -999.250 -999.250 -999.250 -999.250 -999.250 -999.250 -999.250 -999.250 -999.250 -999.250 -999.250 -999.250 -999.250 -999.250 -999.250 -999.250 -999.250 -999.250 -999.250 -999.250 -999.250 -999.250 -999.250 -999.250 -999.250 -999.250 -999.250 -999.250 -999.250 -999.250 -999.250 -999.250 -999.250 -999.250 -999.250 -999.250 -999.250 -999.250 -999.250 -999.250 -999.250 -999.250 -999.250 -999.250 -999.250 -999.250 -999.250 -999.250 -999.250 -999.250 -999.250 -999.250 -999.250 -999.250 -999.250 -999.250 -999.250 -999.250 -999.250
-999.250 -999.250 -999.250 -999.250 -999.250 -999.250 -999.250 -999.250 -999.250 -999.250 -999.250 -999.250 -999.250 -999.250 -999.250 -999.250 -999.250 -999.250 -999.250 -999.250 -999.250 -999.250 -999.250 -999.250 -999.250 -999.250 -999.250 -999.250 -999.250 -999.250 -999.250 -999.250 -999.250 -999.250 -999.250 -999.250 -999.250 -999.250 -999.250 -999.250 -999.250 -999.250 -999.250 -999.250 -999.250 -999.250 -999.250 -999.250 -999.250 -999.250 -999.250 -999.250 -999.250 -999.250 -999.250 -999.250 -999.250 -999.250 -999.250 -999.250 -999.250 -999.250 -999.250 -999.250 -999.250
-999.250 -999.250 -999.250 -999.250 -999.250 -999.250 -999.250 -999.250 -999.250 -999.250 -999.250 -999.250 -999.250 -999.250 -999.250 -999.250 -999.250 -999.250 -999.250 -999.250 -999.250 -999.250 -999.250 -999.250 -999.250 -999.250 -999.250 -999.250 -999.250 -999.250 -999.250 -999.250 -999.250 -999.250 -999.250 -999.250 -999.250 -999.250 -999.250 -999.250 -999.250 -999.250 -999.250 -999.250 -999.250 -999.250 -999.250 -999.250 -999.250 -999.250 -999.250 -999.250 -999.250 -999.250 -999.250 -999.250 -999.250 -999.250 -999.250 -999.250 -999.250 -999.250 -999.250 -999.250 -999.250
-999.250 -999.250 -999.250 -999.250 -999.250 -999.250 -999.250 -999.250 -999.250 -999.250 -999.250 -999.250 -999.250 -999.250 -999.250 -999.250 -999.250 -999.250 -999.250 -999.250 -999.250 -999.250 -999.250 -999.250 -999.250 -999.250 -999.250 -999.250 -999.250 -999.250 -999.250 -999.250 -999.250 -999.250 -999.250 -999.250 -999.250 -999.250 -999.250 -999.250 -999.250 -999.250 -999.250 -999.250 -999.250 -999.250 -999.250 -999.250 -999.250 -999.250 -999.250 -999.250 -999.250 -999.250 -999.250 -999.250 -999.250 -999.250 -999.250 -999.250 -999.250 -999.250 -999.250 -999.250 -999.250
-999.250 -999.250 -999.250 -999.250 -999.250 -999.250 -999.250 -999.250 -999.250 -999.250 -999.250 -999.250 -999.250 -999.250 -999.250 -999.250 -999.250 -999.250 -999.250 -999.250 -999.250 -999.250 -999.250 -999.250 -999.250 -999.250 -999.250 -999.250 -999.250 -999.250 -999.250 -999.250 -999.250 -999.250 -999.250 -999.250 -999.250 -999.250 -999.250 -999.250 -999.250 -999.250 -999.250 -999.250 -999.250 -999.250 -999.250 -999.250 -999.250 -999.250 -999.250 -999.250 -999.250 -999.250 -999.250 -999.250 -999.250 -999.250 -999.250 -999.250 -999.250 -999.250 -999.250 -999.250 -999.250
-999.250 -999.250 -999.250 -999.250 -999.250 -999.250 -999.250 -999.250 -999.250 -999.250 -999.250 -999.250 -999.250 -999.250 -999.250 -999.250 -999.250 -999.250 -999.250 -999.250 -999.250 -999.250 -999.250 -999.250 -999.250 -999.250 -999.250 -999.250 -999.250 -999.250 -999.250 -999.250 -999.250 -999.250 -999.250 -999.250 -999.250 -999.250 -999.250 -999.250 -999.250 -999.250 -999.250 -999.250 -999.250 -999.250 -999.250 -999.250 -999.250 -999.250 -999.250 -999.250 -999.250 -999.250 -999.250 -999.250 -999.250 -999.250 -999.250 -999.250 -999.250 -999.250 -999.250 -999.250 -999.250
-999.250 -999.250 -999.250 -999.250 -999.250 -999.250 -999.250 -999.250 -999.250 -999.250 -999.250 -999.250 -999.250 -999.250 -999.250 -999.250 -999.250 -999.250 -999.250 -999.250 -999.250 -999.250 -999.250 -999.250 -999.250 -999.250 -999.250 -999.250 -999.250 -999.250 -999.250 -999.250 -999.250 -999.250 -999.250 -999.250 -999.250 -999.250 -999.250 -999.250 -999.250 -999.250 -999.250 -999.250 -999.250 -999.250 -999.250 -999.250 -999.250 161.075 -999.250 -999.250 -999.250 -999.250 -999.250 -999.250 -999.250 -999.250 -999.250 -999.250 -999.250 -999.250 -999.250 -999.250 -999.250
-999.250 -999.250 -999.250 -999.250 -999.250 -999.250 -999.250 -999.250 -999.250 -999.250 -999.250 -999.250 -999.250 -999.250 -999.250 -999.250 -999.250 -999.250 -999.250 -999.250 -999.250 -999.250 -999.250 -999.250 -999.250 -999.250 -999.250 -999.250 -999.250 -999.250 -999.250 -999.250 -999.250 -999.250 32.146 33.953 38.372 49.717 -999.250 -999.250 -999.250 -999.250 111.502 -999.250 -999.250 -999.250 -999.250 -999.250 -999.250 168.724 184.570 -999.250 -999.250 -999.250 -999.250 -999.250 -999.250 -999.250 -999.250 -999.250 -999.250 -999.250 -999.250 -999.250 -999.250
-999.250 -999.250 -999.250 -999.250 -999.250 -999.250 -999.250 -999.250 -999.250 -999.250 -999.250 -999.250 -999.250 -999.250 -999.250 -999.250 -999.250 -999.250 -999.250 -999.250 -999.250 -999.250 -999.250 -999.250 -999.250 -999.250 -999.250 -999.250 -999.250 -999.250 -999.250 -999.250 -999.250 -999.250 24.517 30.389 36.024 38.879 -999.250 -999.250 -999.250 89.572 98.771 121.728 -999.250 -999.250 -999.250 -999.250 -999.250 181.525 180.978 190.964 -999.250 -999.250 -999.250 -999.250 -999.250 -999.250 219.539 208.230 -999.250 -999.250 -999.250 -999.250 -999.250
-999.250 -999.250 -999.250 -999.250 -999.250 -999.250 -999.250 -999.250 -999.250 -999.250 -999.250 -999.250 -999.250 -999.250 -999.250 -999.250 -999.250 -999.250 -999.250 -999.250 -999.250 -999.250 -999.250 -999.250 -999.250 -999.250 -999.250 -999.250 -999.250 -999.250 -999.250 -999.250 -999.250 -999.250 24.163 29.023 32.932 39.226 46.230 59.200 74.376 85.853 103.577 120.636 134.281 156.089 155.485 157.382 172.485 181.684 190.183 192.280 202.268 194.583 213.481 224.792 222.608 211.885 212.557 205.238 -999.250 -999.250 -999.250 -999.250 -999.250
-999.250 -999.250 -999.250 -999.250 143.703 -999.250 -999.250 -999.250 -999.250 -999.250 -999.250 -999.250 -999.250 -999.250 -999.250 -999.250 -999.250 -999.250 -999.250 -999.250 -999.250 -999.250 -999.250 -999.250 -999.250 -999.250 -999.250 -999.250 -999.250 -999.250 -999.250 -999.250 -999.250 -999.250 25.827 27.583 30.925 35.931 44.108 45.374 63.160 81.310 100.745 116.492 127.816 148.635 154.573 160.056 177.767 196.248 196.177 202.227 213.833 210.608 214.106 208.348 212.261 217.246 207.423 210.196 -999.250 -999.250 -999.250 -999.250 -999.250
-999.250 -999.250 -999.250 -999.250 131.367 -999.250 -999.250 -999.250 -999.250 -999.250 -999.250 -999.250 198.841 -999.250 -999.250 -999.250 -999.250 -999.250 -999.250 -999.250 -999.250 -999.250 -999.250 -999.250 -999.250 -999.250 -999.250 -999.250 -999.250 -999.250 -999.250 -999.250 -999.250 -999.250 25.285 22.359 32.644 32.404 36.207 42.734 59.816 76.602 98.067 115.523 131.677 146.698 152.521 161.576 176.264 185.737 194.594 203.401 220.606 216.551 204.544 215.225 225.256 219.756 228.309 212.189 -999.250 -999.250 -999.250 -999.250 -999.250
-999.250 -999.250 -999.250 -999.250 136.282 -999.250 -999.250 -999.250 -999.250 168.239 187.956 208.025 217.556 226.154 -999.250 -999.250 -999.250 -999.250 -999.250 -999.250 -999.250 -999.250 -999.250 -999.250 -999.250 -999.250 -999.250 -999.250 -999.250 -999.250 -999.250 -999.250 -999.250 -999.250 21.828 25.568 27.791 31.788 37.544 42.414 59.685 74.888 90.342 106.163 126.554 145.235 154.153 177.314 179.862 194.900 200.948 211.373 233.229 231.196 239.144 234.354 232.114 233.098 223.868 230.367 227.947 -999.250 -999.250 -999.250 -999.250
-999.250 131.961 132.359 131.366 124.879 -999.250 -999.250 151.339 172.942 188.118 191.263 216.930 236.944 248.429 265.143 262.399 251.833 -999.250 -999.250 -999.250 -999.250 -999.250 -999.250 -999.250 -999.250 -999.250 -999.250 -999.250 -999.250 -999.250 -999.250 21.351 15.589 20.857 21.184 24.835 32.445 31.277 34.937 42.682 58.084 67.299 85.504 105.003 125.985 137.722 154.419 180.412 185.805 192.242 202.191 209.366 224.211 237.377 238.652 235.894 225.285 225.917 221.109 215.280 223.240 -999.250 -999.250 -999.250 -999.250
140.543 127.651 129.003 123.448 127.973 -999.250 140.917 155.129 179.527 199.006 211.990 258.076 268.348 282.234 301.634 301.468 -999.250 -999.250 -999.250 -999.250 -999.250 175.041 150.794 -999.250 -999.250 -999.250 78.550 -999.250 -999.250 34.891 29.587 18.588 22.006 23.510 26.232 27.026 32.234 31.929 38.171 42.206 56.806 66.454 84.498 103.761 126.091 141.621 149.345 172.154 188.433 192.735 199.613 222.380 228.581 235.957 234.305 233.997 235.877 233.182 228.710 221.970 229.536 -999.250 -999.250 -999.250 -999.250
138.528 132.323 119.160 119.473 120.404 125.010 142.564 173.340 188.602 209.987 248.659 281.337 312.567 319.605 346.354 335.996 -999.250 -999.250 283.021 256.336 232.401 188.416 151.793 136.870 -999.250 97.331 73.179 68.291 45.144 37.404 34.898 29.938 21.662 23.783 23.706 26.764 30.924 37.416 40.643 49.415 55.416 64.549 86.261 104.926 126.237 141.902 150.769 166.135 186.719 196.106 211.344 223.693 232.095 238.248 233.429 234.173 241.202 231.353 230.127 224.672 225.261 -999.250 -999.250 -999.250 -999.250
140.109 123.512 116.556 109.148 107.598 117.627 136.464 152.562 196.286 229.637 280.199 341.733 336.524 369.533 373.635 373.728 378.067 366.329 324.104 277.549 240.811 202.575 167.108 134.686 108.221 99.907 79.122 62.518 45.114 37.136 34.420 33.765 29.864 32.113 27.125 31.335 35.490 37.601 43.454 52.880 59.950 71.277 89.699 104.020 125.499 133.757 153.215 172.447 186.040 197.325 211.454 226.121 225.420 231.910 233.346 228.879 228.368 238.630 227.943 236.352 229.825 -999.250 -999.250 -999.250 -999.250
143.827 125.490 113.759 111.354 102.356 106.497 120.324 142.963 213.147 267.173 328.272 365.978 393.323 403.106 408.443 421.797 415.751 396.387 347.736 291.883 255.468 225.926 183.302 137.978 115.175 105.769 86.239 64.403 50.051 42.984 40.370 34.535 28.982 28.889 25.826 30.967 35.069 40.508 45.730 54.678 66.397 80.330 91.324 108.072 129.902 141.762 151.994 178.318 190.195 190.295 209.001 212.907 215.032 214.918 221.737 232.429 220.594 240.169 239.127 225.601 223.830 -999.250 -999.250 -999.250 -999.250
146.154 131.918 120.956 104.127 97.821 88.933 96.883 150.213 235.807 310.075 353.227 383.694 406.596 467.836 477.210 487.967 472.851 462.703 396.081 327.235 296.037 234.277 187.888 143.201 127.926 116.302 83.969 69.979 56.862 42.764 39.138 34.177 35.043 31.659 26.873 34.987 38.047 38.716 48.708 59.663 69.021 77.769 106.105 116.486 128.441 133.831 160.204 172.429 185.066 191.944 200.609 201.062 213.228 210.003 218.807 225.161 230.240 235.947 228.905 230.097 -999.250 -999.250 -999.250 -999.250 -999.250
146.140 137.320 129.484 121.611 117.824 98.701 77.804 177.654 266.689 336.385 397.906 440.595 460.611 494.225 522.233 517.250 521.326 500.170 441.759 372.969 326.794 248.954 175.381 148.928 140.119 124.033 103.248 82.335 66.584 55.647 46.039 40.585 38.711 35.112 33.995 38.451 41.630 43.903 53.990 68.063 77.920 93.429 102.802 116.382 129.148 145.018 153.725 156.902 169.122 188.242 194.168 196.355 207.976 207.320 231.370 223.934 227.882 218.630 232.707 230.373 -999.250 -999.250 -999.250 -999.250 -999.250
164.245 147.685 144.919 148.911 142.366 142.121 158.243 213.117 283.471 363.213 426.714 485.431 499.097 553.502 660.087 633.155 591.424 518.167 472.981 421.951 359.808 271.044 207.402 182.062 148.507 131.414 117.139 92.757 72.753 71.186 55.652 50.396 43.051 46.102 41.603 42.142 54.812 60.107 68.396 85.546 90.381 100.256 108.207 130.456 141.405 147.995 152.139 167.116 174.718 181.406 186.543 191.993 209.376 213.866 226.929 227.552 217.559 227.834 227.261 229.282 -999.250 -999.250 -999.250 -999.250 -999.250
165.144 161.660 170.289 181.956 192.632 211.462 242.847 274.143 343.213 406.488 470.213 517.079 635.566 728.697 769.667 756.174 692.025 612.241 527.361 449.362 376.988 298.640 242.920 202.058 175.897 145.906 127.652 108.249 94.185 83.537 68.461 64.067 62.813 58.710 63.756 65.030 64.612 73.098 76.909 93.417 96.007 108.655 123.521 134.495 143.006 148.297 155.487 159.880 172.591 178.044 184.532 193.059 205.614 206.975 211.214 224.773 231.205 227.897 226.673 227.561 -999.250 -999.250 -999.250 -999.250 -999.250
178.517 181.959 200.000 218.614 242.648 259.763 318.766 351.057 387.982 454.996 532.175 577.343 675.644 776.828 1020.408 806.104 740.685 575.037 493.572 441.581 392.857 321.431 273.858 225.777 196.043 164.871 138.057 116.684 104.155 84.529 76.096 68.643 68.748 76.835 78.000 88.327 85.083 90.321 95.734 106.969 115.247 126.305 124.938 143.765 150.587 147.727 165.811 166.043 168.809 180.490 189.109 195.625 198.560 203.959 213.789 220.167 231.228 221.932 230.504 239.940 -999.250 -999.250 -999.250 -999.250 -999.250
195.763 198.281 214.874 238.242 268.322 316.568 352.769 389.117 437.112 468.435 560.104 601.954 672.847 795.948 831.477 844.510 694.044 583.187 512.892 455.541 420.703 355.070 297.044 245.214 207.206 179.102 145.664 125.978 103.035 90.503 80.476 83.052 85.731 90.285 90.717 95.458 100.261 109.857 115.452 124.370 128.562 134.639 132.946 146.569 147.783 152.826 150.917 176.880 173.101 181.385 191.191 196.957 192.559 196.348 211.784 223.923 219.310 233.019 240.868 232.457 241.527 -999.250 -999.250 -999.250 -999.250
204.244 211.945 223.683 240.561 301.597 347.960 376.436 413.433 435.517 527.591 536.194 571.554 638.139 741.346 723.432 700.625 548.399 569.267 521.613 448.397 402.785 356.787 306.483 252.858 207.592 189.295 158.033 128.032 107.628 99.623 92.971 90.247 102.860 97.337 101.227 110.762 117.412 126.635 125.729 133.320 133.109 130.603 139.135 136.196 150.516 150.425 157.205 171.730 184.088 183.679 186.606 187.830 194.313 195.323 206.892 206.887 220.023 226.288 227.205 239.101 228.844 236.220 -999.250 228.660 216.390
203.689 219.920 233.603 257.017 284.313 345.773 371.284 422.794 461.831 506.590 498.950 529.807 574.684 682.611 641.013 640.604 563.645 544.355 520.314 449.537 393.700 366.948 320.088 264.968 220.352 188.850 148.881 134.540 110.328 91.730 96.500 100.741 103.329 117.943 123.926 130.731 138.157 134.126 128.587 139.366 141.335 137.858 136.625 146.501 150.180 152.958 160.305 176.660 179.272 177.400 189.275 187.994 197.213 199.293 209.002 203.813 211.653 211.848 223.671 235.993 233.931 230.200 222.790 232.948 214.355
195.642 215.386 236.027 250.989 291.377 312.134 353.021 402.663 402.692 477.811 503.255 514.790 531.395 563.068 565.349 570.869 559.686 590.126 508.701 475.449 419.222 362.759 327.837 271.414 233.230 194.329 159.916 134.597 110.951 96.076 97.933 116.642 126.068 136.277 143.816 149.468 148.532 142.955 142.971 143.075 143.536 151.812 144.774 154.212 154.070 143.556 157.377 172.841 159.255 177.637 187.825 192.274 181.614 194.544 203.419 200.386 201.241 209.456 212.783 225.168 230.191 237.692 222.623 229.413 209.049
