data/medianmodel_01-Sep-2020.asc
ncols	141
nrows	288
xllcorner	-120191.398
yllcorner	-301404.813
cellsize	2000.000
NODATA_value	-999.250
[rows 93 to 123 of 288, columns 0 to 68 of 141]
-999.250 -999.250 -999.250 -999.250 -999.250 -999.250 -999.250 -999.250 -999.250 -999.250 -999.250 -999.250 -999.250 -999.250 -999.250 -999.250 -999.250 -999.250 -999.250 -999.250 -999.250 -999.250 -999.250 -999.250 -999.250 -999.250 -999.250 -999.250 -999.250 -999.250 -999.250 0.000 0.000 0.000 0.000 0.000 0.000 0.000 0.000 0.000 0.000 0.255 1.686 4.811 5.872 8.097 11.006 7.132 5.465 4.918 3.696 3.574 4.504 3.784 5.463 5.876 8.386 11.438 14.590 15.017 13.932 10.883 6.760 3.553 1.589 0.000 0.000 0.063 3.163
-999.250 -999.250 -999.250 -999.250 -999.250 -999.250 -999.250 -999.250 -999.250 -999.250 -999.250 -999.250 -999.250 -999.250 -999.250 -999.250 -999.250 -999.250 -999.250 -999.250 -999.250 -999.250 -999.250 -999.250 -999.250 -999.250 -999.250 -999.250 -999.250 -999.250 -999.250 0.000 0.000 0.000 0.000 0.000 0.000 0.000 0.000 0.000 0.000 0.000 0.589 2.823 4.297 6.494 7.354 6.569 5.003 2.687 3.611 4.636 4.822 4.484 5.073 7.770 11.097 16.053 18.693 20.386 19.394 13.860 9.428 5.533 2.114 0.000 0.000 0.000 0.000
-999.250 -999.250 -999.250 -999.250 -999.250 -999.250 -999.250 -999.250 -999.250 -999.250 -999.250 -999.250 -999.250 -999.250 -999.250 -999.250 -999.250 -999.250 -999.250 -999.250 -999.250 -999.250 -999.250 -999.250 -999.250 -999.250 -999.250 -999.250 -999.250 -999.250 -999.250 0.000 0.000 0.000 0.000 0.000 0.000 0.000 0.000 0.983 1.307 3.389 0.912 3.546 2.311 4.025 2.894 3.945 1.778 1.662 2.797 3.197 3.848 3.789 4.644 6.281 9.224 13.523 23.540 29.092 24.228 19.059 11.621 4.794 0.840 0.000 0.000 0.000 0.000
-999.250 -999.250 -999.250 -999.250 -999.250 -999.250 -999.250 -999.250 -999.250 -999.250 -999.250 -999.250 -999.250 -999.250 -999.250 -999.250 -999.250 -999.250 -999.250 -999.250 -999.250 -999.250 -999.250 -999.250 -999.250 -999.250 -999.250 -999.250 -999.250 -999.250 0.000 0.000 0.000 0.000 0.000 0.000 0.000 0.000 0.648 3.645 3.512 4.894 4.134 2.436 2.481 3.187 3.275 3.101 0.332 0.000 0.000 0.000 0.000 0.690 0.540 3.767 7.069 11.687 24.249 38.270 27.009 19.020 10.304 4.254 1.022 0.000 0.000 0.000 0.000
-999.250 -999.250 -999.250 -999.250 -999.250 -999.250 -999.250 -999.250 -999.250 -999.250 -999.250 -999.250 -999.250 -999.250 -999.250 -999.250 -999.250 -999.250 -999.250 -999.250 -999.250 -999.250 -999.250 -999.250 -999.250 -999.250 -999.250 -999.250 -999.250 -999.250 0.000 0.000 0.000 0.000 0.000 0.000 0.000 2.910 3.910 6.399 7.153 7.768 5.991 5.430 3.419 2.217 5.022 1.287 0.000 0.000 0.000 0.000 0.000 0.000 0.000 0.000 2.225 6.373 16.154 25.457 21.440 13.609 8.696 3.484 0.000 0.000 0.000 0.000 0.000
-999.250 -999.250 -999.250 -999.250 -999.250 -999.250 -999.250 -999.250 -999.250 -999.250 -999.250 -999.250 -999.250 -999.250 -999.250 -999.250 -999.250 -999.250 -999.250 -999.250 -999.250 -999.250 -999.250 -999.250 -999.250 -999.250 -999.250 -999.250 -999.250 -999.250 0.000 0.000 0.000 0.000 0.000 0.000 1.202 3.602 5.733 8.707 11.179 11.046 7.373 6.416 4.121 2.277 2.354 1.470 0.000 0.000 0.000 0.000 0.000 0.000 0.000 0.000 0.000 0.000 8.431 11.990 13.154 9.779 5.801 0.878 0.000 0.000 0.000 0.000 0.000
-999.250 -999.250 -999.250 -999.250 -999.250 -999.250 -999.250 -999.250 -999.250 -999.250 -999.250 -999.250 -999.250 -999.250 -999.250 -999.250 -999.250 -999.250 -999.250 -999.250 -999.250 -999.250 -999.250 -999.250 -999.250 -999.250 -999.250 -999.250 -999.250 -999.250 0.000 0.000 0.000 0.000 0.000 1.004 2.599 4.085 6.473 12.453 19.994 13.273 9.300 5.965 5.527 3.791 2.244 0.739 0.000 0.000 0.000 0.000 0.000 0.000 0.000 0.000 0.000 0.000 2.794 6.069 5.761 5.217 4.003 0.000 0.000 0.000 0.000 0.000 0.000
-999.250 -999.250 -999.250 -999.250 -999.250 -999.250 -999.250 -999.250 -999.250 -999.250 -999.250 -999.250 -999.250 -999.250 -999.250 -999.250 -999.250 -999.250 -999.250 -999.250 -999.250 -999.250 -999.250 -999.250 -999.250 -999.250 -999.250 -999.250 -999.250 0.000 0.000 0.000 0.000 0.000 0.032 0.846 3.398 4.858 6.157 9.434 12.364 11.500 9.056 7.211 5.721 4.972 2.149 1.854 0.629 0.000 0.000 0.000 0.000 0.000 0.000 0.000 0.000 0.000 0.000 2.727 2.936 1.596 0.000 0.000 0.000 0.000 0.000 0.000 0.000
-999.250 -999.250 -999.250 -999.250 -999.250 -999.250 -999.250 -999.250 -999.250 -999.250 -999.250 -999.250 -999.250 -999.250 -999.250 -999.250 -999.250 -999.250 -999.250 -999.250 -999.250 -999.250 -999.250 -999.250 -999.250 -999.250 -999.250 -999.250 -999.250 0.000 0.000 0.000 0.000 0.000 0.000 0.005 1.614 4.269 5.456 7.964 9.134 8.434 7.988 6.482 5.579 3.692 4.360 2.687 0.770 0.000 0.000 0.000 0.000 0.000 0.000 0.000 0.000 0.000 0.000 0.000 0.000 0.000 0.000 0.000 0.000 0.000 0.000 0.000 0.000
-999.250 -999.250 -999.250 -999.250 -999.250 -999.250 -999.250 -999.250 -999.250 -999.250 -999.250 -999.250 -999.250 -999.250 -999.250 -999.250 -999.250 -999.250 -999.250 -999.250 -999.250 -999.250 -999.250 -999.250 -999.250 -999.250 -999.250 -999.250 -999.250 0.000 0.000 0.000 0.000 0.000 0.000 0.242 0.434 3.784 5.162 6.226 5.822 6.347 6.676 7.139 7.358 6.313 5.541 4.885 2.615 0.000 0.000 0.000 0.000 0.000 0.000 0.000 0.000 0.000 0.000 0.000 0.000 0.108 0.000 0.000 0.000 0.000 0.000 0.000 0.000
-999.250 -999.250 -999.250 -999.250 -999.250 -999.250 -999.250 -999.250 -999.250 -999.250 -999.250 -999.250 -999.250 -999.250 -999.250 -999.250 -999.250 -999.250 -999.250 -999.250 -999.250 -999.250 -999.250 -999.250 -999.250 -999.250 -999.250 -999.250 -999.250 0.148 0.000 0.000 0.000 0.000 0.000 0.000 0.102 0.931 3.076 3.863 5.010 5.328 4.761 6.119 9.358 8.112 7.676 7.035 3.912 2.188 0.000 0.000 0.000 0.000 0.000 0.000 0.000 0.000 0.000 0.000 0.097 1.621 2.750 2.104 0.527 2.181 0.616 0.869 0.000
-999.250 -999.250 -999.250 -999.250 -999.250 -999.250 -999.250 -999.250 -999.250 -999.250 -999.250 -999.250 -999.250 -999.250 -999.250 -999.250 -999.250 -999.250 -999.250 -999.250 -999.250 -999.250 -999.250 -999.250 -999.250 -999.250 -999.250 -999.250 2.655 1.796 0.112 0.000 0.000 0.000 0.000 0.000 0.000 0.000 1.477 2.360 3.565 5.415 6.982 7.189 10.483 12.586 13.633 10.104 6.876 3.778 0.198 0.000 0.000 0.000 0.000 0.000 0.000 0.000 0.000 0.000 0.906 3.936 6.781 6.917 6.671 5.717 4.582 3.053 1.042
-999.250 -999.250 -999.250 -999.250 -999.250 -999.250 -999.250 -999.250 -999.250 -999.250 -999.250 -999.250 -999.250 -999.250 -999.250 -999.250 -999.250 -999.250 -999.250 -999.250 -999.250 -999.250 -999.250 -999.250 -999.250 -999.250 -999.250 -999.250 2.889 2.889 2.478 1.245 0.000 0.000 0.000 0.000 0.000 0.000 0.752 2.232 2.582 4.840 5.936 7.742 9.576 13.019 20.124 12.579 8.079 4.410 0.000 0.000 0.000 0.000 0.000 0.000 0.000 0.000 0.000 0.000 4.007 5.424 9.734 9.621 10.764 9.659 6.363 4.469 2.119
-999.250 -999.250 -999.250 -999.250 -999.250 -999.250 -999.250 -999.250 -999.250 -999.250 -999.250 -999.250 -999.250 -999.250 -999.250 -999.250 -999.250 -999.250 -999.250 -999.250 -999.250 -999.250 -999.250 -999.250 -999.250 -999.250 -999.250 4.179 5.721 5.168 2.355 3.148 2.434 0.180 0.000 0.000 0.000 0.000 3.965 1.807 2.308 3.077 5.057 6.824 8.968 11.522 12.693 11.121 8.421 3.871 0.000 0.000 0.000 0.000 0.000 0.000 0.000 0.000 0.000 1.607 4.820 9.433 14.452 17.761 16.213 12.748 8.741 5.466 3.685
-999.250 -999.250 -999.250 -999.250 -999.250 -999.250 -999.250 -999.250 -999.250 -999.250 -999.250 -999.250 -999.250 -999.250 -999.250 -999.250 -999.250 -999.250 -999.250 -999.250 -999.250 -999.250 -999.250 -999.250 -999.250 -999.250 -999.250 5.223 5.330 6.254 6.190 5.834 4.210 1.165 0.000 0.000 0.000 0.000 0.970 0.325 0.262 2.461 4.190 6.024 7.912 8.050 9.058 9.982 7.299 3.317 2.045 0.000 0.000 0.000 0.000 0.000 0.000 0.000 0.000 0.792 4.293 10.401 16.880 27.238 19.248 12.894 9.515 6.226 4.217
-999.250 -999.250 -999.250 -999.250 -999.250 -999.250 -999.250 -999.250 -999.250 -999.250 -999.250 -999.250 -999.250 -999.250 -999.250 -999.250 -999.250 -999.250 -999.250 -999.250 -999.250 -999.250 -999.250 -999.250 -999.250 -999.250 -999.250 5.296 7.470 9.174 10.782 7.303 4.725 2.906 0.267 0.000 0.000 0.000 0.000 0.000 0.130 3.644 4.455 4.205 5.011 8.010 7.930 7.466 5.890 3.475 0.787 0.000 0.000 0.000 0.000 0.000 0.000 0.000 0.000 0.000 4.703 8.543 13.322 17.049 16.327 11.772 7.346 5.060 2.611
-999.250 -999.250 -999.250 -999.250 -999.250 -999.250 -999.250 -999.250 -999.250 -999.250 -999.250 -999.250 -999.250 -999.250 -999.250 -999.250 -999.250 -999.250 -999.250 -999.250 -999.250 -999.250 -999.250 -999.250 -999.250 -999.250 -999.250 5.463 7.947 10.051 15.320 8.970 4.472 3.534 0.736 0.000 0.000 0.000 0.000 0.000 0.000 2.761 3.000 5.262 4.625 5.154 5.896 5.661 5.537 2.772 0.142 0.334 0.000 0.000 0.000 0.000 0.000 0.000 0.000 0.000 1.929 5.550 6.952 10.098 9.326 7.013 4.791 3.070 1.095
-999.250 -999.250 -999.250 -999.250 -999.250 -999.250 -999.250 -999.250 -999.250 -999.250 -999.250 -999.250 -999.250 -999.250 -999.250 -999.250 -999.250 -999.250 -999.250 -999.250 -999.250 -999.250 -999.250 -999.250 -999.250 -999.250 -999.250 -999.250 6.408 9.995 9.591 6.755 5.052 2.985 1.051 0.133 0.000 0.000 0.215 0.000 0.000 2.229 2.999 3.679 4.620 4.598 5.016 5.193 4.332 2.565 0.300 0.658 0.000 0.000 0.000 0.000 0.000 0.000 0.000 0.000 0.000 1.744 3.527 5.058 4.588 4.822 1.525 0.653 0.000
-999.250 -999.250 -999.250 -999.250 -999.250 -999.250 -999.250 -999.250 -999.250 -999.250 -999.250 -999.250 -999.250 -999.250 -999.250 -999.250 -999.250 -999.250 -999.250 -999.250 -999.250 -999.250 -999.250 -999.250 -999.250 -999.250 -999.250 -999.250 4.942 7.005 5.169 4.250 3.780 1.456 0.977 0.596 0.000 0.000 0.000 0.046 0.995 1.969 3.569 2.091 4.517 5.322 5.268 6.343 5.583 4.845 2.620 2.451 1.071 0.000 0.466 2.184 0.000 0.000 0.000 0.000 0.000 0.000 0.000 1.261 0.637 1.280 0.638 0.000 0.000
-999.250 -999.250 -999.250 -999.250 -999.250 -999.250 -999.250 -999.250 -999.250 -999.250 -999.250 -999.250 -999.250 -999.250 -999.250 -999.250 -999.250 -999.250 -999.250 -999.250 -999.250 -999.250 -999.250 -999.250 -999.250 -999.250 -999.250 -999.250 3.511 4.261 3.243 3.859 2.432 2.213 0.080 0.000 0.000 0.000 0.000 0.508 0.147 1.408 2.988 4.200 5.364 6.083 6.403 7.018 5.288 4.999 4.681 3.759 2.762 0.958 1.370 5.828 1.096 0.000 0.000 0.000 0.000 0.000 0.000 0.000 0.000 0.000 0.000 0.000 0.000
-999.250 -999.250 -999.250 -999.250 -999.250 -999.250 -999.250 -999.250 -999.250 -999.250 -999.250 -999.250 -999.250 -999.250 -999.250 -999.250 -999.250 -999.250 -999.250 -999.250 -999.250 -999.250 -999.250 -999.250 -999.250 -999.250 -999.250 -999.250 4.024 2.585 2.990 3.800 2.527 0.657 0.677 0.000 0.028 0.000 0.000 0.000 0.148 1.451 1.832 3.896 6.379 11.278 8.870 5.994 4.989 5.109 6.428 7.869 3.406 2.135 1.035 2.417 0.000 0.000 0.000 0.000 0.000 0.000 0.000 0.000 0.000 0.000 0.000 0.000 0.000
-999.250 -999.250 -999.250 -999.250 -999.250 -999.250 -999.250 -999.250 -999.250 -999.250 -999.250 -999.250 -999.250 -999.250 -999.250 -999.250 -999.250 -999.250 -999.250 -999.250 -999.250 -999.250 -999.250 -999.250 -999.250 -999.250 -999.250 -999.250 0.893 1.049 2.005 0.613 1.105 0.451 0.000 0.000 0.000 0.014 0.747 2.410 1.890 1.833 3.022 3.112 5.618 6.447 6.925 5.893 5.864 6.975 5.421 4.765 2.607 0.072 0.000 0.014 0.000 0.000 0.000 0.000 0.000 0.000 0.000 0.000 0.000 0.175 0.914 1.830 2.145
-999.250 -999.250 -999.250 -999.250 -999.250 -999.250 -999.250 -999.250 -999.250 -999.250 -999.250 -999.250 -999.250 -999.250 -999.250 -999.250 -999.250 -999.250 -999.250 -999.250 -999.250 -999.250 -999.250 -999.250 -999.250 -999.250 -999.250 0.000 0.000 0.487 2.582 0.000 0.244 0.000 0.000 0.000 0.000 0.000 2.031 5.841 2.590 0.187 0.943 2.509 3.462 6.494 5.757 5.815 7.004 9.889 6.661 3.403 2.790 0.000 0.000 0.000 0.000 0.000 0.000 0.000 0.000 0.000 0.000 0.000 0.075 0.540 3.726 4.565 5.924
-999.250 -999.250 -999.250 -999.250 -999.250 -999.250 -999.250 -999.250 -999.250 -999.250 -999.250 -999.250 -999.250 -999.250 -999.250 -999.250 -999.250 -999.250 -999.250 -999.250 -999.250 -999.250 -999.250 -999.250 -999.250 -999.250 -999.250 0.000 0.000 0.000 0.065 0.000 0.000 0.000 0.000 0.000 0.000 0.000 0.846 2.520 0.523 0.000 0.275 1.895 3.430 5.070 6.021 6.650 10.960 12.051 8.722 5.924 1.587 0.000 0.000 0.000 0.000 0.000 0.000 0.000 0.000 0.000 0.000 0.424 3.029 5.171 6.952 7.925 11.038
-999.250 -999.250 -999.250 -999.250 -999.250 -999.250 -999.250 -999.250 -999.250 -999.250 -999.250 -999.250 -999.250 -999.250 -999.250 -999.250 -999.250 -999.250 -999.250 -999.250 -999.250 -999.250 -999.250 -999.250 -999.250 -999.250 -999.250 0.000 0.000 0.000 0.000 0.000 0.000 0.000 0.000 0.000 0.000 0.000 0.000 0.000 0.546 0.000 0.000 0.663 1.225 4.095 6.494 8.041 11.781 18.529 10.326 5.351 2.736 0.000 0.000 0.000 0.000 0.000 0.000 0.000 0.000 0.000 0.417 3.544 4.892 7.388 11.658 14.370 17.503
-999.250 -999.250 -999.250 -999.250 -999.250 -999.250 -999.250 -999.250 -999.250 -999.250 -999.250 -999.250 -999.250 -999.250 -999.250 -999.250 -999.250 -999.250 -999.250 -999.250 -999.250 -999.250 -999.250 -999.250 -999.250 -999.250 0.000 0.000 0.000 0.000 0.000 0.000 0.000 0.000 0.000 0.000 0.000 0.000 0.000 0.000 0.000 0.000 0.000 0.366 2.117 1.890 4.785 5.799 7.536 10.243 7.597 4.623 1.332 0.000 0.000 0.000 0.000 0.000 0.000 0.000 0.000 0.000 1.236 4.634 8.141 11.637 16.016 21.393 24.928
-999.250 -999.250 -999.250 -999.250 -999.250 -999.250 -999.250 -999.250 -999.250 -999.250 -999.250 -999.250 -999.250 -999.250 -999.250 -999.250 -999.250 -999.250 -999.250 -999.250 -999.250 -999.250 -999.250 -999.250 -999.250 -999.250 0.000 0.000 0.000 0.000 0.000 0.000 0.000 0.000 0.000 0.000 0.000 0.000 0.000 0.000 0.000 0.000 0.000 0.000 0.000 0.000 2.911 3.572 4.328 5.651 4.401 2.833 0.655 0.000 0.000 0.000 0.000 0.000 0.000 0.000 0.000 0.000 0.004 4.484 9.379 15.411 22.891 28.485 35.478
-999.250 -999.250 -999.250 -999.250 -999.250 -999.250 -999.250 -999.250 -999.250 -999.250 -999.250 -999.250 -999.250 -999.250 -999.250 -999.250 -999.250 -999.250 -999.250 -999.250 -999.250 -999.250 -999.250 -999.250 -999.250 -999.250 0.000 0.000 0.000 0.000 0.000 0.000 0.000 0.000 0.000 0.000 0.000 0.000 0.000 0.000 0.000 0.000 0.000 0.000 0.000 0.000 0.000 0.638 2.122 0.880 1.377 0.279 0.000 0.000 0.000 0.000 0.000 0.000 0.000 0.000 0.000 0.000 3.407 7.487 11.780 20.611 26.141 35.334 39.178
-999.250 -999.250 -999.250 -999.250 -999.250 -999.250 -999.250 -999.250 -999.250 -999.250 -999.250 -999.250 -999.250 -999.250 -999.250 -999.250 -999.250 -999.250 -999.250 -999.250 -999.250 -999.250 -999.250 -999.250 -999.250 0.000 0.000 0.000 0.000 0.000 0.005 0.000 0.000 0.000 0.000 0.000 0.000 0.000 0.000 0.000 0.000 0.000 0.000 0.000 0.000 0.000 0.000 0.000 0.000 0.000 0.000 0.000 0.000 0.000 0.000 0.000 0.000 0.000 0.000 0.000 0.000 0.000 2.809 7.373 12.640 18.432 27.454 36.172 47.120
-999.250 -999.250 -999.250 -999.250 -999.250 -999.250 -999.250 -999.250 -999.250 -999.250 -999.250 -999.250 -999.250 -999.250 -999.250 -999.250 -999.250 -999.250 -999.250 -999.250 -999.250 -999.250 -999.250 -999.250 -999.250 0.000 0.000 0.000 0.000 0.000 0.000 0.483 0.309 0.000 0.000 0.000 0.000 0.000 1.196 0.000 0.000 0.000 0.000 0.000 0.000 0.000 0.000 0.000 0.000 0.000 0.000 0.000 0.000 0.000 0.000 0.000 0.000 0.000 0.000 0.000 0.000 0.367 3.358 7.093 12.655 20.441 29.854 38.916 49.192
-999.250 -999.250 -999.250 -999.250 -999.250 -999.250 -999.250 -999.250 -999.250 -999.250 -999.250 -999.250 -999.250 -999.250 -999.250 -999.250 -999.250 -999.250 -999.250 -999.250 -999.250 -999.250 -999.250 -999.250 -999.250 0.000 0.515 0.013 0.119 0.357 2.529 3.653 2.304 1.100 0.000 0.000 0.000 0.275 3.886 0.188 0.000 0.000 0.000 0.000 0.000 0.000 0.000 0.000 0.000 0.000 0.000 0.000 0.000 0.000 0.000 0.000 0.000 0.000 0.000 0.000 0.000 0.000 3.892 8.803 16.098 21.940 28.892 37.499 47.987
