data/medianmodel_04-Feb-2021.asc
ncols	141
nrows	288
xllcorner	-120191.398
yllcorner	-301404.813
cellsize	2000.000
NODATA_value	-999.250
[rows 0 to 27 of 288, columns 63 to 125 of 141]
-999.250 -999.250 -999.250 -999.250 -999.250 -999.250 -999.250 -999.250 -999.250 -999.250 -999.250 -999.250 -999.250 -999.250 -999.250 -999.250 -999.250 -999.250 -999.250 -999.250 -999.250 -999.250 -999.250 -999.250 -999.250 -999.250 -999.250 -999.250 -999.250 -999.250 -999.250 -999.250 -999.250 -999.250 -999.250 -999.250 -999.250 -999.250 -999.250 -999.250 -999.250 -999.250 -999.250 -999.250 -999.250 -999.250 -999.250 -999.250 -999.250 -999.250 -999.250 -999.250 -999.250 -999.250 -999.250 -999.250 -999.250 -999.250 -999.250 -999.250 -999.250 -999.250 -999.250
-999.250 -999.250 -999.250 -999.250 -999.250 -999.250 -999.250 -999.250 -999.250 -999.250 -999.250 -999.250 -999.250 -999.250 -999.250 -999.250 -999.250 -999.250 -999.250 -999.250 -999.250 -999.250 -999.250 -999.250 -999.250 -999.250 -999.250 -999.250 -999.250 -999.250 -999.250 -999.250 -999.250 -999.250 -999.250 -999.250 -999.250 -999.250 -999.250 -999.250 -999.250 -999.250 -999.250 -999.250 -999.250 -999.250 -999.250 -999.250 -999.250 -999.250 -999.250 -999.250 -999.250 -999.250 -999.250 -999.250 -999.250 -999.250 -999.250 -999.250 -999.250 -999.250 -999.250
-999.250 -999.250 -999.250 -999.250 -999.250 -999.250 -999.250 -999.250 -999.250 -999.250 -999.250 -999.250 -999.250 -999.250 -999.250 -999.250 -999.250 -999.250 -999.250 -999.250 -999.250 -999.250 -999.250 -999.250 -999.250 -999.250 -999.250 -999.250 -999.250 -999.250 -999.250 -999.250 -999.250 -999.250 -999.250 -999.250 -999.250 -999.250 -999.250 -999.250 -999.250 -999.250 -999.250 -999.250 -999.250 -999.250 -999.250 -999.250 -999.250 -999.250 -999.250 -999.250 -999.250 -999.250 -999.250 -999.250 -999.250 -999.250 -999.250 -999.250 -999.250 -999.250 -999.250
-999.250 -999.250 -999.250 -999.250 -999.250 -999.250 -999.250 -999.250 -999.250 -999.250 -999.250 -999.250 -999.250 -999.250 -999.250 -999.250 -999.250 -999.250 -999.250 -999.250 -999.250 -999.250 -999.250 -999.250 -999.250 -999.250 -999.250 -999.250 -999.250 -999.250 -999.250 -999.250 -999.250 -999.250 -999.250 -999.250 -999.250 -999.250 -999.250 -999.250 -999.250 -999.250 -999.250 -999.250 -999.250 -999.250 -999.250 -999.250 -999.250 -999.250 -999.250 -999.250 -999.250 -999.250 -999.250 -999.250 -999.250 -999.250 -999.250 -999.250 -999.250 -999.250 -999.250
-999.250 -999.250 -999.250 -999.250 -999.250 -999.250 -999.250 -999.250 -999.250 -999.250 -999.250 -999.250 -999.250 -999.250 -999.250 -999.250 -999.250 -999.250 -999.250 -999.250 -999.250 -999.250 -999.250 -999.250 -999.250 -999.250 -999.250 -999.250 -999.250 -999.250 -999.250 -999.250 -999.250 -999.250 -999.250 -999.250 -999.250 -999.250 -999.250 -999.250 -999.250 -999.250 -999.250 -999.250 -999.250 -999.250 -999.250 -999.250 -999.250 -999.250 -999.250 -999.250 -999.250 -999.250 -999.250 -999.250 -999.250 -999.250 -999.250 -999.250 -999.250 -999.250 -999.250
-999.250 -999.250 -999.250 -999.250 -999.250 -999.250 -999.250 -999.250 -999.250 -999.250 -999.250 -999.250 -999.250 -999.250 -999.250 -999.250 -999.250 -999.250 -999.250 -999.250 -999.250 -999.250 -999.250 -999.250 -999.250 -999.250 -999.250 -999.250 -999.250 -999.250 -999.250 -999.250 -999.250 -999.250 -999.250 -999.250 -999.250 -999.250 -999.250 -999.250 -999.250 -999.250 -999.250 -999.250 -999.250 -999.250 -999.250 -999.250 -999.250 -999.250 -999.250 -999.250 -999.250 -999.250 -999.250 -999.250 -999.250 -999.250 -999.250 -999.250 -999.250 -999.250 -999.250
-999.250 -999.250 -999.250 -999.250 -999.250 -999.250 -999.250 -999.250 -999.250 -999.250 -999.250 -999.250 -999.250 -999.250 -999.250 -999.250 -999.250 -999.250 -999.250 -999.250 -999.250 -999.250 -999.250 -999.250 -999.250 -999.250 -999.250 -999.250 -999.250 -999.250 -999.250 -999.250 -999.250 -999.250 -999.250 -999.250 -999.250 -999.250 -999.250 -999.250 -999.250 -999.250 -999.250 -999.250 -999.250 -999.250 -999.250 -999.250 -999.250 -999.250 -999.250 -999.250 -999.250 -999.250 -999.250 -999.250 -999.250 -999.250 -999.250 -999.250 -999.250 -999.250 -999.250
-999.250 -999.250 -999.250 -999.250 -999.250 -999.250 -999.250 -999.250 -999.250 -999.250 -999.250 -999.250 -999.250 -999.250 -999.250 -999.250 -999.250 -999.250 -999.250 -999.250 -999.250 -999.250 -999.250 -999.250 -999.250 -999.250 -999.250 -999.250 -999.250 -999.250 -999.250 -999.250 -999.250 -999.250 -999.250 -999.250 -999.250 -999.250 -999.250 -999.250 -999.250 -999.250 -999.250 -999.250 -999.250 -999.250 -999.250 -999.250 -999.250 -999.250 -999.250 -999.250 -999.250 -999.250 -999.250 -999.250 -999.250 -999.250 -999.250 -999.250 -999.250 -999.250 -999.250
-999.250 -999.250 -999.250 -999.250 -999.250 -999.250 -999.250 -999.250 -999.250 -999.250 -999.250 -999.250 -999.250 -999.250 -999.250 -999.250 -999.250 -999.250 -999.250 -999.250 -999.250 -999.250 -999.250 -999.250 -999.250 -999.250 -999.250 -999.250 -999.250 -999.250 -999.250 -999.250 -999.250 -999.250 -999.250 -999.250 -999.250 -999.250 -999.250 -999.250 -999.250 -999.250 -999.250 -999.250 -999.250 -999.250 -999.250 -999.250 -999.250 -999.250 -999.250 1227.100 -999.250 -999.250 -999.250 -999.250 -999.250 -999.250 -999.250 -999.250 -999.250 -999.250 -999.250
-999.250 -999.250 -999.250 -999.250 -999.250 -999.250 -999.250 -999.250 -999.250 -999.250 -999.250 -999.250 -999.250 -999.250 -999.250 -999.250 -999.250 -999.250 -999.250 -999.250 -999.250 -999.250 -999.250 -999.250 -999.250 -999.250 -999.250 -999.250 -999.250 -999.250 -999.250 -999.250 -999.250 -999.250 -999.250 -999.250 1304.025 1341.863 1368.217 1404.507 -999.250 -999.250 -999.250 -999.250 1401.406 -999.250 -999.250 -999.250 -999.250 -999.250 -999.250 1214.653 1230.880 -999.250 -999.250 -999.250 -999.250 -999.250 -999.250 -999.250 -999.250 -999.250 -999.250
-999.250 -999.250 -999.250 -999.250 -999.250 -999.250 -999.250 -999.250 -999.250 -999.250 -999.250 -999.250 -999.250 -999.250 -999.250 -999.250 -999.250 -999.250 -999.250 -999.250 -999.250 -999.250 -999.250 -999.250 -999.250 -999.250 -999.250 -999.250 -999.250 -999.250 -999.250 -999.250 -999.250 -999.250 -999.250 -999.250 1368.026 1326.375 1334.532 1364.919 -999.250 -999.250 -999.250 1353.944 1405.274 1434.282 -999.250 -999.250 -999.250 -999.250 -999.250 1229.249 1204.085 1216.927 -999.250 -999.250 -999.250 -999.250 -999.250 -999.250 1038.198 1077.509 -999.250
-999.250 -999.250 -999.250 -999.250 -999.250 -999.250 -999.250 -999.250 -999.250 -999.250 -999.250 -999.250 -999.250 -999.250 -999.250 -999.250 -999.250 -999.250 -999.250 -999.250 -999.250 -999.250 -999.250 -999.250 -999.250 -999.250 -999.250 -999.250 -999.250 -999.250 -999.250 -999.250 -999.250 -999.250 -999.250 -999.250 1285.805 1258.011 1343.241 1366.407 1373.448 1392.042 1416.534 1407.725 1459.912 1389.429 1440.209 1390.766 1317.262 1304.961 1270.553 1275.139 1270.527 1247.151 1221.680 1178.497 1079.222 1124.972 1076.523 1065.709 1146.602 1103.384 -999.250
-999.250 -999.250 -999.250 -999.250 -999.250 -999.250 1265.775 -999.250 -999.250 -999.250 -999.250 -999.250 -999.250 -999.250 -999.250 -999.250 -999.250 -999.250 -999.250 -999.250 -999.250 -999.250 -999.250 -999.250 -999.250 -999.250 -999.250 -999.250 -999.250 -999.250 -999.250 -999.250 -999.250 -999.250 -999.250 -999.250 1264.293 1376.437 1311.749 1407.283 1422.635 1427.444 1471.602 1468.409 1442.523 1477.127 1425.981 1426.096 1372.721 1394.574 1321.285 1302.646 1286.267 1246.635 1199.080 1169.795 1170.556 1160.218 1105.845 1093.865 1046.166 1083.902 -999.250
-999.250 -999.250 -999.250 -999.250 -999.250 -999.250 1247.276 -999.250 -999.250 -999.250 -999.250 -999.250 -999.250 -999.250 1335.169 -999.250 -999.250 -999.250 -999.250 -999.250 -999.250 -999.250 -999.250 -999.250 -999.250 -999.250 -999.250 -999.250 -999.250 -999.250 -999.250 -999.250 -999.250 -999.250 -999.250 -999.250 1251.426 1341.513 1330.008 1429.049 1464.553 1430.679 1387.086 1450.922 1496.814 1507.337 1422.833 1417.201 1348.999 1373.359 1355.889 1325.880 1300.680 1250.899 1215.739 1216.650 1142.112 1114.126 1091.977 1064.677 1035.062 1068.430 -999.250
-999.250 -999.250 -999.250 -999.250 -999.250 -999.250 1247.166 -999.250 -999.250 -999.250 -999.250 1273.921 1313.116 1294.723 1316.425 1412.882 -999.250 -999.250 -999.250 -999.250 -999.250 -999.250 -999.250 -999.250 -999.250 -999.250 -999.250 -999.250 -999.250 -999.250 -999.250 -999.250 -999.250 -999.250 -999.250 -999.250 1256.685 1344.091 1371.743 1396.237 1455.244 1444.430 1451.559 1469.795 1476.585 1499.180 1468.807 1407.086 1371.450 1354.250 1363.970 1362.118 1297.420 1273.684 1241.023 1208.631 1170.397 1122.308 1119.685 1058.286 1117.642 1029.904 975.280
-999.250 -999.250 -999.250 1245.945 1239.988 1256.419 1227.810 -999.250 -999.250 1279.584 1233.427 1245.643 1256.058 1428.110 1367.457 1427.264 1474.400 1401.010 1423.070 -999.250 -999.250 -999.250 -999.250 -999.250 -999.250 -999.250 -999.250 -999.250 -999.250 -999.250 -999.250 -999.250 -999.250 1248.554 1183.339 1260.303 1280.688 1337.318 1398.859 1430.247 1434.223 1493.163 1488.759 1466.644 1493.460 1497.316 1452.033 1465.468 1403.877 1376.484 1312.240 1363.737 1323.372 1284.503 1253.484 1251.887 1181.014 1168.576 1095.940 1009.112 1049.756 1005.725 931.108
-999.250 -999.250 1283.979 1211.079 1193.257 1209.066 1235.597 -999.250 1244.288 1234.208 1235.758 1268.454 1345.321 1346.526 1475.224 1531.411 1547.255 1468.207 -999.250 -999.250 -999.250 -999.250 -999.250 1158.883 1065.386 -999.250 -999.250 -999.250 1026.455 -999.250 -999.250 1187.991 1164.898 1184.440 1227.202 1238.830 1287.630 1328.071 1372.200 1444.791 1376.543 1452.607 1492.900 1494.433 1475.846 1401.446 1378.430 1418.681 1402.285 1407.694 1334.000 1324.562 1333.657 1275.160 1236.537 1237.135 1184.367 1189.471 1134.028 1016.267 1003.456 980.817 920.889
-999.250 -999.250 1278.068 1222.199 1224.564 1248.655 1212.736 1202.823 1159.048 1276.286 1278.770 1269.334 1384.684 1476.162 1513.252 1591.949 1575.767 1571.925 -999.250 -999.250 1404.012 1294.850 1207.541 1060.221 1008.754 978.979 -999.250 980.205 968.699 1018.227 1004.596 1084.303 1132.440 1175.613 1197.162 1219.355 1294.223 1326.377 1400.015 1347.745 1437.372 1459.043 1453.912 1458.818 1388.418 1421.485 1357.918 1382.735 1379.710 1302.564 1286.608 1269.338 1284.776 1265.563 1252.715 1209.889 1172.112 1092.722 1077.389 1011.978 1007.961 973.836 961.268
1357.112 1355.698 1280.687 1216.403 1169.864 1153.014 1156.099 1178.535 1149.346 1209.503 1293.629 1349.187 1431.603 1487.228 1591.954 1677.489 1674.305 1639.071 1612.123 1593.412 1457.085 1257.993 1157.612 1034.657 950.247 915.868 934.225 954.878 945.492 954.014 965.005 1102.678 1137.472 1173.721 1223.486 1239.110 1282.237 1318.538 1375.975 1337.490 1382.409 1424.452 1448.269 1458.541 1422.392 1385.760 1308.359 1275.970 1287.893 1272.493 1263.243 1233.984 1230.885 1213.546 1217.997 1199.063 1186.137 1109.508 1104.964 1016.940 1043.928 954.469 915.680
1311.659 1281.191 1268.744 1172.132 1181.471 1118.948 1059.724 1061.493 1142.313 1232.396 1301.072 1435.099 1512.696 1582.847 1643.465 1810.951 1883.240 1837.637 1785.296 1664.973 1524.854 1350.628 1175.753 989.451 912.146 830.589 869.544 891.830 895.145 931.408 969.154 1053.102 1095.627 1218.006 1185.401 1234.943 1311.530 1330.854 1324.460 1361.866 1411.543 1337.016 1396.505 1416.295 1415.045 1323.786 1269.554 1310.361 1263.547 1224.541 1210.455 1154.605 1112.468 1123.344 1160.624 1141.059 1051.967 1048.301 1003.116 991.527 962.042 919.667 874.503
1284.469 1272.711 1201.593 1168.993 1153.129 1127.649 1064.663 1029.360 1049.532 1183.412 1336.850 1527.150 1630.617 1722.675 1834.010 1916.926 1985.389 1951.325 1976.401 1892.179 1630.207 1411.004 1217.116 989.936 839.090 805.106 872.971 888.014 902.480 936.646 917.499 1003.115 1111.281 1161.867 1208.488 1251.469 1258.453 1282.598 1342.519 1326.110 1320.303 1356.134 1373.773 1413.194 1325.657 1314.459 1265.196 1257.040 1244.325 1191.821 1165.066 1091.893 1080.603 1036.185 1039.233 1026.732 1009.891 1009.122 960.161 929.245 895.330 890.149 -999.250
1317.832 1300.679 1220.276 1165.164 1128.810 1154.412 1054.941 1043.533 978.104 1230.164 1420.447 1637.817 1784.472 1957.544 2036.553 2155.178 2176.252 2088.529 2025.744 1965.756 1668.758 1496.323 1265.480 1009.485 762.524 813.197 850.701 897.288 920.861 907.438 963.063 1005.498 1042.818 1135.477 1190.062 1259.914 1278.631 1288.293 1241.340 1281.723 1321.360 1283.450 1377.877 1352.012 1305.573 1296.830 1268.993 1198.908 1172.981 1129.351 1109.436 1042.782 1011.124 999.949 985.913 983.618 956.674 948.637 923.804 915.471 875.647 846.595 -999.250
1332.032 1249.933 1229.454 1190.147 1179.468 1164.243 1158.512 1137.373 1177.349 1296.618 1553.270 1693.215 1957.888 2060.787 2186.537 2299.146 2381.133 2321.248 2207.869 2034.906 1837.651 1566.520 1313.404 1083.373 915.905 881.887 896.991 922.227 938.630 975.160 1000.863 1008.003 1129.698 1196.178 1203.142 1222.356 1316.495 1265.440 1251.297 1260.027 1271.394 1277.832 1321.559 1293.323 1260.915 1224.147 1231.912 1152.756 1118.319 1032.101 1028.332 986.327 975.752 971.019 951.804 937.887 907.940 905.857 898.502 869.169 848.217 831.181 -999.250
1331.117 1282.000 1252.737 1182.095 1177.106 1232.023 1269.562 1292.126 1371.270 1531.501 1652.582 1873.505 2045.024 2168.771 2303.952 2508.089 2653.873 2583.142 2296.153 2105.480 1918.564 1624.512 1419.971 1212.786 1078.557 1017.993 999.181 963.296 977.443 995.297 1084.921 1093.004 1091.797 1149.005 1206.072 1251.576 1246.570 1252.375 1277.629 1226.798 1257.109 1289.502 1258.335 1295.867 1210.220 1189.128 1103.629 1070.742 1037.986 1013.155 959.100 959.520 934.120 907.449 903.235 870.251 857.660 845.238 784.018 768.709 776.593 746.082 -999.250
1327.147 1323.660 1318.614 1248.849 1275.048 1336.807 1316.196 1404.308 1522.390 1593.402 1814.604 2001.103 2199.523 2321.184 2525.261 2727.139 3001.200 2772.928 2423.081 2192.272 1978.767 1719.394 1524.259 1376.207 1188.962 1076.714 1049.586 1071.387 1087.176 1077.020 1126.570 1124.704 1140.637 1156.326 1188.130 1257.916 1201.930 1221.095 1242.417 1253.345 1279.051 1262.410 1246.106 1230.693 1188.013 1117.353 1034.763 1024.612 982.938 979.403 972.752 898.617 921.324 899.803 850.354 835.800 827.466 809.393 748.747 738.342 742.171 749.418 -999.250
1335.107 1286.529 1320.822 1279.138 1268.716 1335.202 1422.702 1487.788 1589.960 1726.726 1922.438 2044.651 2179.985 2322.000 2578.812 2636.699 2803.005 2602.963 2369.794 2164.098 2018.184 1777.875 1596.774 1439.757 1308.335 1172.659 1112.008 1129.687 1195.629 1126.271 1151.459 1158.263 1107.711 1158.532 1200.682 1232.226 1232.217 1232.620 1273.279 1277.673 1291.616 1271.486 1196.291 1220.357 1139.880 1045.569 1047.737 992.964 956.613 944.821 906.229 929.418 855.570 879.273 846.870 815.986 828.873 793.977 738.939 729.670 713.408 698.353 703.145
1328.032 1328.755 1265.511 1254.341 1268.384 1383.614 1449.806 1526.132 1694.802 1856.118 1981.471 2069.296 2162.231 2349.622 2468.181 2550.343 2514.245 2476.584 2278.259 2097.789 1908.106 1744.104 1590.961 1459.535 1360.848 1260.666 1238.991 1202.733 1232.345 1209.845 1212.829 1199.980 1167.015 1182.865 1187.963 1210.127 1265.272 1252.912 1252.077 1263.343 1281.853 1242.883 1248.724 1205.611 1153.737 1075.941 1033.645 938.968 913.420 920.037 959.923 886.372 860.676 847.861 807.773 811.067 772.324 724.616 724.403 706.229 687.311 693.834 664.618
1292.769 1298.575 1251.512 1300.079 1297.781 1392.439 1501.988 1555.373 1746.785 1900.081 1978.808 2069.787 2171.592 2247.657 2362.920 2439.915 2330.633 2215.530 2137.792 2012.268 1887.392 1722.796 1573.247 1472.526 1359.505 1375.577 1308.567 1252.529 1225.278 1261.956 1243.083 1236.180 1237.553 1219.546 1262.169 1250.552 1232.829 1207.877 1228.935 1231.865 1212.292 1194.966 1186.624 1207.633 1096.992 1060.357 990.023 956.115 907.984 910.441 899.740 853.028 817.332 836.728 795.850 754.941 742.336 713.203 712.025 702.313 674.208 648.520 653.160
