data/medianmodel_01-Oct-2020.asc
ncols	141
nrows	288
xllcorner	-120191.398
yllcorner	-301404.813
cellsize	2000.000
NODATA_value	-999.250
[rows 30 to 59 of 288, columns 67 to 133 of 141]
3.326 3.442 7.689 8.958 8.061 10.839 10.979 12.601 17.305 17.685 20.261 27.361 25.796 31.268 33.942 36.833 37.693 41.222 42.054 42.193 47.875 43.799 45.792 48.694 43.807 45.352 45.181 41.995 40.593 38.661 36.723 34.530 36.930 38.925 44.545 49.466 58.029 66.541 77.320 88.833 114.047 132.835 151.699 187.226 194.659 217.239 249.422 281.464 341.753 373.119 400.185 555.373 581.517 676.191 771.839 797.222 932.092 972.308 954.144 1039.152 1068.854 1014.537 932.541 825.848 654.691 486.407 417.018
1.283 6.444 3.878 4.687 5.294 8.768 7.753 11.130 12.841 16.116 22.954 25.450 28.366 31.985 36.278 40.094 44.042 46.521 47.032 44.029 44.407 47.232 48.458 47.175 42.786 46.738 42.526 39.832 39.100 38.425 35.643 35.265 33.856 40.840 49.205 52.759 60.658 72.661 85.334 100.639 119.993 141.613 159.187 178.484 185.499 217.512 263.438 324.611 368.069 365.867 419.147 491.621 594.660 668.836 733.974 777.462 902.509 927.105 917.118 991.236 1022.125 984.710 853.355 718.464 683.522 466.116 395.718
1.692 2.153 1.926 1.496 4.970 2.105 4.163 9.789 13.441 18.005 24.291 27.631 29.971 35.800 37.297 43.549 43.971 47.045 45.176 43.290 48.551 43.324 42.099 43.800 42.731 39.626 39.394 34.174 35.489 35.995 34.854 33.176 36.411 39.809 46.662 58.282 61.721 70.917 80.067 93.653 121.632 155.672 167.367 166.406 186.142 207.593 231.198 312.946 322.725 381.805 401.629 480.579 590.824 707.909 727.366 765.484 855.966 863.251 890.475 855.180 946.308 844.588 772.400 634.790 538.354 421.061 336.973
0.613 0.000 0.000 0.801 0.000 0.000 0.000 5.367 13.993 20.577 27.327 28.356 32.636 35.913 42.001 44.528 43.469 42.854 45.221 49.885 42.982 43.895 44.047 40.451 39.960 38.436 38.537 35.273 33.231 33.333 32.179 30.996 32.861 37.024 40.916 50.002 57.323 61.197 75.901 89.102 121.218 144.668 161.754 168.453 173.525 196.996 217.713 305.385 309.269 359.372 391.462 440.192 541.061 680.979 796.089 755.696 770.961 837.615 816.543 801.383 819.006 725.594 627.636 510.058 420.068 337.591 247.250
0.009 0.000 0.000 0.000 0.000 0.000 0.000 4.386 14.797 19.905 27.042 30.620 36.896 41.217 48.221 50.799 45.755 43.487 47.102 41.035 47.841 46.271 40.758 41.787 41.784 37.826 31.900 31.817 32.410 31.676 30.799 30.817 30.493 35.503 36.317 42.398 53.540 64.192 67.735 79.325 98.148 126.250 139.469 150.345 170.419 188.824 215.118 223.175 290.321 344.127 378.951 420.266 502.973 594.155 732.720 637.898 733.029 758.149 734.360 692.390 678.802 586.706 473.354 425.341 351.624 260.877 172.525
0.000 0.000 0.000 0.000 0.000 0.000 2.629 9.288 15.935 19.956 29.644 32.969 39.071 44.275 50.163 49.471 46.595 46.541 47.444 49.495 47.116 46.204 40.228 41.772 45.524 37.220 34.563 33.424 32.349 30.197 29.001 28.294 28.631 30.408 35.806 39.031 48.426 52.727 61.711 70.593 81.396 101.586 120.902 141.555 153.470 173.013 204.596 225.230 237.326 293.470 354.044 371.082 458.713 524.697 585.224 696.949 603.738 664.960 703.885 665.777 569.265 474.049 416.708 367.816 299.573 206.924 143.112
0.000 0.000 0.000 0.000 0.000 0.000 3.662 10.348 15.494 21.663 30.548 32.184 38.162 45.697 49.809 54.155 51.029 47.263 53.388 55.010 52.568 49.749 45.950 42.822 40.652 38.974 33.181 30.966 29.947 26.961 27.082 28.194 27.581 30.424 31.912 34.042 39.046 44.280 48.754 59.247 69.905 83.095 102.554 117.332 145.083 160.139 181.062 193.063 212.802 264.970 308.385 337.011 367.545 409.204 517.626 625.837 564.831 614.782 572.437 532.368 428.704 402.542 344.182 278.124 216.362 168.581 98.958
0.000 0.000 0.000 0.000 0.000 1.260 6.705 12.667 15.633 23.735 27.371 32.483 35.193 42.726 46.500 49.354 55.615 49.489 48.672 52.654 50.747 50.101 45.855 45.398 42.709 39.738 35.180 29.482 27.047 27.693 27.562 26.088 25.706 28.489 29.013 29.016 30.909 36.081 37.962 46.561 59.545 67.829 78.009 87.367 112.521 137.000 163.037 186.877 204.158 211.593 244.103 284.804 320.446 373.221 429.174 500.626 446.322 454.642 416.498 456.100 375.863 321.990 283.588 205.639 180.207 125.343 71.658
3.338 0.000 0.000 0.000 1.498 5.100 6.353 11.715 17.598 22.806 28.739 29.455 34.596 37.871 47.576 50.194 50.172 47.830 49.666 54.209 54.085 53.174 47.864 43.815 34.782 34.918 31.943 29.802 27.675 26.371 27.032 25.990 26.627 25.397 24.801 26.840 25.309 27.105 30.563 34.170 37.403 49.329 62.958 81.892 89.399 126.884 147.470 162.854 173.979 211.875 231.720 258.288 299.421 303.274 353.392 355.759 384.434 367.416 358.884 341.000 298.987 267.275 213.751 172.020 143.236 91.560 63.398
3.231 2.396 2.561 5.224 6.021 5.464 9.967 13.779 19.686 20.430 29.032 32.451 34.231 40.362 39.696 43.584 47.649 47.995 49.744 51.151 54.317 51.433 50.820 44.660 36.334 34.913 29.048 29.154 27.552 27.816 26.014 25.558 25.118 20.555 22.127 18.715 21.916 17.960 20.215 23.350 28.083 34.569 49.505 62.833 75.391 98.879 127.147 139.759 156.554 185.177 196.470 202.190 218.141 231.353 258.664 249.721 266.386 273.509 285.086 240.379 225.387 213.619 167.911 129.343 94.586 68.186 37.885
9.944 9.484 6.129 5.807 5.056 8.704 10.511 14.833 17.054 22.106 27.986 31.427 35.184 37.237 39.391 38.491 45.218 45.610 47.445 47.468 50.484 54.915 48.932 42.328 38.014 36.273 29.836 29.679 29.028 26.641 25.905 21.644 22.842 19.735 18.827 16.942 16.018 12.698 10.980 14.337 18.475 23.233 35.624 42.096 63.827 77.268 94.662 114.059 132.787 164.709 180.452 176.547 175.855 196.184 213.975 201.866 208.139 190.024 198.840 193.229 181.617 161.649 133.713 103.780 66.618 41.645 20.073
14.397 12.060 10.377 6.822 9.572 10.576 12.706 16.472 19.558 23.755 25.046 31.033 32.706 34.339 36.034 40.230 41.133 43.250 40.850 43.421 46.490 47.943 42.403 37.539 35.464 31.467 30.367 30.079 29.103 26.028 25.477 24.697 21.258 19.088 17.327 13.785 12.338 9.710 9.171 10.778 14.068 18.372 25.174 33.796 47.930 65.372 72.728 99.526 117.785 128.434 139.690 154.675 164.024 159.210 168.410 167.401 165.422 177.954 167.449 156.407 131.603 113.781 91.179 61.433 42.788 32.709 7.674
16.798 14.944 12.388 12.387 11.293 12.871 15.101 16.426 20.671 23.957 26.630 28.924 30.314 32.777 34.409 34.792 35.842 35.852 36.161 36.875 38.549 41.619 36.610 33.945 32.475 29.898 30.163 29.566 27.925 28.701 25.092 21.615 19.412 15.658 14.808 13.930 11.539 8.717 6.697 6.708 11.687 16.257 20.729 31.512 39.016 56.830 67.437 84.006 105.957 111.558 118.286 107.602 124.055 126.564 129.774 135.669 131.848 132.929 131.274 116.568 101.802 80.178 58.247 35.642 29.248 -999.250 -999.250
17.959 16.759 15.472 13.195 13.780 13.355 16.418 18.007 19.347 25.431 25.134 26.969 28.968 30.778 34.200 33.218 32.051 31.554 29.407 32.375 31.338 29.963 29.926 28.422 30.136 29.853 30.540 27.405 28.725 27.005 24.461 21.067 20.824 17.093 17.272 17.639 13.710 11.850 8.565 11.008 13.094 16.269 21.978 29.349 36.181 53.455 66.992 79.865 91.536 97.681 116.668 107.254 96.466 102.726 92.837 109.533 106.485 106.850 108.531 89.288 74.550 62.955 38.334 24.996 14.753 0.114 -999.250
19.557 18.745 15.685 14.902 15.230 16.536 16.163 19.589 23.476 26.897 24.535 24.188 28.333 29.340 29.622 30.778 28.365 25.254 25.649 25.837 26.391 24.038 26.184 23.822 25.353 28.959 28.217 30.130 28.968 28.337 23.324 20.454 21.122 18.078 19.222 16.605 16.791 14.741 14.553 16.395 16.528 20.755 27.591 33.972 38.629 59.472 70.925 79.771 85.908 92.828 101.833 95.533 89.054 82.057 77.153 87.479 86.548 86.495 76.997 70.914 64.705 42.906 27.308 17.152 -999.250 -999.250 -999.250
22.000 20.517 18.597 18.183 18.075 16.806 16.247 18.060 23.023 24.568 22.816 25.736 24.963 25.283 29.189 26.709 21.971 24.094 23.143 17.637 16.858 17.395 19.991 21.057 25.767 26.572 27.504 28.073 28.425 27.228 23.806 21.731 20.079 24.274 20.805 20.845 20.499 21.857 18.056 23.136 23.962 28.207 35.151 36.573 49.475 64.393 77.025 83.799 89.442 96.434 97.735 90.246 85.185 71.497 78.124 76.106 82.678 73.439 66.493 56.499 47.141 32.687 23.962 14.610 -999.250 -999.250 -999.250
28.034 27.226 23.631 18.197 18.330 17.090 19.572 19.864 22.490 24.018 22.552 21.823 23.784 25.441 24.297 22.518 24.725 20.082 16.212 13.624 11.875 10.975 14.323 17.113 19.987 26.607 28.110 26.091 27.270 28.272 24.556 20.697 22.302 26.119 27.096 25.091 23.679 24.574 28.859 30.621 34.504 39.446 48.960 59.481 68.819 74.876 91.713 102.095 120.040 117.225 108.294 107.835 91.490 85.629 91.210 85.168 76.880 72.790 68.832 62.192 50.772 36.033 29.014 -999.250 -999.250 -999.250 -999.250
31.502 29.360 25.169 20.741 20.059 20.232 20.314 21.068 18.970 20.638 20.141 22.107 21.575 20.314 22.302 19.459 20.404 15.848 13.148 9.944 3.227 0.000 6.712 15.523 19.405 22.608 26.956 27.175 27.313 26.078 23.177 21.887 21.916 27.666 33.091 29.612 27.734 28.976 34.235 41.230 46.549 53.686 67.130 80.461 93.092 98.145 113.172 123.387 134.667 141.687 138.584 128.051 121.737 110.421 96.486 96.727 85.641 81.799 69.225 65.053 55.837 -999.250 -999.250 -999.250 -999.250 -999.250 -999.250
34.172 30.117 27.522 24.160 22.512 18.158 18.630 18.451 18.817 17.634 17.540 18.488 18.457 17.362 18.600 18.629 19.165 14.958 11.343 5.789 1.583 0.899 7.274 12.856 17.827 20.938 24.112 30.520 29.425 28.789 22.636 19.421 18.790 23.570 28.371 28.548 28.567 32.197 41.726 55.292 61.050 70.577 86.076 96.855 131.459 142.948 141.235 141.418 150.547 167.334 165.464 160.296 134.759 138.339 130.853 108.886 96.635 89.500 87.962 73.751 60.401 -999.250 -999.250 -999.250 -999.250 -999.250 -999.250
38.327 30.493 29.496 25.701 19.422 19.076 16.879 16.268 15.506 15.876 15.218 15.989 14.115 16.137 15.828 15.253 16.898 14.403 8.181 4.629 1.173 2.511 7.396 12.969 16.299 21.137 25.581 30.133 35.298 27.990 18.276 18.086 17.469 18.709 22.001 26.630 31.633 36.332 53.603 64.918 81.032 91.832 109.227 130.195 156.230 167.334 177.292 180.820 181.857 197.808 183.892 186.891 178.819 170.923 168.444 139.455 -999.250 107.363 97.800 -999.250 -999.250 -999.250 -999.250 -999.250 -999.250 -999.250 -999.250
44.060 34.852 30.720 25.150 20.660 17.425 17.865 15.143 14.886 15.065 11.981 13.756 12.731 13.501 12.135 12.600 12.860 10.073 5.999 3.374 1.520 4.521 6.783 13.031 14.791 17.263 21.195 26.547 26.928 20.718 16.853 14.490 14.271 17.050 19.305 26.344 34.988 48.721 62.839 74.452 94.234 112.054 127.192 159.830 172.725 190.322 203.857 214.534 220.162 227.765 220.942 221.184 201.186 193.377 -999.250 -999.250 -999.250 -999.250 -999.250 -999.250 -999.250 -999.250 -999.250 -999.250 -999.250 -999.250 -999.250
53.239 40.231 30.831 23.612 17.438 15.486 14.156 15.107 14.039 15.093 12.424 9.969 9.784 10.554 8.046 8.527 6.701 3.808 0.342 0.357 0.000 3.113 7.945 11.181 13.817 15.966 17.981 20.142 19.124 17.313 14.680 14.134 11.078 13.940 18.085 25.220 37.029 50.873 69.035 90.366 116.796 146.133 160.195 177.895 190.177 217.594 263.015 281.365 256.164 271.518 288.209 264.118 262.355 -999.250 -999.250 -999.250 -999.250 -999.250 -999.250 -999.250 -999.250 -999.250 -999.250 -999.250 -999.250 -999.250 -999.250
58.085 44.715 28.474 17.546 11.551 11.190 13.439 15.154 14.726 13.042 10.996 9.790 8.413 6.360 4.578 1.916 2.096 0.119 0.000 0.000 0.000 0.000 4.149 9.290 10.475 14.523 16.268 15.195 16.027 14.686 10.118 8.970 7.676 13.564 17.157 28.614 40.299 59.915 72.211 104.246 141.918 160.529 178.286 210.560 229.160 270.006 293.069 329.847 320.701 313.025 361.113 361.088 343.936 -999.250 -999.250 -999.250 -999.250 -999.250 -999.250 -999.250 -999.250 -999.250 -999.250 -999.250 -999.250 -999.250 -999.250
66.586 47.005 24.524 12.668 3.090 6.502 9.482 12.680 13.120 11.843 8.745 7.603 4.268 3.019 0.346 0.000 0.000 0.000 0.000 0.000 0.000 0.000 3.618 4.377 9.207 11.807 12.869 12.136 13.136 11.332 9.596 8.761 7.778 11.478 17.902 27.724 43.072 64.977 84.726 113.442 149.740 170.466 201.914 246.000 266.858 323.519 355.137 391.387 376.847 375.534 383.861 370.588 -999.250 -999.250 -999.250 -999.250 -999.250 -999.250 -999.250 -999.250 -999.250 -999.250 -999.250 -999.250 -999.250 -999.250 -999.250
76.042 49.024 26.693 0.000 0.000 5.801 8.673 13.752 13.279 10.543 9.416 5.064 0.164 0.000 0.000 0.000 0.000 0.000 0.000 0.000 0.000 0.000 0.000 2.949 8.902 8.295 10.424 9.878 9.891 9.766 6.198 8.058 10.411 14.821 19.507 30.788 49.619 72.494 107.997 128.917 160.873 197.883 231.740 258.290 313.236 359.758 389.979 435.302 410.008 409.039 423.157 -999.250 -999.250 -999.250 -999.250 -999.250 -999.250 -999.250 -999.250 -999.250 -999.250 -999.250 -999.250 -999.250 -999.250 -999.250 -999.250
83.902 55.650 32.547 15.889 11.063 11.391 12.584 14.501 12.251 10.556 6.522 4.412 0.449 0.000 0.000 0.000 0.000 0.000 0.000 0.000 0.000 0.000 0.000 4.197 8.224 9.949 10.665 9.255 10.402 9.833 9.150 9.686 12.088 15.794 24.927 37.963 58.847 79.167 114.975 148.712 178.015 216.265 248.942 319.298 361.240 387.014 437.195 453.974 507.121 508.740 460.433 -999.250 -999.250 -999.250 -999.250 -999.250 -999.250 -999.250 -999.250 -999.250 -999.250 -999.250 -999.250 -999.250 -999.250 -999.250 -999.250
76.208 59.480 38.230 26.283 17.842 18.670 17.503 17.700 14.628 11.561 7.197 1.369 0.000 0.000 0.000 0.000 0.000 0.000 0.000 3.476 3.345 6.076 7.679 7.567 12.490 12.935 12.713 13.329 11.037 9.511 12.106 11.215 14.565 18.802 27.145 41.087 63.725 91.372 121.410 167.497 186.102 226.368 278.453 333.317 395.019 408.786 480.222 513.568 631.144 558.978 -999.250 -999.250 -999.250 -999.250 -999.250 -999.250 -999.250 -999.250 -999.250 -999.250 -999.250 -999.250 -999.250 -999.250 -999.250 -999.250 -999.250
71.108 59.189 44.952 30.425 25.575 25.342 28.118 22.361 16.902 12.802 9.699 4.829 0.000 0.000 0.000 0.000 0.000 1.037 6.715 8.099 12.918 15.799 16.051 18.431 19.863 20.174 15.848 15.596 13.419 12.379 14.169 15.547 18.798 21.161 30.755 45.344 69.712 98.932 139.140 177.470 211.861 284.522 285.534 357.812 408.190 427.213 439.759 615.229 667.071 609.095 -999.250 -999.250 -999.250 -999.250 -999.250 -999.250 -999.250 -999.250 -999.250 -999.250 -999.250 -999.250 -999.250 -999.250 -999.250 -999.250 -999.250
64.724 56.976 47.641 33.018 30.774 29.382 27.934 26.259 18.575 13.724 10.448 5.028 0.000 0.000 0.000 3.491 8.679 9.529 13.942 17.010 23.065 26.134 28.382 30.620 31.680 30.055 27.145 23.670 20.809 20.319 21.062 22.011 24.849 31.110 40.517 57.513 80.363 109.733 149.972 171.315 201.499 271.156 295.733 344.132 387.810 452.289 500.420 540.833 639.866 592.788 -999.250 -999.250 -999.250 -999.250 -999.250 -999.250 -999.250 -999.250 -999.250 -999.250 -999.250 -999.250 -999.250 -999.250 -999.250 -999.250 -999.250
59.101 51.757 42.734 35.593 33.345 32.037 29.696 26.255 23.067 16.278 10.834 9.712 6.116 3.801 2.179 4.100 11.700 16.720 19.718 29.364 33.520 42.889 47.304 48.391 51.122 46.297 38.009 37.534 32.449 28.532 30.203 30.829 31.627 38.401 50.541 67.276 86.271 114.902 140.363 172.260 226.195 296.868 345.219 360.229 407.189 461.331 502.902 592.486 611.155 -999.250 -999.250 -999.250 -999.250 -999.250 -999.250 -999.250 -999.250 -999.250 -999.250 -999.250 -999.250 -999.250 -999.250 -999.250 -999.250 -999.250 -999.250
