data/medianmodel_18-Jul-2020.asc
ncols	141
nrows	288
xllcorner	-120191.398
yllcorner	-301404.813
cellsize	2000.000
NODATA_value	-999.250
[rows 93 to 123 of 288, columns 70 to 139 of 141]
1.761 1.785 1.340 1.096 0.559 0.505 0.000 0.012 0.000 0.000 0.000 0.000 0.000 0.000 0.000 0.000 0.466 4.344 7.769 10.584 12.791 15.201 18.252 21.652 28.312 35.899 34.579 33.348 34.687 28.815 26.242 25.646 21.063 16.260 15.664 13.345 10.288 7.860 4.252 5.273 5.496 6.487 8.278 5.637 -999.250 -999.250 -999.250 -999.250 -999.250 -999.250 -999.250 -999.250 -999.250 -999.250 -999.250 -999.250 -999.250 -999.250 -999.250 -999.250 -999.250 -999.250 -999.250 -999.250 -999.250 -999.250 -999.250 -999.250 -999.250 -999.250
0.340 0.000 0.142 0.000 1.154 0.130 0.486 0.395 0.000 0.000 0.000 0.000 0.000 0.000 0.000 0.000 0.000 2.369 7.193 8.784 11.693 13.367 15.792 20.058 22.929 25.706 26.943 26.172 26.361 26.510 22.015 25.485 18.074 13.055 13.445 10.656 8.255 5.578 4.924 4.438 5.195 5.954 6.159 5.574 -999.250 -999.250 -999.250 -999.250 -999.250 -999.250 -999.250 -999.250 -999.250 -999.250 -999.250 -999.250 -999.250 -999.250 -999.250 -999.250 -999.250 -999.250 -999.250 -999.250 -999.250 -999.250 -999.250 -999.250 -999.250 -999.250
0.000 0.000 0.000 0.000 0.810 0.059 0.046 0.931 1.415 1.079 0.000 0.000 0.000 0.000 0.000 0.000 0.000 0.643 4.854 7.894 10.208 12.798 15.875 18.343 23.029 24.277 22.005 19.360 23.859 22.364 19.589 16.812 16.312 11.983 13.156 8.998 6.984 5.736 4.230 4.903 4.860 5.356 4.598 3.853 -999.250 -999.250 -999.250 -999.250 -999.250 -999.250 -999.250 -999.250 -999.250 -999.250 -999.250 -999.250 -999.250 -999.250 -999.250 -999.250 -999.250 -999.250 -999.250 -999.250 -999.250 -999.250 -999.250 -999.250 -999.250 -999.250
0.000 0.000 0.000 0.000 0.000 0.000 0.452 0.556 1.798 4.498 0.550 0.000 0.000 0.000 0.000 0.000 0.000 0.000 2.994 6.662 10.249 11.965 13.569 15.389 18.461 19.447 18.526 15.149 15.515 13.853 13.929 14.011 13.463 10.748 10.915 8.095 5.895 5.761 5.641 5.460 3.960 5.427 5.712 6.801 5.659 -999.250 -999.250 -999.250 -999.250 -999.250 -999.250 -999.250 -999.250 -999.250 -999.250 -999.250 -999.250 -999.250 -999.250 -999.250 -999.250 -999.250 -999.250 -999.250 -999.250 -999.250 -999.250 -999.250 -999.250 -999.250
0.000 0.000 0.000 0.000 0.000 0.000 0.000 0.000 1.538 1.393 0.000 0.000 0.000 0.000 0.000 0.000 0.000 0.000 1.321 3.707 8.225 10.595 12.034 14.271 15.680 16.789 11.858 14.174 13.086 9.671 10.722 11.646 10.511 10.021 9.087 7.881 7.100 4.062 4.416 4.478 3.802 4.818 4.728 5.356 7.005 7.502 -999.250 -999.250 -999.250 -999.250 -999.250 -999.250 -999.250 -999.250 -999.250 -999.250 -999.250 -999.250 -999.250 -999.250 -999.250 -999.250 -999.250 -999.250 -999.250 -999.250 -999.250 -999.250 -999.250 -999.250
0.000 0.000 0.000 0.000 0.000 0.000 0.000 0.000 0.000 0.000 0.000 0.000 0.000 0.000 0.000 0.000 0.000 0.000 0.000 3.154 6.457 9.029 10.714 15.630 13.315 11.430 12.743 10.577 10.669 9.456 8.160 7.221 7.150 8.362 8.308 7.356 7.690 5.345 6.673 4.954 5.426 4.607 4.783 6.151 8.494 8.023 9.008 -999.250 -999.250 -999.250 -999.250 -999.250 -999.250 -999.250 -999.250 -999.250 -999.250 -999.250 -999.250 -999.250 -999.250 -999.250 -999.250 -999.250 -999.250 -999.250 -999.250 -999.250 -999.250 -999.250
0.000 0.000 0.000 0.000 0.000 0.000 0.000 0.000 0.000 0.000 0.000 0.000 0.000 0.000 0.000 0.000 0.000 0.000 0.000 1.219 3.088 6.585 8.856 11.115 10.237 9.002 9.005 8.463 7.711 7.396 7.007 5.348 5.309 7.503 9.447 5.560 4.771 4.172 5.418 4.110 5.560 5.783 5.811 7.211 6.380 9.050 -999.250 -999.250 -999.250 -999.250 -999.250 -999.250 -999.250 -999.250 -999.250 -999.250 -999.250 -999.250 -999.250 -999.250 -999.250 -999.250 -999.250 -999.250 -999.250 -999.250 -999.250 -999.250 -999.250 -999.250
0.000 0.000 0.000 0.000 0.000 0.000 0.000 0.000 0.000 0.000 0.000 0.000 0.000 0.000 0.000 0.000 0.000 0.000 0.000 0.000 2.803 5.198 6.461 7.812 6.877 6.134 6.395 4.863 5.950 5.607 2.744 3.721 4.174 4.608 4.670 4.921 3.068 3.970 3.755 2.908 3.925 5.276 5.927 6.062 7.954 9.541 8.916 -999.250 -999.250 -999.250 -999.250 -999.250 -999.250 -999.250 -999.250 -999.250 -999.250 -999.250 -999.250 -999.250 -999.250 -999.250 -999.250 -999.250 -999.250 -999.250 -999.250 -999.250 -999.250 -999.250
0.000 0.000 0.000 0.000 0.000 0.000 0.000 0.000 0.000 0.000 0.000 0.000 0.000 0.000 0.000 0.000 0.000 0.000 0.000 0.000 1.244 3.053 3.527 5.718 4.963 4.419 2.647 2.422 3.115 1.221 1.390 1.541 0.149 2.956 1.251 1.691 0.337 2.175 1.526 2.581 2.590 5.366 7.239 6.560 8.708 -999.250 -999.250 -999.250 -999.250 -999.250 -999.250 -999.250 -999.250 -999.250 -999.250 -999.250 -999.250 -999.250 -999.250 -999.250 -999.250 -999.250 -999.250 -999.250 -999.250 -999.250 -999.250 -999.250 -999.250 -999.250
0.000 0.000 0.000 0.000 0.000 0.000 0.000 0.000 0.000 0.000 0.000 0.000 0.000 0.000 0.000 0.000 0.000 0.000 0.000 0.000 1.174 1.974 2.953 2.580 2.726 3.351 2.303 2.012 0.912 0.000 0.000 0.000 0.000 0.000 0.000 0.000 0.000 0.564 2.350 2.177 2.349 5.052 5.458 8.624 -999.250 -999.250 -999.250 -999.250 -999.250 -999.250 -999.250 -999.250 -999.250 -999.250 -999.250 -999.250 -999.250 -999.250 -999.250 -999.250 -999.250 -999.250 -999.250 -999.250 -999.250 -999.250 -999.250 -999.250 -999.250 -999.250
0.000 0.000 0.000 0.000 0.000 0.000 0.000 0.000 0.000 0.000 0.000 0.000 0.000 0.000 0.000 0.000 0.000 2.137 0.933 0.322 0.325 0.883 1.731 2.004 0.064 1.170 2.171 0.000 0.000 0.000 0.000 0.000 0.000 0.000 0.000 0.000 0.000 0.000 0.234 0.039 2.952 5.368 7.309 7.710 -999.250 -999.250 -999.250 -999.250 -999.250 -999.250 -999.250 -999.250 -999.250 -999.250 -999.250 -999.250 -999.250 -999.250 -999.250 -999.250 -999.250 -999.250 -999.250 -999.250 -999.250 -999.250 -999.250 -999.250 -999.250 -999.250
0.000 0.000 0.000 0.000 0.000 0.000 0.000 0.000 0.000 0.000 0.000 0.000 0.000 0.000 0.000 0.000 0.000 0.000 0.000 1.435 0.000 0.529 0.434 0.853 0.126 0.020 0.571 0.000 0.000 0.000 0.000 0.000 0.000 0.000 0.000 0.000 0.000 0.000 0.000 2.536 4.044 6.354 8.384 -999.250 -999.250 -999.250 -999.250 -999.250 -999.250 -999.250 -999.250 -999.250 -999.250 -999.250 -999.250 -999.250 -999.250 -999.250 -999.250 -999.250 -999.250 -999.250 -999.250 -999.250 -999.250 -999.250 -999.250 -999.250 -999.250 -999.250
0.000 0.000 0.000 0.000 0.000 0.000 0.000 0.000 0.000 0.000 0.000 0.000 0.000 0.000 0.000 0.000 0.000 0.000 0.000 0.015 0.288 0.000 0.505 0.000 0.000 0.000 0.000 0.000 0.000 0.000 0.000 0.000 0.000 0.000 0.000 0.000 0.000 0.000 1.538 -999.250 -999.250 -999.250 -999.250 -999.250 -999.250 -999.250 -999.250 -999.250 -999.250 -999.250 -999.250 -999.250 -999.250 -999.250 -999.250 -999.250 -999.250 -999.250 -999.250 -999.250 -999.250 -999.250 -999.250 -999.250 -999.250 -999.250 -999.250 -999.250 -999.250 -999.250
0.000 0.000 0.000 0.000 0.000 0.000 0.000 0.000 0.000 0.000 0.000 0.000 0.000 0.000 0.000 0.000 0.000 0.000 0.000 0.818 1.082 0.360 0.619 0.000 0.020 0.000 0.000 0.000 0.000 0.000 0.000 0.000 0.000 0.000 0.000 0.000 0.000 -999.250 -999.250 -999.250 -999.250 -999.250 -999.250 -999.250 -999.250 -999.250 -999.250 -999.250 -999.250 -999.250 -999.250 -999.250 -999.250 -999.250 -999.250 -999.250 -999.250 -999.250 -999.250 -999.250 -999.250 -999.250 -999.250 -999.250 -999.250 -999.250 -999.250 -999.250 -999.250 -999.250
0.000 0.000 0.000 0.000 0.000 0.000 0.000 0.000 0.000 0.000 0.000 0.000 0.000 0.000 0.000 1.611 0.611 0.589 0.766 1.655 2.342 1.788 1.498 1.448 0.245 0.000 0.000 0.000 0.000 0.000 0.000 0.000 0.000 0.000 0.000 0.000 0.000 -999.250 -999.250 -999.250 -999.250 -999.250 -999.250 -999.250 -999.250 -999.250 -999.250 -999.250 -999.250 -999.250 -999.250 -999.250 -999.250 -999.250 -999.250 -999.250 -999.250 -999.250 -999.250 -999.250 -999.250 -999.250 -999.250 -999.250 -999.250 -999.250 -999.250 -999.250 -999.250 -999.250
0.000 0.000 0.000 0.000 0.000 0.000 0.000 0.000 0.000 0.000 0.000 0.000 0.865 0.600 1.077 0.946 0.831 1.763 2.337 3.303 1.597 1.206 1.930 2.198 1.640 1.168 0.000 0.031 0.000 0.000 0.000 0.000 0.000 0.000 0.000 0.000 0.040 -999.250 -999.250 -999.250 -999.250 -999.250 -999.250 -999.250 -999.250 -999.250 -999.250 -999.250 -999.250 -999.250 -999.250 -999.250 -999.250 -999.250 -999.250 -999.250 -999.250 -999.250 -999.250 -999.250 -999.250 -999.250 -999.250 -999.250 -999.250 -999.250 -999.250 -999.250 -999.250 -999.250
0.000 0.000 0.000 0.000 0.000 0.000 0.000 0.000 0.000 0.000 0.000 0.000 0.473 1.492 1.145 2.957 3.188 4.802 4.081 3.571 3.396 2.451 2.787 3.330 2.376 2.079 0.137 0.276 0.000 0.000 0.000 0.000 0.000 0.000 0.000 0.000 0.715 -999.250 -999.250 -999.250 -999.250 -999.250 -999.250 -999.250 -999.250 -999.250 -999.250 -999.250 -999.250 -999.250 -999.250 -999.250 -999.250 -999.250 -999.250 -999.250 -999.250 -999.250 -999.250 -999.250 -999.250 -999.250 -999.250 -999.250 -999.250 -999.250 -999.250 -999.250 -999.250 -999.250
0.000 0.000 0.000 0.000 0.000 0.000 0.000 0.000 0.000 0.000 0.000 0.000 0.066 1.997 2.358 2.285 4.655 7.549 6.147 5.356 3.604 3.835 3.922 5.436 1.918 1.948 2.602 2.363 1.056 0.833 1.249 0.000 0.000 0.000 0.000 0.110 0.952 -999.250 -999.250 -999.250 -999.250 -999.250 -999.250 -999.250 -999.250 -999.250 -999.250 -999.250 -999.250 -999.250 -999.250 -999.250 -999.250 -999.250 -999.250 -999.250 -999.250 -999.250 -999.250 -999.250 -999.250 -999.250 -999.250 -999.250 -999.250 -999.250 -999.250 -999.250 -999.250 -999.250
0.000 0.000 0.000 0.000 0.000 0.000 0.000 0.000 0.000 0.000 0.000 0.054 0.406 1.710 3.110 2.606 4.684 5.622 5.104 4.493 2.977 4.268 4.536 5.457 2.811 2.342 3.702 4.035 3.064 1.516 2.030 1.194 1.477 2.457 2.929 1.173 3.384 -999.250 -999.250 -999.250 -999.250 -999.250 -999.250 -999.250 -999.250 -999.250 -999.250 -999.250 -999.250 -999.250 -999.250 -999.250 -999.250 -999.250 -999.250 -999.250 -999.250 -999.250 -999.250 -999.250 -999.250 -999.250 -999.250 -999.250 -999.250 -999.250 -999.250 -999.250 -999.250 -999.250
0.000 0.000 0.000 0.000 0.000 0.000 1.051 0.487 0.709 0.339 0.000 0.000 0.000 1.127 2.052 1.441 2.153 4.276 4.679 2.617 3.473 4.060 5.544 6.839 3.111 3.265 2.265 4.800 3.813 4.299 4.292 4.531 5.603 5.308 2.532 4.108 4.321 4.011 2.904 -999.250 -999.250 -999.250 -999.250 -999.250 -999.250 -999.250 -999.250 -999.250 -999.250 -999.250 -999.250 -999.250 -999.250 -999.250 -999.250 -999.250 -999.250 -999.250 -999.250 -999.250 -999.250 -999.250 -999.250 -999.250 -999.250 -999.250 -999.250 -999.250 -999.250 -999.250
0.000 0.000 0.000 0.000 0.259 1.548 1.675 2.103 0.000 0.000 0.000 0.000 0.000 0.000 1.022 3.363 3.252 3.491 4.429 3.856 4.083 4.786 5.535 5.684 5.949 6.394 5.950 6.306 7.369 6.527 7.652 6.850 7.572 7.536 6.519 6.362 6.260 6.551 6.465 7.943 6.767 -999.250 -999.250 -999.250 -999.250 -999.250 -999.250 -999.250 -999.250 -999.250 -999.250 -999.250 -999.250 -999.250 -999.250 -999.250 -999.250 -999.250 -999.250 -999.250 -999.250 -999.250 -999.250 -999.250 -999.250 -999.250 -999.250 -999.250 -999.250 -999.250
0.000 0.000 0.000 0.000 1.110 2.254 2.384 0.847 0.956 0.000 0.000 0.000 1.290 0.481 0.909 1.723 3.250 2.402 3.251 4.963 4.666 5.993 7.162 5.721 7.002 8.323 7.201 9.423 11.423 10.464 9.631 8.486 7.926 9.221 8.135 8.082 8.205 7.738 8.758 8.237 9.925 -999.250 -999.250 -999.250 -999.250 -999.250 -999.250 -999.250 -999.250 -999.250 -999.250 -999.250 -999.250 -999.250 -999.250 -999.250 -999.250 -999.250 -999.250 -999.250 -999.250 -999.250 -999.250 -999.250 -999.250 -999.250 -999.250 -999.250 -999.250 -999.250
0.000 0.000 0.000 2.185 2.176 3.766 2.905 1.312 2.219 0.599 0.000 0.000 0.485 0.393 0.279 1.073 0.858 1.867 2.891 4.600 5.769 6.695 6.263 7.079 8.110 9.598 10.592 11.178 15.072 12.959 12.987 12.222 12.860 10.986 9.767 9.265 10.558 10.236 10.640 9.175 11.581 11.098 -999.250 -999.250 -999.250 -999.250 -999.250 -999.250 -999.250 -999.250 -999.250 -999.250 -999.250 -999.250 -999.250 -999.250 -999.250 -999.250 -999.250 -999.250 -999.250 -999.250 -999.250 -999.250 -999.250 -999.250 -999.250 -999.250 -999.250 -999.250
0.415 0.735 2.131 3.967 3.294 1.831 1.882 0.611 1.380 0.000 0.065 1.224 0.496 0.037 1.199 1.222 0.443 1.336 4.597 4.759 5.515 5.538 6.547 9.849 8.706 13.678 14.237 12.617 14.734 13.167 16.452 16.561 16.081 15.736 14.215 12.437 12.603 15.368 13.961 14.068 12.476 14.266 14.269 -999.250 -999.250 -999.250 -999.250 -999.250 -999.250 -999.250 -999.250 -999.250 -999.250 -999.250 -999.250 -999.250 -999.250 -999.250 -999.250 -999.250 -999.250 -999.250 -999.250 -999.250 -999.250 -999.250 -999.250 -999.250 -999.250 -999.250
3.693 3.290 4.304 5.461 3.603 4.656 4.421 3.207 1.445 1.408 1.817 1.306 0.089 1.253 0.071 2.083 2.204 0.966 5.723 3.561 4.186 4.925 6.389 9.041 14.452 15.135 19.959 17.290 19.268 25.494 16.120 22.298 23.224 17.085 19.300 16.349 16.719 14.516 13.778 16.154 15.491 14.529 11.971 -999.250 -999.250 -999.250 -999.250 -999.250 -999.250 -999.250 -999.250 -999.250 -999.250 -999.250 -999.250 -999.250 -999.250 -999.250 -999.250 -999.250 -999.250 -999.250 -999.250 -999.250 -999.250 -999.250 -999.250 -999.250 -999.250 -999.250
5.632 5.037 6.372 5.891 5.241 6.763 4.891 4.829 2.859 2.750 1.503 1.476 0.376 1.694 1.543 2.151 1.115 0.813 3.578 4.571 6.264 6.326 8.964 9.148 13.217 19.631 20.754 22.295 28.865 33.358 31.121 29.481 25.558 23.698 19.721 19.317 20.024 15.880 15.264 15.318 13.521 13.848 10.659 8.771 -999.250 -999.250 -999.250 -999.250 -999.250 -999.250 -999.250 -999.250 -999.250 -999.250 -999.250 -999.250 -999.250 -999.250 -999.250 -999.250 -999.250 -999.250 -999.250 -999.250 -999.250 -999.250 -999.250 -999.250 -999.250 -999.250
7.327 8.217 9.111 8.157 8.356 8.606 6.037 6.565 4.664 3.405 2.811 2.011 1.295 0.459 0.238 2.035 0.037 1.025 3.903 3.835 6.724 8.254 9.938 10.722 16.175 16.219 25.274 32.267 36.399 43.869 43.238 41.421 36.018 30.589 28.928 26.758 28.261 24.184 17.480 16.182 12.176 12.207 10.787 -999.250 -999.250 -999.250 -999.250 -999.250 -999.250 -999.250 -999.250 -999.250 -999.250 -999.250 -999.250 -999.250 -999.250 -999.250 -999.250 -999.250 -999.250 -999.250 -999.250 -999.250 -999.250 -999.250 -999.250 -999.250 -999.250 -999.250
11.170 9.844 9.759 11.309 9.476 9.276 7.987 6.328 7.090 4.466 2.546 1.787 0.000 0.000 0.000 1.882 1.780 1.077 3.899 4.107 6.742 8.234 11.433 12.649 18.376 21.025 32.279 35.074 39.997 53.207 45.562 50.133 48.485 35.678 31.543 29.461 26.242 25.579 21.150 18.599 11.247 11.515 9.563 -999.250 -999.250 -999.250 -999.250 -999.250 -999.250 -999.250 -999.250 -999.250 -999.250 -999.250 -999.250 -999.250 -999.250 -999.250 -999.250 -999.250 -999.250 -999.250 -999.250 -999.250 -999.250 -999.250 -999.250 -999.250 -999.250 -999.250
13.200 12.465 13.332 11.138 10.290 8.794 9.027 7.125 6.008 4.323 2.805 0.119 0.000 0.000 0.000 0.193 1.076 1.583 3.832 3.506 5.626 7.415 9.333 14.864 17.634 22.203 30.875 42.248 48.977 63.014 59.114 58.292 46.759 37.975 31.064 30.030 28.414 28.272 23.603 16.874 14.002 11.447 10.847 -999.250 -999.250 -999.250 -999.250 -999.250 -999.250 -999.250 -999.250 -999.250 -999.250 -999.250 -999.250 -999.250 -999.250 -999.250 -999.250 -999.250 -999.250 -999.250 -999.250 -999.250 -999.250 -999.250 -999.250 -999.250 -999.250 -999.250
19.988 13.806 13.943 13.369 11.490 10.059 9.270 6.895 6.190 2.931 1.540 1.629 0.000 0.000 0.000 0.000 0.449 0.674 2.305 4.182 6.043 7.898 9.145 15.710 17.524 30.008 32.981 46.647 54.024 51.428 67.520 69.636 62.560 43.640 42.196 39.792 34.205 26.011 24.229 19.475 17.458 13.613 10.395 -999.250 -999.250 -999.250 -999.250 -999.250 -999.250 -999.250 -999.250 -999.250 -999.250 -999.250 -999.250 -999.250 -999.250 -999.250 -999.250 -999.250 -999.250 -999.250 -999.250 -999.250 -999.250 -999.250 -999.250 -999.250 -999.250 -999.250
12.928 13.410 13.358 14.068 11.198 9.705 8.921 7.035 5.177 3.749 4.191 0.000 0.000 0.000 0.000 0.000 0.000 0.000 1.609 4.371 6.236 8.031 8.417 14.914 22.241 25.454 37.916 42.691 50.450 60.465 74.599 71.210 54.691 50.390 59.388 40.621 36.633 31.329 23.108 16.572 17.317 14.961 -999.250 -999.250 -999.250 -999.250 -999.250 -999.250 -999.250 -999.250 -999.250 -999.250 -999.250 -999.250 -999.250 -999.250 -999.250 -999.250 -999.250 -999.250 -999.250 -999.250 -999.250 -999.250 -999.250 -999.250 -999.250 -999.250 -999.250 -999.250
