data/medianmodel_19-Nov-2020.asc
ncols	141
nrows	288
xllcorner	-120191.398
yllcorner	-301404.813
cellsize	2000.000
NODATA_value	-999.250
[rows 174 to 202 of 288, columns 65 to 129 of 141]
480.727 421.475 364.081 365.573 335.058 317.463 307.106 302.843 317.845 303.556 282.836 261.099 254.103 261.439 263.879 280.131 285.378 314.018 331.773 360.420 357.235 343.391 400.497 381.421 413.383 439.867 427.314 441.107 391.362 434.991 396.790 377.026 376.517 392.546 355.123 383.233 375.104 394.601 384.206 362.761 402.339 368.988 389.122 386.129 367.153 -999.250 -999.250 -999.250 -999.250 -999.250 -999.250 -999.250 -999.250 -999.250 -999.250 -999.250 -999.250 -999.250 -999.250 -999.250 -999.250 -999.250 -999.250 -999.250 -999.250
455.494 426.278 394.393 363.891 333.981 322.593 307.810 305.135 301.699 307.548 264.572 295.563 251.751 244.751 248.235 265.760 310.957 308.725 316.266 322.453 347.671 346.718 360.880 346.455 375.902 388.375 387.534 397.636 370.772 423.032 415.714 393.143 389.872 382.100 367.799 383.624 346.933 366.805 379.634 361.998 418.937 385.479 384.443 366.982 -999.250 -999.250 -999.250 -999.250 -999.250 -999.250 -999.250 -999.250 -999.250 -999.250 -999.250 -999.250 -999.250 -999.250 -999.250 -999.250 -999.250 -999.250 -999.250 -999.250 -999.250
476.033 411.116 391.957 365.620 347.829 326.483 322.622 332.883 327.157 297.815 284.683 268.554 274.193 242.403 203.989 259.061 300.683 308.749 309.237 329.301 335.362 336.016 353.085 349.695 375.478 353.015 361.580 389.882 381.486 402.011 353.636 395.111 395.578 388.795 408.294 379.725 384.056 353.554 375.207 393.568 399.409 386.565 375.409 376.663 -999.250 -999.250 -999.250 -999.250 -999.250 -999.250 -999.250 -999.250 -999.250 -999.250 -999.250 -999.250 -999.250 -999.250 -999.250 -999.250 -999.250 -999.250 -999.250 -999.250 -999.250
486.756 422.271 381.508 355.385 355.209 324.337 324.523 316.469 304.240 278.553 283.374 270.540 259.419 247.542 256.622 277.618 280.136 303.805 320.512 323.100 332.217 338.128 338.735 360.116 348.611 358.101 412.679 386.181 386.164 376.578 354.683 377.992 363.682 378.993 406.814 380.823 384.833 373.035 390.176 392.281 396.303 396.496 394.370 -999.250 -999.250 -999.250 -999.250 -999.250 -999.250 -999.250 -999.250 -999.250 -999.250 -999.250 -999.250 -999.250 -999.250 -999.250 -999.250 -999.250 -999.250 -999.250 -999.250 -999.250 -999.250
493.213 419.228 399.923 365.389 339.761 347.073 331.077 317.557 304.189 291.078 276.234 293.594 278.740 285.428 277.417 290.231 296.433 306.375 312.941 305.885 317.524 325.720 329.198 330.994 342.538 358.898 375.443 360.720 362.805 362.561 372.402 386.478 389.037 389.936 393.558 375.650 370.507 359.452 396.317 415.877 391.546 378.508 369.682 -999.250 -999.250 -999.250 -999.250 -999.250 -999.250 -999.250 -999.250 -999.250 -999.250 -999.250 -999.250 -999.250 -999.250 -999.250 -999.250 -999.250 -999.250 -999.250 -999.250 -999.250 -999.250
431.371 383.013 376.055 328.597 327.897 326.844 326.896 289.693 279.843 284.057 292.603 293.361 274.992 300.280 291.048 293.962 308.036 317.133 302.748 334.986 323.206 314.331 327.854 315.464 332.379 328.066 342.180 349.651 347.603 368.592 346.177 373.455 381.435 382.793 376.313 400.427 388.534 373.596 388.988 376.546 385.513 366.293 -999.250 -999.250 -999.250 -999.250 -999.250 -999.250 -999.250 -999.250 -999.250 -999.250 -999.250 -999.250 -999.250 -999.250 -999.250 -999.250 -999.250 -999.250 -999.250 -999.250 -999.250 -999.250 -999.250
391.089 369.130 359.013 328.444 323.667 296.015 306.660 287.295 281.267 289.716 286.762 272.613 300.174 301.221 296.226 313.494 310.263 317.557 321.192 328.720 325.323 316.062 302.626 278.277 297.364 319.119 330.887 316.079 324.825 339.494 363.841 357.348 369.253 413.720 379.210 376.636 386.898 384.097 412.125 405.358 381.756 362.319 -999.250 -999.250 -999.250 -999.250 -999.250 -999.250 -999.250 -999.250 -999.250 -999.250 -999.250 -999.250 -999.250 -999.250 -999.250 -999.250 -999.250 -999.250 -999.250 -999.250 -999.250 -999.250 -999.250
389.285 344.140 348.430 314.978 278.339 302.106 291.716 294.749 287.159 303.479 295.906 286.551 299.953 311.336 319.765 312.988 328.060 326.050 313.644 330.424 301.463 294.010 292.336 284.186 263.833 282.273 293.296 293.654 320.991 322.101 339.132 331.368 355.278 380.500 379.879 372.028 370.530 385.412 391.581 361.069 397.329 358.822 -999.250 -999.250 -999.250 -999.250 -999.250 -999.250 -999.250 -999.250 -999.250 -999.250 -999.250 -999.250 -999.250 -999.250 -999.250 -999.250 -999.250 -999.250 -999.250 -999.250 -999.250 -999.250 -999.250
346.420 348.678 332.034 331.281 299.491 281.313 284.594 280.075 292.000 307.722 319.869 311.750 323.877 323.466 333.487 318.273 322.409 320.136 316.511 306.511 325.392 307.988 288.835 251.269 238.786 255.684 258.810 292.204 317.333 333.917 326.261 337.844 358.135 362.797 364.804 368.585 362.071 354.241 346.343 363.278 362.152 -999.250 -999.250 -999.250 -999.250 -999.250 -999.250 -999.250 -999.250 -999.250 -999.250 -999.250 -999.250 -999.250 -999.250 -999.250 -999.250 -999.250 -999.250 -999.250 -999.250 -999.250 -999.250 -999.250 -999.250
336.054 299.889 316.589 304.096 321.494 270.305 260.720 279.446 291.252 304.559 338.938 316.886 318.622 333.249 325.454 314.577 332.738 317.196 274.984 292.286 307.155 297.167 266.261 235.376 218.555 201.947 218.301 272.719 309.161 325.461 339.483 351.933 349.464 354.974 363.576 379.006 366.200 345.869 355.536 353.751 -999.250 -999.250 -999.250 -999.250 -999.250 -999.250 -999.250 -999.250 -999.250 -999.250 -999.250 -999.250 -999.250 -999.250 -999.250 -999.250 -999.250 -999.250 -999.250 -999.250 -999.250 -999.250 -999.250 -999.250 -999.250
284.978 290.203 289.211 267.355 274.864 275.304 264.348 295.040 302.223 309.536 299.103 338.792 332.218 322.468 320.692 333.582 336.445 319.266 306.968 295.279 303.923 284.962 250.740 224.267 193.091 133.611 211.812 271.928 295.119 312.100 331.545 342.984 334.408 346.109 355.328 367.592 363.853 353.617 354.882 358.824 -999.250 -999.250 -999.250 -999.250 -999.250 -999.250 -999.250 -999.250 -999.250 -999.250 -999.250 -999.250 -999.250 -999.250 -999.250 -999.250 -999.250 -999.250 -999.250 -999.250 -999.250 -999.250 -999.250 -999.250 -999.250
245.871 235.668 230.107 244.481 268.272 282.484 277.080 302.309 283.661 296.503 326.743 323.251 328.793 308.045 332.709 330.267 336.358 331.158 315.852 309.444 292.128 268.684 244.943 224.651 209.327 196.947 224.051 278.296 288.518 304.697 329.326 325.608 335.445 344.577 369.546 339.419 357.300 360.919 -999.250 -999.250 -999.250 -999.250 -999.250 -999.250 -999.250 -999.250 -999.250 -999.250 -999.250 -999.250 -999.250 -999.250 -999.250 -999.250 -999.250 -999.250 -999.250 -999.250 -999.250 -999.250 -999.250 -999.250 -999.250 -999.250 -999.250
180.022 190.750 209.433 230.715 279.867 284.329 273.342 317.093 336.916 312.755 327.633 321.393 323.388 348.271 358.658 345.655 342.121 352.773 344.551 321.771 300.306 287.456 255.873 246.877 243.281 243.255 248.171 288.350 304.448 309.742 331.467 334.788 332.063 339.641 345.259 350.708 337.898 -999.250 -999.250 -999.250 -999.250 -999.250 -999.250 -999.250 -999.250 -999.250 -999.250 -999.250 -999.250 -999.250 -999.250 -999.250 -999.250 -999.250 -999.250 -999.250 -999.250 -999.250 -999.250 -999.250 -999.250 -999.250 -999.250 -999.250 -999.250
86.605 165.352 212.379 236.338 255.257 293.015 305.250 319.299 313.042 322.891 319.140 323.393 344.857 346.830 334.646 371.492 359.895 356.947 360.838 322.741 298.326 270.121 268.671 250.466 268.808 272.286 283.811 276.584 292.115 304.979 329.218 333.116 337.072 351.946 330.919 339.019 -999.250 -999.250 -999.250 -999.250 -999.250 -999.250 -999.250 -999.250 -999.250 -999.250 -999.250 -999.250 -999.250 -999.250 -999.250 -999.250 -999.250 -999.250 -999.250 -999.250 -999.250 -999.250 -999.250 -999.250 -999.250 -999.250 -999.250 -999.250 -999.250
178.894 190.716 217.136 250.616 269.133 299.215 317.694 312.859 346.000 316.135 336.014 342.074 348.779 378.943 343.582 345.582 361.595 370.366 374.479 325.572 311.001 280.891 256.701 281.983 275.673 284.324 282.672 273.927 302.834 314.113 347.279 333.766 317.193 344.432 332.540 -999.250 -999.250 -999.250 -999.250 -999.250 -999.250 -999.250 -999.250 -999.250 -999.250 -999.250 -999.250 -999.250 -999.250 -999.250 -999.250 -999.250 -999.250 -999.250 -999.250 -999.250 -999.250 -999.250 -999.250 -999.250 -999.250 -999.250 -999.250 -999.250 -999.250
218.064 232.921 253.189 282.096 303.009 301.313 335.797 343.144 343.367 342.162 362.997 372.483 382.636 352.473 372.075 381.266 375.583 385.137 358.021 340.447 332.850 280.159 277.372 271.722 286.095 291.565 310.186 305.181 315.801 322.142 344.860 303.547 300.851 -999.250 -999.250 -999.250 -999.250 -999.250 -999.250 -999.250 -999.250 -999.250 -999.250 -999.250 -999.250 -999.250 -999.250 -999.250 -999.250 -999.250 -999.250 -999.250 -999.250 -999.250 -999.250 -999.250 -999.250 -999.250 -999.250 -999.250 -999.250 -999.250 -999.250 -999.250 -999.250
279.943 285.967 276.317 286.147 314.053 319.683 360.990 358.740 352.286 360.899 376.382 375.260 408.228 411.889 403.927 424.944 386.554 372.049 367.429 367.919 338.668 311.503 310.489 288.604 291.276 281.268 296.896 308.884 315.342 328.611 338.049 320.043 308.109 -999.250 -999.250 -999.250 -999.250 -999.250 -999.250 -999.250 -999.250 -999.250 -999.250 -999.250 -999.250 -999.250 -999.250 -999.250 -999.250 -999.250 -999.250 -999.250 -999.250 -999.250 -999.250 -999.250 -999.250 -999.250 -999.250 -999.250 -999.250 -999.250 -999.250 -999.250 -999.250
314.731 298.357 319.944 312.465 325.663 342.709 347.853 372.476 375.576 412.406 423.800 421.646 454.890 447.528 425.122 437.303 407.245 371.704 360.294 349.786 344.523 319.006 325.560 305.384 295.465 281.031 291.607 283.324 310.624 318.327 329.273 334.028 -999.250 -999.250 -999.250 -999.250 -999.250 -999.250 -999.250 -999.250 -999.250 -999.250 -999.250 -999.250 -999.250 -999.250 -999.250 -999.250 -999.250 -999.250 -999.250 -999.250 -999.250 -999.250 -999.250 -999.250 -999.250 -999.250 -999.250 -999.250 -999.250 -999.250 -999.250 -999.250 -999.250
324.128 333.750 339.399 348.757 337.188 352.029 347.253 354.560 420.997 427.071 433.550 451.101 447.696 464.747 462.913 448.137 386.933 380.727 370.270 345.812 351.554 331.204 314.837 318.107 292.408 291.803 307.520 316.659 317.793 305.170 313.517 336.485 -999.250 -999.250 -999.250 -999.250 -999.250 -999.250 -999.250 -999.250 -999.250 -999.250 -999.250 -999.250 -999.250 -999.250 -999.250 -999.250 -999.250 -999.250 -999.250 -999.250 -999.250 -999.250 -999.250 -999.250 -999.250 -999.250 -999.250 -999.250 -999.250 -999.250 -999.250 -999.250 -999.250
353.765 357.979 362.580 371.530 358.338 402.733 384.475 391.295 412.165 419.708 429.963 470.970 472.015 492.394 486.348 463.325 428.279 397.792 362.034 359.179 345.144 344.714 324.263 311.635 305.144 290.968 295.123 288.743 295.526 318.128 309.613 312.862 -999.250 -999.250 -999.250 -999.250 -999.250 -999.250 -999.250 -999.250 -999.250 -999.250 -999.250 -999.250 -999.250 -999.250 -999.250 -999.250 -999.250 -999.250 -999.250 -999.250 -999.250 -999.250 -999.250 -999.250 -999.250 -999.250 -999.250 -999.250 -999.250 -999.250 -999.250 -999.250 -999.250
370.676 394.794 378.716 373.232 390.013 393.674 385.862 413.119 427.642 440.868 450.546 470.377 471.403 480.998 494.083 481.564 462.162 409.191 400.332 372.479 365.732 350.195 333.760 315.594 276.371 248.434 248.299 285.732 304.146 302.543 303.723 327.584 -999.250 -999.250 -999.250 -999.250 -999.250 -999.250 -999.250 -999.250 -999.250 -999.250 -999.250 -999.250 -999.250 -999.250 -999.250 -999.250 -999.250 -999.250 -999.250 -999.250 -999.250 -999.250 -999.250 -999.250 -999.250 -999.250 -999.250 -999.250 -999.250 -999.250 -999.250 -999.250 -999.250
374.366 385.115 385.449 387.223 402.257 397.815 421.681 474.043 409.268 430.195 476.499 489.927 490.332 473.164 485.484 500.410 508.047 460.235 432.299 400.623 382.128 380.774 334.212 316.173 263.225 200.321 255.441 275.298 289.836 306.781 332.547 312.266 323.449 -999.250 -999.250 -999.250 -999.250 -999.250 -999.250 -999.250 -999.250 -999.250 -999.250 -999.250 -999.250 -999.250 -999.250 -999.250 -999.250 -999.250 -999.250 -999.250 -999.250 -999.250 -999.250 -999.250 -999.250 -999.250 -999.250 -999.250 -999.250 -999.250 -999.250 -999.250 -999.250
389.786 419.745 415.892 412.701 389.847 412.544 435.186 461.518 410.613 448.024 469.267 470.616 499.595 472.966 490.077 478.158 483.565 464.287 417.938 405.998 409.859 365.804 367.062 335.705 313.014 270.711 280.835 287.993 295.876 320.063 325.752 349.546 321.036 -999.250 -999.250 -999.250 -999.250 -999.250 -999.250 -999.250 -999.250 -999.250 -999.250 -999.250 -999.250 -999.250 -999.250 -999.250 -999.250 -999.250 -999.250 -999.250 -999.250 -999.250 -999.250 -999.250 -999.250 -999.250 -999.250 -999.250 -999.250 -999.250 -999.250 -999.250 -999.250
387.869 425.913 417.069 399.409 424.164 386.410 440.229 481.822 479.419 410.085 459.861 456.540 464.298 456.143 446.082 495.043 476.531 446.081 465.724 480.220 466.941 434.706 402.818 324.109 318.432 307.751 308.157 318.023 291.100 317.169 327.842 337.082 -999.250 -999.250 -999.250 -999.250 -999.250 -999.250 -999.250 -999.250 -999.250 -999.250 -999.250 -999.250 -999.250 -999.250 -999.250 -999.250 -999.250 -999.250 -999.250 -999.250 -999.250 -999.250 -999.250 -999.250 -999.250 -999.250 -999.250 -999.250 -999.250 -999.250 -999.250 -999.250 -999.250
412.458 415.921 450.872 427.498 381.476 392.690 441.467 458.576 419.508 441.262 452.757 431.429 434.176 457.009 467.783 487.599 476.337 489.920 453.480 472.993 482.356 431.863 395.194 341.973 339.680 356.775 341.242 325.913 328.138 322.751 313.208 -999.250 -999.250 -999.250 -999.250 -999.250 -999.250 -999.250 -999.250 -999.250 -999.250 -999.250 -999.250 -999.250 -999.250 -999.250 -999.250 -999.250 -999.250 -999.250 -999.250 -999.250 -999.250 -999.250 -999.250 -999.250 -999.250 -999.250 -999.250 -999.250 -999.250 -999.250 -999.250 -999.250 -999.250
447.106 407.479 466.559 453.805 431.764 441.162 444.953 456.314 460.510 423.820 462.437 458.199 438.228 459.216 488.754 479.393 484.928 498.058 504.839 489.625 480.379 464.476 442.327 411.191 396.050 370.673 335.168 337.907 333.667 330.878 318.484 -999.250 -999.250 -999.250 -999.250 -999.250 -999.250 -999.250 -999.250 -999.250 -999.250 -999.250 -999.250 -999.250 -999.250 -999.250 -999.250 -999.250 -999.250 -999.250 -999.250 -999.250 -999.250 -999.250 -999.250 -999.250 -999.250 -999.250 -999.250 -999.250 -999.250 -999.250 -999.250 -999.250 -999.250
461.210 432.954 415.920 466.043 436.239 409.863 460.713 463.557 456.284 456.319 449.317 480.469 447.653 477.327 499.274 494.359 508.090 517.336 490.900 488.292 469.823 419.391 440.634 413.539 431.240 405.183 358.770 328.391 334.141 322.312 322.954 -999.250 -999.250 -999.250 -999.250 -999.250 -999.250 -999.250 -999.250 -999.250 -999.250 -999.250 -999.250 -999.250 -999.250 -999.250 -999.250 -999.250 -999.250 -999.250 -999.250 -999.250 -999.250 -999.250 -999.250 -999.250 -999.250 -999.250 -999.250 -999.250 -999.250 -999.250 -999.250 -999.250 -999.250
430.948 403.540 416.852 462.916 461.748 442.402 451.634 452.898 447.550 459.669 462.887 488.217 450.830 477.729 497.732 469.649 514.747 524.481 509.281 492.179 491.014 462.442 451.015 458.211 453.741 376.427 354.770 367.855 334.677 316.670 313.183 -999.250 -999.250 -999.250 -999.250 -999.250 -999.250 -999.250 -999.250 -999.250 -999.250 -999.250 -999.250 -999.250 -999.250 -999.250 -999.250 -999.250 -999.250 -999.250 -999.250 -999.250 -999.250 -999.250 -999.250 -999.250 -999.250 -999.250 -999.250 -999.250 -999.250 -999.250 -999.250 -999.250 -999.250
437.424 419.239 454.045 453.115 446.907 441.097 457.473 448.716 457.798 422.908 444.796 489.508 461.496 497.406 504.818 488.538 478.466 500.409 521.621 527.059 512.228 517.334 453.965 426.112 460.733 413.025 379.522 350.315 331.991 313.220 -999.250 -999.250 -999.250 -999.250 -999.250 -999.250 -999.250 -999.250 -999.250 -999.250 -999.250 -999.250 -999.250 -999.250 -999.250 -999.250 -999.250 -999.250 -999.250 -999.250 -999.250 -999.250 -999.250 -999.250 -999.250 -999.250 -999.250 -999.250 -999.250 -999.250 -999.250 -999.250 -999.250 -999.250 -999.250
