data/medianmodel_23-Mar-2020.asc
ncols	141
nrows	288
xllcorner	-120191.398
yllcorner	-301404.813
cellsize	2000.000
NODATA_value	-999.250
[rows 124 to 154 of 288, columns 0 to 69 of 141]
-999.250 -999.250 -999.250 -999.250 -999.250 -999.250 -999.250 -999.250 -999.250 -999.250 -999.250 -999.250 -999.250 -999.250 -999.250 -999.250 -999.250 -999.250 -999.250 -999.250 -999.250 -999.250 -999.250 -999.250 4.549 5.557 5.041 4.252 6.600 7.574 6.914 7.670 6.016 7.477 10.529 7.417 9.578 9.729 10.505 10.595 8.877 6.979 6.230 4.585 3.929 1.382 0.000 0.000 0.000 0.000 0.000 0.000 0.000 0.000 0.000 0.000 0.000 0.000 0.000 0.000 0.026 0.003 1.553 1.175 0.093 0.000 0.000 0.000 0.188 0.440
-999.250 -999.250 -999.250 -999.250 -999.250 -999.250 -999.250 -999.250 -999.250 -999.250 -999.250 -999.250 -999.250 -999.250 -999.250 -999.250 -999.250 -999.250 -999.250 -999.250 -999.250 -999.250 -999.250 -999.250 4.813 4.492 4.846 4.306 4.596 5.051 6.656 5.921 6.391 4.502 6.947 6.262 7.817 7.615 10.876 10.462 7.539 6.919 5.339 3.247 2.454 0.781 0.000 0.000 0.000 0.000 0.000 0.000 0.000 0.000 0.000 0.000 0.000 0.000 0.191 0.000 0.000 0.000 0.000 1.778 0.000 0.502 0.000 0.000 0.683 1.822
-999.250 -999.250 -999.250 -999.250 -999.250 -999.250 -999.250 -999.250 -999.250 -999.250 -999.250 -999.250 -999.250 -999.250 -999.250 -999.250 -999.250 -999.250 -999.250 -999.250 -999.250 -999.250 -999.250 5.463 6.115 3.982 5.097 3.394 3.810 3.724 5.178 5.278 4.072 3.898 7.450 6.103 7.160 7.911 8.040 7.385 6.070 5.157 4.137 3.770 0.998 0.192 0.000 0.000 0.000 0.000 0.000 0.000 0.000 0.000 0.000 0.000 0.000 0.417 0.642 0.259 0.000 0.000 0.000 0.000 0.000 0.000 0.000 1.198 2.809 2.483
-999.250 -999.250 -999.250 -999.250 -999.250 -999.250 -999.250 -999.250 -999.250 -999.250 -999.250 -999.250 -999.250 -999.250 -999.250 -999.250 -999.250 -999.250 -999.250 -999.250 -999.250 -999.250 -999.250 4.565 5.444 5.058 5.358 3.556 3.928 4.408 3.429 4.687 2.869 3.289 6.454 6.098 4.665 4.995 5.574 6.331 5.048 5.309 4.598 3.939 1.418 0.929 0.000 0.000 0.000 0.000 0.000 0.000 0.000 0.000 0.000 0.000 0.000 0.000 0.596 1.135 0.000 0.000 0.000 0.000 0.080 0.000 0.000 1.109 0.914 0.812
-999.250 -999.250 -999.250 -999.250 -999.250 -999.250 -999.250 -999.250 -999.250 -999.250 -999.250 -999.250 -999.250 -999.250 -999.250 -999.250 -999.250 -999.250 -999.250 -999.250 -999.250 -999.250 -999.250 4.578 3.874 3.646 4.499 3.652 3.919 4.680 2.813 3.184 3.575 4.950 5.120 5.316 5.118 3.924 4.977 5.345 6.558 5.332 4.424 2.685 0.955 0.098 0.000 0.000 0.000 0.000 0.000 0.000 0.000 0.000 0.000 0.000 0.000 1.450 2.024 1.710 0.000 0.000 0.000 0.000 0.438 0.143 0.006 0.933 1.286 0.675
-999.250 -999.250 -999.250 -999.250 -999.250 -999.250 -999.250 -999.250 -999.250 -999.250 -999.250 -999.250 -999.250 -999.250 -999.250 -999.250 -999.250 -999.250 -999.250 -999.250 -999.250 -999.250 3.797 2.030 3.023 3.642 3.550 3.281 3.578 4.378 3.248 3.996 4.973 4.971 6.234 5.994 4.942 4.667 5.897 5.879 6.434 4.370 4.096 2.646 1.047 1.535 0.000 0.000 0.000 0.000 0.000 0.000 0.000 0.000 0.000 0.041 0.000 0.000 0.000 0.000 0.220 0.000 0.000 0.000 0.000 0.562 0.943 0.910 0.145 1.349
-999.250 -999.250 -999.250 -999.250 -999.250 -999.250 -999.250 -999.250 -999.250 -999.250 -999.250 -999.250 -999.250 -999.250 -999.250 -999.250 -999.250 -999.250 -999.250 -999.250 -999.250 -999.250 4.668 4.098 4.683 4.941 5.395 3.433 2.046 2.741 2.123 3.461 4.197 5.156 4.848 5.285 4.687 4.034 7.105 4.098 5.240 5.669 4.664 3.857 2.579 1.678 0.207 0.000 0.000 0.000 0.000 0.000 0.000 0.000 0.000 0.000 0.000 0.367 0.618 0.669 0.439 0.127 0.000 0.000 0.000 0.000 0.000 0.776 0.516 0.686
-999.250 -999.250 -999.250 -999.250 -999.250 -999.250 -999.250 -999.250 -999.250 -999.250 -999.250 -999.250 -999.250 -999.250 -999.250 -999.250 -999.250 -999.250 -999.250 -999.250 -999.250 4.694 4.533 6.070 5.194 4.610 4.329 2.650 3.228 1.885 1.597 3.383 4.422 4.880 4.866 5.525 5.754 4.184 6.258 3.673 4.625 4.434 3.181 3.521 2.498 1.577 0.041 0.000 0.000 0.000 0.000 0.000 0.000 0.000 0.000 0.000 0.000 0.000 0.048 0.164 1.342 0.797 0.000 0.000 0.000 0.000 0.000 0.000 0.000 0.196
-999.250 -999.250 -999.250 -999.250 -999.250 -999.250 -999.250 -999.250 -999.250 -999.250 -999.250 -999.250 -999.250 -999.250 -999.250 -999.250 -999.250 -999.250 -999.250 -999.250 -999.250 4.560 4.022 4.294 4.005 4.030 4.056 2.494 2.192 3.057 2.810 4.559 5.652 4.250 4.085 4.192 6.451 5.211 5.018 3.715 4.938 4.174 3.386 3.469 2.113 2.337 1.815 0.000 0.000 0.000 0.000 0.000 0.000 0.000 0.000 0.000 0.000 0.069 0.000 0.529 0.665 0.000 0.000 0.000 0.000 0.000 0.000 0.000 0.000 0.000
-999.250 -999.250 -999.250 -999.250 -999.250 -999.250 -999.250 -999.250 -999.250 -999.250 -999.250 -999.250 -999.250 -999.250 -999.250 -999.250 -999.250 -999.250 -999.250 -999.250 -999.250 4.648 4.342 3.670 3.028 4.497 2.972 3.844 2.077 2.789 3.166 4.116 4.975 3.541 5.710 4.832 5.826 6.229 4.432 5.293 4.124 3.308 2.634 4.085 4.342 2.280 0.061 0.000 0.000 0.000 0.000 0.000 0.000 0.000 0.000 0.000 0.000 0.384 0.100 0.314 0.715 0.000 0.000 0.000 0.000 0.000 0.000 0.000 0.000 0.000
-999.250 -999.250 -999.250 -999.250 -999.250 -999.250 -999.250 -999.250 -999.250 -999.250 -999.250 -999.250 -999.250 -999.250 -999.250 -999.250 -999.250 -999.250 -999.250 -999.250 3.429 3.326 3.712 3.135 2.811 2.797 1.802 2.336 2.492 3.766 4.579 4.767 3.992 4.796 5.212 4.716 4.460 4.005 4.007 3.395 3.643 4.088 4.301 4.287 2.838 1.402 0.143 0.006 0.000 0.000 0.000 0.000 0.000 0.000 0.000 0.000 0.000 0.000 0.000 0.000 0.000 0.000 0.000 0.000 0.000 0.000 0.000 0.000 0.000 0.000
-999.250 -999.250 -999.250 -999.250 -999.250 -999.250 -999.250 -999.250 -999.250 -999.250 -999.250 -999.250 -999.250 -999.250 -999.250 -999.250 -999.250 -999.250 -999.250 -999.250 2.122 1.852 2.602 3.083 1.725 1.544 1.412 2.961 2.077 3.407 5.486 5.258 5.055 4.972 4.408 3.984 3.807 4.129 4.682 4.562 4.495 4.623 4.733 3.482 1.630 0.971 0.476 0.179 0.312 0.226 0.000 0.000 0.000 0.000 0.000 0.000 0.000 0.000 0.000 0.000 0.000 0.000 0.000 0.000 0.000 0.000 0.000 0.000 0.000 0.000
-999.250 -999.250 -999.250 -999.250 -999.250 -999.250 -999.250 -999.250 -999.250 -999.250 -999.250 -999.250 -999.250 -999.250 -999.250 -999.250 -999.250 -999.250 -999.250 -999.250 1.244 0.781 1.335 1.132 1.235 1.698 1.565 2.275 2.416 3.941 5.666 5.194 3.487 4.378 3.278 4.560 5.381 5.009 4.683 4.979 4.506 4.755 4.523 4.580 2.042 0.537 1.510 1.030 0.829 0.000 0.000 0.000 0.053 0.000 0.000 0.149 0.000 0.000 0.000 0.000 0.000 0.000 0.000 0.000 0.000 0.000 0.000 0.000 0.000 0.000
-999.250 -999.250 -999.250 -999.250 -999.250 -999.250 -999.250 -999.250 -999.250 -999.250 -999.250 -999.250 -999.250 -999.250 -999.250 -999.250 -999.250 -999.250 -999.250 -999.250 0.504 0.060 0.227 0.577 1.371 0.808 1.605 1.587 2.251 4.389 6.264 4.991 3.993 4.058 3.149 2.817 4.223 5.196 3.955 3.788 4.541 3.467 3.174 3.348 2.708 1.935 1.331 1.005 0.000 0.000 0.768 0.409 0.850 0.922 0.297 0.176 0.000 0.000 0.000 0.000 0.000 0.000 0.000 0.000 0.000 0.000 0.000 0.000 0.000 0.250
-999.250 -999.250 -999.250 -999.250 -999.250 -999.250 -999.250 -999.250 -999.250 -999.250 -999.250 -999.250 -999.250 -999.250 -999.250 -999.250 -999.250 -999.250 -999.250 0.662 0.000 0.000 0.000 0.605 0.000 0.217 2.024 2.476 2.853 3.686 4.488 2.928 4.050 4.610 5.936 2.795 3.195 4.246 4.695 3.686 3.946 3.304 2.131 3.047 2.372 1.541 1.525 0.028 0.681 0.282 1.996 1.708 1.367 1.660 1.121 0.851 0.111 0.000 0.000 0.000 0.000 0.000 0.000 0.000 0.248 0.000 0.000 0.000 0.000 0.114
-999.250 -999.250 -999.250 -999.250 -999.250 -999.250 -999.250 -999.250 -999.250 -999.250 -999.250 -999.250 -999.250 -999.250 -999.250 -999.250 -999.250 -999.250 -999.250 0.000 0.000 0.000 0.000 0.000 0.000 0.027 0.000 0.077 0.497 0.421 1.376 2.129 3.212 4.628 4.679 3.630 3.782 4.580 5.059 3.421 3.332 4.074 3.259 2.769 2.021 1.900 1.409 1.102 1.866 1.678 1.397 2.559 3.342 3.463 1.757 0.600 0.636 0.000 0.000 0.000 0.000 0.000 0.000 0.000 0.000 0.326 0.198 0.605 0.070 0.901
-999.250 -999.250 -999.250 -999.250 -999.250 -999.250 -999.250 -999.250 -999.250 -999.250 -999.250 -999.250 -999.250 -999.250 -999.250 -999.250 -999.250 -999.250 -999.250 0.000 0.000 0.000 0.000 0.000 0.000 0.000 0.000 0.000 0.000 0.000 0.000 1.458 2.685 4.488 5.072 4.215 4.317 5.607 4.656 4.255 2.625 2.566 4.557 3.062 2.459 2.683 2.294 2.495 1.348 2.280 0.585 3.100 3.039 1.904 1.904 1.863 1.550 0.179 0.465 0.000 0.000 0.000 0.000 0.000 0.000 0.000 0.898 0.000 1.260 0.000
-999.250 -999.250 -999.250 -999.250 -999.250 -999.250 -999.250 -999.250 -999.250 -999.250 -999.250 -999.250 -999.250 -999.250 -999.250 -999.250 -999.250 -999.250 -999.250 0.000 0.000 0.000 0.000 0.000 0.000 0.000 0.000 0.000 0.000 0.000 0.000 0.800 2.345 4.846 4.738 5.405 6.378 4.142 4.899 3.703 3.265 2.818 4.197 3.199 2.756 2.756 2.350 1.956 2.721 2.075 1.636 3.304 3.067 2.510 2.300 2.206 1.602 0.263 0.000 0.000 0.000 0.000 0.000 0.000 0.000 0.000 0.000 0.000 0.361 0.171
-999.250 -999.250 -999.250 -999.250 -999.250 -999.250 -999.250 -999.250 -999.250 -999.250 -999.250 -999.250 -999.250 -999.250 -999.250 -999.250 -999.250 -999.250 -999.250 0.000 0.000 0.000 0.000 0.000 0.000 0.000 0.000 0.000 0.000 0.147 0.762 1.169 3.657 4.965 5.341 4.823 6.611 5.132 5.219 3.648 3.777 3.749 2.218 2.436 2.120 2.725 2.118 2.947 3.362 2.356 3.131 2.389 1.998 2.173 1.847 1.661 1.350 0.408 0.000 0.000 0.000 0.000 0.000 0.000 0.000 0.000 0.000 0.000 0.000 0.000
-999.250 -999.250 -999.250 -999.250 -999.250 -999.250 -999.250 -999.250 -999.250 -999.250 -999.250 -999.250 -999.250 -999.250 -999.250 -999.250 -999.250 -999.250 0.695 0.104 0.000 0.000 0.000 0.000 0.000 0.000 0.000 0.196 0.839 2.029 3.983 4.881 5.415 6.113 6.423 5.450 6.699 5.883 5.173 4.899 4.058 2.758 2.079 3.234 2.432 4.227 2.723 4.102 4.114 3.750 2.928 4.352 3.543 2.203 2.555 2.470 1.379 0.648 0.000 0.000 0.000 0.000 0.000 0.000 0.000 0.000 0.334 0.101 0.021 0.000
-999.250 -999.250 -999.250 -999.250 -999.250 -999.250 -999.250 -999.250 -999.250 -999.250 -999.250 -999.250 -999.250 -999.250 -999.250 -999.250 -999.250 0.881 0.000 0.633 0.000 0.000 0.000 0.000 0.000 0.211 0.630 2.966 3.062 3.195 4.688 4.605 3.911 7.465 6.590 6.724 6.695 7.030 5.722 5.457 3.839 2.784 3.010 2.736 2.284 4.252 4.984 4.827 5.482 5.162 4.389 3.191 2.821 2.531 3.123 2.200 1.574 0.729 0.182 0.000 0.000 0.000 0.000 0.000 0.000 0.000 0.000 0.830 0.000 0.082
-999.250 -999.250 -999.250 -999.250 -999.250 -999.250 -999.250 -999.250 -999.250 -999.250 -999.250 -999.250 -999.250 -999.250 -999.250 -999.250 -999.250 1.048 1.267 0.409 1.169 0.000 0.000 0.000 0.022 0.491 1.583 4.527 5.111 5.781 6.043 6.489 6.944 6.606 7.523 8.317 9.479 8.193 6.762 6.188 4.620 2.632 2.040 1.999 2.259 2.227 4.479 5.503 7.086 5.948 5.869 2.467 0.957 1.909 2.957 3.034 2.797 3.654 1.575 0.254 0.000 0.000 0.000 0.437 0.205 0.000 0.000 0.503 0.673 0.175
-999.250 -999.250 -999.250 -999.250 -999.250 -999.250 -999.250 -999.250 -999.250 -999.250 -999.250 -999.250 -999.250 -999.250 -999.250 2.644 2.671 3.387 1.730 0.622 0.121 0.019 0.000 0.000 1.173 2.271 2.205 3.347 4.811 7.150 7.029 7.504 9.046 10.397 9.542 10.830 10.747 10.834 9.139 6.196 4.364 2.863 1.023 0.314 0.816 3.577 5.637 7.514 9.454 7.191 6.585 3.603 2.093 0.643 1.529 3.133 3.561 5.693 3.142 3.108 2.204 0.411 0.856 1.397 1.629 1.345 0.000 0.000 0.000 0.000
-999.250 -999.250 -999.250 -999.250 -999.250 -999.250 -999.250 -999.250 -999.250 -999.250 -999.250 -999.250 -999.250 -999.250 2.465 3.622 4.269 2.852 2.352 2.337 0.577 0.279 0.411 0.184 0.000 2.707 3.748 4.435 6.110 6.470 7.995 7.069 10.034 11.613 11.789 11.752 11.235 11.941 10.704 7.703 4.444 3.029 0.663 0.000 0.015 1.956 7.480 11.858 9.850 9.351 7.034 3.784 2.249 0.000 0.233 3.549 3.381 4.608 3.518 3.148 2.829 2.279 0.981 1.703 2.827 1.593 0.018 0.000 0.000 0.000
-999.250 -999.250 -999.250 -999.250 -999.250 -999.250 -999.250 -999.250 -999.250 -999.250 -999.250 -999.250 -999.250 -999.250 3.248 3.940 3.927 2.749 2.902 2.272 1.686 0.000 0.372 2.016 2.077 2.464 3.542 4.788 7.066 7.411 9.101 11.232 11.033 13.578 12.498 12.962 13.863 15.614 12.151 8.174 4.953 2.922 1.706 0.165 0.000 0.000 6.315 13.403 11.665 9.110 7.993 3.457 2.317 0.774 0.473 1.919 3.661 3.543 3.269 3.656 3.159 3.103 1.351 2.271 0.989 0.506 0.000 0.000 0.000 0.000
-999.250 -999.250 -999.250 -999.250 -999.250 -999.250 -999.250 -999.250 -999.250 -999.250 -999.250 -999.250 -999.250 5.224 4.605 4.473 4.693 3.126 2.092 1.597 1.801 1.221 0.854 2.011 2.492 2.596 4.163 5.963 7.094 8.929 10.825 11.534 12.857 13.253 11.810 13.771 14.595 13.574 11.708 9.148 6.182 4.351 1.863 0.000 0.000 0.260 4.044 8.239 7.710 7.630 4.071 3.442 3.411 1.229 1.631 0.282 3.097 3.430 2.558 2.795 3.146 3.074 2.733 1.993 1.749 0.770 0.274 0.000 0.000 0.000
-999.250 -999.250 -999.250 -999.250 -999.250 -999.250 -999.250 -999.250 -999.250 -999.250 -999.250 -999.250 4.382 4.920 6.173 6.605 5.235 3.488 2.364 1.775 1.268 1.543 0.825 1.306 3.721 4.568 5.951 6.297 9.938 10.152 11.485 12.739 14.659 13.034 14.226 13.863 13.852 12.684 11.681 8.446 7.742 3.713 2.003 0.065 0.000 0.000 2.924 4.342 4.665 4.868 4.767 3.202 2.750 2.021 1.201 1.534 2.050 3.783 4.489 5.106 3.493 2.848 3.201 3.115 2.194 1.611 1.223 0.732 0.000 0.000
-999.250 -999.250 -999.250 -999.250 -999.250 -999.250 -999.250 -999.250 -999.250 -999.250 -999.250 3.560 4.043 5.714 6.160 6.004 3.958 3.405 1.952 2.182 1.956 1.314 1.366 2.554 2.106 5.848 4.921 7.338 11.124 11.005 12.026 13.102 14.006 13.979 13.408 13.909 14.528 12.934 11.785 10.676 6.312 4.021 0.938 0.031 0.000 0.000 1.321 2.308 3.893 4.443 4.870 4.359 1.571 2.046 1.624 1.500 2.739 3.232 3.917 3.995 3.722 2.676 3.203 3.006 2.788 1.578 2.286 2.244 0.885 0.000
-999.250 -999.250 -999.250 -999.250 -999.250 -999.250 -999.250 -999.250 -999.250 -999.250 3.844 4.050 5.534 4.148 5.401 5.486 4.276 2.806 2.091 1.675 1.068 1.274 1.783 1.965 2.637 3.846 5.536 9.766 10.412 11.142 12.638 13.427 14.745 13.735 12.898 13.899 12.439 13.474 11.113 10.607 7.287 4.542 2.631 0.182 0.000 0.000 0.000 0.900 3.445 4.270 3.325 3.452 2.111 1.431 1.771 2.192 1.767 3.502 3.610 2.372 2.962 3.089 3.679 2.463 1.782 1.472 2.552 1.222 1.762 0.929
-999.250 -999.250 -999.250 -999.250 -999.250 -999.250 -999.250 -999.250 -999.250 3.300 3.251 4.759 5.475 5.263 6.294 8.439 5.381 3.505 1.728 1.926 1.196 0.971 1.900 2.544 3.792 3.752 6.329 9.015 8.242 10.625 11.542 14.221 15.290 15.326 13.579 13.949 14.419 12.395 13.428 10.402 8.611 6.219 3.577 1.118 0.000 0.000 0.000 0.000 1.252 3.102 1.549 2.878 2.559 1.138 1.864 1.472 2.200 2.041 4.396 2.558 2.373 2.940 2.321 2.592 1.161 1.360 1.942 2.086 1.091 1.715
-999.250 -999.250 -999.250 -999.250 -999.250 2.793 3.773 3.368 2.614 2.595 3.538 3.841 5.944 4.726 5.743 6.719 5.403 3.064 3.406 1.326 1.598 0.295 1.538 3.438 3.722 4.624 5.938 8.287 8.422 9.546 12.664 15.162 14.765 14.193 13.166 14.148 13.741 13.107 13.408 11.709 8.434 5.499 3.220 1.027 0.000 0.000 0.000 0.000 0.071 1.305 0.661 0.784 1.691 1.600 2.674 2.582 1.459 1.890 4.202 3.076 3.143 1.969 1.849 1.949 1.665 0.770 1.455 0.990 1.583 1.033
