data/medianmodel_29-Dec-2020.asc
ncols	141
nrows	288
xllcorner	-120191.398
yllcorner	-301404.813
cellsize	2000.000
NODATA_value	-999.250
[rows 174 to 202 of 288, columns 0 to 64 of 141]
-999.250 -999.250 -999.250 -999.250 303.962 300.016 316.970 315.497 324.420 340.083 354.802 380.475 402.125 431.079 477.936 510.878 523.196 530.423 544.704 564.495 507.807 478.190 445.946 410.611 394.749 370.694 339.471 325.191 319.612 318.510 312.047 301.262 306.641 297.555 296.742 286.095 287.866 268.222 250.386 233.336 208.972 217.731 207.621 265.754 313.536 360.934 427.086 537.238 661.640 784.008 897.520 1023.646 1283.507 1429.457 1584.212 1746.217 1763.193 1814.116 1818.337 1765.217 1716.585 1648.902 1502.310 1450.934 1341.300
-999.250 -999.250 -999.250 -999.250 292.912 303.596 319.240 319.467 326.050 335.010 351.708 376.997 401.201 431.018 474.091 498.760 515.816 519.541 516.324 538.251 520.828 479.363 442.591 415.983 401.726 355.538 330.982 327.081 320.518 317.550 309.375 301.123 302.753 298.733 293.664 288.041 278.890 270.146 248.251 217.381 205.742 194.830 206.157 237.884 299.407 355.619 456.305 574.812 692.588 807.215 934.366 1104.305 1339.600 1541.725 1605.721 1818.842 2060.806 2124.074 1941.902 1915.387 1792.949 1724.661 1617.057 1483.226 1367.693
-999.250 -999.250 -999.250 -999.250 284.901 305.178 308.534 320.694 325.874 340.927 360.361 362.472 397.408 415.908 455.875 456.466 489.069 498.497 503.241 513.169 473.171 448.051 423.896 393.906 383.514 367.757 354.597 333.583 322.829 312.319 307.438 298.651 300.475 296.075 283.489 286.451 274.651 263.737 243.528 218.378 202.842 196.813 198.730 211.780 295.441 376.441 475.644 620.589 729.045 866.384 977.042 1202.017 1401.654 1608.330 1743.671 1946.716 2302.469 2464.959 2186.550 2060.281 1986.386 1809.456 1616.782 1569.457 1465.727
-999.250 -999.250 -999.250 -999.250 299.891 300.600 313.003 312.999 322.828 330.640 347.909 372.820 392.738 420.069 437.199 457.201 466.840 476.801 468.492 480.661 433.699 412.030 392.444 378.025 381.279 363.932 350.086 323.528 326.175 319.408 310.919 299.315 286.256 290.316 282.446 292.300 269.947 274.621 237.417 200.750 196.769 224.322 225.074 255.614 319.038 404.263 499.342 628.400 780.948 875.287 931.588 1290.055 1420.220 1598.518 1755.615 1962.460 2079.462 2429.398 2209.857 1878.600 1891.801 1795.511 1662.023 1591.994 1484.319
-999.250 -999.250 -999.250 -999.250 295.290 298.654 304.912 320.990 316.053 339.927 356.492 373.220 390.294 410.293 418.782 432.541 453.172 451.233 431.976 425.841 410.262 404.159 381.773 372.430 356.792 351.695 342.064 336.568 319.692 307.566 308.240 307.162 294.678 286.520 288.113 282.354 277.998 272.108 253.091 230.787 237.596 238.495 269.975 292.516 339.097 415.771 523.586 619.738 751.349 862.670 938.224 1185.680 1401.256 1594.471 1750.558 1904.407 1942.846 2181.074 2071.888 1941.835 1820.353 1713.678 1583.121 1513.681 1445.108
-999.250 -999.250 -999.250 304.560 299.282 304.939 308.380 306.543 323.296 334.128 355.446 371.030 398.923 402.807 414.635 442.658 439.193 428.505 420.539 401.897 386.032 377.967 375.531 376.323 355.228 362.081 345.270 328.343 324.448 310.200 311.831 308.989 303.150 293.461 286.464 292.891 283.411 272.964 271.331 267.555 262.931 280.841 305.793 320.999 373.013 429.632 515.753 621.155 752.257 842.645 936.994 1110.157 1382.994 1513.438 1638.356 1804.140 1817.499 1832.698 1829.489 1824.425 1729.453 1678.029 1552.410 1457.816 1400.781
-999.250 -999.250 -999.250 296.415 294.240 303.303 305.843 302.452 323.339 331.795 342.399 366.831 382.329 393.627 413.174 434.794 453.318 450.027 426.811 394.379 390.572 372.500 360.070 370.587 369.129 361.095 362.932 333.035 325.952 320.228 318.260 320.558 316.361 311.553 302.568 294.403 292.697 281.622 285.647 281.156 297.377 300.169 326.072 360.585 404.693 459.291 536.268 618.446 724.851 830.770 898.980 1103.034 1338.032 1456.630 1593.991 1632.119 1774.689 1789.656 1781.480 1745.445 1690.516 1616.155 1436.312 1406.424 1311.504
-999.250 -999.250 -999.250 301.039 300.224 300.041 307.498 315.461 315.327 336.326 334.339 355.412 385.820 402.475 416.267 444.415 440.574 445.239 430.600 407.979 400.455 392.936 368.927 377.185 371.675 379.898 354.209 348.699 343.565 327.513 324.184 330.452 329.847 321.338 314.838 299.847 297.048 295.618 295.464 304.444 310.288 313.490 346.477 378.147 416.943 470.421 544.018 639.179 712.069 825.355 926.323 979.333 1213.858 1371.354 1460.431 1581.917 1642.759 1658.600 1643.255 1663.116 1659.035 1595.499 1470.439 1384.502 1319.606
-999.250 -999.250 300.476 291.607 306.554 295.233 299.321 312.284 319.687 326.430 334.493 352.075 384.791 408.081 420.879 438.374 462.258 462.459 433.224 433.405 407.411 393.781 388.049 385.952 376.834 378.287 363.094 361.045 362.814 351.109 346.772 341.166 347.158 337.070 329.313 328.003 321.937 320.522 318.255 318.531 317.621 335.237 354.406 400.910 417.878 506.373 551.524 653.095 725.087 825.051 845.407 931.735 1047.071 1254.371 1386.828 1431.592 1569.941 1581.853 1546.567 1591.616 1449.492 1439.302 1378.253 1260.695 1127.360
-999.250 -999.250 310.705 306.088 289.249 297.268 310.787 321.294 323.979 332.847 335.795 346.665 371.299 394.248 419.394 439.628 480.839 472.563 449.177 446.437 -999.250 399.052 401.201 391.704 400.067 389.629 383.748 389.537 388.383 382.328 385.786 371.284 359.864 348.717 342.485 343.057 341.695 330.012 329.729 326.926 344.105 355.053 377.049 410.191 472.011 498.114 552.491 585.416 672.256 768.754 809.621 860.893 996.893 1108.627 1259.395 1297.491 1412.013 1422.591 1398.825 1398.655 1384.337 1337.170 1066.213 1018.345 989.971
-999.250 315.335 313.745 295.527 304.368 303.597 310.682 315.012 316.229 321.776 328.672 341.531 351.358 381.059 410.317 448.376 511.028 484.376 471.114 -999.250 -999.250 405.831 417.190 410.388 417.911 407.281 401.510 406.766 415.724 411.735 403.204 393.375 390.518 370.937 360.214 363.714 357.532 352.703 345.097 338.393 374.412 387.101 415.056 444.756 457.136 511.389 557.401 608.548 646.990 743.854 819.823 877.819 924.746 980.038 1149.673 1152.285 1183.361 1279.062 1227.359 1271.115 1266.142 1090.737 956.045 904.376 842.284
-999.250 319.465 319.189 314.771 307.425 306.305 319.285 314.207 315.990 325.373 326.493 343.066 357.643 378.090 385.723 425.701 462.627 482.565 -999.250 -999.250 -999.250 -999.250 421.789 421.608 422.117 432.879 440.373 434.929 436.138 442.172 439.147 429.765 411.332 399.147 383.486 380.010 387.595 373.357 382.005 382.124 383.290 399.453 436.321 475.121 476.987 536.156 590.445 618.641 648.398 721.231 763.783 788.691 857.415 913.065 944.823 971.939 1042.412 1019.825 1024.251 1033.718 993.598 929.656 869.165 779.857 699.301
311.770 330.211 316.841 316.009 318.103 320.061 316.147 323.245 324.243 342.615 340.027 359.925 372.991 384.918 398.578 410.888 446.339 457.258 -999.250 -999.250 -999.250 -999.250 -999.250 428.171 453.351 464.280 481.185 475.519 485.878 496.278 507.044 482.809 436.351 419.109 428.129 402.621 403.433 395.443 420.062 428.758 423.678 448.192 470.696 505.781 517.654 552.827 585.393 595.667 628.857 669.632 729.031 767.558 810.589 835.099 855.325 897.626 943.590 905.832 958.377 896.141 854.745 824.212 784.813 609.274 531.594
-999.250 317.283 316.032 318.012 320.680 322.539 324.039 331.756 330.082 334.416 348.103 380.358 391.079 394.487 406.545 439.275 459.130 446.625 -999.250 -999.250 -999.250 -999.250 450.546 432.766 471.906 492.380 520.376 547.454 544.541 553.657 524.305 502.814 469.250 460.792 440.171 435.820 423.612 414.793 432.408 441.240 466.641 490.613 506.856 519.784 522.153 626.999 580.512 598.801 630.882 645.216 733.414 740.397 746.556 756.783 813.446 806.634 811.903 811.710 798.761 777.026 760.159 720.817 628.673 513.387 417.362
-999.250 316.371 319.895 324.591 328.226 325.663 334.846 335.847 339.682 339.521 368.330 377.209 390.802 395.647 412.530 456.120 447.288 451.417 -999.250 -999.250 -999.250 417.141 -999.250 458.429 477.375 507.558 574.577 591.875 643.025 602.457 563.930 521.484 484.460 457.763 455.803 456.980 432.476 450.932 455.935 471.347 496.730 518.076 533.791 581.421 601.636 614.158 633.831 596.449 623.867 658.683 690.880 650.231 708.577 717.161 761.710 740.216 705.932 711.827 718.604 663.794 635.015 617.606 530.593 454.285 383.204
-999.250 324.760 332.264 330.382 327.139 329.308 331.477 337.444 340.467 358.312 375.960 386.000 405.412 406.079 414.142 438.237 445.113 -999.250 -999.250 -999.250 -999.250 420.481 428.783 464.437 481.601 517.026 565.483 637.592 703.593 657.365 602.117 540.143 518.841 485.490 465.094 467.541 474.822 474.923 472.362 482.468 498.271 558.167 573.956 612.769 624.701 645.170 626.269 646.816 603.574 663.402 672.065 631.094 656.879 670.590 642.149 639.122 640.656 599.843 602.244 583.728 551.513 507.479 469.492 421.083 346.035
-999.250 330.210 337.299 346.897 342.945 342.741 337.986 341.491 354.526 368.121 395.997 405.844 410.590 408.299 416.177 418.931 454.896 -999.250 -999.250 -999.250 428.103 428.489 414.830 435.977 466.178 511.574 582.306 657.499 737.858 666.024 586.286 565.361 510.640 488.052 477.365 478.235 492.817 484.793 491.053 502.817 556.464 565.991 610.904 638.226 641.837 659.584 664.672 683.937 638.927 647.327 623.748 603.582 560.192 559.863 560.299 547.647 520.473 511.767 513.495 507.038 486.280 470.172 425.796 395.448 353.803
-999.250 -999.250 -999.250 338.464 -999.250 -999.250 344.008 360.036 372.348 -999.250 -999.250 -999.250 402.153 400.547 -999.250 -999.250 -999.250 -999.250 -999.250 -999.250 461.536 443.368 446.300 444.021 461.732 503.637 528.546 615.122 644.787 622.039 579.302 560.568 530.054 494.876 494.731 482.966 477.646 501.030 517.645 506.617 542.644 570.577 629.890 677.545 722.622 734.341 719.956 708.801 654.386 630.966 605.383 581.226 544.882 510.474 491.649 478.584 437.801 459.759 473.520 463.348 455.705 428.354 412.953 393.920 374.322
-999.250 -999.250 -999.250 -999.250 -999.250 -999.250 -999.250 -999.250 -999.250 -999.250 -999.250 -999.250 -999.250 409.357 405.161 426.940 -999.250 -999.250 -999.250 481.341 469.577 471.577 457.286 452.522 450.513 462.039 490.482 541.509 543.846 548.444 550.082 542.498 521.693 495.951 499.421 486.529 480.166 502.232 524.836 533.710 549.966 608.730 682.835 703.657 739.593 781.875 728.089 713.543 667.828 612.091 576.740 555.377 505.848 473.064 449.746 404.090 371.420 393.856 411.211 423.197 432.390 406.394 411.787 402.966 381.380
-999.250 -999.250 -999.250 -999.250 -999.250 -999.250 -999.250 -999.250 -999.250 -999.250 -999.250 401.347 392.784 396.570 412.030 434.811 -999.250 -999.250 478.091 529.629 509.184 496.572 464.956 431.254 415.540 410.663 424.152 464.415 494.247 506.109 512.727 505.525 489.710 503.006 512.154 492.080 486.484 494.491 513.939 535.829 566.327 611.203 628.457 672.320 685.218 749.758 740.467 701.240 657.873 614.599 559.719 546.952 503.999 458.244 417.185 362.083 313.159 337.633 381.983 398.509 420.349 438.775 421.168 403.559 407.048
-999.250 -999.250 -999.250 -999.250 -999.250 -999.250 -999.250 -999.250 -999.250 -999.250 -999.250 386.170 391.719 393.977 399.220 417.221 436.677 438.522 464.014 504.879 507.002 510.814 446.889 425.369 415.697 391.550 370.318 408.615 447.718 463.170 476.879 479.242 470.984 474.111 461.390 481.647 481.663 496.263 512.827 540.197 572.292 612.638 647.892 637.342 676.242 686.438 718.326 666.874 621.600 576.126 536.200 522.963 501.757 460.931 412.869 381.399 345.288 365.239 388.716 419.228 440.586 472.297 462.882 460.166 469.504
-999.250 -999.250 -999.250 -999.250 -999.250 -999.250 -999.250 -999.250 -999.250 -999.250 -999.250 -999.250 385.565 391.246 383.854 398.322 425.628 429.988 450.217 468.536 480.536 482.393 454.119 417.769 408.927 382.302 371.065 384.505 419.268 417.969 451.502 451.395 452.634 450.750 450.664 464.747 473.516 496.678 529.255 553.009 582.053 586.385 609.102 624.599 669.755 651.516 657.814 620.377 604.775 568.204 559.128 509.467 496.539 463.341 441.599 401.929 376.874 398.744 420.130 453.517 484.272 520.455 509.317 501.078 512.590
-999.250 -999.250 -999.250 -999.250 -999.250 -999.250 -999.250 -999.250 -999.250 -999.250 -999.250 -999.250 -999.250 361.082 385.306 387.088 392.466 402.225 416.182 435.211 455.083 451.149 427.269 404.393 393.881 383.811 375.410 392.893 399.446 423.256 431.156 422.802 421.895 439.000 441.390 450.909 460.473 489.230 518.963 538.033 553.902 560.459 590.177 580.812 631.609 617.097 623.711 604.695 585.421 564.178 533.768 535.232 488.085 470.765 454.224 423.979 424.837 431.245 467.225 478.195 491.088 534.962 552.600 545.319 565.858
-999.250 -999.250 -999.250 -999.250 -999.250 -999.250 -999.250 -999.250 -999.250 -999.250 -999.250 -999.250 -999.250 349.862 365.586 376.098 379.125 393.125 403.025 412.758 430.724 427.325 410.405 411.409 396.686 385.089 372.792 379.347 393.866 392.632 401.407 423.980 431.661 423.850 433.231 446.506 449.318 480.607 506.620 509.637 550.126 553.904 573.985 547.710 562.357 600.351 597.234 582.934 579.512 575.072 529.374 515.245 514.401 502.539 478.955 466.035 457.986 480.591 500.539 542.274 560.656 585.411 602.534 635.635 631.947
-999.250 -999.250 -999.250 -999.250 -999.250 -999.250 -999.250 -999.250 -999.250 -999.250 -999.250 -999.250 -999.250 356.723 353.480 358.515 369.515 393.904 390.266 396.501 398.816 399.231 396.866 380.782 384.506 385.309 374.348 390.271 397.228 409.719 402.594 412.537 410.622 406.198 423.300 432.438 448.050 472.273 490.781 502.814 522.039 529.454 532.344 506.471 526.223 545.538 563.336 555.608 551.626 558.226 533.215 497.045 517.245 499.608 508.929 491.626 504.315 551.118 550.753 596.246 613.201 615.966 695.063 714.723 710.112
-999.250 -999.250 -999.250 -999.250 -999.250 -999.250 -999.250 -999.250 -999.250 -999.250 -999.250 -999.250 -999.250 -999.250 350.902 363.876 366.839 375.492 379.884 382.172 383.938 378.101 377.995 373.392 376.741 377.136 376.859 396.210 402.738 410.433 402.269 413.990 406.636 403.411 416.176 417.013 450.666 458.197 474.104 485.030 480.954 501.622 510.741 495.578 493.026 547.337 523.099 555.723 597.504 532.832 538.363 555.136 546.355 528.822 550.667 565.549 611.840 598.076 623.203 644.402 641.863 690.811 735.320 747.127 770.631
-999.250 -999.250 -999.250 -999.250 -999.250 -999.250 -999.250 -999.250 -999.250 -999.250 -999.250 -999.250 -999.250 -999.250 345.201 360.900 363.108 363.950 366.578 370.864 372.557 371.989 355.442 356.838 355.957 367.295 384.525 391.009 418.672 406.322 407.575 395.009 400.211 397.303 398.489 405.266 412.006 423.043 458.819 477.795 480.492 488.794 506.652 495.279 477.400 506.341 531.365 545.863 569.053 551.988 568.256 588.725 592.258 605.190 609.509 665.413 708.509 729.899 746.435 699.132 727.888 761.850 757.767 815.004 812.252
-999.250 -999.250 -999.250 -999.250 -999.250 -999.250 -999.250 -999.250 -999.250 -999.250 -999.250 -999.250 -999.250 -999.250 347.990 362.069 352.549 354.824 358.677 352.283 350.996 352.450 345.364 352.187 376.209 386.671 384.557 398.737 406.179 406.265 402.826 405.289 398.564 391.612 413.072 402.054 422.756 426.161 444.475 456.565 481.342 488.055 472.993 470.207 475.060 521.169 499.711 519.266 545.344 566.129 598.385 611.159 601.185 640.120 682.513 741.947 804.381 805.941 821.845 806.403 810.690 835.556 833.193 842.501 869.594
-999.250 -999.250 -999.250 -999.250 -999.250 -999.250 -999.250 -999.250 -999.250 -999.250 -999.250 -999.250 -999.250 -999.250 339.764 340.955 341.095 353.246 346.429 358.146 338.328 354.728 352.490 348.077 352.893 -999.250 388.052 385.748 395.528 386.519 382.756 392.909 400.122 387.608 396.148 383.309 414.857 414.652 446.073 451.422 447.242 457.018 461.392 465.555 485.443 502.910 498.098 517.197 544.339 567.904 600.897 655.477 644.946 678.587 716.412 791.500 785.788 870.763 854.925 844.675 869.166 881.296 901.147 904.176 908.654
