data/medianmodel_27-Nov-2020.asc
ncols	141
nrows	288
xllcorner	-120191.398
yllcorner	-301404.813
cellsize	2000.000
NODATA_value	-999.250
[rows 87 to 115 of 288, columns 64 to 127 of 141]
346.945 336.401 337.806 344.832 338.573 320.531 284.354 293.069 300.888 325.566 326.352 347.351 343.102 347.205 350.791 347.129 343.663 355.745 339.831 351.903 411.426 469.844 510.774 564.333 670.651 763.822 793.367 879.549 855.819 862.798 927.466 834.699 781.726 725.762 679.023 683.885 644.905 633.715 654.341 631.266 578.055 603.369 563.624 511.666 501.443 495.917 484.537 439.341 438.394 421.123 -999.250 -999.250 -999.250 -999.250 -999.250 -999.250 -999.250 -999.250 -999.250 -999.250 -999.250 -999.250 -999.250 -999.250
328.747 339.017 320.219 320.678 325.904 284.851 247.525 242.619 255.376 304.673 316.764 332.200 341.933 368.954 363.957 367.228 382.976 376.286 388.274 412.378 484.473 503.940 536.249 584.857 697.972 785.635 797.686 862.480 822.503 864.532 841.270 886.007 804.659 746.747 758.117 691.900 725.364 731.912 698.803 625.519 630.685 621.470 588.730 579.982 551.008 517.895 479.920 496.372 474.643 448.017 449.437 389.557 -999.250 -999.250 -999.250 -999.250 -999.250 -999.250 -999.250 -999.250 -999.250 -999.250 -999.250 -999.250
334.722 319.170 300.158 297.600 310.578 256.913 212.222 177.278 246.143 292.307 318.714 344.939 354.480 343.658 378.226 405.913 405.624 403.300 421.607 468.455 508.705 558.697 600.387 625.312 756.708 774.508 832.102 855.639 888.537 900.186 939.559 929.303 843.339 798.555 781.115 803.841 773.155 730.237 705.174 622.085 582.811 627.595 630.063 570.562 549.188 536.840 519.456 488.396 471.872 473.578 460.519 450.946 -999.250 -999.250 -999.250 -999.250 -999.250 -999.250 -999.250 -999.250 -999.250 -999.250 -999.250 -999.250
308.193 311.444 295.632 304.780 293.700 269.857 228.276 247.027 253.647 309.803 318.679 348.081 353.472 389.032 385.974 420.704 461.787 477.882 435.941 499.937 567.825 613.578 712.002 741.843 833.697 853.783 794.516 865.488 960.808 955.752 990.202 939.372 927.346 874.096 819.759 838.913 772.676 795.066 757.045 751.748 696.726 673.170 619.286 568.003 529.418 523.515 537.202 499.770 507.268 483.040 512.290 475.657 -999.250 -999.250 -999.250 -999.250 -999.250 -999.250 -999.250 -999.250 -999.250 -999.250 -999.250 -999.250
296.332 314.566 307.055 312.592 298.986 282.340 260.691 261.177 289.234 304.865 329.376 359.091 379.219 445.431 479.829 480.245 499.854 514.695 534.642 563.182 600.635 711.015 746.755 822.131 930.454 916.945 911.191 922.755 1032.314 996.069 993.140 931.301 937.795 885.183 880.933 825.943 812.076 833.790 922.041 782.578 762.326 671.516 609.859 576.380 576.904 557.920 552.535 527.682 521.158 523.041 512.141 -999.250 -999.250 -999.250 -999.250 -999.250 -999.250 -999.250 -999.250 -999.250 -999.250 -999.250 -999.250 -999.250
315.042 314.741 341.212 335.198 319.457 285.389 291.534 284.603 300.501 329.405 342.314 373.684 423.693 470.419 516.197 544.784 595.359 637.444 612.050 661.636 679.623 763.324 816.462 935.245 978.490 924.532 1023.091 1037.776 1082.476 1095.043 1127.041 1029.031 963.602 1020.986 968.305 897.010 833.880 823.905 949.974 901.711 794.351 729.597 718.617 695.748 638.278 584.260 577.754 563.685 548.039 540.211 534.262 -999.250 -999.250 -999.250 -999.250 -999.250 -999.250 -999.250 -999.250 -999.250 -999.250 -999.250 -999.250 -999.250
311.716 322.330 349.801 362.899 334.206 306.806 285.806 286.898 306.385 322.670 352.624 391.630 447.905 501.292 563.460 637.669 689.600 689.352 746.123 735.506 777.886 814.058 962.557 958.499 1020.736 1090.176 1161.579 1094.779 1200.380 1154.371 1178.659 1114.187 1101.934 1066.183 1047.799 978.592 932.827 890.453 922.478 865.879 834.261 802.806 744.836 719.302 679.026 698.828 601.553 573.088 575.905 566.589 -999.250 -999.250 -999.250 -999.250 -999.250 -999.250 -999.250 -999.250 -999.250 -999.250 -999.250 -999.250 -999.250 -999.250
309.086 342.438 341.534 366.735 337.949 323.873 301.536 281.137 314.441 344.818 375.961 424.409 493.115 532.438 590.535 678.085 736.642 771.861 801.631 801.147 819.240 899.931 947.598 1077.207 1131.116 1180.277 1223.276 1165.948 1196.265 1193.548 1171.062 1120.747 1166.804 1091.029 1025.246 956.035 917.790 970.137 982.005 949.261 859.797 839.983 781.585 790.249 745.992 714.937 633.069 644.693 623.259 596.600 -999.250 -999.250 -999.250 -999.250 -999.250 -999.250 -999.250 -999.250 -999.250 -999.250 -999.250 -999.250 -999.250 -999.250
301.556 328.809 353.930 340.733 312.198 304.710 283.816 290.229 323.418 363.275 393.663 457.307 525.388 572.465 703.690 763.931 803.760 842.479 861.408 801.456 948.602 1030.928 1062.793 1161.447 1311.833 1278.898 1278.149 1274.298 1277.154 1241.471 1262.639 1202.982 1233.078 1107.358 1103.409 1070.099 1057.798 1003.744 980.052 1053.975 1077.220 889.626 787.280 821.686 775.861 660.031 718.474 629.174 627.068 581.496 -999.250 -999.250 -999.250 -999.250 -999.250 -999.250 -999.250 -999.250 -999.250 -999.250 -999.250 -999.250 -999.250 -999.250
271.092 287.825 320.194 316.427 292.505 279.988 267.725 264.645 310.466 354.880 424.953 488.010 522.569 621.758 725.722 782.585 835.830 915.125 885.069 946.969 985.110 1130.441 1104.213 1225.493 1229.820 1229.288 1369.692 1325.163 1251.803 1223.089 1280.269 1341.170 1304.317 1255.784 1220.477 1102.876 1043.500 1117.150 1044.771 1090.425 946.154 1011.255 857.649 813.406 805.202 740.079 756.945 692.383 692.718 593.254 559.431 -999.250 -999.250 -999.250 -999.250 -999.250 -999.250 -999.250 -999.250 -999.250 -999.250 -999.250 -999.250 -999.250
254.865 270.814 293.559 295.142 276.845 261.018 229.617 247.041 258.758 328.263 391.693 485.341 535.403 617.728 715.010 804.944 860.348 917.407 890.109 1022.860 1038.113 1067.820 1120.383 1231.070 1219.317 1288.716 1349.431 1365.361 1346.347 1312.280 1379.981 1414.544 1390.590 1343.925 1237.166 1149.184 1189.962 1166.462 993.400 1029.123 1098.457 1038.655 937.330 922.322 797.414 780.785 782.594 750.375 727.738 655.492 556.469 521.342 -999.250 -999.250 -999.250 -999.250 -999.250 -999.250 -999.250 -999.250 -999.250 -999.250 -999.250 -999.250
211.119 264.402 280.969 263.171 254.497 248.576 222.169 215.148 217.507 284.980 400.469 476.987 542.518 685.103 679.139 814.626 892.202 928.780 950.445 1029.075 1080.305 1048.279 1054.127 1198.977 1154.212 1297.780 1355.412 1394.135 1382.075 1375.430 1422.438 1490.145 1447.910 1391.440 1218.204 1257.093 1187.441 1164.470 1023.076 1028.292 1032.604 1043.993 1028.821 888.407 872.160 888.332 828.584 744.269 683.937 650.223 622.596 550.472 508.139 -999.250 -999.250 -999.250 -999.250 -999.250 -999.250 -999.250 -999.250 -999.250 -999.250 -999.250
257.346 273.480 284.376 274.819 263.327 263.448 239.197 204.664 155.820 267.542 382.426 496.051 565.509 689.562 731.025 804.405 966.162 966.274 1002.920 946.004 1030.759 1049.540 1028.427 1145.153 1210.578 1151.087 1342.878 1285.131 1364.096 1357.290 1418.000 1369.889 1337.263 1380.546 1320.051 1256.254 1139.601 1166.523 1120.482 1028.225 1039.206 1038.571 987.441 943.678 899.920 833.930 815.322 802.716 671.717 693.789 586.810 548.904 -999.250 -999.250 -999.250 -999.250 -999.250 -999.250 -999.250 -999.250 -999.250 -999.250 -999.250 -999.250
321.607 332.752 307.889 299.249 305.701 311.413 264.682 265.662 261.050 328.526 401.779 496.304 559.785 641.148 719.730 775.475 901.153 931.378 1046.458 983.767 968.298 1000.639 1011.619 1058.402 1113.481 1132.933 1236.478 1326.749 1322.300 1472.019 1346.871 1333.156 1327.441 1299.939 1209.531 1186.451 1102.642 1136.045 1067.826 1034.554 1032.463 1003.996 931.926 920.614 905.401 829.644 784.884 775.828 742.195 662.816 629.991 600.889 549.875 -999.250 -999.250 -999.250 -999.250 -999.250 -999.250 -999.250 -999.250 -999.250 -999.250 -999.250
366.023 362.837 355.588 342.667 346.065 353.410 332.964 333.741 353.612 390.703 499.904 558.975 678.589 709.559 761.944 807.705 818.005 1020.238 992.485 932.338 933.410 910.023 943.760 978.211 1009.348 1025.179 1088.243 1173.199 1290.632 1381.304 1366.047 1235.777 1147.216 1188.030 1126.373 1088.044 1164.876 1081.077 1067.328 1101.247 1051.097 1014.631 941.297 891.453 860.655 830.537 799.096 724.762 699.737 720.532 677.451 -999.250 -999.250 -999.250 -999.250 -999.250 -999.250 -999.250 -999.250 -999.250 -999.250 -999.250 -999.250 -999.250
419.750 399.145 436.728 409.789 412.252 393.912 395.494 391.765 432.338 492.327 520.877 613.852 621.718 690.718 788.432 757.882 827.246 932.956 965.829 962.668 844.794 886.686 868.752 870.571 924.276 1044.138 1082.995 1132.495 1272.173 1309.974 1238.060 1274.544 1108.950 1190.484 1168.190 1055.112 1045.462 1021.320 946.436 1030.417 1023.464 940.417 930.097 871.535 832.362 728.233 802.327 739.527 749.010 764.466 -999.250 -999.250 -999.250 -999.250 -999.250 -999.250 -999.250 -999.250 -999.250 -999.250 -999.250 -999.250 -999.250 -999.250
460.058 455.995 466.869 466.824 460.401 471.086 474.965 480.370 505.211 574.439 581.789 632.572 626.543 716.002 748.006 814.436 819.148 861.976 882.980 887.696 791.057 793.573 771.055 748.071 820.413 883.423 1084.111 1123.047 1224.791 1245.013 1203.493 1115.721 1078.014 1152.411 1101.317 1006.125 908.794 921.487 981.701 936.428 880.487 889.395 871.335 818.297 801.924 801.618 805.141 830.816 738.626 673.060 -999.250 -999.250 -999.250 -999.250 -999.250 -999.250 -999.250 -999.250 -999.250 -999.250 -999.250 -999.250 -999.250 -999.250
492.519 482.461 499.794 501.766 516.214 502.385 523.091 528.062 569.525 651.956 630.427 641.802 661.582 722.877 771.217 832.501 825.844 871.767 811.888 792.682 767.671 694.524 742.904 744.672 805.285 837.761 968.600 1046.373 1060.314 1136.370 1075.114 1057.754 1018.062 1019.148 1009.733 934.775 820.367 926.044 891.901 819.224 855.301 785.870 779.608 808.563 779.060 781.004 772.886 746.240 670.457 -999.250 -999.250 -999.250 -999.250 -999.250 -999.250 -999.250 -999.250 -999.250 -999.250 -999.250 -999.250 -999.250 -999.250 -999.250
526.918 542.281 554.360 543.247 553.911 533.939 563.731 586.294 669.112 661.147 719.337 768.581 732.558 773.175 820.757 798.172 874.677 794.355 738.934 761.603 749.997 682.882 699.240 746.670 769.653 814.644 891.259 1006.911 1011.711 1014.416 997.672 1008.847 959.906 940.199 897.641 884.532 847.536 818.983 811.373 783.379 754.285 702.683 722.625 739.014 715.190 -999.250 -999.250 -999.250 -999.250 -999.250 -999.250 -999.250 -999.250 -999.250 -999.250 -999.250 -999.250 -999.250 -999.250 -999.250 -999.250 -999.250 -999.250 -999.250
552.330 562.177 576.726 582.331 558.697 573.761 657.155 669.526 712.489 690.822 769.274 731.062 774.678 777.298 781.373 794.776 810.545 765.538 726.700 730.929 695.591 705.824 716.168 792.237 768.056 808.340 944.868 917.386 942.267 941.198 873.655 803.523 863.822 798.798 796.109 885.970 814.251 773.475 748.468 706.125 710.456 683.464 607.860 -999.250 -999.250 -999.250 -999.250 -999.250 -999.250 -999.250 -999.250 -999.250 -999.250 -999.250 -999.250 -999.250 -999.250 -999.250 -999.250 -999.250 -999.250 -999.250 -999.250 -999.250
575.465 583.242 589.983 611.457 645.366 630.888 716.720 773.974 711.606 727.168 753.356 774.065 800.486 763.781 768.726 787.140 764.107 748.483 756.566 699.962 718.198 647.168 706.472 673.387 733.897 738.395 783.526 826.450 856.277 855.282 847.588 839.090 818.175 800.680 797.977 772.231 760.740 698.661 687.300 631.789 642.816 609.920 571.053 -999.250 -999.250 -999.250 -999.250 -999.250 -999.250 -999.250 -999.250 -999.250 -999.250 -999.250 -999.250 -999.250 -999.250 -999.250 -999.250 -999.250 -999.250 -999.250 -999.250 -999.250
535.172 571.687 571.718 641.168 690.870 733.918 697.034 754.844 762.992 736.801 767.924 816.255 792.826 815.878 785.600 769.518 737.732 717.447 736.665 710.293 698.006 657.813 667.211 667.613 673.757 692.995 736.092 756.132 770.936 741.299 800.369 782.010 777.008 748.345 785.364 769.471 721.532 691.762 626.929 597.064 560.079 554.927 536.138 -999.250 -999.250 -999.250 -999.250 -999.250 -999.250 -999.250 -999.250 -999.250 -999.250 -999.250 -999.250 -999.250 -999.250 -999.250 -999.250 -999.250 -999.250 -999.250 -999.250 -999.250
514.135 554.756 579.818 597.610 667.172 762.354 748.318 799.532 808.732 807.748 804.617 831.781 818.351 813.819 808.693 770.977 778.276 742.905 711.099 639.147 683.900 687.475 618.924 626.066 623.505 671.022 718.404 740.684 770.427 771.406 749.688 745.071 754.144 750.836 714.812 680.107 634.757 608.221 552.902 504.732 513.589 509.902 511.262 -999.250 -999.250 -999.250 -999.250 -999.250 -999.250 -999.250 -999.250 -999.250 -999.250 -999.250 -999.250 -999.250 -999.250 -999.250 -999.250 -999.250 -999.250 -999.250 -999.250 -999.250
492.522 519.011 609.769 609.886 677.627 742.412 797.686 862.731 834.135 803.563 818.115 905.328 840.175 856.561 804.797 742.235 791.504 729.250 703.616 645.148 644.847 602.569 610.761 554.822 566.163 597.120 610.625 638.276 727.677 732.224 745.994 745.227 676.242 649.536 685.516 605.109 627.164 574.642 528.842 505.913 496.365 500.665 490.246 -999.250 -999.250 -999.250 -999.250 -999.250 -999.250 -999.250 -999.250 -999.250 -999.250 -999.250 -999.250 -999.250 -999.250 -999.250 -999.250 -999.250 -999.250 -999.250 -999.250 -999.250
485.731 529.546 586.630 647.087 728.872 768.430 803.270 804.655 909.034 795.815 886.382 841.130 893.883 889.810 808.380 786.590 719.734 770.454 708.306 635.300 641.038 668.223 610.381 564.603 575.704 564.970 596.841 670.257 622.689 673.564 667.268 620.213 646.471 644.639 641.031 674.851 547.345 525.670 504.466 501.875 498.252 463.549 479.134 -999.250 -999.250 -999.250 -999.250 -999.250 -999.250 -999.250 -999.250 -999.250 -999.250 -999.250 -999.250 -999.250 -999.250 -999.250 -999.250 -999.250 -999.250 -999.250 -999.250 -999.250
463.995 556.802 570.771 661.115 708.548 744.813 796.025 853.708 868.638 847.715 881.387 853.231 949.410 903.493 781.797 737.582 711.763 693.537 653.230 625.726 627.130 643.058 607.777 594.136 574.379 577.615 579.675 576.869 651.182 643.338 643.239 616.687 624.473 595.226 626.488 581.234 535.587 512.779 494.948 486.567 498.546 482.172 427.341 429.670 444.783 -999.250 -999.250 -999.250 -999.250 -999.250 -999.250 -999.250 -999.250 -999.250 -999.250 -999.250 -999.250 -999.250 -999.250 -999.250 -999.250 -999.250 -999.250 -999.250
458.495 523.661 591.142 657.575 685.345 742.090 817.439 832.652 901.403 882.602 853.910 882.200 858.138 787.971 779.474 757.184 729.381 649.009 721.502 674.504 683.406 654.091 589.455 555.993 592.683 564.872 607.352 658.324 655.396 623.266 575.673 607.666 618.780 609.021 562.971 515.765 534.446 490.682 491.732 474.385 476.234 495.091 443.262 428.757 423.843 385.978 391.186 -999.250 -999.250 -999.250 -999.250 -999.250 -999.250 -999.250 -999.250 -999.250 -999.250 -999.250 -999.250 -999.250 -999.250 -999.250 -999.250 -999.250
423.926 475.852 548.863 591.858 685.218 737.744 780.336 808.717 827.484 852.759 824.884 856.562 832.348 813.539 792.228 735.147 694.465 659.246 670.612 663.284 655.529 603.498 571.155 543.942 552.466 585.396 551.059 619.662 605.478 602.096 581.827 553.215 570.661 539.153 523.349 521.476 506.572 492.469 488.462 453.223 468.691 458.403 413.609 388.329 409.601 400.875 379.247 -999.250 -999.250 -999.250 -999.250 -999.250 -999.250 -999.250 -999.250 -999.250 -999.250 -999.250 -999.250 -999.250 -999.250 -999.250 -999.250 -999.250
425.540 466.332 510.179 564.418 625.165 723.561 760.221 756.930 821.548 787.076 834.255 829.757 808.773 780.796 769.577 713.306 775.454 666.224 637.933 649.173 600.488 573.643 523.081 517.078 533.618 516.021 515.967 577.995 552.433 541.636 545.655 535.861 559.120 515.388 497.135 497.302 495.308 476.053 472.601 446.628 437.471 437.196 424.986 391.274 355.852 358.169 373.562 364.433 -999.250 -999.250 -999.250 -999.250 -999.250 -999.250 -999.250 -999.250 -999.250 -999.250 -999.250 -999.250 -999.250 -999.250 -999.250 -999.250
