data/medianmodel_20-Aug-2020.asc
ncols	141
nrows	288
xllcorner	-120191.398
yllcorner	-301404.813
cellsize	2000.000
NODATA_value	-999.250
[rows 31 to 61 of 288, columns 0 to 68 of 141]
-999.250 -999.250 -999.250 -999.250 -999.250 -999.250 -999.250 -999.250 -999.250 -999.250 -999.250 -999.250 -999.250 -999.250 -999.250 -999.250 -999.250 -999.250 -999.250 -999.250 -999.250 -999.250 -999.250 -999.250 -999.250 -999.250 -999.250 -999.250 -999.250 -999.250 -999.250 -999.250 11.861 8.472 5.873 5.125 5.123 4.688 5.839 5.911 6.267 7.156 7.201 7.478 9.139 11.813 14.708 17.867 19.713 20.686 18.938 16.418 14.677 14.775 18.605 10.862 6.502 4.068 1.491 0.000 0.000 0.000 0.000 0.000 0.000 0.000 0.000 0.000 0.000
-999.250 -999.250 -999.250 -999.250 -999.250 -999.250 -999.250 -999.250 -999.250 -999.250 -999.250 -999.250 -999.250 -999.250 -999.250 -999.250 -999.250 -999.250 -999.250 -999.250 -999.250 -999.250 -999.250 -999.250 -999.250 -999.250 -999.250 -999.250 -999.250 -999.250 -999.250 -999.250 17.798 12.986 11.626 10.491 9.593 8.708 8.979 10.989 12.754 11.365 11.114 10.928 11.000 12.844 14.583 17.741 21.587 18.721 17.460 14.818 13.443 13.257 12.832 9.652 7.648 4.408 4.124 2.441 1.856 0.458 0.000 0.000 0.000 0.000 0.000 0.000 0.000
-999.250 -999.250 -999.250 -999.250 -999.250 -999.250 -999.250 -999.250 -999.250 -999.250 -999.250 -999.250 -999.250 -999.250 -999.250 -999.250 -999.250 -999.250 -999.250 -999.250 -999.250 -999.250 -999.250 -999.250 -999.250 -999.250 -999.250 -999.250 -999.250 -999.250 -999.250 -999.250 24.436 23.408 17.215 16.008 15.996 15.440 15.180 16.865 23.238 16.663 14.258 13.275 12.919 13.910 15.853 17.986 26.823 18.374 15.080 12.836 11.347 11.022 9.225 8.332 7.139 5.988 5.951 6.176 3.811 3.483 2.016 0.493 0.778 0.000 0.000 0.000 0.000
-999.250 -999.250 -999.250 -999.250 -999.250 -999.250 -999.250 -999.250 -999.250 -999.250 -999.250 -999.250 -999.250 -999.250 -999.250 -999.250 -999.250 -999.250 -999.250 -999.250 -999.250 -999.250 -999.250 -999.250 -999.250 -999.250 -999.250 -999.250 -999.250 -999.250 -999.250 -999.250 31.357 28.404 26.105 25.174 24.619 25.024 23.884 24.151 23.016 18.942 16.260 14.036 13.301 14.012 14.568 15.029 16.751 14.534 12.765 10.822 9.263 9.495 8.558 9.236 8.229 8.550 8.798 7.870 7.714 5.646 5.184 4.632 6.399 1.357 0.000 0.000 0.000
-999.250 -999.250 -999.250 -999.250 -999.250 -999.250 -999.250 -999.250 -999.250 -999.250 -999.250 -999.250 -999.250 -999.250 -999.250 -999.250 -999.250 -999.250 -999.250 -999.250 -999.250 -999.250 -999.250 -999.250 -999.250 -999.250 -999.250 -999.250 -999.250 -999.250 -999.250 -999.250 41.269 38.832 37.584 34.349 34.099 33.021 31.059 28.673 26.792 24.797 19.304 17.595 14.602 13.389 12.915 12.380 11.369 11.103 9.360 8.816 8.233 8.631 8.183 8.770 9.677 11.322 12.241 11.726 10.672 9.180 8.737 7.182 5.539 3.718 0.000 0.000 0.000
-999.250 -999.250 -999.250 -999.250 -999.250 -999.250 -999.250 -999.250 -999.250 -999.250 -999.250 -999.250 -999.250 -999.250 -999.250 -999.250 -999.250 -999.250 -999.250 -999.250 -999.250 -999.250 -999.250 -999.250 -999.250 -999.250 -999.250 -999.250 -999.250 -999.250 -999.250 -999.250 54.473 50.464 49.716 44.980 44.123 42.470 40.922 37.036 33.558 28.110 24.790 18.578 15.636 13.825 12.351 9.067 8.447 7.975 6.620 6.523 6.684 6.618 7.302 8.772 10.281 12.947 15.184 16.020 14.654 13.534 12.499 11.360 8.708 6.446 4.083 0.000 0.000
-999.250 -999.250 -999.250 -999.250 -999.250 -999.250 -999.250 -999.250 -999.250 -999.250 -999.250 -999.250 -999.250 -999.250 -999.250 -999.250 -999.250 -999.250 -999.250 -999.250 -999.250 -999.250 -999.250 -999.250 -999.250 -999.250 -999.250 -999.250 -999.250 -999.250 -999.250 -999.250 -999.250 64.891 61.169 60.007 59.285 57.125 53.432 46.370 41.258 35.171 29.522 24.462 17.885 14.330 9.867 7.068 6.170 4.559 5.073 5.782 6.328 5.828 6.790 8.861 11.661 16.214 19.984 21.271 18.601 17.524 16.641 14.462 13.152 9.638 5.840 2.431 0.000
-999.250 -999.250 -999.250 -999.250 -999.250 -999.250 -999.250 -999.250 -999.250 -999.250 -999.250 -999.250 -999.250 -999.250 -999.250 -999.250 -999.250 -999.250 -999.250 -999.250 -999.250 -999.250 -999.250 -999.250 -999.250 -999.250 -999.250 -999.250 -999.250 -999.250 -999.250 -999.250 -999.250 75.726 75.832 75.454 74.532 73.185 62.948 57.810 52.780 43.341 35.873 28.386 21.490 15.239 9.666 6.002 3.373 3.204 2.938 4.354 6.166 5.747 6.216 8.829 11.664 17.875 29.130 23.340 21.572 21.450 22.133 21.527 18.049 14.131 9.084 4.723 1.616
-999.250 -999.250 -999.250 -999.250 -999.250 -999.250 -999.250 -999.250 -999.250 -999.250 -999.250 -999.250 -999.250 -999.250 -999.250 -999.250 -999.250 -999.250 -999.250 -999.250 -999.250 -999.250 -999.250 -999.250 -999.250 -999.250 -999.250 -999.250 -999.250 -999.250 -999.250 -999.250 91.082 88.845 92.265 91.355 91.281 87.188 79.189 72.301 62.145 52.404 42.836 33.841 26.269 17.125 10.015 4.894 1.534 0.015 0.000 3.640 11.162 5.588 4.418 5.908 9.217 14.352 20.563 21.118 21.922 25.271 29.002 29.856 24.866 17.383 13.053 6.293 2.629
-999.250 -999.250 -999.250 -999.250 -999.250 -999.250 -999.250 -999.250 -999.250 -999.250 -999.250 -999.250 -999.250 -999.250 -999.250 -999.250 -999.250 -999.250 -999.250 -999.250 -999.250 -999.250 -999.250 -999.250 -999.250 -999.250 -999.250 -999.250 -999.250 -999.250 -999.250 -999.250 110.361 109.022 109.577 113.931 110.955 103.018 92.122 79.891 72.946 59.997 51.681 42.378 31.830 21.275 10.804 3.746 0.000 0.000 0.000 0.555 3.494 2.709 2.569 2.347 6.139 10.184 13.986 17.815 20.734 25.899 31.701 42.017 29.361 21.096 14.177 9.136 5.269
-999.250 -999.250 -999.250 -999.250 -999.250 -999.250 -999.250 -999.250 -999.250 -999.250 -999.250 -999.250 -999.250 -999.250 -999.250 -999.250 -999.250 -999.250 -999.250 -999.250 -999.250 -999.250 -999.250 -999.250 -999.250 -999.250 -999.250 -999.250 -999.250 -999.250 -999.250 -999.250 -999.250 123.596 127.421 129.137 129.403 123.884 109.604 100.071 86.083 72.903 58.262 48.329 42.529 23.875 12.273 3.894 0.000 0.000 0.000 0.000 0.000 0.000 0.000 0.000 3.258 5.946 9.648 13.093 18.523 23.351 27.403 30.454 26.461 19.734 14.633 14.397 6.361
-999.250 -999.250 -999.250 -999.250 -999.250 -999.250 -999.250 -999.250 -999.250 -999.250 -999.250 -999.250 -999.250 -999.250 -999.250 -999.250 -999.250 -999.250 -999.250 -999.250 -999.250 -999.250 -999.250 -999.250 -999.250 -999.250 -999.250 -999.250 -999.250 -999.250 -999.250 -999.250 -999.250 137.067 150.381 151.447 147.442 136.477 127.419 112.199 95.301 77.854 68.282 54.728 41.001 25.758 12.403 4.072 0.532 0.000 0.441 0.577 4.185 0.000 0.000 0.000 0.602 3.370 5.905 10.420 14.274 20.610 22.674 23.882 22.543 17.356 13.750 11.218 7.450
-999.250 -999.250 -999.250 -999.250 -999.250 -999.250 -999.250 -999.250 -999.250 -999.250 -999.250 -999.250 -999.250 -999.250 -999.250 -999.250 -999.250 -999.250 -999.250 -999.250 -999.250 -999.250 -999.250 -999.250 -999.250 -999.250 -999.250 -999.250 -999.250 -999.250 -999.250 -999.250 -999.250 163.768 178.969 187.668 173.153 157.744 133.358 123.218 102.540 81.636 74.354 59.010 43.605 28.841 14.190 5.878 4.868 6.190 7.268 6.146 4.629 2.467 0.000 0.000 0.000 3.545 3.367 7.807 11.530 15.282 18.212 19.254 17.525 14.648 12.619 10.226 7.913
-999.250 -999.250 -999.250 -999.250 -999.250 -999.250 -999.250 -999.250 -999.250 -999.250 -999.250 -999.250 -999.250 -999.250 -999.250 -999.250 -999.250 -999.250 -999.250 -999.250 -999.250 -999.250 -999.250 -999.250 -999.250 -999.250 -999.250 -999.250 -999.250 -999.250 -999.250 -999.250 -999.250 -999.250 192.319 217.775 189.911 167.325 137.558 122.370 104.039 84.744 76.298 67.549 51.332 32.294 20.476 13.316 13.082 16.785 17.777 15.694 11.692 6.689 3.818 1.317 0.000 0.000 2.451 5.143 8.380 12.349 14.580 15.209 15.025 13.647 10.956 8.155 7.631
-999.250 -999.250 -999.250 -999.250 -999.250 -999.250 -999.250 -999.250 -999.250 -999.250 -999.250 -999.250 -999.250 -999.250 -999.250 -999.250 -999.250 -999.250 -999.250 -999.250 -999.250 -999.250 -999.250 -999.250 -999.250 -999.250 -999.250 -999.250 -999.250 -999.250 -999.250 -999.250 -999.250 -999.250 184.560 194.267 183.049 152.710 128.419 113.201 96.645 82.234 77.131 80.691 55.734 37.147 26.561 22.804 23.952 31.595 34.536 29.248 20.989 13.886 9.244 5.388 1.572 0.421 1.399 4.901 6.305 8.834 11.088 12.048 12.706 12.584 11.267 9.182 8.612
-999.250 -999.250 -999.250 -999.250 -999.250 -999.250 -999.250 -999.250 -999.250 -999.250 -999.250 -999.250 -999.250 -999.250 -999.250 -999.250 -999.250 -999.250 -999.250 -999.250 -999.250 -999.250 -999.250 -999.250 -999.250 -999.250 -999.250 -999.250 -999.250 -999.250 -999.250 -999.250 -999.250 -999.250 165.185 162.934 150.550 128.850 116.579 97.805 80.398 73.184 67.645 58.842 47.270 36.404 29.626 29.175 31.733 42.160 58.172 41.173 28.623 21.038 16.210 9.477 5.122 2.975 2.955 4.014 5.556 7.910 9.622 10.374 9.950 10.468 11.811 9.127 8.654
-999.250 -999.250 -999.250 -999.250 -999.250 -999.250 -999.250 -999.250 -999.250 -999.250 -999.250 -999.250 -999.250 -999.250 -999.250 -999.250 -999.250 -999.250 -999.250 -999.250 -999.250 -999.250 -999.250 -999.250 -999.250 -999.250 -999.250 -999.250 -999.250 -999.250 -999.250 -999.250 -999.250 -999.250 135.973 134.923 124.757 111.159 91.915 76.099 66.189 57.820 54.511 44.898 37.356 32.258 29.621 31.244 36.138 42.770 46.031 41.271 31.374 25.750 25.666 13.175 7.786 4.593 3.720 4.429 5.271 7.683 10.096 11.370 9.688 9.808 10.533 9.663 9.576
-999.250 -999.250 -999.250 -999.250 -999.250 -999.250 -999.250 -999.250 -999.250 -999.250 -999.250 -999.250 -999.250 -999.250 -999.250 -999.250 -999.250 -999.250 -999.250 -999.250 -999.250 -999.250 -999.250 -999.250 -999.250 -999.250 -999.250 -999.250 -999.250 -999.250 -999.250 -999.250 -999.250 -999.250 -999.250 112.949 92.762 80.297 68.617 54.832 43.995 40.203 34.628 30.637 26.718 25.711 26.265 30.698 33.928 39.375 39.820 33.900 30.359 24.792 20.595 13.390 8.464 5.329 3.845 3.407 5.098 8.303 15.040 10.171 8.701 9.206 9.622 10.169 11.734
-999.250 -999.250 -999.250 -999.250 -999.250 -999.250 -999.250 -999.250 -999.250 -999.250 -999.250 -999.250 -999.250 -999.250 -999.250 -999.250 -999.250 -999.250 -999.250 -999.250 -999.250 -999.250 -999.250 -999.250 -999.250 -999.250 -999.250 -999.250 -999.250 -999.250 -999.250 -999.250 -999.250 -999.250 -999.250 78.333 69.080 55.972 42.135 30.971 24.592 23.098 19.669 18.333 17.967 18.366 22.774 26.750 30.722 31.896 31.980 30.110 27.152 22.493 16.726 12.997 8.750 5.453 3.883 3.657 4.292 6.498 8.873 9.007 8.878 9.483 10.086 10.567 11.732
-999.250 -999.250 -999.250 -999.250 -999.250 -999.250 -999.250 -999.250 -999.250 -999.250 -999.250 -999.250 -999.250 -999.250 -999.250 -999.250 -999.250 -999.250 -999.250 -999.250 -999.250 -999.250 -999.250 -999.250 -999.250 -999.250 -999.250 -999.250 -999.250 -999.250 -999.250 -999.250 -999.250 -999.250 -999.250 59.294 45.716 33.342 21.964 11.513 9.214 9.247 9.891 10.018 10.627 12.889 15.082 20.281 24.103 25.303 26.957 26.188 24.238 19.890 15.922 12.066 8.123 5.713 3.504 3.226 3.958 6.041 7.540 8.228 9.428 9.906 11.480 11.300 12.175
-999.250 -999.250 -999.250 -999.250 -999.250 -999.250 -999.250 -999.250 -999.250 -999.250 -999.250 -999.250 -999.250 -999.250 -999.250 -999.250 -999.250 -999.250 -999.250 -999.250 -999.250 -999.250 -999.250 -999.250 -999.250 -999.250 -999.250 -999.250 -999.250 -999.250 -999.250 -999.250 -999.250 -999.250 -999.250 45.538 33.107 22.699 13.116 5.963 4.400 4.161 8.210 5.623 5.952 8.295 10.959 14.920 18.513 21.499 23.023 24.097 23.337 20.733 15.983 12.832 8.386 5.865 4.665 4.372 4.610 5.945 6.795 8.873 11.085 12.182 12.801 13.220 11.630
-999.250 -999.250 -999.250 -999.250 -999.250 -999.250 -999.250 -999.250 -999.250 -999.250 -999.250 -999.250 -999.250 -999.250 -999.250 -999.250 -999.250 -999.250 -999.250 -999.250 -999.250 -999.250 -999.250 -999.250 -999.250 -999.250 -999.250 -999.250 -999.250 -999.250 -999.250 -999.250 -999.250 -999.250 -999.250 38.035 28.095 18.405 13.159 9.940 6.445 4.168 3.824 2.909 3.708 5.146 6.938 10.634 14.962 22.076 21.268 24.745 25.271 23.482 18.002 13.035 8.870 6.218 5.626 5.579 5.665 5.933 7.938 11.140 12.936 13.699 14.512 14.095 11.250
-999.250 -999.250 -999.250 -999.250 -999.250 -999.250 -999.250 -999.250 -999.250 -999.250 -999.250 -999.250 -999.250 -999.250 -999.250 -999.250 -999.250 -999.250 -999.250 -999.250 -999.250 -999.250 -999.250 -999.250 -999.250 -999.250 -999.250 -999.250 -999.250 -999.250 -999.250 -999.250 -999.250 -999.250 -999.250 -999.250 27.055 22.936 21.928 21.727 15.313 9.443 5.882 4.082 3.467 4.094 5.715 9.405 13.367 17.508 20.969 26.407 34.398 25.087 20.500 13.790 10.661 6.749 6.200 9.710 5.713 5.823 9.131 12.479 15.165 18.078 18.651 17.111 12.056
-999.250 -999.250 -999.250 -999.250 -999.250 -999.250 -999.250 -999.250 -999.250 -999.250 -999.250 -999.250 -999.250 -999.250 -999.250 -999.250 -999.250 -999.250 -999.250 -999.250 -999.250 -999.250 -999.250 -999.250 -999.250 -999.250 -999.250 -999.250 -999.250 -999.250 -999.250 -999.250 -999.250 -999.250 -999.250 -999.250 28.668 28.259 31.868 43.397 24.544 13.355 8.201 9.639 3.796 3.561 5.780 8.974 13.127 17.318 21.871 26.298 28.788 25.022 20.489 15.900 11.077 6.987 5.182 5.264 5.222 5.835 8.985 13.368 17.843 24.014 25.867 18.598 11.421
-999.250 -999.250 -999.250 -999.250 -999.250 -999.250 -999.250 -999.250 -999.250 -999.250 -999.250 -999.250 -999.250 -999.250 -999.250 -999.250 -999.250 -999.250 -999.250 -999.250 -999.250 -999.250 -999.250 -999.250 -999.250 -999.250 -999.250 -999.250 -999.250 -999.250 -999.250 -999.250 -999.250 -999.250 -999.250 -999.250 -999.250 28.524 31.084 30.944 23.299 13.667 8.593 5.031 3.309 3.310 6.401 9.396 14.124 18.724 23.698 27.471 29.499 26.899 22.690 17.864 12.476 6.472 5.207 3.683 3.674 5.567 8.237 13.291 17.664 25.412 37.337 21.527 10.612
-999.250 -999.250 -999.250 -999.250 -999.250 -999.250 -999.250 -999.250 -999.250 -999.250 -999.250 -999.250 -999.250 -999.250 -999.250 -999.250 -999.250 -999.250 -999.250 -999.250 -999.250 -999.250 -999.250 -999.250 -999.250 -999.250 -999.250 -999.250 -999.250 -999.250 -999.250 -999.250 -999.250 -999.250 -999.250 -999.250 -999.250 24.621 23.541 20.313 15.175 10.145 5.486 4.045 1.261 3.813 6.308 11.053 15.255 22.502 26.111 30.955 31.891 30.427 25.624 20.025 13.817 8.367 4.336 3.116 2.218 4.161 6.808 10.698 15.477 20.527 23.279 16.707 9.221
-999.250 -999.250 -999.250 -999.250 -999.250 -999.250 -999.250 -999.250 -999.250 -999.250 -999.250 -999.250 -999.250 -999.250 -999.250 -999.250 -999.250 -999.250 -999.250 -999.250 -999.250 -999.250 -999.250 -999.250 -999.250 -999.250 -999.250 -999.250 -999.250 -999.250 -999.250 -999.250 -999.250 -999.250 -999.250 -999.250 -999.250 17.967 16.864 13.197 11.981 6.067 3.501 1.515 1.987 4.326 8.148 13.088 17.694 25.136 30.434 35.689 38.657 34.920 31.067 24.294 15.302 8.719 3.694 0.000 0.000 2.822 4.747 8.240 10.912 12.934 13.730 11.388 9.865
-999.250 -999.250 -999.250 -999.250 -999.250 -999.250 -999.250 -999.250 -999.250 -999.250 -999.250 -999.250 -999.250 -999.250 -999.250 -999.250 -999.250 -999.250 -999.250 -999.250 -999.250 -999.250 -999.250 -999.250 -999.250 -999.250 -999.250 -999.250 -999.250 -999.250 -999.250 -999.250 -999.250 -999.250 -999.250 -999.250 -999.250 13.810 10.456 7.806 5.593 3.275 1.024 0.073 2.819 4.731 8.955 13.690 21.277 28.844 35.771 42.901 44.951 44.674 38.969 29.575 17.655 9.190 2.053 0.000 0.000 0.000 2.322 4.507 6.578 7.084 7.250 6.619 4.344
-999.250 -999.250 -999.250 -999.250 -999.250 -999.250 -999.250 -999.250 -999.250 -999.250 -999.250 -999.250 -999.250 -999.250 -999.250 -999.250 -999.250 -999.250 -999.250 -999.250 -999.250 -999.250 -999.250 -999.250 -999.250 -999.250 -999.250 -999.250 -999.250 -999.250 -999.250 -999.250 -999.250 -999.250 -999.250 -999.250 -999.250 -999.250 7.041 3.691 0.564 0.000 0.000 0.171 2.180 5.940 9.732 16.090 23.343 31.467 40.659 46.151 56.383 58.352 45.380 31.535 18.729 7.665 0.000 0.000 0.000 0.000 0.000 1.998 2.941 3.992 3.398 3.832 1.392
-999.250 -999.250 -999.250 -999.250 -999.250 -999.250 -999.250 -999.250 -999.250 -999.250 -999.250 -999.250 -999.250 -999.250 -999.250 -999.250 -999.250 -999.250 -999.250 -999.250 -999.250 -999.250 -999.250 -999.250 -999.250 -999.250 -999.250 -999.250 -999.250 -999.250 -999.250 -999.250 -999.250 -999.250 -999.250 -999.250 -999.250 -999.250 4.131 1.224 0.000 0.000 0.000 0.000 2.889 6.659 11.815 18.358 26.346 32.656 42.668 54.020 63.036 77.650 56.337 34.640 19.071 7.113 0.000 0.000 0.000 0.000 0.000 0.000 0.000 0.558 1.538 0.226 0.000
-999.250 -999.250 -999.250 -999.250 -999.250 -999.250 -999.250 -999.250 -999.250 -999.250 -999.250 -999.250 -999.250 -999.250 -999.250 -999.250 -999.250 -999.250 -999.250 -999.250 -999.250 -999.250 -999.250 -999.250 -999.250 -999.250 -999.250 -999.250 -999.250 -999.250 -999.250 -999.250 -999.250 -999.250 -999.250 -999.250 -999.250 -999.250 1.802 0.075 0.000 0.000 0.000 0.201 4.064 7.734 12.314 19.245 27.449 34.189 42.827 54.433 59.623 59.455 51.101 32.972 20.316 7.649 0.000 0.000 0.000 0.000 0.000 0.000 0.000 0.000 0.000 0.000 0.000
