data/medianmodel_16-Apr-2020.asc
ncols	141
nrows	288
xllcorner	-120191.398
yllcorner	-301404.813
cellsize	2000.000
NODATA_value	-999.250
[rows 30 to 59 of 288, columns 67 to 133 of 141]
56.247 48.266 37.582 34.502 33.729 31.751 30.281 25.352 25.300 20.699 18.255 16.282 12.948 14.425 7.838 10.446 11.333 10.284 12.517 11.744 13.949 15.577 16.355 16.566 16.265 16.071 15.250 15.045 18.624 20.929 26.020 29.729 29.930 29.229 32.745 34.094 35.774 50.261 60.431 63.152 68.662 71.049 87.000 80.088 77.532 70.894 72.593 65.377 69.844 84.102 88.298 89.766 109.945 89.397 81.460 85.809 94.732 77.688 92.744 99.516 99.428 79.807 78.132 65.477 57.384 54.944 38.204
49.300 49.328 44.300 37.711 31.394 30.427 32.717 29.051 26.512 21.001 18.460 17.808 11.315 12.778 13.803 8.305 14.625 14.817 17.705 17.964 17.163 18.934 17.787 19.567 19.444 18.370 16.536 18.852 20.405 25.206 23.325 27.101 29.580 32.435 31.837 36.423 41.126 49.381 51.225 61.313 71.038 66.761 72.863 79.339 78.822 72.746 67.925 56.126 65.412 73.848 95.278 93.699 89.303 89.094 91.347 71.558 86.748 94.301 91.259 84.062 92.973 91.425 82.468 64.058 60.547 49.849 41.263
49.126 42.553 43.019 37.453 32.512 27.565 28.756 26.751 24.781 19.535 17.352 14.360 12.671 8.372 11.989 11.833 13.969 17.696 18.908 19.364 20.627 22.861 23.436 21.887 22.682 19.786 21.076 20.197 24.444 23.875 25.405 28.847 29.295 32.952 30.843 34.826 36.782 46.217 53.642 59.739 64.638 65.017 64.196 56.157 67.344 71.820 61.075 56.920 69.071 68.435 75.837 75.507 66.799 72.550 80.523 82.172 90.382 88.990 89.892 78.442 83.871 72.000 65.510 65.008 55.246 51.154 45.422
48.931 44.149 40.066 37.080 36.047 30.136 29.636 26.253 25.999 20.801 17.160 15.348 10.660 6.136 10.159 15.190 14.697 17.697 20.045 20.353 26.855 24.569 24.866 21.721 24.442 24.217 21.948 21.830 21.427 21.823 29.800 31.776 34.358 34.689 32.798 33.366 41.245 43.677 47.242 52.351 52.882 55.112 55.260 54.293 61.418 67.932 60.700 62.172 66.115 65.639 59.648 82.031 67.315 72.799 87.875 88.790 98.352 94.321 68.403 76.190 70.279 71.102 65.437 67.159 49.438 47.539 44.948
41.485 39.416 38.768 34.063 31.709 32.146 33.245 28.680 23.457 20.816 18.320 15.926 12.652 2.908 4.723 12.853 15.315 22.570 27.163 26.348 29.467 31.201 28.709 27.668 30.388 26.655 24.538 27.330 22.580 27.008 29.315 35.560 33.235 33.741 33.033 33.318 33.563 35.268 42.249 39.777 44.428 51.333 44.157 46.716 46.336 51.223 47.949 46.914 44.404 61.570 66.740 71.804 72.331 78.630 73.208 71.795 76.160 77.820 75.547 72.362 75.627 70.687 56.713 56.710 50.947 47.265 45.317
34.068 37.850 33.805 30.253 31.231 31.494 32.736 28.829 26.193 23.396 20.109 17.555 12.087 6.284 0.000 12.390 16.741 21.642 27.210 28.906 32.059 35.155 31.855 32.915 30.015 30.122 26.439 28.184 24.638 28.073 32.207 32.005 33.567 30.055 29.397 29.842 27.556 31.354 33.653 37.196 35.400 41.162 40.088 36.582 41.043 41.149 48.810 41.421 47.479 56.556 56.172 73.617 70.395 84.151 74.569 79.767 80.980 80.537 76.961 59.938 66.250 62.781 61.062 60.321 52.524 37.835 45.506
30.181 33.123 31.718 30.638 31.501 31.400 30.166 26.035 21.501 22.989 19.617 19.728 17.318 16.115 13.938 17.491 23.099 26.548 32.233 37.418 37.099 42.190 34.857 35.540 32.469 29.856 29.423 28.034 25.383 24.234 26.666 26.902 27.581 24.597 24.212 25.299 25.389 29.567 34.371 32.616 30.720 37.343 35.853 33.196 31.398 40.197 44.834 39.924 41.981 52.877 58.067 56.523 59.944 69.391 68.494 67.094 78.743 82.693 80.222 63.247 55.982 52.048 53.692 61.111 41.111 47.046 39.845
25.273 28.771 29.373 27.757 27.603 25.779 26.147 23.263 25.889 21.213 22.299 22.571 20.603 20.957 20.513 24.232 28.426 28.530 34.125 41.172 41.901 42.684 38.632 32.377 30.085 32.451 30.100 26.343 23.871 23.625 21.942 21.893 23.483 22.512 20.560 20.329 21.970 25.629 27.252 30.501 27.836 31.533 34.480 31.881 34.596 38.213 39.147 40.562 43.964 44.148 47.490 46.710 54.296 67.759 59.820 71.524 79.314 65.209 70.226 54.980 51.239 48.526 44.651 52.222 43.555 42.681 39.249
26.329 26.843 28.170 26.734 30.157 29.218 27.066 25.004 26.538 25.311 24.857 26.001 29.434 27.972 24.250 30.765 34.649 42.002 35.123 37.171 41.405 41.465 44.154 36.559 33.365 29.524 25.615 21.008 20.135 19.026 18.110 16.765 18.117 18.753 17.024 16.068 15.434 18.011 20.091 25.143 27.428 28.143 30.538 30.459 36.846 36.102 37.443 40.410 38.922 40.704 46.581 48.805 50.799 58.745 65.219 62.387 71.950 62.906 61.742 60.355 50.442 44.160 42.403 47.566 41.931 46.812 43.696
24.202 25.745 27.142 28.746 31.157 31.960 29.672 29.453 29.826 28.877 30.883 31.991 32.699 32.740 30.639 34.931 37.232 38.452 40.867 38.502 43.921 47.603 39.516 34.545 32.171 26.378 20.223 15.996 14.890 15.750 11.781 13.649 12.140 13.089 13.494 15.267 14.150 16.678 18.796 18.683 20.432 23.754 27.700 31.875 28.970 33.390 35.950 37.566 37.055 36.621 38.007 38.326 48.323 56.106 57.599 65.409 67.789 57.248 53.440 48.002 50.041 43.227 48.523 43.771 40.682 38.914 43.615
27.579 27.121 29.441 27.050 30.811 31.310 29.020 31.526 29.346 28.668 33.240 31.753 31.786 34.323 36.479 35.614 38.424 38.595 40.187 40.549 42.503 54.915 41.596 34.260 26.695 21.266 16.070 9.544 11.984 5.100 5.274 3.912 5.175 7.269 8.761 10.912 11.311 10.140 10.826 16.134 20.871 24.918 23.148 28.668 28.569 27.962 31.240 29.831 26.982 31.749 39.672 44.387 43.773 44.954 50.139 61.369 57.079 54.286 54.605 49.192 54.183 48.635 50.587 49.649 40.996 35.212 36.223
28.794 29.483 28.720 31.234 31.152 30.875 30.636 28.287 30.953 32.324 35.055 38.080 36.705 37.219 36.922 39.480 41.353 33.935 33.449 35.182 40.594 45.444 35.866 27.683 22.812 16.744 13.981 4.539 3.491 3.306 3.190 0.000 3.145 4.030 7.816 7.020 5.464 9.205 12.431 13.495 18.281 21.579 20.730 25.094 25.007 24.430 26.093 25.825 28.053 31.001 31.900 39.887 37.556 48.119 46.375 49.177 44.260 43.023 42.360 48.043 50.777 51.139 47.188 48.996 48.278 43.509 33.222
33.175 31.648 32.099 31.817 32.661 29.019 28.237 28.599 32.572 34.517 37.406 35.703 35.062 35.905 43.257 38.132 37.453 37.966 33.229 33.911 29.488 31.570 27.641 23.411 17.057 11.334 8.212 2.178 0.000 0.000 0.169 0.000 3.306 7.823 3.820 7.253 10.678 9.582 8.126 13.949 15.204 18.623 19.867 18.595 21.459 22.433 21.028 18.445 20.659 25.556 26.308 29.403 33.393 34.340 39.051 46.532 39.878 42.166 38.929 40.739 44.825 46.213 40.890 43.702 46.279 -999.250 -999.250
35.463 32.397 30.317 29.084 34.030 31.276 28.356 29.452 30.541 32.650 37.091 36.010 38.973 36.366 42.917 32.957 38.216 29.645 30.824 26.936 22.429 23.511 20.624 16.296 12.395 7.838 4.845 0.000 0.000 0.000 1.221 4.355 9.661 11.847 11.450 12.900 14.958 13.692 13.170 15.554 16.523 18.212 21.978 19.819 18.189 16.997 17.967 18.455 17.144 18.067 22.679 24.814 27.230 30.758 33.384 40.244 41.082 41.494 40.081 40.162 42.682 46.733 41.707 39.031 43.167 49.514 -999.250
33.406 30.091 32.644 29.968 27.437 29.112 33.580 31.917 33.418 34.828 35.909 40.330 36.023 40.757 38.334 29.182 28.614 25.308 21.134 23.134 18.066 16.481 11.622 7.096 3.749 0.382 0.000 0.000 0.000 0.000 2.825 7.210 12.046 18.072 17.318 18.109 21.578 21.429 18.775 20.629 19.843 20.434 18.861 19.519 17.659 14.561 13.457 10.732 14.105 17.650 19.791 19.409 23.467 28.069 31.929 36.722 37.182 36.868 32.855 39.871 38.282 39.741 44.225 40.355 -999.250 -999.250 -999.250
35.734 31.589 31.663 27.898 27.729 26.386 30.198 35.173 37.857 40.303 39.704 42.500 39.421 33.429 30.902 27.474 25.584 19.614 15.448 16.636 15.279 10.103 6.164 3.088 0.000 0.000 0.000 0.000 0.000 3.253 12.764 18.433 19.896 25.088 27.252 26.721 29.893 34.460 31.439 28.460 24.920 25.664 21.747 21.135 17.766 16.251 12.890 9.570 9.190 13.448 15.531 17.441 20.524 23.832 27.813 29.340 30.485 36.009 33.320 35.723 39.424 36.901 38.802 35.455 -999.250 -999.250 -999.250
33.764 32.136 28.252 26.179 23.593 19.779 24.740 31.750 34.595 44.033 39.744 41.116 40.622 33.658 27.635 20.816 16.811 15.283 10.540 13.859 11.779 8.584 1.846 0.000 0.000 0.000 0.000 0.000 1.322 13.660 19.430 27.552 32.409 38.526 43.659 45.134 44.822 49.387 44.681 41.876 40.138 32.212 26.686 23.722 19.853 17.149 14.792 11.720 8.654 9.403 10.161 12.994 15.622 19.756 21.889 25.541 29.320 29.668 29.910 35.849 41.421 39.141 44.581 -999.250 -999.250 -999.250 -999.250
33.013 27.755 26.898 24.954 22.214 20.147 20.572 23.823 28.103 37.143 37.199 39.437 32.084 24.889 21.589 14.466 9.686 6.526 5.412 6.155 3.818 0.000 0.000 0.000 0.000 0.000 0.000 1.735 12.470 19.218 38.550 47.043 52.627 59.489 66.181 75.510 80.045 75.153 66.524 59.513 56.228 41.031 35.942 31.636 26.042 23.184 17.200 14.211 7.633 6.917 9.712 5.630 7.426 15.239 20.719 22.604 25.652 29.941 29.524 40.963 38.314 -999.250 -999.250 -999.250 -999.250 -999.250 -999.250
29.082 25.432 21.899 19.747 17.833 15.472 17.019 18.626 25.684 28.915 32.646 31.013 29.480 25.214 19.426 12.811 5.326 4.159 0.956 2.002 0.000 0.000 0.000 0.000 1.567 1.565 3.458 13.539 22.731 36.820 60.074 76.078 83.320 91.241 106.106 94.525 106.046 109.487 103.705 87.032 91.410 65.889 56.225 41.397 35.373 26.497 16.933 15.644 10.712 6.629 2.361 2.184 4.229 11.681 16.953 21.794 26.500 28.037 29.847 34.663 38.573 -999.250 -999.250 -999.250 -999.250 -999.250 -999.250
22.702 19.736 17.318 17.260 15.539 13.203 12.248 15.809 21.771 31.309 37.048 34.026 30.283 25.464 19.257 11.530 0.000 0.000 0.000 0.000 0.000 0.000 0.000 1.143 5.962 12.476 21.260 26.548 35.298 68.644 100.412 124.820 130.575 130.485 145.495 153.454 166.621 145.191 152.337 130.816 104.044 97.648 89.376 58.771 50.742 33.543 26.820 14.135 11.372 2.402 0.000 0.000 0.838 9.752 14.091 21.233 -999.250 23.655 27.427 -999.250 -999.250 -999.250 -999.250 -999.250 -999.250 -999.250 -999.250
16.913 16.535 19.132 18.449 18.248 16.381 9.970 11.902 25.285 37.393 41.526 43.672 35.652 27.536 20.052 14.042 1.963 0.000 0.000 0.000 0.000 0.000 2.993 10.572 16.442 24.714 39.281 52.828 71.634 115.611 166.348 179.412 193.529 199.375 210.675 197.358 215.919 183.390 214.783 174.501 137.887 137.290 95.854 72.071 57.455 45.519 29.609 21.551 9.177 0.000 0.000 0.000 0.000 4.715 -999.250 -999.250 -999.250 -999.250 -999.250 -999.250 -999.250 -999.250 -999.250 -999.250 -999.250 -999.250 -999.250
14.501 13.266 16.949 20.319 22.689 20.919 16.584 10.444 38.052 54.871 55.766 47.244 38.715 31.203 23.269 15.573 5.363 0.000 0.000 0.000 0.000 0.000 7.140 17.697 25.383 39.405 56.712 93.945 128.844 172.868 218.070 243.144 265.695 272.090 266.921 251.141 239.117 253.865 227.080 220.564 176.865 154.575 115.937 101.635 77.493 59.943 41.257 19.878 9.489 0.000 0.000 0.000 0.000 -999.250 -999.250 -999.250 -999.250 -999.250 -999.250 -999.250 -999.250 -999.250 -999.250 -999.250 -999.250 -999.250 -999.250
11.343 10.521 13.570 19.956 28.380 41.290 47.108 15.154 78.969 82.888 76.006 67.461 48.708 36.322 25.890 15.912 9.075 0.591 0.000 0.000 0.000 0.935 11.917 23.768 38.959 61.204 88.457 146.228 196.910 250.964 249.666 297.622 320.860 320.244 313.293 343.021 294.728 270.403 258.782 236.223 206.475 193.153 155.996 120.518 98.936 76.303 51.616 24.120 10.628 0.000 0.000 0.000 0.000 -999.250 -999.250 -999.250 -999.250 -999.250 -999.250 -999.250 -999.250 -999.250 -999.250 -999.250 -999.250 -999.250 -999.250
4.581 7.366 7.868 10.885 27.016 63.662 121.059 253.598 161.138 115.816 101.096 80.247 55.243 36.004 27.637 19.384 9.506 3.987 0.044 0.000 0.000 1.944 15.321 30.989 61.190 92.761 148.347 216.020 257.551 269.309 345.454 407.518 458.825 466.817 488.974 450.783 365.873 337.882 301.302 258.333 243.660 221.156 195.076 174.139 111.798 77.872 55.444 28.776 13.701 0.776 0.000 0.000 -999.250 -999.250 -999.250 -999.250 -999.250 -999.250 -999.250 -999.250 -999.250 -999.250 -999.250 -999.250 -999.250 -999.250 -999.250
17.940 20.735 15.024 0.000 32.061 71.109 148.340 214.192 185.212 171.662 118.365 82.139 54.803 34.284 23.728 18.423 14.361 6.511 1.716 0.000 0.000 2.419 15.937 37.124 71.418 116.460 196.824 247.104 270.799 352.124 417.748 503.481 582.269 552.088 608.059 609.499 494.526 395.768 328.382 310.005 286.113 282.170 216.353 193.983 135.028 93.278 59.767 32.934 13.263 0.000 0.000 -999.250 -999.250 -999.250 -999.250 -999.250 -999.250 -999.250 -999.250 -999.250 -999.250 -999.250 -999.250 -999.250 -999.250 -999.250 -999.250
44.563 56.374 46.399 42.227 48.028 79.357 119.350 151.755 168.673 149.995 110.156 66.567 35.844 26.936 19.582 18.147 14.841 8.247 1.758 0.257 0.589 7.358 14.035 49.088 84.775 139.391 211.600 254.875 328.048 397.996 529.736 609.010 628.924 670.512 736.305 667.030 602.063 542.805 435.396 387.005 311.706 292.410 248.307 218.687 167.291 116.388 58.000 29.381 11.763 0.000 0.000 -999.250 -999.250 -999.250 -999.250 -999.250 -999.250 -999.250 -999.250 -999.250 -999.250 -999.250 -999.250 -999.250 -999.250 -999.250 -999.250
106.743 144.543 108.852 89.576 77.603 83.615 95.276 92.177 93.470 97.210 76.351 40.610 20.310 16.061 16.410 15.877 16.576 10.952 2.889 2.218 4.508 14.799 25.461 59.521 93.199 160.942 223.202 268.700 350.633 464.182 555.604 633.131 716.694 851.369 906.374 843.650 681.765 605.993 532.365 445.888 381.348 350.040 265.328 215.742 190.160 114.377 69.976 29.315 7.153 0.000 -999.250 -999.250 -999.250 -999.250 -999.250 -999.250 -999.250 -999.250 -999.250 -999.250 -999.250 -999.250 -999.250 -999.250 -999.250 -999.250 -999.250
182.813 236.756 192.877 122.423 99.976 78.765 76.320 72.695 65.662 69.961 48.949 26.917 0.000 3.483 10.022 12.140 13.811 9.492 3.821 4.750 7.928 19.760 34.833 68.749 101.074 164.025 240.776 282.231 378.262 481.431 589.840 669.692 764.466 920.026 1061.049 938.608 797.882 687.503 594.431 537.844 461.456 340.045 276.424 203.977 156.092 96.160 57.359 25.892 0.000 0.000 -999.250 -999.250 -999.250 -999.250 -999.250 -999.250 -999.250 -999.250 -999.250 -999.250 -999.250 -999.250 -999.250 -999.250 -999.250 -999.250 -999.250
229.391 239.151 217.942 145.457 123.881 93.477 75.748 63.383 44.798 43.399 32.553 20.628 6.526 2.601 9.421 13.698 14.057 11.559 9.939 9.276 13.567 20.722 35.001 66.603 107.337 161.668 218.629 283.453 355.312 502.652 580.941 656.851 815.734 905.739 929.960 923.644 777.995 680.483 608.571 552.710 472.456 377.036 292.806 227.599 185.573 103.632 60.382 22.455 4.806 0.000 -999.250 -999.250 -999.250 -999.250 -999.250 -999.250 -999.250 -999.250 -999.250 -999.250 -999.250 -999.250 -999.250 -999.250 -999.250 -999.250 -999.250
206.206 211.300 228.745 166.276 135.417 93.797 73.819 52.920 39.058 30.648 25.428 19.342 16.465 16.657 18.333 18.752 18.872 16.195 14.553 11.619 12.120 23.449 34.538 57.840 97.070 157.920 221.060 255.800 334.124 448.726 534.016 601.119 741.999 795.124 809.795 871.267 753.915 683.847 600.258 507.030 524.983 402.359 293.431 249.074 178.965 107.281 57.290 24.671 0.060 -999.250 -999.250 -999.250 -999.250 -999.250 -999.250 -999.250 -999.250 -999.250 -999.250 -999.250 -999.250 -999.250 -999.250 -999.250 -999.250 -999.250 -999.250
