data/medianmodel_05-Jul-2020.asc
ncols	141
nrows	288
xllcorner	-120191.398
yllcorner	-301404.813
cellsize	2000.000
NODATA_value	-999.250
[rows 31 to 61 of 288, columns 0 to 68 of 141]
-999.250 -999.250 -999.250 -999.250 -999.250 -999.250 -999.250 -999.250 -999.250 -999.250 -999.250 -999.250 -999.250 -999.250 -999.250 -999.250 -999.250 -999.250 -999.250 -999.250 -999.250 -999.250 -999.250 -999.250 -999.250 -999.250 -999.250 -999.250 -999.250 -999.250 -999.250 -999.250 3.351 1.222 0.000 0.000 0.000 0.000 0.000 0.000 0.000 0.000 0.000 0.000 0.000 0.000 0.000 0.000 2.058 4.958 8.446 13.480 15.772 19.501 27.908 18.073 12.629 6.964 2.029 0.000 0.000 0.000 0.000 0.000 0.000 0.000 0.000 0.000 0.000
-999.250 -999.250 -999.250 -999.250 -999.250 -999.250 -999.250 -999.250 -999.250 -999.250 -999.250 -999.250 -999.250 -999.250 -999.250 -999.250 -999.250 -999.250 -999.250 -999.250 -999.250 -999.250 -999.250 -999.250 -999.250 -999.250 -999.250 -999.250 -999.250 -999.250 -999.250 -999.250 2.276 3.348 2.206 0.994 0.000 0.000 0.000 0.619 0.000 0.000 0.000 0.000 0.000 0.000 0.000 0.962 3.058 4.449 8.071 9.449 12.476 14.210 14.950 13.262 9.929 5.717 1.007 0.000 0.000 0.000 0.000 0.000 0.000 0.000 0.000 0.000 1.040
-999.250 -999.250 -999.250 -999.250 -999.250 -999.250 -999.250 -999.250 -999.250 -999.250 -999.250 -999.250 -999.250 -999.250 -999.250 -999.250 -999.250 -999.250 -999.250 -999.250 -999.250 -999.250 -999.250 -999.250 -999.250 -999.250 -999.250 -999.250 -999.250 -999.250 -999.250 -999.250 4.385 5.852 3.356 0.303 0.301 0.000 0.000 1.100 3.443 0.000 0.000 0.000 0.000 0.000 0.000 2.817 6.569 5.257 5.625 6.636 9.970 10.568 10.482 9.241 6.781 3.280 0.000 0.000 0.000 0.000 0.000 0.000 1.051 0.000 0.000 1.130 2.192
-999.250 -999.250 -999.250 -999.250 -999.250 -999.250 -999.250 -999.250 -999.250 -999.250 -999.250 -999.250 -999.250 -999.250 -999.250 -999.250 -999.250 -999.250 -999.250 -999.250 -999.250 -999.250 -999.250 -999.250 -999.250 -999.250 -999.250 -999.250 -999.250 -999.250 -999.250 -999.250 3.317 4.205 2.256 2.221 1.568 0.550 0.164 0.000 0.104 0.000 0.000 0.000 0.000 0.000 0.000 1.014 3.349 2.660 3.416 4.837 5.248 7.343 6.142 5.061 5.109 2.287 0.148 0.000 0.000 0.000 0.000 0.939 6.399 2.626 0.690 2.571 3.770
-999.250 -999.250 -999.250 -999.250 -999.250 -999.250 -999.250 -999.250 -999.250 -999.250 -999.250 -999.250 -999.250 -999.250 -999.250 -999.250 -999.250 -999.250 -999.250 -999.250 -999.250 -999.250 -999.250 -999.250 -999.250 -999.250 -999.250 -999.250 -999.250 -999.250 -999.250 -999.250 2.327 3.082 3.985 4.324 2.789 1.073 0.267 0.000 0.000 0.000 0.000 0.000 0.000 0.000 0.000 0.000 0.000 0.773 1.195 0.500 3.704 4.072 5.029 3.489 2.824 2.616 1.381 0.000 0.000 0.000 0.000 1.050 3.332 2.793 0.960 1.153 2.332
-999.250 -999.250 -999.250 -999.250 -999.250 -999.250 -999.250 -999.250 -999.250 -999.250 -999.250 -999.250 -999.250 -999.250 -999.250 -999.250 -999.250 -999.250 -999.250 -999.250 -999.250 -999.250 -999.250 -999.250 -999.250 -999.250 -999.250 -999.250 -999.250 -999.250 -999.250 -999.250 4.986 5.929 5.225 5.117 4.559 3.274 0.000 0.000 0.000 0.000 0.000 0.000 0.000 0.000 0.000 0.000 0.000 0.000 0.000 0.064 2.828 1.956 1.276 2.713 4.458 3.876 4.646 3.310 2.406 0.000 0.000 0.000 0.104 0.000 0.381 2.128 3.853
-999.250 -999.250 -999.250 -999.250 -999.250 -999.250 -999.250 -999.250 -999.250 -999.250 -999.250 -999.250 -999.250 -999.250 -999.250 -999.250 -999.250 -999.250 -999.250 -999.250 -999.250 -999.250 -999.250 -999.250 -999.250 -999.250 -999.250 -999.250 -999.250 -999.250 -999.250 -999.250 -999.250 7.912 8.311 6.715 5.916 4.732 4.056 0.769 0.000 0.000 0.000 0.000 0.000 0.000 0.000 0.000 0.000 0.000 0.000 0.000 1.903 2.429 1.186 1.394 4.313 4.884 5.260 3.867 1.540 0.000 0.000 0.000 0.000 0.000 0.000 0.000 0.351
-999.250 -999.250 -999.250 -999.250 -999.250 -999.250 -999.250 -999.250 -999.250 -999.250 -999.250 -999.250 -999.250 -999.250 -999.250 -999.250 -999.250 -999.250 -999.250 -999.250 -999.250 -999.250 -999.250 -999.250 -999.250 -999.250 -999.250 -999.250 -999.250 -999.250 -999.250 -999.250 -999.250 8.347 10.398 9.870 7.265 7.823 5.887 1.240 0.082 0.000 0.000 0.000 0.000 0.000 0.000 0.000 0.000 0.000 0.000 0.284 2.399 2.201 2.585 2.205 4.534 5.121 8.323 4.621 1.787 0.213 0.000 0.000 0.000 0.000 0.000 0.000 0.000
-999.250 -999.250 -999.250 -999.250 -999.250 -999.250 -999.250 -999.250 -999.250 -999.250 -999.250 -999.250 -999.250 -999.250 -999.250 -999.250 -999.250 -999.250 -999.250 -999.250 -999.250 -999.250 -999.250 -999.250 -999.250 -999.250 -999.250 -999.250 -999.250 -999.250 -999.250 -999.250 11.591 10.359 11.530 9.910 9.385 8.505 6.594 2.662 0.275 0.000 0.000 0.000 0.000 0.000 0.000 0.000 0.000 0.000 0.000 0.000 3.939 1.099 0.616 2.174 3.742 5.154 4.892 4.543 2.619 1.371 0.000 0.000 0.000 0.000 0.000 0.000 0.000
-999.250 -999.250 -999.250 -999.250 -999.250 -999.250 -999.250 -999.250 -999.250 -999.250 -999.250 -999.250 -999.250 -999.250 -999.250 -999.250 -999.250 -999.250 -999.250 -999.250 -999.250 -999.250 -999.250 -999.250 -999.250 -999.250 -999.250 -999.250 -999.250 -999.250 -999.250 -999.250 12.540 13.145 13.421 13.926 11.792 8.306 7.228 3.979 1.489 0.000 0.000 0.000 0.000 0.000 0.000 0.000 0.000 0.000 0.000 0.000 0.722 0.000 0.261 2.423 4.734 3.696 4.666 3.473 2.279 0.000 0.000 0.000 0.000 0.000 0.000 0.000 0.000
-999.250 -999.250 -999.250 -999.250 -999.250 -999.250 -999.250 -999.250 -999.250 -999.250 -999.250 -999.250 -999.250 -999.250 -999.250 -999.250 -999.250 -999.250 -999.250 -999.250 -999.250 -999.250 -999.250 -999.250 -999.250 -999.250 -999.250 -999.250 -999.250 -999.250 -999.250 -999.250 -999.250 14.944 20.706 15.766 13.340 9.637 7.847 5.777 2.411 1.148 0.000 0.518 3.038 0.000 0.000 0.000 0.000 0.000 0.000 0.000 0.000 0.000 1.493 4.056 5.604 7.523 7.132 5.930 3.006 0.000 0.000 0.000 0.000 0.000 0.000 0.000 0.000
-999.250 -999.250 -999.250 -999.250 -999.250 -999.250 -999.250 -999.250 -999.250 -999.250 -999.250 -999.250 -999.250 -999.250 -999.250 -999.250 -999.250 -999.250 -999.250 -999.250 -999.250 -999.250 -999.250 -999.250 -999.250 -999.250 -999.250 -999.250 -999.250 -999.250 -999.250 -999.250 -999.250 16.287 17.311 16.225 13.769 11.755 8.659 5.443 4.779 2.047 0.835 1.661 0.421 0.000 0.059 1.698 2.728 2.264 1.620 0.000 0.000 0.000 3.350 6.736 9.876 11.103 10.208 7.201 3.443 1.650 0.000 0.000 0.000 0.000 0.000 0.000 0.000
-999.250 -999.250 -999.250 -999.250 -999.250 -999.250 -999.250 -999.250 -999.250 -999.250 -999.250 -999.250 -999.250 -999.250 -999.250 -999.250 -999.250 -999.250 -999.250 -999.250 -999.250 -999.250 -999.250 -999.250 -999.250 -999.250 -999.250 -999.250 -999.250 -999.250 -999.250 -999.250 -999.250 15.646 17.867 16.929 15.641 12.500 9.051 5.806 3.823 3.525 2.622 2.722 1.244 1.027 3.753 5.878 7.433 8.332 6.757 5.246 2.327 3.005 5.179 7.145 12.144 19.496 13.110 8.370 4.184 0.801 0.000 0.000 0.000 0.000 0.000 0.000 0.000
-999.250 -999.250 -999.250 -999.250 -999.250 -999.250 -999.250 -999.250 -999.250 -999.250 -999.250 -999.250 -999.250 -999.250 -999.250 -999.250 -999.250 -999.250 -999.250 -999.250 -999.250 -999.250 -999.250 -999.250 -999.250 -999.250 -999.250 -999.250 -999.250 -999.250 -999.250 -999.250 -999.250 -999.250 17.478 22.528 14.786 11.537 8.679 4.713 4.248 2.209 2.505 4.314 3.447 4.467 5.954 9.751 11.944 14.683 14.196 11.730 7.344 4.468 4.883 7.228 10.877 11.753 12.017 7.574 4.663 3.340 0.000 0.000 0.000 0.000 0.000 0.000 0.000
-999.250 -999.250 -999.250 -999.250 -999.250 -999.250 -999.250 -999.250 -999.250 -999.250 -999.250 -999.250 -999.250 -999.250 -999.250 -999.250 -999.250 -999.250 -999.250 -999.250 -999.250 -999.250 -999.250 -999.250 -999.250 -999.250 -999.250 -999.250 -999.250 -999.250 -999.250 -999.250 -999.250 -999.250 14.382 14.764 13.253 11.124 7.603 4.833 3.981 3.708 5.307 7.809 5.957 7.072 9.592 13.583 16.197 23.603 25.860 18.866 11.777 8.670 5.545 5.773 8.590 8.345 7.586 7.025 4.461 1.971 0.925 0.000 0.000 0.000 0.000 0.000 0.000
-999.250 -999.250 -999.250 -999.250 -999.250 -999.250 -999.250 -999.250 -999.250 -999.250 -999.250 -999.250 -999.250 -999.250 -999.250 -999.250 -999.250 -999.250 -999.250 -999.250 -999.250 -999.250 -999.250 -999.250 -999.250 -999.250 -999.250 -999.250 -999.250 -999.250 -999.250 -999.250 -999.250 -999.250 12.703 12.516 9.581 8.750 6.536 4.652 5.306 5.111 5.255 5.827 6.512 8.722 11.900 14.763 22.426 30.526 45.833 28.370 15.885 8.658 4.003 3.506 4.940 5.895 4.544 5.096 3.310 1.052 1.663 0.000 0.000 0.000 0.000 0.000 0.000
-999.250 -999.250 -999.250 -999.250 -999.250 -999.250 -999.250 -999.250 -999.250 -999.250 -999.250 -999.250 -999.250 -999.250 -999.250 -999.250 -999.250 -999.250 -999.250 -999.250 -999.250 -999.250 -999.250 -999.250 -999.250 -999.250 -999.250 -999.250 -999.250 -999.250 -999.250 -999.250 -999.250 -999.250 10.086 9.465 7.567 6.868 6.342 5.758 5.472 6.576 5.212 6.934 7.170 8.428 13.445 17.351 25.164 29.984 34.140 25.963 15.363 9.352 4.278 0.803 1.095 1.640 1.331 2.283 3.356 2.143 1.873 1.522 0.000 0.000 0.000 0.000 0.000
-999.250 -999.250 -999.250 -999.250 -999.250 -999.250 -999.250 -999.250 -999.250 -999.250 -999.250 -999.250 -999.250 -999.250 -999.250 -999.250 -999.250 -999.250 -999.250 -999.250 -999.250 -999.250 -999.250 -999.250 -999.250 -999.250 -999.250 -999.250 -999.250 -999.250 -999.250 -999.250 -999.250 -999.250 -999.250 6.100 7.223 6.182 5.391 5.882 7.660 7.120 5.158 7.431 8.519 10.256 13.030 16.226 23.414 26.218 25.353 18.188 14.047 7.446 2.402 0.134 0.000 0.000 0.000 0.550 0.522 0.932 3.760 0.090 0.000 0.000 0.000 0.000 0.000
-999.250 -999.250 -999.250 -999.250 -999.250 -999.250 -999.250 -999.250 -999.250 -999.250 -999.250 -999.250 -999.250 -999.250 -999.250 -999.250 -999.250 -999.250 -999.250 -999.250 -999.250 -999.250 -999.250 -999.250 -999.250 -999.250 -999.250 -999.250 -999.250 -999.250 -999.250 -999.250 -999.250 -999.250 -999.250 4.567 4.887 5.276 6.708 6.914 7.387 8.315 8.793 9.020 9.606 10.991 13.482 16.822 15.737 17.672 16.171 14.334 12.617 7.146 1.368 0.000 0.000 0.000 0.048 0.000 0.000 0.000 0.000 0.000 0.000 0.000 0.000 0.000 0.000
-999.250 -999.250 -999.250 -999.250 -999.250 -999.250 -999.250 -999.250 -999.250 -999.250 -999.250 -999.250 -999.250 -999.250 -999.250 -999.250 -999.250 -999.250 -999.250 -999.250 -999.250 -999.250 -999.250 -999.250 -999.250 -999.250 -999.250 -999.250 -999.250 -999.250 -999.250 -999.250 -999.250 -999.250 -999.250 6.920 6.470 6.206 8.300 10.074 7.748 9.900 10.656 11.398 10.665 11.199 10.212 12.359 12.154 14.074 12.383 12.166 9.126 6.870 3.548 1.240 0.986 0.934 2.052 0.989 0.000 0.000 0.000 0.000 0.000 0.000 0.000 0.000 0.000
-999.250 -999.250 -999.250 -999.250 -999.250 -999.250 -999.250 -999.250 -999.250 -999.250 -999.250 -999.250 -999.250 -999.250 -999.250 -999.250 -999.250 -999.250 -999.250 -999.250 -999.250 -999.250 -999.250 -999.250 -999.250 -999.250 -999.250 -999.250 -999.250 -999.250 -999.250 -999.250 -999.250 -999.250 -999.250 7.451 7.258 8.269 9.694 7.977 8.949 10.896 14.367 11.723 9.681 9.339 9.420 8.388 8.429 8.554 7.772 9.407 8.575 7.268 6.041 5.893 4.006 5.578 4.174 4.311 3.059 3.118 2.326 0.000 0.000 0.000 0.000 0.000 0.000
-999.250 -999.250 -999.250 -999.250 -999.250 -999.250 -999.250 -999.250 -999.250 -999.250 -999.250 -999.250 -999.250 -999.250 -999.250 -999.250 -999.250 -999.250 -999.250 -999.250 -999.250 -999.250 -999.250 -999.250 -999.250 -999.250 -999.250 -999.250 -999.250 -999.250 -999.250 -999.250 -999.250 -999.250 -999.250 8.719 8.327 8.144 8.375 10.319 10.332 11.330 10.967 10.658 10.365 9.578 8.165 6.265 4.650 4.647 5.811 7.526 9.326 9.416 9.981 8.896 8.278 9.473 7.722 9.154 8.736 7.217 5.056 3.060 1.941 0.000 0.000 0.000 0.000
-999.250 -999.250 -999.250 -999.250 -999.250 -999.250 -999.250 -999.250 -999.250 -999.250 -999.250 -999.250 -999.250 -999.250 -999.250 -999.250 -999.250 -999.250 -999.250 -999.250 -999.250 -999.250 -999.250 -999.250 -999.250 -999.250 -999.250 -999.250 -999.250 -999.250 -999.250 -999.250 -999.250 -999.250 -999.250 -999.250 9.104 8.131 10.084 12.297 11.889 11.961 11.989 11.254 10.810 7.990 6.950 4.822 1.719 2.337 1.974 6.327 12.899 10.331 11.257 11.953 13.729 13.660 16.825 21.361 15.343 13.179 9.646 8.714 5.332 3.375 0.000 0.000 0.000
-999.250 -999.250 -999.250 -999.250 -999.250 -999.250 -999.250 -999.250 -999.250 -999.250 -999.250 -999.250 -999.250 -999.250 -999.250 -999.250 -999.250 -999.250 -999.250 -999.250 -999.250 -999.250 -999.250 -999.250 -999.250 -999.250 -999.250 -999.250 -999.250 -999.250 -999.250 -999.250 -999.250 -999.250 -999.250 -999.250 8.966 11.090 12.546 17.543 14.294 13.517 13.946 16.267 11.622 8.440 6.681 2.812 0.770 0.000 0.522 4.527 8.261 11.688 14.656 16.431 21.378 24.787 26.218 26.662 21.580 19.712 15.486 14.017 11.024 6.767 3.465 0.000 0.000
-999.250 -999.250 -999.250 -999.250 -999.250 -999.250 -999.250 -999.250 -999.250 -999.250 -999.250 -999.250 -999.250 -999.250 -999.250 -999.250 -999.250 -999.250 -999.250 -999.250 -999.250 -999.250 -999.250 -999.250 -999.250 -999.250 -999.250 -999.250 -999.250 -999.250 -999.250 -999.250 -999.250 -999.250 -999.250 -999.250 -999.250 12.514 13.496 15.711 16.672 16.476 15.084 14.532 12.314 7.173 4.562 1.911 0.000 0.000 0.000 2.677 7.509 12.200 16.038 20.171 30.217 36.611 42.164 39.308 36.231 29.532 24.682 22.264 15.535 12.734 10.668 2.578 0.000
-999.250 -999.250 -999.250 -999.250 -999.250 -999.250 -999.250 -999.250 -999.250 -999.250 -999.250 -999.250 -999.250 -999.250 -999.250 -999.250 -999.250 -999.250 -999.250 -999.250 -999.250 -999.250 -999.250 -999.250 -999.250 -999.250 -999.250 -999.250 -999.250 -999.250 -999.250 -999.250 -999.250 -999.250 -999.250 -999.250 -999.250 13.889 16.013 19.338 20.437 18.610 14.569 11.932 10.458 6.672 3.617 0.202 0.000 0.000 0.000 1.171 7.312 12.617 19.563 30.696 41.635 54.467 59.341 68.558 52.025 52.371 42.257 35.330 19.722 14.714 13.555 7.532 4.755
-999.250 -999.250 -999.250 -999.250 -999.250 -999.250 -999.250 -999.250 -999.250 -999.250 -999.250 -999.250 -999.250 -999.250 -999.250 -999.250 -999.250 -999.250 -999.250 -999.250 -999.250 -999.250 -999.250 -999.250 -999.250 -999.250 -999.250 -999.250 -999.250 -999.250 -999.250 -999.250 -999.250 -999.250 -999.250 -999.250 -999.250 13.128 17.056 21.042 31.950 23.485 17.435 13.901 9.981 7.942 3.524 1.118 0.000 0.000 0.000 0.475 5.082 13.004 22.592 35.623 59.321 72.042 81.973 76.085 70.292 65.570 59.782 49.908 33.080 19.599 15.371 10.461 9.865
-999.250 -999.250 -999.250 -999.250 -999.250 -999.250 -999.250 -999.250 -999.250 -999.250 -999.250 -999.250 -999.250 -999.250 -999.250 -999.250 -999.250 -999.250 -999.250 -999.250 -999.250 -999.250 -999.250 -999.250 -999.250 -999.250 -999.250 -999.250 -999.250 -999.250 -999.250 -999.250 -999.250 -999.250 -999.250 -999.250 -999.250 12.985 15.204 18.640 21.950 20.075 17.867 12.982 11.475 7.114 4.969 0.195 0.000 0.000 0.000 0.000 3.628 12.343 26.806 44.600 72.818 86.403 89.145 96.122 96.334 85.746 73.679 63.434 43.623 28.586 16.818 14.214 8.963
-999.250 -999.250 -999.250 -999.250 -999.250 -999.250 -999.250 -999.250 -999.250 -999.250 -999.250 -999.250 -999.250 -999.250 -999.250 -999.250 -999.250 -999.250 -999.250 -999.250 -999.250 -999.250 -999.250 -999.250 -999.250 -999.250 -999.250 -999.250 -999.250 -999.250 -999.250 -999.250 -999.250 -999.250 -999.250 -999.250 -999.250 -999.250 12.917 14.437 16.634 16.057 15.173 13.831 10.463 7.728 5.679 0.354 0.000 0.000 0.000 0.000 2.045 13.477 29.392 55.348 84.762 115.960 130.984 131.739 120.791 102.303 85.357 72.750 59.807 36.620 24.040 16.185 9.395
-999.250 -999.250 -999.250 -999.250 -999.250 -999.250 -999.250 -999.250 -999.250 -999.250 -999.250 -999.250 -999.250 -999.250 -999.250 -999.250 -999.250 -999.250 -999.250 -999.250 -999.250 -999.250 -999.250 -999.250 -999.250 -999.250 -999.250 -999.250 -999.250 -999.250 -999.250 -999.250 -999.250 -999.250 -999.250 -999.250 -999.250 -999.250 11.463 11.993 12.404 13.608 12.605 11.926 9.958 7.911 3.781 0.000 0.000 0.000 0.000 0.000 0.000 6.471 30.979 57.635 94.338 129.891 164.438 141.820 136.176 120.324 95.004 82.724 73.156 39.450 32.946 20.207 11.600
-999.250 -999.250 -999.250 -999.250 -999.250 -999.250 -999.250 -999.250 -999.250 -999.250 -999.250 -999.250 -999.250 -999.250 -999.250 -999.250 -999.250 -999.250 -999.250 -999.250 -999.250 -999.250 -999.250 -999.250 -999.250 -999.250 -999.250 -999.250 -999.250 -999.250 -999.250 -999.250 -999.250 -999.250 -999.250 -999.250 -999.250 -999.250 8.568 8.276 10.468 12.100 11.724 12.275 9.853 5.678 3.510 0.000 0.000 0.000 0.000 0.000 1.170 12.030 32.453 73.343 94.410 132.962 145.175 146.506 131.339 119.303 94.925 91.257 71.507 41.546 32.162 23.758 14.856
