data/medianmodel_26-Sep-2020.asc
ncols	141
nrows	288
xllcorner	-120191.398
yllcorner	-301404.813
cellsize	2000.000
NODATA_value	-999.250
[rows 60 to 89 of 288, columns 67 to 133 of 141]
11.059 1.870 1.533 3.074 2.324 2.458 0.040 0.000 0.000 0.000 3.535 9.915 15.160 19.921 26.480 32.366 42.558 54.458 71.798 73.359 71.961 72.745 68.230 64.280 57.248 49.437 33.262 29.209 26.937 23.904 21.788 22.000 29.667 43.214 68.297 87.326 128.904 155.220 205.310 244.800 315.735 383.674 444.022 511.645 504.448 550.145 630.333 692.611 701.678 -999.250 -999.250 -999.250 -999.250 -999.250 -999.250 -999.250 -999.250 -999.250 -999.250 -999.250 -999.250 -999.250 -999.250 -999.250 -999.250 -999.250 -999.250
1.244 0.000 0.000 0.000 0.000 0.000 0.000 0.000 0.000 0.950 10.943 17.397 23.339 30.415 39.207 53.508 67.541 85.065 94.152 93.895 97.943 92.986 90.553 92.356 86.389 72.485 59.941 45.735 40.999 32.419 33.672 37.217 46.354 60.274 80.494 108.601 144.335 173.381 235.611 268.261 318.402 381.793 432.384 501.420 533.158 554.568 548.834 689.659 -999.250 -999.250 -999.250 -999.250 -999.250 -999.250 -999.250 -999.250 -999.250 -999.250 -999.250 -999.250 -999.250 -999.250 -999.250 -999.250 -999.250 -999.250 -999.250
0.000 0.000 0.000 0.000 0.000 0.000 0.000 0.000 0.000 6.031 17.108 25.296 32.845 45.978 57.377 69.671 87.989 108.447 120.934 125.392 131.959 121.841 130.531 119.002 113.987 95.887 82.362 67.621 62.143 54.010 48.984 53.081 61.661 79.888 92.390 115.320 162.711 222.550 235.238 291.573 363.970 434.381 420.495 -999.250 -999.250 -999.250 -999.250 -999.250 -999.250 -999.250 -999.250 -999.250 -999.250 -999.250 -999.250 -999.250 -999.250 -999.250 -999.250 -999.250 -999.250 -999.250 -999.250 -999.250 -999.250 -999.250 -999.250
0.000 0.000 0.000 0.000 0.000 0.000 0.000 0.000 2.980 13.220 23.581 32.889 44.293 62.918 77.900 92.440 111.400 142.504 155.411 173.307 165.012 154.404 165.405 156.754 154.381 118.657 98.284 85.028 77.728 70.818 70.111 72.424 81.358 89.613 101.839 124.850 176.786 198.882 276.564 306.847 353.248 460.622 415.452 498.953 -999.250 -999.250 -999.250 -999.250 -999.250 -999.250 -999.250 -999.250 -999.250 -999.250 -999.250 -999.250 -999.250 -999.250 -999.250 -999.250 -999.250 -999.250 -999.250 -999.250 -999.250 -999.250 -999.250
0.000 0.000 0.000 0.000 0.000 0.000 0.000 0.972 9.164 19.141 30.791 43.226 63.224 88.001 99.933 124.459 154.527 182.236 209.668 222.428 218.112 202.680 186.843 176.387 170.429 139.086 115.133 98.088 86.910 86.142 87.203 84.216 87.691 97.475 113.386 161.628 181.152 231.014 271.422 311.986 358.089 458.672 472.570 492.348 500.826 -999.250 -999.250 -999.250 -999.250 -999.250 -999.250 -999.250 -999.250 -999.250 -999.250 -999.250 -999.250 -999.250 -999.250 -999.250 -999.250 -999.250 -999.250 -999.250 -999.250 -999.250 -999.250
0.000 0.000 0.000 0.000 0.000 0.000 0.393 6.730 15.040 25.331 40.136 61.915 81.826 107.535 133.204 157.495 191.253 232.616 251.853 280.664 301.137 236.701 222.544 203.270 187.011 159.301 141.182 116.021 97.056 92.950 92.628 94.474 94.741 101.043 120.038 161.938 192.240 238.743 291.465 319.087 384.891 457.032 497.385 490.077 504.525 -999.250 -999.250 -999.250 -999.250 -999.250 -999.250 -999.250 -999.250 -999.250 -999.250 -999.250 -999.250 -999.250 -999.250 -999.250 -999.250 -999.250 -999.250 -999.250 -999.250 -999.250 -999.250
0.000 0.000 3.978 1.657 0.000 1.682 2.085 8.762 17.666 29.422 47.963 70.027 97.062 134.646 165.250 197.004 202.069 271.212 306.091 328.560 327.586 299.944 262.232 239.623 206.816 164.520 143.675 120.299 101.628 98.781 97.020 94.623 96.784 108.654 134.570 155.596 181.609 235.785 287.820 335.409 363.540 442.538 496.706 518.517 541.149 559.689 -999.250 -999.250 -999.250 -999.250 -999.250 -999.250 -999.250 -999.250 -999.250 -999.250 -999.250 -999.250 -999.250 -999.250 -999.250 -999.250 -999.250 -999.250 -999.250 -999.250 -999.250
1.379 5.482 8.777 7.970 1.759 0.776 1.468 7.339 17.010 29.181 48.704 78.433 115.159 151.192 203.130 216.982 273.403 286.111 361.331 415.115 417.417 358.010 305.622 250.365 213.180 172.462 130.500 115.205 105.705 95.905 95.078 90.884 97.521 113.362 131.777 154.830 179.215 228.410 260.855 300.454 373.589 445.311 501.433 533.452 523.800 574.717 549.237 -999.250 -999.250 -999.250 -999.250 -999.250 -999.250 -999.250 -999.250 -999.250 -999.250 -999.250 -999.250 -999.250 -999.250 -999.250 -999.250 -999.250 -999.250 -999.250 -999.250
8.324 10.774 14.469 7.875 3.775 1.571 0.000 4.443 16.511 29.595 55.023 89.521 128.320 172.744 237.337 272.747 317.615 351.060 423.060 480.330 470.249 423.605 350.766 280.431 207.141 179.844 136.656 108.764 100.259 94.856 87.666 87.850 93.835 110.309 131.761 148.363 187.153 229.373 273.495 277.579 327.473 396.912 457.316 476.940 502.620 506.990 527.018 -999.250 -999.250 -999.250 -999.250 -999.250 -999.250 -999.250 -999.250 -999.250 -999.250 -999.250 -999.250 -999.250 -999.250 -999.250 -999.250 -999.250 -999.250 -999.250 -999.250
9.325 9.368 9.202 9.596 1.864 0.000 0.000 0.000 9.517 25.279 51.877 92.072 125.143 178.582 242.623 300.860 326.726 358.241 456.143 513.145 484.266 461.551 381.420 282.153 252.143 175.272 131.031 106.435 92.030 87.312 84.681 83.275 87.916 96.773 115.563 148.602 168.130 201.569 244.912 266.219 310.344 363.971 428.552 483.774 467.913 494.718 496.928 -999.250 -999.250 -999.250 -999.250 -999.250 -999.250 -999.250 -999.250 -999.250 -999.250 -999.250 -999.250 -999.250 -999.250 -999.250 -999.250 -999.250 -999.250 -999.250 -999.250
10.262 11.814 6.754 5.233 0.902 0.000 0.000 0.000 0.000 14.524 45.472 86.118 128.006 185.281 270.381 305.382 362.354 412.918 487.174 504.716 574.500 511.603 407.463 311.197 248.990 177.841 129.871 103.984 90.650 76.425 80.390 77.214 82.949 91.499 99.623 120.027 151.158 172.866 191.516 235.390 275.307 313.291 370.904 406.634 451.808 465.130 476.755 381.900 429.303 -999.250 -999.250 -999.250 -999.250 -999.250 -999.250 -999.250 -999.250 -999.250 -999.250 -999.250 -999.250 -999.250 -999.250 -999.250 -999.250 -999.250 -999.250
12.969 12.602 5.880 5.446 0.000 0.000 0.000 0.000 0.000 0.000 35.983 84.164 125.676 166.609 247.034 311.483 388.257 455.943 467.677 524.889 521.525 451.261 409.775 315.420 221.651 175.288 117.139 96.185 81.553 71.570 68.433 69.810 75.044 78.303 90.098 103.061 121.701 146.122 170.902 208.819 223.225 281.844 298.566 380.387 447.992 394.312 436.497 389.733 396.089 -999.250 -999.250 -999.250 -999.250 -999.250 -999.250 -999.250 -999.250 -999.250 -999.250 -999.250 -999.250 -999.250 -999.250 -999.250 -999.250 -999.250 -999.250
14.668 12.503 5.031 2.489 0.000 0.000 0.000 0.000 0.000 14.090 43.342 85.697 130.662 171.359 236.356 314.680 382.490 449.476 471.193 475.520 479.077 458.173 354.379 282.549 188.150 138.800 101.994 76.264 70.108 59.391 49.699 45.376 56.122 68.008 74.102 80.548 100.237 119.795 134.446 178.306 197.816 239.233 265.383 331.035 319.911 327.884 332.969 363.250 -999.250 -999.250 -999.250 -999.250 -999.250 -999.250 -999.250 -999.250 -999.250 -999.250 -999.250 -999.250 -999.250 -999.250 -999.250 -999.250 -999.250 -999.250 -999.250
12.770 10.340 5.421 4.443 0.189 0.000 0.000 0.000 4.501 22.797 45.692 84.371 136.366 178.589 249.145 293.426 395.147 456.140 487.553 442.168 442.633 437.473 312.920 256.699 174.296 117.241 79.639 59.886 44.510 34.724 32.586 32.415 35.911 41.694 53.223 65.703 77.060 96.088 119.952 146.430 161.723 201.421 258.119 305.982 304.071 290.627 325.964 347.347 -999.250 -999.250 -999.250 -999.250 -999.250 -999.250 -999.250 -999.250 -999.250 -999.250 -999.250 -999.250 -999.250 -999.250 -999.250 -999.250 -999.250 -999.250 -999.250
14.841 10.146 9.010 3.351 0.313 0.000 0.000 0.000 8.727 24.872 49.916 85.497 124.694 174.597 238.933 277.040 352.769 383.570 477.471 481.664 453.560 369.254 287.687 218.195 141.111 83.288 51.120 33.398 25.286 25.596 20.143 20.914 25.407 28.540 33.614 43.620 53.729 74.463 93.461 102.427 144.030 166.664 234.999 238.174 241.624 261.335 262.921 270.326 -999.250 -999.250 -999.250 -999.250 -999.250 -999.250 -999.250 -999.250 -999.250 -999.250 -999.250 -999.250 -999.250 -999.250 -999.250 -999.250 -999.250 -999.250 -999.250
17.017 11.729 7.756 1.811 0.000 0.000 0.000 1.118 8.855 22.947 43.737 78.774 115.895 163.939 211.264 269.669 329.460 400.190 493.555 507.353 430.699 334.042 263.571 175.742 109.385 33.803 24.566 16.693 11.720 7.959 6.636 11.127 12.757 18.932 18.939 23.321 28.235 35.248 65.762 87.848 120.493 150.989 166.377 189.162 228.811 214.771 251.873 215.270 -999.250 -999.250 -999.250 -999.250 -999.250 -999.250 -999.250 -999.250 -999.250 -999.250 -999.250 -999.250 -999.250 -999.250 -999.250 -999.250 -999.250 -999.250 -999.250
16.133 13.184 11.968 8.787 6.793 1.276 1.000 0.016 5.435 18.443 34.563 69.420 101.315 146.880 206.901 266.757 325.971 444.059 494.411 476.073 393.932 287.619 216.350 157.115 94.492 39.506 19.120 6.397 0.000 0.000 0.000 2.633 5.917 8.249 10.281 12.824 16.710 26.601 45.654 64.333 97.485 128.899 166.157 166.341 203.636 181.452 174.549 185.093 -999.250 -999.250 -999.250 -999.250 -999.250 -999.250 -999.250 -999.250 -999.250 -999.250 -999.250 -999.250 -999.250 -999.250 -999.250 -999.250 -999.250 -999.250 -999.250
20.679 18.936 17.367 14.086 11.486 5.110 1.598 1.246 1.232 13.248 25.907 61.428 101.495 138.887 179.339 256.466 294.898 332.896 357.518 380.094 303.237 232.966 180.299 146.796 90.369 44.853 21.501 6.065 0.000 0.000 0.000 0.000 0.000 0.000 1.001 2.807 7.123 18.383 28.879 48.476 77.001 95.722 122.886 132.445 148.880 153.432 151.269 140.418 -999.250 -999.250 -999.250 -999.250 -999.250 -999.250 -999.250 -999.250 -999.250 -999.250 -999.250 -999.250 -999.250 -999.250 -999.250 -999.250 -999.250 -999.250 -999.250
26.366 24.730 26.358 21.402 18.213 13.283 5.937 2.188 0.000 10.361 22.620 45.888 77.772 115.058 158.134 198.545 234.100 266.224 282.422 269.676 243.989 191.974 147.794 107.606 76.083 42.063 22.201 9.341 0.000 0.000 0.000 0.000 0.000 0.000 0.000 0.000 1.758 10.160 21.631 36.482 57.916 78.088 99.536 101.909 103.560 118.518 128.653 125.688 -999.250 -999.250 -999.250 -999.250 -999.250 -999.250 -999.250 -999.250 -999.250 -999.250 -999.250 -999.250 -999.250 -999.250 -999.250 -999.250 -999.250 -999.250 -999.250
32.784 35.731 32.445 27.735 26.146 21.618 16.822 10.010 7.009 8.899 19.704 33.446 67.403 93.508 123.611 155.496 174.000 216.558 223.741 206.515 188.706 151.551 123.329 92.118 68.526 37.254 19.059 6.484 0.000 0.000 0.000 0.000 0.000 0.000 0.000 0.000 0.000 2.467 14.963 27.744 39.761 62.618 72.847 82.438 90.962 101.674 99.961 105.882 -999.250 -999.250 -999.250 -999.250 -999.250 -999.250 -999.250 -999.250 -999.250 -999.250 -999.250 -999.250 -999.250 -999.250 -999.250 -999.250 -999.250 -999.250 -999.250
45.699 47.507 44.416 37.040 33.748 29.058 22.434 15.747 11.218 9.019 15.218 26.595 46.957 71.490 94.249 122.294 136.133 163.703 160.912 159.126 131.261 109.053 88.720 71.150 54.661 31.890 19.236 5.635 0.000 0.000 0.000 0.000 0.000 0.000 0.000 0.000 0.000 0.000 7.013 17.626 28.776 38.575 48.098 66.631 74.279 85.258 89.620 91.403 83.121 -999.250 -999.250 -999.250 -999.250 -999.250 -999.250 -999.250 -999.250 -999.250 -999.250 -999.250 -999.250 -999.250 -999.250 -999.250 -999.250 -999.250 -999.250
53.063 58.130 62.769 50.032 43.128 35.567 29.527 23.571 16.546 13.009 13.217 14.055 30.319 48.790 70.501 86.710 96.192 106.122 109.466 108.818 92.659 82.517 66.537 47.943 35.606 24.590 13.877 2.116 0.000 0.000 0.000 0.000 0.000 0.000 0.000 0.000 0.000 0.000 0.128 9.601 17.704 24.909 33.128 42.358 54.527 59.843 63.000 69.145 66.252 -999.250 -999.250 -999.250 -999.250 -999.250 -999.250 -999.250 -999.250 -999.250 -999.250 -999.250 -999.250 -999.250 -999.250 -999.250 -999.250 -999.250 -999.250
63.781 68.302 74.037 63.375 53.468 45.503 36.036 30.241 24.412 20.003 17.566 16.549 23.500 35.916 48.119 58.258 59.604 65.382 64.735 67.289 60.285 53.601 44.116 33.754 23.145 16.710 10.026 1.570 0.075 0.000 0.000 0.000 0.000 0.000 0.000 0.000 0.000 0.000 0.000 7.516 10.606 15.303 24.593 26.876 30.228 37.997 41.127 46.190 48.216 -999.250 -999.250 -999.250 -999.250 -999.250 -999.250 -999.250 -999.250 -999.250 -999.250 -999.250 -999.250 -999.250 -999.250 -999.250 -999.250 -999.250 -999.250
67.195 71.401 72.665 68.029 59.008 52.240 53.198 42.662 35.502 32.666 25.644 23.647 24.719 28.803 31.039 30.821 29.056 28.369 28.609 30.845 33.959 30.560 25.924 22.407 18.400 12.819 6.461 0.410 0.000 0.000 0.000 0.000 0.000 0.000 0.000 0.000 0.000 0.000 0.000 0.000 4.391 9.870 15.573 19.031 22.459 25.022 26.523 28.647 32.245 -999.250 -999.250 -999.250 -999.250 -999.250 -999.250 -999.250 -999.250 -999.250 -999.250 -999.250 -999.250 -999.250 -999.250 -999.250 -999.250 -999.250 -999.250
68.171 71.783 69.476 70.281 66.575 61.666 57.833 56.560 53.093 50.818 37.408 29.846 27.986 27.184 23.603 17.762 13.350 0.000 7.321 11.232 15.502 16.731 17.242 14.434 11.363 8.425 4.473 0.353 1.673 0.000 0.000 0.000 0.000 0.000 0.000 0.000 0.000 0.000 0.000 0.000 0.000 2.170 8.441 13.574 12.775 16.197 15.897 17.153 -999.250 -999.250 -999.250 -999.250 -999.250 -999.250 -999.250 -999.250 -999.250 -999.250 -999.250 -999.250 -999.250 -999.250 -999.250 -999.250 -999.250 -999.250 -999.250
67.913 69.447 72.320 71.397 68.862 67.380 63.895 63.880 62.752 64.830 49.658 38.672 29.772 25.124 18.838 12.201 2.560 0.000 0.000 0.000 3.747 6.082 5.592 4.494 1.755 3.402 2.645 0.000 0.661 2.019 2.150 4.845 0.000 0.000 0.000 0.000 0.000 0.000 0.000 0.000 0.000 0.000 2.024 6.914 8.860 6.097 6.462 10.597 -999.250 -999.250 -999.250 -999.250 -999.250 -999.250 -999.250 -999.250 -999.250 -999.250 -999.250 -999.250 -999.250 -999.250 -999.250 -999.250 -999.250 -999.250 -999.250
69.175 73.840 71.238 71.499 72.564 70.541 68.557 67.992 63.447 58.706 49.546 41.344 34.317 27.562 19.168 13.458 0.177 0.000 0.000 0.000 0.000 0.000 0.000 1.111 1.721 1.309 0.000 3.195 7.266 8.364 10.000 8.551 4.393 0.000 0.000 0.000 0.000 0.000 0.000 0.000 0.000 0.000 0.000 0.380 1.009 0.172 0.000 -999.250 -999.250 -999.250 -999.250 -999.250 -999.250 -999.250 -999.250 -999.250 -999.250 -999.250 -999.250 -999.250 -999.250 -999.250 -999.250 -999.250 -999.250 -999.250 -999.250
71.659 73.489 71.871 74.571 73.556 73.496 69.961 64.409 59.166 57.824 52.392 46.319 37.805 28.420 21.915 16.298 7.787 1.260 0.000 0.000 0.000 0.000 0.000 0.000 0.000 0.000 1.798 5.218 10.167 14.311 17.011 15.570 5.812 0.000 0.000 0.000 0.000 0.000 0.000 0.000 0.000 0.000 0.000 0.000 0.000 0.000 0.000 -999.250 -999.250 -999.250 -999.250 -999.250 -999.250 -999.250 -999.250 -999.250 -999.250 -999.250 -999.250 -999.250 -999.250 -999.250 -999.250 -999.250 -999.250 -999.250 -999.250
70.437 70.689 71.971 75.968 77.548 72.211 67.943 61.537 58.137 51.359 51.120 47.344 34.526 29.330 25.960 18.502 12.135 4.585 1.161 0.000 0.000 0.000 0.000 0.000 0.000 0.000 1.664 6.206 11.989 18.549 28.228 18.098 10.577 0.000 0.000 0.000 0.000 0.000 0.000 0.000 0.000 0.000 0.000 0.000 0.000 0.000 0.000 0.000 5.307 -999.250 -999.250 -999.250 -999.250 -999.250 -999.250 -999.250 -999.250 -999.250 -999.250 -999.250 -999.250 -999.250 -999.250 -999.250 -999.250 -999.250 -999.250
68.589 69.821 72.322 75.784 77.077 73.516 66.004 61.100 53.998 54.774 49.844 45.765 34.977 31.807 28.390 24.353 16.890 10.507 4.405 0.653 0.000 0.000 0.000 0.000 0.000 0.000 1.652 6.117 11.735 17.525 19.209 17.571 11.771 3.172 0.170 0.000 0.000 0.000 0.000 0.000 0.000 0.000 0.000 0.000 0.000 0.000 0.000 0.000 3.939 -999.250 -999.250 -999.250 -999.250 -999.250 -999.250 -999.250 -999.250 -999.250 -999.250 -999.250 -999.250 -999.250 -999.250 -999.250 -999.250 -999.250 -999.250
