data/medianmodel_18-May-2020.asc
ncols	141
nrows	288
xllcorner	-120191.398
yllcorner	-301404.813
cellsize	2000.000
NODATA_value	-999.250
[rows 186 to 216 of 288, columns 0 to 68 of 141]
37.700 37.669 45.893 44.887 43.021 51.487 51.866 56.589 56.139 71.793 76.425 102.251 103.862 87.177 79.596 107.156 103.691 110.226 -999.250 -999.250 -999.250 -999.250 -999.250 79.786 55.782 37.820 26.691 19.851 17.539 12.520 17.436 20.421 24.485 30.834 46.377 51.675 48.437 51.872 45.604 46.435 38.915 29.338 24.622 26.358 27.850 23.201 16.363 17.551 12.964 14.237 8.212 8.049 8.021 6.852 5.446 7.239 6.058 6.733 7.349 5.214 4.909 2.326 0.000 0.000 0.000 0.000 0.000 0.000 0.172
-999.250 39.758 39.674 30.514 31.895 39.474 50.629 50.131 61.869 67.903 89.498 100.885 110.806 102.993 99.503 102.665 106.189 115.063 -999.250 -999.250 -999.250 -999.250 104.917 85.728 63.704 33.692 31.701 24.161 18.270 17.800 21.406 27.919 32.735 37.485 37.911 56.153 59.652 60.706 59.398 42.256 50.490 35.027 26.009 24.733 24.339 24.334 17.754 15.848 10.837 12.434 10.303 8.791 7.382 6.218 6.193 7.622 6.177 6.280 3.712 3.271 3.780 3.392 0.433 0.088 0.000 0.000 0.000 0.000 1.597
-999.250 34.804 40.360 37.774 40.112 39.411 40.340 56.582 52.761 64.713 81.139 88.475 100.454 90.768 86.074 91.656 101.152 105.848 -999.250 -999.250 -999.250 110.124 -999.250 89.343 72.585 43.699 33.567 24.468 19.998 20.630 24.967 26.070 37.093 37.824 45.101 63.769 72.404 59.923 55.807 65.369 48.343 40.463 26.455 22.121 19.695 18.355 15.178 13.972 7.912 8.953 9.840 8.631 7.860 7.255 6.030 6.158 5.015 4.097 3.753 4.095 4.010 1.551 1.302 1.216 0.875 0.000 0.000 0.960 2.011
-999.250 33.770 36.662 38.736 35.102 33.243 41.684 49.304 57.515 55.850 64.401 78.585 70.059 72.792 66.510 80.312 99.281 -999.250 -999.250 -999.250 -999.250 112.281 113.502 110.247 84.119 41.144 32.172 26.531 20.672 23.240 26.169 30.784 32.379 39.724 50.543 55.105 61.862 52.694 63.029 67.364 53.276 36.916 26.509 20.960 16.732 15.194 11.713 8.646 8.814 7.268 7.470 5.917 5.224 6.756 5.880 5.532 3.221 3.714 3.399 3.866 4.692 3.833 2.948 2.101 2.630 1.635 1.159 0.118 3.712
-999.250 28.651 34.761 47.283 37.528 35.877 41.336 35.369 44.889 53.791 51.529 56.367 57.088 59.207 62.660 59.725 80.363 -999.250 -999.250 -999.250 118.722 120.583 119.763 110.171 85.344 38.927 26.331 22.227 25.269 19.116 24.623 33.466 35.287 44.367 51.953 44.067 51.356 58.663 69.135 52.073 46.580 33.740 26.602 17.892 12.651 8.458 10.882 8.076 5.174 5.921 4.858 7.405 6.496 6.324 4.892 2.529 2.490 2.076 3.246 3.943 3.302 4.140 4.430 1.285 2.228 2.573 2.126 3.153 3.829
-999.250 -999.250 -999.250 41.133 -999.250 -999.250 35.810 34.413 37.508 -999.250 -999.250 -999.250 41.616 48.028 -999.250 -999.250 -999.250 -999.250 -999.250 -999.250 116.472 117.877 106.068 96.173 79.926 42.293 23.184 16.390 17.122 17.820 20.694 24.386 32.624 31.647 43.615 39.819 41.877 39.411 63.977 49.287 38.006 28.781 21.278 18.703 13.354 8.170 6.847 5.431 4.187 6.663 5.634 5.901 6.097 5.983 2.775 1.669 1.817 1.324 2.653 2.199 4.201 4.884 3.238 2.408 3.259 2.700 4.476 4.576 4.659
-999.250 -999.250 -999.250 -999.250 -999.250 -999.250 -999.250 -999.250 -999.250 -999.250 -999.250 -999.250 -999.250 36.853 36.098 38.159 -999.250 -999.250 -999.250 117.854 111.340 112.010 89.723 69.897 55.995 29.532 21.062 12.371 10.303 12.306 17.844 19.983 26.356 35.823 36.984 36.808 32.406 40.168 43.581 39.469 36.884 26.102 19.389 11.431 9.538 8.885 5.575 4.748 6.957 6.294 5.486 4.830 6.253 3.495 4.280 1.132 0.000 0.134 0.437 3.166 4.356 5.668 4.424 3.124 4.884 3.405 4.774 5.079 6.202
-999.250 -999.250 -999.250 -999.250 -999.250 -999.250 -999.250 -999.250 -999.250 -999.250 -999.250 26.542 26.822 29.729 28.532 37.861 -999.250 -999.250 96.911 110.450 112.615 96.725 61.704 58.867 45.197 26.446 12.133 10.021 6.445 10.574 11.405 13.685 19.253 25.449 29.776 30.387 38.288 37.391 33.052 28.268 24.813 17.346 17.357 15.384 8.504 6.137 5.153 5.450 5.020 3.843 4.753 5.317 5.605 3.933 1.911 0.000 0.000 0.000 0.779 3.031 3.538 6.259 5.560 5.639 4.605 5.495 6.388 6.728 4.947
-999.250 -999.250 -999.250 -999.250 -999.250 -999.250 -999.250 -999.250 -999.250 -999.250 -999.250 30.066 27.223 22.437 29.043 40.384 43.411 60.150 74.978 91.905 98.261 86.947 66.287 48.906 31.740 18.358 7.780 4.372 5.042 6.748 7.681 10.602 16.270 20.065 19.363 24.348 34.228 30.212 31.704 23.634 22.046 13.841 13.507 10.127 5.668 4.184 5.496 3.672 4.288 6.488 3.356 4.519 4.039 2.959 2.603 0.000 0.000 0.000 0.112 0.615 4.275 3.654 4.315 5.944 5.443 6.884 6.088 5.113 5.636
-999.250 -999.250 -999.250 -999.250 -999.250 -999.250 -999.250 -999.250 -999.250 -999.250 -999.250 -999.250 27.828 32.756 31.533 43.480 61.996 59.632 72.365 68.520 70.842 66.442 53.022 33.980 21.902 13.157 7.734 3.587 1.110 3.317 6.974 11.458 14.505 16.288 20.911 24.415 27.144 23.666 24.224 24.948 20.720 18.065 10.393 7.889 6.082 5.412 4.947 5.543 4.426 4.240 4.186 5.564 4.083 4.808 2.208 2.376 1.357 2.340 2.185 1.881 5.892 5.217 4.672 7.443 5.454 6.233 5.647 4.002 5.882
-999.250 -999.250 -999.250 -999.250 -999.250 -999.250 -999.250 -999.250 -999.250 -999.250 -999.250 -999.250 -999.250 29.069 31.624 42.568 47.589 46.206 47.534 54.964 57.198 48.093 37.888 30.144 16.486 11.084 6.706 3.800 4.007 4.655 6.752 9.046 12.304 15.642 20.696 21.565 20.661 18.957 17.152 17.768 15.378 15.736 12.596 8.563 8.244 6.876 7.124 4.384 6.798 4.951 5.838 5.878 2.719 3.573 2.511 4.129 1.965 1.789 4.511 3.712 4.502 6.963 4.703 6.047 6.652 5.815 4.080 5.010 2.675
-999.250 -999.250 -999.250 -999.250 -999.250 -999.250 -999.250 -999.250 -999.250 -999.250 -999.250 -999.250 -999.250 31.712 29.306 36.322 35.490 38.006 37.707 34.736 37.900 33.376 29.186 18.896 13.907 7.939 4.467 7.080 5.225 5.451 11.594 11.142 17.060 18.829 14.036 18.557 18.394 15.177 16.637 13.684 17.063 14.220 11.925 10.689 9.886 9.521 7.919 9.507 7.787 6.146 7.414 7.971 6.173 4.381 4.464 2.575 4.666 3.631 3.386 3.825 7.520 4.782 7.970 8.476 7.452 6.754 4.974 5.543 5.186
-999.250 -999.250 -999.250 -999.250 -999.250 -999.250 -999.250 -999.250 -999.250 -999.250 -999.250 -999.250 -999.250 26.853 31.737 27.576 26.526 26.897 29.744 26.091 25.079 25.042 21.880 17.815 9.063 8.172 7.736 8.654 10.095 9.394 13.168 13.734 12.286 16.298 18.840 18.040 19.109 14.009 13.107 11.529 14.314 12.367 13.227 10.786 12.608 10.474 7.745 11.737 8.296 11.011 9.315 7.128 5.321 4.147 3.789 3.945 3.715 3.013 3.938 2.908 4.483 5.053 6.495 8.684 7.132 7.203 5.293 5.067 5.517
-999.250 -999.250 -999.250 -999.250 -999.250 -999.250 -999.250 -999.250 -999.250 -999.250 -999.250 -999.250 -999.250 -999.250 29.912 24.728 23.635 22.142 19.283 21.273 20.731 19.225 19.624 15.029 15.138 10.641 11.176 12.016 14.007 14.935 13.268 13.900 17.812 17.493 18.161 16.209 15.560 15.126 18.109 14.450 12.111 9.351 13.415 15.405 13.592 10.841 9.311 10.743 8.310 9.753 7.456 6.220 6.316 5.293 4.062 3.059 2.151 4.520 4.824 4.903 6.032 6.549 10.115 11.470 7.789 6.294 4.522 4.951 5.760
-999.250 -999.250 -999.250 -999.250 -999.250 -999.250 -999.250 -999.250 -999.250 -999.250 -999.250 -999.250 -999.250 -999.250 22.979 22.999 20.740 15.624 13.568 15.104 15.515 17.638 16.676 17.511 15.786 15.150 14.780 15.526 20.847 14.697 13.448 16.581 14.664 14.925 12.070 13.213 14.143 8.790 13.995 14.163 13.892 13.413 16.160 14.927 12.972 10.430 9.495 11.993 10.166 8.214 6.798 6.416 3.195 4.582 4.210 4.036 4.014 3.594 3.833 5.983 5.061 5.194 7.365 10.710 8.865 6.250 5.592 4.898 5.669
-999.250 -999.250 -999.250 -999.250 -999.250 -999.250 -999.250 -999.250 -999.250 -999.250 -999.250 -999.250 -999.250 -999.250 21.454 18.310 16.513 14.969 14.245 12.078 15.808 15.694 15.297 17.364 15.952 16.000 13.820 17.474 17.547 18.050 15.493 15.527 13.244 11.841 12.101 13.752 10.925 11.965 12.998 16.235 15.948 13.122 16.981 14.843 13.649 13.509 13.190 9.358 10.822 8.431 7.961 5.771 4.460 4.539 3.239 5.051 5.226 4.492 2.984 3.559 5.126 5.842 8.518 7.136 7.017 6.252 3.714 6.407 5.760
-999.250 -999.250 -999.250 -999.250 -999.250 -999.250 -999.250 -999.250 -999.250 -999.250 -999.250 -999.250 -999.250 -999.250 20.975 14.568 19.331 18.343 11.195 10.486 12.889 16.805 15.124 18.426 15.507 -999.250 12.452 16.709 16.282 17.783 14.943 12.795 12.450 14.373 15.589 18.103 15.570 12.587 13.436 12.248 13.872 12.909 11.623 10.123 12.240 12.199 12.726 9.315 7.958 5.842 6.538 4.434 7.208 7.777 4.368 3.539 4.460 2.961 4.346 3.555 4.365 6.387 7.384 6.505 4.952 3.469 6.817 5.624 4.787
-999.250 -999.250 -999.250 -999.250 -999.250 -999.250 -999.250 -999.250 -999.250 -999.250 -999.250 -999.250 -999.250 -999.250 22.330 22.646 20.086 22.853 16.467 11.991 13.176 17.098 16.802 -999.250 -999.250 -999.250 15.115 17.103 15.222 16.854 14.378 14.186 12.713 16.362 14.052 14.135 14.034 14.079 12.910 10.306 11.972 12.153 10.992 8.053 10.343 11.490 9.630 9.502 8.043 6.490 6.153 4.506 5.243 5.597 6.828 3.580 4.229 4.938 5.399 6.113 5.616 5.970 7.063 6.679 5.425 6.330 5.733 4.605 3.304
-999.250 -999.250 -999.250 -999.250 -999.250 -999.250 -999.250 -999.250 -999.250 -999.250 -999.250 -999.250 -999.250 21.871 20.719 25.431 22.218 23.240 16.481 16.659 17.401 15.149 -999.250 -999.250 -999.250 -999.250 -999.250 16.051 18.308 17.964 18.732 13.003 15.323 13.918 14.548 13.649 12.269 13.442 11.335 11.741 8.009 10.459 11.195 8.241 10.820 8.072 8.347 9.995 7.582 8.406 5.631 6.193 7.892 6.748 5.721 4.927 4.374 5.908 4.777 5.795 5.124 5.971 4.489 4.110 5.567 7.485 6.106 4.645 4.152
-999.250 -999.250 -999.250 -999.250 -999.250 -999.250 -999.250 -999.250 -999.250 -999.250 -999.250 -999.250 -999.250 23.938 21.527 23.844 21.631 19.501 19.204 19.243 -999.250 -999.250 -999.250 -999.250 -999.250 -999.250 -999.250 -999.250 20.206 16.167 16.882 16.930 14.195 15.296 15.320 14.404 12.892 13.303 15.215 8.979 9.939 9.778 10.265 11.063 9.200 9.775 11.239 8.887 6.172 6.855 6.083 7.892 7.727 5.057 7.383 5.339 4.553 6.189 6.253 6.374 4.290 4.595 2.837 4.442 5.192 4.656 5.492 3.696 3.283
-999.250 -999.250 -999.250 -999.250 -999.250 -999.250 -999.250 -999.250 -999.250 -999.250 -999.250 -999.250 26.509 28.498 -999.250 -999.250 -999.250 -999.250 -999.250 -999.250 -999.250 -999.250 -999.250 -999.250 -999.250 -999.250 -999.250 -999.250 -999.250 16.237 15.422 15.927 15.808 14.876 16.520 16.579 13.770 14.872 11.036 10.599 8.264 9.608 8.659 9.427 8.795 7.122 9.968 6.328 8.242 7.068 10.235 8.357 6.846 5.307 6.514 5.657 4.878 3.712 6.791 6.943 4.976 2.775 2.356 3.260 3.554 4.572 4.625 5.014 3.361
-999.250 -999.250 -999.250 -999.250 -999.250 -999.250 -999.250 -999.250 -999.250 -999.250 -999.250 -999.250 -999.250 -999.250 -999.250 -999.250 -999.250 -999.250 -999.250 -999.250 -999.250 -999.250 -999.250 -999.250 -999.250 -999.250 -999.250 -999.250 -999.250 -999.250 15.740 18.673 18.354 19.129 17.838 12.689 12.550 13.772 12.741 11.883 10.713 9.191 8.794 7.690 5.838 6.277 7.940 7.570 9.318 7.470 6.893 5.482 7.267 4.378 6.905 5.089 3.110 5.905 3.899 4.690 4.245 2.058 2.697 2.293 3.099 2.553 3.162 3.768 3.998
-999.250 -999.250 -999.250 -999.250 -999.250 -999.250 -999.250 -999.250 -999.250 -999.250 -999.250 -999.250 -999.250 -999.250 -999.250 -999.250 -999.250 -999.250 -999.250 -999.250 -999.250 -999.250 -999.250 -999.250 -999.250 -999.250 -999.250 -999.250 -999.250 -999.250 18.263 15.692 17.552 18.494 17.337 15.758 15.212 12.553 11.418 13.195 8.889 8.282 8.180 7.370 6.031 5.825 6.737 8.562 5.304 6.676 6.337 5.901 6.039 5.279 6.288 4.372 4.888 4.604 4.015 2.612 1.412 0.999 2.137 1.037 0.826 0.608 0.105 2.768 4.858
-999.250 -999.250 -999.250 -999.250 -999.250 -999.250 -999.250 -999.250 -999.250 -999.250 -999.250 -999.250 -999.250 -999.250 -999.250 -999.250 -999.250 -999.250 -999.250 -999.250 -999.250 -999.250 -999.250 -999.250 -999.250 -999.250 -999.250 -999.250 -999.250 -999.250 15.418 18.028 20.410 16.555 14.476 15.221 14.957 11.192 8.427 12.310 12.056 9.195 8.434 6.379 4.697 7.388 7.979 8.013 4.337 4.167 3.844 4.274 3.822 3.770 3.246 3.436 3.374 5.461 3.161 4.074 3.217 2.863 1.840 0.127 0.000 0.000 0.258 2.589 4.029
-999.250 -999.250 -999.250 -999.250 -999.250 -999.250 -999.250 -999.250 -999.250 -999.250 -999.250 -999.250 -999.250 -999.250 -999.250 -999.250 -999.250 -999.250 -999.250 -999.250 -999.250 -999.250 -999.250 -999.250 -999.250 -999.250 -999.250 -999.250 -999.250 -999.250 -999.250 16.461 17.762 14.348 14.304 14.386 14.668 12.567 10.999 13.978 8.126 8.581 8.577 5.965 4.257 5.460 5.588 6.812 5.800 5.129 3.551 3.971 5.407 5.154 4.917 3.396 2.740 4.294 4.809 2.954 2.666 0.092 1.353 0.000 0.000 0.000 0.046 2.189 1.282
-999.250 -999.250 -999.250 -999.250 -999.250 -999.250 -999.250 -999.250 -999.250 -999.250 -999.250 -999.250 -999.250 -999.250 -999.250 -999.250 -999.250 -999.250 -999.250 -999.250 -999.250 -999.250 -999.250 -999.250 -999.250 -999.250 -999.250 -999.250 -999.250 -999.250 -999.250 16.125 18.301 15.363 15.248 16.338 14.517 11.890 9.189 8.891 9.038 7.766 9.385 6.485 3.356 3.631 4.292 5.709 5.146 6.993 5.685 6.057 8.403 6.196 6.334 5.364 2.888 3.651 4.713 3.029 3.132 1.829 0.475 0.000 0.000 0.000 0.000 0.000 0.489
-999.250 -999.250 -999.250 -999.250 -999.250 -999.250 -999.250 -999.250 -999.250 -999.250 -999.250 -999.250 -999.250 -999.250 -999.250 -999.250 -999.250 -999.250 -999.250 -999.250 -999.250 -999.250 -999.250 -999.250 -999.250 -999.250 -999.250 -999.250 -999.250 -999.250 -999.250 11.189 13.556 14.068 17.799 15.086 14.518 11.946 11.378 9.091 8.295 9.045 9.580 6.539 6.072 4.281 4.306 5.094 6.501 7.288 7.251 6.495 4.790 4.538 7.214 5.222 4.922 4.241 2.838 3.396 1.787 2.665 0.785 0.000 0.000 0.000 0.000 0.000 0.680
-999.250 -999.250 -999.250 -999.250 -999.250 -999.250 -999.250 -999.250 -999.250 -999.250 -999.250 -999.250 -999.250 -999.250 -999.250 -999.250 -999.250 -999.250 -999.250 -999.250 -999.250 -999.250 -999.250 -999.250 -999.250 -999.250 -999.250 -999.250 -999.250 -999.250 -999.250 12.400 13.198 12.270 11.476 11.309 14.341 13.564 13.239 9.769 9.178 10.513 7.929 6.661 6.484 3.838 3.394 5.305 7.110 7.197 5.562 7.892 5.314 7.117 6.078 6.921 4.066 1.819 3.469 3.246 4.050 3.439 1.618 0.000 0.000 0.000 0.000 0.000 0.000
-999.250 -999.250 -999.250 -999.250 -999.250 -999.250 -999.250 -999.250 -999.250 -999.250 -999.250 -999.250 -999.250 -999.250 -999.250 -999.250 -999.250 -999.250 -999.250 -999.250 -999.250 -999.250 -999.250 -999.250 -999.250 -999.250 -999.250 -999.250 -999.250 -999.250 -999.250 8.289 10.882 11.385 14.001 12.986 14.673 10.399 10.950 10.790 9.223 12.525 7.683 7.323 7.913 4.784 4.552 4.958 6.258 7.432 6.723 5.965 6.727 6.454 7.736 7.139 3.412 3.785 5.958 5.602 3.651 2.405 0.693 0.000 0.000 0.000 0.000 0.000 0.000
-999.250 -999.250 -999.250 -999.250 -999.250 -999.250 -999.250 -999.250 -999.250 -999.250 -999.250 -999.250 -999.250 -999.250 -999.250 -999.250 -999.250 -999.250 -999.250 -999.250 -999.250 -999.250 -999.250 -999.250 -999.250 -999.250 -999.250 -999.250 -999.250 -999.250 -999.250 9.611 9.323 8.779 11.063 9.645 10.162 10.615 10.464 10.980 8.903 7.001 6.193 7.612 10.281 7.048 7.211 6.545 8.925 5.518 5.675 5.556 8.389 7.380 7.461 7.494 7.307 5.174 5.074 5.684 4.283 2.147 0.914 0.000 0.000 0.000 0.000 0.000 0.000
-999.250 -999.250 -999.250 -999.250 -999.250 -999.250 -999.250 -999.250 -999.250 -999.250 -999.250 -999.250 -999.250 -999.250 -999.250 -999.250 -999.250 -999.250 -999.250 -999.250 -999.250 -999.250 -999.250 -999.250 -999.250 -999.250 -999.250 -999.250 -999.250 -999.250 -999.250 9.628 12.312 11.201 9.537 10.030 8.788 11.081 11.379 11.510 9.385 8.350 6.326 5.705 6.108 9.708 8.571 6.768 6.158 6.925 5.770 7.824 7.363 7.050 7.819 7.849 7.172 7.577 5.656 5.601 4.274 2.123 0.296 0.000 0.000 0.000 0.000 0.000 0.000
