data/medianmodel_21-Jul-2020.asc
ncols	141
nrows	288
xllcorner	-120191.398
yllcorner	-301404.813
cellsize	2000.000
NODATA_value	-999.250
[rows 31 to 61 of 288, columns 0 to 69 of 141]
-999.250 -999.250 -999.250 -999.250 -999.250 -999.250 -999.250 -999.250 -999.250 -999.250 -999.250 -999.250 -999.250 -999.250 -999.250 -999.250 -999.250 -999.250 -999.250 -999.250 -999.250 -999.250 -999.250 -999.250 -999.250 -999.250 -999.250 -999.250 -999.250 -999.250 -999.250 -999.250 0.688 0.000 0.000 0.000 0.000 0.000 0.000 0.000 0.000 0.000 0.000 0.191 2.075 2.978 3.596 5.275 5.663 5.450 4.852 4.611 4.917 5.763 9.303 5.861 2.963 0.103 0.000 0.000 0.000 0.000 0.000 0.000 0.000 0.000 0.000 0.000 0.000 0.000
-999.250 -999.250 -999.250 -999.250 -999.250 -999.250 -999.250 -999.250 -999.250 -999.250 -999.250 -999.250 -999.250 -999.250 -999.250 -999.250 -999.250 -999.250 -999.250 -999.250 -999.250 -999.250 -999.250 -999.250 -999.250 -999.250 -999.250 -999.250 -999.250 -999.250 -999.250 -999.250 0.986 2.113 0.483 0.000 0.000 0.000 0.000 0.000 0.000 0.000 0.000 0.000 1.055 1.884 5.348 6.027 7.103 6.884 6.385 4.907 5.174 5.024 6.016 4.752 2.912 0.301 0.000 0.000 0.000 0.000 0.014 0.000 0.298 0.000 0.000 0.000 0.000 0.000
-999.250 -999.250 -999.250 -999.250 -999.250 -999.250 -999.250 -999.250 -999.250 -999.250 -999.250 -999.250 -999.250 -999.250 -999.250 -999.250 -999.250 -999.250 -999.250 -999.250 -999.250 -999.250 -999.250 -999.250 -999.250 -999.250 -999.250 -999.250 -999.250 -999.250 -999.250 -999.250 4.043 5.852 3.651 0.511 0.000 0.000 0.000 0.000 2.582 0.000 0.000 0.000 0.075 0.475 3.635 7.813 10.948 8.210 6.886 5.508 4.802 3.636 3.686 3.763 2.497 0.677 0.000 0.000 0.000 0.000 1.218 2.450 3.045 2.271 0.392 0.000 0.000 0.000
-999.250 -999.250 -999.250 -999.250 -999.250 -999.250 -999.250 -999.250 -999.250 -999.250 -999.250 -999.250 -999.250 -999.250 -999.250 -999.250 -999.250 -999.250 -999.250 -999.250 -999.250 -999.250 -999.250 -999.250 -999.250 -999.250 -999.250 -999.250 -999.250 -999.250 -999.250 -999.250 5.637 4.721 3.956 0.999 0.501 0.434 0.000 0.314 0.000 0.000 0.000 0.000 0.000 2.817 4.246 6.704 7.876 7.451 6.533 3.806 3.877 2.685 0.848 1.811 0.881 0.000 0.000 0.000 0.000 0.799 1.806 2.935 6.399 3.227 1.407 0.000 0.000 0.000
-999.250 -999.250 -999.250 -999.250 -999.250 -999.250 -999.250 -999.250 -999.250 -999.250 -999.250 -999.250 -999.250 -999.250 -999.250 -999.250 -999.250 -999.250 -999.250 -999.250 -999.250 -999.250 -999.250 -999.250 -999.250 -999.250 -999.250 -999.250 -999.250 -999.250 -999.250 -999.250 5.906 6.203 5.634 4.599 3.125 2.486 0.692 0.012 0.000 0.000 0.000 0.000 0.000 0.629 2.552 3.977 5.211 4.981 4.205 3.836 2.717 1.675 1.075 1.095 0.000 0.741 0.000 0.000 0.145 1.216 2.745 4.503 4.196 3.718 2.587 0.557 0.000 0.000
-999.250 -999.250 -999.250 -999.250 -999.250 -999.250 -999.250 -999.250 -999.250 -999.250 -999.250 -999.250 -999.250 -999.250 -999.250 -999.250 -999.250 -999.250 -999.250 -999.250 -999.250 -999.250 -999.250 -999.250 -999.250 -999.250 -999.250 -999.250 -999.250 -999.250 -999.250 -999.250 6.974 6.871 7.198 5.589 5.343 4.597 5.033 1.587 0.000 0.000 0.000 0.000 0.000 0.000 0.599 2.110 2.937 2.932 2.040 3.585 2.631 2.334 1.709 0.491 0.419 0.025 0.000 0.000 0.041 1.897 4.218 3.781 3.031 4.168 1.740 0.011 0.000 0.000
-999.250 -999.250 -999.250 -999.250 -999.250 -999.250 -999.250 -999.250 -999.250 -999.250 -999.250 -999.250 -999.250 -999.250 -999.250 -999.250 -999.250 -999.250 -999.250 -999.250 -999.250 -999.250 -999.250 -999.250 -999.250 -999.250 -999.250 -999.250 -999.250 -999.250 -999.250 -999.250 -999.250 7.778 8.845 9.351 7.488 7.238 5.667 1.520 2.534 1.202 0.000 0.000 0.000 0.000 0.039 1.055 1.898 3.169 2.362 5.232 4.452 2.701 3.078 1.845 0.916 0.242 0.000 0.000 2.176 2.328 4.484 6.537 6.122 4.711 1.520 0.000 0.000 0.000
-999.250 -999.250 -999.250 -999.250 -999.250 -999.250 -999.250 -999.250 -999.250 -999.250 -999.250 -999.250 -999.250 -999.250 -999.250 -999.250 -999.250 -999.250 -999.250 -999.250 -999.250 -999.250 -999.250 -999.250 -999.250 -999.250 -999.250 -999.250 -999.250 -999.250 -999.250 -999.250 -999.250 11.357 11.211 11.688 10.321 9.393 7.928 6.626 5.305 4.984 1.788 1.001 0.000 0.000 0.000 0.232 0.492 2.882 5.890 6.957 7.740 6.421 4.877 2.330 2.179 0.720 2.081 0.763 2.192 4.735 7.528 7.590 7.912 5.980 2.523 0.000 0.000 0.000
-999.250 -999.250 -999.250 -999.250 -999.250 -999.250 -999.250 -999.250 -999.250 -999.250 -999.250 -999.250 -999.250 -999.250 -999.250 -999.250 -999.250 -999.250 -999.250 -999.250 -999.250 -999.250 -999.250 -999.250 -999.250 -999.250 -999.250 -999.250 -999.250 -999.250 -999.250 -999.250 14.635 14.164 14.853 14.170 13.227 11.775 10.932 10.318 6.805 5.728 4.515 1.353 0.000 0.000 0.000 0.223 1.101 3.086 6.436 8.626 11.162 8.708 6.814 5.348 4.435 1.851 1.474 2.917 5.151 6.316 8.942 10.478 9.056 5.843 4.041 0.000 0.000 0.000
-999.250 -999.250 -999.250 -999.250 -999.250 -999.250 -999.250 -999.250 -999.250 -999.250 -999.250 -999.250 -999.250 -999.250 -999.250 -999.250 -999.250 -999.250 -999.250 -999.250 -999.250 -999.250 -999.250 -999.250 -999.250 -999.250 -999.250 -999.250 -999.250 -999.250 -999.250 -999.250 16.647 17.737 18.652 20.901 17.578 14.731 13.859 12.531 11.153 7.973 5.780 4.750 2.223 1.971 0.000 0.000 3.183 5.902 8.568 11.230 11.090 10.035 7.877 6.765 5.463 3.149 3.329 4.560 5.633 7.666 10.345 15.756 9.964 7.419 3.846 0.000 0.000 0.000
-999.250 -999.250 -999.250 -999.250 -999.250 -999.250 -999.250 -999.250 -999.250 -999.250 -999.250 -999.250 -999.250 -999.250 -999.250 -999.250 -999.250 -999.250 -999.250 -999.250 -999.250 -999.250 -999.250 -999.250 -999.250 -999.250 -999.250 -999.250 -999.250 -999.250 -999.250 -999.250 -999.250 23.170 28.670 25.927 21.855 23.009 21.207 19.296 14.168 8.253 6.416 5.422 5.316 1.378 0.000 0.000 3.555 6.435 11.498 12.436 14.403 12.951 11.075 9.576 8.355 8.146 5.672 5.845 5.809 6.952 8.105 9.132 8.357 5.811 0.188 0.000 0.000 0.000
-999.250 -999.250 -999.250 -999.250 -999.250 -999.250 -999.250 -999.250 -999.250 -999.250 -999.250 -999.250 -999.250 -999.250 -999.250 -999.250 -999.250 -999.250 -999.250 -999.250 -999.250 -999.250 -999.250 -999.250 -999.250 -999.250 -999.250 -999.250 -999.250 -999.250 -999.250 -999.250 -999.250 26.291 39.811 34.119 36.714 26.586 25.183 19.104 14.316 10.070 5.612 4.679 2.365 0.000 0.000 0.129 5.615 9.857 13.752 17.503 25.108 18.016 12.661 10.410 9.515 10.373 7.234 5.621 6.881 6.975 7.254 8.536 6.197 4.497 1.705 0.000 0.000 0.000
-999.250 -999.250 -999.250 -999.250 -999.250 -999.250 -999.250 -999.250 -999.250 -999.250 -999.250 -999.250 -999.250 -999.250 -999.250 -999.250 -999.250 -999.250 -999.250 -999.250 -999.250 -999.250 -999.250 -999.250 -999.250 -999.250 -999.250 -999.250 -999.250 -999.250 -999.250 -999.250 -999.250 41.183 53.409 52.218 53.066 36.653 29.832 22.813 17.306 12.317 7.782 5.393 2.110 0.000 0.000 1.469 9.411 16.050 18.961 20.738 21.427 16.633 11.866 10.428 10.721 12.406 8.164 6.546 5.614 5.569 7.002 6.958 5.493 2.708 0.580 0.000 0.000 0.000
-999.250 -999.250 -999.250 -999.250 -999.250 -999.250 -999.250 -999.250 -999.250 -999.250 -999.250 -999.250 -999.250 -999.250 -999.250 -999.250 -999.250 -999.250 -999.250 -999.250 -999.250 -999.250 -999.250 -999.250 -999.250 -999.250 -999.250 -999.250 -999.250 -999.250 -999.250 -999.250 -999.250 -999.250 61.221 78.850 70.528 41.598 34.211 24.243 20.374 12.099 9.418 6.518 4.192 3.100 4.070 9.124 15.803 24.283 28.568 29.190 22.421 16.240 13.195 10.131 8.878 8.820 7.843 6.114 4.717 5.655 5.361 4.462 3.592 2.266 0.004 0.000 0.000 0.000
-999.250 -999.250 -999.250 -999.250 -999.250 -999.250 -999.250 -999.250 -999.250 -999.250 -999.250 -999.250 -999.250 -999.250 -999.250 -999.250 -999.250 -999.250 -999.250 -999.250 -999.250 -999.250 -999.250 -999.250 -999.250 -999.250 -999.250 -999.250 -999.250 -999.250 -999.250 -999.250 -999.250 -999.250 62.978 61.612 60.368 47.290 34.141 25.106 14.809 11.295 8.778 10.412 7.207 6.347 8.782 14.061 26.089 44.563 50.677 32.361 25.539 14.825 10.803 7.020 6.498 5.703 4.338 5.201 3.725 4.508 3.854 2.140 1.681 0.274 0.000 0.000 0.000 0.000
-999.250 -999.250 -999.250 -999.250 -999.250 -999.250 -999.250 -999.250 -999.250 -999.250 -999.250 -999.250 -999.250 -999.250 -999.250 -999.250 -999.250 -999.250 -999.250 -999.250 -999.250 -999.250 -999.250 -999.250 -999.250 -999.250 -999.250 -999.250 -999.250 -999.250 -999.250 -999.250 -999.250 -999.250 57.787 56.532 45.583 42.362 28.528 20.122 13.508 10.854 8.605 8.073 7.805 9.502 12.540 20.087 30.693 45.157 63.461 41.433 21.855 14.254 7.860 4.851 3.080 2.126 3.354 2.315 2.561 3.379 2.039 2.518 0.647 0.000 0.000 0.000 0.000 0.000
-999.250 -999.250 -999.250 -999.250 -999.250 -999.250 -999.250 -999.250 -999.250 -999.250 -999.250 -999.250 -999.250 -999.250 -999.250 -999.250 -999.250 -999.250 -999.250 -999.250 -999.250 -999.250 -999.250 -999.250 -999.250 -999.250 -999.250 -999.250 -999.250 -999.250 -999.250 -999.250 -999.250 -999.250 45.962 58.230 41.941 33.107 23.350 19.186 13.397 10.184 8.725 7.736 8.248 11.318 14.668 23.955 32.491 51.506 55.467 32.057 16.873 10.428 4.278 0.602 0.000 0.169 1.291 1.864 3.477 1.385 3.619 1.301 0.000 0.000 0.000 0.000 0.000 0.000
-999.250 -999.250 -999.250 -999.250 -999.250 -999.250 -999.250 -999.250 -999.250 -999.250 -999.250 -999.250 -999.250 -999.250 -999.250 -999.250 -999.250 -999.250 -999.250 -999.250 -999.250 -999.250 -999.250 -999.250 -999.250 -999.250 -999.250 -999.250 -999.250 -999.250 -999.250 -999.250 -999.250 -999.250 -999.250 39.745 35.961 27.155 22.004 16.065 11.279 8.802 7.864 9.325 8.988 13.731 15.367 21.732 29.093 37.489 35.938 29.006 16.222 7.967 2.834 0.000 0.000 0.000 0.598 2.602 2.420 2.966 5.640 1.796 0.000 0.000 0.000 0.000 0.000 0.000
-999.250 -999.250 -999.250 -999.250 -999.250 -999.250 -999.250 -999.250 -999.250 -999.250 -999.250 -999.250 -999.250 -999.250 -999.250 -999.250 -999.250 -999.250 -999.250 -999.250 -999.250 -999.250 -999.250 -999.250 -999.250 -999.250 -999.250 -999.250 -999.250 -999.250 -999.250 -999.250 -999.250 -999.250 -999.250 23.020 22.774 17.393 15.711 14.727 11.971 10.212 10.786 10.503 12.198 13.547 16.730 20.816 23.541 21.943 19.610 15.825 11.106 6.222 2.202 0.000 0.062 0.535 0.667 2.514 2.686 2.334 3.596 0.366 0.000 0.000 0.000 0.000 0.000 0.000
-999.250 -999.250 -999.250 -999.250 -999.250 -999.250 -999.250 -999.250 -999.250 -999.250 -999.250 -999.250 -999.250 -999.250 -999.250 -999.250 -999.250 -999.250 -999.250 -999.250 -999.250 -999.250 -999.250 -999.250 -999.250 -999.250 -999.250 -999.250 -999.250 -999.250 -999.250 -999.250 -999.250 -999.250 -999.250 18.163 16.323 15.233 15.091 15.831 13.662 13.677 14.984 14.421 14.456 14.716 14.693 15.448 14.927 13.633 13.055 12.261 8.374 5.249 1.380 1.681 0.809 1.836 3.296 4.730 3.736 2.751 1.230 0.000 0.000 0.000 0.000 0.000 0.000 0.000
-999.250 -999.250 -999.250 -999.250 -999.250 -999.250 -999.250 -999.250 -999.250 -999.250 -999.250 -999.250 -999.250 -999.250 -999.250 -999.250 -999.250 -999.250 -999.250 -999.250 -999.250 -999.250 -999.250 -999.250 -999.250 -999.250 -999.250 -999.250 -999.250 -999.250 -999.250 -999.250 -999.250 -999.250 -999.250 13.872 11.212 10.886 10.265 11.320 12.778 15.329 23.603 15.810 13.676 12.496 13.749 11.969 11.761 10.872 9.324 8.274 5.938 3.475 2.009 0.899 2.445 4.910 6.659 6.761 5.362 1.637 1.643 0.363 0.000 0.000 0.000 0.000 0.000 0.000
-999.250 -999.250 -999.250 -999.250 -999.250 -999.250 -999.250 -999.250 -999.250 -999.250 -999.250 -999.250 -999.250 -999.250 -999.250 -999.250 -999.250 -999.250 -999.250 -999.250 -999.250 -999.250 -999.250 -999.250 -999.250 -999.250 -999.250 -999.250 -999.250 -999.250 -999.250 -999.250 -999.250 -999.250 -999.250 12.683 10.494 8.684 9.868 12.106 13.352 13.110 14.815 14.938 11.794 11.619 11.204 10.783 9.126 8.133 4.549 3.878 4.155 3.598 2.479 2.726 6.319 7.349 9.511 9.110 7.356 4.254 2.975 0.000 0.000 0.000 0.000 0.000 0.000 0.000
-999.250 -999.250 -999.250 -999.250 -999.250 -999.250 -999.250 -999.250 -999.250 -999.250 -999.250 -999.250 -999.250 -999.250 -999.250 -999.250 -999.250 -999.250 -999.250 -999.250 -999.250 -999.250 -999.250 -999.250 -999.250 -999.250 -999.250 -999.250 -999.250 -999.250 -999.250 -999.250 -999.250 -999.250 -999.250 -999.250 11.983 9.136 12.154 14.698 13.157 12.276 11.374 9.708 9.350 8.370 7.493 6.639 6.778 5.309 2.093 3.535 4.300 3.711 5.424 4.880 6.186 9.369 11.930 15.535 9.291 5.846 3.572 1.516 0.000 0.000 0.000 0.000 0.000 0.000
-999.250 -999.250 -999.250 -999.250 -999.250 -999.250 -999.250 -999.250 -999.250 -999.250 -999.250 -999.250 -999.250 -999.250 -999.250 -999.250 -999.250 -999.250 -999.250 -999.250 -999.250 -999.250 -999.250 -999.250 -999.250 -999.250 -999.250 -999.250 -999.250 -999.250 -999.250 -999.250 -999.250 -999.250 -999.250 -999.250 12.808 12.492 17.737 23.545 14.251 11.282 9.482 8.434 8.112 7.920 5.738 4.769 3.327 0.947 0.581 1.245 1.235 2.660 5.381 6.605 8.497 9.252 10.428 12.304 9.336 7.609 4.658 2.590 1.836 0.000 0.000 0.000 0.000 0.000
-999.250 -999.250 -999.250 -999.250 -999.250 -999.250 -999.250 -999.250 -999.250 -999.250 -999.250 -999.250 -999.250 -999.250 -999.250 -999.250 -999.250 -999.250 -999.250 -999.250 -999.250 -999.250 -999.250 -999.250 -999.250 -999.250 -999.250 -999.250 -999.250 -999.250 -999.250 -999.250 -999.250 -999.250 -999.250 -999.250 -999.250 15.855 17.229 19.595 15.818 12.212 10.107 7.185 6.671 7.174 5.095 3.999 1.783 0.030 0.062 0.713 1.664 3.858 5.406 7.939 9.448 9.875 10.586 14.399 11.857 8.638 7.735 5.434 2.986 0.000 0.000 0.000 0.000 0.000
-999.250 -999.250 -999.250 -999.250 -999.250 -999.250 -999.250 -999.250 -999.250 -999.250 -999.250 -999.250 -999.250 -999.250 -999.250 -999.250 -999.250 -999.250 -999.250 -999.250 -999.250 -999.250 -999.250 -999.250 -999.250 -999.250 -999.250 -999.250 -999.250 -999.250 -999.250 -999.250 -999.250 -999.250 -999.250 -999.250 -999.250 15.294 19.058 19.828 20.274 15.493 11.162 8.496 7.440 6.026 3.332 3.098 1.548 0.000 0.000 0.053 0.659 3.520 7.010 8.509 10.750 11.364 13.721 15.426 13.669 12.336 11.361 8.780 5.786 0.825 0.000 0.000 0.000 0.000
-999.250 -999.250 -999.250 -999.250 -999.250 -999.250 -999.250 -999.250 -999.250 -999.250 -999.250 -999.250 -999.250 -999.250 -999.250 -999.250 -999.250 -999.250 -999.250 -999.250 -999.250 -999.250 -999.250 -999.250 -999.250 -999.250 -999.250 -999.250 -999.250 -999.250 -999.250 -999.250 -999.250 -999.250 -999.250 -999.250 -999.250 12.528 16.948 21.677 27.956 18.740 12.505 9.827 7.690 5.215 4.490 2.838 0.467 0.000 0.000 0.000 0.745 5.241 7.484 10.597 14.056 15.278 21.316 19.242 20.961 17.492 18.170 11.831 6.391 3.374 0.992 0.000 0.000 0.000
-999.250 -999.250 -999.250 -999.250 -999.250 -999.250 -999.250 -999.250 -999.250 -999.250 -999.250 -999.250 -999.250 -999.250 -999.250 -999.250 -999.250 -999.250 -999.250 -999.250 -999.250 -999.250 -999.250 -999.250 -999.250 -999.250 -999.250 -999.250 -999.250 -999.250 -999.250 -999.250 -999.250 -999.250 -999.250 -999.250 -999.250 11.824 15.298 16.708 18.886 16.314 14.566 10.399 8.407 7.076 5.649 3.366 1.777 0.000 0.000 0.000 1.415 5.148 10.799 12.672 18.113 25.089 25.750 29.497 28.129 22.316 19.718 17.037 10.161 7.535 2.484 0.000 0.000 0.000
-999.250 -999.250 -999.250 -999.250 -999.250 -999.250 -999.250 -999.250 -999.250 -999.250 -999.250 -999.250 -999.250 -999.250 -999.250 -999.250 -999.250 -999.250 -999.250 -999.250 -999.250 -999.250 -999.250 -999.250 -999.250 -999.250 -999.250 -999.250 -999.250 -999.250 -999.250 -999.250 -999.250 -999.250 -999.250 -999.250 -999.250 -999.250 12.413 13.359 13.075 13.199 11.977 11.355 10.901 8.363 6.361 4.827 1.707 0.000 0.000 0.000 0.693 6.062 11.776 15.088 23.556 37.551 41.650 37.922 33.478 25.298 28.503 16.415 11.947 8.090 3.803 0.310 0.000 0.000
-999.250 -999.250 -999.250 -999.250 -999.250 -999.250 -999.250 -999.250 -999.250 -999.250 -999.250 -999.250 -999.250 -999.250 -999.250 -999.250 -999.250 -999.250 -999.250 -999.250 -999.250 -999.250 -999.250 -999.250 -999.250 -999.250 -999.250 -999.250 -999.250 -999.250 -999.250 -999.250 -999.250 -999.250 -999.250 -999.250 -999.250 -999.250 7.808 9.216 10.156 12.822 12.940 10.931 12.543 9.577 8.571 5.337 1.549 0.000 0.000 0.000 2.689 6.471 12.881 20.970 30.809 44.009 60.294 44.848 34.394 27.709 25.966 19.988 14.688 8.869 5.610 2.174 0.000 0.000
-999.250 -999.250 -999.250 -999.250 -999.250 -999.250 -999.250 -999.250 -999.250 -999.250 -999.250 -999.250 -999.250 -999.250 -999.250 -999.250 -999.250 -999.250 -999.250 -999.250 -999.250 -999.250 -999.250 -999.250 -999.250 -999.250 -999.250 -999.250 -999.250 -999.250 -999.250 -999.250 -999.250 -999.250 -999.250 -999.250 -999.250 -999.250 4.572 6.685 9.092 11.774 13.605 12.882 13.608 12.612 8.677 6.290 1.760 0.000 0.000 0.048 4.402 8.338 12.390 18.882 29.566 44.229 44.253 45.400 42.004 32.947 24.317 19.849 16.010 11.493 6.482 3.394 0.760 0.000
