data/medianmodel_03-Dec-2020.asc
ncols	141
nrows	288
xllcorner	-120191.398
yllcorner	-301404.813
cellsize	2000.000
NODATA_value	-999.250
[rows 58 to 86 of 288, columns 64 to 127 of 141]
806.684 747.831 688.003 589.695 528.369 526.893 576.475 635.667 706.993 815.986 876.921 949.901 1085.405 1114.346 1184.263 1210.113 1023.454 754.700 540.976 317.952 216.992 175.092 155.859 165.173 187.624 203.527 217.831 252.644 259.216 263.499 261.945 284.437 295.518 318.868 342.709 372.742 416.525 465.695 565.229 624.607 732.140 817.154 957.540 1067.549 1166.094 1356.097 1413.527 1523.721 1655.871 1756.244 1829.416 1925.870 1858.019 -999.250 -999.250 -999.250 -999.250 -999.250 -999.250 -999.250 -999.250 -999.250 -999.250 -999.250
745.523 689.902 662.687 592.110 576.412 537.536 584.509 625.440 677.818 746.613 809.591 841.540 923.543 948.014 1092.795 1073.142 879.638 727.573 512.121 343.688 241.724 175.290 167.747 166.976 201.113 216.259 237.708 271.517 280.020 277.607 270.543 280.992 322.049 319.750 335.032 410.141 438.972 528.558 593.065 679.919 770.343 799.355 910.911 1065.782 1120.092 1321.434 1384.340 1521.458 1670.258 1782.704 1839.305 1878.790 -999.250 -999.250 -999.250 -999.250 -999.250 -999.250 -999.250 -999.250 -999.250 -999.250 -999.250 -999.250
681.318 635.774 605.965 597.808 568.666 593.752 604.631 614.926 661.030 651.206 695.611 789.210 838.218 865.363 908.258 897.489 767.982 598.384 456.054 322.674 215.993 184.098 167.475 188.824 207.289 227.270 248.954 277.141 260.731 261.855 268.421 260.929 281.845 315.446 343.384 412.572 454.628 494.718 581.664 653.036 759.770 820.427 936.793 1006.807 1189.587 1261.202 1424.754 1539.302 1617.247 1673.748 1793.463 1791.663 -999.250 -999.250 -999.250 -999.250 -999.250 -999.250 -999.250 -999.250 -999.250 -999.250 -999.250 -999.250
605.295 580.508 585.187 563.715 552.656 554.772 594.644 627.720 593.196 580.870 609.491 645.489 673.649 698.210 785.504 743.328 640.753 497.941 378.968 263.567 192.110 173.179 160.290 192.553 203.662 235.699 268.472 300.248 312.836 279.333 293.015 285.720 297.864 296.773 336.649 391.818 440.420 498.033 588.816 671.570 724.680 769.166 909.371 969.756 1058.408 1211.942 1325.727 1432.926 1552.611 1615.231 1737.193 -999.250 -999.250 -999.250 -999.250 -999.250 -999.250 -999.250 -999.250 -999.250 -999.250 -999.250 -999.250 -999.250
587.946 552.702 564.495 564.691 562.025 557.992 543.681 555.578 536.465 524.074 461.302 511.550 584.177 600.827 606.693 573.069 514.453 382.801 274.071 211.634 163.634 147.332 152.416 174.504 200.368 254.835 278.620 294.515 306.949 287.187 289.155 285.372 277.759 282.943 313.474 368.229 439.525 502.173 570.264 603.902 673.909 775.179 848.084 934.551 1058.080 1114.245 -999.250 -999.250 -999.250 -999.250 -999.250 -999.250 -999.250 -999.250 -999.250 -999.250 -999.250 -999.250 -999.250 -999.250 -999.250 -999.250 -999.250 -999.250
519.829 549.192 580.509 535.550 567.853 561.990 529.946 526.991 508.808 486.181 467.982 481.757 500.787 522.630 473.665 469.868 410.007 286.044 154.067 144.981 139.672 137.060 142.933 197.224 207.281 244.892 274.898 308.761 294.251 290.316 267.333 254.335 261.023 257.758 289.677 346.354 399.553 495.533 537.876 584.084 638.173 706.498 787.034 892.140 955.327 1013.989 1089.312 -999.250 -999.250 -999.250 -999.250 -999.250 -999.250 -999.250 -999.250 -999.250 -999.250 -999.250 -999.250 -999.250 -999.250 -999.250 -999.250 -999.250
561.955 582.133 522.957 521.087 535.315 532.573 509.112 488.254 488.866 479.144 464.119 483.403 466.641 457.875 458.478 448.683 351.208 241.116 173.002 142.911 129.220 128.054 152.074 169.170 205.015 228.071 260.740 276.432 281.758 274.884 264.737 240.927 225.159 218.007 284.971 332.117 428.169 461.815 500.619 545.229 633.927 633.856 750.225 872.574 873.686 977.325 1039.921 1127.917 -999.250 -999.250 -999.250 -999.250 -999.250 -999.250 -999.250 -999.250 -999.250 -999.250 -999.250 -999.250 -999.250 -999.250 -999.250 -999.250
532.378 553.388 512.654 521.777 503.303 512.272 503.137 500.406 492.033 470.380 464.859 465.287 466.735 440.974 390.238 363.675 321.697 236.852 180.611 154.302 139.847 134.584 137.375 160.264 199.945 209.627 223.437 240.574 250.574 243.962 231.650 235.308 227.504 239.546 271.977 336.859 363.324 428.146 481.727 516.921 585.980 635.710 666.570 770.069 808.624 886.466 931.149 987.242 -999.250 -999.250 -999.250 -999.250 -999.250 -999.250 -999.250 -999.250 -999.250 -999.250 -999.250 -999.250 -999.250 -999.250 -999.250 -999.250
535.816 525.823 532.438 487.204 498.857 509.598 491.889 497.653 505.967 490.491 485.571 460.562 464.796 430.823 417.350 349.789 313.701 241.358 202.301 170.290 145.255 142.928 136.107 157.261 159.240 192.920 215.171 226.821 220.484 226.865 238.515 241.595 227.229 240.156 262.601 331.512 395.602 424.985 469.847 500.062 536.940 581.443 618.193 662.844 718.176 779.591 845.718 871.935 916.917 -999.250 -999.250 -999.250 -999.250 -999.250 -999.250 -999.250 -999.250 -999.250 -999.250 -999.250 -999.250 -999.250 -999.250 -999.250
502.582 499.090 503.491 488.455 486.734 513.720 492.797 498.366 509.611 522.781 511.162 478.875 462.457 463.324 400.419 361.208 316.398 256.688 222.225 190.155 165.810 147.716 136.331 137.640 151.835 168.571 199.688 216.915 226.079 236.098 232.889 225.840 243.280 255.238 278.934 316.993 361.248 429.333 468.778 482.768 509.265 510.468 598.962 631.164 658.430 662.607 753.595 829.748 902.309 921.469 -999.250 -999.250 -999.250 -999.250 -999.250 -999.250 -999.250 -999.250 -999.250 -999.250 -999.250 -999.250 -999.250 -999.250
492.689 509.196 490.225 472.217 473.546 470.231 498.764 514.966 533.122 523.871 523.090 502.105 503.209 483.720 445.096 418.198 328.421 301.914 267.138 237.826 185.696 154.303 138.198 130.735 132.185 140.795 169.532 197.090 203.500 207.903 205.873 232.011 230.659 269.041 296.385 295.015 317.321 373.768 433.997 470.465 470.585 493.014 516.845 542.681 610.210 622.792 726.985 775.304 850.582 845.041 -999.250 -999.250 -999.250 -999.250 -999.250 -999.250 -999.250 -999.250 -999.250 -999.250 -999.250 -999.250 -999.250 -999.250
464.702 479.059 476.248 455.179 479.125 499.035 497.168 545.170 532.474 553.910 535.759 522.844 529.171 487.539 473.112 390.895 374.083 329.339 314.495 275.851 217.679 158.491 132.743 112.670 117.964 140.380 162.691 168.738 185.879 200.543 201.400 213.844 246.264 260.284 272.793 302.364 318.632 344.911 401.946 430.228 438.089 464.648 479.954 510.142 563.329 647.605 676.345 731.250 839.542 834.599 -999.250 -999.250 -999.250 -999.250 -999.250 -999.250 -999.250 -999.250 -999.250 -999.250 -999.250 -999.250 -999.250 -999.250
456.329 471.914 452.479 454.791 509.333 528.846 537.798 554.940 540.062 518.406 543.686 574.264 568.584 526.198 487.101 465.661 423.022 390.584 352.896 326.983 263.361 215.310 147.006 74.129 134.433 155.112 160.125 187.800 193.121 202.012 215.831 226.587 251.688 289.010 273.954 273.387 311.800 334.334 334.325 384.289 393.810 417.769 463.491 494.678 566.935 624.152 627.380 708.296 762.912 797.841 783.729 784.245 -999.250 -999.250 -999.250 -999.250 -999.250 -999.250 -999.250 -999.250 -999.250 -999.250 -999.250 -999.250
442.246 447.885 446.818 479.996 473.594 540.891 582.729 566.545 603.600 594.550 586.560 594.486 576.061 534.719 517.538 478.507 468.775 444.653 425.287 379.634 337.143 274.724 223.949 167.582 185.788 180.456 198.703 196.310 203.741 209.537 224.644 228.029 255.572 273.122 251.783 257.164 302.245 318.022 316.281 329.232 350.059 407.749 449.273 473.292 542.104 545.633 607.535 651.118 731.956 742.442 729.885 765.328 -999.250 -999.250 -999.250 -999.250 -999.250 -999.250 -999.250 -999.250 -999.250 -999.250 -999.250 -999.250
428.597 448.012 464.495 472.496 501.927 532.226 563.961 590.479 575.738 619.914 589.223 597.006 597.449 536.976 506.309 501.810 492.483 481.546 462.404 457.892 413.140 372.289 328.257 268.575 246.929 232.302 244.052 233.428 250.378 246.255 227.837 270.692 263.410 285.058 284.267 290.293 274.856 277.442 287.868 317.196 332.356 350.513 424.063 442.158 482.363 521.837 570.397 596.263 639.234 674.427 647.477 -999.250 -999.250 -999.250 -999.250 -999.250 -999.250 -999.250 -999.250 -999.250 -999.250 -999.250 -999.250 -999.250
418.983 455.085 462.328 476.026 482.346 514.671 559.541 568.150 527.128 568.177 565.812 569.972 579.052 533.199 527.829 555.749 526.082 514.789 501.857 504.840 486.895 452.797 425.304 363.619 304.373 292.372 270.090 282.885 258.959 252.708 249.297 268.009 283.583 272.034 275.308 287.188 277.992 272.249 286.972 287.658 313.561 352.497 381.940 453.090 480.220 487.681 518.433 572.172 580.124 631.651 627.818 -999.250 -999.250 -999.250 -999.250 -999.250 -999.250 -999.250 -999.250 -999.250 -999.250 -999.250 -999.250 -999.250
387.871 423.892 436.457 462.191 478.252 505.145 556.705 576.905 549.641 552.428 583.461 593.999 578.259 558.358 553.298 556.165 555.198 550.553 554.891 556.907 538.379 498.498 487.603 449.896 374.777 342.734 325.747 307.712 264.209 272.586 279.904 272.761 286.548 280.501 287.222 269.519 280.542 263.462 269.251 263.888 264.861 307.476 360.592 390.160 448.396 459.649 506.330 531.979 593.736 606.179 599.675 -999.250 -999.250 -999.250 -999.250 -999.250 -999.250 -999.250 -999.250 -999.250 -999.250 -999.250 -999.250 -999.250
409.238 430.240 406.700 442.461 487.235 483.518 495.666 537.575 510.365 537.384 572.381 547.958 561.955 571.149 573.481 587.370 580.195 588.609 568.563 583.325 562.324 566.119 521.145 502.452 444.160 407.161 360.003 320.140 270.423 298.558 286.363 286.490 290.071 275.931 287.755 280.632 283.927 265.950 253.502 247.785 234.990 290.018 333.611 356.120 378.547 442.821 475.193 479.134 518.341 562.662 572.215 -999.250 -999.250 -999.250 -999.250 -999.250 -999.250 -999.250 -999.250 -999.250 -999.250 -999.250 -999.250 -999.250
363.729 390.070 411.314 438.231 483.064 472.785 518.575 519.246 532.657 558.121 554.613 556.486 582.848 559.252 592.175 568.589 601.048 586.963 581.904 602.987 598.627 623.388 585.455 539.477 484.491 442.740 412.134 373.400 324.123 328.224 334.832 329.523 305.237 303.383 293.024 280.376 293.039 275.542 267.371 249.131 270.243 300.104 320.241 337.066 351.814 403.248 427.006 448.167 516.722 500.485 535.860 -999.250 -999.250 -999.250 -999.250 -999.250 -999.250 -999.250 -999.250 -999.250 -999.250 -999.250 -999.250 -999.250
344.473 378.625 397.414 431.693 446.005 493.682 509.785 508.777 513.424 530.449 549.208 534.608 546.579 544.042 547.275 573.522 565.964 584.776 573.285 565.793 564.441 594.995 558.967 542.539 499.838 484.028 416.694 399.114 365.464 361.745 335.542 330.700 306.316 313.418 295.799 284.929 311.423 292.607 285.316 280.009 294.089 308.294 344.006 327.229 348.951 411.026 424.576 445.954 457.006 477.401 497.118 -999.250 -999.250 -999.250 -999.250 -999.250 -999.250 -999.250 -999.250 -999.250 -999.250 -999.250 -999.250 -999.250
332.444 411.024 392.130 431.999 444.827 486.304 504.172 496.242 499.457 495.799 535.964 525.643 518.510 541.853 543.399 549.943 570.888 560.370 546.553 517.033 548.879 517.634 519.462 494.848 470.933 457.915 440.991 408.953 388.264 383.215 350.357 330.367 344.526 333.546 343.078 321.819 316.789 305.237 318.768 304.929 314.729 333.126 357.979 354.580 368.219 391.964 400.070 451.897 451.245 422.893 436.007 -999.250 -999.250 -999.250 -999.250 -999.250 -999.250 -999.250 -999.250 -999.250 -999.250 -999.250 -999.250 -999.250
330.218 349.606 410.984 436.813 440.896 452.634 483.424 499.581 497.026 509.926 512.094 492.915 539.189 537.445 516.152 529.962 514.506 515.081 482.820 486.259 464.137 496.130 476.004 461.026 446.360 446.500 424.616 419.966 433.735 388.071 384.623 358.554 368.934 338.203 362.004 331.783 325.984 332.512 344.838 303.790 316.310 323.075 366.379 335.236 359.616 413.215 401.878 404.210 415.274 377.431 394.844 -999.250 -999.250 -999.250 -999.250 -999.250 -999.250 -999.250 -999.250 -999.250 -999.250 -999.250 -999.250 -999.250
318.087 360.776 400.523 423.028 447.262 461.736 479.955 477.655 486.042 488.638 477.550 489.770 510.535 500.138 492.930 493.639 492.244 500.679 474.641 444.027 449.491 425.010 440.527 452.077 457.649 426.405 394.065 427.322 421.486 389.106 376.824 394.442 384.744 351.597 407.515 346.036 359.616 339.150 346.352 344.387 343.211 331.399 347.559 348.769 360.952 361.894 356.695 352.741 367.988 348.811 344.334 335.702 -999.250 -999.250 -999.250 -999.250 -999.250 -999.250 -999.250 -999.250 -999.250 -999.250 -999.250 -999.250
346.135 404.572 399.620 418.152 443.501 457.089 466.244 475.212 476.284 472.047 458.020 464.454 478.522 466.325 463.809 456.210 452.845 460.156 421.386 380.895 377.624 370.372 408.501 372.001 420.229 414.538 380.266 407.225 376.068 384.187 427.401 426.063 424.580 426.508 405.067 385.259 385.585 387.159 384.194 376.147 346.501 339.015 352.868 332.648 339.379 361.121 346.725 333.178 325.445 325.681 329.911 319.143 -999.250 -999.250 -999.250 -999.250 -999.250 -999.250 -999.250 -999.250 -999.250 -999.250 -999.250 -999.250
352.089 375.570 403.473 396.412 435.821 429.825 454.081 479.393 447.805 424.138 451.150 424.632 426.873 429.398 425.250 444.754 430.301 406.430 359.686 352.601 329.161 318.004 335.643 338.652 376.057 372.496 387.960 409.402 424.909 423.326 437.103 447.355 453.942 459.181 452.359 427.336 433.427 406.994 418.689 367.802 347.055 339.530 352.236 377.884 359.811 346.130 345.956 343.006 319.473 312.740 308.649 298.349 -999.250 -999.250 -999.250 -999.250 -999.250 -999.250 -999.250 -999.250 -999.250 -999.250 -999.250 -999.250
344.533 382.990 412.693 439.706 429.929 448.396 459.971 457.655 447.383 422.844 401.448 345.547 380.141 362.389 393.592 392.827 373.011 332.830 321.675 279.335 245.461 244.913 303.234 313.466 326.333 343.690 374.079 425.125 439.580 446.177 465.949 461.490 478.430 482.372 468.638 475.690 466.399 450.346 438.395 424.927 390.157 362.582 388.148 400.667 364.178 345.526 319.831 307.552 307.118 288.405 281.187 278.933 -999.250 -999.250 -999.250 -999.250 -999.250 -999.250 -999.250 -999.250 -999.250 -999.250 -999.250 -999.250
358.338 425.270 440.766 429.727 435.251 449.926 442.996 462.633 428.446 410.401 342.508 301.659 286.430 295.697 337.558 348.467 316.775 312.224 289.273 226.478 154.594 215.388 254.946 297.661 323.347 335.178 360.854 437.444 456.834 459.550 509.044 529.240 531.027 515.419 498.725 507.041 500.718 479.530 452.108 442.091 429.561 441.418 428.471 419.102 403.584 354.495 334.232 330.536 316.662 311.451 257.290 -999.250 -999.250 -999.250 -999.250 -999.250 -999.250 -999.250 -999.250 -999.250 -999.250 -999.250 -999.250 -999.250
366.752 386.329 432.261 444.006 443.902 475.074 449.656 444.855 414.508 379.663 328.601 293.015 199.892 235.913 298.425 325.123 326.978 291.310 282.171 238.816 222.820 234.279 267.382 296.397 349.430 356.526 397.456 456.447 460.250 506.798 536.760 554.181 567.018 553.816 546.279 540.931 551.682 500.555 503.870 461.349 472.303 469.400 446.398 430.591 412.634 393.345 348.818 329.295 327.570 315.179 272.490 -999.250 -999.250 -999.250 -999.250 -999.250 -999.250 -999.250 -999.250 -999.250 -999.250 -999.250 -999.250 -999.250
364.983 393.076 415.606 453.425 456.823 450.823 475.186 458.893 439.268 385.377 330.658 288.729 248.675 262.949 286.735 302.740 320.149 298.478 308.589 289.399 280.953 275.231 312.387 345.398 370.904 397.183 453.692 463.748 479.842 520.915 558.820 587.787 614.283 600.157 605.938 583.810 559.179 541.296 502.791 480.015 498.073 491.029 475.333 454.255 390.470 410.249 374.629 353.084 347.819 298.908 -999.250 -999.250 -999.250 -999.250 -999.250 -999.250 -999.250 -999.250 -999.250 -999.250 -999.250 -999.250 -999.250 -999.250
