data/medianmodel_24-Jan-2021.asc
ncols	141
nrows	288
xllcorner	-120191.398
yllcorner	-301404.813
cellsize	2000.000
NODATA_value	-999.250
[rows 224 to 251 of 288, columns 0 to 62 of 141]
-999.250 -999.250 -999.250 -999.250 -999.250 -999.250 -999.250 -999.250 -999.250 -999.250 -999.250 -999.250 -999.250 -999.250 -999.250 -999.250 -999.250 -999.250 -999.250 -999.250 -999.250 -999.250 -999.250 -999.250 -999.250 -999.250 -999.250 -999.250 -999.250 -999.250 1202.820 1223.252 1225.882 1197.320 1178.996 1234.296 1175.629 1116.682 1155.418 1130.203 1120.707 1147.798 1216.593 1171.151 1205.905 1216.859 1238.596 1159.624 1184.058 1153.631 1149.308 1222.274 1204.254 1181.042 1186.175 1149.115 1160.567 1166.869 1226.180 1298.446 1412.881 1470.836 1684.642
-999.250 -999.250 -999.250 -999.250 -999.250 -999.250 -999.250 -999.250 -999.250 -999.250 -999.250 -999.250 -999.250 -999.250 -999.250 -999.250 -999.250 -999.250 -999.250 -999.250 -999.250 -999.250 -999.250 -999.250 -999.250 -999.250 -999.250 -999.250 -999.250 -999.250 1094.050 1127.682 1147.776 1143.861 1129.379 1112.282 1075.543 1010.111 1022.521 1000.890 1007.408 1010.355 1079.019 1104.574 1159.671 1106.786 1164.554 1104.489 1104.098 1078.729 1104.320 1077.620 1084.528 1120.089 1095.048 1134.734 1123.108 1166.803 1237.161 1347.417 1412.325 1541.588 1681.779
-999.250 -999.250 -999.250 -999.250 -999.250 -999.250 -999.250 -999.250 -999.250 -999.250 -999.250 -999.250 -999.250 -999.250 -999.250 -999.250 -999.250 -999.250 -999.250 -999.250 -999.250 -999.250 -999.250 -999.250 -999.250 -999.250 -999.250 -999.250 -999.250 -999.250 1093.892 1058.136 1052.357 1081.625 1000.322 979.985 920.011 924.738 902.095 934.902 951.505 954.501 941.372 1031.455 1088.256 1052.396 1095.276 1049.445 1108.381 1096.671 1044.657 1066.384 1074.353 1087.174 1104.526 1119.487 1090.637 1149.598 1204.038 1336.758 1426.889 1549.658 1644.537
-999.250 -999.250 -999.250 -999.250 -999.250 -999.250 -999.250 -999.250 -999.250 -999.250 -999.250 -999.250 -999.250 -999.250 -999.250 -999.250 -999.250 -999.250 -999.250 -999.250 -999.250 -999.250 -999.250 -999.250 -999.250 -999.250 -999.250 -999.250 -999.250 975.645 966.580 956.133 950.882 956.388 898.521 843.872 815.887 798.168 807.808 885.879 892.944 879.611 856.333 967.533 991.594 937.502 1010.975 976.967 1040.712 1004.316 974.049 1023.325 1057.012 1043.243 1063.148 1074.488 1084.156 1045.252 1191.853 1313.086 1433.596 1563.659 1643.892
-999.250 -999.250 -999.250 -999.250 -999.250 -999.250 -999.250 -999.250 -999.250 -999.250 -999.250 -999.250 -999.250 -999.250 -999.250 -999.250 -999.250 -999.250 -999.250 -999.250 -999.250 -999.250 -999.250 -999.250 -999.250 -999.250 -999.250 -999.250 -999.250 925.798 938.955 913.401 900.317 879.810 844.802 741.414 732.911 773.275 796.089 801.008 814.645 787.772 850.012 868.788 924.154 909.637 894.604 954.232 962.499 1003.494 995.738 1010.910 1033.043 1071.016 1032.162 1081.517 1140.616 1122.815 1244.677 1342.706 1434.469 1595.890 1621.662
-999.250 -999.250 -999.250 -999.250 -999.250 -999.250 -999.250 -999.250 -999.250 -999.250 -999.250 -999.250 -999.250 -999.250 -999.250 -999.250 -999.250 -999.250 -999.250 -999.250 -999.250 -999.250 -999.250 -999.250 -999.250 -999.250 -999.250 -999.250 910.244 882.734 855.607 838.838 839.575 810.029 748.693 689.955 642.562 695.800 716.525 738.311 798.816 807.166 819.054 820.650 861.632 872.634 916.428 928.563 939.484 973.854 970.188 963.511 1004.993 1043.318 1049.002 1081.898 1138.689 1190.723 1282.169 1385.528 1458.388 1571.048 1600.416
-999.250 -999.250 -999.250 -999.250 -999.250 -999.250 -999.250 -999.250 -999.250 -999.250 -999.250 -999.250 -999.250 -999.250 -999.250 -999.250 -999.250 -999.250 -999.250 -999.250 -999.250 -999.250 -999.250 -999.250 -999.250 -999.250 -999.250 -999.250 834.484 857.029 819.751 806.204 765.815 751.102 693.558 671.492 660.787 656.015 673.183 727.252 737.473 766.232 780.047 812.946 851.754 832.573 869.074 922.630 979.090 976.664 984.801 971.452 1007.108 1063.973 1115.460 1147.757 1180.475 1264.638 1351.974 1418.289 1467.213 1532.032 1618.996
-999.250 -999.250 -999.250 -999.250 -999.250 -999.250 -999.250 -999.250 -999.250 -999.250 -999.250 -999.250 -999.250 -999.250 -999.250 -999.250 -999.250 -999.250 -999.250 -999.250 -999.250 -999.250 -999.250 -999.250 -999.250 -999.250 -999.250 778.742 773.972 774.900 760.787 747.409 720.051 708.020 678.308 684.054 659.582 668.719 689.972 720.395 768.545 756.531 715.234 780.572 835.154 820.113 902.587 910.452 957.702 1004.647 1011.171 1047.658 1073.505 1062.779 1129.263 1154.522 1199.672 1265.140 1401.898 1397.705 1527.287 1536.589 1577.215
-999.250 -999.250 -999.250 -999.250 -999.250 -999.250 -999.250 -999.250 -999.250 -999.250 -999.250 -999.250 -999.250 -999.250 -999.250 -999.250 -999.250 -999.250 -999.250 -999.250 -999.250 -999.250 -999.250 -999.250 -999.250 -999.250 -999.250 746.471 783.426 770.711 739.618 707.255 693.068 672.070 657.843 668.846 666.649 681.808 688.612 700.563 723.210 725.676 735.216 804.468 793.788 872.321 914.234 934.531 964.568 1009.284 1003.842 1102.639 1088.488 1162.606 1164.524 1210.036 1280.675 1379.825 1428.848 1445.581 1553.577 1572.950 1562.891
-999.250 -999.250 -999.250 -999.250 -999.250 -999.250 -999.250 -999.250 -999.250 -999.250 -999.250 -999.250 -999.250 -999.250 -999.250 -999.250 -999.250 -999.250 -999.250 -999.250 -999.250 -999.250 -999.250 -999.250 -999.250 -999.250 -999.250 -999.250 771.467 742.974 697.074 677.762 694.293 656.634 629.075 674.643 668.955 671.226 701.789 731.035 762.876 745.949 809.119 824.353 831.691 854.027 868.892 923.968 929.655 1022.291 1043.449 1071.490 1113.651 1187.582 1216.085 1271.008 1294.428 1370.099 1447.684 1467.233 1534.955 1515.935 1486.680
-999.250 -999.250 -999.250 -999.250 -999.250 -999.250 -999.250 -999.250 -999.250 -999.250 -999.250 -999.250 -999.250 -999.250 -999.250 -999.250 -999.250 -999.250 -999.250 -999.250 -999.250 -999.250 -999.250 -999.250 -999.250 -999.250 -999.250 -999.250 -999.250 -999.250 711.260 683.941 663.078 655.601 636.386 649.582 680.736 679.087 675.674 749.917 729.777 756.036 801.499 848.607 850.807 920.804 883.125 897.353 977.477 1037.981 1098.340 1154.167 1125.118 1256.583 1238.168 1251.106 1309.788 1451.037 1479.775 1581.364 1567.680 1510.672 1539.031
-999.250 -999.250 -999.250 -999.250 -999.250 -999.250 -999.250 -999.250 -999.250 -999.250 -999.250 -999.250 -999.250 -999.250 -999.250 -999.250 -999.250 -999.250 -999.250 -999.250 -999.250 -999.250 -999.250 -999.250 -999.250 -999.250 -999.250 -999.250 -999.250 -999.250 713.077 696.987 677.599 668.077 656.829 653.324 645.369 687.041 710.414 723.172 760.374 738.415 826.260 804.263 867.537 924.572 922.938 1002.750 1041.782 1034.931 1140.642 1109.173 1179.742 1271.678 1272.043 1321.501 1373.406 1457.862 1538.658 1605.001 1603.550 1588.486 1511.630
-999.250 -999.250 -999.250 -999.250 -999.250 -999.250 -999.250 -999.250 -999.250 -999.250 -999.250 -999.250 -999.250 -999.250 -999.250 -999.250 -999.250 -999.250 -999.250 -999.250 -999.250 -999.250 -999.250 -999.250 -999.250 -999.250 -999.250 -999.250 -999.250 -999.250 724.096 729.173 703.688 676.881 657.717 626.851 666.487 686.059 661.792 699.281 763.217 798.488 825.746 847.215 841.852 893.208 991.826 1001.394 997.909 1095.643 1146.874 1182.767 1257.478 1231.601 1296.719 1363.451 1375.090 1463.174 1511.301 1564.205 1527.286 1539.143 1504.967
-999.250 -999.250 -999.250 -999.250 -999.250 -999.250 -999.250 -999.250 -999.250 -999.250 -999.250 -999.250 -999.250 -999.250 -999.250 -999.250 -999.250 -999.250 -999.250 -999.250 -999.250 -999.250 -999.250 -999.250 -999.250 -999.250 -999.250 -999.250 -999.250 -999.250 -999.250 706.024 672.296 654.721 664.670 626.439 640.416 687.413 682.347 727.093 783.266 790.621 812.529 858.513 840.752 896.956 965.159 1038.793 1037.625 1082.281 1174.678 1204.763 1258.911 1298.135 1351.287 1455.001 1471.023 1430.583 1455.064 1465.452 1474.733 1447.039 1388.756
-999.250 -999.250 -999.250 -999.250 -999.250 -999.250 -999.250 -999.250 -999.250 -999.250 -999.250 -999.250 -999.250 -999.250 -999.250 -999.250 -999.250 -999.250 -999.250 -999.250 -999.250 -999.250 -999.250 -999.250 -999.250 -999.250 -999.250 -999.250 -999.250 -999.250 690.882 690.162 685.456 665.042 655.040 625.571 650.376 690.053 718.674 731.353 735.268 793.776 817.666 852.698 871.205 949.234 976.127 1023.577 1117.980 1140.000 1136.736 1215.798 1273.172 1283.485 1346.189 1345.417 1399.074 1421.014 1403.457 1412.356 1363.497 1343.676 1290.612
-999.250 -999.250 -999.250 -999.250 -999.250 -999.250 -999.250 -999.250 -999.250 -999.250 -999.250 -999.250 -999.250 -999.250 -999.250 -999.250 -999.250 -999.250 -999.250 -999.250 -999.250 -999.250 -999.250 -999.250 -999.250 -999.250 -999.250 -999.250 -999.250 -999.250 -999.250 671.143 658.692 672.804 680.254 668.454 655.795 737.024 737.993 745.106 755.612 814.980 851.057 872.871 886.416 953.936 1047.035 1121.199 1082.038 1145.143 1181.286 1182.812 1225.307 1291.128 1327.066 1323.417 1368.787 1310.613 1310.698 1326.074 1303.576 1266.363 1217.471
-999.250 -999.250 -999.250 -999.250 -999.250 -999.250 -999.250 -999.250 -999.250 -999.250 -999.250 -999.250 -999.250 -999.250 -999.250 -999.250 -999.250 -999.250 -999.250 -999.250 -999.250 -999.250 -999.250 -999.250 -999.250 -999.250 -999.250 -999.250 -999.250 -999.250 691.758 696.540 707.526 692.251 737.729 701.950 687.077 678.156 726.193 721.604 763.315 847.427 912.197 931.973 969.600 1004.317 1042.961 1043.359 1062.202 1056.233 1127.613 1203.371 1284.646 1267.206 1323.452 1306.240 1289.670 1255.420 1220.573 1149.904 1208.763 1192.346 1121.055
-999.250 -999.250 -999.250 -999.250 -999.250 -999.250 -999.250 -999.250 -999.250 -999.250 -999.250 -999.250 -999.250 -999.250 -999.250 -999.250 -999.250 -999.250 -999.250 -999.250 -999.250 -999.250 -999.250 -999.250 -999.250 -999.250 -999.250 -999.250 -999.250 -999.250 686.887 695.932 704.440 681.058 710.384 727.834 704.009 707.528 713.666 775.412 851.669 872.931 861.879 951.519 985.818 972.125 1052.680 1046.861 1024.376 1079.985 1155.732 1258.168 1285.687 1232.079 1270.895 1299.636 1250.911 1197.148 1122.760 1135.305 1098.440 1104.744 1055.371
-999.250 -999.250 -999.250 -999.250 -999.250 -999.250 -999.250 -999.250 -999.250 -999.250 -999.250 -999.250 -999.250 -999.250 -999.250 -999.250 -999.250 -999.250 -999.250 -999.250 -999.250 -999.250 -999.250 -999.250 -999.250 -999.250 -999.250 -999.250 -999.250 -999.250 687.763 669.662 689.114 695.846 706.339 677.564 726.821 706.728 787.941 759.915 796.553 851.280 841.485 963.220 1015.459 1006.711 1095.509 1067.099 1093.266 1051.243 1167.960 1227.858 1276.655 1238.955 1285.255 1237.297 1203.393 1194.510 1067.486 1022.331 1007.165 980.590 1005.258
-999.250 -999.250 -999.250 -999.250 -999.250 -999.250 -999.250 -999.250 -999.250 -999.250 -999.250 -999.250 -999.250 -999.250 -999.250 -999.250 -999.250 -999.250 -999.250 -999.250 -999.250 -999.250 -999.250 -999.250 -999.250 -999.250 -999.250 -999.250 -999.250 -999.250 665.172 656.625 684.215 720.685 711.143 722.827 737.928 732.656 708.503 715.531 756.028 819.055 861.371 954.700 990.111 1048.095 1084.036 1085.063 1118.015 1140.618 1224.841 1289.274 1249.547 1239.835 1309.349 1228.672 1172.463 1109.589 1044.157 1001.491 888.156 873.912 871.152
-999.250 -999.250 -999.250 -999.250 -999.250 -999.250 -999.250 -999.250 -999.250 -999.250 -999.250 -999.250 -999.250 -999.250 -999.250 -999.250 -999.250 -999.250 -999.250 -999.250 -999.250 -999.250 -999.250 -999.250 -999.250 -999.250 -999.250 -999.250 -999.250 -999.250 618.628 681.652 669.382 690.120 690.052 701.673 721.579 717.464 683.971 718.202 757.969 793.118 815.796 850.793 933.229 1002.939 1107.719 1056.738 1087.257 1113.814 1191.048 1225.154 1237.396 1283.210 1291.368 1243.013 1161.967 1095.187 998.703 961.857 811.153 759.853 781.960
-999.250 -999.250 -999.250 -999.250 -999.250 -999.250 -999.250 -999.250 -999.250 -999.250 -999.250 -999.250 -999.250 -999.250 -999.250 -999.250 -999.250 -999.250 -999.250 -999.250 -999.250 -999.250 -999.250 -999.250 -999.250 -999.250 -999.250 -999.250 -999.250 -999.250 -999.250 682.880 678.061 702.856 673.133 700.824 703.510 688.083 692.196 721.577 749.176 762.527 815.138 874.788 966.756 1007.875 1041.211 1105.097 1028.028 1124.584 1189.311 1248.075 1222.276 1222.573 1259.702 1207.106 1128.655 1098.083 986.158 925.684 778.147 618.794 677.938
-999.250 -999.250 -999.250 -999.250 -999.250 -999.250 -999.250 -999.250 -999.250 -999.250 -999.250 -999.250 -999.250 -999.250 -999.250 -999.250 -999.250 -999.250 -999.250 -999.250 -999.250 -999.250 -999.250 -999.250 -999.250 -999.250 -999.250 -999.250 -999.250 -999.250 -999.250 675.709 662.438 703.973 695.665 716.789 687.233 664.387 685.259 698.099 737.326 769.671 846.685 893.935 923.553 985.030 1032.319 1062.899 1052.080 1102.547 1187.132 1243.276 1261.291 1284.538 1240.837 1196.378 1144.450 1079.504 987.613 922.281 792.669 708.487 712.767
-999.250 -999.250 -999.250 -999.250 -999.250 -999.250 -999.250 -999.250 -999.250 -999.250 -999.250 -999.250 -999.250 -999.250 -999.250 -999.250 -999.250 -999.250 -999.250 -999.250 -999.250 -999.250 -999.250 -999.250 -999.250 -999.250 -999.250 -999.250 -999.250 -999.250 672.157 678.458 651.682 647.861 644.618 660.642 674.322 649.189 641.234 680.103 697.142 802.057 804.429 871.173 914.184 964.151 1082.969 1052.572 1054.848 1123.203 1157.092 1192.822 1260.389 1308.657 1290.887 1243.437 1151.945 1083.195 1009.146 911.497 820.983 766.430 773.717
-999.250 -999.250 -999.250 -999.250 -999.250 -999.250 -999.250 -999.250 -999.250 -999.250 -999.250 -999.250 -999.250 -999.250 -999.250 -999.250 -999.250 -999.250 -999.250 -999.250 -999.250 -999.250 -999.250 -999.250 -999.250 -999.250 -999.250 -999.250 -999.250 -999.250 677.457 684.750 647.359 639.349 678.320 639.307 683.389 661.393 662.102 691.280 762.505 794.872 851.629 898.866 918.779 942.071 1027.837 1069.531 1079.240 1114.190 1153.928 1239.118 1292.770 1326.924 1330.313 1308.792 1194.984 1117.900 1013.844 900.056 851.586 798.165 835.232
-999.250 -999.250 -999.250 -999.250 -999.250 -999.250 -999.250 -999.250 -999.250 -999.250 -999.250 -999.250 -999.250 -999.250 -999.250 -999.250 -999.250 -999.250 -999.250 -999.250 -999.250 -999.250 -999.250 -999.250 -999.250 -999.250 -999.250 -999.250 -999.250 -999.250 649.336 671.222 625.740 610.437 630.400 652.914 636.782 682.478 670.184 702.049 694.606 759.232 801.306 831.615 870.820 908.502 1006.283 1047.099 1075.859 1142.933 1151.886 1190.783 1251.456 1259.771 1282.742 1324.072 1230.738 1142.102 1091.019 951.021 930.058 893.322 842.982
-999.250 -999.250 -999.250 -999.250 -999.250 -999.250 -999.250 -999.250 -999.250 -999.250 -999.250 -999.250 -999.250 -999.250 -999.250 -999.250 -999.250 -999.250 -999.250 -999.250 -999.250 -999.250 -999.250 -999.250 -999.250 -999.250 -999.250 -999.250 -999.250 -999.250 612.360 598.971 614.431 621.159 638.888 619.707 643.129 658.150 663.543 645.804 681.247 712.772 787.106 830.684 863.378 923.102 978.157 1052.016 1112.637 1107.234 1178.389 1197.014 1257.412 1274.226 1263.009 1244.539 1226.249 1156.119 1080.653 984.342 949.898 877.851 871.780
-999.250 -999.250 -999.250 -999.250 -999.250 -999.250 -999.250 -999.250 -999.250 -999.250 -999.250 -999.250 -999.250 -999.250 -999.250 -999.250 -999.250 -999.250 -999.250 -999.250 -999.250 -999.250 -999.250 -999.250 -999.250 -999.250 -999.250 -999.250 -999.250 -999.250 643.844 616.681 602.845 605.195 583.071 622.270 623.739 611.757 634.659 627.099 678.530 724.939 778.689 764.345 850.569 887.316 932.667 995.373 1069.958 1090.435 1146.949 1172.863 1231.698 1244.984 1226.955 1255.261 1225.456 1136.423 1140.747 1096.287 1009.898 981.763 974.882
