data/medianmodel_27-Jan-2021.asc
ncols	141
nrows	288
xllcorner	-120191.398
yllcorner	-301404.813
cellsize	2000.000
NODATA_value	-999.250
[rows 224 to 251 of 288, columns 63 to 125 of 141]
1633.568 1791.955 1851.725 1974.279 2063.855 2161.041 2233.110 2174.980 2078.208 1933.271 1825.903 1675.678 1589.809 1423.816 1257.826 1111.817 1077.521 1049.655 1077.453 1061.799 1105.235 1145.784 1239.711 1291.396 1406.816 1524.238 1572.116 1648.310 1717.505 1730.994 1772.271 1739.238 1707.370 1632.962 1618.396 1512.019 1660.956 1604.943 1601.806 1587.423 1619.266 1680.559 1688.366 1730.509 1726.187 1686.867 1744.683 -999.250 -999.250 -999.250 -999.250 -999.250 -999.250 -999.250 -999.250 -999.250 -999.250 -999.250 -999.250 -999.250 -999.250 -999.250 -999.250
1652.810 1774.918 1863.078 1902.803 2012.484 2060.223 2121.775 2041.614 1954.559 1877.758 1783.175 1687.545 1492.122 1450.031 1331.634 1198.397 1133.711 1124.284 1142.998 1118.781 1111.522 1136.996 1227.234 1263.394 1325.433 1498.760 1497.834 1545.450 1637.582 1642.669 1720.413 1720.561 1701.920 1621.780 1641.023 1557.593 1548.530 1514.095 1531.368 1557.861 1684.107 1708.277 1746.453 1748.687 1719.559 1707.750 1715.451 -999.250 -999.250 -999.250 -999.250 -999.250 -999.250 -999.250 -999.250 -999.250 -999.250 -999.250 -999.250 -999.250 -999.250 -999.250 -999.250
1697.284 1767.210 1850.610 1874.246 1919.983 1919.873 2038.702 1961.355 1814.285 1811.292 1754.211 1581.303 1506.930 1453.921 1353.771 1245.449 1227.059 1159.749 1182.333 1148.637 1176.482 1186.117 1139.732 1249.459 1297.622 1362.401 1393.914 1458.287 1528.372 1557.812 1658.421 1653.397 1629.749 1632.750 1617.514 1520.929 1527.548 1629.913 1670.973 1655.754 1651.185 1684.529 1756.564 1743.654 1719.894 1680.297 1679.916 -999.250 -999.250 -999.250 -999.250 -999.250 -999.250 -999.250 -999.250 -999.250 -999.250 -999.250 -999.250 -999.250 -999.250 -999.250 -999.250
1690.922 1744.062 1849.493 1861.405 1903.193 1888.337 1876.285 1853.742 1861.479 1754.691 1700.453 1549.444 1445.663 1474.978 1337.147 1275.819 1243.730 1238.761 1158.024 1097.876 1120.646 1126.737 1141.841 1192.589 1211.020 1275.256 1306.470 1398.582 1473.992 1598.876 1566.457 1587.991 1539.232 1509.173 1474.788 1519.378 1541.104 1553.250 1552.630 1612.345 1698.692 1731.845 1677.578 1712.308 1721.655 1733.159 -999.250 -999.250 -999.250 -999.250 -999.250 -999.250 -999.250 -999.250 -999.250 -999.250 -999.250 -999.250 -999.250 -999.250 -999.250 -999.250 -999.250
1726.110 1778.594 1864.922 1860.529 1866.655 1877.936 1840.703 1794.799 1774.606 1739.634 1647.297 1587.899 1544.308 1460.769 1436.606 1269.076 1226.100 1190.007 1169.483 1116.091 1112.448 1159.172 1141.913 1148.307 1197.264 1264.346 1299.840 1348.392 1397.596 1455.275 1436.649 1432.196 1501.313 1514.577 1434.787 1484.418 1492.469 1576.135 1584.094 1706.164 1714.810 -999.250 -999.250 1724.461 1753.794 1754.130 -999.250 -999.250 -999.250 -999.250 -999.250 -999.250 -999.250 -999.250 -999.250 -999.250 -999.250 -999.250 -999.250 -999.250 -999.250 -999.250 -999.250
1692.799 1773.135 1802.870 1884.143 1862.293 1829.769 1845.774 1757.051 1721.178 1677.849 1651.929 1669.464 1540.706 1495.924 1411.473 1339.372 1219.187 1144.454 1105.812 1142.884 1102.902 1060.405 1076.050 1115.046 1130.069 1160.393 1222.644 1279.061 1354.394 1393.356 1362.408 1378.381 1431.979 1439.057 1466.003 1515.864 1450.136 1492.008 1564.226 1635.835 1679.570 -999.250 -999.250 -999.250 -999.250 -999.250 -999.250 -999.250 -999.250 -999.250 -999.250 -999.250 -999.250 -999.250 -999.250 -999.250 -999.250 -999.250 -999.250 -999.250 -999.250 -999.250 -999.250
1762.088 1829.761 1792.447 1838.382 1900.523 1833.775 1811.495 1769.338 1778.172 1677.006 1619.585 1592.505 1588.650 1439.237 1364.694 1278.620 1230.575 1113.388 1088.341 1102.179 1054.699 1024.908 1060.882 1060.639 1108.852 1190.027 1172.821 1212.570 1266.191 1252.754 1279.385 1362.941 1361.208 1373.442 1368.684 1448.660 1402.330 -999.250 -999.250 1559.298 -999.250 -999.250 -999.250 -999.250 -999.250 -999.250 -999.250 -999.250 -999.250 -999.250 -999.250 -999.250 -999.250 -999.250 -999.250 -999.250 -999.250 -999.250 -999.250 -999.250 -999.250 -999.250 -999.250
1771.338 1792.668 1792.113 1805.303 1843.132 1833.387 1787.710 1779.479 1744.497 1718.333 1653.734 1587.742 1488.794 1458.841 1374.418 1269.403 1178.376 1100.199 1075.582 1009.494 993.116 988.411 992.740 1015.129 1102.738 1080.590 1119.425 1119.973 1178.451 1220.034 1292.012 1294.585 1281.309 1304.955 1328.620 -999.250 -999.250 -999.250 -999.250 -999.250 -999.250 -999.250 -999.250 -999.250 -999.250 -999.250 -999.250 -999.250 -999.250 -999.250 -999.250 -999.250 -999.250 -999.250 -999.250 -999.250 -999.250 -999.250 -999.250 -999.250 -999.250 -999.250 -999.250
1810.014 1782.201 1773.758 1778.116 1820.979 1816.741 1725.085 1704.905 1743.737 1731.865 1677.000 1561.040 1474.705 1462.752 1365.956 1247.227 1134.456 1092.520 1051.681 1014.604 1004.447 983.040 938.246 1011.719 1030.602 1020.160 1095.827 1110.997 1110.791 1202.403 1259.087 1269.880 1278.207 1290.213 1342.412 -999.250 -999.250 -999.250 -999.250 -999.250 -999.250 -999.250 -999.250 -999.250 -999.250 -999.250 -999.250 -999.250 -999.250 -999.250 -999.250 -999.250 -999.250 -999.250 -999.250 -999.250 -999.250 -999.250 -999.250 -999.250 -999.250 -999.250 -999.250
1825.627 1826.492 1816.803 1766.033 1818.149 1739.155 1728.106 1734.660 1706.996 1722.312 1596.693 1559.899 1536.273 1469.179 1344.190 1259.227 1150.181 1134.093 1023.789 983.529 878.876 895.873 869.742 895.892 913.310 974.763 993.723 1027.091 1069.378 1092.488 1162.538 1187.672 1230.501 1261.408 1298.372 -999.250 -999.250 -999.250 -999.250 -999.250 -999.250 -999.250 -999.250 -999.250 -999.250 -999.250 -999.250 -999.250 -999.250 -999.250 -999.250 -999.250 -999.250 -999.250 -999.250 -999.250 -999.250 -999.250 -999.250 -999.250 -999.250 -999.250 -999.250
1816.843 1837.657 1835.755 1824.629 1747.314 1751.879 1686.111 1722.906 1731.398 1680.472 1552.845 1554.301 1516.670 1444.863 1320.302 1289.578 1162.533 1042.674 1034.579 982.784 870.759 831.002 828.046 844.952 848.035 945.202 968.860 980.204 1017.495 1068.635 1070.122 1098.931 1158.577 1185.525 1219.200 -999.250 -999.250 -999.250 -999.250 -999.250 -999.250 -999.250 -999.250 -999.250 -999.250 -999.250 -999.250 -999.250 -999.250 -999.250 -999.250 -999.250 -999.250 -999.250 -999.250 -999.250 -999.250 -999.250 -999.250 -999.250 -999.250 -999.250 -999.250
1834.413 1839.401 1805.840 1791.294 1768.969 1716.071 1700.398 1646.606 1615.002 1557.530 1548.312 1504.319 1484.258 1387.967 1309.094 1269.511 1181.313 1113.889 949.755 913.513 847.987 795.495 739.494 758.417 817.465 847.112 876.295 938.614 958.218 1009.360 1106.967 1107.944 1102.930 1120.499 -999.250 -999.250 -999.250 -999.250 -999.250 -999.250 -999.250 -999.250 -999.250 -999.250 -999.250 -999.250 -999.250 -999.250 -999.250 -999.250 -999.250 -999.250 -999.250 -999.250 -999.250 -999.250 -999.250 -999.250 -999.250 -999.250 -999.250 -999.250 -999.250
1809.322 1831.975 1766.750 1733.071 1688.311 1733.034 1706.804 1679.791 1569.800 1558.307 1538.088 1534.528 1453.699 1380.495 1294.213 1250.280 1173.495 1100.541 966.223 936.073 831.880 772.415 629.195 739.945 804.674 823.815 827.188 900.243 901.534 949.462 1005.483 1085.457 1100.341 1166.015 -999.250 -999.250 -999.250 -999.250 -999.250 -999.250 -999.250 -999.250 -999.250 -999.250 -999.250 -999.250 -999.250 -999.250 -999.250 -999.250 -999.250 -999.250 -999.250 -999.250 -999.250 -999.250 -999.250 -999.250 -999.250 -999.250 -999.250 -999.250 -999.250
1787.029 1801.312 1709.739 1697.349 1653.279 1689.171 1605.675 1658.244 1558.767 1561.424 1424.438 1408.915 1404.903 1329.067 1286.479 1226.478 1151.265 1005.939 998.061 881.279 835.062 812.870 757.382 743.664 778.380 849.065 837.874 865.881 875.369 925.412 968.227 1007.433 1073.189 1120.617 -999.250 -999.250 -999.250 -999.250 -999.250 -999.250 -999.250 -999.250 -999.250 -999.250 -999.250 -999.250 -999.250 -999.250 -999.250 -999.250 -999.250 -999.250 -999.250 -999.250 -999.250 -999.250 -999.250 -999.250 -999.250 -999.250 -999.250 -999.250 -999.250
1744.873 1755.284 1722.026 1620.569 1613.060 1705.621 1628.533 1674.563 1584.749 1500.300 1382.236 1380.347 1390.679 1377.963 1286.867 1256.357 1138.670 1055.141 1017.754 950.318 853.741 827.371 822.163 797.126 815.586 827.639 818.238 866.759 923.691 906.262 951.106 1045.555 1087.714 -999.250 -999.250 -999.250 -999.250 -999.250 -999.250 -999.250 -999.250 -999.250 -999.250 -999.250 -999.250 -999.250 -999.250 -999.250 -999.250 -999.250 -999.250 -999.250 -999.250 -999.250 -999.250 -999.250 -999.250 -999.250 -999.250 -999.250 -999.250 -999.250 -999.250
1703.117 1645.211 1615.575 1563.101 1574.664 1579.324 1666.455 1614.541 1533.470 1423.442 1350.938 1363.212 1334.034 1297.734 1242.870 1230.863 1198.051 1133.975 1086.437 947.063 939.188 859.050 819.990 835.529 827.456 835.898 834.717 930.121 878.518 901.508 998.167 1042.189 1086.619 -999.250 -999.250 -999.250 -999.250 -999.250 -999.250 -999.250 -999.250 -999.250 -999.250 -999.250 -999.250 -999.250 -999.250 -999.250 -999.250 -999.250 -999.250 -999.250 -999.250 -999.250 -999.250 -999.250 -999.250 -999.250 -999.250 -999.250 -999.250 -999.250 -999.250
1647.236 1600.972 1603.386 1506.818 1464.256 1490.544 1497.272 1517.163 1493.878 1365.960 1334.236 1327.632 1323.596 1320.950 1262.869 1252.301 1211.166 1123.466 1091.652 980.985 945.047 862.634 870.026 860.820 807.335 826.541 855.352 960.059 975.356 998.665 1012.073 1036.246 -999.250 -999.250 -999.250 -999.250 -999.250 -999.250 -999.250 -999.250 -999.250 -999.250 -999.250 -999.250 -999.250 -999.250 -999.250 -999.250 -999.250 -999.250 -999.250 -999.250 -999.250 -999.250 -999.250 -999.250 -999.250 -999.250 -999.250 -999.250 -999.250 -999.250 -999.250
1541.927 1545.096 1579.074 1464.808 1463.771 1519.633 1457.942 1405.907 1400.352 1352.491 1337.797 1296.150 1257.677 1256.346 1283.216 1220.166 1123.466 1120.889 1107.489 1036.774 997.484 887.414 880.079 859.492 912.871 923.240 915.422 959.581 940.857 1036.014 1041.945 -999.250 -999.250 -999.250 -999.250 -999.250 -999.250 -999.250 -999.250 -999.250 -999.250 -999.250 -999.250 -999.250 -999.250 -999.250 -999.250 -999.250 -999.250 -999.250 -999.250 -999.250 -999.250 -999.250 -999.250 -999.250 -999.250 -999.250 -999.250 -999.250 -999.250 -999.250 -999.250
1452.240 1395.855 1381.823 1377.115 1484.401 1359.368 1363.977 1344.261 1359.079 1295.698 1287.183 1256.244 1249.759 1281.963 1311.063 1309.303 1271.268 1132.007 1108.860 1112.400 1032.634 990.333 1022.744 965.149 938.451 908.528 956.928 928.096 946.305 1026.410 -999.250 -999.250 -999.250 -999.250 -999.250 -999.250 -999.250 -999.250 -999.250 -999.250 -999.250 -999.250 -999.250 -999.250 -999.250 -999.250 -999.250 -999.250 -999.250 -999.250 -999.250 -999.250 -999.250 -999.250 -999.250 -999.250 -999.250 -999.250 -999.250 -999.250 -999.250 -999.250 -999.250
1271.939 1285.736 1247.375 1260.519 1341.687 1335.336 1288.444 1275.642 1288.808 1240.270 1247.839 1207.518 1255.295 1239.629 1297.300 1283.770 1194.618 1174.388 1151.782 1119.951 1089.499 1070.670 1066.167 1027.761 965.633 914.051 917.391 1016.710 -999.250 -999.250 -999.250 -999.250 -999.250 -999.250 -999.250 -999.250 -999.250 -999.250 -999.250 -999.250 -999.250 -999.250 -999.250 -999.250 -999.250 -999.250 -999.250 -999.250 -999.250 -999.250 -999.250 -999.250 -999.250 -999.250 -999.250 -999.250 -999.250 -999.250 -999.250 -999.250 -999.250 -999.250 -999.250
1194.957 1178.248 1212.970 1243.527 1292.041 1261.246 1259.494 1261.282 1245.423 1211.276 1260.713 1197.591 1241.278 1224.660 1291.956 1277.632 1226.648 1204.119 1186.711 1155.523 1086.743 1083.821 1048.429 1053.858 1035.638 1026.388 986.540 1055.817 -999.250 -999.250 -999.250 -999.250 -999.250 -999.250 -999.250 -999.250 -999.250 -999.250 -999.250 -999.250 -999.250 -999.250 -999.250 -999.250 -999.250 -999.250 -999.250 -999.250 -999.250 -999.250 -999.250 -999.250 -999.250 -999.250 -999.250 -999.250 -999.250 -999.250 -999.250 -999.250 -999.250 -999.250 -999.250
1072.763 1111.860 1218.709 1185.465 1204.238 1290.365 1255.058 1246.298 1213.402 1170.811 1195.129 1243.755 1217.557 1210.011 1271.045 1252.550 1281.975 1233.479 1226.712 1191.645 1151.926 1103.599 1082.941 1052.623 1044.862 1093.652 1071.330 1103.023 -999.250 -999.250 -999.250 -999.250 -999.250 -999.250 -999.250 -999.250 -999.250 -999.250 -999.250 -999.250 -999.250 -999.250 -999.250 -999.250 -999.250 -999.250 -999.250 -999.250 -999.250 -999.250 -999.250 -999.250 -999.250 -999.250 -999.250 -999.250 -999.250 -999.250 -999.250 -999.250 -999.250 -999.250 -999.250
1028.598 1069.088 1104.387 1106.908 1153.822 1187.756 1188.838 1123.344 1152.512 1143.100 1162.935 1177.941 1184.185 1278.787 1239.500 1223.627 1239.660 1286.226 1242.801 1178.191 1141.136 1076.359 1082.548 1092.006 1079.807 1059.412 1178.937 -999.250 -999.250 -999.250 -999.250 -999.250 -999.250 -999.250 -999.250 -999.250 -999.250 -999.250 -999.250 -999.250 -999.250 -999.250 -999.250 -999.250 -999.250 -999.250 -999.250 -999.250 -999.250 -999.250 -999.250 -999.250 -999.250 -999.250 -999.250 -999.250 -999.250 -999.250 -999.250 -999.250 -999.250 -999.250 -999.250
1031.830 1021.628 1071.277 1098.043 1062.521 1131.879 1143.465 1117.736 1114.521 1102.864 1079.946 1137.409 1192.032 1190.175 1246.441 1199.983 1237.319 1243.829 1240.434 1213.114 1143.871 1094.165 1131.007 1120.670 1102.156 1138.136 1154.007 -999.250 -999.250 -999.250 -999.250 -999.250 -999.250 -999.250 -999.250 -999.250 -999.250 -999.250 -999.250 -999.250 -999.250 -999.250 -999.250 -999.250 -999.250 -999.250 -999.250 -999.250 -999.250 -999.250 -999.250 -999.250 -999.250 -999.250 -999.250 -999.250 -999.250 -999.250 -999.250 -999.250 -999.250 -999.250 -999.250
987.678 1049.502 1042.658 1075.191 1041.090 1056.656 1080.338 1092.192 1077.954 1018.289 1094.255 1085.734 1132.800 1132.961 1195.102 1187.932 1201.666 1204.962 1178.632 1189.531 1145.818 1201.234 1189.712 1150.726 1122.466 1175.368 1142.752 -999.250 -999.250 -999.250 -999.250 -999.250 -999.250 -999.250 -999.250 -999.250 -999.250 -999.250 -999.250 -999.250 -999.250 -999.250 -999.250 -999.250 -999.250 -999.250 -999.250 -999.250 -999.250 -999.250 -999.250 -999.250 -999.250 -999.250 -999.250 -999.250 -999.250 -999.250 -999.250 -999.250 -999.250 -999.250 -999.250
1014.452 983.643 1071.521 1038.010 1056.124 1042.611 1072.109 1037.923 1005.197 971.370 1072.594 1049.082 1048.884 1106.470 1120.590 1171.487 1169.479 1127.838 1178.495 1131.348 1190.087 1145.740 1192.062 1160.082 1131.406 1154.542 1179.238 -999.250 -999.250 -999.250 -999.250 -999.250 -999.250 -999.250 -999.250 -999.250 -999.250 -999.250 -999.250 -999.250 -999.250 -999.250 -999.250 -999.250 -999.250 -999.250 -999.250 -999.250 -999.250 -999.250 -999.250 -999.250 -999.250 -999.250 -999.250 -999.250 -999.250 -999.250 -999.250 -999.250 -999.250 -999.250 -999.250
970.689 991.849 1014.252 1025.537 1071.502 1060.083 1025.141 1016.343 967.838 995.649 991.964 1007.246 1016.729 1036.451 1088.255 1099.843 1187.200 1172.177 1132.786 1181.077 1165.353 1147.540 1179.287 1170.377 1175.858 1223.689 -999.250 -999.250 -999.250 -999.250 -999.250 -999.250 -999.250 -999.250 -999.250 -999.250 -999.250 -999.250 -999.250 -999.250 -999.250 -999.250 -999.250 -999.250 -999.250 -999.250 -999.250 -999.250 -999.250 -999.250 -999.250 -999.250 -999.250 -999.250 -999.250 -999.250 -999.250 -999.250 -999.250 -999.250 -999.250 -999.250 -999.250
962.683 1019.455 1016.696 1007.959 1034.456 1032.614 1011.560 998.876 963.093 932.597 906.584 946.904 1002.768 997.785 1000.621 1048.064 1117.514 1153.004 1164.989 1149.268 1143.786 1202.298 1151.783 1169.513 1207.740 -999.250 -999.250 -999.250 -999.250 -999.250 -999.250 -999.250 -999.250 -999.250 -999.250 -999.250 -999.250 -999.250 -999.250 -999.250 -999.250 -999.250 -999.250 -999.250 -999.250 -999.250 -999.250 -999.250 -999.250 -999.250 -999.250 -999.250 -999.250 -999.250 -999.250 -999.250 -999.250 -999.250 -999.250 -999.250 -999.250 -999.250 -999.250
