data/medianmodel_29-May-2020.asc
ncols	141
nrows	288
xllcorner	-120191.398
yllcorner	-301404.813
cellsize	2000.000
NODATA_value	-999.250
[rows 155 to 185 of 288, columns 0 to 68 of 141]
-999.250 -999.250 -999.250 -999.250 -999.250 -999.250 -999.250 0.000 0.148 0.552 2.177 3.028 2.285 1.984 2.042 0.250 1.897 2.848 3.973 4.937 6.178 5.965 9.282 5.533 4.320 9.814 9.957 17.028 17.488 17.920 22.530 22.300 19.311 21.724 23.244 25.037 21.094 20.868 21.886 17.633 13.178 11.262 11.966 10.762 10.746 5.695 0.420 1.437 5.288 4.895 7.566 7.781 7.622 6.926 5.828 9.407 7.144 8.793 9.762 8.335 10.735 7.523 9.548 8.307 8.184 7.615 8.245 3.420 1.242
-999.250 -999.250 -999.250 -999.250 -999.250 -999.250 -999.250 0.366 1.603 2.548 4.648 4.563 4.201 4.671 1.931 3.447 4.326 7.062 8.123 7.850 7.100 7.986 6.887 7.572 5.154 9.695 14.091 19.849 17.689 18.486 20.862 22.635 26.419 24.617 24.160 26.446 20.287 20.252 21.744 19.259 10.645 10.078 10.748 11.318 12.462 7.764 4.536 8.594 8.371 9.490 10.864 9.985 6.626 7.983 8.114 9.203 11.339 10.767 9.652 9.392 9.727 7.424 6.293 6.719 9.008 6.283 7.917 6.367 2.746
-999.250 -999.250 -999.250 -999.250 -999.250 -999.250 -999.250 3.980 5.124 3.852 5.523 5.314 5.419 3.915 5.073 3.785 4.775 8.300 9.324 8.916 8.388 15.133 11.983 12.327 9.671 12.088 18.818 23.959 23.020 22.485 20.739 24.803 30.052 25.912 27.610 26.209 24.794 27.484 30.687 24.243 14.462 13.247 13.642 14.612 16.499 9.720 7.146 8.486 12.412 11.265 13.712 10.500 11.244 10.391 8.494 11.613 10.377 11.434 10.348 7.925 7.793 7.246 5.487 6.247 2.751 4.613 4.562 3.777 4.301
-999.250 -999.250 -999.250 -999.250 -999.250 -999.250 -999.250 8.200 8.523 5.943 6.693 6.584 5.841 6.412 5.898 7.356 5.299 7.308 10.324 12.831 11.765 19.722 19.904 20.781 18.982 21.598 26.116 23.910 21.267 26.143 28.502 26.998 25.222 28.665 28.161 29.638 27.400 27.085 26.287 21.760 19.704 14.549 16.534 13.457 11.031 9.724 14.099 10.138 11.916 11.316 9.783 13.350 10.632 10.698 11.386 12.046 9.726 7.056 9.442 6.505 7.345 7.267 7.535 4.690 1.863 2.780 4.666 1.653 2.788
-999.250 -999.250 -999.250 -999.250 -999.250 -999.250 -999.250 -999.250 7.151 6.479 7.658 7.599 8.013 8.559 5.811 4.501 6.378 6.494 11.248 13.365 15.618 18.143 24.939 24.861 21.994 24.067 28.466 33.093 33.120 37.123 27.925 31.146 26.609 36.805 24.331 33.660 30.453 26.061 22.618 22.403 20.890 18.232 18.784 22.262 14.490 17.569 16.870 14.350 11.749 12.094 12.377 10.619 14.767 10.202 10.666 8.400 9.408 8.340 7.889 8.802 7.628 5.762 5.316 3.611 0.638 0.000 0.325 2.350 0.049
-999.250 -999.250 -999.250 -999.250 -999.250 -999.250 -999.250 -999.250 9.804 11.603 8.576 8.203 9.812 9.383 7.204 7.963 9.014 10.961 13.779 13.290 12.356 16.460 30.539 35.636 29.670 32.544 47.958 36.395 34.388 31.277 32.299 41.263 35.267 41.250 45.231 36.167 35.108 36.334 21.446 21.128 22.922 28.333 21.419 16.799 12.894 13.874 19.806 16.290 13.091 10.350 9.275 11.749 13.366 9.334 11.844 9.204 10.591 9.416 7.751 9.928 6.569 7.974 4.994 2.859 0.000 0.000 0.000 0.000 0.349
-999.250 -999.250 -999.250 -999.250 -999.250 -999.250 -999.250 10.984 10.290 9.500 10.209 10.187 11.704 13.224 10.540 8.627 8.557 13.330 16.060 12.446 11.874 15.656 27.576 46.336 53.456 43.503 57.944 50.812 47.782 33.539 35.315 32.258 36.430 44.597 44.623 46.697 62.695 36.397 27.344 23.692 25.174 22.681 18.030 14.429 16.545 16.029 16.331 15.123 14.682 11.828 10.727 12.265 9.449 11.603 10.203 10.294 8.611 9.720 6.648 10.392 9.254 8.115 4.741 5.046 0.338 0.000 0.000 0.017 0.000
-999.250 -999.250 -999.250 -999.250 -999.250 -999.250 -999.250 11.488 12.747 14.566 15.388 15.130 12.236 12.670 12.523 14.930 12.549 15.712 15.385 11.507 7.314 17.910 39.245 60.123 75.035 56.635 52.699 56.657 60.786 57.046 55.223 51.534 37.680 38.723 35.041 49.176 47.766 35.396 28.168 23.015 24.735 20.952 24.392 17.419 22.273 21.704 19.577 19.547 15.484 17.753 10.447 11.337 11.466 11.272 11.255 9.446 8.324 7.165 6.010 8.187 8.983 7.146 4.400 5.578 2.278 0.000 0.000 0.521 0.288
-999.250 -999.250 -999.250 -999.250 -999.250 -999.250 -999.250 12.796 13.972 16.090 16.059 14.603 15.123 15.097 16.319 18.682 20.222 27.633 19.143 18.009 15.443 30.111 56.385 67.373 74.607 69.818 77.570 56.946 59.123 73.553 52.695 42.105 38.067 33.533 34.684 40.430 45.018 34.384 35.483 25.787 17.358 15.907 21.408 19.467 15.809 15.486 19.704 21.214 16.939 14.513 12.148 9.398 9.337 9.483 13.760 11.881 7.411 8.870 5.392 6.022 8.087 4.267 4.772 3.565 4.750 2.503 0.204 0.000 0.000
-999.250 -999.250 -999.250 -999.250 -999.250 -999.250 -999.250 13.990 16.340 18.432 19.393 15.092 16.993 22.221 20.492 24.401 17.542 23.575 27.395 27.339 30.924 49.599 66.901 79.440 77.955 102.085 85.915 76.348 76.217 58.475 43.368 47.632 30.355 34.535 36.271 45.576 45.105 37.004 28.923 23.659 18.795 17.915 22.284 17.282 15.874 18.027 18.378 19.651 15.825 14.875 10.244 8.719 6.607 8.317 8.339 10.440 9.415 6.459 3.565 5.176 3.044 3.662 2.415 1.827 5.098 2.937 0.360 0.000 0.000
-999.250 -999.250 -999.250 -999.250 -999.250 -999.250 19.443 18.651 19.979 21.920 19.499 17.431 16.486 22.149 25.828 26.550 23.815 28.155 29.278 38.462 46.487 65.321 81.214 76.031 82.155 92.516 102.514 119.235 100.446 75.506 49.309 50.329 34.687 22.444 32.567 28.577 35.373 25.605 20.454 25.541 23.524 18.169 18.094 17.773 22.426 22.701 19.886 19.058 17.993 15.935 13.466 5.248 8.504 10.755 8.368 8.719 9.220 6.919 4.431 7.717 5.371 1.892 3.611 2.930 3.157 0.000 0.135 0.214 0.000
-999.250 -999.250 -999.250 -999.250 -999.250 -999.250 21.975 21.117 17.079 16.350 12.930 14.137 16.220 19.124 29.882 30.555 25.207 27.848 35.388 40.767 53.078 60.001 72.835 54.655 83.809 109.170 125.729 151.300 126.624 80.270 61.965 39.400 38.861 33.090 32.698 31.353 27.241 23.020 21.900 29.693 30.365 21.610 21.149 23.364 23.403 18.119 21.289 19.520 16.139 12.490 12.262 10.874 10.206 11.531 8.731 7.243 7.626 7.491 5.221 6.003 3.519 2.450 3.714 1.579 2.919 0.213 2.508 0.092 0.000
-999.250 -999.250 -999.250 -999.250 -999.250 26.528 22.010 15.356 20.266 11.203 11.399 13.385 19.688 21.137 29.406 29.908 36.817 34.166 37.367 44.823 45.772 56.296 57.685 57.712 84.867 121.185 160.538 206.903 155.819 117.786 76.229 58.983 40.101 41.209 36.924 32.518 27.455 27.307 27.385 29.198 27.231 29.469 21.278 21.882 26.904 19.341 21.764 17.537 21.565 15.852 11.200 9.901 10.582 11.229 11.494 8.856 8.308 7.881 4.147 5.373 3.683 3.601 3.194 1.075 1.445 0.911 0.000 0.007 0.000
-999.250 -999.250 -999.250 -999.250 -999.250 25.678 23.944 22.273 17.991 12.038 12.337 15.281 14.562 20.606 33.417 35.101 30.813 41.162 44.155 55.885 54.315 70.048 76.320 81.803 94.752 118.790 164.511 189.932 161.161 115.384 95.406 65.185 51.764 54.278 30.697 32.263 27.897 40.169 39.449 26.833 27.681 25.252 23.502 26.508 22.483 26.500 16.512 18.909 22.539 18.307 15.446 14.919 15.470 11.498 10.563 5.952 8.769 8.018 8.578 4.244 2.979 2.552 0.563 0.000 0.000 0.000 0.000 0.000 0.000
-999.250 -999.250 -999.250 -999.250 18.305 25.056 25.146 23.703 22.654 19.044 13.191 17.149 19.656 24.210 31.086 34.762 37.917 43.766 49.533 59.843 65.076 96.177 106.791 102.796 99.474 114.135 148.400 148.724 128.240 91.563 91.900 72.347 55.608 48.314 37.180 30.307 27.491 32.156 34.686 35.028 31.301 26.488 30.248 34.085 26.147 20.640 23.158 22.736 22.452 21.236 15.676 13.507 11.322 13.851 13.401 9.366 8.095 7.848 4.533 4.042 5.309 4.168 2.129 1.173 0.000 0.000 0.000 0.527 0.000
-999.250 -999.250 -999.250 -999.250 25.521 23.806 25.216 23.224 24.006 24.973 24.310 21.427 19.581 22.891 27.603 35.956 44.747 54.767 64.040 62.815 71.055 103.612 127.123 111.118 111.615 126.861 127.841 111.598 117.301 89.128 68.139 54.134 53.352 34.206 28.252 26.871 23.934 20.719 21.924 27.956 32.628 23.961 30.091 29.098 25.896 22.984 16.983 23.994 24.877 22.078 15.956 12.944 14.437 13.977 15.703 11.508 9.665 5.300 4.633 5.291 4.201 0.489 0.000 0.414 0.000 0.000 0.000 0.000 0.000
-999.250 -999.250 -999.250 -999.250 31.458 29.521 36.152 28.495 29.822 28.619 29.643 27.556 30.342 26.778 29.711 35.342 40.926 38.486 63.041 79.169 88.600 94.778 111.032 114.947 114.903 109.075 100.899 80.188 71.633 73.544 73.683 60.001 50.685 46.301 28.472 18.476 22.558 20.310 24.446 22.897 26.667 22.715 21.493 26.787 20.909 23.786 21.069 22.371 18.559 21.038 16.237 12.537 11.339 14.060 8.898 10.351 10.322 6.985 7.381 3.780 3.199 1.745 0.000 0.000 0.000 0.000 0.000 0.000 0.000
-999.250 -999.250 -999.250 -999.250 27.739 35.400 39.252 33.462 38.052 34.862 33.849 27.272 30.898 25.767 29.679 32.886 49.535 41.422 43.256 53.863 72.916 89.007 90.987 101.900 102.998 105.968 86.441 72.992 73.872 67.771 54.640 50.138 45.877 35.169 28.206 23.480 23.138 26.218 25.710 25.507 17.828 18.202 18.336 19.513 19.705 23.519 22.330 19.239 17.288 20.293 18.445 15.641 11.955 13.346 9.639 9.629 9.303 8.251 3.765 1.558 1.702 0.000 0.000 0.000 0.000 0.000 0.000 0.000 0.000
-999.250 -999.250 -999.250 -999.250 31.098 32.395 39.070 34.837 33.675 41.663 26.715 23.697 29.221 36.784 33.444 36.967 46.944 32.807 29.571 38.110 38.272 75.821 71.489 87.163 88.834 92.790 77.401 75.379 62.802 58.687 47.821 46.635 41.149 31.375 32.399 24.367 19.229 24.105 27.019 23.576 17.477 18.084 19.401 20.046 25.196 26.266 18.492 19.158 16.770 15.442 15.880 11.585 10.941 12.499 7.452 7.712 7.328 5.654 4.801 2.514 2.362 0.000 0.594 1.129 0.188 0.000 0.000 0.000 0.000
-999.250 -999.250 -999.250 -999.250 27.117 35.630 27.118 28.005 29.139 29.774 31.267 34.047 34.778 49.875 43.074 45.325 38.452 32.320 21.926 25.954 36.966 57.447 74.627 83.645 89.286 73.267 61.792 77.152 60.249 66.726 48.727 57.588 42.476 32.778 36.765 30.867 25.161 27.105 22.085 24.741 20.715 21.086 18.200 23.423 27.834 19.847 18.876 24.567 20.467 13.552 13.584 11.623 9.313 10.259 7.163 5.389 4.547 2.715 2.570 0.868 1.679 1.312 0.000 2.852 3.188 0.000 0.000 0.000 0.000
-999.250 -999.250 -999.250 -999.250 39.830 31.910 33.271 30.154 23.091 30.499 35.686 41.357 36.401 43.738 36.376 42.615 38.016 29.078 26.023 24.338 39.549 65.489 70.235 86.820 78.851 63.175 65.463 66.850 70.576 70.133 65.295 62.450 61.101 36.982 35.517 35.768 38.252 30.649 29.484 19.395 19.214 16.538 26.352 27.771 31.931 22.897 23.250 19.758 18.956 13.272 12.009 11.349 10.756 10.377 6.201 5.609 1.461 0.000 0.000 0.000 0.722 2.862 2.936 1.801 2.849 0.964 0.000 0.000 0.000
-999.250 -999.250 -999.250 -999.250 39.360 35.331 28.922 27.117 29.743 36.917 35.636 32.488 39.873 41.944 46.118 41.140 37.431 41.375 30.945 33.123 35.505 67.435 83.252 68.571 73.209 86.352 60.702 61.855 58.308 53.830 64.871 55.708 49.898 43.350 34.356 30.314 36.691 28.282 30.934 24.417 23.220 21.380 26.014 40.066 31.383 29.248 23.309 13.790 15.541 17.828 11.107 12.116 8.477 7.114 5.019 1.497 0.000 0.000 0.000 0.362 3.490 2.917 3.041 2.172 0.371 0.000 0.000 0.000 0.000
-999.250 -999.250 -999.250 -999.250 44.121 45.205 34.350 28.705 32.015 48.210 41.559 49.860 42.156 43.908 54.560 48.791 52.504 50.680 31.828 45.458 52.799 73.131 93.740 67.423 77.379 87.819 61.642 53.499 57.154 51.298 49.143 63.937 46.516 50.600 35.571 30.161 31.476 32.456 27.444 26.177 26.011 23.930 21.862 24.460 25.594 23.233 19.543 17.043 18.725 19.717 12.965 13.878 9.415 6.972 8.077 3.629 0.954 0.000 0.000 0.953 2.588 1.613 1.630 0.579 1.607 0.557 0.000 0.000 0.000
-999.250 -999.250 -999.250 -999.250 74.869 60.506 39.812 41.688 34.044 55.244 64.838 69.918 59.922 85.931 82.766 87.712 70.187 70.944 71.488 58.147 66.570 64.396 78.301 68.803 86.861 78.906 58.828 52.772 48.117 53.472 42.966 46.773 42.380 42.891 49.717 29.370 32.198 34.995 25.175 29.598 25.157 21.866 25.827 26.735 20.776 23.310 20.679 17.958 20.043 14.091 13.813 15.324 12.827 7.577 5.773 5.393 2.622 2.741 1.216 1.823 1.331 1.635 0.000 0.972 0.000 0.280 0.000 0.000 0.000
-999.250 -999.250 -999.250 78.903 73.071 67.761 67.381 55.592 54.812 71.274 64.391 84.842 94.816 88.360 104.115 77.585 84.953 86.223 91.575 88.181 91.577 88.632 74.367 74.083 74.459 59.969 54.437 54.891 49.480 50.987 39.907 34.644 36.093 49.210 37.308 41.192 26.365 35.315 30.264 20.670 24.185 24.807 21.536 18.673 15.896 19.445 16.971 18.483 18.974 13.390 14.566 13.442 13.282 12.810 7.250 4.997 4.765 2.605 4.022 4.521 4.090 0.885 1.198 0.016 0.000 0.000 0.000 0.000 0.000
-999.250 -999.250 -999.250 53.948 73.604 70.323 74.378 53.438 78.779 87.228 81.260 74.614 100.890 104.077 91.503 81.581 90.915 95.681 94.017 99.368 93.893 78.275 72.891 78.359 73.945 65.517 54.470 59.036 45.175 38.495 45.914 32.944 39.493 45.895 41.600 36.154 29.978 30.005 20.865 19.362 18.667 20.134 16.948 15.002 19.829 17.046 20.874 18.713 15.488 17.954 14.503 12.279 8.784 11.689 6.730 7.324 5.072 6.120 4.533 6.417 5.058 3.529 2.952 0.928 0.607 0.000 0.000 0.000 0.000
-999.250 -999.250 -999.250 65.724 68.815 67.351 68.579 67.125 71.312 80.543 86.771 113.384 121.885 113.683 114.869 114.164 114.104 97.744 106.899 84.514 86.865 68.582 64.214 63.469 48.441 42.376 47.386 54.611 43.690 32.935 33.585 34.055 41.487 33.510 34.000 27.841 26.020 24.393 26.684 23.736 19.630 22.015 16.594 15.566 17.337 16.983 17.485 17.678 16.305 13.743 18.152 17.176 11.710 10.246 9.322 6.701 8.062 5.004 5.293 5.295 4.489 3.506 2.325 2.595 0.000 0.000 0.000 0.000 0.000
-999.250 -999.250 64.589 71.966 76.768 85.755 84.359 76.391 82.443 84.612 94.695 101.612 106.837 124.888 113.185 143.556 143.770 126.090 105.331 96.727 79.197 69.068 60.378 62.789 40.394 53.240 41.021 36.228 33.360 28.140 32.020 26.637 30.959 30.837 29.321 27.509 26.547 26.711 23.965 19.506 18.500 15.728 14.713 12.508 11.541 16.964 13.342 17.250 19.291 15.479 17.908 10.896 9.438 12.444 11.540 8.177 8.311 6.080 3.819 6.093 4.617 2.405 3.026 2.726 0.000 0.000 0.000 0.000 0.000
-999.250 -999.250 65.279 75.986 66.490 78.209 62.687 76.572 93.713 102.086 101.376 105.051 114.600 137.210 141.643 163.055 183.103 159.486 132.089 101.368 -999.250 71.298 62.262 58.749 49.291 45.152 37.481 35.647 30.887 32.678 30.759 24.894 29.728 27.037 26.281 24.842 27.281 28.817 20.851 19.357 18.966 15.635 14.192 13.846 12.468 15.630 15.345 16.397 15.686 14.728 17.111 12.164 14.084 13.362 8.963 8.668 5.800 6.619 4.141 3.222 2.478 2.544 5.052 4.637 0.651 0.377 0.000 0.000 0.000
-999.250 61.648 69.564 79.627 71.836 68.100 77.169 66.254 94.670 102.614 104.857 118.990 96.838 113.995 147.294 169.166 193.273 179.580 135.416 -999.250 -999.250 70.009 55.886 51.814 49.536 47.711 41.335 42.355 33.434 25.643 22.091 20.119 26.156 23.279 24.876 21.353 23.223 31.687 27.608 21.182 22.373 19.190 21.610 13.930 13.210 13.442 16.926 13.462 14.774 14.058 13.328 11.445 8.922 8.581 9.683 7.968 8.321 5.833 3.695 4.218 2.468 3.533 4.269 4.612 0.000 0.000 0.000 0.000 0.000
-999.250 74.940 71.616 76.880 87.141 80.804 67.471 72.599 76.120 96.476 113.826 121.869 115.361 124.922 117.448 133.303 163.490 160.615 -999.250 -999.250 -999.250 -999.250 56.152 43.968 49.030 30.643 53.609 51.283 28.846 23.657 21.645 27.750 31.599 25.578 22.556 32.287 32.730 29.222 31.511 23.903 21.706 22.529 19.245 15.495 13.742 14.187 17.436 13.603 16.055 15.157 11.129 10.787 10.118 9.406 8.777 6.582 5.000 5.126 5.614 3.087 5.706 4.342 3.894 2.587 0.556 0.000 0.000 0.000 0.724
