data/medianmodel_18-Nov-2020.asc
ncols	141
nrows	288
xllcorner	-120191.398
yllcorner	-301404.813
cellsize	2000.000
NODATA_value	-999.250
[rows 203 to 231 of 288, columns 65 to 129 of 141]
459.740 444.260 458.724 463.237 472.772 453.341 460.708 464.635 461.186 462.313 495.896 415.935 465.653 482.136 473.630 496.553 486.702 509.195 478.337 497.150 521.105 505.373 480.238 482.824 461.378 400.635 351.508 304.826 282.748 251.142 -999.250 -999.250 -999.250 -999.250 -999.250 -999.250 -999.250 -999.250 -999.250 -999.250 -999.250 -999.250 -999.250 -999.250 -999.250 -999.250 -999.250 -999.250 -999.250 -999.250 -999.250 -999.250 -999.250 -999.250 -999.250 -999.250 -999.250 -999.250 -999.250 -999.250 -999.250 -999.250 -999.250 -999.250 -999.250
441.488 460.659 455.666 469.250 472.160 477.267 456.276 449.765 445.917 448.629 451.872 446.596 446.073 465.112 454.123 498.665 491.968 507.053 500.075 509.970 544.665 536.524 515.085 488.910 459.298 454.910 391.798 335.131 294.224 244.741 208.943 -999.250 -999.250 -999.250 -999.250 -999.250 -999.250 -999.250 -999.250 -999.250 -999.250 -999.250 -999.250 -999.250 -999.250 -999.250 -999.250 -999.250 -999.250 -999.250 -999.250 -999.250 -999.250 -999.250 -999.250 -999.250 -999.250 -999.250 -999.250 -999.250 -999.250 -999.250 -999.250 -999.250 -999.250
464.946 448.469 454.029 455.611 457.498 441.768 444.620 448.039 441.890 438.141 426.345 411.039 470.140 447.591 458.782 466.580 481.720 497.191 488.664 542.408 550.321 526.019 523.101 466.694 474.144 421.612 387.926 349.758 299.479 257.741 -999.250 -999.250 -999.250 -999.250 -999.250 -999.250 -999.250 -999.250 -999.250 -999.250 -999.250 -999.250 -999.250 -999.250 -999.250 -999.250 -999.250 -999.250 -999.250 -999.250 -999.250 -999.250 -999.250 -999.250 -999.250 -999.250 -999.250 -999.250 -999.250 -999.250 -999.250 -999.250 -999.250 -999.250 -999.250
436.791 463.198 468.447 483.624 449.432 404.331 416.034 431.576 439.648 407.079 396.664 380.306 410.944 414.668 457.260 459.308 463.994 457.385 490.134 495.043 539.191 538.989 535.600 496.695 470.805 440.490 380.270 334.893 297.337 237.233 191.667 -999.250 -999.250 -999.250 -999.250 -999.250 -999.250 -999.250 -999.250 -999.250 -999.250 -999.250 -999.250 -999.250 -999.250 -999.250 -999.250 -999.250 -999.250 -999.250 -999.250 -999.250 -999.250 -999.250 -999.250 -999.250 -999.250 -999.250 -999.250 -999.250 -999.250 -999.250 -999.250 -999.250 -999.250
473.945 454.427 460.402 451.698 423.473 438.047 418.124 396.354 363.412 375.098 369.847 366.061 380.471 392.989 412.141 443.692 431.037 448.438 469.498 496.274 492.110 500.027 490.533 478.346 433.529 437.092 380.835 318.966 269.221 218.934 165.575 129.017 -999.250 -999.250 -999.250 -999.250 -999.250 -999.250 -999.250 -999.250 -999.250 -999.250 -999.250 -999.250 -999.250 -999.250 -999.250 -999.250 -999.250 -999.250 -999.250 -999.250 -999.250 -999.250 -999.250 -999.250 -999.250 -999.250 -999.250 -999.250 -999.250 -999.250 -999.250 -999.250 -999.250
457.419 457.964 449.461 463.614 398.341 379.608 366.918 381.923 349.699 321.565 327.992 327.943 371.801 335.598 353.962 368.188 394.393 420.890 416.625 461.972 476.393 479.983 459.851 465.402 428.884 399.695 335.345 314.290 247.732 193.980 142.724 93.416 -999.250 -999.250 -999.250 -999.250 -999.250 -999.250 -999.250 -999.250 -999.250 -999.250 -999.250 -999.250 -999.250 -999.250 -999.250 -999.250 -999.250 -999.250 -999.250 -999.250 -999.250 -999.250 -999.250 -999.250 -999.250 -999.250 -999.250 -999.250 -999.250 -999.250 -999.250 -999.250 -999.250
471.268 459.325 447.201 407.749 389.979 356.113 356.914 346.387 329.576 316.665 286.665 292.164 297.371 316.337 322.362 329.557 337.345 367.317 416.715 397.723 413.135 478.996 450.821 441.850 398.604 353.783 328.362 303.592 239.700 192.406 135.426 40.816 66.463 -999.250 -999.250 -999.250 -999.250 -999.250 -999.250 -999.250 -999.250 -999.250 -999.250 -999.250 -999.250 -999.250 -999.250 -999.250 -999.250 -999.250 -999.250 -999.250 -999.250 -999.250 -999.250 -999.250 -999.250 -999.250 -999.250 -999.250 -999.250 -999.250 -999.250 -999.250 -999.250
454.624 448.307 398.497 422.144 360.207 354.953 332.882 315.985 291.842 297.106 272.830 246.190 243.958 250.698 261.438 279.609 312.297 337.956 367.327 346.561 383.644 420.255 395.212 381.355 372.109 336.527 321.329 282.747 242.825 189.452 142.415 94.318 76.871 83.379 -999.250 -999.250 -999.250 -999.250 -999.250 -999.250 -999.250 -999.250 -999.250 -999.250 -999.250 -999.250 -999.250 -999.250 -999.250 -999.250 -999.250 -999.250 -999.250 -999.250 -999.250 -999.250 -999.250 -999.250 -999.250 -999.250 -999.250 -999.250 -999.250 -999.250 -999.250
427.600 437.448 384.947 385.530 374.714 367.413 341.432 304.476 266.586 244.353 256.922 227.143 209.997 192.810 214.252 238.673 264.818 289.690 306.220 334.902 357.776 373.391 351.176 349.243 312.193 318.600 297.301 247.910 223.178 187.980 147.257 128.197 106.368 91.536 103.480 -999.250 -999.250 -999.250 -999.250 -999.250 -999.250 -999.250 -999.250 -999.250 -999.250 -999.250 -999.250 -999.250 -999.250 -999.250 -999.250 -999.250 -999.250 -999.250 -999.250 -999.250 -999.250 -999.250 -999.250 -999.250 -999.250 -999.250 -999.250 -999.250 -999.250
376.533 373.490 353.236 355.318 347.490 325.952 325.276 290.710 248.784 223.925 206.175 174.787 149.374 126.686 143.970 175.666 203.495 242.560 265.138 295.410 309.962 326.797 327.872 307.376 324.189 312.833 274.361 249.732 225.142 183.538 165.343 158.074 137.320 119.622 115.371 116.994 -999.250 -999.250 -999.250 -999.250 -999.250 -999.250 -999.250 -999.250 -999.250 -999.250 -999.250 -999.250 -999.250 -999.250 -999.250 -999.250 -999.250 -999.250 -999.250 -999.250 -999.250 -999.250 -999.250 -999.250 -999.250 -999.250 -999.250 -999.250 -999.250
326.142 336.777 330.856 330.746 330.671 297.421 299.836 260.249 224.207 205.990 162.403 146.936 87.950 34.317 101.064 156.225 175.242 222.541 245.752 260.896 271.903 306.131 293.854 319.485 308.137 296.758 256.905 230.713 210.852 176.879 169.921 170.421 151.815 145.267 136.133 128.914 -999.250 -999.250 -999.250 -999.250 -999.250 -999.250 -999.250 -999.250 -999.250 -999.250 -999.250 -999.250 -999.250 -999.250 -999.250 -999.250 -999.250 -999.250 -999.250 -999.250 -999.250 -999.250 -999.250 -999.250 -999.250 -999.250 -999.250 -999.250 -999.250
279.376 290.533 315.911 307.936 297.502 289.429 272.263 258.087 227.767 199.594 149.369 113.001 78.742 69.839 95.719 145.400 178.474 205.599 227.949 248.334 266.503 269.555 285.887 273.191 289.672 257.457 247.818 209.234 196.509 179.737 192.259 172.040 150.630 149.877 145.032 142.697 148.071 -999.250 -999.250 -999.250 -999.250 -999.250 -999.250 -999.250 -999.250 -999.250 -999.250 -999.250 -999.250 -999.250 -999.250 -999.250 -999.250 -999.250 -999.250 -999.250 -999.250 -999.250 -999.250 -999.250 -999.250 -999.250 -999.250 -999.250 -999.250
230.088 228.815 268.151 298.953 299.553 264.756 272.793 245.034 212.689 176.648 150.926 114.444 83.408 85.513 95.365 136.769 160.228 172.808 198.291 229.794 241.553 234.268 244.476 265.739 245.708 230.884 225.070 190.366 184.787 174.763 180.318 164.607 165.987 167.107 159.028 155.661 168.082 180.752 -999.250 -999.250 -999.250 -999.250 -999.250 -999.250 -999.250 -999.250 -999.250 -999.250 -999.250 -999.250 -999.250 -999.250 -999.250 -999.250 -999.250 -999.250 -999.250 -999.250 -999.250 -999.250 -999.250 -999.250 -999.250 -999.250 -999.250
151.395 183.778 230.547 272.699 291.314 281.903 269.985 240.255 203.860 151.524 99.901 91.908 83.088 88.284 100.591 128.389 141.977 166.898 176.408 204.906 192.007 209.380 234.152 237.203 239.960 207.891 221.666 179.071 182.186 171.906 178.045 170.227 171.025 168.861 158.675 171.549 170.310 178.040 -999.250 -999.250 -999.250 -999.250 -999.250 -999.250 -999.250 -999.250 -999.250 -999.250 -999.250 -999.250 -999.250 -999.250 -999.250 -999.250 -999.250 -999.250 -999.250 -999.250 -999.250 -999.250 -999.250 -999.250 -999.250 -999.250 -999.250
40.371 149.441 212.652 268.190 274.644 301.267 290.276 268.379 206.055 154.935 72.595 86.232 98.905 108.582 136.304 136.683 157.376 171.046 173.305 176.452 197.392 208.012 201.230 205.311 203.323 184.623 192.020 171.945 167.000 165.531 171.550 169.900 164.742 169.821 165.213 164.632 173.377 175.368 -999.250 -999.250 -999.250 -999.250 -999.250 -999.250 -999.250 -999.250 -999.250 -999.250 -999.250 -999.250 -999.250 -999.250 -999.250 -999.250 -999.250 -999.250 -999.250 -999.250 -999.250 -999.250 -999.250 -999.250 -999.250 -999.250 -999.250
137.716 165.894 228.876 283.786 313.859 325.453 308.059 284.311 239.862 174.136 139.232 122.337 135.840 115.057 150.099 140.854 156.396 166.886 176.151 162.954 168.744 193.761 170.573 164.952 173.628 168.552 163.898 165.236 166.459 167.098 174.797 172.717 170.807 181.234 176.325 192.377 186.178 190.922 186.475 -999.250 -999.250 -999.250 -999.250 -999.250 -999.250 -999.250 241.299 -999.250 -999.250 -999.250 -999.250 -999.250 -999.250 -999.250 -999.250 -999.250 -999.250 -999.250 -999.250 -999.250 -999.250 -999.250 -999.250 -999.250 -999.250
194.154 220.255 276.435 315.159 332.077 343.315 320.336 300.427 252.815 207.517 186.883 159.327 143.958 144.603 147.281 158.002 159.668 160.628 167.108 164.242 164.077 176.524 183.603 164.181 173.789 162.788 158.239 144.541 163.428 171.512 158.693 177.175 173.258 182.923 194.870 197.821 192.332 211.955 213.734 210.069 -999.250 -999.250 -999.250 252.827 251.657 240.624 248.568 -999.250 -999.250 -999.250 -999.250 -999.250 -999.250 -999.250 -999.250 -999.250 -999.250 -999.250 -999.250 -999.250 -999.250 -999.250 -999.250 -999.250 -999.250
245.031 281.247 301.554 320.967 346.391 369.967 345.914 303.215 286.271 251.377 220.195 189.541 166.617 168.463 163.075 170.925 159.017 174.447 167.291 166.748 169.519 159.940 164.782 167.142 155.204 149.954 131.214 130.636 136.627 148.537 172.938 181.201 195.024 184.138 200.348 209.496 224.504 220.554 240.131 239.603 -999.250 263.328 233.114 243.107 267.586 257.192 -999.250 -999.250 -999.250 -999.250 -999.250 -999.250 -999.250 -999.250 -999.250 -999.250 -999.250 -999.250 -999.250 -999.250 -999.250 -999.250 -999.250 -999.250 -999.250
301.464 318.041 322.429 330.907 348.178 374.360 361.063 320.748 294.081 269.312 241.191 220.607 203.405 183.868 180.900 171.250 178.537 166.872 173.761 164.476 171.349 168.887 161.563 158.478 156.551 140.592 118.980 97.491 135.936 147.454 165.522 169.824 192.901 210.787 221.673 231.589 242.498 251.498 260.017 251.631 258.367 251.857 244.798 254.702 260.341 272.378 -999.250 -999.250 -999.250 -999.250 -999.250 -999.250 -999.250 -999.250 -999.250 -999.250 -999.250 -999.250 -999.250 -999.250 -999.250 -999.250 -999.250 -999.250 -999.250
333.465 341.342 335.132 360.977 385.194 385.917 352.243 331.919 303.627 293.874 264.853 262.836 236.483 204.572 192.547 201.493 205.401 191.573 200.449 185.063 183.890 196.956 181.212 180.033 159.124 149.286 106.322 58.318 107.811 148.000 155.853 172.802 192.158 221.042 240.036 219.247 243.771 258.999 272.284 267.670 265.531 267.204 275.643 266.610 275.772 269.541 -999.250 -999.250 -999.250 -999.250 -999.250 -999.250 -999.250 -999.250 -999.250 -999.250 -999.250 -999.250 -999.250 -999.250 -999.250 -999.250 -999.250 -999.250 -999.250
334.828 360.119 344.510 375.379 398.562 394.809 366.122 350.620 323.391 300.350 308.772 293.109 243.026 239.241 212.875 225.357 223.583 211.337 183.712 216.284 199.058 194.902 205.489 192.866 167.426 144.739 144.014 114.409 136.262 170.426 173.509 190.661 205.934 213.879 237.489 217.360 255.221 280.894 291.262 294.406 278.594 295.620 305.661 289.202 264.790 276.820 -999.250 -999.250 -999.250 -999.250 -999.250 -999.250 -999.250 -999.250 -999.250 -999.250 -999.250 -999.250 -999.250 -999.250 -999.250 -999.250 -999.250 -999.250 -999.250
374.115 385.357 360.876 402.610 424.421 384.123 377.404 360.901 357.555 347.507 314.560 311.030 293.667 249.779 237.994 244.013 244.523 234.888 232.074 222.409 215.443 206.066 214.675 206.498 196.760 180.698 179.933 168.866 169.530 185.769 199.822 198.529 210.327 228.453 257.442 229.275 244.609 295.756 289.047 275.451 280.358 306.242 297.639 278.051 274.978 -999.250 -999.250 -999.250 -999.250 -999.250 -999.250 -999.250 -999.250 -999.250 -999.250 -999.250 -999.250 -999.250 -999.250 -999.250 -999.250 -999.250 -999.250 -999.250 -999.250
410.786 393.529 399.984 376.568 381.032 388.160 374.229 369.305 331.786 333.303 315.815 308.530 310.520 267.402 267.524 283.043 271.745 274.486 238.844 233.170 246.229 223.511 218.046 230.904 220.667 215.933 203.700 207.639 205.923 206.449 211.353 227.497 214.347 231.902 256.201 256.918 274.042 275.490 303.956 293.487 283.452 300.726 302.169 285.588 284.829 -999.250 -999.250 -999.250 -999.250 -999.250 -999.250 -999.250 -999.250 -999.250 -999.250 -999.250 -999.250 -999.250 -999.250 -999.250 -999.250 -999.250 -999.250 -999.250 -999.250
384.087 396.542 368.185 373.029 357.308 376.398 356.043 340.654 335.475 334.472 334.962 330.395 322.125 303.246 296.254 299.312 282.242 277.739 274.796 265.784 274.991 258.854 251.602 241.064 260.915 229.545 233.223 231.434 232.511 221.117 220.052 229.413 255.218 270.641 268.082 255.581 281.604 299.373 286.739 288.170 261.658 296.488 291.421 296.436 298.926 -999.250 -999.250 -999.250 -999.250 -999.250 -999.250 -999.250 -999.250 -999.250 -999.250 -999.250 -999.250 -999.250 -999.250 -999.250 -999.250 -999.250 -999.250 -999.250 -999.250
410.629 379.370 395.719 376.515 359.867 366.280 348.639 344.398 350.149 340.780 328.777 319.122 311.003 301.915 310.374 315.104 324.062 299.959 303.723 267.013 283.978 280.877 270.293 241.718 256.217 266.162 266.363 270.071 257.707 248.375 234.056 245.298 299.329 273.982 267.361 273.930 288.615 283.884 289.660 289.401 283.821 279.015 268.860 292.958 -999.250 -999.250 -999.250 -999.250 -999.250 -999.250 -999.250 -999.250 -999.250 -999.250 -999.250 -999.250 -999.250 -999.250 -999.250 -999.250 -999.250 -999.250 -999.250 -999.250 -999.250
394.755 392.370 367.856 362.838 347.380 350.933 356.363 343.222 336.051 331.564 327.679 315.652 330.800 325.553 335.279 309.550 325.177 309.366 312.065 294.828 282.223 283.462 297.023 307.454 289.064 272.657 271.262 279.399 257.620 257.245 274.994 274.037 297.175 294.430 278.621 298.496 276.168 280.103 287.797 -999.250 -999.250 287.690 274.034 298.874 -999.250 -999.250 -999.250 -999.250 -999.250 -999.250 -999.250 -999.250 -999.250 -999.250 -999.250 -999.250 -999.250 -999.250 -999.250 -999.250 -999.250 -999.250 -999.250 -999.250 -999.250
391.253 372.316 362.907 354.171 329.551 306.739 340.753 337.916 333.099 337.670 318.112 325.265 319.651 316.260 328.325 341.916 315.042 318.200 302.920 306.124 304.314 314.344 308.610 295.155 295.770 292.487 301.643 270.618 293.104 290.515 289.150 290.536 300.987 292.847 304.518 273.846 282.377 305.158 302.484 -999.250 -999.250 -999.250 -999.250 -999.250 -999.250 -999.250 -999.250 -999.250 -999.250 -999.250 -999.250 -999.250 -999.250 -999.250 -999.250 -999.250 -999.250 -999.250 -999.250 -999.250 -999.250 -999.250 -999.250 -999.250 -999.250
393.489 399.979 359.175 371.137 344.143 336.074 352.853 339.700 337.071 330.433 329.029 334.151 334.826 350.375 354.608 331.534 326.434 337.960 312.770 315.452 318.217 303.922 319.368 300.128 305.972 311.927 302.579 282.496 278.540 304.571 313.339 308.959 291.547 275.681 288.779 -999.250 -999.250 270.591 -999.250 -999.250 -999.250 -999.250 -999.250 -999.250 -999.250 -999.250 -999.250 -999.250 -999.250 -999.250 -999.250 -999.250 -999.250 -999.250 -999.250 -999.250 -999.250 -999.250 -999.250 -999.250 -999.250 -999.250 -999.250 -999.250 -999.250
381.306 386.036 405.211 380.051 351.907 350.863 356.669 359.541 360.212 335.893 328.714 347.289 349.733 352.584 373.514 346.886 344.372 360.389 338.707 324.271 324.244 315.443 318.952 321.258 321.288 300.703 309.026 310.259 294.172 293.308 297.971 305.091 304.002 -999.250 -999.250 -999.250 -999.250 -999.250 -999.250 -999.250 -999.250 -999.250 -999.250 -999.250 -999.250 -999.250 -999.250 -999.250 -999.250 -999.250 -999.250 -999.250 -999.250 -999.250 -999.250 -999.250 -999.250 -999.250 -999.250 -999.250 -999.250 -999.250 -999.250 -999.250 -999.250
