data/medianmodel_16-Jul-2020.asc
ncols	141
nrows	288
xllcorner	-120191.398
yllcorner	-301404.813
cellsize	2000.000
NODATA_value	-999.250
[rows 93 to 123 of 288, columns 70 to 139 of 141]
0.000 0.000 0.000 0.000 0.000 0.000 0.000 0.000 0.000 0.000 0.000 0.000 0.000 0.000 0.000 0.000 0.000 1.558 4.235 8.748 11.154 17.682 20.964 20.655 30.743 43.324 43.042 34.584 46.143 45.007 50.758 37.428 31.557 23.281 16.730 14.294 11.786 10.162 9.403 8.511 8.346 7.716 6.302 7.920 -999.250 -999.250 -999.250 -999.250 -999.250 -999.250 -999.250 -999.250 -999.250 -999.250 -999.250 -999.250 -999.250 -999.250 -999.250 -999.250 -999.250 -999.250 -999.250 -999.250 -999.250 -999.250 -999.250 -999.250 -999.250 -999.250
0.000 0.000 0.000 0.000 0.000 0.000 0.000 0.000 0.000 0.000 0.000 0.000 0.000 0.000 0.000 0.000 0.000 0.658 2.893 6.344 10.392 13.982 17.440 21.847 24.089 30.425 31.280 28.657 36.773 43.555 30.935 22.545 23.864 17.758 12.815 12.644 9.657 8.061 8.482 7.997 7.650 7.095 7.230 7.195 -999.250 -999.250 -999.250 -999.250 -999.250 -999.250 -999.250 -999.250 -999.250 -999.250 -999.250 -999.250 -999.250 -999.250 -999.250 -999.250 -999.250 -999.250 -999.250 -999.250 -999.250 -999.250 -999.250 -999.250 -999.250 -999.250
0.000 0.000 0.000 0.000 0.000 0.000 0.000 0.000 0.000 0.398 0.000 0.000 0.000 0.000 0.000 0.000 0.000 0.000 1.774 5.488 7.725 10.444 13.057 17.005 21.050 23.064 23.439 22.069 22.678 25.631 21.190 20.544 15.697 13.864 11.894 9.877 7.445 6.714 8.184 6.352 7.840 7.399 7.265 9.973 -999.250 -999.250 -999.250 -999.250 -999.250 -999.250 -999.250 -999.250 -999.250 -999.250 -999.250 -999.250 -999.250 -999.250 -999.250 -999.250 -999.250 -999.250 -999.250 -999.250 -999.250 -999.250 -999.250 -999.250 -999.250 -999.250
0.000 0.000 0.000 0.000 0.000 0.000 0.000 0.190 1.402 4.498 1.120 0.000 0.000 0.000 0.000 0.000 0.000 0.000 0.053 2.435 5.628 7.399 11.532 12.769 16.865 18.383 20.097 18.059 18.366 15.739 17.883 12.067 12.974 12.697 10.597 8.397 7.630 7.543 7.868 7.616 6.628 7.358 7.445 8.974 8.520 -999.250 -999.250 -999.250 -999.250 -999.250 -999.250 -999.250 -999.250 -999.250 -999.250 -999.250 -999.250 -999.250 -999.250 -999.250 -999.250 -999.250 -999.250 -999.250 -999.250 -999.250 -999.250 -999.250 -999.250 -999.250
0.000 0.000 0.000 0.000 0.000 0.000 0.000 0.000 0.344 1.392 0.000 0.000 0.000 0.000 0.000 0.000 0.000 0.000 0.000 1.897 3.639 7.578 10.400 11.627 12.881 11.854 12.818 16.915 18.155 14.960 13.156 11.246 10.415 9.935 8.522 8.956 8.927 7.025 8.230 8.473 7.189 8.429 10.204 10.618 9.630 12.101 -999.250 -999.250 -999.250 -999.250 -999.250 -999.250 -999.250 -999.250 -999.250 -999.250 -999.250 -999.250 -999.250 -999.250 -999.250 -999.250 -999.250 -999.250 -999.250 -999.250 -999.250 -999.250 -999.250 -999.250
0.000 0.000 0.000 0.000 0.000 0.000 0.000 0.000 0.000 0.000 0.000 0.000 0.000 0.000 0.000 0.000 0.000 0.000 0.000 0.174 4.933 4.674 9.585 15.630 12.417 12.449 10.545 17.122 11.859 12.590 10.397 7.893 8.703 8.456 9.736 7.633 7.599 6.492 8.848 8.776 8.889 7.320 9.092 12.746 10.249 10.624 12.303 -999.250 -999.250 -999.250 -999.250 -999.250 -999.250 -999.250 -999.250 -999.250 -999.250 -999.250 -999.250 -999.250 -999.250 -999.250 -999.250 -999.250 -999.250 -999.250 -999.250 -999.250 -999.250 -999.250
0.000 0.000 0.000 0.000 0.000 0.000 0.000 0.000 0.000 0.000 0.000 0.000 0.000 0.000 0.000 0.000 0.000 0.000 0.000 0.000 1.454 3.691 7.402 8.912 8.694 8.732 8.585 9.089 10.247 9.439 7.461 6.840 7.916 7.933 9.447 7.581 7.279 6.286 6.630 6.913 7.607 9.216 8.609 9.686 13.332 10.088 -999.250 -999.250 -999.250 -999.250 -999.250 -999.250 -999.250 -999.250 -999.250 -999.250 -999.250 -999.250 -999.250 -999.250 -999.250 -999.250 -999.250 -999.250 -999.250 -999.250 -999.250 -999.250 -999.250 -999.250
0.000 0.000 0.000 0.000 0.000 0.000 0.000 0.000 0.000 0.000 0.000 0.000 0.000 0.000 0.000 0.000 0.000 0.000 0.000 0.000 0.902 1.543 4.765 6.739 7.266 7.592 6.492 7.933 6.315 5.231 4.360 5.444 5.999 4.848 6.529 5.973 6.398 5.596 3.542 3.008 7.455 8.148 9.854 8.189 9.990 11.368 10.863 -999.250 -999.250 -999.250 -999.250 -999.250 -999.250 -999.250 -999.250 -999.250 -999.250 -999.250 -999.250 -999.250 -999.250 -999.250 -999.250 -999.250 -999.250 -999.250 -999.250 -999.250 -999.250 -999.250
0.000 0.000 0.000 0.000 0.000 0.000 0.000 0.000 0.000 0.000 0.000 0.000 0.000 0.000 0.000 0.000 0.000 0.000 0.000 0.000 0.035 1.116 3.676 4.561 4.532 5.166 4.575 5.737 4.447 4.588 4.416 4.228 2.809 2.217 2.816 2.784 2.645 4.620 2.903 5.338 7.778 8.492 10.995 11.207 10.913 -999.250 -999.250 -999.250 -999.250 -999.250 -999.250 -999.250 -999.250 -999.250 -999.250 -999.250 -999.250 -999.250 -999.250 -999.250 -999.250 -999.250 -999.250 -999.250 -999.250 -999.250 -999.250 -999.250 -999.250 -999.250
0.000 0.000 0.000 0.000 0.000 0.000 0.000 0.000 0.000 0.000 0.000 0.000 0.000 0.000 0.000 0.000 0.000 0.000 0.000 0.000 0.000 1.747 3.641 2.919 2.188 4.836 4.838 1.261 0.608 1.192 0.870 0.691 1.081 2.321 0.979 0.481 1.018 2.725 4.142 3.722 5.997 8.593 12.710 11.645 -999.250 -999.250 -999.250 -999.250 -999.250 -999.250 -999.250 -999.250 -999.250 -999.250 -999.250 -999.250 -999.250 -999.250 -999.250 -999.250 -999.250 -999.250 -999.250 -999.250 -999.250 -999.250 -999.250 -999.250 -999.250 -999.250
0.000 0.000 0.000 0.000 0.000 0.000 0.000 0.000 0.000 0.000 0.000 0.000 0.000 0.000 0.000 0.000 1.303 4.275 0.927 0.232 0.000 1.089 0.244 2.751 2.446 2.917 2.427 0.000 0.000 0.000 0.000 0.000 0.000 0.000 0.000 0.000 0.981 0.736 5.561 5.864 7.666 8.160 10.561 11.798 -999.250 -999.250 -999.250 -999.250 -999.250 -999.250 -999.250 -999.250 -999.250 -999.250 -999.250 -999.250 -999.250 -999.250 -999.250 -999.250 -999.250 -999.250 -999.250 -999.250 -999.250 -999.250 -999.250 -999.250 -999.250 -999.250
0.000 0.000 0.000 0.000 0.000 0.000 0.000 0.000 0.000 0.000 0.000 0.000 0.000 0.000 0.000 0.000 1.519 3.080 1.610 0.601 0.000 0.000 0.522 2.790 1.811 1.814 0.000 0.000 0.000 0.000 0.000 0.000 0.000 0.000 0.000 0.292 1.341 3.905 6.221 6.502 8.487 8.930 11.723 -999.250 -999.250 -999.250 -999.250 -999.250 -999.250 -999.250 -999.250 -999.250 -999.250 -999.250 -999.250 -999.250 -999.250 -999.250 -999.250 -999.250 -999.250 -999.250 -999.250 -999.250 -999.250 -999.250 -999.250 -999.250 -999.250 -999.250
0.000 0.000 0.000 0.000 0.000 0.000 0.000 0.000 0.000 0.000 0.000 0.000 0.000 0.000 0.000 0.000 0.000 0.578 1.569 1.941 1.068 1.164 0.000 0.091 0.231 0.000 0.735 0.000 0.000 0.000 0.000 0.000 0.000 0.000 0.000 0.042 1.471 5.063 5.742 -999.250 -999.250 -999.250 -999.250 -999.250 -999.250 -999.250 -999.250 -999.250 -999.250 -999.250 -999.250 -999.250 -999.250 -999.250 -999.250 -999.250 -999.250 -999.250 -999.250 -999.250 -999.250 -999.250 -999.250 -999.250 -999.250 -999.250 -999.250 -999.250 -999.250 -999.250
0.000 0.000 0.000 0.000 0.000 0.000 0.000 0.000 0.000 0.000 0.000 0.000 0.121 0.000 0.000 0.051 0.494 1.129 2.659 2.787 2.638 1.769 3.987 0.084 0.391 1.220 0.935 0.958 0.376 0.000 0.000 0.000 0.000 0.000 0.000 0.000 1.271 -999.250 -999.250 -999.250 -999.250 -999.250 -999.250 -999.250 -999.250 -999.250 -999.250 -999.250 -999.250 -999.250 -999.250 -999.250 -999.250 -999.250 -999.250 -999.250 -999.250 -999.250 -999.250 -999.250 -999.250 -999.250 -999.250 -999.250 -999.250 -999.250 -999.250 -999.250 -999.250 -999.250
0.000 0.000 0.000 0.000 0.000 0.000 0.000 0.000 0.000 0.000 0.000 0.000 0.000 0.000 1.735 0.663 1.556 3.033 4.008 3.734 3.787 3.456 2.728 0.962 0.550 1.115 2.539 1.873 0.000 0.000 0.000 0.000 0.000 0.000 0.000 0.000 0.666 -999.250 -999.250 -999.250 -999.250 -999.250 -999.250 -999.250 -999.250 -999.250 -999.250 -999.250 -999.250 -999.250 -999.250 -999.250 -999.250 -999.250 -999.250 -999.250 -999.250 -999.250 -999.250 -999.250 -999.250 -999.250 -999.250 -999.250 -999.250 -999.250 -999.250 -999.250 -999.250 -999.250
0.000 0.000 0.000 0.000 0.000 0.000 0.000 0.000 0.000 0.000 0.000 0.000 0.000 1.580 2.689 3.865 5.017 4.051 4.968 4.415 5.624 4.440 3.421 1.968 1.401 1.172 0.851 0.928 0.000 0.000 0.000 0.000 0.000 0.000 0.000 0.000 2.943 -999.250 -999.250 -999.250 -999.250 -999.250 -999.250 -999.250 -999.250 -999.250 -999.250 -999.250 -999.250 -999.250 -999.250 -999.250 -999.250 -999.250 -999.250 -999.250 -999.250 -999.250 -999.250 -999.250 -999.250 -999.250 -999.250 -999.250 -999.250 -999.250 -999.250 -999.250 -999.250 -999.250
0.000 0.000 0.000 0.000 0.000 0.000 0.000 0.000 0.000 0.000 0.000 0.000 1.584 0.532 3.260 3.354 5.507 8.423 6.453 7.178 6.674 5.332 5.882 4.221 2.707 3.301 3.784 3.489 2.671 0.000 0.000 0.000 0.000 0.000 0.000 0.000 0.713 -999.250 -999.250 -999.250 -999.250 -999.250 -999.250 -999.250 -999.250 -999.250 -999.250 -999.250 -999.250 -999.250 -999.250 -999.250 -999.250 -999.250 -999.250 -999.250 -999.250 -999.250 -999.250 -999.250 -999.250 -999.250 -999.250 -999.250 -999.250 -999.250 -999.250 -999.250 -999.250 -999.250
0.000 0.000 0.000 0.000 0.000 0.000 0.000 0.000 0.000 0.000 1.103 0.577 0.306 2.283 2.871 4.119 8.336 11.323 7.933 6.969 7.082 6.875 6.199 4.200 3.141 3.288 4.446 2.447 1.240 0.000 0.636 2.200 0.000 0.000 0.000 1.227 3.042 -999.250 -999.250 -999.250 -999.250 -999.250 -999.250 -999.250 -999.250 -999.250 -999.250 -999.250 -999.250 -999.250 -999.250 -999.250 -999.250 -999.250 -999.250 -999.250 -999.250 -999.250 -999.250 -999.250 -999.250 -999.250 -999.250 -999.250 -999.250 -999.250 -999.250 -999.250 -999.250 -999.250
0.000 0.000 0.000 0.000 0.000 0.000 0.000 0.000 0.000 0.062 0.327 0.000 1.767 1.412 2.951 4.476 8.935 9.539 9.526 8.230 5.950 6.808 7.228 7.049 4.181 3.911 3.081 3.646 1.914 1.195 1.702 3.241 1.726 3.198 4.234 3.636 6.133 -999.250 -999.250 -999.250 -999.250 -999.250 -999.250 -999.250 -999.250 -999.250 -999.250 -999.250 -999.250 -999.250 -999.250 -999.250 -999.250 -999.250 -999.250 -999.250 -999.250 -999.250 -999.250 -999.250 -999.250 -999.250 -999.250 -999.250 -999.250 -999.250 -999.250 -999.250 -999.250 -999.250
0.000 0.000 0.000 0.000 0.000 0.000 0.000 0.000 0.000 0.000 0.000 1.687 3.552 3.345 3.462 5.072 5.645 7.414 9.084 7.491 8.222 7.479 7.328 6.072 7.205 4.131 6.796 3.919 4.498 5.501 4.802 2.955 6.302 7.651 5.262 5.288 7.781 4.638 5.804 -999.250 -999.250 -999.250 -999.250 -999.250 -999.250 -999.250 -999.250 -999.250 -999.250 -999.250 -999.250 -999.250 -999.250 -999.250 -999.250 -999.250 -999.250 -999.250 -999.250 -999.250 -999.250 -999.250 -999.250 -999.250 -999.250 -999.250 -999.250 -999.250 -999.250 -999.250
0.000 0.000 0.000 0.000 0.000 0.000 0.000 0.000 0.000 0.000 0.000 0.000 1.335 2.168 3.196 4.188 7.167 7.252 7.306 6.209 6.887 7.408 8.031 6.880 7.095 7.667 10.283 6.736 7.046 7.162 7.053 8.105 9.639 8.008 8.441 9.204 6.071 7.714 8.081 8.624 7.582 -999.250 -999.250 -999.250 -999.250 -999.250 -999.250 -999.250 -999.250 -999.250 -999.250 -999.250 -999.250 -999.250 -999.250 -999.250 -999.250 -999.250 -999.250 -999.250 -999.250 -999.250 -999.250 -999.250 -999.250 -999.250 -999.250 -999.250 -999.250 -999.250
0.000 0.000 0.000 0.000 0.000 0.000 0.000 0.000 0.000 0.000 0.000 0.766 0.237 1.748 3.235 5.088 5.389 6.782 5.835 7.191 6.346 8.509 8.969 8.165 8.602 8.496 10.410 8.682 10.481 9.542 11.493 10.065 10.697 11.191 11.661 10.173 9.867 8.539 7.680 9.169 8.069 -999.250 -999.250 -999.250 -999.250 -999.250 -999.250 -999.250 -999.250 -999.250 -999.250 -999.250 -999.250 -999.250 -999.250 -999.250 -999.250 -999.250 -999.250 -999.250 -999.250 -999.250 -999.250 -999.250 -999.250 -999.250 -999.250 -999.250 -999.250 -999.250
0.000 0.000 0.000 0.000 0.000 0.000 0.000 0.000 0.000 0.000 0.000 0.043 0.384 2.037 1.372 3.179 4.736 7.285 7.011 7.108 8.045 9.187 9.594 10.647 11.469 10.449 10.247 11.117 12.280 12.207 13.270 13.154 13.689 13.463 12.742 12.213 10.387 12.333 10.686 7.930 5.890 9.187 -999.250 -999.250 -999.250 -999.250 -999.250 -999.250 -999.250 -999.250 -999.250 -999.250 -999.250 -999.250 -999.250 -999.250 -999.250 -999.250 -999.250 -999.250 -999.250 -999.250 -999.250 -999.250 -999.250 -999.250 -999.250 -999.250 -999.250 -999.250
0.000 0.000 0.000 0.000 0.000 0.000 0.000 0.000 2.013 0.100 0.452 0.000 0.485 2.043 1.156 3.592 4.440 5.326 5.669 5.890 7.726 10.519 9.220 10.759 11.035 13.882 18.652 13.773 20.156 19.772 18.623 18.321 15.091 18.348 14.475 11.139 10.829 14.413 11.091 7.927 6.792 10.398 10.373 -999.250 -999.250 -999.250 -999.250 -999.250 -999.250 -999.250 -999.250 -999.250 -999.250 -999.250 -999.250 -999.250 -999.250 -999.250 -999.250 -999.250 -999.250 -999.250 -999.250 -999.250 -999.250 -999.250 -999.250 -999.250 -999.250 -999.250
0.919 0.560 0.231 0.690 0.000 0.000 0.000 0.141 0.598 2.356 0.126 0.000 0.000 0.354 0.045 3.483 4.163 3.878 5.516 5.742 9.850 11.030 13.381 13.105 12.951 16.805 16.659 15.617 18.894 25.485 23.938 25.298 21.925 19.929 20.652 19.990 19.152 17.327 13.594 12.010 11.037 11.822 13.205 -999.250 -999.250 -999.250 -999.250 -999.250 -999.250 -999.250 -999.250 -999.250 -999.250 -999.250 -999.250 -999.250 -999.250 -999.250 -999.250 -999.250 -999.250 -999.250 -999.250 -999.250 -999.250 -999.250 -999.250 -999.250 -999.250 -999.250
3.283 3.577 2.804 3.058 1.696 1.821 0.000 0.773 0.894 1.306 2.028 0.000 0.348 0.000 0.000 0.937 3.096 5.452 5.283 6.904 8.184 10.360 14.072 16.683 22.488 19.493 17.723 23.422 27.995 22.988 30.025 28.766 28.478 27.534 26.124 21.585 21.797 16.778 21.971 15.389 12.762 12.436 14.221 13.012 -999.250 -999.250 -999.250 -999.250 -999.250 -999.250 -999.250 -999.250 -999.250 -999.250 -999.250 -999.250 -999.250 -999.250 -999.250 -999.250 -999.250 -999.250 -999.250 -999.250 -999.250 -999.250 -999.250 -999.250 -999.250 -999.250
6.240 5.370 6.644 6.155 3.775 3.198 2.685 2.384 0.048 0.866 0.381 0.615 0.000 0.000 0.451 1.824 3.543 3.190 4.655 7.406 7.574 10.888 13.327 19.293 18.711 21.310 25.761 32.937 34.798 25.926 32.184 28.396 37.644 39.047 27.698 35.057 24.424 22.624 23.453 20.975 16.281 15.092 14.874 -999.250 -999.250 -999.250 -999.250 -999.250 -999.250 -999.250 -999.250 -999.250 -999.250 -999.250 -999.250 -999.250 -999.250 -999.250 -999.250 -999.250 -999.250 -999.250 -999.250 -999.250 -999.250 -999.250 -999.250 -999.250 -999.250 -999.250
8.792 7.567 8.077 6.473 5.089 4.447 3.135 0.819 1.935 1.661 0.000 0.000 0.000 0.000 0.000 0.347 1.591 1.273 1.107 5.583 9.194 11.774 14.304 16.254 22.018 28.022 31.490 48.061 43.094 36.302 31.046 44.744 53.573 49.107 49.849 28.782 25.585 26.509 19.604 18.179 15.675 13.008 14.809 -999.250 -999.250 -999.250 -999.250 -999.250 -999.250 -999.250 -999.250 -999.250 -999.250 -999.250 -999.250 -999.250 -999.250 -999.250 -999.250 -999.250 -999.250 -999.250 -999.250 -999.250 -999.250 -999.250 -999.250 -999.250 -999.250 -999.250
12.231 9.793 8.817 7.705 5.968 4.961 5.014 3.408 2.373 2.673 0.745 0.000 0.000 0.000 0.019 0.494 1.412 0.452 3.455 5.077 8.455 9.716 14.098 18.608 22.392 31.517 28.880 54.011 47.566 36.469 52.375 45.897 53.219 51.083 43.587 30.359 29.572 24.991 24.563 24.585 18.261 13.107 12.102 -999.250 -999.250 -999.250 -999.250 -999.250 -999.250 -999.250 -999.250 -999.250 -999.250 -999.250 -999.250 -999.250 -999.250 -999.250 -999.250 -999.250 -999.250 -999.250 -999.250 -999.250 -999.250 -999.250 -999.250 -999.250 -999.250 -999.250
19.988 12.111 9.390 8.756 6.345 5.613 6.520 4.817 3.680 2.235 0.495 0.000 0.000 0.214 0.000 0.000 0.000 1.839 3.607 3.400 7.501 10.262 12.802 18.767 23.129 26.217 34.183 42.372 64.457 61.470 66.237 71.260 60.606 62.405 43.631 30.537 25.717 29.037 21.884 21.264 17.142 14.117 12.434 -999.250 -999.250 -999.250 -999.250 -999.250 -999.250 -999.250 -999.250 -999.250 -999.250 -999.250 -999.250 -999.250 -999.250 -999.250 -999.250 -999.250 -999.250 -999.250 -999.250 -999.250 -999.250 -999.250 -999.250 -999.250 -999.250 -999.250
14.805 13.577 11.492 8.437 7.660 7.813 7.868 4.767 3.583 1.109 0.715 0.000 0.131 0.000 0.000 0.000 0.642 0.296 1.609 4.479 7.665 9.801 12.868 17.906 17.534 25.945 39.510 55.949 65.258 66.947 74.599 68.888 59.756 56.332 48.191 35.984 29.310 25.815 25.519 17.434 12.996 12.237 -999.250 -999.250 -999.250 -999.250 -999.250 -999.250 -999.250 -999.250 -999.250 -999.250 -999.250 -999.250 -999.250 -999.250 -999.250 -999.250 -999.250 -999.250 -999.250 -999.250 -999.250 -999.250 -999.250 -999.250 -999.250 -999.250 -999.250 -999.250
