data/medianmodel_13-May-2020.asc
ncols	141
nrows	288
xllcorner	-120191.398
yllcorner	-301404.813
cellsize	2000.000
NODATA_value	-999.250
[rows 31 to 61 of 288, columns 69 to 137 of 141]
8.389 5.348 5.219 1.695 2.233 1.504 0.245 0.004 0.000 0.000 0.000 0.000 0.339 2.434 1.839 3.471 4.236 6.236 8.745 11.479 10.043 10.085 6.740 7.578 4.138 1.772 0.000 0.071 0.565 0.816 0.240 1.098 0.635 1.923 4.910 1.260 2.010 3.148 0.971 3.572 3.123 4.494 3.306 5.721 4.750 10.019 10.255 10.785 11.166 13.381 14.463 17.205 14.754 15.559 18.846 19.277 20.949 21.095 23.207 22.878 21.964 20.169 17.890 16.186 15.714 11.265 12.612 11.774 7.161
4.376 3.587 2.540 2.611 0.348 0.000 0.000 0.000 0.000 0.000 0.000 0.000 0.000 1.834 3.525 5.669 6.676 10.678 9.084 15.125 12.792 13.711 13.049 10.214 5.993 4.763 2.205 1.330 2.152 0.344 0.134 0.847 0.000 2.675 2.131 1.343 0.916 1.141 1.608 1.220 0.437 3.581 4.080 5.365 5.558 6.444 9.116 11.740 10.177 12.566 13.214 14.163 14.565 14.920 16.761 16.744 16.082 21.976 19.036 18.546 20.138 18.692 19.056 19.699 14.949 13.625 10.348 10.304 11.451
4.928 4.241 0.673 0.098 0.000 0.000 0.000 0.000 0.000 0.000 0.000 0.000 0.000 0.000 5.031 7.503 10.798 12.251 14.898 14.897 23.428 17.488 22.737 14.001 10.145 10.546 6.545 5.062 2.166 1.836 0.393 2.006 1.429 1.923 1.907 1.286 0.816 0.304 0.893 0.000 0.000 2.944 3.808 6.329 6.011 8.646 10.885 11.301 11.016 12.402 9.695 13.431 12.701 15.509 16.274 16.142 14.698 15.194 16.746 16.215 17.973 19.547 21.954 17.907 13.723 15.325 12.154 10.286 9.459
3.175 0.351 0.476 0.000 0.000 0.000 0.000 0.000 0.000 0.000 0.000 0.000 0.000 1.885 6.860 12.558 13.448 18.284 21.759 24.922 29.918 25.846 26.017 25.072 17.852 13.447 8.975 7.036 5.115 2.814 2.660 1.962 3.488 1.990 3.832 1.620 0.245 0.010 0.000 0.000 0.000 1.511 3.596 8.439 7.145 7.590 7.229 8.793 10.578 10.765 11.648 13.657 12.783 12.629 14.365 13.148 14.423 12.948 16.044 14.654 17.548 16.134 17.275 18.407 14.609 13.270 11.415 9.984 9.910
2.028 2.056 1.326 0.000 0.000 0.000 0.000 0.000 0.000 0.000 0.000 0.000 0.000 2.187 9.922 14.746 19.737 30.362 22.988 33.934 35.287 34.591 28.403 22.457 21.625 13.335 14.038 10.286 7.505 6.123 3.414 1.955 4.288 2.318 1.916 1.012 1.865 0.901 0.310 2.158 0.000 0.861 5.558 5.243 7.473 8.880 9.653 13.620 10.778 11.528 11.375 13.168 15.880 13.518 12.151 16.903 12.962 16.247 14.105 15.560 16.962 15.308 16.719 14.133 15.947 14.641 11.038 10.499 -999.250
0.097 0.325 0.000 0.000 0.000 0.000 0.000 0.000 0.000 0.000 0.000 0.243 4.322 9.198 12.834 21.192 31.002 30.895 32.646 46.516 42.402 35.911 32.818 27.112 26.456 24.517 15.241 9.726 10.809 6.301 4.597 2.944 3.130 3.136 4.896 1.879 1.586 2.082 0.358 0.052 2.788 4.589 3.398 5.607 6.189 7.362 5.735 12.383 10.149 9.806 8.109 14.509 12.316 12.806 15.723 13.225 13.359 12.259 15.796 14.823 14.875 16.822 16.202 14.533 15.443 12.141 12.785 10.149 -999.250
0.000 0.161 0.144 0.000 0.351 0.000 0.000 0.000 0.000 0.000 0.407 6.082 9.091 10.582 19.333 24.227 33.260 38.362 40.792 49.753 45.334 41.506 33.285 29.722 27.643 23.449 18.309 14.480 12.601 7.307 5.541 5.118 2.984 4.874 3.565 2.261 1.984 1.109 1.495 3.897 1.885 1.971 4.354 6.886 7.033 7.973 8.268 9.922 9.218 7.169 10.330 10.303 14.101 10.065 12.463 14.710 11.481 10.472 12.804 13.543 14.338 16.977 13.208 12.752 13.056 13.235 12.890 -999.250 -999.250
0.000 0.000 0.000 0.000 0.000 1.253 0.851 0.425 0.000 0.000 3.352 8.341 11.979 16.163 23.586 30.839 36.996 45.634 47.483 49.063 51.739 41.915 37.845 31.038 26.849 25.501 22.166 15.284 12.822 10.125 11.339 7.426 5.984 4.540 7.639 5.876 2.517 3.751 0.954 3.562 2.631 3.334 4.348 8.108 4.211 6.986 6.446 9.654 6.598 9.621 8.919 11.518 10.890 13.711 12.917 11.962 11.313 8.806 7.817 13.456 13.381 14.891 14.736 13.142 9.573 12.089 10.770 -999.250 -999.250
0.000 0.844 1.341 0.791 1.208 1.402 3.899 4.209 4.271 4.601 7.514 7.580 10.974 15.231 22.664 35.796 44.967 50.524 61.888 64.268 58.626 53.174 43.567 30.696 24.415 21.317 16.697 14.097 12.181 12.480 11.758 11.586 8.081 4.086 8.096 5.376 3.412 3.028 1.986 2.306 4.002 3.391 3.486 4.703 4.662 5.778 7.335 8.810 10.859 12.001 11.392 9.299 10.773 10.398 12.117 11.984 7.733 5.628 5.772 9.311 13.615 12.277 13.293 11.249 11.177 9.333 8.911 -999.250 -999.250
1.556 1.136 1.620 2.553 3.376 2.977 4.383 6.895 5.243 5.438 7.328 10.031 14.262 22.898 27.317 36.507 42.269 50.668 62.931 73.220 56.771 55.397 45.456 35.926 22.666 18.630 17.804 15.281 10.673 13.565 12.948 12.144 9.241 7.174 6.789 5.270 5.020 2.655 1.359 3.008 3.238 3.239 1.802 3.291 4.002 6.020 7.857 7.510 11.081 14.021 10.502 10.730 10.233 11.441 12.482 15.217 8.435 7.374 5.926 7.734 11.401 12.138 12.618 11.201 10.455 7.555 -999.250 -999.250 -999.250
0.672 2.257 4.788 2.512 2.692 3.252 6.641 7.725 6.243 7.097 8.767 11.414 14.185 18.771 30.758 37.460 40.405 48.919 53.649 71.029 50.576 50.016 44.679 30.543 21.165 17.553 19.326 16.751 12.657 10.990 12.813 12.813 8.405 10.614 8.029 5.382 3.567 2.653 1.939 0.000 0.000 0.501 1.616 4.277 5.503 5.247 5.218 8.960 9.988 11.280 10.483 9.470 11.792 10.544 10.932 9.022 9.294 8.373 7.256 6.893 10.718 12.500 14.091 11.739 11.106 10.262 7.771 -999.250 -999.250
0.890 3.492 4.045 3.536 4.464 6.702 5.358 7.982 10.196 7.245 6.422 9.270 12.908 15.226 20.483 24.789 33.754 40.270 44.395 50.868 45.391 38.362 34.711 26.716 21.088 18.588 18.470 16.878 13.324 11.781 14.013 10.844 10.403 10.602 10.436 6.171 4.677 2.854 1.837 0.000 0.000 0.000 0.127 4.872 5.428 6.591 7.341 9.411 10.582 13.117 11.577 10.794 12.109 10.689 9.250 8.738 6.464 6.781 6.013 6.717 8.169 9.206 12.788 -999.250 -999.250 -999.250 -999.250 -999.250 -999.250
0.748 3.586 3.676 3.563 4.467 3.596 4.040 7.510 5.417 7.431 10.333 10.469 10.369 12.138 17.267 21.842 30.030 33.219 32.208 33.358 33.075 31.539 23.888 19.372 19.792 14.882 13.405 13.369 12.466 14.622 16.839 15.490 12.825 12.718 12.678 9.394 6.182 6.359 3.164 0.116 0.000 0.000 0.319 1.572 5.526 5.259 9.778 8.916 9.818 7.940 10.971 10.169 11.875 10.387 10.305 8.302 6.629 8.583 7.350 7.508 7.363 9.588 10.395 11.179 -999.250 -999.250 -999.250 -999.250 -999.250
2.270 2.616 4.199 4.313 3.543 2.555 2.045 4.618 6.117 7.346 7.377 8.800 9.321 11.432 13.060 13.004 25.293 26.543 22.135 22.869 24.016 19.631 18.609 14.128 16.626 13.389 13.272 12.111 11.793 12.948 12.557 15.808 17.736 12.680 12.197 10.620 7.051 6.052 3.531 0.772 0.673 1.129 1.452 3.770 6.340 5.713 6.689 9.664 7.968 7.913 9.779 9.576 10.252 10.454 7.044 8.019 9.845 8.562 6.077 6.408 8.330 8.358 -999.250 -999.250 -999.250 -999.250 -999.250 -999.250 -999.250
0.706 3.435 4.334 3.032 2.963 2.335 1.793 4.053 5.312 5.790 6.489 5.563 7.006 9.507 9.989 11.784 12.156 14.047 14.299 14.316 13.511 11.784 10.621 9.340 10.351 10.726 10.253 14.492 12.544 15.128 14.597 15.643 15.322 15.303 13.760 10.971 10.559 7.849 4.018 2.377 1.904 0.507 2.048 3.141 5.075 8.040 7.361 7.711 8.940 8.968 10.279 11.916 10.120 9.687 8.595 8.480 7.150 7.710 6.307 7.657 6.816 9.686 -999.250 -999.250 -999.250 -999.250 -999.250 -999.250 -999.250
2.490 1.510 1.295 2.032 2.181 2.909 2.191 4.003 5.981 6.008 6.534 5.103 6.954 6.898 6.556 6.757 8.672 8.749 7.218 8.487 7.165 6.075 6.527 8.744 5.409 6.951 11.500 9.213 13.450 14.319 18.973 17.452 17.660 14.046 15.284 14.101 10.113 7.745 4.798 4.391 2.971 3.778 3.622 4.661 4.636 6.407 9.384 7.894 10.000 7.619 10.314 8.324 8.112 7.023 9.721 8.105 7.504 4.668 5.309 8.022 6.139 -999.250 -999.250 -999.250 -999.250 -999.250 -999.250 -999.250 -999.250
4.567 3.141 0.725 0.723 1.482 3.686 2.737 2.941 5.463 5.731 4.400 4.566 2.425 4.318 2.663 4.572 5.684 2.860 0.945 0.000 0.819 0.943 0.000 0.000 2.197 3.871 7.020 9.133 10.252 12.239 13.291 12.930 16.545 12.808 11.867 14.363 13.120 7.069 4.916 3.611 4.602 4.349 3.346 2.006 4.968 7.075 7.480 8.120 12.373 7.745 9.261 7.710 6.299 6.186 7.441 8.438 5.359 6.083 6.077 -999.250 -999.250 -999.250 -999.250 -999.250 -999.250 -999.250 -999.250 -999.250 -999.250
6.403 3.518 2.754 0.000 0.318 0.518 1.071 3.439 3.610 4.769 4.076 3.773 0.827 1.433 0.000 1.532 0.000 0.000 0.000 0.000 0.000 0.000 0.000 0.000 0.000 0.000 1.966 5.486 9.459 10.875 13.351 13.326 12.521 13.722 13.775 13.278 9.172 4.326 5.460 4.643 2.169 2.610 3.346 3.956 7.674 7.173 9.669 9.898 9.057 7.168 5.558 5.102 4.478 4.207 3.837 5.982 5.632 3.626 4.167 -999.250 -999.250 -999.250 -999.250 -999.250 -999.250 -999.250 -999.250 -999.250 -999.250
5.116 3.485 1.849 0.134 0.174 0.000 0.000 1.644 3.022 2.914 2.817 1.342 0.923 0.000 0.000 0.000 0.000 0.000 0.000 0.000 0.000 0.000 0.000 0.000 0.000 0.000 0.000 3.785 6.951 7.211 10.662 11.026 9.512 10.277 9.968 10.372 4.999 6.220 3.119 1.617 1.736 3.969 4.578 3.888 4.543 8.967 9.747 8.743 7.212 7.067 5.182 4.241 5.530 5.200 -999.250 5.446 5.484 -999.250 -999.250 -999.250 -999.250 -999.250 -999.250 -999.250 -999.250 -999.250 -999.250 -999.250 -999.250
6.133 3.605 2.610 0.023 0.000 0.000 0.000 0.561 1.914 3.044 2.278 1.763 0.000 0.000 0.000 0.000 0.000 0.000 0.000 0.000 0.000 0.000 0.000 0.000 0.000 0.000 0.000 1.029 4.219 6.268 7.650 6.790 8.007 6.454 7.429 5.919 2.272 2.394 1.465 2.466 1.506 3.946 5.580 6.051 5.617 5.595 5.466 8.683 7.455 6.252 4.889 4.887 -999.250 -999.250 -999.250 -999.250 -999.250 -999.250 -999.250 -999.250 -999.250 -999.250 -999.250 -999.250 -999.250 -999.250 -999.250 -999.250 -999.250
7.714 4.729 1.451 0.000 0.000 0.000 0.000 0.680 0.000 3.652 1.084 0.567 0.000 0.000 0.000 0.000 0.000 0.022 0.000 0.000 0.017 0.532 0.788 0.000 0.113 0.000 0.158 1.050 3.758 7.118 6.342 7.388 4.361 3.907 3.534 2.894 1.725 1.650 0.368 0.198 1.686 4.617 3.602 4.652 5.160 7.496 5.848 3.481 7.235 5.140 4.754 -999.250 -999.250 -999.250 -999.250 -999.250 -999.250 -999.250 -999.250 -999.250 -999.250 -999.250 -999.250 -999.250 -999.250 -999.250 -999.250 -999.250 -999.250
3.997 2.014 0.481 0.000 0.000 0.000 0.125 1.098 1.392 0.777 1.145 0.000 0.000 0.000 0.000 0.000 0.000 1.663 2.080 2.870 6.038 4.844 3.880 3.646 3.330 2.071 2.196 2.589 5.402 7.202 5.912 5.146 4.692 2.686 1.311 0.036 0.000 0.000 0.000 0.000 3.117 3.439 4.780 2.777 5.677 5.764 4.828 5.474 4.195 2.913 2.448 -999.250 -999.250 -999.250 -999.250 -999.250 -999.250 -999.250 -999.250 -999.250 -999.250 -999.250 -999.250 -999.250 -999.250 -999.250 -999.250 -999.250 -999.250
5.303 0.000 0.000 1.257 2.435 6.340 2.861 1.750 0.048 0.000 0.000 0.000 0.000 0.000 0.000 1.410 2.721 4.105 5.240 5.735 8.619 8.129 4.991 5.060 5.141 5.279 5.869 5.725 4.064 8.864 7.068 5.918 6.671 4.659 2.417 0.000 0.000 0.000 0.000 0.000 0.958 3.120 4.127 3.766 3.585 4.667 3.397 3.961 2.021 0.000 -999.250 -999.250 -999.250 -999.250 -999.250 -999.250 -999.250 -999.250 -999.250 -999.250 -999.250 -999.250 -999.250 -999.250 -999.250 -999.250 -999.250 -999.250 -999.250
4.492 0.000 0.000 2.707 5.296 5.439 6.003 3.014 0.000 0.000 0.773 0.000 0.000 0.000 0.000 0.201 2.375 6.411 7.792 9.042 10.257 10.692 9.169 9.027 6.296 5.102 5.000 7.932 5.956 8.095 7.534 7.068 7.196 4.574 3.921 0.000 0.000 0.000 0.000 0.967 1.200 2.515 1.301 2.040 2.422 1.543 3.717 1.402 0.171 -999.250 -999.250 -999.250 -999.250 -999.250 -999.250 -999.250 -999.250 -999.250 -999.250 -999.250 -999.250 -999.250 -999.250 -999.250 -999.250 -999.250 -999.250 -999.250 -999.250
4.587 1.503 2.569 6.013 7.499 5.996 3.969 3.087 1.797 0.000 0.000 0.000 0.000 0.000 0.000 0.693 4.457 8.619 10.848 11.133 14.035 11.168 10.608 7.882 7.288 6.333 7.859 8.242 9.680 8.746 9.646 8.256 8.378 7.962 7.292 2.277 2.107 2.760 2.889 2.163 0.899 0.000 0.387 0.003 1.137 3.155 0.000 0.000 0.000 -999.250 -999.250 -999.250 -999.250 -999.250 -999.250 -999.250 -999.250 -999.250 -999.250 -999.250 -999.250 -999.250 -999.250 -999.250 -999.250 -999.250 -999.250 -999.250 -999.250
6.633 2.933 4.178 8.905 11.640 9.171 8.112 4.552 1.894 0.000 0.000 0.000 0.000 0.000 0.000 0.918 5.194 6.287 8.391 12.585 10.534 10.260 8.905 9.477 10.663 7.796 9.935 9.467 10.170 10.953 11.315 12.095 12.286 11.561 9.458 6.207 3.277 3.325 2.389 2.607 3.273 1.593 0.000 0.803 0.201 0.000 0.000 0.000 -999.250 -999.250 -999.250 -999.250 -999.250 -999.250 -999.250 -999.250 -999.250 -999.250 -999.250 -999.250 -999.250 -999.250 -999.250 -999.250 -999.250 -999.250 -999.250 -999.250 -999.250
7.995 6.741 7.756 11.702 16.067 10.886 7.493 5.694 2.246 0.000 0.000 0.000 0.000 0.000 0.000 1.448 3.177 5.900 7.815 8.182 9.661 6.413 8.588 6.520 8.919 8.097 8.052 8.276 9.012 11.495 14.671 15.489 15.377 10.761 9.998 8.693 5.687 6.143 4.192 4.363 4.214 2.174 0.123 0.483 0.000 0.000 0.000 0.000 -999.250 -999.250 -999.250 -999.250 -999.250 -999.250 -999.250 -999.250 -999.250 -999.250 -999.250 -999.250 -999.250 -999.250 -999.250 -999.250 -999.250 -999.250 -999.250 -999.250 -999.250
5.752 5.557 9.399 12.113 10.332 8.294 6.689 5.071 3.356 2.017 0.251 0.296 3.286 2.318 3.840 3.856 5.932 6.545 8.003 8.370 5.284 5.483 7.462 8.390 10.066 6.729 9.531 10.461 10.419 11.887 12.787 14.541 14.926 9.491 10.894 9.204 7.531 5.478 7.830 6.284 2.211 1.244 2.383 0.000 0.000 0.000 0.000 0.000 -999.250 -999.250 -999.250 -999.250 -999.250 -999.250 -999.250 -999.250 -999.250 -999.250 -999.250 -999.250 -999.250 -999.250 -999.250 -999.250 -999.250 -999.250 -999.250 -999.250 -999.250
7.085 6.686 8.992 7.179 7.318 7.064 4.457 2.985 2.949 4.227 5.302 7.749 5.548 4.850 4.969 5.621 7.930 9.955 7.084 5.993 6.864 7.502 6.582 8.849 8.766 5.537 7.961 8.790 7.728 9.607 11.978 16.609 10.668 9.550 11.126 10.057 7.528 5.064 5.319 5.170 5.294 3.400 1.855 0.187 0.000 0.000 0.000 -999.250 -999.250 -999.250 -999.250 -999.250 -999.250 -999.250 -999.250 -999.250 -999.250 -999.250 -999.250 -999.250 -999.250 -999.250 -999.250 -999.250 -999.250 -999.250 -999.250 -999.250 -999.250
8.086 6.858 6.952 6.277 5.263 2.430 3.848 1.922 4.922 6.509 6.871 8.717 9.818 9.304 9.485 10.026 9.655 10.523 8.379 6.456 5.503 5.064 5.431 4.523 5.114 4.671 6.136 8.529 8.451 9.916 10.011 12.480 10.339 9.927 9.017 9.005 8.733 6.526 4.740 4.718 4.088 2.169 0.847 0.000 0.000 0.000 0.000 -999.250 -999.250 -999.250 -999.250 -999.250 -999.250 -999.250 -999.250 -999.250 -999.250 -999.250 -999.250 -999.250 -999.250 -999.250 -999.250 -999.250 -999.250 -999.250 -999.250 -999.250 -999.250
7.606 7.200 3.587 3.268 2.924 0.000 1.317 4.725 4.499 9.805 12.334 13.141 13.750 15.189 12.299 13.107 10.744 9.248 8.509 6.358 3.392 4.089 3.189 0.402 3.119 3.945 5.492 3.836 6.025 5.873 9.997 11.619 10.359 10.691 9.745 7.891 6.866 5.716 4.659 4.863 3.491 0.096 0.000 0.000 0.000 0.000 -999.250 -999.250 -999.250 -999.250 -999.250 -999.250 -999.250 -999.250 -999.250 -999.250 -999.250 -999.250 -999.250 -999.250 -999.250 -999.250 -999.250 -999.250 -999.250 -999.250 -999.250 -999.250 -999.250
