data/medianmodel_18-Jan-2021.asc
ncols	141
nrows	288
xllcorner	-120191.398
yllcorner	-301404.813
cellsize	2000.000
NODATA_value	-999.250
[rows 168 to 195 of 288, columns 63 to 125 of 141]
1082.738 1108.691 1055.908 1067.292 1093.158 1091.905 1106.296 1152.215 1259.393 1401.169 1560.561 1669.300 1760.608 1828.294 1943.476 1945.182 2118.465 2078.722 2127.926 2145.730 2107.750 2084.909 2057.450 2013.684 1998.344 1852.216 1659.622 1556.723 1490.036 1357.312 1245.539 1070.650 962.662 806.791 663.087 602.672 635.647 737.200 851.649 -999.250 -999.250 -999.250 1369.213 1462.122 1584.838 -999.250 -999.250 -999.250 -999.250 -999.250 -999.250 -999.250 -999.250 -999.250 -999.250 -999.250 -999.250 -999.250 -999.250 -999.250 -999.250 -999.250 -999.250
1071.700 1040.152 1006.753 1014.966 980.020 952.217 906.524 955.393 1056.413 1224.802 1334.699 1453.396 1496.991 1556.799 1602.167 1676.846 1682.155 1716.702 1832.909 1966.236 1967.075 1996.887 2074.485 2032.515 1996.698 1893.567 1681.166 1710.827 1608.145 1467.826 1370.853 1226.720 1034.864 888.530 749.205 602.837 716.082 785.398 941.640 1094.026 1162.800 1313.608 1464.416 1567.156 1675.600 1732.507 -999.250 -999.250 -999.250 -999.250 -999.250 -999.250 -999.250 -999.250 -999.250 -999.250 -999.250 -999.250 -999.250 -999.250 -999.250 -999.250 -999.250
1015.190 1001.240 948.171 917.871 861.233 862.089 802.489 729.927 887.331 996.007 1112.979 1173.876 1297.372 1371.567 1439.992 1450.494 1426.987 1412.239 1572.187 1646.581 1780.658 1856.301 1939.903 1935.557 1996.467 1911.657 1813.983 1844.385 1694.989 1592.664 1517.888 1389.912 1221.390 1012.532 898.400 841.151 855.304 919.014 1028.382 1150.634 1291.347 1360.255 1585.318 1685.399 1816.104 1803.933 1782.379 -999.250 -999.250 -999.250 -999.250 -999.250 -999.250 -999.250 -999.250 -999.250 -999.250 -999.250 -999.250 -999.250 -999.250 -999.250 -999.250
1001.274 980.565 941.942 885.310 791.905 784.960 733.231 725.746 803.358 889.849 997.566 1027.923 1116.865 1162.654 1245.218 1249.998 1216.047 1312.768 1396.359 1578.977 1620.890 1764.568 1865.012 1861.922 1915.961 1998.603 1964.724 1956.681 1933.186 1833.599 1681.488 1488.275 1376.708 1220.270 1102.106 1016.729 1017.014 1080.337 1128.828 1231.246 1358.709 1468.125 1574.259 1699.614 1827.765 1814.201 1794.531 -999.250 -999.250 -999.250 -999.250 -999.250 -999.250 -999.250 -999.250 -999.250 -999.250 -999.250 -999.250 -999.250 -999.250 -999.250 -999.250
999.432 952.546 888.686 800.961 797.204 755.807 734.110 722.978 790.441 839.990 906.280 936.517 998.943 1028.117 1104.956 1076.484 1113.379 1224.070 1352.706 1512.536 1576.658 1642.744 1762.840 1776.513 1945.878 2005.495 2073.597 2080.438 2117.647 2030.472 1817.257 1624.523 1551.015 1383.438 1299.514 1181.893 1189.986 1177.422 1239.947 1272.744 1387.554 1563.113 1676.529 1719.517 1784.963 1852.994 1843.454 -999.250 -999.250 -999.250 -999.250 -999.250 -999.250 -999.250 -999.250 -999.250 -999.250 -999.250 -999.250 -999.250 -999.250 -999.250 -999.250
1051.208 998.212 919.901 847.060 798.706 765.182 722.458 761.703 763.693 836.826 866.642 874.599 897.516 914.377 956.776 958.825 1025.100 1112.726 1269.363 1411.137 1563.010 1628.278 1718.159 1866.235 1948.494 2000.707 2062.642 2187.887 2134.310 2057.284 1977.830 1832.407 1635.917 1514.269 1402.389 1352.746 1329.805 1334.893 1408.745 1381.564 1456.453 1635.829 1700.605 1760.316 1794.001 1849.845 1818.314 1773.372 -999.250 -999.250 -999.250 -999.250 -999.250 -999.250 -999.250 -999.250 -999.250 -999.250 -999.250 -999.250 -999.250 -999.250 -999.250
1061.473 1024.013 921.669 893.346 835.424 779.684 761.303 759.667 763.840 784.473 805.008 847.956 875.192 877.079 889.889 872.962 930.413 1066.204 1203.246 1422.320 1495.523 1673.144 1859.509 2020.762 2008.690 2072.958 2123.158 2155.850 2120.065 2105.416 1999.864 2000.988 1691.218 1635.919 1516.046 1461.255 1427.094 1441.384 1422.368 1408.747 1499.442 1624.743 1738.920 1759.604 1762.558 1842.908 1857.846 -999.250 -999.250 -999.250 -999.250 -999.250 -999.250 -999.250 -999.250 -999.250 -999.250 -999.250 -999.250 -999.250 -999.250 -999.250 -999.250
1031.874 1039.037 973.393 919.295 861.794 849.772 840.676 830.242 746.046 792.954 823.406 833.156 828.625 834.615 830.929 823.032 884.872 1031.256 1199.538 1406.867 1525.000 1703.252 1923.901 1979.373 2109.401 2002.199 2118.074 2087.073 2138.697 2175.626 2084.100 1874.004 1739.090 1647.838 1589.365 1486.809 1478.700 1470.896 1489.567 1561.031 1591.237 1625.858 1630.959 1714.509 1748.885 1782.912 -999.250 -999.250 -999.250 -999.250 -999.250 -999.250 -999.250 -999.250 -999.250 -999.250 -999.250 -999.250 -999.250 -999.250 -999.250 -999.250 -999.250
1060.569 1049.297 988.146 958.342 914.403 932.647 861.922 848.610 815.205 813.618 852.987 787.140 830.032 849.999 829.270 809.264 793.291 1047.854 1242.432 1455.093 1657.032 1810.895 1973.341 2073.259 2079.094 2138.442 2168.251 2282.059 2300.343 2154.112 2124.178 2030.454 1919.170 1780.951 1774.652 1558.099 1578.122 1532.328 1548.994 1609.386 1621.263 1609.711 1669.374 1734.821 1811.244 1824.328 -999.250 -999.250 -999.250 -999.250 -999.250 -999.250 -999.250 -999.250 -999.250 -999.250 -999.250 -999.250 -999.250 -999.250 -999.250 -999.250 -999.250
1087.775 1088.325 1080.947 1031.077 1016.577 961.378 950.220 946.524 890.823 900.001 890.222 898.090 875.285 903.173 902.031 890.865 946.153 1127.097 1337.310 1536.789 1710.424 1804.888 2020.891 2071.552 2162.256 2230.503 2235.492 2350.242 2220.123 2227.171 2132.734 2068.583 1947.948 1860.686 1897.072 1721.858 1639.906 1612.962 1623.986 1642.018 1664.903 1691.967 1684.153 1734.152 1796.496 -999.250 -999.250 -999.250 -999.250 -999.250 -999.250 -999.250 -999.250 -999.250 -999.250 -999.250 -999.250 -999.250 -999.250 -999.250 -999.250 -999.250 -999.250
1186.043 1127.868 1084.309 1095.536 1094.146 1032.110 1010.991 1001.327 955.307 952.368 945.968 931.598 964.766 972.638 968.969 1016.438 1125.349 1330.197 1511.690 1676.455 1940.338 1969.804 2101.138 2202.778 2285.004 2288.501 2390.090 2366.351 2392.283 2281.223 2220.448 2116.720 2015.806 1922.327 1891.787 1805.951 1773.800 1733.292 1711.894 1792.379 1764.183 1758.774 1757.548 1749.890 1756.203 -999.250 -999.250 -999.250 -999.250 -999.250 -999.250 -999.250 -999.250 -999.250 -999.250 -999.250 -999.250 -999.250 -999.250 -999.250 -999.250 -999.250 -999.250
1243.900 1189.464 1136.591 1108.437 1118.849 1103.057 1068.489 1030.465 1028.654 1017.340 1044.917 995.667 1001.720 1054.466 1104.243 1161.900 1287.019 1383.252 1634.040 1780.305 2051.224 2098.173 2273.160 2329.051 2455.558 2448.072 2615.975 2614.657 2529.205 2395.356 2289.676 2234.301 2101.514 2008.319 2029.061 1810.576 1763.061 1793.597 1817.786 1776.058 1814.948 1900.892 1848.759 1848.560 -999.250 -999.250 -999.250 -999.250 -999.250 -999.250 -999.250 -999.250 -999.250 -999.250 -999.250 -999.250 -999.250 -999.250 -999.250 -999.250 -999.250 -999.250 -999.250
1300.962 1238.657 1227.113 1229.645 1220.898 1170.104 1131.443 1125.140 1087.113 1133.908 1076.487 1102.359 1073.807 1120.531 1174.048 1287.329 1422.179 1552.311 1714.473 1944.138 2131.515 2241.413 2322.204 2378.135 2533.498 2832.905 2724.293 2865.017 2718.413 2544.604 2413.374 2341.848 2190.257 2089.794 1924.792 1873.143 1762.429 1908.265 1855.809 1862.245 1801.966 1843.365 1956.831 1812.499 -999.250 -999.250 -999.250 -999.250 -999.250 -999.250 -999.250 -999.250 -999.250 -999.250 -999.250 -999.250 -999.250 -999.250 -999.250 -999.250 -999.250 -999.250 -999.250
1345.922 1339.319 1269.437 1296.764 1278.762 1225.121 1238.307 1215.973 1182.349 1183.933 1178.289 1162.896 1222.220 1210.969 1289.947 1346.322 1519.296 1671.398 1823.547 2049.392 2238.053 2295.202 2401.935 2448.216 2722.689 2665.947 2762.883 2846.999 2898.795 2652.871 2416.590 2291.877 2189.829 2074.561 1980.742 1887.428 1781.652 1799.957 1835.411 1757.805 1807.861 1864.872 1839.330 1729.946 -999.250 -999.250 -999.250 -999.250 -999.250 -999.250 -999.250 -999.250 -999.250 -999.250 -999.250 -999.250 -999.250 -999.250 -999.250 -999.250 -999.250 -999.250 -999.250
1377.414 1376.256 1353.163 1358.718 1348.943 1300.298 1300.646 1295.101 1284.737 1247.343 1219.200 1221.469 1317.038 1361.028 1326.120 1397.369 1539.014 1687.221 1917.584 2107.142 2272.690 2339.239 2460.685 2703.997 2917.312 2977.981 3123.442 3150.291 2956.911 2722.566 2553.739 2380.188 2222.468 2082.514 1966.509 1896.703 1889.736 1843.793 1908.922 1885.194 1894.383 1859.232 1837.453 -999.250 -999.250 -999.250 -999.250 -999.250 -999.250 -999.250 -999.250 -999.250 -999.250 -999.250 -999.250 -999.250 -999.250 -999.250 -999.250 -999.250 -999.250 -999.250 -999.250
1438.285 1454.700 1478.766 1432.736 1418.385 1406.268 1337.977 1329.804 1324.313 1291.455 1230.248 1220.490 1322.863 1332.435 1382.518 1471.157 1594.823 1699.590 1948.546 2133.467 2380.578 2417.579 2608.865 2743.848 2959.716 3163.912 3412.049 3343.377 3060.352 2686.112 2486.502 2531.608 2179.392 2088.039 2016.662 1990.638 1978.217 1914.894 1900.212 1885.230 1857.622 1860.668 -999.250 -999.250 -999.250 -999.250 -999.250 -999.250 -999.250 -999.250 -999.250 -999.250 -999.250 -999.250 -999.250 -999.250 -999.250 -999.250 -999.250 -999.250 -999.250 -999.250 -999.250
1539.352 1553.789 1581.247 1584.995 1531.205 1476.658 1449.444 1418.375 1392.822 1385.751 1334.809 1275.809 1344.204 1406.136 1411.028 1580.319 1669.582 1681.908 1974.271 2102.898 2266.670 2440.838 2567.239 2840.973 2913.631 3096.250 3338.431 3652.019 3086.155 2656.954 2390.382 2287.268 2225.635 2072.261 1994.466 1923.032 1946.603 1829.935 1865.394 1807.709 1854.553 1818.571 -999.250 -999.250 -999.250 -999.250 -999.250 -999.250 -999.250 -999.250 -999.250 -999.250 -999.250 -999.250 -999.250 -999.250 -999.250 -999.250 -999.250 -999.250 -999.250 -999.250 -999.250
1738.482 1708.087 1724.810 1671.100 1591.860 1553.716 1492.813 1423.339 1414.048 1381.501 1352.498 1348.569 1362.446 1398.531 1503.352 1554.527 1679.532 1855.765 1870.522 2093.334 2228.680 2261.506 2481.613 2601.601 2859.584 2821.829 3056.877 2924.762 2411.173 2237.297 2203.728 2137.810 2091.304 2036.423 1979.270 1850.163 1837.657 1809.856 1793.937 1766.763 -999.250 -999.250 -999.250 -999.250 -999.250 -999.250 -999.250 -999.250 -999.250 -999.250 -999.250 -999.250 -999.250 -999.250 -999.250 -999.250 -999.250 -999.250 -999.250 -999.250 -999.250 -999.250 -999.250
1886.226 1957.985 1905.965 1785.156 1646.308 1549.069 1496.610 1409.383 1365.036 1374.392 1363.734 1346.969 1410.257 1454.881 1493.291 1548.907 1629.674 1704.653 1795.952 1935.485 2113.183 2179.215 2199.965 2357.354 2543.222 2483.647 2474.749 2253.353 1867.816 2005.444 2029.444 2020.845 1988.370 1965.447 1897.114 1921.481 1809.201 1866.639 1747.051 -999.250 -999.250 -999.250 -999.250 -999.250 -999.250 -999.250 -999.250 -999.250 -999.250 -999.250 -999.250 -999.250 -999.250 -999.250 -999.250 -999.250 -999.250 -999.250 -999.250 -999.250 -999.250 -999.250 -999.250
1904.387 2033.179 2006.351 1842.031 1682.127 1563.149 1481.230 1417.389 1359.187 1343.863 1328.352 1373.972 1374.194 1455.757 1486.848 1514.615 1569.546 1672.699 1750.764 1940.341 2057.131 2151.662 2158.393 2222.564 2299.561 2286.983 2142.852 2050.287 1912.633 1869.281 1896.417 1968.312 1850.496 1858.286 1844.059 1915.706 1788.652 1837.811 -999.250 -999.250 -999.250 -999.250 -999.250 -999.250 -999.250 -999.250 -999.250 -999.250 -999.250 -999.250 -999.250 -999.250 -999.250 -999.250 -999.250 -999.250 -999.250 -999.250 -999.250 -999.250 -999.250 -999.250 -999.250
1893.434 1899.725 1974.332 1814.539 1658.097 1550.570 1516.177 1411.614 1374.319 1355.635 1377.504 1390.294 1338.679 1435.991 1446.521 1568.089 1538.092 1551.457 1772.112 1824.612 2006.682 1997.791 2088.631 2112.179 2094.791 2086.060 2027.048 1944.266 1935.349 1840.741 1902.209 1872.777 1769.371 1735.561 1935.447 1862.970 1814.801 -999.250 -999.250 -999.250 -999.250 -999.250 -999.250 -999.250 -999.250 -999.250 -999.250 -999.250 -999.250 -999.250 -999.250 -999.250 -999.250 -999.250 -999.250 -999.250 -999.250 -999.250 -999.250 -999.250 -999.250 -999.250 -999.250
1821.832 1894.797 1862.095 1738.025 1625.328 1535.373 1510.643 1429.351 1391.315 1382.010 1403.402 1325.383 1328.228 1385.763 1429.166 1470.747 1511.034 1552.380 1640.886 1712.545 1790.463 1890.315 1924.879 1978.693 2019.874 2010.645 1928.619 1908.471 1946.667 1826.841 1833.022 1799.802 1796.719 1740.777 1846.564 -999.250 -999.250 -999.250 -999.250 -999.250 -999.250 -999.250 -999.250 -999.250 -999.250 -999.250 -999.250 -999.250 -999.250 -999.250 -999.250 -999.250 -999.250 -999.250 -999.250 -999.250 -999.250 -999.250 -999.250 -999.250 -999.250 -999.250 -999.250
1760.974 1810.293 1702.104 1682.222 1564.249 1505.332 1432.006 1422.055 1308.472 1350.253 1286.815 1326.046 1318.972 1331.617 1417.266 1411.983 1418.074 1460.692 1564.908 1627.079 1643.494 1659.325 1749.686 1872.557 1949.206 1833.481 1863.720 1866.239 1817.449 1768.039 1811.782 1802.608 1836.606 1785.108 1741.683 -999.250 -999.250 -999.250 -999.250 -999.250 -999.250 -999.250 -999.250 -999.250 -999.250 -999.250 -999.250 -999.250 -999.250 -999.250 -999.250 -999.250 -999.250 -999.250 -999.250 -999.250 -999.250 -999.250 -999.250 -999.250 -999.250 -999.250 -999.250
1635.540 1645.395 1631.416 1567.992 1508.159 1492.815 1365.940 1324.612 1287.262 1256.654 1225.964 1301.962 1286.352 1317.822 1310.777 1336.513 1385.314 1427.153 1421.621 1479.690 1522.888 1543.262 1638.316 1686.762 1767.758 1822.803 1883.189 1868.765 1761.280 1775.398 1767.313 1823.177 1840.411 1793.435 -999.250 -999.250 -999.250 -999.250 -999.250 -999.250 -999.250 -999.250 -999.250 -999.250 -999.250 -999.250 -999.250 -999.250 -999.250 -999.250 -999.250 -999.250 -999.250 -999.250 -999.250 -999.250 -999.250 -999.250 -999.250 -999.250 -999.250 -999.250 -999.250
1618.064 1597.100 1548.273 1507.098 1451.888 1368.968 1336.957 1261.934 1270.978 1240.971 1233.155 1268.732 1258.005 1209.089 1236.872 1259.960 1340.974 1344.802 1323.531 1341.508 1384.745 1488.269 1568.834 1622.196 1707.345 1789.387 1895.636 1864.918 1798.357 1716.774 1832.582 1851.483 1762.907 1710.320 -999.250 -999.250 -999.250 -999.250 -999.250 -999.250 -999.250 -999.250 -999.250 -999.250 -999.250 -999.250 -999.250 -999.250 -999.250 -999.250 -999.250 -999.250 -999.250 -999.250 -999.250 -999.250 -999.250 -999.250 -999.250 -999.250 -999.250 -999.250 -999.250
1544.592 1592.227 1430.374 1414.715 1376.899 1360.546 1299.953 1220.467 1220.062 1168.773 1129.954 1186.436 1182.671 1173.895 1158.349 1245.744 1222.282 1232.362 1273.002 1284.396 1274.988 1386.201 1534.227 1611.167 1704.256 1782.966 1872.657 1887.923 1809.318 1800.141 1809.372 1783.528 1697.447 1657.404 -999.250 -999.250 -999.250 -999.250 -999.250 -999.250 -999.250 -999.250 -999.250 -999.250 -999.250 -999.250 -999.250 -999.250 -999.250 -999.250 -999.250 -999.250 -999.250 -999.250 -999.250 -999.250 -999.250 -999.250 -999.250 -999.250 -999.250 -999.250 -999.250
1465.695 1458.880 1402.861 1410.734 1376.719 1312.876 1245.160 1214.103 1190.733 1169.296 1141.752 1184.561 1183.754 1152.499 1131.117 1244.607 1228.886 1225.141 1249.648 1242.336 1282.891 1372.401 1472.096 1607.560 1673.727 1795.828 1830.249 1834.555 1839.084 1849.068 1841.621 1796.850 1733.251 1694.117 -999.250 -999.250 -999.250 -999.250 -999.250 -999.250 -999.250 -999.250 -999.250 -999.250 -999.250 -999.250 -999.250 -999.250 -999.250 -999.250 -999.250 -999.250 -999.250 -999.250 -999.250 -999.250 -999.250 -999.250 -999.250 -999.250 -999.250 -999.250 -999.250
1459.837 1441.695 1413.134 1334.434 1334.514 1264.945 1182.745 1150.686 1164.938 1130.263 1084.471 1076.734 1160.040 1144.732 1151.657 1171.951 1179.003 1194.774 1187.262 1208.338 1280.239 1399.195 1511.733 1591.873 1652.523 1742.254 1833.315 1923.077 1872.028 1836.761 1780.940 1771.137 1701.328 1620.043 1591.101 -999.250 -999.250 -999.250 -999.250 -999.250 -999.250 -999.250 -999.250 -999.250 -999.250 -999.250 -999.250 -999.250 -999.250 -999.250 -999.250 -999.250 -999.250 -999.250 -999.250 -999.250 -999.250 -999.250 -999.250 -999.250 -999.250 -999.250 -999.250
