data/medianmodel_19-May-2020.asc
ncols	141
nrows	288
xllcorner	-120191.398
yllcorner	-301404.813
cellsize	2000.000
NODATA_value	-999.250
[rows 155 to 185 of 288, columns 0 to 69 of 141]
-999.250 -999.250 -999.250 -999.250 -999.250 -999.250 -999.250 0.000 0.000 0.744 0.712 1.057 4.609 5.512 5.889 8.954 6.759 5.160 4.870 3.425 8.637 4.275 5.769 7.925 7.623 9.814 8.720 15.679 15.639 15.571 18.691 22.647 24.693 21.342 21.299 21.484 20.483 18.361 18.813 15.646 13.461 11.728 13.893 10.165 7.901 1.661 0.000 0.000 0.000 1.893 0.000 0.543 2.167 3.839 2.508 2.731 4.332 5.707 4.617 3.073 2.576 4.264 0.955 0.000 0.234 1.524 1.546 4.531 3.707 4.821
-999.250 -999.250 -999.250 -999.250 -999.250 -999.250 -999.250 0.000 0.000 0.000 0.637 3.078 5.019 4.699 8.272 7.495 8.584 6.100 6.228 4.777 7.881 8.236 8.859 9.971 10.878 11.846 14.659 17.657 17.159 17.531 23.183 24.439 19.221 22.568 20.950 24.078 21.778 20.569 19.228 15.679 14.970 12.821 11.782 7.320 4.109 2.299 0.118 0.000 1.912 2.002 2.053 1.924 3.670 3.776 2.081 4.245 4.926 5.418 4.764 5.785 3.809 3.074 2.825 0.521 1.224 3.691 3.356 2.829 4.161 1.416
-999.250 -999.250 -999.250 -999.250 -999.250 -999.250 -999.250 0.000 0.000 0.000 0.000 1.621 3.921 6.326 7.018 11.211 8.058 7.767 4.516 6.543 8.785 9.777 10.897 11.466 13.257 14.016 19.113 19.839 20.878 23.715 21.747 22.268 25.375 19.601 25.073 25.536 28.398 24.707 18.405 17.442 16.719 17.103 12.504 9.463 5.027 3.399 1.405 2.038 3.724 3.983 2.942 4.083 3.623 4.914 6.220 5.275 6.520 7.068 5.268 7.171 4.760 4.703 1.622 2.514 3.266 4.465 2.711 2.907 2.423 1.373
-999.250 -999.250 -999.250 -999.250 -999.250 -999.250 -999.250 0.000 0.000 0.000 0.727 2.874 5.373 7.810 10.647 11.241 11.284 7.034 6.661 7.582 10.428 10.435 12.414 14.163 15.878 17.550 24.697 25.554 29.756 30.024 32.576 34.049 30.288 27.166 27.212 26.401 25.077 27.139 21.011 19.041 15.628 14.647 9.575 8.008 5.496 4.209 4.510 4.102 5.976 5.402 5.175 4.057 3.051 2.436 4.206 6.102 9.105 8.421 6.218 6.297 6.530 4.672 2.936 1.933 1.187 1.475 0.076 0.018 2.119 1.655
-999.250 -999.250 -999.250 -999.250 -999.250 -999.250 -999.250 -999.250 1.520 1.543 2.227 7.611 5.720 10.054 12.688 14.582 11.715 8.458 8.854 7.989 8.686 12.753 13.754 20.262 21.227 19.952 24.412 32.335 31.294 32.476 30.474 37.780 30.181 29.699 27.672 30.174 26.134 24.261 21.231 19.441 15.002 11.436 9.069 8.246 7.080 7.121 4.982 5.843 4.399 5.677 4.840 4.788 4.992 4.469 2.458 2.849 7.818 7.849 6.504 4.761 3.711 6.009 2.592 0.298 0.000 0.000 0.311 0.000 0.627 0.689
-999.250 -999.250 -999.250 -999.250 -999.250 -999.250 -999.250 -999.250 3.299 3.868 4.292 6.163 9.973 11.068 12.927 15.926 12.922 7.855 9.444 9.285 9.428 12.780 18.661 21.571 24.690 26.928 34.547 33.445 40.905 35.034 33.390 33.484 31.903 35.105 30.892 32.717 31.135 26.725 21.499 16.676 14.149 14.166 10.470 8.383 7.395 6.040 8.179 5.877 3.636 3.718 6.088 4.025 4.518 4.407 2.806 6.161 6.449 8.306 8.268 4.722 4.360 2.975 2.260 0.000 0.000 0.000 0.000 0.105 0.204 1.637
-999.250 -999.250 -999.250 -999.250 -999.250 -999.250 -999.250 5.325 5.520 4.391 4.101 6.457 7.490 8.554 12.226 13.669 14.715 11.757 9.695 10.881 11.506 14.697 18.677 22.970 33.803 36.917 43.442 43.016 40.833 42.956 44.904 34.216 32.003 30.872 32.161 32.457 41.797 23.861 15.934 15.905 11.933 9.717 7.893 5.580 5.466 6.627 4.501 5.582 6.122 5.423 7.065 6.940 7.001 8.067 7.555 4.040 7.977 7.297 4.880 6.450 4.766 3.419 2.769 1.170 0.000 0.000 0.000 1.725 2.986 3.406
-999.250 -999.250 -999.250 -999.250 -999.250 -999.250 -999.250 7.438 6.817 6.503 4.650 5.888 7.799 7.015 10.295 10.812 11.425 13.927 12.729 13.363 14.627 18.446 23.941 36.183 39.092 48.086 63.068 55.481 57.607 59.856 40.602 38.223 31.696 29.953 31.688 33.475 27.255 17.672 9.495 7.715 6.803 6.937 3.974 6.056 5.650 7.856 7.116 6.543 3.787 4.606 7.950 6.835 8.025 6.495 5.519 5.909 6.380 7.674 6.398 4.882 6.059 6.435 1.866 0.389 0.000 0.000 0.000 1.581 2.160 2.321
-999.250 -999.250 -999.250 -999.250 -999.250 -999.250 -999.250 7.779 4.200 3.602 3.720 4.848 5.252 6.995 9.097 12.577 12.689 16.032 17.243 19.258 18.375 25.782 33.304 44.218 55.515 70.341 87.780 80.900 90.112 72.065 59.125 44.871 38.564 29.365 27.878 25.807 21.281 10.274 4.435 3.457 4.015 4.368 4.221 6.627 5.378 6.599 7.773 8.621 7.014 7.680 8.872 6.450 7.202 6.145 7.328 5.655 6.437 7.583 5.694 4.462 4.256 6.174 1.764 0.000 0.000 1.090 0.000 0.443 1.741 2.024
-999.250 -999.250 -999.250 -999.250 -999.250 -999.250 -999.250 12.223 5.912 4.685 6.093 5.283 7.370 11.410 13.014 15.538 18.256 17.490 24.987 23.606 33.924 38.505 52.334 70.995 78.187 94.920 95.356 103.377 102.916 91.074 70.641 69.046 45.200 28.642 25.118 21.525 17.438 8.936 4.569 2.680 1.354 3.242 4.900 10.248 4.831 4.443 5.067 6.732 6.823 6.815 9.544 5.193 7.254 9.719 5.481 5.238 7.644 8.052 8.225 6.746 5.799 5.589 3.071 1.731 1.000 1.344 2.662 2.680 0.410 2.824
-999.250 -999.250 -999.250 -999.250 -999.250 -999.250 12.370 9.383 5.076 5.408 6.408 5.480 10.640 11.698 14.737 16.480 25.385 26.126 30.992 36.425 44.683 55.944 58.312 81.757 99.536 109.244 107.728 108.653 108.156 85.623 87.704 71.300 45.035 38.347 30.709 17.157 15.422 9.720 5.758 4.448 3.810 6.464 7.297 7.781 6.298 5.660 8.574 7.488 10.561 8.095 8.576 4.823 8.895 11.885 9.083 7.452 7.698 6.838 8.229 7.722 7.112 8.135 7.738 4.282 1.600 0.358 1.421 3.539 5.184 3.660
-999.250 -999.250 -999.250 -999.250 -999.250 -999.250 10.969 9.359 7.303 8.975 6.752 7.187 11.977 12.965 15.681 20.765 28.500 33.507 48.147 56.053 68.381 69.118 81.155 101.681 108.498 109.127 119.593 123.513 108.515 101.133 84.021 72.630 47.327 38.101 32.685 19.446 14.575 9.125 10.117 4.589 3.939 5.747 7.507 9.162 4.792 7.064 9.235 6.078 7.563 7.946 6.814 6.407 6.895 8.853 7.618 9.341 12.010 10.213 9.463 9.422 7.950 6.886 5.206 4.292 3.801 2.528 2.474 2.432 1.479 2.365
-999.250 -999.250 -999.250 -999.250 -999.250 12.173 9.319 8.821 10.176 7.680 5.420 6.976 9.532 11.817 18.452 21.378 24.497 38.587 44.479 61.464 70.434 78.487 100.435 102.021 106.980 115.536 124.237 127.663 114.636 103.267 82.041 68.548 52.142 40.659 28.028 18.073 15.377 10.295 10.384 10.391 9.595 11.213 9.308 8.481 6.741 6.511 7.125 8.813 7.537 8.010 8.460 9.087 6.267 5.679 8.593 9.308 13.271 11.989 9.325 8.406 6.088 4.878 2.678 4.584 3.385 3.211 1.231 0.879 1.951 1.639
-999.250 -999.250 -999.250 -999.250 -999.250 14.050 14.120 13.207 9.538 8.009 6.266 7.640 8.474 10.460 15.803 22.020 30.125 36.533 56.971 68.281 76.185 87.433 87.346 108.519 110.408 112.816 128.618 120.897 116.303 100.616 89.083 53.111 44.635 35.012 23.484 14.399 12.264 10.430 9.673 11.995 11.689 9.420 11.271 9.697 11.540 10.623 12.155 9.198 8.290 7.236 8.916 9.336 5.777 5.015 6.212 10.449 9.202 9.211 8.083 6.919 5.402 4.337 5.908 5.376 4.116 4.244 4.300 3.515 2.660 0.019
-999.250 -999.250 -999.250 -999.250 14.110 13.899 14.638 9.889 8.758 9.516 8.214 7.736 8.740 9.467 13.185 19.395 28.906 37.519 45.013 61.109 84.650 99.744 105.970 116.521 115.379 116.566 126.957 119.682 103.625 80.478 67.004 40.495 32.040 27.001 17.603 12.980 11.020 12.437 9.586 11.776 10.947 11.392 10.059 9.109 8.970 11.093 10.635 12.385 10.922 10.963 11.922 8.203 7.117 6.171 3.748 6.153 7.342 7.891 7.700 6.627 5.154 3.798 3.978 6.467 6.958 4.579 1.893 3.369 0.306 0.000
-999.250 -999.250 -999.250 -999.250 16.600 16.397 15.730 11.807 11.944 11.820 11.196 9.310 6.060 8.665 12.230 14.235 23.861 25.852 35.827 60.667 86.304 97.748 99.882 106.548 101.395 114.245 112.533 111.011 102.486 68.235 59.976 40.279 31.968 25.263 19.967 12.627 11.606 9.741 11.052 11.709 11.210 12.562 11.465 10.086 10.181 11.315 11.321 13.158 12.959 12.088 8.687 7.801 7.673 6.508 5.761 6.022 9.261 6.970 5.084 4.388 3.726 4.622 4.754 2.683 6.130 3.126 1.329 0.748 0.384 0.000
-999.250 -999.250 -999.250 -999.250 15.545 16.356 18.724 16.585 15.484 13.032 12.879 10.204 8.294 7.482 10.393 12.169 16.959 29.567 28.147 49.651 67.252 68.357 86.097 93.485 101.718 102.304 106.564 108.202 92.218 63.162 42.833 39.312 28.487 25.757 17.953 12.237 13.205 11.398 13.060 13.047 14.065 15.698 14.643 12.183 11.558 10.700 8.826 12.749 12.678 11.113 10.554 9.474 7.627 5.323 5.155 6.495 4.169 3.724 4.535 4.340 5.800 3.116 5.091 3.246 5.182 2.448 1.413 0.975 0.357 0.000
-999.250 -999.250 -999.250 -999.250 17.235 20.606 22.541 19.764 17.242 14.529 13.366 9.394 4.424 3.994 6.211 7.196 13.969 17.395 30.976 36.830 45.603 62.424 69.976 78.800 82.075 98.118 83.799 83.007 74.251 52.348 50.701 31.855 26.984 23.792 17.911 14.088 10.880 10.996 13.909 13.789 12.844 15.597 16.141 14.097 14.443 13.752 11.760 11.898 9.933 13.104 10.440 10.697 9.353 4.369 5.084 3.934 3.123 3.686 2.144 2.951 4.374 1.165 5.800 4.411 3.412 2.966 0.212 1.586 0.000 0.000
-999.250 -999.250 -999.250 -999.250 19.509 19.688 19.118 18.830 16.555 14.753 15.915 11.218 8.116 6.043 4.143 6.409 9.389 14.150 22.264 31.105 43.057 49.530 64.906 70.699 79.568 88.428 90.476 76.388 63.028 50.339 40.851 24.766 26.316 21.847 16.730 16.688 13.852 11.508 14.166 13.357 18.170 17.401 17.709 15.490 12.435 13.713 12.276 12.480 10.501 13.601 11.042 6.955 9.496 6.795 3.494 2.596 3.066 1.957 0.383 0.000 1.920 1.219 5.802 3.591 2.611 2.027 0.827 1.635 0.000 0.000
-999.250 -999.250 -999.250 -999.250 20.525 20.292 21.115 22.116 20.470 16.144 14.529 11.269 9.675 6.362 6.805 6.977 10.459 14.115 25.997 38.931 45.941 48.478 48.830 56.842 67.296 69.502 73.922 55.328 50.284 39.026 31.220 28.788 25.056 19.993 19.655 16.572 14.452 13.323 12.564 13.282 14.868 17.434 18.205 16.789 17.857 15.523 13.704 14.042 12.444 11.445 11.470 12.999 9.584 7.704 3.335 1.988 2.378 0.000 0.000 0.357 1.028 1.398 1.587 1.380 2.452 1.848 0.031 0.000 1.655 0.000
-999.250 -999.250 -999.250 -999.250 19.131 23.038 22.752 23.858 19.845 16.369 15.278 11.159 10.397 10.063 11.575 11.497 15.163 21.101 27.790 35.850 45.936 43.580 45.747 51.380 59.215 57.393 56.735 47.962 42.352 38.537 37.046 30.051 23.887 20.013 16.982 12.386 14.304 13.648 12.556 14.034 13.989 15.681 17.050 18.121 19.283 16.884 12.607 13.707 13.696 13.593 11.098 11.258 9.619 6.944 4.471 3.348 0.000 0.000 0.000 0.000 0.774 1.954 2.985 1.830 2.384 3.744 0.025 1.368 0.000 1.137
-999.250 -999.250 -999.250 -999.250 19.802 23.699 26.261 24.759 20.029 18.438 13.606 13.867 12.893 16.116 16.127 17.889 22.950 24.517 31.214 31.008 43.474 45.890 43.672 58.682 49.591 54.510 55.158 39.349 33.555 27.366 29.659 28.492 22.277 20.902 16.945 18.131 13.338 15.503 13.647 12.375 14.171 18.009 23.020 22.895 20.289 16.456 12.880 13.399 13.680 13.735 12.750 12.489 10.180 10.984 6.100 4.197 0.159 0.000 0.000 0.000 0.961 3.020 5.454 4.094 2.490 0.191 0.740 0.009 0.457 0.184
-999.250 -999.250 -999.250 -999.250 23.171 24.851 27.758 26.314 23.618 20.211 18.353 14.420 24.134 24.267 27.333 35.102 30.052 32.237 36.493 39.284 40.512 44.966 51.541 47.299 51.047 50.059 48.775 43.652 30.945 25.912 24.183 26.467 21.594 20.944 17.057 17.319 17.426 14.997 15.458 15.768 12.269 15.244 20.171 21.182 21.041 13.810 14.581 13.128 12.233 9.506 9.993 10.358 10.436 9.117 7.363 4.413 1.855 0.000 0.000 0.283 3.740 2.177 2.992 1.174 1.252 0.926 0.581 1.068 0.361 0.000
-999.250 -999.250 -999.250 -999.250 26.911 29.646 24.248 26.679 25.720 24.131 27.060 27.241 27.599 37.796 41.638 57.139 52.934 49.901 44.284 48.585 44.257 47.538 56.851 52.534 49.410 38.881 39.157 33.271 23.291 23.172 22.690 23.667 20.863 27.168 21.729 21.229 17.680 18.178 16.341 15.407 15.673 16.819 21.634 17.306 21.888 18.873 16.888 12.035 9.215 9.796 12.239 10.895 9.528 8.697 5.577 5.184 3.337 0.942 2.027 3.186 1.902 2.183 2.283 1.867 0.252 1.515 1.437 0.035 1.008 0.567
-999.250 -999.250 -999.250 27.734 33.781 34.052 34.047 36.512 33.053 25.449 31.102 31.579 42.923 47.672 62.885 65.358 70.737 67.303 65.739 56.252 59.877 48.048 53.172 42.143 37.043 37.583 34.127 28.302 26.585 21.721 23.319 21.422 23.353 28.792 25.239 25.575 21.464 16.881 17.465 18.132 18.386 19.042 17.040 16.172 17.450 14.910 16.045 13.302 12.364 10.440 10.883 9.800 6.989 5.985 5.866 3.655 3.608 0.874 2.941 3.341 3.299 3.836 1.589 0.953 2.599 0.284 2.174 2.267 0.128 0.000
-999.250 -999.250 -999.250 32.933 38.304 35.829 44.817 38.721 36.586 40.403 47.616 47.964 55.636 59.936 66.391 74.222 80.545 90.724 77.649 56.525 59.824 55.961 52.328 40.142 40.109 37.788 27.244 22.615 22.548 20.433 25.719 20.191 21.510 27.082 27.581 28.832 23.255 22.547 19.273 21.847 17.890 16.682 18.477 15.997 13.715 15.800 12.010 14.323 11.564 10.035 7.751 7.650 8.304 9.037 8.842 6.962 6.852 4.693 3.975 4.621 3.550 2.614 1.345 1.847 1.372 1.215 0.865 2.497 2.501 1.972
-999.250 -999.250 -999.250 36.661 33.806 48.272 57.902 53.610 46.643 48.423 48.156 61.612 67.016 71.258 67.444 94.348 104.703 91.817 81.533 70.734 60.372 54.183 42.280 43.703 38.405 31.520 34.209 25.736 21.192 21.637 21.094 17.676 18.782 23.563 25.815 24.628 21.216 23.680 22.577 19.822 17.985 24.073 16.879 15.958 14.962 15.255 13.031 12.834 12.856 10.234 6.300 7.084 6.159 9.506 9.236 8.749 8.101 7.246 5.631 4.939 3.727 3.152 3.724 2.534 2.201 2.778 0.596 0.434 1.924 1.956
-999.250 -999.250 42.037 45.570 41.090 50.159 63.079 64.966 56.088 45.335 42.313 54.092 66.106 89.740 94.102 91.151 106.420 98.115 88.758 89.093 66.394 60.687 58.167 41.400 29.262 26.891 25.687 21.007 18.119 19.787 21.036 19.822 18.720 23.999 25.955 25.349 31.157 22.415 25.232 20.709 19.222 18.847 17.410 14.796 15.447 13.744 10.194 10.565 12.662 11.270 11.258 10.554 8.387 10.392 6.728 8.328 9.473 6.644 5.398 6.852 5.445 2.551 4.370 3.003 1.981 2.085 0.230 2.418 2.124 2.259
-999.250 -999.250 39.299 58.785 56.129 51.667 64.485 69.797 63.551 60.536 58.151 69.919 76.715 80.490 101.351 107.479 113.990 102.640 103.588 72.549 -999.250 49.414 52.328 36.189 25.602 21.149 20.598 20.126 14.517 16.339 17.447 23.387 18.675 24.086 28.093 29.432 34.846 24.574 24.065 20.492 20.542 21.773 17.914 15.483 13.262 12.388 10.677 9.597 11.135 12.514 11.822 13.949 11.425 9.329 7.885 9.364 7.866 4.112 7.177 7.085 6.964 4.397 5.096 1.856 0.709 1.968 2.389 1.529 2.263 2.163
-999.250 43.073 41.686 39.460 44.382 61.476 58.913 55.104 62.507 51.814 69.133 79.179 90.049 82.275 94.450 112.574 111.378 105.991 88.913 -999.250 -999.250 65.455 55.279 34.578 26.616 19.059 16.988 18.423 13.775 16.931 17.432 27.317 26.749 29.219 29.989 29.700 31.985 35.691 30.809 29.909 25.051 23.075 17.223 17.607 15.613 12.910 11.915 13.269 12.032 11.274 12.275 12.870 11.959 12.804 8.231 9.543 10.370 8.423 5.036 5.226 5.209 3.324 2.688 3.787 1.111 0.194 2.600 2.600 1.057 0.395
-999.250 37.351 39.032 38.175 39.183 43.621 55.526 50.192 49.793 58.773 74.466 90.485 96.259 83.913 76.650 97.271 102.015 100.630 -999.250 -999.250 -999.250 -999.250 55.797 41.352 32.407 24.526 17.466 15.384 14.271 15.716 20.716 26.020 31.795 31.492 35.054 30.924 36.046 32.515 30.695 34.019 31.246 29.494 23.059 19.382 14.665 13.628 10.833 13.835 12.938 10.424 12.037 12.716 12.018 11.186 10.027 9.667 11.668 10.122 9.296 6.342 4.886 4.704 2.260 0.384 0.000 0.000 0.000 0.000 0.000 0.000
