data/medianmodel_07-Sep-2020.asc
ncols	141
nrows	288
xllcorner	-120191.398
yllcorner	-301404.813
cellsize	2000.000
NODATA_value	-999.250
[rows 62 to 92 of 288, columns 69 to 137 of 141]
0.000 0.000 0.000 0.000 0.000 0.000 3.460 10.473 16.857 21.937 22.146 17.364 11.225 11.897 32.614 54.482 68.191 73.284 63.883 48.731 29.344 10.998 0.000 0.000 0.000 0.000 0.000 0.000 0.000 0.000 0.000 0.000 0.000 0.000 0.000 0.000 0.000 0.000 0.284 4.926 8.079 -999.250 -999.250 -999.250 -999.250 -999.250 -999.250 -999.250 -999.250 -999.250 -999.250 -999.250 -999.250 -999.250 -999.250 -999.250 -999.250 -999.250 -999.250 -999.250 -999.250 -999.250 -999.250 -999.250 -999.250 -999.250 -999.250 -999.250 -999.250
0.878 0.000 0.000 0.000 0.000 0.000 0.000 4.823 9.732 12.919 17.161 17.415 12.454 10.271 51.794 84.123 97.659 97.371 92.299 74.286 52.585 24.197 0.000 1.514 0.459 0.000 0.000 0.000 0.000 0.000 0.000 0.000 0.000 0.000 0.000 0.000 0.000 0.000 0.000 0.000 4.427 9.840 -999.250 -999.250 -999.250 -999.250 -999.250 -999.250 -999.250 -999.250 -999.250 -999.250 -999.250 -999.250 -999.250 -999.250 -999.250 -999.250 -999.250 -999.250 -999.250 -999.250 -999.250 -999.250 -999.250 -999.250 -999.250 -999.250 -999.250
7.154 0.000 0.000 0.000 0.000 0.000 0.000 2.416 8.320 15.749 23.521 36.552 41.749 55.742 84.840 113.042 128.230 145.999 116.129 103.868 94.980 55.350 41.640 23.319 14.337 10.800 5.233 0.000 0.000 0.000 0.000 0.000 0.000 0.000 0.000 0.000 0.000 0.000 0.000 0.000 4.077 8.196 9.630 -999.250 -999.250 -999.250 -999.250 -999.250 -999.250 -999.250 -999.250 -999.250 -999.250 -999.250 -999.250 -999.250 -999.250 -999.250 -999.250 -999.250 -999.250 -999.250 -999.250 -999.250 -999.250 -999.250 -999.250 -999.250 -999.250
10.327 3.370 0.000 0.000 0.000 0.000 0.000 3.395 11.976 22.376 41.535 53.790 73.435 91.810 147.751 205.914 215.691 191.350 175.635 153.811 136.834 92.836 73.215 51.332 32.792 23.569 12.644 7.993 1.222 0.000 0.000 0.000 0.000 0.000 0.000 0.000 0.000 0.000 0.000 0.000 0.000 4.007 8.596 -999.250 -999.250 -999.250 -999.250 -999.250 -999.250 -999.250 -999.250 -999.250 -999.250 -999.250 -999.250 -999.250 -999.250 -999.250 -999.250 -999.250 -999.250 -999.250 -999.250 -999.250 -999.250 -999.250 -999.250 -999.250 -999.250
14.493 5.991 0.381 0.000 0.000 0.000 0.000 5.153 15.070 32.854 56.448 84.733 99.052 119.710 164.122 338.914 382.442 333.953 419.957 297.386 165.046 141.199 104.699 73.236 51.826 38.185 22.361 14.053 8.119 0.949 0.000 0.000 0.000 0.000 0.000 0.000 0.000 0.000 0.000 0.000 0.000 2.444 8.284 9.873 -999.250 -999.250 -999.250 -999.250 -999.250 -999.250 -999.250 -999.250 -999.250 -999.250 -999.250 -999.250 -999.250 -999.250 -999.250 -999.250 -999.250 -999.250 -999.250 -999.250 -999.250 -999.250 -999.250 -999.250 -999.250
17.150 8.449 0.524 0.000 0.000 0.000 0.000 7.608 18.416 42.112 63.595 88.683 116.558 158.137 362.600 333.887 423.420 544.798 544.918 377.909 269.790 174.662 122.212 87.090 65.243 44.880 28.755 16.022 9.621 4.947 0.000 0.000 0.000 0.000 0.000 0.000 0.000 0.000 0.000 0.000 0.000 0.834 7.717 10.640 12.688 -999.250 -999.250 -999.250 -999.250 -999.250 -999.250 -999.250 -999.250 -999.250 -999.250 -999.250 -999.250 -999.250 -999.250 -999.250 -999.250 -999.250 -999.250 -999.250 -999.250 -999.250 -999.250 -999.250 -999.250
21.703 8.577 0.000 0.000 0.000 0.000 0.000 10.093 21.522 48.125 73.341 93.213 130.768 202.612 300.820 483.720 534.826 574.105 583.951 458.210 420.770 257.626 138.702 103.195 79.023 55.934 36.847 22.843 12.757 8.234 0.683 0.000 0.000 0.000 0.000 0.000 0.000 0.000 0.000 0.000 0.000 0.268 5.813 9.204 10.239 -999.250 -999.250 -999.250 -999.250 -999.250 -999.250 -999.250 -999.250 -999.250 -999.250 -999.250 -999.250 -999.250 -999.250 -999.250 -999.250 -999.250 -999.250 -999.250 -999.250 -999.250 -999.250 -999.250 -999.250
17.944 8.372 0.570 0.000 0.000 0.000 0.000 10.279 24.517 49.217 77.384 117.319 156.801 224.064 315.240 408.419 564.509 616.510 644.857 573.138 560.540 338.005 155.425 111.479 79.376 65.488 42.606 25.806 16.321 8.060 1.289 0.000 0.000 0.000 0.000 0.000 0.000 0.000 0.000 0.000 0.000 2.135 5.300 8.502 11.308 -999.250 -999.250 -999.250 -999.250 -999.250 -999.250 -999.250 -999.250 -999.250 -999.250 -999.250 -999.250 -999.250 -999.250 -999.250 -999.250 -999.250 -999.250 -999.250 -999.250 -999.250 -999.250 -999.250 -999.250
11.839 4.605 0.000 0.000 0.000 0.000 0.000 7.010 22.241 49.291 84.775 123.259 165.792 264.244 310.523 353.906 563.025 658.034 685.693 646.486 491.760 336.351 159.304 116.507 88.597 67.605 43.789 24.939 15.539 6.784 1.116 0.000 0.000 0.000 0.000 0.000 0.000 0.000 0.000 0.000 0.000 1.424 6.855 8.472 9.926 9.490 10.149 -999.250 -999.250 -999.250 -999.250 -999.250 -999.250 -999.250 -999.250 -999.250 -999.250 -999.250 -999.250 -999.250 -999.250 -999.250 -999.250 -999.250 -999.250 -999.250 -999.250 -999.250 -999.250
8.280 1.624 0.000 0.000 0.000 0.000 0.000 0.000 20.474 51.936 83.810 103.580 136.389 157.082 231.447 392.185 501.433 573.685 550.230 535.033 480.139 264.849 146.382 98.495 81.908 50.636 33.206 20.815 10.088 4.693 0.000 0.000 0.000 0.000 0.000 0.000 0.000 0.000 0.000 0.000 0.000 3.382 7.091 8.990 10.916 11.336 11.835 -999.250 -999.250 -999.250 -999.250 -999.250 -999.250 -999.250 -999.250 -999.250 -999.250 -999.250 -999.250 -999.250 -999.250 -999.250 -999.250 -999.250 -999.250 -999.250 -999.250 -999.250 -999.250
4.179 0.000 0.000 0.000 0.000 0.000 0.000 3.190 20.461 48.644 70.734 105.623 117.197 153.981 207.939 320.071 373.085 384.059 337.840 378.989 331.366 168.341 124.567 100.990 64.847 44.683 24.864 16.730 8.160 3.800 0.000 0.000 0.000 0.000 0.000 0.000 0.000 0.000 0.000 0.000 0.000 2.868 6.807 10.787 12.035 12.910 -999.250 -999.250 -999.250 -999.250 -999.250 -999.250 -999.250 -999.250 -999.250 -999.250 -999.250 -999.250 -999.250 -999.250 -999.250 -999.250 -999.250 -999.250 -999.250 -999.250 -999.250 -999.250 -999.250
0.000 0.000 0.000 0.000 0.000 0.000 0.000 8.708 20.319 40.995 59.679 82.096 102.191 124.468 135.261 155.611 161.956 159.601 185.356 255.104 145.208 131.260 97.957 75.506 50.432 26.267 17.250 9.915 3.920 0.827 0.000 0.000 0.000 0.000 0.000 0.000 0.000 0.000 0.000 0.000 0.088 2.636 3.946 10.265 12.076 13.024 -999.250 -999.250 -999.250 -999.250 -999.250 -999.250 -999.250 -999.250 -999.250 -999.250 -999.250 -999.250 -999.250 -999.250 -999.250 -999.250 -999.250 -999.250 -999.250 -999.250 -999.250 -999.250 -999.250
0.000 0.000 0.000 0.000 0.000 0.000 1.756 10.600 18.939 36.269 49.344 64.785 73.115 80.920 106.486 100.241 105.845 119.466 126.217 122.492 102.574 96.791 60.693 43.637 21.543 15.067 8.410 4.367 0.737 0.000 0.000 0.000 0.000 0.000 0.000 0.000 0.000 0.000 0.000 0.000 0.960 2.655 5.790 8.259 9.647 12.410 -999.250 -999.250 -999.250 -999.250 -999.250 -999.250 -999.250 -999.250 -999.250 -999.250 -999.250 -999.250 -999.250 -999.250 -999.250 -999.250 -999.250 -999.250 -999.250 -999.250 -999.250 -999.250 -999.250
0.000 0.000 0.000 0.000 0.000 0.015 5.724 12.913 19.151 28.213 42.238 47.567 48.907 60.311 59.071 56.218 53.365 67.219 76.162 78.814 63.944 49.948 30.598 0.000 0.670 2.881 0.000 0.000 0.000 0.000 0.000 0.000 0.000 0.000 0.000 0.000 0.000 0.000 0.000 0.000 0.995 2.951 6.027 7.178 10.205 12.518 -999.250 -999.250 -999.250 -999.250 -999.250 -999.250 -999.250 -999.250 -999.250 -999.250 -999.250 -999.250 -999.250 -999.250 -999.250 -999.250 -999.250 -999.250 -999.250 -999.250 -999.250 -999.250 -999.250
0.000 0.000 0.000 0.000 0.000 2.967 8.207 12.781 20.988 22.692 23.884 29.313 24.783 23.130 21.647 12.738 0.000 19.796 41.019 45.797 39.747 31.196 11.891 0.000 0.000 0.000 0.000 0.000 0.000 0.000 0.000 0.000 0.000 0.000 0.000 0.000 0.000 0.000 0.000 0.000 2.570 4.335 4.126 5.780 8.237 9.105 -999.250 -999.250 -999.250 -999.250 -999.250 -999.250 -999.250 -999.250 -999.250 -999.250 -999.250 -999.250 -999.250 -999.250 -999.250 -999.250 -999.250 -999.250 -999.250 -999.250 -999.250 -999.250 -999.250
0.000 0.000 0.000 0.000 0.000 3.297 8.154 14.598 25.907 20.753 16.783 15.119 11.295 7.119 3.374 0.000 0.000 2.081 15.763 16.507 19.357 14.029 8.123 0.000 0.000 0.000 0.000 0.000 0.000 0.000 0.000 0.000 0.000 0.000 0.000 0.000 0.000 0.000 0.000 1.684 1.448 1.303 5.031 5.306 6.776 6.626 -999.250 -999.250 -999.250 -999.250 -999.250 -999.250 -999.250 -999.250 -999.250 -999.250 -999.250 -999.250 -999.250 -999.250 -999.250 -999.250 -999.250 -999.250 -999.250 -999.250 -999.250 -999.250 -999.250
0.000 0.000 0.000 0.000 0.241 0.618 5.707 8.768 15.324 11.759 11.175 8.008 4.457 0.000 0.000 0.000 0.000 0.000 0.219 4.284 7.028 6.946 4.725 0.713 0.000 0.000 0.000 0.000 0.000 0.000 0.000 0.000 0.000 0.000 0.000 0.000 0.000 0.000 0.000 1.861 0.397 1.865 2.280 4.943 4.989 3.662 -999.250 -999.250 -999.250 -999.250 -999.250 -999.250 -999.250 -999.250 -999.250 -999.250 -999.250 -999.250 -999.250 -999.250 -999.250 -999.250 -999.250 -999.250 -999.250 -999.250 -999.250 -999.250 -999.250
6.592 4.080 3.736 4.329 0.394 1.408 3.279 5.011 6.103 7.576 5.955 1.426 0.000 0.000 0.000 0.000 0.000 0.000 0.000 4.557 8.069 10.235 8.004 6.659 4.380 2.895 0.337 0.000 0.000 0.000 0.000 0.000 0.000 0.000 0.000 0.000 0.000 0.723 1.682 2.243 0.000 0.793 0.795 4.004 4.088 4.410 -999.250 -999.250 -999.250 -999.250 -999.250 -999.250 -999.250 -999.250 -999.250 -999.250 -999.250 -999.250 -999.250 -999.250 -999.250 -999.250 -999.250 -999.250 -999.250 -999.250 -999.250 -999.250 -999.250
15.653 13.805 9.403 7.342 2.061 0.176 2.362 0.418 1.419 0.472 0.298 0.000 0.000 0.000 0.000 0.000 0.000 0.000 1.151 7.862 12.528 14.564 14.595 13.754 11.892 9.344 4.342 2.787 0.000 0.000 0.000 0.000 0.000 0.000 0.000 0.000 0.000 1.603 1.844 1.280 1.177 0.000 1.653 0.107 1.369 3.810 5.993 -999.250 -999.250 -999.250 -999.250 -999.250 -999.250 -999.250 -999.250 -999.250 -999.250 -999.250 -999.250 -999.250 -999.250 -999.250 -999.250 -999.250 -999.250 -999.250 -999.250 -999.250 -999.250
28.551 23.970 15.414 11.189 5.794 0.948 0.000 0.000 0.000 0.000 0.000 0.000 0.000 0.000 0.000 0.000 0.000 1.008 7.234 14.085 19.561 23.421 23.729 20.835 19.385 14.550 9.948 4.908 1.772 0.000 0.000 0.000 0.000 0.000 0.000 0.641 2.449 1.148 1.396 0.195 0.793 0.246 0.405 0.000 0.000 0.214 3.138 -999.250 -999.250 -999.250 -999.250 -999.250 -999.250 -999.250 -999.250 -999.250 -999.250 -999.250 -999.250 -999.250 -999.250 -999.250 -999.250 -999.250 -999.250 -999.250 -999.250 -999.250 -999.250
46.273 29.657 19.048 11.272 7.453 3.880 0.000 0.000 0.000 0.000 0.000 0.000 0.000 0.000 0.000 0.000 0.000 5.552 11.676 22.143 32.363 40.074 39.800 34.512 24.651 19.412 13.769 8.676 3.118 0.000 0.000 0.000 0.000 0.000 0.000 2.347 2.729 3.321 3.480 1.542 0.000 0.000 0.000 0.000 0.000 0.000 0.004 -999.250 -999.250 -999.250 -999.250 -999.250 -999.250 -999.250 -999.250 -999.250 -999.250 -999.250 -999.250 -999.250 -999.250 -999.250 -999.250 -999.250 -999.250 -999.250 -999.250 -999.250 -999.250
38.017 32.742 21.814 14.343 8.989 7.289 4.781 3.780 1.205 0.000 0.000 0.000 0.000 0.000 0.000 0.000 1.622 8.236 18.317 32.114 45.024 54.113 51.294 41.928 32.618 21.960 17.207 9.052 3.723 0.000 0.000 0.040 0.000 0.343 1.624 2.508 4.065 1.904 2.303 1.641 0.000 0.000 0.000 0.000 0.000 0.000 0.000 -999.250 -999.250 -999.250 -999.250 -999.250 -999.250 -999.250 -999.250 -999.250 -999.250 -999.250 -999.250 -999.250 -999.250 -999.250 -999.250 -999.250 -999.250 -999.250 -999.250 -999.250 -999.250
28.231 27.271 23.133 18.472 11.936 9.735 10.319 9.410 5.832 1.639 0.000 0.000 0.000 0.000 0.000 0.000 2.534 9.572 19.270 38.632 52.365 72.171 54.453 45.191 36.732 24.799 18.927 9.294 4.799 2.352 2.853 0.703 1.941 2.087 4.472 5.683 2.929 4.651 2.817 1.842 0.311 0.000 0.000 0.000 0.000 0.000 -999.250 -999.250 -999.250 -999.250 -999.250 -999.250 -999.250 -999.250 -999.250 -999.250 -999.250 -999.250 -999.250 -999.250 -999.250 -999.250 -999.250 -999.250 -999.250 -999.250 -999.250 -999.250 -999.250
27.772 22.464 22.735 18.277 16.515 13.435 14.128 16.207 8.610 3.878 0.000 0.000 0.000 0.000 0.000 0.000 2.179 10.297 19.767 30.621 47.587 56.665 50.982 42.573 32.619 24.736 18.906 11.389 8.718 5.832 4.665 5.345 5.960 4.979 5.603 6.410 5.924 6.476 1.919 0.265 0.381 0.000 0.000 0.000 0.000 0.000 -999.250 -999.250 -999.250 -999.250 -999.250 -999.250 -999.250 -999.250 -999.250 -999.250 -999.250 -999.250 -999.250 -999.250 -999.250 -999.250 -999.250 -999.250 -999.250 -999.250 -999.250 -999.250 -999.250
23.395 22.792 24.847 20.691 19.184 16.357 15.786 13.120 9.052 5.334 0.961 0.000 0.000 0.000 0.000 0.000 0.618 8.606 15.503 24.741 36.926 42.929 42.633 35.747 28.324 21.682 16.939 15.250 11.105 8.831 8.381 7.573 7.552 8.731 9.068 6.248 6.863 4.352 3.037 0.614 0.000 0.000 0.000 0.000 0.000 -999.250 -999.250 -999.250 -999.250 -999.250 -999.250 -999.250 -999.250 -999.250 -999.250 -999.250 -999.250 -999.250 -999.250 -999.250 -999.250 -999.250 -999.250 -999.250 -999.250 -999.250 -999.250 -999.250 -999.250
22.131 24.229 24.090 23.585 20.743 17.408 15.179 13.296 8.357 4.744 0.000 0.000 0.000 0.000 0.000 0.000 0.000 4.629 13.040 19.360 22.910 26.755 29.151 25.922 22.585 21.237 16.136 15.721 15.184 12.303 11.177 11.441 11.715 10.472 9.711 8.335 5.598 4.454 1.152 1.926 0.000 0.000 0.000 0.000 0.000 -999.250 -999.250 -999.250 -999.250 -999.250 -999.250 -999.250 -999.250 -999.250 -999.250 -999.250 -999.250 -999.250 -999.250 -999.250 -999.250 -999.250 -999.250 -999.250 -999.250 -999.250 -999.250 -999.250 -999.250
22.516 24.265 23.177 24.901 22.658 21.010 16.638 11.541 7.994 4.020 0.000 0.000 0.000 0.000 0.000 0.000 0.000 2.467 8.455 11.983 16.161 17.397 21.110 19.306 19.357 18.055 17.245 18.425 20.529 15.565 14.539 11.995 13.239 11.530 9.407 9.259 7.987 4.786 2.353 0.000 0.000 0.000 0.000 0.000 0.000 0.000 0.000 -999.250 -999.250 -999.250 -999.250 -999.250 -999.250 -999.250 -999.250 -999.250 -999.250 -999.250 -999.250 -999.250 -999.250 -999.250 -999.250 -999.250 -999.250 -999.250 -999.250 -999.250 -999.250
21.292 23.623 30.831 23.515 23.460 21.419 18.134 11.237 7.838 5.563 2.384 0.000 0.000 0.000 0.000 0.000 0.000 0.000 3.598 6.147 8.951 10.966 14.088 15.220 14.103 14.993 15.124 16.899 17.633 16.873 13.956 15.528 14.912 12.696 9.683 9.544 7.215 3.707 1.536 0.000 0.000 0.000 0.000 0.000 0.000 0.000 0.000 -999.250 -999.250 -999.250 -999.250 -999.250 -999.250 -999.250 -999.250 -999.250 -999.250 -999.250 -999.250 -999.250 -999.250 -999.250 -999.250 -999.250 -999.250 -999.250 -999.250 -999.250 -999.250
19.719 22.511 22.814 23.289 21.629 21.015 16.026 15.137 12.310 7.869 5.261 0.449 0.000 0.000 0.000 0.000 0.000 0.000 0.000 1.214 3.243 8.857 10.038 13.076 13.540 14.772 13.820 14.038 14.833 15.566 13.772 12.856 11.644 11.206 8.659 6.921 4.824 2.162 0.078 0.000 0.000 0.000 0.000 0.000 0.000 0.000 0.000 -999.250 -999.250 -999.250 -999.250 -999.250 -999.250 -999.250 -999.250 -999.250 -999.250 -999.250 -999.250 -999.250 -999.250 -999.250 -999.250 -999.250 -999.250 -999.250 -999.250 -999.250 -999.250
15.475 17.844 21.126 21.166 21.959 22.231 21.436 17.974 13.751 9.935 9.043 7.312 2.279 0.000 0.000 0.000 0.000 0.000 0.000 0.000 0.390 5.729 8.876 13.856 15.194 12.912 14.980 12.375 12.508 14.014 13.059 12.495 10.187 9.314 8.801 3.946 1.917 0.756 0.000 0.000 0.000 0.000 0.000 0.000 0.000 0.000 -999.250 -999.250 -999.250 -999.250 -999.250 -999.250 -999.250 -999.250 -999.250 -999.250 -999.250 -999.250 -999.250 -999.250 -999.250 -999.250 -999.250 -999.250 -999.250 -999.250 -999.250 -999.250 -999.250
10.055 17.218 17.703 18.891 21.610 19.760 21.180 21.448 18.709 17.066 14.222 12.107 7.027 4.726 0.000 0.000 0.000 0.000 0.000 0.000 0.609 5.617 8.526 11.153 11.264 12.601 11.236 12.303 11.736 11.945 12.815 11.192 10.323 9.430 5.439 4.163 0.830 0.000 0.000 0.000 0.000 0.000 0.000 0.000 0.000 0.000 -999.250 -999.250 -999.250 -999.250 -999.250 -999.250 -999.250 -999.250 -999.250 -999.250 -999.250 -999.250 -999.250 -999.250 -999.250 -999.250 -999.250 -999.250 -999.250 -999.250 -999.250 -999.250 -999.250
