data/medianmodel_07-Nov-2020.asc
ncols	141
nrows	288
xllcorner	-120191.398
yllcorner	-301404.813
cellsize	2000.000
NODATA_value	-999.250
[rows 58 to 86 of 288, columns 65 to 129 of 141]
555.330 528.295 452.108 399.472 331.982 280.774 256.020 228.303 197.403 184.035 166.575 164.766 152.781 118.703 143.632 184.243 238.463 288.654 328.859 317.181 308.147 293.480 273.628 263.464 286.787 273.068 263.121 258.786 316.294 347.913 364.106 368.711 363.580 392.891 409.792 424.226 447.610 457.158 421.726 440.538 433.040 447.184 506.709 529.246 649.532 727.243 759.710 893.385 976.294 1037.930 952.337 983.177 -999.250 -999.250 -999.250 -999.250 -999.250 -999.250 -999.250 -999.250 -999.250 -999.250 -999.250 -999.250 -999.250
592.115 540.480 466.822 403.117 356.401 276.253 252.764 215.708 179.144 167.002 140.143 155.310 142.485 147.483 164.350 197.944 261.302 290.596 311.112 305.352 297.038 289.503 284.012 260.586 262.839 245.002 274.745 268.999 276.356 322.215 366.922 356.048 365.227 425.610 406.846 406.761 432.796 477.799 458.419 453.830 433.812 464.846 498.874 537.152 605.411 724.575 787.238 831.193 860.997 992.393 910.311 -999.250 -999.250 -999.250 -999.250 -999.250 -999.250 -999.250 -999.250 -999.250 -999.250 -999.250 -999.250 -999.250 -999.250
610.146 567.659 495.406 435.126 357.309 311.421 257.477 217.900 171.967 155.509 145.317 137.835 145.734 169.701 195.961 226.753 274.693 312.837 327.694 311.949 295.515 283.343 265.070 278.299 248.260 227.976 235.289 260.801 288.647 295.486 360.643 383.215 376.515 427.459 396.952 436.025 417.466 448.735 441.351 448.263 425.351 464.090 530.348 581.513 573.361 656.565 686.136 754.354 805.476 710.069 850.354 -999.250 -999.250 -999.250 -999.250 -999.250 -999.250 -999.250 -999.250 -999.250 -999.250 -999.250 -999.250 -999.250 -999.250
680.668 584.353 486.029 421.252 372.845 304.082 261.419 231.789 169.196 136.000 141.088 159.478 167.655 195.937 227.893 259.917 319.526 347.407 319.053 316.928 304.385 288.612 290.455 257.828 227.330 214.180 232.498 252.595 257.563 294.538 347.972 390.354 391.141 414.509 427.338 428.586 423.196 425.022 434.045 423.445 410.892 443.050 498.893 532.360 562.629 571.343 591.649 628.441 723.372 711.297 -999.250 -999.250 -999.250 -999.250 -999.250 -999.250 -999.250 -999.250 -999.250 -999.250 -999.250 -999.250 -999.250 -999.250 -999.250
641.817 615.682 514.602 459.179 418.921 306.006 261.100 228.325 167.360 128.139 160.868 193.435 197.380 233.242 268.928 293.391 327.845 380.449 365.855 318.385 288.411 306.745 261.933 224.207 203.495 176.092 198.880 221.363 248.945 288.015 340.349 384.025 431.426 430.148 435.121 438.888 431.114 437.438 421.339 407.557 458.039 463.217 463.206 473.220 522.468 -999.250 -999.250 -999.250 -999.250 -999.250 -999.250 -999.250 -999.250 -999.250 -999.250 -999.250 -999.250 -999.250 -999.250 -999.250 -999.250 -999.250 -999.250 -999.250 -999.250
737.608 614.679 538.760 468.438 444.567 324.968 290.116 246.839 200.683 169.281 187.793 186.013 217.436 231.818 286.131 317.045 376.060 410.846 388.747 345.566 283.009 280.371 254.510 208.272 201.998 174.987 154.381 226.945 255.127 328.947 372.659 402.595 413.469 430.866 449.790 436.777 428.709 437.488 419.726 412.805 405.771 457.628 456.704 471.586 448.270 508.376 -999.250 -999.250 -999.250 -999.250 -999.250 -999.250 -999.250 -999.250 -999.250 -999.250 -999.250 -999.250 -999.250 -999.250 -999.250 -999.250 -999.250 -999.250 -999.250
660.882 574.659 483.357 448.757 436.201 373.431 298.278 275.326 233.880 205.244 217.710 225.229 226.241 245.521 272.954 328.280 357.051 371.302 380.115 337.843 258.776 229.800 232.171 211.370 181.497 184.298 210.456 278.339 288.685 343.476 395.776 439.909 436.015 441.374 437.000 446.012 448.850 426.642 422.438 408.151 359.677 411.324 408.243 425.996 460.998 498.495 536.228 -999.250 -999.250 -999.250 -999.250 -999.250 -999.250 -999.250 -999.250 -999.250 -999.250 -999.250 -999.250 -999.250 -999.250 -999.250 -999.250 -999.250 -999.250
655.766 547.466 516.279 503.791 439.225 378.928 351.226 287.664 259.197 243.203 241.122 258.437 273.127 280.384 301.304 324.838 331.666 356.539 324.003 292.796 242.637 220.899 220.478 204.101 218.489 235.636 249.128 296.777 337.880 336.832 427.487 424.043 441.852 442.991 427.713 453.110 420.577 408.270 395.088 386.574 350.555 360.623 377.201 374.789 418.919 423.092 467.902 -999.250 -999.250 -999.250 -999.250 -999.250 -999.250 -999.250 -999.250 -999.250 -999.250 -999.250 -999.250 -999.250 -999.250 -999.250 -999.250 -999.250 -999.250
562.060 493.070 546.548 491.142 486.477 424.797 402.834 331.881 302.194 277.933 268.491 264.876 277.134 273.226 282.275 309.763 299.172 314.623 290.353 252.058 229.451 215.367 211.831 241.979 245.811 277.627 308.245 337.666 370.038 391.925 414.311 410.420 434.097 428.276 435.468 457.058 417.197 410.174 383.779 390.908 382.183 350.833 328.047 331.551 350.130 416.999 438.996 436.983 -999.250 -999.250 -999.250 -999.250 -999.250 -999.250 -999.250 -999.250 -999.250 -999.250 -999.250 -999.250 -999.250 -999.250 -999.250 -999.250 -999.250
540.049 513.331 467.941 489.027 488.478 467.774 407.257 346.413 338.184 306.973 288.913 295.218 275.042 264.952 264.424 262.861 287.320 283.044 259.214 238.262 201.666 212.214 217.409 213.851 275.857 297.850 380.562 411.032 412.563 444.571 455.268 441.463 455.818 442.858 446.179 453.524 406.504 399.243 357.548 343.731 330.861 308.710 305.883 294.591 286.533 320.663 379.141 444.133 419.676 -999.250 -999.250 -999.250 -999.250 -999.250 -999.250 -999.250 -999.250 -999.250 -999.250 -999.250 -999.250 -999.250 -999.250 -999.250 -999.250
538.836 530.626 510.954 477.718 506.402 455.375 426.400 365.996 338.292 301.357 265.887 254.711 253.573 238.793 238.520 240.179 245.462 238.839 201.567 179.924 158.484 152.502 187.355 237.504 278.131 354.684 399.802 438.407 436.554 466.603 495.404 465.581 477.685 473.131 463.278 455.701 418.831 367.397 388.211 334.147 311.005 283.847 271.191 266.806 285.238 306.230 332.649 352.021 388.471 -999.250 -999.250 -999.250 -999.250 -999.250 -999.250 -999.250 -999.250 -999.250 -999.250 -999.250 -999.250 -999.250 -999.250 -999.250 -999.250
489.921 493.265 492.439 442.606 450.503 423.302 388.514 340.462 312.661 284.434 268.791 237.287 221.111 223.394 228.306 224.148 199.890 195.273 170.384 152.867 137.287 125.613 146.966 226.615 302.378 364.579 408.077 456.357 479.310 508.022 549.202 534.940 556.208 501.041 508.125 472.928 471.876 369.450 327.995 307.777 287.738 279.905 282.977 289.212 264.000 286.571 310.750 324.548 373.931 -999.250 -999.250 -999.250 -999.250 -999.250 -999.250 -999.250 -999.250 -999.250 -999.250 -999.250 -999.250 -999.250 -999.250 -999.250 -999.250
493.267 520.911 445.255 442.811 433.412 408.744 360.453 311.464 308.745 285.579 254.945 221.037 193.705 209.789 205.939 181.766 186.543 171.970 146.733 140.160 126.562 118.313 92.661 239.361 342.448 430.965 468.637 483.418 507.130 550.070 575.649 569.344 579.210 523.440 481.272 446.977 439.978 401.628 330.665 340.434 292.610 289.762 282.291 250.937 239.993 263.585 265.146 305.632 326.320 354.238 335.794 -999.250 -999.250 -999.250 -999.250 -999.250 -999.250 -999.250 -999.250 -999.250 -999.250 -999.250 -999.250 -999.250 -999.250
478.776 451.593 443.791 421.438 393.645 343.853 352.154 325.131 322.855 274.279 242.332 170.685 165.177 180.439 157.900 160.013 156.858 154.750 125.518 127.788 146.313 146.718 199.051 276.059 403.530 497.938 534.712 611.549 693.927 735.994 701.789 651.851 598.582 551.344 531.065 504.562 469.566 425.757 400.577 352.513 307.522 298.853 265.746 250.910 227.740 246.505 243.311 284.086 326.935 354.757 366.410 -999.250 -999.250 -999.250 -999.250 -999.250 -999.250 -999.250 -999.250 -999.250 -999.250 -999.250 -999.250 -999.250 -999.250
420.022 420.730 427.441 363.122 379.214 338.304 317.840 319.362 288.679 265.164 211.179 175.732 164.132 156.586 164.030 126.684 146.172 132.352 153.649 148.047 157.419 208.469 263.684 359.257 480.454 573.950 648.231 710.081 745.972 864.893 783.057 750.283 676.142 643.436 520.309 510.714 454.528 445.336 396.012 325.608 322.414 286.367 260.652 231.233 241.436 216.028 226.850 261.957 305.270 354.154 -999.250 -999.250 -999.250 -999.250 -999.250 -999.250 -999.250 -999.250 -999.250 -999.250 -999.250 -999.250 -999.250 -999.250 -999.250
410.313 391.716 372.421 355.618 350.048 332.380 317.416 307.535 283.781 244.010 231.656 179.881 163.102 157.009 151.051 133.402 120.626 134.589 147.076 156.944 182.558 261.991 341.523 437.384 538.519 702.645 790.086 849.776 1012.627 956.359 929.682 784.975 779.143 663.807 555.501 508.605 462.424 416.315 350.870 337.234 301.273 290.998 255.430 213.128 210.463 213.171 226.420 253.862 298.913 358.735 -999.250 -999.250 -999.250 -999.250 -999.250 -999.250 -999.250 -999.250 -999.250 -999.250 -999.250 -999.250 -999.250 -999.250 -999.250
358.949 348.109 370.364 325.894 297.061 329.725 319.296 282.593 264.656 251.553 216.186 178.969 167.085 146.441 139.477 122.251 128.202 126.736 152.457 169.160 225.467 300.842 389.344 469.856 580.635 746.175 947.125 1111.306 1045.330 1061.655 935.250 936.242 842.067 773.804 630.478 538.855 495.596 437.694 365.454 324.865 312.795 279.662 240.733 241.394 213.145 224.721 240.071 271.217 284.699 284.049 -999.250 -999.250 -999.250 -999.250 -999.250 -999.250 -999.250 -999.250 -999.250 -999.250 -999.250 -999.250 -999.250 -999.250 -999.250
308.181 316.405 311.060 318.041 300.975 289.871 285.028 258.604 246.237 245.857 209.826 181.351 172.575 144.070 135.773 142.626 147.538 149.935 142.802 145.138 187.000 290.892 396.952 477.946 623.532 820.840 1038.914 1216.901 1087.268 1118.829 989.180 877.817 814.366 756.312 699.106 555.721 494.778 449.058 385.899 317.236 293.194 255.414 246.946 241.544 198.804 225.344 247.350 262.353 288.781 306.775 -999.250 -999.250 -999.250 -999.250 -999.250 -999.250 -999.250 -999.250 -999.250 -999.250 -999.250 -999.250 -999.250 -999.250 -999.250
283.646 288.109 325.169 272.426 273.403 268.636 280.023 243.139 232.320 228.540 194.509 197.403 171.052 149.967 154.674 158.273 158.070 154.794 150.619 143.197 150.473 274.805 403.682 473.527 637.389 815.401 969.074 1045.142 1097.176 1080.806 1041.752 904.618 777.737 764.704 733.428 594.456 520.563 452.194 412.022 345.572 296.911 282.352 243.478 236.148 211.536 232.957 259.648 271.434 281.811 305.546 -999.250 -999.250 -999.250 -999.250 -999.250 -999.250 -999.250 -999.250 -999.250 -999.250 -999.250 -999.250 -999.250 -999.250 -999.250
248.048 276.502 283.658 289.278 274.871 274.115 240.924 230.347 259.046 228.901 217.238 178.091 146.805 156.374 159.730 173.770 180.137 175.333 184.433 177.734 208.139 301.124 378.172 472.456 558.373 753.366 890.130 986.288 1052.304 1017.711 992.127 820.058 863.307 809.051 749.226 604.097 509.646 454.988 408.666 339.892 309.151 294.721 259.992 257.267 263.745 248.027 248.589 259.256 269.782 295.952 -999.250 -999.250 -999.250 -999.250 -999.250 -999.250 -999.250 -999.250 -999.250 -999.250 -999.250 -999.250 -999.250 -999.250 -999.250
240.479 264.316 265.368 279.031 284.051 288.320 284.239 275.150 263.138 272.607 256.411 216.462 177.691 172.046 183.727 179.300 213.439 214.191 224.993 237.184 280.495 318.992 403.643 467.886 542.906 674.156 724.105 840.809 900.102 882.389 893.586 841.417 782.440 796.663 705.057 653.413 491.745 477.197 399.992 356.069 315.208 293.425 274.443 244.471 256.462 255.166 257.985 288.228 289.165 261.006 -999.250 -999.250 -999.250 -999.250 -999.250 -999.250 -999.250 -999.250 -999.250 -999.250 -999.250 -999.250 -999.250 -999.250 -999.250
200.567 233.962 265.621 251.029 294.527 298.895 284.290 297.950 311.496 273.779 283.423 251.917 236.564 229.899 227.779 219.679 237.872 259.393 256.449 261.681 293.433 340.360 402.415 446.335 516.394 507.089 619.124 749.002 796.482 765.021 758.635 784.803 750.894 744.916 670.854 613.586 572.078 500.109 422.908 350.774 322.195 300.062 265.621 236.876 257.942 279.532 260.875 252.915 276.044 316.929 -999.250 -999.250 -999.250 -999.250 -999.250 -999.250 -999.250 -999.250 -999.250 -999.250 -999.250 -999.250 -999.250 -999.250 -999.250
196.370 251.974 246.298 279.773 277.507 278.978 298.367 305.502 331.086 297.762 299.580 276.160 274.694 263.814 266.178 258.880 293.662 301.017 307.207 308.640 339.512 374.522 386.432 376.224 474.692 476.704 494.776 692.102 702.450 686.970 643.598 745.473 720.476 717.495 588.949 586.556 628.483 468.183 414.593 358.400 324.731 298.591 266.190 287.664 264.574 288.260 273.340 263.214 272.366 303.518 321.617 -999.250 -999.250 -999.250 -999.250 -999.250 -999.250 -999.250 -999.250 -999.250 -999.250 -999.250 -999.250 -999.250 -999.250
202.956 250.094 256.321 271.746 267.052 283.787 327.750 351.520 378.841 342.582 313.400 319.821 297.715 281.096 286.700 290.764 288.880 323.400 335.817 357.971 331.335 362.325 360.588 391.817 387.185 423.074 454.307 549.480 591.091 707.802 662.016 731.380 711.203 743.430 708.976 652.141 552.662 483.475 436.032 393.965 350.774 328.396 303.052 307.531 279.853 274.833 250.767 285.798 294.351 318.055 325.515 -999.250 -999.250 -999.250 -999.250 -999.250 -999.250 -999.250 -999.250 -999.250 -999.250 -999.250 -999.250 -999.250 -999.250
224.527 230.899 256.246 284.269 259.129 318.363 334.404 378.458 374.971 391.180 371.180 370.685 356.767 320.320 306.632 294.598 302.944 345.613 366.694 375.607 399.026 367.728 344.522 315.619 299.273 311.991 368.119 455.104 499.379 556.609 652.773 677.617 660.819 681.967 697.820 655.250 537.048 470.842 483.086 429.310 367.424 334.359 314.589 292.207 280.424 301.405 310.833 299.585 331.934 330.583 337.652 -999.250 -999.250 -999.250 -999.250 -999.250 -999.250 -999.250 -999.250 -999.250 -999.250 -999.250 -999.250 -999.250 -999.250
234.599 254.859 275.319 308.196 303.811 366.828 382.740 393.799 396.582 406.525 401.914 386.809 379.118 344.793 298.938 327.920 336.954 374.980 408.098 429.539 405.021 346.097 330.308 278.043 227.456 207.697 279.129 403.343 484.753 524.506 590.623 580.115 668.747 737.022 720.458 657.745 615.001 497.055 519.829 525.131 448.873 406.508 394.353 355.870 317.697 343.007 337.541 303.846 351.115 345.153 367.005 -999.250 -999.250 -999.250 -999.250 -999.250 -999.250 -999.250 -999.250 -999.250 -999.250 -999.250 -999.250 -999.250 -999.250
238.526 280.255 289.988 324.606 357.935 369.937 417.036 427.885 385.044 397.985 427.405 407.800 381.481 390.424 330.313 309.954 313.407 355.062 443.221 507.950 406.381 359.243 300.774 232.373 160.406 86.605 217.799 334.514 437.490 496.965 576.679 683.972 761.154 769.205 752.906 660.056 618.239 541.863 516.403 492.224 460.489 492.293 446.775 377.449 339.923 369.466 345.228 334.817 351.922 343.053 -999.250 -999.250 -999.250 -999.250 -999.250 -999.250 -999.250 -999.250 -999.250 -999.250 -999.250 -999.250 -999.250 -999.250 -999.250
257.325 294.660 332.863 348.193 358.713 400.710 435.553 407.013 402.861 404.315 417.497 437.601 405.418 372.389 300.223 289.888 295.743 325.877 386.324 436.907 398.694 335.790 308.716 247.759 194.732 192.348 290.233 384.622 486.564 609.365 669.765 765.367 819.358 849.294 816.307 784.729 631.756 575.369 589.802 558.269 519.265 457.804 438.993 400.103 369.626 366.147 368.101 352.747 393.027 367.335 -999.250 -999.250 -999.250 -999.250 -999.250 -999.250 -999.250 -999.250 -999.250 -999.250 -999.250 -999.250 -999.250 -999.250 -999.250
296.074 315.090 351.856 371.401 410.384 416.322 445.960 447.753 427.153 426.006 425.404 411.367 353.708 316.932 280.503 286.084 264.358 282.581 320.979 373.778 375.279 350.313 320.246 344.376 297.614 294.922 331.834 439.459 563.198 642.266 755.327 858.725 952.240 881.679 948.977 793.255 787.996 780.392 666.360 595.634 542.976 466.192 485.791 415.908 403.271 401.818 407.482 388.440 363.861 -999.250 -999.250 -999.250 -999.250 -999.250 -999.250 -999.250 -999.250 -999.250 -999.250 -999.250 -999.250 -999.250 -999.250 -999.250 -999.250
