data/medianmodel_30-Dec-2020.asc
ncols	141
nrows	288
xllcorner	-120191.398
yllcorner	-301404.813
cellsize	2000.000
NODATA_value	-999.250
[rows 58 to 86 of 288, columns 65 to 129 of 141]
222.582 215.998 204.841 208.948 268.410 341.408 419.507 497.584 586.181 744.383 833.570 956.512 1065.068 1319.232 1468.284 1560.804 1542.976 1542.574 1438.443 1306.674 970.580 853.365 719.876 543.878 433.781 364.600 330.362 297.863 295.446 296.429 292.014 301.951 286.529 266.085 229.965 173.229 137.128 119.956 104.759 90.353 81.932 69.692 66.470 65.066 61.050 52.943 50.072 40.681 41.797 53.010 69.774 82.517 -999.250 -999.250 -999.250 -999.250 -999.250 -999.250 -999.250 -999.250 -999.250 -999.250 -999.250 -999.250 -999.250
236.407 212.039 199.973 213.133 276.159 326.832 377.477 448.488 537.283 657.594 767.878 851.631 946.356 1120.769 1349.784 1358.912 1312.116 1271.975 1244.756 1111.531 938.813 806.084 735.414 550.821 464.124 395.605 362.849 361.534 350.340 360.447 377.706 381.771 372.164 345.898 315.100 277.036 233.252 188.699 149.168 123.255 99.036 90.001 83.108 69.310 60.117 58.849 41.083 35.516 34.564 40.214 54.788 -999.250 -999.250 -999.250 -999.250 -999.250 -999.250 -999.250 -999.250 -999.250 -999.250 -999.250 -999.250 -999.250 -999.250
241.412 228.660 233.541 251.578 268.021 310.114 355.339 399.867 452.828 551.944 634.565 761.884 897.615 979.949 1018.919 1113.470 1117.892 1094.698 998.833 944.934 858.857 749.510 653.574 556.045 483.809 429.797 416.892 410.004 426.437 446.892 485.056 489.176 480.349 457.942 441.262 379.343 326.198 277.174 218.484 168.405 144.881 129.682 100.581 74.979 64.748 56.238 52.899 40.028 36.471 39.637 43.017 -999.250 -999.250 -999.250 -999.250 -999.250 -999.250 -999.250 -999.250 -999.250 -999.250 -999.250 -999.250 -999.250 -999.250
262.084 249.639 242.775 261.370 275.570 301.900 332.780 359.920 394.607 453.108 554.257 664.565 802.071 898.400 925.248 946.022 946.008 915.931 883.268 811.338 770.151 678.816 579.021 507.275 470.944 449.502 452.856 450.421 494.655 551.836 584.325 617.433 617.411 634.879 568.928 489.414 426.499 343.974 307.798 261.198 195.596 159.055 132.390 109.525 79.821 72.508 59.672 49.906 49.211 42.931 -999.250 -999.250 -999.250 -999.250 -999.250 -999.250 -999.250 -999.250 -999.250 -999.250 -999.250 -999.250 -999.250 -999.250 -999.250
272.745 278.519 273.587 281.350 291.853 312.826 329.282 336.114 342.104 358.790 457.215 555.140 645.454 739.968 792.843 812.600 786.702 762.262 726.560 721.694 678.851 568.993 536.594 500.865 454.236 448.608 454.058 490.330 564.031 634.462 738.303 787.878 801.574 790.118 732.601 603.516 540.245 447.898 394.433 328.921 287.869 204.144 163.946 134.106 111.079 -999.250 -999.250 -999.250 -999.250 -999.250 -999.250 -999.250 -999.250 -999.250 -999.250 -999.250 -999.250 -999.250 -999.250 -999.250 -999.250 -999.250 -999.250 -999.250 -999.250
305.304 299.598 297.362 311.357 311.250 319.993 328.778 332.133 337.600 356.551 423.259 511.275 571.402 627.943 683.191 659.174 619.049 564.914 573.847 592.314 554.612 504.269 497.019 462.015 430.883 433.829 463.142 548.600 622.606 733.975 877.343 951.672 989.063 960.150 833.134 726.121 635.097 518.002 451.596 381.540 320.322 256.944 201.966 166.101 141.261 109.888 -999.250 -999.250 -999.250 -999.250 -999.250 -999.250 -999.250 -999.250 -999.250 -999.250 -999.250 -999.250 -999.250 -999.250 -999.250 -999.250 -999.250 -999.250 -999.250
327.625 335.452 325.316 328.494 342.279 338.031 338.872 341.301 358.444 362.923 423.691 476.295 521.507 547.297 573.587 571.429 532.054 504.481 470.079 477.824 462.345 440.545 426.963 419.855 419.904 435.048 495.991 559.428 678.869 816.351 943.945 1080.930 1286.244 1057.867 893.801 803.278 741.477 595.654 528.017 456.266 379.538 312.308 270.687 223.871 157.178 129.579 105.404 -999.250 -999.250 -999.250 -999.250 -999.250 -999.250 -999.250 -999.250 -999.250 -999.250 -999.250 -999.250 -999.250 -999.250 -999.250 -999.250 -999.250 -999.250
347.579 364.621 360.643 370.405 372.267 373.380 374.605 382.370 391.051 412.627 436.834 465.413 505.898 512.200 518.244 525.350 486.804 467.176 435.084 412.328 383.466 378.584 381.572 388.295 399.118 429.325 506.036 577.779 763.382 836.374 982.457 1103.386 1189.281 1088.345 983.755 828.333 786.109 691.548 599.694 519.691 436.815 360.390 315.398 255.673 191.896 144.707 124.054 -999.250 -999.250 -999.250 -999.250 -999.250 -999.250 -999.250 -999.250 -999.250 -999.250 -999.250 -999.250 -999.250 -999.250 -999.250 -999.250 -999.250 -999.250
364.088 380.426 396.603 415.475 430.862 425.863 437.285 432.198 445.532 467.770 486.960 496.224 515.102 502.788 518.145 506.586 462.726 428.876 379.198 351.376 347.592 327.122 337.859 347.712 374.992 433.801 499.683 591.216 728.969 807.733 936.872 1097.357 1095.458 1041.486 1003.332 929.526 807.081 755.718 652.424 545.686 487.986 416.609 351.127 299.353 236.997 171.210 141.629 119.342 -999.250 -999.250 -999.250 -999.250 -999.250 -999.250 -999.250 -999.250 -999.250 -999.250 -999.250 -999.250 -999.250 -999.250 -999.250 -999.250 -999.250
389.933 410.395 433.282 462.587 482.630 479.511 472.861 479.224 501.600 518.118 529.656 554.204 557.945 531.455 519.476 493.809 456.200 409.155 373.233 341.545 314.652 299.313 312.105 323.200 356.769 427.477 505.725 604.455 696.750 808.464 919.865 1021.359 1040.579 1037.169 951.978 908.361 871.565 809.748 737.850 597.081 540.862 470.175 387.476 338.727 268.625 231.566 176.949 140.100 122.133 -999.250 -999.250 -999.250 -999.250 -999.250 -999.250 -999.250 -999.250 -999.250 -999.250 -999.250 -999.250 -999.250 -999.250 -999.250 -999.250
422.116 439.806 462.483 502.050 557.043 543.423 514.335 529.338 546.464 572.636 579.586 606.838 579.900 536.695 512.282 469.237 442.792 406.889 365.790 341.666 305.531 285.303 282.292 291.128 341.335 406.294 496.256 575.802 704.923 823.993 876.141 964.470 999.080 1011.058 952.606 873.353 846.591 823.225 749.475 642.718 593.929 511.561 429.229 357.812 304.037 265.664 204.540 158.962 133.889 -999.250 -999.250 -999.250 -999.250 -999.250 -999.250 -999.250 -999.250 -999.250 -999.250 -999.250 -999.250 -999.250 -999.250 -999.250 -999.250
432.620 453.470 464.865 515.068 546.784 556.413 547.699 551.731 600.941 645.560 702.245 681.520 643.109 590.319 547.679 493.340 453.095 415.341 370.130 340.265 293.021 271.455 238.725 273.190 311.664 373.388 447.232 559.436 681.033 769.405 842.090 880.024 936.356 922.128 924.496 913.322 841.822 828.622 781.829 715.517 631.186 525.527 467.470 392.626 342.580 285.988 251.008 171.914 139.164 -999.250 -999.250 -999.250 -999.250 -999.250 -999.250 -999.250 -999.250 -999.250 -999.250 -999.250 -999.250 -999.250 -999.250 -999.250 -999.250
443.970 445.364 470.273 492.127 530.654 540.370 557.470 588.857 648.467 685.337 743.079 754.830 689.231 607.098 544.135 512.022 468.755 428.941 391.444 358.041 323.222 273.402 222.387 288.833 328.203 382.448 447.251 515.102 608.595 723.948 798.629 856.928 892.891 928.649 929.647 900.436 864.337 813.493 809.863 743.683 626.857 551.998 494.094 426.125 367.398 310.350 245.142 189.191 145.314 121.039 108.783 -999.250 -999.250 -999.250 -999.250 -999.250 -999.250 -999.250 -999.250 -999.250 -999.250 -999.250 -999.250 -999.250 -999.250
445.962 450.377 473.346 487.339 535.415 564.169 575.410 609.064 700.575 727.971 764.822 832.089 711.790 595.394 549.769 508.657 489.165 478.009 450.971 410.431 367.092 334.441 306.213 316.806 350.265 374.929 425.561 502.489 560.947 673.750 728.201 763.581 798.790 863.083 868.644 888.022 883.268 855.562 785.736 744.920 672.273 578.734 528.336 451.650 381.540 322.222 265.829 210.991 169.054 127.275 111.844 -999.250 -999.250 -999.250 -999.250 -999.250 -999.250 -999.250 -999.250 -999.250 -999.250 -999.250 -999.250 -999.250 -999.250
443.325 459.360 482.712 497.596 536.259 557.234 581.606 623.865 662.536 674.793 727.636 720.932 667.362 582.646 533.963 492.557 484.296 514.576 469.776 474.020 440.604 421.181 396.772 365.977 369.070 399.677 441.797 488.706 544.166 609.341 650.951 751.019 780.347 831.524 852.019 844.622 877.394 859.315 826.448 772.979 729.153 615.776 558.455 469.539 405.544 347.010 282.174 218.777 190.693 132.178 -999.250 -999.250 -999.250 -999.250 -999.250 -999.250 -999.250 -999.250 -999.250 -999.250 -999.250 -999.250 -999.250 -999.250 -999.250
425.500 444.754 464.362 479.568 516.743 544.598 575.966 590.485 592.169 597.068 602.101 603.528 571.384 531.176 503.908 501.003 520.005 526.832 559.217 542.385 537.286 524.186 474.302 435.859 414.506 413.841 433.318 459.165 503.845 568.341 635.259 686.185 762.164 776.195 801.096 795.206 852.654 898.527 853.457 837.528 771.704 669.618 577.289 494.041 415.150 360.350 301.440 247.592 204.874 160.122 -999.250 -999.250 -999.250 -999.250 -999.250 -999.250 -999.250 -999.250 -999.250 -999.250 -999.250 -999.250 -999.250 -999.250 -999.250
414.503 430.655 450.211 478.680 517.978 533.575 565.073 556.682 565.663 548.140 534.279 533.413 506.079 479.413 481.066 506.979 529.103 561.910 588.370 633.132 629.423 591.870 552.222 524.557 454.221 435.043 422.710 438.956 476.197 533.218 577.289 679.318 761.190 748.177 773.475 793.485 818.622 872.019 887.121 910.976 813.051 723.914 580.907 489.910 420.792 365.983 313.631 251.972 202.243 163.176 -999.250 -999.250 -999.250 -999.250 -999.250 -999.250 -999.250 -999.250 -999.250 -999.250 -999.250 -999.250 -999.250 -999.250 -999.250
419.262 423.289 447.998 482.577 496.603 507.457 494.998 533.430 531.641 487.133 464.460 453.634 434.236 424.405 457.264 514.452 533.534 596.083 643.819 724.792 787.061 708.408 648.712 568.874 507.856 467.439 438.030 416.901 473.727 548.377 577.514 626.312 667.560 755.349 746.187 799.639 835.164 851.382 923.454 951.710 816.718 726.172 605.953 508.206 424.347 361.112 318.530 276.845 206.183 161.715 -999.250 -999.250 -999.250 -999.250 -999.250 -999.250 -999.250 -999.250 -999.250 -999.250 -999.250 -999.250 -999.250 -999.250 -999.250
413.596 419.208 432.953 461.415 476.081 492.228 497.252 505.754 485.987 457.648 431.565 389.083 350.871 371.189 435.211 472.763 545.446 608.487 703.083 806.104 902.837 803.322 725.377 639.072 549.241 506.745 487.128 468.053 508.108 546.463 596.700 631.044 680.188 703.169 770.171 794.790 836.406 844.451 875.525 869.170 802.568 695.824 591.192 515.070 417.103 351.413 306.692 263.561 206.133 165.319 -999.250 -999.250 -999.250 -999.250 -999.250 -999.250 -999.250 -999.250 -999.250 -999.250 -999.250 -999.250 -999.250 -999.250 -999.250
403.637 416.322 436.269 457.278 466.557 481.115 495.888 496.845 483.938 445.473 413.109 346.959 284.974 341.068 412.454 486.582 542.976 638.967 734.512 766.276 843.515 809.864 780.570 674.085 583.950 574.479 544.373 516.259 547.576 581.445 608.919 661.063 661.861 745.093 732.877 791.988 820.425 822.860 809.586 795.793 772.910 645.951 571.712 488.523 412.196 332.706 282.911 241.455 199.367 143.990 -999.250 -999.250 -999.250 -999.250 -999.250 -999.250 -999.250 -999.250 -999.250 -999.250 -999.250 -999.250 -999.250 -999.250 -999.250
393.280 417.869 424.715 440.748 457.446 481.374 496.856 502.214 490.329 460.605 430.641 384.563 358.979 373.910 445.280 490.250 564.474 633.166 729.137 762.670 798.798 804.614 781.617 689.740 654.367 632.440 587.251 567.336 589.515 601.707 615.050 620.214 697.327 740.783 758.119 774.411 777.961 793.269 798.939 754.451 746.745 614.577 542.135 447.861 365.561 317.917 268.394 218.226 191.017 142.789 -999.250 -999.250 -999.250 -999.250 -999.250 -999.250 -999.250 -999.250 -999.250 -999.250 -999.250 -999.250 -999.250 -999.250 -999.250
373.862 395.270 415.062 446.869 456.719 489.263 516.781 534.081 532.298 501.832 485.324 452.993 438.514 458.558 485.893 527.075 584.781 656.080 691.972 761.082 779.815 792.017 784.771 756.658 687.141 643.354 657.954 625.180 637.210 681.904 671.799 660.393 706.075 738.611 765.487 766.814 746.866 749.091 748.503 709.179 662.094 570.745 494.961 424.951 362.755 311.350 255.883 201.586 180.415 137.227 -999.250 -999.250 -999.250 -999.250 -999.250 -999.250 -999.250 -999.250 -999.250 -999.250 -999.250 -999.250 -999.250 -999.250 -999.250
371.678 394.702 410.198 453.394 481.881 512.807 552.550 570.413 581.806 577.722 570.419 575.488 533.459 521.443 555.099 586.233 643.198 680.438 739.681 767.516 784.286 808.055 798.648 753.657 731.764 708.348 674.703 675.691 642.418 723.628 718.669 698.723 720.523 733.802 764.104 768.499 723.150 748.765 736.986 637.703 610.380 544.009 478.978 413.508 350.506 296.279 241.431 182.268 138.653 127.833 111.350 -999.250 -999.250 -999.250 -999.250 -999.250 -999.250 -999.250 -999.250 -999.250 -999.250 -999.250 -999.250 -999.250 -999.250
368.584 394.116 420.517 457.859 513.922 554.216 592.542 634.256 697.763 687.593 701.218 700.731 677.558 632.467 635.894 676.924 668.061 694.582 744.686 791.311 822.342 819.287 784.709 771.267 763.418 742.823 728.403 713.880 731.909 762.142 745.639 778.522 748.208 719.809 739.349 736.917 711.928 715.501 675.860 656.470 565.707 525.699 459.711 392.983 338.367 276.713 220.745 181.949 139.555 118.601 110.149 -999.250 -999.250 -999.250 -999.250 -999.250 -999.250 -999.250 -999.250 -999.250 -999.250 -999.250 -999.250 -999.250 -999.250
365.802 391.574 429.028 475.288 530.597 568.021 631.118 724.559 783.807 812.291 865.729 858.113 840.529 778.909 721.591 740.572 732.961 753.606 779.877 785.385 798.437 804.827 792.748 819.500 749.775 776.964 777.700 771.582 745.915 740.101 766.923 777.810 772.091 733.377 744.885 734.696 723.684 689.368 683.532 617.216 587.236 529.556 446.767 371.823 316.752 254.815 207.259 160.442 133.895 112.756 87.661 -999.250 -999.250 -999.250 -999.250 -999.250 -999.250 -999.250 -999.250 -999.250 -999.250 -999.250 -999.250 -999.250 -999.250
367.868 386.462 439.224 476.827 537.308 599.041 705.930 778.052 833.054 923.369 926.149 1020.255 990.638 885.949 859.315 843.565 799.393 798.187 813.720 818.781 800.406 776.554 777.430 799.842 785.928 792.568 812.447 773.887 772.266 720.228 749.761 754.215 792.275 783.776 759.175 753.698 743.578 655.800 662.294 618.532 569.136 507.114 414.481 362.159 300.558 274.519 191.154 150.149 120.574 90.230 77.186 -999.250 -999.250 -999.250 -999.250 -999.250 -999.250 -999.250 -999.250 -999.250 -999.250 -999.250 -999.250 -999.250 -999.250
367.408 394.455 425.463 477.768 540.573 622.548 725.735 814.448 862.978 996.931 1108.679 1304.814 1206.502 1015.025 953.697 898.010 834.270 802.567 809.553 817.138 798.812 785.458 746.549 776.648 784.120 822.748 808.465 785.681 787.400 779.288 775.673 801.289 782.781 780.282 751.899 712.187 706.288 643.158 615.180 575.947 501.759 471.548 403.287 343.477 295.721 264.403 183.999 143.088 115.698 85.763 -999.250 -999.250 -999.250 -999.250 -999.250 -999.250 -999.250 -999.250 -999.250 -999.250 -999.250 -999.250 -999.250 -999.250 -999.250
347.088 379.601 429.320 481.535 548.460 596.411 657.318 807.340 914.212 1030.374 1320.952 1555.916 1423.709 1116.553 974.203 877.264 818.610 769.570 764.215 769.354 765.101 772.820 763.543 778.516 787.689 825.960 791.513 806.388 774.667 814.829 812.202 843.841 802.846 777.753 768.283 762.593 700.126 683.181 616.225 548.326 495.950 459.067 408.655 346.499 294.568 249.858 193.629 143.773 117.868 83.671 -999.250 -999.250 -999.250 -999.250 -999.250 -999.250 -999.250 -999.250 -999.250 -999.250 -999.250 -999.250 -999.250 -999.250 -999.250
360.536 378.671 423.054 448.962 512.388 587.282 701.048 814.832 900.803 1063.685 1171.607 1311.683 1253.265 1048.191 927.680 850.640 749.432 719.388 697.023 692.870 715.213 733.426 758.380 783.675 766.996 770.446 783.121 772.345 794.748 803.960 841.947 843.017 837.460 849.808 781.341 772.437 678.510 622.282 574.288 539.808 487.482 452.547 407.082 335.710 298.538 253.647 200.484 162.927 116.968 -999.250 -999.250 -999.250 -999.250 -999.250 -999.250 -999.250 -999.250 -999.250 -999.250 -999.250 -999.250 -999.250 -999.250 -999.250 -999.250
