data/medianmodel_04-Sep-2020.asc
ncols	141
nrows	288
xllcorner	-120191.398
yllcorner	-301404.813
cellsize	2000.000
NODATA_value	-999.250
[rows 93 to 123 of 288, columns 0 to 68 of 141]
-999.250 -999.250 -999.250 -999.250 -999.250 -999.250 -999.250 -999.250 -999.250 -999.250 -999.250 -999.250 -999.250 -999.250 -999.250 -999.250 -999.250 -999.250 -999.250 -999.250 -999.250 -999.250 -999.250 -999.250 -999.250 -999.250 -999.250 -999.250 -999.250 -999.250 -999.250 0.000 0.000 0.000 0.000 0.000 0.000 0.411 3.084 3.918 5.785 7.250 7.665 9.496 10.539 11.879 18.343 16.202 16.373 13.782 14.550 11.742 10.933 10.961 10.825 12.989 17.771 24.057 28.515 30.708 28.706 25.083 19.361 10.679 7.529 4.867 1.363 1.180 4.549
-999.250 -999.250 -999.250 -999.250 -999.250 -999.250 -999.250 -999.250 -999.250 -999.250 -999.250 -999.250 -999.250 -999.250 -999.250 -999.250 -999.250 -999.250 -999.250 -999.250 -999.250 -999.250 -999.250 -999.250 -999.250 -999.250 -999.250 -999.250 -999.250 -999.250 -999.250 0.000 0.000 0.000 0.000 0.000 0.913 4.752 6.106 7.178 8.908 10.877 11.695 10.283 11.884 12.991 11.766 11.706 11.171 9.817 10.167 9.251 9.810 9.469 11.387 11.804 17.058 26.745 33.384 40.822 37.856 30.485 22.240 14.004 8.326 3.546 0.000 0.000 0.000
-999.250 -999.250 -999.250 -999.250 -999.250 -999.250 -999.250 -999.250 -999.250 -999.250 -999.250 -999.250 -999.250 -999.250 -999.250 -999.250 -999.250 -999.250 -999.250 -999.250 -999.250 -999.250 -999.250 -999.250 -999.250 -999.250 -999.250 -999.250 -999.250 -999.250 -999.250 0.000 0.000 0.000 0.000 0.083 4.145 6.690 9.088 12.308 11.932 12.700 13.502 10.687 9.886 10.437 10.315 8.013 6.754 7.063 6.315 7.092 7.483 7.794 9.306 10.708 15.898 25.584 37.703 47.254 42.995 33.460 23.223 13.878 7.842 0.903 0.000 0.000 0.000
-999.250 -999.250 -999.250 -999.250 -999.250 -999.250 -999.250 -999.250 -999.250 -999.250 -999.250 -999.250 -999.250 -999.250 -999.250 -999.250 -999.250 -999.250 -999.250 -999.250 -999.250 -999.250 -999.250 -999.250 -999.250 -999.250 -999.250 -999.250 -999.250 -999.250 0.000 0.000 0.000 0.000 0.621 3.111 7.163 9.511 12.921 16.822 20.061 18.017 16.529 12.900 11.065 8.672 6.265 5.671 4.342 3.816 2.873 1.460 4.303 4.706 6.982 8.731 12.748 22.100 40.097 57.405 44.897 36.085 24.700 15.767 7.016 2.761 0.000 0.000 0.000
-999.250 -999.250 -999.250 -999.250 -999.250 -999.250 -999.250 -999.250 -999.250 -999.250 -999.250 -999.250 -999.250 -999.250 -999.250 -999.250 -999.250 -999.250 -999.250 -999.250 -999.250 -999.250 -999.250 -999.250 -999.250 -999.250 -999.250 -999.250 -999.250 -999.250 0.000 0.000 0.000 2.388 3.969 6.791 9.371 17.023 21.186 25.499 28.238 25.293 23.858 16.919 11.357 8.389 5.022 3.044 2.353 1.006 0.048 0.000 0.000 0.000 1.720 4.263 7.077 11.892 26.221 39.863 39.035 30.647 21.366 13.138 7.339 3.688 0.000 0.000 0.000
-999.250 -999.250 -999.250 -999.250 -999.250 -999.250 -999.250 -999.250 -999.250 -999.250 -999.250 -999.250 -999.250 -999.250 -999.250 -999.250 -999.250 -999.250 -999.250 -999.250 -999.250 -999.250 -999.250 -999.250 -999.250 -999.250 -999.250 -999.250 -999.250 -999.250 0.943 1.917 1.319 4.202 6.498 9.241 12.397 21.307 27.682 30.247 35.986 33.670 25.759 20.687 12.880 7.770 4.978 2.135 0.107 0.000 0.000 0.000 0.000 0.000 0.000 0.000 0.000 0.000 15.474 25.731 25.076 22.346 18.275 13.085 8.797 4.181 0.000 0.000 0.000
-999.250 -999.250 -999.250 -999.250 -999.250 -999.250 -999.250 -999.250 -999.250 -999.250 -999.250 -999.250 -999.250 -999.250 -999.250 -999.250 -999.250 -999.250 -999.250 -999.250 -999.250 -999.250 -999.250 -999.250 -999.250 -999.250 -999.250 -999.250 -999.250 -999.250 2.043 2.122 5.784 5.211 7.490 9.720 14.940 22.325 29.068 38.294 45.700 36.012 27.965 20.569 14.255 9.683 5.348 3.683 0.388 0.000 0.000 0.000 0.000 0.000 0.000 0.000 0.000 0.000 9.510 17.606 17.796 17.088 15.448 10.067 6.144 4.537 0.856 0.000 0.000
-999.250 -999.250 -999.250 -999.250 -999.250 -999.250 -999.250 -999.250 -999.250 -999.250 -999.250 -999.250 -999.250 -999.250 -999.250 -999.250 -999.250 -999.250 -999.250 -999.250 -999.250 -999.250 -999.250 -999.250 -999.250 -999.250 -999.250 -999.250 -999.250 1.711 4.124 4.346 5.637 5.503 7.885 8.641 13.976 20.373 26.262 35.915 37.161 33.602 27.354 21.762 14.968 10.473 7.333 4.705 3.287 0.000 0.000 0.000 0.000 0.000 0.000 0.000 0.000 0.284 6.026 9.739 12.935 11.234 10.313 8.121 6.234 5.229 2.096 1.134 0.000
-999.250 -999.250 -999.250 -999.250 -999.250 -999.250 -999.250 -999.250 -999.250 -999.250 -999.250 -999.250 -999.250 -999.250 -999.250 -999.250 -999.250 -999.250 -999.250 -999.250 -999.250 -999.250 -999.250 -999.250 -999.250 -999.250 -999.250 -999.250 -999.250 2.318 4.495 5.259 3.798 6.650 8.203 9.903 14.653 16.583 22.175 26.636 27.661 26.751 23.669 18.823 16.382 11.542 8.931 6.080 3.877 0.213 0.000 0.000 0.000 0.000 0.000 0.000 0.000 0.000 4.852 7.271 9.672 9.200 9.218 6.762 5.910 7.009 3.275 0.371 1.560
-999.250 -999.250 -999.250 -999.250 -999.250 -999.250 -999.250 -999.250 -999.250 -999.250 -999.250 -999.250 -999.250 -999.250 -999.250 -999.250 -999.250 -999.250 -999.250 -999.250 -999.250 -999.250 -999.250 -999.250 -999.250 -999.250 -999.250 -999.250 -999.250 2.149 5.166 6.421 6.455 6.323 8.162 8.536 12.757 15.540 19.201 19.863 22.395 24.440 21.531 18.322 13.919 13.872 11.886 9.394 6.827 2.907 0.000 0.000 0.000 0.000 0.000 0.000 0.000 0.000 2.128 5.487 7.585 8.475 7.792 8.314 8.152 9.166 5.306 4.372 3.220
-999.250 -999.250 -999.250 -999.250 -999.250 -999.250 -999.250 -999.250 -999.250 -999.250 -999.250 -999.250 -999.250 -999.250 -999.250 -999.250 -999.250 -999.250 -999.250 -999.250 -999.250 -999.250 -999.250 -999.250 -999.250 -999.250 -999.250 -999.250 -999.250 4.458 5.056 6.469 5.053 6.929 6.347 8.017 10.310 11.658 14.055 12.817 16.963 20.995 17.889 19.293 15.104 14.722 16.681 10.708 7.477 5.016 0.313 0.000 0.000 0.000 0.000 0.000 0.000 0.000 0.000 3.057 6.039 9.174 7.717 8.518 10.042 8.913 6.372 5.356 5.213
-999.250 -999.250 -999.250 -999.250 -999.250 -999.250 -999.250 -999.250 -999.250 -999.250 -999.250 -999.250 -999.250 -999.250 -999.250 -999.250 -999.250 -999.250 -999.250 -999.250 -999.250 -999.250 -999.250 -999.250 -999.250 -999.250 -999.250 -999.250 5.739 6.289 6.226 5.406 5.229 7.142 6.688 7.027 7.766 8.248 7.721 9.120 11.208 14.195 16.821 16.597 15.874 17.612 17.744 16.136 10.287 6.930 1.830 0.269 0.000 0.000 0.000 0.000 0.000 0.000 0.047 2.131 5.476 7.634 9.940 10.127 10.106 10.892 10.683 7.161 5.489
-999.250 -999.250 -999.250 -999.250 -999.250 -999.250 -999.250 -999.250 -999.250 -999.250 -999.250 -999.250 -999.250 -999.250 -999.250 -999.250 -999.250 -999.250 -999.250 -999.250 -999.250 -999.250 -999.250 -999.250 -999.250 -999.250 -999.250 -999.250 6.355 7.357 6.645 6.289 5.486 6.826 6.308 5.009 5.513 5.048 5.504 7.873 10.202 11.671 13.276 14.440 18.217 18.127 23.106 16.495 10.139 6.949 4.176 0.000 0.000 0.000 0.000 0.000 0.000 0.000 0.000 2.567 5.893 7.878 11.236 13.370 13.361 12.198 12.007 7.722 6.284
-999.250 -999.250 -999.250 -999.250 -999.250 -999.250 -999.250 -999.250 -999.250 -999.250 -999.250 -999.250 -999.250 -999.250 -999.250 -999.250 -999.250 -999.250 -999.250 -999.250 -999.250 -999.250 -999.250 -999.250 -999.250 -999.250 -999.250 7.213 6.683 7.839 8.780 7.715 7.544 6.937 5.990 4.737 4.596 4.788 3.965 5.093 6.453 10.345 12.603 13.557 15.046 16.647 17.807 15.096 12.977 9.063 5.029 0.411 0.000 0.000 0.000 0.000 0.000 0.000 0.117 3.369 6.845 11.797 18.703 18.751 17.220 12.834 12.027 9.347 6.537
-999.250 -999.250 -999.250 -999.250 -999.250 -999.250 -999.250 -999.250 -999.250 -999.250 -999.250 -999.250 -999.250 -999.250 -999.250 -999.250 -999.250 -999.250 -999.250 -999.250 -999.250 -999.250 -999.250 -999.250 -999.250 -999.250 -999.250 9.542 7.578 10.121 9.322 7.919 6.805 8.025 4.114 1.895 3.152 2.047 3.974 4.411 6.243 8.470 12.157 13.259 15.910 13.880 16.519 13.632 11.270 8.269 5.621 0.330 0.000 0.000 0.000 0.000 0.000 0.000 0.000 3.491 6.010 11.943 17.751 27.238 18.571 13.038 11.528 8.232 5.090
-999.250 -999.250 -999.250 -999.250 -999.250 -999.250 -999.250 -999.250 -999.250 -999.250 -999.250 -999.250 -999.250 -999.250 -999.250 -999.250 -999.250 -999.250 -999.250 -999.250 -999.250 -999.250 -999.250 -999.250 -999.250 -999.250 -999.250 8.140 11.003 11.433 11.296 9.330 8.621 6.881 5.231 2.700 2.224 2.167 2.839 3.732 4.018 8.028 10.841 13.503 14.506 14.051 13.466 12.711 10.548 7.727 4.436 1.283 0.000 0.000 0.000 0.000 0.000 0.000 0.000 2.440 5.947 12.088 15.158 19.285 16.209 13.209 10.014 6.767 3.510
-999.250 -999.250 -999.250 -999.250 -999.250 -999.250 -999.250 -999.250 -999.250 -999.250 -999.250 -999.250 -999.250 -999.250 -999.250 -999.250 -999.250 -999.250 -999.250 -999.250 -999.250 -999.250 -999.250 -999.250 -999.250 -999.250 -999.250 10.942 11.021 12.768 17.022 11.987 8.437 7.857 6.149 5.130 2.844 3.286 2.059 4.102 5.187 7.582 10.279 11.710 15.572 13.147 13.440 11.824 10.379 8.118 3.957 0.609 0.000 0.000 0.000 0.000 0.000 0.000 0.000 2.423 5.402 8.240 9.850 11.964 10.406 9.164 7.682 5.310 2.670
-999.250 -999.250 -999.250 -999.250 -999.250 -999.250 -999.250 -999.250 -999.250 -999.250 -999.250 -999.250 -999.250 -999.250 -999.250 -999.250 -999.250 -999.250 -999.250 -999.250 -999.250 -999.250 -999.250 -999.250 -999.250 -999.250 -999.250 -999.250 9.825 10.798 12.718 10.185 9.324 8.762 5.183 5.554 5.689 5.391 5.795 5.028 6.771 7.604 11.270 10.561 14.031 16.447 11.655 10.426 7.234 4.583 3.068 0.000 0.000 0.000 0.000 0.000 0.000 0.000 0.000 0.000 0.044 3.513 5.203 6.688 7.727 7.517 5.919 3.779 1.649
-999.250 -999.250 -999.250 -999.250 -999.250 -999.250 -999.250 -999.250 -999.250 -999.250 -999.250 -999.250 -999.250 -999.250 -999.250 -999.250 -999.250 -999.250 -999.250 -999.250 -999.250 -999.250 -999.250 -999.250 -999.250 -999.250 -999.250 -999.250 8.515 10.358 10.910 10.110 9.006 8.565 5.969 5.287 4.728 7.546 6.870 6.898 8.321 10.347 11.954 15.155 14.451 14.476 12.607 10.717 6.910 4.543 1.048 0.000 0.000 0.000 1.261 1.849 0.170 0.000 0.000 0.000 0.000 0.000 3.417 2.742 5.089 5.270 4.385 2.572 0.394
-999.250 -999.250 -999.250 -999.250 -999.250 -999.250 -999.250 -999.250 -999.250 -999.250 -999.250 -999.250 -999.250 -999.250 -999.250 -999.250 -999.250 -999.250 -999.250 -999.250 -999.250 -999.250 -999.250 -999.250 -999.250 -999.250 -999.250 -999.250 8.584 10.171 11.165 9.084 7.128 8.391 6.574 8.227 7.500 8.818 7.891 9.920 9.400 13.204 13.873 13.944 16.913 17.026 13.344 9.649 6.687 3.781 0.000 0.000 0.000 0.000 2.115 5.828 1.999 0.000 0.000 0.000 0.000 0.000 0.482 3.140 3.339 4.306 2.460 1.218 0.274
-999.250 -999.250 -999.250 -999.250 -999.250 -999.250 -999.250 -999.250 -999.250 -999.250 -999.250 -999.250 -999.250 -999.250 -999.250 -999.250 -999.250 -999.250 -999.250 -999.250 -999.250 -999.250 -999.250 -999.250 -999.250 -999.250 -999.250 -999.250 8.533 9.244 8.994 9.676 8.122 7.813 7.930 9.948 8.994 9.220 9.811 10.485 13.300 14.694 14.116 16.604 19.077 22.557 13.792 8.630 6.626 1.308 0.000 0.000 0.000 0.000 1.147 2.057 0.514 0.000 0.000 0.000 0.000 0.000 0.000 2.547 3.391 3.773 2.767 3.146 2.193
-999.250 -999.250 -999.250 -999.250 -999.250 -999.250 -999.250 -999.250 -999.250 -999.250 -999.250 -999.250 -999.250 -999.250 -999.250 -999.250 -999.250 -999.250 -999.250 -999.250 -999.250 -999.250 -999.250 -999.250 -999.250 -999.250 -999.250 -999.250 7.601 8.188 8.441 9.056 8.690 7.652 9.073 10.665 10.012 10.864 11.559 12.952 14.377 11.305 13.928 16.158 15.507 16.175 12.427 8.420 3.719 0.000 0.000 0.000 0.000 0.000 0.000 0.000 0.000 0.000 0.000 0.000 0.000 0.000 0.000 2.793 3.439 3.232 4.945 4.120 5.828
-999.250 -999.250 -999.250 -999.250 -999.250 -999.250 -999.250 -999.250 -999.250 -999.250 -999.250 -999.250 -999.250 -999.250 -999.250 -999.250 -999.250 -999.250 -999.250 -999.250 -999.250 -999.250 -999.250 -999.250 -999.250 -999.250 -999.250 6.050 5.484 6.469 6.721 6.476 10.241 10.364 10.055 9.777 10.195 11.198 13.477 17.523 15.857 12.926 11.797 12.471 12.191 10.775 10.200 6.501 2.941 0.000 0.000 0.000 0.000 0.000 0.000 0.000 0.000 0.000 0.000 0.000 0.000 0.000 0.000 2.387 3.678 6.134 7.480 8.025 8.222
-999.250 -999.250 -999.250 -999.250 -999.250 -999.250 -999.250 -999.250 -999.250 -999.250 -999.250 -999.250 -999.250 -999.250 -999.250 -999.250 -999.250 -999.250 -999.250 -999.250 -999.250 -999.250 -999.250 -999.250 -999.250 -999.250 -999.250 4.568 6.734 7.503 6.320 8.110 10.553 10.452 9.584 9.731 11.607 10.607 12.781 14.844 15.378 13.064 9.771 12.643 11.836 8.517 6.620 2.727 0.000 0.000 0.000 0.000 0.000 0.000 0.000 0.000 0.000 0.000 0.000 0.000 0.000 0.000 1.039 2.827 5.623 7.302 11.598 11.259 15.397
-999.250 -999.250 -999.250 -999.250 -999.250 -999.250 -999.250 -999.250 -999.250 -999.250 -999.250 -999.250 -999.250 -999.250 -999.250 -999.250 -999.250 -999.250 -999.250 -999.250 -999.250 -999.250 -999.250 -999.250 -999.250 -999.250 -999.250 6.654 8.614 7.521 4.873 7.772 10.733 9.571 10.229 13.017 10.187 11.100 10.694 11.319 11.764 11.823 10.737 9.708 8.652 7.332 4.181 1.930 0.000 0.000 0.000 0.000 0.000 0.000 0.000 0.000 0.000 0.000 0.000 0.000 0.000 0.000 2.114 6.073 8.199 12.143 13.738 18.201 21.495
-999.250 -999.250 -999.250 -999.250 -999.250 -999.250 -999.250 -999.250 -999.250 -999.250 -999.250 -999.250 -999.250 -999.250 -999.250 -999.250 -999.250 -999.250 -999.250 -999.250 -999.250 -999.250 -999.250 -999.250 -999.250 -999.250 7.785 11.716 8.147 7.916 9.955 8.275 10.457 9.685 11.570 12.134 10.541 11.117 10.896 10.605 9.270 8.952 9.962 8.798 6.675 6.603 3.803 0.640 0.000 0.000 0.000 0.000 0.000 0.000 0.000 0.000 0.000 0.000 0.000 0.000 0.000 0.375 2.118 7.816 11.126 16.225 18.441 25.007 26.133
-999.250 -999.250 -999.250 -999.250 -999.250 -999.250 -999.250 -999.250 -999.250 -999.250 -999.250 -999.250 -999.250 -999.250 -999.250 -999.250 -999.250 -999.250 -999.250 -999.250 -999.250 -999.250 -999.250 -999.250 -999.250 -999.250 10.862 9.333 9.268 8.409 8.505 11.169 13.152 13.112 14.981 14.525 12.840 12.105 11.005 10.431 8.705 9.235 9.729 7.214 5.595 3.173 1.242 0.000 0.000 0.000 0.000 0.000 0.000 0.000 0.000 0.000 0.000 0.000 0.000 0.000 0.000 1.485 4.343 11.194 12.693 16.777 22.445 32.603 36.293
-999.250 -999.250 -999.250 -999.250 -999.250 -999.250 -999.250 -999.250 -999.250 -999.250 -999.250 -999.250 -999.250 -999.250 -999.250 -999.250 -999.250 -999.250 -999.250 -999.250 -999.250 -999.250 -999.250 -999.250 -999.250 -999.250 10.339 8.756 10.392 10.240 13.049 12.472 12.548 13.675 13.940 13.659 11.870 11.969 11.227 10.335 9.507 9.582 6.070 4.888 3.633 3.791 0.000 0.000 0.000 0.000 0.000 0.000 0.000 0.000 0.000 0.000 0.000 0.000 0.000 0.000 0.467 3.035 8.141 11.115 16.361 23.657 33.250 39.902 44.807
-999.250 -999.250 -999.250 -999.250 -999.250 -999.250 -999.250 -999.250 -999.250 -999.250 -999.250 -999.250 -999.250 -999.250 -999.250 -999.250 -999.250 -999.250 -999.250 -999.250 -999.250 -999.250 -999.250 -999.250 -999.250 8.666 7.327 7.629 11.514 11.275 15.552 13.839 14.835 14.771 14.120 14.230 14.353 14.003 10.811 13.564 9.708 7.099 6.027 4.591 3.656 0.000 0.000 0.000 0.000 0.000 0.000 0.000 0.000 0.000 0.000 0.000 0.000 0.000 0.000 0.000 3.584 4.872 8.381 13.006 17.422 25.726 33.646 44.602 48.480
-999.250 -999.250 -999.250 -999.250 -999.250 -999.250 -999.250 -999.250 -999.250 -999.250 -999.250 -999.250 -999.250 -999.250 -999.250 -999.250 -999.250 -999.250 -999.250 -999.250 -999.250 -999.250 -999.250 -999.250 -999.250 9.317 8.714 9.824 9.863 9.913 13.127 15.182 14.658 15.759 15.619 13.800 14.841 13.198 14.969 14.068 9.892 8.207 6.865 4.523 1.181 0.024 0.000 0.000 0.000 0.000 0.000 0.000 0.000 0.000 0.000 0.000 0.000 0.000 0.000 0.000 2.029 5.009 10.254 13.987 19.840 26.094 35.075 44.592 48.681
-999.250 -999.250 -999.250 -999.250 -999.250 -999.250 -999.250 -999.250 -999.250 -999.250 -999.250 -999.250 -999.250 -999.250 -999.250 -999.250 -999.250 -999.250 -999.250 -999.250 -999.250 -999.250 -999.250 -999.250 -999.250 7.501 9.741 7.979 9.145 12.631 13.443 13.394 14.128 15.907 16.045 16.862 15.867 14.339 17.489 13.126 10.139 8.595 7.399 5.796 2.378 0.000 0.000 0.000 0.000 0.000 0.000 0.000 0.000 0.000 0.000 0.000 0.000 0.000 0.000 0.000 1.129 5.671 9.043 15.024 19.967 24.709 33.599 43.089 48.880
