data/medianmodel_09-Sep-2020.asc
ncols	141
nrows	288
xllcorner	-120191.398
yllcorner	-301404.813
cellsize	2000.000
NODATA_value	-999.250
[rows 31 to 61 of 288, columns 69 to 137 of 141]
0.000 0.000 0.000 0.000 0.000 0.000 0.000 0.000 0.579 5.152 5.897 10.123 13.808 12.171 10.639 9.319 8.188 6.306 3.986 1.285 0.185 0.196 0.000 0.000 1.008 6.322 13.630 23.699 31.693 36.233 44.647 48.500 55.891 55.019 61.815 64.527 75.298 84.501 82.676 88.674 95.395 93.048 89.145 101.185 112.930 133.048 151.451 151.095 158.975 184.474 171.866 192.391 377.397 406.860 467.782 363.342 388.290 290.286 368.224 495.252 324.815 283.937 194.668 133.866 121.048 87.452 65.275 42.837 23.158
0.788 0.000 0.000 0.000 0.000 0.000 0.000 1.437 3.996 6.500 7.804 11.752 15.823 15.088 14.151 11.945 10.771 7.075 5.053 1.933 1.634 1.034 3.484 3.333 5.904 10.206 14.603 23.731 32.751 43.112 50.334 51.610 60.376 63.589 63.287 69.307 80.766 80.270 87.611 91.957 100.247 99.351 99.231 102.551 126.647 114.785 122.470 130.194 143.187 186.795 219.858 291.191 276.893 290.444 360.050 377.169 391.950 310.025 359.080 433.455 332.958 239.822 160.261 120.314 96.993 75.287 51.112 30.069 14.530
2.002 0.030 0.000 0.000 0.000 0.000 0.000 3.145 6.170 8.194 11.225 14.518 17.371 17.051 15.399 11.523 10.681 8.589 6.789 6.974 5.882 3.952 4.570 6.096 9.214 12.800 18.611 25.812 38.366 44.524 51.406 55.768 61.049 60.139 61.114 65.421 71.909 78.727 88.915 110.223 98.126 94.245 98.356 96.404 100.375 112.398 127.932 129.307 142.948 164.612 202.892 236.934 202.672 283.670 289.150 250.123 303.513 257.857 248.941 217.983 285.044 192.966 163.191 114.995 90.142 68.016 34.991 15.400 5.000
2.940 0.000 0.000 0.000 0.000 0.000 0.000 1.783 7.091 9.957 13.964 19.879 22.117 21.382 17.926 13.452 10.870 9.379 9.787 9.568 6.449 4.851 7.384 7.316 11.528 15.982 20.871 29.464 39.305 46.830 56.562 63.717 61.532 66.206 65.603 64.449 63.459 74.971 83.420 90.162 90.158 92.443 93.361 98.201 92.014 111.341 133.907 132.462 146.264 154.544 153.507 156.606 196.795 235.696 228.526 265.547 281.405 211.493 218.534 180.791 189.710 164.805 141.567 95.007 71.757 40.330 16.595 4.833 0.000
0.660 0.000 0.000 0.000 0.000 0.000 0.000 4.140 6.605 10.419 14.898 22.458 33.442 25.752 18.533 15.530 13.069 9.471 9.002 9.067 7.387 7.707 8.033 9.013 12.139 18.659 26.511 31.549 41.549 53.636 65.919 68.998 65.520 68.723 60.691 58.957 66.125 67.698 73.333 78.718 76.671 86.990 90.741 88.434 89.216 104.641 106.723 126.763 146.689 147.497 148.325 141.848 167.927 205.239 235.816 212.806 219.271 191.458 186.391 165.270 147.819 139.169 105.088 80.372 44.780 14.641 3.903 0.000 -999.250
0.000 0.000 0.000 0.000 0.000 0.000 0.000 4.508 6.445 10.917 14.763 21.757 25.651 24.115 20.216 16.601 13.880 12.099 11.433 10.756 10.358 8.525 10.238 11.999 15.574 20.833 26.671 33.132 43.614 55.349 73.550 68.891 63.523 56.891 54.647 53.925 54.433 58.247 62.108 63.524 69.225 71.336 84.514 85.413 89.409 101.567 106.859 106.987 111.972 132.823 125.045 137.287 141.480 145.077 170.579 164.185 173.353 160.089 161.389 136.680 130.299 108.571 85.864 64.788 33.603 10.791 0.000 0.000 -999.250
0.000 0.000 0.000 0.000 0.000 0.000 0.000 4.739 7.535 11.074 14.254 20.113 20.907 20.971 18.852 15.585 14.417 14.099 12.702 12.242 12.043 13.387 13.590 15.291 18.650 25.922 28.734 32.067 40.873 53.862 59.166 59.156 53.575 50.451 50.769 46.693 46.252 46.239 48.830 52.502 51.268 60.993 73.451 86.584 89.536 93.462 96.645 95.938 106.447 129.051 109.030 120.426 125.678 150.499 163.096 142.815 114.976 142.140 125.133 115.611 100.374 91.304 77.167 46.479 26.136 5.475 0.000 -999.250 -999.250
0.000 0.000 0.000 0.000 0.000 0.000 2.791 6.087 8.841 12.302 15.572 17.062 16.614 16.895 17.742 15.655 14.115 14.398 13.910 13.351 13.261 14.133 13.574 15.033 20.437 22.997 28.030 30.464 35.309 41.812 47.721 48.110 44.518 42.269 38.969 38.190 39.693 38.674 36.607 42.408 45.166 46.439 55.086 68.355 87.016 86.023 93.707 99.663 103.919 108.082 120.940 124.173 135.191 132.118 135.067 126.400 120.289 111.168 111.124 90.530 92.516 79.168 52.128 39.937 15.518 4.356 0.000 -999.250 -999.250
0.000 0.000 0.000 0.000 0.000 0.000 2.597 6.148 11.067 11.530 15.009 17.173 17.172 15.496 16.748 14.478 15.894 14.470 14.811 14.566 13.781 14.878 15.596 16.116 19.637 23.263 28.264 33.137 32.655 33.601 37.761 40.933 36.888 34.825 33.074 31.013 30.174 29.368 29.317 31.188 36.516 40.707 42.338 59.049 71.282 79.982 82.612 89.241 95.632 97.297 103.624 102.384 115.863 112.894 134.523 112.806 101.575 99.184 89.905 80.568 79.878 59.677 45.013 26.214 10.622 0.000 0.000 -999.250 -999.250
0.000 0.000 0.000 0.000 0.000 0.699 5.526 8.679 11.462 13.392 15.916 18.146 18.957 18.434 17.430 15.202 16.217 15.968 15.253 18.305 15.430 16.623 17.196 17.622 20.582 22.163 23.012 26.871 27.681 27.211 29.576 29.551 30.705 24.497 23.815 22.548 21.363 21.871 22.208 22.806 29.751 29.279 35.502 45.160 55.576 67.300 77.828 84.450 84.971 88.927 98.772 98.815 102.677 87.023 107.453 106.226 90.149 94.066 84.718 76.990 66.088 46.603 38.158 19.546 6.535 0.000 -999.250 -999.250 -999.250
0.000 0.000 0.000 0.000 0.000 3.427 7.416 10.780 13.467 15.415 16.708 18.204 17.789 19.528 17.329 17.094 18.186 18.849 16.521 18.061 17.739 17.748 18.707 17.261 20.620 23.263 21.782 24.514 23.674 25.343 23.437 21.387 21.348 19.050 16.508 14.822 13.256 11.321 12.398 12.132 16.429 20.136 28.651 34.566 44.918 52.233 65.948 77.454 85.990 87.027 90.937 93.418 96.154 93.688 85.118 83.538 81.790 75.405 68.155 64.644 54.890 42.912 25.813 12.025 0.741 0.000 0.000 -999.250 -999.250
0.000 0.000 0.424 0.000 0.986 6.969 9.641 12.120 13.437 14.858 18.042 18.373 17.943 19.657 20.468 18.062 18.401 16.091 17.984 18.518 17.481 17.590 17.016 17.401 18.120 20.243 24.277 23.371 22.788 20.628 17.950 15.826 15.707 12.047 9.872 7.498 5.870 3.018 5.742 5.075 7.519 10.882 17.139 26.005 33.787 43.455 49.549 72.127 78.375 91.702 89.191 88.773 90.517 88.581 77.422 77.263 78.444 66.006 53.096 54.343 39.466 29.317 15.224 -999.250 -999.250 -999.250 -999.250 -999.250 -999.250
3.298 1.520 3.238 4.789 7.572 9.781 10.555 12.174 13.483 15.106 16.720 16.534 17.212 18.050 18.786 17.653 18.464 17.957 18.122 17.122 17.502 17.853 17.549 15.518 16.219 18.545 17.935 18.057 18.733 17.976 15.656 13.636 8.906 6.384 3.399 1.532 0.785 0.000 0.000 0.000 0.000 4.551 11.761 18.387 27.622 34.637 48.079 54.789 68.559 79.681 82.358 88.933 83.830 80.261 79.887 76.443 67.407 56.290 47.364 39.375 29.543 20.338 10.778 0.603 -999.250 -999.250 -999.250 -999.250 -999.250
8.660 6.051 7.270 8.088 8.850 8.466 10.124 11.143 11.168 12.957 14.995 14.778 16.489 15.934 15.426 17.533 17.181 15.452 17.287 17.105 17.838 17.563 16.074 16.350 15.277 13.898 14.814 12.967 12.021 12.531 11.517 9.813 6.256 1.120 0.941 0.000 0.000 0.000 0.000 0.000 0.000 2.329 7.183 12.520 19.065 29.789 39.356 49.442 60.253 76.611 82.064 88.290 79.237 68.811 65.128 69.462 57.915 42.520 36.320 26.329 20.825 14.714 -999.250 -999.250 -999.250 -999.250 -999.250 -999.250 -999.250
9.652 10.260 9.506 7.001 8.357 8.929 7.569 7.353 9.210 10.601 10.539 11.607 11.898 11.932 12.645 11.867 12.236 13.731 14.686 15.070 15.573 15.513 13.099 12.780 11.415 10.888 10.067 9.178 10.115 10.837 6.836 5.870 3.469 0.714 0.000 0.000 0.000 0.000 0.000 0.000 0.000 0.000 2.881 9.490 15.752 26.874 34.034 42.493 52.585 63.541 72.349 83.413 72.381 62.086 53.896 48.758 42.589 38.350 29.344 22.622 18.171 10.797 -999.250 -999.250 -999.250 -999.250 -999.250 -999.250 -999.250
14.319 11.214 8.733 8.064 6.805 6.368 7.701 6.005 5.001 5.255 5.826 6.994 6.522 6.689 8.459 7.679 7.812 11.017 12.371 15.883 14.139 12.697 10.677 8.237 7.605 5.394 5.574 3.679 4.643 3.974 3.256 0.661 1.292 1.220 0.000 0.000 0.000 0.000 0.000 0.000 0.000 0.000 0.000 4.410 12.607 17.522 23.253 32.639 41.860 50.745 59.112 61.436 57.795 48.045 39.416 40.888 34.349 28.565 26.415 15.690 12.074 -999.250 -999.250 -999.250 -999.250 -999.250 -999.250 -999.250 -999.250
16.547 11.345 8.725 7.139 4.285 3.024 1.808 0.658 0.000 0.046 0.202 0.000 0.000 0.000 0.500 2.363 2.266 5.522 10.643 18.823 12.293 7.961 5.652 5.612 3.608 2.226 0.204 0.505 0.000 0.000 0.000 0.000 0.000 1.174 2.963 3.186 2.188 0.000 0.000 0.000 0.000 0.000 1.517 4.404 6.771 12.807 19.555 24.079 35.034 40.295 45.041 43.848 47.151 41.237 35.769 32.424 26.648 22.195 16.238 -999.250 -999.250 -999.250 -999.250 -999.250 -999.250 -999.250 -999.250 -999.250 -999.250
14.679 10.474 7.788 1.328 0.265 0.000 0.000 0.000 0.000 0.000 0.000 0.000 0.000 0.000 0.000 0.000 0.000 0.000 5.961 9.844 6.395 3.060 0.116 0.000 0.000 0.000 0.000 0.000 0.000 0.000 0.000 0.000 0.000 2.641 6.839 6.513 7.824 6.319 3.425 2.491 0.538 0.014 2.137 2.479 6.990 10.752 14.425 19.645 20.307 27.586 30.693 34.306 34.232 30.004 28.001 21.396 18.883 15.111 12.088 -999.250 -999.250 -999.250 -999.250 -999.250 -999.250 -999.250 -999.250 -999.250 -999.250
12.628 7.569 4.272 0.000 0.000 0.000 0.000 0.000 0.000 0.000 0.000 0.000 0.000 0.000 0.000 0.000 0.000 0.000 0.000 2.346 2.109 0.000 0.000 0.000 0.000 0.000 0.000 0.000 0.000 0.000 0.000 0.000 2.909 8.232 13.170 13.257 13.268 12.236 10.432 7.177 5.201 4.205 3.628 4.420 2.964 7.886 11.412 12.501 13.511 17.268 19.950 22.245 21.677 21.761 -999.250 16.127 15.276 -999.250 -999.250 -999.250 -999.250 -999.250 -999.250 -999.250 -999.250 -999.250 -999.250 -999.250 -999.250
9.993 4.137 0.841 0.000 0.000 0.000 0.000 0.000 0.000 0.000 0.000 0.000 0.000 0.000 0.000 0.000 0.000 0.000 0.000 0.000 0.000 0.000 0.000 0.000 0.000 0.000 0.000 0.000 0.000 0.000 0.000 0.483 5.731 11.857 16.893 19.446 23.532 19.840 15.849 13.203 11.162 7.007 5.822 6.165 3.049 7.133 9.299 11.018 12.814 12.471 15.002 15.091 -999.250 -999.250 -999.250 -999.250 -999.250 -999.250 -999.250 -999.250 -999.250 -999.250 -999.250 -999.250 -999.250 -999.250 -999.250 -999.250 -999.250
9.149 4.874 0.819 0.000 0.000 0.000 0.000 0.000 0.000 1.859 1.791 0.000 0.000 0.000 0.000 0.000 0.000 0.000 0.000 3.638 1.707 0.276 0.000 0.000 0.000 0.000 0.000 0.000 0.000 0.000 0.000 2.931 8.775 17.174 23.420 29.698 28.924 31.954 25.833 17.746 13.395 11.479 7.740 6.577 5.321 7.955 9.272 9.308 9.943 7.685 8.681 -999.250 -999.250 -999.250 -999.250 -999.250 -999.250 -999.250 -999.250 -999.250 -999.250 -999.250 -999.250 -999.250 -999.250 -999.250 -999.250 -999.250 -999.250
9.597 8.555 4.755 0.000 0.000 0.000 0.000 1.161 5.634 10.158 10.526 9.037 4.488 0.602 0.000 0.000 0.000 1.074 4.568 5.425 8.604 6.940 3.005 0.122 0.000 0.000 0.000 0.000 0.000 0.000 0.000 4.166 10.919 19.715 33.184 39.306 39.428 34.529 30.186 23.982 16.199 12.337 8.607 6.319 8.249 6.238 8.635 7.604 6.106 7.111 4.490 -999.250 -999.250 -999.250 -999.250 -999.250 -999.250 -999.250 -999.250 -999.250 -999.250 -999.250 -999.250 -999.250 -999.250 -999.250 -999.250 -999.250 -999.250
12.069 15.577 10.388 3.033 0.000 0.000 2.087 8.859 15.114 19.465 21.918 19.163 12.843 6.768 0.000 0.000 0.000 5.358 8.815 12.609 14.334 13.501 8.985 4.936 1.123 0.000 0.000 0.000 0.000 0.000 0.000 4.102 12.452 24.033 35.583 51.982 43.452 38.076 32.889 26.390 17.923 15.143 10.868 8.112 5.260 5.907 4.645 3.790 4.211 1.822 -999.250 -999.250 -999.250 -999.250 -999.250 -999.250 -999.250 -999.250 -999.250 -999.250 -999.250 -999.250 -999.250 -999.250 -999.250 -999.250 -999.250 -999.250 -999.250
15.101 25.227 14.006 9.102 2.273 3.365 11.667 17.930 29.212 38.332 42.246 35.135 22.756 11.613 1.408 0.000 0.184 7.541 13.142 20.732 25.719 20.159 12.350 7.621 2.266 0.000 0.000 0.000 0.000 0.000 0.000 4.041 11.001 21.058 29.988 37.531 36.827 36.279 31.846 29.751 22.490 18.437 14.587 7.974 5.927 4.566 0.818 0.000 0.000 -999.250 -999.250 -999.250 -999.250 -999.250 -999.250 -999.250 -999.250 -999.250 -999.250 -999.250 -999.250 -999.250 -999.250 -999.250 -999.250 -999.250 -999.250 -999.250 -999.250
12.197 13.110 10.246 5.126 4.594 11.607 21.524 36.129 51.420 64.581 71.183 56.189 37.800 15.870 0.044 0.000 1.628 9.114 14.922 27.755 42.105 25.185 14.076 8.239 5.302 0.000 0.000 0.000 0.000 0.000 0.000 3.135 10.710 15.561 22.052 27.227 28.215 31.639 27.348 27.834 22.665 22.296 15.412 11.464 6.520 2.505 0.424 0.000 0.000 -999.250 -999.250 -999.250 -999.250 -999.250 -999.250 -999.250 -999.250 -999.250 -999.250 -999.250 -999.250 -999.250 -999.250 -999.250 -999.250 -999.250 -999.250 -999.250 -999.250
5.621 3.642 2.641 1.362 4.420 15.008 31.565 49.644 72.250 92.106 97.011 84.886 49.284 19.915 0.000 0.000 3.995 11.115 16.345 24.538 30.332 20.192 11.785 7.551 4.623 0.000 0.000 0.000 0.000 0.000 0.181 4.428 11.813 14.630 16.880 19.244 20.385 23.250 24.219 25.494 22.948 20.386 15.120 10.995 5.591 1.333 0.000 0.000 -999.250 -999.250 -999.250 -999.250 -999.250 -999.250 -999.250 -999.250 -999.250 -999.250 -999.250 -999.250 -999.250 -999.250 -999.250 -999.250 -999.250 -999.250 -999.250 -999.250 -999.250
0.000 0.000 0.000 0.000 4.017 14.576 31.435 54.435 80.919 105.532 138.672 92.753 56.572 28.990 10.753 3.037 7.646 14.630 17.170 18.902 17.867 14.293 9.183 5.612 0.312 0.000 0.000 0.000 0.000 0.000 1.736 7.903 15.377 12.126 12.027 12.165 13.754 15.052 16.927 18.675 23.016 18.965 15.388 11.170 8.083 0.180 0.000 0.000 -999.250 -999.250 -999.250 -999.250 -999.250 -999.250 -999.250 -999.250 -999.250 -999.250 -999.250 -999.250 -999.250 -999.250 -999.250 -999.250 -999.250 -999.250 -999.250 -999.250 -999.250
0.000 0.000 0.000 0.000 4.222 14.579 33.569 50.013 78.924 94.416 97.508 84.045 52.533 34.318 18.216 14.837 13.003 17.048 18.890 18.379 12.493 7.817 1.556 0.000 0.000 0.000 0.000 0.000 0.000 0.000 1.477 3.366 6.979 8.008 7.572 6.554 8.286 9.051 11.981 16.804 18.305 20.079 18.025 13.144 9.506 2.574 0.000 0.304 -999.250 -999.250 -999.250 -999.250 -999.250 -999.250 -999.250 -999.250 -999.250 -999.250 -999.250 -999.250 -999.250 -999.250 -999.250 -999.250 -999.250 -999.250 -999.250 -999.250 -999.250
0.000 0.000 0.000 0.000 3.348 12.003 26.886 45.358 64.725 78.716 81.057 66.579 46.014 31.197 25.853 25.081 23.563 27.545 26.889 19.161 12.179 3.173 0.000 0.000 0.000 0.000 0.000 0.000 0.000 0.000 0.000 0.283 2.077 2.717 1.856 1.383 3.617 2.123 8.172 12.468 15.898 17.080 15.638 14.716 10.582 7.028 3.626 -999.250 -999.250 -999.250 -999.250 -999.250 -999.250 -999.250 -999.250 -999.250 -999.250 -999.250 -999.250 -999.250 -999.250 -999.250 -999.250 -999.250 -999.250 -999.250 -999.250 -999.250 -999.250
0.000 0.000 0.000 0.000 0.000 8.761 18.635 34.060 49.425 54.244 59.062 51.317 39.020 30.161 31.056 34.358 39.064 46.358 45.496 30.332 14.457 0.755 0.000 0.000 0.000 0.000 0.000 0.000 0.000 0.000 0.000 0.000 0.000 0.000 0.000 0.000 0.000 0.000 3.182 9.520 14.290 16.697 15.242 15.365 11.515 10.255 7.282 -999.250 -999.250 -999.250 -999.250 -999.250 -999.250 -999.250 -999.250 -999.250 -999.250 -999.250 -999.250 -999.250 -999.250 -999.250 -999.250 -999.250 -999.250 -999.250 -999.250 -999.250 -999.250
0.000 0.000 0.000 0.000 0.000 1.989 12.636 23.850 33.814 40.520 41.435 35.594 29.934 31.148 42.965 53.656 71.133 84.476 78.328 48.027 24.788 3.430 0.000 0.000 0.000 0.000 0.000 0.000 0.000 0.000 0.000 0.000 0.000 0.000 0.000 0.000 0.000 0.000 0.000 7.555 12.800 16.307 17.484 16.248 16.264 12.036 -999.250 -999.250 -999.250 -999.250 -999.250 -999.250 -999.250 -999.250 -999.250 -999.250 -999.250 -999.250 -999.250 -999.250 -999.250 -999.250 -999.250 -999.250 -999.250 -999.250 -999.250 -999.250 -999.250
