data/medianmodel_01-May-2020.asc
ncols	141
nrows	288
xllcorner	-120191.398
yllcorner	-301404.813
cellsize	2000.000
NODATA_value	-999.250
[rows 186 to 216 of 288, columns 0 to 68 of 141]
52.265 48.489 50.127 45.221 42.421 43.392 52.916 53.130 57.772 72.049 71.168 64.673 70.025 63.779 63.796 73.429 84.708 80.298 -999.250 -999.250 -999.250 -999.250 -999.250 31.620 28.579 22.547 19.850 16.826 17.039 15.165 16.159 15.825 12.491 12.733 13.877 17.858 18.932 24.782 24.075 23.933 31.715 36.129 32.639 39.278 47.558 51.587 41.737 40.080 39.843 39.668 41.455 33.161 24.102 18.892 19.845 17.927 16.156 14.434 12.379 10.463 9.445 5.099 4.261 3.894 1.462 1.201 5.035 8.560 9.259
-999.250 50.918 52.325 44.488 41.947 43.667 40.962 49.236 59.791 65.312 64.891 68.648 79.302 82.256 78.726 87.987 82.276 72.653 -999.250 -999.250 -999.250 -999.250 33.832 23.760 20.317 21.001 15.214 17.824 18.012 13.526 15.085 16.361 17.862 17.995 15.300 17.941 15.252 20.957 25.349 22.314 30.195 34.935 36.979 35.626 43.473 52.154 46.341 48.409 43.220 45.853 35.910 41.322 30.784 29.768 18.427 16.960 16.905 12.467 12.264 10.683 10.413 7.275 5.863 6.180 3.521 0.000 2.529 5.730 8.918
-999.250 51.603 51.579 44.280 45.638 47.098 38.148 38.764 51.773 57.598 61.072 64.509 74.892 82.577 91.294 95.974 87.030 72.277 -999.250 -999.250 -999.250 34.244 -999.250 20.650 13.683 11.367 12.294 13.500 14.487 16.656 15.052 17.938 15.755 17.305 17.121 18.326 18.264 19.872 23.747 22.410 26.024 32.292 33.826 44.526 47.187 48.859 51.498 51.390 43.999 45.694 42.664 35.624 32.388 26.492 18.531 17.238 15.590 13.116 10.418 8.121 9.696 8.737 7.312 5.513 4.552 3.248 3.748 6.917 5.180
-999.250 51.719 47.173 47.294 40.576 42.671 42.535 36.419 45.335 49.308 52.499 54.201 69.131 74.033 91.867 86.975 86.167 -999.250 -999.250 -999.250 -999.250 25.874 19.815 12.749 11.280 9.580 10.272 12.450 15.225 14.893 13.626 15.610 18.144 14.404 18.146 20.133 18.590 20.198 24.125 31.386 30.639 27.602 36.320 46.882 46.740 52.017 54.048 60.523 47.692 44.176 45.613 40.790 32.174 23.220 23.078 19.491 12.889 13.450 12.188 13.700 8.149 8.482 6.807 6.263 4.383 4.501 5.258 5.675 6.399
-999.250 58.071 47.651 48.219 44.119 41.094 42.636 38.885 38.957 41.131 40.596 37.766 61.227 79.024 82.933 88.293 76.391 -999.250 -999.250 -999.250 31.908 22.288 13.886 10.588 9.531 8.356 8.935 9.277 15.162 15.780 13.952 13.945 18.475 19.130 19.326 25.208 22.913 24.236 22.425 30.578 39.120 41.946 43.542 45.906 52.366 53.995 64.081 58.131 51.360 46.240 45.132 41.160 31.165 26.218 21.697 17.587 17.330 15.285 12.030 8.776 8.196 7.821 8.719 8.104 5.919 6.200 5.137 6.703 7.254
-999.250 -999.250 -999.250 44.220 -999.250 -999.250 40.072 37.579 36.475 -999.250 -999.250 -999.250 56.559 69.072 -999.250 -999.250 -999.250 -999.250 -999.250 -999.250 29.210 20.106 14.262 7.502 6.125 6.674 6.415 9.169 11.383 13.270 14.894 13.761 18.257 16.383 19.590 25.618 18.991 27.125 31.249 32.273 40.398 44.856 46.589 51.409 58.851 61.922 60.369 58.059 47.276 39.035 41.952 32.497 31.089 31.775 23.308 16.323 18.416 16.983 11.441 11.579 9.118 8.611 11.388 9.353 6.324 7.017 8.012 6.776 7.731
-999.250 -999.250 -999.250 -999.250 -999.250 -999.250 -999.250 -999.250 -999.250 -999.250 -999.250 -999.250 -999.250 67.411 79.998 81.156 -999.250 -999.250 -999.250 28.097 22.389 16.221 12.655 9.023 5.964 5.127 3.351 5.346 8.016 11.894 13.773 15.684 15.785 15.775 17.344 22.635 25.222 28.210 30.240 33.649 35.512 43.852 49.720 56.825 60.747 71.079 60.265 54.337 46.568 38.431 36.802 30.837 32.534 28.035 21.192 18.004 17.946 15.577 14.292 12.960 11.835 10.039 10.760 7.698 8.291 7.515 7.416 7.004 7.677
-999.250 -999.250 -999.250 -999.250 -999.250 -999.250 -999.250 -999.250 -999.250 -999.250 -999.250 51.146 58.782 70.286 74.398 81.638 -999.250 -999.250 31.210 23.953 17.632 15.027 9.750 8.404 4.775 4.778 3.208 4.220 5.863 8.154 10.597 15.510 15.208 14.856 18.376 28.217 31.565 29.753 24.925 37.417 48.153 41.301 45.392 56.752 61.400 64.534 57.529 54.982 40.885 39.955 36.752 29.046 30.037 21.293 19.533 20.693 19.173 16.325 16.869 13.565 12.004 10.648 12.012 11.203 9.252 7.547 5.622 9.555 6.065
-999.250 -999.250 -999.250 -999.250 -999.250 -999.250 -999.250 -999.250 -999.250 -999.250 -999.250 50.519 57.118 62.827 67.668 64.040 48.252 37.623 24.636 19.126 15.675 17.079 11.005 7.296 5.874 3.771 3.112 6.009 5.537 8.902 8.376 11.018 12.531 15.621 17.940 21.408 30.595 31.986 35.777 35.018 45.037 45.699 50.806 56.191 60.156 55.693 49.158 53.177 42.643 34.802 34.953 29.667 26.542 30.940 22.751 19.156 17.110 17.757 15.930 10.820 12.501 15.039 11.346 12.097 13.933 10.524 6.829 8.598 8.889
-999.250 -999.250 -999.250 -999.250 -999.250 -999.250 -999.250 -999.250 -999.250 -999.250 -999.250 -999.250 51.448 59.112 56.079 50.410 35.767 30.867 19.571 16.766 15.130 13.554 7.659 5.745 7.400 3.410 3.678 5.763 6.043 5.772 6.608 8.309 9.764 16.482 13.916 19.404 28.125 28.754 39.605 45.903 45.657 41.832 53.843 53.711 49.178 44.835 47.839 45.324 38.038 38.645 32.653 35.230 26.620 25.558 22.122 18.366 19.509 19.487 13.169 13.418 10.369 12.023 11.721 12.450 9.101 9.970 7.959 7.446 6.564
-999.250 -999.250 -999.250 -999.250 -999.250 -999.250 -999.250 -999.250 -999.250 -999.250 -999.250 -999.250 -999.250 53.451 47.080 40.420 33.610 21.948 17.330 14.052 12.877 11.043 7.491 5.131 4.656 4.368 0.980 3.029 4.076 5.712 8.445 9.978 12.585 12.428 17.085 23.279 23.148 26.229 34.582 40.422 45.086 42.662 43.812 44.940 47.395 45.467 40.631 43.196 42.436 35.660 34.407 29.208 23.312 26.428 18.145 17.571 19.966 17.525 17.964 17.156 13.206 11.184 13.326 13.803 10.423 8.880 7.045 8.202 5.347
-999.250 -999.250 -999.250 -999.250 -999.250 -999.250 -999.250 -999.250 -999.250 -999.250 -999.250 -999.250 -999.250 45.936 35.818 31.434 22.182 16.970 15.736 11.582 8.367 9.040 3.207 3.093 3.371 0.895 0.777 2.417 4.446 3.989 8.148 10.534 12.125 14.554 17.719 19.676 25.186 24.546 37.624 42.314 32.136 33.123 35.840 35.526 36.931 36.545 36.636 35.806 36.347 27.892 30.612 28.114 25.240 24.219 19.436 19.570 16.657 19.560 20.151 17.158 15.777 14.567 9.094 10.450 9.035 6.273 8.103 5.254 3.341
-999.250 -999.250 -999.250 -999.250 -999.250 -999.250 -999.250 -999.250 -999.250 -999.250 -999.250 -999.250 -999.250 33.611 27.988 23.257 15.268 13.000 9.761 8.533 5.292 4.994 3.471 2.172 2.303 2.815 2.194 1.288 4.592 4.885 8.087 9.378 12.199 17.265 20.403 20.548 22.205 23.602 28.429 39.218 34.852 33.393 34.108 26.263 32.260 30.184 32.699 33.023 24.967 29.319 26.630 26.451 28.781 31.094 21.026 18.996 16.686 15.415 14.122 13.402 14.518 8.787 10.394 8.717 7.381 6.667 4.750 4.822 0.061
-999.250 -999.250 -999.250 -999.250 -999.250 -999.250 -999.250 -999.250 -999.250 -999.250 -999.250 -999.250 -999.250 -999.250 23.574 20.376 16.467 9.092 5.785 3.758 3.335 3.576 3.799 3.118 1.673 2.674 5.263 5.662 5.565 4.642 6.593 8.268 13.350 15.505 17.008 22.368 22.877 29.572 32.372 27.538 33.526 29.274 27.794 33.023 25.721 28.295 25.931 29.485 25.007 22.877 21.463 19.377 22.474 23.507 22.564 18.133 16.624 13.640 14.258 11.641 15.741 12.794 10.109 7.688 8.284 6.862 4.052 3.961 2.668
-999.250 -999.250 -999.250 -999.250 -999.250 -999.250 -999.250 -999.250 -999.250 -999.250 -999.250 -999.250 -999.250 -999.250 20.402 18.707 10.224 5.287 3.218 2.850 2.159 3.353 3.551 2.900 1.887 3.701 3.870 5.448 6.080 6.927 10.653 11.645 11.708 13.307 15.246 16.892 23.942 25.824 22.477 21.017 25.324 22.579 26.051 27.518 25.346 21.495 20.554 18.444 21.498 25.411 20.304 22.977 21.130 18.154 17.754 16.415 19.055 15.229 15.556 16.252 12.493 14.838 9.788 9.022 8.268 7.067 4.402 4.380 5.024
-999.250 -999.250 -999.250 -999.250 -999.250 -999.250 -999.250 -999.250 -999.250 -999.250 -999.250 -999.250 -999.250 -999.250 23.284 16.853 11.735 4.618 1.790 1.642 1.402 2.931 4.230 3.817 2.938 5.415 7.016 4.729 4.410 7.716 10.971 10.637 11.212 13.087 16.333 14.950 17.578 21.714 18.727 17.122 19.296 16.530 19.983 20.191 22.470 15.321 17.819 20.346 17.582 19.236 17.974 18.685 18.752 18.499 17.308 16.307 17.515 14.191 15.240 11.563 12.456 12.940 11.796 8.767 6.871 7.868 6.094 7.461 8.265
-999.250 -999.250 -999.250 -999.250 -999.250 -999.250 -999.250 -999.250 -999.250 -999.250 -999.250 -999.250 -999.250 -999.250 15.984 14.661 12.708 7.420 4.057 2.239 2.407 2.502 5.872 3.510 5.556 -999.250 6.282 4.961 5.298 8.635 10.475 11.502 12.950 11.423 10.077 12.172 13.467 17.777 18.455 14.525 17.014 20.567 18.123 19.330 15.116 15.366 16.662 18.679 18.759 19.099 20.005 20.506 16.194 21.517 15.949 15.159 15.951 12.633 11.323 9.177 8.263 13.108 10.947 9.635 10.241 6.772 7.493 8.598 9.722
-999.250 -999.250 -999.250 -999.250 -999.250 -999.250 -999.250 -999.250 -999.250 -999.250 -999.250 -999.250 -999.250 -999.250 14.559 11.041 9.249 9.585 4.071 4.415 4.204 4.782 5.384 -999.250 -999.250 -999.250 6.713 7.121 6.410 7.331 10.302 12.346 12.457 12.269 10.426 10.626 12.414 16.602 15.166 10.084 12.937 14.581 13.991 13.607 15.998 12.850 16.288 11.839 14.596 18.706 18.879 15.689 19.946 18.211 18.905 14.673 11.134 9.285 8.390 9.830 11.063 8.508 8.077 8.878 9.102 6.618 8.806 8.205 8.421
-999.250 -999.250 -999.250 -999.250 -999.250 -999.250 -999.250 -999.250 -999.250 -999.250 -999.250 -999.250 -999.250 13.778 12.223 9.542 8.977 8.940 8.135 5.768 4.698 4.931 -999.250 -999.250 -999.250 -999.250 -999.250 7.731 7.909 9.336 12.608 13.824 10.420 12.808 12.012 13.073 13.158 12.111 12.736 12.568 14.050 12.254 13.347 12.858 12.510 9.710 9.076 14.923 14.547 18.356 17.050 18.221 14.189 17.745 15.674 13.536 11.386 9.890 12.181 8.431 11.163 7.739 8.014 7.734 8.624 5.829 7.085 12.072 10.374
-999.250 -999.250 -999.250 -999.250 -999.250 -999.250 -999.250 -999.250 -999.250 -999.250 -999.250 -999.250 -999.250 10.018 9.814 9.624 9.048 9.349 6.330 6.510 -999.250 -999.250 -999.250 -999.250 -999.250 -999.250 -999.250 -999.250 7.643 7.032 7.720 11.724 9.787 15.862 15.412 14.247 12.870 13.396 13.415 10.950 9.657 12.174 12.332 8.613 8.713 9.125 9.570 11.026 9.569 14.675 14.427 16.043 12.411 14.537 13.210 11.669 9.171 10.863 10.683 8.030 8.892 6.868 6.534 7.264 7.559 7.211 10.764 9.076 8.458
-999.250 -999.250 -999.250 -999.250 -999.250 -999.250 -999.250 -999.250 -999.250 -999.250 -999.250 -999.250 11.879 9.656 -999.250 -999.250 -999.250 -999.250 -999.250 -999.250 -999.250 -999.250 -999.250 -999.250 -999.250 -999.250 -999.250 -999.250 -999.250 10.567 13.087 12.098 13.984 13.034 12.921 9.711 15.152 13.140 13.886 9.723 11.897 11.447 8.872 10.253 8.109 6.147 9.746 7.151 8.566 12.666 11.836 14.035 11.173 13.381 10.180 12.853 11.157 13.326 7.727 10.004 6.883 6.384 6.485 5.126 6.311 6.328 7.270 9.997 9.650
-999.250 -999.250 -999.250 -999.250 -999.250 -999.250 -999.250 -999.250 -999.250 -999.250 -999.250 -999.250 -999.250 -999.250 -999.250 -999.250 -999.250 -999.250 -999.250 -999.250 -999.250 -999.250 -999.250 -999.250 -999.250 -999.250 -999.250 -999.250 -999.250 -999.250 10.577 8.417 12.056 11.459 11.188 9.037 9.574 11.355 11.591 7.106 9.822 9.006 10.034 8.002 7.804 5.355 8.848 7.022 10.168 12.552 11.428 12.685 8.880 14.308 13.865 13.018 10.935 12.025 13.706 10.659 6.822 5.102 4.704 7.241 5.011 7.016 8.607 8.598 12.295
-999.250 -999.250 -999.250 -999.250 -999.250 -999.250 -999.250 -999.250 -999.250 -999.250 -999.250 -999.250 -999.250 -999.250 -999.250 -999.250 -999.250 -999.250 -999.250 -999.250 -999.250 -999.250 -999.250 -999.250 -999.250 -999.250 -999.250 -999.250 -999.250 -999.250 9.909 7.380 10.139 10.531 12.489 9.786 8.914 7.639 10.340 7.459 6.658 7.521 4.401 5.481 7.027 7.810 7.702 6.287 8.571 9.957 10.877 10.333 10.099 13.290 11.031 9.879 9.722 10.960 8.790 8.544 6.829 4.642 2.827 4.314 4.115 5.536 7.537 7.904 8.844
-999.250 -999.250 -999.250 -999.250 -999.250 -999.250 -999.250 -999.250 -999.250 -999.250 -999.250 -999.250 -999.250 -999.250 -999.250 -999.250 -999.250 -999.250 -999.250 -999.250 -999.250 -999.250 -999.250 -999.250 -999.250 -999.250 -999.250 -999.250 -999.250 -999.250 8.659 9.653 10.857 11.641 9.724 12.655 7.110 8.630 10.935 6.918 3.878 3.394 4.470 4.204 5.555 6.145 7.635 6.762 7.655 12.662 10.927 12.007 9.917 11.023 16.083 11.348 9.847 8.730 8.820 6.173 4.697 3.973 3.290 3.847 3.391 4.326 5.805 7.692 10.026
-999.250 -999.250 -999.250 -999.250 -999.250 -999.250 -999.250 -999.250 -999.250 -999.250 -999.250 -999.250 -999.250 -999.250 -999.250 -999.250 -999.250 -999.250 -999.250 -999.250 -999.250 -999.250 -999.250 -999.250 -999.250 -999.250 -999.250 -999.250 -999.250 -999.250 -999.250 12.549 13.770 7.651 11.088 8.197 9.028 8.420 6.007 3.817 3.883 4.708 0.000 3.082 4.352 5.505 6.933 8.715 8.356 11.275 12.438 13.516 14.433 12.492 12.119 12.803 7.715 9.681 7.625 6.489 5.125 2.290 1.763 1.980 2.329 2.469 2.080 6.933 8.076
-999.250 -999.250 -999.250 -999.250 -999.250 -999.250 -999.250 -999.250 -999.250 -999.250 -999.250 -999.250 -999.250 -999.250 -999.250 -999.250 -999.250 -999.250 -999.250 -999.250 -999.250 -999.250 -999.250 -999.250 -999.250 -999.250 -999.250 -999.250 -999.250 -999.250 -999.250 11.751 8.745 8.519 10.448 9.174 8.352 8.262 6.281 5.214 4.247 2.261 1.745 1.939 3.088 5.791 8.631 7.906 8.246 12.486 12.856 13.792 12.527 10.739 10.351 8.617 9.851 7.930 7.998 6.644 4.881 2.302 1.071 1.340 0.000 0.000 3.711 5.759 8.835
-999.250 -999.250 -999.250 -999.250 -999.250 -999.250 -999.250 -999.250 -999.250 -999.250 -999.250 -999.250 -999.250 -999.250 -999.250 -999.250 -999.250 -999.250 -999.250 -999.250 -999.250 -999.250 -999.250 -999.250 -999.250 -999.250 -999.250 -999.250 -999.250 -999.250 -999.250 10.255 9.625 11.602 7.847 10.380 8.471 7.551 6.858 5.529 4.069 3.414 2.335 3.713 4.030 5.263 8.348 7.881 9.480 10.526 12.552 10.553 9.371 14.486 11.716 11.645 8.472 7.207 4.802 3.059 3.253 0.418 1.866 0.000 0.257 0.914 2.598 3.631 6.672
-999.250 -999.250 -999.250 -999.250 -999.250 -999.250 -999.250 -999.250 -999.250 -999.250 -999.250 -999.250 -999.250 -999.250 -999.250 -999.250 -999.250 -999.250 -999.250 -999.250 -999.250 -999.250 -999.250 -999.250 -999.250 -999.250 -999.250 -999.250 -999.250 -999.250 -999.250 12.443 12.014 14.397 11.765 8.701 7.739 6.923 4.622 5.487 5.264 5.531 5.900 3.939 3.062 6.571 7.523 10.276 11.480 11.905 10.294 9.086 11.577 11.401 8.133 12.795 9.055 7.120 4.225 2.844 3.833 2.429 1.847 0.855 0.000 1.077 1.406 4.390 8.117
-999.250 -999.250 -999.250 -999.250 -999.250 -999.250 -999.250 -999.250 -999.250 -999.250 -999.250 -999.250 -999.250 -999.250 -999.250 -999.250 -999.250 -999.250 -999.250 -999.250 -999.250 -999.250 -999.250 -999.250 -999.250 -999.250 -999.250 -999.250 -999.250 -999.250 -999.250 13.041 11.585 12.563 15.349 9.821 8.586 8.375 7.107 7.821 6.604 5.986 4.752 7.707 6.327 6.410 7.949 8.003 12.221 12.249 15.761 13.713 12.290 9.438 9.242 10.242 6.639 5.379 4.929 3.003 3.063 2.022 1.815 0.528 1.044 2.860 3.383 6.627 8.615
-999.250 -999.250 -999.250 -999.250 -999.250 -999.250 -999.250 -999.250 -999.250 -999.250 -999.250 -999.250 -999.250 -999.250 -999.250 -999.250 -999.250 -999.250 -999.250 -999.250 -999.250 -999.250 -999.250 -999.250 -999.250 -999.250 -999.250 -999.250 -999.250 -999.250 -999.250 9.954 7.781 9.065 10.473 11.122 10.515 6.674 6.296 9.991 7.445 8.399 6.357 6.803 9.650 6.398 10.644 11.558 12.509 9.150 12.562 13.538 9.329 10.690 9.553 8.749 6.764 5.265 4.514 4.784 3.253 1.371 2.882 1.074 0.000 0.610 5.556 6.555 6.683
-999.250 -999.250 -999.250 -999.250 -999.250 -999.250 -999.250 -999.250 -999.250 -999.250 -999.250 -999.250 -999.250 -999.250 -999.250 -999.250 -999.250 -999.250 -999.250 -999.250 -999.250 -999.250 -999.250 -999.250 -999.250 -999.250 -999.250 -999.250 -999.250 -999.250 -999.250 8.504 6.801 6.671 11.543 11.341 9.444 7.644 7.697 8.618 9.663 7.684 7.630 7.303 9.064 8.200 12.728 13.924 12.785 9.096 9.898 10.966 10.910 8.607 10.043 10.145 7.759 6.377 6.408 3.823 3.672 1.568 0.756 0.911 0.608 0.000 2.595 6.716 9.131
