data/medianmodel_07-Feb-2021.asc
ncols	141
nrows	288
xllcorner	-120191.398
yllcorner	-301404.813
cellsize	2000.000
NODATA_value	-999.250
[rows 168 to 195 of 288, columns 64 to 127 of 141]
303.596 321.882 313.109 297.208 325.299 353.791 474.370 592.044 777.174 953.751 1217.187 1460.999 1715.252 2003.203 2276.259 2474.964 2446.243 2538.974 2238.955 2106.721 1898.471 1714.032 1510.519 1328.747 1138.609 1006.557 896.645 829.484 836.996 863.244 941.848 980.779 1085.282 1154.520 1267.316 1309.091 1312.954 1292.867 -999.250 -999.250 -999.250 1387.227 1334.420 1274.196 -999.250 -999.250 -999.250 -999.250 -999.250 -999.250 -999.250 -999.250 -999.250 -999.250 -999.250 -999.250 -999.250 -999.250 -999.250 -999.250 -999.250 -999.250 -999.250 -999.250
294.656 290.137 293.275 289.017 301.483 311.025 380.563 558.070 752.694 1025.152 1242.010 1530.102 1799.512 2141.548 2407.261 3104.020 3266.081 3102.845 2597.076 2256.429 2107.050 1855.142 1647.430 1413.718 1165.026 1033.922 912.968 833.350 791.930 850.412 887.206 1031.099 1096.605 1212.874 1347.518 1312.689 1316.648 1324.489 1331.629 1374.569 1354.367 1389.561 1411.660 1346.405 1301.659 -999.250 -999.250 -999.250 -999.250 -999.250 -999.250 -999.250 -999.250 -999.250 -999.250 -999.250 -999.250 -999.250 -999.250 -999.250 -999.250 -999.250 -999.250 -999.250
296.522 280.686 274.222 272.518 273.840 289.457 306.098 559.650 778.717 1040.561 1301.870 1614.708 1861.688 2174.366 2476.731 3235.228 3564.223 3484.651 2762.183 2364.738 2239.587 1951.791 1657.232 1426.111 1197.202 975.596 873.874 760.994 741.843 775.038 878.456 960.699 1082.760 1191.080 1279.394 1294.609 1287.488 1315.686 1298.227 1318.072 1360.122 1392.213 1435.377 1384.303 1351.493 1317.225 -999.250 -999.250 -999.250 -999.250 -999.250 -999.250 -999.250 -999.250 -999.250 -999.250 -999.250 -999.250 -999.250 -999.250 -999.250 -999.250 -999.250 -999.250
276.717 286.523 262.804 280.893 279.880 304.028 425.466 585.006 821.939 1032.530 1294.137 1610.158 1846.906 2128.325 2389.686 2883.544 3253.057 3180.590 2668.655 2332.346 2139.458 1936.907 1670.658 1404.809 1158.999 962.322 780.505 659.323 655.992 731.685 830.478 961.150 1058.499 1113.046 1176.358 1239.007 1263.379 1293.531 1301.676 1308.991 1379.756 1442.213 1400.212 1348.866 1341.933 1308.478 -999.250 -999.250 -999.250 -999.250 -999.250 -999.250 -999.250 -999.250 -999.250 -999.250 -999.250 -999.250 -999.250 -999.250 -999.250 -999.250 -999.250 -999.250
280.631 270.923 285.911 294.288 321.122 404.390 497.090 611.312 808.905 1021.914 1258.418 1574.586 1793.296 1977.553 2183.436 2457.371 2663.113 2502.718 2478.610 2235.931 2090.213 1886.000 1648.465 1389.318 1176.004 970.568 742.934 537.815 602.215 696.109 774.245 867.953 962.203 1051.945 1100.993 1184.445 1258.614 1285.443 1256.202 1309.378 1302.362 1356.568 1367.850 1372.760 1343.555 1273.796 -999.250 -999.250 -999.250 -999.250 -999.250 -999.250 -999.250 -999.250 -999.250 -999.250 -999.250 -999.250 -999.250 -999.250 -999.250 -999.250 -999.250 -999.250
294.153 297.251 294.777 333.315 382.805 461.499 522.717 612.742 784.419 969.258 1175.443 1407.653 1631.571 1771.891 1932.480 2122.918 2286.696 2269.322 2215.774 2100.152 1974.493 1847.566 1606.710 1400.047 1139.843 958.082 769.688 654.659 635.574 675.245 761.586 833.991 917.110 1003.557 1029.776 1088.243 1151.668 1214.498 1202.185 1282.673 1248.967 1296.325 1322.505 1375.421 1322.501 1291.693 1203.385 -999.250 -999.250 -999.250 -999.250 -999.250 -999.250 -999.250 -999.250 -999.250 -999.250 -999.250 -999.250 -999.250 -999.250 -999.250 -999.250 -999.250
329.000 331.779 344.974 379.070 431.597 489.610 555.370 640.877 758.181 920.582 1093.777 1267.333 1435.546 1578.911 1708.679 1816.791 1915.631 1989.963 1980.977 1909.128 1857.432 1737.414 1572.927 1318.863 1131.964 1022.411 812.410 723.512 693.056 719.893 775.463 827.981 884.626 934.260 992.502 1038.270 1101.620 1133.765 1181.731 1203.201 1219.917 1246.848 1279.420 1314.302 1253.958 1163.075 -999.250 -999.250 -999.250 -999.250 -999.250 -999.250 -999.250 -999.250 -999.250 -999.250 -999.250 -999.250 -999.250 -999.250 -999.250 -999.250 -999.250 -999.250
329.705 363.876 399.709 453.878 472.731 509.049 562.661 615.742 749.282 869.979 1031.373 1141.128 1234.147 1346.285 1349.878 1429.075 1572.053 1693.235 1768.991 1715.520 1693.562 1632.395 1492.266 1318.655 1133.097 976.029 863.443 786.078 752.560 746.615 793.720 835.606 878.515 930.532 970.534 1018.557 1098.465 1074.844 1108.600 1144.713 1151.121 1232.875 1260.492 1266.242 1249.469 -999.250 -999.250 -999.250 -999.250 -999.250 -999.250 -999.250 -999.250 -999.250 -999.250 -999.250 -999.250 -999.250 -999.250 -999.250 -999.250 -999.250 -999.250 -999.250
370.016 447.683 460.317 497.003 533.392 548.438 605.535 682.294 778.970 889.778 937.468 1059.172 1085.100 1121.194 1114.196 1019.946 1290.940 1449.792 1625.957 1596.999 1547.846 1523.180 1389.481 1294.498 1150.221 963.295 862.338 834.300 775.455 754.526 803.957 837.666 878.631 875.221 942.409 979.975 1031.393 1054.331 1092.341 1085.114 1100.388 1168.033 1216.406 1203.542 1200.108 -999.250 -999.250 -999.250 -999.250 -999.250 -999.250 -999.250 -999.250 -999.250 -999.250 -999.250 -999.250 -999.250 -999.250 -999.250 -999.250 -999.250 -999.250 -999.250
400.043 459.833 514.205 539.882 563.213 576.055 615.860 708.380 780.732 831.933 928.756 1019.653 1031.991 1030.933 1061.435 1096.736 1264.087 1356.132 1499.673 1558.508 1485.919 1417.646 1343.374 1292.179 1101.226 1016.468 892.707 828.416 821.123 789.679 800.531 796.217 871.667 870.892 873.362 943.931 988.525 1016.360 1050.129 1070.981 1078.532 1119.137 1127.414 1172.545 -999.250 -999.250 -999.250 -999.250 -999.250 -999.250 -999.250 -999.250 -999.250 -999.250 -999.250 -999.250 -999.250 -999.250 -999.250 -999.250 -999.250 -999.250 -999.250 -999.250
489.021 520.519 559.599 572.676 578.903 607.015 663.101 721.231 802.135 865.102 909.999 984.134 1037.751 1019.652 1060.696 1109.956 1251.827 1345.378 1469.944 1523.608 1570.744 1392.457 1309.052 1276.697 1079.023 982.728 903.608 857.705 812.204 772.177 784.479 830.941 860.448 853.769 847.760 896.874 939.882 927.883 1013.409 986.666 1022.119 1048.821 1074.268 1142.660 -999.250 -999.250 -999.250 -999.250 -999.250 -999.250 -999.250 -999.250 -999.250 -999.250 -999.250 -999.250 -999.250 -999.250 -999.250 -999.250 -999.250 -999.250 -999.250 -999.250
551.820 556.796 592.182 605.136 606.375 634.389 699.258 729.477 787.433 891.267 930.606 992.349 1016.292 1034.044 1098.836 1166.676 1308.418 1336.503 1415.590 1440.565 1514.978 1427.745 1280.960 1220.804 1088.115 972.552 894.270 862.936 829.949 779.629 778.020 809.432 853.040 829.199 823.619 861.768 867.907 904.812 933.215 978.461 973.426 1024.286 1064.239 -999.250 -999.250 -999.250 -999.250 -999.250 -999.250 -999.250 -999.250 -999.250 -999.250 -999.250 -999.250 -999.250 -999.250 -999.250 -999.250 -999.250 -999.250 -999.250 -999.250 -999.250
570.049 607.201 613.634 647.336 668.368 680.991 769.019 797.340 820.602 894.280 923.010 987.512 1021.723 1061.020 1174.366 1276.873 1354.439 1420.485 1522.365 1550.879 1469.191 1508.295 1316.733 1219.279 1097.440 992.628 890.961 850.599 793.485 801.116 791.728 822.027 825.948 839.724 847.922 870.606 874.395 896.830 920.814 915.818 964.002 995.359 969.808 -999.250 -999.250 -999.250 -999.250 -999.250 -999.250 -999.250 -999.250 -999.250 -999.250 -999.250 -999.250 -999.250 -999.250 -999.250 -999.250 -999.250 -999.250 -999.250 -999.250 -999.250
644.078 664.407 702.351 690.397 703.399 768.561 814.347 833.255 847.586 911.044 981.517 1014.896 1076.781 1143.900 1239.957 1351.155 1411.270 1587.982 1650.128 1639.918 1549.584 1473.766 1350.677 1250.710 1085.960 946.982 844.933 826.406 804.084 781.541 774.221 798.584 781.690 823.852 813.610 852.387 853.384 843.134 852.123 891.092 875.581 938.599 949.805 -999.250 -999.250 -999.250 -999.250 -999.250 -999.250 -999.250 -999.250 -999.250 -999.250 -999.250 -999.250 -999.250 -999.250 -999.250 -999.250 -999.250 -999.250 -999.250 -999.250 -999.250
703.874 731.141 724.143 785.615 799.260 865.748 940.699 923.475 933.771 998.725 1014.380 1009.510 1113.051 1175.912 1291.757 1375.398 1486.291 1630.385 1686.140 1715.098 1652.554 1552.296 1395.251 1261.659 1081.671 942.472 820.169 788.185 769.533 783.138 812.263 801.661 812.242 808.319 842.364 829.683 830.861 815.166 834.566 849.446 886.569 915.822 -999.250 -999.250 -999.250 -999.250 -999.250 -999.250 -999.250 -999.250 -999.250 -999.250 -999.250 -999.250 -999.250 -999.250 -999.250 -999.250 -999.250 -999.250 -999.250 -999.250 -999.250 -999.250
769.443 795.451 836.720 850.492 850.746 914.597 933.310 1024.284 1004.097 1031.157 1049.280 1067.768 1172.548 1174.956 1282.272 1384.526 1548.395 1659.986 1731.231 1869.893 1703.912 1576.815 1377.829 1238.458 1080.400 923.269 788.557 759.867 738.906 789.706 784.331 810.608 823.747 807.139 810.155 824.996 825.698 823.931 803.780 857.589 839.995 -999.250 -999.250 -999.250 -999.250 -999.250 -999.250 -999.250 -999.250 -999.250 -999.250 -999.250 -999.250 -999.250 -999.250 -999.250 -999.250 -999.250 -999.250 -999.250 -999.250 -999.250 -999.250 -999.250
827.024 887.298 921.893 916.245 848.760 925.399 1000.777 1027.804 1035.360 1092.647 1091.263 1109.281 1189.600 1232.571 1317.230 1447.918 1530.209 1665.062 1707.425 1749.942 1683.785 1518.499 1399.602 1247.799 1084.475 914.718 771.971 758.258 763.825 752.354 764.542 775.894 825.414 805.243 786.227 846.521 827.133 823.543 828.755 837.513 850.004 -999.250 -999.250 -999.250 -999.250 -999.250 -999.250 -999.250 -999.250 -999.250 -999.250 -999.250 -999.250 -999.250 -999.250 -999.250 -999.250 -999.250 -999.250 -999.250 -999.250 -999.250 -999.250 -999.250
906.597 938.140 966.718 944.698 920.270 948.422 974.614 1051.163 1057.273 1099.831 1078.613 1164.621 1166.920 1254.153 1318.249 1398.779 1503.154 1607.173 1644.211 1664.246 1612.331 1470.494 1304.584 1225.396 1082.635 948.787 823.566 782.662 782.846 782.890 775.486 815.777 835.210 836.546 831.490 823.972 837.849 832.313 825.748 -999.250 -999.250 -999.250 -999.250 -999.250 -999.250 -999.250 -999.250 -999.250 -999.250 -999.250 -999.250 -999.250 -999.250 -999.250 -999.250 -999.250 -999.250 -999.250 -999.250 -999.250 -999.250 -999.250 -999.250 -999.250
960.314 1026.279 1017.272 965.038 994.138 1019.873 1027.991 1046.394 1097.560 1056.018 1111.429 1096.703 1121.507 1264.631 1323.794 1384.854 1512.298 1633.171 1555.405 1585.111 1523.149 1408.728 1282.348 1205.514 1070.770 961.206 866.337 770.637 805.958 784.343 809.134 819.094 862.033 857.528 878.018 860.748 800.889 871.010 -999.250 -999.250 -999.250 -999.250 -999.250 -999.250 -999.250 -999.250 -999.250 -999.250 -999.250 -999.250 -999.250 -999.250 -999.250 -999.250 -999.250 -999.250 -999.250 -999.250 -999.250 -999.250 -999.250 -999.250 -999.250 -999.250
1021.460 1111.432 1041.256 996.891 996.674 1033.373 1040.962 1022.965 1078.436 1027.179 1081.604 1158.720 1154.174 1223.911 1286.793 1373.740 1463.098 1504.348 1474.599 1536.528 1454.623 1343.730 1263.798 1180.993 1101.451 1027.400 946.926 891.169 824.659 830.003 836.070 870.152 879.586 896.444 911.080 853.288 842.969 -999.250 -999.250 -999.250 -999.250 -999.250 -999.250 -999.250 -999.250 -999.250 -999.250 -999.250 -999.250 -999.250 -999.250 -999.250 -999.250 -999.250 -999.250 -999.250 -999.250 -999.250 -999.250 -999.250 -999.250 -999.250 -999.250 -999.250
1019.280 1054.015 1019.338 1014.316 1037.716 1027.528 1044.320 1078.840 1056.301 1059.488 1091.041 1162.325 1203.903 1184.467 1281.407 1322.041 1358.679 1369.639 1379.922 1391.678 1421.084 1294.237 1258.492 1208.864 1134.711 1066.816 1020.700 940.037 928.119 913.955 937.499 932.029 940.015 920.949 942.405 913.059 -999.250 -999.250 -999.250 -999.250 -999.250 -999.250 -999.250 -999.250 -999.250 -999.250 -999.250 -999.250 -999.250 -999.250 -999.250 -999.250 -999.250 -999.250 -999.250 -999.250 -999.250 -999.250 -999.250 -999.250 -999.250 -999.250 -999.250 -999.250
944.206 989.544 1009.825 1033.788 1031.003 1026.449 1001.998 1015.242 1077.383 1061.809 1060.099 1101.327 1119.838 1157.285 1177.461 1198.159 1269.787 1291.006 1277.988 1311.774 1308.776 1254.858 1228.268 1171.425 1129.599 1105.454 1040.720 1044.439 1007.337 993.941 997.340 978.178 976.655 969.952 -999.250 -999.250 -999.250 -999.250 -999.250 -999.250 -999.250 -999.250 -999.250 -999.250 -999.250 -999.250 -999.250 -999.250 -999.250 -999.250 -999.250 -999.250 -999.250 -999.250 -999.250 -999.250 -999.250 -999.250 -999.250 -999.250 -999.250 -999.250 -999.250 -999.250
907.800 940.400 981.891 974.493 989.778 983.076 973.987 1008.432 1032.658 1016.477 998.797 1030.572 1067.396 1101.102 1196.973 1149.254 1143.440 1199.569 1216.233 1178.194 1183.213 1178.266 1164.416 1150.279 1185.884 1140.089 1116.638 1060.553 1080.584 1070.116 1054.778 1074.912 1072.667 1033.905 -999.250 -999.250 -999.250 -999.250 -999.250 -999.250 -999.250 -999.250 -999.250 -999.250 -999.250 -999.250 -999.250 -999.250 -999.250 -999.250 -999.250 -999.250 -999.250 -999.250 -999.250 -999.250 -999.250 -999.250 -999.250 -999.250 -999.250 -999.250 -999.250 -999.250
897.381 885.175 903.928 949.691 950.187 932.072 1003.738 995.204 977.451 982.325 990.587 988.006 1010.845 1037.088 1083.944 1071.802 1068.596 1089.188 1057.941 1079.450 1085.404 1119.335 1138.939 1204.048 1205.752 1180.693 1193.659 1195.617 1166.996 1157.117 1134.332 1094.814 1104.181 -999.250 -999.250 -999.250 -999.250 -999.250 -999.250 -999.250 -999.250 -999.250 -999.250 -999.250 -999.250 -999.250 -999.250 -999.250 -999.250 -999.250 -999.250 -999.250 -999.250 -999.250 -999.250 -999.250 -999.250 -999.250 -999.250 -999.250 -999.250 -999.250 -999.250 -999.250
850.442 856.392 875.063 908.853 919.601 896.231 901.341 962.492 957.924 1009.034 987.902 954.642 977.099 1049.142 1033.286 996.851 965.669 983.742 1008.517 1016.756 1058.262 1130.498 1167.992 1264.194 1285.461 1310.867 1325.679 1334.011 1329.326 1256.174 1188.117 1176.888 1159.424 -999.250 -999.250 -999.250 -999.250 -999.250 -999.250 -999.250 -999.250 -999.250 -999.250 -999.250 -999.250 -999.250 -999.250 -999.250 -999.250 -999.250 -999.250 -999.250 -999.250 -999.250 -999.250 -999.250 -999.250 -999.250 -999.250 -999.250 -999.250 -999.250 -999.250 -999.250
827.884 824.362 836.362 892.437 877.423 893.015 865.151 889.873 911.825 935.862 964.889 963.549 927.903 983.842 957.981 945.590 937.391 953.220 941.454 928.695 1037.688 1126.211 1194.332 1231.742 1291.606 1356.656 1390.837 1397.368 1405.927 1309.129 1258.512 1236.211 1194.033 -999.250 -999.250 -999.250 -999.250 -999.250 -999.250 -999.250 -999.250 -999.250 -999.250 -999.250 -999.250 -999.250 -999.250 -999.250 -999.250 -999.250 -999.250 -999.250 -999.250 -999.250 -999.250 -999.250 -999.250 -999.250 -999.250 -999.250 -999.250 -999.250 -999.250 -999.250
796.270 794.863 779.876 816.500 805.833 833.752 849.580 829.294 820.896 889.881 899.196 908.607 912.713 914.898 945.748 927.532 897.439 945.875 927.123 942.835 1027.491 1091.611 1189.942 1324.571 1368.562 1432.641 1503.179 1458.805 1462.203 1369.034 1342.321 1302.057 1224.100 -999.250 -999.250 -999.250 -999.250 -999.250 -999.250 -999.250 -999.250 -999.250 -999.250 -999.250 -999.250 -999.250 -999.250 -999.250 -999.250 -999.250 -999.250 -999.250 -999.250 -999.250 -999.250 -999.250 -999.250 -999.250 -999.250 -999.250 -999.250 -999.250 -999.250 -999.250
744.809 763.576 780.495 761.435 765.758 759.896 781.404 789.802 785.554 822.773 851.866 859.074 905.410 870.104 874.312 872.230 906.322 891.302 906.631 937.418 1025.216 1123.121 1216.177 1353.918 1406.570 1531.443 1602.564 1551.584 1514.119 1413.857 1395.176 1300.457 1251.127 1178.818 -999.250 -999.250 -999.250 -999.250 -999.250 -999.250 -999.250 -999.250 -999.250 -999.250 -999.250 -999.250 -999.250 -999.250 -999.250 -999.250 -999.250 -999.250 -999.250 -999.250 -999.250 -999.250 -999.250 -999.250 -999.250 -999.250 -999.250 -999.250 -999.250 -999.250
