data/medianmodel_12-Aug-2020.asc
ncols	141
nrows	288
xllcorner	-120191.398
yllcorner	-301404.813
cellsize	2000.000
NODATA_value	-999.250
[rows 210 to 239 of 288, columns 0 to 67 of 141]
-999.250 -999.250 -999.250 -999.250 -999.250 -999.250 -999.250 -999.250 -999.250 -999.250 -999.250 -999.250 -999.250 -999.250 -999.250 -999.250 -999.250 -999.250 -999.250 -999.250 -999.250 -999.250 -999.250 -999.250 -999.250 -999.250 -999.250 -999.250 -999.250 -999.250 -999.250 26.916 28.356 28.948 31.845 29.760 31.910 36.597 35.221 40.395 39.777 45.994 51.462 42.365 38.927 37.969 37.663 28.848 26.387 24.859 24.968 18.879 13.103 10.428 7.859 4.972 1.985 2.181 0.016 0.000 0.000 0.000 0.000 0.000 0.000 0.000 0.000 0.000
-999.250 -999.250 -999.250 -999.250 -999.250 -999.250 -999.250 -999.250 -999.250 -999.250 -999.250 -999.250 -999.250 -999.250 -999.250 -999.250 -999.250 -999.250 -999.250 -999.250 -999.250 -999.250 -999.250 -999.250 -999.250 -999.250 -999.250 -999.250 -999.250 -999.250 -999.250 26.147 31.353 28.574 33.796 27.731 31.560 35.479 35.728 39.387 41.364 44.532 47.081 43.930 40.060 37.732 32.578 31.970 26.213 25.491 23.264 20.252 14.852 9.835 8.302 5.226 4.992 0.000 0.000 0.000 0.000 0.000 0.000 0.000 0.000 0.000 0.000 0.000
-999.250 -999.250 -999.250 -999.250 -999.250 -999.250 -999.250 -999.250 -999.250 -999.250 -999.250 -999.250 -999.250 -999.250 -999.250 -999.250 -999.250 -999.250 -999.250 -999.250 -999.250 -999.250 -999.250 -999.250 -999.250 -999.250 -999.250 -999.250 -999.250 -999.250 -999.250 24.813 27.308 30.251 33.376 27.029 29.856 34.562 37.247 44.430 42.180 42.288 42.383 42.152 38.904 33.102 30.502 27.089 25.107 24.220 21.413 17.553 12.112 11.019 6.611 4.493 5.022 1.394 0.000 0.000 0.000 0.000 0.000 0.000 0.000 0.000 0.000 0.000
-999.250 -999.250 -999.250 -999.250 -999.250 -999.250 -999.250 -999.250 -999.250 -999.250 -999.250 -999.250 -999.250 -999.250 -999.250 -999.250 -999.250 -999.250 -999.250 -999.250 -999.250 -999.250 -999.250 -999.250 -999.250 -999.250 -999.250 -999.250 -999.250 -999.250 -999.250 23.342 28.360 25.379 26.499 26.638 29.082 35.019 42.733 39.996 43.390 42.247 40.296 41.997 35.870 29.548 25.434 23.244 22.967 22.115 18.736 18.706 12.773 9.976 4.728 5.625 3.425 0.576 0.000 0.000 0.000 0.000 0.000 0.000 0.000 0.000 0.000 0.000
-999.250 -999.250 -999.250 -999.250 -999.250 -999.250 -999.250 -999.250 -999.250 -999.250 -999.250 -999.250 -999.250 -999.250 -999.250 -999.250 -999.250 -999.250 -999.250 -999.250 -999.250 -999.250 -999.250 -999.250 -999.250 -999.250 -999.250 -999.250 -999.250 -999.250 -999.250 24.594 26.174 29.293 29.500 28.791 30.550 30.264 36.758 44.118 40.682 41.597 38.252 32.997 32.128 25.025 24.659 22.995 23.306 23.365 18.808 14.897 12.772 9.804 7.318 4.948 3.858 0.887 0.000 0.000 0.000 0.000 0.000 0.000 0.000 0.000 0.000 0.000
-999.250 -999.250 -999.250 -999.250 -999.250 -999.250 -999.250 -999.250 -999.250 -999.250 -999.250 -999.250 -999.250 -999.250 -999.250 -999.250 -999.250 -999.250 -999.250 -999.250 -999.250 -999.250 -999.250 -999.250 -999.250 -999.250 -999.250 -999.250 -999.250 -999.250 -999.250 24.011 23.204 25.263 27.500 30.906 31.496 29.127 30.779 36.883 40.140 40.021 37.208 34.842 27.806 25.009 23.323 22.262 22.131 21.203 18.406 14.077 9.337 9.459 6.289 3.704 0.922 0.987 0.000 0.000 0.000 0.000 0.000 0.000 0.000 0.000 0.000 1.211
-999.250 -999.250 -999.250 -999.250 -999.250 -999.250 -999.250 -999.250 -999.250 -999.250 -999.250 -999.250 -999.250 -999.250 -999.250 -999.250 -999.250 -999.250 -999.250 -999.250 -999.250 -999.250 -999.250 -999.250 -999.250 -999.250 -999.250 -999.250 -999.250 -999.250 -999.250 24.225 20.655 24.002 25.176 26.162 24.321 27.345 29.467 34.596 38.772 39.085 37.599 34.735 28.759 26.632 22.858 20.184 19.695 16.986 14.868 12.830 10.766 7.423 5.843 4.208 4.552 0.940 0.000 0.000 0.000 0.000 0.000 0.000 0.000 0.000 1.029 4.327
-999.250 -999.250 -999.250 -999.250 -999.250 -999.250 -999.250 -999.250 -999.250 -999.250 -999.250 -999.250 -999.250 -999.250 -999.250 -999.250 -999.250 -999.250 -999.250 -999.250 -999.250 -999.250 -999.250 -999.250 -999.250 -999.250 -999.250 -999.250 -999.250 -999.250 -999.250 22.105 24.380 22.641 23.777 22.854 27.609 31.817 32.922 31.960 38.055 37.831 36.091 33.521 30.088 24.837 23.833 20.759 15.897 13.633 13.617 10.833 9.067 7.950 5.864 5.213 0.847 0.382 0.000 0.000 0.000 0.000 0.000 0.000 0.000 0.000 1.654 5.841
-999.250 -999.250 -999.250 -999.250 -999.250 -999.250 -999.250 -999.250 -999.250 -999.250 -999.250 -999.250 -999.250 -999.250 -999.250 -999.250 -999.250 -999.250 -999.250 -999.250 -999.250 -999.250 -999.250 -999.250 -999.250 -999.250 -999.250 -999.250 -999.250 -999.250 -999.250 20.862 24.525 23.434 23.712 20.961 22.185 24.315 29.014 32.726 36.578 38.123 36.451 28.283 27.911 22.438 22.294 17.315 15.589 10.586 10.491 9.344 6.983 7.217 6.130 3.952 0.464 1.684 0.416 0.000 0.000 0.000 0.000 0.000 0.000 0.744 2.276 6.210
-999.250 -999.250 -999.250 -999.250 -999.250 -999.250 -999.250 -999.250 -999.250 -999.250 -999.250 -999.250 -999.250 -999.250 -999.250 -999.250 -999.250 -999.250 -999.250 -999.250 -999.250 -999.250 -999.250 -999.250 -999.250 -999.250 -999.250 -999.250 -999.250 -999.250 -999.250 18.332 21.724 19.047 19.567 23.684 22.185 24.200 28.210 31.063 36.489 40.986 35.608 30.847 24.473 21.936 20.753 15.861 11.919 12.117 9.289 7.557 6.468 4.222 4.228 1.095 0.999 0.000 0.154 0.000 0.000 0.000 0.000 0.000 0.879 3.027 4.964 7.527
-999.250 -999.250 -999.250 -999.250 -999.250 -999.250 -999.250 -999.250 -999.250 -999.250 -999.250 -999.250 -999.250 -999.250 -999.250 -999.250 -999.250 -999.250 -999.250 -999.250 -999.250 -999.250 -999.250 -999.250 -999.250 -999.250 -999.250 -999.250 -999.250 -999.250 -999.250 21.104 16.596 17.774 19.358 25.392 19.890 27.397 30.849 31.327 35.283 36.002 32.243 25.878 23.960 20.329 20.211 15.180 11.160 13.260 8.323 6.895 5.319 3.763 1.899 0.071 0.099 0.000 0.226 0.000 0.000 0.000 0.000 0.006 1.541 4.345 5.993 8.198
-999.250 -999.250 -999.250 -999.250 -999.250 -999.250 -999.250 -999.250 -999.250 -999.250 -999.250 -999.250 -999.250 -999.250 -999.250 -999.250 -999.250 -999.250 -999.250 -999.250 -999.250 -999.250 -999.250 -999.250 -999.250 -999.250 -999.250 -999.250 -999.250 -999.250 -999.250 21.358 18.001 18.342 21.136 20.259 19.774 24.930 29.947 28.845 30.115 31.138 27.907 22.476 21.750 19.732 17.626 11.354 9.897 10.825 8.896 7.203 6.025 4.584 0.786 1.640 0.362 0.000 0.000 0.000 0.000 0.000 0.000 0.600 1.965 3.859 5.975 7.657
-999.250 -999.250 -999.250 -999.250 -999.250 -999.250 -999.250 -999.250 -999.250 -999.250 -999.250 -999.250 -999.250 -999.250 -999.250 -999.250 -999.250 -999.250 -999.250 -999.250 -999.250 -999.250 -999.250 -999.250 -999.250 -999.250 -999.250 -999.250 -999.250 -999.250 -999.250 14.943 15.237 16.973 18.542 18.955 21.257 20.680 23.243 25.351 24.041 24.697 23.826 23.669 20.966 19.061 13.537 13.688 11.038 9.610 8.032 4.218 4.911 1.950 2.521 0.917 0.000 0.000 0.000 0.000 0.000 0.000 0.135 1.295 2.922 3.210 6.594 8.258
-999.250 -999.250 -999.250 -999.250 -999.250 -999.250 -999.250 -999.250 -999.250 -999.250 -999.250 -999.250 -999.250 -999.250 -999.250 -999.250 -999.250 -999.250 -999.250 -999.250 -999.250 -999.250 -999.250 -999.250 -999.250 -999.250 -999.250 -999.250 -999.250 -999.250 12.024 12.673 12.596 13.109 13.520 16.161 19.717 18.963 20.050 22.088 22.305 20.301 19.750 18.850 17.945 16.906 14.340 12.501 9.248 8.980 7.014 4.558 3.766 1.556 0.126 0.438 0.000 0.000 0.000 0.000 0.000 0.000 1.781 1.840 1.350 3.593 6.029 7.470
-999.250 -999.250 -999.250 -999.250 -999.250 -999.250 -999.250 -999.250 -999.250 -999.250 -999.250 -999.250 -999.250 -999.250 -999.250 -999.250 -999.250 -999.250 -999.250 -999.250 -999.250 -999.250 -999.250 -999.250 -999.250 -999.250 -999.250 -999.250 -999.250 -999.250 9.431 9.393 10.917 9.806 11.813 14.915 14.749 18.418 19.514 17.930 19.524 18.977 16.364 15.881 14.523 15.466 13.537 10.341 9.155 7.495 4.766 3.606 2.071 0.663 0.000 0.000 0.000 0.000 0.000 0.000 0.000 1.480 2.001 1.045 1.576 3.938 4.875 7.100
-999.250 -999.250 -999.250 -999.250 -999.250 -999.250 -999.250 -999.250 -999.250 -999.250 -999.250 -999.250 -999.250 -999.250 -999.250 -999.250 -999.250 -999.250 -999.250 -999.250 -999.250 -999.250 -999.250 -999.250 -999.250 -999.250 -999.250 -999.250 -999.250 -999.250 8.949 9.969 8.729 8.999 12.633 11.605 13.291 15.233 15.364 16.194 17.550 17.299 14.988 14.069 13.395 13.685 12.726 10.995 9.586 8.172 5.472 3.572 2.067 0.264 0.000 0.000 0.000 0.000 0.000 0.000 0.000 0.000 0.752 1.949 2.798 3.422 6.198 6.897
-999.250 -999.250 -999.250 -999.250 -999.250 -999.250 -999.250 -999.250 -999.250 -999.250 -999.250 -999.250 -999.250 -999.250 -999.250 -999.250 -999.250 -999.250 -999.250 -999.250 -999.250 -999.250 -999.250 -999.250 -999.250 -999.250 -999.250 -999.250 -999.250 -999.250 7.981 8.247 8.468 10.627 10.326 10.418 11.395 12.363 14.374 14.497 15.318 14.785 14.489 14.326 13.332 10.799 11.979 10.989 8.254 7.545 4.595 4.645 2.826 0.060 0.000 0.000 0.000 0.000 0.000 0.000 0.000 0.000 0.000 0.000 1.907 3.778 4.045 4.636
-999.250 -999.250 -999.250 -999.250 -999.250 -999.250 -999.250 -999.250 -999.250 -999.250 -999.250 -999.250 -999.250 -999.250 -999.250 -999.250 -999.250 -999.250 -999.250 -999.250 -999.250 -999.250 -999.250 -999.250 -999.250 -999.250 -999.250 -999.250 -999.250 7.061 6.343 7.199 7.714 8.151 9.778 11.523 10.319 12.119 11.245 12.182 12.821 14.055 12.434 11.722 12.269 10.466 9.605 9.101 7.681 5.808 4.157 3.776 0.766 0.013 0.000 0.000 0.000 0.000 0.000 0.000 0.000 0.000 0.000 0.000 0.077 1.694 2.413 3.792
-999.250 -999.250 -999.250 -999.250 -999.250 -999.250 -999.250 -999.250 -999.250 -999.250 -999.250 -999.250 -999.250 -999.250 -999.250 -999.250 -999.250 -999.250 -999.250 -999.250 -999.250 -999.250 -999.250 -999.250 -999.250 -999.250 -999.250 -999.250 -999.250 6.678 6.710 7.404 7.571 8.033 8.716 10.756 12.767 11.131 12.774 11.722 12.558 12.140 11.434 12.216 11.160 9.702 9.117 7.185 7.782 5.138 3.177 2.213 1.057 0.334 0.000 0.000 0.000 0.000 0.000 0.000 0.000 0.000 0.000 0.000 0.135 1.883 3.378 2.733
-999.250 -999.250 -999.250 -999.250 -999.250 -999.250 -999.250 -999.250 -999.250 -999.250 -999.250 -999.250 -999.250 -999.250 -999.250 -999.250 -999.250 -999.250 -999.250 -999.250 -999.250 -999.250 -999.250 -999.250 -999.250 -999.250 -999.250 -999.250 7.124 6.195 6.816 7.719 5.528 7.738 9.450 11.188 13.893 10.831 10.578 10.303 11.789 11.045 11.260 10.525 13.115 11.039 9.300 6.947 5.095 2.695 3.214 1.991 0.000 0.000 0.000 0.000 0.000 0.000 0.000 0.000 0.000 0.000 0.000 0.000 0.000 0.162 1.641 2.189
-999.250 -999.250 -999.250 -999.250 -999.250 -999.250 -999.250 -999.250 -999.250 -999.250 -999.250 -999.250 -999.250 -999.250 -999.250 -999.250 -999.250 -999.250 -999.250 -999.250 -999.250 -999.250 -999.250 -999.250 -999.250 -999.250 -999.250 -999.250 6.890 6.139 5.558 5.342 5.093 6.730 8.869 9.906 11.281 11.554 9.971 8.850 9.024 9.698 10.453 11.545 9.609 8.949 8.618 6.111 4.850 3.404 2.455 1.679 0.886 0.000 0.000 0.000 0.000 0.000 0.000 0.000 0.000 0.000 0.000 0.000 0.000 0.009 0.000 0.448
-999.250 -999.250 -999.250 -999.250 -999.250 -999.250 -999.250 -999.250 -999.250 -999.250 -999.250 -999.250 -999.250 -999.250 -999.250 -999.250 -999.250 -999.250 -999.250 -999.250 -999.250 -999.250 -999.250 -999.250 -999.250 -999.250 -999.250 7.868 5.580 5.418 5.793 5.450 6.130 6.589 6.802 7.251 9.569 8.909 8.450 8.146 7.642 8.992 9.218 10.064 8.638 8.425 7.578 6.021 5.356 4.312 2.661 2.357 0.038 0.000 0.000 0.000 0.000 0.000 0.000 0.000 0.000 0.000 0.000 0.000 0.000 0.000 0.052 0.000
-999.250 -999.250 -999.250 -999.250 -999.250 -999.250 -999.250 -999.250 -999.250 -999.250 -999.250 -999.250 -999.250 -999.250 -999.250 -999.250 -999.250 -999.250 -999.250 -999.250 -999.250 -999.250 -999.250 -999.250 -999.250 -999.250 -999.250 6.927 5.717 4.721 6.473 7.291 5.713 5.780 6.485 6.996 6.880 7.921 8.516 6.947 7.523 8.990 8.275 7.871 7.218 7.251 6.445 4.268 5.057 4.337 2.686 2.128 0.483 0.000 0.000 0.000 0.000 0.000 0.000 0.000 0.000 0.000 0.000 0.000 0.000 0.000 0.000 0.000
-999.250 -999.250 -999.250 -999.250 -999.250 -999.250 -999.250 -999.250 -999.250 -999.250 -999.250 -999.250 -999.250 -999.250 -999.250 -999.250 -999.250 -999.250 -999.250 -999.250 -999.250 -999.250 -999.250 -999.250 -999.250 -999.250 -999.250 -999.250 4.996 4.650 4.790 5.859 5.818 3.896 4.978 4.627 6.322 7.067 7.894 7.218 7.821 6.787 7.017 7.398 6.606 5.670 5.255 4.592 3.026 3.795 0.838 2.012 0.008 0.000 0.000 0.000 0.000 0.000 0.000 0.000 0.000 0.000 0.000 0.000 0.000 0.000 0.000 0.000
-999.250 -999.250 -999.250 -999.250 -999.250 -999.250 -999.250 -999.250 -999.250 -999.250 -999.250 -999.250 -999.250 -999.250 -999.250 -999.250 -999.250 -999.250 -999.250 -999.250 -999.250 -999.250 -999.250 -999.250 -999.250 -999.250 -999.250 -999.250 -999.250 -999.250 4.065 4.205 4.024 4.528 3.450 4.237 4.934 5.346 5.493 5.999 7.054 5.544 6.202 7.384 6.524 6.953 4.500 2.972 2.531 3.303 0.936 1.673 0.411 0.000 0.000 0.000 0.000 0.000 0.000 0.000 0.000 0.000 0.000 0.000 0.000 0.000 0.000 0.000
-999.250 -999.250 -999.250 -999.250 -999.250 -999.250 -999.250 -999.250 -999.250 -999.250 -999.250 -999.250 -999.250 -999.250 -999.250 -999.250 -999.250 -999.250 -999.250 -999.250 -999.250 -999.250 -999.250 -999.250 -999.250 -999.250 -999.250 -999.250 -999.250 -999.250 4.150 3.369 2.809 4.329 3.536 3.399 3.072 4.126 4.382 6.739 5.720 5.436 6.786 5.542 4.882 6.061 4.403 2.492 3.072 2.552 0.316 1.723 0.039 0.000 0.000 0.000 0.000 0.000 0.000 0.000 0.000 0.000 0.000 0.000 0.000 0.000 0.000 0.000
-999.250 -999.250 -999.250 -999.250 -999.250 -999.250 -999.250 -999.250 -999.250 -999.250 -999.250 -999.250 -999.250 -999.250 -999.250 -999.250 -999.250 -999.250 -999.250 -999.250 -999.250 -999.250 -999.250 -999.250 -999.250 -999.250 -999.250 -999.250 -999.250 -999.250 3.401 3.509 3.100 4.044 3.423 2.514 3.756 4.992 5.729 5.098 5.662 6.043 6.192 5.424 4.132 4.334 3.578 3.737 2.258 1.714 1.662 0.000 0.000 0.000 0.000 0.000 0.000 0.000 0.000 0.000 0.000 0.000 0.000 0.000 0.000 0.000 0.000 0.000
-999.250 -999.250 -999.250 -999.250 -999.250 -999.250 -999.250 -999.250 -999.250 -999.250 -999.250 -999.250 -999.250 -999.250 -999.250 -999.250 -999.250 -999.250 -999.250 -999.250 -999.250 -999.250 -999.250 -999.250 -999.250 -999.250 -999.250 -999.250 -999.250 -999.250 -999.250 4.047 4.597 3.115 4.194 2.981 5.706 5.628 5.914 5.118 5.257 4.668 4.125 4.726 4.384 2.911 3.017 2.985 2.438 1.955 1.896 0.000 0.000 0.000 0.000 0.000 0.000 0.000 0.000 0.000 0.000 0.000 0.000 0.000 0.000 0.000 0.000 0.000
-999.250 -999.250 -999.250 -999.250 -999.250 -999.250 -999.250 -999.250 -999.250 -999.250 -999.250 -999.250 -999.250 -999.250 -999.250 -999.250 -999.250 -999.250 -999.250 -999.250 -999.250 -999.250 -999.250 -999.250 -999.250 -999.250 -999.250 -999.250 -999.250 -999.250 3.383 4.871 3.801 4.399 4.294 4.671 5.327 5.453 7.111 5.108 5.244 5.536 5.076 3.961 3.946 3.108 2.670 1.944 1.603 2.545 0.779 0.232 0.000 0.000 0.000 0.000 0.000 0.000 0.000 0.000 0.000 0.000 0.000 0.000 0.000 0.000 0.000 0.000
-999.250 -999.250 -999.250 -999.250 -999.250 -999.250 -999.250 -999.250 -999.250 -999.250 -999.250 -999.250 -999.250 -999.250 -999.250 -999.250 -999.250 -999.250 -999.250 -999.250 -999.250 -999.250 -999.250 -999.250 -999.250 -999.250 -999.250 -999.250 -999.250 -999.250 -999.250 4.167 4.646 3.879 4.116 4.493 5.718 5.799 6.059 5.473 5.420 4.617 5.574 6.114 3.802 3.165 2.123 1.888 1.812 0.549 0.000 0.000 0.000 0.000 0.000 0.000 0.000 0.000 0.000 0.000 0.000 0.000 0.000 0.000 0.000 0.000 0.000 0.000
