data/medianmodel_20-Jan-2021.asc
ncols	141
nrows	288
xllcorner	-120191.398
yllcorner	-301404.813
cellsize	2000.000
NODATA_value	-999.250
[rows 84 to 111 of 288, columns 0 to 62 of 141]
-999.250 -999.250 -999.250 -999.250 -999.250 -999.250 -999.250 -999.250 -999.250 -999.250 -999.250 -999.250 -999.250 -999.250 -999.250 -999.250 -999.250 -999.250 -999.250 -999.250 -999.250 -999.250 -999.250 -999.250 -999.250 -999.250 -999.250 -999.250 -999.250 -999.250 -999.250 -999.250 -999.250 1011.265 1016.390 1001.304 1021.433 1065.241 1060.006 1046.696 1117.930 1165.202 1152.959 1192.666 1207.476 1342.630 1448.477 1594.566 1693.590 1794.822 1878.256 2082.096 2216.890 2325.534 2407.513 2526.154 2598.903 2503.417 2579.300 2523.105 2424.699 2331.119 2405.697
-999.250 -999.250 -999.250 -999.250 -999.250 -999.250 -999.250 -999.250 -999.250 -999.250 -999.250 -999.250 -999.250 -999.250 -999.250 -999.250 -999.250 -999.250 -999.250 -999.250 -999.250 -999.250 -999.250 -999.250 -999.250 -999.250 -999.250 -999.250 -999.250 -999.250 -999.250 -999.250 -999.250 956.801 966.561 990.518 998.500 1018.308 1044.774 1088.255 1140.512 1146.342 1182.321 1258.431 1310.466 1365.712 1434.664 1537.796 1673.928 1740.327 1892.145 2044.119 2159.769 2196.043 2142.710 2312.728 2382.124 2439.265 2400.958 2492.409 2374.919 2206.527 2328.203
-999.250 -999.250 -999.250 -999.250 -999.250 -999.250 -999.250 -999.250 -999.250 -999.250 -999.250 -999.250 -999.250 -999.250 -999.250 -999.250 -999.250 -999.250 -999.250 -999.250 -999.250 -999.250 -999.250 -999.250 -999.250 -999.250 -999.250 -999.250 -999.250 -999.250 -999.250 -999.250 -999.250 962.212 969.873 971.040 1018.224 1000.837 1048.411 1058.189 1122.720 1118.660 1199.335 1279.643 1321.683 1387.062 1440.977 1539.291 1636.462 1741.827 1885.555 1976.409 2045.299 2111.570 2138.462 2343.641 2274.158 2198.531 2199.636 2231.874 2238.628 2298.253 2237.270
-999.250 -999.250 -999.250 -999.250 -999.250 -999.250 -999.250 -999.250 -999.250 -999.250 -999.250 -999.250 -999.250 -999.250 -999.250 -999.250 -999.250 -999.250 -999.250 -999.250 -999.250 -999.250 -999.250 -999.250 -999.250 -999.250 -999.250 -999.250 -999.250 -999.250 -999.250 -999.250 -999.250 949.509 949.576 935.548 969.257 1009.030 1045.989 1073.331 1138.988 1172.336 1208.527 1289.963 1368.034 1405.840 1460.826 1530.174 1620.328 1672.716 1734.836 1791.261 1903.337 1926.148 2063.764 2080.118 2117.053 2124.786 2112.936 2152.086 2193.314 2220.723 2225.522
-999.250 -999.250 -999.250 -999.250 -999.250 -999.250 -999.250 -999.250 -999.250 -999.250 -999.250 -999.250 -999.250 -999.250 -999.250 -999.250 -999.250 -999.250 -999.250 -999.250 -999.250 -999.250 -999.250 -999.250 -999.250 -999.250 -999.250 -999.250 -999.250 -999.250 -999.250 -999.250 909.652 908.551 935.063 954.270 948.200 974.772 1030.231 1114.937 1140.253 1156.549 1243.257 1305.997 1344.677 1420.810 1454.963 1484.160 1579.650 1666.915 1748.871 1808.057 1827.801 1910.517 1855.581 1841.267 2020.429 2051.906 2016.509 2094.303 2075.827 2147.572 2163.372
-999.250 -999.250 -999.250 -999.250 -999.250 -999.250 -999.250 -999.250 -999.250 -999.250 -999.250 -999.250 -999.250 -999.250 -999.250 -999.250 -999.250 -999.250 -999.250 -999.250 -999.250 -999.250 -999.250 -999.250 -999.250 -999.250 -999.250 -999.250 -999.250 -999.250 -999.250 -999.250 888.008 907.374 937.737 939.688 934.873 988.050 1038.394 1116.361 1193.036 1257.607 1289.286 1341.170 1401.935 1486.377 1466.503 1554.462 1609.816 1643.825 1702.134 1747.330 1779.036 1811.031 1784.282 1816.596 1822.284 1793.835 1844.310 2030.517 1983.001 2086.349 2186.963
-999.250 -999.250 -999.250 -999.250 -999.250 -999.250 -999.250 -999.250 -999.250 -999.250 -999.250 -999.250 -999.250 -999.250 -999.250 -999.250 -999.250 -999.250 -999.250 -999.250 -999.250 -999.250 -999.250 -999.250 -999.250 -999.250 -999.250 -999.250 -999.250 -999.250 -999.250 -999.250 882.976 895.025 918.244 932.942 927.880 979.693 1042.138 1152.994 1172.563 1275.654 1354.470 1379.407 1425.401 1498.899 1483.548 1526.040 1550.207 1667.526 1662.133 1672.578 1670.480 1715.791 1709.738 1649.607 1703.380 1714.566 1759.293 1824.186 1960.524 2008.874 2113.291
-999.250 -999.250 -999.250 -999.250 -999.250 -999.250 -999.250 -999.250 -999.250 -999.250 -999.250 -999.250 -999.250 -999.250 -999.250 -999.250 -999.250 -999.250 -999.250 -999.250 -999.250 -999.250 -999.250 -999.250 -999.250 -999.250 -999.250 -999.250 -999.250 -999.250 -999.250 -999.250 830.078 837.976 878.714 904.483 950.069 978.550 1026.536 1149.336 1197.332 1312.761 1365.284 1404.971 1444.611 1488.142 1470.421 1529.448 1557.848 1605.436 1633.209 1619.347 1674.625 1637.921 1592.348 1606.345 1586.348 1597.260 1690.411 1714.703 1790.322 1894.144 1948.396
-999.250 -999.250 -999.250 -999.250 -999.250 -999.250 -999.250 -999.250 -999.250 -999.250 -999.250 -999.250 -999.250 -999.250 -999.250 -999.250 -999.250 -999.250 -999.250 -999.250 -999.250 -999.250 -999.250 -999.250 -999.250 -999.250 -999.250 -999.250 -999.250 -999.250 -999.250 847.189 825.766 810.182 844.039 900.830 933.167 969.146 1075.013 1126.315 1217.736 1280.624 1411.296 1434.712 1463.545 1520.162 1523.186 1554.653 1601.940 1580.355 1545.332 1620.898 1588.919 1595.118 1484.197 1509.492 1486.317 1509.932 1558.504 1615.354 1705.831 1722.334 1777.849
-999.250 -999.250 -999.250 -999.250 -999.250 -999.250 -999.250 -999.250 -999.250 -999.250 -999.250 -999.250 -999.250 -999.250 -999.250 -999.250 -999.250 -999.250 -999.250 -999.250 -999.250 -999.250 -999.250 -999.250 -999.250 -999.250 -999.250 -999.250 -999.250 -999.250 -999.250 788.528 771.884 803.200 856.620 895.205 938.190 992.279 1079.490 1149.296 1216.805 1391.637 1452.566 1462.492 1516.441 1528.495 1548.169 1621.852 1587.976 1615.817 1619.673 1551.698 1517.142 1521.516 1449.171 1458.131 1441.448 1390.731 1445.942 1466.745 1542.021 1585.304 1698.377
-999.250 -999.250 -999.250 -999.250 -999.250 -999.250 -999.250 -999.250 -999.250 -999.250 -999.250 -999.250 -999.250 -999.250 -999.250 -999.250 -999.250 -999.250 -999.250 -999.250 -999.250 -999.250 -999.250 -999.250 -999.250 -999.250 -999.250 -999.250 -999.250 -999.250 -999.250 796.608 763.332 788.791 803.657 856.906 949.115 976.825 1064.636 1214.691 1253.292 1376.391 1435.439 1513.504 1598.426 1632.711 1669.780 1673.164 1669.783 1673.983 1626.335 1576.374 1524.077 1464.655 1427.152 1362.064 1319.634 1304.550 1320.222 1397.223 1479.450 1549.533 1665.532
-999.250 -999.250 -999.250 -999.250 -999.250 -999.250 -999.250 -999.250 -999.250 -999.250 -999.250 -999.250 -999.250 -999.250 -999.250 -999.250 -999.250 -999.250 -999.250 -999.250 -999.250 -999.250 -999.250 -999.250 -999.250 -999.250 -999.250 -999.250 -999.250 -999.250 -999.250 826.892 778.634 784.500 769.101 867.166 938.446 1018.165 1104.166 1205.578 1332.813 1421.470 1457.830 1592.484 1619.423 1742.373 1734.972 1802.849 1717.858 1726.441 1646.808 1677.171 1612.504 1537.594 1444.936 1369.492 1267.157 1202.666 1199.376 1270.617 1407.333 1627.072 1723.391
-999.250 -999.250 -999.250 -999.250 -999.250 -999.250 -999.250 -999.250 -999.250 -999.250 -999.250 -999.250 -999.250 -999.250 -999.250 -999.250 -999.250 -999.250 -999.250 -999.250 -999.250 -999.250 -999.250 -999.250 -999.250 -999.250 -999.250 -999.250 -999.250 -999.250 834.418 818.460 806.981 831.001 793.580 901.205 948.764 1014.603 1101.630 1246.757 1394.644 1434.334 1528.574 1615.659 1682.630 1764.825 1892.074 1892.101 1917.308 1769.455 1762.620 1730.197 1639.193 1538.210 1448.613 1412.800 1299.451 1145.478 1129.064 1215.079 1422.092 1690.280 1838.260
-999.250 -999.250 -999.250 -999.250 -999.250 -999.250 -999.250 -999.250 -999.250 -999.250 -999.250 -999.250 -999.250 -999.250 -999.250 -999.250 -999.250 -999.250 -999.250 -999.250 -999.250 -999.250 -999.250 -999.250 -999.250 -999.250 -999.250 -999.250 -999.250 -999.250 845.778 795.270 839.257 865.180 898.161 920.635 949.138 1022.084 1120.375 1253.588 1402.176 1417.677 1549.252 1655.168 1762.081 1918.649 2094.004 1978.030 1902.772 1891.895 1825.735 1767.678 1732.376 1669.643 1548.993 1415.937 1290.376 1125.489 1142.168 1310.123 1536.846 1763.556 2115.244
-999.250 -999.250 -999.250 -999.250 -999.250 -999.250 -999.250 -999.250 -999.250 -999.250 -999.250 -999.250 -999.250 -999.250 -999.250 -999.250 -999.250 -999.250 -999.250 -999.250 -999.250 -999.250 -999.250 -999.250 -999.250 -999.250 -999.250 -999.250 -999.250 -999.250 834.127 836.597 895.162 906.846 935.764 959.096 1002.874 1048.724 1166.540 1292.583 1369.836 1474.796 1564.460 1669.662 1796.906 1942.645 2007.594 2035.134 2066.389 2031.605 2052.820 1894.869 1798.672 1756.659 1645.228 1490.966 1335.306 1101.897 1285.822 1504.446 1698.492 1946.495 2321.632
-999.250 -999.250 -999.250 -999.250 -999.250 -999.250 -999.250 -999.250 -999.250 -999.250 -999.250 -999.250 -999.250 -999.250 -999.250 -999.250 -999.250 -999.250 -999.250 -999.250 -999.250 -999.250 -999.250 -999.250 -999.250 -999.250 -999.250 -999.250 -999.250 -999.250 817.264 856.293 899.620 934.584 943.724 962.652 997.801 1067.615 1155.336 1285.883 1370.998 1433.369 1542.498 1633.666 1769.400 1873.268 2025.391 2020.750 2118.427 2180.367 2181.285 2030.907 1985.777 1964.662 1874.916 1673.103 1596.087 1473.527 1496.135 1679.173 1812.413 2180.945 2431.520
-999.250 -999.250 -999.250 -999.250 -999.250 -999.250 -999.250 -999.250 -999.250 -999.250 -999.250 -999.250 -999.250 -999.250 -999.250 -999.250 -999.250 -999.250 -999.250 -999.250 -999.250 -999.250 -999.250 -999.250 -999.250 -999.250 -999.250 -999.250 -999.250 872.468 892.453 910.708 899.611 918.393 932.557 969.644 982.644 1077.501 1160.898 1275.167 1372.442 1439.675 1517.151 1652.588 1754.938 1835.921 1968.833 1987.415 2113.545 2177.615 2231.328 2240.099 2134.731 2167.021 2089.132 1927.484 1848.766 1727.458 1738.995 1876.803 1996.394 2300.544 2427.815
-999.250 -999.250 -999.250 -999.250 -999.250 -999.250 -999.250 -999.250 -999.250 -999.250 -999.250 -999.250 -999.250 -999.250 -999.250 -999.250 -999.250 -999.250 -999.250 -999.250 -999.250 -999.250 -999.250 -999.250 -999.250 -999.250 -999.250 -999.250 -999.250 921.640 888.854 920.556 941.568 931.326 937.772 950.482 981.830 1079.644 1173.131 1225.033 1354.737 1443.987 1526.283 1660.303 1720.277 1750.174 1895.651 2097.795 2077.106 2207.143 2373.256 2431.702 2506.553 2516.294 2379.984 2173.140 2026.175 2003.131 1995.680 2071.271 2145.186 2237.495 2384.514
-999.250 -999.250 -999.250 -999.250 -999.250 -999.250 -999.250 -999.250 -999.250 -999.250 -999.250 -999.250 -999.250 -999.250 -999.250 -999.250 -999.250 -999.250 -999.250 -999.250 -999.250 -999.250 -999.250 -999.250 -999.250 -999.250 -999.250 -999.250 -999.250 896.204 904.353 925.535 971.533 935.388 929.094 997.015 1012.599 1056.198 1149.202 1200.224 1362.597 1392.829 1501.168 1613.175 1719.583 1715.707 1884.252 2029.664 2174.282 2287.254 2422.543 2546.825 2620.966 2796.845 2620.881 2417.805 2304.914 2164.247 2114.874 2196.568 2200.052 2197.781 2336.785
-999.250 -999.250 -999.250 -999.250 -999.250 -999.250 -999.250 -999.250 -999.250 -999.250 -999.250 -999.250 -999.250 -999.250 -999.250 -999.250 -999.250 -999.250 -999.250 -999.250 -999.250 -999.250 -999.250 -999.250 -999.250 -999.250 -999.250 -999.250 -999.250 920.412 916.200 941.449 953.120 912.631 965.697 960.363 1002.377 1067.935 1153.750 1206.579 1289.370 1400.360 1510.473 1595.443 1677.089 1728.140 1839.554 1999.858 2182.860 2220.336 2370.314 2568.448 2775.313 2832.951 2779.375 2589.290 2430.191 2386.588 2320.253 2286.550 2224.164 2297.294 2246.698
-999.250 -999.250 -999.250 -999.250 -999.250 -999.250 -999.250 -999.250 -999.250 -999.250 -999.250 -999.250 -999.250 -999.250 -999.250 -999.250 -999.250 -999.250 -999.250 -999.250 -999.250 -999.250 -999.250 -999.250 -999.250 -999.250 -999.250 -999.250 953.122 945.654 911.054 927.333 889.971 949.700 943.630 961.783 1004.564 1060.442 1108.946 1183.412 1210.757 1390.765 1438.833 1523.528 1612.248 1699.661 1795.369 1924.343 2150.379 2226.949 2415.776 2672.519 2823.916 2959.655 2839.220 2646.866 2650.236 2491.572 2381.155 2266.049 2216.559 2169.653 2104.390
-999.250 -999.250 -999.250 -999.250 -999.250 -999.250 -999.250 -999.250 -999.250 -999.250 -999.250 -999.250 -999.250 -999.250 -999.250 -999.250 -999.250 -999.250 -999.250 -999.250 -999.250 -999.250 -999.250 -999.250 -999.250 -999.250 -999.250 -999.250 952.137 956.778 978.746 943.276 943.446 949.675 953.469 975.955 999.005 1029.596 1103.592 1171.389 1243.547 1344.130 1444.830 1467.705 1558.963 1630.971 1703.859 1822.039 1986.376 2204.065 2333.211 2621.696 2822.457 2842.605 2756.799 2718.537 2562.387 2517.958 2480.167 2418.903 2358.108 2150.806 2007.955
-999.250 -999.250 -999.250 -999.250 -999.250 -999.250 -999.250 -999.250 -999.250 -999.250 -999.250 -999.250 -999.250 -999.250 -999.250 -999.250 -999.250 -999.250 -999.250 -999.250 -999.250 -999.250 -999.250 -999.250 -999.250 -999.250 -999.250 930.959 975.432 973.060 959.348 951.045 949.723 943.883 945.623 962.692 980.427 996.965 1058.516 1159.590 1161.646 1291.552 1423.822 1479.333 1545.760 1620.123 1654.105 1752.847 1947.512 2201.055 2320.863 2476.347 2756.287 2875.052 2874.548 2783.002 2696.650 2670.020 2517.265 2552.935 2478.945 2185.415 1944.320
-999.250 -999.250 -999.250 -999.250 -999.250 -999.250 -999.250 -999.250 -999.250 -999.250 -999.250 -999.250 -999.250 -999.250 -999.250 -999.250 -999.250 -999.250 -999.250 -999.250 -999.250 -999.250 -999.250 -999.250 -999.250 -999.250 -999.250 929.904 955.761 993.849 967.767 962.490 951.966 905.962 932.091 954.518 963.117 985.695 1054.306 1142.431 1182.955 1284.613 1356.158 1416.343 1491.121 1592.236 1659.903 1699.319 1905.054 2162.982 2291.114 2410.487 2586.713 2867.948 2954.316 2891.159 2772.062 2663.119 2728.196 2555.695 2608.802 2315.869 2029.481
-999.250 -999.250 -999.250 -999.250 -999.250 -999.250 -999.250 -999.250 -999.250 -999.250 -999.250 -999.250 -999.250 -999.250 -999.250 -999.250 -999.250 -999.250 -999.250 -999.250 -999.250 -999.250 -999.250 -999.250 -999.250 -999.250 -999.250 949.204 965.692 961.497 971.272 956.146 961.080 918.541 926.009 924.704 952.181 955.047 1008.448 1081.783 1132.998 1227.277 1302.900 1359.530 1471.166 1523.852 1625.508 1696.167 1877.775 1966.564 2066.944 2237.415 2343.086 2505.561 2786.967 2633.598 2606.763 2701.840 2677.888 2923.050 2934.508 2686.498 2410.733
-999.250 -999.250 -999.250 -999.250 -999.250 -999.250 -999.250 -999.250 -999.250 -999.250 -999.250 -999.250 -999.250 -999.250 -999.250 -999.250 -999.250 -999.250 -999.250 -999.250 -999.250 -999.250 -999.250 -999.250 -999.250 -999.250 -999.250 952.254 952.232 982.258 953.240 943.414 935.683 909.392 936.015 942.800 920.942 932.753 991.076 1054.634 1106.766 1182.268 1250.262 1334.313 1445.107 1489.448 1605.079 1696.385 1793.527 1901.064 2036.731 2078.535 2104.322 2225.023 2271.754 2319.849 2425.657 2663.756 2957.142 3219.598 3291.751 3138.823 2895.053
-999.250 -999.250 -999.250 -999.250 -999.250 -999.250 -999.250 -999.250 -999.250 -999.250 -999.250 -999.250 -999.250 -999.250 -999.250 -999.250 -999.250 -999.250 -999.250 -999.250 -999.250 -999.250 -999.250 -999.250 -999.250 -999.250 -999.250 -999.250 965.441 959.805 965.740 922.698 926.810 927.778 911.653 915.585 938.021 940.602 993.729 1039.714 1103.503 1142.499 1234.259 1286.102 1423.354 1492.092 1561.574 1627.048 1771.969 1863.626 1896.357 1905.063 1900.789 1833.626 1921.792 1991.575 2141.681 2589.610 3184.298 3493.608 3718.029 3653.394 3252.119
-999.250 -999.250 -999.250 -999.250 -999.250 -999.250 -999.250 -999.250 -999.250 -999.250 -999.250 -999.250 -999.250 -999.250 -999.250 -999.250 -999.250 -999.250 -999.250 -999.250 -999.250 -999.250 -999.250 -999.250 -999.250 -999.250 -999.250 -999.250 941.114 953.652 950.607 941.591 962.412 933.214 894.074 903.059 918.490 939.636 964.098 1003.006 1093.893 1130.858 1205.353 1257.529 1331.526 1432.223 1499.108 1634.683 1719.524 1797.213 1821.921 1885.468 1742.901 1722.450 1575.641 1648.122 1880.162 2399.447 3057.670 3724.134 4415.243 3953.224 3564.910
