data/medianmodel_31-Jul-2020.asc
ncols	141
nrows	288
xllcorner	-120191.398
yllcorner	-301404.813
cellsize	2000.000
NODATA_value	-999.250
[rows 120 to 149 of 288, columns 0 to 68 of 141]
-999.250 -999.250 -999.250 -999.250 -999.250 -999.250 -999.250 -999.250 -999.250 -999.250 -999.250 -999.250 -999.250 -999.250 -999.250 -999.250 -999.250 -999.250 -999.250 -999.250 -999.250 -999.250 -999.250 -999.250 -999.250 -999.250 0.993 0.868 1.247 1.531 2.112 2.601 3.765 4.207 3.588 2.622 2.175 1.567 0.700 0.000 0.000 0.000 0.000 0.000 0.000 0.044 1.000 1.263 0.000 0.000 0.000 0.000 0.000 0.000 0.000 0.000 0.000 0.000 0.000 5.593 14.736 32.324 51.077 70.782 87.640 113.058 135.481 155.149 170.178
-999.250 -999.250 -999.250 -999.250 -999.250 -999.250 -999.250 -999.250 -999.250 -999.250 -999.250 -999.250 -999.250 -999.250 -999.250 -999.250 -999.250 -999.250 -999.250 -999.250 -999.250 -999.250 -999.250 -999.250 -999.250 0.928 0.940 2.389 2.139 1.569 3.125 3.638 3.651 3.602 3.231 2.117 2.652 1.721 1.557 1.880 0.239 0.000 0.000 0.000 1.309 1.903 3.081 4.120 1.954 0.000 0.000 0.000 0.000 0.000 0.000 0.000 0.000 0.000 0.000 6.291 15.902 30.514 54.273 72.892 90.005 127.643 145.782 155.466 204.922
-999.250 -999.250 -999.250 -999.250 -999.250 -999.250 -999.250 -999.250 -999.250 -999.250 -999.250 -999.250 -999.250 -999.250 -999.250 -999.250 -999.250 -999.250 -999.250 -999.250 -999.250 -999.250 -999.250 -999.250 -999.250 0.791 2.098 1.697 3.560 3.468 2.860 4.366 4.209 4.359 3.963 3.152 3.274 4.699 4.326 3.534 1.313 0.000 0.000 0.515 2.032 1.919 4.164 8.306 2.729 0.000 0.000 0.000 0.000 0.000 0.000 0.000 0.000 0.000 0.000 6.943 18.476 32.117 53.840 75.904 92.370 118.886 147.414 175.362 218.909
-999.250 -999.250 -999.250 -999.250 -999.250 -999.250 -999.250 -999.250 -999.250 -999.250 -999.250 -999.250 -999.250 -999.250 -999.250 -999.250 -999.250 -999.250 -999.250 -999.250 -999.250 -999.250 -999.250 -999.250 -999.250 0.404 1.426 3.235 4.138 4.319 5.990 5.071 5.076 5.020 3.146 3.143 2.923 5.536 9.716 5.334 2.305 0.500 0.000 0.000 0.423 1.387 3.077 4.322 0.787 0.000 0.000 0.000 0.000 0.000 0.000 0.000 0.000 0.000 0.723 5.996 14.816 25.162 53.124 71.406 101.562 107.876 141.849 174.083 213.816
-999.250 -999.250 -999.250 -999.250 -999.250 -999.250 -999.250 -999.250 -999.250 -999.250 -999.250 -999.250 -999.250 -999.250 -999.250 -999.250 -999.250 -999.250 -999.250 -999.250 -999.250 -999.250 -999.250 -999.250 2.744 0.439 3.138 4.533 4.229 6.253 4.915 5.412 5.116 3.716 2.109 1.156 3.716 3.319 5.318 3.187 1.170 0.000 0.000 0.000 0.000 0.000 0.009 0.057 0.000 0.000 0.000 0.000 0.000 0.000 0.000 0.000 0.000 0.000 1.173 6.668 12.898 25.103 54.403 69.946 93.475 122.028 138.586 156.957 176.812
-999.250 -999.250 -999.250 -999.250 -999.250 -999.250 -999.250 -999.250 -999.250 -999.250 -999.250 -999.250 -999.250 -999.250 -999.250 -999.250 -999.250 -999.250 -999.250 -999.250 -999.250 -999.250 -999.250 -999.250 3.267 2.235 4.505 3.986 4.690 6.216 5.215 4.543 3.732 3.157 1.559 0.636 0.891 0.848 1.697 1.095 0.204 0.000 0.000 0.000 0.000 0.000 0.000 0.000 0.000 0.000 0.000 0.000 0.000 0.000 0.000 0.000 0.000 0.000 1.633 7.403 11.172 23.273 40.908 66.552 84.661 110.333 133.010 152.959 159.399
-999.250 -999.250 -999.250 -999.250 -999.250 -999.250 -999.250 -999.250 -999.250 -999.250 -999.250 -999.250 -999.250 -999.250 -999.250 -999.250 -999.250 -999.250 -999.250 -999.250 -999.250 -999.250 -999.250 4.770 4.108 4.485 4.378 4.840 5.409 5.909 6.087 4.896 2.994 1.619 0.049 0.000 0.000 0.000 0.000 0.000 0.000 0.000 0.000 0.000 0.000 0.000 0.000 0.000 0.000 0.000 0.000 0.000 0.000 0.000 0.000 0.000 0.000 0.000 1.119 7.125 10.065 17.273 34.813 49.749 70.909 93.246 116.225 138.198 150.159
-999.250 -999.250 -999.250 -999.250 -999.250 -999.250 -999.250 -999.250 -999.250 -999.250 -999.250 -999.250 -999.250 -999.250 -999.250 -999.250 -999.250 -999.250 -999.250 -999.250 -999.250 -999.250 -999.250 5.308 4.971 4.207 5.087 5.493 6.288 5.819 5.040 4.369 2.500 0.917 0.000 0.000 0.000 0.000 0.000 0.000 0.000 0.000 0.000 0.025 0.000 0.000 0.000 0.000 0.000 0.000 0.000 0.006 0.465 0.000 0.130 0.000 0.000 0.000 0.964 5.425 10.547 14.550 26.140 44.527 62.773 78.137 91.252 109.345 129.973
-999.250 -999.250 -999.250 -999.250 -999.250 -999.250 -999.250 -999.250 -999.250 -999.250 -999.250 -999.250 -999.250 -999.250 -999.250 -999.250 -999.250 -999.250 -999.250 -999.250 -999.250 -999.250 -999.250 6.033 5.464 4.585 5.312 5.681 6.253 5.540 5.438 4.013 2.456 1.043 0.000 0.000 0.000 0.000 0.000 0.000 0.000 0.000 0.000 0.000 1.105 0.000 1.042 0.000 0.000 0.424 4.369 4.709 6.983 4.878 4.165 2.854 1.528 0.000 0.540 1.008 6.286 10.601 20.580 35.447 48.648 62.086 81.505 98.477 112.505
-999.250 -999.250 -999.250 -999.250 -999.250 -999.250 -999.250 -999.250 -999.250 -999.250 -999.250 -999.250 -999.250 -999.250 -999.250 -999.250 -999.250 -999.250 -999.250 -999.250 -999.250 -999.250 3.955 4.875 5.289 6.558 5.218 5.267 5.998 6.758 6.720 5.084 1.808 1.276 0.000 0.000 0.000 0.000 0.000 0.000 0.000 0.000 1.973 2.901 3.521 4.874 5.845 5.507 5.715 6.837 9.191 10.563 12.803 10.777 8.512 5.891 3.426 2.580 0.000 0.330 2.213 7.531 12.991 22.763 40.201 55.268 70.316 85.944 93.204
-999.250 -999.250 -999.250 -999.250 -999.250 -999.250 -999.250 -999.250 -999.250 -999.250 -999.250 -999.250 -999.250 -999.250 -999.250 -999.250 -999.250 -999.250 -999.250 -999.250 -999.250 -999.250 5.663 7.415 7.458 7.227 6.200 6.515 7.360 8.424 8.748 5.896 3.156 0.000 0.000 0.000 0.000 0.000 0.000 0.000 1.583 4.170 5.959 8.372 10.052 11.018 13.021 11.949 15.813 21.112 19.102 20.139 23.292 20.698 16.728 10.101 6.482 3.901 0.537 0.973 2.608 6.862 10.364 15.773 24.856 44.443 50.926 69.229 75.318
-999.250 -999.250 -999.250 -999.250 -999.250 -999.250 -999.250 -999.250 -999.250 -999.250 -999.250 -999.250 -999.250 -999.250 -999.250 -999.250 -999.250 -999.250 -999.250 -999.250 -999.250 3.119 6.093 7.605 10.387 7.515 6.656 7.243 6.403 7.759 11.974 5.980 1.172 0.000 0.000 0.000 0.000 0.000 0.000 0.000 2.390 5.796 7.859 12.927 15.749 22.151 25.219 27.513 30.689 38.742 36.059 39.221 39.703 36.566 24.563 14.652 8.604 4.207 1.330 0.000 1.696 4.948 5.727 11.174 18.727 26.398 38.635 55.594 64.304
-999.250 -999.250 -999.250 -999.250 -999.250 -999.250 -999.250 -999.250 -999.250 -999.250 -999.250 -999.250 -999.250 -999.250 -999.250 -999.250 -999.250 -999.250 -999.250 -999.250 -999.250 2.779 4.441 5.906 6.954 6.827 6.105 7.487 6.861 7.227 7.915 3.543 1.008 0.000 0.000 0.000 0.000 0.000 0.337 1.968 4.902 7.121 11.098 19.167 29.096 34.550 39.213 41.413 44.653 53.813 60.029 58.064 55.280 51.450 37.211 29.895 11.962 7.658 3.633 0.281 0.000 0.478 4.915 6.900 11.130 22.487 36.389 49.163 60.434
-999.250 -999.250 -999.250 -999.250 -999.250 -999.250 -999.250 -999.250 -999.250 -999.250 -999.250 -999.250 -999.250 -999.250 -999.250 -999.250 -999.250 -999.250 -999.250 -999.250 -999.250 1.404 3.579 3.620 4.958 4.778 6.351 5.513 6.374 7.425 6.647 3.933 2.333 0.000 0.000 0.000 0.000 0.000 0.000 3.863 5.992 9.692 17.884 25.854 39.740 48.342 47.095 55.961 61.539 72.713 73.999 79.539 73.800 65.428 45.748 35.508 17.160 9.005 4.454 0.000 0.425 0.000 2.618 5.033 8.592 13.665 31.976 34.473 44.748
-999.250 -999.250 -999.250 -999.250 -999.250 -999.250 -999.250 -999.250 -999.250 -999.250 -999.250 -999.250 -999.250 -999.250 -999.250 -999.250 -999.250 -999.250 -999.250 -999.250 0.000 0.000 1.658 2.767 3.378 4.138 5.728 5.985 7.645 6.648 4.284 5.025 2.209 0.000 0.000 0.000 0.000 0.000 0.223 4.369 6.846 11.936 25.388 32.269 49.005 56.464 60.800 71.854 76.750 82.825 87.167 96.061 100.515 78.506 53.929 41.041 21.011 8.907 4.709 0.000 0.000 0.000 0.000 3.252 6.462 10.579 23.527 23.954 30.146
-999.250 -999.250 -999.250 -999.250 -999.250 -999.250 -999.250 -999.250 -999.250 -999.250 -999.250 -999.250 -999.250 -999.250 -999.250 -999.250 -999.250 -999.250 -999.250 -999.250 0.000 0.000 0.031 0.500 3.485 5.213 4.515 5.680 6.974 6.915 7.063 5.663 4.379 0.643 0.000 0.000 0.000 0.000 0.898 2.252 8.481 15.083 25.179 40.927 52.024 62.703 78.349 84.710 96.577 97.382 100.708 102.996 100.925 82.570 64.464 44.144 23.576 10.973 4.002 0.000 0.000 0.000 0.000 4.310 6.746 13.011 23.169 22.203 30.962
-999.250 -999.250 -999.250 -999.250 -999.250 -999.250 -999.250 -999.250 -999.250 -999.250 -999.250 -999.250 -999.250 -999.250 -999.250 -999.250 -999.250 -999.250 -999.250 -999.250 0.000 0.000 0.000 0.000 2.443 3.590 2.927 4.690 7.397 9.428 10.588 8.330 4.798 2.901 0.419 0.000 0.000 0.000 1.302 4.599 8.508 14.498 26.231 41.587 58.526 66.761 75.695 87.219 97.404 112.110 107.499 104.659 97.792 84.531 59.727 42.623 25.462 12.087 4.472 0.000 0.000 0.000 0.000 4.831 9.459 12.515 20.824 27.155 33.065
-999.250 -999.250 -999.250 -999.250 -999.250 -999.250 -999.250 -999.250 -999.250 -999.250 -999.250 -999.250 -999.250 -999.250 -999.250 -999.250 -999.250 -999.250 -999.250 -999.250 0.000 0.000 0.000 0.000 1.245 1.691 2.050 3.575 5.593 8.292 18.794 10.774 5.864 4.023 1.348 0.000 0.000 0.000 1.687 3.910 11.352 18.457 29.656 46.908 57.498 72.593 81.693 95.216 106.643 120.431 110.988 104.449 93.758 69.967 61.748 41.691 21.147 11.256 4.617 0.000 0.000 0.000 1.995 7.878 10.973 14.548 23.145 28.477 34.328
-999.250 -999.250 -999.250 -999.250 -999.250 -999.250 -999.250 -999.250 -999.250 -999.250 -999.250 -999.250 -999.250 -999.250 -999.250 -999.250 -999.250 -999.250 -999.250 0.000 0.000 0.000 0.000 0.000 0.540 0.773 0.609 3.028 4.404 8.587 9.784 9.627 7.277 3.992 1.073 0.000 0.000 0.000 0.968 5.069 10.232 17.806 30.427 47.907 60.618 78.882 91.216 100.453 105.731 118.513 109.495 96.740 94.074 75.675 60.161 47.579 26.584 12.296 5.420 0.000 0.000 0.466 3.978 11.659 18.816 24.853 29.245 32.174 38.843
-999.250 -999.250 -999.250 -999.250 -999.250 -999.250 -999.250 -999.250 -999.250 -999.250 -999.250 -999.250 -999.250 -999.250 -999.250 -999.250 -999.250 -999.250 -999.250 0.000 0.000 0.000 0.000 0.000 0.000 0.796 0.000 2.535 4.122 5.712 8.145 6.913 6.671 3.023 0.883 0.000 0.000 0.000 0.498 5.812 10.091 20.025 37.095 53.526 73.828 86.938 97.331 120.820 118.938 128.636 109.188 98.320 88.630 67.655 56.386 42.024 21.956 10.778 5.264 0.753 2.566 5.249 8.985 14.947 30.781 36.091 40.834 41.998 45.005
-999.250 -999.250 -999.250 -999.250 -999.250 -999.250 -999.250 -999.250 -999.250 -999.250 -999.250 -999.250 -999.250 -999.250 -999.250 -999.250 -999.250 -999.250 -999.250 0.000 0.000 0.000 0.000 0.000 0.319 0.079 0.000 1.033 2.703 5.584 8.593 5.700 4.377 1.452 1.019 0.000 0.000 0.000 0.945 5.969 10.078 19.924 36.158 50.865 73.874 91.562 109.646 120.363 132.761 132.816 118.925 101.302 84.965 64.565 50.422 36.507 22.618 8.823 4.813 1.644 4.919 7.042 12.685 26.708 37.256 44.429 43.754 49.282 55.631
-999.250 -999.250 -999.250 -999.250 -999.250 -999.250 -999.250 -999.250 -999.250 -999.250 -999.250 -999.250 -999.250 -999.250 -999.250 -999.250 -999.250 -999.250 -999.250 0.000 0.000 0.000 0.030 0.999 1.364 0.000 0.000 0.000 1.161 3.665 4.617 3.922 1.698 1.032 0.000 0.000 0.000 0.000 0.431 5.378 10.472 21.680 38.102 51.527 71.603 88.746 102.829 132.063 149.668 132.398 101.325 91.893 72.970 63.424 46.039 31.141 17.198 9.845 4.665 1.539 5.000 10.063 19.324 32.935 47.417 55.592 63.821 63.618 67.000
-999.250 -999.250 -999.250 -999.250 -999.250 -999.250 -999.250 -999.250 -999.250 -999.250 -999.250 -999.250 -999.250 -999.250 -999.250 -999.250 -999.250 -999.250 -999.250 0.000 0.000 0.733 2.662 4.607 3.134 0.301 0.112 0.000 0.401 2.054 1.795 0.846 0.178 0.000 0.000 0.000 0.000 0.000 0.000 2.784 8.077 15.886 28.999 50.771 64.116 81.352 100.596 108.453 124.998 115.235 93.845 75.747 62.437 53.652 41.413 21.234 13.645 7.158 2.769 0.000 4.160 12.229 23.833 41.861 63.826 67.110 77.454 80.965 84.029
-999.250 -999.250 -999.250 -999.250 -999.250 -999.250 -999.250 -999.250 -999.250 -999.250 -999.250 -999.250 -999.250 -999.250 -999.250 -999.250 -999.250 -999.250 0.014 0.000 0.000 2.292 5.389 9.336 4.588 1.728 0.000 0.000 0.000 0.114 0.000 0.000 0.000 0.000 0.000 0.000 0.000 0.000 0.000 0.000 6.257 12.373 34.780 51.457 67.438 76.293 89.822 96.863 91.420 92.873 77.326 64.598 58.761 40.101 24.397 16.627 9.188 5.268 0.000 0.000 5.224 11.564 27.417 47.483 67.853 74.907 84.789 90.240 96.606
-999.250 -999.250 -999.250 -999.250 -999.250 -999.250 -999.250 -999.250 -999.250 -999.250 -999.250 -999.250 -999.250 -999.250 -999.250 -999.250 -999.250 0.203 0.750 1.834 1.130 3.928 4.351 6.125 4.660 2.695 0.456 0.000 0.000 0.000 0.000 0.000 0.000 0.000 0.000 0.000 0.000 0.000 0.000 0.000 3.210 10.705 26.759 52.415 69.404 81.230 85.427 90.281 77.304 75.788 66.440 54.422 38.117 26.479 19.150 10.499 6.678 3.386 1.003 0.000 7.111 16.813 33.574 57.630 71.564 79.984 93.094 96.286 105.690
-999.250 -999.250 -999.250 -999.250 -999.250 -999.250 -999.250 -999.250 -999.250 -999.250 -999.250 -999.250 -999.250 -999.250 -999.250 -999.250 -999.250 0.510 1.853 2.003 2.992 4.896 5.036 4.897 3.217 3.341 1.000 1.076 0.277 0.000 0.000 0.000 0.000 0.000 0.000 0.000 0.000 0.000 0.000 0.000 0.000 5.548 21.353 51.661 76.939 87.746 85.073 76.240 65.250 53.358 45.376 28.786 24.325 14.756 9.513 7.277 7.495 7.335 6.098 3.367 8.121 20.542 38.295 55.097 70.718 91.856 107.748 124.508 126.301
-999.250 -999.250 -999.250 -999.250 -999.250 -999.250 -999.250 -999.250 -999.250 -999.250 -999.250 -999.250 -999.250 -999.250 -999.250 1.115 1.486 1.940 2.559 3.861 3.154 6.279 6.180 5.094 2.883 3.688 2.923 1.182 0.006 0.000 0.000 0.000 0.000 0.000 0.000 0.000 0.000 0.000 0.000 0.000 0.000 2.863 33.129 68.572 81.652 96.210 81.958 71.244 56.634 34.937 33.143 16.961 11.078 6.584 3.991 5.028 7.277 14.233 8.281 7.790 12.129 20.287 40.611 57.014 79.746 99.353 127.285 130.654 138.200
-999.250 -999.250 -999.250 -999.250 -999.250 -999.250 -999.250 -999.250 -999.250 -999.250 -999.250 -999.250 -999.250 -999.250 1.868 4.102 4.118 3.577 4.922 5.141 5.330 6.968 6.317 4.110 3.861 2.252 2.079 1.554 0.000 0.000 0.673 0.000 0.000 0.000 0.000 0.000 0.000 0.000 0.000 0.000 5.657 16.747 47.113 80.472 106.050 105.942 93.709 61.576 40.273 24.408 15.550 8.665 4.299 0.000 0.000 2.494 4.822 9.502 7.604 9.714 19.487 27.121 48.036 63.061 90.313 104.696 116.901 137.636 148.772
-999.250 -999.250 -999.250 -999.250 -999.250 -999.250 -999.250 -999.250 -999.250 -999.250 -999.250 -999.250 -999.250 -999.250 3.629 4.676 7.081 6.491 6.615 5.822 6.915 8.816 5.662 5.864 4.550 4.337 4.025 3.717 1.845 1.223 1.977 0.000 0.000 0.000 0.000 0.000 0.000 0.000 0.000 5.198 12.982 32.485 61.599 93.864 131.025 143.798 92.250 40.209 25.840 15.448 9.145 3.194 0.000 0.000 0.000 0.000 2.084 5.103 8.048 11.617 22.937 40.166 54.212 71.132 89.621 111.971 132.991 141.252 153.552
-999.250 -999.250 -999.250 -999.250 -999.250 -999.250 -999.250 -999.250 -999.250 -999.250 -999.250 -999.250 -999.250 2.454 3.475 5.645 5.833 8.526 8.178 10.117 9.217 7.899 9.622 6.877 5.157 5.658 4.423 5.103 2.221 1.917 1.708 0.269 0.000 0.000 0.000 0.000 0.000 0.000 3.609 8.786 20.169 39.754 63.745 96.321 129.878 120.337 84.875 40.265 24.225 11.113 5.714 1.549 0.000 0.000 0.000 0.000 0.000 4.001 6.590 12.286 21.443 37.189 49.886 68.826 83.025 100.996 127.557 140.975 156.752
