data/medianmodel_27-Jul-2020.asc
ncols	141
nrows	288
xllcorner	-120191.398
yllcorner	-301404.813
cellsize	2000.000
NODATA_value	-999.250
[rows 186 to 216 of 288, columns 0 to 68 of 141]
76.964 80.927 83.396 90.951 93.553 100.460 111.499 101.984 102.984 119.570 117.881 112.661 105.895 110.976 103.618 94.731 89.172 77.587 -999.250 -999.250 -999.250 -999.250 -999.250 31.236 29.001 28.058 26.241 32.659 29.877 34.642 31.584 34.855 37.873 33.190 30.756 24.670 25.445 25.001 17.131 14.309 12.185 7.604 9.639 8.672 6.186 4.987 3.533 6.067 2.632 3.487 0.000 3.444 3.156 2.312 5.349 6.885 11.210 18.049 24.323 44.281 62.044 77.722 86.884 105.148 124.953 122.886 125.670 117.538 103.561
-999.250 78.025 90.706 86.124 93.689 99.875 92.337 88.177 98.820 101.640 112.641 107.704 110.263 103.126 95.760 84.212 82.507 70.372 -999.250 -999.250 -999.250 -999.250 24.338 20.185 23.438 18.168 15.159 15.936 17.999 18.000 20.121 19.898 21.334 25.326 24.209 22.593 17.765 15.226 13.658 12.875 9.746 8.415 7.118 8.652 6.749 3.398 4.218 1.645 1.362 2.938 0.745 2.966 2.168 3.151 5.326 8.746 10.436 15.157 22.428 43.129 68.776 76.909 84.988 104.467 123.497 144.342 126.482 117.121 108.433
-999.250 83.106 85.407 87.084 85.150 83.816 89.776 89.318 86.008 84.801 85.704 88.640 90.539 84.698 77.492 74.385 73.293 70.437 -999.250 -999.250 -999.250 31.486 -999.250 15.094 13.820 11.166 12.563 12.389 11.117 11.587 11.093 14.864 15.450 16.105 15.489 15.935 16.373 17.455 13.435 10.994 12.545 8.398 7.811 4.756 3.540 1.345 1.282 2.339 0.081 1.376 0.000 0.000 1.605 2.643 3.313 6.669 10.504 16.223 23.367 34.269 65.082 75.750 87.591 102.027 120.464 121.118 117.726 117.629 104.290
-999.250 82.294 86.208 83.725 85.766 78.033 80.077 80.513 79.333 76.492 74.964 79.944 82.528 74.893 74.851 74.994 71.730 -999.250 -999.250 -999.250 -999.250 28.432 19.861 15.682 11.953 10.064 9.609 9.211 7.587 6.004 7.233 8.214 11.518 13.040 14.163 13.901 13.257 15.470 10.583 12.009 9.077 8.513 5.989 4.223 0.667 0.035 0.000 0.000 0.000 0.000 0.000 0.000 0.000 0.806 2.727 4.164 8.764 12.663 20.426 38.205 64.504 75.244 81.682 90.254 99.405 104.857 100.378 104.550 92.415
-999.250 84.890 82.473 84.266 80.177 73.981 78.253 70.992 69.548 70.868 65.281 64.259 65.195 72.649 69.020 65.218 56.878 -999.250 -999.250 -999.250 59.205 37.059 31.242 18.976 14.558 9.676 7.635 3.753 5.054 2.123 1.784 4.052 6.000 12.801 9.289 11.064 9.298 8.291 10.331 11.291 10.126 6.682 4.288 4.124 2.276 0.000 0.000 0.000 0.000 0.000 0.000 0.000 0.000 0.000 1.134 1.938 6.321 11.554 18.611 26.809 51.773 63.084 76.827 77.951 82.464 85.363 89.271 92.382 81.055
-999.250 -999.250 -999.250 78.666 -999.250 -999.250 69.782 64.613 66.760 -999.250 -999.250 -999.250 63.390 60.758 -999.250 -999.250 -999.250 -999.250 -999.250 -999.250 63.876 45.280 39.922 25.864 18.770 10.978 9.337 1.365 0.000 0.000 0.000 0.000 1.075 5.365 7.634 7.476 9.721 7.372 8.234 9.627 7.193 5.196 2.402 0.000 0.000 0.000 0.000 0.000 0.000 0.000 0.000 0.000 0.000 0.000 0.000 0.000 3.677 8.433 12.774 19.265 30.819 48.974 53.832 70.843 72.859 76.898 78.020 84.580 77.214
-999.250 -999.250 -999.250 -999.250 -999.250 -999.250 -999.250 -999.250 -999.250 -999.250 -999.250 -999.250 -999.250 63.054 68.313 67.393 -999.250 -999.250 -999.250 77.942 77.648 72.194 61.239 44.395 34.491 18.224 7.419 1.059 0.000 0.000 0.000 0.000 0.000 1.549 4.843 6.360 5.479 5.410 5.604 7.818 5.328 1.644 0.690 0.000 0.000 0.000 0.000 0.000 0.000 0.000 0.000 0.000 0.000 0.000 0.000 0.000 0.736 4.714 8.698 14.197 20.668 31.065 39.484 52.695 56.434 61.349 70.191 78.239 58.243
-999.250 -999.250 -999.250 -999.250 -999.250 -999.250 -999.250 -999.250 -999.250 -999.250 -999.250 55.481 58.791 53.056 69.969 72.764 -999.250 -999.250 71.610 74.521 85.986 90.067 79.295 64.390 38.637 21.245 11.316 6.003 0.000 0.000 0.000 0.000 0.000 3.316 2.815 4.534 2.600 3.961 4.962 4.263 5.004 1.300 0.380 0.000 0.000 0.000 0.000 0.000 0.000 0.000 0.000 0.000 0.000 0.000 0.000 0.000 0.000 1.555 5.883 9.457 13.140 19.161 24.182 39.503 36.788 55.509 58.605 63.053 45.237
-999.250 -999.250 -999.250 -999.250 -999.250 -999.250 -999.250 -999.250 -999.250 -999.250 -999.250 68.711 66.266 63.048 61.073 67.924 71.060 72.144 69.530 77.946 89.216 110.237 89.505 67.115 56.174 24.664 15.560 6.969 1.765 0.000 0.000 0.000 0.000 0.930 1.757 4.082 3.943 1.925 3.431 2.369 1.515 0.298 0.000 0.000 0.000 0.000 0.000 0.000 0.000 0.000 0.000 0.000 0.000 0.000 0.000 0.000 0.000 0.000 4.729 7.492 9.478 13.412 17.540 19.609 22.957 32.045 32.388 39.526 33.658
-999.250 -999.250 -999.250 -999.250 -999.250 -999.250 -999.250 -999.250 -999.250 -999.250 -999.250 -999.250 57.260 56.809 58.054 59.959 63.188 67.228 72.295 77.458 82.131 92.486 81.555 67.771 45.295 29.779 15.884 8.799 6.020 2.704 1.523 0.000 0.000 0.009 2.625 2.209 3.357 4.613 3.408 3.050 0.000 0.729 0.677 0.000 0.000 0.000 0.000 0.000 0.000 0.000 0.000 0.000 0.000 0.000 0.000 0.000 0.000 0.000 0.000 3.764 6.224 8.779 13.123 18.873 23.341 24.370 21.691 22.157 23.892
-999.250 -999.250 -999.250 -999.250 -999.250 -999.250 -999.250 -999.250 -999.250 -999.250 -999.250 -999.250 -999.250 46.085 43.360 49.635 62.925 60.503 67.859 70.065 75.928 77.399 72.126 57.396 44.614 31.415 16.430 12.674 9.947 6.526 6.499 3.482 1.531 0.716 2.974 2.344 3.038 0.674 1.304 2.211 0.609 0.279 0.234 0.000 0.000 0.000 0.000 0.000 0.000 0.000 0.000 0.000 0.000 0.000 0.000 0.000 0.000 0.000 0.000 1.401 3.032 6.699 9.966 12.223 15.024 14.892 16.238 15.223 14.109
-999.250 -999.250 -999.250 -999.250 -999.250 -999.250 -999.250 -999.250 -999.250 -999.250 -999.250 -999.250 -999.250 33.838 40.594 34.005 49.942 58.083 45.509 49.898 59.902 70.775 63.250 59.743 38.098 27.946 21.684 15.504 15.101 12.710 9.043 7.055 5.087 3.899 2.558 2.174 1.427 1.270 3.854 1.126 2.724 1.198 0.523 0.628 0.000 0.000 0.000 0.000 0.000 0.000 0.000 0.000 0.000 0.000 0.000 0.000 0.000 0.000 0.000 0.062 2.181 6.428 7.649 9.712 9.345 13.249 11.512 13.457 9.710
-999.250 -999.250 -999.250 -999.250 -999.250 -999.250 -999.250 -999.250 -999.250 -999.250 -999.250 -999.250 -999.250 36.066 31.079 36.674 31.431 36.336 37.924 42.431 50.830 64.607 49.974 38.895 29.712 29.983 25.734 20.976 19.505 18.975 12.799 11.198 9.088 7.558 5.885 6.145 4.020 3.110 2.301 1.901 2.929 0.720 0.887 0.000 0.000 0.009 0.000 1.315 1.996 0.032 0.000 0.000 0.000 0.000 0.000 0.000 0.000 0.000 0.000 0.000 1.796 4.224 7.548 8.194 8.913 9.910 8.795 8.905 8.158
-999.250 -999.250 -999.250 -999.250 -999.250 -999.250 -999.250 -999.250 -999.250 -999.250 -999.250 -999.250 -999.250 -999.250 25.044 24.982 24.870 31.136 36.639 29.914 30.123 38.582 42.235 41.863 48.943 34.177 27.829 26.334 21.962 18.512 16.897 12.187 11.170 12.880 7.318 6.479 4.689 2.975 1.705 3.618 1.359 1.407 1.188 1.396 0.087 0.000 0.202 0.726 1.332 0.000 0.197 0.906 0.397 0.995 0.000 0.000 0.315 0.000 0.000 1.282 3.617 3.986 6.008 6.975 7.285 5.344 5.081 9.396 8.689
-999.250 -999.250 -999.250 -999.250 -999.250 -999.250 -999.250 -999.250 -999.250 -999.250 -999.250 -999.250 -999.250 -999.250 20.240 19.555 22.063 20.803 24.295 23.360 29.898 30.670 30.442 26.468 30.302 36.514 27.728 32.279 43.431 26.849 19.636 15.584 14.015 12.858 12.007 5.851 6.928 6.234 2.722 1.691 2.136 0.585 2.344 1.533 1.663 2.410 2.701 2.478 1.832 1.990 0.216 0.086 0.046 2.350 0.912 1.414 0.381 1.231 3.333 1.931 2.946 8.298 6.482 7.199 6.791 4.624 4.718 6.926 7.546
-999.250 -999.250 -999.250 -999.250 -999.250 -999.250 -999.250 -999.250 -999.250 -999.250 -999.250 -999.250 -999.250 -999.250 19.483 21.454 16.709 20.087 18.133 19.487 20.965 25.576 26.045 22.872 23.818 24.171 23.204 29.591 30.735 30.099 20.638 16.003 13.202 13.073 11.886 10.880 6.819 7.175 2.628 1.894 2.433 1.502 1.255 1.594 1.731 0.741 2.036 1.046 1.333 2.191 1.247 1.430 2.491 2.498 2.572 1.343 2.458 0.544 3.373 4.860 5.277 6.946 5.501 6.486 5.922 5.047 4.890 5.481 4.018
-999.250 -999.250 -999.250 -999.250 -999.250 -999.250 -999.250 -999.250 -999.250 -999.250 -999.250 -999.250 -999.250 -999.250 16.719 17.888 20.960 16.486 18.435 19.093 18.628 21.067 18.939 20.026 20.018 -999.250 24.211 22.666 25.507 28.080 17.025 14.009 14.040 13.763 11.254 9.049 9.382 5.982 4.510 4.062 1.749 1.863 2.803 1.124 1.308 1.447 3.863 1.661 1.173 0.514 1.644 2.975 1.627 1.127 2.304 1.655 3.351 0.000 4.290 3.985 4.168 4.657 5.621 5.115 3.957 6.182 6.103 3.859 3.900
-999.250 -999.250 -999.250 -999.250 -999.250 -999.250 -999.250 -999.250 -999.250 -999.250 -999.250 -999.250 -999.250 -999.250 19.740 17.914 13.971 13.062 17.756 15.509 19.940 16.242 17.647 -999.250 -999.250 -999.250 18.607 20.348 21.153 21.412 17.435 10.267 13.861 12.649 11.777 8.470 6.660 5.192 4.227 2.853 1.245 0.637 1.873 1.328 1.259 2.082 3.091 2.358 1.865 1.221 1.975 3.922 3.509 3.099 3.289 3.724 2.743 1.426 2.719 3.232 4.277 4.326 2.404 5.858 6.343 3.707 5.431 4.773 3.106
-999.250 -999.250 -999.250 -999.250 -999.250 -999.250 -999.250 -999.250 -999.250 -999.250 -999.250 -999.250 -999.250 16.651 15.123 13.524 14.887 16.834 15.000 15.164 13.251 14.821 -999.250 -999.250 -999.250 -999.250 -999.250 15.401 21.273 17.871 16.926 13.297 14.219 10.953 9.806 10.079 5.071 2.256 1.387 3.883 4.653 0.952 2.967 0.687 1.748 0.627 3.737 1.758 0.738 0.000 0.218 2.038 1.742 1.615 3.921 3.653 4.576 2.971 2.496 3.306 1.865 3.581 2.239 1.762 2.557 2.652 4.563 5.286 3.022
-999.250 -999.250 -999.250 -999.250 -999.250 -999.250 -999.250 -999.250 -999.250 -999.250 -999.250 -999.250 -999.250 18.493 15.598 13.635 14.130 13.688 13.255 13.595 -999.250 -999.250 -999.250 -999.250 -999.250 -999.250 -999.250 -999.250 14.910 16.045 15.551 15.080 12.294 10.821 9.972 8.044 4.848 1.936 0.837 3.242 3.582 1.722 0.122 0.080 0.476 0.223 1.189 1.355 1.865 0.000 0.018 2.229 2.413 3.526 3.442 1.249 3.726 2.515 2.226 2.706 3.479 3.097 0.000 1.136 4.686 0.989 2.729 3.134 5.689
-999.250 -999.250 -999.250 -999.250 -999.250 -999.250 -999.250 -999.250 -999.250 -999.250 -999.250 -999.250 15.058 15.720 -999.250 -999.250 -999.250 -999.250 -999.250 -999.250 -999.250 -999.250 -999.250 -999.250 -999.250 -999.250 -999.250 -999.250 -999.250 13.406 12.341 13.847 10.938 10.033 10.621 6.609 3.236 2.628 1.550 1.964 0.397 0.000 0.000 0.000 0.000 0.000 0.000 0.000 0.407 1.428 1.227 2.560 2.016 1.690 0.784 1.293 2.853 0.966 1.255 2.679 0.996 2.734 1.833 2.175 3.409 2.265 0.730 3.436 6.424
-999.250 -999.250 -999.250 -999.250 -999.250 -999.250 -999.250 -999.250 -999.250 -999.250 -999.250 -999.250 -999.250 -999.250 -999.250 -999.250 -999.250 -999.250 -999.250 -999.250 -999.250 -999.250 -999.250 -999.250 -999.250 -999.250 -999.250 -999.250 -999.250 -999.250 9.684 11.377 9.544 7.656 8.440 4.818 4.219 2.435 1.819 0.641 0.155 0.000 0.000 0.000 0.000 0.000 0.000 0.000 1.188 1.166 2.073 2.105 2.642 3.088 2.775 2.617 0.135 3.080 0.920 2.915 0.201 0.021 0.000 0.000 0.000 0.816 0.000 2.365 4.049
-999.250 -999.250 -999.250 -999.250 -999.250 -999.250 -999.250 -999.250 -999.250 -999.250 -999.250 -999.250 -999.250 -999.250 -999.250 -999.250 -999.250 -999.250 -999.250 -999.250 -999.250 -999.250 -999.250 -999.250 -999.250 -999.250 -999.250 -999.250 -999.250 -999.250 10.444 8.378 7.490 7.654 7.028 5.649 2.656 1.729 1.377 0.000 0.000 0.000 0.000 0.000 0.000 0.000 0.000 0.071 1.347 0.182 0.557 2.081 2.079 1.391 2.436 2.176 0.604 2.190 1.496 0.765 0.000 0.000 0.000 0.000 0.000 0.000 0.000 0.336 1.745
-999.250 -999.250 -999.250 -999.250 -999.250 -999.250 -999.250 -999.250 -999.250 -999.250 -999.250 -999.250 -999.250 -999.250 -999.250 -999.250 -999.250 -999.250 -999.250 -999.250 -999.250 -999.250 -999.250 -999.250 -999.250 -999.250 -999.250 -999.250 -999.250 -999.250 9.493 7.077 6.443 5.073 4.815 3.658 1.802 1.425 0.022 0.000 0.000 0.000 0.000 0.000 0.000 0.000 0.000 0.491 1.675 0.060 0.366 2.212 3.127 2.530 1.959 2.517 0.489 2.327 0.000 0.000 0.000 0.000 0.000 0.000 0.000 0.000 0.000 0.000 0.232
-999.250 -999.250 -999.250 -999.250 -999.250 -999.250 -999.250 -999.250 -999.250 -999.250 -999.250 -999.250 -999.250 -999.250 -999.250 -999.250 -999.250 -999.250 -999.250 -999.250 -999.250 -999.250 -999.250 -999.250 -999.250 -999.250 -999.250 -999.250 -999.250 -999.250 -999.250 9.251 7.217 4.639 2.932 1.641 2.462 0.000 0.000 0.000 0.000 0.000 0.000 0.000 0.000 0.000 0.000 0.479 0.325 1.164 1.878 3.377 4.023 3.785 2.746 0.571 0.000 0.705 0.000 0.000 0.000 0.000 0.000 0.000 0.000 0.000 0.000 0.000 1.789
-999.250 -999.250 -999.250 -999.250 -999.250 -999.250 -999.250 -999.250 -999.250 -999.250 -999.250 -999.250 -999.250 -999.250 -999.250 -999.250 -999.250 -999.250 -999.250 -999.250 -999.250 -999.250 -999.250 -999.250 -999.250 -999.250 -999.250 -999.250 -999.250 -999.250 -999.250 9.214 8.053 4.722 4.173 1.781 3.018 1.782 0.000 0.000 0.000 0.000 0.000 0.000 0.000 0.000 0.000 0.000 0.229 1.936 4.494 5.395 4.131 4.794 2.987 0.843 0.000 0.000 0.000 0.000 0.000 0.000 0.000 0.000 0.000 0.000 0.000 0.000 1.459
-999.250 -999.250 -999.250 -999.250 -999.250 -999.250 -999.250 -999.250 -999.250 -999.250 -999.250 -999.250 -999.250 -999.250 -999.250 -999.250 -999.250 -999.250 -999.250 -999.250 -999.250 -999.250 -999.250 -999.250 -999.250 -999.250 -999.250 -999.250 -999.250 -999.250 -999.250 9.411 7.094 5.528 6.223 2.740 0.000 0.000 0.000 0.000 0.000 0.000 0.000 0.000 0.000 0.000 0.000 0.000 0.000 1.536 5.131 6.109 5.324 4.665 2.465 0.099 0.000 0.000 0.000 0.000 0.000 0.000 0.000 0.000 0.000 0.000 0.000 0.000 1.966
-999.250 -999.250 -999.250 -999.250 -999.250 -999.250 -999.250 -999.250 -999.250 -999.250 -999.250 -999.250 -999.250 -999.250 -999.250 -999.250 -999.250 -999.250 -999.250 -999.250 -999.250 -999.250 -999.250 -999.250 -999.250 -999.250 -999.250 -999.250 -999.250 -999.250 -999.250 9.077 8.013 5.742 2.587 2.737 3.377 1.139 0.000 0.000 0.000 0.000 0.000 0.000 0.000 0.000 0.000 0.000 0.000 3.922 2.528 4.787 4.401 3.199 3.513 1.687 0.622 0.000 0.000 0.000 0.000 0.000 0.000 0.000 0.000 0.000 0.000 0.000 3.818
-999.250 -999.250 -999.250 -999.250 -999.250 -999.250 -999.250 -999.250 -999.250 -999.250 -999.250 -999.250 -999.250 -999.250 -999.250 -999.250 -999.250 -999.250 -999.250 -999.250 -999.250 -999.250 -999.250 -999.250 -999.250 -999.250 -999.250 -999.250 -999.250 -999.250 -999.250 6.469 5.977 4.010 1.963 2.937 1.727 0.000 0.000 0.000 0.000 0.000 0.000 0.000 0.000 0.000 0.000 0.000 0.693 4.882 6.126 7.042 6.233 4.737 3.251 4.135 0.795 0.000 0.000 0.000 0.000 0.000 0.000 0.000 0.000 0.000 0.000 3.424 6.239
-999.250 -999.250 -999.250 -999.250 -999.250 -999.250 -999.250 -999.250 -999.250 -999.250 -999.250 -999.250 -999.250 -999.250 -999.250 -999.250 -999.250 -999.250 -999.250 -999.250 -999.250 -999.250 -999.250 -999.250 -999.250 -999.250 -999.250 -999.250 -999.250 -999.250 -999.250 9.377 7.785 4.957 3.350 5.415 0.844 0.000 0.000 0.000 0.000 0.000 0.000 0.000 0.000 0.000 0.000 0.028 4.343 5.406 6.732 6.526 6.486 6.604 5.497 4.189 2.877 0.813 0.000 0.000 0.000 0.000 0.000 0.000 0.000 0.000 0.598 7.572 11.194
-999.250 -999.250 -999.250 -999.250 -999.250 -999.250 -999.250 -999.250 -999.250 -999.250 -999.250 -999.250 -999.250 -999.250 -999.250 -999.250 -999.250 -999.250 -999.250 -999.250 -999.250 -999.250 -999.250 -999.250 -999.250 -999.250 -999.250 -999.250 -999.250 -999.250 -999.250 8.403 6.849 4.928 3.296 0.816 0.000 0.000 0.000 0.000 0.000 0.000 0.000 0.000 0.000 0.000 0.000 1.118 2.655 8.113 9.304 8.057 4.314 8.610 9.797 7.652 6.204 1.087 0.779 0.000 0.000 0.000 0.000 0.000 0.000 0.000 3.392 8.834 14.917
