data/medianmodel_25-May-2020.asc
ncols	141
nrows	288
xllcorner	-120191.398
yllcorner	-301404.813
cellsize	2000.000
NODATA_value	-999.250
[rows 186 to 216 of 288, columns 0 to 68 of 141]
48.243 42.992 52.310 57.613 59.477 59.655 53.690 51.843 68.417 83.290 93.464 112.944 108.841 109.587 94.042 94.881 98.206 109.247 -999.250 -999.250 -999.250 -999.250 -999.250 47.272 32.625 31.709 24.099 18.055 15.293 14.880 18.307 26.061 25.145 23.305 26.778 29.364 26.442 30.233 22.842 15.634 16.301 14.926 14.473 14.176 12.113 13.721 13.721 12.860 11.000 10.091 10.513 11.133 10.013 5.203 6.281 6.075 8.119 6.566 6.265 5.056 6.035 3.529 2.717 0.660 0.000 0.000 0.000 0.000 0.135
-999.250 47.055 46.235 48.168 37.398 37.243 55.285 61.299 52.439 72.318 87.142 124.854 126.558 108.564 92.245 80.231 83.689 100.465 -999.250 -999.250 -999.250 -999.250 41.640 38.950 29.527 28.087 22.008 18.194 15.717 16.554 17.423 22.553 20.645 27.105 24.273 25.180 32.052 23.313 20.751 18.735 16.777 14.295 13.028 15.804 13.032 14.793 12.619 10.163 11.422 8.916 10.107 7.300 6.201 6.586 8.338 7.454 6.748 6.878 6.930 5.443 6.509 4.371 1.100 0.000 0.000 0.000 0.000 0.000 0.000
-999.250 40.705 40.600 33.739 27.878 30.398 34.654 36.237 51.274 60.888 65.154 100.887 108.308 95.106 87.332 83.216 86.260 80.948 -999.250 -999.250 -999.250 45.315 -999.250 26.472 26.753 20.619 24.792 16.279 16.745 14.240 18.003 21.555 22.692 27.236 26.020 24.071 21.188 19.506 17.926 14.674 16.498 16.540 16.412 14.238 10.633 10.283 10.098 12.345 10.454 9.619 8.490 8.998 7.736 7.444 7.662 7.773 4.411 6.423 7.654 7.842 7.221 3.864 4.347 2.784 0.000 0.000 0.000 0.000 1.730
-999.250 35.299 28.560 28.737 19.589 29.123 33.765 36.918 35.054 42.832 51.651 73.853 84.069 78.277 53.233 58.706 65.896 -999.250 -999.250 -999.250 -999.250 48.443 35.550 34.323 24.396 16.987 11.625 13.066 12.093 9.235 16.284 19.246 25.116 29.045 28.737 18.803 22.259 15.200 17.517 15.831 13.594 17.357 12.485 13.675 12.858 11.311 10.854 11.905 10.996 8.984 8.693 6.618 8.915 5.887 7.037 6.770 7.872 6.827 7.249 5.004 8.554 6.938 6.727 3.828 0.667 0.000 0.000 0.622 2.011
-999.250 35.023 26.233 30.898 25.249 26.990 29.630 32.302 32.778 32.533 36.310 53.549 58.278 51.045 45.864 56.340 44.882 -999.250 -999.250 -999.250 63.272 53.146 48.599 32.962 18.825 18.273 9.894 8.845 10.108 8.387 12.302 14.027 21.821 24.370 23.668 20.360 19.425 19.863 17.612 15.239 15.377 12.193 13.170 11.445 11.025 12.218 10.901 10.328 10.906 8.541 8.248 8.597 6.374 7.457 5.692 5.735 5.721 6.342 7.047 7.018 6.863 6.998 4.937 4.488 0.458 0.668 1.286 3.465 3.000
-999.250 -999.250 -999.250 25.849 -999.250 -999.250 30.743 35.964 32.256 -999.250 -999.250 -999.250 33.211 25.957 -999.250 -999.250 -999.250 -999.250 -999.250 -999.250 71.773 70.017 38.345 35.045 20.366 16.438 6.023 5.621 7.816 7.346 11.781 15.086 15.238 19.892 22.484 20.648 21.072 21.800 15.036 14.557 13.955 14.720 15.277 12.400 9.607 9.317 7.132 5.752 8.151 7.187 7.790 6.024 6.352 6.946 3.970 3.186 2.180 1.897 4.292 7.877 4.874 4.736 5.754 3.438 0.836 1.729 3.202 3.984 3.318
-999.250 -999.250 -999.250 -999.250 -999.250 -999.250 -999.250 -999.250 -999.250 -999.250 -999.250 -999.250 -999.250 17.458 27.309 27.766 -999.250 -999.250 -999.250 80.576 80.235 79.820 43.325 30.600 25.338 11.936 8.686 7.433 6.945 7.212 10.685 14.658 17.449 17.063 17.921 21.686 17.522 19.832 14.087 11.821 12.016 11.923 10.066 10.533 8.491 8.885 8.855 5.642 6.343 5.102 7.602 5.893 5.354 4.898 2.684 0.172 0.000 0.708 3.648 4.207 7.629 5.577 4.651 3.633 2.274 2.173 4.568 3.151 2.266
-999.250 -999.250 -999.250 -999.250 -999.250 -999.250 -999.250 -999.250 -999.250 -999.250 -999.250 24.937 27.953 28.985 23.510 30.171 -999.250 -999.250 87.856 95.812 86.215 72.203 41.410 34.723 24.144 11.762 7.472 8.042 9.711 9.585 13.410 14.023 17.836 16.567 14.786 16.504 17.200 14.953 14.789 13.561 12.890 10.115 9.762 11.658 9.533 6.869 7.865 6.397 8.010 8.976 8.055 4.992 4.529 4.963 1.514 0.000 0.000 0.000 1.546 4.139 4.595 3.982 5.153 2.817 1.509 2.173 2.139 2.351 0.465
-999.250 -999.250 -999.250 -999.250 -999.250 -999.250 -999.250 -999.250 -999.250 -999.250 -999.250 34.038 35.004 27.449 31.194 36.526 50.056 63.332 90.800 89.823 89.734 74.526 47.380 27.592 16.885 14.728 10.892 8.090 11.097 14.860 14.589 15.994 15.709 15.118 12.583 17.693 17.240 14.160 11.007 13.275 9.762 11.584 12.656 10.870 9.955 7.708 9.652 8.213 6.132 8.621 6.764 5.700 5.261 5.234 2.973 0.000 0.000 0.000 3.273 5.560 4.250 5.736 6.109 5.182 1.847 2.493 1.335 2.190 2.580
-999.250 -999.250 -999.250 -999.250 -999.250 -999.250 -999.250 -999.250 -999.250 -999.250 -999.250 -999.250 38.553 32.601 37.729 48.670 70.342 62.579 73.845 75.057 77.474 65.456 45.859 29.487 14.822 14.993 12.947 11.137 11.499 14.748 12.959 16.342 18.868 15.428 16.184 15.072 17.266 11.561 11.518 10.769 11.127 10.524 9.764 11.292 7.312 9.323 7.987 7.512 7.232 6.932 8.086 5.881 6.766 6.229 4.073 0.736 0.231 0.672 6.043 6.545 4.154 5.976 5.251 4.225 2.481 2.835 4.348 2.775 0.858
-999.250 -999.250 -999.250 -999.250 -999.250 -999.250 -999.250 -999.250 -999.250 -999.250 -999.250 -999.250 -999.250 39.074 39.273 44.648 53.802 68.325 60.629 71.030 73.056 58.072 40.445 27.926 23.515 16.214 14.353 11.621 14.753 16.566 14.774 15.844 17.940 15.664 15.925 14.926 13.326 12.047 8.520 7.482 9.754 11.898 13.061 9.812 10.227 10.610 10.646 9.849 7.337 7.156 8.418 6.803 6.600 9.289 6.087 6.182 2.979 2.889 6.634 5.029 3.687 5.928 5.913 6.467 6.045 5.135 3.121 4.780 3.605
-999.250 -999.250 -999.250 -999.250 -999.250 -999.250 -999.250 -999.250 -999.250 -999.250 -999.250 -999.250 -999.250 39.389 37.557 44.545 52.046 43.020 45.343 48.795 39.999 46.071 37.987 26.060 23.857 19.158 13.279 12.870 14.152 14.626 15.679 19.156 21.736 19.223 15.329 18.848 15.826 11.465 8.091 12.738 12.660 8.509 9.114 10.990 9.204 10.599 9.092 8.845 7.756 6.821 7.596 5.939 6.850 6.131 7.522 5.407 4.340 5.284 5.855 5.413 7.251 3.484 7.538 4.993 4.802 3.973 3.714 3.468 6.345
-999.250 -999.250 -999.250 -999.250 -999.250 -999.250 -999.250 -999.250 -999.250 -999.250 -999.250 -999.250 -999.250 42.004 29.579 38.696 38.029 34.760 31.630 28.211 24.210 33.091 25.417 24.407 25.349 21.986 15.710 17.463 14.403 16.374 15.506 17.023 17.494 20.069 19.146 16.073 13.599 13.034 14.076 13.995 11.781 8.995 10.043 11.910 11.948 15.799 11.631 6.335 9.116 7.886 8.693 9.048 8.875 6.175 6.489 6.648 8.545 5.653 4.019 5.985 6.929 6.417 6.408 4.072 3.599 2.937 5.330 5.823 4.987
-999.250 -999.250 -999.250 -999.250 -999.250 -999.250 -999.250 -999.250 -999.250 -999.250 -999.250 -999.250 -999.250 -999.250 24.115 27.555 20.872 20.793 21.212 22.302 21.395 29.489 24.882 19.533 19.659 15.056 15.434 13.878 16.679 17.537 16.988 18.614 14.030 14.297 15.054 12.770 12.595 15.382 14.806 13.596 12.698 12.377 13.066 12.279 12.708 13.599 10.011 11.005 11.636 7.877 9.610 10.217 10.433 7.623 7.469 4.782 7.747 6.636 4.887 5.198 4.468 5.684 4.615 3.641 4.898 4.767 4.748 4.510 3.603
-999.250 -999.250 -999.250 -999.250 -999.250 -999.250 -999.250 -999.250 -999.250 -999.250 -999.250 -999.250 -999.250 -999.250 28.651 17.907 16.870 13.576 14.931 16.391 22.037 29.062 28.128 24.392 17.594 14.841 13.422 14.893 20.847 16.663 18.606 18.632 15.877 15.635 15.212 15.731 13.650 14.793 14.671 15.247 12.055 13.028 12.109 14.750 11.991 11.313 11.302 10.664 10.493 8.073 11.521 10.607 9.975 8.006 7.979 10.494 8.196 7.806 5.254 6.891 4.363 5.122 4.391 3.961 5.173 5.320 7.794 5.929 3.202
-999.250 -999.250 -999.250 -999.250 -999.250 -999.250 -999.250 -999.250 -999.250 -999.250 -999.250 -999.250 -999.250 -999.250 19.857 19.251 18.097 16.425 15.298 17.902 27.099 29.559 23.285 19.922 14.649 12.273 15.464 17.001 18.409 17.401 19.026 17.273 16.549 15.268 14.558 13.028 8.409 11.460 12.373 12.088 14.302 12.176 8.269 11.450 10.658 12.433 8.620 8.047 9.631 10.924 8.785 9.582 7.484 7.682 10.264 8.135 7.749 8.743 9.290 6.991 7.184 6.354 5.705 6.009 6.569 4.790 9.535 6.379 4.537
-999.250 -999.250 -999.250 -999.250 -999.250 -999.250 -999.250 -999.250 -999.250 -999.250 -999.250 -999.250 -999.250 -999.250 22.593 20.675 15.312 15.663 16.816 20.347 24.341 25.671 19.820 22.994 17.736 -999.250 11.934 12.653 17.890 15.574 22.166 20.504 18.554 18.376 19.234 14.646 15.561 11.898 11.968 11.986 9.438 12.434 9.453 10.462 11.186 9.409 9.352 8.245 8.347 9.919 8.093 6.681 6.277 6.478 7.836 8.271 5.170 9.899 10.364 7.531 6.697 6.117 6.614 6.187 6.351 7.374 7.539 7.101 5.373
-999.250 -999.250 -999.250 -999.250 -999.250 -999.250 -999.250 -999.250 -999.250 -999.250 -999.250 -999.250 -999.250 -999.250 32.735 21.546 23.989 17.998 16.206 19.771 20.791 17.879 20.127 -999.250 -999.250 -999.250 14.044 16.808 15.084 14.693 18.709 16.484 22.349 17.537 18.951 14.518 10.485 15.347 13.056 9.723 11.671 9.997 15.011 11.336 8.545 8.652 9.134 9.077 6.215 6.494 9.794 6.193 6.680 5.928 4.571 7.093 5.692 8.117 9.642 8.441 6.290 7.159 7.046 6.222 5.997 8.014 7.266 6.550 4.630
-999.250 -999.250 -999.250 -999.250 -999.250 -999.250 -999.250 -999.250 -999.250 -999.250 -999.250 -999.250 -999.250 39.914 32.331 27.076 19.816 23.398 20.627 19.746 21.525 18.674 -999.250 -999.250 -999.250 -999.250 -999.250 16.868 17.599 13.830 16.209 18.169 19.695 13.886 12.507 12.954 13.419 17.166 17.643 13.196 13.317 11.327 11.946 10.259 10.465 11.844 9.331 9.560 7.851 9.550 6.385 9.190 9.253 7.161 5.207 6.742 7.941 6.808 5.851 8.206 4.283 3.856 5.581 6.070 4.686 7.699 6.998 6.757 6.719
-999.250 -999.250 -999.250 -999.250 -999.250 -999.250 -999.250 -999.250 -999.250 -999.250 -999.250 -999.250 -999.250 37.381 36.428 30.606 24.542 29.280 23.339 25.550 -999.250 -999.250 -999.250 -999.250 -999.250 -999.250 -999.250 -999.250 19.520 16.756 17.452 18.202 14.368 17.973 14.034 12.623 16.094 15.617 13.955 15.141 14.801 10.884 8.490 12.472 14.927 12.581 11.924 10.448 10.507 8.269 8.694 10.907 8.241 8.625 6.978 8.167 7.424 8.603 7.111 8.327 6.547 6.599 6.513 6.880 4.498 6.732 9.554 6.726 5.689
-999.250 -999.250 -999.250 -999.250 -999.250 -999.250 -999.250 -999.250 -999.250 -999.250 -999.250 -999.250 34.241 32.402 -999.250 -999.250 -999.250 -999.250 -999.250 -999.250 -999.250 -999.250 -999.250 -999.250 -999.250 -999.250 -999.250 -999.250 -999.250 17.223 17.245 18.002 17.144 15.826 14.199 15.572 14.300 20.692 19.507 14.280 15.977 11.951 13.586 15.263 10.479 11.667 9.289 10.148 10.185 8.241 7.638 10.804 9.809 7.893 9.066 8.660 8.162 9.293 7.222 8.924 7.740 5.340 7.110 4.903 6.063 7.832 9.654 8.463 6.515
-999.250 -999.250 -999.250 -999.250 -999.250 -999.250 -999.250 -999.250 -999.250 -999.250 -999.250 -999.250 -999.250 -999.250 -999.250 -999.250 -999.250 -999.250 -999.250 -999.250 -999.250 -999.250 -999.250 -999.250 -999.250 -999.250 -999.250 -999.250 -999.250 -999.250 18.136 15.858 15.580 17.373 14.580 12.050 14.969 18.539 17.264 14.535 16.709 14.361 15.564 14.915 11.415 11.465 7.444 9.677 8.059 10.814 6.417 10.844 8.641 8.586 7.053 9.929 7.106 6.261 9.516 6.833 8.006 7.039 7.302 5.750 6.466 7.899 6.812 7.818 9.610
-999.250 -999.250 -999.250 -999.250 -999.250 -999.250 -999.250 -999.250 -999.250 -999.250 -999.250 -999.250 -999.250 -999.250 -999.250 -999.250 -999.250 -999.250 -999.250 -999.250 -999.250 -999.250 -999.250 -999.250 -999.250 -999.250 -999.250 -999.250 -999.250 -999.250 17.761 23.714 19.787 17.940 15.448 17.793 16.985 16.270 14.638 13.553 13.913 11.839 14.226 14.842 12.919 11.645 10.655 11.632 10.720 10.995 9.399 10.813 11.027 9.271 6.857 7.614 10.154 9.002 8.372 7.264 6.937 5.977 4.195 6.945 5.863 9.837 7.988 7.892 10.212
-999.250 -999.250 -999.250 -999.250 -999.250 -999.250 -999.250 -999.250 -999.250 -999.250 -999.250 -999.250 -999.250 -999.250 -999.250 -999.250 -999.250 -999.250 -999.250 -999.250 -999.250 -999.250 -999.250 -999.250 -999.250 -999.250 -999.250 -999.250 -999.250 -999.250 13.184 17.705 15.816 18.784 15.718 17.792 17.254 16.853 16.994 14.439 14.985 14.477 15.034 13.059 13.916 10.889 11.388 12.591 11.462 10.483 10.628 10.511 11.114 10.278 8.879 8.835 10.992 8.019 5.129 7.368 6.106 5.705 4.874 5.116 7.937 10.706 9.915 5.901 7.088
-999.250 -999.250 -999.250 -999.250 -999.250 -999.250 -999.250 -999.250 -999.250 -999.250 -999.250 -999.250 -999.250 -999.250 -999.250 -999.250 -999.250 -999.250 -999.250 -999.250 -999.250 -999.250 -999.250 -999.250 -999.250 -999.250 -999.250 -999.250 -999.250 -999.250 -999.250 17.459 16.775 14.846 19.950 14.922 15.895 17.517 15.261 14.403 12.111 12.478 17.154 14.879 12.464 10.795 10.280 10.313 10.085 9.705 8.774 9.078 8.596 11.442 9.741 9.705 8.727 6.830 7.529 5.927 6.589 8.022 5.782 6.204 10.604 13.359 10.316 6.778 6.608
-999.250 -999.250 -999.250 -999.250 -999.250 -999.250 -999.250 -999.250 -999.250 -999.250 -999.250 -999.250 -999.250 -999.250 -999.250 -999.250 -999.250 -999.250 -999.250 -999.250 -999.250 -999.250 -999.250 -999.250 -999.250 -999.250 -999.250 -999.250 -999.250 -999.250 -999.250 16.681 14.432 16.458 16.859 14.391 13.114 12.871 11.183 12.731 14.563 10.458 13.456 10.956 12.082 10.723 10.116 8.806 7.326 8.912 11.298 11.170 11.516 10.015 9.711 9.268 10.634 8.030 7.139 7.437 8.395 7.059 8.394 8.196 12.911 19.436 12.507 8.571 8.081
-999.250 -999.250 -999.250 -999.250 -999.250 -999.250 -999.250 -999.250 -999.250 -999.250 -999.250 -999.250 -999.250 -999.250 -999.250 -999.250 -999.250 -999.250 -999.250 -999.250 -999.250 -999.250 -999.250 -999.250 -999.250 -999.250 -999.250 -999.250 -999.250 -999.250 -999.250 13.683 13.459 11.465 10.546 9.029 9.302 9.252 10.479 12.634 10.394 9.746 10.710 10.590 10.256 7.497 12.304 8.350 7.484 9.131 11.622 8.973 10.348 8.489 8.573 9.317 6.797 7.395 5.165 4.887 7.251 7.725 7.030 8.427 10.319 12.914 9.366 6.759 5.115
-999.250 -999.250 -999.250 -999.250 -999.250 -999.250 -999.250 -999.250 -999.250 -999.250 -999.250 -999.250 -999.250 -999.250 -999.250 -999.250 -999.250 -999.250 -999.250 -999.250 -999.250 -999.250 -999.250 -999.250 -999.250 -999.250 -999.250 -999.250 -999.250 -999.250 -999.250 13.283 12.243 9.993 11.301 7.890 9.831 6.188 6.810 8.275 10.867 11.683 12.319 9.117 8.434 8.028 7.733 8.178 6.352 8.339 8.448 10.170 7.219 8.583 10.777 7.352 9.830 4.405 6.310 2.698 6.171 7.050 7.218 7.631 9.071 8.761 9.924 3.969 3.065
-999.250 -999.250 -999.250 -999.250 -999.250 -999.250 -999.250 -999.250 -999.250 -999.250 -999.250 -999.250 -999.250 -999.250 -999.250 -999.250 -999.250 -999.250 -999.250 -999.250 -999.250 -999.250 -999.250 -999.250 -999.250 -999.250 -999.250 -999.250 -999.250 -999.250 -999.250 12.940 12.860 14.010 10.060 9.071 7.719 6.702 5.743 9.299 12.637 12.575 10.321 8.659 7.303 8.121 8.441 7.682 8.016 8.905 8.792 6.573 6.198 5.216 7.770 9.396 10.224 4.832 5.755 3.571 5.948 4.811 6.944 5.451 5.204 5.374 5.324 5.058 2.296
-999.250 -999.250 -999.250 -999.250 -999.250 -999.250 -999.250 -999.250 -999.250 -999.250 -999.250 -999.250 -999.250 -999.250 -999.250 -999.250 -999.250 -999.250 -999.250 -999.250 -999.250 -999.250 -999.250 -999.250 -999.250 -999.250 -999.250 -999.250 -999.250 -999.250 -999.250 13.372 12.570 13.034 10.090 8.864 5.457 6.576 6.369 7.546 8.460 8.409 11.048 8.906 8.834 7.681 7.517 7.331 6.665 8.137 6.755 6.028 5.107 5.822 6.236 4.951 6.701 7.474 5.213 3.410 5.512 3.538 3.372 3.036 2.400 1.209 3.652 3.715 2.774
-999.250 -999.250 -999.250 -999.250 -999.250 -999.250 -999.250 -999.250 -999.250 -999.250 -999.250 -999.250 -999.250 -999.250 -999.250 -999.250 -999.250 -999.250 -999.250 -999.250 -999.250 -999.250 -999.250 -999.250 -999.250 -999.250 -999.250 -999.250 -999.250 -999.250 -999.250 12.712 13.815 12.891 11.006 10.834 6.250 7.544 8.280 7.976 7.316 7.858 8.106 8.544 7.646 8.736 7.219 8.239 7.633 7.170 7.683 4.626 5.048 6.186 6.064 6.062 4.532 4.912 4.885 3.504 4.046 3.566 4.518 1.084 0.162 0.000 0.000 0.000 0.000
