data/medianmodel_24-Feb-2021.asc
ncols	141
nrows	288
xllcorner	-120191.398
yllcorner	-301404.813
cellsize	2000.000
NODATA_value	-999.250
[rows 116 to 144 of 288, columns 0 to 64 of 141]
-999.250 -999.250 -999.250 -999.250 -999.250 -999.250 -999.250 -999.250 -999.250 -999.250 -999.250 -999.250 -999.250 -999.250 -999.250 -999.250 -999.250 -999.250 -999.250 -999.250 -999.250 -999.250 -999.250 -999.250 -999.250 -999.250 -999.250 233.570 245.399 238.521 234.389 257.513 253.118 258.114 282.645 290.616 304.499 323.065 319.787 325.404 311.451 300.681 287.019 282.248 299.380 310.258 340.643 408.918 470.699 516.507 502.990 482.734 459.020 426.225 429.132 428.667 463.044 472.641 404.910 342.497 295.500 248.530 207.358 175.528 153.707
-999.250 -999.250 -999.250 -999.250 -999.250 -999.250 -999.250 -999.250 -999.250 -999.250 -999.250 -999.250 -999.250 -999.250 -999.250 -999.250 -999.250 -999.250 -999.250 -999.250 -999.250 -999.250 -999.250 -999.250 -999.250 -999.250 -999.250 224.024 228.733 240.778 238.602 235.798 251.250 263.049 265.167 275.659 294.364 301.586 309.467 313.004 322.025 301.344 300.324 302.103 310.773 330.523 368.726 462.679 532.040 629.980 555.702 485.094 445.042 427.815 434.151 438.107 471.522 497.322 406.419 327.708 279.116 233.169 195.896 173.276 153.416
-999.250 -999.250 -999.250 -999.250 -999.250 -999.250 -999.250 -999.250 -999.250 -999.250 -999.250 -999.250 -999.250 -999.250 -999.250 -999.250 -999.250 -999.250 -999.250 -999.250 -999.250 -999.250 -999.250 -999.250 -999.250 -999.250 233.246 209.696 218.195 220.851 227.308 245.644 248.588 242.596 255.987 265.936 283.913 295.027 287.436 300.230 303.275 314.580 313.303 310.194 316.696 333.266 398.097 419.352 490.781 556.973 532.799 470.803 451.029 437.505 418.265 429.776 426.219 404.968 347.154 302.140 254.287 211.500 175.384 160.910 154.715
-999.250 -999.250 -999.250 -999.250 -999.250 -999.250 -999.250 -999.250 -999.250 -999.250 -999.250 -999.250 -999.250 -999.250 -999.250 -999.250 -999.250 -999.250 -999.250 -999.250 -999.250 -999.250 -999.250 -999.250 -999.250 -999.250 208.132 215.801 217.594 219.419 209.783 219.202 223.866 226.518 242.235 255.379 274.287 284.646 271.947 289.503 304.814 302.092 299.256 310.634 312.458 334.419 366.139 394.245 439.358 482.130 469.103 442.966 437.846 403.864 384.800 367.738 362.554 324.819 284.954 236.879 211.816 179.142 166.917 156.250 147.479
-999.250 -999.250 -999.250 -999.250 -999.250 -999.250 -999.250 -999.250 -999.250 -999.250 -999.250 -999.250 -999.250 -999.250 -999.250 -999.250 -999.250 -999.250 -999.250 -999.250 -999.250 -999.250 -999.250 -999.250 -999.250 -999.250 207.370 200.869 195.684 213.599 205.406 202.792 209.831 212.001 226.920 241.015 249.246 267.757 277.248 280.517 292.760 299.846 303.070 306.838 326.839 339.704 342.141 367.150 405.930 437.039 455.835 406.908 389.224 360.439 344.638 335.451 291.526 228.689 182.607 166.524 165.319 158.694 148.821 147.557 136.036
-999.250 -999.250 -999.250 -999.250 -999.250 -999.250 -999.250 -999.250 -999.250 -999.250 -999.250 -999.250 -999.250 -999.250 -999.250 -999.250 -999.250 -999.250 -999.250 -999.250 -999.250 -999.250 -999.250 -999.250 -999.250 178.433 195.890 187.967 198.482 190.887 193.863 193.993 199.462 210.087 220.163 217.470 226.987 234.422 247.875 268.369 276.674 293.329 298.825 300.537 311.796 323.962 336.071 335.194 360.313 380.758 357.326 356.626 334.343 318.853 286.815 264.810 213.648 157.526 87.977 112.004 125.954 140.041 143.628 131.015 130.942
-999.250 -999.250 -999.250 -999.250 -999.250 -999.250 -999.250 -999.250 -999.250 -999.250 -999.250 -999.250 -999.250 -999.250 -999.250 -999.250 -999.250 -999.250 -999.250 -999.250 -999.250 -999.250 -999.250 -999.250 -999.250 177.021 175.973 187.325 174.231 194.959 186.489 191.404 194.977 196.873 191.219 202.669 209.604 214.008 228.188 235.417 263.688 279.254 286.713 294.201 305.224 306.173 316.608 307.334 320.710 321.018 321.773 307.297 290.401 257.381 225.435 187.473 159.913 117.253 88.507 99.043 108.331 127.749 137.045 127.947 129.255
-999.250 -999.250 -999.250 -999.250 -999.250 -999.250 -999.250 -999.250 -999.250 -999.250 -999.250 -999.250 -999.250 -999.250 -999.250 -999.250 -999.250 -999.250 -999.250 -999.250 -999.250 -999.250 -999.250 -999.250 -999.250 171.531 182.122 177.869 172.523 174.425 178.525 177.921 184.317 184.313 191.178 193.566 200.868 197.884 207.924 227.141 242.083 257.649 276.132 287.525 286.216 297.153 289.209 298.013 305.523 291.895 275.166 261.242 222.195 181.950 158.063 134.976 119.986 97.526 88.936 95.037 106.395 127.503 137.073 136.709 142.597
-999.250 -999.250 -999.250 -999.250 -999.250 -999.250 -999.250 -999.250 -999.250 -999.250 -999.250 -999.250 -999.250 -999.250 -999.250 -999.250 -999.250 -999.250 -999.250 -999.250 -999.250 -999.250 -999.250 -999.250 164.474 170.157 170.105 171.702 168.938 173.064 178.141 183.789 174.623 169.600 179.345 180.513 187.846 195.221 205.458 206.462 222.175 246.863 261.067 276.170 278.892 281.839 275.972 278.640 272.119 272.205 245.271 194.306 169.705 134.261 104.973 91.044 87.109 85.896 87.280 95.476 118.666 127.642 147.412 153.645 162.308
-999.250 -999.250 -999.250 -999.250 -999.250 -999.250 -999.250 -999.250 -999.250 -999.250 -999.250 -999.250 -999.250 -999.250 -999.250 -999.250 -999.250 -999.250 -999.250 -999.250 -999.250 -999.250 -999.250 -999.250 167.705 167.573 164.644 165.921 165.949 165.620 167.524 169.452 166.718 175.400 174.141 176.121 175.918 186.955 192.007 202.640 221.806 228.154 243.353 263.097 270.311 272.790 280.176 275.176 252.003 243.207 208.670 174.343 138.117 96.787 53.879 62.070 72.028 79.371 93.876 106.636 121.358 142.073 154.400 162.349 166.883
-999.250 -999.250 -999.250 -999.250 -999.250 -999.250 -999.250 -999.250 -999.250 -999.250 -999.250 -999.250 -999.250 -999.250 -999.250 -999.250 -999.250 -999.250 -999.250 -999.250 -999.250 -999.250 -999.250 156.785 157.412 157.313 161.323 163.372 159.651 170.200 164.665 159.376 163.982 166.638 166.969 165.449 169.894 175.510 189.223 190.081 208.176 211.334 227.309 250.173 257.875 260.456 265.548 263.085 255.930 223.581 190.263 161.448 116.772 85.645 61.135 60.369 70.077 85.490 99.728 113.253 130.283 150.066 172.261 176.532 179.624
-999.250 -999.250 -999.250 -999.250 -999.250 -999.250 -999.250 -999.250 -999.250 -999.250 -999.250 -999.250 -999.250 -999.250 -999.250 -999.250 -999.250 -999.250 -999.250 -999.250 -999.250 -999.250 -999.250 157.808 150.366 155.794 157.365 160.447 146.211 151.151 157.309 149.860 157.943 157.830 165.813 161.060 163.627 168.227 173.103 188.967 194.291 197.415 210.552 228.044 244.976 249.808 259.927 256.327 250.891 216.961 186.338 154.383 122.034 90.997 77.658 78.745 85.538 93.935 112.037 128.054 149.476 166.924 184.267 193.563 187.971
-999.250 -999.250 -999.250 -999.250 -999.250 -999.250 -999.250 -999.250 -999.250 -999.250 -999.250 -999.250 -999.250 -999.250 -999.250 -999.250 -999.250 -999.250 -999.250 -999.250 -999.250 -999.250 -999.250 153.317 157.368 150.631 147.553 147.687 148.648 144.882 147.809 147.907 157.862 156.194 152.269 149.892 159.097 162.192 168.383 174.067 182.696 193.433 198.863 228.272 235.566 248.580 249.464 261.479 257.693 223.786 188.790 160.830 133.781 104.123 91.536 90.870 98.616 105.612 125.557 141.225 161.367 175.871 212.664 208.872 200.628
-999.250 -999.250 -999.250 -999.250 -999.250 -999.250 -999.250 -999.250 -999.250 -999.250 -999.250 -999.250 -999.250 -999.250 -999.250 -999.250 -999.250 -999.250 -999.250 -999.250 -999.250 -999.250 142.305 141.035 146.470 142.106 143.509 141.526 145.489 136.983 137.198 145.884 149.280 145.821 151.639 144.859 143.575 147.721 154.916 171.099 176.259 182.122 190.141 220.992 238.499 242.372 244.845 250.840 248.572 228.890 190.688 157.618 133.318 118.985 112.484 111.621 111.627 122.944 130.041 152.775 171.151 181.110 199.960 210.564 221.236
-999.250 -999.250 -999.250 -999.250 -999.250 -999.250 -999.250 -999.250 -999.250 -999.250 -999.250 -999.250 -999.250 -999.250 -999.250 -999.250 -999.250 -999.250 -999.250 -999.250 -999.250 -999.250 137.038 140.344 139.517 140.142 134.913 138.466 138.213 128.045 133.819 132.834 132.052 139.348 148.441 133.149 134.293 138.850 139.576 158.533 168.094 173.372 186.876 214.541 209.492 227.203 236.681 234.682 234.400 224.191 192.553 167.922 149.313 142.094 127.076 126.491 124.903 129.865 142.747 160.142 171.102 183.182 199.931 210.715 222.718
-999.250 -999.250 -999.250 -999.250 -999.250 -999.250 -999.250 -999.250 -999.250 -999.250 -999.250 -999.250 -999.250 -999.250 -999.250 -999.250 -999.250 -999.250 -999.250 -999.250 -999.250 125.266 130.691 133.199 140.231 141.305 139.082 127.205 128.175 129.710 124.534 126.730 123.496 128.017 129.894 135.973 128.637 132.581 140.023 143.882 158.779 166.927 174.260 189.596 185.652 202.995 212.930 227.309 216.525 226.291 199.260 178.984 162.485 159.471 145.179 137.229 143.672 144.150 152.358 164.960 175.997 188.346 213.280 220.767 224.742
-999.250 -999.250 -999.250 -999.250 -999.250 -999.250 -999.250 -999.250 -999.250 -999.250 -999.250 -999.250 -999.250 -999.250 -999.250 -999.250 -999.250 -999.250 -999.250 -999.250 -999.250 121.633 119.291 130.870 130.928 124.028 126.858 125.561 122.730 126.505 120.336 116.203 121.777 112.695 113.063 118.819 122.707 122.750 123.742 140.645 148.123 155.288 166.862 175.268 186.575 196.955 217.918 210.916 219.356 220.706 199.899 185.972 170.373 161.538 148.484 148.588 155.456 151.988 152.885 168.646 170.605 187.995 196.962 211.655 206.841
-999.250 -999.250 -999.250 -999.250 -999.250 -999.250 -999.250 -999.250 -999.250 -999.250 -999.250 -999.250 -999.250 -999.250 -999.250 -999.250 -999.250 -999.250 -999.250 -999.250 -999.250 110.733 112.116 119.202 117.752 119.907 120.247 123.109 123.691 123.288 117.869 112.144 117.909 114.492 109.573 107.873 119.370 119.337 112.818 126.254 136.269 144.222 161.769 166.854 177.013 195.052 195.341 211.214 208.662 211.958 200.510 189.998 181.708 168.863 161.106 160.647 159.385 156.316 153.075 150.832 165.539 171.622 188.087 190.354 190.624
-999.250 -999.250 -999.250 -999.250 -999.250 -999.250 -999.250 -999.250 -999.250 -999.250 -999.250 -999.250 -999.250 -999.250 -999.250 -999.250 -999.250 -999.250 -999.250 -999.250 101.791 105.275 104.358 112.514 110.787 110.698 119.783 118.090 122.059 126.268 119.224 115.695 117.741 115.697 114.727 107.113 110.313 110.568 117.573 113.193 134.034 138.969 152.413 157.744 171.858 180.675 195.001 199.938 200.964 204.765 200.300 194.489 188.466 171.887 162.402 165.339 158.493 156.723 151.777 151.909 150.446 167.452 167.995 177.732 173.653
-999.250 -999.250 -999.250 -999.250 -999.250 -999.250 -999.250 -999.250 -999.250 -999.250 -999.250 -999.250 -999.250 -999.250 -999.250 -999.250 -999.250 -999.250 -999.250 -999.250 91.294 94.662 98.307 103.268 106.332 110.239 117.886 121.459 119.581 125.781 122.680 122.910 119.082 114.699 112.774 107.781 112.387 103.904 106.989 115.287 115.902 127.332 140.994 155.244 164.395 172.556 185.493 192.808 199.218 202.640 210.677 201.711 195.104 183.482 171.922 161.523 155.932 153.998 150.654 145.651 141.218 149.184 158.163 161.795 165.837
-999.250 -999.250 -999.250 -999.250 -999.250 -999.250 -999.250 -999.250 -999.250 -999.250 -999.250 -999.250 -999.250 -999.250 -999.250 -999.250 -999.250 -999.250 -999.250 -999.250 87.507 90.469 93.453 102.360 109.140 112.177 118.039 119.284 127.560 128.297 130.928 134.095 129.037 114.850 124.128 117.274 108.484 102.601 105.047 100.293 104.076 124.033 132.902 147.445 158.076 173.655 175.780 200.142 201.378 211.347 211.231 208.145 195.493 182.036 173.843 164.127 153.874 154.844 142.359 132.102 128.611 131.199 142.829 144.812 153.711
-999.250 -999.250 -999.250 -999.250 -999.250 -999.250 -999.250 -999.250 -999.250 -999.250 -999.250 -999.250 -999.250 -999.250 -999.250 -999.250 -999.250 -999.250 -999.250 -999.250 86.089 93.040 97.099 103.304 103.284 116.300 124.372 127.410 131.776 141.294 144.083 144.836 140.778 129.625 125.877 119.974 109.388 104.959 106.137 106.188 102.171 119.246 137.626 146.809 157.547 169.683 184.706 195.234 209.581 205.832 215.032 210.546 195.970 189.065 171.369 162.512 155.903 146.738 131.781 120.373 117.598 124.382 129.771 133.470 133.684
-999.250 -999.250 -999.250 -999.250 -999.250 -999.250 -999.250 -999.250 -999.250 -999.250 -999.250 -999.250 -999.250 -999.250 -999.250 -999.250 -999.250 -999.250 -999.250 80.962 83.032 88.244 89.000 93.621 103.821 110.999 127.543 138.460 150.756 154.593 154.754 151.487 146.901 132.862 127.832 116.770 111.888 107.875 104.346 105.709 106.693 113.455 125.471 145.536 157.861 170.884 183.087 199.938 202.106 219.883 204.375 214.648 202.180 184.194 171.276 166.210 154.526 148.721 130.580 120.479 115.795 116.971 110.035 118.500 111.684
-999.250 -999.250 -999.250 -999.250 -999.250 -999.250 -999.250 -999.250 -999.250 -999.250 -999.250 -999.250 -999.250 -999.250 -999.250 -999.250 -999.250 -999.250 -999.250 82.784 80.607 84.269 89.735 93.405 107.366 116.931 126.647 142.277 155.046 158.665 164.441 161.212 154.792 145.152 140.920 132.020 123.054 122.258 113.125 107.264 109.171 117.209 127.434 131.996 155.559 171.819 188.149 201.976 213.436 217.721 217.564 205.667 198.098 178.461 167.377 161.124 144.566 146.954 134.715 124.480 110.319 104.498 99.379 105.245 101.376
-999.250 -999.250 -999.250 -999.250 -999.250 -999.250 -999.250 -999.250 -999.250 -999.250 -999.250 -999.250 -999.250 -999.250 -999.250 -999.250 -999.250 -999.250 -999.250 82.234 84.716 87.766 87.642 89.387 105.412 116.632 138.303 151.402 156.131 167.868 176.155 170.485 160.776 153.525 148.790 130.995 125.618 118.713 114.594 117.342 112.244 119.079 125.205 132.452 156.070 176.518 182.053 203.695 219.580 219.760 209.157 200.882 185.174 172.422 166.922 147.179 145.239 148.881 131.556 122.583 107.292 100.714 92.065 92.040 85.191
-999.250 -999.250 -999.250 -999.250 -999.250 -999.250 -999.250 -999.250 -999.250 -999.250 -999.250 -999.250 -999.250 -999.250 -999.250 -999.250 -999.250 -999.250 -999.250 86.891 84.856 88.433 92.041 97.164 111.797 128.021 144.891 158.707 167.440 173.666 180.065 176.173 170.656 161.048 153.203 139.456 127.219 123.099 114.637 111.337 114.507 110.005 115.017 133.868 148.537 168.585 180.018 207.236 234.026 218.196 199.849 190.533 177.295 170.080 161.160 144.767 137.429 133.497 120.455 115.321 105.649 93.494 90.325 82.179 75.552
-999.250 -999.250 -999.250 -999.250 -999.250 -999.250 -999.250 -999.250 -999.250 -999.250 -999.250 -999.250 -999.250 -999.250 -999.250 -999.250 -999.250 -999.250 -999.250 86.988 94.187 100.138 103.937 106.464 121.881 139.338 152.007 165.057 168.881 178.845 181.318 179.495 173.563 165.707 156.669 152.025 137.637 125.217 111.458 107.931 101.198 99.114 104.692 121.315 136.266 154.836 170.323 195.872 211.628 206.143 193.405 182.152 169.922 155.367 153.965 145.135 122.464 122.514 116.441 107.081 102.215 95.884 85.828 75.027 63.826
-999.250 -999.250 -999.250 -999.250 -999.250 -999.250 -999.250 -999.250 -999.250 -999.250 -999.250 -999.250 -999.250 -999.250 -999.250 -999.250 -999.250 -999.250 92.672 96.315 102.494 105.722 111.968 115.769 131.773 151.782 156.983 174.533 186.851 193.106 190.517 187.274 179.721 172.093 171.921 155.016 152.971 128.973 120.874 107.340 101.791 95.369 99.063 109.209 122.875 139.918 156.165 169.734 184.110 178.092 183.440 170.137 154.541 145.217 130.344 126.213 118.407 112.487 110.235 106.911 98.656 97.743 88.114 81.204 71.572
-999.250 -999.250 -999.250 -999.250 -999.250 -999.250 -999.250 -999.250 -999.250 -999.250 -999.250 -999.250 -999.250 -999.250 -999.250 -999.250 -999.250 92.969 104.061 105.119 115.579 122.814 130.091 146.289 153.876 168.201 172.273 189.994 198.648 209.400 207.946 215.550 203.459 182.485 178.211 166.796 156.304 141.416 122.241 115.683 96.812 87.982 89.405 97.802 102.392 122.382 136.641 152.706 159.390 164.747 156.602 150.953 137.799 127.487 122.386 110.253 98.786 98.606 103.074 106.923 94.504 93.927 87.973 80.113 83.824
