data/medianmodel_01-Apr-2020.asc
ncols	141
nrows	288
xllcorner	-120191.398
yllcorner	-301404.813
cellsize	2000.000
NODATA_value	-999.250
[rows 210 to 239 of 288, columns 68 to 135 of 141]
9.563 10.823 13.434 13.027 12.905 11.741 12.196 9.651 12.420 12.751 13.569 14.581 17.820 21.537 24.468 33.011 34.118 39.591 37.225 44.464 44.974 44.329 41.255 36.262 42.115 40.560 44.784 43.650 41.294 34.387 29.537 -999.250 -999.250 -999.250 -999.250 -999.250 -999.250 -999.250 -999.250 -999.250 -999.250 -999.250 -999.250 -999.250 -999.250 -999.250 -999.250 -999.250 -999.250 -999.250 -999.250 -999.250 -999.250 -999.250 -999.250 -999.250 -999.250 -999.250 -999.250 -999.250 -999.250 -999.250 -999.250 -999.250 -999.250 -999.250 -999.250 -999.250
9.031 10.966 10.317 10.859 8.608 12.063 9.493 9.371 10.705 11.038 11.387 14.359 17.133 19.311 22.195 32.196 37.602 34.298 37.494 42.139 36.104 40.207 36.780 39.225 39.587 43.246 37.350 42.207 42.321 38.398 32.813 26.106 -999.250 -999.250 -999.250 -999.250 -999.250 -999.250 -999.250 -999.250 -999.250 -999.250 -999.250 -999.250 -999.250 -999.250 -999.250 -999.250 -999.250 -999.250 -999.250 -999.250 -999.250 -999.250 -999.250 -999.250 -999.250 -999.250 -999.250 -999.250 -999.250 -999.250 -999.250 -999.250 -999.250 -999.250 -999.250 -999.250
5.432 7.509 9.713 10.627 11.015 9.500 7.479 7.410 7.450 6.584 7.442 9.423 12.921 18.376 22.277 24.829 24.985 29.905 32.275 31.886 30.805 32.106 34.535 39.775 39.796 36.695 43.570 38.113 41.739 43.771 30.549 22.351 20.050 -999.250 -999.250 -999.250 -999.250 -999.250 -999.250 -999.250 -999.250 -999.250 -999.250 -999.250 -999.250 -999.250 -999.250 -999.250 -999.250 -999.250 -999.250 -999.250 -999.250 -999.250 -999.250 -999.250 -999.250 -999.250 -999.250 -999.250 -999.250 -999.250 -999.250 -999.250 -999.250 -999.250 -999.250 -999.250
5.263 4.100 6.178 9.929 8.913 6.413 7.529 5.762 4.222 2.308 0.000 6.183 10.587 17.277 22.236 18.755 25.038 23.893 29.583 26.706 27.361 30.405 31.313 31.026 28.763 25.672 30.391 35.285 38.826 40.679 28.141 25.528 20.084 -999.250 -999.250 -999.250 -999.250 -999.250 -999.250 -999.250 -999.250 -999.250 -999.250 -999.250 -999.250 -999.250 -999.250 -999.250 -999.250 -999.250 -999.250 -999.250 -999.250 -999.250 -999.250 -999.250 -999.250 -999.250 -999.250 -999.250 -999.250 -999.250 -999.250 -999.250 -999.250 -999.250 -999.250 -999.250
3.993 4.673 7.065 9.148 9.810 6.279 6.227 5.472 4.680 2.954 4.312 8.006 10.160 13.584 14.006 18.559 19.787 26.263 26.285 29.658 23.587 26.591 27.329 23.882 25.422 26.612 35.673 34.295 33.141 29.900 27.634 23.555 19.538 17.023 -999.250 -999.250 -999.250 -999.250 -999.250 -999.250 -999.250 -999.250 -999.250 -999.250 -999.250 -999.250 -999.250 -999.250 -999.250 -999.250 -999.250 -999.250 -999.250 -999.250 -999.250 -999.250 -999.250 -999.250 -999.250 -999.250 -999.250 -999.250 -999.250 -999.250 -999.250 -999.250 -999.250 -999.250
2.587 3.257 4.303 7.104 6.870 5.009 5.522 5.521 4.352 6.735 5.592 9.017 9.048 16.543 16.303 17.302 18.856 19.208 23.260 23.353 27.081 20.038 21.372 24.518 25.707 23.529 23.116 27.607 25.085 24.842 21.175 18.431 15.604 16.200 17.436 -999.250 -999.250 -999.250 -999.250 -999.250 -999.250 -999.250 -999.250 -999.250 -999.250 -999.250 -999.250 -999.250 -999.250 -999.250 -999.250 -999.250 -999.250 -999.250 -999.250 -999.250 -999.250 -999.250 -999.250 -999.250 -999.250 -999.250 -999.250 -999.250 -999.250 -999.250 -999.250 -999.250
4.125 1.202 4.694 2.904 4.296 4.029 2.682 1.819 4.771 7.911 9.236 11.330 11.197 12.858 20.032 18.270 19.032 18.040 19.564 21.328 18.750 17.700 17.282 19.132 26.108 24.623 23.976 23.267 21.539 20.131 20.983 19.917 16.058 15.714 16.569 -999.250 -999.250 -999.250 -999.250 -999.250 -999.250 -999.250 -999.250 -999.250 -999.250 -999.250 -999.250 -999.250 -999.250 -999.250 -999.250 -999.250 -999.250 -999.250 -999.250 -999.250 -999.250 -999.250 -999.250 -999.250 -999.250 -999.250 -999.250 -999.250 -999.250 -999.250 -999.250 -999.250
3.991 1.627 3.233 1.781 2.463 2.943 1.935 0.000 0.988 3.975 8.267 8.823 11.873 15.768 16.653 16.496 19.134 18.442 16.457 16.579 19.782 18.495 16.899 14.836 20.324 23.735 19.921 19.863 21.562 16.221 16.964 14.780 14.705 15.165 13.445 -999.250 -999.250 -999.250 -999.250 -999.250 -999.250 -999.250 -999.250 -999.250 -999.250 -999.250 -999.250 -999.250 -999.250 -999.250 -999.250 -999.250 -999.250 -999.250 -999.250 -999.250 -999.250 -999.250 -999.250 -999.250 -999.250 -999.250 -999.250 -999.250 -999.250 -999.250 -999.250 -999.250
3.980 3.817 3.459 1.605 3.637 3.677 3.831 1.958 5.077 6.634 7.129 7.832 11.696 14.387 15.003 14.296 16.871 14.803 16.175 16.488 16.613 16.904 15.029 14.335 14.097 15.469 15.818 15.426 16.426 12.323 12.677 14.534 11.293 11.506 12.421 11.099 -999.250 -999.250 -999.250 -999.250 -999.250 -999.250 -999.250 8.621 -999.250 -999.250 -999.250 -999.250 -999.250 -999.250 -999.250 -999.250 -999.250 -999.250 -999.250 -999.250 -999.250 -999.250 -999.250 -999.250 -999.250 -999.250 -999.250 -999.250 -999.250 -999.250 -999.250 -999.250
2.240 4.109 1.761 1.769 4.343 3.897 5.548 8.330 5.450 7.667 9.863 12.366 14.191 13.567 14.825 14.696 12.116 14.371 12.236 14.975 14.533 13.601 12.664 11.209 12.225 14.085 12.374 12.658 13.255 12.008 12.723 12.630 11.677 11.011 10.272 10.111 10.027 -999.250 -999.250 -999.250 5.362 5.335 8.022 6.844 -999.250 -999.250 -999.250 -999.250 -999.250 -999.250 -999.250 -999.250 -999.250 -999.250 -999.250 -999.250 -999.250 -999.250 -999.250 -999.250 -999.250 -999.250 -999.250 -999.250 -999.250 -999.250 -999.250 -999.250
3.861 2.296 0.000 3.181 4.400 6.013 3.758 10.308 9.013 9.407 11.077 14.218 13.122 12.544 16.391 15.356 13.580 14.421 14.255 15.114 16.712 11.790 9.151 9.180 7.759 10.750 11.585 9.554 11.186 11.041 12.330 13.570 13.458 12.428 11.568 10.281 7.967 -999.250 4.282 2.888 4.191 2.923 7.029 -999.250 -999.250 -999.250 -999.250 -999.250 -999.250 -999.250 -999.250 -999.250 -999.250 -999.250 -999.250 -999.250 -999.250 -999.250 -999.250 -999.250 -999.250 -999.250 -999.250 -999.250 -999.250 -999.250 -999.250 -999.250
7.426 5.862 4.774 4.321 3.588 4.816 6.322 8.733 9.754 9.559 12.587 12.612 14.328 15.196 15.315 16.223 16.408 14.834 15.013 15.121 13.348 11.871 9.782 8.278 5.738 7.617 8.055 7.944 6.913 10.226 9.622 7.389 11.073 11.648 11.444 11.566 7.460 5.558 3.802 0.000 0.291 2.606 7.678 -999.250 -999.250 -999.250 -999.250 -999.250 -999.250 -999.250 -999.250 -999.250 -999.250 -999.250 -999.250 -999.250 -999.250 -999.250 -999.250 -999.250 -999.250 -999.250 -999.250 -999.250 -999.250 -999.250 -999.250 -999.250
6.989 8.923 6.181 7.058 5.757 7.407 8.522 8.983 9.991 11.863 14.988 15.672 14.215 15.789 17.913 14.499 16.104 15.816 16.329 13.268 14.594 13.454 8.754 5.203 0.000 1.660 6.590 6.758 3.546 8.747 8.818 9.042 9.202 10.733 10.158 10.924 4.027 4.871 5.789 1.886 4.095 7.580 10.278 -999.250 -999.250 -999.250 -999.250 -999.250 -999.250 -999.250 -999.250 -999.250 -999.250 -999.250 -999.250 -999.250 -999.250 -999.250 -999.250 -999.250 -999.250 -999.250 -999.250 -999.250 -999.250 -999.250 -999.250 -999.250
9.120 9.797 11.408 10.205 8.350 6.974 10.035 11.806 12.394 13.623 15.579 15.805 17.659 16.951 15.033 13.272 14.875 14.765 16.161 13.958 10.917 13.130 8.322 6.637 4.553 5.973 6.323 9.575 7.077 10.136 10.387 8.563 9.673 10.413 10.511 10.657 7.899 7.654 5.118 6.075 6.369 8.634 9.772 -999.250 -999.250 -999.250 -999.250 -999.250 -999.250 -999.250 -999.250 -999.250 -999.250 -999.250 -999.250 -999.250 -999.250 -999.250 -999.250 -999.250 -999.250 -999.250 -999.250 -999.250 -999.250 -999.250 -999.250 -999.250
9.457 11.860 12.252 10.741 12.991 9.369 12.834 11.815 12.628 14.947 14.578 15.270 18.470 18.716 16.006 16.071 15.228 16.957 14.701 13.244 13.484 11.211 10.114 8.817 9.557 9.433 8.860 10.696 6.422 11.698 11.016 8.212 9.699 13.081 10.942 10.662 10.135 9.454 7.098 8.280 7.146 11.987 -999.250 -999.250 -999.250 -999.250 -999.250 -999.250 -999.250 -999.250 -999.250 -999.250 -999.250 -999.250 -999.250 -999.250 -999.250 -999.250 -999.250 -999.250 -999.250 -999.250 -999.250 -999.250 -999.250 -999.250 -999.250 -999.250
13.640 11.512 11.753 13.110 13.886 13.248 11.728 13.443 15.703 15.668 17.867 18.838 19.080 22.868 20.122 16.432 16.838 17.700 18.348 15.949 14.096 14.898 12.879 10.860 11.620 9.823 9.869 12.034 9.017 12.629 12.677 11.250 13.362 10.932 11.170 10.808 9.233 11.437 8.822 10.681 12.521 12.925 -999.250 -999.250 -999.250 -999.250 -999.250 -999.250 -999.250 -999.250 -999.250 -999.250 -999.250 -999.250 -999.250 -999.250 -999.250 -999.250 -999.250 -999.250 -999.250 -999.250 -999.250 -999.250 -999.250 -999.250 -999.250 -999.250
13.904 11.639 11.357 13.383 10.632 13.429 14.272 15.611 15.390 18.170 17.766 20.602 23.607 23.887 20.683 19.300 21.237 17.830 18.015 15.428 17.192 14.878 13.351 12.199 15.126 13.113 14.627 11.491 13.242 14.483 10.320 10.025 12.999 13.940 13.993 9.439 12.787 10.588 12.101 11.982 11.101 10.631 -999.250 -999.250 -999.250 -999.250 -999.250 -999.250 -999.250 -999.250 -999.250 -999.250 -999.250 -999.250 -999.250 -999.250 -999.250 -999.250 -999.250 -999.250 -999.250 -999.250 -999.250 -999.250 -999.250 -999.250 -999.250 -999.250
13.132 12.706 12.705 11.072 10.902 15.779 19.109 18.806 18.939 17.549 19.091 19.346 20.932 21.606 19.674 23.926 18.459 19.664 17.543 19.123 17.881 14.950 16.192 15.105 14.510 16.158 18.819 16.698 11.321 13.509 11.768 14.902 16.273 14.539 13.114 12.638 11.803 12.258 12.584 11.859 12.142 -999.250 -999.250 -999.250 -999.250 -999.250 -999.250 -999.250 -999.250 -999.250 -999.250 -999.250 -999.250 -999.250 -999.250 -999.250 -999.250 -999.250 -999.250 -999.250 -999.250 -999.250 -999.250 -999.250 -999.250 -999.250 -999.250 -999.250
13.551 13.657 11.183 11.095 14.201 15.008 15.192 17.466 18.363 17.672 20.360 19.389 19.130 22.732 20.253 21.719 23.923 20.789 18.971 16.589 17.036 17.926 15.727 18.070 15.505 15.404 18.588 14.354 13.785 12.233 11.045 13.787 12.363 13.832 13.619 13.570 -999.250 -999.250 9.683 11.071 10.759 -999.250 -999.250 -999.250 -999.250 -999.250 -999.250 -999.250 -999.250 -999.250 -999.250 -999.250 -999.250 -999.250 -999.250 -999.250 -999.250 -999.250 -999.250 -999.250 -999.250 -999.250 -999.250 -999.250 -999.250 -999.250 -999.250 -999.250
12.504 11.825 8.934 12.849 14.517 14.454 15.602 16.798 19.836 19.374 16.999 20.059 18.754 18.275 19.194 18.618 21.906 26.606 21.404 21.305 19.890 18.518 20.469 18.892 18.639 17.450 15.556 13.209 14.582 13.906 14.468 14.599 14.644 13.833 13.180 12.641 -999.250 -999.250 -999.250 -999.250 -999.250 -999.250 -999.250 -999.250 -999.250 -999.250 -999.250 -999.250 -999.250 -999.250 -999.250 -999.250 -999.250 -999.250 -999.250 -999.250 -999.250 -999.250 -999.250 -999.250 -999.250 -999.250 -999.250 -999.250 -999.250 -999.250 -999.250 -999.250
14.069 13.408 11.079 13.239 14.052 17.186 20.990 17.705 18.428 21.035 19.993 22.267 20.151 20.296 19.674 21.848 25.026 22.869 21.850 20.869 20.165 18.202 18.357 19.129 19.918 19.539 16.697 16.314 15.007 17.790 17.942 16.977 -999.250 -999.250 11.079 -999.250 -999.250 -999.250 -999.250 -999.250 -999.250 -999.250 -999.250 -999.250 -999.250 -999.250 -999.250 -999.250 -999.250 -999.250 -999.250 -999.250 -999.250 -999.250 -999.250 -999.250 -999.250 -999.250 -999.250 -999.250 -999.250 -999.250 -999.250 -999.250 -999.250 -999.250 -999.250 -999.250
12.423 12.893 13.993 13.695 16.223 18.427 17.778 17.739 18.101 21.316 21.508 20.168 22.448 24.365 20.473 20.815 26.108 25.296 23.254 21.436 20.613 20.987 21.858 24.794 22.212 19.620 18.420 17.858 18.578 19.011 -999.250 -999.250 -999.250 -999.250 -999.250 -999.250 -999.250 -999.250 -999.250 -999.250 -999.250 -999.250 -999.250 -999.250 -999.250 -999.250 -999.250 -999.250 -999.250 -999.250 -999.250 -999.250 -999.250 -999.250 -999.250 -999.250 -999.250 -999.250 -999.250 -999.250 -999.250 -999.250 -999.250 -999.250 -999.250 -999.250 -999.250 -999.250
13.982 14.076 15.454 13.988 17.353 20.158 18.490 19.956 19.046 22.129 22.224 16.885 19.960 21.587 24.144 23.929 19.691 28.925 28.554 23.042 21.748 20.148 18.880 24.583 25.621 22.353 22.020 21.602 19.745 16.700 -999.250 -999.250 -999.250 -999.250 -999.250 -999.250 -999.250 -999.250 -999.250 -999.250 -999.250 -999.250 -999.250 -999.250 -999.250 -999.250 -999.250 -999.250 -999.250 -999.250 -999.250 -999.250 -999.250 -999.250 -999.250 -999.250 -999.250 -999.250 -999.250 -999.250 -999.250 -999.250 -999.250 -999.250 -999.250 -999.250 -999.250 -999.250
13.577 15.989 14.885 15.988 16.407 16.051 17.162 17.221 21.108 22.303 22.181 20.788 20.727 22.244 22.937 23.575 22.933 25.218 23.082 28.110 26.473 19.035 25.247 27.205 27.631 30.149 21.697 18.247 20.727 16.976 -999.250 -999.250 -999.250 -999.250 -999.250 -999.250 -999.250 -999.250 -999.250 -999.250 -999.250 -999.250 -999.250 -999.250 -999.250 -999.250 -999.250 -999.250 -999.250 -999.250 -999.250 -999.250 -999.250 -999.250 -999.250 -999.250 -999.250 -999.250 -999.250 -999.250 -999.250 -999.250 -999.250 -999.250 -999.250 -999.250 -999.250 -999.250
15.600 14.010 15.975 16.858 16.740 16.940 16.424 20.241 20.645 18.542 21.296 22.789 20.940 25.406 22.665 26.571 25.168 26.383 26.114 24.337 22.093 28.072 28.419 33.985 25.456 25.626 24.274 21.567 20.306 19.013 -999.250 -999.250 -999.250 -999.250 -999.250 -999.250 -999.250 -999.250 -999.250 -999.250 -999.250 -999.250 -999.250 -999.250 -999.250 -999.250 -999.250 -999.250 -999.250 -999.250 -999.250 -999.250 -999.250 -999.250 -999.250 -999.250 -999.250 -999.250 -999.250 -999.250 -999.250 -999.250 -999.250 -999.250 -999.250 -999.250 -999.250 -999.250
15.329 15.501 19.548 16.019 16.705 15.569 17.122 18.291 15.843 18.180 17.630 24.265 28.703 24.492 25.657 23.345 23.581 23.931 23.819 24.755 25.206 27.107 34.351 26.924 24.349 22.410 22.588 24.114 19.526 -999.250 -999.250 -999.250 -999.250 -999.250 -999.250 -999.250 -999.250 -999.250 -999.250 -999.250 -999.250 -999.250 -999.250 -999.250 -999.250 -999.250 -999.250 -999.250 -999.250 -999.250 -999.250 -999.250 -999.250 -999.250 -999.250 -999.250 -999.250 -999.250 -999.250 -999.250 -999.250 -999.250 -999.250 -999.250 -999.250 -999.250 -999.250 -999.250
16.941 17.028 15.272 15.942 14.837 15.950 18.387 16.271 18.441 23.681 18.866 23.893 21.322 22.372 25.010 26.329 26.353 27.964 29.028 27.677 24.808 27.324 27.798 29.005 26.779 25.578 22.049 21.847 26.494 -999.250 -999.250 -999.250 -999.250 -999.250 -999.250 -999.250 -999.250 -999.250 -999.250 -999.250 -999.250 -999.250 -999.250 -999.250 -999.250 -999.250 -999.250 -999.250 -999.250 -999.250 -999.250 -999.250 -999.250 -999.250 -999.250 -999.250 -999.250 -999.250 -999.250 -999.250 -999.250 -999.250 -999.250 -999.250 -999.250 -999.250 -999.250 -999.250
16.989 16.269 15.593 17.613 17.644 17.816 16.198 18.999 18.254 19.255 22.182 21.497 20.166 24.127 22.135 25.675 30.183 26.461 28.697 29.994 24.758 23.827 24.311 23.123 31.316 24.630 22.778 19.848 22.792 -999.250 -999.250 -999.250 -999.250 -999.250 -999.250 -999.250 -999.250 -999.250 -999.250 -999.250 -999.250 -999.250 -999.250 -999.250 -999.250 -999.250 -999.250 -999.250 -999.250 -999.250 -999.250 -999.250 -999.250 -999.250 -999.250 -999.250 -999.250 -999.250 -999.250 -999.250 -999.250 -999.250 -999.250 -999.250 -999.250 -999.250 -999.250 -999.250
15.832 14.384 14.292 16.650 17.351 14.898 16.486 18.983 18.043 20.710 17.896 20.393 19.407 18.308 22.665 24.772 27.692 31.092 29.831 26.821 27.986 28.798 20.721 28.968 31.904 27.157 20.318 21.679 -999.250 -999.250 -999.250 -999.250 -999.250 -999.250 -999.250 -999.250 -999.250 -999.250 -999.250 -999.250 -999.250 -999.250 -999.250 -999.250 -999.250 -999.250 -999.250 -999.250 -999.250 -999.250 -999.250 -999.250 -999.250 -999.250 -999.250 -999.250 -999.250 -999.250 -999.250 -999.250 -999.250 -999.250 -999.250 -999.250 -999.250 -999.250 -999.250 -999.250
13.100 14.148 17.192 14.724 16.062 15.132 15.863 15.889 17.228 18.342 17.492 17.177 21.927 20.886 21.632 22.256 23.851 28.967 29.464 29.363 31.691 28.068 22.448 27.213 30.952 22.239 19.690 25.051 -999.250 -999.250 -999.250 -999.250 -999.250 -999.250 -999.250 -999.250 -999.250 -999.250 -999.250 -999.250 -999.250 -999.250 -999.250 -999.250 -999.250 -999.250 -999.250 -999.250 -999.250 -999.250 -999.250 -999.250 -999.250 -999.250 -999.250 -999.250 -999.250 -999.250 -999.250 -999.250 -999.250 -999.250 -999.250 -999.250 -999.250 -999.250 -999.250 -999.250
