data/medianmodel_03-Dec-2020.asc
ncols	141
nrows	288
xllcorner	-120191.398
yllcorner	-301404.813
cellsize	2000.000
NODATA_value	-999.250
[rows 145 to 173 of 288, columns 0 to 63 of 141]
-999.250 -999.250 -999.250 -999.250 -999.250 -999.250 -999.250 -999.250 -999.250 -999.250 -999.250 -999.250 -999.250 -999.250 -999.250 -999.250 -999.250 261.265 277.673 277.816 277.283 308.321 328.870 328.555 345.211 342.725 355.612 374.435 405.912 460.005 441.032 475.635 489.905 525.305 535.222 523.395 533.494 500.138 463.909 443.827 379.782 338.497 313.052 284.457 237.868 229.746 230.604 235.813 235.903 235.229 237.217 237.274 224.726 216.508 229.194 236.343 261.377 302.177 395.872 481.244 521.151 541.287 617.827 638.750
-999.250 -999.250 -999.250 -999.250 -999.250 -999.250 -999.250 -999.250 -999.250 -999.250 -999.250 -999.250 -999.250 -999.250 -999.250 247.521 253.183 291.413 300.979 293.501 301.231 325.793 349.392 362.126 389.242 396.312 395.266 431.899 430.712 462.336 480.248 498.660 536.583 546.196 559.230 560.792 561.885 553.590 507.402 458.887 391.616 320.614 310.528 288.195 252.478 232.840 217.958 215.985 224.410 211.986 219.062 236.389 215.725 211.439 225.000 218.679 222.362 222.032 352.578 466.957 500.349 580.570 669.742 724.055
-999.250 -999.250 -999.250 -999.250 -999.250 -999.250 -999.250 -999.250 -999.250 -999.250 -999.250 -999.250 -999.250 -999.250 240.564 256.412 261.514 287.270 272.361 306.942 342.342 351.572 376.803 407.980 411.383 420.990 443.770 469.801 448.134 517.948 516.241 552.026 539.299 546.717 609.355 610.687 604.900 576.454 556.448 488.820 446.737 375.837 329.576 281.930 256.682 236.244 213.818 211.391 215.050 217.764 228.031 246.084 227.526 198.511 221.585 237.474 256.622 284.810 361.231 465.205 534.779 600.087 737.378 766.256
-999.250 -999.250 -999.250 -999.250 -999.250 -999.250 -999.250 -999.250 -999.250 -999.250 -999.250 -999.250 -999.250 -999.250 220.821 245.379 248.442 275.217 295.092 313.127 338.486 362.483 391.809 435.159 443.058 450.150 482.446 498.492 482.266 504.738 512.705 515.779 584.710 588.473 631.819 629.659 634.516 640.175 582.397 515.977 453.916 415.987 345.058 307.058 249.009 236.571 240.300 201.045 229.064 241.545 241.669 240.427 233.474 230.570 241.710 263.401 292.532 322.319 439.588 497.077 533.331 634.824 687.922 779.104
-999.250 -999.250 -999.250 -999.250 -999.250 -999.250 -999.250 -999.250 -999.250 -999.250 -999.250 -999.250 -999.250 249.492 254.218 248.669 251.963 280.073 276.755 304.180 343.497 362.562 419.933 449.990 461.191 476.978 491.879 535.679 500.816 508.746 536.403 549.296 592.522 602.504 628.837 664.383 637.827 614.465 589.308 520.188 486.821 447.843 387.611 325.980 302.999 294.377 285.870 286.069 302.719 296.566 277.747 256.478 275.072 258.430 280.830 286.150 300.338 362.145 420.888 476.572 539.495 634.529 737.337 818.376
-999.250 -999.250 -999.250 -999.250 -999.250 -999.250 -999.250 -999.250 -999.250 -999.250 -999.250 -999.250 259.331 251.973 234.705 248.031 237.893 269.357 294.766 319.957 318.926 381.758 405.996 449.226 489.634 508.789 533.637 544.850 586.452 592.945 558.481 572.954 596.967 625.219 644.561 645.973 626.326 610.093 565.521 547.132 507.234 483.860 443.176 386.420 373.910 376.772 373.670 345.557 388.010 347.902 336.920 324.388 321.221 318.643 313.154 302.880 330.144 373.158 441.304 493.611 576.559 633.697 674.649 829.681
-999.250 -999.250 -999.250 -999.250 -999.250 -999.250 -999.250 -999.250 -999.250 -999.250 -999.250 279.980 253.265 235.731 228.893 226.120 223.838 232.988 262.290 299.996 356.334 373.882 438.286 473.930 503.855 531.753 589.036 587.335 582.591 568.219 617.959 592.276 606.539 639.315 649.604 625.358 602.058 580.703 554.999 521.489 507.890 486.285 487.019 455.509 474.848 468.252 464.285 445.973 447.662 427.917 386.133 353.108 342.645 344.724 343.766 340.753 355.658 395.956 443.067 483.500 559.158 612.166 657.893 769.383
-999.250 -999.250 -999.250 -999.250 -999.250 -999.250 -999.250 -999.250 -999.250 -999.250 291.441 264.541 259.483 211.572 199.989 203.881 215.144 224.253 231.168 263.785 332.885 411.918 467.045 504.020 520.096 580.850 609.985 611.173 601.140 581.176 567.685 604.688 607.686 630.010 609.072 614.686 558.845 558.686 537.052 533.732 502.319 495.569 521.646 515.238 486.874 511.312 506.848 501.335 492.250 459.360 444.429 387.798 376.370 363.735 358.443 355.981 363.328 410.249 454.073 484.526 510.577 556.264 655.375 764.993
-999.250 -999.250 -999.250 -999.250 -999.250 -999.250 -999.250 -999.250 -999.250 303.680 289.082 266.321 240.925 217.553 193.538 160.338 190.225 204.978 223.128 231.160 338.943 409.684 465.838 515.575 579.816 602.596 617.841 634.121 636.029 617.583 624.884 590.370 614.924 597.375 608.485 571.891 572.416 540.395 505.275 514.370 510.256 526.419 517.624 528.974 537.393 549.833 566.936 564.244 520.619 486.695 462.733 412.642 385.774 358.518 359.453 357.887 416.676 387.223 453.278 480.657 515.855 552.135 627.712 676.971
-999.250 -999.250 -999.250 -999.250 -999.250 361.482 358.477 340.753 333.064 306.836 263.303 256.475 239.654 202.918 171.583 157.040 173.852 197.527 216.373 262.274 334.371 409.322 458.512 524.310 623.061 639.037 642.695 643.525 625.710 622.532 607.035 625.757 616.968 583.897 562.646 538.397 503.037 495.005 493.680 502.246 483.878 484.122 499.492 536.276 559.682 573.910 619.767 578.015 517.827 494.595 454.375 457.340 420.238 399.520 384.904 373.726 348.598 416.904 440.964 438.216 466.445 506.587 546.289 598.693
-999.250 -999.250 -999.250 -999.250 -999.250 -999.250 -999.250 327.051 333.930 296.882 278.153 253.471 225.901 199.311 180.394 176.813 180.826 197.251 233.621 260.139 316.466 425.559 476.488 529.759 615.208 672.261 662.586 651.627 634.547 657.162 657.154 599.208 598.107 556.875 534.472 514.522 488.631 458.000 448.786 449.673 432.551 455.154 449.178 486.190 534.274 576.149 586.065 558.408 534.956 496.320 458.543 453.977 416.793 419.552 376.328 379.954 356.831 378.835 400.497 407.949 426.243 455.083 490.004 542.845
-999.250 -999.250 -999.250 -999.250 -999.250 -999.250 -999.250 304.137 309.013 299.810 259.711 244.462 219.718 207.298 183.761 175.770 188.477 199.483 229.276 286.863 317.148 388.503 463.610 536.680 609.263 648.158 626.348 642.714 655.629 646.541 647.212 583.377 567.566 568.605 508.227 511.625 455.899 443.810 426.393 408.664 403.283 436.063 433.455 456.311 482.329 526.417 543.310 551.833 515.707 509.752 467.123 450.611 418.458 409.327 395.666 411.100 358.889 381.001 375.895 386.313 411.122 415.713 420.770 493.449
-999.250 -999.250 -999.250 -999.250 -999.250 -999.250 -999.250 319.066 304.944 285.088 248.828 224.203 213.770 182.221 165.611 163.824 160.445 182.145 215.347 267.539 311.829 386.462 453.749 527.398 585.750 606.003 629.466 654.951 651.631 654.751 640.193 588.642 581.787 575.318 533.000 501.150 442.908 436.932 411.950 363.231 365.919 355.700 370.979 400.081 467.528 491.120 523.435 519.915 514.975 470.524 444.197 458.951 426.376 414.772 431.882 399.992 378.070 373.120 363.098 362.577 362.857 358.366 338.074 353.602
-999.250 -999.250 -999.250 -999.250 -999.250 -999.250 -999.250 306.888 263.913 256.501 216.904 210.074 204.541 181.535 155.658 146.542 151.512 172.840 199.175 234.670 289.486 342.434 424.772 460.482 559.540 603.183 610.828 622.184 659.131 631.579 583.458 559.902 563.304 532.301 531.041 472.927 438.066 396.532 354.066 297.290 266.424 258.418 296.185 336.615 422.578 459.853 467.034 475.435 473.378 484.036 466.067 464.357 447.477 439.134 423.182 386.383 338.270 326.714 299.078 332.049 302.152 287.088 265.499 263.743
-999.250 -999.250 -999.250 -999.250 -999.250 -999.250 -999.250 -999.250 240.978 215.017 202.523 200.555 194.209 167.120 148.021 140.742 145.025 164.754 197.874 235.545 276.002 333.011 431.015 458.281 511.598 551.577 598.582 614.387 643.326 576.118 573.625 567.360 534.838 513.574 488.584 472.465 444.953 363.357 323.102 269.280 199.899 184.304 228.571 269.640 360.066 394.795 444.951 474.148 458.739 464.637 449.163 448.576 425.910 431.086 422.792 370.310 321.633 316.967 271.707 271.100 249.102 241.040 223.836 213.420
-999.250 -999.250 -999.250 -999.250 -999.250 -999.250 -999.250 -999.250 239.156 197.254 221.325 217.341 200.274 170.390 142.746 111.483 138.386 165.543 193.036 218.092 248.664 314.992 391.038 451.614 499.636 530.773 610.480 619.591 590.753 591.000 576.674 570.174 501.938 495.674 472.242 449.854 431.919 344.658 306.313 223.976 151.850 70.832 166.874 256.330 310.579 350.816 398.064 430.827 439.013 442.695 434.869 432.707 392.511 394.943 376.201 336.122 312.494 301.585 258.090 239.875 213.067 191.726 181.205 151.537
-999.250 -999.250 -999.250 -999.250 -999.250 -999.250 -999.250 282.667 275.084 239.694 248.649 233.752 236.173 195.981 187.975 157.831 162.169 175.118 178.716 208.019 234.028 295.742 360.412 461.810 486.276 520.578 552.689 595.778 597.862 607.743 582.715 569.469 527.609 512.419 465.080 436.556 377.911 341.626 295.063 218.961 158.848 140.427 171.890 232.945 263.757 334.344 337.060 382.591 394.637 412.446 407.177 390.788 360.079 347.748 358.217 324.936 288.368 266.880 249.047 226.171 179.593 161.531 146.131 123.414
-999.250 -999.250 -999.250 -999.250 -999.250 -999.250 -999.250 305.501 285.013 290.678 281.688 277.693 251.668 239.050 210.337 201.984 197.145 198.339 203.291 210.488 190.156 271.109 354.891 466.419 519.524 530.748 575.827 588.897 605.951 579.742 581.886 561.381 510.326 487.645 463.746 425.024 383.164 337.353 310.582 238.327 198.666 191.617 198.476 231.773 266.338 306.688 332.120 365.418 389.008 393.849 378.903 398.630 328.772 313.852 299.376 294.096 251.757 234.552 209.321 186.978 160.835 145.062 135.212 116.628
-999.250 -999.250 -999.250 -999.250 -999.250 -999.250 -999.250 341.674 344.343 323.430 320.115 307.846 279.005 266.208 266.934 248.028 249.912 249.358 271.165 266.839 275.547 336.227 411.968 481.779 543.183 577.408 605.117 577.443 575.961 596.105 575.613 536.355 493.998 467.500 454.436 398.278 362.178 352.454 297.170 253.406 228.327 204.356 210.047 238.518 274.855 292.333 327.203 344.544 327.381 347.713 358.287 345.538 303.981 312.113 289.502 260.681 243.934 210.304 190.894 169.278 148.412 130.185 119.113 111.708
-999.250 -999.250 -999.250 -999.250 -999.250 -999.250 -999.250 365.444 382.600 378.171 372.420 351.447 318.197 339.321 313.267 317.976 301.429 308.433 310.015 324.164 373.715 413.628 466.448 500.606 567.037 613.152 613.533 570.107 601.817 578.728 538.609 512.916 469.200 461.422 437.105 406.901 358.641 320.881 318.509 268.813 241.234 220.470 227.400 236.122 269.688 294.354 320.590 325.880 318.150 332.671 328.695 327.505 307.195 281.655 243.581 228.085 217.125 196.947 188.480 156.185 153.381 132.546 126.588 111.552
-999.250 -999.250 -999.250 -999.250 -999.250 -999.250 395.642 435.054 432.973 444.877 429.550 424.393 407.950 396.481 373.135 366.178 356.982 347.764 366.760 400.118 435.840 476.229 496.138 530.776 573.424 599.175 632.822 607.373 607.025 556.619 521.455 461.351 464.637 456.440 443.479 397.165 376.548 322.422 307.701 270.957 253.140 242.762 242.599 252.176 265.079 289.369 288.950 294.798 295.023 319.421 310.335 308.511 281.531 250.165 225.938 233.645 207.099 185.378 160.376 161.158 148.893 132.274 129.912 125.981
-999.250 -999.250 -999.250 -999.250 -999.250 -999.250 397.717 419.611 442.122 458.047 456.077 456.546 465.701 443.004 426.913 412.931 413.091 381.865 443.825 457.867 470.962 473.468 504.233 540.646 609.322 652.300 645.403 666.756 623.524 588.121 554.194 480.311 470.411 444.072 437.573 387.220 353.249 322.608 289.598 263.575 273.653 249.606 268.650 260.292 263.756 273.549 301.416 283.421 311.384 291.282 287.074 289.512 249.333 241.840 231.482 212.363 201.204 179.651 163.584 150.547 137.109 131.206 125.727 120.710
-999.250 -999.250 -999.250 -999.250 -999.250 427.854 441.487 437.127 465.656 465.020 480.637 489.862 486.019 462.044 452.755 436.467 426.561 429.193 470.547 478.435 478.349 490.813 512.227 571.281 630.977 670.757 664.281 691.143 648.302 598.939 550.767 499.877 454.401 429.877 417.700 352.930 335.537 326.675 282.634 267.381 271.158 250.093 251.073 259.602 272.794 268.487 275.993 284.070 282.056 274.607 259.725 253.957 232.050 224.031 223.103 202.477 192.158 162.854 154.768 130.370 135.199 127.356 122.319 125.957
-999.250 -999.250 -999.250 -999.250 -999.250 440.916 442.190 470.845 463.017 506.827 502.225 519.547 493.144 490.797 470.944 454.035 463.125 466.282 462.150 463.216 500.779 514.908 566.040 610.044 627.163 632.025 646.578 669.093 648.443 610.714 537.188 474.794 443.435 424.512 361.731 330.055 306.148 308.688 269.075 242.613 256.820 250.061 248.216 248.920 256.589 264.677 258.740 295.793 287.472 250.113 252.972 235.444 227.690 209.358 217.115 200.213 179.462 167.830 153.226 141.362 134.892 138.382 132.040 129.981
-999.250 -999.250 -999.250 -999.250 421.280 454.644 447.592 461.358 471.382 489.682 506.703 516.160 497.288 488.448 478.626 458.091 487.894 470.040 482.242 470.769 503.697 522.014 569.065 584.141 638.744 636.301 655.065 654.303 606.205 598.202 531.773 473.307 433.290 418.683 359.887 315.307 281.957 263.626 238.149 248.661 246.237 239.485 239.285 242.918 256.418 256.764 238.702 264.767 251.547 229.785 228.475 217.939 224.606 202.923 204.103 194.821 181.000 153.953 141.595 140.453 148.405 133.758 133.322 142.836
-999.250 -999.250 -999.250 -999.250 440.071 437.743 459.452 468.685 476.232 493.926 474.889 490.324 484.069 479.808 462.477 449.834 480.351 463.919 455.818 473.482 500.632 519.945 538.000 592.650 600.949 632.308 629.850 623.938 607.659 581.069 507.277 461.068 409.673 344.630 319.874 273.731 255.529 243.517 244.384 227.494 235.404 248.403 236.045 245.464 253.402 245.894 244.036 229.417 240.717 234.446 213.553 205.434 190.007 195.325 194.696 178.804 157.454 152.561 146.024 138.398 136.485 140.621 142.582 144.014
-999.250 -999.250 -999.250 -999.250 444.524 467.751 449.392 464.484 474.997 469.530 470.615 473.151 464.332 477.668 486.822 455.720 433.231 439.267 428.231 414.958 467.825 473.248 526.599 567.004 592.650 605.337 603.306 599.743 587.825 574.842 491.210 460.471 412.620 334.316 293.971 245.134 218.505 227.220 224.104 238.646 223.289 228.382 230.434 233.683 242.119 242.107 236.371 235.663 235.309 225.586 216.758 195.670 187.619 185.391 180.526 169.701 162.627 150.579 149.781 148.917 132.865 139.890 141.305 148.279
-999.250 -999.250 -999.250 -999.250 449.076 418.898 435.824 455.822 450.812 456.532 473.355 458.750 467.860 464.014 440.155 415.148 416.697 376.133 373.769 356.456 416.400 445.734 492.034 523.966 512.678 541.003 545.595 557.552 526.997 490.565 456.403 442.069 366.364 311.412 263.266 206.621 221.832 214.870 227.872 234.359 234.679 238.006 228.663 243.450 241.339 239.367 239.909 225.512 220.429 213.757 210.030 187.165 189.403 167.621 174.334 158.406 171.122 152.996 152.894 145.295 138.439 148.119 145.819 152.769
-999.250 -999.250 -999.250 -999.250 410.451 407.688 451.670 455.189 473.172 480.385 457.713 466.647 442.179 426.597 403.697 380.600 347.385 329.591 326.207 303.175 347.680 417.531 456.209 481.961 506.360 509.008 508.129 505.332 506.537 480.015 467.698 423.209 365.488 326.081 252.671 247.420 231.778 222.175 226.826 225.503 225.929 227.460 225.128 221.264 214.340 220.249 221.573 215.451 218.728 211.329 207.121 201.111 187.289 163.536 155.751 169.895 174.511 155.377 152.041 146.029 144.377 159.988 152.639 160.153
