data/medianmodel_04-Jul-2020.asc
ncols	141
nrows	288
xllcorner	-120191.398
yllcorner	-301404.813
cellsize	2000.000
NODATA_value	-999.250
[rows 124 to 154 of 288, columns 0 to 68 of 141]
-999.250 -999.250 -999.250 -999.250 -999.250 -999.250 -999.250 -999.250 -999.250 -999.250 -999.250 -999.250 -999.250 -999.250 -999.250 -999.250 -999.250 -999.250 -999.250 -999.250 -999.250 -999.250 -999.250 -999.250 7.216 6.816 6.602 6.052 9.856 8.662 10.214 11.593 9.270 13.816 14.222 13.112 12.996 12.533 12.024 8.010 2.839 0.000 0.000 0.000 0.000 0.000 0.000 9.248 25.130 48.559 90.650 118.336 140.363 172.951 179.673 148.198 114.688 76.172 44.269 21.487 11.608 4.552 0.000 0.000 0.000 0.000 0.000 4.479 4.259
-999.250 -999.250 -999.250 -999.250 -999.250 -999.250 -999.250 -999.250 -999.250 -999.250 -999.250 -999.250 -999.250 -999.250 -999.250 -999.250 -999.250 -999.250 -999.250 -999.250 -999.250 -999.250 -999.250 -999.250 8.103 6.910 5.954 6.747 9.104 11.057 13.570 13.936 14.205 15.612 14.792 12.730 12.345 12.704 12.149 9.354 4.386 0.052 0.000 0.000 0.000 0.000 0.091 11.269 26.402 54.085 87.744 134.553 158.074 196.875 251.437 184.627 135.134 98.343 52.528 29.510 15.526 6.989 0.000 0.000 0.000 0.000 0.000 2.310 3.158
-999.250 -999.250 -999.250 -999.250 -999.250 -999.250 -999.250 -999.250 -999.250 -999.250 -999.250 -999.250 -999.250 -999.250 -999.250 -999.250 -999.250 -999.250 -999.250 -999.250 -999.250 -999.250 -999.250 8.398 8.626 9.104 7.900 9.498 8.763 10.867 13.018 14.553 14.972 16.598 13.567 13.705 12.032 12.957 11.171 8.989 6.242 0.235 0.000 0.000 0.000 0.000 0.000 9.358 22.285 53.236 90.694 127.625 153.129 183.783 191.419 176.164 146.963 111.841 66.526 40.037 16.521 7.945 0.000 0.000 0.000 0.000 0.000 0.000 0.049
-999.250 -999.250 -999.250 -999.250 -999.250 -999.250 -999.250 -999.250 -999.250 -999.250 -999.250 -999.250 -999.250 -999.250 -999.250 -999.250 -999.250 -999.250 -999.250 -999.250 -999.250 -999.250 -999.250 7.343 7.557 7.638 10.669 10.744 10.261 11.688 12.850 13.490 15.024 17.416 14.233 13.579 12.752 13.111 12.235 11.872 6.456 1.596 0.000 0.000 0.000 0.000 0.000 1.167 14.787 39.352 72.296 108.568 146.199 173.679 174.849 161.655 143.392 120.256 82.300 37.829 19.119 10.354 0.000 0.000 0.000 0.000 0.000 0.000 0.000
-999.250 -999.250 -999.250 -999.250 -999.250 -999.250 -999.250 -999.250 -999.250 -999.250 -999.250 -999.250 -999.250 -999.250 -999.250 -999.250 -999.250 -999.250 -999.250 -999.250 -999.250 -999.250 -999.250 8.069 7.252 7.662 8.286 9.127 11.259 12.712 13.392 15.011 16.000 14.351 16.451 14.781 14.364 12.801 12.583 12.498 10.342 6.283 0.000 0.000 0.000 0.000 0.000 0.000 0.000 26.232 63.713 94.823 127.020 137.980 140.052 132.859 129.563 107.518 75.907 38.615 19.693 9.841 0.000 0.000 0.000 0.000 0.000 0.000 0.000
-999.250 -999.250 -999.250 -999.250 -999.250 -999.250 -999.250 -999.250 -999.250 -999.250 -999.250 -999.250 -999.250 -999.250 -999.250 -999.250 -999.250 -999.250 -999.250 -999.250 -999.250 -999.250 6.495 9.576 9.649 9.536 9.502 10.663 12.117 14.070 14.843 13.798 13.214 15.836 15.733 16.383 15.978 15.518 16.596 15.151 13.190 10.252 6.290 1.971 0.000 0.000 0.000 0.000 0.851 17.090 37.963 78.875 103.604 119.174 128.609 121.871 112.980 84.618 61.050 36.342 19.006 8.566 0.000 0.000 0.000 0.000 0.000 0.000 0.000
-999.250 -999.250 -999.250 -999.250 -999.250 -999.250 -999.250 -999.250 -999.250 -999.250 -999.250 -999.250 -999.250 -999.250 -999.250 -999.250 -999.250 -999.250 -999.250 -999.250 -999.250 -999.250 7.979 8.483 10.565 10.329 7.909 9.570 10.676 15.629 17.308 14.303 15.383 15.068 18.129 21.989 19.517 16.551 19.634 20.643 18.377 15.994 12.059 5.946 0.638 0.000 0.000 0.000 1.582 14.033 28.985 51.881 78.511 95.689 91.701 88.709 74.372 69.529 40.461 29.705 14.633 8.359 1.617 0.000 0.000 0.000 0.000 0.000 0.000
-999.250 -999.250 -999.250 -999.250 -999.250 -999.250 -999.250 -999.250 -999.250 -999.250 -999.250 -999.250 -999.250 -999.250 -999.250 -999.250 -999.250 -999.250 -999.250 -999.250 -999.250 8.410 8.131 9.597 12.984 8.527 6.168 8.061 9.685 14.159 24.747 17.046 14.002 16.860 22.201 25.319 19.330 21.199 23.830 26.136 29.583 27.010 15.678 11.905 4.980 0.675 0.000 0.000 3.260 10.479 21.877 39.082 57.728 63.434 62.663 59.377 62.815 39.869 30.333 19.701 14.370 6.607 0.097 0.000 0.000 0.000 0.000 0.000 0.000
-999.250 -999.250 -999.250 -999.250 -999.250 -999.250 -999.250 -999.250 -999.250 -999.250 -999.250 -999.250 -999.250 -999.250 -999.250 -999.250 -999.250 -999.250 -999.250 -999.250 -999.250 6.063 7.493 5.936 9.158 8.082 5.484 6.117 8.206 12.509 13.903 14.411 13.934 15.893 21.543 24.083 24.589 29.089 31.814 41.292 37.431 32.659 29.214 18.389 11.333 7.623 2.068 0.342 1.934 8.407 15.414 21.822 34.905 39.078 45.873 48.655 34.766 30.333 18.612 14.174 7.573 2.961 0.000 0.000 0.000 0.000 0.000 0.000 0.000
-999.250 -999.250 -999.250 -999.250 -999.250 -999.250 -999.250 -999.250 -999.250 -999.250 -999.250 -999.250 -999.250 -999.250 -999.250 -999.250 -999.250 -999.250 -999.250 -999.250 -999.250 4.329 4.653 5.014 4.039 5.659 1.953 2.184 4.921 8.582 9.237 11.607 13.214 16.265 19.567 26.861 33.090 34.695 44.373 46.425 53.183 43.290 37.669 23.345 16.499 11.347 6.064 0.693 2.402 8.033 9.796 16.555 21.462 28.603 27.286 23.723 20.257 17.863 14.107 9.421 4.353 0.294 0.000 0.000 0.000 0.000 0.000 0.000 0.000
-999.250 -999.250 -999.250 -999.250 -999.250 -999.250 -999.250 -999.250 -999.250 -999.250 -999.250 -999.250 -999.250 -999.250 -999.250 -999.250 -999.250 -999.250 -999.250 -999.250 4.907 3.297 2.872 1.912 1.693 1.646 0.051 0.638 3.349 3.319 5.539 9.706 11.557 14.477 19.263 29.639 34.580 41.081 64.299 71.132 65.347 63.478 50.438 34.536 25.092 14.690 9.892 3.101 1.933 1.659 6.472 10.795 12.564 14.835 16.358 13.310 14.413 11.502 9.899 8.194 3.263 0.000 0.000 0.000 0.000 0.000 0.000 0.000 0.000
-999.250 -999.250 -999.250 -999.250 -999.250 -999.250 -999.250 -999.250 -999.250 -999.250 -999.250 -999.250 -999.250 -999.250 -999.250 -999.250 -999.250 -999.250 -999.250 -999.250 4.213 0.891 0.522 0.000 0.000 0.000 0.000 0.000 0.000 0.000 2.451 5.621 11.282 17.511 23.190 29.756 39.962 61.546 71.517 80.019 75.665 75.444 55.494 40.852 30.498 17.722 10.013 4.015 0.991 0.000 0.000 2.223 3.474 5.913 7.543 9.844 9.679 7.754 5.681 4.854 0.000 0.000 0.000 0.000 0.000 0.000 0.000 0.000 0.000
-999.250 -999.250 -999.250 -999.250 -999.250 -999.250 -999.250 -999.250 -999.250 -999.250 -999.250 -999.250 -999.250 -999.250 -999.250 -999.250 -999.250 -999.250 -999.250 -999.250 0.689 0.000 0.000 0.000 0.000 0.000 0.000 0.000 0.000 0.000 0.000 3.068 10.156 12.681 22.038 30.071 44.589 64.059 75.045 82.912 85.709 82.311 63.294 52.477 31.339 16.567 12.299 2.794 0.000 0.000 0.000 0.000 0.000 0.083 2.082 4.055 3.783 2.578 1.459 0.000 0.000 0.000 0.000 0.000 0.000 0.000 0.000 0.000 0.000
-999.250 -999.250 -999.250 -999.250 -999.250 -999.250 -999.250 -999.250 -999.250 -999.250 -999.250 -999.250 -999.250 -999.250 -999.250 -999.250 -999.250 -999.250 -999.250 -999.250 0.000 0.000 0.000 0.000 0.000 0.000 0.000 0.000 0.000 0.000 0.000 2.823 8.464 13.426 16.000 24.479 37.912 62.356 77.698 85.849 106.712 84.917 69.744 46.480 33.821 18.413 11.715 4.751 0.000 0.000 0.000 0.000 0.000 0.000 0.000 1.139 0.000 0.000 0.000 0.000 0.000 0.000 0.000 0.000 0.000 0.000 0.000 0.000 0.000
-999.250 -999.250 -999.250 -999.250 -999.250 -999.250 -999.250 -999.250 -999.250 -999.250 -999.250 -999.250 -999.250 -999.250 -999.250 -999.250 -999.250 -999.250 -999.250 0.000 0.000 0.000 0.000 0.000 0.000 0.000 0.000 0.000 0.000 2.286 5.206 5.153 9.081 13.150 16.850 25.000 35.441 58.731 73.709 81.355 77.027 72.284 62.266 51.276 32.110 18.516 10.773 4.647 0.000 0.000 0.000 0.000 0.000 0.000 0.000 0.000 0.000 0.000 0.000 0.000 0.000 0.000 1.157 1.067 0.324 1.084 0.291 0.000 0.000
-999.250 -999.250 -999.250 -999.250 -999.250 -999.250 -999.250 -999.250 -999.250 -999.250 -999.250 -999.250 -999.250 -999.250 -999.250 -999.250 -999.250 -999.250 -999.250 0.000 0.000 0.000 0.000 0.000 0.000 0.000 1.713 3.416 6.546 9.016 12.618 12.005 10.279 15.145 18.778 23.222 31.175 56.964 64.705 72.211 70.268 67.611 48.819 32.906 26.084 18.764 12.296 4.790 0.000 0.000 0.000 0.000 0.000 0.000 0.000 0.000 0.000 0.284 2.858 2.385 2.969 2.729 3.605 2.723 2.593 3.932 2.475 0.337 0.090
-999.250 -999.250 -999.250 -999.250 -999.250 -999.250 -999.250 -999.250 -999.250 -999.250 -999.250 -999.250 -999.250 -999.250 -999.250 -999.250 -999.250 -999.250 -999.250 0.000 0.000 0.000 0.000 0.000 0.423 2.149 4.108 6.759 9.384 14.723 25.779 16.705 14.648 16.124 17.009 25.108 28.210 47.262 57.525 57.779 55.322 47.855 37.584 25.845 20.330 13.098 10.479 4.589 0.000 0.000 0.000 0.000 0.000 0.000 0.000 0.000 2.220 3.980 6.687 8.070 6.411 6.571 6.322 6.231 6.113 5.736 5.105 3.568 1.105
-999.250 -999.250 -999.250 -999.250 -999.250 -999.250 -999.250 -999.250 -999.250 -999.250 -999.250 -999.250 -999.250 -999.250 -999.250 -999.250 -999.250 -999.250 -999.250 0.937 0.000 0.000 0.408 2.250 3.057 2.712 5.704 9.783 12.066 14.853 20.489 18.588 14.913 16.200 17.069 23.857 27.450 29.440 40.910 40.266 41.556 41.650 30.466 20.500 15.081 12.999 8.665 1.978 0.000 0.000 0.000 0.000 0.000 0.000 0.000 1.985 4.190 5.878 9.800 11.242 10.640 10.272 8.645 10.936 9.242 7.725 4.642 3.823 3.185
-999.250 -999.250 -999.250 -999.250 -999.250 -999.250 -999.250 -999.250 -999.250 -999.250 -999.250 -999.250 -999.250 -999.250 -999.250 -999.250 -999.250 -999.250 -999.250 4.461 4.439 4.447 7.033 8.329 8.687 8.541 7.808 11.960 12.276 13.215 16.399 16.008 14.440 15.242 13.176 15.136 19.004 23.227 28.303 27.057 29.982 34.497 23.605 17.637 15.084 8.926 4.374 0.000 0.000 0.000 0.000 0.000 0.000 0.000 1.577 3.650 5.795 9.187 13.068 13.075 13.558 11.605 11.844 12.945 15.957 9.416 7.665 5.450 1.426
-999.250 -999.250 -999.250 -999.250 -999.250 -999.250 -999.250 -999.250 -999.250 -999.250 -999.250 -999.250 -999.250 -999.250 -999.250 -999.250 -999.250 -999.250 10.402 9.942 8.340 9.914 11.928 16.805 13.054 11.379 10.709 13.243 13.646 13.998 12.939 13.012 14.586 10.529 10.532 10.230 14.729 16.785 18.011 17.296 18.577 22.713 18.501 15.255 11.370 7.104 2.244 0.000 0.000 0.000 0.000 0.000 0.000 0.000 0.241 4.535 7.588 12.200 15.413 19.538 16.573 15.283 11.952 12.373 13.001 9.486 5.657 4.015 2.509
-999.250 -999.250 -999.250 -999.250 -999.250 -999.250 -999.250 -999.250 -999.250 -999.250 -999.250 -999.250 -999.250 -999.250 -999.250 -999.250 -999.250 16.076 15.591 13.403 10.872 12.377 14.664 16.246 15.133 12.775 11.575 12.433 12.200 10.825 11.551 14.367 12.316 11.355 9.539 9.658 8.011 12.327 12.500 13.989 15.159 16.632 12.348 11.674 8.980 5.646 1.686 0.000 0.000 0.000 0.000 0.000 0.000 0.000 0.714 5.604 7.914 13.002 16.785 26.731 18.418 14.928 12.185 10.631 11.085 5.476 3.643 2.344 1.486
-999.250 -999.250 -999.250 -999.250 -999.250 -999.250 -999.250 -999.250 -999.250 -999.250 -999.250 -999.250 -999.250 -999.250 -999.250 -999.250 -999.250 26.318 20.595 15.926 13.863 15.635 15.546 15.954 15.778 13.063 14.335 12.184 14.121 11.905 11.525 10.275 9.044 7.885 6.086 5.582 5.395 7.780 10.327 11.201 11.881 12.915 13.358 12.377 10.246 5.944 3.564 2.567 0.000 0.000 0.000 0.000 0.000 0.000 1.049 3.869 7.487 13.244 16.141 17.909 15.631 12.772 12.531 9.747 10.195 4.867 3.342 0.215 0.000
-999.250 -999.250 -999.250 -999.250 -999.250 -999.250 -999.250 -999.250 -999.250 -999.250 -999.250 -999.250 -999.250 -999.250 -999.250 45.805 38.771 28.494 26.790 24.335 24.764 18.434 19.017 17.408 15.330 13.453 12.706 11.183 9.730 12.157 11.040 8.739 7.108 6.096 5.793 2.655 2.196 2.332 4.807 7.776 9.684 14.313 11.845 12.797 9.239 6.958 6.887 5.313 3.227 0.033 0.000 0.000 0.000 0.000 0.414 3.758 7.931 14.233 13.418 13.940 13.783 12.164 10.520 10.655 8.326 6.121 3.441 0.099 0.000
-999.250 -999.250 -999.250 -999.250 -999.250 -999.250 -999.250 -999.250 -999.250 -999.250 -999.250 -999.250 -999.250 -999.250 49.681 49.211 45.807 39.020 35.068 36.643 33.147 25.703 21.190 20.112 17.571 15.428 13.613 10.559 10.685 8.636 6.858 6.504 5.271 4.243 1.851 0.000 0.000 0.000 1.569 3.505 4.706 7.874 10.727 9.236 11.084 10.311 10.524 8.390 5.384 1.198 0.000 0.000 0.000 0.000 0.000 4.005 7.046 8.824 11.273 11.220 11.891 9.832 10.274 7.763 5.067 4.277 1.043 0.000 0.000
-999.250 -999.250 -999.250 -999.250 -999.250 -999.250 -999.250 -999.250 -999.250 -999.250 -999.250 -999.250 -999.250 -999.250 55.927 52.375 50.621 59.573 44.900 46.665 42.509 31.455 24.483 23.154 19.061 14.041 11.915 7.869 8.288 8.895 4.803 5.256 3.155 2.114 0.000 0.000 0.000 0.000 0.000 1.550 2.828 5.763 5.774 9.451 12.728 13.916 13.202 13.403 7.339 2.993 0.679 0.000 0.000 0.000 0.000 2.760 3.973 6.973 8.990 8.809 7.731 8.283 8.601 5.659 4.612 1.644 0.000 0.000 0.000
-999.250 -999.250 -999.250 -999.250 -999.250 -999.250 -999.250 -999.250 -999.250 -999.250 -999.250 -999.250 -999.250 69.182 72.580 67.718 70.161 69.077 60.804 50.356 46.043 46.456 28.946 25.692 20.279 15.218 9.264 8.387 6.101 6.877 5.174 3.297 2.619 1.413 0.000 0.000 0.000 0.000 0.000 0.000 2.719 4.111 6.400 9.926 11.620 12.207 13.140 9.639 5.995 1.922 0.000 0.000 0.000 0.000 0.000 1.468 1.624 4.417 6.997 9.225 6.111 7.146 6.380 4.440 3.143 0.770 0.000 0.000 0.000
-999.250 -999.250 -999.250 -999.250 -999.250 -999.250 -999.250 -999.250 -999.250 -999.250 -999.250 -999.250 63.576 75.892 72.721 74.570 75.664 72.090 80.923 64.520 63.795 48.446 38.838 30.842 23.941 14.378 8.168 6.415 5.973 4.275 3.162 4.304 2.466 0.000 0.000 0.000 0.000 0.000 0.000 0.000 2.136 2.961 6.309 8.869 11.967 14.024 12.472 7.845 4.165 1.068 0.000 0.000 0.000 0.000 0.000 0.000 0.047 2.774 6.652 7.336 6.111 6.209 4.634 1.733 1.230 0.179 0.000 0.000 0.000
-999.250 -999.250 -999.250 -999.250 -999.250 -999.250 -999.250 -999.250 -999.250 -999.250 -999.250 63.913 75.676 74.828 79.292 85.314 72.168 75.439 77.257 81.990 65.166 61.776 52.445 27.152 20.572 14.177 6.895 6.784 3.988 2.760 0.249 2.311 4.041 2.262 1.577 0.007 0.686 2.925 1.360 3.034 3.046 5.122 7.125 9.200 13.084 18.730 10.970 6.873 3.460 0.212 0.000 0.000 0.000 0.000 0.000 0.000 0.000 0.588 2.346 3.616 3.398 3.256 1.689 0.632 0.000 0.000 0.000 0.000 0.000
-999.250 -999.250 -999.250 -999.250 -999.250 -999.250 -999.250 -999.250 -999.250 -999.250 67.126 67.392 74.011 79.244 78.442 84.424 80.441 84.282 82.560 85.945 71.612 66.249 44.857 30.678 16.642 10.876 4.898 2.389 1.532 0.386 0.000 0.175 3.657 3.632 4.814 3.063 2.813 3.680 2.888 4.724 4.656 6.417 4.860 7.680 11.395 10.417 8.263 3.650 0.023 0.000 0.000 0.000 0.000 0.000 0.000 0.000 0.000 0.337 2.081 2.351 0.962 1.663 0.000 0.746 0.000 0.000 0.000 0.000 0.000
-999.250 -999.250 -999.250 -999.250 -999.250 -999.250 -999.250 -999.250 -999.250 67.070 64.747 62.509 76.234 77.863 78.670 84.388 78.563 84.271 88.850 102.096 77.992 56.315 40.025 24.072 15.784 9.043 4.672 2.624 0.000 0.000 0.000 2.316 5.008 6.856 8.410 8.215 6.319 5.601 5.926 6.045 6.441 7.404 7.295 5.985 7.053 4.034 3.063 0.000 0.000 0.000 0.000 0.000 0.000 0.000 0.000 0.000 0.000 0.000 0.000 1.024 0.011 0.544 0.000 0.000 0.000 0.000 0.000 0.000 0.000
-999.250 -999.250 -999.250 -999.250 -999.250 66.049 75.469 79.431 56.846 62.657 61.497 57.170 69.155 71.182 67.312 72.219 73.902 76.940 74.988 86.798 73.153 55.131 35.320 22.683 13.426 5.968 4.070 0.060 0.000 0.000 0.990 3.606 6.709 10.778 12.933 10.592 9.419 10.585 8.479 8.603 6.130 7.856 6.061 7.059 4.409 1.397 0.000 0.000 0.000 0.000 0.000 0.000 0.000 0.000 0.000 0.000 0.000 0.000 0.000 0.000 0.057 0.390 0.066 0.000 0.000 0.000 0.000 0.000 0.000
