data/medianmodel_03-Feb-2021.asc
ncols	141
nrows	288
xllcorner	-120191.398
yllcorner	-301404.813
cellsize	2000.000
NODATA_value	-999.250
[rows 196 to 223 of 288, columns 0 to 62 of 141]
-999.250 -999.250 -999.250 -999.250 -999.250 -999.250 -999.250 -999.250 -999.250 -999.250 -999.250 -999.250 -999.250 1986.129 1980.757 2036.671 2085.802 2145.918 2171.211 2162.072 2153.914 2152.847 2244.760 2255.613 2294.012 2423.671 2409.592 2401.465 2458.745 2372.883 2307.208 2259.209 2180.930 2155.006 2049.045 1979.559 1960.905 1810.191 1792.436 1644.659 1496.594 1391.561 1341.937 1303.322 1271.239 1221.495 1143.155 1076.331 1106.444 1063.372 1059.566 1092.946 1096.606 1038.757 1036.528 1062.536 1065.682 1061.105 1041.178 1024.028 1029.780 970.687 968.904
-999.250 -999.250 -999.250 -999.250 -999.250 -999.250 -999.250 -999.250 -999.250 -999.250 -999.250 -999.250 -999.250 1991.115 2007.276 2075.845 2131.055 2196.254 2238.776 2252.447 2249.833 2280.584 2317.860 2392.424 2428.587 2531.833 2493.624 2507.472 2488.717 2444.205 2393.129 2285.955 2236.822 2198.991 2066.746 2016.508 2004.420 1919.643 1746.032 1716.741 1667.280 1492.060 1410.336 1354.413 1328.240 1270.711 1295.577 1148.979 1109.416 1128.461 1104.835 1086.534 1063.427 1084.944 1064.184 1024.623 1030.903 1017.323 1022.250 1028.749 984.287 967.728 981.558
-999.250 -999.250 -999.250 -999.250 -999.250 -999.250 -999.250 -999.250 -999.250 -999.250 -999.250 -999.250 -999.250 2002.230 2010.324 2024.196 2122.297 2196.829 2300.605 2275.068 2279.299 2382.720 2384.587 2387.591 2496.947 2562.797 2582.109 2543.020 2597.367 2556.911 2448.989 2352.536 2306.049 2251.084 2166.232 2084.355 2026.655 1928.372 1794.251 1785.023 1758.118 1522.271 1461.780 1371.254 1357.399 1321.162 1301.788 1205.199 1178.742 1176.372 1104.887 1097.890 1133.001 1055.425 1054.934 1012.382 1013.314 1022.394 1017.844 1054.337 1005.707 960.389 944.326
-999.250 -999.250 -999.250 -999.250 -999.250 -999.250 -999.250 -999.250 -999.250 -999.250 -999.250 -999.250 -999.250 -999.250 2058.699 2081.250 2183.479 2303.566 2381.503 2358.676 2448.802 2383.053 2443.987 2509.476 2483.398 2548.554 2715.052 2664.441 2749.255 2494.813 2435.608 2434.960 2369.293 2307.698 2197.306 2187.833 2113.226 1962.194 1913.809 1881.183 1799.017 1629.090 1530.545 1456.754 1438.702 1351.467 1347.785 1327.670 1192.054 1240.944 1172.589 1172.297 1171.190 1085.802 1071.678 1072.711 1002.725 1061.339 1025.750 1039.842 992.018 959.958 922.287
-999.250 -999.250 -999.250 -999.250 -999.250 -999.250 -999.250 -999.250 -999.250 -999.250 -999.250 -999.250 -999.250 -999.250 2066.532 2124.303 2212.849 2311.696 2343.129 2335.823 2378.037 2377.123 2421.154 2499.894 2582.874 2557.161 2733.747 2784.325 2954.155 2681.213 2507.700 2427.524 2444.392 2422.641 2269.497 2176.216 2118.627 2042.169 2020.949 1901.938 1827.216 1744.442 1594.428 1494.129 1498.907 1457.526 1398.576 1386.118 1295.762 1277.546 1250.580 1164.623 1170.538 1090.281 1131.646 1057.305 1061.284 1009.692 1043.737 1003.127 1005.739 965.377 931.095
-999.250 -999.250 -999.250 -999.250 -999.250 -999.250 -999.250 -999.250 -999.250 -999.250 -999.250 -999.250 -999.250 -999.250 2148.305 2166.627 2269.210 2284.579 2378.656 2390.355 2440.022 2437.921 2449.868 2505.739 2532.126 2618.191 2628.904 2903.227 2769.850 2642.608 2517.067 2482.051 2438.353 2414.946 2323.678 2251.967 2165.645 2066.431 2003.365 1998.374 1888.441 1707.132 1651.570 1617.630 1620.888 1478.713 1452.132 1369.225 1327.895 1293.646 1198.110 1194.238 1165.667 1143.937 1099.760 1050.755 988.173 995.961 987.422 972.155 959.833 920.048 935.554
-999.250 -999.250 -999.250 -999.250 -999.250 -999.250 -999.250 -999.250 -999.250 -999.250 -999.250 -999.250 -999.250 -999.250 2200.502 2183.588 2236.484 2291.971 2391.898 2355.058 2429.463 2430.016 2342.311 2389.644 2495.072 -999.250 2712.401 2743.304 2688.365 2584.828 2587.732 2531.779 2470.568 2412.560 2215.558 2196.904 2154.544 2082.387 2036.331 1980.563 1900.458 1803.945 1761.728 1671.219 1580.529 1525.364 1473.831 1401.889 1365.555 1364.523 1295.410 1265.576 1139.391 1170.556 1124.205 1112.245 1045.605 1018.123 979.414 957.537 945.185 947.159 926.749
-999.250 -999.250 -999.250 -999.250 -999.250 -999.250 -999.250 -999.250 -999.250 -999.250 -999.250 -999.250 -999.250 -999.250 2197.479 2236.640 2326.256 2259.607 2420.165 2419.790 2456.190 2458.165 2391.499 -999.250 -999.250 -999.250 2530.857 2597.023 2598.131 2573.083 2493.781 2465.320 2406.630 2408.359 2182.478 2211.041 2180.214 2066.929 1998.242 1951.171 1922.812 1772.915 1726.746 1677.182 1609.827 1557.580 1496.280 1441.086 1390.682 1384.614 1333.325 1279.238 1236.547 1209.880 1136.769 1088.634 1068.941 1030.372 1004.990 967.485 938.943 944.398 912.271
-999.250 -999.250 -999.250 -999.250 -999.250 -999.250 -999.250 -999.250 -999.250 -999.250 -999.250 -999.250 -999.250 2164.338 2208.406 2286.099 2272.546 2298.323 2393.874 2383.639 2454.230 2476.953 -999.250 -999.250 -999.250 -999.250 -999.250 2544.296 2540.018 2466.167 2467.437 2562.776 2344.034 2352.124 2273.601 2164.425 2176.604 2085.832 2051.293 2006.186 1953.905 1881.384 1865.692 1762.310 1703.873 1622.999 1645.231 1549.206 1534.368 1388.735 1351.370 1286.896 1295.558 1161.344 1168.070 1101.732 1031.573 1011.610 993.000 958.208 968.608 952.142 905.715
-999.250 -999.250 -999.250 -999.250 -999.250 -999.250 -999.250 -999.250 -999.250 -999.250 -999.250 -999.250 -999.250 2123.343 2143.749 2236.575 2256.180 2292.319 2347.555 2301.044 -999.250 -999.250 -999.250 -999.250 -999.250 -999.250 -999.250 -999.250 2380.206 2335.999 2411.320 2470.986 2343.663 2280.540 2217.498 2152.772 2100.530 2062.829 2122.006 2025.969 2012.007 1963.871 1880.481 1926.973 1860.967 1781.778 1680.338 1674.391 1567.109 1447.513 1399.798 1287.565 1267.584 1276.386 1215.245 1173.409 1039.755 1005.004 1023.525 980.300 979.357 950.985 943.159
-999.250 -999.250 -999.250 -999.250 -999.250 -999.250 -999.250 -999.250 -999.250 -999.250 -999.250 -999.250 2009.704 2077.019 -999.250 -999.250 -999.250 -999.250 -999.250 -999.250 -999.250 -999.250 -999.250 -999.250 -999.250 -999.250 -999.250 -999.250 -999.250 2329.836 2377.745 2376.423 2313.131 2293.271 2137.659 2175.015 2108.118 2082.797 2101.481 2037.570 2077.931 2050.707 1948.921 1943.436 1851.104 1821.710 1687.963 1694.197 1549.919 1503.925 1427.678 1311.255 1300.626 1222.643 1181.906 1115.824 1051.407 1036.693 1022.379 1003.538 954.360 947.430 956.806
-999.250 -999.250 -999.250 -999.250 -999.250 -999.250 -999.250 -999.250 -999.250 -999.250 -999.250 -999.250 -999.250 -999.250 -999.250 -999.250 -999.250 -999.250 -999.250 -999.250 -999.250 -999.250 -999.250 -999.250 -999.250 -999.250 -999.250 -999.250 -999.250 -999.250 2329.977 2305.672 2296.973 2268.003 2188.567 2189.073 2118.973 2099.778 2055.842 2038.041 2092.054 2047.103 1987.209 1909.755 1858.603 1759.020 1665.425 1661.124 1606.755 1550.034 1450.253 1286.214 1330.486 1288.684 1166.461 1115.062 1067.661 1017.239 1005.749 966.377 953.929 903.860 933.936
-999.250 -999.250 -999.250 -999.250 -999.250 -999.250 -999.250 -999.250 -999.250 -999.250 -999.250 -999.250 -999.250 -999.250 -999.250 -999.250 -999.250 -999.250 -999.250 -999.250 -999.250 -999.250 -999.250 -999.250 -999.250 -999.250 -999.250 -999.250 -999.250 -999.250 2171.089 2252.996 2318.725 2189.481 2248.057 2185.820 2135.658 2114.430 2068.716 2097.559 2074.625 2053.796 2034.855 1985.939 1902.106 1838.605 1715.984 1655.101 1588.656 1522.876 1454.451 1341.909 1335.308 1242.032 1217.907 1106.388 1083.135 1047.268 1007.546 963.103 908.793 902.125 900.930
-999.250 -999.250 -999.250 -999.250 -999.250 -999.250 -999.250 -999.250 -999.250 -999.250 -999.250 -999.250 -999.250 -999.250 -999.250 -999.250 -999.250 -999.250 -999.250 -999.250 -999.250 -999.250 -999.250 -999.250 -999.250 -999.250 -999.250 -999.250 -999.250 -999.250 2144.259 2238.472 2250.864 2271.038 2213.126 2181.521 2168.796 2068.538 2098.593 2095.396 2090.974 2033.321 2054.512 1969.490 1921.129 1858.721 1726.040 1626.235 1645.758 1553.410 1503.169 1379.145 1327.240 1283.878 1143.103 1107.385 1048.737 994.919 987.028 957.817 942.755 900.382 925.259
-999.250 -999.250 -999.250 -999.250 -999.250 -999.250 -999.250 -999.250 -999.250 -999.250 -999.250 -999.250 -999.250 -999.250 -999.250 -999.250 -999.250 -999.250 -999.250 -999.250 -999.250 -999.250 -999.250 -999.250 -999.250 -999.250 -999.250 -999.250 -999.250 -999.250 -999.250 2345.272 2237.669 2174.756 2182.866 2198.698 2142.046 2048.914 2054.414 2114.190 2088.365 2053.392 2032.764 1983.665 1955.510 1821.680 1768.003 1656.389 1627.538 1555.777 1447.549 1374.293 1299.790 1239.180 1082.327 1103.027 1039.995 1019.113 977.441 953.764 938.034 881.786 891.189
-999.250 -999.250 -999.250 -999.250 -999.250 -999.250 -999.250 -999.250 -999.250 -999.250 -999.250 -999.250 -999.250 -999.250 -999.250 -999.250 -999.250 -999.250 -999.250 -999.250 -999.250 -999.250 -999.250 -999.250 -999.250 -999.250 -999.250 -999.250 -999.250 -999.250 -999.250 2273.611 2234.122 2274.095 2187.130 2135.150 2075.971 2060.266 2077.680 2153.038 2086.774 2066.830 2058.732 2018.786 1916.283 1869.387 1756.484 1694.174 1681.715 1549.793 1421.722 1366.873 1263.522 1145.163 1076.272 1043.512 1005.668 978.409 972.017 930.719 858.964 860.122 860.413
-999.250 -999.250 -999.250 -999.250 -999.250 -999.250 -999.250 -999.250 -999.250 -999.250 -999.250 -999.250 -999.250 -999.250 -999.250 -999.250 -999.250 -999.250 -999.250 -999.250 -999.250 -999.250 -999.250 -999.250 -999.250 -999.250 -999.250 -999.250 -999.250 -999.250 -999.250 2232.409 2251.810 2226.637 2170.407 2142.634 2103.170 2075.566 2094.088 2067.025 2052.539 2036.959 2048.424 1986.494 1951.880 1886.298 1792.502 1682.417 1586.608 1507.989 1393.397 1369.878 1245.912 1173.301 1057.642 1018.422 947.151 927.540 890.386 915.168 831.901 815.039 814.342
-999.250 -999.250 -999.250 -999.250 -999.250 -999.250 -999.250 -999.250 -999.250 -999.250 -999.250 -999.250 -999.250 -999.250 -999.250 -999.250 -999.250 -999.250 -999.250 -999.250 -999.250 -999.250 -999.250 -999.250 -999.250 -999.250 -999.250 -999.250 -999.250 -999.250 -999.250 2271.391 2177.709 2180.554 2161.784 2152.655 2131.447 2109.673 2075.735 2079.762 2058.674 2128.541 2052.539 1980.165 1930.206 1834.895 1669.053 1587.569 1536.923 1449.561 1435.371 1343.559 1266.996 1175.334 1082.690 1009.493 957.686 880.641 860.853 833.747 781.030 772.094 772.424
-999.250 -999.250 -999.250 -999.250 -999.250 -999.250 -999.250 -999.250 -999.250 -999.250 -999.250 -999.250 -999.250 -999.250 -999.250 -999.250 -999.250 -999.250 -999.250 -999.250 -999.250 -999.250 -999.250 -999.250 -999.250 -999.250 -999.250 -999.250 -999.250 -999.250 -999.250 2173.092 2101.522 2130.689 2105.831 2075.117 2059.292 2149.583 2122.015 2085.256 2074.138 2106.515 2042.181 2010.415 1950.090 1784.594 1670.330 1623.276 1541.281 1415.087 1413.256 1318.983 1269.235 1184.464 1050.040 985.778 932.650 864.286 821.253 781.681 761.811 717.193 721.297
-999.250 -999.250 -999.250 -999.250 -999.250 -999.250 -999.250 -999.250 -999.250 -999.250 -999.250 -999.250 -999.250 -999.250 -999.250 -999.250 -999.250 -999.250 -999.250 -999.250 -999.250 -999.250 -999.250 -999.250 -999.250 -999.250 -999.250 -999.250 -999.250 -999.250 -999.250 2097.830 2093.140 2076.167 2097.190 2179.607 2107.622 2089.742 2117.403 2094.108 2089.096 2079.215 2039.694 2046.234 1928.374 1770.915 1675.300 1595.330 1482.653 1386.216 1392.973 1327.024 1191.209 1099.299 1034.873 947.597 868.707 812.561 798.662 754.582 732.587 703.056 643.520
-999.250 -999.250 -999.250 -999.250 -999.250 -999.250 -999.250 -999.250 -999.250 -999.250 -999.250 -999.250 -999.250 -999.250 -999.250 -999.250 -999.250 -999.250 -999.250 -999.250 -999.250 -999.250 -999.250 -999.250 -999.250 -999.250 -999.250 -999.250 -999.250 -999.250 -999.250 2119.316 2146.058 2113.714 2107.236 2127.396 2117.577 2100.074 2123.765 2114.971 2098.645 2091.359 2029.923 2025.313 1939.348 1887.072 1698.424 1671.543 1553.860 1425.254 1388.328 1292.050 1178.949 1062.409 1004.684 886.603 845.584 825.887 771.429 723.233 673.373 643.144 616.430
-999.250 -999.250 -999.250 -999.250 -999.250 -999.250 -999.250 -999.250 -999.250 -999.250 -999.250 -999.250 -999.250 -999.250 -999.250 -999.250 -999.250 -999.250 -999.250 -999.250 -999.250 -999.250 -999.250 -999.250 -999.250 -999.250 -999.250 -999.250 -999.250 -999.250 -999.250 2100.412 2095.753 2006.552 2016.134 2060.785 2084.702 2050.677 2100.807 2088.265 2065.070 2078.545 2039.549 2002.258 1957.742 1874.736 1750.121 1622.692 1587.694 1453.976 1352.601 1265.213 1157.997 1044.750 968.775 916.243 860.189 804.304 741.374 713.052 681.544 584.792 593.166
-999.250 -999.250 -999.250 -999.250 -999.250 -999.250 -999.250 -999.250 -999.250 -999.250 -999.250 -999.250 -999.250 -999.250 -999.250 -999.250 -999.250 -999.250 -999.250 -999.250 -999.250 -999.250 -999.250 -999.250 -999.250 -999.250 -999.250 -999.250 -999.250 -999.250 -999.250 2000.136 1998.535 1980.036 2021.136 2018.654 2018.212 2070.031 2090.466 2085.452 2060.467 2063.973 2042.577 1957.112 1937.862 1879.221 1828.886 1674.773 1557.786 1417.293 1350.586 1277.376 1091.621 1018.781 953.041 875.296 856.313 769.560 716.334 679.733 645.182 608.696 615.534
-999.250 -999.250 -999.250 -999.250 -999.250 -999.250 -999.250 -999.250 -999.250 -999.250 -999.250 -999.250 -999.250 -999.250 -999.250 -999.250 -999.250 -999.250 -999.250 -999.250 -999.250 -999.250 -999.250 -999.250 -999.250 -999.250 -999.250 -999.250 -999.250 -999.250 -999.250 1891.290 1906.397 1965.880 2019.993 2024.136 2022.162 1981.704 2043.179 2057.582 2051.486 2090.307 2011.926 1913.436 1932.396 1810.328 1704.312 1627.740 1529.359 1386.951 1307.739 1284.241 1134.502 1040.927 958.855 881.663 846.796 788.595 749.259 707.765 698.146 679.687 689.934
-999.250 -999.250 -999.250 -999.250 -999.250 -999.250 -999.250 -999.250 -999.250 -999.250 -999.250 -999.250 -999.250 -999.250 -999.250 -999.250 -999.250 -999.250 -999.250 -999.250 -999.250 -999.250 -999.250 -999.250 -999.250 -999.250 -999.250 -999.250 -999.250 -999.250 -999.250 1943.148 1843.195 1853.253 1962.481 1957.214 1963.842 1988.582 1987.031 2047.941 2043.777 1996.114 2014.856 1949.477 1903.784 1777.840 1726.691 1589.652 1522.188 1400.225 1303.404 1259.995 1134.008 1007.733 919.782 836.479 802.957 777.651 749.445 720.528 748.509 725.072 755.604
-999.250 -999.250 -999.250 -999.250 -999.250 -999.250 -999.250 -999.250 -999.250 -999.250 -999.250 -999.250 -999.250 -999.250 -999.250 -999.250 -999.250 -999.250 -999.250 -999.250 -999.250 -999.250 -999.250 -999.250 -999.250 -999.250 -999.250 -999.250 -999.250 -999.250 -999.250 1790.480 1826.322 1847.858 1786.760 1865.844 1953.063 1908.509 1939.431 1926.448 1985.064 1997.423 1921.356 1877.140 1838.421 1734.184 1632.112 1542.658 1439.610 1415.873 1314.236 1241.872 1133.318 1005.468 882.130 829.819 807.717 765.150 736.020 769.271 778.551 799.263 860.553
-999.250 -999.250 -999.250 -999.250 -999.250 -999.250 -999.250 -999.250 -999.250 -999.250 -999.250 -999.250 -999.250 -999.250 -999.250 -999.250 -999.250 -999.250 -999.250 -999.250 -999.250 -999.250 -999.250 -999.250 -999.250 -999.250 -999.250 -999.250 -999.250 -999.250 -999.250 1776.344 1729.650 1756.164 1752.523 1794.273 1906.664 1909.923 1889.437 1875.834 1929.038 1896.862 1890.204 1868.365 1795.399 1718.356 1578.173 1485.678 1383.745 1342.032 1329.932 1183.466 1068.596 1011.811 901.716 866.600 814.036 778.691 773.240 802.322 835.305 876.724 957.623
-999.250 -999.250 -999.250 -999.250 -999.250 -999.250 -999.250 -999.250 -999.250 -999.250 -999.250 -999.250 -999.250 -999.250 -999.250 -999.250 -999.250 -999.250 -999.250 -999.250 -999.250 -999.250 -999.250 -999.250 -999.250 -999.250 -999.250 -999.250 -999.250 -999.250 1579.042 1629.356 1693.527 1698.058 1660.001 1692.851 1701.838 1742.897 1749.945 1807.523 1770.473 1797.899 1765.270 1782.464 1675.269 1651.879 1580.108 1421.868 1383.316 1364.677 1280.815 1162.494 1034.916 973.559 878.585 838.144 808.225 802.517 787.956 788.997 851.514 911.711 1006.710
