data/medianmodel_22-Nov-2020.asc
ncols	141
nrows	288
xllcorner	-120191.398
yllcorner	-301404.813
cellsize	2000.000
NODATA_value	-999.250
[rows 0 to 28 of 288, columns 65 to 129 of 141]
-999.250 -999.250 -999.250 -999.250 -999.250 -999.250 -999.250 -999.250 -999.250 -999.250 -999.250 -999.250 -999.250 -999.250 -999.250 -999.250 -999.250 -999.250 -999.250 -999.250 -999.250 -999.250 -999.250 -999.250 -999.250 -999.250 -999.250 -999.250 -999.250 -999.250 -999.250 -999.250 -999.250 -999.250 -999.250 -999.250 -999.250 -999.250 -999.250 -999.250 -999.250 -999.250 -999.250 -999.250 -999.250 -999.250 -999.250 -999.250 -999.250 -999.250 -999.250 -999.250 -999.250 -999.250 -999.250 -999.250 -999.250 -999.250 -999.250 -999.250 -999.250 -999.250 -999.250 -999.250 -999.250
-999.250 -999.250 -999.250 -999.250 -999.250 -999.250 -999.250 -999.250 -999.250 -999.250 -999.250 -999.250 -999.250 -999.250 -999.250 -999.250 -999.250 -999.250 -999.250 -999.250 -999.250 -999.250 -999.250 -999.250 -999.250 -999.250 -999.250 -999.250 -999.250 -999.250 -999.250 -999.250 -999.250 -999.250 -999.250 -999.250 -999.250 -999.250 -999.250 -999.250 -999.250 -999.250 -999.250 -999.250 -999.250 -999.250 -999.250 -999.250 -999.250 -999.250 -999.250 -999.250 -999.250 -999.250 -999.250 -999.250 -999.250 -999.250 -999.250 -999.250 -999.250 -999.250 -999.250 -999.250 -999.250
-999.250 -999.250 -999.250 -999.250 -999.250 -999.250 -999.250 -999.250 -999.250 -999.250 -999.250 -999.250 -999.250 -999.250 -999.250 -999.250 -999.250 -999.250 -999.250 -999.250 -999.250 -999.250 -999.250 -999.250 -999.250 -999.250 -999.250 -999.250 -999.250 -999.250 -999.250 -999.250 -999.250 -999.250 -999.250 -999.250 -999.250 -999.250 -999.250 -999.250 -999.250 -999.250 -999.250 -999.250 -999.250 -999.250 -999.250 -999.250 -999.250 -999.250 -999.250 -999.250 -999.250 -999.250 -999.250 -999.250 -999.250 -999.250 -999.250 -999.250 -999.250 -999.250 -999.250 -999.250 -999.250
-999.250 -999.250 -999.250 -999.250 -999.250 -999.250 -999.250 -999.250 -999.250 -999.250 -999.250 -999.250 -999.250 -999.250 -999.250 -999.250 -999.250 -999.250 -999.250 -999.250 -999.250 -999.250 -999.250 -999.250 -999.250 -999.250 -999.250 -999.250 -999.250 -999.250 -999.250 -999.250 -999.250 -999.250 -999.250 -999.250 -999.250 -999.250 -999.250 -999.250 -999.250 -999.250 -999.250 -999.250 -999.250 -999.250 -999.250 -999.250 -999.250 -999.250 -999.250 -999.250 -999.250 -999.250 -999.250 -999.250 -999.250 -999.250 -999.250 -999.250 -999.250 -999.250 -999.250 -999.250 -999.250
-999.250 -999.250 -999.250 -999.250 -999.250 -999.250 -999.250 -999.250 -999.250 -999.250 -999.250 -999.250 -999.250 -999.250 -999.250 -999.250 -999.250 -999.250 -999.250 -999.250 -999.250 -999.250 -999.250 -999.250 -999.250 -999.250 -999.250 -999.250 -999.250 -999.250 -999.250 -999.250 -999.250 -999.250 -999.250 -999.250 -999.250 -999.250 -999.250 -999.250 -999.250 -999.250 -999.250 -999.250 -999.250 -999.250 -999.250 -999.250 -999.250 -999.250 -999.250 -999.250 -999.250 -999.250 -999.250 -999.250 -999.250 -999.250 -999.250 -999.250 -999.250 -999.250 -999.250 -999.250 -999.250
-999.250 -999.250 -999.250 -999.250 -999.250 -999.250 -999.250 -999.250 -999.250 -999.250 -999.250 -999.250 -999.250 -999.250 -999.250 -999.250 -999.250 -999.250 -999.250 -999.250 -999.250 -999.250 -999.250 -999.250 -999.250 -999.250 -999.250 -999.250 -999.250 -999.250 -999.250 -999.250 -999.250 -999.250 -999.250 -999.250 -999.250 -999.250 -999.250 -999.250 -999.250 -999.250 -999.250 -999.250 -999.250 -999.250 -999.250 -999.250 -999.250 -999.250 -999.250 -999.250 -999.250 -999.250 -999.250 -999.250 -999.250 -999.250 -999.250 -999.250 -999.250 -999.250 -999.250 -999.250 -999.250
-999.250 -999.250 -999.250 -999.250 -999.250 -999.250 -999.250 -999.250 -999.250 -999.250 -999.250 -999.250 -999.250 -999.250 -999.250 -999.250 -999.250 -999.250 -999.250 -999.250 -999.250 -999.250 -999.250 -999.250 -999.250 -999.250 -999.250 -999.250 -999.250 -999.250 -999.250 -999.250 -999.250 -999.250 -999.250 -999.250 -999.250 -999.250 -999.250 -999.250 -999.250 -999.250 -999.250 -999.250 -999.250 -999.250 -999.250 -999.250 -999.250 -999.250 -999.250 -999.250 -999.250 -999.250 -999.250 -999.250 -999.250 -999.250 -999.250 -999.250 -999.250 -999.250 -999.250 -999.250 -999.250
-999.250 -999.250 -999.250 -999.250 -999.250 -999.250 -999.250 -999.250 -999.250 -999.250 -999.250 -999.250 -999.250 -999.250 -999.250 -999.250 -999.250 -999.250 -999.250 -999.250 -999.250 -999.250 -999.250 -999.250 -999.250 -999.250 -999.250 -999.250 -999.250 -999.250 -999.250 -999.250 -999.250 -999.250 -999.250 -999.250 -999.250 -999.250 -999.250 -999.250 -999.250 -999.250 -999.250 -999.250 -999.250 -999.250 -999.250 -999.250 -999.250 -999.250 -999.250 -999.250 -999.250 -999.250 -999.250 -999.250 -999.250 -999.250 -999.250 -999.250 -999.250 -999.250 -999.250 -999.250 -999.250
-999.250 -999.250 -999.250 -999.250 -999.250 -999.250 -999.250 -999.250 -999.250 -999.250 -999.250 -999.250 -999.250 -999.250 -999.250 -999.250 -999.250 -999.250 -999.250 -999.250 -999.250 -999.250 -999.250 -999.250 -999.250 -999.250 -999.250 -999.250 -999.250 -999.250 -999.250 -999.250 -999.250 -999.250 -999.250 -999.250 -999.250 -999.250 -999.250 -999.250 -999.250 -999.250 -999.250 -999.250 -999.250 -999.250 -999.250 -999.250 -999.250 533.421 -999.250 -999.250 -999.250 -999.250 -999.250 -999.250 -999.250 -999.250 -999.250 -999.250 -999.250 -999.250 -999.250 -999.250 -999.250
-999.250 -999.250 -999.250 -999.250 -999.250 -999.250 -999.250 -999.250 -999.250 -999.250 -999.250 -999.250 -999.250 -999.250 -999.250 -999.250 -999.250 -999.250 -999.250 -999.250 -999.250 -999.250 -999.250 -999.250 -999.250 -999.250 -999.250 -999.250 -999.250 -999.250 -999.250 -999.250 -999.250 -999.250 463.227 462.539 430.983 484.107 -999.250 -999.250 -999.250 -999.250 451.022 -999.250 -999.250 -999.250 -999.250 -999.250 -999.250 528.856 549.472 -999.250 -999.250 -999.250 -999.250 -999.250 -999.250 -999.250 -999.250 -999.250 -999.250 -999.250 -999.250 -999.250 -999.250
-999.250 -999.250 -999.250 -999.250 -999.250 -999.250 -999.250 -999.250 -999.250 -999.250 -999.250 -999.250 -999.250 -999.250 -999.250 -999.250 -999.250 -999.250 -999.250 -999.250 -999.250 -999.250 -999.250 -999.250 -999.250 -999.250 -999.250 -999.250 -999.250 -999.250 -999.250 -999.250 -999.250 -999.250 461.129 474.082 486.905 490.996 -999.250 -999.250 -999.250 472.745 453.653 460.050 -999.250 -999.250 -999.250 -999.250 -999.250 535.448 588.255 628.860 -999.250 -999.250 -999.250 -999.250 -999.250 -999.250 591.131 658.341 -999.250 -999.250 -999.250 -999.250 -999.250
-999.250 -999.250 -999.250 -999.250 -999.250 -999.250 -999.250 -999.250 -999.250 -999.250 -999.250 -999.250 -999.250 -999.250 -999.250 -999.250 -999.250 -999.250 -999.250 -999.250 -999.250 -999.250 -999.250 -999.250 -999.250 -999.250 -999.250 -999.250 -999.250 -999.250 -999.250 -999.250 -999.250 -999.250 509.066 512.713 512.705 494.537 476.923 473.733 455.404 475.190 466.543 458.701 479.279 473.696 496.292 521.398 553.919 562.351 541.209 565.409 568.421 574.720 600.838 587.636 613.854 608.429 597.658 637.481 -999.250 -999.250 -999.250 -999.250 -999.250
-999.250 -999.250 -999.250 -999.250 393.546 -999.250 -999.250 -999.250 -999.250 -999.250 -999.250 -999.250 -999.250 -999.250 -999.250 -999.250 -999.250 -999.250 -999.250 -999.250 -999.250 -999.250 -999.250 -999.250 -999.250 -999.250 -999.250 -999.250 -999.250 -999.250 -999.250 -999.250 -999.250 -999.250 552.583 552.106 487.547 510.908 472.261 472.420 465.455 465.481 472.326 492.225 454.192 471.360 495.703 513.939 532.090 547.824 570.925 570.957 585.475 608.134 578.975 646.938 626.316 620.887 589.383 610.961 -999.250 -999.250 -999.250 -999.250 -999.250
-999.250 -999.250 -999.250 -999.250 400.478 -999.250 -999.250 -999.250 -999.250 -999.250 -999.250 -999.250 572.870 -999.250 -999.250 -999.250 -999.250 -999.250 -999.250 -999.250 -999.250 -999.250 -999.250 -999.250 -999.250 -999.250 -999.250 -999.250 -999.250 -999.250 -999.250 -999.250 -999.250 -999.250 530.255 518.459 522.343 520.150 523.003 482.386 499.070 482.296 472.227 477.209 480.731 504.023 491.535 491.279 482.535 526.923 572.548 610.300 622.438 624.332 662.226 629.863 642.313 687.163 672.978 625.475 -999.250 -999.250 -999.250 -999.250 -999.250
-999.250 -999.250 -999.250 -999.250 432.319 -999.250 -999.250 -999.250 -999.250 465.709 483.555 496.877 574.345 551.291 -999.250 -999.250 -999.250 -999.250 -999.250 -999.250 -999.250 -999.250 -999.250 -999.250 -999.250 -999.250 -999.250 -999.250 -999.250 -999.250 -999.250 -999.250 -999.250 -999.250 541.912 510.993 521.344 503.773 528.214 509.401 470.418 461.287 463.721 473.111 471.068 489.421 496.145 497.850 530.111 567.714 595.447 611.931 637.120 640.986 644.041 651.242 650.150 684.608 715.012 699.370 618.029 -999.250 -999.250 -999.250 -999.250
-999.250 391.488 440.584 435.486 463.707 -999.250 -999.250 485.837 483.280 483.473 478.327 511.743 566.656 613.985 657.765 663.714 722.488 -999.250 -999.250 -999.250 -999.250 -999.250 -999.250 -999.250 -999.250 -999.250 -999.250 -999.250 -999.250 -999.250 -999.250 650.347 594.185 570.761 554.407 556.500 544.958 539.363 528.745 471.054 456.971 445.397 447.490 448.602 478.115 494.936 485.795 515.899 552.642 552.496 620.143 635.928 641.777 668.833 684.537 711.794 685.818 713.299 658.442 682.177 622.358 -999.250 -999.250 -999.250 -999.250
410.987 428.479 440.710 463.210 461.992 -999.250 481.425 506.050 503.125 495.527 503.468 501.541 570.173 566.014 663.012 627.571 -999.250 -999.250 -999.250 -999.250 -999.250 819.269 777.689 -999.250 -999.250 -999.250 998.946 -999.250 -999.250 763.939 695.686 652.567 647.435 598.011 573.317 561.585 523.677 530.186 506.376 475.520 456.206 452.916 450.002 449.549 476.937 490.464 526.540 554.782 562.116 571.074 595.087 608.776 631.433 629.366 712.019 713.175 696.024 705.798 648.412 651.377 672.306 -999.250 -999.250 -999.250 -999.250
441.928 444.483 458.609 450.862 458.405 494.202 496.575 517.589 526.749 520.377 532.803 527.781 543.313 596.298 659.078 652.499 -999.250 -999.250 788.692 904.126 813.105 866.198 842.701 943.638 -999.250 983.957 1008.782 971.840 933.372 859.271 766.198 664.141 642.459 576.923 566.152 559.199 542.573 540.465 508.247 476.371 459.828 387.297 434.859 444.382 479.870 510.984 536.190 531.429 560.234 566.273 610.375 644.829 717.112 682.735 714.317 703.206 696.834 709.266 670.063 668.425 630.162 -999.250 -999.250 -999.250 -999.250
484.233 499.950 483.446 476.024 504.966 501.175 497.027 499.123 537.874 505.744 548.629 535.241 569.725 597.775 616.486 638.993 681.240 691.402 806.043 887.890 938.945 938.447 933.686 970.431 976.624 1097.119 1101.231 936.427 893.088 857.029 773.646 681.015 658.727 620.534 575.928 594.248 562.895 522.205 517.863 508.962 477.118 440.793 464.316 457.171 481.539 513.802 540.952 574.628 579.652 599.223 615.175 654.859 720.758 704.079 738.442 749.428 726.658 719.758 717.506 665.267 692.000 -999.250 -999.250 -999.250 -999.250
516.443 516.131 514.351 518.192 510.583 500.585 524.833 523.253 541.268 526.158 553.972 559.292 554.087 620.445 629.616 629.572 691.547 703.685 786.491 816.084 877.988 950.493 1003.280 1011.714 1013.852 1069.982 1004.319 961.376 885.624 913.349 768.553 759.370 744.173 605.151 597.168 599.360 535.724 523.061 550.271 545.366 494.526 478.816 481.610 483.845 495.317 526.055 573.333 592.543 595.634 641.170 644.420 690.943 658.384 626.484 672.034 673.693 728.814 705.478 683.027 744.522 688.721 -999.250 -999.250 -999.250 -999.250
514.835 532.721 523.912 519.928 497.072 511.553 520.963 517.270 509.181 508.231 555.547 538.366 560.277 557.510 567.843 618.497 652.405 703.918 750.848 796.942 955.021 946.527 1058.681 1016.561 965.085 1046.527 1068.275 1019.236 1051.381 926.072 860.821 728.620 680.926 576.197 627.180 629.461 567.108 569.036 580.647 542.884 501.553 493.832 496.729 505.341 518.483 558.631 582.428 576.426 608.149 634.320 626.537 671.562 678.713 655.706 700.614 671.026 651.710 667.412 673.001 672.125 -999.250 -999.250 -999.250 -999.250 -999.250
530.683 552.389 557.371 554.255 545.047 558.592 511.281 515.253 501.507 511.752 510.262 560.709 563.710 564.402 616.855 606.170 645.939 633.413 800.732 913.702 918.156 971.762 1014.158 1044.102 1051.493 1026.047 998.249 1017.944 939.315 881.787 872.635 789.751 775.415 689.545 691.712 584.382 587.861 572.376 597.215 579.873 560.631 532.346 556.263 542.875 588.187 573.104 606.260 608.685 615.537 666.826 633.282 762.277 654.826 722.067 669.016 679.727 664.900 669.156 667.140 660.052 -999.250 -999.250 -999.250 -999.250 -999.250
570.515 617.865 571.806 603.161 559.037 538.461 553.455 526.142 513.616 535.541 503.993 515.006 546.120 539.994 590.597 594.656 639.473 737.069 778.015 834.663 940.807 936.805 998.427 999.099 1073.071 1014.424 1043.550 959.420 981.138 955.812 885.010 809.453 699.392 742.725 665.378 619.597 564.939 594.330 608.770 632.290 568.109 573.109 553.827 563.876 603.803 593.116 591.472 612.104 662.663 646.140 645.998 726.695 703.487 691.007 743.108 703.770 678.906 722.884 701.736 631.774 -999.250 -999.250 -999.250 -999.250 -999.250
632.676 617.071 636.186 608.940 556.743 574.259 576.856 512.525 501.316 503.619 524.861 556.493 514.614 529.018 547.325 572.905 661.297 721.550 765.120 880.744 903.122 945.230 1007.007 1005.424 1045.022 1014.872 950.713 945.443 958.319 862.781 797.189 748.626 689.339 722.097 620.235 593.961 640.752 611.264 590.820 596.038 597.692 598.504 561.292 601.958 591.701 630.105 619.164 599.742 597.426 719.006 667.257 633.852 719.783 709.202 701.961 651.274 715.433 701.347 655.410 621.896 -999.250 -999.250 -999.250 -999.250 -999.250
737.224 663.268 643.046 620.256 600.069 567.630 586.373 525.785 504.009 515.037 491.066 523.986 513.417 508.167 500.200 570.367 612.030 720.538 709.931 893.337 865.611 895.916 967.452 1003.553 1028.534 966.798 962.967 957.312 940.073 881.492 877.175 788.066 692.977 641.429 620.138 600.409 655.502 670.846 625.318 613.592 653.851 592.515 606.215 645.680 620.848 658.818 620.316 631.526 652.300 668.540 616.514 639.861 657.905 695.797 669.352 667.015 691.201 626.501 658.079 622.652 -999.250 -999.250 -999.250 -999.250 -999.250
769.325 722.381 728.993 690.947 613.163 587.344 561.697 528.687 505.056 523.754 481.776 484.362 504.570 507.272 521.860 550.087 605.071 671.842 701.807 844.088 862.525 811.203 926.653 970.638 1065.776 995.368 894.268 966.540 910.535 885.050 861.204 772.646 760.193 642.822 672.314 623.902 633.965 603.173 625.427 641.919 619.158 621.479 628.774 631.646 701.775 665.682 671.797 723.711 734.642 706.814 670.095 625.276 662.618 673.545 643.942 632.064 635.525 631.872 588.901 599.279 572.102 -999.250 -999.250 -999.250 -999.250
851.227 792.899 732.190 646.019 643.651 610.454 597.967 540.077 500.860 496.779 489.127 488.676 497.936 523.324 529.428 554.282 629.840 678.234 769.898 794.748 833.311 883.000 901.824 953.208 978.857 1003.544 972.103 1010.458 977.796 862.534 817.926 748.627 743.880 751.711 727.794 733.828 656.356 585.776 611.096 631.476 619.277 619.955 624.093 682.992 714.381 685.789 721.095 693.574 716.528 705.052 664.084 630.928 660.746 646.559 633.340 580.978 569.326 613.424 568.817 567.018 552.062 565.177 -999.250 531.568 511.312
950.337 957.035 749.600 725.658 656.797 601.339 575.872 530.226 523.963 503.238 499.422 517.679 529.382 514.074 540.302 546.670 612.089 638.175 691.002 788.544 842.001 912.164 892.501 901.874 940.868 947.587 924.385 956.106 941.666 825.977 732.628 718.155 706.442 696.414 784.207 699.168 740.758 655.263 650.084 645.733 620.781 659.575 668.158 758.159 734.179 771.405 850.116 881.254 812.281 767.999 682.204 641.867 639.888 654.435 616.277 590.871 538.713 570.680 569.991 584.391 542.490 534.832 500.064 523.678 512.392
941.842 917.339 839.354 773.142 739.636 641.280 580.679 570.030 530.131 527.180 509.036 515.784 494.881 522.851 517.122 527.174 601.217 660.243 691.243 776.020 831.563 922.718 864.509 931.546 905.319 843.918 865.578 894.274 854.946 860.891 758.864 762.867 766.860 697.851 734.876 776.714 710.231 649.108 716.443 688.545 667.965 686.789 746.063 783.241 767.343 734.757 751.612 863.000 854.684 794.404 719.739 689.781 631.740 648.688 588.137 584.419 584.794 553.869 584.400 545.514 538.966 530.862 511.978 511.802 503.800
