data/medianmodel_23-Jul-2020.asc
ncols	141
nrows	288
xllcorner	-120191.398
yllcorner	-301404.813
cellsize	2000.000
NODATA_value	-999.250
[rows 93 to 123 of 288, columns 0 to 69 of 141]
-999.250 -999.250 -999.250 -999.250 -999.250 -999.250 -999.250 -999.250 -999.250 -999.250 -999.250 -999.250 -999.250 -999.250 -999.250 -999.250 -999.250 -999.250 -999.250 -999.250 -999.250 -999.250 -999.250 -999.250 -999.250 -999.250 -999.250 -999.250 -999.250 -999.250 -999.250 1.158 1.314 2.314 1.846 2.281 3.614 5.346 6.364 7.333 7.028 8.469 8.509 8.251 9.297 9.931 11.006 7.758 3.681 0.712 0.000 0.000 0.000 0.000 0.000 0.000 0.000 0.000 0.000 0.000 0.000 0.000 0.000 0.000 0.000 0.000 0.000 0.000 0.000 0.331
-999.250 -999.250 -999.250 -999.250 -999.250 -999.250 -999.250 -999.250 -999.250 -999.250 -999.250 -999.250 -999.250 -999.250 -999.250 -999.250 -999.250 -999.250 -999.250 -999.250 -999.250 -999.250 -999.250 -999.250 -999.250 -999.250 -999.250 -999.250 -999.250 -999.250 -999.250 1.295 3.618 4.305 4.445 5.866 5.215 3.821 4.365 5.453 6.118 6.992 7.296 7.610 8.208 8.440 8.706 7.071 4.658 2.391 0.136 0.000 0.000 0.000 0.000 0.000 0.000 0.000 0.000 0.000 0.000 0.000 0.000 0.000 0.000 0.000 0.000 0.000 0.000 0.000
-999.250 -999.250 -999.250 -999.250 -999.250 -999.250 -999.250 -999.250 -999.250 -999.250 -999.250 -999.250 -999.250 -999.250 -999.250 -999.250 -999.250 -999.250 -999.250 -999.250 -999.250 -999.250 -999.250 -999.250 -999.250 -999.250 -999.250 -999.250 -999.250 -999.250 -999.250 1.610 3.757 6.404 8.452 6.118 4.437 4.864 5.382 4.513 6.728 6.987 8.015 5.390 6.737 8.091 7.438 5.971 4.342 1.983 0.000 0.000 0.000 0.000 0.000 0.000 0.000 0.000 0.000 0.000 0.000 0.000 0.000 0.000 0.000 0.000 0.000 0.000 0.000 0.000
-999.250 -999.250 -999.250 -999.250 -999.250 -999.250 -999.250 -999.250 -999.250 -999.250 -999.250 -999.250 -999.250 -999.250 -999.250 -999.250 -999.250 -999.250 -999.250 -999.250 -999.250 -999.250 -999.250 -999.250 -999.250 -999.250 -999.250 -999.250 -999.250 -999.250 0.480 1.607 4.364 5.472 6.501 5.321 5.863 5.772 6.291 5.361 6.650 5.781 6.348 6.273 6.419 6.403 6.746 6.709 4.680 3.052 1.819 0.517 0.212 0.000 0.000 0.000 0.000 0.000 0.000 0.000 0.000 0.000 0.000 0.000 0.000 0.000 0.000 0.000 0.000 0.000
-999.250 -999.250 -999.250 -999.250 -999.250 -999.250 -999.250 -999.250 -999.250 -999.250 -999.250 -999.250 -999.250 -999.250 -999.250 -999.250 -999.250 -999.250 -999.250 -999.250 -999.250 -999.250 -999.250 -999.250 -999.250 -999.250 -999.250 -999.250 -999.250 -999.250 0.572 1.152 2.661 4.669 5.886 6.684 6.233 5.633 7.124 7.835 7.367 6.549 7.243 6.699 6.970 7.177 10.043 6.543 5.172 3.968 2.285 1.148 0.733 0.000 0.000 0.000 0.000 0.000 0.000 0.000 0.000 0.000 0.000 0.000 0.000 0.000 0.000 0.000 0.000 0.000
-999.250 -999.250 -999.250 -999.250 -999.250 -999.250 -999.250 -999.250 -999.250 -999.250 -999.250 -999.250 -999.250 -999.250 -999.250 -999.250 -999.250 -999.250 -999.250 -999.250 -999.250 -999.250 -999.250 -999.250 -999.250 -999.250 -999.250 -999.250 -999.250 -999.250 0.735 2.025 4.173 3.953 4.831 5.702 6.061 5.888 9.097 8.685 10.277 8.695 7.881 7.563 7.521 7.957 7.639 5.847 4.871 3.516 4.633 3.059 2.842 1.579 0.000 0.000 0.000 0.000 0.000 0.000 0.000 0.000 0.000 0.000 0.000 0.000 0.000 0.000 0.000 0.000
-999.250 -999.250 -999.250 -999.250 -999.250 -999.250 -999.250 -999.250 -999.250 -999.250 -999.250 -999.250 -999.250 -999.250 -999.250 -999.250 -999.250 -999.250 -999.250 -999.250 -999.250 -999.250 -999.250 -999.250 -999.250 -999.250 -999.250 -999.250 -999.250 -999.250 0.643 2.611 4.443 3.564 5.532 6.747 7.337 7.362 8.957 9.623 14.281 9.349 7.322 7.067 5.906 5.667 5.305 5.901 4.450 3.274 4.356 5.646 6.371 5.059 3.245 0.000 0.000 0.000 0.000 0.000 0.000 0.000 0.000 0.000 0.000 0.000 0.000 0.000 0.000 0.000
-999.250 -999.250 -999.250 -999.250 -999.250 -999.250 -999.250 -999.250 -999.250 -999.250 -999.250 -999.250 -999.250 -999.250 -999.250 -999.250 -999.250 -999.250 -999.250 -999.250 -999.250 -999.250 -999.250 -999.250 -999.250 -999.250 -999.250 -999.250 -999.250 0.806 3.883 3.386 4.153 5.950 7.188 8.068 6.052 7.249 7.950 10.060 10.972 9.311 8.289 7.695 5.572 5.491 5.611 5.042 6.073 4.405 5.368 5.646 8.145 7.207 5.919 2.230 0.167 0.000 0.000 0.000 0.000 0.000 0.000 0.000 0.000 0.000 0.000 0.000 0.000 0.000
-999.250 -999.250 -999.250 -999.250 -999.250 -999.250 -999.250 -999.250 -999.250 -999.250 -999.250 -999.250 -999.250 -999.250 -999.250 -999.250 -999.250 -999.250 -999.250 -999.250 -999.250 -999.250 -999.250 -999.250 -999.250 -999.250 -999.250 -999.250 -999.250 2.642 5.061 5.516 4.170 5.131 7.862 6.759 8.258 8.205 8.287 9.129 8.889 8.971 8.955 5.670 5.719 4.865 6.139 5.371 5.027 5.325 5.931 7.506 9.476 10.011 7.269 5.621 1.667 0.051 0.000 0.000 0.000 0.000 0.000 0.000 0.000 0.000 0.000 0.000 0.000 0.000
-999.250 -999.250 -999.250 -999.250 -999.250 -999.250 -999.250 -999.250 -999.250 -999.250 -999.250 -999.250 -999.250 -999.250 -999.250 -999.250 -999.250 -999.250 -999.250 -999.250 -999.250 -999.250 -999.250 -999.250 -999.250 -999.250 -999.250 -999.250 -999.250 1.769 3.985 6.022 6.176 7.136 9.011 7.744 10.701 8.609 10.788 10.414 8.541 8.920 7.537 6.727 7.880 5.824 6.256 4.543 3.757 4.506 5.460 7.104 10.132 14.605 7.867 5.006 3.279 0.465 0.000 0.000 0.000 0.000 0.000 0.000 0.000 0.000 0.000 0.000 0.000 0.000
-999.250 -999.250 -999.250 -999.250 -999.250 -999.250 -999.250 -999.250 -999.250 -999.250 -999.250 -999.250 -999.250 -999.250 -999.250 -999.250 -999.250 -999.250 -999.250 -999.250 -999.250 -999.250 -999.250 -999.250 -999.250 -999.250 -999.250 -999.250 -999.250 1.294 3.864 5.292 6.084 8.877 9.251 10.066 11.736 11.541 12.715 10.005 8.593 8.918 8.464 7.601 7.640 6.810 5.733 4.877 4.931 5.371 5.432 6.075 8.364 7.997 5.441 4.847 1.052 0.510 0.000 0.000 0.000 0.000 0.000 0.000 0.000 0.000 0.000 0.000 0.000 0.000
-999.250 -999.250 -999.250 -999.250 -999.250 -999.250 -999.250 -999.250 -999.250 -999.250 -999.250 -999.250 -999.250 -999.250 -999.250 -999.250 -999.250 -999.250 -999.250 -999.250 -999.250 -999.250 -999.250 -999.250 -999.250 -999.250 -999.250 -999.250 1.226 0.981 3.253 4.830 6.736 8.265 11.320 9.660 12.692 13.808 15.279 12.686 11.896 8.333 8.330 7.836 6.634 6.801 6.155 4.770 3.555 2.829 4.208 5.325 5.315 4.239 3.511 2.944 0.632 0.000 0.000 0.000 0.000 0.000 0.000 0.000 0.000 0.000 0.000 0.000 0.000 0.000
-999.250 -999.250 -999.250 -999.250 -999.250 -999.250 -999.250 -999.250 -999.250 -999.250 -999.250 -999.250 -999.250 -999.250 -999.250 -999.250 -999.250 -999.250 -999.250 -999.250 -999.250 -999.250 -999.250 -999.250 -999.250 -999.250 -999.250 -999.250 1.140 1.831 2.636 6.491 6.123 7.351 10.279 11.122 15.049 16.833 19.305 17.930 11.881 10.478 7.550 6.003 5.581 5.244 8.199 5.413 4.425 3.111 3.886 3.769 3.670 2.844 1.531 0.874 0.000 0.000 0.000 0.000 0.000 0.000 0.000 0.000 0.000 0.000 0.000 0.000 0.000 0.000
-999.250 -999.250 -999.250 -999.250 -999.250 -999.250 -999.250 -999.250 -999.250 -999.250 -999.250 -999.250 -999.250 -999.250 -999.250 -999.250 -999.250 -999.250 -999.250 -999.250 -999.250 -999.250 -999.250 -999.250 -999.250 -999.250 -999.250 0.143 2.069 1.677 5.286 5.868 5.343 8.101 9.850 12.132 14.740 17.347 27.751 20.791 14.128 9.676 8.361 5.228 5.123 5.682 5.013 3.201 1.500 2.274 1.633 2.350 0.620 0.000 0.000 0.000 0.000 0.000 0.000 0.000 0.000 0.000 0.000 0.000 0.000 0.000 0.000 0.000 0.000 0.000
-999.250 -999.250 -999.250 -999.250 -999.250 -999.250 -999.250 -999.250 -999.250 -999.250 -999.250 -999.250 -999.250 -999.250 -999.250 -999.250 -999.250 -999.250 -999.250 -999.250 -999.250 -999.250 -999.250 -999.250 -999.250 -999.250 -999.250 0.562 2.368 4.400 4.746 4.708 6.405 8.695 9.234 11.591 14.775 16.557 17.803 17.276 12.673 9.701 7.241 4.846 4.668 3.628 3.537 1.877 1.806 2.753 0.769 0.000 0.000 0.000 0.000 0.000 0.000 0.000 0.000 0.000 0.000 0.000 0.000 0.000 0.000 0.000 0.000 0.000 0.000 0.000
-999.250 -999.250 -999.250 -999.250 -999.250 -999.250 -999.250 -999.250 -999.250 -999.250 -999.250 -999.250 -999.250 -999.250 -999.250 -999.250 -999.250 -999.250 -999.250 -999.250 -999.250 -999.250 -999.250 -999.250 -999.250 -999.250 -999.250 0.000 2.477 5.602 7.491 5.961 6.298 8.197 9.074 10.529 12.512 12.744 15.040 14.367 10.140 8.502 5.856 4.012 2.772 1.393 1.735 0.000 0.297 0.852 1.253 0.000 0.000 0.000 0.000 0.000 0.000 0.000 0.000 0.000 0.000 0.000 0.000 0.000 0.000 0.000 0.000 0.000 0.000 0.000
-999.250 -999.250 -999.250 -999.250 -999.250 -999.250 -999.250 -999.250 -999.250 -999.250 -999.250 -999.250 -999.250 -999.250 -999.250 -999.250 -999.250 -999.250 -999.250 -999.250 -999.250 -999.250 -999.250 -999.250 -999.250 -999.250 -999.250 0.000 1.665 6.773 8.511 6.023 6.969 7.151 8.810 9.402 11.340 10.316 9.988 9.046 8.049 6.800 7.072 3.765 3.169 0.000 0.000 0.000 0.182 0.289 0.241 0.000 0.008 0.000 0.000 0.000 0.000 0.000 0.000 0.000 0.000 0.000 0.000 0.000 0.000 0.000 0.000 0.000 0.000 0.000
-999.250 -999.250 -999.250 -999.250 -999.250 -999.250 -999.250 -999.250 -999.250 -999.250 -999.250 -999.250 -999.250 -999.250 -999.250 -999.250 -999.250 -999.250 -999.250 -999.250 -999.250 -999.250 -999.250 -999.250 -999.250 -999.250 -999.250 -999.250 1.695 4.793 6.266 6.626 4.762 7.252 8.910 7.737 7.557 7.800 9.983 6.412 7.352 5.775 6.159 3.650 1.527 0.000 0.000 0.000 0.006 0.412 1.006 1.178 0.488 0.000 0.073 0.408 0.000 0.000 0.000 0.000 0.000 0.000 0.000 0.000 0.000 0.000 0.000 0.000 0.000 0.000
-999.250 -999.250 -999.250 -999.250 -999.250 -999.250 -999.250 -999.250 -999.250 -999.250 -999.250 -999.250 -999.250 -999.250 -999.250 -999.250 -999.250 -999.250 -999.250 -999.250 -999.250 -999.250 -999.250 -999.250 -999.250 -999.250 -999.250 -999.250 0.386 2.606 4.996 4.096 4.161 6.284 6.677 5.706 6.821 5.909 5.576 5.724 5.219 5.099 3.476 0.184 0.000 0.000 0.000 0.000 0.000 0.573 1.013 2.089 1.460 1.269 2.011 1.771 0.889 0.000 0.000 0.000 0.000 0.000 0.000 0.000 0.000 0.000 0.000 0.000 0.000 0.000
-999.250 -999.250 -999.250 -999.250 -999.250 -999.250 -999.250 -999.250 -999.250 -999.250 -999.250 -999.250 -999.250 -999.250 -999.250 -999.250 -999.250 -999.250 -999.250 -999.250 -999.250 -999.250 -999.250 -999.250 -999.250 -999.250 -999.250 -999.250 0.000 1.793 2.378 4.288 5.538 5.143 5.701 5.452 5.521 4.033 3.157 3.260 2.774 2.324 0.258 0.000 0.000 0.000 0.000 0.000 0.000 1.311 4.021 4.810 3.963 2.417 3.266 5.828 1.856 0.000 0.000 0.000 0.000 0.000 0.000 0.000 0.000 0.000 0.000 0.000 0.000 0.000
-999.250 -999.250 -999.250 -999.250 -999.250 -999.250 -999.250 -999.250 -999.250 -999.250 -999.250 -999.250 -999.250 -999.250 -999.250 -999.250 -999.250 -999.250 -999.250 -999.250 -999.250 -999.250 -999.250 -999.250 -999.250 -999.250 -999.250 -999.250 0.000 0.035 2.215 4.708 5.802 4.008 4.444 4.717 4.627 3.696 4.134 2.262 1.905 0.065 0.000 0.000 0.000 0.000 0.000 0.000 0.000 0.579 2.985 7.869 4.802 3.117 1.855 2.856 0.692 0.000 0.000 0.000 0.000 0.000 0.000 0.000 0.000 0.000 0.000 0.000 0.000 0.000
-999.250 -999.250 -999.250 -999.250 -999.250 -999.250 -999.250 -999.250 -999.250 -999.250 -999.250 -999.250 -999.250 -999.250 -999.250 -999.250 -999.250 -999.250 -999.250 -999.250 -999.250 -999.250 -999.250 -999.250 -999.250 -999.250 -999.250 -999.250 0.000 0.000 0.927 2.777 3.675 3.779 2.482 2.851 0.683 2.609 1.869 1.997 1.664 0.000 0.000 0.000 0.000 0.000 0.000 0.000 0.000 0.000 1.718 4.647 3.926 2.794 1.941 0.364 0.000 0.000 0.000 0.000 0.000 0.000 0.000 0.000 0.000 0.000 0.000 0.000 0.000 0.000
-999.250 -999.250 -999.250 -999.250 -999.250 -999.250 -999.250 -999.250 -999.250 -999.250 -999.250 -999.250 -999.250 -999.250 -999.250 -999.250 -999.250 -999.250 -999.250 -999.250 -999.250 -999.250 -999.250 -999.250 -999.250 -999.250 -999.250 0.000 0.000 0.000 0.131 0.841 0.872 1.780 1.359 1.426 1.040 2.287 3.940 5.841 2.467 0.000 0.000 0.000 0.000 0.000 0.000 0.000 0.000 0.000 0.873 2.148 2.357 2.728 1.359 1.823 0.000 0.000 0.000 0.000 0.000 0.000 0.000 0.000 0.000 0.000 0.000 0.000 0.000 0.000
-999.250 -999.250 -999.250 -999.250 -999.250 -999.250 -999.250 -999.250 -999.250 -999.250 -999.250 -999.250 -999.250 -999.250 -999.250 -999.250 -999.250 -999.250 -999.250 -999.250 -999.250 -999.250 -999.250 -999.250 -999.250 -999.250 -999.250 0.000 0.802 0.000 0.000 0.016 0.000 0.531 0.992 0.000 0.932 1.218 2.223 1.530 0.000 0.000 0.000 0.000 0.000 0.000 0.000 0.000 0.000 0.000 0.000 0.837 2.175 1.469 3.650 1.349 0.000 0.000 0.000 0.000 0.000 0.000 0.000 0.000 0.000 0.000 0.000 0.000 0.000 0.000
-999.250 -999.250 -999.250 -999.250 -999.250 -999.250 -999.250 -999.250 -999.250 -999.250 -999.250 -999.250 -999.250 -999.250 -999.250 -999.250 -999.250 -999.250 -999.250 -999.250 -999.250 -999.250 -999.250 -999.250 -999.250 -999.250 -999.250 0.000 0.000 0.000 0.000 0.000 0.000 0.000 0.000 0.000 0.361 0.737 0.000 0.000 0.000 0.000 0.000 0.000 0.000 0.000 0.000 0.000 0.000 0.000 0.000 0.120 2.073 1.661 1.309 1.558 0.000 0.000 0.000 0.000 0.000 0.000 0.000 0.000 0.000 0.000 0.000 0.000 0.000 1.228
-999.250 -999.250 -999.250 -999.250 -999.250 -999.250 -999.250 -999.250 -999.250 -999.250 -999.250 -999.250 -999.250 -999.250 -999.250 -999.250 -999.250 -999.250 -999.250 -999.250 -999.250 -999.250 -999.250 -999.250 -999.250 -999.250 0.000 0.007 0.000 0.000 0.000 0.000 0.000 0.000 0.000 0.000 0.000 0.000 0.000 0.000 0.000 0.000 0.000 0.000 0.000 0.000 0.000 0.000 0.000 0.000 0.000 2.034 3.318 2.856 2.924 1.037 0.000 0.000 0.000 0.000 0.000 0.000 0.000 0.000 0.000 0.000 0.000 0.000 0.413 3.773
-999.250 -999.250 -999.250 -999.250 -999.250 -999.250 -999.250 -999.250 -999.250 -999.250 -999.250 -999.250 -999.250 -999.250 -999.250 -999.250 -999.250 -999.250 -999.250 -999.250 -999.250 -999.250 -999.250 -999.250 -999.250 -999.250 0.317 0.335 0.000 0.000 0.000 0.374 0.000 0.000 0.000 0.000 0.016 0.000 0.000 0.000 0.000 0.000 0.000 0.000 0.000 0.000 0.000 0.000 0.000 0.673 3.229 3.656 3.763 4.353 3.835 2.700 0.000 0.000 0.000 0.000 0.000 0.000 0.000 0.000 0.000 0.000 0.000 0.382 3.246 4.251
-999.250 -999.250 -999.250 -999.250 -999.250 -999.250 -999.250 -999.250 -999.250 -999.250 -999.250 -999.250 -999.250 -999.250 -999.250 -999.250 -999.250 -999.250 -999.250 -999.250 -999.250 -999.250 -999.250 -999.250 -999.250 -999.250 0.052 0.056 0.653 0.000 0.000 0.000 0.000 0.000 0.000 0.000 0.091 0.000 0.000 0.000 0.000 0.000 0.000 0.000 0.000 0.000 0.433 1.281 3.512 3.881 4.156 6.239 6.184 4.822 4.039 4.549 0.570 0.000 0.000 0.000 0.000 0.000 0.000 0.000 0.000 0.000 0.560 1.874 5.312 7.281
-999.250 -999.250 -999.250 -999.250 -999.250 -999.250 -999.250 -999.250 -999.250 -999.250 -999.250 -999.250 -999.250 -999.250 -999.250 -999.250 -999.250 -999.250 -999.250 -999.250 -999.250 -999.250 -999.250 -999.250 -999.250 0.711 1.369 0.000 0.000 0.000 0.285 0.010 0.000 0.178 0.613 0.000 1.673 1.733 0.706 0.000 0.000 0.000 0.000 0.000 0.000 0.588 3.854 4.744 6.212 5.796 7.956 8.575 9.489 8.620 7.330 5.228 2.793 0.000 0.000 0.000 0.000 0.000 0.000 0.000 0.000 0.000 1.199 1.909 5.618 9.545
-999.250 -999.250 -999.250 -999.250 -999.250 -999.250 -999.250 -999.250 -999.250 -999.250 -999.250 -999.250 -999.250 -999.250 -999.250 -999.250 -999.250 -999.250 -999.250 -999.250 -999.250 -999.250 -999.250 -999.250 -999.250 1.463 1.147 0.196 0.000 0.287 0.000 0.000 0.231 1.304 0.608 0.977 1.643 2.855 2.333 1.178 0.000 0.000 0.000 0.000 0.000 0.233 3.567 8.306 7.497 8.473 7.865 9.834 12.960 10.938 9.591 8.064 4.093 0.618 0.000 0.000 0.000 0.000 0.000 0.000 0.000 0.000 0.480 3.971 6.653 11.261
-999.250 -999.250 -999.250 -999.250 -999.250 -999.250 -999.250 -999.250 -999.250 -999.250 -999.250 -999.250 -999.250 -999.250 -999.250 -999.250 -999.250 -999.250 -999.250 -999.250 -999.250 -999.250 -999.250 -999.250 -999.250 1.842 0.000 0.000 0.000 0.308 0.000 0.371 1.311 1.188 1.888 1.522 2.993 3.649 5.830 2.845 0.000 0.000 0.000 0.000 0.000 0.444 2.562 6.208 6.203 8.689 10.042 12.620 14.389 15.597 13.535 11.189 6.517 3.664 0.857 0.000 0.000 0.000 0.000 0.000 0.000 0.000 2.162 5.649 8.596 11.793
