data/medianmodel_22-Jul-2020.asc
ncols	141
nrows	288
xllcorner	-120191.398
yllcorner	-301404.813
cellsize	2000.000
NODATA_value	-999.250
[rows 217 to 247 of 288, columns 0 to 69 of 141]
-999.250 -999.250 -999.250 -999.250 -999.250 -999.250 -999.250 -999.250 -999.250 -999.250 -999.250 -999.250 -999.250 -999.250 -999.250 -999.250 -999.250 -999.250 -999.250 -999.250 -999.250 -999.250 -999.250 -999.250 -999.250 -999.250 -999.250 -999.250 -999.250 -999.250 -999.250 9.003 7.523 6.806 2.987 3.794 2.649 0.383 0.000 0.032 0.182 1.254 3.517 3.188 2.298 4.083 6.125 6.191 8.249 10.876 9.201 8.503 9.123 11.915 11.877 14.021 12.881 11.556 7.017 5.055 2.638 1.025 0.000 0.000 0.000 0.000 5.896 10.962 18.706 24.365
-999.250 -999.250 -999.250 -999.250 -999.250 -999.250 -999.250 -999.250 -999.250 -999.250 -999.250 -999.250 -999.250 -999.250 -999.250 -999.250 -999.250 -999.250 -999.250 -999.250 -999.250 -999.250 -999.250 -999.250 -999.250 -999.250 -999.250 -999.250 -999.250 -999.250 -999.250 11.626 8.700 6.482 6.916 4.661 4.435 1.930 0.000 1.357 2.666 4.538 5.496 5.365 4.178 5.041 7.192 5.524 7.680 9.733 9.396 12.021 11.555 14.522 16.263 18.859 17.633 14.843 11.393 10.579 9.016 6.345 2.782 1.236 2.693 6.009 9.502 16.062 22.034 30.758
-999.250 -999.250 -999.250 -999.250 -999.250 -999.250 -999.250 -999.250 -999.250 -999.250 -999.250 -999.250 -999.250 -999.250 -999.250 -999.250 -999.250 -999.250 -999.250 -999.250 -999.250 -999.250 -999.250 -999.250 -999.250 -999.250 -999.250 -999.250 -999.250 -999.250 -999.250 9.437 10.422 9.483 7.536 7.946 4.955 2.116 0.235 3.522 3.984 6.831 5.401 5.474 4.342 6.665 8.024 10.530 9.044 11.521 12.785 15.085 15.473 18.817 19.692 23.671 23.248 20.534 14.563 15.244 11.310 9.603 6.841 9.478 10.417 12.597 17.054 22.165 26.212 39.054
-999.250 -999.250 -999.250 -999.250 -999.250 -999.250 -999.250 -999.250 -999.250 -999.250 -999.250 -999.250 -999.250 -999.250 -999.250 -999.250 -999.250 -999.250 -999.250 -999.250 -999.250 -999.250 -999.250 -999.250 -999.250 -999.250 -999.250 -999.250 -999.250 -999.250 -999.250 9.100 9.165 9.430 8.852 5.815 4.227 3.075 3.540 3.559 4.733 6.528 5.586 6.583 6.535 7.859 8.853 11.625 11.139 17.080 17.062 21.278 23.105 26.242 33.472 28.234 35.236 31.563 26.267 19.620 18.119 14.504 12.743 11.938 14.103 15.388 19.841 24.584 38.494 55.315
-999.250 -999.250 -999.250 -999.250 -999.250 -999.250 -999.250 -999.250 -999.250 -999.250 -999.250 -999.250 -999.250 -999.250 -999.250 -999.250 -999.250 -999.250 -999.250 -999.250 -999.250 -999.250 -999.250 -999.250 -999.250 -999.250 -999.250 -999.250 -999.250 -999.250 -999.250 13.003 9.482 10.094 10.420 10.246 5.186 5.804 5.257 4.511 4.378 5.483 5.803 7.132 6.157 7.182 9.284 10.704 13.912 19.322 18.386 25.075 33.093 32.692 37.265 43.556 43.537 38.111 33.916 33.789 24.721 19.696 18.198 17.817 16.103 21.839 22.884 31.741 47.297 63.054
-999.250 -999.250 -999.250 -999.250 -999.250 -999.250 -999.250 -999.250 -999.250 -999.250 -999.250 -999.250 -999.250 -999.250 -999.250 -999.250 -999.250 -999.250 -999.250 -999.250 -999.250 -999.250 -999.250 -999.250 -999.250 -999.250 -999.250 -999.250 -999.250 -999.250 -999.250 12.085 11.423 12.698 11.778 9.344 8.514 7.141 7.181 7.149 6.422 6.164 7.210 6.898 7.810 10.059 9.089 11.933 14.147 15.846 20.327 27.715 34.015 36.066 47.060 44.199 51.031 53.495 43.863 37.236 36.581 27.092 20.178 23.816 29.008 25.074 30.226 38.566 41.804 49.556
-999.250 -999.250 -999.250 -999.250 -999.250 -999.250 -999.250 -999.250 -999.250 -999.250 -999.250 -999.250 -999.250 -999.250 -999.250 -999.250 -999.250 -999.250 -999.250 -999.250 -999.250 -999.250 -999.250 -999.250 -999.250 -999.250 -999.250 -999.250 -999.250 -999.250 13.810 13.484 13.075 13.113 11.739 11.465 9.409 7.442 8.255 7.973 6.014 6.926 7.638 6.216 6.447 9.003 11.851 14.632 15.392 19.117 22.792 29.851 37.792 50.357 47.664 52.041 48.758 51.918 51.806 39.013 40.208 37.089 35.105 36.137 32.785 30.631 34.288 30.500 38.519 37.835
-999.250 -999.250 -999.250 -999.250 -999.250 -999.250 -999.250 -999.250 -999.250 -999.250 -999.250 -999.250 -999.250 -999.250 -999.250 -999.250 -999.250 -999.250 -999.250 -999.250 -999.250 -999.250 -999.250 -999.250 -999.250 -999.250 -999.250 -999.250 -999.250 -999.250 18.428 16.464 11.564 11.833 11.130 10.610 9.830 8.910 7.804 6.616 7.011 7.197 6.857 5.938 9.772 9.882 9.497 11.803 16.468 16.499 23.628 32.888 38.955 43.586 64.803 55.172 75.186 69.104 60.168 52.323 46.996 36.064 33.850 38.382 29.341 24.586 28.336 26.737 29.379 33.461
-999.250 -999.250 -999.250 -999.250 -999.250 -999.250 -999.250 -999.250 -999.250 -999.250 -999.250 -999.250 -999.250 -999.250 -999.250 -999.250 -999.250 -999.250 -999.250 -999.250 -999.250 -999.250 -999.250 -999.250 -999.250 -999.250 -999.250 -999.250 -999.250 -999.250 20.897 21.765 14.678 12.712 11.774 9.713 10.495 8.964 8.949 7.387 7.697 9.193 7.773 6.387 9.166 10.218 12.447 11.971 14.154 19.073 31.912 39.036 53.510 54.988 65.994 65.333 79.253 77.470 76.991 62.066 56.742 46.482 40.721 33.577 29.245 26.208 25.705 23.506 20.711 26.380
-999.250 -999.250 -999.250 -999.250 -999.250 -999.250 -999.250 -999.250 -999.250 -999.250 -999.250 -999.250 -999.250 -999.250 -999.250 -999.250 -999.250 -999.250 -999.250 -999.250 -999.250 -999.250 -999.250 -999.250 -999.250 -999.250 -999.250 -999.250 -999.250 -999.250 19.664 20.246 16.416 17.672 14.889 12.626 13.663 10.740 10.822 10.799 9.814 8.662 8.648 8.638 7.755 9.512 11.486 12.744 12.810 20.168 30.033 41.136 52.198 51.810 76.684 76.327 81.130 79.935 82.232 73.460 51.679 47.223 40.846 36.223 27.537 30.874 17.572 15.919 14.186 18.103
-999.250 -999.250 -999.250 -999.250 -999.250 -999.250 -999.250 -999.250 -999.250 -999.250 -999.250 -999.250 -999.250 -999.250 -999.250 -999.250 -999.250 -999.250 -999.250 -999.250 -999.250 -999.250 -999.250 -999.250 -999.250 -999.250 -999.250 -999.250 -999.250 22.481 25.303 24.233 22.206 19.687 18.594 16.334 17.017 15.316 12.766 11.582 9.661 9.520 9.209 9.686 9.546 8.931 10.690 10.730 14.167 19.574 25.449 39.780 52.695 63.724 69.805 73.660 83.790 89.229 85.903 73.041 60.558 46.595 42.375 41.897 21.987 17.945 22.218 15.559 11.650 11.393
-999.250 -999.250 -999.250 -999.250 -999.250 -999.250 -999.250 -999.250 -999.250 -999.250 -999.250 -999.250 -999.250 -999.250 -999.250 -999.250 -999.250 -999.250 -999.250 -999.250 -999.250 -999.250 -999.250 -999.250 -999.250 -999.250 -999.250 -999.250 -999.250 28.929 32.044 27.137 28.705 23.163 21.899 24.034 20.407 20.516 12.626 12.201 11.805 10.397 10.080 10.836 9.711 8.234 9.476 11.347 12.106 15.641 25.759 33.701 46.218 45.463 58.222 64.155 70.553 78.669 74.860 63.787 60.622 49.408 35.808 29.910 17.917 20.051 15.300 10.807 10.296 8.023
-999.250 -999.250 -999.250 -999.250 -999.250 -999.250 -999.250 -999.250 -999.250 -999.250 -999.250 -999.250 -999.250 -999.250 -999.250 -999.250 -999.250 -999.250 -999.250 -999.250 -999.250 -999.250 -999.250 -999.250 -999.250 -999.250 -999.250 -999.250 26.087 27.561 32.906 34.343 29.831 30.391 26.555 27.278 31.260 21.534 18.366 12.043 12.793 10.934 8.535 8.699 10.203 9.819 9.903 10.614 13.080 15.132 20.520 27.715 39.685 41.115 52.848 54.352 51.596 61.549 64.472 56.917 40.902 46.275 33.944 26.511 17.306 16.742 13.058 7.464 6.624 4.437
-999.250 -999.250 -999.250 -999.250 -999.250 -999.250 -999.250 -999.250 -999.250 -999.250 -999.250 -999.250 -999.250 -999.250 -999.250 -999.250 -999.250 -999.250 -999.250 -999.250 -999.250 -999.250 -999.250 -999.250 -999.250 -999.250 -999.250 -999.250 27.641 34.124 41.370 35.642 32.550 28.675 26.537 24.225 23.681 18.026 16.148 12.133 13.334 12.477 7.928 9.133 8.336 8.201 10.664 9.858 12.615 17.662 21.255 28.365 31.229 28.953 34.144 38.922 40.608 42.252 49.046 44.873 38.226 32.414 24.674 17.613 13.152 9.648 8.812 5.976 1.752 0.000
-999.250 -999.250 -999.250 -999.250 -999.250 -999.250 -999.250 -999.250 -999.250 -999.250 -999.250 -999.250 -999.250 -999.250 -999.250 -999.250 -999.250 -999.250 -999.250 -999.250 -999.250 -999.250 -999.250 -999.250 -999.250 -999.250 -999.250 28.313 32.773 36.084 39.671 43.060 41.369 32.469 26.823 24.988 21.670 18.788 18.388 12.980 11.179 10.934 10.161 10.379 9.385 8.894 8.694 9.032 10.156 16.014 19.448 20.402 26.051 28.693 26.447 26.026 32.578 29.353 33.967 34.099 29.869 25.526 23.123 15.390 10.292 6.486 6.015 2.980 0.000 0.000
-999.250 -999.250 -999.250 -999.250 -999.250 -999.250 -999.250 -999.250 -999.250 -999.250 -999.250 -999.250 -999.250 -999.250 -999.250 -999.250 -999.250 -999.250 -999.250 -999.250 -999.250 -999.250 -999.250 -999.250 -999.250 -999.250 -999.250 35.970 40.995 40.218 44.355 58.330 51.100 40.247 34.763 24.320 20.875 18.327 15.582 15.347 12.012 11.488 10.926 10.570 10.924 11.242 10.601 9.956 11.251 13.839 14.462 17.760 17.969 20.949 19.116 18.032 18.832 20.815 23.596 23.943 19.140 19.256 13.561 13.272 7.778 3.954 2.380 0.000 0.000 0.000
-999.250 -999.250 -999.250 -999.250 -999.250 -999.250 -999.250 -999.250 -999.250 -999.250 -999.250 -999.250 -999.250 -999.250 -999.250 -999.250 -999.250 -999.250 -999.250 -999.250 -999.250 -999.250 -999.250 -999.250 -999.250 -999.250 -999.250 -999.250 29.413 42.286 56.324 49.172 50.789 42.127 35.439 32.965 21.204 16.154 12.482 17.186 16.459 11.215 11.325 10.727 10.602 9.695 10.248 9.704 10.229 11.750 12.135 12.688 12.494 10.921 10.824 13.685 12.717 14.970 17.373 14.752 10.136 12.303 8.897 5.798 4.423 3.389 0.000 0.000 0.000 0.000
-999.250 -999.250 -999.250 -999.250 -999.250 -999.250 -999.250 -999.250 -999.250 -999.250 -999.250 -999.250 -999.250 -999.250 -999.250 -999.250 -999.250 -999.250 -999.250 -999.250 -999.250 -999.250 -999.250 -999.250 -999.250 -999.250 -999.250 -999.250 -999.250 -999.250 38.306 42.427 39.088 39.069 37.173 26.895 21.863 16.331 13.819 14.280 12.792 11.722 11.349 10.861 10.877 11.967 9.925 12.861 11.720 11.504 10.264 10.439 9.369 9.750 7.706 7.452 8.314 10.172 8.206 10.101 7.698 6.304 6.652 3.386 1.362 1.324 0.000 0.000 0.000 0.000
-999.250 -999.250 -999.250 -999.250 -999.250 -999.250 -999.250 -999.250 -999.250 -999.250 -999.250 -999.250 -999.250 -999.250 -999.250 -999.250 -999.250 -999.250 -999.250 -999.250 -999.250 -999.250 -999.250 -999.250 -999.250 -999.250 -999.250 -999.250 -999.250 -999.250 34.017 37.108 33.208 39.211 30.253 29.900 21.821 19.902 15.703 13.587 13.516 10.160 9.444 10.200 10.663 9.568 10.270 10.794 10.174 9.443 9.619 7.601 5.004 5.143 4.995 4.557 4.395 4.956 2.267 1.894 1.716 0.627 0.092 0.000 0.000 0.000 0.000 0.000 0.000 0.000
-999.250 -999.250 -999.250 -999.250 -999.250 -999.250 -999.250 -999.250 -999.250 -999.250 -999.250 -999.250 -999.250 -999.250 -999.250 -999.250 -999.250 -999.250 -999.250 -999.250 -999.250 -999.250 -999.250 -999.250 -999.250 -999.250 -999.250 -999.250 -999.250 -999.250 28.857 33.286 32.310 33.034 30.046 24.192 22.562 22.253 16.856 14.883 12.855 12.132 8.117 9.200 7.453 8.278 9.398 9.128 11.034 8.688 7.170 4.817 3.228 0.516 3.231 0.000 0.238 0.059 0.000 0.000 0.000 0.000 0.000 0.000 0.000 0.000 0.000 0.000 0.000 0.000
-999.250 -999.250 -999.250 -999.250 -999.250 -999.250 -999.250 -999.250 -999.250 -999.250 -999.250 -999.250 -999.250 -999.250 -999.250 -999.250 -999.250 -999.250 -999.250 -999.250 -999.250 -999.250 -999.250 -999.250 -999.250 -999.250 -999.250 -999.250 -999.250 -999.250 -999.250 30.870 33.026 28.196 27.062 21.807 18.073 17.256 15.771 12.210 11.356 10.382 10.942 10.038 8.912 10.257 10.634 9.115 8.523 8.973 7.878 4.203 3.384 1.470 0.716 0.000 0.000 0.000 0.000 0.000 0.000 0.000 0.000 0.000 0.000 0.000 0.000 0.000 0.000 0.000
-999.250 -999.250 -999.250 -999.250 -999.250 -999.250 -999.250 -999.250 -999.250 -999.250 -999.250 -999.250 -999.250 -999.250 -999.250 -999.250 -999.250 -999.250 -999.250 -999.250 -999.250 -999.250 -999.250 -999.250 -999.250 -999.250 -999.250 -999.250 -999.250 -999.250 24.749 24.564 26.722 21.669 19.156 18.108 18.130 16.212 14.677 12.431 11.286 10.220 10.807 10.652 9.852 10.203 7.923 8.623 7.193 6.636 6.447 4.793 4.012 2.322 0.000 0.000 0.000 0.000 0.000 0.000 0.000 0.000 0.000 0.000 0.000 0.000 0.000 0.000 0.000 0.000
-999.250 -999.250 -999.250 -999.250 -999.250 -999.250 -999.250 -999.250 -999.250 -999.250 -999.250 -999.250 -999.250 -999.250 -999.250 -999.250 -999.250 -999.250 -999.250 -999.250 -999.250 -999.250 -999.250 -999.250 -999.250 -999.250 -999.250 -999.250 -999.250 -999.250 -999.250 20.295 24.443 18.767 14.046 14.778 15.359 16.551 15.679 13.577 12.705 14.105 16.116 11.896 10.088 9.762 9.561 7.703 7.337 8.726 5.664 3.660 2.248 0.406 0.335 0.000 0.000 0.000 0.000 0.000 0.000 0.000 0.000 0.000 0.000 0.000 0.000 0.000 0.000 0.000
-999.250 -999.250 -999.250 -999.250 -999.250 -999.250 -999.250 -999.250 -999.250 -999.250 -999.250 -999.250 -999.250 -999.250 -999.250 -999.250 -999.250 -999.250 -999.250 -999.250 -999.250 -999.250 -999.250 -999.250 -999.250 -999.250 -999.250 -999.250 -999.250 -999.250 18.035 18.559 22.966 15.431 15.070 16.761 15.712 12.123 11.382 11.621 13.423 14.201 15.558 11.972 11.751 12.305 11.335 9.155 8.621 5.567 5.245 4.128 1.103 0.000 0.000 0.000 0.000 0.000 0.000 0.000 0.000 0.000 0.000 0.000 0.000 0.000 0.000 0.000 0.000 0.000
-999.250 -999.250 -999.250 -999.250 -999.250 -999.250 -999.250 -999.250 -999.250 -999.250 -999.250 -999.250 -999.250 -999.250 -999.250 -999.250 -999.250 -999.250 -999.250 -999.250 -999.250 -999.250 -999.250 -999.250 -999.250 -999.250 -999.250 -999.250 -999.250 -999.250 16.949 18.522 13.908 16.798 16.156 17.802 17.590 12.703 15.066 14.685 16.555 17.843 15.631 13.942 15.523 13.248 13.489 10.593 8.543 4.391 4.190 2.556 0.000 0.000 0.000 0.000 0.000 0.000 0.000 0.000 0.000 0.000 0.000 0.000 0.000 0.000 0.000 0.000 0.000 0.000
-999.250 -999.250 -999.250 -999.250 -999.250 -999.250 -999.250 -999.250 -999.250 -999.250 -999.250 -999.250 -999.250 -999.250 -999.250 -999.250 -999.250 -999.250 -999.250 -999.250 -999.250 -999.250 -999.250 -999.250 -999.250 -999.250 -999.250 -999.250 -999.250 -999.250 15.567 16.126 17.206 17.177 17.246 14.160 12.603 12.799 13.357 14.968 14.370 13.057 12.812 10.073 13.660 13.081 13.884 12.566 9.543 5.339 3.641 0.264 0.000 0.000 0.000 0.000 0.000 0.000 0.000 0.000 0.000 0.000 0.000 0.000 0.000 0.000 0.000 0.000 0.000 0.000
-999.250 -999.250 -999.250 -999.250 -999.250 -999.250 -999.250 -999.250 -999.250 -999.250 -999.250 -999.250 -999.250 -999.250 -999.250 -999.250 -999.250 -999.250 -999.250 -999.250 -999.250 -999.250 -999.250 -999.250 -999.250 -999.250 -999.250 -999.250 -999.250 -999.250 13.492 13.166 15.046 14.625 16.369 13.311 12.559 12.285 15.344 14.167 12.705 10.307 10.947 10.292 11.241 13.906 10.361 9.666 6.615 4.238 0.664 0.000 0.000 0.000 0.000 0.000 0.000 0.000 0.000 0.000 0.000 0.000 0.000 0.000 0.000 0.000 0.000 0.000 0.000 0.000
-999.250 -999.250 -999.250 -999.250 -999.250 -999.250 -999.250 -999.250 -999.250 -999.250 -999.250 -999.250 -999.250 -999.250 -999.250 -999.250 -999.250 -999.250 -999.250 -999.250 -999.250 -999.250 -999.250 -999.250 -999.250 -999.250 -999.250 -999.250 -999.250 -999.250 15.706 13.174 11.288 11.542 14.681 12.301 10.826 11.774 10.243 14.028 14.261 10.714 12.327 11.007 10.783 9.984 9.580 8.528 5.903 2.407 0.000 0.000 0.000 0.000 0.000 0.000 0.000 0.000 0.000 0.000 0.000 0.000 0.000 0.000 0.000 0.000 0.000 0.000 0.000 0.000
-999.250 -999.250 -999.250 -999.250 -999.250 -999.250 -999.250 -999.250 -999.250 -999.250 -999.250 -999.250 -999.250 -999.250 -999.250 -999.250 -999.250 -999.250 -999.250 -999.250 -999.250 -999.250 -999.250 -999.250 -999.250 -999.250 -999.250 -999.250 -999.250 -999.250 -999.250 12.897 11.000 10.811 12.324 12.517 13.321 11.029 11.516 12.461 12.993 10.193 9.092 9.170 11.167 8.009 7.416 6.397 5.693 3.618 1.022 1.352 0.000 0.000 0.000 0.000 0.000 0.000 0.000 0.000 0.000 0.000 0.000 0.000 0.000 0.000 0.000 0.000 0.000 0.000
-999.250 -999.250 -999.250 -999.250 -999.250 -999.250 -999.250 -999.250 -999.250 -999.250 -999.250 -999.250 -999.250 -999.250 -999.250 -999.250 -999.250 -999.250 -999.250 -999.250 -999.250 -999.250 -999.250 -999.250 -999.250 -999.250 -999.250 -999.250 -999.250 -999.250 -999.250 14.186 12.868 10.359 10.164 10.152 11.403 11.317 12.122 13.389 10.562 8.794 9.507 6.249 9.167 6.571 5.758 5.877 3.298 3.532 0.739 0.000 0.000 0.000 0.000 0.000 0.000 0.000 0.000 0.000 0.000 0.000 0.000 0.000 0.000 0.000 0.000 0.000 0.427 0.027
-999.250 -999.250 -999.250 -999.250 -999.250 -999.250 -999.250 -999.250 -999.250 -999.250 -999.250 -999.250 -999.250 -999.250 -999.250 -999.250 -999.250 -999.250 -999.250 -999.250 -999.250 -999.250 -999.250 -999.250 -999.250 -999.250 -999.250 -999.250 -999.250 -999.250 11.248 9.857 11.682 9.470 9.032 10.004 10.664 12.162 8.592 9.329 8.731 9.597 8.277 7.586 7.398 6.997 5.959 3.434 1.167 3.124 4.016 0.000 0.000 0.000 0.000 0.000 0.000 0.000 0.000 0.000 0.000 0.000 0.000 0.248 0.000 0.000 0.469 0.707 0.991 2.327
