data/medianmodel_02-Apr-2020.asc
ncols	141
nrows	288
xllcorner	-120191.398
yllcorner	-301404.813
cellsize	2000.000
NODATA_value	-999.250
[rows 150 to 179 of 288, columns 0 to 67 of 141]
-999.250 -999.250 -999.250 -999.250 -999.250 -999.250 -999.250 -999.250 -999.250 -999.250 -999.250 -999.250 16.029 14.789 14.771 14.346 12.378 10.712 11.402 10.649 12.075 12.780 13.399 14.502 12.151 16.092 18.040 20.475 20.975 23.055 24.126 25.334 20.265 20.623 20.261 21.794 22.041 21.313 18.857 19.332 16.358 18.898 14.500 9.868 5.947 2.692 5.677 10.752 11.661 11.942 13.818 12.640 11.387 12.272 10.625 13.885 14.078 15.766 13.490 14.841 16.457 12.373 13.951 12.205 11.279 9.900 8.873 8.032
-999.250 -999.250 -999.250 -999.250 -999.250 -999.250 -999.250 -999.250 -999.250 -999.250 -999.250 14.561 16.703 15.017 13.557 14.811 13.129 10.075 10.551 11.015 12.622 11.867 15.627 14.559 13.793 15.444 19.552 19.388 21.158 26.045 26.034 25.929 22.961 23.097 24.753 27.158 21.989 20.501 19.166 21.110 18.597 18.515 15.829 11.197 4.036 0.000 3.733 7.721 9.954 11.379 11.990 10.528 11.633 13.047 12.581 13.712 15.649 14.008 14.392 14.214 14.130 16.416 14.438 13.568 9.612 12.766 10.891 7.813
-999.250 -999.250 -999.250 -999.250 -999.250 -999.250 -999.250 -999.250 -999.250 -999.250 14.860 14.949 14.229 15.355 13.748 10.958 13.209 11.760 8.502 8.020 10.987 10.390 13.517 16.128 15.122 13.888 18.128 18.446 21.695 22.468 24.455 24.428 22.580 23.667 21.301 18.914 20.999 22.464 24.814 18.475 15.925 18.444 15.227 12.154 6.088 0.999 4.984 5.000 8.393 10.531 11.065 8.256 11.099 10.056 13.844 13.749 15.468 16.053 15.057 17.214 15.894 15.081 14.303 13.236 11.948 11.825 11.036 9.994
-999.250 -999.250 -999.250 -999.250 -999.250 -999.250 -999.250 -999.250 -999.250 19.106 16.759 16.301 14.672 12.557 11.235 8.439 11.170 9.369 8.747 7.705 8.889 13.035 13.577 13.964 14.890 17.647 18.313 22.223 23.161 24.792 22.126 26.277 26.452 28.318 23.480 24.138 20.821 23.918 23.349 24.390 19.840 17.571 18.418 12.987 6.033 0.872 2.942 5.810 6.397 9.448 10.149 11.204 10.303 11.629 13.943 14.326 14.218 19.725 17.520 15.654 18.016 14.150 14.893 13.256 13.661 9.479 8.649 11.988
-999.250 -999.250 -999.250 -999.250 -999.250 17.079 18.867 16.055 19.111 16.264 19.893 17.802 14.522 12.759 11.276 12.201 12.557 13.729 9.441 12.622 12.500 13.434 12.961 15.529 14.664 16.164 21.167 23.108 24.253 28.952 28.670 29.850 32.460 28.072 26.054 23.248 24.538 28.671 30.893 26.041 23.213 23.151 17.354 14.120 10.555 4.687 0.000 5.695 6.955 9.282 7.783 10.869 11.878 9.679 12.707 12.101 14.990 16.822 18.239 14.141 14.459 15.551 12.213 13.679 13.796 11.918 9.708 11.069
-999.250 -999.250 -999.250 -999.250 -999.250 -999.250 -999.250 17.769 16.553 17.011 13.589 13.431 14.068 11.221 12.448 13.556 10.660 13.364 15.600 14.143 14.918 15.858 14.943 14.776 14.923 14.721 19.605 25.221 31.179 30.975 38.552 35.272 41.390 35.346 31.824 28.338 33.995 28.448 30.247 29.025 30.077 20.511 20.854 16.547 13.816 9.827 5.949 6.662 10.169 9.589 8.310 9.819 9.243 9.522 14.637 15.216 13.436 18.036 14.590 13.224 14.550 13.197 10.777 11.578 12.615 11.196 10.447 10.323
-999.250 -999.250 -999.250 -999.250 -999.250 -999.250 -999.250 14.655 13.672 14.075 13.677 12.971 12.859 10.256 10.637 12.634 12.394 12.971 16.046 16.917 16.496 15.176 16.919 17.219 16.825 20.453 22.685 27.905 31.477 36.522 41.758 43.443 40.367 35.945 38.950 32.359 36.037 33.995 39.910 30.764 31.334 31.761 25.428 20.391 16.235 15.340 10.616 9.475 10.454 11.848 9.018 9.841 11.132 11.567 13.866 15.004 16.422 13.499 13.954 12.801 10.932 13.186 11.316 10.178 11.049 8.964 9.486 11.070
-999.250 -999.250 -999.250 -999.250 -999.250 -999.250 -999.250 10.787 13.451 13.753 12.164 10.128 9.069 8.238 11.705 13.618 13.800 12.881 15.692 17.012 15.481 19.094 19.293 19.452 19.256 21.767 25.523 32.489 34.262 38.114 45.136 49.364 42.055 36.936 40.961 44.234 40.464 34.959 43.492 36.698 36.234 32.452 28.444 23.326 19.195 14.855 12.196 12.094 13.916 11.020 11.675 12.114 13.986 12.021 11.675 14.587 15.311 13.252 14.857 11.197 13.105 13.261 10.904 11.255 10.198 7.993 8.392 9.237
-999.250 -999.250 -999.250 -999.250 -999.250 -999.250 -999.250 11.736 9.903 9.782 11.281 9.339 9.634 9.960 11.129 11.004 12.782 13.842 15.803 17.459 21.399 20.374 20.444 21.297 23.672 21.056 21.883 29.374 39.521 39.454 42.160 43.987 41.163 40.515 40.499 40.014 37.913 39.718 45.343 40.480 33.763 32.790 27.690 24.330 22.804 20.138 16.122 14.932 13.597 14.934 15.903 15.157 12.115 14.085 16.657 16.375 16.312 13.894 14.704 14.219 12.998 14.565 11.263 11.749 8.861 7.893 6.955 7.110
-999.250 -999.250 -999.250 -999.250 -999.250 -999.250 -999.250 -999.250 7.703 5.101 8.767 8.118 7.098 7.725 10.366 8.537 12.350 14.105 16.998 17.169 19.365 22.188 22.211 24.537 22.931 23.544 25.468 31.525 42.447 41.976 42.353 40.416 47.465 38.192 44.216 41.674 45.598 41.697 39.998 40.738 35.653 35.215 31.305 27.938 23.805 23.954 17.375 16.832 16.021 17.942 18.288 16.141 13.887 12.357 14.081 15.727 15.027 15.485 13.800 15.265 15.528 13.177 11.126 10.916 7.703 5.327 4.344 6.411
-999.250 -999.250 -999.250 -999.250 -999.250 -999.250 -999.250 -999.250 5.774 3.868 7.783 8.475 7.122 7.840 9.530 7.963 10.883 13.739 17.857 21.523 19.715 20.148 24.318 24.190 26.638 27.726 26.648 35.802 36.967 41.324 41.581 46.734 39.961 43.533 50.846 46.789 53.557 44.401 39.466 36.551 41.120 42.499 39.347 28.070 31.973 22.864 21.406 19.277 16.872 16.873 17.053 16.898 13.640 12.275 13.283 14.082 15.572 13.087 15.864 15.060 14.266 15.268 10.299 7.486 3.021 0.000 5.655 5.460
-999.250 -999.250 -999.250 -999.250 -999.250 -999.250 -999.250 13.869 11.401 9.613 10.551 10.877 8.290 9.774 8.830 9.212 11.637 14.326 15.867 17.739 21.020 22.272 24.134 27.210 24.939 27.498 28.752 28.953 32.195 35.897 42.624 38.863 41.033 45.607 47.623 52.325 52.246 45.912 38.673 40.607 35.758 41.797 41.842 34.547 39.008 31.045 27.112 22.283 20.972 19.622 18.625 16.272 15.505 15.181 13.509 16.106 12.198 12.270 13.732 12.583 12.867 11.733 9.877 6.640 5.448 3.014 5.495 6.402
-999.250 -999.250 -999.250 -999.250 -999.250 -999.250 -999.250 14.859 14.318 13.358 12.391 13.017 10.410 9.862 10.081 13.839 13.086 15.541 17.110 17.987 21.941 20.773 25.153 23.748 25.460 24.591 28.875 32.240 34.783 36.147 46.483 43.467 45.089 44.968 50.817 53.189 47.216 39.477 35.008 38.324 34.520 32.900 36.098 37.023 37.246 37.658 29.422 23.680 24.763 21.850 18.777 16.126 15.774 16.098 14.880 15.815 15.658 14.658 14.222 12.205 12.663 11.910 10.147 8.913 8.186 5.679 5.423 6.451
-999.250 -999.250 -999.250 -999.250 -999.250 -999.250 -999.250 15.646 15.860 14.263 14.944 13.787 13.220 12.633 14.537 14.599 14.305 15.603 21.502 21.666 22.154 23.864 27.621 25.180 23.945 29.039 29.051 28.294 35.409 42.827 41.367 39.394 46.966 44.007 46.970 48.804 44.437 34.504 31.048 32.609 35.872 38.479 37.163 36.836 36.950 32.115 37.802 29.258 27.676 23.064 23.459 20.339 16.914 15.287 16.562 14.924 16.693 15.408 13.476 14.110 12.186 11.259 10.095 8.724 9.844 8.747 9.255 10.007
-999.250 -999.250 -999.250 -999.250 -999.250 -999.250 -999.250 18.525 16.456 15.240 15.053 14.295 14.934 14.481 12.647 15.459 15.200 16.044 17.958 18.446 22.585 24.597 23.697 25.664 26.708 25.588 25.807 27.557 31.738 44.401 44.084 45.668 48.767 43.141 43.055 43.732 41.427 32.898 32.634 29.926 37.498 34.358 31.373 35.950 35.696 35.123 39.972 28.972 28.855 37.378 27.059 22.559 18.908 16.554 20.102 17.054 18.283 14.420 14.431 15.366 14.347 10.541 11.068 9.634 7.770 8.610 11.186 10.758
-999.250 -999.250 -999.250 -999.250 -999.250 -999.250 19.310 20.676 17.380 17.157 16.068 15.440 17.118 16.335 14.662 16.736 16.768 17.118 19.377 21.594 21.753 22.784 26.814 30.198 26.357 23.651 22.843 23.188 28.628 40.211 49.079 46.135 46.994 37.494 39.071 36.568 37.990 30.409 29.289 27.821 33.608 34.621 30.279 33.815 40.570 34.030 34.934 33.486 31.762 27.614 27.896 26.677 20.983 23.458 17.874 16.316 16.256 14.560 15.936 12.434 14.070 13.401 12.280 8.875 11.291 11.082 9.870 8.722
-999.250 -999.250 -999.250 -999.250 -999.250 -999.250 16.617 21.048 23.551 22.424 16.634 15.848 18.924 16.178 17.074 17.780 16.494 17.838 19.573 19.876 23.794 20.576 26.059 25.583 24.951 22.458 20.357 21.388 25.242 29.569 36.228 42.288 41.107 38.625 35.023 37.937 32.396 29.182 32.177 25.700 31.438 32.752 31.176 32.995 32.580 31.525 37.400 32.377 25.896 28.895 24.580 24.163 30.660 22.091 19.386 16.239 14.643 12.752 14.584 13.995 12.163 14.127 14.922 13.258 12.413 12.595 8.162 8.976
-999.250 -999.250 -999.250 -999.250 -999.250 24.470 26.718 20.483 20.376 25.186 21.463 18.564 16.870 16.644 17.846 16.328 15.861 18.697 18.044 19.431 20.959 19.030 20.475 23.404 22.156 20.153 18.734 17.609 20.290 24.864 29.558 39.569 35.619 32.022 27.807 31.122 32.770 30.667 31.877 28.317 26.178 33.706 34.003 31.734 37.600 34.379 37.522 30.863 26.148 28.280 23.879 26.525 26.558 22.456 19.414 17.031 17.954 14.228 12.506 13.526 11.156 13.496 13.195 12.112 11.993 13.643 11.975 10.700
-999.250 -999.250 -999.250 -999.250 -999.250 38.529 37.884 27.516 28.456 23.139 19.216 19.101 18.614 17.725 16.750 16.007 15.367 17.825 15.727 18.065 17.447 18.314 18.505 21.329 22.619 22.540 18.506 19.677 19.527 23.165 26.314 29.086 33.055 36.771 26.093 25.104 26.441 26.447 28.704 24.368 26.559 34.229 32.120 34.022 34.854 37.586 34.506 33.020 40.939 30.267 21.481 23.891 24.904 27.873 28.040 22.298 17.033 15.730 14.101 9.095 13.409 13.720 12.624 12.275 10.542 9.901 11.605 8.468
-999.250 -999.250 -999.250 -999.250 32.161 35.556 31.177 33.282 24.786 22.890 19.943 16.723 15.315 12.826 15.685 14.956 14.280 13.905 15.670 16.416 17.980 17.869 18.239 22.015 21.030 19.117 18.069 17.469 20.165 24.703 25.174 30.093 30.855 27.031 24.271 25.984 26.361 25.847 28.376 28.588 26.155 34.498 35.940 31.894 38.902 39.729 38.623 37.940 37.463 33.974 25.208 26.116 23.176 23.361 28.621 22.936 17.243 17.241 13.171 14.097 13.194 13.537 12.105 8.817 9.978 12.663 12.303 11.589
-999.250 -999.250 -999.250 -999.250 34.962 34.695 33.055 29.347 24.594 25.138 20.665 20.265 16.569 14.434 14.007 12.056 9.312 12.218 14.916 14.989 16.951 17.525 18.160 18.124 20.214 20.160 20.481 20.784 21.988 25.649 26.002 26.893 25.856 22.037 20.551 22.530 18.851 20.555 21.766 24.590 23.651 28.628 27.961 32.150 34.065 40.781 42.562 41.172 45.292 33.498 24.557 26.080 21.408 20.160 26.990 18.009 18.949 17.529 13.840 11.841 12.934 13.916 10.734 10.932 11.207 13.025 10.119 8.354
-999.250 -999.250 -999.250 -999.250 38.907 39.634 30.998 27.013 23.571 23.432 20.115 18.232 17.256 13.513 9.610 7.994 6.788 6.699 9.228 11.403 13.159 16.035 17.238 18.491 18.271 22.530 20.500 21.272 20.306 20.778 23.112 22.286 23.041 23.199 18.672 18.042 15.174 19.693 24.169 24.146 23.919 24.007 27.220 32.520 32.961 39.011 40.768 37.334 34.801 36.918 36.819 31.430 26.418 20.431 26.797 19.467 17.844 12.684 13.382 9.906 12.488 9.798 7.053 8.242 11.764 10.802 9.960 8.421
-999.250 -999.250 -999.250 -999.250 37.758 35.621 28.420 28.777 30.722 22.518 21.627 16.272 15.446 11.207 8.145 5.490 3.369 4.494 7.213 7.452 12.557 15.388 16.436 17.600 18.166 22.740 21.297 20.543 24.195 22.880 24.957 21.520 24.199 21.216 17.340 14.088 15.489 20.422 23.800 27.013 25.269 25.799 32.535 33.001 39.101 33.693 32.374 36.063 41.291 36.364 35.170 31.094 26.312 21.772 20.126 18.984 15.669 16.384 14.428 9.420 10.719 10.270 6.408 8.730 12.837 12.064 9.568 7.368
-999.250 -999.250 -999.250 -999.250 37.000 33.412 30.074 29.231 29.129 21.725 22.168 17.093 17.021 11.619 7.493 2.389 0.000 1.881 6.321 7.647 10.944 14.057 16.758 18.522 21.539 23.187 24.296 23.495 27.153 30.067 26.094 24.746 24.303 25.784 20.839 19.912 21.927 24.197 29.127 32.676 32.282 40.665 38.012 38.401 40.844 41.136 33.367 41.037 39.045 38.745 26.699 30.951 29.637 25.961 21.483 18.822 15.550 13.551 12.062 9.641 7.538 10.106 9.223 9.200 10.318 10.637 8.491 7.001
-999.250 -999.250 -999.250 -999.250 44.156 41.789 36.703 30.582 29.461 25.275 21.744 17.833 13.300 11.346 9.672 4.236 2.156 3.950 5.951 6.489 10.137 14.954 15.664 19.989 21.712 23.615 24.641 25.825 31.593 26.961 30.713 29.717 32.054 27.081 26.650 26.879 29.304 30.560 31.266 36.316 43.180 37.132 34.084 44.442 44.658 41.726 43.546 42.192 44.992 35.727 34.066 27.628 25.085 23.598 20.600 16.475 14.844 12.756 7.995 6.554 7.222 7.486 9.093 9.039 9.893 10.960 8.410 7.429
-999.250 -999.250 -999.250 -999.250 46.546 39.039 38.791 33.668 29.951 29.259 23.070 16.789 12.925 12.082 10.603 5.924 7.356 5.715 9.039 9.771 14.063 16.678 17.477 19.435 23.020 21.268 26.586 27.034 34.726 36.440 37.849 34.262 36.760 34.765 28.620 33.420 35.145 39.034 36.920 40.338 37.755 39.951 43.064 47.131 47.208 40.604 41.044 46.830 41.575 35.721 32.262 27.837 26.638 21.509 20.429 13.391 11.319 4.840 5.717 6.390 5.927 7.576 7.911 7.056 7.675 10.068 8.559 10.458
-999.250 -999.250 -999.250 -999.250 40.867 42.438 41.216 40.087 36.127 28.381 28.129 19.044 17.186 14.133 11.940 11.029 9.694 10.319 9.597 13.029 12.919 15.837 16.168 20.839 23.962 26.139 27.129 34.814 37.531 43.088 36.908 41.680 46.968 37.896 39.482 36.328 36.879 36.463 38.396 48.106 48.817 43.455 50.768 51.514 52.755 45.424 50.839 47.140 45.227 30.346 28.879 26.776 24.949 21.879 20.457 15.184 9.157 0.000 1.927 5.699 6.446 5.536 7.270 8.521 7.478 7.053 7.277 8.456
-999.250 -999.250 -999.250 -999.250 37.591 40.485 43.050 40.348 40.405 30.470 30.451 21.576 19.555 17.780 15.911 15.758 14.354 14.160 15.146 16.957 17.047 17.683 25.574 21.134 28.930 30.965 36.528 43.848 49.143 46.104 54.691 50.938 50.205 46.662 46.949 42.082 36.590 38.598 42.317 51.842 50.672 52.007 51.947 56.360 51.414 46.244 49.227 46.236 46.390 36.983 34.985 30.668 23.034 20.660 17.435 15.795 10.732 2.857 2.099 3.818 6.009 5.231 7.895 7.848 8.730 8.045 5.478 8.394
-999.250 -999.250 -999.250 -999.250 41.350 38.074 36.434 41.447 35.121 37.917 32.896 27.606 24.465 22.434 20.684 19.084 18.307 17.404 18.613 19.949 21.630 21.163 26.066 30.749 39.910 39.592 45.690 53.022 50.201 54.732 57.775 60.954 52.894 52.754 51.657 51.385 50.585 46.245 47.375 55.152 55.515 50.821 54.142 51.196 49.663 54.561 51.787 50.817 47.839 39.810 32.223 27.022 23.528 23.910 21.984 14.510 13.483 8.655 4.941 4.434 6.839 7.806 5.598 6.860 9.649 9.196 7.951 6.877
-999.250 -999.250 -999.250 46.204 41.000 37.457 42.012 39.412 40.217 37.258 36.580 31.925 30.591 29.409 24.969 20.304 25.554 24.335 24.325 23.870 26.064 30.181 34.241 34.156 39.975 47.367 46.362 45.073 51.612 57.608 60.002 64.087 66.275 60.926 60.874 60.759 58.432 52.734 56.124 53.774 48.523 57.149 46.169 52.406 53.712 52.971 52.658 48.447 39.693 39.591 34.373 23.668 19.917 21.048 21.982 16.327 13.829 12.267 8.838 8.526 9.652 8.801 7.631 7.859 7.922 6.752 9.098 8.463
