data/medianmodel_29-Sep-2020.asc
ncols	141
nrows	288
xllcorner	-120191.398
yllcorner	-301404.813
cellsize	2000.000
NODATA_value	-999.250
[rows 60 to 89 of 288, columns 67 to 133 of 141]
33.804 26.605 18.357 19.375 17.826 20.541 26.383 23.438 22.900 19.661 18.561 16.281 15.843 16.765 19.271 26.766 36.094 48.261 58.379 66.350 70.128 73.940 77.290 70.023 64.874 56.696 44.629 32.741 25.745 22.146 21.631 21.008 24.152 33.882 48.921 65.294 92.521 136.028 161.584 219.320 266.299 332.719 362.392 444.623 476.618 495.922 577.471 567.190 558.265 -999.250 -999.250 -999.250 -999.250 -999.250 -999.250 -999.250 -999.250 -999.250 -999.250 -999.250 -999.250 -999.250 -999.250 -999.250 -999.250 -999.250 -999.250
28.438 22.512 19.135 17.596 17.007 22.334 29.520 29.852 29.818 28.703 25.995 25.784 24.019 26.574 32.258 35.612 54.047 70.386 82.538 91.844 103.645 99.277 105.153 99.071 84.455 76.640 64.538 54.573 45.307 41.465 35.673 35.469 35.217 41.252 56.570 77.083 108.823 134.041 160.768 225.355 284.423 309.924 376.181 433.105 488.580 485.569 471.516 489.212 -999.250 -999.250 -999.250 -999.250 -999.250 -999.250 -999.250 -999.250 -999.250 -999.250 -999.250 -999.250 -999.250 -999.250 -999.250 -999.250 -999.250 -999.250 -999.250
24.731 20.819 17.428 16.352 19.182 24.915 31.875 38.442 34.896 34.226 33.631 35.568 35.781 42.957 50.598 60.096 74.904 94.307 114.713 119.384 130.459 134.135 127.575 122.555 115.177 107.370 90.044 72.128 62.428 56.800 50.547 49.410 50.089 54.458 65.169 82.005 104.777 150.400 181.134 219.526 266.049 310.624 373.647 -999.250 -999.250 -999.250 -999.250 -999.250 -999.250 -999.250 -999.250 -999.250 -999.250 -999.250 -999.250 -999.250 -999.250 -999.250 -999.250 -999.250 -999.250 -999.250 -999.250 -999.250 -999.250 -999.250 -999.250
21.427 17.588 15.082 15.763 19.255 25.046 29.842 34.531 38.927 40.339 45.536 47.064 54.156 61.791 70.551 82.169 104.337 131.692 159.363 177.292 175.035 168.092 156.921 156.002 154.381 131.362 110.526 87.615 80.066 70.568 69.255 64.246 61.000 60.911 67.702 89.035 116.397 132.476 191.167 207.899 259.384 298.332 369.403 424.551 -999.250 -999.250 -999.250 -999.250 -999.250 -999.250 -999.250 -999.250 -999.250 -999.250 -999.250 -999.250 -999.250 -999.250 -999.250 -999.250 -999.250 -999.250 -999.250 -999.250 -999.250 -999.250 -999.250
16.942 16.550 16.838 18.824 17.166 26.844 29.013 33.477 39.427 47.339 57.899 64.577 74.610 93.820 98.393 119.710 146.305 177.983 200.501 214.954 200.405 198.066 191.841 180.835 167.334 157.052 122.079 106.719 91.834 79.956 87.203 75.069 64.080 65.376 77.182 90.869 108.883 143.532 177.083 196.301 249.991 312.474 330.569 367.139 462.616 -999.250 -999.250 -999.250 -999.250 -999.250 -999.250 -999.250 -999.250 -999.250 -999.250 -999.250 -999.250 -999.250 -999.250 -999.250 -999.250 -999.250 -999.250 -999.250 -999.250 -999.250 -999.250
15.308 14.391 14.071 14.681 17.869 23.931 28.507 35.585 45.821 57.800 71.276 81.622 98.976 114.545 132.735 150.532 186.615 203.283 236.708 252.691 249.775 241.195 219.068 184.877 179.733 163.560 138.089 112.821 94.568 87.188 86.569 81.852 70.078 70.083 77.617 92.434 107.040 134.102 169.414 200.173 259.666 273.286 315.280 338.322 398.483 -999.250 -999.250 -999.250 -999.250 -999.250 -999.250 -999.250 -999.250 -999.250 -999.250 -999.250 -999.250 -999.250 -999.250 -999.250 -999.250 -999.250 -999.250 -999.250 -999.250 -999.250 -999.250
13.561 13.414 13.992 13.732 17.279 23.014 31.160 35.919 49.847 62.585 78.106 96.477 113.757 146.799 159.940 192.063 229.418 280.838 301.120 290.317 308.469 295.797 265.050 241.359 196.603 171.885 141.111 117.163 104.277 100.201 86.338 80.690 70.847 71.553 79.390 86.588 114.655 146.490 166.047 191.443 230.584 279.754 291.632 318.246 352.517 391.499 -999.250 -999.250 -999.250 -999.250 -999.250 -999.250 -999.250 -999.250 -999.250 -999.250 -999.250 -999.250 -999.250 -999.250 -999.250 -999.250 -999.250 -999.250 -999.250 -999.250 -999.250
12.812 13.641 13.644 13.349 16.151 21.048 26.222 35.527 51.217 63.051 84.169 110.217 132.539 172.056 180.767 229.615 273.436 307.684 332.873 332.076 352.545 343.773 300.069 268.078 212.031 188.082 154.751 120.151 111.867 99.654 86.458 80.249 77.663 78.572 73.409 90.624 108.457 144.656 149.892 176.608 207.253 252.876 286.533 311.171 333.545 324.581 325.659 -999.250 -999.250 -999.250 -999.250 -999.250 -999.250 -999.250 -999.250 -999.250 -999.250 -999.250 -999.250 -999.250 -999.250 -999.250 -999.250 -999.250 -999.250 -999.250 -999.250
11.234 11.475 14.469 13.068 13.577 19.133 25.179 31.612 45.154 62.715 84.510 114.105 147.274 190.392 234.978 279.508 314.020 346.318 344.890 365.364 371.558 347.771 319.362 277.052 232.751 204.356 170.466 140.341 107.751 101.674 79.252 77.675 77.404 70.599 74.154 85.271 97.175 117.374 143.022 171.019 193.593 219.725 262.970 295.101 305.699 293.347 306.328 -999.250 -999.250 -999.250 -999.250 -999.250 -999.250 -999.250 -999.250 -999.250 -999.250 -999.250 -999.250 -999.250 -999.250 -999.250 -999.250 -999.250 -999.250 -999.250 -999.250
11.392 9.401 11.112 9.589 12.072 15.304 17.482 29.422 44.883 62.934 80.454 128.601 160.318 205.917 272.318 300.341 343.938 357.511 392.661 417.647 450.722 397.013 339.637 275.383 233.644 222.550 172.378 150.431 119.630 94.170 75.166 70.393 65.039 71.293 70.414 82.381 94.558 110.770 125.827 154.957 180.014 202.215 233.001 263.997 260.794 254.184 278.464 -999.250 -999.250 -999.250 -999.250 -999.250 -999.250 -999.250 -999.250 -999.250 -999.250 -999.250 -999.250 -999.250 -999.250 -999.250 -999.250 -999.250 -999.250 -999.250 -999.250
7.749 8.322 6.964 4.958 8.442 11.973 17.610 24.801 33.246 55.347 77.412 116.481 159.244 226.123 255.438 337.695 360.863 428.284 407.957 444.150 500.371 452.880 377.673 303.151 247.995 197.197 163.198 141.429 109.924 87.413 72.041 63.379 60.563 58.437 59.589 70.158 83.332 103.687 117.259 141.490 158.918 173.706 201.126 215.394 230.054 251.037 232.163 253.930 227.642 -999.250 -999.250 -999.250 -999.250 -999.250 -999.250 -999.250 -999.250 -999.250 -999.250 -999.250 -999.250 -999.250 -999.250 -999.250 -999.250 -999.250 -999.250
7.008 4.408 2.128 4.778 5.438 8.010 12.771 18.942 28.134 42.671 80.994 115.243 163.505 204.572 278.875 328.086 367.389 410.623 417.775 494.096 469.524 446.146 352.531 301.199 255.816 190.001 149.766 119.615 97.761 77.304 57.212 56.017 51.116 49.934 49.892 61.151 72.460 82.197 103.687 123.585 151.691 165.883 172.225 179.429 185.429 204.651 201.683 219.399 198.921 -999.250 -999.250 -999.250 -999.250 -999.250 -999.250 -999.250 -999.250 -999.250 -999.250 -999.250 -999.250 -999.250 -999.250 -999.250 -999.250 -999.250 -999.250
7.005 0.503 0.000 0.000 1.319 5.791 10.691 15.841 26.376 42.654 74.037 115.816 176.805 230.775 265.178 327.195 380.342 399.565 439.358 484.000 477.713 437.289 334.102 270.987 192.837 156.287 113.305 91.158 70.226 54.984 48.447 41.621 35.887 37.610 41.020 51.965 67.258 77.530 96.658 114.153 135.719 150.429 146.404 168.462 183.986 179.053 171.091 181.448 -999.250 -999.250 -999.250 -999.250 -999.250 -999.250 -999.250 -999.250 -999.250 -999.250 -999.250 -999.250 -999.250 -999.250 -999.250 -999.250 -999.250 -999.250 -999.250
8.695 1.788 0.120 0.000 0.000 2.393 8.780 14.014 25.894 45.348 76.138 105.957 160.466 221.700 272.312 339.028 379.775 413.169 455.299 464.132 481.214 416.799 308.514 233.396 174.121 119.519 88.954 67.925 48.870 38.198 32.563 30.266 26.816 29.727 33.344 43.686 56.317 64.152 76.454 97.940 111.872 136.379 141.667 152.476 150.444 145.001 150.690 161.088 -999.250 -999.250 -999.250 -999.250 -999.250 -999.250 -999.250 -999.250 -999.250 -999.250 -999.250 -999.250 -999.250 -999.250 -999.250 -999.250 -999.250 -999.250 -999.250
12.443 7.341 3.871 0.223 0.000 1.142 2.669 10.160 23.341 40.270 65.993 105.435 153.917 208.589 287.647 334.709 402.357 440.265 453.449 493.663 432.013 356.534 277.065 206.321 140.584 78.666 54.429 42.547 32.263 25.230 17.340 16.496 14.871 16.266 23.780 31.841 41.996 60.107 70.652 87.151 101.150 108.629 120.710 122.231 130.562 127.727 136.867 140.249 -999.250 -999.250 -999.250 -999.250 -999.250 -999.250 -999.250 -999.250 -999.250 -999.250 -999.250 -999.250 -999.250 -999.250 -999.250 -999.250 -999.250 -999.250 -999.250
14.679 10.958 6.051 4.534 0.000 1.252 0.873 7.767 16.153 31.901 56.954 95.536 134.325 216.336 282.075 312.172 375.508 412.326 490.488 487.984 396.504 308.021 262.927 175.447 108.371 33.803 26.798 22.879 14.787 11.491 6.753 7.198 6.232 9.472 16.465 25.206 35.499 46.998 61.781 78.582 85.174 102.930 100.250 110.580 102.421 120.321 117.107 130.592 -999.250 -999.250 -999.250 -999.250 -999.250 -999.250 -999.250 -999.250 -999.250 -999.250 -999.250 -999.250 -999.250 -999.250 -999.250 -999.250 -999.250 -999.250 -999.250
17.471 13.004 9.856 8.823 0.484 0.951 0.000 0.000 6.661 14.457 32.669 70.799 115.849 178.724 242.707 325.001 347.693 455.754 515.907 438.367 343.730 309.652 217.851 167.699 92.785 45.953 18.337 11.190 7.200 0.000 0.000 0.000 0.048 1.025 8.536 15.081 25.464 35.366 49.780 62.911 72.385 81.694 90.667 93.989 102.398 104.750 103.494 107.935 -999.250 -999.250 -999.250 -999.250 -999.250 -999.250 -999.250 -999.250 -999.250 -999.250 -999.250 -999.250 -999.250 -999.250 -999.250 -999.250 -999.250 -999.250 -999.250
24.365 18.547 13.521 10.481 7.583 0.752 0.000 0.000 0.000 0.000 8.636 49.910 91.810 152.034 207.691 276.827 327.074 382.740 433.610 343.472 305.559 274.837 191.178 151.775 94.314 53.795 26.147 9.289 0.000 0.000 0.000 0.000 0.000 0.000 1.630 10.067 18.968 28.976 37.648 51.522 59.349 73.747 78.894 88.337 87.034 90.773 87.925 83.708 -999.250 -999.250 -999.250 -999.250 -999.250 -999.250 -999.250 -999.250 -999.250 -999.250 -999.250 -999.250 -999.250 -999.250 -999.250 -999.250 -999.250 -999.250 -999.250
27.237 23.189 19.606 15.106 11.330 7.433 1.040 0.000 0.000 0.000 10.132 34.696 76.202 118.679 176.154 234.071 289.329 292.751 324.007 325.988 274.581 222.599 177.414 126.798 81.973 48.430 25.584 12.531 0.000 0.000 0.000 0.000 0.000 0.000 0.000 5.640 13.613 21.131 29.346 40.858 54.728 59.976 72.787 70.486 75.190 78.649 76.967 79.193 -999.250 -999.250 -999.250 -999.250 -999.250 -999.250 -999.250 -999.250 -999.250 -999.250 -999.250 -999.250 -999.250 -999.250 -999.250 -999.250 -999.250 -999.250 -999.250
34.432 30.738 28.032 24.305 17.557 13.720 7.629 0.000 0.000 0.000 10.397 28.537 57.694 98.079 139.814 181.565 218.292 237.141 256.320 242.536 213.310 177.258 145.881 108.216 70.915 43.630 23.130 10.019 0.180 0.000 0.000 0.000 0.000 0.000 0.000 6.428 11.956 16.287 24.491 35.119 47.837 53.497 62.985 62.794 64.133 69.825 63.390 70.746 -999.250 -999.250 -999.250 -999.250 -999.250 -999.250 -999.250 -999.250 -999.250 -999.250 -999.250 -999.250 -999.250 -999.250 -999.250 -999.250 -999.250 -999.250 -999.250
41.759 42.949 40.280 33.347 24.896 19.045 13.225 6.639 0.382 0.000 7.021 19.750 44.506 72.990 104.845 118.453 165.871 186.031 182.709 172.822 160.786 145.313 105.761 80.827 59.287 37.054 17.694 9.537 0.000 0.000 0.000 0.000 0.000 0.000 0.000 3.029 8.730 13.375 21.692 31.336 35.766 45.681 49.808 52.749 50.393 55.726 55.682 64.110 64.735 -999.250 -999.250 -999.250 -999.250 -999.250 -999.250 -999.250 -999.250 -999.250 -999.250 -999.250 -999.250 -999.250 -999.250 -999.250 -999.250 -999.250 -999.250
51.721 54.159 52.895 43.991 35.156 26.568 16.810 13.673 8.460 5.794 8.573 14.055 31.426 54.646 72.869 86.851 108.162 113.580 127.286 118.720 109.631 95.374 80.826 62.074 38.721 27.550 14.879 5.732 0.000 0.000 0.000 0.000 0.000 0.000 0.000 1.817 9.584 12.549 20.926 24.615 32.111 37.909 36.396 42.722 42.942 43.700 50.997 54.315 58.156 -999.250 -999.250 -999.250 -999.250 -999.250 -999.250 -999.250 -999.250 -999.250 -999.250 -999.250 -999.250 -999.250 -999.250 -999.250 -999.250 -999.250 -999.250
55.264 59.368 66.839 53.712 41.039 35.163 28.890 24.863 17.801 17.551 15.504 20.511 27.485 35.756 48.548 54.812 61.201 69.110 71.554 70.331 68.698 59.522 53.596 43.501 29.657 19.937 13.049 3.672 0.092 0.000 0.000 0.000 0.000 0.000 0.000 3.435 7.668 13.567 21.794 22.467 29.515 31.359 32.850 35.143 38.250 39.759 43.777 46.762 55.646 -999.250 -999.250 -999.250 -999.250 -999.250 -999.250 -999.250 -999.250 -999.250 -999.250 -999.250 -999.250 -999.250 -999.250 -999.250 -999.250 -999.250 -999.250
64.434 61.723 62.184 57.610 52.095 41.503 37.325 33.412 33.624 30.146 27.056 22.859 24.703 28.625 30.353 30.443 30.264 29.572 33.204 38.883 37.485 36.549 31.809 26.882 18.798 13.586 7.986 4.421 3.674 1.699 0.000 0.000 0.000 0.000 2.220 4.706 8.130 12.886 17.756 23.907 26.541 31.633 29.815 30.378 32.205 36.335 36.356 40.722 43.150 -999.250 -999.250 -999.250 -999.250 -999.250 -999.250 -999.250 -999.250 -999.250 -999.250 -999.250 -999.250 -999.250 -999.250 -999.250 -999.250 -999.250 -999.250
63.576 66.962 61.979 60.831 57.060 52.050 42.907 47.660 46.196 46.528 38.575 29.270 27.187 21.720 16.703 17.438 11.320 0.000 8.973 17.058 19.840 18.878 16.880 14.434 11.941 8.129 5.444 2.164 1.983 4.256 2.045 0.410 1.411 1.932 2.939 4.670 9.128 12.196 17.397 24.241 24.593 28.298 28.138 27.055 28.320 30.751 33.381 34.305 -999.250 -999.250 -999.250 -999.250 -999.250 -999.250 -999.250 -999.250 -999.250 -999.250 -999.250 -999.250 -999.250 -999.250 -999.250 -999.250 -999.250 -999.250 -999.250
63.583 63.538 61.624 61.590 56.101 54.326 57.590 55.363 60.187 64.830 51.146 32.765 25.792 18.941 12.796 9.621 0.000 0.000 0.000 0.219 3.861 7.572 6.094 6.490 5.783 2.151 3.865 4.195 5.388 8.703 7.804 7.504 10.152 7.645 5.180 7.743 10.776 13.710 16.075 22.602 23.321 20.659 24.585 23.676 22.905 25.728 24.877 29.217 -999.250 -999.250 -999.250 -999.250 -999.250 -999.250 -999.250 -999.250 -999.250 -999.250 -999.250 -999.250 -999.250 -999.250 -999.250 -999.250 -999.250 -999.250 -999.250
63.245 64.976 67.244 63.336 61.781 58.707 59.815 57.701 60.026 57.679 50.848 37.267 26.874 19.448 11.943 6.870 0.000 0.000 0.000 0.000 0.000 0.000 0.000 1.735 1.817 3.650 2.701 6.962 10.497 13.198 13.129 13.434 11.077 10.766 13.017 14.684 13.183 14.881 17.638 22.756 21.116 20.413 15.753 19.553 19.340 20.936 20.340 -999.250 -999.250 -999.250 -999.250 -999.250 -999.250 -999.250 -999.250 -999.250 -999.250 -999.250 -999.250 -999.250 -999.250 -999.250 -999.250 -999.250 -999.250 -999.250 -999.250
67.610 66.536 69.627 68.197 65.379 60.634 60.281 56.330 58.312 54.646 46.492 36.758 25.893 17.930 11.397 4.607 0.000 0.000 0.000 0.000 0.000 0.000 0.000 0.000 0.000 3.584 8.271 9.868 14.683 20.840 22.928 18.170 15.488 15.258 15.360 15.902 17.821 19.047 17.112 21.596 19.560 19.503 19.715 17.481 18.614 18.301 20.713 -999.250 -999.250 -999.250 -999.250 -999.250 -999.250 -999.250 -999.250 -999.250 -999.250 -999.250 -999.250 -999.250 -999.250 -999.250 -999.250 -999.250 -999.250 -999.250 -999.250
69.724 66.319 74.558 66.253 66.074 64.749 61.212 58.380 53.283 46.785 37.631 31.407 24.419 15.478 10.495 4.922 0.937 0.000 0.000 0.000 0.000 0.000 0.000 0.000 0.721 3.058 6.938 13.600 17.445 24.644 33.360 25.695 22.786 20.577 18.097 14.957 17.983 21.540 21.886 21.708 18.407 18.948 16.544 15.090 15.816 18.028 19.521 19.297 27.034 -999.250 -999.250 -999.250 -999.250 -999.250 -999.250 -999.250 -999.250 -999.250 -999.250 -999.250 -999.250 -999.250 -999.250 -999.250 -999.250 -999.250 -999.250
67.141 64.852 68.674 69.491 77.077 70.721 62.066 58.510 49.885 44.372 35.283 31.179 22.759 16.597 11.096 4.619 2.471 0.000 0.000 0.000 0.000 0.000 0.000 0.000 2.281 7.567 11.745 12.857 17.973 23.717 27.698 25.099 21.765 22.654 19.143 19.897 19.544 21.632 18.720 16.657 17.941 17.546 15.754 16.726 17.823 17.861 18.588 21.732 23.275 -999.250 -999.250 -999.250 -999.250 -999.250 -999.250 -999.250 -999.250 -999.250 -999.250 -999.250 -999.250 -999.250 -999.250 -999.250 -999.250 -999.250 -999.250
