data/medianmodel_02-Jun-2020.asc
ncols	141
nrows	288
xllcorner	-120191.398
yllcorner	-301404.813
cellsize	2000.000
NODATA_value	-999.250
[rows 124 to 154 of 288, columns 0 to 68 of 141]
-999.250 -999.250 -999.250 -999.250 -999.250 -999.250 -999.250 -999.250 -999.250 -999.250 -999.250 -999.250 -999.250 -999.250 -999.250 -999.250 -999.250 -999.250 -999.250 -999.250 -999.250 -999.250 -999.250 -999.250 2.827 4.289 3.645 4.841 2.985 1.735 3.651 4.670 5.018 6.637 4.853 3.664 6.511 4.080 4.632 4.423 3.244 3.278 4.811 3.648 2.948 5.805 5.695 3.755 4.437 2.811 2.906 0.477 0.000 0.000 0.000 0.000 0.000 0.000 0.000 0.000 0.000 0.000 0.000 0.000 0.000 0.582 0.447 2.283 2.679
-999.250 -999.250 -999.250 -999.250 -999.250 -999.250 -999.250 -999.250 -999.250 -999.250 -999.250 -999.250 -999.250 -999.250 -999.250 -999.250 -999.250 -999.250 -999.250 -999.250 -999.250 -999.250 -999.250 -999.250 5.511 3.440 3.260 4.763 3.895 4.046 3.770 4.335 3.424 4.731 5.816 4.330 6.413 5.850 3.563 5.620 3.008 2.891 6.127 5.779 5.800 4.823 3.520 3.240 4.254 2.706 1.729 0.000 0.000 0.000 0.000 0.000 0.000 0.000 0.000 0.000 0.000 0.000 0.000 0.000 0.407 2.368 1.057 3.081 4.614
-999.250 -999.250 -999.250 -999.250 -999.250 -999.250 -999.250 -999.250 -999.250 -999.250 -999.250 -999.250 -999.250 -999.250 -999.250 -999.250 -999.250 -999.250 -999.250 -999.250 -999.250 -999.250 -999.250 4.487 3.805 4.349 4.261 4.217 4.829 4.957 3.468 5.579 5.142 5.573 4.903 5.656 3.935 3.608 3.291 5.335 3.456 4.458 4.758 7.649 3.815 5.935 2.659 0.781 1.876 2.347 0.000 0.000 0.000 0.000 0.000 0.000 0.000 0.000 0.000 0.000 0.000 0.000 0.000 0.000 0.000 1.485 1.061 2.976 4.043
-999.250 -999.250 -999.250 -999.250 -999.250 -999.250 -999.250 -999.250 -999.250 -999.250 -999.250 -999.250 -999.250 -999.250 -999.250 -999.250 -999.250 -999.250 -999.250 -999.250 -999.250 -999.250 -999.250 6.204 4.563 3.212 1.764 1.350 4.214 2.058 3.717 4.532 5.622 6.885 5.625 6.565 4.822 5.401 4.315 3.554 3.461 4.026 4.847 4.891 4.232 4.442 4.574 0.000 0.000 0.000 0.000 0.000 0.000 0.000 0.000 0.000 0.000 0.000 0.000 0.000 0.000 0.000 0.000 0.000 0.000 0.437 2.457 4.608 5.777
-999.250 -999.250 -999.250 -999.250 -999.250 -999.250 -999.250 -999.250 -999.250 -999.250 -999.250 -999.250 -999.250 -999.250 -999.250 -999.250 -999.250 -999.250 -999.250 -999.250 -999.250 -999.250 -999.250 4.041 1.616 2.865 1.440 1.557 3.333 2.028 2.313 2.508 4.232 5.607 5.251 3.657 3.649 6.144 4.751 6.557 4.196 3.309 3.399 4.908 5.318 4.450 1.672 0.000 0.000 0.000 0.000 0.000 0.000 0.000 0.000 0.000 0.000 0.000 0.000 0.000 0.000 0.000 0.000 0.000 0.000 3.009 4.452 6.514 5.513
-999.250 -999.250 -999.250 -999.250 -999.250 -999.250 -999.250 -999.250 -999.250 -999.250 -999.250 -999.250 -999.250 -999.250 -999.250 -999.250 -999.250 -999.250 -999.250 -999.250 -999.250 -999.250 3.996 3.090 2.201 0.869 2.915 2.643 2.760 0.000 2.283 3.353 2.922 4.369 3.646 3.014 1.749 5.129 3.074 4.737 6.023 3.650 1.382 2.574 4.975 3.734 0.238 0.000 0.000 0.000 0.000 0.000 0.000 0.000 0.000 0.000 0.000 0.000 0.000 0.000 0.000 0.000 0.000 0.000 1.055 3.417 3.915 4.598 4.384
-999.250 -999.250 -999.250 -999.250 -999.250 -999.250 -999.250 -999.250 -999.250 -999.250 -999.250 -999.250 -999.250 -999.250 -999.250 -999.250 -999.250 -999.250 -999.250 -999.250 -999.250 -999.250 2.912 0.724 0.000 0.406 1.983 4.791 2.442 0.936 3.319 4.248 3.475 7.042 5.447 2.977 3.832 6.619 4.817 6.180 6.896 5.858 4.627 3.814 5.534 3.479 0.852 0.000 0.000 0.000 0.000 0.000 0.000 0.000 0.000 0.000 0.000 0.000 0.000 0.000 0.000 2.162 2.417 2.791 3.939 4.978 3.237 5.714 5.811
-999.250 -999.250 -999.250 -999.250 -999.250 -999.250 -999.250 -999.250 -999.250 -999.250 -999.250 -999.250 -999.250 -999.250 -999.250 -999.250 -999.250 -999.250 -999.250 -999.250 -999.250 2.196 1.319 0.000 2.597 0.023 2.300 2.739 1.416 2.382 5.588 4.655 4.155 4.852 5.986 5.693 6.040 5.795 6.965 4.807 7.191 4.868 4.822 5.729 4.768 3.240 1.478 0.753 0.000 0.000 0.000 0.000 0.000 0.000 0.000 0.000 0.000 0.000 0.000 0.000 0.380 1.315 3.914 4.339 4.611 3.570 4.695 7.748 9.504
-999.250 -999.250 -999.250 -999.250 -999.250 -999.250 -999.250 -999.250 -999.250 -999.250 -999.250 -999.250 -999.250 -999.250 -999.250 -999.250 -999.250 -999.250 -999.250 -999.250 -999.250 1.870 0.000 0.142 0.000 0.000 1.824 1.698 0.302 0.086 2.036 6.130 3.984 6.314 6.402 8.341 6.748 7.785 7.299 7.609 7.145 6.527 5.646 3.521 4.634 5.332 4.763 2.968 0.000 0.000 0.000 0.000 0.000 0.000 0.000 0.000 0.000 0.012 0.000 0.000 0.000 0.583 1.729 2.641 4.077 4.785 7.426 7.403 12.191
-999.250 -999.250 -999.250 -999.250 -999.250 -999.250 -999.250 -999.250 -999.250 -999.250 -999.250 -999.250 -999.250 -999.250 -999.250 -999.250 -999.250 -999.250 -999.250 -999.250 -999.250 2.010 3.524 0.425 1.427 0.157 0.092 1.969 2.706 2.850 4.919 3.776 5.405 5.462 8.031 6.047 7.761 7.484 7.711 5.796 6.568 8.373 5.220 5.612 3.838 2.192 2.342 2.740 3.030 0.000 0.000 0.000 0.000 0.000 0.000 0.000 0.000 0.000 0.000 0.000 0.786 2.210 3.110 5.551 4.513 5.846 7.094 10.339 16.793
-999.250 -999.250 -999.250 -999.250 -999.250 -999.250 -999.250 -999.250 -999.250 -999.250 -999.250 -999.250 -999.250 -999.250 -999.250 -999.250 -999.250 -999.250 -999.250 -999.250 3.864 5.705 3.814 2.186 2.596 3.605 0.995 3.380 5.585 5.898 6.789 7.636 6.443 6.506 5.637 6.801 8.040 7.733 8.663 8.775 6.266 8.735 6.786 7.682 8.483 3.792 3.715 1.784 1.429 1.331 0.000 0.000 0.000 0.000 0.000 0.000 0.000 0.015 0.000 0.000 1.146 1.780 3.271 3.708 4.614 4.380 6.289 6.887 10.311
-999.250 -999.250 -999.250 -999.250 -999.250 -999.250 -999.250 -999.250 -999.250 -999.250 -999.250 -999.250 -999.250 -999.250 -999.250 -999.250 -999.250 -999.250 -999.250 -999.250 4.051 5.589 5.244 2.509 2.773 4.647 3.909 4.140 5.933 7.867 8.029 7.840 6.269 6.367 5.176 8.984 7.294 9.838 11.689 9.483 10.643 9.488 7.855 6.831 7.396 6.324 5.449 2.281 1.380 0.416 0.000 0.122 0.000 0.000 0.319 0.653 0.109 1.636 0.000 0.000 0.000 0.159 0.766 2.734 4.692 6.359 4.411 7.899 7.103
-999.250 -999.250 -999.250 -999.250 -999.250 -999.250 -999.250 -999.250 -999.250 -999.250 -999.250 -999.250 -999.250 -999.250 -999.250 -999.250 -999.250 -999.250 -999.250 -999.250 4.623 5.590 6.914 5.543 3.357 3.062 2.747 5.719 6.055 9.219 11.544 11.135 11.620 7.368 6.223 7.086 9.282 10.396 12.977 13.221 11.198 10.241 9.713 8.023 9.772 4.404 3.209 4.823 2.918 4.771 3.569 0.087 0.459 0.000 2.608 4.662 4.043 1.964 0.000 0.000 0.000 0.304 2.172 3.620 6.875 6.552 7.450 7.477 6.722
-999.250 -999.250 -999.250 -999.250 -999.250 -999.250 -999.250 -999.250 -999.250 -999.250 -999.250 -999.250 -999.250 -999.250 -999.250 -999.250 -999.250 -999.250 -999.250 -999.250 4.276 4.957 7.109 6.065 4.736 3.481 2.764 5.363 5.358 8.955 18.794 10.246 7.905 6.695 6.960 7.542 9.221 9.838 10.590 13.001 22.705 13.331 5.383 10.505 7.079 7.120 5.348 3.505 3.463 6.162 4.915 2.575 5.104 2.879 5.613 8.358 5.782 5.691 0.006 0.000 0.361 1.108 2.785 4.582 5.941 6.295 6.846 6.719 6.201
-999.250 -999.250 -999.250 -999.250 -999.250 -999.250 -999.250 -999.250 -999.250 -999.250 -999.250 -999.250 -999.250 -999.250 -999.250 -999.250 -999.250 -999.250 -999.250 7.841 5.883 7.131 5.434 5.381 4.685 4.432 3.882 4.376 5.107 4.708 6.028 6.178 5.007 4.215 5.639 6.848 6.435 7.329 10.862 9.430 12.686 11.049 8.405 5.196 4.955 6.058 5.558 5.857 4.490 2.452 4.015 4.940 5.756 8.733 6.954 7.295 6.285 4.833 4.713 2.444 1.447 4.969 3.184 5.502 8.174 6.522 9.414 9.595 7.499
-999.250 -999.250 -999.250 -999.250 -999.250 -999.250 -999.250 -999.250 -999.250 -999.250 -999.250 -999.250 -999.250 -999.250 -999.250 -999.250 -999.250 -999.250 -999.250 9.385 11.122 10.471 6.515 5.087 5.064 4.721 4.663 4.528 2.836 0.320 0.107 0.016 3.479 3.923 5.824 6.023 3.924 5.773 8.192 10.553 8.561 7.687 7.766 3.762 5.302 4.223 5.178 5.863 4.215 3.845 6.524 7.011 7.428 9.181 9.480 7.508 4.995 6.718 6.267 5.470 3.790 4.619 4.615 3.216 6.386 5.635 9.138 8.710 6.075
-999.250 -999.250 -999.250 -999.250 -999.250 -999.250 -999.250 -999.250 -999.250 -999.250 -999.250 -999.250 -999.250 -999.250 -999.250 -999.250 -999.250 -999.250 -999.250 11.392 21.179 10.438 6.260 3.424 4.825 4.657 7.794 3.866 1.206 0.000 0.000 0.000 2.181 4.483 7.776 5.127 3.826 5.187 5.061 7.671 8.650 7.988 7.512 4.736 6.269 5.239 6.422 5.499 5.231 4.638 3.587 8.715 8.021 9.098 8.942 10.532 7.671 7.487 8.354 7.257 6.900 4.769 2.890 1.927 2.161 3.793 5.513 6.939 5.495
-999.250 -999.250 -999.250 -999.250 -999.250 -999.250 -999.250 -999.250 -999.250 -999.250 -999.250 -999.250 -999.250 -999.250 -999.250 -999.250 -999.250 -999.250 -999.250 9.632 12.111 9.132 6.974 4.337 4.022 5.972 4.903 5.670 5.282 0.467 0.264 1.936 3.915 7.920 9.277 9.539 7.612 6.377 7.037 9.867 8.351 8.636 7.784 5.845 5.758 5.383 5.656 5.135 8.164 7.210 4.323 7.970 8.310 13.625 12.272 9.147 8.746 11.758 8.985 6.659 6.159 5.109 4.391 0.582 0.000 0.000 4.528 6.165 5.971
-999.250 -999.250 -999.250 -999.250 -999.250 -999.250 -999.250 -999.250 -999.250 -999.250 -999.250 -999.250 -999.250 -999.250 -999.250 -999.250 -999.250 -999.250 -999.250 8.402 8.742 7.524 4.005 4.402 2.474 3.581 5.765 5.105 5.800 3.118 4.941 3.616 7.304 8.189 8.409 9.803 10.212 6.563 10.027 9.003 9.845 8.075 4.981 6.071 4.716 5.822 5.445 5.726 4.780 5.649 7.861 7.722 10.874 13.183 12.208 12.964 11.339 11.539 8.646 9.739 11.434 8.224 3.618 0.000 0.000 0.000 4.233 5.972 7.374
-999.250 -999.250 -999.250 -999.250 -999.250 -999.250 -999.250 -999.250 -999.250 -999.250 -999.250 -999.250 -999.250 -999.250 -999.250 -999.250 -999.250 -999.250 7.532 9.258 6.539 5.022 2.255 3.735 2.415 2.767 3.961 5.553 6.031 7.963 7.421 7.158 7.311 7.249 7.989 8.337 7.436 8.447 8.724 8.543 8.921 5.636 3.591 6.284 6.203 6.134 5.612 5.669 7.383 7.102 8.142 11.463 9.612 10.644 9.556 11.276 14.063 14.819 17.161 13.133 14.348 12.071 5.924 4.113 2.441 2.421 4.547 3.879 3.100
-999.250 -999.250 -999.250 -999.250 -999.250 -999.250 -999.250 -999.250 -999.250 -999.250 -999.250 -999.250 -999.250 -999.250 -999.250 -999.250 -999.250 6.809 7.307 9.247 6.357 4.319 5.888 3.487 1.573 3.393 6.463 8.648 8.160 8.444 7.797 6.069 7.951 6.786 8.147 7.872 13.201 9.159 9.955 6.799 6.360 5.746 3.037 5.507 7.107 6.623 7.594 8.541 8.390 6.719 11.994 11.489 9.908 13.575 12.796 14.578 19.826 19.571 19.062 26.731 14.668 12.969 12.824 8.261 7.537 6.612 6.288 5.916 3.091
-999.250 -999.250 -999.250 -999.250 -999.250 -999.250 -999.250 -999.250 -999.250 -999.250 -999.250 -999.250 -999.250 -999.250 -999.250 -999.250 -999.250 7.138 7.149 7.729 7.492 6.300 8.005 7.913 5.675 8.930 8.727 10.973 10.171 9.275 9.748 9.645 12.569 7.771 8.437 8.424 8.879 8.664 8.827 6.960 6.003 4.921 5.617 5.789 6.393 6.166 5.716 8.843 6.279 6.855 7.246 7.826 7.205 11.436 10.403 14.001 25.475 25.731 24.264 21.630 18.564 12.569 14.583 12.078 12.535 7.909 9.881 6.539 3.198
-999.250 -999.250 -999.250 -999.250 -999.250 -999.250 -999.250 -999.250 -999.250 -999.250 -999.250 -999.250 -999.250 -999.250 -999.250 7.535 8.647 4.983 6.809 5.128 7.642 7.659 8.983 8.058 10.011 9.404 10.592 7.504 10.210 9.243 13.888 11.664 12.489 10.600 7.675 9.039 9.838 8.598 7.414 6.731 7.503 8.588 5.318 5.772 8.631 9.126 5.844 4.918 4.892 5.832 5.524 4.124 2.824 1.725 6.895 14.483 31.685 62.624 34.830 22.937 17.564 14.666 13.643 14.762 9.714 9.981 6.283 3.787 0.662
-999.250 -999.250 -999.250 -999.250 -999.250 -999.250 -999.250 -999.250 -999.250 -999.250 -999.250 -999.250 -999.250 -999.250 5.283 5.250 6.877 7.332 7.234 4.464 6.591 6.817 9.293 11.602 11.666 11.979 10.475 12.090 14.835 13.384 14.214 16.865 14.120 12.066 8.893 11.785 8.582 7.836 10.438 8.545 7.719 8.028 6.810 9.716 14.198 12.456 5.886 0.000 0.180 3.535 1.866 0.714 0.000 0.000 5.569 11.725 28.292 32.477 35.655 27.469 19.950 15.863 10.650 12.404 12.220 8.723 6.259 4.557 0.000
-999.250 -999.250 -999.250 -999.250 -999.250 -999.250 -999.250 -999.250 -999.250 -999.250 -999.250 -999.250 -999.250 -999.250 7.840 8.109 9.234 6.614 5.800 7.633 5.733 7.425 7.955 12.672 9.845 12.718 9.549 12.405 17.271 19.495 18.169 19.352 17.127 15.108 11.434 11.993 13.614 15.614 10.932 9.491 9.419 10.423 11.195 11.359 18.686 23.193 5.656 0.000 0.000 1.244 1.402 3.502 0.000 0.000 4.171 8.787 15.938 21.309 20.117 17.839 16.156 13.535 13.443 11.048 9.216 6.256 4.057 3.361 0.000
-999.250 -999.250 -999.250 -999.250 -999.250 -999.250 -999.250 -999.250 -999.250 -999.250 -999.250 -999.250 -999.250 7.697 6.831 9.259 7.272 7.266 7.533 7.565 9.302 9.014 8.334 8.669 12.630 12.123 15.833 18.426 18.104 19.703 17.676 22.015 18.123 15.406 10.823 15.423 12.395 11.815 11.182 11.120 11.317 10.364 9.614 12.694 16.880 13.517 5.155 0.000 0.000 2.056 3.813 5.934 4.740 5.125 8.070 11.479 15.689 18.593 16.875 16.383 13.579 14.334 12.884 12.802 7.675 6.475 5.767 5.505 2.762
-999.250 -999.250 -999.250 -999.250 -999.250 -999.250 -999.250 -999.250 -999.250 -999.250 -999.250 -999.250 7.370 7.529 7.381 7.525 9.870 9.965 8.571 9.044 11.062 8.832 10.060 12.361 14.537 18.084 18.998 21.290 19.458 24.696 24.024 22.903 25.081 14.545 17.196 19.385 15.333 15.059 17.952 14.410 11.578 13.410 9.366 12.232 11.793 16.276 7.812 3.029 4.721 6.199 8.620 9.367 10.036 7.663 11.589 16.840 16.603 14.702 16.163 17.686 14.462 14.096 10.688 12.930 11.387 10.154 9.169 8.428 7.522
-999.250 -999.250 -999.250 -999.250 -999.250 -999.250 -999.250 -999.250 -999.250 -999.250 -999.250 9.060 6.871 7.524 4.423 6.070 6.137 10.112 12.096 11.207 5.644 9.182 13.667 10.400 14.947 16.075 19.072 21.006 20.481 20.444 32.035 22.461 25.646 20.008 23.222 19.378 21.495 15.730 18.835 16.023 13.297 9.935 14.035 11.864 12.162 18.730 7.528 6.570 5.348 6.833 8.328 11.163 8.471 7.651 11.192 13.073 16.485 19.240 12.877 15.027 14.743 16.428 15.216 13.090 13.392 13.644 12.833 9.662 9.753
-999.250 -999.250 -999.250 -999.250 -999.250 -999.250 -999.250 -999.250 -999.250 -999.250 8.446 7.574 8.664 4.502 1.928 0.162 5.141 6.123 7.063 9.140 6.937 8.985 10.809 14.861 15.028 20.724 22.551 21.617 21.730 24.851 24.759 23.435 22.183 20.118 21.024 20.657 22.144 16.945 17.719 18.799 14.885 16.163 16.660 16.862 11.742 7.628 5.088 5.507 6.811 6.788 8.280 7.566 8.689 8.425 14.362 13.071 14.376 17.981 15.923 15.749 14.095 12.155 11.891 15.014 13.523 14.768 11.654 9.176 11.960
-999.250 -999.250 -999.250 -999.250 -999.250 -999.250 -999.250 -999.250 -999.250 5.690 8.498 8.866 7.450 4.579 0.000 0.000 1.035 4.115 6.518 11.558 7.020 8.056 12.101 16.563 14.408 18.705 19.520 25.556 21.184 22.857 27.067 26.747 30.403 28.784 23.422 22.595 19.147 18.849 21.535 19.543 18.085 13.178 14.565 16.686 12.838 2.063 0.601 3.036 5.443 8.165 8.562 9.256 10.809 9.878 13.989 15.067 17.252 14.065 15.640 17.567 14.996 13.702 15.078 15.213 13.245 12.672 10.552 9.343 12.521
-999.250 -999.250 -999.250 -999.250 -999.250 9.418 7.547 6.760 8.275 7.288 8.576 8.806 7.578 7.183 2.543 1.851 3.913 4.715 9.618 9.436 8.634 12.061 14.775 11.738 11.001 13.816 16.498 23.857 29.632 30.492 19.730 20.209 26.678 25.454 27.472 35.606 24.978 23.068 20.572 18.422 17.342 15.160 15.959 15.297 9.841 1.877 0.000 0.916 6.651 6.566 10.492 9.785 12.945 11.019 11.167 13.953 16.519 16.719 13.264 13.722 15.006 12.618 16.815 14.576 12.137 7.879 6.062 7.603 10.079
