data/medianmodel_07-Nov-2020.asc
ncols	141
nrows	288
xllcorner	-120191.398
yllcorner	-301404.813
cellsize	2000.000
NODATA_value	-999.250
[rows 145 to 173 of 288, columns 0 to 64 of 141]
-999.250 -999.250 -999.250 -999.250 -999.250 -999.250 -999.250 -999.250 -999.250 -999.250 -999.250 -999.250 -999.250 -999.250 -999.250 -999.250 -999.250 283.711 239.365 249.774 236.663 239.284 227.779 212.738 217.576 217.422 214.595 219.104 224.831 222.158 237.800 238.441 264.642 259.687 279.091 260.342 245.912 281.008 296.537 303.937 312.589 299.078 281.539 277.724 252.664 245.388 236.559 234.665 208.913 208.686 218.779 224.410 243.526 259.416 293.480 342.020 366.622 397.206 407.951 355.060 310.899 281.493 237.091 243.496 199.818
-999.250 -999.250 -999.250 -999.250 -999.250 -999.250 -999.250 -999.250 -999.250 -999.250 -999.250 -999.250 -999.250 -999.250 -999.250 246.627 258.523 254.823 276.905 257.732 240.170 254.016 229.203 239.405 214.214 224.853 208.285 227.521 225.087 227.938 246.970 251.471 277.768 282.644 278.439 265.513 273.429 296.666 293.448 288.575 284.012 286.262 269.395 275.745 233.387 208.063 223.155 205.166 207.750 206.829 206.282 225.558 245.024 266.299 299.595 378.713 418.777 458.298 438.416 407.898 346.126 294.142 273.420 251.814 211.168
-999.250 -999.250 -999.250 -999.250 -999.250 -999.250 -999.250 -999.250 -999.250 -999.250 -999.250 -999.250 -999.250 -999.250 224.659 237.444 245.076 277.050 247.592 261.590 257.104 248.077 250.425 231.804 224.920 236.418 246.511 234.944 250.529 250.001 263.537 255.373 283.684 247.271 268.221 269.812 276.740 254.684 271.287 277.867 264.940 271.770 252.423 224.036 202.189 182.231 181.158 174.165 184.062 195.096 204.072 222.355 216.864 223.325 302.846 366.530 414.387 435.469 438.882 434.825 384.101 332.831 270.325 271.595 255.963
-999.250 -999.250 -999.250 -999.250 -999.250 -999.250 -999.250 -999.250 -999.250 -999.250 -999.250 -999.250 -999.250 -999.250 230.571 239.478 263.558 261.540 252.567 257.869 248.681 259.478 256.692 246.682 255.510 252.445 266.926 248.448 231.590 255.270 286.029 290.918 275.301 273.223 276.407 288.751 259.206 218.596 254.493 265.227 279.140 263.607 252.310 219.374 189.832 176.269 167.890 147.433 183.931 209.899 225.280 220.083 221.995 260.126 334.265 359.072 399.595 424.128 419.476 413.460 388.767 320.249 287.104 261.322 241.693
-999.250 -999.250 -999.250 -999.250 -999.250 -999.250 -999.250 -999.250 -999.250 -999.250 -999.250 -999.250 -999.250 225.300 232.118 258.918 256.874 249.055 232.044 254.201 229.307 274.919 253.293 263.063 263.317 276.772 296.932 295.395 267.866 270.832 307.577 282.275 302.250 291.537 296.741 283.612 280.021 262.472 256.072 266.402 279.106 252.686 259.515 225.421 181.050 189.066 190.420 175.914 185.974 225.598 228.336 232.488 255.214 280.397 328.863 366.935 421.071 394.052 393.691 363.509 346.177 338.321 298.374 266.292 260.031
-999.250 -999.250 -999.250 -999.250 -999.250 -999.250 -999.250 -999.250 -999.250 -999.250 -999.250 -999.250 177.416 229.367 219.135 224.484 244.526 246.102 232.506 264.367 222.634 264.656 268.547 280.898 255.878 288.453 274.033 314.045 289.679 306.216 289.892 299.347 306.518 299.924 310.057 316.838 300.671 317.388 284.212 276.184 258.479 273.947 248.985 218.651 177.300 191.006 199.913 223.727 209.964 241.633 257.250 269.469 253.894 326.879 332.919 347.395 371.653 376.443 380.095 405.183 347.935 335.768 293.334 274.102 270.416
-999.250 -999.250 -999.250 -999.250 -999.250 -999.250 -999.250 -999.250 -999.250 -999.250 -999.250 182.535 176.553 206.060 211.588 193.897 231.021 214.761 214.249 231.641 259.216 254.435 274.443 278.482 260.958 275.645 296.600 306.878 328.473 290.893 341.690 333.057 354.393 347.579 337.542 345.920 351.717 340.442 312.779 305.091 288.624 282.128 263.249 241.489 213.852 187.301 223.947 234.725 255.562 255.839 281.539 284.431 290.224 313.134 354.390 354.605 337.986 391.028 399.991 351.306 329.743 309.154 302.510 299.473 275.988
-999.250 -999.250 -999.250 -999.250 -999.250 -999.250 -999.250 -999.250 -999.250 -999.250 155.254 158.310 171.529 172.791 181.564 189.065 210.223 193.050 228.555 231.215 233.307 250.946 266.019 272.269 276.298 286.625 300.147 308.329 335.804 355.571 351.612 382.874 410.318 350.445 347.816 374.195 370.399 365.282 346.273 303.668 287.202 262.481 273.914 248.876 242.299 229.132 268.236 265.733 274.640 282.182 304.825 308.962 318.063 356.406 360.088 373.353 375.311 398.868 360.078 336.531 364.691 309.852 304.711 272.139 283.444
-999.250 -999.250 -999.250 -999.250 -999.250 -999.250 -999.250 -999.250 -999.250 153.564 158.764 164.240 160.704 169.646 160.166 143.460 168.562 199.935 202.105 200.339 238.586 245.440 259.987 270.359 276.425 289.214 317.305 331.652 339.254 363.611 421.475 433.534 419.887 422.579 375.336 378.072 374.414 388.658 338.491 332.463 287.719 285.314 245.248 261.939 272.914 268.263 284.926 294.946 308.876 316.329 315.345 317.796 317.876 315.581 327.245 344.440 355.667 370.381 337.819 344.849 343.616 316.682 337.946 304.886 303.690
-999.250 -999.250 -999.250 -999.250 -999.250 130.972 120.750 134.627 144.577 159.255 156.805 166.167 160.652 156.315 154.410 155.318 156.216 182.957 201.744 207.609 224.727 243.232 255.560 264.235 267.907 266.417 307.703 333.812 361.077 387.825 406.691 428.001 422.527 416.542 403.987 415.953 397.625 400.959 371.267 345.986 297.221 271.488 251.021 252.220 260.974 280.792 293.574 302.746 322.520 314.170 322.293 334.337 322.126 303.577 326.414 385.223 386.667 354.500 358.105 381.185 362.693 342.699 303.134 292.428 272.970
-999.250 -999.250 -999.250 -999.250 -999.250 -999.250 -999.250 141.931 152.893 153.481 166.776 153.843 147.972 147.636 130.648 144.713 155.881 168.232 204.531 200.377 224.832 244.527 253.706 273.658 278.586 274.793 330.851 378.676 373.309 387.370 416.083 430.534 413.759 438.564 432.882 404.300 402.469 381.319 353.369 348.114 283.559 263.362 233.286 221.298 253.739 281.026 298.001 322.791 322.396 316.178 338.386 307.693 301.392 316.262 318.511 342.033 376.139 358.438 355.501 342.285 340.492 304.718 308.379 301.556 294.867
-999.250 -999.250 -999.250 -999.250 -999.250 -999.250 -999.250 159.543 160.225 161.408 167.898 144.030 145.623 127.310 130.959 127.477 140.628 159.110 180.824 200.279 243.562 233.272 252.057 284.280 286.516 307.789 365.761 378.248 411.798 423.500 452.805 444.442 455.962 453.044 448.432 401.705 413.390 374.225 352.118 311.580 283.249 245.876 229.104 212.010 239.075 269.406 289.103 314.328 284.002 292.191 296.270 327.936 326.518 316.355 304.808 335.045 345.334 358.416 328.093 333.367 325.072 306.678 311.433 301.369 308.992
-999.250 -999.250 -999.250 -999.250 -999.250 -999.250 -999.250 175.284 158.772 159.265 155.432 164.154 133.398 116.665 101.775 112.076 136.006 160.125 172.949 213.817 245.911 266.626 265.424 286.401 306.308 327.810 376.533 378.786 415.274 477.091 444.778 462.188 472.041 468.824 468.001 401.654 416.109 379.204 381.412 305.797 261.299 214.082 204.487 207.697 220.454 250.728 264.112 272.084 290.145 294.449 288.521 298.438 306.531 327.052 320.387 330.704 331.025 339.584 341.776 353.560 325.282 326.939 318.155 322.196 324.346
-999.250 -999.250 -999.250 -999.250 -999.250 -999.250 -999.250 186.273 181.126 174.376 172.891 168.344 138.530 104.792 91.838 92.309 106.681 155.565 199.635 226.081 250.168 271.500 276.313 308.816 332.462 372.686 399.928 426.680 401.219 429.539 465.653 491.109 507.651 482.117 484.293 434.021 428.854 409.520 356.655 280.400 203.417 170.373 150.040 179.558 207.531 245.858 248.282 268.933 280.532 294.297 267.383 307.398 328.557 340.868 320.781 300.366 347.626 312.331 327.183 317.761 325.079 336.474 321.950 339.954 314.742
-999.250 -999.250 -999.250 -999.250 -999.250 -999.250 -999.250 -999.250 211.222 204.632 197.056 163.064 138.923 111.215 82.310 74.721 106.281 144.869 165.934 204.102 251.899 265.355 296.605 293.521 344.573 371.359 408.580 419.590 429.167 436.726 442.013 482.157 515.886 521.736 506.304 471.410 447.697 406.054 333.313 259.502 179.574 126.702 134.756 153.166 179.268 209.665 244.937 245.994 249.618 255.927 274.599 299.149 314.567 318.875 305.556 311.781 325.134 316.394 312.166 319.664 325.576 322.494 331.750 321.918 288.519
-999.250 -999.250 -999.250 -999.250 -999.250 -999.250 -999.250 -999.250 236.508 216.593 192.947 153.955 125.370 110.560 83.142 39.815 93.230 141.559 167.633 209.451 247.079 278.462 282.945 310.297 356.867 393.457 431.073 441.001 444.043 436.922 460.028 480.367 484.916 509.218 554.263 544.635 487.467 427.180 342.525 269.370 158.637 56.665 115.101 136.151 163.037 184.256 189.915 229.327 241.572 248.224 297.778 334.579 331.009 334.310 326.041 300.040 303.617 311.272 292.903 291.876 306.615 323.592 302.872 289.697 287.399
-999.250 -999.250 -999.250 -999.250 -999.250 -999.250 -999.250 252.658 242.208 236.704 205.331 156.634 139.415 106.124 99.540 99.257 111.779 144.441 192.225 226.186 267.769 269.703 295.214 332.912 381.699 386.371 413.112 433.990 408.710 448.069 456.174 480.347 486.485 549.452 506.161 537.839 590.376 445.606 353.102 282.118 181.282 137.166 133.069 163.305 176.159 197.554 198.491 195.956 222.568 246.752 308.080 312.421 300.299 311.636 308.864 300.748 302.071 304.887 297.970 304.442 309.597 301.983 290.859 290.917 280.132
-999.250 -999.250 -999.250 -999.250 -999.250 -999.250 -999.250 266.001 258.274 245.548 221.002 164.370 144.832 134.036 134.707 139.849 155.504 177.581 198.417 238.354 241.352 307.648 328.120 373.005 375.628 418.506 426.932 430.902 408.720 430.825 456.427 460.037 457.933 504.536 488.656 492.100 501.793 426.420 333.089 255.703 213.548 159.264 148.815 157.297 177.488 198.949 202.840 211.150 254.040 266.989 272.382 308.690 295.206 312.581 288.189 303.757 281.803 287.312 286.856 290.149 303.580 287.245 273.010 280.923 255.110
-999.250 -999.250 -999.250 -999.250 -999.250 -999.250 -999.250 253.484 244.951 256.847 224.595 207.291 186.321 156.143 169.569 164.562 192.366 224.252 237.264 262.436 286.168 307.837 351.034 368.628 413.739 387.935 407.190 409.748 422.089 432.661 417.203 456.140 482.074 479.498 478.087 473.992 439.194 384.582 306.041 269.883 229.879 212.902 163.343 181.283 191.840 218.694 232.277 259.183 271.899 294.216 284.480 282.517 273.599 290.764 300.635 291.806 288.190 300.816 300.728 293.632 281.540 282.870 270.904 270.877 258.139
-999.250 -999.250 -999.250 -999.250 -999.250 -999.250 -999.250 273.457 269.262 254.595 231.390 231.115 198.868 192.025 185.504 202.456 222.051 250.502 271.522 278.977 313.204 311.214 357.844 382.664 357.187 418.029 408.251 407.689 420.706 442.589 412.177 407.526 445.912 436.451 440.755 432.942 413.969 344.513 316.420 280.211 271.836 223.210 189.680 171.914 210.485 233.152 262.884 255.484 283.359 290.136 282.782 274.108 282.815 292.161 294.575 272.436 273.415 283.337 313.252 298.542 275.211 276.761 278.456 259.144 272.518
-999.250 -999.250 -999.250 -999.250 -999.250 -999.250 282.530 272.504 259.899 268.045 243.422 220.746 206.067 219.716 226.911 252.012 253.404 278.169 287.578 307.837 318.314 346.987 366.376 387.962 399.064 404.011 416.085 441.435 415.410 433.605 412.195 385.858 420.170 418.943 446.154 409.217 410.497 329.140 320.546 305.621 285.025 240.330 214.739 218.024 220.469 247.961 271.753 288.648 275.273 271.287 303.038 275.170 288.362 284.232 291.178 273.521 279.266 268.631 288.221 282.802 292.805 267.331 258.699 283.770 260.664
-999.250 -999.250 -999.250 -999.250 -999.250 -999.250 300.327 282.872 276.651 279.018 248.270 224.164 229.901 227.768 235.086 259.100 284.496 299.451 306.944 311.605 346.513 353.640 368.663 395.699 410.697 433.665 425.177 436.284 469.673 433.547 414.350 417.179 413.675 428.740 405.893 423.988 407.770 371.176 348.401 305.446 293.889 259.496 261.551 262.633 257.683 269.034 309.745 317.579 315.066 340.888 337.342 325.064 297.609 279.264 297.996 287.574 277.731 272.039 285.437 274.119 271.600 266.832 224.484 247.406 210.188
-999.250 -999.250 -999.250 -999.250 -999.250 293.570 292.268 285.879 279.917 293.668 255.437 238.213 246.980 265.802 250.643 253.222 283.892 299.832 313.983 341.820 396.173 367.880 414.865 420.669 444.659 446.134 458.413 462.229 448.118 431.403 424.087 396.078 399.337 408.320 423.144 439.559 387.976 362.823 387.759 324.061 317.705 302.270 306.585 289.357 295.661 309.083 321.794 357.174 362.278 330.851 342.331 336.624 344.360 288.578 303.940 293.174 276.926 258.054 279.983 277.582 259.081 225.980 235.349 221.155 204.179
-999.250 -999.250 -999.250 -999.250 -999.250 322.087 312.574 302.952 302.624 321.444 267.955 231.759 274.490 266.054 259.669 274.792 288.270 308.204 328.557 336.010 371.613 391.017 419.821 426.906 428.423 433.203 460.624 451.924 450.514 433.964 410.326 385.986 416.463 413.375 440.855 431.654 383.989 376.114 376.572 364.587 334.227 338.895 322.726 342.558 315.658 349.413 351.349 364.367 357.195 377.857 381.470 360.154 372.967 286.891 304.952 268.811 279.303 253.331 247.925 233.628 230.690 233.587 177.726 195.549 185.234
-999.250 -999.250 -999.250 -999.250 363.329 358.958 347.940 337.317 307.716 289.637 278.267 273.716 267.404 270.987 288.427 274.452 323.728 304.990 337.546 367.592 399.917 394.643 419.726 440.071 450.096 455.882 451.093 445.880 433.340 428.769 411.377 397.061 421.353 418.631 437.619 432.084 443.190 389.302 406.767 382.497 354.624 359.973 357.874 349.288 399.398 369.473 383.446 406.169 405.747 391.198 389.863 361.065 337.155 312.367 295.974 288.568 267.735 281.035 269.782 254.217 232.212 217.715 200.885 177.683 183.592
-999.250 -999.250 -999.250 -999.250 368.740 371.595 337.827 350.006 326.583 334.459 300.363 311.905 296.734 288.245 267.574 289.279 299.593 327.601 316.829 363.780 397.560 408.360 413.148 447.948 469.364 461.918 460.223 439.734 433.826 444.544 428.551 442.688 401.309 430.010 428.707 420.354 429.253 416.202 431.412 403.800 400.019 380.638 394.946 403.478 427.489 423.804 433.191 409.387 417.335 394.382 413.487 399.061 378.566 348.570 303.911 292.007 292.316 278.569 254.173 230.914 220.415 203.104 211.384 193.411 161.858
-999.250 -999.250 -999.250 -999.250 389.950 395.162 409.581 391.356 353.850 379.799 339.859 315.938 327.659 310.405 299.076 319.685 337.837 337.400 394.452 406.242 391.894 423.049 395.861 442.984 435.520 462.783 447.214 470.142 420.359 399.941 424.124 450.516 436.717 446.974 437.840 440.230 428.804 413.348 417.390 457.118 444.693 418.277 422.098 412.889 435.844 423.674 441.956 450.401 472.994 441.033 444.043 417.609 406.016 381.495 357.315 287.468 274.178 283.682 258.755 238.412 257.970 226.338 210.263 195.073 167.097
-999.250 -999.250 -999.250 -999.250 395.652 390.002 406.656 410.496 404.399 356.371 386.945 353.294 318.251 325.793 358.479 340.870 350.191 353.747 400.297 383.386 409.576 403.929 415.722 422.592 441.919 458.370 450.295 454.996 446.605 423.292 438.368 437.101 427.258 436.244 462.044 460.202 465.297 434.076 454.575 467.495 443.480 444.790 468.784 492.361 441.021 486.026 517.264 478.493 486.396 460.863 458.859 418.624 416.243 389.215 360.150 308.202 275.226 243.203 253.112 270.005 236.192 215.480 198.529 200.808 170.559
-999.250 -999.250 -999.250 -999.250 408.720 393.333 430.294 422.119 444.508 420.382 395.351 370.294 334.189 324.077 323.946 362.199 347.385 347.912 361.998 377.941 400.842 390.661 414.573 390.696 409.671 417.439 467.075 489.243 471.065 446.815 450.546 448.280 448.938 462.467 469.027 489.104 459.401 474.330 499.441 512.823 473.503 526.542 565.810 509.015 517.129 539.212 487.382 529.238 499.871 504.065 465.524 458.197 441.723 391.759 356.869 323.455 307.964 265.370 263.755 254.089 256.876 222.892 199.282 209.236 179.104
