data/medianmodel_03-Apr-2020.asc
ncols	141
nrows	288
xllcorner	-120191.398
yllcorner	-301404.813
cellsize	2000.000
NODATA_value	-999.250
[rows 150 to 179 of 288, columns 68 to 135 of 141]
6.162 9.134 10.873 9.413 9.730 14.182 11.746 12.152 13.327 11.561 9.981 11.454 10.526 9.925 10.518 11.099 11.015 13.270 11.625 9.818 8.728 8.758 7.827 6.656 7.784 5.124 4.513 -999.250 -999.250 -999.250 -999.250 -999.250 -999.250 -999.250 -999.250 -999.250 -999.250 -999.250 -999.250 -999.250 -999.250 -999.250 -999.250 -999.250 -999.250 -999.250 -999.250 -999.250 -999.250 -999.250 -999.250 -999.250 -999.250 -999.250 -999.250 -999.250 -999.250 -999.250 -999.250 -999.250 -999.250 -999.250 -999.250 -999.250 -999.250 -999.250 -999.250 -999.250
7.862 10.252 10.066 8.936 10.794 12.591 12.706 12.601 13.670 14.478 14.133 12.292 12.224 13.067 9.222 10.987 11.113 13.066 10.573 11.358 11.138 9.180 10.964 5.972 6.041 4.940 6.225 -999.250 -999.250 -999.250 -999.250 -999.250 -999.250 -999.250 -999.250 -999.250 -999.250 -999.250 -999.250 -999.250 -999.250 -999.250 -999.250 -999.250 -999.250 -999.250 -999.250 -999.250 -999.250 -999.250 -999.250 -999.250 -999.250 -999.250 -999.250 -999.250 -999.250 -999.250 -999.250 -999.250 -999.250 -999.250 -999.250 -999.250 -999.250 -999.250 -999.250 -999.250
9.207 9.264 7.678 7.626 12.483 12.253 15.456 15.399 15.486 16.893 13.866 14.612 14.021 13.143 10.485 10.799 9.440 11.103 13.834 9.363 10.383 7.824 7.137 8.210 4.982 5.186 5.338 -999.250 -999.250 -999.250 -999.250 -999.250 -999.250 -999.250 -999.250 -999.250 -999.250 -999.250 -999.250 -999.250 -999.250 -999.250 -999.250 -999.250 -999.250 -999.250 -999.250 -999.250 -999.250 -999.250 -999.250 -999.250 -999.250 -999.250 -999.250 -999.250 -999.250 -999.250 -999.250 -999.250 -999.250 -999.250 -999.250 -999.250 -999.250 -999.250 -999.250 -999.250
11.843 9.042 9.139 8.927 9.861 10.103 13.222 13.734 14.345 16.233 13.510 12.606 11.620 12.655 10.243 13.768 9.573 11.040 11.507 10.507 9.313 8.770 6.812 5.679 3.251 3.337 2.913 -999.250 -999.250 -999.250 -999.250 -999.250 -999.250 -999.250 -999.250 -999.250 -999.250 -999.250 -999.250 -999.250 -999.250 -999.250 -999.250 -999.250 -999.250 -999.250 -999.250 -999.250 -999.250 -999.250 -999.250 -999.250 -999.250 -999.250 -999.250 -999.250 -999.250 -999.250 -999.250 -999.250 -999.250 -999.250 -999.250 -999.250 -999.250 -999.250 -999.250 -999.250
12.091 11.284 10.179 12.830 10.668 12.266 13.653 11.910 14.745 13.676 13.496 10.891 8.693 12.621 10.099 10.178 10.032 7.849 11.171 8.888 11.060 6.228 6.935 4.477 0.000 1.731 2.919 -999.250 -999.250 -999.250 -999.250 -999.250 -999.250 -999.250 -999.250 -999.250 -999.250 -999.250 -999.250 -999.250 -999.250 -999.250 -999.250 -999.250 -999.250 -999.250 -999.250 -999.250 -999.250 -999.250 -999.250 -999.250 -999.250 -999.250 -999.250 -999.250 -999.250 -999.250 -999.250 -999.250 -999.250 -999.250 -999.250 -999.250 -999.250 -999.250 -999.250 -999.250
13.236 10.003 10.691 13.416 12.009 13.516 12.939 11.131 12.805 9.698 10.329 9.183 8.497 8.521 9.947 8.315 6.467 10.755 9.313 13.644 9.474 8.844 5.645 2.194 2.934 3.057 7.885 -999.250 -999.250 -999.250 -999.250 -999.250 -999.250 -999.250 -999.250 -999.250 -999.250 -999.250 -999.250 -999.250 -999.250 -999.250 -999.250 -999.250 -999.250 -999.250 -999.250 -999.250 -999.250 -999.250 -999.250 -999.250 -999.250 -999.250 -999.250 -999.250 -999.250 -999.250 -999.250 -999.250 -999.250 -999.250 -999.250 -999.250 -999.250 -999.250 -999.250 -999.250
11.592 10.683 11.222 12.360 10.573 13.054 13.342 10.429 8.938 10.947 8.957 8.791 7.361 9.281 8.446 8.190 8.737 8.462 7.232 9.727 9.199 7.626 6.252 5.488 3.279 7.658 6.343 6.692 -999.250 -999.250 -999.250 -999.250 -999.250 -999.250 -999.250 -999.250 -999.250 -999.250 -999.250 -999.250 -999.250 -999.250 -999.250 -999.250 -999.250 -999.250 -999.250 -999.250 -999.250 -999.250 -999.250 -999.250 -999.250 -999.250 -999.250 -999.250 -999.250 -999.250 -999.250 -999.250 -999.250 -999.250 -999.250 -999.250 -999.250 -999.250 -999.250 -999.250
9.106 10.764 11.220 10.266 9.455 12.242 11.146 9.640 9.831 10.560 9.203 8.318 10.175 6.361 5.257 3.115 5.984 8.334 10.392 10.266 8.869 9.342 6.395 5.772 7.393 5.259 5.150 8.344 7.239 -999.250 -999.250 -999.250 -999.250 -999.250 -999.250 -999.250 -999.250 -999.250 -999.250 -999.250 -999.250 -999.250 -999.250 -999.250 -999.250 -999.250 -999.250 -999.250 -999.250 -999.250 -999.250 -999.250 -999.250 -999.250 -999.250 -999.250 -999.250 -999.250 -999.250 -999.250 -999.250 -999.250 -999.250 -999.250 -999.250 -999.250 -999.250 -999.250
9.638 9.516 10.093 8.729 9.541 11.775 10.201 11.612 10.033 9.789 6.747 7.251 6.613 8.074 1.758 0.000 5.003 6.438 9.785 12.189 8.974 7.479 4.510 4.734 6.566 6.027 6.722 9.385 8.177 7.021 -999.250 -999.250 -999.250 -999.250 -999.250 -999.250 -999.250 -999.250 -999.250 -999.250 -999.250 -999.250 -999.250 -999.250 -999.250 -999.250 -999.250 -999.250 -999.250 -999.250 -999.250 -999.250 -999.250 -999.250 -999.250 -999.250 -999.250 -999.250 -999.250 -999.250 -999.250 -999.250 -999.250 -999.250 -999.250 -999.250 -999.250 -999.250
9.499 10.612 9.973 9.714 11.097 11.741 10.989 11.821 8.531 9.041 6.644 7.554 7.606 5.783 4.202 2.425 6.397 7.515 9.181 9.686 10.540 8.327 8.277 8.379 9.414 9.019 6.010 7.079 7.583 10.322 -999.250 -999.250 -999.250 -999.250 -999.250 -999.250 -999.250 -999.250 -999.250 -999.250 -999.250 -999.250 -999.250 -999.250 -999.250 -999.250 -999.250 -999.250 -999.250 -999.250 -999.250 -999.250 -999.250 -999.250 -999.250 -999.250 -999.250 -999.250 -999.250 -999.250 -999.250 -999.250 -999.250 -999.250 -999.250 -999.250 -999.250 -999.250
8.453 9.070 10.134 11.165 9.478 12.634 10.790 11.340 11.267 8.115 7.594 8.206 7.351 5.075 3.639 3.450 5.988 8.532 11.639 11.396 9.410 9.622 11.467 10.606 10.078 9.044 8.695 9.437 8.344 10.684 -999.250 -999.250 -999.250 -999.250 -999.250 -999.250 -999.250 -999.250 -999.250 -999.250 -999.250 -999.250 -999.250 -999.250 -999.250 -999.250 -999.250 -999.250 -999.250 -999.250 -999.250 -999.250 -999.250 -999.250 -999.250 -999.250 -999.250 -999.250 -999.250 -999.250 -999.250 -999.250 -999.250 -999.250 -999.250 -999.250 -999.250 -999.250
11.575 11.810 9.338 9.403 10.224 12.159 10.810 8.373 9.638 10.654 9.390 6.560 5.578 4.114 6.342 4.842 7.264 9.324 12.078 11.336 12.580 10.221 10.910 10.831 7.481 9.203 8.985 9.229 8.362 9.055 -999.250 -999.250 -999.250 -999.250 -999.250 -999.250 -999.250 -999.250 -999.250 -999.250 -999.250 -999.250 -999.250 -999.250 -999.250 -999.250 -999.250 -999.250 -999.250 -999.250 -999.250 -999.250 -999.250 -999.250 -999.250 -999.250 -999.250 -999.250 -999.250 -999.250 -999.250 -999.250 -999.250 -999.250 -999.250 -999.250 -999.250 -999.250
11.160 10.581 10.958 11.151 10.410 9.625 10.671 8.528 7.667 8.348 6.694 8.663 5.880 3.959 3.641 8.656 7.886 11.515 11.001 13.277 14.271 13.461 12.196 11.735 10.513 11.239 12.207 10.725 10.000 7.492 -999.250 -999.250 -999.250 -999.250 -999.250 -999.250 -999.250 -999.250 -999.250 -999.250 -999.250 -999.250 -999.250 -999.250 -999.250 -999.250 -999.250 -999.250 -999.250 -999.250 -999.250 -999.250 -999.250 -999.250 -999.250 -999.250 -999.250 -999.250 -999.250 -999.250 -999.250 -999.250 -999.250 -999.250 -999.250 -999.250 -999.250 -999.250
10.460 11.679 13.436 13.450 9.228 13.112 5.788 7.786 7.354 6.993 7.106 7.432 3.726 0.000 4.651 6.062 6.836 8.668 8.974 10.002 10.979 10.728 11.294 9.769 8.915 9.475 10.937 9.861 9.856 7.761 6.901 -999.250 -999.250 -999.250 -999.250 -999.250 -999.250 -999.250 -999.250 -999.250 -999.250 -999.250 -999.250 -999.250 -999.250 -999.250 -999.250 -999.250 -999.250 -999.250 -999.250 -999.250 -999.250 -999.250 -999.250 -999.250 -999.250 -999.250 -999.250 -999.250 -999.250 -999.250 -999.250 -999.250 -999.250 -999.250 -999.250 -999.250
10.559 9.190 14.043 11.172 10.789 10.820 8.073 10.173 7.497 6.277 6.169 7.726 4.963 2.420 4.008 6.540 7.978 9.339 11.263 9.905 9.909 12.977 11.953 11.397 10.691 11.148 11.570 10.749 8.619 8.616 10.479 10.504 -999.250 -999.250 -999.250 -999.250 -999.250 -999.250 -999.250 -999.250 -999.250 -999.250 -999.250 -999.250 -999.250 -999.250 -999.250 -999.250 -999.250 -999.250 -999.250 -999.250 -999.250 -999.250 -999.250 -999.250 -999.250 -999.250 -999.250 -999.250 -999.250 -999.250 -999.250 -999.250 -999.250 -999.250 -999.250 -999.250
10.390 11.167 11.546 11.618 10.561 9.341 9.462 10.575 7.427 8.410 9.406 8.829 8.233 5.184 6.726 7.603 8.884 10.936 10.445 8.181 9.377 10.628 13.420 13.528 9.828 11.952 10.642 6.952 10.499 8.613 10.335 10.112 9.182 6.001 4.091 -999.250 -999.250 -999.250 -999.250 -999.250 -999.250 -999.250 -999.250 -999.250 -999.250 -999.250 -999.250 -999.250 -999.250 -999.250 -999.250 -999.250 -999.250 -999.250 -999.250 -999.250 -999.250 -999.250 -999.250 -999.250 -999.250 -999.250 -999.250 -999.250 -999.250 -999.250 -999.250 -999.250
11.886 8.233 8.896 9.748 11.050 10.053 11.082 9.090 6.473 8.268 8.644 10.027 8.266 8.186 6.880 5.970 8.068 11.700 9.385 12.185 11.860 11.790 13.156 12.093 10.739 9.474 10.159 11.325 9.066 6.057 9.133 7.190 8.479 7.302 7.671 -999.250 -999.250 -999.250 -999.250 -999.250 -999.250 -999.250 -999.250 -999.250 -999.250 -999.250 -999.250 -999.250 -999.250 -999.250 -999.250 -999.250 -999.250 -999.250 -999.250 -999.250 -999.250 -999.250 -999.250 -999.250 -999.250 -999.250 -999.250 -999.250 -999.250 -999.250 -999.250 -999.250
9.663 10.031 9.956 8.851 6.768 9.386 10.849 7.027 7.410 7.149 5.077 8.392 7.180 8.843 7.518 8.303 7.186 10.535 8.801 11.682 12.628 13.330 10.117 12.555 9.205 9.431 11.037 8.422 6.758 6.577 5.649 8.043 7.979 6.513 -999.250 -999.250 -999.250 -999.250 -999.250 -999.250 -999.250 -999.250 -999.250 -999.250 -999.250 -999.250 -999.250 -999.250 -999.250 -999.250 -999.250 -999.250 -999.250 -999.250 -999.250 -999.250 -999.250 -999.250 -999.250 -999.250 -999.250 -999.250 -999.250 -999.250 -999.250 -999.250 -999.250 -999.250
7.014 8.655 6.037 5.580 9.007 8.634 10.669 8.406 7.334 5.736 6.148 3.955 6.564 8.007 8.413 9.869 9.038 9.793 8.011 6.137 10.060 11.873 11.399 9.331 9.741 9.529 10.164 8.833 8.844 6.273 3.488 7.398 6.373 7.972 -999.250 -999.250 -999.250 6.210 4.892 1.629 -999.250 -999.250 -999.250 -999.250 -999.250 -999.250 -999.250 -999.250 -999.250 -999.250 -999.250 -999.250 -999.250 -999.250 -999.250 -999.250 -999.250 -999.250 -999.250 -999.250 -999.250 -999.250 -999.250 -999.250 -999.250 -999.250 -999.250 -999.250
6.849 5.203 3.691 3.658 6.837 7.563 6.541 7.889 8.096 6.495 5.043 2.278 3.639 5.888 4.732 10.058 9.209 11.583 9.140 9.625 7.787 11.506 8.453 8.228 7.893 9.768 9.727 9.989 7.864 4.743 0.000 3.796 6.556 6.756 7.581 6.677 5.096 7.115 6.270 0.912 0.000 -999.250 -999.250 -999.250 -999.250 -999.250 -999.250 -999.250 -999.250 -999.250 -999.250 -999.250 -999.250 -999.250 -999.250 -999.250 -999.250 -999.250 -999.250 -999.250 -999.250 -999.250 -999.250 -999.250 -999.250 -999.250 -999.250 -999.250
6.151 3.129 0.000 2.921 4.536 7.763 7.523 9.862 7.154 8.220 6.077 3.446 0.000 4.539 5.852 10.321 9.875 9.436 9.695 9.097 9.420 8.307 6.868 7.125 4.289 6.124 10.185 10.533 9.211 6.920 3.632 8.031 8.514 8.125 7.989 9.241 6.389 5.305 4.850 0.000 1.327 0.371 -999.250 -999.250 -999.250 -999.250 -999.250 -999.250 -999.250 -999.250 -999.250 -999.250 -999.250 -999.250 -999.250 -999.250 -999.250 -999.250 -999.250 -999.250 -999.250 -999.250 -999.250 -999.250 -999.250 -999.250 -999.250 -999.250
8.885 5.268 4.528 4.601 7.587 8.578 11.207 8.241 9.273 6.883 6.797 4.238 3.894 6.196 7.224 9.346 9.329 9.692 11.357 9.781 10.415 8.219 5.866 2.553 4.524 9.331 12.012 9.850 6.847 8.217 11.332 11.188 11.149 10.197 7.915 10.094 9.596 8.794 3.778 2.868 1.666 0.834 -999.250 -999.250 -999.250 -999.250 -999.250 -999.250 -999.250 -999.250 -999.250 -999.250 -999.250 -999.250 -999.250 -999.250 -999.250 -999.250 -999.250 -999.250 -999.250 -999.250 -999.250 -999.250 -999.250 -999.250 -999.250 -999.250
8.529 6.783 9.152 9.297 7.645 8.491 10.371 9.309 8.220 7.125 6.922 6.104 7.814 8.243 7.219 8.299 8.515 11.101 11.419 10.183 10.695 8.954 6.927 0.000 5.781 8.803 10.116 8.472 7.830 8.124 9.317 10.306 10.794 10.361 8.590 8.775 7.961 7.833 6.489 5.401 4.541 3.056 -999.250 -999.250 -999.250 -999.250 -999.250 -999.250 -999.250 -999.250 -999.250 -999.250 -999.250 -999.250 -999.250 -999.250 -999.250 -999.250 -999.250 -999.250 -999.250 -999.250 -999.250 -999.250 -999.250 -999.250 -999.250 -999.250
11.087 9.845 12.711 10.760 10.557 10.691 11.437 8.567 7.465 6.682 7.798 7.443 9.634 8.206 7.090 7.402 9.018 10.077 10.558 10.482 10.244 11.354 8.146 6.528 5.293 10.465 10.059 10.341 9.951 11.314 9.551 9.130 8.505 9.796 6.244 9.211 7.259 9.559 7.238 9.314 7.785 4.419 1.983 -999.250 -999.250 -999.250 -999.250 -999.250 -999.250 -999.250 -999.250 -999.250 -999.250 -999.250 -999.250 -999.250 -999.250 -999.250 -999.250 -999.250 -999.250 -999.250 -999.250 -999.250 -999.250 -999.250 -999.250 -999.250
10.378 11.263 14.035 11.914 10.863 10.330 9.246 10.161 9.474 11.247 7.378 5.179 6.739 8.776 6.568 9.844 7.075 9.570 8.778 11.474 12.027 12.752 11.488 9.703 6.932 10.329 9.394 10.761 12.444 8.211 10.575 10.866 11.641 9.929 9.372 9.043 8.058 10.530 9.658 7.274 3.792 5.098 -999.250 -999.250 -999.250 -999.250 -999.250 -999.250 -999.250 -999.250 -999.250 -999.250 -999.250 -999.250 -999.250 -999.250 -999.250 -999.250 -999.250 -999.250 -999.250 -999.250 -999.250 -999.250 -999.250 -999.250 -999.250 -999.250
12.014 12.068 12.845 10.905 13.053 11.893 8.477 9.704 9.598 8.319 6.047 2.393 4.246 7.165 7.947 7.299 9.279 11.247 11.862 11.943 12.703 12.051 13.417 12.871 10.965 10.379 11.424 11.231 10.356 12.310 10.385 12.769 12.066 11.724 10.785 8.983 8.953 10.786 11.978 9.985 5.374 -999.250 -999.250 -999.250 -999.250 -999.250 -999.250 -999.250 -999.250 -999.250 -999.250 -999.250 -999.250 -999.250 -999.250 -999.250 -999.250 -999.250 -999.250 -999.250 -999.250 -999.250 -999.250 -999.250 -999.250 -999.250 -999.250 -999.250
12.275 11.154 10.867 13.540 12.550 10.037 9.535 10.636 9.671 4.609 4.262 0.000 3.309 5.240 6.934 10.093 12.783 9.734 14.162 12.578 12.282 12.845 16.192 14.618 11.900 10.861 11.994 12.125 14.255 12.591 11.595 12.215 10.891 10.118 11.437 11.065 12.444 12.109 11.751 8.038 8.459 -999.250 -999.250 -999.250 -999.250 -999.250 -999.250 -999.250 -999.250 -999.250 -999.250 -999.250 -999.250 -999.250 -999.250 -999.250 -999.250 -999.250 -999.250 -999.250 -999.250 -999.250 -999.250 -999.250 -999.250 -999.250 -999.250 -999.250
9.630 12.798 14.217 14.429 10.344 9.606 11.446 9.891 8.378 8.589 5.015 4.430 4.514 4.559 9.547 9.101 10.215 10.658 12.478 14.268 11.634 11.570 15.532 13.244 12.776 13.509 11.995 9.370 12.224 12.882 13.354 10.027 10.234 13.200 14.012 11.230 12.374 13.345 12.022 9.679 -999.250 -999.250 -999.250 -999.250 -999.250 -999.250 -999.250 -999.250 -999.250 -999.250 -999.250 -999.250 -999.250 -999.250 -999.250 -999.250 -999.250 -999.250 -999.250 -999.250 -999.250 -999.250 -999.250 -999.250 -999.250 -999.250 -999.250 -999.250
10.149 14.373 14.702 16.186 12.765 12.163 9.962 6.665 8.629 7.917 7.713 7.408 8.631 6.630 7.298 9.772 10.206 11.693 12.717 11.521 12.764 15.954 15.764 14.097 14.979 14.421 13.452 11.362 10.923 12.630 11.713 13.444 13.447 12.781 13.705 13.640 11.812 11.410 10.008 7.310 -999.250 -999.250 -999.250 -999.250 -999.250 -999.250 -999.250 -999.250 -999.250 -999.250 -999.250 -999.250 -999.250 -999.250 -999.250 -999.250 -999.250 -999.250 -999.250 -999.250 -999.250 -999.250 -999.250 -999.250 -999.250 -999.250 -999.250 -999.250
12.569 12.640 14.073 15.031 13.396 12.992 11.513 11.916 12.134 8.014 7.103 8.785 8.127 8.967 6.430 11.218 11.211 7.056 12.237 10.026 11.508 14.315 14.092 13.246 13.164 13.119 13.921 12.395 11.316 12.160 10.483 13.459 13.620 12.421 14.212 14.117 11.257 7.926 9.541 -999.250 -999.250 -999.250 -999.250 -999.250 -999.250 -999.250 -999.250 -999.250 -999.250 -999.250 -999.250 -999.250 -999.250 -999.250 -999.250 -999.250 -999.250 -999.250 -999.250 -999.250 -999.250 -999.250 -999.250 -999.250 -999.250 -999.250 -999.250 -999.250
