data/medianmodel_05-Oct-2020.asc
ncols	141
nrows	288
xllcorner	-120191.398
yllcorner	-301404.813
cellsize	2000.000
NODATA_value	-999.250
[rows 0 to 29 of 288, columns 67 to 133 of 141]
-999.250 -999.250 -999.250 -999.250 -999.250 -999.250 -999.250 -999.250 -999.250 -999.250 -999.250 -999.250 -999.250 -999.250 -999.250 -999.250 -999.250 -999.250 -999.250 -999.250 -999.250 -999.250 -999.250 -999.250 -999.250 -999.250 -999.250 -999.250 -999.250 -999.250 -999.250 -999.250 -999.250 -999.250 -999.250 -999.250 -999.250 -999.250 -999.250 -999.250 -999.250 -999.250 -999.250 -999.250 -999.250 -999.250 -999.250 -999.250 -999.250 -999.250 -999.250 -999.250 -999.250 -999.250 -999.250 -999.250 -999.250 -999.250 -999.250 -999.250 -999.250 -999.250 -999.250 -999.250 -999.250 -999.250 -999.250
-999.250 -999.250 -999.250 -999.250 -999.250 -999.250 -999.250 -999.250 -999.250 -999.250 -999.250 -999.250 -999.250 -999.250 -999.250 -999.250 -999.250 -999.250 -999.250 -999.250 -999.250 -999.250 -999.250 -999.250 -999.250 -999.250 -999.250 -999.250 -999.250 -999.250 -999.250 -999.250 -999.250 -999.250 -999.250 -999.250 -999.250 -999.250 -999.250 -999.250 -999.250 -999.250 -999.250 -999.250 -999.250 -999.250 -999.250 -999.250 -999.250 -999.250 -999.250 -999.250 -999.250 -999.250 -999.250 -999.250 -999.250 -999.250 -999.250 -999.250 -999.250 -999.250 -999.250 -999.250 -999.250 -999.250 -999.250
-999.250 -999.250 -999.250 -999.250 -999.250 -999.250 -999.250 -999.250 -999.250 -999.250 -999.250 -999.250 -999.250 -999.250 -999.250 -999.250 -999.250 -999.250 -999.250 -999.250 -999.250 -999.250 -999.250 -999.250 -999.250 -999.250 -999.250 -999.250 -999.250 -999.250 -999.250 -999.250 -999.250 -999.250 -999.250 -999.250 -999.250 -999.250 -999.250 -999.250 -999.250 -999.250 -999.250 -999.250 -999.250 -999.250 -999.250 -999.250 -999.250 -999.250 -999.250 -999.250 -999.250 -999.250 -999.250 -999.250 -999.250 -999.250 -999.250 -999.250 -999.250 -999.250 -999.250 -999.250 -999.250 -999.250 -999.250
-999.250 -999.250 -999.250 -999.250 -999.250 -999.250 -999.250 -999.250 -999.250 -999.250 -999.250 -999.250 -999.250 -999.250 -999.250 -999.250 -999.250 -999.250 -999.250 -999.250 -999.250 -999.250 -999.250 -999.250 -999.250 -999.250 -999.250 -999.250 -999.250 -999.250 -999.250 -999.250 -999.250 -999.250 -999.250 -999.250 -999.250 -999.250 -999.250 -999.250 -999.250 -999.250 -999.250 -999.250 -999.250 -999.250 -999.250 -999.250 -999.250 -999.250 -999.250 -999.250 -999.250 -999.250 -999.250 -999.250 -999.250 -999.250 -999.250 -999.250 -999.250 -999.250 -999.250 -999.250 -999.250 -999.250 -999.250
-999.250 -999.250 -999.250 -999.250 -999.250 -999.250 -999.250 -999.250 -999.250 -999.250 -999.250 -999.250 -999.250 -999.250 -999.250 -999.250 -999.250 -999.250 -999.250 -999.250 -999.250 -999.250 -999.250 -999.250 -999.250 -999.250 -999.250 -999.250 -999.250 -999.250 -999.250 -999.250 -999.250 -999.250 -999.250 -999.250 -999.250 -999.250 -999.250 -999.250 -999.250 -999.250 -999.250 -999.250 -999.250 -999.250 -999.250 -999.250 -999.250 -999.250 -999.250 -999.250 -999.250 -999.250 -999.250 -999.250 -999.250 -999.250 -999.250 -999.250 -999.250 -999.250 -999.250 -999.250 -999.250 -999.250 -999.250
-999.250 -999.250 -999.250 -999.250 -999.250 -999.250 -999.250 -999.250 -999.250 -999.250 -999.250 -999.250 -999.250 -999.250 -999.250 -999.250 -999.250 -999.250 -999.250 -999.250 -999.250 -999.250 -999.250 -999.250 -999.250 -999.250 -999.250 -999.250 -999.250 -999.250 -999.250 -999.250 -999.250 -999.250 -999.250 -999.250 -999.250 -999.250 -999.250 -999.250 -999.250 -999.250 -999.250 -999.250 -999.250 -999.250 -999.250 -999.250 -999.250 -999.250 -999.250 -999.250 -999.250 -999.250 -999.250 -999.250 -999.250 -999.250 -999.250 -999.250 -999.250 -999.250 -999.250 -999.250 -999.250 -999.250 -999.250
-999.250 -999.250 -999.250 -999.250 -999.250 -999.250 -999.250 -999.250 -999.250 -999.250 -999.250 -999.250 -999.250 -999.250 -999.250 -999.250 -999.250 -999.250 -999.250 -999.250 -999.250 -999.250 -999.250 -999.250 -999.250 -999.250 -999.250 -999.250 -999.250 -999.250 -999.250 -999.250 -999.250 -999.250 -999.250 -999.250 -999.250 -999.250 -999.250 -999.250 -999.250 -999.250 -999.250 -999.250 -999.250 -999.250 -999.250 -999.250 -999.250 -999.250 -999.250 -999.250 -999.250 -999.250 -999.250 -999.250 -999.250 -999.250 -999.250 -999.250 -999.250 -999.250 -999.250 -999.250 -999.250 -999.250 -999.250
-999.250 -999.250 -999.250 -999.250 -999.250 -999.250 -999.250 -999.250 -999.250 -999.250 -999.250 -999.250 -999.250 -999.250 -999.250 -999.250 -999.250 -999.250 -999.250 -999.250 -999.250 -999.250 -999.250 -999.250 -999.250 -999.250 -999.250 -999.250 -999.250 -999.250 -999.250 -999.250 -999.250 -999.250 -999.250 -999.250 -999.250 -999.250 -999.250 -999.250 -999.250 -999.250 -999.250 -999.250 -999.250 -999.250 -999.250 -999.250 -999.250 -999.250 -999.250 -999.250 -999.250 -999.250 -999.250 -999.250 -999.250 -999.250 -999.250 -999.250 -999.250 -999.250 -999.250 -999.250 -999.250 -999.250 -999.250
-999.250 -999.250 -999.250 -999.250 -999.250 -999.250 -999.250 -999.250 -999.250 -999.250 -999.250 -999.250 -999.250 -999.250 -999.250 -999.250 -999.250 -999.250 -999.250 -999.250 -999.250 -999.250 -999.250 -999.250 -999.250 -999.250 -999.250 -999.250 -999.250 -999.250 -999.250 -999.250 -999.250 -999.250 -999.250 -999.250 -999.250 -999.250 -999.250 -999.250 -999.250 -999.250 -999.250 -999.250 -999.250 -999.250 -999.250 177.348 -999.250 -999.250 -999.250 -999.250 -999.250 -999.250 -999.250 -999.250 -999.250 -999.250 -999.250 -999.250 -999.250 -999.250 -999.250 -999.250 -999.250 -999.250 -999.250
-999.250 -999.250 -999.250 -999.250 -999.250 -999.250 -999.250 -999.250 -999.250 -999.250 -999.250 -999.250 -999.250 -999.250 -999.250 -999.250 -999.250 -999.250 -999.250 -999.250 -999.250 -999.250 -999.250 -999.250 -999.250 -999.250 -999.250 -999.250 -999.250 -999.250 -999.250 -999.250 84.145 87.490 83.359 84.697 -999.250 -999.250 -999.250 -999.250 109.016 -999.250 -999.250 -999.250 -999.250 -999.250 -999.250 208.644 244.662 -999.250 -999.250 -999.250 -999.250 -999.250 -999.250 -999.250 -999.250 -999.250 -999.250 -999.250 -999.250 -999.250 -999.250 -999.250 -999.250 -999.250 -999.250
-999.250 -999.250 -999.250 -999.250 -999.250 -999.250 -999.250 -999.250 -999.250 -999.250 -999.250 -999.250 -999.250 -999.250 -999.250 -999.250 -999.250 -999.250 -999.250 -999.250 -999.250 -999.250 -999.250 -999.250 -999.250 -999.250 -999.250 -999.250 -999.250 -999.250 -999.250 -999.250 88.347 79.323 80.224 81.603 -999.250 -999.250 -999.250 101.418 106.197 109.440 -999.250 -999.250 -999.250 -999.250 -999.250 250.822 264.750 247.868 -999.250 -999.250 -999.250 -999.250 -999.250 -999.250 269.166 264.238 -999.250 -999.250 -999.250 -999.250 -999.250 -999.250 -999.250 -999.250 -999.250
-999.250 -999.250 -999.250 -999.250 -999.250 -999.250 -999.250 -999.250 -999.250 -999.250 -999.250 -999.250 -999.250 -999.250 -999.250 -999.250 -999.250 -999.250 -999.250 -999.250 -999.250 -999.250 -999.250 -999.250 -999.250 -999.250 -999.250 -999.250 -999.250 -999.250 -999.250 -999.250 79.017 82.035 85.133 80.839 82.848 84.752 93.057 112.304 109.785 126.518 119.322 150.102 176.521 187.333 236.216 260.641 259.145 263.723 299.483 285.700 296.700 333.795 313.851 266.516 258.048 282.218 -999.250 -999.250 -999.250 -999.250 -999.250 -999.250 -999.250 -999.250 -999.250
-999.250 -999.250 235.821 -999.250 -999.250 -999.250 -999.250 -999.250 -999.250 -999.250 -999.250 -999.250 -999.250 -999.250 -999.250 -999.250 -999.250 -999.250 -999.250 -999.250 -999.250 -999.250 -999.250 -999.250 -999.250 -999.250 -999.250 -999.250 -999.250 -999.250 -999.250 -999.250 81.476 85.666 80.601 79.168 81.706 89.611 98.037 95.959 113.712 109.967 141.651 151.118 176.972 224.058 223.729 254.131 283.218 292.567 306.399 305.066 291.324 321.338 326.202 309.214 261.285 270.553 -999.250 -999.250 -999.250 -999.250 -999.250 -999.250 -999.250 -999.250 -999.250
-999.250 -999.250 251.883 -999.250 -999.250 -999.250 -999.250 -999.250 -999.250 -999.250 216.842 -999.250 -999.250 -999.250 -999.250 -999.250 -999.250 -999.250 -999.250 -999.250 -999.250 -999.250 -999.250 -999.250 -999.250 -999.250 -999.250 -999.250 -999.250 -999.250 -999.250 -999.250 74.822 74.374 80.343 75.905 75.242 80.836 88.867 98.894 109.460 130.435 158.118 166.771 183.317 203.243 252.034 268.107 273.591 324.739 325.561 327.582 310.226 325.114 320.797 292.397 275.361 254.305 -999.250 -999.250 -999.250 -999.250 -999.250 -999.250 -999.250 -999.250 -999.250
-999.250 -999.250 312.604 -999.250 -999.250 -999.250 -999.250 313.560 275.160 249.965 231.748 215.074 -999.250 -999.250 -999.250 -999.250 -999.250 -999.250 -999.250 -999.250 -999.250 -999.250 -999.250 -999.250 -999.250 -999.250 -999.250 -999.250 -999.250 -999.250 -999.250 -999.250 68.170 73.748 76.289 70.019 69.691 77.591 86.204 94.369 118.863 131.636 150.104 175.234 204.192 220.321 243.940 279.880 304.331 325.317 342.709 315.510 316.189 317.949 317.356 331.411 276.866 276.359 276.331 -999.250 -999.250 -999.250 -999.250 -999.250 -999.250 -999.250 -999.250
312.923 333.383 332.419 -999.250 -999.250 370.663 359.400 338.402 309.109 273.703 223.949 217.945 165.708 153.367 157.011 -999.250 -999.250 -999.250 -999.250 -999.250 -999.250 -999.250 -999.250 -999.250 -999.250 -999.250 -999.250 -999.250 -999.250 72.576 66.630 65.477 64.048 68.580 61.440 75.597 66.427 72.119 80.558 91.602 111.015 141.218 146.432 158.203 193.633 234.003 248.896 296.387 334.651 343.121 358.760 359.831 360.525 353.719 340.123 335.850 321.434 291.606 272.996 -999.250 -999.250 -999.250 -999.250 -999.250 -999.250 -999.250 -999.250
335.675 363.511 370.943 -999.250 384.744 383.670 388.288 367.903 311.756 294.993 240.502 197.012 169.726 149.630 -999.250 -999.250 -999.250 -999.250 -999.250 104.159 91.273 -999.250 -999.250 -999.250 79.121 -999.250 -999.250 82.511 72.125 73.096 72.055 75.662 63.941 58.937 69.433 68.512 63.283 68.344 72.964 91.094 108.266 127.052 141.721 151.998 177.232 224.314 269.220 284.726 325.015 335.667 367.752 366.374 359.531 373.134 344.894 318.616 308.775 290.977 245.828 -999.250 -999.250 -999.250 -999.250 -999.250 -999.250 -999.250 -999.250
348.133 396.220 402.239 437.006 427.608 409.666 378.698 359.122 340.641 299.154 246.409 206.446 172.884 152.355 -999.250 -999.250 100.670 100.479 101.136 86.027 79.760 86.538 -999.250 89.887 89.473 92.796 84.123 83.500 82.560 75.636 73.225 75.170 73.666 59.907 64.362 62.641 59.363 67.366 73.915 90.369 106.109 122.561 155.969 165.245 183.594 224.057 258.954 304.775 316.731 360.379 389.800 387.836 364.185 361.069 370.440 326.744 313.697 294.260 273.156 -999.250 -999.250 -999.250 -999.250 -999.250 -999.250 -999.250 -999.250
356.339 405.535 442.264 456.978 450.313 404.754 383.548 379.529 327.642 271.998 220.913 196.006 183.747 146.327 119.802 113.627 100.912 100.291 92.286 83.890 82.734 88.732 87.789 88.561 97.252 89.737 84.779 86.316 86.656 68.778 74.558 74.652 72.292 69.761 60.690 58.039 56.861 67.324 72.275 88.223 108.855 134.672 166.405 185.925 211.854 228.442 266.154 291.337 351.445 361.883 379.306 374.993 365.644 375.908 350.704 308.336 285.012 318.474 266.849 -999.250 -999.250 -999.250 -999.250 -999.250 -999.250 -999.250 -999.250
333.663 384.929 426.389 440.365 446.381 439.254 394.015 353.756 331.229 248.155 229.902 201.660 153.965 145.787 105.912 96.492 93.971 85.482 81.079 79.380 96.293 84.146 85.317 84.361 80.392 85.688 85.943 81.698 80.113 77.745 78.189 69.726 70.620 62.526 53.648 54.447 57.088 69.553 71.646 82.432 92.563 124.934 158.976 182.429 212.843 232.331 250.788 296.383 310.458 358.082 392.424 396.682 390.251 346.021 347.036 328.288 306.197 276.130 274.226 -999.250 -999.250 -999.250 -999.250 -999.250 -999.250 -999.250 -999.250
308.913 387.122 422.329 447.666 456.087 422.774 393.691 345.579 293.120 249.493 224.100 175.296 150.355 123.261 97.540 91.814 79.572 75.604 73.973 77.984 76.845 84.232 84.467 78.413 79.137 78.518 83.057 76.943 71.713 69.887 72.953 67.224 56.175 60.536 65.296 62.061 66.410 70.337 78.638 83.169 95.754 130.619 148.583 196.443 224.303 244.706 253.486 309.901 314.152 346.378 366.900 378.398 373.741 359.881 348.237 312.406 277.022 270.227 -999.250 -999.250 -999.250 -999.250 -999.250 -999.250 -999.250 -999.250 -999.250
324.345 356.063 396.974 438.636 444.593 431.876 371.072 323.216 294.794 229.187 181.635 157.423 117.927 103.235 80.395 71.172 69.892 60.084 63.053 68.904 78.794 74.818 78.203 74.249 76.197 71.921 74.545 69.781 74.129 69.426 63.611 66.459 55.464 55.303 61.876 63.877 72.942 78.292 87.731 91.338 113.271 138.874 167.013 198.942 218.300 227.917 245.920 266.052 309.279 312.884 346.475 351.415 369.752 321.799 332.122 314.450 262.966 260.016 -999.250 -999.250 -999.250 -999.250 -999.250 -999.250 -999.250 -999.250 -999.250
311.411 360.906 360.485 382.217 383.927 364.430 332.084 280.739 232.079 200.397 162.764 115.514 81.417 64.267 57.718 57.828 44.638 44.151 49.908 59.021 67.148 69.968 68.609 69.398 70.971 65.461 72.727 70.014 69.655 67.382 65.116 60.147 61.546 51.537 62.903 62.106 68.494 78.375 88.312 99.740 124.049 142.151 164.330 187.604 236.021 233.229 255.297 262.822 279.536 301.835 325.129 350.086 341.449 312.787 328.091 311.960 293.824 262.138 -999.250 -999.250 -999.250 -999.250 -999.250 -999.250 -999.250 -999.250 -999.250
283.289 315.073 325.080 342.068 338.526 325.750 302.417 230.881 204.402 157.101 125.163 82.909 54.896 36.452 35.636 34.869 33.370 34.305 39.508 46.726 56.126 58.915 62.145 64.288 68.777 66.245 68.428 63.613 63.001 64.130 65.483 57.449 54.621 55.964 71.033 67.867 70.069 75.056 93.822 104.956 131.238 150.598 151.850 189.500 228.871 220.598 269.892 281.944 279.804 296.696 316.609 329.878 329.621 318.603 327.517 313.588 271.756 260.898 -999.250 -999.250 -999.250 -999.250 -999.250 -999.250 -999.250 -999.250 -999.250
244.066 264.249 280.676 282.787 305.057 277.069 223.776 195.161 172.173 126.387 89.905 59.270 20.008 17.497 15.297 22.538 24.368 23.246 31.589 35.029 40.511 52.223 55.411 60.707 60.034 60.485 63.577 61.620 64.745 65.053 64.581 59.969 66.635 62.039 68.367 74.584 76.756 85.918 97.018 111.356 119.436 137.659 163.458 169.568 202.258 231.235 256.598 290.321 280.341 312.548 296.830 311.588 328.121 317.952 345.347 309.459 281.943 269.023 -999.250 -999.250 -999.250 -999.250 -999.250 -999.250 -999.250 -999.250 -999.250
194.640 229.442 227.255 252.712 239.064 212.223 167.928 161.497 129.788 89.355 65.981 36.138 16.254 7.006 8.063 8.405 13.980 15.205 24.508 26.842 35.174 40.104 42.590 50.203 57.550 62.368 58.630 64.067 62.549 59.297 63.768 64.447 62.891 62.094 69.691 80.338 81.468 87.966 106.119 116.077 121.654 145.681 161.741 169.062 203.183 211.065 242.319 267.032 272.775 294.713 308.747 293.943 291.984 321.876 332.429 292.818 290.699 281.756 259.953 -999.250 -999.250 -999.250 -999.250 208.550 180.808 -999.250 -999.250
171.862 166.239 189.507 193.703 200.307 178.639 148.934 127.541 104.831 69.495 49.855 28.191 10.674 3.919 0.873 6.162 9.492 13.264 20.580 24.785 29.678 36.493 38.426 49.491 56.869 55.536 51.349 57.798 62.824 62.289 55.704 66.568 69.600 71.585 74.564 90.464 83.522 89.880 99.542 107.076 128.536 146.614 152.253 173.174 165.942 189.500 226.602 232.103 258.550 266.552 306.054 330.920 305.600 299.626 289.165 293.696 276.004 266.586 238.887 231.576 -999.250 226.765 202.641 184.075 173.608 187.319 166.291
133.544 143.035 135.595 148.112 143.229 136.563 118.124 100.834 78.001 57.043 38.623 20.386 8.316 0.000 0.000 0.000 1.046 8.155 15.354 21.956 26.962 32.647 38.358 42.233 49.552 51.693 53.473 58.575 62.245 61.076 58.790 64.665 72.616 73.244 77.105 83.144 97.798 101.107 107.841 108.855 118.897 142.051 153.954 166.148 171.648 180.268 214.723 245.294 245.755 256.074 308.447 285.193 279.209 294.897 310.294 319.006 273.416 242.963 207.392 222.493 222.274 204.135 204.521 174.299 166.302 153.471 153.464
113.298 109.480 114.734 113.817 113.718 111.004 83.433 77.135 59.152 40.129 28.191 11.172 4.610 0.000 0.000 0.000 1.644 7.631 13.334 17.487 25.423 30.806 33.245 38.204 47.849 47.034 56.840 62.194 62.081 64.875 65.017 67.436 69.692 75.750 71.028 78.233 81.856 93.664 93.138 108.637 123.181 119.839 150.882 161.964 171.309 198.540 226.403 227.113 247.814 244.045 262.450 266.556 277.463 278.993 268.538 289.167 260.030 232.570 245.284 242.298 244.397 219.136 208.272 180.026 181.236 164.632 150.982
85.628 91.361 93.188 83.689 82.582 67.720 66.642 48.068 34.000 29.690 16.793 9.450 1.130 0.000 0.000 0.150 0.963 7.915 11.910 19.327 27.987 32.551 36.746 41.245 47.238 47.717 53.563 60.737 60.999 62.314 65.371 65.929 74.295 71.198 76.054 84.014 84.501 88.439 111.506 113.266 121.708 135.820 143.450 160.789 163.048 181.527 192.733 201.186 223.472 251.786 259.505 251.171 236.815 252.524 257.929 258.584 257.133 245.385 234.637 238.292 248.752 217.391 208.231 185.158 166.556 149.707 143.288
