data/medianmodel_13-Apr-2020.asc
ncols	141
nrows	288
xllcorner	-120191.398
yllcorner	-301404.813
cellsize	2000.000
NODATA_value	-999.250
[rows 210 to 239 of 288, columns 0 to 67 of 141]
-999.250 -999.250 -999.250 -999.250 -999.250 -999.250 -999.250 -999.250 -999.250 -999.250 -999.250 -999.250 -999.250 -999.250 -999.250 -999.250 -999.250 -999.250 -999.250 -999.250 -999.250 -999.250 -999.250 -999.250 -999.250 -999.250 -999.250 -999.250 -999.250 -999.250 -999.250 23.326 24.629 27.649 22.980 26.166 29.890 26.829 30.070 28.310 27.396 27.238 25.731 24.182 26.960 29.447 27.398 22.709 21.524 23.767 19.886 21.441 18.100 20.662 16.506 18.025 15.267 13.021 13.077 10.657 10.184 11.721 11.084 10.834 6.953 4.995 11.597 12.044
-999.250 -999.250 -999.250 -999.250 -999.250 -999.250 -999.250 -999.250 -999.250 -999.250 -999.250 -999.250 -999.250 -999.250 -999.250 -999.250 -999.250 -999.250 -999.250 -999.250 -999.250 -999.250 -999.250 -999.250 -999.250 -999.250 -999.250 -999.250 -999.250 -999.250 -999.250 24.169 27.420 25.556 25.562 26.327 25.014 24.658 28.441 26.388 25.399 28.933 28.120 26.614 26.560 29.813 24.903 26.558 21.878 20.991 21.776 20.612 19.344 18.191 19.721 18.522 13.055 14.585 12.032 10.898 12.395 10.525 11.320 7.815 3.528 0.000 9.194 11.723
-999.250 -999.250 -999.250 -999.250 -999.250 -999.250 -999.250 -999.250 -999.250 -999.250 -999.250 -999.250 -999.250 -999.250 -999.250 -999.250 -999.250 -999.250 -999.250 -999.250 -999.250 -999.250 -999.250 -999.250 -999.250 -999.250 -999.250 -999.250 -999.250 -999.250 -999.250 22.284 25.483 25.280 24.035 27.682 25.490 24.944 26.964 28.950 26.963 25.019 26.693 28.726 26.547 27.085 27.456 26.735 23.437 22.424 23.387 21.392 18.717 17.413 16.545 16.104 14.690 13.967 11.480 10.679 10.373 9.279 8.321 8.493 4.919 2.614 10.833 10.692
-999.250 -999.250 -999.250 -999.250 -999.250 -999.250 -999.250 -999.250 -999.250 -999.250 -999.250 -999.250 -999.250 -999.250 -999.250 -999.250 -999.250 -999.250 -999.250 -999.250 -999.250 -999.250 -999.250 -999.250 -999.250 -999.250 -999.250 -999.250 -999.250 -999.250 -999.250 23.849 24.259 25.319 22.579 24.340 22.062 21.146 22.927 27.120 24.143 25.737 26.086 25.271 22.798 25.590 27.145 22.657 22.758 22.503 21.250 19.712 17.928 16.996 16.045 14.113 16.605 12.665 13.386 10.732 11.187 11.112 8.677 5.334 5.346 8.456 8.167 8.816
-999.250 -999.250 -999.250 -999.250 -999.250 -999.250 -999.250 -999.250 -999.250 -999.250 -999.250 -999.250 -999.250 -999.250 -999.250 -999.250 -999.250 -999.250 -999.250 -999.250 -999.250 -999.250 -999.250 -999.250 -999.250 -999.250 -999.250 -999.250 -999.250 -999.250 -999.250 20.988 23.536 23.058 23.436 23.588 20.897 20.333 25.973 23.681 22.911 24.685 26.930 28.817 26.517 24.512 23.728 22.773 21.742 20.106 20.639 18.980 19.329 16.788 16.327 15.347 15.281 15.580 14.901 9.236 10.564 10.199 6.328 3.941 7.871 8.874 9.323 14.897
-999.250 -999.250 -999.250 -999.250 -999.250 -999.250 -999.250 -999.250 -999.250 -999.250 -999.250 -999.250 -999.250 -999.250 -999.250 -999.250 -999.250 -999.250 -999.250 -999.250 -999.250 -999.250 -999.250 -999.250 -999.250 -999.250 -999.250 -999.250 -999.250 -999.250 -999.250 24.490 21.774 21.455 22.114 21.754 20.659 21.233 24.135 23.889 23.112 22.534 26.605 22.652 27.331 22.005 22.524 22.842 23.418 20.908 21.180 20.621 18.308 17.254 17.259 14.275 15.512 14.214 13.428 10.927 9.720 11.547 9.988 9.573 10.371 9.828 10.831 14.657
-999.250 -999.250 -999.250 -999.250 -999.250 -999.250 -999.250 -999.250 -999.250 -999.250 -999.250 -999.250 -999.250 -999.250 -999.250 -999.250 -999.250 -999.250 -999.250 -999.250 -999.250 -999.250 -999.250 -999.250 -999.250 -999.250 -999.250 -999.250 -999.250 -999.250 -999.250 22.891 23.261 24.807 22.704 23.953 21.384 24.402 25.983 20.323 23.703 23.629 25.927 25.041 23.919 24.120 25.498 23.804 22.784 20.498 19.409 16.833 17.135 19.036 17.540 17.774 14.287 15.477 10.498 11.761 9.823 10.619 13.150 5.610 3.318 4.503 9.460 15.753
-999.250 -999.250 -999.250 -999.250 -999.250 -999.250 -999.250 -999.250 -999.250 -999.250 -999.250 -999.250 -999.250 -999.250 -999.250 -999.250 -999.250 -999.250 -999.250 -999.250 -999.250 -999.250 -999.250 -999.250 -999.250 -999.250 -999.250 -999.250 -999.250 -999.250 -999.250 19.269 22.439 23.536 20.343 23.371 23.585 25.436 24.896 23.819 21.220 22.188 22.442 26.101 24.732 24.932 25.928 22.519 23.697 19.740 20.147 17.697 16.177 17.033 18.594 17.521 17.532 14.995 14.589 12.962 13.757 14.229 11.187 9.998 4.742 0.000 11.231 17.590
-999.250 -999.250 -999.250 -999.250 -999.250 -999.250 -999.250 -999.250 -999.250 -999.250 -999.250 -999.250 -999.250 -999.250 -999.250 -999.250 -999.250 -999.250 -999.250 -999.250 -999.250 -999.250 -999.250 -999.250 -999.250 -999.250 -999.250 -999.250 -999.250 -999.250 -999.250 19.387 22.416 20.704 20.974 24.462 24.484 23.325 24.871 23.099 24.165 21.284 23.013 26.103 23.314 21.864 20.549 22.153 25.093 25.089 17.363 19.133 18.886 18.323 17.981 19.764 17.161 15.670 18.420 16.729 11.962 12.147 11.406 12.857 9.362 10.487 15.255 22.137
-999.250 -999.250 -999.250 -999.250 -999.250 -999.250 -999.250 -999.250 -999.250 -999.250 -999.250 -999.250 -999.250 -999.250 -999.250 -999.250 -999.250 -999.250 -999.250 -999.250 -999.250 -999.250 -999.250 -999.250 -999.250 -999.250 -999.250 -999.250 -999.250 -999.250 -999.250 19.643 19.186 21.147 20.786 23.979 23.105 25.299 24.291 21.521 21.238 20.493 21.312 22.921 22.997 21.572 19.711 20.865 18.775 21.915 21.332 19.526 18.154 17.989 19.800 16.882 14.652 14.743 16.602 17.551 16.818 12.671 13.560 12.938 13.982 17.618 19.432 24.438
-999.250 -999.250 -999.250 -999.250 -999.250 -999.250 -999.250 -999.250 -999.250 -999.250 -999.250 -999.250 -999.250 -999.250 -999.250 -999.250 -999.250 -999.250 -999.250 -999.250 -999.250 -999.250 -999.250 -999.250 -999.250 -999.250 -999.250 -999.250 -999.250 -999.250 -999.250 16.840 20.788 20.859 23.665 22.955 25.130 25.282 27.466 26.125 22.791 20.737 20.898 21.607 24.405 23.658 21.262 22.265 21.888 20.933 18.102 19.404 17.610 18.749 18.339 18.193 18.391 14.900 15.571 12.118 11.248 11.917 14.762 15.742 15.660 18.782 20.965 28.320
-999.250 -999.250 -999.250 -999.250 -999.250 -999.250 -999.250 -999.250 -999.250 -999.250 -999.250 -999.250 -999.250 -999.250 -999.250 -999.250 -999.250 -999.250 -999.250 -999.250 -999.250 -999.250 -999.250 -999.250 -999.250 -999.250 -999.250 -999.250 -999.250 -999.250 -999.250 16.804 18.933 19.171 21.683 24.323 22.496 24.127 23.963 24.044 26.976 22.807 23.034 24.360 24.192 24.412 25.026 22.313 20.503 19.816 18.959 19.528 17.472 18.623 18.121 16.597 16.626 12.945 15.242 13.164 13.732 15.464 16.069 18.541 22.547 22.289 24.542 27.210
-999.250 -999.250 -999.250 -999.250 -999.250 -999.250 -999.250 -999.250 -999.250 -999.250 -999.250 -999.250 -999.250 -999.250 -999.250 -999.250 -999.250 -999.250 -999.250 -999.250 -999.250 -999.250 -999.250 -999.250 -999.250 -999.250 -999.250 -999.250 -999.250 -999.250 -999.250 16.943 19.533 20.649 20.340 22.189 23.296 23.885 23.520 25.933 26.183 26.715 27.083 23.721 28.431 25.330 25.144 21.735 21.329 19.823 19.079 17.485 16.992 20.095 16.748 14.871 13.194 11.912 14.324 13.934 16.505 16.677 16.259 18.117 24.167 24.411 23.012 28.016
-999.250 -999.250 -999.250 -999.250 -999.250 -999.250 -999.250 -999.250 -999.250 -999.250 -999.250 -999.250 -999.250 -999.250 -999.250 -999.250 -999.250 -999.250 -999.250 -999.250 -999.250 -999.250 -999.250 -999.250 -999.250 -999.250 -999.250 -999.250 -999.250 -999.250 12.697 15.775 18.569 20.692 23.750 24.702 23.909 23.211 25.707 25.152 25.085 24.955 28.209 23.653 26.381 28.525 25.829 24.965 20.290 18.371 17.826 22.219 16.614 16.331 15.779 13.716 16.424 17.163 15.498 16.063 15.541 14.469 17.463 21.769 23.907 26.931 28.545 30.312
-999.250 -999.250 -999.250 -999.250 -999.250 -999.250 -999.250 -999.250 -999.250 -999.250 -999.250 -999.250 -999.250 -999.250 -999.250 -999.250 -999.250 -999.250 -999.250 -999.250 -999.250 -999.250 -999.250 -999.250 -999.250 -999.250 -999.250 -999.250 -999.250 -999.250 11.879 14.203 16.629 19.060 22.417 21.690 24.843 24.186 26.262 25.851 24.665 26.454 31.162 28.888 29.025 29.227 27.808 24.289 25.322 20.207 18.853 18.122 18.462 19.342 18.005 16.577 16.352 17.320 18.644 15.379 17.066 19.290 18.692 19.174 24.849 25.106 27.348 29.372
-999.250 -999.250 -999.250 -999.250 -999.250 -999.250 -999.250 -999.250 -999.250 -999.250 -999.250 -999.250 -999.250 -999.250 -999.250 -999.250 -999.250 -999.250 -999.250 -999.250 -999.250 -999.250 -999.250 -999.250 -999.250 -999.250 -999.250 -999.250 -999.250 -999.250 11.037 14.349 16.324 16.473 20.625 22.284 23.109 27.135 25.445 28.645 26.159 27.516 26.301 30.907 28.654 29.074 29.056 27.400 25.601 21.689 21.651 19.193 18.184 17.178 17.463 14.878 17.837 18.702 18.542 18.803 17.762 19.171 20.549 18.179 22.168 24.934 25.569 28.098
-999.250 -999.250 -999.250 -999.250 -999.250 -999.250 -999.250 -999.250 -999.250 -999.250 -999.250 -999.250 -999.250 -999.250 -999.250 -999.250 -999.250 -999.250 -999.250 -999.250 -999.250 -999.250 -999.250 -999.250 -999.250 -999.250 -999.250 -999.250 -999.250 -999.250 10.413 13.213 15.081 17.609 18.700 21.588 22.841 23.828 24.077 24.468 27.839 28.238 26.786 31.300 31.055 32.062 32.361 27.692 22.913 25.659 23.210 21.778 19.418 19.750 18.675 18.912 17.438 17.740 15.464 18.628 17.395 19.952 20.878 23.101 22.742 26.319 27.410 31.791
-999.250 -999.250 -999.250 -999.250 -999.250 -999.250 -999.250 -999.250 -999.250 -999.250 -999.250 -999.250 -999.250 -999.250 -999.250 -999.250 -999.250 -999.250 -999.250 -999.250 -999.250 -999.250 -999.250 -999.250 -999.250 -999.250 -999.250 -999.250 -999.250 11.456 11.242 13.068 15.435 15.724 18.394 21.491 25.306 25.362 24.234 22.594 27.532 24.308 25.333 29.871 32.616 30.672 30.718 24.634 23.197 23.055 24.390 24.952 21.237 20.973 20.936 20.685 17.455 12.747 18.747 20.178 21.783 23.405 24.094 23.204 24.171 23.907 22.734 26.639
-999.250 -999.250 -999.250 -999.250 -999.250 -999.250 -999.250 -999.250 -999.250 -999.250 -999.250 -999.250 -999.250 -999.250 -999.250 -999.250 -999.250 -999.250 -999.250 -999.250 -999.250 -999.250 -999.250 -999.250 -999.250 -999.250 -999.250 -999.250 -999.250 9.481 11.049 12.664 13.802 14.798 18.615 19.469 24.233 23.675 25.038 24.102 27.395 25.672 26.428 30.538 33.734 32.747 26.031 26.362 23.472 25.176 24.144 23.046 23.156 24.729 23.532 21.014 16.354 18.437 20.887 22.285 24.004 25.356 25.935 23.916 22.818 25.247 25.329 27.724
-999.250 -999.250 -999.250 -999.250 -999.250 -999.250 -999.250 -999.250 -999.250 -999.250 -999.250 -999.250 -999.250 -999.250 -999.250 -999.250 -999.250 -999.250 -999.250 -999.250 -999.250 -999.250 -999.250 -999.250 -999.250 -999.250 -999.250 -999.250 6.777 6.628 6.048 14.461 13.332 16.607 17.782 20.606 20.840 25.038 25.658 25.110 23.796 26.477 27.166 31.099 29.391 30.184 26.397 26.581 24.602 26.290 25.236 25.988 23.713 24.220 20.176 21.080 20.374 21.203 21.834 24.884 26.612 26.652 26.502 23.073 24.586 26.988 25.375 26.784
-999.250 -999.250 -999.250 -999.250 -999.250 -999.250 -999.250 -999.250 -999.250 -999.250 -999.250 -999.250 -999.250 -999.250 -999.250 -999.250 -999.250 -999.250 -999.250 -999.250 -999.250 -999.250 -999.250 -999.250 -999.250 -999.250 -999.250 -999.250 11.249 4.735 8.666 8.834 12.202 13.787 16.529 21.805 22.161 22.093 25.788 25.088 28.184 25.009 27.387 27.869 30.018 29.192 28.015 27.172 27.884 28.631 23.259 24.380 28.609 26.551 19.892 20.350 21.717 24.644 22.929 22.292 23.101 26.309 25.485 27.862 24.483 28.114 27.836 25.813
-999.250 -999.250 -999.250 -999.250 -999.250 -999.250 -999.250 -999.250 -999.250 -999.250 -999.250 -999.250 -999.250 -999.250 -999.250 -999.250 -999.250 -999.250 -999.250 -999.250 -999.250 -999.250 -999.250 -999.250 -999.250 -999.250 -999.250 6.448 9.071 10.159 4.631 2.796 9.400 14.385 18.486 17.904 20.785 21.327 25.270 28.589 28.180 25.002 27.299 27.325 26.219 29.577 29.200 28.503 28.977 26.068 26.396 26.385 26.909 24.152 24.877 22.276 23.259 25.605 24.775 26.255 27.143 23.112 26.133 27.705 26.502 28.908 28.419 28.067
-999.250 -999.250 -999.250 -999.250 -999.250 -999.250 -999.250 -999.250 -999.250 -999.250 -999.250 -999.250 -999.250 -999.250 -999.250 -999.250 -999.250 -999.250 -999.250 -999.250 -999.250 -999.250 -999.250 -999.250 -999.250 -999.250 -999.250 4.023 6.576 8.511 5.127 0.000 4.850 12.063 13.862 17.197 19.540 19.466 22.291 23.355 25.843 28.002 28.601 28.188 28.007 26.699 29.793 29.366 28.407 27.477 25.693 25.993 26.274 26.608 26.720 26.155 24.927 24.106 27.306 24.766 26.449 25.973 26.526 26.836 29.103 30.086 27.167 26.022
-999.250 -999.250 -999.250 -999.250 -999.250 -999.250 -999.250 -999.250 -999.250 -999.250 -999.250 -999.250 -999.250 -999.250 -999.250 -999.250 -999.250 -999.250 -999.250 -999.250 -999.250 -999.250 -999.250 -999.250 -999.250 -999.250 -999.250 -999.250 4.707 7.100 4.388 3.451 6.564 10.052 13.897 18.482 20.149 20.661 21.423 22.487 26.419 27.125 29.073 29.506 32.997 28.983 29.599 26.736 26.808 25.841 22.376 24.880 25.379 27.142 24.427 26.290 24.294 24.918 27.122 25.599 24.578 26.698 28.090 25.709 28.091 29.870 27.286 28.468
-999.250 -999.250 -999.250 -999.250 -999.250 -999.250 -999.250 -999.250 -999.250 -999.250 -999.250 -999.250 -999.250 -999.250 -999.250 -999.250 -999.250 -999.250 -999.250 -999.250 -999.250 -999.250 -999.250 -999.250 -999.250 -999.250 -999.250 -999.250 -999.250 -999.250 7.540 7.808 11.177 12.605 13.724 20.208 18.536 18.118 19.099 24.918 25.058 24.629 26.387 24.480 24.991 30.839 26.516 27.429 30.857 25.844 27.178 27.016 25.293 26.697 28.526 23.843 24.794 24.690 22.955 24.818 25.918 27.445 25.697 28.407 28.636 27.686 25.815 26.576
-999.250 -999.250 -999.250 -999.250 -999.250 -999.250 -999.250 -999.250 -999.250 -999.250 -999.250 -999.250 -999.250 -999.250 -999.250 -999.250 -999.250 -999.250 -999.250 -999.250 -999.250 -999.250 -999.250 -999.250 -999.250 -999.250 -999.250 -999.250 -999.250 -999.250 11.181 11.070 13.086 14.926 16.238 18.774 19.279 21.645 19.945 26.163 24.843 23.993 24.522 22.148 21.195 27.113 28.263 24.968 29.867 24.401 26.724 27.485 25.502 25.044 26.954 24.266 24.733 22.660 21.689 24.638 24.879 27.360 26.476 26.057 27.220 24.932 25.091 27.216
-999.250 -999.250 -999.250 -999.250 -999.250 -999.250 -999.250 -999.250 -999.250 -999.250 -999.250 -999.250 -999.250 -999.250 -999.250 -999.250 -999.250 -999.250 -999.250 -999.250 -999.250 -999.250 -999.250 -999.250 -999.250 -999.250 -999.250 -999.250 -999.250 -999.250 9.046 14.884 15.766 14.862 14.965 18.466 22.748 20.870 23.065 26.132 26.202 25.216 24.560 26.690 26.398 28.707 25.324 23.605 25.132 25.485 24.646 24.420 25.218 24.545 26.154 25.950 24.120 21.201 22.968 24.251 24.753 26.787 25.574 22.706 25.854 28.122 25.947 23.917
-999.250 -999.250 -999.250 -999.250 -999.250 -999.250 -999.250 -999.250 -999.250 -999.250 -999.250 -999.250 -999.250 -999.250 -999.250 -999.250 -999.250 -999.250 -999.250 -999.250 -999.250 -999.250 -999.250 -999.250 -999.250 -999.250 -999.250 -999.250 -999.250 -999.250 -999.250 12.793 14.074 16.339 16.809 19.496 21.276 19.940 25.023 26.454 25.669 25.680 26.421 24.723 24.098 24.258 22.624 23.785 22.683 23.477 23.308 22.601 24.503 21.197 23.315 25.374 22.349 22.367 22.174 22.916 23.221 24.983 22.711 22.669 27.300 28.603 23.798 23.250
-999.250 -999.250 -999.250 -999.250 -999.250 -999.250 -999.250 -999.250 -999.250 -999.250 -999.250 -999.250 -999.250 -999.250 -999.250 -999.250 -999.250 -999.250 -999.250 -999.250 -999.250 -999.250 -999.250 -999.250 -999.250 -999.250 -999.250 -999.250 -999.250 -999.250 10.339 13.958 17.036 16.570 17.053 18.041 19.858 19.667 20.746 23.998 26.267 26.603 28.853 24.531 22.924 23.938 23.818 25.135 23.602 21.723 23.708 25.149 25.100 22.992 23.173 21.160 21.128 19.666 19.793 19.668 22.065 22.310 21.588 21.980 23.697 27.373 21.732 21.335
-999.250 -999.250 -999.250 -999.250 -999.250 -999.250 -999.250 -999.250 -999.250 -999.250 -999.250 -999.250 -999.250 -999.250 -999.250 -999.250 -999.250 -999.250 -999.250 -999.250 -999.250 -999.250 -999.250 -999.250 -999.250 -999.250 -999.250 -999.250 -999.250 -999.250 -999.250 14.997 15.361 16.779 17.538 17.122 20.057 18.954 19.885 19.989 24.684 27.773 27.022 25.235 27.772 24.342 25.158 23.412 27.289 20.737 22.372 21.977 24.192 24.928 21.252 21.519 19.675 19.559 18.190 20.577 19.626 18.145 17.184 19.868 20.290 20.635 21.174 21.958
