data/medianmodel_17-Apr-2020.asc
ncols	141
nrows	288
xllcorner	-120191.398
yllcorner	-301404.813
cellsize	2000.000
NODATA_value	-999.250
[rows 240 to 269 of 288, columns 0 to 66 of 141]
-999.250 -999.250 -999.250 -999.250 -999.250 -999.250 -999.250 -999.250 -999.250 -999.250 -999.250 -999.250 -999.250 -999.250 -999.250 -999.250 -999.250 -999.250 -999.250 -999.250 -999.250 -999.250 -999.250 -999.250 -999.250 -999.250 -999.250 -999.250 -999.250 -999.250 8.460 13.930 15.038 14.259 16.373 18.715 22.184 22.674 25.528 31.781 27.173 23.080 24.229 25.217 24.334 24.884 26.985 23.910 28.793 27.401 23.688 25.545 26.387 24.062 25.155 27.212 24.945 26.994 25.127 23.124 22.203 21.575 16.951 18.585 19.103 21.517 22.350
-999.250 -999.250 -999.250 -999.250 -999.250 -999.250 -999.250 -999.250 -999.250 -999.250 -999.250 -999.250 -999.250 -999.250 -999.250 -999.250 -999.250 -999.250 -999.250 -999.250 -999.250 -999.250 -999.250 -999.250 -999.250 -999.250 -999.250 -999.250 -999.250 -999.250 8.500 13.890 14.190 14.236 16.386 16.878 19.616 21.555 22.662 29.540 29.206 25.825 24.337 26.932 23.178 26.005 25.792 27.823 26.789 25.335 25.502 24.239 22.159 22.622 23.849 22.054 23.775 24.237 18.752 20.267 20.167 18.262 17.040 16.932 19.528 20.447 21.549
-999.250 -999.250 -999.250 -999.250 -999.250 -999.250 -999.250 -999.250 -999.250 -999.250 -999.250 -999.250 -999.250 -999.250 -999.250 -999.250 -999.250 -999.250 -999.250 -999.250 -999.250 -999.250 -999.250 -999.250 -999.250 -999.250 -999.250 -999.250 -999.250 -999.250 11.609 12.223 14.005 13.945 16.623 21.076 18.547 20.036 26.706 23.990 25.091 26.402 27.668 24.894 21.627 24.253 25.233 25.485 25.711 24.953 24.575 20.913 23.836 22.144 23.123 21.114 19.346 19.754 19.355 17.400 16.701 14.819 14.444 16.098 17.077 19.565 20.522
-999.250 -999.250 -999.250 -999.250 -999.250 -999.250 -999.250 -999.250 -999.250 -999.250 -999.250 -999.250 -999.250 -999.250 -999.250 -999.250 -999.250 -999.250 -999.250 -999.250 -999.250 -999.250 -999.250 -999.250 -999.250 -999.250 -999.250 -999.250 -999.250 -999.250 14.114 14.240 12.991 15.594 16.966 18.957 18.941 20.483 21.657 21.822 22.062 20.600 23.368 23.664 22.681 25.621 20.321 24.158 23.660 20.366 19.938 19.174 21.371 19.392 19.504 18.098 17.826 17.589 17.748 14.446 11.959 12.369 11.836 12.711 14.443 13.748 16.956
-999.250 -999.250 -999.250 -999.250 -999.250 -999.250 -999.250 -999.250 -999.250 -999.250 -999.250 -999.250 -999.250 -999.250 -999.250 -999.250 -999.250 -999.250 -999.250 -999.250 -999.250 -999.250 -999.250 -999.250 -999.250 -999.250 -999.250 -999.250 -999.250 -999.250 11.346 15.090 13.763 16.550 17.165 17.780 18.391 18.660 22.283 21.563 21.949 21.087 22.627 27.214 23.435 21.256 19.170 19.171 19.562 17.495 15.924 17.180 19.464 17.262 18.408 14.445 16.273 15.138 13.332 11.317 7.963 4.884 6.874 11.008 12.869 16.576 19.132
-999.250 -999.250 -999.250 -999.250 -999.250 -999.250 -999.250 -999.250 -999.250 -999.250 -999.250 -999.250 -999.250 -999.250 -999.250 -999.250 -999.250 -999.250 -999.250 -999.250 -999.250 -999.250 -999.250 -999.250 -999.250 -999.250 -999.250 -999.250 -999.250 -999.250 -999.250 11.833 13.570 16.552 16.284 18.183 16.767 16.646 21.430 22.985 20.689 21.966 23.256 26.386 20.981 21.096 17.903 17.369 17.512 16.547 16.453 14.483 15.060 14.873 13.508 12.669 11.438 11.704 7.603 10.213 5.943 0.000 7.899 11.865 12.835 17.646 19.368
-999.250 -999.250 -999.250 -999.250 -999.250 -999.250 -999.250 -999.250 -999.250 -999.250 -999.250 -999.250 -999.250 -999.250 -999.250 -999.250 -999.250 -999.250 -999.250 -999.250 -999.250 -999.250 -999.250 -999.250 -999.250 -999.250 -999.250 -999.250 -999.250 -999.250 -999.250 13.474 15.901 18.788 18.028 17.969 19.230 19.198 18.852 19.595 20.791 21.784 18.686 24.727 21.174 19.805 16.965 15.951 13.870 14.853 15.140 14.187 15.646 11.850 8.531 7.590 9.144 10.586 9.246 7.216 8.520 4.660 7.141 13.259 14.660 18.670 18.873
-999.250 -999.250 -999.250 -999.250 -999.250 -999.250 -999.250 -999.250 -999.250 -999.250 -999.250 -999.250 -999.250 -999.250 -999.250 -999.250 -999.250 -999.250 -999.250 -999.250 -999.250 -999.250 -999.250 -999.250 -999.250 -999.250 -999.250 -999.250 -999.250 -999.250 15.657 15.425 16.340 18.079 19.026 18.913 21.909 23.388 22.440 19.626 17.408 21.708 23.339 23.688 20.850 16.416 19.289 15.358 12.071 11.917 14.523 15.856 14.370 10.317 5.962 3.997 3.618 7.020 9.756 9.945 11.159 7.936 8.622 14.681 14.502 16.012 16.720
-999.250 -999.250 -999.250 -999.250 -999.250 -999.250 -999.250 -999.250 -999.250 -999.250 -999.250 -999.250 -999.250 -999.250 -999.250 -999.250 -999.250 -999.250 -999.250 -999.250 -999.250 -999.250 -999.250 -999.250 -999.250 -999.250 -999.250 -999.250 -999.250 -999.250 14.125 14.433 16.332 16.092 20.710 20.016 19.801 21.703 23.060 20.327 20.361 19.475 20.237 22.450 17.215 18.384 18.676 15.506 14.807 14.333 12.746 14.069 12.160 8.029 5.328 3.037 1.653 7.322 9.001 9.507 11.841 10.446 10.313 14.943 13.398 15.718 16.012
-999.250 -999.250 -999.250 -999.250 -999.250 -999.250 -999.250 -999.250 -999.250 -999.250 -999.250 -999.250 -999.250 -999.250 -999.250 -999.250 -999.250 -999.250 -999.250 -999.250 -999.250 -999.250 -999.250 -999.250 -999.250 -999.250 -999.250 -999.250 -999.250 -999.250 12.165 15.143 15.083 15.523 18.624 18.176 20.825 19.154 21.351 20.369 17.662 20.441 17.736 19.415 17.797 16.757 17.235 15.247 13.445 14.959 12.334 13.210 13.529 11.349 2.392 0.000 3.157 9.276 10.261 14.525 13.865 12.125 13.115 14.346 14.360 13.901 18.357
-999.250 -999.250 -999.250 -999.250 -999.250 -999.250 -999.250 -999.250 -999.250 -999.250 -999.250 -999.250 -999.250 -999.250 -999.250 -999.250 -999.250 -999.250 -999.250 -999.250 -999.250 -999.250 -999.250 -999.250 -999.250 -999.250 -999.250 -999.250 -999.250 -999.250 13.700 15.171 16.493 17.528 16.257 17.612 17.641 18.094 17.519 17.271 19.760 19.178 18.529 19.137 17.353 16.919 16.736 14.634 16.170 11.831 15.732 15.122 12.892 11.110 8.551 6.931 6.720 12.274 14.974 16.768 15.093 15.669 14.426 14.670 16.324 18.221 16.314
-999.250 -999.250 -999.250 -999.250 -999.250 -999.250 -999.250 -999.250 -999.250 -999.250 -999.250 -999.250 -999.250 -999.250 -999.250 -999.250 -999.250 -999.250 -999.250 -999.250 -999.250 -999.250 -999.250 -999.250 -999.250 -999.250 -999.250 -999.250 -999.250 -999.250 17.669 16.681 19.612 19.572 18.299 18.850 18.406 14.040 13.702 12.137 17.897 19.756 18.811 18.419 16.757 17.694 17.881 16.064 14.594 16.619 16.683 12.597 15.426 16.786 15.059 14.600 14.206 14.947 15.691 16.707 18.687 21.273 18.494 17.745 18.244 21.135 18.796
-999.250 -999.250 -999.250 -999.250 -999.250 -999.250 -999.250 -999.250 -999.250 -999.250 -999.250 -999.250 -999.250 -999.250 -999.250 -999.250 -999.250 -999.250 -999.250 -999.250 -999.250 -999.250 -999.250 -999.250 -999.250 -999.250 -999.250 -999.250 -999.250 14.537 16.677 16.737 18.986 18.338 16.932 21.481 18.632 16.046 16.608 15.591 16.051 17.596 16.462 17.528 16.298 17.174 15.593 16.145 16.802 16.446 16.984 15.333 17.295 14.032 15.232 14.416 17.847 17.134 15.878 18.435 22.995 21.070 24.744 20.183 18.806 22.240 20.751
-999.250 -999.250 -999.250 -999.250 -999.250 -999.250 -999.250 -999.250 -999.250 -999.250 -999.250 -999.250 -999.250 -999.250 -999.250 -999.250 -999.250 -999.250 -999.250 -999.250 -999.250 -999.250 -999.250 -999.250 -999.250 -999.250 -999.250 -999.250 -999.250 -999.250 14.381 16.812 17.112 18.643 17.711 18.414 17.709 18.308 16.338 15.919 16.767 17.259 16.840 16.492 16.400 17.549 17.369 18.276 20.765 19.764 17.777 16.639 15.735 15.115 15.721 17.503 19.577 18.427 18.800 21.787 23.755 22.745 28.870 25.188 23.129 25.886 26.078
-999.250 -999.250 -999.250 -999.250 -999.250 -999.250 -999.250 -999.250 -999.250 -999.250 -999.250 -999.250 -999.250 -999.250 -999.250 -999.250 -999.250 -999.250 -999.250 -999.250 -999.250 -999.250 -999.250 -999.250 -999.250 -999.250 -999.250 -999.250 -999.250 -999.250 15.051 17.680 17.786 18.242 17.602 17.685 15.054 17.158 16.333 16.128 15.223 18.206 18.717 17.884 16.425 20.060 19.847 21.794 20.407 21.176 17.869 16.231 15.011 15.359 18.727 18.718 22.703 19.492 18.266 21.137 25.501 25.907 30.928 29.520 28.892 26.147 32.846
-999.250 -999.250 -999.250 -999.250 -999.250 -999.250 -999.250 -999.250 -999.250 -999.250 -999.250 -999.250 -999.250 -999.250 -999.250 -999.250 -999.250 -999.250 -999.250 -999.250 -999.250 -999.250 -999.250 -999.250 -999.250 -999.250 -999.250 -999.250 -999.250 -999.250 -999.250 14.500 15.696 15.102 16.658 17.348 16.755 16.522 17.731 18.412 16.801 20.097 20.851 22.400 20.893 20.322 21.093 17.790 22.200 19.101 18.355 17.758 17.868 18.972 20.198 21.060 19.542 23.094 20.767 24.672 29.324 29.510 31.426 32.905 33.259 34.838 31.364
-999.250 -999.250 -999.250 -999.250 -999.250 -999.250 -999.250 -999.250 -999.250 -999.250 -999.250 -999.250 -999.250 -999.250 -999.250 -999.250 -999.250 -999.250 -999.250 -999.250 -999.250 -999.250 -999.250 -999.250 -999.250 -999.250 -999.250 -999.250 -999.250 -999.250 -999.250 13.303 17.099 15.698 16.780 16.058 17.409 19.874 19.347 17.150 18.193 20.647 23.905 23.007 21.809 24.269 24.122 21.920 21.850 22.404 21.544 25.074 22.223 19.917 21.797 22.106 24.246 24.923 27.745 28.745 29.354 33.724 35.051 36.582 36.585 34.366 31.057
-999.250 -999.250 -999.250 -999.250 -999.250 -999.250 -999.250 -999.250 -999.250 -999.250 -999.250 -999.250 -999.250 -999.250 -999.250 -999.250 -999.250 -999.250 -999.250 -999.250 -999.250 -999.250 -999.250 -999.250 -999.250 -999.250 -999.250 -999.250 -999.250 -999.250 14.532 15.266 14.026 16.545 16.084 16.748 16.749 17.511 20.401 19.243 20.650 22.833 25.047 21.422 21.382 20.622 23.036 23.296 20.080 20.916 23.414 23.962 24.362 22.830 23.404 25.637 27.478 31.795 29.681 31.256 34.491 34.592 37.208 40.141 44.610 38.674 35.085
-999.250 -999.250 -999.250 -999.250 -999.250 -999.250 -999.250 -999.250 -999.250 -999.250 -999.250 -999.250 -999.250 -999.250 -999.250 -999.250 -999.250 -999.250 -999.250 -999.250 -999.250 -999.250 -999.250 -999.250 -999.250 -999.250 -999.250 -999.250 -999.250 -999.250 11.999 13.275 15.591 15.499 16.335 19.480 17.695 15.455 17.377 20.371 21.096 23.453 27.414 22.974 22.885 23.872 22.936 26.367 22.861 21.639 22.695 26.359 29.224 26.647 29.886 28.023 23.542 30.039 31.554 37.237 38.919 36.941 40.427 41.475 38.555 38.964 36.295
-999.250 -999.250 -999.250 -999.250 -999.250 -999.250 -999.250 -999.250 -999.250 -999.250 -999.250 -999.250 -999.250 -999.250 -999.250 -999.250 -999.250 -999.250 -999.250 -999.250 -999.250 -999.250 -999.250 -999.250 -999.250 -999.250 -999.250 -999.250 -999.250 -999.250 13.778 12.562 15.174 14.971 17.213 20.252 18.633 20.451 20.076 20.587 22.718 24.368 24.202 23.331 25.902 26.377 23.117 21.613 21.774 25.852 28.544 30.321 27.027 29.301 30.197 32.295 29.960 34.240 35.315 40.154 38.272 41.347 44.155 42.637 40.961 40.629 35.880
-999.250 -999.250 -999.250 -999.250 -999.250 -999.250 -999.250 -999.250 -999.250 -999.250 -999.250 -999.250 -999.250 -999.250 -999.250 -999.250 -999.250 -999.250 -999.250 -999.250 -999.250 -999.250 -999.250 -999.250 -999.250 -999.250 -999.250 -999.250 -999.250 -999.250 13.099 14.655 15.559 17.184 17.843 19.242 19.703 19.083 20.576 22.199 20.564 21.510 20.892 22.411 27.350 28.622 21.747 21.867 23.629 27.243 32.928 26.138 27.441 31.728 29.628 33.851 31.947 31.730 34.001 38.525 42.420 39.896 40.901 43.563 41.251 40.601 36.455
-999.250 -999.250 -999.250 -999.250 -999.250 -999.250 -999.250 -999.250 -999.250 -999.250 -999.250 -999.250 -999.250 -999.250 -999.250 -999.250 -999.250 -999.250 -999.250 -999.250 -999.250 -999.250 -999.250 -999.250 -999.250 -999.250 -999.250 -999.250 -999.250 -999.250 8.938 10.236 16.216 17.931 16.119 19.531 20.509 18.789 19.822 19.470 19.699 20.897 18.846 25.047 21.089 26.377 26.195 24.926 26.967 27.785 27.995 30.000 31.395 33.880 33.689 40.419 38.446 38.945 39.584 42.076 41.098 47.336 45.459 40.122 38.968 34.089 34.308
-999.250 -999.250 -999.250 -999.250 -999.250 -999.250 -999.250 -999.250 -999.250 -999.250 -999.250 -999.250 -999.250 -999.250 -999.250 -999.250 -999.250 -999.250 -999.250 -999.250 -999.250 -999.250 -999.250 -999.250 -999.250 -999.250 -999.250 -999.250 -999.250 -999.250 10.292 12.013 12.701 14.197 18.414 18.772 20.139 21.146 20.412 20.901 20.965 19.340 21.598 22.977 27.626 25.120 23.578 24.345 27.151 26.535 27.292 28.819 32.304 39.441 41.746 42.324 38.458 42.940 53.068 40.131 42.720 40.805 39.865 38.588 40.877 36.345 36.892
-999.250 -999.250 -999.250 -999.250 -999.250 -999.250 -999.250 -999.250 -999.250 -999.250 -999.250 -999.250 -999.250 -999.250 -999.250 -999.250 -999.250 -999.250 -999.250 -999.250 -999.250 -999.250 -999.250 -999.250 -999.250 -999.250 -999.250 -999.250 -999.250 10.660 10.517 13.107 15.639 14.438 15.271 16.946 17.459 21.629 19.490 20.557 21.610 19.904 21.774 23.586 27.176 26.298 29.377 31.018 30.764 25.816 23.931 26.075 35.124 39.257 49.570 45.156 44.294 39.816 45.555 45.161 41.150 44.773 41.068 44.769 43.165 39.949 38.692
-999.250 -999.250 -999.250 -999.250 -999.250 -999.250 -999.250 -999.250 -999.250 -999.250 -999.250 -999.250 -999.250 -999.250 -999.250 -999.250 -999.250 -999.250 -999.250 -999.250 -999.250 -999.250 -999.250 -999.250 -999.250 -999.250 -999.250 -999.250 -999.250 11.029 10.295 12.892 14.385 14.239 15.043 16.475 18.824 19.902 19.985 21.699 20.386 22.687 25.703 24.900 25.606 25.678 28.231 29.817 25.666 29.827 32.085 34.568 37.297 37.079 37.250 40.889 46.127 48.659 41.615 41.264 42.155 39.254 43.250 42.846 38.404 43.481 39.637
-999.250 -999.250 -999.250 -999.250 -999.250 -999.250 -999.250 -999.250 -999.250 -999.250 -999.250 -999.250 -999.250 -999.250 -999.250 -999.250 -999.250 -999.250 -999.250 -999.250 -999.250 -999.250 -999.250 -999.250 -999.250 -999.250 -999.250 -999.250 5.057 8.534 10.254 11.168 13.966 14.311 14.760 17.422 19.889 20.625 20.220 21.010 21.499 20.682 27.361 22.709 25.105 26.927 28.775 27.005 31.183 32.046 32.788 33.956 38.543 37.795 37.543 47.455 49.978 39.244 38.572 49.474 38.608 41.293 41.667 39.854 38.814 40.235 37.016
-999.250 -999.250 -999.250 -999.250 -999.250 -999.250 -999.250 -999.250 -999.250 -999.250 -999.250 -999.250 -999.250 -999.250 -999.250 -999.250 -999.250 -999.250 -999.250 -999.250 -999.250 -999.250 -999.250 -999.250 -999.250 -999.250 -999.250 -999.250 5.572 8.490 9.537 10.693 11.235 13.578 16.464 17.149 19.774 21.003 22.573 21.808 20.742 22.508 24.699 24.209 24.833 30.025 29.587 30.138 34.472 32.415 33.443 31.955 38.362 39.067 40.208 47.592 38.844 48.115 45.416 47.632 40.932 36.348 38.019 35.485 33.698 33.126 35.230
-999.250 -999.250 -999.250 -999.250 -999.250 -999.250 -999.250 -999.250 -999.250 -999.250 -999.250 -999.250 -999.250 -999.250 -999.250 -999.250 -999.250 -999.250 -999.250 -999.250 -999.250 -999.250 -999.250 -999.250 -999.250 -999.250 -999.250 5.896 8.853 5.843 5.170 6.489 11.501 13.835 15.107 16.446 16.583 20.064 26.170 22.174 19.697 26.587 24.915 26.162 25.477 30.492 31.825 31.667 33.276 32.287 33.032 34.056 36.054 36.470 42.815 42.303 43.655 43.241 44.884 52.623 41.227 37.939 40.893 39.496 33.793 31.532 28.959
-999.250 -999.250 -999.250 -999.250 -999.250 -999.250 -999.250 -999.250 -999.250 -999.250 -999.250 -999.250 -999.250 -999.250 -999.250 -999.250 -999.250 -999.250 -999.250 -999.250 -999.250 -999.250 -999.250 -999.250 -999.250 -999.250 -999.250 4.451 4.155 4.364 0.000 4.049 7.880 11.405 15.099 15.101 15.418 18.820 21.148 21.663 19.873 22.501 23.085 23.229 27.828 28.462 31.361 36.744 33.792 35.340 39.618 41.457 37.123 38.363 39.030 39.707 40.765 40.439 41.408 41.900 37.949 43.566 37.746 35.087 32.213 26.211 28.657
-999.250 -999.250 -999.250 -999.250 -999.250 -999.250 -999.250 -999.250 -999.250 -999.250 -999.250 -999.250 -999.250 -999.250 -999.250 -999.250 -999.250 -999.250 -999.250 -999.250 -999.250 -999.250 -999.250 -999.250 -999.250 -999.250 -999.250 6.339 7.037 3.459 4.826 5.332 10.333 14.135 14.489 18.508 17.912 17.653 20.666 21.867 21.295 22.782 22.363 24.790 26.968 28.914 35.686 34.371 36.975 39.511 38.465 37.895 38.469 37.564 39.450 44.349 44.546 45.472 44.493 42.276 38.432 37.235 35.055 30.717 30.240 29.507 31.915
