data/medianmodel_08-Sep-2020.asc
ncols	141
nrows	288
xllcorner	-120191.398
yllcorner	-301404.813
cellsize	2000.000
NODATA_value	-999.250
[rows 186 to 216 of 288, columns 0 to 68 of 141]
54.034 55.729 59.536 58.223 71.875 80.475 82.875 88.092 99.718 113.694 108.159 108.795 104.455 89.942 82.122 75.212 62.271 64.106 -999.250 -999.250 -999.250 -999.250 -999.250 41.678 36.333 30.025 31.404 28.557 26.127 22.944 19.785 15.128 12.018 10.229 7.805 4.634 1.897 0.000 0.340 0.000 0.000 0.000 0.000 0.000 0.000 0.140 0.000 0.774 1.026 3.810 6.230 9.563 11.658 14.222 18.652 23.349 26.090 35.491 40.674 48.011 51.973 60.055 70.234 81.644 82.861 87.300 84.571 81.488 75.522
-999.250 56.892 54.963 59.051 61.919 70.811 80.485 86.976 94.322 101.259 108.255 119.818 127.644 101.199 85.846 73.510 66.986 63.313 -999.250 -999.250 -999.250 -999.250 42.420 37.018 30.802 28.631 26.777 24.750 24.204 19.454 17.106 15.140 11.968 10.342 8.734 3.717 2.415 0.000 0.000 0.000 0.000 0.000 0.000 0.000 0.000 0.000 0.215 0.598 2.252 4.259 8.053 9.842 12.618 14.923 20.241 23.377 29.221 35.443 42.747 43.330 51.684 60.509 70.992 83.621 88.009 101.039 88.563 80.534 77.372
-999.250 47.948 52.520 55.011 61.411 61.542 70.353 82.976 87.133 90.051 95.104 108.215 112.357 99.980 87.489 78.702 68.992 63.426 -999.250 -999.250 -999.250 46.070 -999.250 31.591 26.237 25.958 24.290 22.880 20.797 18.482 14.922 13.719 11.086 7.411 8.355 4.707 1.278 0.939 0.000 0.000 0.000 0.000 0.000 0.000 0.000 0.000 0.000 0.000 1.934 3.629 7.386 10.204 11.711 15.588 21.158 23.425 26.886 35.354 38.078 44.525 49.966 59.461 71.048 79.835 82.733 90.367 86.290 75.321 65.025
-999.250 46.693 46.517 52.487 52.849 58.747 62.464 72.016 77.767 83.919 84.414 92.235 98.051 88.123 83.722 71.502 61.960 -999.250 -999.250 -999.250 -999.250 40.184 34.997 27.378 24.474 23.334 24.366 22.090 23.923 19.507 15.918 13.413 10.554 10.387 7.324 5.885 3.174 1.766 0.000 0.000 0.000 0.000 0.000 0.000 0.000 0.000 0.000 0.872 1.707 4.173 8.550 8.973 11.183 16.737 19.910 24.130 26.344 37.322 37.145 44.890 49.404 58.133 63.368 69.726 81.949 83.107 80.429 75.303 63.737
-999.250 44.406 45.871 52.432 53.537 52.989 55.461 58.165 65.293 71.470 80.140 83.987 84.692 80.551 69.385 62.974 57.456 -999.250 -999.250 -999.250 45.131 36.744 31.242 24.982 23.061 21.955 20.064 23.581 30.323 21.393 15.808 13.242 11.238 9.628 7.133 7.650 6.622 4.186 3.037 0.103 0.247 0.000 0.000 0.000 0.000 0.000 0.504 2.415 5.918 7.925 9.156 11.238 12.480 17.457 21.299 25.781 24.844 30.456 35.609 40.535 47.309 52.657 55.014 64.803 70.211 74.191 71.930 66.159 57.702
-999.250 -999.250 -999.250 46.836 -999.250 -999.250 49.084 55.023 59.795 -999.250 -999.250 -999.250 69.544 63.212 -999.250 -999.250 -999.250 -999.250 -999.250 -999.250 44.795 39.007 29.232 25.406 18.057 17.086 16.834 18.180 20.689 17.211 13.622 12.550 12.069 11.055 8.798 8.365 7.331 5.617 3.886 3.194 1.011 1.078 2.638 1.674 1.496 3.416 3.956 4.265 5.039 8.878 9.694 11.372 15.609 17.180 21.739 22.492 26.508 27.665 32.942 36.499 43.330 46.538 49.470 53.457 57.086 58.421 61.564 55.712 48.494
-999.250 -999.250 -999.250 -999.250 -999.250 -999.250 -999.250 -999.250 -999.250 -999.250 -999.250 -999.250 -999.250 53.967 51.237 51.533 -999.250 -999.250 -999.250 52.749 48.771 43.712 33.783 23.835 18.925 14.738 14.358 13.897 15.502 16.503 13.846 11.249 11.645 12.656 11.694 9.004 7.532 8.268 8.531 7.571 5.278 4.327 5.361 4.557 5.190 8.885 5.109 5.814 8.248 10.652 10.629 13.735 17.534 17.671 21.907 25.756 28.222 31.413 30.480 33.589 35.969 42.904 43.253 48.096 49.345 52.493 49.658 48.869 46.367
-999.250 -999.250 -999.250 -999.250 -999.250 -999.250 -999.250 -999.250 -999.250 -999.250 -999.250 47.322 44.804 45.938 44.645 44.960 -999.250 -999.250 52.784 58.552 51.930 45.008 35.813 28.815 22.374 17.192 14.109 12.992 14.973 12.371 12.165 11.434 11.981 13.883 12.321 10.748 10.227 11.951 11.186 9.149 8.085 7.218 6.248 6.478 6.115 8.792 8.728 8.564 9.059 11.085 13.815 13.110 16.116 17.355 20.084 23.042 31.955 28.680 28.999 30.045 33.176 36.721 39.449 48.200 46.336 46.092 42.889 39.507 38.798
-999.250 -999.250 -999.250 -999.250 -999.250 -999.250 -999.250 -999.250 -999.250 -999.250 -999.250 39.787 36.676 38.281 39.721 38.581 42.148 43.862 46.574 50.186 49.607 49.684 35.998 27.788 23.353 17.535 17.116 13.941 15.122 15.311 15.442 13.925 15.195 15.355 14.234 13.322 11.719 14.631 12.894 11.491 10.649 10.592 9.762 8.654 8.592 8.929 8.125 9.498 9.662 13.680 13.178 14.015 16.727 15.860 20.840 21.727 24.039 25.102 25.759 28.237 31.923 33.404 36.050 36.871 39.508 39.174 35.806 33.642 30.062
-999.250 -999.250 -999.250 -999.250 -999.250 -999.250 -999.250 -999.250 -999.250 -999.250 -999.250 -999.250 32.519 29.773 30.675 33.170 41.728 38.253 42.231 46.448 45.664 44.420 36.767 29.000 26.133 23.242 20.731 17.429 18.248 17.139 17.202 19.015 19.436 20.495 20.142 16.815 16.151 17.611 17.013 16.022 16.830 14.215 13.050 11.016 10.741 11.816 9.857 10.307 10.683 13.432 11.727 13.876 14.914 15.913 19.536 22.266 20.176 22.222 22.565 24.982 26.410 26.226 28.465 28.532 31.477 30.520 27.877 26.010 23.803
-999.250 -999.250 -999.250 -999.250 -999.250 -999.250 -999.250 -999.250 -999.250 -999.250 -999.250 -999.250 -999.250 26.045 27.788 29.069 32.082 33.493 36.602 37.791 43.068 41.143 37.416 33.061 32.339 25.999 25.871 25.410 24.848 25.134 25.587 27.417 23.963 25.380 23.571 22.706 19.973 21.138 19.677 23.055 20.892 20.345 19.739 17.689 13.268 13.609 15.718 12.870 12.450 12.054 13.710 14.707 13.084 15.510 15.604 15.239 15.765 21.398 20.716 22.914 20.449 23.453 24.620 25.480 22.762 22.983 20.545 22.399 18.896
-999.250 -999.250 -999.250 -999.250 -999.250 -999.250 -999.250 -999.250 -999.250 -999.250 -999.250 -999.250 -999.250 23.852 24.292 26.150 26.781 27.514 30.869 33.497 36.534 38.465 33.668 38.281 34.597 33.537 37.748 37.602 37.375 39.044 38.909 39.041 30.389 28.935 26.015 25.174 24.450 27.173 27.577 28.325 27.043 23.897 23.208 24.022 22.026 19.880 19.197 18.787 16.248 16.683 16.166 15.063 13.189 13.901 12.693 12.957 13.799 17.877 22.263 20.240 19.361 18.782 18.946 17.243 16.951 18.105 13.584 14.989 14.752
-999.250 -999.250 -999.250 -999.250 -999.250 -999.250 -999.250 -999.250 -999.250 -999.250 -999.250 -999.250 -999.250 22.924 21.721 22.690 26.008 27.876 31.399 33.835 35.262 35.842 37.217 38.936 43.398 44.588 50.074 51.823 51.320 49.617 47.314 47.827 45.332 39.728 37.252 37.454 30.113 34.571 31.437 32.588 32.805 31.066 27.333 28.859 26.198 25.305 24.657 23.927 23.241 20.247 16.402 14.213 16.162 12.733 11.788 12.090 11.896 13.132 13.250 13.564 12.965 13.408 13.149 13.579 14.845 11.990 11.755 8.992 10.064
-999.250 -999.250 -999.250 -999.250 -999.250 -999.250 -999.250 -999.250 -999.250 -999.250 -999.250 -999.250 -999.250 -999.250 22.399 23.032 26.683 29.066 34.710 35.097 38.659 40.881 37.829 44.303 46.101 53.373 57.241 65.653 68.035 61.934 58.381 56.889 54.307 48.958 45.403 47.615 40.707 43.166 41.240 40.226 39.070 40.323 33.309 38.292 35.047 31.269 31.306 25.941 24.515 21.234 19.805 18.323 14.057 11.759 10.448 10.804 10.538 10.755 9.959 10.695 9.738 9.205 10.438 10.794 9.609 7.614 6.853 3.938 4.083
-999.250 -999.250 -999.250 -999.250 -999.250 -999.250 -999.250 -999.250 -999.250 -999.250 -999.250 -999.250 -999.250 -999.250 22.089 23.011 27.413 30.939 32.486 37.645 41.507 41.848 46.515 47.825 51.085 55.984 59.304 73.875 91.204 82.182 74.292 67.058 58.201 55.890 53.431 49.262 51.295 49.312 48.777 48.373 40.600 43.651 44.004 42.180 42.057 41.424 35.665 31.407 28.141 25.138 21.498 19.927 13.541 11.444 9.676 9.845 8.914 6.716 7.871 6.745 5.793 8.592 7.421 6.962 4.912 3.880 1.786 2.374 1.008
-999.250 -999.250 -999.250 -999.250 -999.250 -999.250 -999.250 -999.250 -999.250 -999.250 -999.250 -999.250 -999.250 -999.250 23.700 21.841 27.785 31.171 34.058 39.878 44.748 46.640 48.027 50.558 52.751 58.492 69.046 80.024 86.858 84.962 79.533 72.895 68.523 65.089 59.649 56.767 55.668 56.671 52.967 50.382 51.693 53.338 51.431 46.978 46.039 45.317 40.678 33.697 32.205 30.310 24.388 18.239 16.736 10.768 10.029 9.431 6.941 6.388 6.386 5.326 3.872 4.224 3.161 2.457 0.798 0.239 0.000 0.000 0.000
-999.250 -999.250 -999.250 -999.250 -999.250 -999.250 -999.250 -999.250 -999.250 -999.250 -999.250 -999.250 -999.250 -999.250 22.605 23.166 26.075 29.832 36.774 42.921 48.737 49.017 50.038 53.109 59.039 -999.250 65.264 79.371 81.652 76.794 77.505 72.809 69.587 61.732 64.364 63.525 64.054 62.170 69.664 63.885 58.448 55.964 56.588 52.842 52.558 49.126 47.789 40.788 39.296 32.749 26.714 22.783 16.479 14.074 8.992 7.050 3.916 4.009 3.732 3.831 2.137 0.594 1.270 0.056 0.023 0.000 0.000 0.000 0.000
-999.250 -999.250 -999.250 -999.250 -999.250 -999.250 -999.250 -999.250 -999.250 -999.250 -999.250 -999.250 -999.250 -999.250 23.887 26.706 30.826 29.580 39.598 44.868 47.865 50.469 52.677 -999.250 -999.250 -999.250 64.591 69.048 77.958 78.989 78.991 73.892 75.877 61.366 64.910 67.244 73.031 76.210 72.142 68.340 67.226 62.288 58.752 60.741 55.981 52.359 54.101 46.208 42.485 35.402 29.399 22.878 21.451 13.008 9.413 5.972 4.344 2.657 1.607 1.772 1.603 0.000 0.000 0.000 0.000 0.000 0.000 0.000 0.000
-999.250 -999.250 -999.250 -999.250 -999.250 -999.250 -999.250 -999.250 -999.250 -999.250 -999.250 -999.250 -999.250 23.443 26.827 27.409 29.472 36.484 44.153 43.394 47.113 50.829 -999.250 -999.250 -999.250 -999.250 -999.250 71.473 71.756 74.328 67.626 70.840 75.421 70.803 69.092 72.762 69.978 81.422 80.709 72.527 70.705 74.278 67.402 66.780 62.002 58.794 55.331 50.423 45.240 38.963 32.143 24.477 19.496 11.943 13.270 7.329 5.060 3.543 2.906 0.712 0.449 0.000 0.000 0.000 0.000 0.000 0.000 0.000 0.000
-999.250 -999.250 -999.250 -999.250 -999.250 -999.250 -999.250 -999.250 -999.250 -999.250 -999.250 -999.250 -999.250 23.517 27.060 27.597 31.222 41.134 45.954 47.026 -999.250 -999.250 -999.250 -999.250 -999.250 -999.250 -999.250 -999.250 65.821 69.288 71.386 70.907 65.768 68.393 72.876 76.283 74.393 82.162 85.447 82.951 77.353 82.200 74.042 70.028 69.038 64.851 58.040 53.493 50.050 43.162 32.945 26.298 19.105 16.396 10.662 7.156 5.748 3.968 0.718 0.000 0.087 0.000 0.000 0.000 0.000 0.000 0.000 0.000 0.000
-999.250 -999.250 -999.250 -999.250 -999.250 -999.250 -999.250 -999.250 -999.250 -999.250 -999.250 -999.250 28.218 27.643 -999.250 -999.250 -999.250 -999.250 -999.250 -999.250 -999.250 -999.250 -999.250 -999.250 -999.250 -999.250 -999.250 -999.250 -999.250 69.008 67.622 70.720 69.243 69.206 72.477 71.914 78.003 86.102 86.879 88.654 86.079 83.265 74.246 82.065 79.153 79.353 64.239 60.348 52.848 45.219 35.945 25.676 22.437 15.940 11.699 6.403 4.746 2.753 1.665 0.000 0.000 0.000 0.000 0.000 0.000 0.000 0.000 0.000 0.000
-999.250 -999.250 -999.250 -999.250 -999.250 -999.250 -999.250 -999.250 -999.250 -999.250 -999.250 -999.250 -999.250 -999.250 -999.250 -999.250 -999.250 -999.250 -999.250 -999.250 -999.250 -999.250 -999.250 -999.250 -999.250 -999.250 -999.250 -999.250 -999.250 -999.250 60.110 63.554 64.845 72.702 72.370 80.843 81.427 81.137 84.762 91.756 94.543 92.442 85.573 88.965 80.600 78.671 68.129 59.918 50.098 44.267 37.109 27.880 25.888 16.865 9.306 8.461 7.019 3.551 4.109 0.872 0.000 0.000 0.000 0.000 0.000 0.000 0.000 0.000 0.000
-999.250 -999.250 -999.250 -999.250 -999.250 -999.250 -999.250 -999.250 -999.250 -999.250 -999.250 -999.250 -999.250 -999.250 -999.250 -999.250 -999.250 -999.250 -999.250 -999.250 -999.250 -999.250 -999.250 -999.250 -999.250 -999.250 -999.250 -999.250 -999.250 -999.250 59.749 68.015 71.481 65.199 74.240 77.437 84.751 90.527 90.793 92.030 99.001 96.842 97.498 89.278 85.763 75.923 69.816 56.896 49.937 48.354 40.640 30.478 24.563 20.311 11.426 8.949 6.945 3.823 2.563 0.583 0.000 0.000 0.000 0.000 0.000 0.000 0.000 0.000 0.000
-999.250 -999.250 -999.250 -999.250 -999.250 -999.250 -999.250 -999.250 -999.250 -999.250 -999.250 -999.250 -999.250 -999.250 -999.250 -999.250 -999.250 -999.250 -999.250 -999.250 -999.250 -999.250 -999.250 -999.250 -999.250 -999.250 -999.250 -999.250 -999.250 -999.250 59.864 64.181 71.044 73.482 73.104 77.529 87.083 88.829 93.768 92.291 98.501 104.255 110.201 95.841 86.255 82.225 62.352 56.968 53.855 52.223 40.759 32.540 26.904 23.198 14.354 10.420 7.826 4.011 0.828 0.413 0.000 0.000 0.000 0.000 0.000 0.000 0.000 0.000 0.000
-999.250 -999.250 -999.250 -999.250 -999.250 -999.250 -999.250 -999.250 -999.250 -999.250 -999.250 -999.250 -999.250 -999.250 -999.250 -999.250 -999.250 -999.250 -999.250 -999.250 -999.250 -999.250 -999.250 -999.250 -999.250 -999.250 -999.250 -999.250 -999.250 -999.250 -999.250 64.296 69.077 63.278 74.794 79.965 86.131 88.933 92.267 97.991 104.150 108.041 120.079 101.077 89.244 80.693 65.624 63.404 59.190 55.228 47.284 36.922 32.206 26.186 16.259 10.824 7.221 4.372 2.158 0.000 0.000 0.000 0.000 0.000 0.000 0.000 0.000 0.000 0.000
-999.250 -999.250 -999.250 -999.250 -999.250 -999.250 -999.250 -999.250 -999.250 -999.250 -999.250 -999.250 -999.250 -999.250 -999.250 -999.250 -999.250 -999.250 -999.250 -999.250 -999.250 -999.250 -999.250 -999.250 -999.250 -999.250 -999.250 -999.250 -999.250 -999.250 -999.250 61.583 61.403 69.577 72.690 78.746 85.258 89.355 89.989 95.298 102.018 105.357 104.362 93.323 85.115 79.652 73.266 62.793 59.740 52.589 46.306 33.151 30.682 24.888 16.779 11.370 9.342 7.190 3.685 2.695 0.918 0.000 0.000 0.000 0.000 0.000 0.000 0.000 0.000
-999.250 -999.250 -999.250 -999.250 -999.250 -999.250 -999.250 -999.250 -999.250 -999.250 -999.250 -999.250 -999.250 -999.250 -999.250 -999.250 -999.250 -999.250 -999.250 -999.250 -999.250 -999.250 -999.250 -999.250 -999.250 -999.250 -999.250 -999.250 -999.250 -999.250 -999.250 56.494 63.095 67.917 75.341 81.101 80.054 81.749 87.066 89.497 95.159 101.570 93.470 88.242 82.433 75.499 65.793 62.120 54.796 49.006 41.572 38.400 30.134 24.917 17.161 13.471 9.756 5.249 4.294 1.483 0.000 0.000 0.000 0.000 0.000 0.000 0.000 0.000 0.000
-999.250 -999.250 -999.250 -999.250 -999.250 -999.250 -999.250 -999.250 -999.250 -999.250 -999.250 -999.250 -999.250 -999.250 -999.250 -999.250 -999.250 -999.250 -999.250 -999.250 -999.250 -999.250 -999.250 -999.250 -999.250 -999.250 -999.250 -999.250 -999.250 -999.250 -999.250 54.551 58.449 60.493 73.591 76.925 75.774 79.044 81.123 86.286 88.552 87.686 85.440 79.521 79.456 72.518 59.439 58.898 52.389 47.000 38.677 35.995 29.043 23.057 14.481 11.767 9.639 7.426 4.099 0.040 0.000 0.000 0.000 0.000 0.000 0.000 0.000 0.000 0.000
-999.250 -999.250 -999.250 -999.250 -999.250 -999.250 -999.250 -999.250 -999.250 -999.250 -999.250 -999.250 -999.250 -999.250 -999.250 -999.250 -999.250 -999.250 -999.250 -999.250 -999.250 -999.250 -999.250 -999.250 -999.250 -999.250 -999.250 -999.250 -999.250 -999.250 -999.250 52.461 59.330 66.362 62.955 71.338 80.559 78.463 79.829 82.212 82.745 85.376 80.088 77.075 70.164 70.766 58.121 52.632 48.145 42.976 42.047 35.495 29.085 20.973 17.080 13.517 6.944 4.086 2.861 0.000 0.000 0.000 0.000 0.000 0.000 0.000 0.000 0.000 0.000
-999.250 -999.250 -999.250 -999.250 -999.250 -999.250 -999.250 -999.250 -999.250 -999.250 -999.250 -999.250 -999.250 -999.250 -999.250 -999.250 -999.250 -999.250 -999.250 -999.250 -999.250 -999.250 -999.250 -999.250 -999.250 -999.250 -999.250 -999.250 -999.250 -999.250 -999.250 55.159 58.271 58.021 60.476 71.932 69.610 71.457 78.109 80.555 80.702 82.308 76.441 70.698 66.686 67.089 54.956 47.644 42.336 41.920 32.984 32.793 26.954 19.282 12.795 10.218 4.681 2.160 0.236 0.000 0.000 0.000 0.000 0.000 0.000 0.000 0.000 0.000 0.000
-999.250 -999.250 -999.250 -999.250 -999.250 -999.250 -999.250 -999.250 -999.250 -999.250 -999.250 -999.250 -999.250 -999.250 -999.250 -999.250 -999.250 -999.250 -999.250 -999.250 -999.250 -999.250 -999.250 -999.250 -999.250 -999.250 -999.250 -999.250 -999.250 -999.250 -999.250 49.654 50.686 53.851 58.334 60.942 64.700 69.138 79.154 77.638 76.626 78.946 74.635 67.354 58.203 57.161 52.216 47.456 44.189 33.117 30.623 27.965 23.476 21.363 13.192 9.845 6.578 1.893 2.331 0.000 0.000 0.000 0.000 0.000 0.000 0.000 0.000 0.000 1.028
