data/medianmodel_18-Sep-2020.asc
ncols	141
nrows	288
xllcorner	-120191.398
yllcorner	-301404.813
cellsize	2000.000
NODATA_value	-999.250
[rows 210 to 239 of 288, columns 0 to 67 of 141]
-999.250 -999.250 -999.250 -999.250 -999.250 -999.250 -999.250 -999.250 -999.250 -999.250 -999.250 -999.250 -999.250 -999.250 -999.250 -999.250 -999.250 -999.250 -999.250 -999.250 -999.250 -999.250 -999.250 -999.250 -999.250 -999.250 -999.250 -999.250 -999.250 -999.250 -999.250 57.945 47.955 48.907 52.736 47.628 45.361 48.521 47.534 48.126 50.398 50.244 51.462 48.312 40.723 28.204 23.517 19.186 17.366 18.212 17.323 15.759 16.508 13.392 12.916 12.078 13.516 14.902 15.709 14.861 15.897 16.918 17.340 19.568 18.370 21.101 22.489 26.525
-999.250 -999.250 -999.250 -999.250 -999.250 -999.250 -999.250 -999.250 -999.250 -999.250 -999.250 -999.250 -999.250 -999.250 -999.250 -999.250 -999.250 -999.250 -999.250 -999.250 -999.250 -999.250 -999.250 -999.250 -999.250 -999.250 -999.250 -999.250 -999.250 -999.250 -999.250 53.917 55.954 54.660 54.542 59.030 50.822 53.418 47.199 52.157 49.025 52.151 49.949 49.168 39.394 34.026 27.609 21.269 18.635 17.705 18.962 18.712 18.587 15.121 10.337 13.402 13.655 9.485 9.651 9.235 11.042 13.141 13.474 13.401 17.145 19.436 18.749 21.776
-999.250 -999.250 -999.250 -999.250 -999.250 -999.250 -999.250 -999.250 -999.250 -999.250 -999.250 -999.250 -999.250 -999.250 -999.250 -999.250 -999.250 -999.250 -999.250 -999.250 -999.250 -999.250 -999.250 -999.250 -999.250 -999.250 -999.250 -999.250 -999.250 -999.250 -999.250 58.896 54.124 55.087 58.314 58.275 58.676 56.213 50.037 48.739 51.714 52.354 49.410 48.702 42.987 36.620 29.146 22.374 22.043 19.452 19.075 18.273 15.906 10.570 10.225 9.198 8.880 6.543 6.432 6.946 7.488 7.479 6.845 8.161 9.522 11.594 16.379 18.928
-999.250 -999.250 -999.250 -999.250 -999.250 -999.250 -999.250 -999.250 -999.250 -999.250 -999.250 -999.250 -999.250 -999.250 -999.250 -999.250 -999.250 -999.250 -999.250 -999.250 -999.250 -999.250 -999.250 -999.250 -999.250 -999.250 -999.250 -999.250 -999.250 -999.250 -999.250 62.901 58.492 57.870 61.239 56.701 55.575 54.358 57.342 53.822 49.821 50.928 51.849 48.143 43.526 40.952 37.922 23.650 24.754 19.777 19.639 18.048 16.708 11.468 11.757 10.310 6.509 3.970 2.997 2.399 1.786 0.000 0.097 3.467 6.668 7.470 13.036 13.628
-999.250 -999.250 -999.250 -999.250 -999.250 -999.250 -999.250 -999.250 -999.250 -999.250 -999.250 -999.250 -999.250 -999.250 -999.250 -999.250 -999.250 -999.250 -999.250 -999.250 -999.250 -999.250 -999.250 -999.250 -999.250 -999.250 -999.250 -999.250 -999.250 -999.250 -999.250 61.382 60.138 58.611 55.538 59.484 58.027 57.198 60.077 58.401 54.242 58.827 56.928 55.213 50.353 46.173 39.739 32.034 29.997 24.428 20.123 20.035 16.415 11.065 8.881 8.126 6.817 3.351 0.975 0.080 0.105 0.000 0.000 0.030 2.728 4.409 9.820 13.964
-999.250 -999.250 -999.250 -999.250 -999.250 -999.250 -999.250 -999.250 -999.250 -999.250 -999.250 -999.250 -999.250 -999.250 -999.250 -999.250 -999.250 -999.250 -999.250 -999.250 -999.250 -999.250 -999.250 -999.250 -999.250 -999.250 -999.250 -999.250 -999.250 -999.250 -999.250 63.190 64.244 68.644 63.444 64.930 68.792 72.255 67.979 65.144 62.623 57.818 59.574 58.734 53.182 46.462 39.786 32.050 29.612 24.320 21.901 19.582 19.197 14.157 9.294 8.309 5.120 1.160 0.906 0.000 0.000 0.000 0.000 0.000 0.000 1.318 8.797 15.993
-999.250 -999.250 -999.250 -999.250 -999.250 -999.250 -999.250 -999.250 -999.250 -999.250 -999.250 -999.250 -999.250 -999.250 -999.250 -999.250 -999.250 -999.250 -999.250 -999.250 -999.250 -999.250 -999.250 -999.250 -999.250 -999.250 -999.250 -999.250 -999.250 -999.250 -999.250 71.812 67.390 67.701 71.114 75.248 79.032 76.457 68.411 67.828 70.318 65.355 63.329 59.125 61.283 53.204 39.788 36.935 34.206 26.267 22.322 20.847 17.741 12.625 9.896 6.508 2.614 3.753 0.000 0.000 0.000 0.000 0.000 0.000 0.000 0.000 9.165 17.794
-999.250 -999.250 -999.250 -999.250 -999.250 -999.250 -999.250 -999.250 -999.250 -999.250 -999.250 -999.250 -999.250 -999.250 -999.250 -999.250 -999.250 -999.250 -999.250 -999.250 -999.250 -999.250 -999.250 -999.250 -999.250 -999.250 -999.250 -999.250 -999.250 -999.250 -999.250 66.161 66.310 73.046 71.696 77.595 81.223 86.062 79.759 76.098 79.197 72.004 69.446 67.254 63.995 57.002 51.603 45.367 35.961 30.518 19.522 15.535 12.501 12.776 9.287 5.931 2.331 0.000 0.000 0.000 0.000 0.000 0.000 0.000 0.000 0.000 9.271 19.224
-999.250 -999.250 -999.250 -999.250 -999.250 -999.250 -999.250 -999.250 -999.250 -999.250 -999.250 -999.250 -999.250 -999.250 -999.250 -999.250 -999.250 -999.250 -999.250 -999.250 -999.250 -999.250 -999.250 -999.250 -999.250 -999.250 -999.250 -999.250 -999.250 -999.250 -999.250 71.619 72.036 74.644 74.131 80.375 87.779 91.400 91.427 84.850 88.892 82.174 76.069 70.155 69.515 60.451 46.467 38.661 36.154 24.789 20.826 16.006 13.403 10.932 6.176 2.060 2.998 0.067 0.000 0.000 0.000 0.000 0.000 0.000 3.125 6.596 16.896 26.850
-999.250 -999.250 -999.250 -999.250 -999.250 -999.250 -999.250 -999.250 -999.250 -999.250 -999.250 -999.250 -999.250 -999.250 -999.250 -999.250 -999.250 -999.250 -999.250 -999.250 -999.250 -999.250 -999.250 -999.250 -999.250 -999.250 -999.250 -999.250 -999.250 -999.250 -999.250 78.286 73.160 88.456 87.114 87.104 90.830 104.198 95.018 93.524 92.380 95.635 83.563 74.257 66.702 66.898 52.745 42.605 34.955 24.632 19.943 19.235 13.810 12.245 7.548 6.304 3.215 0.000 0.000 0.000 0.000 0.000 0.000 7.181 11.365 16.439 23.540 37.472
-999.250 -999.250 -999.250 -999.250 -999.250 -999.250 -999.250 -999.250 -999.250 -999.250 -999.250 -999.250 -999.250 -999.250 -999.250 -999.250 -999.250 -999.250 -999.250 -999.250 -999.250 -999.250 -999.250 -999.250 -999.250 -999.250 -999.250 -999.250 -999.250 -999.250 -999.250 77.326 83.502 85.777 87.220 96.985 105.126 109.540 103.592 101.681 100.722 98.150 84.465 76.873 71.222 63.849 56.419 46.725 42.819 30.384 24.049 19.448 17.797 11.755 5.999 4.639 3.503 0.000 0.000 0.000 0.000 0.824 2.410 7.239 16.132 20.504 29.618 42.230
-999.250 -999.250 -999.250 -999.250 -999.250 -999.250 -999.250 -999.250 -999.250 -999.250 -999.250 -999.250 -999.250 -999.250 -999.250 -999.250 -999.250 -999.250 -999.250 -999.250 -999.250 -999.250 -999.250 -999.250 -999.250 -999.250 -999.250 -999.250 -999.250 -999.250 -999.250 86.883 94.339 92.993 99.953 106.335 110.553 112.828 114.458 109.399 105.389 104.264 93.723 83.407 79.491 71.553 61.664 53.093 51.112 39.263 33.420 21.144 17.702 15.780 12.687 5.777 5.560 0.000 0.000 0.000 0.000 0.000 7.426 12.823 18.278 28.020 34.955 46.111
-999.250 -999.250 -999.250 -999.250 -999.250 -999.250 -999.250 -999.250 -999.250 -999.250 -999.250 -999.250 -999.250 -999.250 -999.250 -999.250 -999.250 -999.250 -999.250 -999.250 -999.250 -999.250 -999.250 -999.250 -999.250 -999.250 -999.250 -999.250 -999.250 -999.250 -999.250 92.073 99.415 103.289 98.902 109.078 113.096 116.084 112.253 118.092 110.961 101.450 99.768 86.978 86.734 76.150 66.261 57.568 56.042 46.993 38.507 31.705 21.454 16.828 13.401 6.608 2.178 0.000 0.000 0.000 0.000 4.631 8.220 11.143 20.155 25.028 37.180 45.270
-999.250 -999.250 -999.250 -999.250 -999.250 -999.250 -999.250 -999.250 -999.250 -999.250 -999.250 -999.250 -999.250 -999.250 -999.250 -999.250 -999.250 -999.250 -999.250 -999.250 -999.250 -999.250 -999.250 -999.250 -999.250 -999.250 -999.250 -999.250 -999.250 -999.250 91.318 98.502 105.912 109.159 111.404 108.445 119.382 122.812 123.214 114.202 111.670 114.333 108.859 93.757 100.013 80.621 75.803 63.785 57.146 56.107 44.020 30.417 27.903 19.456 14.170 7.705 3.781 1.553 0.000 0.000 0.000 1.614 4.981 10.134 16.980 27.049 33.636 43.420
-999.250 -999.250 -999.250 -999.250 -999.250 -999.250 -999.250 -999.250 -999.250 -999.250 -999.250 -999.250 -999.250 -999.250 -999.250 -999.250 -999.250 -999.250 -999.250 -999.250 -999.250 -999.250 -999.250 -999.250 -999.250 -999.250 -999.250 -999.250 -999.250 -999.250 89.935 105.328 121.026 112.864 116.704 124.687 138.544 135.674 131.278 119.583 126.052 120.521 113.601 104.221 103.657 96.988 82.444 70.413 65.076 60.669 53.538 37.135 33.182 24.262 16.661 9.846 5.562 0.575 0.000 0.000 0.440 0.000 4.467 6.910 14.295 18.050 24.654 37.660
-999.250 -999.250 -999.250 -999.250 -999.250 -999.250 -999.250 -999.250 -999.250 -999.250 -999.250 -999.250 -999.250 -999.250 -999.250 -999.250 -999.250 -999.250 -999.250 -999.250 -999.250 -999.250 -999.250 -999.250 -999.250 -999.250 -999.250 -999.250 -999.250 -999.250 106.896 107.294 107.696 113.774 127.797 135.933 139.053 147.346 148.271 142.879 125.384 122.155 124.889 120.253 114.168 105.626 100.615 83.990 72.355 67.991 60.266 48.633 35.073 26.415 20.957 11.743 3.781 0.000 0.000 0.000 0.000 0.000 4.226 7.759 12.929 18.454 23.074 32.727
-999.250 -999.250 -999.250 -999.250 -999.250 -999.250 -999.250 -999.250 -999.250 -999.250 -999.250 -999.250 -999.250 -999.250 -999.250 -999.250 -999.250 -999.250 -999.250 -999.250 -999.250 -999.250 -999.250 -999.250 -999.250 -999.250 -999.250 -999.250 -999.250 -999.250 104.646 109.038 111.018 133.198 143.720 139.114 150.221 162.921 153.958 143.131 139.254 131.646 128.910 129.358 117.066 108.032 106.100 93.298 86.181 74.328 60.414 49.833 40.132 33.223 18.261 10.712 4.261 0.000 0.000 0.000 0.000 0.000 0.986 6.589 10.888 16.373 19.532 28.021
-999.250 -999.250 -999.250 -999.250 -999.250 -999.250 -999.250 -999.250 -999.250 -999.250 -999.250 -999.250 -999.250 -999.250 -999.250 -999.250 -999.250 -999.250 -999.250 -999.250 -999.250 -999.250 -999.250 -999.250 -999.250 -999.250 -999.250 -999.250 -999.250 94.770 105.510 109.107 114.345 125.845 154.425 170.381 177.020 176.258 176.240 161.560 144.967 143.843 139.841 134.683 126.532 117.692 107.435 89.313 83.251 85.826 66.071 58.522 46.213 32.595 20.244 13.563 7.409 0.000 0.000 0.000 0.000 0.000 0.000 1.011 7.967 10.505 18.283 24.554
-999.250 -999.250 -999.250 -999.250 -999.250 -999.250 -999.250 -999.250 -999.250 -999.250 -999.250 -999.250 -999.250 -999.250 -999.250 -999.250 -999.250 -999.250 -999.250 -999.250 -999.250 -999.250 -999.250 -999.250 -999.250 -999.250 -999.250 -999.250 -999.250 102.828 101.342 111.077 122.896 143.121 160.710 187.610 209.313 205.759 196.431 174.853 157.842 139.500 140.826 135.210 122.873 121.946 109.245 92.937 90.617 87.848 71.114 59.801 46.241 34.070 27.447 15.567 8.306 3.238 0.000 0.000 0.000 0.000 0.000 2.136 5.644 10.726 15.845 19.635
-999.250 -999.250 -999.250 -999.250 -999.250 -999.250 -999.250 -999.250 -999.250 -999.250 -999.250 -999.250 -999.250 -999.250 -999.250 -999.250 -999.250 -999.250 -999.250 -999.250 -999.250 -999.250 -999.250 -999.250 -999.250 -999.250 -999.250 -999.250 83.852 92.362 99.802 113.236 136.688 153.909 166.326 201.803 236.185 227.035 197.609 184.445 167.772 160.581 141.404 135.757 142.316 122.031 114.959 98.393 97.450 82.092 75.810 69.459 53.027 36.424 28.903 21.822 16.353 7.829 0.000 0.000 0.000 0.000 0.000 0.000 1.284 6.768 12.445 15.190
-999.250 -999.250 -999.250 -999.250 -999.250 -999.250 -999.250 -999.250 -999.250 -999.250 -999.250 -999.250 -999.250 -999.250 -999.250 -999.250 -999.250 -999.250 -999.250 -999.250 -999.250 -999.250 -999.250 -999.250 -999.250 -999.250 -999.250 -999.250 81.983 86.314 101.542 110.825 133.855 149.908 156.428 195.982 207.713 212.506 180.501 183.167 165.499 153.171 149.797 152.401 167.188 136.784 118.272 115.914 105.469 91.999 83.871 69.386 60.522 46.284 37.835 25.789 17.134 10.715 3.349 1.068 0.000 0.000 0.000 0.000 0.824 6.023 7.838 13.582
-999.250 -999.250 -999.250 -999.250 -999.250 -999.250 -999.250 -999.250 -999.250 -999.250 -999.250 -999.250 -999.250 -999.250 -999.250 -999.250 -999.250 -999.250 -999.250 -999.250 -999.250 -999.250 -999.250 -999.250 -999.250 -999.250 -999.250 71.272 79.920 85.114 93.338 109.172 128.882 142.352 158.315 173.675 190.903 196.756 193.092 179.146 172.809 154.132 153.582 169.488 162.867 147.268 135.414 125.367 113.544 95.862 87.851 79.505 72.597 51.320 41.768 33.355 21.006 13.293 7.727 1.787 0.000 0.000 0.000 0.000 0.000 2.222 6.437 10.931
-999.250 -999.250 -999.250 -999.250 -999.250 -999.250 -999.250 -999.250 -999.250 -999.250 -999.250 -999.250 -999.250 -999.250 -999.250 -999.250 -999.250 -999.250 -999.250 -999.250 -999.250 -999.250 -999.250 -999.250 -999.250 -999.250 -999.250 75.839 76.601 86.091 97.193 109.369 119.561 137.592 143.974 156.324 171.049 187.641 182.425 171.023 176.252 160.863 165.133 165.952 147.997 145.908 151.591 137.488 122.830 121.621 94.041 81.999 73.093 58.118 48.345 39.988 22.788 18.272 10.205 6.825 0.103 0.000 0.000 0.000 0.000 1.039 6.420 7.893
-999.250 -999.250 -999.250 -999.250 -999.250 -999.250 -999.250 -999.250 -999.250 -999.250 -999.250 -999.250 -999.250 -999.250 -999.250 -999.250 -999.250 -999.250 -999.250 -999.250 -999.250 -999.250 -999.250 -999.250 -999.250 -999.250 -999.250 -999.250 80.445 87.199 90.975 95.802 112.085 113.077 136.812 147.262 155.587 175.108 157.880 164.861 149.047 162.456 163.209 169.360 153.194 156.462 166.076 137.328 147.917 129.655 118.073 100.411 80.647 62.375 55.132 48.381 28.712 20.846 15.334 6.896 3.341 0.000 0.000 0.000 0.000 0.000 4.777 5.004
-999.250 -999.250 -999.250 -999.250 -999.250 -999.250 -999.250 -999.250 -999.250 -999.250 -999.250 -999.250 -999.250 -999.250 -999.250 -999.250 -999.250 -999.250 -999.250 -999.250 -999.250 -999.250 -999.250 -999.250 -999.250 -999.250 -999.250 -999.250 -999.250 -999.250 82.348 98.373 106.129 110.093 132.538 140.891 145.172 150.619 148.980 142.548 168.346 153.325 171.342 175.177 183.003 181.309 176.093 153.716 148.624 141.188 129.152 113.271 97.040 81.483 68.578 50.808 42.880 27.030 16.659 11.173 4.332 0.000 0.000 0.000 0.000 0.000 0.000 0.826
-999.250 -999.250 -999.250 -999.250 -999.250 -999.250 -999.250 -999.250 -999.250 -999.250 -999.250 -999.250 -999.250 -999.250 -999.250 -999.250 -999.250 -999.250 -999.250 -999.250 -999.250 -999.250 -999.250 -999.250 -999.250 -999.250 -999.250 -999.250 -999.250 -999.250 84.183 85.829 101.013 102.889 111.776 122.161 124.563 132.637 122.480 130.918 147.141 167.192 163.648 180.653 196.104 180.166 187.639 188.627 160.162 147.515 146.975 119.398 107.297 100.593 88.357 76.287 58.752 40.390 25.495 15.407 8.043 1.198 0.000 0.000 0.000 0.000 0.000 0.000
-999.250 -999.250 -999.250 -999.250 -999.250 -999.250 -999.250 -999.250 -999.250 -999.250 -999.250 -999.250 -999.250 -999.250 -999.250 -999.250 -999.250 -999.250 -999.250 -999.250 -999.250 -999.250 -999.250 -999.250 -999.250 -999.250 -999.250 -999.250 -999.250 -999.250 74.154 79.481 89.627 92.035 106.149 110.684 112.157 117.799 130.729 135.605 142.527 162.175 156.529 177.129 169.430 179.922 190.570 178.092 166.145 170.824 150.407 138.012 114.983 110.180 95.456 83.921 69.150 54.819 34.779 24.251 12.795 6.538 0.000 0.000 0.000 0.000 0.000 0.000
-999.250 -999.250 -999.250 -999.250 -999.250 -999.250 -999.250 -999.250 -999.250 -999.250 -999.250 -999.250 -999.250 -999.250 -999.250 -999.250 -999.250 -999.250 -999.250 -999.250 -999.250 -999.250 -999.250 -999.250 -999.250 -999.250 -999.250 -999.250 -999.250 -999.250 -999.250 72.650 86.016 85.492 104.214 101.505 107.312 111.244 123.585 141.001 153.612 165.276 169.053 186.389 179.449 186.621 172.893 191.542 176.761 209.915 184.408 156.398 143.257 118.071 106.620 95.960 79.055 63.175 44.731 29.049 17.224 8.563 0.325 0.000 0.000 0.000 0.000 0.000
-999.250 -999.250 -999.250 -999.250 -999.250 -999.250 -999.250 -999.250 -999.250 -999.250 -999.250 -999.250 -999.250 -999.250 -999.250 -999.250 -999.250 -999.250 -999.250 -999.250 -999.250 -999.250 -999.250 -999.250 -999.250 -999.250 -999.250 -999.250 -999.250 -999.250 60.773 67.174 79.006 85.584 96.552 104.304 104.097 108.945 115.760 133.967 129.744 155.980 158.713 186.918 207.671 201.581 195.564 214.269 203.879 220.606 199.308 204.204 159.603 157.010 145.166 107.296 99.554 74.830 58.727 40.489 25.193 12.911 7.086 0.000 0.000 0.000 0.000 0.000
-999.250 -999.250 -999.250 -999.250 -999.250 -999.250 -999.250 -999.250 -999.250 -999.250 -999.250 -999.250 -999.250 -999.250 -999.250 -999.250 -999.250 -999.250 -999.250 -999.250 -999.250 -999.250 -999.250 -999.250 -999.250 -999.250 -999.250 -999.250 -999.250 -999.250 -999.250 71.810 70.252 79.803 88.219 93.735 105.786 107.763 123.407 123.418 142.192 162.055 170.330 163.162 192.704 189.106 226.289 220.370 236.034 227.267 222.900 211.763 196.237 197.113 165.465 140.841 130.696 99.148 76.413 47.561 35.305 18.431 10.539 1.202 0.000 0.000 0.000 0.000
