data/medianmodel_02-Oct-2020.asc
ncols	141
nrows	288
xllcorner	-120191.398
yllcorner	-301404.813
cellsize	2000.000
NODATA_value	-999.250
[rows 90 to 119 of 288, columns 0 to 66 of 141]
-999.250 -999.250 -999.250 -999.250 -999.250 -999.250 -999.250 -999.250 -999.250 -999.250 -999.250 -999.250 -999.250 -999.250 -999.250 -999.250 -999.250 -999.250 -999.250 -999.250 -999.250 -999.250 -999.250 -999.250 -999.250 -999.250 -999.250 -999.250 -999.250 -999.250 -999.250 -999.250 7.484 9.546 9.864 12.030 13.193 16.183 18.170 20.502 20.239 19.861 18.705 16.928 15.799 13.000 13.434 12.737 10.278 12.084 12.351 13.162 10.739 11.867 11.619 12.960 12.938 15.599 16.174 17.150 19.384 24.443 26.558 29.978 31.503 37.578 42.338
-999.250 -999.250 -999.250 -999.250 -999.250 -999.250 -999.250 -999.250 -999.250 -999.250 -999.250 -999.250 -999.250 -999.250 -999.250 -999.250 -999.250 -999.250 -999.250 -999.250 -999.250 -999.250 -999.250 -999.250 -999.250 -999.250 -999.250 -999.250 -999.250 -999.250 -999.250 -999.250 4.230 7.205 6.440 11.820 13.301 15.299 17.671 18.658 17.516 19.752 18.831 16.349 15.966 14.212 13.639 11.725 12.580 11.950 10.430 13.357 13.480 14.237 14.602 13.348 14.844 15.509 17.376 20.516 24.256 25.121 27.203 29.336 32.893 33.258 37.436
-999.250 -999.250 -999.250 -999.250 -999.250 -999.250 -999.250 -999.250 -999.250 -999.250 -999.250 -999.250 -999.250 -999.250 -999.250 -999.250 -999.250 -999.250 -999.250 -999.250 -999.250 -999.250 -999.250 -999.250 -999.250 -999.250 -999.250 -999.250 -999.250 -999.250 -999.250 5.310 2.341 4.636 7.432 10.687 12.666 15.720 19.635 21.959 19.497 22.140 20.560 18.287 16.952 17.007 13.914 14.687 12.651 14.760 13.061 14.178 15.098 15.693 15.095 14.683 14.665 19.181 19.442 21.983 21.114 24.212 24.392 29.387 31.719 33.057 38.782
-999.250 -999.250 -999.250 -999.250 -999.250 -999.250 -999.250 -999.250 -999.250 -999.250 -999.250 -999.250 -999.250 -999.250 -999.250 -999.250 -999.250 -999.250 -999.250 -999.250 -999.250 -999.250 -999.250 -999.250 -999.250 -999.250 -999.250 -999.250 -999.250 -999.250 -999.250 2.505 0.788 0.000 3.246 8.537 12.494 16.632 23.075 23.469 25.044 25.561 25.983 21.320 18.956 18.655 18.343 15.055 15.257 14.089 14.196 14.096 14.108 14.629 15.844 15.859 18.035 18.095 21.140 20.544 22.793 27.017 27.044 27.994 29.517 28.331 31.249
-999.250 -999.250 -999.250 -999.250 -999.250 -999.250 -999.250 -999.250 -999.250 -999.250 -999.250 -999.250 -999.250 -999.250 -999.250 -999.250 -999.250 -999.250 -999.250 -999.250 -999.250 -999.250 -999.250 -999.250 -999.250 -999.250 -999.250 -999.250 -999.250 -999.250 -999.250 1.421 0.000 0.000 0.167 7.913 14.704 18.178 24.316 27.258 27.236 27.204 26.693 26.109 23.557 20.245 18.198 15.085 15.458 15.529 15.073 14.366 17.598 17.427 15.039 17.603 19.243 21.469 25.048 25.064 25.146 26.964 27.969 29.452 28.519 28.244 29.833
-999.250 -999.250 -999.250 -999.250 -999.250 -999.250 -999.250 -999.250 -999.250 -999.250 -999.250 -999.250 -999.250 -999.250 -999.250 -999.250 -999.250 -999.250 -999.250 -999.250 -999.250 -999.250 -999.250 -999.250 -999.250 -999.250 -999.250 -999.250 -999.250 -999.250 -999.250 1.333 0.000 0.000 0.000 7.669 17.973 19.995 28.039 30.534 32.980 33.763 31.859 28.941 25.558 24.098 20.624 16.833 16.015 16.482 14.943 15.674 17.868 18.117 18.969 21.034 19.436 20.004 26.591 26.432 28.250 28.011 27.425 28.762 29.054 29.094 28.942
-999.250 -999.250 -999.250 -999.250 -999.250 -999.250 -999.250 -999.250 -999.250 -999.250 -999.250 -999.250 -999.250 -999.250 -999.250 -999.250 -999.250 -999.250 -999.250 -999.250 -999.250 -999.250 -999.250 -999.250 -999.250 -999.250 -999.250 -999.250 -999.250 -999.250 1.581 3.545 1.777 4.076 5.515 12.408 18.645 28.376 32.475 35.943 39.039 40.707 38.383 31.710 30.486 29.163 22.144 18.723 18.400 17.560 18.355 18.020 16.796 18.795 20.151 19.921 20.390 23.751 27.473 28.703 27.536 26.713 27.572 29.007 28.595 29.571 28.789
-999.250 -999.250 -999.250 -999.250 -999.250 -999.250 -999.250 -999.250 -999.250 -999.250 -999.250 -999.250 -999.250 -999.250 -999.250 -999.250 -999.250 -999.250 -999.250 -999.250 -999.250 -999.250 -999.250 -999.250 -999.250 -999.250 -999.250 -999.250 -999.250 -999.250 5.777 5.584 6.671 10.117 13.287 17.867 25.997 31.288 39.251 46.361 50.120 49.378 45.490 37.670 32.820 29.876 25.108 21.132 20.897 21.417 22.067 18.361 20.979 20.190 24.055 23.491 22.343 22.246 24.016 26.462 27.404 26.262 26.431 24.363 27.400 27.071 28.409
-999.250 -999.250 -999.250 -999.250 -999.250 -999.250 -999.250 -999.250 -999.250 -999.250 -999.250 -999.250 -999.250 -999.250 -999.250 -999.250 -999.250 -999.250 -999.250 -999.250 -999.250 -999.250 -999.250 -999.250 -999.250 -999.250 -999.250 -999.250 -999.250 -999.250 8.406 11.094 11.322 13.959 17.060 21.563 28.981 36.265 46.918 53.100 57.050 57.388 50.830 42.742 36.134 31.280 27.287 25.496 23.686 24.090 22.682 21.687 22.857 24.726 24.745 24.859 22.668 22.720 22.388 25.938 25.099 24.469 24.439 24.504 26.390 25.954 26.535
-999.250 -999.250 -999.250 -999.250 -999.250 -999.250 -999.250 -999.250 -999.250 -999.250 -999.250 -999.250 -999.250 -999.250 -999.250 -999.250 -999.250 -999.250 -999.250 -999.250 -999.250 -999.250 -999.250 -999.250 -999.250 -999.250 -999.250 -999.250 -999.250 -999.250 11.473 13.318 15.850 16.958 21.356 29.521 33.499 40.010 53.678 62.550 74.262 62.764 51.709 45.356 38.340 34.146 30.699 28.156 26.548 26.929 27.441 26.028 27.206 26.299 26.842 24.963 23.958 24.450 25.638 24.785 24.798 23.885 23.616 23.041 25.695 25.518 26.936
-999.250 -999.250 -999.250 -999.250 -999.250 -999.250 -999.250 -999.250 -999.250 -999.250 -999.250 -999.250 -999.250 -999.250 -999.250 -999.250 -999.250 -999.250 -999.250 -999.250 -999.250 -999.250 -999.250 -999.250 -999.250 -999.250 -999.250 -999.250 -999.250 12.536 13.580 15.195 18.675 23.003 29.034 32.861 39.482 50.265 55.910 63.281 68.534 62.576 57.846 49.903 44.350 39.063 31.471 33.994 32.396 30.442 29.923 29.534 30.284 28.345 28.856 26.259 25.481 25.843 25.351 22.874 23.300 21.726 24.471 24.118 20.081 24.956 25.135
-999.250 -999.250 -999.250 -999.250 -999.250 -999.250 -999.250 -999.250 -999.250 -999.250 -999.250 -999.250 -999.250 -999.250 -999.250 -999.250 -999.250 -999.250 -999.250 -999.250 -999.250 -999.250 -999.250 -999.250 -999.250 -999.250 -999.250 -999.250 -999.250 14.821 15.803 19.261 19.900 25.731 31.141 37.791 44.391 52.480 54.089 66.489 64.384 67.311 57.141 50.837 47.089 42.314 37.237 37.915 35.718 33.142 33.127 32.651 33.521 33.367 28.222 27.241 25.150 25.614 26.790 24.863 23.905 24.144 22.132 23.438 23.147 24.027 26.213
-999.250 -999.250 -999.250 -999.250 -999.250 -999.250 -999.250 -999.250 -999.250 -999.250 -999.250 -999.250 -999.250 -999.250 -999.250 -999.250 -999.250 -999.250 -999.250 -999.250 -999.250 -999.250 -999.250 -999.250 -999.250 -999.250 -999.250 -999.250 -999.250 13.406 17.190 23.638 25.796 32.383 36.281 41.557 48.211 55.059 59.214 60.116 65.999 65.238 56.324 52.709 50.206 44.484 44.096 42.213 40.032 36.645 36.760 37.178 36.456 36.512 33.322 29.442 27.431 25.111 25.868 25.718 22.371 21.518 22.314 20.171 21.285 21.263 21.767
-999.250 -999.250 -999.250 -999.250 -999.250 -999.250 -999.250 -999.250 -999.250 -999.250 -999.250 -999.250 -999.250 -999.250 -999.250 -999.250 -999.250 -999.250 -999.250 -999.250 -999.250 -999.250 -999.250 -999.250 -999.250 -999.250 -999.250 -999.250 -999.250 18.255 19.438 22.430 28.784 32.691 37.957 44.686 49.941 55.104 60.034 60.829 56.866 63.902 57.791 55.099 51.738 50.022 49.395 45.807 45.944 40.514 43.382 39.676 37.076 34.702 31.499 28.883 29.698 26.742 25.630 22.393 25.877 24.221 19.668 19.436 18.028 18.351 21.065
-999.250 -999.250 -999.250 -999.250 -999.250 -999.250 -999.250 -999.250 -999.250 -999.250 -999.250 -999.250 -999.250 -999.250 -999.250 -999.250 -999.250 -999.250 -999.250 -999.250 -999.250 -999.250 -999.250 -999.250 -999.250 -999.250 -999.250 -999.250 17.889 18.729 22.004 25.729 31.143 32.382 34.822 49.302 46.912 58.157 62.044 66.436 58.913 60.241 61.450 59.995 55.004 57.698 52.726 53.399 49.552 45.774 41.223 39.440 35.379 33.511 30.485 26.746 26.632 27.373 23.611 19.605 22.978 22.497 19.576 17.933 17.741 17.676 17.753
-999.250 -999.250 -999.250 -999.250 -999.250 -999.250 -999.250 -999.250 -999.250 -999.250 -999.250 -999.250 -999.250 -999.250 -999.250 -999.250 -999.250 -999.250 -999.250 -999.250 -999.250 -999.250 -999.250 -999.250 -999.250 -999.250 -999.250 -999.250 17.925 19.051 23.822 29.974 30.365 37.568 37.423 46.493 48.414 59.792 61.667 62.893 63.322 61.811 63.638 56.957 57.930 61.600 61.118 55.321 54.618 49.253 43.143 39.954 32.269 33.053 30.286 28.166 25.787 25.020 22.952 23.216 23.107 21.327 19.764 17.280 17.442 16.842 17.186
-999.250 -999.250 -999.250 -999.250 -999.250 -999.250 -999.250 -999.250 -999.250 -999.250 -999.250 -999.250 -999.250 -999.250 -999.250 -999.250 -999.250 -999.250 -999.250 -999.250 -999.250 -999.250 -999.250 -999.250 -999.250 -999.250 -999.250 15.951 15.851 20.328 25.157 29.922 31.740 32.526 41.379 46.651 49.138 55.608 59.467 61.482 63.541 62.989 63.089 62.327 60.699 62.834 59.778 58.797 56.019 50.053 43.840 41.815 33.505 31.578 29.164 28.280 26.167 26.116 25.641 25.720 26.131 23.551 20.063 17.066 16.802 17.164 16.773
-999.250 -999.250 -999.250 -999.250 -999.250 -999.250 -999.250 -999.250 -999.250 -999.250 -999.250 -999.250 -999.250 -999.250 -999.250 -999.250 -999.250 -999.250 -999.250 -999.250 -999.250 -999.250 -999.250 -999.250 -999.250 -999.250 -999.250 15.074 17.737 20.542 25.323 28.521 31.118 33.492 42.164 45.874 48.361 53.424 56.425 58.201 60.097 64.193 63.256 64.477 60.296 68.124 61.287 60.531 56.523 50.689 44.004 38.214 34.085 31.200 28.823 26.775 26.412 27.073 25.450 28.390 28.488 27.751 21.303 18.159 19.961 20.086 19.465
-999.250 -999.250 -999.250 -999.250 -999.250 -999.250 -999.250 -999.250 -999.250 -999.250 -999.250 -999.250 -999.250 -999.250 -999.250 -999.250 -999.250 -999.250 -999.250 -999.250 -999.250 -999.250 -999.250 -999.250 -999.250 -999.250 -999.250 16.005 18.280 21.733 26.474 28.542 29.315 31.641 36.311 42.581 46.041 46.948 53.172 59.855 60.752 61.036 64.624 66.833 66.247 65.152 63.617 55.258 56.076 50.790 46.573 37.431 35.891 31.623 29.769 28.860 28.803 31.770 29.887 30.870 32.513 28.496 26.823 23.565 23.188 23.168 21.445
-999.250 -999.250 -999.250 -999.250 -999.250 -999.250 -999.250 -999.250 -999.250 -999.250 -999.250 -999.250 -999.250 -999.250 -999.250 -999.250 -999.250 -999.250 -999.250 -999.250 -999.250 -999.250 -999.250 -999.250 -999.250 -999.250 -999.250 16.545 17.870 21.539 25.533 26.949 26.584 31.490 33.326 38.567 44.774 49.439 53.136 56.318 58.250 68.067 67.192 63.425 65.306 64.419 65.752 62.686 56.994 49.373 45.173 36.152 32.582 31.252 29.034 29.887 29.008 34.862 32.380 35.692 37.720 35.359 31.008 29.654 26.920 25.826 24.649
-999.250 -999.250 -999.250 -999.250 -999.250 -999.250 -999.250 -999.250 -999.250 -999.250 -999.250 -999.250 -999.250 -999.250 -999.250 -999.250 -999.250 -999.250 -999.250 -999.250 -999.250 -999.250 -999.250 -999.250 -999.250 -999.250 -999.250 -999.250 18.927 20.966 21.276 24.479 26.885 30.557 32.502 36.204 39.277 44.110 50.153 53.498 63.730 64.551 68.895 69.124 69.806 68.151 63.979 57.760 59.055 48.630 40.383 32.928 32.710 31.383 30.569 29.650 31.659 35.351 36.199 40.771 43.815 43.422 36.043 32.854 28.666 25.049 27.317
-999.250 -999.250 -999.250 -999.250 -999.250 -999.250 -999.250 -999.250 -999.250 -999.250 -999.250 -999.250 -999.250 -999.250 -999.250 -999.250 -999.250 -999.250 -999.250 -999.250 -999.250 -999.250 -999.250 -999.250 -999.250 -999.250 -999.250 -999.250 16.384 18.728 21.646 25.024 25.145 29.385 30.978 35.631 34.545 36.704 43.684 49.127 56.681 70.479 69.717 73.564 75.102 75.445 71.766 59.462 52.363 44.819 36.701 31.705 29.852 30.461 28.104 31.232 30.897 33.308 36.866 45.298 52.562 44.635 39.762 33.670 31.162 26.603 26.276
-999.250 -999.250 -999.250 -999.250 -999.250 -999.250 -999.250 -999.250 -999.250 -999.250 -999.250 -999.250 -999.250 -999.250 -999.250 -999.250 -999.250 -999.250 -999.250 -999.250 -999.250 -999.250 -999.250 -999.250 -999.250 -999.250 -999.250 -999.250 16.874 17.004 19.781 21.630 25.679 25.789 27.480 30.165 31.688 33.178 36.692 40.206 48.929 60.617 65.865 74.838 77.254 74.391 72.946 58.604 47.652 34.892 32.203 28.600 27.052 25.879 27.386 29.141 28.557 31.665 36.360 41.006 47.971 43.003 41.598 33.273 33.126 29.164 27.514
-999.250 -999.250 -999.250 -999.250 -999.250 -999.250 -999.250 -999.250 -999.250 -999.250 -999.250 -999.250 -999.250 -999.250 -999.250 -999.250 -999.250 -999.250 -999.250 -999.250 -999.250 -999.250 -999.250 -999.250 -999.250 -999.250 -999.250 -999.250 16.978 19.785 21.294 21.202 21.257 22.356 24.724 24.678 26.505 28.528 30.064 36.130 44.833 49.379 58.110 68.875 79.359 84.588 71.389 55.140 39.676 33.659 28.194 23.607 20.194 18.797 18.757 19.883 23.150 26.913 30.249 32.291 37.617 38.591 35.010 34.835 31.494 28.439 28.603
-999.250 -999.250 -999.250 -999.250 -999.250 -999.250 -999.250 -999.250 -999.250 -999.250 -999.250 -999.250 -999.250 -999.250 -999.250 -999.250 -999.250 -999.250 -999.250 -999.250 -999.250 -999.250 -999.250 -999.250 -999.250 -999.250 -999.250 -999.250 17.519 19.519 22.693 19.115 17.515 19.572 20.744 22.210 19.751 24.602 23.873 27.487 34.383 40.562 49.497 67.919 71.612 72.228 62.148 47.132 34.898 28.224 20.417 16.092 15.038 14.614 13.423 15.261 16.740 19.989 26.633 28.565 29.946 31.380 33.023 33.594 30.956 30.516 28.569
-999.250 -999.250 -999.250 -999.250 -999.250 -999.250 -999.250 -999.250 -999.250 -999.250 -999.250 -999.250 -999.250 -999.250 -999.250 -999.250 -999.250 -999.250 -999.250 -999.250 -999.250 -999.250 -999.250 -999.250 -999.250 -999.250 -999.250 19.607 16.740 19.163 19.302 18.427 18.886 18.008 18.971 20.080 17.809 20.313 17.436 17.523 26.706 35.336 46.655 55.063 59.477 58.150 48.597 36.883 28.117 17.744 14.098 11.221 9.844 11.487 10.614 11.231 12.436 13.471 19.055 21.492 26.691 26.926 29.849 32.518 32.371 30.608 27.021
-999.250 -999.250 -999.250 -999.250 -999.250 -999.250 -999.250 -999.250 -999.250 -999.250 -999.250 -999.250 -999.250 -999.250 -999.250 -999.250 -999.250 -999.250 -999.250 -999.250 -999.250 -999.250 -999.250 -999.250 -999.250 -999.250 -999.250 18.499 19.401 22.459 20.222 18.776 17.316 18.611 21.019 17.132 18.170 19.624 19.153 18.077 23.412 31.933 40.484 43.859 45.509 43.202 35.793 26.060 16.395 11.201 6.378 3.563 3.627 7.352 4.355 1.810 4.742 7.400 12.077 18.689 21.726 26.127 27.166 32.311 29.589 29.274 28.079
-999.250 -999.250 -999.250 -999.250 -999.250 -999.250 -999.250 -999.250 -999.250 -999.250 -999.250 -999.250 -999.250 -999.250 -999.250 -999.250 -999.250 -999.250 -999.250 -999.250 -999.250 -999.250 -999.250 -999.250 -999.250 -999.250 -999.250 21.978 21.937 21.424 20.761 24.433 20.635 20.516 19.967 20.237 20.696 23.332 20.822 21.000 24.716 29.726 31.548 33.130 33.575 29.862 24.720 17.045 7.953 0.000 0.000 0.000 0.000 1.520 2.406 1.035 0.000 0.000 9.842 14.997 22.859 25.528 27.597 28.404 28.647 27.689 27.091
-999.250 -999.250 -999.250 -999.250 -999.250 -999.250 -999.250 -999.250 -999.250 -999.250 -999.250 -999.250 -999.250 -999.250 -999.250 -999.250 -999.250 -999.250 -999.250 -999.250 -999.250 -999.250 -999.250 -999.250 -999.250 -999.250 28.788 26.732 20.765 23.043 22.692 25.845 23.574 23.799 24.555 24.072 23.003 23.969 22.255 25.308 25.084 30.526 29.898 30.386 25.219 21.145 16.665 11.456 4.660 0.000 0.000 0.000 0.000 0.000 0.618 0.000 0.552 6.198 13.166 16.109 22.994 23.513 28.201 27.895 29.253 28.896 25.441
-999.250 -999.250 -999.250 -999.250 -999.250 -999.250 -999.250 -999.250 -999.250 -999.250 -999.250 -999.250 -999.250 -999.250 -999.250 -999.250 -999.250 -999.250 -999.250 -999.250 -999.250 -999.250 -999.250 -999.250 -999.250 -999.250 28.590 30.512 24.951 26.306 28.342 26.893 26.731 24.898 26.992 27.439 27.469 28.579 28.984 27.663 27.355 29.794 27.925 26.005 23.386 18.208 13.333 8.601 1.580 0.000 0.000 0.000 0.000 0.000 0.000 1.830 6.082 11.390 16.806 20.421 24.716 27.342 29.545 27.172 27.269 25.800 25.532
