data/medianmodel_24-Dec-2020.asc
ncols	141
nrows	288
xllcorner	-120191.398
yllcorner	-301404.813
cellsize	2000.000
NODATA_value	-999.250
[rows 116 to 144 of 288, columns 64 to 127 of 141]
157.450 157.791 154.144 161.187 175.655 192.010 197.794 199.094 186.801 158.832 154.747 153.986 149.188 150.433 136.734 132.091 137.558 142.351 146.124 166.550 191.322 224.517 244.146 273.705 332.215 377.029 425.223 480.483 520.811 555.320 625.927 733.815 810.702 885.860 975.357 973.567 1010.388 1109.853 1158.789 1176.806 1251.496 1237.961 1327.079 1351.170 1335.602 1375.673 1231.693 1148.304 1149.034 -999.250 -999.250 -999.250 -999.250 -999.250 -999.250 -999.250 -999.250 -999.250 -999.250 -999.250 -999.250 -999.250 -999.250 -999.250
188.962 162.304 169.370 160.653 161.769 164.093 175.782 167.829 160.173 146.260 148.853 146.036 140.592 146.110 133.672 127.129 125.189 124.557 142.559 161.390 185.327 225.208 249.067 285.940 350.388 371.540 407.594 480.028 528.183 576.161 623.510 687.384 773.868 883.538 905.974 967.430 1019.509 1054.465 1110.171 1166.228 1183.399 1200.144 1256.827 1244.843 1227.157 1225.877 1166.086 1146.124 1198.414 -999.250 -999.250 -999.250 -999.250 -999.250 -999.250 -999.250 -999.250 -999.250 -999.250 -999.250 -999.250 -999.250 -999.250 -999.250
198.698 176.672 172.290 191.914 175.255 173.601 169.967 165.522 170.230 148.260 136.857 128.289 124.749 116.833 113.111 117.304 115.500 138.053 152.524 171.132 212.848 234.619 253.958 289.145 356.942 371.130 426.818 492.852 541.693 597.721 626.522 717.446 799.629 816.424 941.139 984.156 1034.545 1115.026 1125.301 1215.054 1107.327 1171.422 1165.615 1209.683 1222.912 1187.441 1149.483 1119.067 1130.946 1101.432 -999.250 -999.250 -999.250 -999.250 -999.250 -999.250 -999.250 -999.250 -999.250 -999.250 -999.250 -999.250 -999.250 -999.250
203.650 206.930 187.752 213.840 191.281 186.105 193.476 185.638 174.522 142.274 141.168 129.560 116.753 108.799 107.002 114.767 122.795 130.846 148.135 167.211 201.850 250.014 259.555 293.260 352.270 376.548 463.045 495.404 552.251 594.790 654.448 707.935 773.125 848.091 944.212 968.552 1035.998 1094.014 1140.985 1138.665 1107.898 1073.028 1179.008 1145.131 1158.811 1176.975 1095.739 1184.379 1145.450 -999.250 -999.250 -999.250 -999.250 -999.250 -999.250 -999.250 -999.250 -999.250 -999.250 -999.250 -999.250 -999.250 -999.250 -999.250
221.647 213.321 220.114 222.840 222.062 207.324 218.044 199.050 184.418 151.757 125.877 113.442 107.251 103.216 100.976 94.868 111.471 120.685 152.333 165.369 231.647 255.363 278.065 299.651 359.709 399.235 478.065 535.084 585.105 613.336 675.263 756.881 768.981 881.250 974.333 994.569 1001.885 1059.902 1111.087 1135.156 1121.083 1166.873 1180.909 1146.291 1105.701 1117.379 1119.886 1172.137 1187.412 -999.250 -999.250 -999.250 -999.250 -999.250 -999.250 -999.250 -999.250 -999.250 -999.250 -999.250 -999.250 -999.250 -999.250 -999.250
234.606 236.349 225.353 223.018 226.395 231.584 226.394 204.730 167.846 141.680 113.174 109.551 101.076 82.601 91.486 91.705 104.386 124.026 161.756 205.339 231.459 265.115 283.820 334.742 359.026 428.707 486.081 540.276 596.153 657.765 694.479 831.707 815.451 893.916 934.559 979.577 998.602 1055.312 1100.121 1127.225 1118.122 1191.627 1137.023 1202.227 1120.020 1094.893 1097.158 1116.708 1159.201 -999.250 -999.250 -999.250 -999.250 -999.250 -999.250 -999.250 -999.250 -999.250 -999.250 -999.250 -999.250 -999.250 -999.250 -999.250
256.048 251.382 227.166 233.070 227.326 233.147 239.856 188.575 156.712 129.026 124.208 95.626 92.539 83.327 92.719 95.011 98.182 131.496 163.234 218.047 228.190 250.909 284.451 337.417 377.928 442.773 495.494 561.049 592.971 659.606 716.247 766.695 832.814 911.151 939.294 1025.846 1051.690 1050.440 1088.833 1132.698 1126.381 1147.219 1140.304 1103.461 1100.027 1091.458 1082.165 1142.899 1063.757 -999.250 -999.250 -999.250 -999.250 -999.250 -999.250 -999.250 -999.250 -999.250 -999.250 -999.250 -999.250 -999.250 -999.250 -999.250
265.029 247.605 238.761 215.986 195.493 200.727 178.250 153.945 135.481 107.702 97.918 86.799 97.667 89.560 83.310 96.737 117.414 140.634 146.938 207.541 232.341 272.490 302.594 344.703 386.979 451.918 487.521 554.724 602.533 665.880 676.627 782.467 875.590 908.132 974.110 996.971 1069.253 1069.576 1101.036 1094.771 1082.046 1134.201 1162.257 1148.663 1106.356 1084.856 1099.765 1053.097 -999.250 -999.250 -999.250 -999.250 -999.250 -999.250 -999.250 -999.250 -999.250 -999.250 -999.250 -999.250 -999.250 -999.250 -999.250 -999.250
271.738 253.854 223.079 180.789 167.043 152.341 139.486 134.369 119.271 99.753 91.448 65.674 75.465 72.324 79.409 95.661 125.154 148.594 162.823 210.693 241.871 261.144 332.881 357.267 403.769 475.692 517.151 566.651 622.381 669.563 658.691 811.976 867.968 911.508 961.259 978.874 1047.009 1035.275 1085.650 1114.550 1104.441 1120.604 1114.513 1070.793 1096.443 1100.679 1061.093 1038.002 -999.250 -999.250 -999.250 -999.250 -999.250 -999.250 -999.250 -999.250 -999.250 -999.250 -999.250 -999.250 -999.250 -999.250 -999.250 -999.250
280.516 243.239 201.889 166.762 140.961 120.014 106.325 114.095 86.089 77.517 82.154 62.957 68.919 82.505 80.951 112.658 115.490 150.524 189.940 227.014 260.654 293.574 357.376 378.368 435.932 484.210 535.631 584.657 647.365 632.492 697.192 778.510 913.553 916.033 921.472 974.688 1020.292 1072.678 1070.947 1098.874 1140.269 1093.735 1057.952 1090.946 1056.973 1032.867 1092.019 1011.508 -999.250 -999.250 -999.250 -999.250 -999.250 -999.250 -999.250 -999.250 -999.250 -999.250 -999.250 -999.250 -999.250 -999.250 -999.250 -999.250
256.831 229.867 169.947 134.421 104.595 93.362 82.820 68.756 76.986 72.673 66.062 64.330 64.647 71.242 85.793 109.629 119.167 159.930 207.632 244.847 281.080 336.736 372.310 419.632 469.550 511.778 563.742 591.060 624.372 694.634 692.955 767.099 852.268 863.337 929.596 959.813 1005.516 1040.750 1043.768 1083.308 1095.576 1068.181 1064.832 1108.075 1042.900 1072.377 1070.421 1062.877 -999.250 -999.250 -999.250 -999.250 -999.250 -999.250 -999.250 -999.250 -999.250 -999.250 -999.250 -999.250 -999.250 -999.250 -999.250 -999.250
251.164 206.732 147.583 117.801 83.425 70.806 57.920 53.906 49.477 57.060 53.395 60.591 67.766 70.635 76.465 103.225 129.318 173.343 221.776 258.558 294.448 350.708 395.806 453.529 513.238 545.935 586.395 604.965 654.521 685.898 699.129 763.216 796.347 826.933 924.453 959.540 988.945 1040.134 1036.917 1006.983 1072.528 1073.531 1074.355 1084.286 1089.169 1094.563 1028.704 -999.250 -999.250 -999.250 -999.250 -999.250 -999.250 -999.250 -999.250 -999.250 -999.250 -999.250 -999.250 -999.250 -999.250 -999.250 -999.250 -999.250
261.029 202.172 147.656 110.636 67.119 55.360 48.625 38.501 34.643 46.623 48.895 60.223 67.842 66.552 86.235 118.340 142.279 176.273 223.242 276.864 315.361 371.150 411.575 476.003 569.373 589.667 603.882 661.652 682.928 683.251 741.660 838.475 814.410 857.169 894.637 947.010 966.081 1035.062 1034.837 1011.792 1027.513 1081.964 1062.957 1054.347 1126.108 1115.491 -999.250 -999.250 -999.250 -999.250 -999.250 -999.250 -999.250 -999.250 -999.250 -999.250 -999.250 -999.250 -999.250 -999.250 -999.250 -999.250 -999.250 -999.250
244.838 185.121 137.025 108.014 59.501 48.386 30.198 32.032 34.251 43.213 50.117 57.257 64.219 80.112 95.926 118.572 141.471 186.584 241.959 273.037 334.456 379.671 452.139 506.663 573.613 593.178 642.227 683.088 694.694 688.880 801.020 818.856 852.789 891.762 854.341 936.517 960.984 967.341 955.908 976.372 1033.610 1087.698 1048.554 1043.918 1093.818 -999.250 -999.250 -999.250 -999.250 -999.250 -999.250 -999.250 -999.250 -999.250 -999.250 -999.250 -999.250 -999.250 -999.250 -999.250 -999.250 -999.250 -999.250 -999.250
245.185 174.519 137.419 103.508 56.220 44.117 30.720 31.391 26.471 45.254 55.524 66.478 80.236 99.542 108.878 129.026 163.586 192.105 245.601 303.670 344.826 379.472 457.990 537.168 564.315 610.994 636.803 697.095 687.688 718.743 846.542 886.776 898.248 876.429 922.712 988.072 981.924 986.711 1044.018 975.371 1008.111 1045.267 1055.769 1062.611 1133.184 -999.250 -999.250 -999.250 -999.250 -999.250 -999.250 -999.250 -999.250 -999.250 -999.250 -999.250 -999.250 -999.250 -999.250 -999.250 -999.250 -999.250 -999.250 -999.250
241.665 194.073 132.761 98.554 53.381 40.769 35.044 32.742 43.188 57.268 64.736 76.126 102.201 112.391 127.339 142.946 192.226 222.031 269.745 332.231 364.755 410.292 469.193 544.520 602.176 660.687 675.885 720.355 800.061 739.943 780.972 898.770 919.928 911.764 938.141 1058.354 1047.880 1043.266 997.785 978.111 967.963 999.241 1059.994 1069.691 1025.601 -999.250 -999.250 -999.250 -999.250 -999.250 -999.250 -999.250 -999.250 -999.250 -999.250 -999.250 -999.250 -999.250 -999.250 -999.250 -999.250 -999.250 -999.250 -999.250
251.408 208.948 151.583 117.553 66.980 38.071 49.406 48.357 60.845 68.820 101.399 110.027 111.805 125.723 153.143 175.896 219.177 237.163 296.125 351.376 388.098 452.515 500.052 566.032 619.223 667.323 739.143 795.978 789.920 834.137 901.192 893.386 956.632 988.838 981.557 998.226 976.962 983.406 1058.685 1045.509 1032.857 1066.383 967.750 960.196 1044.245 -999.250 -999.250 -999.250 -999.250 -999.250 -999.250 -999.250 -999.250 -999.250 -999.250 -999.250 -999.250 -999.250 -999.250 -999.250 -999.250 -999.250 -999.250 -999.250
266.424 245.614 195.616 144.900 112.140 54.809 65.401 96.731 117.425 121.894 135.360 148.103 150.362 168.965 206.846 221.406 250.580 294.366 342.579 380.973 417.881 485.053 538.378 598.677 650.151 737.148 783.783 828.813 876.804 933.144 902.037 941.713 988.903 1007.990 967.167 1011.513 1043.343 1028.011 1040.269 1033.489 1028.820 1026.837 1012.483 985.259 -999.250 -999.250 -999.250 -999.250 -999.250 -999.250 -999.250 -999.250 -999.250 -999.250 -999.250 -999.250 -999.250 -999.250 -999.250 -999.250 -999.250 -999.250 -999.250 -999.250
288.746 279.773 250.720 224.390 172.256 149.474 145.747 154.509 170.053 193.404 204.894 223.137 232.468 231.951 255.089 267.941 303.496 358.394 377.719 446.816 496.853 543.328 587.251 618.757 659.109 720.879 766.413 815.757 881.279 936.633 979.618 1049.831 1032.302 977.041 996.664 1017.838 1034.912 1022.206 1025.121 996.168 1055.309 1014.701 954.819 1042.551 -999.250 -999.250 -999.250 -999.250 -999.250 -999.250 -999.250 -999.250 -999.250 -999.250 -999.250 -999.250 -999.250 -999.250 -999.250 -999.250 -999.250 -999.250 -999.250 -999.250
349.135 350.476 316.238 294.898 272.989 262.195 257.913 269.593 263.390 265.259 286.314 309.200 305.317 307.214 320.848 341.595 364.837 419.266 450.371 501.279 548.203 586.500 608.938 672.617 732.532 773.383 802.703 784.719 890.087 905.710 961.864 1013.039 1031.796 1036.498 1015.749 996.478 1002.896 1006.730 1000.517 1015.591 999.641 1006.605 1016.627 993.143 -999.250 -999.250 -999.250 -999.250 -999.250 -999.250 -999.250 -999.250 -999.250 -999.250 -999.250 -999.250 -999.250 -999.250 -999.250 -999.250 -999.250 -999.250 -999.250 -999.250
393.530 414.287 387.808 393.061 387.423 381.434 373.911 374.434 363.689 373.336 378.051 389.453 385.586 396.413 410.019 413.486 461.914 502.192 509.959 568.605 607.545 630.119 679.205 719.681 822.684 842.475 845.513 871.593 925.712 985.859 1023.469 1030.098 1012.944 1020.478 1059.454 1058.914 1041.610 986.331 1028.347 1065.191 1013.870 1038.357 1005.063 949.779 -999.250 -999.250 -999.250 -999.250 -999.250 -999.250 -999.250 -999.250 -999.250 -999.250 -999.250 -999.250 -999.250 -999.250 -999.250 -999.250 -999.250 -999.250 -999.250 -999.250
486.692 503.498 503.933 517.938 512.718 494.992 488.776 456.198 459.764 481.251 483.614 507.156 486.478 514.818 510.302 521.479 561.111 626.076 619.897 622.761 663.716 700.229 741.888 786.045 862.740 881.368 881.047 939.288 956.717 998.637 1043.424 1026.528 1069.492 1053.260 1071.192 1076.872 1068.116 996.909 975.001 1012.277 974.745 1016.266 968.974 -999.250 -999.250 -999.250 -999.250 -999.250 -999.250 -999.250 -999.250 -999.250 -999.250 -999.250 -999.250 -999.250 -999.250 -999.250 -999.250 -999.250 -999.250 -999.250 -999.250 -999.250
543.890 593.883 606.756 627.509 601.318 608.548 596.119 609.794 576.426 585.579 587.213 619.546 604.246 643.731 636.680 674.702 729.292 744.630 745.272 750.235 756.295 819.819 -999.250 -999.250 -999.250 -999.250 933.046 958.290 972.768 1022.992 1053.860 -999.250 -999.250 -999.250 -999.250 -999.250 -999.250 -999.250 -999.250 -999.250 -999.250 -999.250 -999.250 -999.250 -999.250 -999.250 -999.250 -999.250 -999.250 -999.250 -999.250 -999.250 -999.250 -999.250 -999.250 -999.250 -999.250 -999.250 -999.250 -999.250 -999.250 -999.250 -999.250 -999.250
615.712 676.247 731.381 758.819 746.987 754.780 719.279 773.005 750.520 698.429 731.392 747.298 764.674 780.306 807.203 853.464 844.273 875.857 910.406 880.224 862.842 892.166 -999.250 -999.250 -999.250 -999.250 -999.250 -999.250 -999.250 -999.250 -999.250 -999.250 -999.250 -999.250 -999.250 -999.250 -999.250 -999.250 -999.250 -999.250 -999.250 -999.250 -999.250 -999.250 -999.250 -999.250 -999.250 -999.250 -999.250 -999.250 -999.250 -999.250 -999.250 -999.250 -999.250 -999.250 -999.250 -999.250 -999.250 -999.250 -999.250 -999.250 -999.250 -999.250
794.648 823.301 855.582 903.255 900.465 866.274 897.778 891.074 855.934 869.599 894.379 914.437 911.215 935.313 966.638 978.828 1040.601 1053.904 1069.924 1002.848 957.095 957.575 -999.250 -999.250 -999.250 -999.250 -999.250 -999.250 -999.250 -999.250 -999.250 -999.250 -999.250 -999.250 -999.250 -999.250 -999.250 -999.250 -999.250 -999.250 -999.250 -999.250 -999.250 -999.250 -999.250 -999.250 -999.250 -999.250 -999.250 -999.250 -999.250 -999.250 -999.250 -999.250 -999.250 -999.250 -999.250 -999.250 -999.250 -999.250 -999.250 -999.250 -999.250 -999.250
905.621 978.976 1006.980 965.721 988.502 1009.774 1030.453 1009.257 983.795 952.917 1037.505 1046.306 1034.566 1098.835 1112.379 1129.543 1143.436 1153.073 1131.411 1130.612 1047.410 1013.577 987.085 -999.250 -999.250 -999.250 -999.250 -999.250 -999.250 -999.250 -999.250 -999.250 -999.250 -999.250 -999.250 -999.250 -999.250 -999.250 -999.250 -999.250 -999.250 -999.250 -999.250 -999.250 -999.250 -999.250 -999.250 -999.250 -999.250 -999.250 -999.250 -999.250 -999.250 -999.250 -999.250 -999.250 -999.250 -999.250 -999.250 -999.250 -999.250 -999.250 -999.250 -999.250
1037.179 1056.769 1075.655 1094.263 1106.546 1091.658 1125.059 1162.524 1101.883 1055.097 1075.821 1164.638 1188.204 1182.968 1320.790 1263.542 1254.304 1374.220 1219.461 1170.092 1152.099 1040.091 990.273 968.066 -999.250 -999.250 -999.250 -999.250 -999.250 -999.250 -999.250 -999.250 -999.250 -999.250 -999.250 -999.250 -999.250 -999.250 -999.250 -999.250 -999.250 -999.250 -999.250 -999.250 -999.250 -999.250 -999.250 -999.250 -999.250 -999.250 -999.250 -999.250 -999.250 -999.250 -999.250 -999.250 -999.250 -999.250 -999.250 -999.250 -999.250 -999.250 -999.250 -999.250
994.908 1068.836 1106.321 1151.289 1192.351 1196.604 1208.928 1306.439 1276.063 1207.633 1238.169 1267.452 1285.610 1344.807 1398.377 1436.289 1487.546 1491.999 1404.916 1334.067 1176.573 1109.911 1041.469 983.594 980.023 -999.250 -999.250 -999.250 -999.250 -999.250 -999.250 -999.250 -999.250 -999.250 -999.250 -999.250 -999.250 -999.250 -999.250 -999.250 -999.250 -999.250 -999.250 -999.250 -999.250 -999.250 -999.250 -999.250 -999.250 -999.250 -999.250 -999.250 -999.250 -999.250 -999.250 -999.250 -999.250 -999.250 -999.250 -999.250 -999.250 -999.250 -999.250 -999.250
963.352 1074.634 1162.154 1228.025 1282.324 1246.902 1300.401 1337.975 1311.022 1427.842 1346.547 1403.365 1369.355 1527.353 1543.906 1564.836 1624.322 1699.400 1638.667 1521.052 1256.789 1166.048 1073.549 1029.776 978.246 -999.250 -999.250 -999.250 -999.250 -999.250 -999.250 -999.250 -999.250 -999.250 -999.250 -999.250 -999.250 -999.250 -999.250 -999.250 -999.250 -999.250 -999.250 -999.250 -999.250 -999.250 -999.250 -999.250 -999.250 -999.250 -999.250 -999.250 -999.250 -999.250 -999.250 -999.250 -999.250 -999.250 -999.250 -999.250 -999.250 -999.250 -999.250 -999.250
