data/medianmodel_06-Jun-2020.asc
ncols	141
nrows	288
xllcorner	-120191.398
yllcorner	-301404.813
cellsize	2000.000
NODATA_value	-999.250
[rows 150 to 179 of 288, columns 0 to 68 of 141]
-999.250 -999.250 -999.250 -999.250 -999.250 -999.250 -999.250 -999.250 -999.250 -999.250 -999.250 -999.250 26.233 24.053 24.962 24.427 17.545 17.371 16.905 18.105 18.046 18.874 15.812 18.681 12.907 20.465 26.431 21.343 16.130 23.390 17.471 17.755 14.357 13.565 14.702 10.813 10.212 11.792 10.276 12.109 12.735 10.724 11.070 13.334 11.204 9.370 7.611 5.543 3.564 3.623 1.858 1.884 2.271 8.421 10.836 14.621 17.390 15.736 17.779 16.777 11.672 12.916 15.889 11.295 9.155 8.689 6.278 7.231 4.186
-999.250 -999.250 -999.250 -999.250 -999.250 -999.250 -999.250 -999.250 -999.250 -999.250 -999.250 18.857 21.581 24.127 19.902 14.104 14.315 10.811 16.153 15.291 23.427 20.529 25.704 21.118 19.454 20.350 15.740 22.103 20.182 25.382 29.954 20.094 18.013 17.069 15.717 14.752 12.349 11.391 12.886 14.038 11.410 11.337 10.546 10.447 11.290 18.730 8.475 6.867 5.864 4.399 4.201 2.828 3.839 6.803 12.008 10.520 14.090 14.928 15.988 13.707 13.146 9.802 15.778 8.889 6.716 8.419 11.161 7.365 7.118
-999.250 -999.250 -999.250 -999.250 -999.250 -999.250 -999.250 -999.250 -999.250 -999.250 21.089 20.468 16.366 14.709 11.860 9.602 12.447 14.049 15.966 18.032 19.328 18.771 23.508 24.100 19.056 20.502 26.298 25.350 21.520 24.019 28.115 22.358 25.663 24.313 20.338 18.788 15.316 17.802 19.449 15.559 14.974 13.899 14.890 9.985 7.462 8.331 5.630 3.434 4.272 5.435 6.033 4.223 6.133 7.413 6.367 10.441 12.681 13.475 11.249 18.258 13.525 15.413 11.402 12.096 8.959 8.512 9.606 10.190 6.555
-999.250 -999.250 -999.250 -999.250 -999.250 -999.250 -999.250 -999.250 -999.250 18.167 14.269 18.259 18.939 14.781 11.067 8.439 11.752 12.186 21.962 28.895 20.443 22.594 26.054 26.748 19.312 16.616 24.077 28.061 22.482 27.130 27.552 31.266 25.473 23.174 24.464 23.696 22.047 22.625 20.334 26.251 17.202 11.564 15.803 10.695 7.844 3.860 0.000 0.102 5.379 6.707 5.648 6.547 6.508 5.487 5.909 9.747 13.453 11.003 13.793 12.141 17.203 12.239 8.573 10.496 8.044 6.296 10.797 6.788 6.259
-999.250 -999.250 -999.250 -999.250 -999.250 26.172 26.414 18.547 25.234 23.213 19.329 20.663 16.895 16.004 13.341 15.347 13.770 13.744 21.341 19.190 17.446 18.611 21.825 23.712 21.332 18.403 25.537 24.760 30.457 32.757 25.569 35.298 25.040 28.318 23.060 26.814 24.059 20.032 19.372 18.140 15.950 12.055 14.206 13.011 4.462 0.000 0.000 0.000 3.957 7.843 9.156 6.233 7.546 5.330 7.029 6.530 9.903 12.576 12.635 8.908 12.035 11.695 11.100 10.807 9.709 7.406 9.713 6.432 5.688
-999.250 -999.250 -999.250 -999.250 -999.250 -999.250 -999.250 23.923 29.171 29.572 33.591 21.669 22.020 17.621 18.474 18.821 24.586 17.859 19.813 22.061 20.893 23.893 26.158 25.848 18.549 19.628 17.394 22.742 26.009 27.063 28.587 31.827 28.037 30.578 27.580 30.553 27.779 16.236 22.203 17.397 15.620 12.611 10.505 10.563 6.396 5.300 1.827 0.598 4.832 7.347 8.990 8.016 8.541 9.954 8.924 10.692 10.887 13.989 10.172 8.298 11.530 12.945 9.334 12.002 8.209 8.571 8.906 7.231 7.277
-999.250 -999.250 -999.250 -999.250 -999.250 -999.250 -999.250 21.349 29.307 28.298 27.822 21.786 20.945 20.435 26.884 32.278 33.298 30.316 33.877 27.471 24.300 23.191 32.173 30.199 21.682 21.150 22.631 20.318 26.557 30.433 30.245 33.347 31.962 34.317 28.659 30.312 16.816 21.121 20.090 21.227 11.990 11.169 11.671 12.501 8.959 8.024 9.310 6.994 12.298 9.873 10.410 11.208 12.568 8.777 10.413 7.097 8.818 11.808 10.602 12.247 11.453 12.833 14.439 13.602 9.428 8.301 7.869 7.510 6.365
-999.250 -999.250 -999.250 -999.250 -999.250 -999.250 -999.250 24.644 29.264 25.101 32.301 19.936 19.916 23.621 30.718 44.546 33.145 34.534 37.535 31.433 31.673 28.573 40.470 45.248 43.834 34.329 34.492 35.848 30.238 30.552 34.634 30.502 41.285 40.265 33.464 28.829 25.802 17.693 18.137 22.573 15.380 13.222 13.041 12.398 11.767 9.299 11.309 11.686 11.693 14.277 12.519 9.456 12.012 10.414 10.648 6.935 8.861 9.735 12.493 11.756 11.012 13.920 10.786 8.854 8.331 7.699 6.251 5.232 5.235
-999.250 -999.250 -999.250 -999.250 -999.250 -999.250 -999.250 19.307 27.315 22.795 25.609 20.654 25.674 24.168 40.440 51.120 51.823 53.135 41.033 32.757 33.914 35.113 46.222 47.097 55.926 42.788 38.471 42.162 47.957 37.145 31.795 40.979 36.159 27.096 30.394 34.825 22.963 18.045 20.489 16.953 14.581 11.099 15.144 16.407 12.013 12.666 14.551 16.590 13.614 9.180 8.837 7.765 11.435 10.689 9.436 9.039 9.881 11.578 11.432 10.755 12.509 9.804 9.206 5.179 3.083 3.175 3.232 2.578 4.091
-999.250 -999.250 -999.250 -999.250 -999.250 -999.250 -999.250 -999.250 23.067 18.638 22.235 19.593 26.475 35.206 47.702 53.912 42.845 38.067 37.553 29.114 41.268 47.535 45.404 53.628 52.316 55.738 62.129 63.264 60.630 40.057 33.329 38.739 34.257 33.496 31.222 29.455 32.646 26.444 23.717 13.251 9.873 11.596 15.565 13.959 12.630 13.189 12.640 12.614 11.922 9.754 10.876 7.784 10.847 8.383 11.710 11.998 11.052 9.462 9.480 11.715 11.178 9.980 7.262 4.441 1.768 0.000 0.000 1.187 2.891
-999.250 -999.250 -999.250 -999.250 -999.250 -999.250 -999.250 -999.250 22.163 27.074 16.334 28.065 23.071 28.784 48.801 71.668 41.475 33.559 31.546 41.935 37.661 46.557 51.487 53.677 63.013 51.262 76.551 91.665 67.802 60.419 51.074 46.705 42.749 50.944 42.940 41.481 52.499 36.610 25.529 17.185 8.620 14.166 11.692 11.149 13.030 15.311 14.504 12.429 10.296 8.946 8.902 10.611 9.211 11.512 13.316 15.810 9.827 12.026 8.934 7.552 7.494 7.097 7.524 5.009 0.000 0.000 0.000 0.000 1.340
-999.250 -999.250 -999.250 -999.250 -999.250 -999.250 -999.250 25.802 23.583 22.483 24.278 33.461 34.073 27.520 41.309 48.572 39.398 30.168 38.250 35.390 34.873 44.564 49.770 82.390 79.471 78.255 83.840 85.601 88.121 98.803 74.182 62.710 53.129 59.159 47.927 41.297 69.661 49.207 28.666 16.204 12.642 10.335 11.646 14.564 16.492 13.059 16.436 15.310 9.639 12.827 10.235 12.470 10.484 12.608 9.533 14.469 9.918 9.169 9.909 10.151 7.166 7.952 6.538 8.148 0.053 0.000 0.567 0.087 0.352
-999.250 -999.250 -999.250 -999.250 -999.250 -999.250 -999.250 31.968 27.119 27.532 25.530 31.279 24.873 31.525 41.128 45.575 44.399 49.025 46.549 34.740 29.255 43.411 75.945 66.870 76.763 71.276 66.652 84.435 95.142 96.660 108.966 91.177 58.697 54.044 50.502 37.614 42.685 31.710 28.768 23.082 18.052 12.869 15.886 16.722 17.960 14.680 15.118 18.116 13.714 14.080 13.784 11.380 10.058 10.379 8.816 9.060 10.790 8.664 7.844 8.116 8.637 6.629 3.996 2.700 0.062 0.000 0.000 2.757 0.000
-999.250 -999.250 -999.250 -999.250 -999.250 -999.250 -999.250 30.945 30.080 35.543 25.343 36.661 27.527 29.386 46.445 44.837 46.894 39.548 43.371 34.627 40.350 60.426 89.090 97.834 88.573 67.783 79.455 72.915 97.614 94.471 75.936 68.587 79.050 48.876 49.482 31.802 26.450 29.894 39.918 26.705 18.840 18.936 25.782 18.315 15.622 14.102 13.987 18.422 15.506 14.092 12.411 12.181 13.494 12.650 9.717 9.206 9.057 8.016 9.645 6.553 6.833 6.808 3.423 1.254 1.578 0.833 0.897 0.885 0.682
-999.250 -999.250 -999.250 -999.250 -999.250 -999.250 -999.250 35.825 34.594 38.700 28.468 29.846 29.879 30.288 31.139 42.562 56.228 44.302 52.269 63.812 81.590 90.106 119.627 106.845 79.971 88.294 97.676 101.234 100.058 85.700 54.704 43.898 36.171 47.485 53.423 41.609 31.512 29.848 28.137 30.491 21.699 20.062 23.495 25.169 19.837 20.145 16.811 13.798 22.012 16.067 15.428 11.577 10.760 11.158 8.305 9.514 11.202 7.565 7.292 5.310 5.311 3.468 4.889 1.824 4.204 1.046 1.824 2.044 0.000
-999.250 -999.250 -999.250 -999.250 -999.250 -999.250 30.012 36.539 50.974 29.297 29.635 22.815 27.150 29.118 29.147 38.454 40.200 43.027 47.029 72.197 86.243 115.228 110.541 126.546 112.217 110.388 124.613 117.370 124.050 77.567 40.916 46.135 39.752 44.397 49.042 40.067 40.594 37.652 30.002 27.226 31.083 23.492 24.166 24.535 24.803 21.767 20.105 18.245 17.976 14.066 14.669 12.046 14.586 12.212 12.042 8.624 6.622 7.374 7.933 7.200 3.901 4.262 3.534 5.018 0.547 3.194 1.143 0.215 1.361
-999.250 -999.250 -999.250 -999.250 -999.250 -999.250 47.699 43.097 46.592 46.219 28.223 17.515 21.229 27.734 31.384 35.292 42.772 57.590 65.866 83.586 90.869 107.760 133.089 110.132 125.315 153.823 202.274 226.752 171.228 103.679 55.523 36.531 38.327 44.533 45.552 47.330 50.705 34.863 25.191 29.977 30.473 32.165 22.648 19.063 18.869 27.722 18.210 19.725 23.506 19.156 14.261 12.945 9.013 8.588 9.350 9.306 7.923 4.753 5.956 5.048 4.049 4.198 0.052 0.582 0.000 0.000 0.000 0.000 1.436
-999.250 -999.250 -999.250 -999.250 -999.250 36.225 36.452 42.703 52.104 26.322 14.324 14.208 18.293 24.090 34.496 45.180 45.977 60.629 66.106 79.761 97.966 124.860 119.305 132.755 119.207 160.092 237.006 286.142 213.644 122.382 62.274 53.651 47.407 39.019 40.416 43.800 40.299 26.257 19.531 27.044 31.474 27.243 20.699 23.416 21.035 28.467 17.782 19.196 17.253 17.248 17.210 16.714 14.619 9.857 8.655 11.265 7.859 6.028 2.163 4.368 3.467 2.911 1.053 2.772 0.000 0.000 0.000 0.000 0.000
-999.250 -999.250 -999.250 -999.250 -999.250 30.487 39.551 42.013 45.533 22.921 16.559 14.007 17.153 25.730 43.687 45.737 62.328 58.263 72.545 87.724 95.344 107.130 111.178 111.538 133.354 153.814 195.166 231.276 213.180 153.741 91.282 72.431 52.051 50.451 48.809 44.940 60.136 36.433 28.434 21.127 28.411 34.215 30.534 31.918 25.756 24.124 26.307 17.972 17.477 13.359 13.213 15.857 16.669 9.375 10.382 9.605 9.217 4.431 4.596 3.875 0.551 0.391 1.028 2.287 0.970 0.000 0.000 0.000 0.000
-999.250 -999.250 -999.250 -999.250 26.072 32.339 42.592 38.616 29.166 28.892 17.353 19.735 26.564 34.394 59.529 58.532 65.796 87.020 67.039 85.851 106.902 118.569 94.763 115.269 118.033 132.733 139.654 154.230 134.273 119.729 92.698 61.363 61.326 57.006 53.222 45.013 37.973 44.336 34.041 28.505 25.517 22.410 33.792 29.433 21.670 25.378 20.102 18.247 12.710 19.517 15.204 14.231 11.739 10.643 10.329 8.916 8.344 5.084 4.299 1.780 0.201 2.424 0.348 0.136 0.000 0.000 0.000 0.000 0.000
-999.250 -999.250 -999.250 -999.250 33.148 33.892 38.093 33.805 35.060 29.264 24.919 26.251 32.196 52.403 63.055 77.512 68.857 61.575 65.206 74.993 87.152 126.500 140.743 125.160 116.463 116.780 116.419 125.297 97.629 101.962 105.742 77.903 63.646 68.016 48.521 49.697 48.253 40.307 40.122 27.204 26.630 22.511 30.011 25.900 21.223 20.720 19.117 16.887 16.239 19.294 14.208 13.499 15.918 12.097 7.160 7.919 8.134 6.707 5.815 2.253 0.041 1.324 0.130 0.000 0.000 0.000 0.000 0.000 0.000
-999.250 -999.250 -999.250 -999.250 37.834 39.903 38.133 29.139 28.822 32.700 31.683 29.360 42.896 47.939 71.808 72.555 49.467 42.341 51.491 63.000 86.670 122.381 133.429 132.464 119.035 111.402 104.763 101.057 100.929 106.048 111.618 81.938 84.554 60.612 40.753 28.944 29.977 33.423 30.681 29.094 24.535 24.867 28.622 26.064 22.317 25.821 26.195 21.508 17.338 18.669 16.563 14.562 15.331 8.861 6.252 7.715 6.618 5.845 3.630 0.000 0.887 0.214 0.998 0.000 0.000 0.587 0.358 0.000 0.000
-999.250 -999.250 -999.250 -999.250 36.228 44.820 49.661 31.502 30.574 36.342 27.657 29.970 41.137 42.170 51.398 35.720 37.823 40.704 54.778 44.160 69.471 114.053 131.379 119.926 114.516 117.551 105.828 96.240 91.890 96.743 89.862 63.883 62.936 68.354 29.470 23.480 17.810 22.881 30.326 23.989 25.616 24.261 29.474 28.386 25.975 27.819 24.396 23.322 23.086 19.937 16.684 17.416 10.449 8.255 6.576 5.834 5.475 6.462 3.972 1.781 0.000 0.000 0.702 0.731 0.000 0.000 0.000 0.000 0.000
-999.250 -999.250 -999.250 -999.250 31.923 34.991 40.559 37.857 37.043 35.889 28.964 38.579 36.567 31.176 45.886 40.842 46.944 33.437 28.896 31.715 52.450 96.124 125.750 134.706 131.779 102.009 122.826 103.454 84.123 69.371 85.888 70.886 47.779 35.302 26.383 20.018 19.146 23.181 22.847 22.750 21.443 18.625 27.259 32.202 26.642 27.578 30.377 28.815 22.290 17.683 20.800 16.602 12.326 9.928 6.488 9.235 5.062 6.068 5.622 0.804 0.210 0.406 0.000 0.000 0.000 0.000 0.000 0.000 0.000
-999.250 -999.250 -999.250 -999.250 36.652 38.445 38.607 37.336 36.565 49.843 42.742 41.038 36.966 32.372 32.688 36.905 38.553 22.935 16.996 19.465 33.757 65.306 98.848 118.458 107.380 103.471 93.678 98.022 84.572 71.191 57.553 62.802 51.531 40.748 29.278 35.030 27.690 25.642 23.774 22.969 19.142 27.721 21.024 20.631 29.095 27.526 32.079 22.600 20.033 20.745 26.769 19.720 14.440 9.849 9.167 6.624 6.034 4.093 2.972 3.310 0.857 0.363 0.000 0.000 0.000 0.000 0.000 0.000 0.000
-999.250 -999.250 -999.250 -999.250 47.364 48.927 38.254 45.659 37.005 45.977 36.099 49.500 35.374 39.314 42.706 37.663 39.570 26.983 21.432 27.555 60.182 63.879 86.370 121.996 97.835 101.304 98.220 85.623 82.483 66.320 65.677 55.351 42.691 31.331 42.300 25.151 27.466 27.082 27.275 27.313 25.673 23.760 22.439 18.283 29.040 24.561 26.970 27.827 21.823 21.071 18.621 13.599 14.224 9.482 7.864 7.085 3.505 0.555 1.860 1.974 2.925 0.000 1.334 0.000 0.000 0.000 0.000 0.000 0.000
-999.250 -999.250 -999.250 -999.250 68.102 67.059 38.986 45.982 35.330 33.660 53.395 55.111 54.918 30.324 39.896 38.564 40.168 37.837 39.195 42.222 72.470 85.882 100.118 94.881 104.590 95.527 100.154 103.986 79.798 72.261 55.370 45.726 44.828 27.657 34.605 33.001 21.252 26.279 26.516 24.500 20.199 26.453 26.640 40.066 32.222 26.489 23.871 25.421 20.280 17.689 16.969 15.000 9.773 9.124 9.521 8.704 2.716 0.000 0.000 0.816 2.812 1.209 0.761 0.000 0.220 0.000 0.000 0.000 0.000
-999.250 -999.250 -999.250 -999.250 68.396 63.095 51.289 36.092 37.358 38.612 65.161 62.808 65.948 43.103 44.697 50.267 68.705 71.395 57.374 78.624 87.241 99.106 97.037 102.731 97.224 93.789 90.957 102.128 81.067 61.047 49.164 45.353 46.334 37.970 41.445 36.938 30.419 24.347 24.687 26.384 18.199 27.288 29.423 31.887 34.069 25.515 27.582 17.541 15.462 16.016 22.119 14.438 12.105 10.439 9.811 8.305 1.731 0.000 0.000 3.307 2.706 1.322 1.149 0.000 0.000 0.000 0.000 0.000 0.000
-999.250 -999.250 -999.250 -999.250 77.910 67.903 47.363 38.345 56.457 61.171 87.025 99.969 60.947 62.872 65.513 91.328 84.184 70.618 106.368 115.464 94.456 98.439 97.726 91.167 81.481 66.408 89.682 77.198 80.866 64.800 75.499 49.039 48.928 40.850 45.579 31.384 28.702 27.213 28.995 24.561 19.334 25.179 28.463 29.146 27.036 25.126 29.080 19.302 22.851 14.663 15.760 22.185 14.930 15.537 9.501 8.888 3.184 3.733 3.843 1.855 3.383 0.783 0.000 0.000 0.000 0.000 0.000 0.000 0.000
-999.250 -999.250 -999.250 95.206 96.390 80.756 59.579 59.755 68.146 93.918 89.668 82.401 96.397 83.377 83.864 95.253 88.474 122.084 133.993 119.335 131.026 105.782 97.906 88.233 90.170 64.678 59.861 47.769 56.939 52.058 54.010 54.023 44.369 44.576 38.727 30.873 27.558 21.576 21.509 18.501 25.736 26.469 28.014 21.269 21.200 24.334 25.744 23.883 23.788 21.397 17.382 14.782 16.401 9.950 9.954 8.174 4.580 5.489 2.468 3.755 2.037 3.474 0.106 0.000 2.173 0.000 0.000 0.000 0.000
