data/medianmodel_29-Apr-2020.asc
ncols	141
nrows	288
xllcorner	-120191.398
yllcorner	-301404.813
cellsize	2000.000
NODATA_value	-999.250
[rows 210 to 239 of 288, columns 0 to 67 of 141]
-999.250 -999.250 -999.250 -999.250 -999.250 -999.250 -999.250 -999.250 -999.250 -999.250 -999.250 -999.250 -999.250 -999.250 -999.250 -999.250 -999.250 -999.250 -999.250 -999.250 -999.250 -999.250 -999.250 -999.250 -999.250 -999.250 -999.250 -999.250 -999.250 -999.250 -999.250 11.947 11.000 12.182 11.022 9.369 9.756 8.398 7.449 5.863 5.568 3.207 0.000 3.795 6.535 7.872 9.911 8.185 12.756 11.963 11.405 12.713 12.255 12.055 10.088 9.671 8.291 9.814 11.020 7.647 6.919 6.095 6.801 4.809 3.315 3.167 5.317 8.532
-999.250 -999.250 -999.250 -999.250 -999.250 -999.250 -999.250 -999.250 -999.250 -999.250 -999.250 -999.250 -999.250 -999.250 -999.250 -999.250 -999.250 -999.250 -999.250 -999.250 -999.250 -999.250 -999.250 -999.250 -999.250 -999.250 -999.250 -999.250 -999.250 -999.250 -999.250 8.886 10.313 12.572 11.186 11.594 9.673 8.663 6.097 6.138 4.179 2.497 2.365 4.524 8.208 7.301 8.184 10.907 13.262 9.267 11.845 10.612 12.189 11.786 7.382 7.905 7.627 8.515 10.795 9.090 8.033 6.428 5.165 4.113 2.246 0.000 4.897 8.137
-999.250 -999.250 -999.250 -999.250 -999.250 -999.250 -999.250 -999.250 -999.250 -999.250 -999.250 -999.250 -999.250 -999.250 -999.250 -999.250 -999.250 -999.250 -999.250 -999.250 -999.250 -999.250 -999.250 -999.250 -999.250 -999.250 -999.250 -999.250 -999.250 -999.250 -999.250 8.201 10.165 10.003 8.477 9.212 9.315 7.702 8.386 6.938 4.457 4.683 4.285 5.461 7.209 9.083 11.533 11.885 10.074 13.071 10.432 9.998 11.726 11.643 7.720 9.305 7.859 6.800 7.403 8.032 8.244 6.688 4.589 4.827 3.522 3.607 5.807 10.452
-999.250 -999.250 -999.250 -999.250 -999.250 -999.250 -999.250 -999.250 -999.250 -999.250 -999.250 -999.250 -999.250 -999.250 -999.250 -999.250 -999.250 -999.250 -999.250 -999.250 -999.250 -999.250 -999.250 -999.250 -999.250 -999.250 -999.250 -999.250 -999.250 -999.250 -999.250 8.536 10.834 10.197 9.264 10.145 8.614 7.732 7.446 7.324 6.207 6.322 3.450 6.745 9.161 10.679 13.551 10.868 11.528 10.229 11.262 12.734 12.352 9.359 11.018 10.706 8.535 8.060 6.922 8.315 7.612 5.005 4.709 5.196 5.197 6.697 9.030 9.680
-999.250 -999.250 -999.250 -999.250 -999.250 -999.250 -999.250 -999.250 -999.250 -999.250 -999.250 -999.250 -999.250 -999.250 -999.250 -999.250 -999.250 -999.250 -999.250 -999.250 -999.250 -999.250 -999.250 -999.250 -999.250 -999.250 -999.250 -999.250 -999.250 -999.250 -999.250 9.379 12.736 10.292 11.002 8.829 9.038 6.749 7.390 6.210 4.670 4.839 5.265 5.780 8.758 10.397 8.512 11.529 11.945 11.588 13.703 12.810 13.385 12.339 8.955 9.708 6.893 6.365 7.743 7.008 6.945 6.332 3.745 4.361 4.908 5.177 7.779 13.063
-999.250 -999.250 -999.250 -999.250 -999.250 -999.250 -999.250 -999.250 -999.250 -999.250 -999.250 -999.250 -999.250 -999.250 -999.250 -999.250 -999.250 -999.250 -999.250 -999.250 -999.250 -999.250 -999.250 -999.250 -999.250 -999.250 -999.250 -999.250 -999.250 -999.250 -999.250 7.428 9.222 9.597 8.803 9.129 6.181 6.452 6.222 5.612 5.012 5.548 5.859 6.822 8.480 10.156 7.866 10.146 10.580 12.662 10.738 13.659 12.600 12.159 9.980 7.300 8.190 7.882 7.663 5.253 5.659 5.004 4.946 5.764 4.231 5.597 7.563 9.753
-999.250 -999.250 -999.250 -999.250 -999.250 -999.250 -999.250 -999.250 -999.250 -999.250 -999.250 -999.250 -999.250 -999.250 -999.250 -999.250 -999.250 -999.250 -999.250 -999.250 -999.250 -999.250 -999.250 -999.250 -999.250 -999.250 -999.250 -999.250 -999.250 -999.250 -999.250 6.950 5.678 6.606 6.734 6.864 5.924 5.330 4.970 3.663 5.528 5.547 5.860 5.620 7.530 7.805 7.491 8.669 8.727 10.726 10.002 13.001 9.986 11.222 10.624 10.231 10.191 8.034 9.633 8.493 6.248 5.684 4.638 4.532 3.143 3.344 7.102 10.669
-999.250 -999.250 -999.250 -999.250 -999.250 -999.250 -999.250 -999.250 -999.250 -999.250 -999.250 -999.250 -999.250 -999.250 -999.250 -999.250 -999.250 -999.250 -999.250 -999.250 -999.250 -999.250 -999.250 -999.250 -999.250 -999.250 -999.250 -999.250 -999.250 -999.250 -999.250 7.953 6.134 8.410 6.526 7.410 5.804 4.715 6.157 5.665 5.772 6.116 5.566 6.780 6.805 8.406 8.942 8.598 10.540 7.077 10.460 10.956 11.063 10.314 10.864 9.863 9.401 7.444 9.089 9.332 6.045 7.443 3.750 4.186 1.416 0.000 6.589 11.584
-999.250 -999.250 -999.250 -999.250 -999.250 -999.250 -999.250 -999.250 -999.250 -999.250 -999.250 -999.250 -999.250 -999.250 -999.250 -999.250 -999.250 -999.250 -999.250 -999.250 -999.250 -999.250 -999.250 -999.250 -999.250 -999.250 -999.250 -999.250 -999.250 -999.250 -999.250 8.109 7.724 7.810 5.266 7.940 7.359 6.604 7.050 5.402 4.849 2.424 5.138 7.616 8.183 8.531 7.180 11.097 10.705 8.662 8.536 10.309 9.896 12.247 10.324 9.880 9.846 9.454 7.477 9.203 6.544 8.547 6.415 6.064 5.626 5.505 7.471 11.416
-999.250 -999.250 -999.250 -999.250 -999.250 -999.250 -999.250 -999.250 -999.250 -999.250 -999.250 -999.250 -999.250 -999.250 -999.250 -999.250 -999.250 -999.250 -999.250 -999.250 -999.250 -999.250 -999.250 -999.250 -999.250 -999.250 -999.250 -999.250 -999.250 -999.250 -999.250 7.896 7.858 7.059 6.500 9.363 7.779 5.693 5.464 5.184 3.051 0.000 3.009 8.529 7.733 7.948 11.014 10.384 11.054 9.681 9.323 10.456 9.805 10.748 8.654 9.934 11.061 10.639 10.030 6.641 9.238 7.070 9.416 6.380 4.654 8.980 12.612 12.561
-999.250 -999.250 -999.250 -999.250 -999.250 -999.250 -999.250 -999.250 -999.250 -999.250 -999.250 -999.250 -999.250 -999.250 -999.250 -999.250 -999.250 -999.250 -999.250 -999.250 -999.250 -999.250 -999.250 -999.250 -999.250 -999.250 -999.250 -999.250 -999.250 -999.250 -999.250 6.261 8.722 7.538 5.864 7.191 6.221 5.927 6.766 4.784 3.000 3.156 4.475 6.565 7.030 10.100 8.443 11.984 11.285 10.236 11.601 9.609 11.254 10.599 8.089 8.943 8.928 8.645 7.885 7.811 8.346 10.701 10.733 8.854 10.462 10.444 12.280 15.925
-999.250 -999.250 -999.250 -999.250 -999.250 -999.250 -999.250 -999.250 -999.250 -999.250 -999.250 -999.250 -999.250 -999.250 -999.250 -999.250 -999.250 -999.250 -999.250 -999.250 -999.250 -999.250 -999.250 -999.250 -999.250 -999.250 -999.250 -999.250 -999.250 -999.250 -999.250 5.409 7.577 7.683 5.852 8.500 7.021 7.051 6.558 6.511 4.859 5.085 7.395 6.829 8.485 10.545 9.494 11.050 10.764 9.064 10.861 12.692 8.910 8.832 9.015 8.069 9.371 9.286 8.416 8.317 10.421 8.017 11.309 11.345 8.822 12.205 11.160 11.418
-999.250 -999.250 -999.250 -999.250 -999.250 -999.250 -999.250 -999.250 -999.250 -999.250 -999.250 -999.250 -999.250 -999.250 -999.250 -999.250 -999.250 -999.250 -999.250 -999.250 -999.250 -999.250 -999.250 -999.250 -999.250 -999.250 -999.250 -999.250 -999.250 -999.250 -999.250 5.819 5.645 7.178 7.779 8.283 8.673 8.749 6.474 7.284 6.901 6.159 8.420 8.616 9.008 9.813 9.121 10.791 13.263 10.705 11.721 9.243 9.503 7.632 8.517 7.102 9.918 9.711 7.953 9.328 8.833 11.038 10.236 9.418 8.822 11.218 12.004 15.003
-999.250 -999.250 -999.250 -999.250 -999.250 -999.250 -999.250 -999.250 -999.250 -999.250 -999.250 -999.250 -999.250 -999.250 -999.250 -999.250 -999.250 -999.250 -999.250 -999.250 -999.250 -999.250 -999.250 -999.250 -999.250 -999.250 -999.250 -999.250 -999.250 -999.250 5.600 5.109 6.547 6.668 7.212 8.526 8.189 7.693 7.781 8.705 7.799 9.517 8.851 10.349 9.008 13.600 11.917 13.479 12.126 9.620 9.554 8.447 8.108 7.989 9.421 7.527 8.302 9.140 9.157 8.387 9.355 7.805 9.232 10.809 8.831 11.833 11.758 11.664
-999.250 -999.250 -999.250 -999.250 -999.250 -999.250 -999.250 -999.250 -999.250 -999.250 -999.250 -999.250 -999.250 -999.250 -999.250 -999.250 -999.250 -999.250 -999.250 -999.250 -999.250 -999.250 -999.250 -999.250 -999.250 -999.250 -999.250 -999.250 -999.250 -999.250 5.736 6.041 5.482 8.104 6.625 8.962 8.755 9.746 11.511 12.065 11.745 10.052 12.123 10.215 13.108 15.929 13.383 14.738 14.353 12.075 8.473 8.131 6.887 7.813 9.689 7.718 7.872 7.100 9.763 9.518 6.776 7.537 8.697 9.948 11.287 12.391 10.422 10.551
-999.250 -999.250 -999.250 -999.250 -999.250 -999.250 -999.250 -999.250 -999.250 -999.250 -999.250 -999.250 -999.250 -999.250 -999.250 -999.250 -999.250 -999.250 -999.250 -999.250 -999.250 -999.250 -999.250 -999.250 -999.250 -999.250 -999.250 -999.250 -999.250 -999.250 6.112 6.210 6.408 7.338 9.126 7.446 9.888 10.365 9.421 12.838 11.065 11.396 12.294 11.255 12.607 10.682 13.997 14.248 13.444 10.595 9.518 10.952 7.360 6.851 7.384 7.587 6.293 7.907 6.942 9.134 7.978 7.568 7.082 10.818 11.528 12.367 10.597 10.385
-999.250 -999.250 -999.250 -999.250 -999.250 -999.250 -999.250 -999.250 -999.250 -999.250 -999.250 -999.250 -999.250 -999.250 -999.250 -999.250 -999.250 -999.250 -999.250 -999.250 -999.250 -999.250 -999.250 -999.250 -999.250 -999.250 -999.250 -999.250 -999.250 -999.250 6.299 6.734 5.623 8.005 8.714 10.267 12.083 12.687 11.946 13.363 11.672 10.283 9.404 12.745 13.403 12.212 13.005 12.510 12.866 11.355 9.191 10.442 9.432 6.321 7.934 8.580 5.542 3.696 4.984 6.518 8.144 9.657 9.028 9.877 10.396 10.753 10.552 12.535
-999.250 -999.250 -999.250 -999.250 -999.250 -999.250 -999.250 -999.250 -999.250 -999.250 -999.250 -999.250 -999.250 -999.250 -999.250 -999.250 -999.250 -999.250 -999.250 -999.250 -999.250 -999.250 -999.250 -999.250 -999.250 -999.250 -999.250 -999.250 -999.250 6.132 5.502 5.976 5.348 6.645 7.283 9.321 9.203 11.623 9.796 10.837 10.308 12.637 12.961 12.792 15.175 13.529 12.892 11.670 10.976 9.321 9.587 11.325 8.097 7.815 7.702 4.014 3.960 0.000 3.612 5.631 9.717 10.230 9.428 8.136 11.380 9.837 8.874 9.876
-999.250 -999.250 -999.250 -999.250 -999.250 -999.250 -999.250 -999.250 -999.250 -999.250 -999.250 -999.250 -999.250 -999.250 -999.250 -999.250 -999.250 -999.250 -999.250 -999.250 -999.250 -999.250 -999.250 -999.250 -999.250 -999.250 -999.250 -999.250 -999.250 4.268 4.987 5.193 5.853 6.348 7.003 9.348 7.976 9.299 9.805 9.485 11.697 11.691 12.719 13.718 14.429 13.042 12.176 11.803 11.996 8.207 9.306 8.742 8.450 7.650 8.393 5.701 4.972 4.419 5.828 7.552 8.683 10.372 9.691 9.680 9.325 8.361 8.125 8.283
-999.250 -999.250 -999.250 -999.250 -999.250 -999.250 -999.250 -999.250 -999.250 -999.250 -999.250 -999.250 -999.250 -999.250 -999.250 -999.250 -999.250 -999.250 -999.250 -999.250 -999.250 -999.250 -999.250 -999.250 -999.250 -999.250 -999.250 -999.250 3.989 5.648 6.575 6.141 6.469 7.058 8.030 7.515 6.947 7.888 12.099 13.533 12.907 11.078 11.374 15.131 16.666 16.684 14.496 13.673 11.484 9.955 7.794 7.639 6.915 7.158 7.490 8.194 5.845 4.521 5.843 6.992 7.490 9.768 8.503 6.980 8.762 8.856 10.473 9.861
-999.250 -999.250 -999.250 -999.250 -999.250 -999.250 -999.250 -999.250 -999.250 -999.250 -999.250 -999.250 -999.250 -999.250 -999.250 -999.250 -999.250 -999.250 -999.250 -999.250 -999.250 -999.250 -999.250 -999.250 -999.250 -999.250 -999.250 -999.250 3.847 4.565 5.822 4.532 6.098 5.814 5.983 7.061 7.897 7.972 13.811 16.164 13.497 12.726 13.819 17.036 13.933 19.628 16.226 14.567 12.656 9.801 10.803 9.931 11.998 7.948 6.921 5.878 6.144 5.684 5.666 6.345 6.926 7.218 10.355 7.978 9.410 9.857 9.412 9.879
-999.250 -999.250 -999.250 -999.250 -999.250 -999.250 -999.250 -999.250 -999.250 -999.250 -999.250 -999.250 -999.250 -999.250 -999.250 -999.250 -999.250 -999.250 -999.250 -999.250 -999.250 -999.250 -999.250 -999.250 -999.250 -999.250 -999.250 2.239 4.254 4.215 4.193 1.226 4.968 5.696 7.031 6.478 8.910 15.011 16.602 16.383 15.574 12.333 16.727 17.006 17.893 16.358 18.336 16.820 15.852 11.864 12.644 11.165 11.473 9.403 7.894 7.598 7.035 6.982 7.102 5.582 6.695 6.543 8.355 7.274 10.594 9.959 8.609 9.550
-999.250 -999.250 -999.250 -999.250 -999.250 -999.250 -999.250 -999.250 -999.250 -999.250 -999.250 -999.250 -999.250 -999.250 -999.250 -999.250 -999.250 -999.250 -999.250 -999.250 -999.250 -999.250 -999.250 -999.250 -999.250 -999.250 -999.250 4.061 4.887 3.010 0.268 0.000 4.151 6.396 7.684 9.364 10.168 12.956 14.869 17.920 16.022 15.582 15.022 16.112 18.222 18.226 16.716 15.283 17.085 13.981 14.130 14.299 16.061 11.840 7.889 7.438 8.084 6.442 7.241 6.170 5.598 5.996 6.243 9.686 10.525 9.606 9.504 10.117
-999.250 -999.250 -999.250 -999.250 -999.250 -999.250 -999.250 -999.250 -999.250 -999.250 -999.250 -999.250 -999.250 -999.250 -999.250 -999.250 -999.250 -999.250 -999.250 -999.250 -999.250 -999.250 -999.250 -999.250 -999.250 -999.250 -999.250 -999.250 1.653 2.915 2.507 1.101 4.194 5.698 9.808 9.998 12.368 13.922 13.693 16.480 17.076 15.926 18.937 20.171 19.338 16.195 16.280 13.603 14.607 14.616 14.857 15.644 13.899 11.866 9.407 6.488 8.038 7.683 5.867 5.979 4.307 7.811 7.632 8.713 10.474 8.450 9.737 11.197
-999.250 -999.250 -999.250 -999.250 -999.250 -999.250 -999.250 -999.250 -999.250 -999.250 -999.250 -999.250 -999.250 -999.250 -999.250 -999.250 -999.250 -999.250 -999.250 -999.250 -999.250 -999.250 -999.250 -999.250 -999.250 -999.250 -999.250 -999.250 -999.250 -999.250 3.211 4.521 6.428 5.762 8.305 9.243 11.988 12.920 14.459 17.892 15.549 14.938 17.368 18.235 18.115 16.379 14.953 14.588 14.944 12.638 12.773 13.134 11.677 11.707 11.985 9.373 6.592 6.459 6.579 6.880 6.580 6.429 6.308 7.080 9.589 8.189 10.532 10.468
-999.250 -999.250 -999.250 -999.250 -999.250 -999.250 -999.250 -999.250 -999.250 -999.250 -999.250 -999.250 -999.250 -999.250 -999.250 -999.250 -999.250 -999.250 -999.250 -999.250 -999.250 -999.250 -999.250 -999.250 -999.250 -999.250 -999.250 -999.250 -999.250 -999.250 5.708 4.854 5.566 7.961 8.356 10.558 11.019 13.374 14.800 14.614 14.968 17.002 16.819 16.663 18.356 18.797 15.211 14.287 13.333 13.159 12.821 11.233 10.106 11.072 10.379 11.606 7.555 7.604 5.671 4.548 4.454 7.221 4.280 7.365 7.546 9.317 7.239 7.180
-999.250 -999.250 -999.250 -999.250 -999.250 -999.250 -999.250 -999.250 -999.250 -999.250 -999.250 -999.250 -999.250 -999.250 -999.250 -999.250 -999.250 -999.250 -999.250 -999.250 -999.250 -999.250 -999.250 -999.250 -999.250 -999.250 -999.250 -999.250 -999.250 -999.250 4.986 6.064 5.570 7.580 8.494 12.676 12.664 11.035 15.163 13.747 15.708 14.991 17.638 17.265 14.421 15.283 15.607 15.606 16.199 15.594 11.833 11.462 10.097 9.609 9.655 10.496 8.783 5.641 3.553 0.000 3.309 5.324 5.825 5.475 7.361 6.860 8.646 7.191
-999.250 -999.250 -999.250 -999.250 -999.250 -999.250 -999.250 -999.250 -999.250 -999.250 -999.250 -999.250 -999.250 -999.250 -999.250 -999.250 -999.250 -999.250 -999.250 -999.250 -999.250 -999.250 -999.250 -999.250 -999.250 -999.250 -999.250 -999.250 -999.250 -999.250 -999.250 5.773 8.829 8.248 11.168 13.797 12.273 13.629 14.374 15.118 14.249 16.314 16.095 17.161 16.547 15.996 15.887 19.124 17.860 16.363 12.583 11.224 11.512 9.734 8.592 9.538 8.039 5.957 4.523 2.962 4.950 7.133 4.818 5.979 6.217 8.320 7.204 6.284
-999.250 -999.250 -999.250 -999.250 -999.250 -999.250 -999.250 -999.250 -999.250 -999.250 -999.250 -999.250 -999.250 -999.250 -999.250 -999.250 -999.250 -999.250 -999.250 -999.250 -999.250 -999.250 -999.250 -999.250 -999.250 -999.250 -999.250 -999.250 -999.250 -999.250 7.924 5.841 7.917 10.653 10.236 13.391 14.789 13.900 12.812 13.732 14.327 14.141 14.825 15.480 17.680 18.178 16.085 19.614 16.209 15.164 15.463 15.754 13.139 11.896 10.567 9.687 8.407 8.663 6.417 5.382 5.105 6.125 6.072 5.511 6.010 6.454 7.512 8.205
-999.250 -999.250 -999.250 -999.250 -999.250 -999.250 -999.250 -999.250 -999.250 -999.250 -999.250 -999.250 -999.250 -999.250 -999.250 -999.250 -999.250 -999.250 -999.250 -999.250 -999.250 -999.250 -999.250 -999.250 -999.250 -999.250 -999.250 -999.250 -999.250 -999.250 -999.250 9.724 11.139 10.808 10.918 14.895 14.965 11.486 12.972 13.036 15.248 17.694 19.356 15.166 17.239 15.824 15.240 15.773 15.944 15.886 16.463 18.121 12.802 10.174 12.599 8.841 9.789 10.474 6.635 7.523 6.880 6.817 5.462 6.533 5.017 4.748 7.303 6.515
