data/medianmodel_07-May-2020.asc
ncols	141
nrows	288
xllcorner	-120191.398
yllcorner	-301404.813
cellsize	2000.000
NODATA_value	-999.250
[rows 155 to 185 of 288, columns 69 to 137 of 141]
4.740 3.484 5.887 5.797 4.238 4.526 6.417 5.121 6.501 6.639 5.471 4.396 5.440 5.349 3.952 0.928 1.299 3.285 1.485 0.054 0.000 0.320 0.000 0.124 0.000 0.829 -999.250 -999.250 -999.250 -999.250 -999.250 -999.250 -999.250 -999.250 -999.250 -999.250 -999.250 -999.250 -999.250 -999.250 -999.250 -999.250 -999.250 -999.250 -999.250 -999.250 -999.250 -999.250 -999.250 -999.250 -999.250 -999.250 -999.250 -999.250 -999.250 -999.250 -999.250 -999.250 -999.250 -999.250 -999.250 -999.250 -999.250 -999.250 -999.250 -999.250 -999.250 -999.250 -999.250
5.298 5.130 5.445 4.495 5.145 2.861 3.576 5.639 6.431 6.791 2.327 2.750 2.090 1.692 0.737 0.013 0.051 1.860 2.719 1.569 0.000 0.000 1.570 0.433 0.293 2.687 0.092 -999.250 -999.250 -999.250 -999.250 -999.250 -999.250 -999.250 -999.250 -999.250 -999.250 -999.250 -999.250 -999.250 -999.250 -999.250 -999.250 -999.250 -999.250 -999.250 -999.250 -999.250 -999.250 -999.250 -999.250 -999.250 -999.250 -999.250 -999.250 -999.250 -999.250 -999.250 -999.250 -999.250 -999.250 -999.250 -999.250 -999.250 -999.250 -999.250 -999.250 -999.250 -999.250
3.345 3.886 4.901 4.652 4.003 4.276 5.120 7.056 6.135 4.071 2.940 2.509 1.449 1.715 0.000 1.330 2.796 2.125 1.346 0.000 0.000 0.000 0.000 2.583 2.275 2.394 1.427 0.000 -999.250 -999.250 -999.250 -999.250 -999.250 -999.250 -999.250 -999.250 -999.250 -999.250 -999.250 -999.250 -999.250 -999.250 -999.250 -999.250 -999.250 -999.250 -999.250 -999.250 -999.250 -999.250 -999.250 -999.250 -999.250 -999.250 -999.250 -999.250 -999.250 -999.250 -999.250 -999.250 -999.250 -999.250 -999.250 -999.250 -999.250 -999.250 -999.250 -999.250 -999.250
4.591 3.894 3.077 3.408 4.395 5.470 4.131 4.627 5.564 5.897 4.553 2.853 3.295 0.000 0.000 0.000 0.739 2.337 3.082 1.987 0.000 0.000 0.918 2.070 3.118 3.151 2.618 1.195 0.000 -999.250 -999.250 -999.250 -999.250 -999.250 -999.250 -999.250 -999.250 -999.250 -999.250 -999.250 -999.250 -999.250 -999.250 -999.250 -999.250 -999.250 -999.250 -999.250 -999.250 -999.250 -999.250 -999.250 -999.250 -999.250 -999.250 -999.250 -999.250 -999.250 -999.250 -999.250 -999.250 -999.250 -999.250 -999.250 -999.250 -999.250 -999.250 -999.250 -999.250
5.161 6.610 3.179 3.742 6.866 7.505 6.788 6.404 4.950 4.649 4.928 3.086 1.687 0.185 0.000 0.000 0.371 0.000 3.503 1.928 0.000 0.123 0.844 2.708 3.533 3.038 3.601 3.330 1.985 -999.250 -999.250 -999.250 -999.250 -999.250 -999.250 -999.250 -999.250 -999.250 -999.250 -999.250 -999.250 -999.250 -999.250 -999.250 -999.250 -999.250 -999.250 -999.250 -999.250 -999.250 -999.250 -999.250 -999.250 -999.250 -999.250 -999.250 -999.250 -999.250 -999.250 -999.250 -999.250 -999.250 -999.250 -999.250 -999.250 -999.250 -999.250 -999.250 -999.250
4.357 5.082 4.624 3.776 6.271 8.201 5.872 4.514 5.276 5.727 6.188 4.653 1.803 0.000 0.000 1.985 1.006 0.000 2.318 2.207 1.825 1.847 3.143 5.872 3.685 4.881 2.306 3.824 1.635 -999.250 -999.250 -999.250 -999.250 -999.250 -999.250 -999.250 -999.250 -999.250 -999.250 -999.250 -999.250 -999.250 -999.250 -999.250 -999.250 -999.250 -999.250 -999.250 -999.250 -999.250 -999.250 -999.250 -999.250 -999.250 -999.250 -999.250 -999.250 -999.250 -999.250 -999.250 -999.250 -999.250 -999.250 -999.250 -999.250 -999.250 -999.250 -999.250 -999.250
3.725 1.474 4.530 4.960 5.040 6.671 4.474 5.163 3.195 5.751 3.864 5.594 1.478 0.557 1.801 2.528 2.597 2.196 2.396 2.796 2.758 3.347 4.805 6.507 4.588 3.169 4.317 4.238 0.984 -999.250 -999.250 -999.250 -999.250 -999.250 -999.250 -999.250 -999.250 -999.250 -999.250 -999.250 -999.250 -999.250 -999.250 -999.250 -999.250 -999.250 -999.250 -999.250 -999.250 -999.250 -999.250 -999.250 -999.250 -999.250 -999.250 -999.250 -999.250 -999.250 -999.250 -999.250 -999.250 -999.250 -999.250 -999.250 -999.250 -999.250 -999.250 -999.250 -999.250
3.951 0.841 4.491 2.573 4.136 4.281 5.205 5.786 4.187 6.244 4.585 1.600 0.953 0.221 1.316 0.782 2.247 2.588 3.396 5.134 5.088 5.828 6.373 4.428 4.556 6.092 6.708 2.257 3.698 -999.250 -999.250 -999.250 -999.250 -999.250 -999.250 -999.250 -999.250 -999.250 -999.250 -999.250 -999.250 -999.250 -999.250 -999.250 -999.250 -999.250 -999.250 -999.250 -999.250 -999.250 -999.250 -999.250 -999.250 -999.250 -999.250 -999.250 -999.250 -999.250 -999.250 -999.250 -999.250 -999.250 -999.250 -999.250 -999.250 -999.250 -999.250 -999.250 -999.250
5.837 5.054 3.730 4.764 4.887 5.011 5.758 4.780 3.355 3.303 3.521 1.052 0.000 0.000 0.000 2.646 2.062 1.703 2.481 2.973 2.401 4.792 2.694 4.869 7.944 6.503 5.731 4.443 0.613 0.000 -999.250 -999.250 -999.250 -999.250 -999.250 -999.250 -999.250 -999.250 -999.250 -999.250 -999.250 -999.250 -999.250 -999.250 -999.250 -999.250 -999.250 -999.250 -999.250 -999.250 -999.250 -999.250 -999.250 -999.250 -999.250 -999.250 -999.250 -999.250 -999.250 -999.250 -999.250 -999.250 -999.250 -999.250 -999.250 -999.250 -999.250 -999.250 -999.250
6.323 6.947 6.399 5.791 4.207 2.255 3.791 5.196 5.313 5.523 4.212 2.667 0.186 0.852 2.077 2.895 3.188 3.964 5.012 4.859 3.539 3.946 6.088 7.481 8.149 5.689 6.043 1.896 2.012 0.000 0.000 -999.250 -999.250 -999.250 -999.250 -999.250 -999.250 -999.250 -999.250 -999.250 -999.250 -999.250 -999.250 -999.250 -999.250 -999.250 -999.250 -999.250 -999.250 -999.250 -999.250 -999.250 -999.250 -999.250 -999.250 -999.250 -999.250 -999.250 -999.250 -999.250 -999.250 -999.250 -999.250 -999.250 -999.250 -999.250 -999.250 -999.250 -999.250
5.470 6.528 7.900 4.000 4.896 3.733 1.578 2.366 4.075 6.115 2.845 2.896 4.247 1.822 2.708 2.720 4.391 5.234 6.135 8.272 6.009 7.764 6.354 7.217 5.609 5.632 6.447 2.151 0.764 0.000 0.000 0.000 0.000 0.000 -999.250 -999.250 -999.250 -999.250 -999.250 -999.250 -999.250 -999.250 -999.250 -999.250 -999.250 -999.250 -999.250 -999.250 -999.250 -999.250 -999.250 -999.250 -999.250 -999.250 -999.250 -999.250 -999.250 -999.250 -999.250 -999.250 -999.250 -999.250 -999.250 -999.250 -999.250 -999.250 -999.250 -999.250 -999.250
7.394 3.800 7.901 4.985 4.697 2.939 6.303 5.828 4.516 3.481 3.859 3.242 4.379 3.664 4.443 4.699 2.691 5.738 6.405 7.610 6.470 6.864 6.152 5.250 4.345 4.622 4.391 2.803 1.527 0.401 0.564 0.000 0.000 0.000 -999.250 -999.250 -999.250 -999.250 -999.250 -999.250 -999.250 -999.250 -999.250 -999.250 -999.250 -999.250 -999.250 -999.250 -999.250 -999.250 -999.250 -999.250 -999.250 -999.250 -999.250 -999.250 -999.250 -999.250 -999.250 -999.250 -999.250 -999.250 -999.250 -999.250 -999.250 -999.250 -999.250 -999.250 -999.250
5.052 1.608 1.958 2.562 5.063 4.238 3.963 5.646 5.015 4.506 2.473 2.246 2.270 4.009 4.252 4.922 5.467 6.781 5.792 5.795 5.733 8.087 4.313 7.557 5.902 6.564 3.476 2.912 0.000 0.356 0.000 0.000 0.000 -999.250 -999.250 -999.250 -999.250 -999.250 -999.250 -999.250 -999.250 -999.250 -999.250 -999.250 -999.250 -999.250 -999.250 -999.250 -999.250 -999.250 -999.250 -999.250 -999.250 -999.250 -999.250 -999.250 -999.250 -999.250 -999.250 -999.250 -999.250 -999.250 -999.250 -999.250 -999.250 -999.250 -999.250 -999.250 -999.250
1.951 2.744 1.344 0.596 0.662 3.353 2.952 4.253 2.830 1.452 2.780 2.494 1.240 4.626 2.168 4.273 4.429 5.937 6.054 6.462 5.468 4.401 3.120 5.196 5.314 4.234 2.911 2.617 1.177 0.000 0.000 0.000 0.000 -999.250 -999.250 -999.250 0.000 0.000 0.000 -999.250 -999.250 -999.250 -999.250 -999.250 -999.250 -999.250 -999.250 -999.250 -999.250 -999.250 -999.250 -999.250 -999.250 -999.250 -999.250 -999.250 -999.250 -999.250 -999.250 -999.250 -999.250 -999.250 -999.250 -999.250 -999.250 -999.250 -999.250 -999.250 -999.250
1.386 0.000 0.000 0.199 0.000 1.379 2.338 2.824 3.380 2.196 0.169 0.000 1.743 1.956 2.860 3.615 4.620 4.083 4.975 5.364 6.464 4.668 3.568 2.626 5.102 4.550 3.623 3.685 0.928 0.000 0.000 0.285 1.623 0.868 0.097 0.000 0.000 0.000 0.000 0.000 -999.250 -999.250 -999.250 -999.250 -999.250 -999.250 -999.250 -999.250 -999.250 -999.250 -999.250 -999.250 -999.250 -999.250 -999.250 -999.250 -999.250 -999.250 -999.250 -999.250 -999.250 -999.250 -999.250 -999.250 -999.250 -999.250 -999.250 -999.250 -999.250
0.700 0.000 0.000 0.811 1.077 3.873 4.658 0.499 4.231 4.435 0.000 0.000 0.000 1.372 2.332 4.685 2.382 2.993 3.371 4.476 3.210 4.484 2.897 1.647 4.025 3.512 3.148 1.910 1.822 0.000 0.000 0.000 0.144 0.469 0.146 0.000 0.000 0.000 0.000 0.000 0.000 -999.250 -999.250 -999.250 -999.250 -999.250 -999.250 -999.250 -999.250 -999.250 -999.250 -999.250 -999.250 -999.250 -999.250 -999.250 -999.250 -999.250 -999.250 -999.250 -999.250 -999.250 -999.250 -999.250 -999.250 -999.250 -999.250 -999.250 -999.250
0.930 0.104 0.758 0.095 1.395 2.659 2.406 3.632 2.551 1.553 2.155 0.000 0.000 0.897 0.775 1.652 1.440 1.501 3.035 1.620 1.568 0.397 1.312 0.000 0.521 1.132 2.159 2.148 0.863 1.925 0.000 0.897 1.656 0.000 0.000 0.000 0.000 0.000 0.000 0.000 0.000 -999.250 -999.250 -999.250 -999.250 -999.250 -999.250 -999.250 -999.250 -999.250 -999.250 -999.250 -999.250 -999.250 -999.250 -999.250 -999.250 -999.250 -999.250 -999.250 -999.250 -999.250 -999.250 -999.250 -999.250 -999.250 -999.250 -999.250 -999.250
3.894 3.137 1.556 0.902 2.072 2.571 2.190 2.159 2.402 2.162 3.467 2.747 0.000 1.776 2.172 2.498 2.418 1.009 1.721 1.406 1.465 0.000 0.000 0.000 0.353 1.778 3.490 2.332 1.169 1.578 1.324 2.758 0.843 0.753 0.000 0.000 0.000 0.352 0.219 0.612 0.603 -999.250 -999.250 -999.250 -999.250 -999.250 -999.250 -999.250 -999.250 -999.250 -999.250 -999.250 -999.250 -999.250 -999.250 -999.250 -999.250 -999.250 -999.250 -999.250 -999.250 -999.250 -999.250 -999.250 -999.250 -999.250 -999.250 -999.250 -999.250
3.478 3.463 2.181 3.270 1.646 1.165 0.707 2.064 3.037 3.582 1.490 1.187 0.617 0.279 0.815 1.438 1.823 0.890 0.512 0.011 0.554 0.000 0.000 0.000 0.876 3.481 4.141 0.412 0.409 3.241 3.471 1.866 4.013 2.576 2.191 0.000 0.540 1.433 1.119 0.000 0.000 0.000 -999.250 -999.250 -999.250 -999.250 -999.250 -999.250 -999.250 -999.250 -999.250 -999.250 -999.250 -999.250 -999.250 -999.250 -999.250 -999.250 -999.250 -999.250 -999.250 -999.250 -999.250 -999.250 -999.250 -999.250 -999.250 -999.250 -999.250
6.220 4.820 4.298 4.401 3.844 2.637 2.945 3.030 3.612 3.079 3.337 1.799 1.469 1.004 1.029 0.401 0.766 1.323 1.066 0.000 0.000 0.000 0.000 0.000 1.069 1.228 1.432 0.214 2.783 2.678 3.908 3.058 4.891 2.807 2.088 4.118 1.995 2.460 0.702 1.773 0.000 -999.250 -999.250 -999.250 -999.250 -999.250 -999.250 -999.250 -999.250 -999.250 -999.250 -999.250 -999.250 -999.250 -999.250 -999.250 -999.250 -999.250 -999.250 -999.250 -999.250 -999.250 -999.250 -999.250 -999.250 -999.250 -999.250 -999.250 -999.250
6.038 3.469 3.514 4.640 7.271 4.542 3.454 3.140 0.000 1.684 2.579 0.992 0.361 0.000 0.454 1.898 0.000 0.000 0.400 0.000 0.000 0.000 0.000 0.000 0.186 1.910 0.890 3.553 2.732 3.846 4.963 3.601 3.455 3.776 4.124 4.427 0.410 1.069 0.812 0.277 -999.250 -999.250 -999.250 -999.250 -999.250 -999.250 -999.250 -999.250 -999.250 -999.250 -999.250 -999.250 -999.250 -999.250 -999.250 -999.250 -999.250 -999.250 -999.250 -999.250 -999.250 -999.250 -999.250 -999.250 -999.250 -999.250 -999.250 -999.250 -999.250
3.697 5.849 5.300 4.727 4.823 4.100 4.274 3.718 2.066 0.000 0.000 0.074 0.000 0.000 0.000 0.000 0.000 0.000 0.000 0.000 0.000 0.000 0.000 0.000 0.000 0.017 0.058 2.711 4.060 5.559 4.734 5.002 3.520 5.347 2.504 6.073 3.981 1.568 3.952 2.657 -999.250 -999.250 -999.250 -999.250 -999.250 -999.250 -999.250 -999.250 -999.250 -999.250 -999.250 -999.250 -999.250 -999.250 -999.250 -999.250 -999.250 -999.250 -999.250 -999.250 -999.250 -999.250 -999.250 -999.250 -999.250 -999.250 -999.250 -999.250 -999.250
3.372 4.693 6.737 7.016 6.960 6.606 4.745 5.391 2.608 0.813 2.093 0.823 0.609 0.379 0.000 0.054 0.399 0.000 0.000 0.000 0.000 0.000 0.000 0.000 0.000 3.028 2.258 4.186 5.910 5.966 7.254 3.991 4.886 3.642 2.590 4.287 4.761 4.708 4.554 -999.250 -999.250 -999.250 -999.250 -999.250 -999.250 -999.250 -999.250 -999.250 -999.250 -999.250 -999.250 -999.250 -999.250 -999.250 -999.250 -999.250 -999.250 -999.250 -999.250 -999.250 -999.250 -999.250 -999.250 -999.250 -999.250 -999.250 -999.250 -999.250 -999.250
5.817 4.895 4.213 6.711 4.298 4.759 2.992 4.321 4.682 1.797 2.371 0.981 0.000 0.000 0.000 0.000 0.000 0.000 0.000 0.000 0.000 0.000 0.000 1.942 0.843 3.118 4.272 7.383 7.275 8.505 4.861 7.687 5.602 4.751 4.105 3.901 4.901 2.447 2.896 -999.250 -999.250 -999.250 -999.250 -999.250 -999.250 -999.250 -999.250 -999.250 -999.250 -999.250 -999.250 -999.250 -999.250 -999.250 -999.250 -999.250 -999.250 -999.250 -999.250 -999.250 -999.250 -999.250 -999.250 -999.250 -999.250 -999.250 -999.250 -999.250 -999.250
3.159 3.644 3.873 5.315 3.675 5.590 5.509 4.980 3.737 3.186 2.033 1.811 0.000 0.000 0.000 0.000 0.000 0.000 0.000 0.000 0.000 0.000 0.000 0.685 1.115 3.381 6.997 8.668 7.542 8.242 6.022 6.678 5.726 5.384 4.586 4.509 4.064 3.559 -999.250 -999.250 -999.250 -999.250 -999.250 -999.250 -999.250 -999.250 -999.250 -999.250 -999.250 -999.250 -999.250 -999.250 -999.250 -999.250 -999.250 -999.250 -999.250 -999.250 -999.250 -999.250 -999.250 -999.250 -999.250 -999.250 -999.250 -999.250 -999.250 -999.250 -999.250
4.826 4.398 5.149 6.203 4.214 5.868 6.607 3.783 4.244 2.435 2.980 3.339 0.411 0.000 0.000 0.000 0.000 0.000 0.000 0.000 0.000 0.000 0.000 0.029 2.934 6.611 8.034 8.871 8.682 10.119 6.949 6.900 6.249 6.672 4.412 2.172 2.301 3.672 -999.250 -999.250 -999.250 -999.250 -999.250 -999.250 -999.250 -999.250 -999.250 -999.250 -999.250 -999.250 -999.250 -999.250 -999.250 -999.250 -999.250 -999.250 -999.250 -999.250 -999.250 -999.250 -999.250 -999.250 -999.250 -999.250 -999.250 -999.250 -999.250 -999.250 -999.250
3.737 5.898 3.568 6.196 5.003 6.160 4.479 3.966 5.673 4.788 4.727 1.790 0.000 0.000 0.000 0.000 0.000 0.000 0.000 0.000 0.000 0.000 1.508 3.956 6.165 5.369 9.646 9.290 10.145 9.677 9.326 8.380 4.014 2.807 2.807 2.231 0.812 3.712 -999.250 -999.250 -999.250 -999.250 -999.250 -999.250 -999.250 -999.250 -999.250 -999.250 -999.250 -999.250 -999.250 -999.250 -999.250 -999.250 -999.250 -999.250 -999.250 -999.250 -999.250 -999.250 -999.250 -999.250 -999.250 -999.250 -999.250 -999.250 -999.250 -999.250 -999.250
2.428 4.288 6.699 7.374 7.461 7.017 5.644 5.385 5.694 5.145 5.551 3.181 0.010 0.000 0.000 0.000 0.000 0.000 0.000 0.000 0.000 0.000 2.086 6.304 8.402 10.243 11.131 13.107 13.016 8.502 7.943 6.502 6.596 3.876 3.754 3.606 2.444 -999.250 -999.250 -999.250 -999.250 -999.250 -999.250 -999.250 -999.250 -999.250 -999.250 -999.250 -999.250 -999.250 -999.250 -999.250 -999.250 -999.250 -999.250 -999.250 -999.250 -999.250 -999.250 -999.250 -999.250 -999.250 -999.250 -999.250 -999.250 -999.250 -999.250 -999.250 -999.250
2.542 5.990 5.434 6.446 5.372 7.560 6.920 6.578 7.655 5.410 6.770 4.227 1.424 0.120 0.000 0.000 0.000 0.000 0.000 0.000 0.000 0.000 2.164 8.172 14.832 14.519 14.118 13.953 17.038 12.871 10.267 9.433 6.270 4.871 3.789 6.137 -999.250 -999.250 -999.250 -999.250 -999.250 -999.250 -999.250 -999.250 -999.250 -999.250 -999.250 -999.250 -999.250 -999.250 -999.250 -999.250 -999.250 -999.250 -999.250 -999.250 -999.250 -999.250 -999.250 -999.250 -999.250 -999.250 -999.250 -999.250 -999.250 -999.250 -999.250 -999.250 -999.250
3.767 4.030 5.750 7.577 6.412 9.217 6.981 7.924 9.414 6.484 5.974 4.608 5.667 3.236 0.000 0.127 1.381 1.179 3.225 0.145 0.334 0.000 8.700 15.187 19.050 21.826 18.708 15.658 16.262 13.306 9.420 10.894 8.277 4.206 3.030 3.110 -999.250 -999.250 -999.250 -999.250 -999.250 -999.250 -999.250 -999.250 -999.250 -999.250 -999.250 -999.250 -999.250 -999.250 -999.250 -999.250 -999.250 -999.250 -999.250 -999.250 -999.250 -999.250 -999.250 -999.250 -999.250 -999.250 -999.250 -999.250 -999.250 -999.250 -999.250 -999.250 -999.250
5.857 5.764 5.555 6.489 8.166 9.552 8.627 8.070 8.057 6.016 4.162 4.950 7.477 3.384 0.457 3.798 2.883 3.348 4.343 5.467 7.680 13.629 19.305 25.188 22.853 22.755 19.028 16.595 15.770 15.184 11.292 10.924 8.004 6.130 -999.250 -999.250 -999.250 -999.250 -999.250 -999.250 -999.250 -999.250 -999.250 -999.250 -999.250 -999.250 -999.250 -999.250 -999.250 -999.250 -999.250 -999.250 -999.250 -999.250 -999.250 -999.250 -999.250 -999.250 -999.250 -999.250 -999.250 -999.250 -999.250 -999.250 -999.250 -999.250 -999.250 -999.250 -999.250
