data/medianmodel_29-Jun-2020.asc
ncols	141
nrows	288
xllcorner	-120191.398
yllcorner	-301404.813
cellsize	2000.000
NODATA_value	-999.250
[rows 248 to 278 of 288, columns 0 to 68 of 141]
-999.250 -999.250 -999.250 -999.250 -999.250 -999.250 -999.250 -999.250 -999.250 -999.250 -999.250 -999.250 -999.250 -999.250 -999.250 -999.250 -999.250 -999.250 -999.250 -999.250 -999.250 -999.250 -999.250 -999.250 -999.250 -999.250 -999.250 -999.250 -999.250 -999.250 3.716 1.723 0.468 0.000 0.000 0.000 0.000 0.000 0.000 0.000 0.000 0.000 0.754 4.456 5.717 12.746 18.381 20.505 25.869 28.943 35.099 37.759 41.973 47.567 45.344 50.114 42.044 29.723 18.713 12.445 7.170 3.698 0.000 0.000 0.000 0.000 0.000 0.000 0.000
-999.250 -999.250 -999.250 -999.250 -999.250 -999.250 -999.250 -999.250 -999.250 -999.250 -999.250 -999.250 -999.250 -999.250 -999.250 -999.250 -999.250 -999.250 -999.250 -999.250 -999.250 -999.250 -999.250 -999.250 -999.250 -999.250 -999.250 -999.250 -999.250 -999.250 1.036 0.141 0.000 0.000 0.000 0.000 0.000 0.000 0.000 0.000 0.000 0.000 2.018 4.655 7.658 11.042 15.754 17.701 29.834 28.887 35.758 37.143 41.237 45.878 54.209 65.118 47.130 34.092 20.735 12.489 8.408 3.843 0.017 0.000 0.000 0.000 0.000 0.000 0.000
-999.250 -999.250 -999.250 -999.250 -999.250 -999.250 -999.250 -999.250 -999.250 -999.250 -999.250 -999.250 -999.250 -999.250 -999.250 -999.250 -999.250 -999.250 -999.250 -999.250 -999.250 -999.250 -999.250 -999.250 -999.250 -999.250 -999.250 -999.250 -999.250 -999.250 0.932 1.416 0.000 0.000 0.000 0.000 0.000 0.000 0.000 0.000 0.000 0.135 2.476 3.907 6.216 9.686 17.104 20.404 25.184 27.274 33.713 34.858 39.241 46.104 45.718 48.623 41.690 33.033 19.996 13.810 8.506 4.356 0.000 0.000 0.000 0.000 0.000 0.000 0.000
-999.250 -999.250 -999.250 -999.250 -999.250 -999.250 -999.250 -999.250 -999.250 -999.250 -999.250 -999.250 -999.250 -999.250 -999.250 -999.250 -999.250 -999.250 -999.250 -999.250 -999.250 -999.250 -999.250 -999.250 -999.250 -999.250 -999.250 -999.250 -999.250 -999.250 1.642 1.495 0.000 0.000 0.000 0.000 0.000 0.000 0.000 4.046 0.746 2.582 3.660 3.981 7.923 10.797 15.391 18.676 22.639 29.003 33.551 33.874 36.624 36.456 40.574 40.788 37.400 28.909 21.007 11.226 7.518 3.868 0.000 0.000 0.000 0.000 0.000 0.000 0.000
-999.250 -999.250 -999.250 -999.250 -999.250 -999.250 -999.250 -999.250 -999.250 -999.250 -999.250 -999.250 -999.250 -999.250 -999.250 -999.250 -999.250 -999.250 -999.250 -999.250 -999.250 -999.250 -999.250 -999.250 -999.250 -999.250 -999.250 -999.250 -999.250 2.768 0.213 0.158 0.000 0.000 0.000 0.000 0.000 0.000 0.000 2.464 3.477 4.819 4.278 6.495 8.816 12.016 9.491 15.692 21.269 25.482 31.072 35.665 40.697 35.956 40.031 34.319 32.082 22.513 15.639 11.157 7.161 2.618 0.000 0.000 0.000 0.000 0.000 0.000 0.000
-999.250 -999.250 -999.250 -999.250 -999.250 -999.250 -999.250 -999.250 -999.250 -999.250 -999.250 -999.250 -999.250 -999.250 -999.250 -999.250 -999.250 -999.250 -999.250 -999.250 -999.250 -999.250 -999.250 -999.250 -999.250 -999.250 -999.250 -999.250 -999.250 -999.250 0.249 0.000 0.000 0.000 0.000 0.000 0.000 1.436 2.322 3.448 5.325 6.168 6.661 7.649 8.363 9.936 13.994 15.189 16.835 18.119 29.247 29.920 35.653 34.493 34.565 26.440 24.590 17.678 16.320 9.677 5.520 1.850 0.000 0.000 0.000 0.000 0.000 0.000 0.000
-999.250 -999.250 -999.250 -999.250 -999.250 -999.250 -999.250 -999.250 -999.250 -999.250 -999.250 -999.250 -999.250 -999.250 -999.250 -999.250 -999.250 -999.250 -999.250 -999.250 -999.250 -999.250 -999.250 -999.250 -999.250 -999.250 -999.250 -999.250 -999.250 -999.250 0.000 0.000 0.000 0.000 0.000 0.000 0.615 3.209 4.143 5.645 8.413 9.229 8.449 10.184 10.892 11.739 11.848 13.949 17.914 19.903 24.127 30.046 29.916 32.972 26.538 20.298 18.002 16.271 11.835 7.697 5.904 2.371 0.000 0.000 0.000 0.000 0.000 0.000 0.000
-999.250 -999.250 -999.250 -999.250 -999.250 -999.250 -999.250 -999.250 -999.250 -999.250 -999.250 -999.250 -999.250 -999.250 -999.250 -999.250 -999.250 -999.250 -999.250 -999.250 -999.250 -999.250 -999.250 -999.250 -999.250 -999.250 -999.250 -999.250 -999.250 -999.250 -999.250 0.000 0.000 0.000 0.000 1.678 5.415 5.108 5.080 9.044 9.876 12.936 13.370 12.380 13.099 13.459 13.462 17.482 16.572 19.886 22.243 26.131 24.691 23.895 24.683 15.357 15.863 13.784 9.626 5.767 3.918 0.613 0.000 0.000 0.000 0.000 0.000 0.000 0.000
-999.250 -999.250 -999.250 -999.250 -999.250 -999.250 -999.250 -999.250 -999.250 -999.250 -999.250 -999.250 -999.250 -999.250 -999.250 -999.250 -999.250 -999.250 -999.250 -999.250 -999.250 -999.250 -999.250 -999.250 -999.250 -999.250 -999.250 -999.250 -999.250 -999.250 -999.250 0.000 0.000 0.000 0.754 3.870 6.102 9.585 11.368 11.558 12.560 22.536 17.876 17.725 18.043 18.345 17.814 16.271 19.312 20.708 19.977 20.419 18.234 16.306 16.914 15.476 13.057 11.802 8.216 5.651 3.392 0.908 0.000 0.000 0.000 0.000 0.000 0.000 0.000
-999.250 -999.250 -999.250 -999.250 -999.250 -999.250 -999.250 -999.250 -999.250 -999.250 -999.250 -999.250 -999.250 -999.250 -999.250 -999.250 -999.250 -999.250 -999.250 -999.250 -999.250 -999.250 -999.250 -999.250 -999.250 -999.250 -999.250 -999.250 -999.250 -999.250 0.000 0.000 0.300 1.387 2.427 4.869 9.070 9.223 13.336 17.091 19.620 25.851 23.437 24.987 23.062 21.299 20.707 21.960 16.999 15.022 18.103 20.032 17.561 15.660 15.024 13.116 10.828 9.155 5.452 3.117 2.798 0.000 0.000 0.000 0.000 0.000 0.000 0.000 0.000
-999.250 -999.250 -999.250 -999.250 -999.250 -999.250 -999.250 -999.250 -999.250 -999.250 -999.250 -999.250 -999.250 -999.250 -999.250 -999.250 -999.250 -999.250 -999.250 -999.250 -999.250 -999.250 -999.250 -999.250 -999.250 -999.250 -999.250 -999.250 -999.250 -999.250 0.000 0.000 0.000 0.000 4.270 5.474 10.708 15.551 15.237 20.155 26.334 30.749 29.899 30.186 30.081 26.625 21.323 22.635 19.786 16.913 17.549 17.502 14.570 12.063 10.501 9.812 8.627 6.002 4.310 2.471 1.189 0.000 0.000 0.000 0.000 0.000 0.000 0.000 0.000
-999.250 -999.250 -999.250 -999.250 -999.250 -999.250 -999.250 -999.250 -999.250 -999.250 -999.250 -999.250 -999.250 -999.250 -999.250 -999.250 -999.250 -999.250 -999.250 -999.250 -999.250 -999.250 -999.250 -999.250 -999.250 -999.250 -999.250 -999.250 -999.250 -999.250 0.000 0.000 0.000 0.000 3.074 9.505 15.713 18.314 19.961 23.429 30.995 37.859 37.454 34.487 34.673 30.751 29.635 29.433 27.734 22.571 16.458 14.767 12.965 11.643 8.127 8.845 5.908 6.589 3.236 0.926 0.984 0.000 0.000 0.000 0.000 0.000 0.000 0.000 0.000
-999.250 -999.250 -999.250 -999.250 -999.250 -999.250 -999.250 -999.250 -999.250 -999.250 -999.250 -999.250 -999.250 -999.250 -999.250 -999.250 -999.250 -999.250 -999.250 -999.250 -999.250 -999.250 -999.250 -999.250 -999.250 -999.250 -999.250 -999.250 -999.250 -999.250 0.000 0.000 0.000 2.184 6.457 15.036 21.062 28.373 32.007 32.343 38.689 43.644 40.032 41.577 38.314 37.606 38.261 32.572 26.654 23.657 18.199 14.098 9.288 8.858 7.597 6.160 4.338 2.768 2.032 0.000 0.000 0.000 0.000 0.000 0.000 0.000 0.000 0.000 0.000
-999.250 -999.250 -999.250 -999.250 -999.250 -999.250 -999.250 -999.250 -999.250 -999.250 -999.250 -999.250 -999.250 -999.250 -999.250 -999.250 -999.250 -999.250 -999.250 -999.250 -999.250 -999.250 -999.250 -999.250 -999.250 -999.250 -999.250 -999.250 -999.250 -999.250 0.000 0.000 0.000 3.934 9.897 18.609 19.987 36.346 40.007 43.540 48.045 54.168 51.268 53.923 49.394 43.250 40.548 32.706 29.198 26.545 17.071 14.705 10.485 8.072 6.234 4.546 4.479 2.333 0.142 0.000 0.000 0.000 0.000 0.000 0.000 0.000 0.000 0.000 0.000
-999.250 -999.250 -999.250 -999.250 -999.250 -999.250 -999.250 -999.250 -999.250 -999.250 -999.250 -999.250 -999.250 -999.250 -999.250 -999.250 -999.250 -999.250 -999.250 -999.250 -999.250 -999.250 -999.250 -999.250 -999.250 -999.250 -999.250 -999.250 -999.250 -999.250 0.000 0.000 2.110 7.942 13.337 24.356 31.464 39.374 47.280 52.956 59.158 58.594 56.166 58.731 54.419 46.707 46.606 35.681 33.002 26.254 18.130 16.276 9.731 8.196 5.230 1.081 0.031 0.000 0.000 0.000 0.000 0.000 0.000 0.000 0.000 0.000 0.000 0.000 0.000
-999.250 -999.250 -999.250 -999.250 -999.250 -999.250 -999.250 -999.250 -999.250 -999.250 -999.250 -999.250 -999.250 -999.250 -999.250 -999.250 -999.250 -999.250 -999.250 -999.250 -999.250 -999.250 -999.250 -999.250 -999.250 -999.250 -999.250 -999.250 -999.250 0.000 0.000 0.000 3.786 9.335 19.391 31.991 36.408 46.975 59.840 70.077 71.551 74.105 67.982 63.426 58.858 54.957 45.139 35.841 29.722 27.547 19.556 14.297 10.341 7.297 5.138 0.702 0.000 0.000 0.000 0.000 0.000 0.000 0.000 0.000 0.000 0.000 0.000 0.000 0.000
-999.250 -999.250 -999.250 -999.250 -999.250 -999.250 -999.250 -999.250 -999.250 -999.250 -999.250 -999.250 -999.250 -999.250 -999.250 -999.250 -999.250 -999.250 -999.250 -999.250 -999.250 -999.250 -999.250 -999.250 -999.250 -999.250 -999.250 -999.250 -999.250 0.000 0.000 0.000 5.338 12.690 25.796 37.936 52.221 63.264 70.703 84.931 91.517 82.473 70.746 62.526 60.381 54.324 44.502 38.862 30.122 21.546 20.744 13.235 10.891 4.913 4.810 2.490 0.543 0.000 0.000 0.000 0.000 0.000 0.000 0.000 0.000 0.000 0.000 0.000 0.000
-999.250 -999.250 -999.250 -999.250 -999.250 -999.250 -999.250 -999.250 -999.250 -999.250 -999.250 -999.250 -999.250 -999.250 -999.250 -999.250 -999.250 -999.250 -999.250 -999.250 -999.250 -999.250 -999.250 -999.250 -999.250 -999.250 -999.250 -999.250 0.000 0.000 0.000 0.000 6.354 15.512 32.788 45.974 57.524 74.764 88.310 98.859 95.062 91.820 84.944 66.145 62.071 51.441 38.528 35.429 28.009 27.547 21.843 14.229 12.888 6.969 3.989 2.466 0.000 0.000 0.000 0.000 0.000 0.000 0.000 0.000 0.000 0.000 0.000 0.000 0.000
-999.250 -999.250 -999.250 -999.250 -999.250 -999.250 -999.250 -999.250 -999.250 -999.250 -999.250 -999.250 -999.250 -999.250 -999.250 -999.250 -999.250 -999.250 -999.250 -999.250 -999.250 -999.250 -999.250 -999.250 -999.250 -999.250 -999.250 -999.250 0.000 0.000 0.000 3.214 10.431 22.397 41.646 55.951 60.577 88.919 96.376 118.091 124.029 108.799 85.133 70.156 58.434 47.934 39.230 37.386 28.521 26.708 19.752 14.666 9.251 7.697 5.339 3.280 0.124 0.000 0.000 0.000 0.000 0.000 0.000 0.000 0.000 0.000 0.000 0.000 0.000
-999.250 -999.250 -999.250 -999.250 -999.250 -999.250 -999.250 -999.250 -999.250 -999.250 -999.250 -999.250 -999.250 -999.250 -999.250 -999.250 -999.250 -999.250 -999.250 -999.250 -999.250 -999.250 -999.250 -999.250 -999.250 -999.250 -999.250 0.000 0.000 0.000 0.000 5.750 16.361 31.161 50.159 57.576 68.798 89.385 118.793 124.576 137.877 115.482 93.405 72.787 55.046 49.120 39.018 33.711 31.080 21.745 17.326 12.343 10.245 8.540 5.367 2.779 2.228 0.000 0.011 0.000 0.000 0.000 0.000 0.000 0.000 0.000 0.000 0.000 0.000
-999.250 -999.250 -999.250 -999.250 -999.250 -999.250 -999.250 -999.250 -999.250 -999.250 -999.250 -999.250 -999.250 -999.250 -999.250 -999.250 -999.250 -999.250 -999.250 -999.250 -999.250 -999.250 -999.250 -999.250 -999.250 -999.250 -999.250 0.000 0.000 0.000 0.000 11.590 27.703 39.717 55.456 64.392 79.104 97.775 104.538 114.550 119.046 112.752 97.466 77.621 61.680 46.102 31.442 31.739 28.312 20.816 17.401 10.064 9.186 8.065 5.194 3.689 2.456 2.426 0.000 0.000 0.000 0.000 0.000 0.000 0.000 0.000 0.000 0.000 0.000
-999.250 -999.250 -999.250 -999.250 -999.250 -999.250 -999.250 -999.250 -999.250 -999.250 -999.250 -999.250 -999.250 -999.250 -999.250 -999.250 -999.250 -999.250 -999.250 -999.250 -999.250 -999.250 -999.250 -999.250 -999.250 -999.250 -999.250 0.000 4.480 6.317 10.490 21.661 40.313 54.467 61.104 65.943 80.855 93.999 95.974 100.806 97.501 95.058 86.066 67.048 52.183 43.633 32.151 22.785 19.955 16.800 13.150 10.058 10.668 8.917 4.735 4.143 4.418 3.063 0.915 0.339 0.000 0.000 0.000 0.000 0.000 0.000 0.000 0.000 0.000
-999.250 -999.250 -999.250 -999.250 -999.250 -999.250 -999.250 -999.250 -999.250 -999.250 -999.250 -999.250 -999.250 -999.250 -999.250 -999.250 -999.250 -999.250 -999.250 -999.250 -999.250 -999.250 -999.250 -999.250 -999.250 -999.250 -999.250 10.299 10.216 16.338 25.180 37.600 47.334 57.160 67.476 78.441 80.091 83.133 90.313 90.852 88.185 74.230 68.667 53.748 45.164 34.943 28.892 21.139 17.044 13.645 13.775 9.931 7.497 8.769 8.178 7.808 5.211 4.235 4.117 3.136 0.305 0.000 0.000 0.000 0.000 0.000 0.000 0.000 0.000
-999.250 -999.250 -999.250 -999.250 -999.250 -999.250 -999.250 -999.250 -999.250 -999.250 -999.250 -999.250 -999.250 -999.250 -999.250 -999.250 -999.250 -999.250 -999.250 -999.250 -999.250 -999.250 -999.250 -999.250 -999.250 -999.250 -999.250 19.345 26.614 34.898 46.966 50.130 56.243 81.178 81.965 95.915 96.179 100.858 87.178 77.706 76.553 69.347 64.057 51.384 41.433 30.352 24.203 19.412 14.699 10.813 11.121 10.304 9.297 9.116 8.682 8.492 9.556 8.247 7.105 4.573 0.613 0.000 0.000 0.000 0.000 0.000 0.000 0.000 0.000
-999.250 -999.250 -999.250 -999.250 -999.250 -999.250 -999.250 -999.250 -999.250 -999.250 -999.250 -999.250 -999.250 -999.250 -999.250 -999.250 -999.250 -999.250 -999.250 -999.250 -999.250 -999.250 -999.250 -999.250 -999.250 -999.250 -999.250 35.679 40.544 48.809 58.468 78.052 81.383 87.843 99.108 106.316 97.614 108.171 94.132 86.400 69.649 64.342 55.900 48.975 37.653 22.639 18.699 13.178 11.287 6.326 9.290 10.284 11.212 14.657 14.142 12.645 16.307 13.046 10.445 6.217 3.837 0.666 0.000 0.000 0.000 0.000 0.000 0.000 0.000
-999.250 -999.250 -999.250 -999.250 -999.250 -999.250 -999.250 -999.250 -999.250 -999.250 -999.250 -999.250 -999.250 -999.250 -999.250 -999.250 -999.250 -999.250 -999.250 -999.250 -999.250 -999.250 -999.250 -999.250 -999.250 -999.250 26.189 41.200 58.269 67.208 88.001 102.784 105.915 109.582 115.713 123.082 117.275 117.937 101.732 84.001 73.349 62.542 51.513 44.854 27.015 16.295 12.040 8.300 5.367 4.945 8.616 11.323 13.629 16.490 20.483 26.527 20.794 18.295 15.215 10.773 7.794 2.037 0.000 0.000 0.000 0.000 0.000 0.000 0.000
-999.250 -999.250 -999.250 -999.250 -999.250 -999.250 -999.250 -999.250 -999.250 -999.250 -999.250 -999.250 -999.250 -999.250 -999.250 -999.250 -999.250 -999.250 -999.250 -999.250 -999.250 -999.250 -999.250 -999.250 -999.250 -999.250 34.364 55.460 80.335 96.762 114.385 121.421 127.912 126.090 141.562 131.850 133.775 122.412 116.328 91.281 72.396 59.143 48.712 35.267 18.797 11.231 6.569 5.156 3.955 4.870 8.811 12.928 16.221 28.209 32.087 34.729 35.277 27.271 19.892 15.658 9.626 4.802 0.507 0.000 0.000 0.000 0.000 0.000 0.000
-999.250 -999.250 -999.250 -999.250 -999.250 -999.250 -999.250 -999.250 -999.250 -999.250 -999.250 -999.250 -999.250 -999.250 -999.250 -999.250 -999.250 -999.250 -999.250 -999.250 -999.250 -999.250 -999.250 -999.250 -999.250 31.693 45.524 66.132 90.214 111.396 120.400 134.134 131.763 150.103 159.149 150.879 140.072 133.037 121.243 102.632 74.521 64.885 43.157 25.845 16.796 9.166 4.167 4.104 1.951 4.564 8.803 15.700 20.615 30.572 36.384 40.213 38.804 35.369 28.720 21.953 12.172 6.830 2.439 0.000 0.000 0.000 0.000 0.000 0.000
-999.250 -999.250 -999.250 -999.250 -999.250 -999.250 -999.250 -999.250 -999.250 -999.250 -999.250 -999.250 -999.250 -999.250 -999.250 -999.250 -999.250 -999.250 -999.250 -999.250 -999.250 -999.250 -999.250 -999.250 -999.250 42.999 55.315 68.858 91.188 113.090 131.397 146.198 161.593 168.470 185.346 162.116 151.355 143.997 121.567 96.539 73.451 57.729 41.643 25.089 13.304 7.478 3.501 1.598 3.619 5.999 11.936 17.543 26.458 35.148 44.061 47.133 47.501 47.109 37.501 28.651 18.193 10.213 3.734 0.000 0.000 0.000 0.000 0.000 0.000
-999.250 -999.250 -999.250 -999.250 -999.250 -999.250 -999.250 -999.250 -999.250 -999.250 -999.250 -999.250 -999.250 -999.250 -999.250 -999.250 -999.250 -999.250 -999.250 -999.250 -999.250 -999.250 -999.250 -999.250 -999.250 47.903 63.513 77.661 102.837 122.312 133.462 141.763 164.254 172.649 192.153 181.066 169.192 143.610 122.891 95.750 71.546 54.624 39.453 22.817 12.296 8.119 4.311 1.770 3.275 8.774 19.323 21.244 40.565 43.430 53.346 58.053 56.086 56.726 47.341 37.072 25.485 15.574 7.278 2.413 0.000 0.000 0.000 0.000 0.000
-999.250 -999.250 -999.250 -999.250 -999.250 -999.250 -999.250 -999.250 -999.250 -999.250 -999.250 -999.250 -999.250 -999.250 -999.250 -999.250 -999.250 -999.250 -999.250 -999.250 -999.250 -999.250 -999.250 -999.250 37.080 51.411 63.576 88.940 112.844 129.234 135.811 146.554 158.761 174.207 209.914 201.432 185.206 154.751 124.500 103.224 72.453 55.050 38.764 20.320 13.884 8.171 8.787 5.157 5.862 11.589 19.953 33.521 45.076 55.032 57.915 66.745 65.286 63.239 53.904 40.543 32.580 19.523 11.278 5.367 1.237 0.000 0.000 0.000 0.000
