data/medianmodel_23-Feb-2021.asc
ncols	141
nrows	288
xllcorner	-120191.398
yllcorner	-301404.813
cellsize	2000.000
NODATA_value	-999.250
[rows 29 to 57 of 288, columns 65 to 129 of 141]
148.498 155.362 151.913 154.568 163.156 169.697 174.197 178.858 196.868 217.916 224.383 243.972 261.382 279.638 294.086 281.725 289.654 277.951 281.265 266.713 236.488 221.779 201.104 176.139 155.180 132.237 129.195 109.092 99.585 74.234 86.995 100.435 103.431 107.734 111.910 118.954 116.521 122.477 126.183 125.754 120.183 119.738 121.672 124.578 127.170 131.476 139.652 146.411 150.891 147.093 154.881 163.469 185.440 184.814 179.288 190.800 195.629 199.976 202.986 207.364 208.693 208.748 202.260 197.793 193.317
146.388 134.665 137.985 142.413 150.698 151.946 155.036 156.235 180.943 196.084 214.573 225.133 245.726 253.718 271.726 285.548 258.980 274.138 264.650 255.123 241.695 228.590 210.405 185.842 167.710 146.404 134.533 122.691 110.818 102.742 98.611 108.563 109.924 120.584 126.992 123.457 129.609 124.271 122.543 120.016 128.774 126.557 127.077 124.067 122.375 125.542 135.425 130.845 144.343 147.776 152.158 156.898 161.083 172.189 168.392 178.694 185.291 181.279 193.222 194.396 199.133 198.005 198.857 188.333 178.718
132.826 125.314 122.323 128.675 131.231 127.622 126.416 146.362 167.359 178.959 184.913 203.244 221.533 232.972 250.991 263.411 276.372 267.077 266.514 264.387 236.839 229.889 204.948 193.625 172.943 157.649 147.030 141.502 125.130 121.520 124.084 129.572 130.444 137.206 139.641 138.338 139.929 130.525 131.018 138.271 139.502 129.953 125.352 124.040 123.983 122.685 130.697 133.938 139.113 142.473 146.413 153.184 149.854 159.047 164.892 164.699 173.378 177.542 179.648 185.632 191.798 187.703 182.859 181.207 175.429
124.650 119.551 117.222 118.025 114.928 114.566 116.873 118.887 129.360 145.982 162.374 183.209 208.731 219.787 241.282 254.656 268.944 261.824 260.419 244.110 237.586 221.205 208.098 189.638 179.751 165.879 161.036 151.704 145.855 147.110 141.944 151.139 150.028 151.019 150.446 157.026 152.750 143.788 145.114 141.464 137.131 132.500 123.729 123.677 121.197 122.060 124.255 127.889 132.164 136.952 140.727 139.016 148.605 149.725 155.520 153.168 161.381 168.424 166.951 166.971 177.911 181.827 166.680 164.062 148.216
123.788 118.008 115.968 106.266 105.187 102.736 100.692 104.156 111.429 124.013 146.897 177.046 192.893 212.004 224.353 252.905 261.825 247.870 244.393 242.280 225.034 223.254 205.903 202.483 193.284 174.890 169.688 163.134 165.648 156.681 165.824 168.257 164.443 166.256 168.979 179.864 166.742 155.965 153.173 143.348 141.376 137.190 124.526 117.112 117.645 113.547 119.761 123.082 120.843 125.933 125.511 132.727 141.836 146.190 142.083 156.006 153.147 160.043 163.416 157.244 169.041 166.159 153.177 141.704 129.119
121.328 115.286 108.328 102.465 103.820 92.642 94.574 87.725 83.112 109.820 134.258 154.239 182.030 203.620 221.524 239.871 254.127 243.877 243.263 233.804 216.611 204.154 199.534 191.202 175.820 178.655 173.592 169.618 174.003 182.173 183.873 187.005 190.223 193.608 198.794 195.877 182.741 169.200 157.238 157.091 144.201 138.909 123.807 114.445 108.646 113.144 113.038 113.648 116.883 121.078 121.628 119.612 134.318 136.144 136.709 135.846 149.972 156.183 148.383 148.776 143.268 144.549 135.926 129.611 121.097
114.710 107.516 108.114 99.304 99.140 89.108 88.607 86.584 91.709 107.920 124.428 142.864 168.104 200.083 217.559 238.016 250.815 235.585 223.314 215.330 200.707 197.043 185.917 182.156 177.254 173.452 170.412 179.972 178.037 187.904 194.267 196.539 210.539 211.406 215.290 215.699 194.012 179.220 170.251 163.159 151.310 137.009 120.388 116.393 107.379 105.305 102.794 106.192 108.372 120.588 110.781 111.906 115.109 125.961 132.571 130.787 140.747 142.481 138.264 136.993 128.219 128.430 128.321 122.910 110.164
111.244 103.327 100.444 97.473 93.427 87.862 87.454 86.980 99.702 106.050 125.523 143.536 162.524 184.889 208.860 219.685 229.636 214.920 203.165 192.334 185.472 169.151 166.144 159.020 156.555 168.951 175.413 181.731 190.260 193.966 206.737 213.529 222.047 229.791 234.440 226.526 210.675 196.317 174.112 163.995 150.297 132.208 118.815 110.631 103.995 101.804 95.361 92.851 97.793 100.978 104.415 104.034 107.222 114.081 125.665 120.289 130.864 130.484 129.833 121.820 120.057 115.780 117.853 113.042 102.107
109.707 110.290 101.637 104.824 89.683 86.964 95.773 97.851 105.452 111.003 119.656 140.046 153.592 176.718 192.417 200.891 202.930 195.190 184.248 172.365 160.797 155.269 144.448 141.180 137.871 153.039 165.731 186.845 202.413 203.246 212.367 223.765 230.543 231.257 242.746 234.972 223.058 203.431 189.290 165.416 155.136 130.903 116.782 103.086 96.164 88.452 86.218 89.903 83.699 90.461 87.146 92.141 100.172 108.264 105.629 105.369 106.010 116.947 119.229 119.158 108.232 107.687 106.302 102.779 94.087
103.082 103.800 103.384 103.774 93.344 91.617 96.310 99.759 98.925 109.669 118.916 133.816 154.715 164.591 176.481 179.999 182.647 186.921 171.296 151.981 138.734 136.653 123.111 118.595 127.463 147.460 167.282 189.727 211.337 224.911 224.936 235.543 242.042 252.238 248.078 241.711 227.127 218.906 198.734 178.924 149.478 131.638 111.492 99.640 87.077 76.750 79.397 77.147 65.705 82.150 77.605 82.584 90.638 95.740 102.205 102.933 108.516 103.559 108.833 100.579 98.492 95.735 97.006 86.768 79.584
95.950 102.338 103.799 107.944 107.100 103.658 99.822 101.491 103.905 109.723 109.272 125.265 143.844 153.290 164.676 167.865 166.335 169.304 160.537 144.487 133.144 120.715 106.976 107.743 116.206 140.972 161.968 191.242 218.106 230.553 244.465 255.863 247.111 257.927 250.110 251.038 238.624 232.449 204.361 173.050 147.676 141.961 112.478 89.637 69.471 60.433 65.258 57.740 60.773 68.963 68.613 72.904 77.748 85.366 81.306 88.874 88.364 88.251 94.770 96.460 100.294 84.481 83.415 78.405 73.141
101.978 103.722 111.556 113.822 108.410 105.846 104.708 100.806 103.237 111.973 118.708 130.134 129.174 140.865 160.466 164.916 161.414 156.183 146.754 140.582 126.740 116.377 102.323 91.525 108.396 139.086 168.912 198.170 211.818 230.859 254.393 257.345 252.290 266.226 270.855 247.315 241.759 222.091 208.085 186.555 159.551 133.290 106.758 76.690 59.525 49.676 49.344 50.986 50.607 57.357 65.121 63.909 75.991 75.606 73.834 85.054 84.251 80.746 81.052 93.663 87.169 88.938 69.847 74.425 61.797
101.950 112.084 115.174 111.765 112.694 104.883 99.387 101.620 103.655 109.733 114.922 118.213 128.184 133.511 149.079 150.418 157.497 158.365 144.924 137.853 126.314 118.693 108.151 104.365 117.923 134.670 171.448 199.228 216.674 231.698 246.585 260.983 273.047 269.805 276.250 259.262 252.241 237.486 209.780 190.502 154.208 124.544 94.652 69.083 51.201 39.907 40.604 46.005 49.560 56.672 60.371 64.127 61.908 72.574 66.083 76.688 77.102 78.969 75.765 79.219 79.839 70.592 73.285 69.292 61.791
105.555 111.134 113.497 111.433 106.627 97.016 101.668 100.447 98.191 109.547 103.480 120.050 128.938 137.899 142.641 149.542 150.752 148.066 149.413 139.645 138.902 124.925 119.016 125.556 124.980 148.036 174.440 196.459 214.228 237.132 237.063 257.244 270.205 275.370 268.079 264.799 258.702 237.023 226.165 192.870 158.119 118.964 88.967 59.336 39.113 26.876 32.046 37.240 42.706 45.672 50.812 59.993 63.034 62.902 68.189 66.627 65.373 72.156 65.130 61.703 74.698 63.394 65.541 60.308 61.985
113.818 112.373 107.671 103.922 98.592 97.288 100.919 105.138 106.125 111.369 105.868 117.824 125.653 133.733 145.695 142.536 152.043 160.395 156.339 147.930 146.958 133.004 133.488 137.634 142.876 151.426 170.700 197.904 209.794 232.575 251.096 269.821 265.441 286.487 277.654 279.136 277.415 252.431 226.919 198.520 156.637 120.844 87.231 51.963 21.978 20.632 22.481 31.517 38.334 39.929 44.699 54.569 58.321 56.156 60.839 61.220 64.186 66.742 62.029 58.886 59.408 60.242 58.919 62.531 59.398
108.294 106.308 100.615 101.564 90.008 90.547 95.978 96.268 98.575 102.561 106.541 116.182 119.911 127.632 141.584 144.321 145.412 156.611 160.149 157.091 154.989 149.900 150.446 158.273 167.721 168.252 177.821 201.857 217.075 227.275 263.459 270.905 276.668 292.437 295.648 289.434 279.471 263.985 228.706 199.338 157.858 123.625 86.624 56.039 33.940 21.479 22.544 26.759 35.499 39.954 47.048 49.827 53.797 55.550 58.449 60.060 61.333 66.731 58.989 58.620 53.784 55.891 60.240 57.471 59.519
113.763 102.140 95.464 93.412 84.631 86.225 87.052 87.087 96.812 102.333 102.970 112.556 118.622 127.730 137.981 142.686 153.650 162.847 166.883 171.369 166.663 168.203 175.036 177.701 184.091 187.517 188.985 195.972 209.241 223.939 251.612 263.825 276.134 303.152 306.707 305.693 285.047 276.795 235.550 203.376 160.274 120.836 86.531 56.674 40.525 24.517 22.602 25.259 37.416 45.698 40.898 49.133 54.988 56.909 55.666 59.581 58.105 56.965 59.370 56.049 53.262 54.484 60.406 57.316 57.892
117.730 105.091 98.300 82.459 80.375 77.639 86.442 93.556 100.378 101.495 100.973 108.082 117.136 126.810 132.427 150.505 155.048 157.833 162.746 176.429 174.042 190.373 195.203 206.782 198.713 199.440 187.433 202.100 206.561 222.342 236.700 263.478 285.245 301.516 315.902 313.740 303.546 280.071 232.484 197.571 153.536 119.941 92.674 60.805 42.658 34.257 27.458 30.822 38.353 40.594 47.237 47.200 50.114 56.562 60.457 59.375 60.811 58.018 57.905 58.228 56.488 56.797 59.370 59.573 62.186
120.631 107.503 92.478 84.478 75.054 81.175 81.422 92.722 100.864 109.779 109.946 117.048 124.028 126.662 139.735 145.268 158.291 155.152 162.964 179.045 186.797 194.206 205.057 216.471 212.303 205.017 198.325 203.664 210.367 217.037 220.862 255.959 277.347 298.694 303.864 308.348 314.361 257.894 220.141 178.484 145.174 111.303 84.242 59.050 45.726 36.370 36.249 37.076 38.968 43.696 49.384 49.154 53.686 60.477 61.629 64.022 63.654 58.277 55.685 61.952 65.999 62.846 63.510 -999.250 -999.250
112.102 99.119 87.117 66.538 63.447 67.600 75.765 87.266 106.115 114.161 119.189 123.348 124.121 131.254 136.757 148.744 146.181 148.624 158.040 168.861 188.197 196.138 206.936 214.222 213.006 205.290 203.810 211.426 208.498 215.991 222.899 239.661 268.167 284.357 295.124 289.050 276.087 238.261 211.793 155.227 131.539 97.884 78.107 58.839 46.332 39.287 37.653 37.303 43.475 48.339 48.904 58.003 56.567 64.121 65.302 62.691 67.624 63.111 66.845 68.020 68.244 63.395 70.148 -999.250 -999.250
103.899 84.095 71.926 56.435 52.776 54.498 68.523 91.724 113.046 122.244 126.560 131.895 129.711 132.249 138.356 135.369 144.028 144.388 152.078 158.763 189.332 196.236 202.350 210.917 217.065 209.139 212.154 210.118 215.221 214.301 211.790 234.420 255.896 265.144 268.157 253.049 236.358 208.771 174.396 145.068 110.613 88.885 62.453 51.803 45.872 41.112 37.858 40.593 44.778 47.236 50.831 56.155 65.126 74.802 69.597 72.257 74.919 74.600 -999.250 64.869 75.734 -999.250 -999.250 -999.250 -999.250
104.086 81.375 61.165 45.304 38.357 41.865 58.475 83.280 113.822 135.677 141.949 131.572 132.976 133.956 134.653 132.728 133.056 138.453 155.021 165.018 183.197 193.132 203.988 206.549 211.837 213.964 215.987 217.238 208.590 214.933 213.895 232.781 238.267 246.766 239.943 225.425 209.069 181.005 144.451 112.242 84.394 70.257 49.432 44.893 40.325 34.085 35.737 43.942 49.930 52.321 51.793 59.143 64.925 76.403 70.920 79.399 -999.250 -999.250 -999.250 -999.250 -999.250 -999.250 -999.250 -999.250 -999.250
107.275 84.557 56.499 38.085 23.055 18.555 39.961 68.857 111.862 148.940 150.896 142.548 133.543 129.394 126.846 121.400 126.996 140.235 152.039 162.176 177.187 184.083 200.883 211.804 215.599 215.021 216.796 210.595 214.226 216.567 209.152 229.781 231.569 233.225 222.659 209.371 186.797 143.476 115.770 82.468 61.647 52.565 41.706 38.566 39.228 34.274 41.635 44.966 48.327 60.552 64.522 66.102 70.194 78.445 86.580 -999.250 -999.250 -999.250 -999.250 -999.250 -999.250 -999.250 -999.250 -999.250 -999.250
112.181 92.586 69.670 52.341 21.418 3.461 15.665 58.536 107.429 166.692 150.590 135.753 128.101 120.120 120.640 117.357 122.339 129.008 138.365 156.486 170.957 186.947 203.094 215.871 220.584 215.963 218.954 218.348 215.910 214.873 206.663 217.451 223.181 220.545 219.652 201.959 168.501 133.366 87.885 50.933 39.320 38.219 35.252 34.117 36.293 37.215 41.118 46.109 54.107 62.995 78.287 81.655 86.398 87.824 86.508 -999.250 -999.250 -999.250 -999.250 -999.250 -999.250 -999.250 -999.250 -999.250 -999.250
133.570 122.834 117.144 106.652 51.209 0.496 0.596 56.975 96.932 101.439 135.086 143.196 128.576 118.687 111.077 111.594 109.445 117.612 126.270 149.169 166.356 178.237 197.838 215.153 222.064 225.756 215.711 217.603 206.067 211.339 212.180 215.154 214.186 215.509 214.283 196.181 167.557 124.270 72.378 12.995 22.753 26.945 36.498 32.737 37.119 41.946 46.408 51.641 61.625 76.157 89.478 87.726 86.120 89.778 -999.250 -999.250 -999.250 -999.250 -999.250 -999.250 -999.250 -999.250 -999.250 -999.250 -999.250
184.164 174.742 221.551 223.232 163.014 25.227 70.417 108.888 141.288 143.702 152.276 149.322 131.348 116.131 108.523 107.807 104.848 105.085 116.834 137.427 156.625 176.536 195.875 217.896 224.612 222.201 215.925 213.260 207.247 216.034 210.289 217.395 217.020 221.975 210.675 209.132 184.954 139.833 87.270 52.040 44.534 40.315 42.253 44.695 43.339 43.285 51.396 61.582 67.738 81.822 90.731 96.900 96.831 -999.250 -999.250 -999.250 -999.250 -999.250 -999.250 -999.250 -999.250 -999.250 -999.250 -999.250 -999.250
289.008 245.359 412.228 474.975 422.068 322.688 271.287 245.648 238.383 222.251 195.290 166.758 144.122 123.533 106.039 92.133 90.989 91.586 99.249 124.250 143.049 170.430 193.048 207.806 224.561 217.617 216.366 202.505 199.032 208.212 209.828 220.165 218.849 220.711 220.055 218.195 197.149 162.165 123.900 93.328 68.964 57.849 51.270 47.756 48.015 53.166 57.251 65.841 78.221 92.224 98.877 103.003 105.713 -999.250 -999.250 -999.250 -999.250 -999.250 -999.250 -999.250 -999.250 -999.250 -999.250 -999.250 -999.250
442.621 508.443 689.276 873.988 732.183 564.870 461.092 428.399 371.609 310.751 244.182 192.747 156.989 127.862 104.033 91.812 90.599 84.562 82.877 116.254 140.816 165.247 185.210 198.577 209.050 215.534 203.282 201.604 192.269 197.324 199.756 207.410 215.270 223.012 227.757 230.810 227.462 196.574 157.395 116.074 89.144 74.826 64.884 59.522 55.584 60.734 66.669 80.393 89.582 99.104 109.976 116.276 -999.250 -999.250 -999.250 -999.250 -999.250 -999.250 -999.250 -999.250 -999.250 -999.250 -999.250 -999.250 -999.250
602.551 746.200 1068.506 1420.539 1257.457 768.295 625.383 535.583 502.109 382.582 292.374 227.052 181.793 138.990 104.004 95.894 93.166 95.796 102.296 121.492 147.958 161.991 183.056 194.713 190.210 196.033 195.633 188.744 185.945 179.628 189.105 200.599 210.074 217.792 229.051 245.203 261.418 207.099 173.065 132.707 108.498 92.661 78.557 72.953 66.364 65.561 67.194 85.310 95.277 105.767 121.286 116.403 -999.250 -999.250 -999.250 -999.250 -999.250 -999.250 -999.250 -999.250 -999.250 -999.250 -999.250 -999.250 -999.250
