data/medianmodel_11-Oct-2020.asc
ncols	141
nrows	288
xllcorner	-120191.398
yllcorner	-301404.813
cellsize	2000.000
NODATA_value	-999.250
[rows 30 to 59 of 288, columns 68 to 135 of 141]
151.675 157.429 165.566 147.062 125.830 110.764 98.282 85.922 62.607 49.635 34.010 25.539 22.282 20.488 24.282 23.452 33.435 50.872 60.592 74.744 79.304 82.104 89.497 94.683 97.246 106.766 109.238 98.621 95.544 95.516 88.731 80.093 83.923 79.369 82.548 81.469 91.699 85.265 101.376 113.367 122.711 146.361 158.437 180.371 180.958 208.726 211.707 218.142 235.849 239.576 234.883 234.189 203.942 194.827 202.252 174.613 181.842 170.358 139.980 124.285 108.482 99.922 93.603 82.420 77.380 71.154 70.656 87.901
120.474 119.892 109.235 105.951 91.838 85.320 77.401 58.124 52.285 40.388 35.760 31.250 32.023 27.510 32.032 34.497 41.286 53.402 61.128 65.603 76.500 76.918 80.597 86.720 95.347 96.885 100.546 101.042 97.135 96.928 84.271 84.276 87.095 84.625 82.763 82.644 84.251 96.578 102.015 108.568 119.601 137.453 158.948 171.065 165.566 176.055 186.650 195.775 204.274 214.361 224.173 225.245 198.105 191.502 173.111 168.348 168.028 141.520 119.273 106.408 95.414 78.805 70.621 64.013 60.521 54.655 53.940 70.532
76.308 82.889 80.063 82.028 70.821 59.528 57.270 49.625 42.847 39.462 35.573 41.965 45.075 43.767 38.639 43.890 52.488 54.757 55.001 61.677 62.752 63.926 69.398 81.184 88.207 93.778 93.093 89.274 84.611 89.224 78.864 87.344 80.630 75.226 78.261 74.969 75.263 86.131 95.696 102.966 105.008 123.698 152.867 157.902 169.761 172.062 176.884 185.935 175.594 183.512 179.623 194.430 179.535 171.018 166.779 149.897 135.247 118.551 117.250 96.052 79.314 68.129 56.418 48.311 48.908 38.850 38.069 49.296
52.416 50.082 50.079 51.871 50.657 41.147 44.888 44.401 38.334 45.600 45.023 56.437 64.359 60.129 54.596 52.511 57.568 55.017 61.615 54.387 63.677 59.424 66.518 79.143 78.945 85.658 84.626 84.908 75.667 75.549 72.781 80.674 88.320 79.376 76.382 77.248 81.053 80.953 85.212 97.732 103.334 122.321 144.859 137.607 156.599 150.902 164.629 161.219 175.260 167.029 176.985 173.155 180.310 163.906 153.696 143.664 131.054 115.512 113.642 84.933 77.565 50.825 43.980 42.130 36.875 29.786 41.341 39.314
33.582 27.526 32.653 36.676 33.526 33.245 41.089 40.829 44.656 60.884 57.606 70.056 76.579 82.208 70.805 59.736 57.264 61.780 59.398 54.184 54.129 51.973 54.201 65.305 73.583 76.874 67.970 69.123 65.165 67.261 68.229 72.349 77.106 81.394 83.265 78.921 78.459 76.712 82.488 88.038 99.348 114.992 136.446 141.083 133.736 148.165 148.234 160.658 162.815 154.655 164.383 159.873 162.293 151.353 146.504 135.060 107.432 116.090 103.612 97.160 68.512 44.915 37.694 34.138 26.545 25.923 30.751 39.073
24.898 25.618 25.898 25.944 25.912 31.658 43.367 46.009 52.044 58.211 58.943 72.008 83.033 91.966 80.024 73.597 62.878 60.634 59.672 51.117 51.015 47.720 51.695 55.899 63.669 59.453 66.011 60.967 59.536 64.111 65.931 70.113 74.616 75.327 76.813 85.669 78.598 77.604 89.500 97.035 104.741 114.440 119.029 145.299 142.265 149.393 156.398 152.692 152.654 152.890 151.598 163.963 148.451 143.375 125.329 137.774 116.624 108.022 103.650 91.521 67.008 50.718 39.855 27.308 25.958 24.360 29.283 36.831
21.721 22.580 25.142 26.005 28.306 36.665 49.054 51.988 62.754 68.270 72.733 80.450 90.637 93.551 87.697 82.840 75.995 64.231 56.376 44.793 38.543 33.365 37.877 44.175 51.040 50.813 59.042 56.953 64.726 69.174 63.726 68.953 72.866 79.361 77.376 83.639 89.162 94.398 98.264 99.502 102.681 124.882 138.350 134.786 151.070 149.225 146.784 142.519 136.455 147.845 146.362 159.981 161.556 139.264 153.403 135.275 107.813 107.545 100.446 89.062 66.815 54.600 41.987 32.981 25.942 27.568 30.653 39.062
18.411 19.793 24.028 26.503 30.080 43.524 57.279 59.843 63.241 66.536 80.926 98.131 94.371 94.171 91.915 81.206 73.632 64.959 50.248 36.339 31.419 28.436 28.500 39.424 42.539 49.194 50.186 55.021 56.923 60.291 68.398 69.174 76.964 80.186 88.017 92.175 101.484 117.528 108.481 110.998 117.476 137.795 144.076 142.539 140.277 148.052 148.205 156.384 147.490 160.709 155.362 163.879 162.151 155.616 143.514 140.913 136.133 122.292 104.683 86.348 62.662 60.407 50.183 44.208 43.343 36.217 33.460 47.205
16.504 19.745 24.089 27.365 35.952 52.835 60.363 73.767 74.914 83.428 86.979 96.616 102.988 101.630 89.687 89.529 78.165 62.889 40.886 28.741 23.811 17.287 21.358 32.561 30.764 31.652 42.132 49.670 49.637 55.972 63.655 62.549 71.526 82.180 89.161 100.234 109.550 106.381 120.316 126.302 136.187 151.736 148.153 153.414 151.527 160.967 152.551 154.764 147.284 152.991 148.300 159.762 149.607 148.315 139.344 140.138 129.514 124.077 101.941 88.554 63.221 67.252 58.359 47.385 48.797 42.567 43.024 51.322
15.579 17.828 26.495 37.233 46.083 59.289 69.045 81.547 95.689 100.051 101.263 101.326 92.192 99.597 91.338 87.664 71.041 61.854 34.479 20.611 11.862 9.402 14.949 23.437 23.301 28.930 32.949 39.474 47.777 49.768 60.349 64.728 65.645 84.178 92.070 105.214 104.908 120.068 115.548 135.375 155.047 158.347 152.756 154.612 155.798 156.516 150.903 159.943 158.360 158.506 171.897 154.161 152.147 154.540 162.468 144.809 138.540 139.523 106.385 96.675 94.851 73.573 60.276 52.497 53.707 53.620 55.554 61.636
11.149 15.490 23.737 40.207 51.498 62.611 72.013 100.008 100.258 100.765 104.250 105.705 100.237 87.556 95.834 78.733 73.477 53.773 35.763 17.859 0.000 3.670 13.663 15.304 18.353 22.440 30.613 37.671 40.868 47.181 52.638 56.255 63.354 79.814 89.900 95.596 109.940 118.713 139.849 143.688 162.264 163.809 163.972 162.619 161.569 159.382 162.091 170.109 172.913 163.223 164.751 166.675 157.346 163.607 161.584 164.418 150.656 146.531 116.146 100.899 106.859 83.214 74.869 72.469 58.536 59.572 65.153 -999.250
10.375 14.944 27.077 44.798 60.483 85.615 98.777 105.797 109.012 123.010 112.175 106.056 103.097 99.807 94.075 90.489 79.169 51.974 38.026 21.497 13.265 13.766 13.548 13.387 17.512 20.219 26.663 29.307 39.546 38.056 38.967 48.070 64.825 78.714 83.607 108.019 110.496 122.291 142.048 154.857 167.413 172.836 175.457 177.081 174.507 166.443 172.096 174.279 184.334 178.005 175.667 167.154 152.596 172.951 178.156 163.480 154.049 152.483 136.277 106.353 94.816 98.666 98.217 85.297 80.441 82.351 70.037 70.691
12.496 18.207 31.985 47.830 69.780 88.024 104.536 114.034 119.313 113.939 116.769 114.559 114.443 102.733 95.426 85.658 77.206 60.450 38.370 33.319 23.087 17.869 14.937 15.142 16.522 19.617 24.162 25.365 28.688 35.012 41.196 49.754 70.384 73.655 96.697 104.948 107.975 125.017 148.237 166.530 176.694 182.496 191.542 194.865 216.621 182.273 174.817 183.208 183.995 193.025 193.258 177.954 170.599 167.547 179.414 178.202 179.665 165.148 151.831 131.868 116.771 107.580 97.586 91.074 -999.250 -999.250 -999.250 -999.250
15.759 20.576 36.386 46.084 71.305 94.809 108.871 116.422 114.936 121.123 126.614 108.244 104.708 93.359 95.403 80.264 73.614 56.285 48.098 35.907 28.878 18.615 17.135 13.627 15.552 15.703 18.858 19.896 21.850 31.680 37.675 54.405 58.026 76.053 94.182 108.918 118.641 137.778 155.192 157.160 173.980 197.802 198.479 200.666 188.802 186.425 206.804 191.743 189.420 197.080 184.656 185.751 182.249 170.597 173.610 175.012 167.448 168.857 157.667 135.323 120.300 112.515 115.910 107.470 102.856 -999.250 -999.250 -999.250
16.556 20.825 32.123 44.212 65.224 79.497 102.089 112.461 125.492 117.238 119.980 113.943 108.219 91.507 80.700 65.233 52.826 48.749 48.261 42.627 30.761 23.842 21.827 18.708 15.206 16.339 16.898 18.424 20.325 23.801 36.232 48.906 59.276 74.050 82.866 90.988 107.038 125.048 142.965 163.719 168.328 182.006 191.137 186.610 190.975 191.200 190.625 197.840 198.723 187.428 191.148 191.290 192.453 189.302 177.780 183.641 178.848 159.584 140.348 122.005 126.033 126.273 95.346 -999.250 -999.250 -999.250 -999.250 -999.250
19.884 20.553 28.400 42.110 56.847 85.088 96.272 114.589 134.322 111.812 111.577 109.690 96.394 89.377 60.487 49.166 55.644 43.482 49.198 44.489 40.626 30.975 25.627 20.821 18.871 17.821 17.576 16.502 19.195 22.695 30.182 41.562 52.378 63.442 78.009 81.714 102.096 115.765 141.275 155.042 173.709 172.863 176.209 186.867 191.521 197.110 190.913 194.975 184.112 186.762 206.205 197.753 226.406 197.812 191.924 186.607 172.758 159.387 150.368 135.598 128.979 135.242 128.575 -999.250 -999.250 -999.250 -999.250 -999.250
21.846 19.133 28.490 41.748 54.232 80.533 94.052 109.173 132.100 116.687 105.175 94.494 90.835 69.931 54.591 43.858 45.379 41.996 46.984 51.404 47.119 40.011 30.844 20.327 17.916 12.662 14.341 14.333 18.083 22.141 26.305 37.255 46.167 55.106 67.145 80.402 98.818 108.487 138.316 148.922 161.125 175.059 176.024 187.689 192.591 185.679 189.759 180.608 181.287 191.979 219.807 225.679 227.145 204.530 190.197 179.609 167.157 164.453 162.781 148.795 135.129 127.481 -999.250 -999.250 -999.250 -999.250 -999.250 -999.250
19.424 22.956 26.292 38.225 57.566 67.262 91.345 98.842 106.171 106.887 98.658 84.664 75.316 54.277 45.684 30.274 35.137 33.538 40.782 48.527 56.471 46.960 25.146 20.202 16.688 12.720 10.804 12.981 13.268 19.420 24.807 39.868 39.301 49.636 63.560 74.415 90.844 106.705 133.834 143.073 160.970 165.597 175.966 186.625 187.589 180.976 182.664 169.093 176.108 196.222 213.919 200.611 205.700 198.242 182.324 172.695 175.233 157.531 160.388 142.048 -999.250 -999.250 -999.250 -999.250 -999.250 -999.250 -999.250 -999.250
21.929 22.993 24.169 28.789 44.974 60.878 68.564 82.803 94.184 83.829 76.112 70.556 54.844 40.861 24.607 21.136 19.792 26.759 31.895 46.068 47.684 38.572 26.094 21.766 16.879 12.173 9.960 5.615 11.608 17.684 21.703 29.720 38.463 47.396 53.876 77.268 85.082 97.223 114.172 128.203 149.763 164.100 164.781 172.307 171.936 175.751 170.581 171.104 173.100 185.136 188.544 194.833 197.224 188.480 172.750 164.898 150.027 141.198 163.828 147.494 -999.250 -999.250 -999.250 -999.250 -999.250 -999.250 -999.250 -999.250
19.207 18.636 19.311 25.116 33.350 39.986 55.524 60.050 72.233 75.539 64.438 60.059 46.899 25.256 14.439 0.000 13.421 21.119 27.027 31.970 32.369 27.238 24.974 19.480 12.530 9.337 1.990 0.000 5.420 13.475 20.995 30.411 31.855 45.924 53.222 63.762 86.490 87.538 105.158 116.745 128.710 152.010 151.722 167.036 159.111 170.829 165.032 164.660 166.452 181.150 180.578 189.677 184.559 167.597 162.491 -999.250 148.876 131.180 -999.250 -999.250 -999.250 -999.250 -999.250 -999.250 -999.250 -999.250 -999.250 -999.250
13.831 13.012 13.779 15.405 21.406 24.633 36.496 50.308 52.841 56.110 55.514 45.015 34.132 19.899 10.461 2.525 5.560 17.307 17.706 24.358 22.018 24.226 19.590 17.505 13.259 6.548 2.171 5.589 7.541 14.880 20.617 27.250 36.365 44.830 51.273 62.409 78.299 88.777 95.557 110.078 124.637 133.191 156.036 145.857 132.625 140.195 140.834 156.032 161.414 163.766 172.534 176.243 171.884 -999.250 -999.250 -999.250 -999.250 -999.250 -999.250 -999.250 -999.250 -999.250 -999.250 -999.250 -999.250 -999.250 -999.250 -999.250
15.183 6.217 6.648 9.317 16.397 18.818 24.277 30.034 38.530 38.769 35.120 29.037 25.057 14.989 5.543 6.277 5.208 14.878 19.975 20.079 21.959 17.196 18.114 15.073 12.433 13.046 8.691 5.843 10.701 13.055 16.350 23.133 29.031 42.679 47.640 55.761 67.438 73.210 88.521 108.055 108.132 124.040 128.978 131.503 123.128 126.485 154.268 146.891 135.979 151.280 149.470 152.445 -999.250 -999.250 -999.250 -999.250 -999.250 -999.250 -999.250 -999.250 -999.250 -999.250 -999.250 -999.250 -999.250 -999.250 -999.250 -999.250
14.223 6.839 0.000 0.000 4.302 12.809 15.154 24.455 29.283 31.682 29.075 22.517 18.051 13.970 4.804 4.123 8.540 12.395 14.713 16.581 16.746 16.675 14.504 14.710 10.236 11.268 10.867 8.304 11.273 12.098 17.054 20.448 22.840 27.794 37.992 53.474 55.392 65.136 80.672 97.522 103.719 107.072 118.105 114.646 114.853 113.185 113.458 116.010 117.432 128.251 138.806 136.859 -999.250 -999.250 -999.250 -999.250 -999.250 -999.250 -999.250 -999.250 -999.250 -999.250 -999.250 -999.250 -999.250 -999.250 -999.250 -999.250
21.769 8.639 0.000 0.000 0.745 14.244 31.700 27.048 29.398 28.137 22.209 21.842 17.331 11.855 5.933 1.254 3.378 8.269 10.799 12.765 14.484 15.428 15.162 11.759 11.480 10.735 10.744 12.865 10.647 11.668 15.872 19.911 18.519 22.721 28.846 38.668 51.982 63.542 74.626 94.551 95.277 102.986 103.985 96.321 102.549 113.513 117.589 99.371 104.855 109.536 118.215 -999.250 -999.250 -999.250 -999.250 -999.250 -999.250 -999.250 -999.250 -999.250 -999.250 -999.250 -999.250 -999.250 -999.250 -999.250 -999.250 -999.250
44.885 25.120 0.000 0.000 2.054 13.763 21.445 25.405 22.716 23.918 22.182 19.951 12.952 10.241 2.667 0.579 5.952 8.626 10.729 10.668 7.585 7.287 11.835 7.629 8.035 7.215 10.442 10.909 12.652 13.335 13.408 18.432 17.145 20.690 27.158 37.714 46.417 59.587 63.876 83.308 86.007 87.619 98.576 91.096 91.217 102.822 97.761 96.927 91.806 95.485 -999.250 -999.250 -999.250 -999.250 -999.250 -999.250 -999.250 -999.250 -999.250 -999.250 -999.250 -999.250 -999.250 -999.250 -999.250 -999.250 -999.250 -999.250
86.026 59.760 39.029 22.460 14.674 14.825 15.308 15.780 19.335 21.187 19.713 20.390 13.045 5.193 3.852 0.000 0.000 1.391 5.560 6.540 2.895 0.000 4.655 8.214 8.207 7.174 10.071 9.200 12.691 12.683 13.630 12.867 17.056 20.474 24.879 34.353 45.423 50.151 56.730 63.783 70.887 71.878 72.841 80.983 74.451 82.469 87.649 82.791 83.880 95.569 -999.250 -999.250 -999.250 -999.250 -999.250 -999.250 -999.250 -999.250 -999.250 -999.250 -999.250 -999.250 -999.250 -999.250 -999.250 -999.250 -999.250 -999.250
160.638 127.818 83.910 49.930 28.121 15.502 13.381 17.246 17.452 20.396 19.258 17.387 11.424 7.484 0.923 0.000 0.000 0.010 1.918 1.994 1.029 0.049 1.480 5.018 5.739 3.139 7.346 9.606 10.453 8.675 8.396 13.906 15.608 18.491 23.095 22.879 30.905 42.391 53.027 49.357 55.483 61.908 62.877 68.104 67.918 73.541 82.296 77.377 68.493 -999.250 -999.250 -999.250 -999.250 -999.250 -999.250 -999.250 -999.250 -999.250 -999.250 -999.250 -999.250 -999.250 -999.250 -999.250 -999.250 -999.250 -999.250 -999.250
246.621 172.498 117.704 70.742 44.270 20.084 16.843 12.789 16.428 19.780 16.830 17.334 14.045 10.820 3.032 0.000 0.000 0.000 2.922 3.609 2.557 2.193 2.693 3.372 1.875 2.730 2.521 6.155 5.591 9.478 9.144 13.880 13.243 15.377 19.458 24.267 29.068 30.273 36.564 52.031 49.805 52.180 51.873 60.693 57.358 56.675 64.043 60.643 71.215 -999.250 -999.250 -999.250 -999.250 -999.250 -999.250 -999.250 -999.250 -999.250 -999.250 -999.250 -999.250 -999.250 -999.250 -999.250 -999.250 -999.250 -999.250 -999.250
217.502 188.510 140.882 96.630 63.319 31.845 25.385 18.653 16.272 18.912 18.309 16.720 13.965 12.084 4.294 0.178 0.000 0.000 0.079 2.098 1.316 0.000 3.619 2.423 2.097 3.068 6.073 4.520 4.494 7.254 7.233 12.898 16.014 16.432 20.584 21.437 25.459 33.884 41.864 42.041 47.580 45.834 49.165 50.669 45.808 55.892 51.479 53.453 56.284 -999.250 -999.250 -999.250 -999.250 -999.250 -999.250 -999.250 -999.250 -999.250 -999.250 -999.250 -999.250 -999.250 -999.250 -999.250 -999.250 -999.250 -999.250 -999.250
200.480 179.733 140.940 104.361 76.259 49.862 33.028 24.682 21.733 20.106 19.780 17.040 13.599 6.465 7.894 5.262 0.000 0.687 0.480 0.742 0.000 0.000 1.036 0.274 3.745 3.271 6.264 7.024 6.202 4.598 8.852 14.018 13.385 18.747 22.108 21.042 25.360 29.663 33.523 34.381 38.209 40.594 39.654 40.992 39.904 46.725 45.917 48.764 -999.250 -999.250 -999.250 -999.250 -999.250 -999.250 -999.250 -999.250 -999.250 -999.250 -999.250 -999.250 -999.250 -999.250 -999.250 -999.250 -999.250 -999.250 -999.250 -999.250
