data/medianmodel_23-Mar-2020.asc
ncols	141
nrows	288
xllcorner	-120191.398
yllcorner	-301404.813
cellsize	2000.000
NODATA_value	-999.250
[rows 31 to 61 of 288, columns 70 to 139 of 141]
0.000 0.000 0.000 0.000 0.000 0.000 0.000 0.000 0.000 0.000 0.000 0.300 0.000 0.000 0.686 2.206 3.391 4.167 4.656 3.032 4.776 6.514 5.924 5.734 7.605 9.255 8.479 8.697 10.631 12.655 11.342 11.569 12.557 14.276 14.234 14.970 15.531 18.099 18.175 18.434 15.378 14.483 14.716 14.157 14.903 15.904 16.855 14.489 12.783 11.750 10.991 8.572 7.820 4.983 4.000 2.047 0.435 0.000 0.000 0.000 0.000 0.000 0.000 0.000 0.000 1.571 2.030 4.236 3.683 5.797
0.000 0.000 0.000 0.000 0.000 0.000 0.000 0.000 0.000 0.000 0.000 0.000 0.000 0.000 1.231 1.961 3.682 5.033 3.530 3.596 4.591 3.662 6.162 6.130 8.535 8.529 9.011 9.863 9.030 10.045 10.542 11.963 12.567 13.563 13.880 16.353 21.392 20.856 24.537 20.307 16.758 14.624 13.933 14.624 14.180 14.020 14.571 13.311 10.767 11.357 9.790 8.533 5.206 5.053 4.373 2.343 0.468 0.000 0.000 0.000 0.000 0.000 0.000 0.000 0.000 0.107 1.473 3.035 4.378 4.892
0.000 0.000 0.000 0.000 0.000 0.000 0.000 0.000 0.000 0.000 0.000 0.000 0.000 0.000 1.120 2.111 3.659 4.500 4.513 3.605 3.620 4.831 5.609 6.336 7.291 7.016 10.018 9.810 11.252 10.940 10.653 12.626 13.390 13.129 16.595 17.640 19.249 23.831 27.556 22.199 18.238 16.745 15.732 17.171 15.638 13.878 13.069 13.696 11.582 9.464 9.029 4.994 6.517 3.908 3.754 1.883 1.565 0.000 0.000 0.000 0.000 0.000 0.000 0.000 0.000 0.000 0.980 2.597 3.334 -999.250
0.000 0.000 0.000 0.000 0.000 0.000 0.000 0.000 0.000 0.000 0.000 0.000 0.000 0.306 0.538 2.261 2.590 4.268 3.541 2.573 4.030 3.118 4.229 6.349 6.609 7.812 9.415 10.346 12.080 11.927 10.758 13.164 13.047 13.654 15.073 14.715 19.090 19.015 23.170 18.258 17.112 16.121 15.787 14.845 13.807 12.585 12.541 11.410 12.709 8.866 8.618 6.864 4.294 4.690 3.916 1.786 0.000 0.000 0.000 0.000 0.000 0.000 0.000 0.000 0.000 0.000 0.879 2.280 -999.250 -999.250
0.000 0.000 0.000 0.000 0.000 0.000 0.871 0.472 0.000 0.000 0.000 0.000 0.000 0.069 1.191 0.783 1.389 1.378 1.126 1.874 3.941 4.301 6.062 6.029 6.703 7.829 9.474 10.741 10.676 13.349 13.050 13.257 13.472 13.974 14.923 15.137 16.441 18.530 19.371 17.209 15.506 15.009 15.216 12.913 12.944 12.406 12.759 12.598 11.086 7.924 8.144 7.264 4.685 3.864 2.704 2.267 0.272 0.000 0.000 0.000 0.000 0.000 0.000 0.000 0.000 0.000 1.298 -999.250 -999.250 -999.250
0.000 0.000 0.000 0.000 0.576 0.561 0.000 1.454 0.000 0.000 0.000 0.000 0.000 0.019 0.450 1.127 1.006 1.445 1.273 2.058 3.873 4.348 5.046 6.032 5.787 8.824 9.120 11.922 12.505 13.791 13.557 13.096 12.244 12.967 13.549 13.423 15.116 16.921 15.466 16.450 15.557 14.143 13.321 12.675 12.120 10.463 9.126 10.171 9.010 9.766 6.722 6.218 3.750 2.237 1.808 0.187 0.316 0.000 0.000 0.000 0.000 0.000 0.000 0.000 0.000 0.000 1.309 -999.250 -999.250 -999.250
0.000 0.523 1.068 0.000 0.673 1.278 1.838 1.347 1.967 0.000 0.624 1.005 0.873 0.884 0.298 0.000 0.000 0.554 0.904 0.499 1.595 4.282 4.539 5.179 5.631 7.887 7.993 9.670 10.575 12.687 11.850 12.017 11.553 9.874 10.814 12.480 13.315 13.951 12.808 11.501 12.579 12.830 12.282 13.785 10.022 10.964 9.603 9.277 7.796 8.157 6.108 3.995 2.441 3.984 0.756 0.601 0.474 0.000 0.000 0.000 0.000 0.308 0.000 0.000 0.392 0.217 -999.250 -999.250 -999.250 -999.250
1.250 2.147 2.108 1.872 3.441 2.804 2.342 2.528 2.008 1.934 1.422 1.960 1.962 1.709 0.098 0.000 0.000 0.000 0.000 0.687 2.459 2.443 4.305 4.604 6.836 5.888 6.249 6.707 7.549 9.266 10.673 10.117 8.291 8.019 12.224 10.851 12.477 12.215 11.186 10.590 7.420 12.131 12.530 11.675 11.271 9.841 11.081 7.414 5.129 5.796 5.119 3.011 3.966 3.437 2.875 1.012 0.462 0.344 0.092 0.000 0.000 0.490 0.763 0.000 1.952 3.271 -999.250 -999.250 -999.250 -999.250
1.588 1.515 2.682 4.119 2.316 2.684 1.376 2.836 1.701 1.645 1.387 1.536 0.481 1.243 0.000 0.000 0.000 0.000 0.000 0.000 0.411 0.887 2.602 5.710 6.958 6.777 6.120 7.011 6.201 7.170 6.700 7.117 7.767 7.705 9.061 8.273 11.571 9.581 10.288 10.749 10.255 9.491 8.453 8.953 7.379 7.301 7.361 6.310 5.587 5.238 3.008 3.111 4.663 4.545 2.199 0.000 0.362 0.164 0.082 0.707 0.684 0.764 2.053 1.322 1.987 2.455 -999.250 -999.250 -999.250 -999.250
1.310 1.748 4.904 4.914 5.219 3.815 5.325 5.144 3.057 3.020 3.284 2.876 1.339 0.661 0.407 0.000 0.000 0.000 0.000 0.000 0.000 0.852 1.757 3.176 5.058 5.777 6.046 5.835 6.490 5.327 5.970 5.626 6.037 6.126 6.900 6.262 7.531 6.885 6.002 5.978 5.185 6.043 6.886 7.013 5.718 5.639 4.800 5.622 4.749 3.770 2.869 3.408 4.473 3.545 2.962 0.641 0.232 0.698 2.015 2.558 1.850 1.365 1.460 1.658 3.397 -999.250 -999.250 -999.250 -999.250 -999.250
1.011 1.614 5.357 5.171 4.971 5.293 4.647 5.535 4.780 3.574 3.294 2.619 2.599 1.568 0.551 0.129 0.000 0.000 0.000 0.000 0.000 1.066 1.437 2.224 4.085 3.499 4.056 3.726 4.455 4.709 4.259 3.790 5.172 5.065 4.236 4.552 4.720 4.544 2.346 2.298 4.305 3.475 5.385 4.880 3.619 5.265 5.057 5.134 3.730 1.972 1.804 1.349 2.028 3.242 1.359 1.546 0.912 1.839 0.804 2.025 2.119 2.504 2.768 2.228 2.843 4.098 -999.250 -999.250 -999.250 -999.250
2.811 3.879 5.191 5.712 5.289 6.150 6.648 5.563 5.741 7.119 5.362 4.711 2.948 3.300 0.718 0.971 0.000 0.000 0.000 0.000 0.000 0.513 1.798 2.005 3.729 3.235 3.014 2.075 3.494 3.897 3.050 1.145 2.764 3.917 1.396 2.929 2.627 2.036 1.181 1.896 0.165 1.549 3.318 1.919 3.060 3.320 2.093 3.702 3.817 1.925 1.299 1.579 1.610 2.363 3.062 2.212 2.473 3.168 1.011 1.724 3.314 2.398 -999.250 -999.250 -999.250 -999.250 -999.250 -999.250 -999.250 -999.250
4.720 5.221 4.682 6.526 6.994 9.494 8.229 10.058 8.295 6.253 7.381 6.404 4.281 3.651 1.199 1.408 0.034 0.000 0.000 0.000 0.000 0.544 1.162 1.072 1.445 2.069 2.222 2.971 1.050 1.919 0.549 0.959 1.024 2.198 1.562 2.553 1.307 1.453 0.000 0.000 0.000 1.211 1.040 1.464 1.679 2.207 1.575 2.831 3.038 1.030 0.930 0.137 1.643 3.185 2.978 2.420 2.928 1.747 1.312 3.762 2.141 2.843 3.849 -999.250 -999.250 -999.250 -999.250 -999.250 -999.250 -999.250
3.773 6.003 5.345 7.021 9.875 9.932 10.138 9.844 8.833 8.925 6.981 5.100 3.188 2.765 1.524 0.784 0.017 1.196 0.000 0.160 0.000 0.101 0.623 0.222 0.725 2.028 1.589 1.849 1.008 0.759 0.301 0.223 0.000 0.862 1.329 1.269 0.444 0.539 0.000 0.000 0.000 0.000 0.750 0.157 1.551 1.743 0.210 0.740 1.351 0.758 0.000 0.000 0.238 2.069 1.657 1.061 2.576 2.240 2.546 3.477 4.245 -999.250 -999.250 -999.250 -999.250 -999.250 -999.250 -999.250 -999.250 -999.250
2.523 3.476 4.771 7.649 8.644 10.808 10.835 10.495 9.149 6.798 5.977 5.039 3.195 2.066 1.371 0.000 0.378 0.862 0.000 0.000 0.000 0.453 0.396 0.000 0.170 0.610 1.168 0.516 0.459 0.227 0.000 0.000 0.000 0.000 0.916 0.000 1.137 0.145 0.000 0.000 0.000 0.178 0.000 0.000 0.000 0.039 1.015 0.947 1.305 0.000 0.000 0.000 1.506 1.291 0.393 1.175 0.968 1.067 2.590 3.884 4.690 -999.250 -999.250 -999.250 -999.250 -999.250 -999.250 -999.250 -999.250 -999.250
1.772 4.017 3.727 5.188 7.710 10.007 12.009 10.411 8.575 6.140 5.503 4.312 1.641 1.639 1.306 0.530 0.000 0.000 0.000 0.000 0.000 0.000 0.000 0.000 0.814 0.006 0.139 0.893 0.401 0.000 0.000 0.000 0.209 0.015 1.188 0.077 1.340 1.565 1.759 1.500 1.626 0.201 0.179 0.000 0.000 0.260 2.135 1.349 0.798 0.000 0.000 0.000 0.594 0.796 0.622 0.958 1.505 1.981 2.670 3.665 -999.250 -999.250 -999.250 -999.250 -999.250 -999.250 -999.250 -999.250 -999.250 -999.250
1.556 2.311 2.999 4.348 6.858 7.990 8.660 7.762 6.684 4.947 4.126 3.271 2.379 0.624 0.728 0.160 0.000 0.000 0.000 0.000 0.000 0.000 0.000 0.000 0.000 0.000 0.898 0.000 0.000 0.000 0.000 0.000 0.000 0.127 2.241 2.596 3.486 2.668 2.382 2.751 3.220 0.915 0.265 1.484 1.435 0.720 0.590 0.142 0.754 0.000 0.000 0.000 0.184 0.941 1.440 1.506 1.732 1.774 -999.250 -999.250 -999.250 -999.250 -999.250 -999.250 -999.250 -999.250 -999.250 -999.250 -999.250 -999.250
0.202 1.335 2.687 3.380 3.969 7.103 6.761 6.965 4.973 4.431 4.148 2.632 0.294 0.029 0.000 0.000 0.000 0.000 0.000 0.000 0.000 0.000 0.000 0.000 0.000 0.000 0.000 0.182 0.000 0.000 0.000 0.000 0.287 1.539 2.490 4.025 3.331 4.487 3.256 3.132 2.789 1.516 1.402 0.147 0.864 1.493 0.131 0.000 0.000 0.000 0.000 0.368 1.663 1.168 1.775 2.798 4.127 3.636 -999.250 -999.250 -999.250 -999.250 -999.250 -999.250 -999.250 -999.250 -999.250 -999.250 -999.250 -999.250
0.000 0.872 1.980 2.257 3.157 3.740 4.443 4.659 5.409 3.860 3.369 1.398 0.000 0.000 0.000 0.000 0.000 0.000 0.000 0.000 0.000 0.000 0.000 0.000 0.000 0.000 0.000 0.000 0.000 0.671 0.324 1.403 1.732 3.137 3.604 4.829 5.880 5.933 4.922 3.896 4.416 2.866 2.667 2.823 2.884 0.948 0.000 0.000 0.000 0.000 0.000 0.052 0.202 -999.250 3.051 3.758 -999.250 -999.250 -999.250 -999.250 -999.250 -999.250 -999.250 -999.250 -999.250 -999.250 -999.250 -999.250 -999.250 -999.250
0.000 0.000 0.000 0.304 2.187 2.986 2.669 2.705 2.585 3.403 2.521 0.787 0.000 0.000 0.000 0.000 0.000 0.000 0.000 0.000 0.000 0.000 0.000 0.000 0.000 0.000 0.000 0.053 0.021 1.392 2.862 3.480 5.571 4.968 6.110 4.760 5.584 5.918 6.941 6.467 5.702 4.439 4.867 4.201 1.951 0.965 0.433 0.000 0.000 0.000 0.028 -999.250 -999.250 -999.250 -999.250 -999.250 -999.250 -999.250 -999.250 -999.250 -999.250 -999.250 -999.250 -999.250 -999.250 -999.250 -999.250 -999.250 -999.250 -999.250
0.000 0.000 0.000 0.000 0.059 1.246 2.356 2.922 1.603 1.411 0.578 0.000 0.000 0.000 0.000 0.000 0.000 0.000 0.000 0.000 0.000 0.000 0.000 0.000 0.000 0.000 0.000 0.566 0.744 2.231 3.715 5.575 5.556 7.909 8.032 10.249 9.085 8.191 8.277 6.158 6.922 5.335 4.859 4.639 2.294 0.739 0.948 0.000 0.000 0.000 -999.250 -999.250 -999.250 -999.250 -999.250 -999.250 -999.250 -999.250 -999.250 -999.250 -999.250 -999.250 -999.250 -999.250 -999.250 -999.250 -999.250 -999.250 -999.250 -999.250
0.000 0.000 0.000 0.000 0.000 0.000 1.950 2.208 2.805 0.957 0.619 0.000 0.000 0.000 0.000 0.000 0.000 0.000 0.000 0.000 0.000 0.000 0.000 0.000 0.000 0.000 0.289 0.941 2.526 2.106 5.033 6.275 7.123 9.546 9.692 11.360 9.011 9.298 8.619 8.528 8.986 5.013 6.092 3.897 3.396 2.124 0.000 0.000 0.000 0.000 -999.250 -999.250 -999.250 -999.250 -999.250 -999.250 -999.250 -999.250 -999.250 -999.250 -999.250 -999.250 -999.250 -999.250 -999.250 -999.250 -999.250 -999.250 -999.250 -999.250
0.000 0.000 0.000 0.000 0.000 0.000 0.212 1.391 2.300 0.249 0.000 0.000 0.000 0.000 0.000 0.000 0.000 0.000 0.000 0.000 0.000 0.000 0.000 0.000 0.000 0.000 0.302 0.635 1.399 2.172 3.115 6.176 6.299 11.239 12.995 12.517 10.765 8.489 8.048 8.302 7.433 5.908 5.281 4.097 1.564 1.050 0.027 0.000 0.000 -999.250 -999.250 -999.250 -999.250 -999.250 -999.250 -999.250 -999.250 -999.250 -999.250 -999.250 -999.250 -999.250 -999.250 -999.250 -999.250 -999.250 -999.250 -999.250 -999.250 -999.250
0.000 0.000 0.000 0.000 0.000 0.000 0.000 0.000 0.000 0.000 0.000 0.000 0.000 0.000 0.000 0.000 0.000 0.000 0.000 0.000 0.000 0.000 0.000 0.000 0.000 0.000 0.825 0.519 0.432 0.373 2.766 4.501 6.681 9.693 11.493 12.293 11.470 8.837 6.984 6.019 7.641 6.183 7.611 3.146 2.110 0.424 0.154 0.000 -999.250 -999.250 -999.250 -999.250 -999.250 -999.250 -999.250 -999.250 -999.250 -999.250 -999.250 -999.250 -999.250 -999.250 -999.250 -999.250 -999.250 -999.250 -999.250 -999.250 -999.250 -999.250
0.093 0.000 0.000 0.000 0.000 0.000 0.000 0.000 0.000 0.000 0.000 0.000 0.000 0.000 0.000 0.000 0.000 0.000 0.000 0.000 0.000 0.000 0.000 0.000 0.000 0.000 0.076 0.000 0.954 0.612 1.864 2.922 5.873 7.440 10.186 10.650 9.733 9.380 8.919 8.301 6.303 5.109 5.911 3.976 1.431 0.160 0.000 0.000 -999.250 -999.250 -999.250 -999.250 -999.250 -999.250 -999.250 -999.250 -999.250 -999.250 -999.250 -999.250 -999.250 -999.250 -999.250 -999.250 -999.250 -999.250 -999.250 -999.250 -999.250 -999.250
2.619 0.179 0.000 0.000 0.000 0.000 0.000 0.000 0.000 0.000 0.000 0.000 0.000 0.000 0.000 0.000 0.000 0.000 0.000 0.000 0.000 0.000 0.000 0.000 0.000 0.000 0.000 0.000 0.000 0.000 0.177 2.030 3.733 5.017 5.963 8.027 8.259 7.745 7.044 6.924 7.527 6.071 4.070 3.827 0.828 0.000 0.000 -999.250 -999.250 -999.250 -999.250 -999.250 -999.250 -999.250 -999.250 -999.250 -999.250 -999.250 -999.250 -999.250 -999.250 -999.250 -999.250 -999.250 -999.250 -999.250 -999.250 -999.250 -999.250 -999.250
4.460 1.590 0.000 0.000 0.000 0.000 0.000 0.000 0.000 0.000 0.000 0.000 0.000 0.000 0.000 0.000 0.000 0.000 0.000 0.000 0.000 0.000 0.000 0.000 0.000 0.000 0.000 0.000 0.000 0.000 0.000 0.000 2.651 3.737 5.486 8.461 8.263 7.946 7.749 7.907 6.682 3.972 3.460 1.954 0.000 0.000 0.000 -999.250 -999.250 -999.250 -999.250 -999.250 -999.250 -999.250 -999.250 -999.250 -999.250 -999.250 -999.250 -999.250 -999.250 -999.250 -999.250 -999.250 -999.250 -999.250 -999.250 -999.250 -999.250 -999.250
3.781 1.743 0.000 0.000 0.000 0.000 0.000 0.000 0.000 0.000 0.000 0.000 0.000 0.000 0.000 0.000 0.000 0.000 0.000 0.000 0.000 0.000 0.000 0.000 0.000 0.000 0.000 0.000 0.000 0.000 0.000 0.000 3.105 4.563 4.622 6.172 7.015 7.266 7.564 5.529 5.621 4.400 2.318 2.117 0.191 0.000 0.000 -999.250 -999.250 -999.250 -999.250 -999.250 -999.250 -999.250 -999.250 -999.250 -999.250 -999.250 -999.250 -999.250 -999.250 -999.250 -999.250 -999.250 -999.250 -999.250 -999.250 -999.250 -999.250 -999.250
3.330 2.206 1.734 0.000 0.000 0.000 0.000 0.000 0.000 0.000 0.000 0.000 0.000 0.000 0.000 0.114 0.000 0.003 0.000 0.000 0.000 0.000 0.000 0.000 0.000 0.000 0.000 0.000 0.000 0.000 0.000 0.033 2.257 3.900 5.695 5.582 6.186 6.764 4.710 4.867 3.524 5.083 2.518 0.250 0.000 0.000 -999.250 -999.250 -999.250 -999.250 -999.250 -999.250 -999.250 -999.250 -999.250 -999.250 -999.250 -999.250 -999.250 -999.250 -999.250 -999.250 -999.250 -999.250 -999.250 -999.250 -999.250 -999.250 -999.250 -999.250
2.111 1.872 0.666 0.567 0.000 0.000 0.000 0.000 0.000 0.000 0.000 0.000 0.000 0.000 0.570 0.325 0.969 0.125 0.019 0.000 0.000 0.000 0.000 0.000 0.000 0.000 0.000 0.000 0.000 0.000 0.000 0.277 2.135 4.212 3.533 5.279 6.242 5.479 5.043 3.591 3.709 2.101 3.585 2.468 0.000 0.000 -999.250 -999.250 -999.250 -999.250 -999.250 -999.250 -999.250 -999.250 -999.250 -999.250 -999.250 -999.250 -999.250 -999.250 -999.250 -999.250 -999.250 -999.250 -999.250 -999.250 -999.250 -999.250 -999.250 -999.250
2.949 1.704 2.006 0.000 0.000 0.000 0.000 0.000 0.000 0.000 0.000 0.000 0.000 0.000 0.974 1.477 0.558 1.656 1.415 0.000 0.000 0.000 0.000 0.000 0.000 0.000 0.000 0.000 0.000 0.000 0.000 0.000 0.829 3.500 3.202 3.656 4.433 5.064 4.328 2.309 2.835 1.879 1.845 0.441 0.000 -999.250 -999.250 -999.250 -999.250 -999.250 -999.250 -999.250 -999.250 -999.250 -999.250 -999.250 -999.250 -999.250 -999.250 -999.250 -999.250 -999.250 -999.250 -999.250 -999.250 -999.250 -999.250 -999.250 -999.250 -999.250
