data/medianmodel_05-Jan-2021.asc
ncols	141
nrows	288
xllcorner	-120191.398
yllcorner	-301404.813
cellsize	2000.000
NODATA_value	-999.250
[rows 140 to 167 of 288, columns 0 to 64 of 141]
-999.250 -999.250 -999.250 -999.250 -999.250 -999.250 -999.250 -999.250 -999.250 -999.250 -999.250 -999.250 -999.250 -999.250 -999.250 -999.250 -999.250 -999.250 -999.250 307.022 317.684 351.164 411.970 478.894 520.595 550.523 597.654 587.523 641.434 692.379 756.176 724.760 662.985 637.597 622.541 635.844 636.208 662.898 684.254 691.442 695.716 700.159 737.932 710.723 702.405 685.367 685.950 675.323 668.722 628.857 585.820 577.484 550.429 504.322 453.564 357.957 303.233 275.971 289.590 391.059 543.352 746.843 1029.385 1235.051 1462.118
-999.250 -999.250 -999.250 -999.250 -999.250 -999.250 -999.250 -999.250 -999.250 -999.250 -999.250 -999.250 -999.250 -999.250 -999.250 -999.250 -999.250 -999.250 -999.250 352.581 341.023 375.853 442.624 510.259 543.505 579.829 626.612 605.849 634.171 687.033 710.945 710.601 677.665 660.154 654.444 632.629 662.184 653.910 692.925 691.092 736.524 756.470 781.532 760.941 733.622 694.556 649.908 654.710 653.097 599.343 562.946 529.439 497.741 439.877 388.416 322.761 268.046 243.190 282.323 383.252 548.791 794.782 1131.839 1437.319 1651.598
-999.250 -999.250 -999.250 -999.250 -999.250 -999.250 -999.250 -999.250 -999.250 -999.250 -999.250 -999.250 -999.250 -999.250 -999.250 -999.250 -999.250 -999.250 -999.250 399.219 390.451 417.277 474.682 537.240 567.049 590.738 623.988 634.606 664.198 697.858 707.545 704.013 689.550 655.646 653.409 628.202 655.394 658.820 703.551 740.771 775.226 792.804 799.519 746.393 728.795 686.977 653.454 635.695 616.345 566.400 549.896 506.371 471.459 394.836 349.300 273.906 212.505 200.745 224.781 358.451 530.916 796.802 1178.443 1507.135 1946.705
-999.250 -999.250 -999.250 -999.250 -999.250 -999.250 -999.250 -999.250 -999.250 -999.250 -999.250 -999.250 -999.250 -999.250 -999.250 -999.250 -999.250 -999.250 433.103 424.081 453.895 472.953 521.665 582.579 598.843 621.321 641.075 650.538 659.968 692.572 710.901 689.512 691.330 642.353 651.195 636.959 650.111 675.471 725.452 748.392 802.846 814.972 804.159 781.142 730.870 691.778 644.147 600.060 586.869 557.596 515.822 504.908 461.608 379.570 336.660 280.837 205.478 175.209 171.359 269.294 496.271 757.662 1112.290 1421.977 1619.614
-999.250 -999.250 -999.250 -999.250 -999.250 -999.250 -999.250 -999.250 -999.250 -999.250 -999.250 -999.250 -999.250 -999.250 -999.250 -999.250 -999.250 450.895 446.459 466.655 480.783 488.262 553.583 597.922 627.370 627.803 651.789 662.355 672.179 705.860 698.872 680.540 632.390 637.498 614.916 613.120 628.941 644.643 700.206 782.517 805.196 809.001 841.282 797.852 734.876 689.949 649.410 612.533 584.201 546.360 527.621 491.816 442.109 394.232 328.579 284.473 219.552 163.970 150.966 160.385 421.887 698.245 1026.892 1203.061 1404.987
-999.250 -999.250 -999.250 -999.250 -999.250 -999.250 -999.250 -999.250 -999.250 -999.250 -999.250 -999.250 -999.250 -999.250 -999.250 -999.250 -999.250 462.335 473.663 503.297 534.184 531.936 556.410 610.363 644.798 633.575 648.779 667.811 724.476 718.172 704.289 662.990 627.778 613.916 577.713 581.856 616.566 628.499 706.516 768.235 850.372 876.521 836.062 781.497 707.587 654.262 607.015 576.054 565.629 530.617 511.295 474.645 446.739 409.373 371.727 308.452 257.427 210.724 189.182 249.350 448.716 642.474 913.683 1128.748 1280.116
-999.250 -999.250 -999.250 -999.250 -999.250 -999.250 -999.250 -999.250 -999.250 -999.250 -999.250 -999.250 -999.250 -999.250 -999.250 501.680 474.366 514.311 503.766 503.064 538.304 546.652 579.846 600.133 629.919 631.411 665.346 671.202 711.793 707.893 689.225 660.906 625.062 594.596 578.758 558.574 568.999 611.301 685.574 746.673 839.016 961.841 834.652 764.890 708.889 654.465 618.456 572.987 546.028 524.996 512.432 488.337 479.150 465.128 416.474 336.168 300.092 284.657 271.286 329.525 471.544 619.001 809.467 995.997 1120.563
-999.250 -999.250 -999.250 -999.250 -999.250 -999.250 -999.250 -999.250 -999.250 -999.250 -999.250 -999.250 -999.250 -999.250 512.184 513.340 522.453 520.851 516.576 534.083 541.293 563.018 590.121 609.299 644.337 655.188 662.357 635.043 697.137 687.009 676.002 616.041 602.328 600.645 555.696 536.241 528.472 543.284 616.059 707.312 778.241 811.825 776.788 703.364 666.457 621.012 590.602 563.117 522.704 520.452 502.975 506.394 515.988 521.092 450.802 388.886 340.977 318.283 324.000 382.459 469.028 589.471 732.319 868.603 1022.024
-999.250 -999.250 -999.250 -999.250 -999.250 -999.250 -999.250 -999.250 -999.250 -999.250 -999.250 -999.250 -999.250 -999.250 561.943 550.820 548.492 551.157 551.125 547.198 546.560 573.872 590.678 642.977 665.942 681.645 677.386 666.491 676.738 663.296 648.905 623.120 585.119 584.355 536.371 519.953 504.327 476.228 558.751 638.442 683.372 720.613 719.465 685.658 603.598 570.554 552.904 536.121 504.613 503.939 513.011 481.263 511.364 491.562 425.983 383.636 364.102 343.139 343.947 383.170 462.382 575.992 688.760 821.278 899.521
-999.250 -999.250 -999.250 -999.250 -999.250 -999.250 -999.250 -999.250 -999.250 -999.250 -999.250 -999.250 -999.250 585.151 572.565 562.890 584.051 553.145 542.223 556.969 557.495 592.929 612.608 638.700 664.676 688.563 680.615 679.134 657.132 665.366 645.526 629.778 592.136 563.978 536.926 514.650 503.992 496.836 536.559 582.827 641.020 643.945 635.236 599.504 536.449 512.287 478.404 476.315 460.074 472.100 462.842 476.399 478.323 450.626 418.155 360.410 345.930 342.646 348.790 400.449 465.216 536.689 633.388 742.377 833.863
-999.250 -999.250 -999.250 -999.250 -999.250 -999.250 -999.250 -999.250 -999.250 -999.250 -999.250 -999.250 567.065 597.139 636.514 603.726 601.953 577.527 562.878 555.871 582.749 609.080 615.956 646.271 675.283 705.283 687.072 692.333 688.003 658.207 646.388 636.098 602.564 563.947 536.106 516.227 509.369 516.360 537.136 563.430 592.994 577.808 570.865 546.771 487.064 438.338 436.594 413.243 423.151 443.536 448.856 435.267 431.781 435.355 403.587 366.476 340.571 361.651 371.709 423.423 476.209 526.699 587.789 664.917 760.250
-999.250 -999.250 -999.250 -999.250 -999.250 -999.250 -999.250 -999.250 -999.250 -999.250 -999.250 578.034 570.043 605.851 617.739 629.455 587.704 559.415 568.393 573.835 589.120 601.131 624.416 668.112 681.551 749.338 710.781 747.547 732.471 683.077 657.613 622.430 604.136 550.890 539.622 526.892 529.690 525.708 543.093 571.203 572.967 557.976 530.496 504.271 435.105 374.602 381.062 380.586 402.227 419.297 402.829 427.887 396.437 386.644 376.467 348.504 322.706 345.085 374.980 394.420 432.258 495.011 544.147 622.122 680.216
-999.250 -999.250 -999.250 -999.250 -999.250 -999.250 -999.250 -999.250 -999.250 -999.250 587.140 591.588 601.740 587.865 616.662 605.659 596.096 560.414 564.301 562.347 583.204 617.630 658.916 668.469 717.271 735.393 766.941 761.148 713.001 687.677 653.095 637.853 611.746 569.048 549.781 546.839 535.809 547.796 555.820 557.385 561.944 540.598 509.922 464.412 389.789 376.100 354.285 371.766 378.636 404.358 394.910 402.589 398.549 374.409 369.208 333.986 313.458 320.723 337.505 347.731 403.551 462.959 521.179 548.159 622.616
-999.250 -999.250 -999.250 -999.250 -999.250 -999.250 -999.250 -999.250 -999.250 619.120 585.228 596.425 591.586 593.185 609.002 658.228 595.072 574.744 548.206 554.785 570.344 602.860 647.256 693.562 731.549 763.915 778.998 774.521 724.530 706.417 649.381 629.474 596.046 589.665 558.921 566.731 568.728 555.603 580.104 550.891 558.425 545.195 499.754 442.202 391.018 363.420 355.180 356.101 364.178 381.846 371.327 390.170 380.975 375.771 348.154 313.358 302.420 301.755 321.740 328.648 369.436 432.362 465.748 504.024 570.033
-999.250 -999.250 -999.250 -999.250 -999.250 655.536 679.220 657.465 613.041 593.471 585.337 569.371 566.935 571.977 578.742 597.846 572.177 548.411 550.900 534.947 566.244 581.676 638.471 691.538 770.513 791.838 804.221 783.935 697.588 680.449 655.069 646.430 622.883 602.664 562.935 562.563 562.117 580.806 573.618 564.797 558.151 536.391 488.989 452.214 425.465 382.421 358.813 349.416 371.072 390.541 377.966 376.224 333.985 353.328 321.591 292.640 264.296 272.894 314.634 328.415 345.432 367.126 392.374 472.508 505.155
-999.250 -999.250 -999.250 -999.250 -999.250 -999.250 -999.250 603.444 602.738 569.582 547.859 543.856 526.710 543.490 550.959 547.580 519.410 531.966 509.487 508.928 521.581 563.397 633.893 702.942 779.111 858.727 779.175 779.159 719.967 675.318 678.636 617.861 600.555 591.284 572.351 578.536 580.835 587.511 589.976 577.112 562.257 543.804 532.011 496.762 466.995 418.297 390.001 376.423 374.046 359.572 383.460 354.229 383.606 357.750 315.513 289.095 237.804 262.007 269.224 289.854 309.543 324.880 370.694 412.534 458.140
-999.250 -999.250 -999.250 -999.250 -999.250 -999.250 -999.250 558.552 578.595 551.314 525.951 508.405 480.316 483.431 501.430 484.314 475.380 462.823 466.842 479.364 507.668 534.866 576.183 665.129 721.036 750.344 754.757 704.791 679.081 655.671 661.535 654.094 611.288 590.278 591.126 607.830 597.013 593.623 618.563 611.693 583.689 563.721 547.035 544.180 508.131 466.834 431.719 396.501 373.588 391.731 363.984 389.617 397.904 328.359 312.320 275.277 276.769 271.325 253.577 258.551 264.439 291.404 319.773 350.471 391.494
-999.250 -999.250 -999.250 -999.250 -999.250 -999.250 -999.250 516.942 508.338 499.273 482.556 464.856 436.330 427.641 447.657 420.106 431.085 427.146 408.049 424.598 469.559 489.437 538.544 578.142 628.924 672.461 680.637 666.395 637.358 602.507 629.097 601.628 607.171 575.569 594.337 618.314 619.680 634.145 633.703 633.515 601.959 601.005 595.069 587.729 554.032 515.482 473.490 432.876 427.496 417.571 362.270 370.683 384.461 332.903 306.911 289.905 273.177 269.217 255.367 228.721 229.986 235.196 276.102 309.911 347.164
-999.250 -999.250 -999.250 -999.250 -999.250 -999.250 -999.250 465.029 450.648 430.508 430.632 401.108 388.561 402.727 388.659 371.697 383.500 376.459 371.128 386.831 434.307 470.338 500.238 525.138 580.599 615.311 613.982 612.855 601.710 599.858 596.824 569.027 577.962 563.643 577.503 609.033 610.409 631.030 677.986 647.394 680.988 682.365 668.291 618.399 586.594 533.405 502.574 475.032 414.351 421.357 386.427 380.422 361.601 329.934 309.035 284.137 266.112 259.223 234.758 208.315 206.496 229.340 236.832 280.166 306.746
-999.250 -999.250 -999.250 -999.250 -999.250 -999.250 -999.250 -999.250 379.997 372.881 369.745 340.994 346.741 364.685 368.421 355.517 347.007 356.420 349.249 367.464 377.481 416.817 463.516 490.789 533.163 541.683 551.185 581.288 579.984 553.483 549.731 555.536 543.477 547.054 557.740 584.952 600.044 615.926 642.353 664.277 713.435 760.268 718.281 639.533 587.576 557.524 513.602 489.341 465.808 438.343 409.587 388.470 393.000 350.469 317.557 298.648 277.361 281.803 249.464 228.297 215.149 235.579 242.957 259.535 280.388
-999.250 -999.250 -999.250 -999.250 -999.250 -999.250 -999.250 -999.250 354.011 328.757 323.795 332.470 321.231 329.724 332.562 342.411 323.670 320.777 300.157 304.997 333.330 348.675 404.440 448.318 472.946 503.586 522.616 538.438 518.768 532.089 529.368 520.417 552.968 536.791 554.373 566.792 591.597 588.339 606.574 642.888 697.170 793.313 718.867 648.966 594.368 563.886 545.735 511.404 486.967 449.910 455.226 425.479 401.003 357.059 342.949 311.484 293.202 266.130 261.032 261.417 231.991 223.653 237.613 251.466 260.842
-999.250 -999.250 -999.250 -999.250 -999.250 -999.250 -999.250 386.899 361.211 332.800 325.524 318.459 298.887 315.478 316.377 306.155 300.290 285.137 279.431 284.779 293.038 315.961 368.143 400.583 441.656 479.325 484.670 489.388 461.030 489.635 487.800 492.557 505.238 505.751 516.685 542.484 579.927 547.811 540.945 575.479 625.573 660.020 660.369 603.758 579.241 560.436 545.159 520.131 487.547 461.813 463.038 464.880 410.730 385.187 354.591 338.963 308.792 308.841 313.126 291.625 270.034 246.754 242.911 264.160 269.055
-999.250 -999.250 -999.250 -999.250 -999.250 -999.250 -999.250 355.115 354.804 338.785 331.309 311.677 319.780 326.149 307.244 297.688 278.586 275.418 257.682 258.859 270.606 297.099 313.493 380.004 394.521 433.453 428.827 435.408 450.670 452.411 437.942 437.520 439.364 451.141 439.587 471.316 478.360 455.933 448.362 472.648 538.045 576.911 579.494 559.464 552.911 558.428 529.905 507.023 498.561 479.597 473.947 485.867 471.049 424.909 439.274 386.839 361.858 374.387 366.498 361.152 303.650 299.306 285.609 289.659 295.959
-999.250 -999.250 -999.250 -999.250 -999.250 -999.250 -999.250 372.024 358.423 345.251 329.197 337.399 328.758 354.188 329.514 301.821 292.911 263.261 248.297 261.965 269.696 265.502 307.748 341.107 356.811 365.018 373.333 381.467 397.541 381.037 391.277 388.284 384.595 392.438 386.178 399.965 405.671 370.382 323.783 393.784 474.176 508.483 518.699 529.741 508.396 515.537 518.194 525.793 523.076 513.445 511.510 528.718 511.254 492.637 475.333 490.972 466.050 451.925 459.524 437.815 380.598 370.126 329.793 310.260 307.628
-999.250 -999.250 -999.250 -999.250 -999.250 -999.250 -999.250 383.689 392.974 380.236 363.747 358.259 352.541 369.908 366.016 348.479 305.120 277.425 271.225 261.723 284.007 257.076 296.455 319.198 321.802 348.005 348.515 337.915 359.968 321.345 352.598 358.236 356.790 351.121 375.795 373.105 348.324 325.529 298.993 347.222 396.374 425.053 477.965 470.715 489.037 506.105 509.171 510.218 536.146 526.730 510.599 546.626 525.478 528.480 513.976 528.526 529.423 513.602 523.098 487.694 470.220 451.951 435.918 401.383 358.021
-999.250 -999.250 -999.250 -999.250 -999.250 -999.250 428.388 413.741 424.092 410.274 392.310 402.290 411.798 392.019 381.393 367.280 353.135 321.869 297.707 295.087 282.307 269.772 283.793 299.207 300.295 307.137 312.689 324.225 338.614 331.047 322.320 327.140 320.974 326.862 323.147 330.775 323.754 308.207 308.537 314.383 370.734 392.610 415.710 441.244 460.623 467.120 506.914 508.010 539.697 525.454 540.314 591.707 583.385 564.351 578.347 591.749 605.456 580.907 597.278 551.840 560.663 530.525 487.801 451.463 426.589
-999.250 -999.250 -999.250 -999.250 -999.250 -999.250 430.542 436.487 431.488 433.977 444.041 465.245 443.473 444.416 433.289 402.296 383.174 346.968 323.470 317.428 305.559 298.460 287.532 297.187 303.346 312.191 316.389 331.006 320.596 315.776 311.491 309.994 300.916 313.327 346.471 308.723 316.236 286.393 299.778 320.641 338.719 359.721 371.715 406.559 454.602 463.469 496.576 504.706 551.628 584.685 572.768 602.127 630.517 630.336 657.456 664.273 692.603 671.346 668.738 656.144 644.763 598.595 574.373 526.396 509.831
-999.250 -999.250 -999.250 -999.250 -999.250 450.008 457.001 467.317 471.304 469.066 480.886 498.204 482.197 483.234 474.409 472.826 433.060 415.113 359.802 334.586 333.097 304.624 297.843 302.916 311.278 301.021 313.808 338.968 324.925 312.271 319.713 320.859 313.400 320.375 316.894 314.750 296.208 296.256 281.404 289.838 330.729 307.669 342.792 373.733 395.616 421.121 470.817 537.059 562.593 603.152 650.596 641.334 712.332 723.560 724.764 786.060 806.868 826.712 815.162 773.084 729.856 712.829 664.818 646.052 598.573
