data/medianmodel_12-May-2020.asc
ncols	141
nrows	288
xllcorner	-120191.398
yllcorner	-301404.813
cellsize	2000.000
NODATA_value	-999.250
[rows 248 to 278 of 288, columns 0 to 68 of 141]
-999.250 -999.250 -999.250 -999.250 -999.250 -999.250 -999.250 -999.250 -999.250 -999.250 -999.250 -999.250 -999.250 -999.250 -999.250 -999.250 -999.250 -999.250 -999.250 -999.250 -999.250 -999.250 -999.250 -999.250 -999.250 -999.250 -999.250 -999.250 -999.250 -999.250 9.968 8.963 12.416 11.131 7.239 9.347 7.958 11.423 14.401 13.926 14.788 10.713 10.076 7.605 7.952 9.191 8.420 5.992 6.527 5.727 3.180 1.839 1.986 0.325 0.000 0.000 0.000 0.000 0.000 0.283 0.183 0.000 0.104 3.138 3.930 4.672 6.306 7.507 6.194
-999.250 -999.250 -999.250 -999.250 -999.250 -999.250 -999.250 -999.250 -999.250 -999.250 -999.250 -999.250 -999.250 -999.250 -999.250 -999.250 -999.250 -999.250 -999.250 -999.250 -999.250 -999.250 -999.250 -999.250 -999.250 -999.250 -999.250 -999.250 -999.250 -999.250 9.448 12.632 14.665 12.516 11.359 9.223 11.849 12.781 13.101 13.075 13.721 12.621 10.099 9.924 9.993 7.756 5.901 8.818 7.576 6.072 6.826 3.028 2.272 0.121 0.000 0.000 0.000 0.000 0.000 1.152 0.672 1.152 2.810 2.357 3.599 6.536 6.710 5.898 7.116
-999.250 -999.250 -999.250 -999.250 -999.250 -999.250 -999.250 -999.250 -999.250 -999.250 -999.250 -999.250 -999.250 -999.250 -999.250 -999.250 -999.250 -999.250 -999.250 -999.250 -999.250 -999.250 -999.250 -999.250 -999.250 -999.250 -999.250 -999.250 -999.250 -999.250 14.221 10.285 12.179 13.136 10.771 10.878 11.156 11.566 12.857 13.793 10.543 11.728 10.111 8.264 8.034 10.389 8.151 9.162 7.565 7.067 8.318 6.644 2.209 3.439 1.664 2.011 1.339 0.646 2.877 4.050 4.503 3.270 3.341 4.256 5.357 7.285 7.519 9.317 8.858
-999.250 -999.250 -999.250 -999.250 -999.250 -999.250 -999.250 -999.250 -999.250 -999.250 -999.250 -999.250 -999.250 -999.250 -999.250 -999.250 -999.250 -999.250 -999.250 -999.250 -999.250 -999.250 -999.250 -999.250 -999.250 -999.250 -999.250 -999.250 -999.250 -999.250 13.550 11.268 13.042 11.480 10.760 12.187 11.424 12.603 12.983 16.183 13.567 11.387 11.225 10.815 11.189 10.384 11.176 11.076 10.131 6.996 3.095 4.559 4.149 6.107 5.525 3.876 3.429 2.963 3.109 3.936 4.011 6.333 5.310 5.651 8.810 7.228 7.095 5.889 5.732
-999.250 -999.250 -999.250 -999.250 -999.250 -999.250 -999.250 -999.250 -999.250 -999.250 -999.250 -999.250 -999.250 -999.250 -999.250 -999.250 -999.250 -999.250 -999.250 -999.250 -999.250 -999.250 -999.250 -999.250 -999.250 -999.250 -999.250 -999.250 -999.250 11.716 13.455 12.392 10.509 10.957 9.596 11.523 12.010 11.979 11.429 13.389 12.112 11.507 10.310 12.067 12.351 12.062 8.418 9.885 7.770 6.557 5.435 9.637 5.282 6.144 6.048 4.035 4.698 3.855 4.784 7.409 5.621 3.703 6.957 8.528 10.569 8.270 6.686 5.942 6.504
-999.250 -999.250 -999.250 -999.250 -999.250 -999.250 -999.250 -999.250 -999.250 -999.250 -999.250 -999.250 -999.250 -999.250 -999.250 -999.250 -999.250 -999.250 -999.250 -999.250 -999.250 -999.250 -999.250 -999.250 -999.250 -999.250 -999.250 -999.250 -999.250 -999.250 9.374 9.875 10.634 10.690 7.757 8.208 10.717 8.516 8.830 9.933 11.425 13.970 11.293 10.288 9.891 11.009 9.059 9.057 7.202 8.164 5.751 6.068 7.779 6.409 6.715 7.060 6.820 4.237 5.602 8.716 7.459 5.887 7.781 10.915 10.277 10.213 8.137 5.219 4.594
-999.250 -999.250 -999.250 -999.250 -999.250 -999.250 -999.250 -999.250 -999.250 -999.250 -999.250 -999.250 -999.250 -999.250 -999.250 -999.250 -999.250 -999.250 -999.250 -999.250 -999.250 -999.250 -999.250 -999.250 -999.250 -999.250 -999.250 -999.250 -999.250 -999.250 8.971 12.858 9.041 10.256 10.058 9.125 11.657 11.665 9.089 9.613 12.942 11.508 11.623 11.851 12.681 9.508 10.892 8.870 8.742 8.148 8.874 8.903 8.901 10.220 8.557 7.279 4.851 7.099 6.677 6.836 9.305 6.622 8.086 7.977 13.886 12.137 11.404 9.448 9.600
-999.250 -999.250 -999.250 -999.250 -999.250 -999.250 -999.250 -999.250 -999.250 -999.250 -999.250 -999.250 -999.250 -999.250 -999.250 -999.250 -999.250 -999.250 -999.250 -999.250 -999.250 -999.250 -999.250 -999.250 -999.250 -999.250 -999.250 -999.250 -999.250 -999.250 -999.250 9.512 9.134 11.327 9.938 11.693 10.114 11.879 10.491 8.729 10.091 9.035 10.633 11.359 12.757 11.162 10.505 9.398 8.983 7.851 10.296 12.877 11.875 9.778 8.756 5.935 7.653 8.339 9.578 9.617 8.734 9.582 10.702 10.306 11.081 13.207 11.617 10.985 8.971
-999.250 -999.250 -999.250 -999.250 -999.250 -999.250 -999.250 -999.250 -999.250 -999.250 -999.250 -999.250 -999.250 -999.250 -999.250 -999.250 -999.250 -999.250 -999.250 -999.250 -999.250 -999.250 -999.250 -999.250 -999.250 -999.250 -999.250 -999.250 -999.250 -999.250 -999.250 7.527 9.017 7.807 8.485 9.136 12.100 9.833 7.598 9.156 9.031 10.494 9.232 10.371 11.038 8.935 11.127 10.072 9.283 6.941 10.456 11.290 9.633 9.474 8.962 5.880 8.447 11.295 10.702 8.018 10.133 10.890 10.492 12.562 12.209 13.834 11.612 11.071 9.369
-999.250 -999.250 -999.250 -999.250 -999.250 -999.250 -999.250 -999.250 -999.250 -999.250 -999.250 -999.250 -999.250 -999.250 -999.250 -999.250 -999.250 -999.250 -999.250 -999.250 -999.250 -999.250 -999.250 -999.250 -999.250 -999.250 -999.250 -999.250 -999.250 -999.250 8.161 6.157 9.478 8.373 8.921 10.669 5.870 8.822 7.037 6.957 8.917 12.261 10.203 9.680 10.569 13.305 10.531 10.114 10.096 10.459 10.094 11.139 9.178 9.397 10.689 9.886 11.619 10.242 11.878 10.444 9.463 12.526 10.920 12.167 14.870 12.611 12.357 11.335 9.911
-999.250 -999.250 -999.250 -999.250 -999.250 -999.250 -999.250 -999.250 -999.250 -999.250 -999.250 -999.250 -999.250 -999.250 -999.250 -999.250 -999.250 -999.250 -999.250 -999.250 -999.250 -999.250 -999.250 -999.250 -999.250 -999.250 -999.250 -999.250 -999.250 -999.250 7.012 8.749 10.503 10.738 7.826 6.609 7.659 7.574 6.929 10.368 8.223 10.890 9.127 8.650 10.127 8.797 8.330 10.044 10.429 9.185 11.335 6.674 9.392 8.424 9.772 9.081 9.305 10.221 7.954 8.654 9.570 11.665 13.070 12.181 13.762 13.319 10.649 7.441 9.272
-999.250 -999.250 -999.250 -999.250 -999.250 -999.250 -999.250 -999.250 -999.250 -999.250 -999.250 -999.250 -999.250 -999.250 -999.250 -999.250 -999.250 -999.250 -999.250 -999.250 -999.250 -999.250 -999.250 -999.250 -999.250 -999.250 -999.250 -999.250 -999.250 -999.250 5.556 8.466 10.786 9.265 9.912 7.799 7.051 6.620 8.971 10.009 10.131 10.660 9.530 8.798 6.538 6.527 10.411 8.643 11.959 11.836 10.643 10.181 9.570 8.469 10.236 8.618 7.335 11.505 9.666 11.656 10.015 9.969 11.313 10.441 10.541 12.002 10.929 7.309 8.490
-999.250 -999.250 -999.250 -999.250 -999.250 -999.250 -999.250 -999.250 -999.250 -999.250 -999.250 -999.250 -999.250 -999.250 -999.250 -999.250 -999.250 -999.250 -999.250 -999.250 -999.250 -999.250 -999.250 -999.250 -999.250 -999.250 -999.250 -999.250 -999.250 -999.250 5.716 6.930 8.457 10.841 9.396 8.695 6.824 7.103 7.657 7.421 8.509 8.111 10.864 9.524 9.830 8.681 7.084 9.905 10.665 9.678 12.471 9.652 10.787 11.515 11.804 9.921 13.355 13.647 11.306 12.477 11.377 9.516 10.620 12.132 13.442 10.677 9.694 6.513 7.618
-999.250 -999.250 -999.250 -999.250 -999.250 -999.250 -999.250 -999.250 -999.250 -999.250 -999.250 -999.250 -999.250 -999.250 -999.250 -999.250 -999.250 -999.250 -999.250 -999.250 -999.250 -999.250 -999.250 -999.250 -999.250 -999.250 -999.250 -999.250 -999.250 -999.250 7.326 7.536 7.591 9.160 4.644 6.572 5.284 5.397 5.539 5.490 5.344 7.927 9.086 7.952 9.022 7.886 4.672 7.158 10.310 11.792 10.226 9.414 11.949 14.107 12.378 11.440 11.660 11.784 13.085 12.037 12.503 10.714 11.331 11.183 10.759 9.428 11.106 8.190 10.244
-999.250 -999.250 -999.250 -999.250 -999.250 -999.250 -999.250 -999.250 -999.250 -999.250 -999.250 -999.250 -999.250 -999.250 -999.250 -999.250 -999.250 -999.250 -999.250 -999.250 -999.250 -999.250 -999.250 -999.250 -999.250 -999.250 -999.250 -999.250 -999.250 -999.250 3.679 5.654 6.485 8.705 4.311 5.598 5.601 8.929 7.176 5.405 5.890 6.165 7.563 9.708 10.510 8.371 5.399 9.648 11.566 9.169 10.967 6.395 9.901 10.382 10.899 10.427 11.157 12.484 13.033 12.284 10.597 12.432 10.284 6.849 9.015 9.963 10.751 9.809 9.843
-999.250 -999.250 -999.250 -999.250 -999.250 -999.250 -999.250 -999.250 -999.250 -999.250 -999.250 -999.250 -999.250 -999.250 -999.250 -999.250 -999.250 -999.250 -999.250 -999.250 -999.250 -999.250 -999.250 -999.250 -999.250 -999.250 -999.250 -999.250 -999.250 2.514 2.686 4.597 4.921 4.346 2.972 3.748 3.702 7.239 5.771 5.720 7.707 7.973 6.472 5.709 7.852 7.287 8.643 6.740 8.518 11.508 11.624 10.828 11.197 9.275 10.176 9.172 11.162 13.528 11.682 12.202 10.409 11.399 12.645 10.686 8.888 8.682 11.648 11.054 10.737
-999.250 -999.250 -999.250 -999.250 -999.250 -999.250 -999.250 -999.250 -999.250 -999.250 -999.250 -999.250 -999.250 -999.250 -999.250 -999.250 -999.250 -999.250 -999.250 -999.250 -999.250 -999.250 -999.250 -999.250 -999.250 -999.250 -999.250 -999.250 -999.250 1.077 3.441 4.160 2.835 4.489 1.152 3.375 3.783 2.989 4.919 3.909 5.993 4.115 6.059 5.984 7.978 8.585 8.172 7.691 8.948 11.252 13.376 10.160 9.632 11.980 10.994 10.563 8.779 9.353 8.169 10.329 9.965 10.289 13.333 10.218 9.396 10.931 11.700 10.878 11.529
-999.250 -999.250 -999.250 -999.250 -999.250 -999.250 -999.250 -999.250 -999.250 -999.250 -999.250 -999.250 -999.250 -999.250 -999.250 -999.250 -999.250 -999.250 -999.250 -999.250 -999.250 -999.250 -999.250 -999.250 -999.250 -999.250 -999.250 -999.250 0.116 1.497 0.258 2.161 2.172 1.739 1.673 1.760 2.337 1.844 4.392 2.532 4.283 4.698 5.745 6.985 6.824 7.358 7.088 6.175 8.584 10.373 11.137 11.063 12.898 11.201 11.600 10.427 8.889 10.867 11.071 11.345 8.537 11.430 12.916 9.965 7.456 10.973 9.231 10.750 10.254
-999.250 -999.250 -999.250 -999.250 -999.250 -999.250 -999.250 -999.250 -999.250 -999.250 -999.250 -999.250 -999.250 -999.250 -999.250 -999.250 -999.250 -999.250 -999.250 -999.250 -999.250 -999.250 -999.250 -999.250 -999.250 -999.250 -999.250 -999.250 0.530 0.074 0.000 0.948 1.928 0.312 0.808 1.993 2.709 0.010 0.000 0.190 2.071 4.511 4.182 4.760 8.054 7.237 7.824 7.438 10.443 7.280 6.605 8.428 8.839 11.606 13.728 9.513 11.906 12.046 11.180 10.852 9.793 11.556 10.089 10.147 7.761 8.601 7.692 9.718 10.847
-999.250 -999.250 -999.250 -999.250 -999.250 -999.250 -999.250 -999.250 -999.250 -999.250 -999.250 -999.250 -999.250 -999.250 -999.250 -999.250 -999.250 -999.250 -999.250 -999.250 -999.250 -999.250 -999.250 -999.250 -999.250 -999.250 -999.250 0.000 0.000 0.000 0.000 0.000 1.010 0.695 1.850 1.466 1.069 0.000 0.000 0.000 0.000 0.455 3.406 2.825 4.519 5.216 4.255 6.748 8.247 7.631 8.649 7.802 9.620 10.851 10.592 11.938 11.663 12.189 9.937 10.129 11.183 8.086 10.910 10.130 11.877 10.469 7.175 9.394 11.703
-999.250 -999.250 -999.250 -999.250 -999.250 -999.250 -999.250 -999.250 -999.250 -999.250 -999.250 -999.250 -999.250 -999.250 -999.250 -999.250 -999.250 -999.250 -999.250 -999.250 -999.250 -999.250 -999.250 -999.250 -999.250 -999.250 -999.250 0.000 0.000 0.000 0.000 0.000 0.000 0.291 3.119 0.130 2.092 0.000 1.215 0.000 0.000 0.648 2.633 3.235 4.610 5.478 6.079 10.225 8.093 7.342 8.756 10.297 8.251 7.150 7.666 12.560 8.604 8.684 10.534 11.790 11.803 9.939 9.548 8.448 8.658 11.260 10.907 7.265 9.690
-999.250 -999.250 -999.250 -999.250 -999.250 -999.250 -999.250 -999.250 -999.250 -999.250 -999.250 -999.250 -999.250 -999.250 -999.250 -999.250 -999.250 -999.250 -999.250 -999.250 -999.250 -999.250 -999.250 -999.250 -999.250 -999.250 -999.250 0.000 0.000 0.000 0.000 0.000 0.000 0.430 2.216 0.751 3.831 0.000 0.000 0.000 0.000 0.000 2.369 2.458 2.097 2.812 4.066 7.089 7.633 6.356 7.664 9.339 8.722 6.778 11.325 10.296 8.299 10.972 12.215 12.865 10.309 8.953 7.320 7.363 7.169 6.631 12.273 9.815 9.392
-999.250 -999.250 -999.250 -999.250 -999.250 -999.250 -999.250 -999.250 -999.250 -999.250 -999.250 -999.250 -999.250 -999.250 -999.250 -999.250 -999.250 -999.250 -999.250 -999.250 -999.250 -999.250 -999.250 -999.250 -999.250 -999.250 -999.250 1.022 0.075 0.000 0.000 0.000 0.000 2.304 2.852 2.121 0.172 0.040 0.194 0.000 0.000 2.513 2.698 2.604 3.454 4.755 7.694 6.861 5.347 7.627 8.659 9.644 8.013 9.417 8.896 9.813 10.532 8.753 9.309 8.526 9.293 8.090 9.628 8.866 8.390 7.881 9.496 7.181 8.390
-999.250 -999.250 -999.250 -999.250 -999.250 -999.250 -999.250 -999.250 -999.250 -999.250 -999.250 -999.250 -999.250 -999.250 -999.250 -999.250 -999.250 -999.250 -999.250 -999.250 -999.250 -999.250 -999.250 -999.250 -999.250 -999.250 -999.250 0.417 0.000 0.000 0.000 0.000 1.236 0.834 1.801 0.584 0.001 0.000 0.000 0.000 0.000 2.758 3.610 2.740 1.645 4.023 5.515 5.499 6.541 8.338 8.351 6.346 8.172 9.651 6.680 10.407 7.479 8.274 8.456 9.270 9.757 10.839 11.042 10.178 9.042 8.790 9.208 8.277 6.279
-999.250 -999.250 -999.250 -999.250 -999.250 -999.250 -999.250 -999.250 -999.250 -999.250 -999.250 -999.250 -999.250 -999.250 -999.250 -999.250 -999.250 -999.250 -999.250 -999.250 -999.250 -999.250 -999.250 -999.250 -999.250 -999.250 -999.250 0.009 0.000 0.000 0.000 0.316 2.422 1.859 0.413 2.406 0.428 0.000 0.653 0.000 1.867 2.107 3.466 3.182 3.901 4.461 4.453 3.846 4.344 7.319 6.200 7.945 9.263 7.205 8.048 7.576 10.692 10.693 11.455 12.618 11.036 12.132 11.220 8.181 7.924 9.364 7.905 5.825 3.501
-999.250 -999.250 -999.250 -999.250 -999.250 -999.250 -999.250 -999.250 -999.250 -999.250 -999.250 -999.250 -999.250 -999.250 -999.250 -999.250 -999.250 -999.250 -999.250 -999.250 -999.250 -999.250 -999.250 -999.250 -999.250 -999.250 0.000 0.000 1.087 0.183 0.000 1.484 0.521 0.494 0.309 0.715 0.043 0.888 1.421 1.032 0.484 2.275 1.215 3.088 4.208 6.088 6.367 4.987 3.804 5.791 5.501 8.579 7.226 8.210 7.974 8.154 10.051 10.676 12.771 12.643 11.686 11.981 9.975 10.208 9.289 12.401 6.771 5.243 2.992
-999.250 -999.250 -999.250 -999.250 -999.250 -999.250 -999.250 -999.250 -999.250 -999.250 -999.250 -999.250 -999.250 -999.250 -999.250 -999.250 -999.250 -999.250 -999.250 -999.250 -999.250 -999.250 -999.250 -999.250 -999.250 -999.250 0.000 0.188 0.000 0.483 0.000 0.000 1.594 0.130 1.069 1.275 2.234 1.695 0.202 1.782 1.663 2.254 1.849 1.599 3.887 4.546 5.628 4.183 5.691 5.700 8.094 6.419 8.153 6.732 7.862 8.756 11.547 11.619 11.977 13.447 11.728 11.687 10.247 12.092 10.287 9.255 7.935 4.644 3.556
-999.250 -999.250 -999.250 -999.250 -999.250 -999.250 -999.250 -999.250 -999.250 -999.250 -999.250 -999.250 -999.250 -999.250 -999.250 -999.250 -999.250 -999.250 -999.250 -999.250 -999.250 -999.250 -999.250 -999.250 -999.250 0.000 0.000 0.000 0.889 0.000 1.052 0.859 0.680 0.503 2.344 2.672 0.690 0.556 0.954 1.754 1.101 1.802 1.457 3.815 3.100 1.718 3.085 4.904 4.161 6.030 6.899 5.600 7.895 6.546 7.822 9.590 12.089 13.723 13.531 13.994 13.413 11.459 11.627 10.449 9.596 11.257 8.765 5.409 3.012
-999.250 -999.250 -999.250 -999.250 -999.250 -999.250 -999.250 -999.250 -999.250 -999.250 -999.250 -999.250 -999.250 -999.250 -999.250 -999.250 -999.250 -999.250 -999.250 -999.250 -999.250 -999.250 -999.250 -999.250 -999.250 0.000 0.000 0.000 0.000 0.000 0.000 1.057 0.000 0.266 0.022 0.630 1.291 0.000 0.782 0.288 1.709 2.307 0.099 1.269 2.146 3.397 2.345 3.764 7.277 5.626 5.732 6.353 6.187 8.055 8.840 13.330 11.778 12.360 14.182 17.498 16.665 14.969 15.136 12.520 10.743 10.164 9.677 8.613 3.180
-999.250 -999.250 -999.250 -999.250 -999.250 -999.250 -999.250 -999.250 -999.250 -999.250 -999.250 -999.250 -999.250 -999.250 -999.250 -999.250 -999.250 -999.250 -999.250 -999.250 -999.250 -999.250 -999.250 -999.250 -999.250 0.000 0.000 0.000 0.000 0.000 0.000 0.000 0.000 0.744 0.000 0.133 0.000 0.169 0.097 1.218 1.165 1.360 3.086 1.766 1.993 3.220 5.093 2.862 4.013 4.261 5.521 5.677 6.178 7.534 11.280 12.115 15.270 16.133 14.237 18.832 16.958 17.712 21.835 16.912 13.681 12.246 11.034 7.134 4.985
-999.250 -999.250 -999.250 -999.250 -999.250 -999.250 -999.250 -999.250 -999.250 -999.250 -999.250 -999.250 -999.250 -999.250 -999.250 -999.250 -999.250 -999.250 -999.250 -999.250 -999.250 -999.250 -999.250 -999.250 0.000 0.000 0.000 0.000 0.000 0.000 0.000 0.000 0.000 0.000 0.000 0.000 0.000 0.000 0.073 0.000 0.076 1.919 3.795 3.799 2.890 3.296 4.393 4.363 3.172 2.926 3.722 6.198 7.371 10.385 11.774 13.626 16.498 16.059 17.364 19.040 18.389 17.766 18.071 14.886 14.455 13.395 10.285 6.844 4.696
