data/medianmodel_21-Feb-2021.asc
ncols	141
nrows	288
xllcorner	-120191.398
yllcorner	-301404.813
cellsize	2000.000
NODATA_value	-999.250
[rows 58 to 86 of 288, columns 65 to 129 of 141]
742.201 914.642 1437.601 1394.476 1200.108 921.828 723.369 546.341 478.364 379.353 292.914 237.796 194.268 167.402 147.360 134.961 133.357 137.767 142.960 167.072 190.037 216.182 237.152 247.455 255.907 255.923 254.573 245.908 239.319 231.927 230.853 225.844 233.477 244.070 249.916 257.021 253.594 239.221 199.446 166.564 141.815 124.646 109.579 104.957 100.868 91.646 93.973 104.326 108.767 107.782 114.904 123.962 -999.250 -999.250 -999.250 -999.250 -999.250 -999.250 -999.250 -999.250 -999.250 -999.250 -999.250 -999.250 -999.250
852.107 1017.990 1166.974 1245.661 1040.248 868.449 717.411 579.592 477.979 371.896 298.421 249.592 217.794 191.298 169.527 165.644 165.748 172.387 182.981 190.864 214.143 227.801 236.901 246.718 250.871 242.146 247.423 235.371 221.226 217.604 219.950 205.687 208.983 225.813 228.989 227.238 232.027 214.846 188.669 161.991 144.791 129.073 107.797 106.378 97.427 93.232 93.507 93.086 103.208 104.230 110.272 -999.250 -999.250 -999.250 -999.250 -999.250 -999.250 -999.250 -999.250 -999.250 -999.250 -999.250 -999.250 -999.250 -999.250
799.069 941.624 985.550 1037.757 968.335 797.771 615.184 552.454 448.106 358.315 294.833 250.348 228.632 201.271 204.566 196.773 198.038 219.545 226.391 228.729 242.326 242.699 247.768 247.018 243.353 236.200 225.142 211.654 197.514 198.066 189.736 179.394 182.254 187.112 191.966 198.057 196.126 188.014 180.087 162.149 140.130 126.719 105.881 96.282 88.072 92.887 91.453 94.085 89.676 94.872 107.945 -999.250 -999.250 -999.250 -999.250 -999.250 -999.250 -999.250 -999.250 -999.250 -999.250 -999.250 -999.250 -999.250 -999.250
744.173 817.806 824.827 775.883 729.451 652.347 568.111 504.094 412.727 327.907 266.158 246.759 217.680 222.596 224.593 229.116 249.285 258.479 261.237 256.117 252.772 257.280 250.349 254.316 243.718 233.860 209.337 187.749 189.811 171.116 148.685 140.894 139.669 140.950 154.821 159.563 162.969 158.814 149.586 144.912 127.737 115.609 99.442 86.251 81.134 86.070 85.234 85.384 89.699 85.843 -999.250 -999.250 -999.250 -999.250 -999.250 -999.250 -999.250 -999.250 -999.250 -999.250 -999.250 -999.250 -999.250 -999.250 -999.250
574.519 652.034 720.292 680.344 576.807 539.450 500.085 447.793 363.133 256.279 243.163 237.321 234.578 233.950 242.290 259.853 286.419 304.716 314.413 307.218 272.793 272.459 259.298 256.914 244.785 223.002 201.131 179.635 159.894 138.286 118.552 101.155 99.558 108.566 124.283 133.897 133.580 137.320 134.557 131.103 113.543 99.341 89.339 75.817 65.437 -999.250 -999.250 -999.250 -999.250 -999.250 -999.250 -999.250 -999.250 -999.250 -999.250 -999.250 -999.250 -999.250 -999.250 -999.250 -999.250 -999.250 -999.250 -999.250 -999.250
523.731 583.570 561.987 538.773 538.785 480.558 433.543 381.736 330.384 254.106 236.977 232.835 242.973 249.369 261.720 295.156 327.246 359.491 358.121 340.319 313.799 305.051 281.991 259.087 239.444 217.191 192.976 170.708 137.610 116.627 78.025 64.054 47.878 65.389 87.635 103.673 114.452 117.703 125.630 112.500 106.391 89.499 77.177 78.318 59.602 60.282 -999.250 -999.250 -999.250 -999.250 -999.250 -999.250 -999.250 -999.250 -999.250 -999.250 -999.250 -999.250 -999.250 -999.250 -999.250 -999.250 -999.250 -999.250 -999.250
494.764 515.747 482.243 489.814 479.522 437.682 392.063 359.419 307.460 263.420 246.077 234.546 239.898 261.510 275.446 305.984 341.032 361.932 369.048 362.247 335.918 315.654 280.221 257.157 235.838 209.588 189.194 156.331 124.497 91.065 60.793 32.807 0.000 34.668 62.968 73.431 92.716 103.083 104.093 97.708 93.818 82.243 66.503 60.698 56.357 56.711 57.678 -999.250 -999.250 -999.250 -999.250 -999.250 -999.250 -999.250 -999.250 -999.250 -999.250 -999.250 -999.250 -999.250 -999.250 -999.250 -999.250 -999.250 -999.250
436.008 468.399 424.431 423.541 408.919 380.689 347.074 286.172 263.932 249.054 229.813 229.438 244.606 272.339 288.470 308.341 324.464 357.112 357.365 356.639 341.813 316.672 289.360 257.214 239.735 221.582 186.576 150.327 110.663 82.845 47.587 25.819 13.212 26.276 42.765 61.375 78.950 87.917 83.108 87.620 79.204 72.075 60.153 57.336 53.131 52.523 55.513 -999.250 -999.250 -999.250 -999.250 -999.250 -999.250 -999.250 -999.250 -999.250 -999.250 -999.250 -999.250 -999.250 -999.250 -999.250 -999.250 -999.250 -999.250
405.177 388.867 387.556 387.055 352.207 328.860 292.238 257.825 244.513 230.751 224.442 222.128 242.284 253.814 273.739 308.617 331.968 350.782 362.381 355.075 340.360 325.770 296.249 267.983 246.895 222.794 175.924 148.512 120.973 78.037 54.218 34.527 31.994 33.703 42.235 59.686 69.108 77.867 72.310 71.988 71.917 66.855 58.516 51.041 40.943 44.593 54.324 61.297 -999.250 -999.250 -999.250 -999.250 -999.250 -999.250 -999.250 -999.250 -999.250 -999.250 -999.250 -999.250 -999.250 -999.250 -999.250 -999.250 -999.250
376.932 369.300 352.786 316.461 284.454 259.186 250.044 236.277 218.062 217.830 201.118 213.773 232.322 251.092 270.640 284.720 315.031 339.757 339.009 352.026 337.452 317.960 287.787 265.585 245.331 214.425 187.532 153.301 119.396 87.836 57.762 43.615 37.320 42.085 51.587 65.854 80.081 81.694 80.456 76.268 72.541 66.677 61.298 49.214 35.817 45.724 59.787 68.075 85.583 -999.250 -999.250 -999.250 -999.250 -999.250 -999.250 -999.250 -999.250 -999.250 -999.250 -999.250 -999.250 -999.250 -999.250 -999.250 -999.250
335.908 319.735 318.524 265.171 224.264 221.941 225.220 201.191 193.179 177.935 179.300 192.240 203.455 228.368 246.321 262.136 284.112 311.672 330.045 332.725 324.367 326.237 295.119 273.200 246.950 213.517 189.500 162.127 127.945 96.435 70.186 54.029 51.751 56.083 59.488 68.263 82.911 88.670 92.460 92.395 82.067 75.753 65.720 63.222 57.279 60.944 63.176 74.294 87.053 -999.250 -999.250 -999.250 -999.250 -999.250 -999.250 -999.250 -999.250 -999.250 -999.250 -999.250 -999.250 -999.250 -999.250 -999.250 -999.250
322.240 302.460 272.686 246.900 209.926 197.156 192.689 167.436 162.457 153.241 152.024 166.070 185.051 205.004 239.839 250.115 262.508 283.243 328.815 329.574 327.877 324.217 317.802 291.183 249.389 213.644 186.569 151.465 131.918 103.925 83.094 74.836 62.716 66.077 71.275 80.423 90.402 99.252 97.141 103.433 100.136 94.515 88.463 83.905 86.126 83.242 92.819 97.204 103.714 -999.250 -999.250 -999.250 -999.250 -999.250 -999.250 -999.250 -999.250 -999.250 -999.250 -999.250 -999.250 -999.250 -999.250 -999.250 -999.250
308.877 281.713 264.606 233.133 199.602 185.488 165.112 152.522 143.465 141.668 138.105 144.439 159.937 192.154 221.148 239.732 255.162 274.477 294.452 331.969 323.879 327.096 333.580 292.863 250.120 225.896 193.766 166.979 137.517 118.450 103.940 98.559 81.123 75.638 84.725 90.743 104.815 109.538 116.394 125.520 113.409 113.966 122.713 117.438 112.044 111.474 120.559 115.272 116.044 127.707 134.967 -999.250 -999.250 -999.250 -999.250 -999.250 -999.250 -999.250 -999.250 -999.250 -999.250 -999.250 -999.250 -999.250 -999.250
303.529 270.037 251.643 227.081 198.706 181.634 152.100 133.939 134.953 133.644 132.208 128.014 151.834 181.778 212.357 232.344 247.141 267.062 289.587 301.392 306.298 326.414 310.577 283.327 252.929 217.591 196.155 168.098 145.881 133.682 123.434 114.689 98.185 98.143 95.163 106.715 111.356 127.315 133.362 136.502 137.228 134.893 133.715 135.372 134.318 134.758 135.991 140.490 134.628 139.764 153.503 -999.250 -999.250 -999.250 -999.250 -999.250 -999.250 -999.250 -999.250 -999.250 -999.250 -999.250 -999.250 -999.250 -999.250
279.652 257.992 239.990 211.723 192.104 172.509 145.910 139.610 133.961 131.267 131.464 135.811 141.244 170.447 194.810 230.840 237.361 262.540 271.355 277.226 294.242 302.671 284.096 269.282 244.867 222.766 192.928 171.932 153.807 137.565 124.913 126.160 123.215 114.296 110.314 121.188 121.783 140.542 151.242 152.638 159.727 155.489 161.666 156.376 150.199 155.360 152.702 168.585 158.298 167.057 -999.250 -999.250 -999.250 -999.250 -999.250 -999.250 -999.250 -999.250 -999.250 -999.250 -999.250 -999.250 -999.250 -999.250 -999.250
283.105 249.950 238.020 210.156 190.234 163.306 145.194 137.636 137.465 137.673 136.110 142.536 156.242 175.320 195.594 212.978 235.021 239.897 248.075 262.246 269.800 265.075 257.802 255.777 236.166 227.176 206.922 187.743 159.813 153.200 139.552 135.560 131.674 125.912 122.155 128.174 139.452 151.541 162.536 169.154 176.824 180.517 180.170 174.176 164.075 182.706 183.159 188.329 195.217 203.404 -999.250 -999.250 -999.250 -999.250 -999.250 -999.250 -999.250 -999.250 -999.250 -999.250 -999.250 -999.250 -999.250 -999.250 -999.250
268.188 247.802 235.154 211.681 190.339 170.605 151.307 140.622 145.802 147.705 147.204 144.787 159.366 185.315 199.153 209.975 213.926 216.630 237.362 242.321 244.743 251.935 243.510 246.613 231.657 213.758 209.013 196.945 180.425 162.849 146.780 139.926 132.238 134.635 137.401 138.669 146.458 170.665 179.641 195.478 198.656 190.389 189.616 193.528 191.798 197.076 205.106 217.302 227.351 229.260 -999.250 -999.250 -999.250 -999.250 -999.250 -999.250 -999.250 -999.250 -999.250 -999.250 -999.250 -999.250 -999.250 -999.250 -999.250
260.965 248.078 225.720 207.987 199.228 177.898 173.844 153.209 142.855 154.763 158.270 164.287 183.344 187.771 198.165 203.560 206.935 209.845 228.401 231.832 237.625 227.533 224.241 220.422 207.150 202.099 198.047 202.817 183.884 159.854 150.728 147.634 144.682 140.242 137.089 141.247 148.924 175.206 189.430 211.491 208.257 203.422 202.930 203.534 204.054 206.686 219.770 239.747 242.726 248.223 -999.250 -999.250 -999.250 -999.250 -999.250 -999.250 -999.250 -999.250 -999.250 -999.250 -999.250 -999.250 -999.250 -999.250 -999.250
253.319 238.147 222.480 205.980 192.839 187.227 170.164 171.487 157.826 166.390 171.093 180.480 188.461 190.250 193.232 194.449 193.442 202.221 202.784 206.835 214.961 206.273 195.462 191.625 192.093 186.184 185.597 184.239 177.165 163.120 154.714 146.025 142.660 142.508 142.896 147.278 156.040 174.048 194.600 206.808 209.291 211.757 208.171 220.256 211.889 235.869 235.911 252.707 257.088 269.744 -999.250 -999.250 -999.250 -999.250 -999.250 -999.250 -999.250 -999.250 -999.250 -999.250 -999.250 -999.250 -999.250 -999.250 -999.250
240.585 233.551 212.948 206.015 205.601 196.325 185.097 186.048 173.687 187.687 177.534 183.209 189.983 193.363 182.838 184.647 183.592 192.898 187.175 182.743 185.700 176.311 160.535 152.814 152.768 152.415 155.944 154.245 150.264 151.966 151.496 144.362 145.791 142.109 148.815 149.062 167.038 171.065 195.294 199.017 207.266 208.858 212.451 227.140 230.659 246.988 253.889 254.617 276.800 276.461 -999.250 -999.250 -999.250 -999.250 -999.250 -999.250 -999.250 -999.250 -999.250 -999.250 -999.250 -999.250 -999.250 -999.250 -999.250
221.848 220.566 217.987 210.310 212.273 201.702 191.223 193.941 185.990 181.262 189.678 189.599 192.823 185.785 169.418 165.674 170.243 158.007 156.355 146.725 149.421 140.747 133.952 122.799 128.253 131.382 135.958 137.978 135.675 137.396 144.483 139.822 139.088 145.173 153.977 164.111 168.242 174.711 192.821 195.985 207.523 213.238 236.913 233.971 245.552 257.956 261.786 284.083 308.639 330.825 -999.250 -999.250 -999.250 -999.250 -999.250 -999.250 -999.250 -999.250 -999.250 -999.250 -999.250 -999.250 -999.250 -999.250 -999.250
203.703 219.954 216.649 219.068 208.965 199.541 190.681 192.846 195.584 189.868 182.110 181.514 178.629 174.791 154.026 147.475 144.461 138.012 135.949 120.889 119.153 106.398 101.077 93.657 98.391 104.420 111.486 109.997 119.571 127.026 131.888 132.434 136.538 136.831 141.664 157.805 166.952 167.529 184.850 189.639 203.260 214.458 238.294 242.286 254.414 263.059 285.443 326.139 331.094 338.700 -999.250 -999.250 -999.250 -999.250 -999.250 -999.250 -999.250 -999.250 -999.250 -999.250 -999.250 -999.250 -999.250 -999.250 -999.250
198.790 200.937 212.053 211.358 213.274 198.733 200.099 192.389 194.781 189.262 187.596 177.338 161.436 154.708 142.114 137.290 129.528 114.365 111.234 92.092 80.948 71.637 66.000 63.769 66.567 72.907 81.500 93.937 89.927 101.626 115.856 122.665 128.425 134.014 143.350 145.018 152.498 169.451 176.465 192.959 206.923 217.054 238.342 245.145 254.901 272.451 303.812 333.834 346.318 353.375 364.723 -999.250 -999.250 -999.250 -999.250 -999.250 -999.250 -999.250 -999.250 -999.250 -999.250 -999.250 -999.250 -999.250 -999.250
193.847 194.591 206.204 212.512 212.684 203.608 200.173 192.247 192.874 195.411 184.488 171.976 153.338 140.548 133.941 127.268 105.388 90.357 77.520 64.697 55.529 41.935 39.122 39.407 43.057 48.820 60.320 65.183 80.563 90.754 97.335 116.508 124.895 131.066 143.952 139.351 144.179 155.872 168.648 180.064 198.718 208.510 233.679 244.369 262.150 282.671 312.699 341.255 343.289 355.078 370.304 -999.250 -999.250 -999.250 -999.250 -999.250 -999.250 -999.250 -999.250 -999.250 -999.250 -999.250 -999.250 -999.250 -999.250
179.439 196.795 198.269 207.470 221.082 210.262 204.500 201.001 195.700 195.505 178.496 172.307 151.079 138.819 131.282 116.596 102.695 75.699 57.001 38.510 32.208 31.382 32.012 32.207 31.159 37.006 43.874 62.719 69.602 88.952 106.881 119.769 128.645 136.035 142.750 146.415 144.302 153.242 163.130 178.136 191.066 210.096 237.220 242.842 263.405 292.162 314.038 345.357 355.007 384.812 378.802 -999.250 -999.250 -999.250 -999.250 -999.250 -999.250 -999.250 -999.250 -999.250 -999.250 -999.250 -999.250 -999.250 -999.250
172.099 191.197 192.222 199.649 212.099 210.710 200.766 199.482 191.657 181.453 171.255 161.729 146.036 139.215 124.330 108.926 88.805 63.471 42.273 31.623 27.588 33.588 36.236 33.263 29.081 30.025 40.781 55.838 77.340 96.057 108.154 121.387 126.822 132.729 141.433 139.513 146.253 150.493 169.678 180.057 189.008 209.339 227.371 243.982 261.580 285.031 312.883 329.635 367.784 381.780 381.393 -999.250 -999.250 -999.250 -999.250 -999.250 -999.250 -999.250 -999.250 -999.250 -999.250 -999.250 -999.250 -999.250 -999.250
169.125 183.564 189.518 192.256 202.894 197.737 190.809 184.623 188.853 180.242 174.347 154.977 148.043 138.258 128.754 115.392 101.808 73.069 48.283 22.085 39.153 52.292 47.335 45.632 38.729 28.868 56.511 72.041 94.342 115.389 115.117 132.173 133.007 136.278 148.597 147.351 150.711 159.498 173.896 183.155 190.671 202.798 227.140 238.144 259.529 280.844 288.250 338.175 364.997 377.358 -999.250 -999.250 -999.250 -999.250 -999.250 -999.250 -999.250 -999.250 -999.250 -999.250 -999.250 -999.250 -999.250 -999.250 -999.250
169.064 178.972 186.060 192.924 193.368 189.172 186.696 177.444 176.741 173.722 169.054 156.672 148.491 140.139 131.802 121.214 118.335 109.762 87.355 76.839 87.560 94.859 90.576 86.589 75.315 88.174 94.627 110.396 119.569 130.325 131.185 143.175 148.557 146.103 147.926 154.445 153.625 160.710 180.397 191.150 187.500 204.684 213.707 237.600 263.410 267.536 292.878 326.782 356.541 373.003 -999.250 -999.250 -999.250 -999.250 -999.250 -999.250 -999.250 -999.250 -999.250 -999.250 -999.250 -999.250 -999.250 -999.250 -999.250
170.141 178.544 184.632 177.811 182.779 182.199 173.394 177.388 163.884 158.620 158.827 155.106 149.110 146.435 147.043 142.624 142.185 142.520 136.174 139.469 142.051 141.532 151.620 145.845 140.053 138.950 141.107 150.441 148.370 150.465 156.738 164.168 168.252 169.730 152.774 154.032 157.796 173.355 185.883 189.133 187.764 200.491 211.642 241.091 253.289 272.099 310.765 320.534 341.688 -999.250 -999.250 -999.250 -999.250 -999.250 -999.250 -999.250 -999.250 -999.250 -999.250 -999.250 -999.250 -999.250 -999.250 -999.250 -999.250
