data/medianmodel_06-May-2020.asc
ncols	141
nrows	288
xllcorner	-120191.398
yllcorner	-301404.813
cellsize	2000.000
NODATA_value	-999.250
[rows 186 to 216 of 288, columns 0 to 68 of 141]
48.226 52.164 56.274 57.217 59.605 62.033 64.879 67.250 67.985 73.326 77.274 81.746 82.370 67.793 65.151 70.091 77.650 83.453 -999.250 -999.250 -999.250 -999.250 -999.250 43.376 26.532 30.516 20.893 16.237 11.890 13.195 13.943 16.248 19.848 18.097 29.360 25.493 24.523 29.930 30.441 25.977 28.159 32.447 22.944 16.732 23.292 14.789 12.613 13.800 16.499 11.853 15.178 16.338 13.985 14.578 14.409 10.984 10.781 9.813 6.991 10.137 8.188 6.812 5.583 4.195 2.670 0.370 2.928 3.269 4.533
-999.250 51.871 46.769 51.749 55.250 57.066 57.010 58.883 60.050 71.187 75.901 84.313 103.745 82.134 75.713 74.308 72.533 75.368 -999.250 -999.250 -999.250 -999.250 52.801 41.594 37.922 29.206 19.354 13.312 11.831 11.276 11.379 14.031 18.162 23.847 21.266 25.508 28.772 28.838 28.718 29.168 29.773 23.557 20.417 18.929 12.371 14.565 11.108 14.638 13.351 14.078 12.139 15.775 14.749 13.630 16.248 12.106 9.920 9.411 13.386 10.265 7.869 6.719 5.543 3.247 0.787 0.000 0.734 3.422 3.106
-999.250 49.708 54.122 56.587 59.604 56.984 55.129 57.257 58.620 62.276 66.750 77.833 89.911 88.682 80.911 80.861 77.626 74.120 -999.250 -999.250 -999.250 63.224 -999.250 42.202 34.478 27.029 20.807 14.478 9.321 9.795 11.039 13.185 17.550 17.912 20.673 23.946 21.444 28.302 27.211 24.710 24.137 21.268 17.503 18.975 13.091 13.157 9.302 9.516 8.377 11.400 13.570 13.392 16.581 15.247 16.987 14.074 12.531 8.508 10.411 11.635 9.684 7.006 8.338 4.767 2.217 2.246 1.399 3.075 5.064
-999.250 49.512 58.936 59.747 54.089 52.031 49.764 49.407 52.151 51.051 50.056 55.461 70.556 71.674 77.107 76.011 68.911 -999.250 -999.250 -999.250 -999.250 57.288 54.465 44.067 35.561 23.714 19.726 13.847 13.755 12.049 11.273 11.954 16.510 18.420 21.146 24.068 23.823 23.594 29.006 21.990 22.211 21.151 16.013 12.177 10.660 12.282 8.925 10.165 7.655 9.406 11.426 15.106 11.059 15.741 13.282 14.701 15.795 11.457 10.742 12.480 9.564 6.879 5.223 2.091 3.654 3.173 3.561 4.932 3.870
-999.250 48.643 53.340 58.987 52.886 53.252 45.321 42.245 42.231 35.549 40.374 40.584 57.442 64.115 73.842 67.504 65.634 -999.250 -999.250 -999.250 60.350 60.639 53.806 39.864 30.300 19.815 17.246 14.671 15.162 12.518 8.748 11.436 15.274 19.363 25.674 25.344 26.641 27.726 27.056 23.161 21.876 18.555 15.113 11.581 8.956 7.137 6.623 5.534 7.649 8.233 13.160 13.732 13.455 14.364 16.263 13.714 12.855 15.438 12.936 9.793 7.921 6.877 8.717 5.556 4.185 4.365 4.936 2.819 3.747
-999.250 -999.250 -999.250 51.275 -999.250 -999.250 37.089 34.768 27.990 -999.250 -999.250 -999.250 48.449 55.655 -999.250 -999.250 -999.250 -999.250 -999.250 -999.250 63.629 50.174 47.102 37.225 28.408 17.842 14.656 11.987 11.870 10.903 10.166 9.856 11.109 16.359 20.614 23.958 24.627 27.526 22.507 16.608 19.879 16.627 13.145 8.406 4.588 2.045 3.823 2.450 4.776 8.310 11.618 11.626 12.326 11.608 12.512 15.420 15.258 16.723 11.514 11.210 8.481 7.511 8.015 4.721 4.537 2.709 4.904 5.515 4.514
-999.250 -999.250 -999.250 -999.250 -999.250 -999.250 -999.250 -999.250 -999.250 -999.250 -999.250 -999.250 -999.250 57.263 60.233 60.380 -999.250 -999.250 -999.250 67.231 60.756 52.445 43.526 36.689 26.729 18.505 12.515 10.462 8.894 8.322 7.590 8.624 12.106 15.881 22.984 23.329 19.118 18.739 16.287 17.441 13.424 16.630 10.514 6.618 3.415 0.000 0.113 2.410 4.720 7.742 7.504 12.624 10.756 13.599 14.116 17.155 14.511 14.271 12.124 13.073 10.104 8.434 9.174 6.950 4.911 4.702 4.328 4.689 2.333
-999.250 -999.250 -999.250 -999.250 -999.250 -999.250 -999.250 -999.250 -999.250 -999.250 -999.250 29.745 36.818 44.447 50.335 50.876 -999.250 -999.250 60.832 70.528 58.072 49.946 45.731 34.063 21.426 14.979 8.792 7.207 6.956 7.414 7.739 8.442 10.677 13.403 18.173 19.034 18.125 20.405 19.311 13.842 13.476 11.393 8.984 5.924 5.385 1.419 1.640 5.962 5.793 6.513 8.164 11.868 16.108 13.779 13.777 18.557 19.173 15.945 11.152 10.932 11.191 8.353 7.260 7.393 2.899 4.522 3.826 4.756 2.230
-999.250 -999.250 -999.250 -999.250 -999.250 -999.250 -999.250 -999.250 -999.250 -999.250 -999.250 26.503 36.458 37.067 35.857 36.123 34.409 39.797 48.909 60.427 54.491 49.684 40.952 33.003 20.207 10.964 6.224 4.952 5.103 5.261 7.713 7.537 11.296 14.622 17.115 18.241 19.295 19.039 19.622 16.452 12.384 9.554 9.350 9.966 7.186 4.211 4.044 5.910 8.889 8.978 8.977 12.071 16.309 15.506 17.009 17.818 16.784 15.196 11.664 11.833 11.469 10.134 8.935 7.816 5.810 3.645 3.473 4.001 4.221
-999.250 -999.250 -999.250 -999.250 -999.250 -999.250 -999.250 -999.250 -999.250 -999.250 -999.250 -999.250 26.450 25.974 25.046 23.303 22.056 27.859 38.060 48.123 46.894 44.671 37.206 28.227 16.969 10.013 8.060 7.145 7.053 5.698 5.762 5.501 7.622 10.634 13.506 16.135 13.327 17.204 18.492 13.636 13.351 10.434 10.583 11.236 10.381 5.977 6.238 5.351 8.310 7.104 7.739 10.330 13.663 12.766 14.808 15.520 13.632 11.110 11.537 11.651 10.232 11.360 11.685 6.860 6.722 2.312 5.260 2.864 4.370
-999.250 -999.250 -999.250 -999.250 -999.250 -999.250 -999.250 -999.250 -999.250 -999.250 -999.250 -999.250 -999.250 22.766 19.152 18.590 17.929 26.983 29.526 39.392 36.279 35.630 36.365 27.763 19.624 9.767 8.063 6.140 6.649 1.987 3.313 4.991 7.540 8.814 11.444 12.251 13.519 13.691 15.213 11.966 8.773 8.948 12.679 9.265 9.793 8.760 7.827 8.214 8.381 7.330 8.404 10.769 11.391 14.014 13.567 14.551 14.040 11.683 14.513 12.876 14.186 10.785 8.801 8.383 9.157 5.060 3.127 4.028 2.909
-999.250 -999.250 -999.250 -999.250 -999.250 -999.250 -999.250 -999.250 -999.250 -999.250 -999.250 -999.250 -999.250 15.839 16.602 16.700 16.691 21.050 26.155 28.363 28.608 29.578 26.472 27.240 18.187 10.036 8.654 7.505 7.218 5.546 4.246 4.061 3.348 7.639 8.171 10.688 12.101 13.759 15.173 12.287 10.174 8.166 9.543 6.057 7.167 5.294 5.843 9.239 8.532 8.637 7.575 11.881 15.124 12.776 12.054 14.503 11.817 12.394 12.724 13.529 11.809 11.326 10.189 10.633 7.226 4.954 3.111 3.740 2.940
-999.250 -999.250 -999.250 -999.250 -999.250 -999.250 -999.250 -999.250 -999.250 -999.250 -999.250 -999.250 -999.250 19.383 17.994 16.273 14.967 14.768 19.746 23.372 23.144 24.680 22.116 18.392 14.048 10.517 8.852 6.768 6.955 4.837 2.723 3.747 6.767 7.081 9.495 7.870 13.268 15.021 12.802 10.570 9.694 10.303 6.491 5.915 7.172 7.276 7.300 9.050 8.485 7.591 12.084 11.539 12.218 11.581 12.596 10.420 11.646 14.514 10.690 11.049 10.210 10.285 9.589 8.527 7.143 6.103 3.957 3.684 0.887
-999.250 -999.250 -999.250 -999.250 -999.250 -999.250 -999.250 -999.250 -999.250 -999.250 -999.250 -999.250 -999.250 -999.250 18.223 14.788 13.130 13.371 19.283 18.748 18.344 18.983 16.624 16.681 13.811 10.428 12.045 10.708 8.577 6.855 5.926 6.248 5.792 8.412 10.592 7.622 14.583 12.609 12.315 9.786 7.891 12.399 9.385 9.053 8.704 9.332 8.597 8.026 10.865 8.585 9.151 11.207 10.780 11.491 12.441 11.520 10.641 12.888 10.457 9.565 11.257 11.963 8.625 5.092 6.065 4.778 3.665 2.034 1.905
-999.250 -999.250 -999.250 -999.250 -999.250 -999.250 -999.250 -999.250 -999.250 -999.250 -999.250 -999.250 -999.250 -999.250 14.642 14.797 19.703 18.458 17.815 18.114 17.547 17.545 14.946 14.756 13.490 11.434 13.137 10.865 12.161 12.479 9.458 8.830 8.634 8.204 9.766 10.692 11.629 8.818 9.403 10.632 11.115 9.485 9.789 9.995 6.803 8.112 6.715 7.135 10.726 8.500 6.325 9.965 6.555 11.481 13.133 12.317 10.044 10.509 11.804 12.046 9.504 9.572 9.808 7.364 6.067 5.130 5.139 5.635 4.329
-999.250 -999.250 -999.250 -999.250 -999.250 -999.250 -999.250 -999.250 -999.250 -999.250 -999.250 -999.250 -999.250 -999.250 15.750 16.496 17.419 16.965 18.716 16.074 14.352 17.488 17.939 15.079 11.474 10.107 10.093 15.721 11.853 11.239 9.789 10.709 12.535 9.354 10.990 11.711 10.361 7.995 9.290 11.300 10.446 11.086 10.897 10.524 9.225 9.789 7.325 7.160 10.480 10.053 9.283 7.955 10.490 11.969 11.676 10.458 10.019 9.257 9.694 7.958 8.830 9.261 7.861 7.463 8.004 4.562 5.104 4.409 6.502
-999.250 -999.250 -999.250 -999.250 -999.250 -999.250 -999.250 -999.250 -999.250 -999.250 -999.250 -999.250 -999.250 -999.250 17.992 18.437 17.903 16.633 18.624 17.090 16.159 14.078 14.190 14.706 11.283 -999.250 13.637 11.625 10.838 10.452 10.571 12.031 12.414 9.855 10.937 8.661 6.502 8.028 11.135 11.110 10.061 11.528 9.740 9.045 12.080 7.979 7.437 9.181 10.047 8.775 8.009 9.764 8.534 7.926 11.875 8.672 7.217 6.260 7.026 7.586 8.006 8.215 8.208 5.053 5.938 5.499 4.016 5.542 6.888
-999.250 -999.250 -999.250 -999.250 -999.250 -999.250 -999.250 -999.250 -999.250 -999.250 -999.250 -999.250 -999.250 -999.250 16.344 16.103 18.722 13.725 18.455 15.134 12.911 10.420 10.526 -999.250 -999.250 -999.250 9.588 8.840 11.353 12.062 10.132 11.381 9.927 12.660 9.654 11.109 8.582 7.197 10.848 10.996 10.468 7.299 8.488 8.422 11.618 6.900 8.725 9.645 9.078 9.207 8.083 7.757 8.373 9.646 9.988 10.338 7.629 5.620 6.658 7.794 6.581 10.811 10.487 6.792 6.448 4.914 6.339 6.802 9.095
-999.250 -999.250 -999.250 -999.250 -999.250 -999.250 -999.250 -999.250 -999.250 -999.250 -999.250 -999.250 -999.250 17.650 13.186 11.997 16.405 17.568 15.864 17.124 12.502 13.008 -999.250 -999.250 -999.250 -999.250 -999.250 7.817 10.134 16.334 12.472 9.882 10.403 11.050 8.835 10.398 7.708 11.107 10.167 8.881 7.453 8.591 9.065 10.973 10.150 8.461 9.818 8.270 8.161 8.563 8.610 7.646 9.127 9.936 9.225 7.553 7.541 8.666 8.764 8.790 7.961 7.401 7.463 7.779 4.097 6.063 5.027 6.393 8.780
-999.250 -999.250 -999.250 -999.250 -999.250 -999.250 -999.250 -999.250 -999.250 -999.250 -999.250 -999.250 -999.250 19.555 15.779 12.291 14.244 14.983 17.563 12.890 -999.250 -999.250 -999.250 -999.250 -999.250 -999.250 -999.250 -999.250 10.672 14.863 10.365 11.039 11.324 8.823 10.274 8.825 9.416 7.931 8.713 6.719 11.030 8.898 10.462 8.018 7.618 8.264 9.411 10.216 7.259 7.238 8.446 8.292 9.627 9.343 7.078 8.963 8.252 9.112 8.614 8.858 7.535 7.882 6.478 5.035 2.619 5.600 5.786 6.091 6.124
-999.250 -999.250 -999.250 -999.250 -999.250 -999.250 -999.250 -999.250 -999.250 -999.250 -999.250 -999.250 19.505 16.086 -999.250 -999.250 -999.250 -999.250 -999.250 -999.250 -999.250 -999.250 -999.250 -999.250 -999.250 -999.250 -999.250 -999.250 -999.250 12.621 10.011 9.553 11.458 10.867 13.014 9.039 5.895 7.602 6.823 7.293 5.460 8.113 9.176 9.636 5.909 8.462 5.665 6.222 7.907 9.620 8.368 8.413 8.453 9.424 8.792 8.676 9.401 7.893 9.932 9.336 7.888 6.264 4.801 3.782 5.222 3.915 5.557 7.368 6.203
-999.250 -999.250 -999.250 -999.250 -999.250 -999.250 -999.250 -999.250 -999.250 -999.250 -999.250 -999.250 -999.250 -999.250 -999.250 -999.250 -999.250 -999.250 -999.250 -999.250 -999.250 -999.250 -999.250 -999.250 -999.250 -999.250 -999.250 -999.250 -999.250 -999.250 9.491 9.110 7.791 10.790 10.558 6.117 8.981 7.412 6.610 7.439 6.842 3.921 4.537 6.112 5.333 6.981 5.277 6.157 5.183 7.360 8.469 7.046 7.795 9.553 7.290 5.151 8.294 8.991 7.087 6.119 7.177 4.311 3.882 4.039 4.223 3.197 6.012 4.776 7.978
-999.250 -999.250 -999.250 -999.250 -999.250 -999.250 -999.250 -999.250 -999.250 -999.250 -999.250 -999.250 -999.250 -999.250 -999.250 -999.250 -999.250 -999.250 -999.250 -999.250 -999.250 -999.250 -999.250 -999.250 -999.250 -999.250 -999.250 -999.250 -999.250 -999.250 11.277 12.653 8.910 5.891 8.088 6.898 4.469 6.053 5.146 5.440 5.052 2.627 2.851 2.659 5.163 6.984 5.353 5.643 7.144 10.250 8.488 6.217 9.985 8.528 7.420 8.840 8.244 6.517 6.159 5.535 4.244 4.099 4.760 2.673 1.578 3.338 5.129 3.491 7.942
-999.250 -999.250 -999.250 -999.250 -999.250 -999.250 -999.250 -999.250 -999.250 -999.250 -999.250 -999.250 -999.250 -999.250 -999.250 -999.250 -999.250 -999.250 -999.250 -999.250 -999.250 -999.250 -999.250 -999.250 -999.250 -999.250 -999.250 -999.250 -999.250 -999.250 10.323 8.449 7.520 7.635 8.219 7.330 7.037 5.885 3.236 3.554 3.138 3.033 0.800 2.536 4.731 6.007 7.943 7.785 9.406 9.093 8.362 5.706 9.001 9.129 6.973 4.526 4.588 7.867 6.149 6.494 3.935 2.974 2.395 1.442 2.511 3.451 4.272 4.579 5.399
-999.250 -999.250 -999.250 -999.250 -999.250 -999.250 -999.250 -999.250 -999.250 -999.250 -999.250 -999.250 -999.250 -999.250 -999.250 -999.250 -999.250 -999.250 -999.250 -999.250 -999.250 -999.250 -999.250 -999.250 -999.250 -999.250 -999.250 -999.250 -999.250 -999.250 -999.250 8.387 9.110 7.922 9.356 7.827 4.720 5.073 5.835 3.247 3.915 1.199 0.000 1.432 2.887 4.547 4.772 6.813 6.758 7.557 7.911 9.322 4.353 7.025 7.947 6.446 6.614 6.568 6.206 5.382 5.546 3.995 4.094 2.165 0.817 0.652 3.217 2.393 4.524
-999.250 -999.250 -999.250 -999.250 -999.250 -999.250 -999.250 -999.250 -999.250 -999.250 -999.250 -999.250 -999.250 -999.250 -999.250 -999.250 -999.250 -999.250 -999.250 -999.250 -999.250 -999.250 -999.250 -999.250 -999.250 -999.250 -999.250 -999.250 -999.250 -999.250 -999.250 7.862 10.015 8.950 8.414 5.920 6.672 6.487 5.586 6.265 4.752 3.404 0.665 1.025 3.492 4.351 5.731 7.102 8.160 6.631 6.202 7.746 4.994 5.016 7.265 3.936 7.136 5.037 8.332 4.825 6.482 4.092 4.293 0.790 0.711 0.000 0.344 1.591 2.730
-999.250 -999.250 -999.250 -999.250 -999.250 -999.250 -999.250 -999.250 -999.250 -999.250 -999.250 -999.250 -999.250 -999.250 -999.250 -999.250 -999.250 -999.250 -999.250 -999.250 -999.250 -999.250 -999.250 -999.250 -999.250 -999.250 -999.250 -999.250 -999.250 -999.250 -999.250 9.149 10.071 7.091 8.303 8.340 7.202 7.798 6.950 5.569 6.051 5.610 2.760 1.720 5.607 5.339 5.011 7.398 6.591 7.822 5.706 6.377 7.367 3.266 6.074 4.756 5.201 4.180 5.284 4.431 4.216 3.183 3.998 1.541 1.109 0.000 2.030 2.691 3.872
-999.250 -999.250 -999.250 -999.250 -999.250 -999.250 -999.250 -999.250 -999.250 -999.250 -999.250 -999.250 -999.250 -999.250 -999.250 -999.250 -999.250 -999.250 -999.250 -999.250 -999.250 -999.250 -999.250 -999.250 -999.250 -999.250 -999.250 -999.250 -999.250 -999.250 -999.250 8.987 8.853 7.729 8.785 8.191 7.441 9.393 9.102 6.080 7.461 6.636 5.355 5.444 4.542 5.492 7.522 8.741 5.626 5.819 5.831 6.339 6.430 7.028 6.156 4.915 3.529 6.486 4.679 4.298 5.261 3.929 2.792 2.227 1.760 0.347 0.434 2.056 1.444
-999.250 -999.250 -999.250 -999.250 -999.250 -999.250 -999.250 -999.250 -999.250 -999.250 -999.250 -999.250 -999.250 -999.250 -999.250 -999.250 -999.250 -999.250 -999.250 -999.250 -999.250 -999.250 -999.250 -999.250 -999.250 -999.250 -999.250 -999.250 -999.250 -999.250 -999.250 9.920 9.359 7.558 8.977 9.092 7.232 8.883 8.585 8.197 8.156 7.523 8.746 9.369 7.731 7.700 6.884 8.741 6.741 7.399 8.702 9.806 6.317 9.715 5.107 6.240 4.899 5.968 3.643 4.743 3.999 2.700 2.401 0.401 1.537 1.114 0.579 2.115 1.019
-999.250 -999.250 -999.250 -999.250 -999.250 -999.250 -999.250 -999.250 -999.250 -999.250 -999.250 -999.250 -999.250 -999.250 -999.250 -999.250 -999.250 -999.250 -999.250 -999.250 -999.250 -999.250 -999.250 -999.250 -999.250 -999.250 -999.250 -999.250 -999.250 -999.250 -999.250 10.379 8.279 8.190 7.475 9.395 7.575 11.329 9.125 6.797 8.027 5.870 8.902 8.560 8.353 7.941 8.227 11.003 7.460 7.871 9.211 8.056 6.758 7.905 4.686 6.636 6.858 6.590 6.151 4.844 2.521 4.720 3.100 0.000 0.208 0.000 0.000 0.000 2.386
-999.250 -999.250 -999.250 -999.250 -999.250 -999.250 -999.250 -999.250 -999.250 -999.250 -999.250 -999.250 -999.250 -999.250 -999.250 -999.250 -999.250 -999.250 -999.250 -999.250 -999.250 -999.250 -999.250 -999.250 -999.250 -999.250 -999.250 -999.250 -999.250 -999.250 -999.250 10.158 10.780 10.210 9.113 9.747 10.666 10.657 10.025 8.504 8.883 12.247 10.557 10.623 10.766 9.604 8.479 9.644 8.274 7.881 6.681 8.773 6.186 6.055 5.164 6.769 3.960 6.506 5.242 2.278 3.986 5.547 1.670 1.104 0.000 0.000 0.000 0.195 1.054
