data/medianmodel_12-Apr-2020.asc
ncols	141
nrows	288
xllcorner	-120191.398
yllcorner	-301404.813
cellsize	2000.000
NODATA_value	-999.250
[rows 120 to 149 of 288, columns 0 to 67 of 141]
-999.250 -999.250 -999.250 -999.250 -999.250 -999.250 -999.250 -999.250 -999.250 -999.250 -999.250 -999.250 -999.250 -999.250 -999.250 -999.250 -999.250 -999.250 -999.250 -999.250 -999.250 -999.250 -999.250 -999.250 -999.250 -999.250 11.400 7.687 3.944 1.752 3.484 0.781 3.427 8.150 13.516 14.880 20.397 25.263 41.410 59.667 74.150 89.694 83.743 94.930 101.933 87.383 66.513 39.529 27.687 24.649 22.772 28.007 31.164 34.443 38.748 46.548 49.511 68.038 88.387 74.942 62.811 56.478 48.161 42.356 34.024 26.914 26.273 23.086
-999.250 -999.250 -999.250 -999.250 -999.250 -999.250 -999.250 -999.250 -999.250 -999.250 -999.250 -999.250 -999.250 -999.250 -999.250 -999.250 -999.250 -999.250 -999.250 -999.250 -999.250 -999.250 -999.250 -999.250 -999.250 16.914 11.988 8.929 7.307 4.128 0.026 1.883 8.414 9.610 14.022 17.640 23.193 30.031 44.111 70.964 85.762 85.124 84.044 89.228 78.178 72.502 56.980 35.596 32.383 34.395 44.164 41.635 55.542 59.861 61.224 61.126 79.958 95.603 117.302 89.844 82.153 71.267 60.708 42.656 29.903 24.584 24.891 20.662
-999.250 -999.250 -999.250 -999.250 -999.250 -999.250 -999.250 -999.250 -999.250 -999.250 -999.250 -999.250 -999.250 -999.250 -999.250 -999.250 -999.250 -999.250 -999.250 -999.250 -999.250 -999.250 -999.250 -999.250 -999.250 13.607 13.481 10.043 5.225 2.994 1.810 7.069 12.897 15.321 17.178 21.016 26.379 33.588 44.263 71.541 89.704 93.421 87.751 89.129 79.046 73.736 59.991 41.532 44.381 57.028 74.213 69.608 80.703 76.768 80.833 90.547 94.480 100.708 104.882 93.104 73.830 62.342 53.456 44.388 34.456 31.336 23.525 18.051
-999.250 -999.250 -999.250 -999.250 -999.250 -999.250 -999.250 -999.250 -999.250 -999.250 -999.250 -999.250 -999.250 -999.250 -999.250 -999.250 -999.250 -999.250 -999.250 -999.250 -999.250 -999.250 -999.250 -999.250 -999.250 15.990 13.880 11.494 8.443 5.753 5.291 11.364 13.106 16.213 20.907 23.468 30.794 38.764 54.410 79.194 81.606 91.982 100.162 106.065 91.363 88.537 92.123 84.501 84.795 86.566 91.965 107.284 108.659 97.761 103.070 114.639 115.781 103.120 89.411 88.616 66.090 64.358 45.505 39.234 31.976 26.198 21.559 20.299
-999.250 -999.250 -999.250 -999.250 -999.250 -999.250 -999.250 -999.250 -999.250 -999.250 -999.250 -999.250 -999.250 -999.250 -999.250 -999.250 -999.250 -999.250 -999.250 -999.250 -999.250 -999.250 -999.250 -999.250 21.912 18.272 14.445 12.440 8.676 5.920 6.043 11.701 13.149 18.306 20.873 29.904 38.171 45.962 63.519 84.198 84.240 108.641 101.656 122.895 124.194 127.602 126.580 134.187 142.593 117.868 142.765 148.817 129.845 125.009 120.882 111.456 106.879 96.144 89.896 77.500 61.301 53.014 39.480 37.701 33.898 24.802 22.460 17.163
-999.250 -999.250 -999.250 -999.250 -999.250 -999.250 -999.250 -999.250 -999.250 -999.250 -999.250 -999.250 -999.250 -999.250 -999.250 -999.250 -999.250 -999.250 -999.250 -999.250 -999.250 -999.250 -999.250 -999.250 22.029 19.718 13.451 13.671 10.586 8.321 12.911 13.237 16.043 21.061 24.081 30.644 45.122 55.183 74.832 90.008 98.395 102.381 121.916 147.622 154.749 166.668 193.165 196.377 212.856 201.326 182.527 156.934 158.160 158.084 125.718 116.727 106.438 98.698 94.623 76.414 65.152 41.852 38.881 31.418 25.053 23.184 18.815 15.715
-999.250 -999.250 -999.250 -999.250 -999.250 -999.250 -999.250 -999.250 -999.250 -999.250 -999.250 -999.250 -999.250 -999.250 -999.250 -999.250 -999.250 -999.250 -999.250 -999.250 -999.250 -999.250 -999.250 22.996 21.485 19.252 16.374 11.540 10.354 12.041 14.456 17.609 19.125 22.341 28.538 33.515 46.960 62.624 81.120 89.264 93.538 105.550 137.157 171.155 194.709 219.755 255.831 261.057 272.741 259.058 224.441 198.446 196.654 171.134 129.766 104.005 97.825 87.457 82.301 65.385 53.002 40.523 32.764 25.039 22.399 21.045 17.077 14.191
-999.250 -999.250 -999.250 -999.250 -999.250 -999.250 -999.250 -999.250 -999.250 -999.250 -999.250 -999.250 -999.250 -999.250 -999.250 -999.250 -999.250 -999.250 -999.250 -999.250 -999.250 -999.250 -999.250 21.056 21.719 20.482 17.042 16.176 12.983 15.603 19.133 19.739 23.017 24.286 29.721 34.223 47.929 68.587 78.629 95.146 102.847 116.425 166.869 192.064 215.909 289.105 327.086 324.229 351.948 307.120 284.583 250.518 195.510 157.948 129.974 109.019 92.264 80.452 70.225 58.223 43.571 33.993 26.714 23.356 20.757 18.876 15.814 11.989
-999.250 -999.250 -999.250 -999.250 -999.250 -999.250 -999.250 -999.250 -999.250 -999.250 -999.250 -999.250 -999.250 -999.250 -999.250 -999.250 -999.250 -999.250 -999.250 -999.250 -999.250 -999.250 -999.250 19.994 21.255 18.548 19.300 18.642 17.131 19.825 17.438 22.871 22.824 29.355 34.381 42.034 41.194 61.177 78.692 88.508 103.844 119.160 171.896 206.678 236.551 297.173 309.653 363.849 454.752 339.019 313.997 267.259 217.886 174.899 135.345 100.348 87.492 73.247 68.021 51.319 40.114 30.798 20.580 19.812 16.737 14.494 13.332 9.294
-999.250 -999.250 -999.250 -999.250 -999.250 -999.250 -999.250 -999.250 -999.250 -999.250 -999.250 -999.250 -999.250 -999.250 -999.250 -999.250 -999.250 -999.250 -999.250 -999.250 -999.250 -999.250 21.240 19.682 21.476 21.358 22.499 20.063 18.925 21.856 22.380 25.261 27.764 31.148 39.483 40.319 41.894 58.752 71.574 93.194 111.372 132.098 166.744 195.023 252.952 317.801 335.137 368.095 377.938 335.808 284.446 250.781 191.779 155.419 115.115 89.877 83.660 70.487 47.487 39.084 31.642 24.569 19.963 15.656 14.557 13.134 11.882 4.709
-999.250 -999.250 -999.250 -999.250 -999.250 -999.250 -999.250 -999.250 -999.250 -999.250 -999.250 -999.250 -999.250 -999.250 -999.250 -999.250 -999.250 -999.250 -999.250 -999.250 -999.250 -999.250 17.281 18.686 22.690 20.088 19.995 19.399 23.408 23.966 27.577 31.147 30.009 37.836 32.946 42.273 46.566 55.930 86.137 95.281 109.995 127.333 166.299 203.136 231.714 287.025 315.186 343.592 333.403 278.932 247.925 214.953 168.495 116.441 101.212 87.829 70.487 57.802 42.666 29.756 24.509 21.657 20.323 14.712 10.440 11.393 8.963 4.267
-999.250 -999.250 -999.250 -999.250 -999.250 -999.250 -999.250 -999.250 -999.250 -999.250 -999.250 -999.250 -999.250 -999.250 -999.250 -999.250 -999.250 -999.250 -999.250 -999.250 -999.250 18.100 18.194 19.231 18.178 19.792 19.839 21.257 23.920 26.956 32.730 34.109 33.478 34.648 40.965 40.147 55.141 63.183 82.416 88.458 100.170 120.887 163.167 192.016 208.984 248.752 282.825 296.806 278.756 258.083 195.948 172.537 124.227 95.364 74.693 70.040 49.003 47.428 37.286 25.844 22.449 20.258 16.816 13.139 10.390 8.947 5.574 4.597
-999.250 -999.250 -999.250 -999.250 -999.250 -999.250 -999.250 -999.250 -999.250 -999.250 -999.250 -999.250 -999.250 -999.250 -999.250 -999.250 -999.250 -999.250 -999.250 -999.250 -999.250 16.892 18.977 21.371 19.377 20.565 17.560 19.988 23.608 26.304 29.008 32.469 33.969 36.877 38.181 43.262 51.491 67.294 65.715 71.075 93.886 109.574 121.917 156.537 194.647 245.540 263.247 269.482 239.469 207.124 161.582 127.050 88.141 70.162 46.180 42.976 34.704 30.957 25.547 23.596 20.188 16.811 15.426 13.766 10.393 8.895 3.435 1.571
-999.250 -999.250 -999.250 -999.250 -999.250 -999.250 -999.250 -999.250 -999.250 -999.250 -999.250 -999.250 -999.250 -999.250 -999.250 -999.250 -999.250 -999.250 -999.250 -999.250 -999.250 17.476 21.481 19.574 21.999 19.523 15.806 17.785 21.816 22.550 29.361 36.650 41.099 38.688 45.816 44.337 47.980 52.153 69.619 69.588 89.182 103.611 115.635 145.275 188.627 171.673 208.689 198.615 178.668 148.048 117.775 79.948 57.085 38.201 29.866 29.464 27.123 25.719 21.299 19.466 19.155 13.033 11.728 12.071 10.307 8.280 4.601 3.903
-999.250 -999.250 -999.250 -999.250 -999.250 -999.250 -999.250 -999.250 -999.250 -999.250 -999.250 -999.250 -999.250 -999.250 -999.250 -999.250 -999.250 -999.250 -999.250 -999.250 15.857 20.141 19.742 19.451 18.071 18.331 19.452 20.111 19.399 22.465 28.027 33.008 38.320 40.667 38.819 38.928 46.482 52.305 65.474 76.969 76.271 90.034 109.061 114.449 132.970 160.991 161.203 139.276 143.749 108.720 80.330 47.936 12.564 14.987 15.034 17.394 18.451 20.812 22.057 15.109 14.115 13.080 11.333 11.965 10.271 8.075 5.758 4.650
-999.250 -999.250 -999.250 -999.250 -999.250 -999.250 -999.250 -999.250 -999.250 -999.250 -999.250 -999.250 -999.250 -999.250 -999.250 -999.250 -999.250 -999.250 -999.250 -999.250 16.981 18.799 21.663 21.609 23.691 18.848 19.441 19.909 18.719 22.921 27.630 30.737 36.168 38.743 35.963 41.256 39.646 45.816 64.117 61.679 62.805 88.989 80.363 97.859 124.263 121.202 119.144 110.406 94.424 91.059 54.569 33.120 16.211 8.616 3.849 10.677 13.605 15.353 17.290 15.201 15.940 11.340 9.794 9.490 9.945 11.157 8.261 2.319
-999.250 -999.250 -999.250 -999.250 -999.250 -999.250 -999.250 -999.250 -999.250 -999.250 -999.250 -999.250 -999.250 -999.250 -999.250 -999.250 -999.250 -999.250 -999.250 -999.250 19.783 18.303 22.423 23.008 22.502 20.167 20.244 18.502 18.605 20.942 26.284 26.849 32.590 33.996 33.810 37.066 45.400 49.805 50.622 52.910 61.607 68.798 78.393 93.132 100.828 99.190 106.532 104.540 78.994 63.374 40.077 27.514 14.698 6.864 4.992 7.632 7.103 7.784 9.530 7.953 9.716 11.963 7.780 10.237 9.147 9.264 6.796 5.791
-999.250 -999.250 -999.250 -999.250 -999.250 -999.250 -999.250 -999.250 -999.250 -999.250 -999.250 -999.250 -999.250 -999.250 -999.250 -999.250 -999.250 -999.250 -999.250 -999.250 17.451 18.499 18.483 21.713 21.480 18.098 19.732 19.866 19.182 19.661 18.794 23.472 26.110 29.813 28.637 33.383 36.903 40.517 40.672 48.077 52.221 73.960 73.958 89.627 86.125 87.017 82.922 80.156 57.565 52.477 36.320 21.335 12.863 4.818 7.620 1.158 5.406 6.904 3.196 0.000 5.986 6.767 9.707 8.346 10.310 9.053 9.811 11.942
-999.250 -999.250 -999.250 -999.250 -999.250 -999.250 -999.250 -999.250 -999.250 -999.250 -999.250 -999.250 -999.250 -999.250 -999.250 -999.250 -999.250 -999.250 -999.250 17.486 16.782 18.787 19.211 18.875 22.970 18.360 18.946 19.958 18.736 19.098 21.028 24.593 23.830 27.032 25.814 29.952 34.270 35.535 36.949 39.090 49.811 53.987 70.977 68.306 76.415 80.806 78.137 70.414 48.741 34.222 26.719 20.099 14.000 7.302 1.867 3.503 5.189 3.150 4.143 0.566 3.156 5.862 7.537 9.985 7.393 9.389 12.399 13.534
-999.250 -999.250 -999.250 -999.250 -999.250 -999.250 -999.250 -999.250 -999.250 -999.250 -999.250 -999.250 -999.250 -999.250 -999.250 -999.250 -999.250 -999.250 -999.250 16.712 18.160 18.013 18.882 19.239 20.165 20.867 22.350 22.668 21.754 20.157 20.830 21.875 22.593 23.125 23.194 26.622 30.168 33.332 31.631 36.254 46.501 46.005 51.934 55.326 67.852 66.927 55.707 44.790 36.722 29.286 24.473 20.424 11.720 7.749 4.493 4.116 3.509 7.130 4.865 3.239 2.933 3.351 4.768 8.727 10.756 9.729 12.990 16.989
-999.250 -999.250 -999.250 -999.250 -999.250 -999.250 -999.250 -999.250 -999.250 -999.250 -999.250 -999.250 -999.250 -999.250 -999.250 -999.250 -999.250 -999.250 -999.250 17.470 14.119 17.383 17.871 19.278 23.290 22.322 21.530 22.879 22.217 22.885 21.482 21.459 21.879 22.478 21.956 26.296 23.381 28.978 31.875 30.786 36.767 41.628 47.181 47.120 47.463 49.796 40.842 33.560 27.959 25.055 19.425 15.659 12.357 10.265 6.056 5.137 5.519 7.193 5.162 3.075 6.500 4.316 7.695 11.761 11.464 14.855 15.373 18.141
-999.250 -999.250 -999.250 -999.250 -999.250 -999.250 -999.250 -999.250 -999.250 -999.250 -999.250 -999.250 -999.250 -999.250 -999.250 -999.250 -999.250 -999.250 -999.250 16.159 18.979 20.348 19.406 21.421 24.164 26.183 27.851 25.877 26.177 24.376 24.533 20.541 22.886 22.044 22.883 23.965 24.019 29.545 29.386 29.230 33.693 38.598 39.436 34.927 36.316 37.784 32.483 24.184 21.770 18.895 16.778 15.746 10.963 10.844 6.995 9.334 6.125 4.364 4.257 3.528 6.122 6.392 9.680 11.772 13.919 16.256 16.769 18.164
-999.250 -999.250 -999.250 -999.250 -999.250 -999.250 -999.250 -999.250 -999.250 -999.250 -999.250 -999.250 -999.250 -999.250 -999.250 -999.250 -999.250 -999.250 -999.250 18.703 21.356 21.998 24.439 24.585 27.440 28.352 27.447 29.291 28.953 26.579 24.389 21.281 21.648 20.824 24.706 24.687 24.538 27.468 27.917 30.058 33.082 32.935 32.284 32.930 31.226 30.188 30.699 23.399 20.834 19.351 14.295 13.617 10.526 6.902 6.497 5.190 1.867 5.430 2.329 2.105 5.672 7.798 10.929 14.361 15.957 18.540 19.394 19.704
-999.250 -999.250 -999.250 -999.250 -999.250 -999.250 -999.250 -999.250 -999.250 -999.250 -999.250 -999.250 -999.250 -999.250 -999.250 -999.250 -999.250 -999.250 19.438 22.257 22.114 24.121 24.775 28.009 27.466 28.891 29.282 32.411 27.894 30.835 23.522 23.912 23.136 21.907 23.551 22.322 26.324 25.881 28.015 26.763 30.386 28.799 29.300 28.660 27.481 27.357 28.872 26.412 21.885 18.766 14.436 10.755 10.998 8.407 6.913 6.234 6.364 5.520 3.413 0.000 2.903 7.164 10.180 13.720 16.813 18.806 19.240 20.056
-999.250 -999.250 -999.250 -999.250 -999.250 -999.250 -999.250 -999.250 -999.250 -999.250 -999.250 -999.250 -999.250 -999.250 -999.250 -999.250 -999.250 19.904 20.648 20.894 24.120 20.437 24.994 27.657 27.478 26.437 25.833 29.687 27.588 27.430 24.051 24.370 23.213 23.763 21.335 21.150 22.065 23.411 23.670 25.905 28.954 29.096 29.031 28.244 32.204 27.007 24.674 21.246 20.247 16.765 12.537 11.079 9.398 5.559 10.336 11.378 10.216 9.178 6.212 0.000 2.648 8.328 12.593 16.295 18.813 20.860 20.992 20.354
-999.250 -999.250 -999.250 -999.250 -999.250 -999.250 -999.250 -999.250 -999.250 -999.250 -999.250 -999.250 -999.250 -999.250 -999.250 -999.250 -999.250 20.719 18.803 25.050 22.600 23.845 26.136 29.405 32.266 29.720 27.368 27.787 29.092 30.047 29.417 25.706 25.485 23.777 22.949 22.930 21.973 19.765 25.071 26.708 28.376 29.974 29.009 26.949 25.126 24.416 23.864 20.549 17.339 16.792 12.997 11.982 8.989 7.467 8.356 12.156 13.383 13.007 13.230 9.605 11.623 11.947 14.155 18.967 18.848 18.876 20.883 19.386
-999.250 -999.250 -999.250 -999.250 -999.250 -999.250 -999.250 -999.250 -999.250 -999.250 -999.250 -999.250 -999.250 -999.250 -999.250 18.503 20.416 19.978 21.644 22.797 23.936 25.661 26.263 27.384 28.042 30.432 32.240 30.012 32.482 32.383 32.368 34.140 29.800 26.089 25.756 22.694 23.171 25.231 24.061 24.805 27.012 31.489 26.183 23.601 22.177 20.889 22.241 21.380 19.334 19.500 16.490 12.973 6.359 4.712 5.223 12.196 15.819 17.079 15.260 15.830 16.160 18.173 18.686 16.092 19.135 20.629 17.622 16.188
-999.250 -999.250 -999.250 -999.250 -999.250 -999.250 -999.250 -999.250 -999.250 -999.250 -999.250 -999.250 -999.250 -999.250 16.648 18.822 21.632 19.789 23.311 23.192 26.320 25.379 24.528 24.152 28.697 29.318 31.837 33.544 34.311 34.919 32.770 37.829 32.431 29.559 26.279 25.959 23.857 23.769 21.853 24.620 22.690 25.164 20.669 19.496 16.333 17.178 19.760 22.699 22.096 19.445 15.689 11.212 4.619 0.000 6.106 12.134 16.673 18.739 18.795 19.558 19.551 16.986 19.690 21.969 18.645 23.139 17.054 14.682
-999.250 -999.250 -999.250 -999.250 -999.250 -999.250 -999.250 -999.250 -999.250 -999.250 -999.250 -999.250 -999.250 -999.250 18.047 17.749 19.674 20.645 22.642 23.782 27.082 23.660 25.796 26.697 29.472 32.624 30.170 34.048 35.565 35.241 35.145 38.529 35.746 32.711 27.521 29.050 27.414 23.421 24.769 23.630 23.755 21.958 20.286 16.955 12.497 9.277 18.140 26.806 21.999 20.625 18.710 12.792 7.962 6.996 12.792 15.771 18.760 19.730 21.540 18.718 21.466 21.067 21.540 25.160 21.217 17.970 18.253 13.947
-999.250 -999.250 -999.250 -999.250 -999.250 -999.250 -999.250 -999.250 -999.250 -999.250 -999.250 -999.250 -999.250 14.082 16.609 18.305 21.394 21.009 19.679 22.716 24.706 24.494 25.161 29.928 29.628 29.693 30.194 30.991 33.567 38.221 36.481 40.501 39.089 34.375 30.458 29.476 28.449 26.992 25.132 27.242 24.450 23.898 21.580 17.539 14.249 15.006 20.840 23.427 23.058 19.751 17.732 14.595 12.145 8.065 14.118 15.952 18.855 21.368 22.716 24.761 22.182 23.491 22.416 22.181 20.741 17.662 16.123 13.415
