data/medianmodel_30-Sep-2020.asc
ncols	141
nrows	288
xllcorner	-120191.398
yllcorner	-301404.813
cellsize	2000.000
NODATA_value	-999.250
[rows 210 to 239 of 288, columns 67 to 133 of 141]
13.492 11.053 10.536 9.903 10.276 11.393 10.666 9.253 10.773 10.946 14.615 20.344 26.185 28.486 33.219 39.363 45.749 47.932 55.103 55.436 55.634 53.390 50.886 45.029 39.184 31.690 26.144 16.830 12.762 3.097 0.000 0.000 -999.250 -999.250 -999.250 -999.250 -999.250 -999.250 -999.250 -999.250 -999.250 -999.250 -999.250 -999.250 -999.250 -999.250 -999.250 -999.250 -999.250 -999.250 -999.250 -999.250 -999.250 -999.250 -999.250 -999.250 -999.250 -999.250 -999.250 -999.250 -999.250 -999.250 -999.250 -999.250 -999.250 -999.250 -999.250
13.186 11.109 11.512 12.145 10.299 7.186 10.597 10.414 7.890 8.867 11.413 13.624 16.936 22.938 26.610 31.943 35.280 37.291 47.311 50.830 52.917 49.617 47.592 48.088 44.402 36.322 28.214 21.194 14.180 9.772 5.843 3.568 1.299 -999.250 -999.250 -999.250 -999.250 -999.250 -999.250 -999.250 -999.250 -999.250 -999.250 -999.250 -999.250 -999.250 -999.250 -999.250 -999.250 -999.250 -999.250 -999.250 -999.250 -999.250 -999.250 -999.250 -999.250 -999.250 -999.250 -999.250 -999.250 -999.250 -999.250 -999.250 -999.250 -999.250 -999.250
14.360 13.868 13.385 13.291 12.282 9.853 9.301 9.408 8.056 5.648 3.721 8.108 11.334 15.430 20.141 24.959 28.510 33.042 44.502 45.152 45.784 50.078 50.928 45.336 40.410 32.887 29.607 26.143 20.886 14.247 12.735 9.355 7.924 5.345 -999.250 -999.250 -999.250 -999.250 -999.250 -999.250 -999.250 -999.250 -999.250 -999.250 -999.250 -999.250 -999.250 -999.250 -999.250 -999.250 -999.250 -999.250 -999.250 -999.250 -999.250 -999.250 -999.250 -999.250 -999.250 -999.250 -999.250 -999.250 -999.250 -999.250 -999.250 -999.250 -999.250
12.700 13.596 14.961 14.154 15.033 13.951 10.864 8.976 8.045 4.080 1.482 0.000 5.486 12.373 16.145 23.175 25.096 31.658 36.379 38.792 45.930 47.074 51.683 46.379 41.009 42.402 34.156 28.892 25.809 19.149 15.875 12.839 9.213 8.703 -999.250 -999.250 -999.250 -999.250 -999.250 -999.250 -999.250 -999.250 -999.250 -999.250 -999.250 -999.250 -999.250 -999.250 -999.250 -999.250 -999.250 -999.250 -999.250 -999.250 -999.250 -999.250 -999.250 -999.250 -999.250 -999.250 -999.250 -999.250 -999.250 -999.250 -999.250 -999.250 -999.250
14.135 16.950 18.018 19.558 21.122 20.166 14.646 10.909 8.546 6.932 4.370 1.705 5.329 11.360 13.995 16.527 25.878 28.761 35.567 37.841 43.228 46.197 47.956 51.877 49.879 45.052 35.271 34.463 33.597 27.060 22.427 14.267 13.466 9.338 6.648 -999.250 -999.250 -999.250 -999.250 -999.250 -999.250 -999.250 -999.250 -999.250 -999.250 -999.250 -999.250 -999.250 -999.250 -999.250 -999.250 -999.250 -999.250 -999.250 -999.250 -999.250 -999.250 -999.250 -999.250 -999.250 -999.250 -999.250 -999.250 -999.250 -999.250 -999.250 -999.250
17.646 21.830 26.569 27.118 25.042 22.980 19.373 15.053 11.834 9.697 8.517 7.441 9.139 11.211 15.322 18.593 27.611 28.894 36.386 37.417 41.281 48.964 56.099 53.341 52.755 51.288 49.526 41.407 43.161 33.149 26.446 21.503 15.902 12.852 8.852 2.333 -999.250 -999.250 -999.250 -999.250 -999.250 -999.250 -999.250 -999.250 -999.250 -999.250 -999.250 -999.250 -999.250 -999.250 -999.250 -999.250 -999.250 -999.250 -999.250 -999.250 -999.250 -999.250 -999.250 -999.250 -999.250 -999.250 -999.250 -999.250 -999.250 -999.250 -999.250
19.518 28.387 33.369 41.129 37.181 32.078 26.619 19.413 14.072 13.765 10.192 11.353 12.446 13.851 16.928 22.067 25.066 33.759 36.575 44.302 48.509 57.162 56.709 60.620 58.095 57.773 56.418 52.028 50.445 40.634 32.074 26.207 18.504 15.544 11.727 8.164 -999.250 -999.250 -999.250 -999.250 -999.250 -999.250 -999.250 -999.250 -999.250 -999.250 -999.250 -999.250 -999.250 -999.250 -999.250 -999.250 -999.250 -999.250 -999.250 -999.250 -999.250 -999.250 -999.250 -999.250 -999.250 -999.250 -999.250 -999.250 -999.250 -999.250 -999.250
25.790 39.126 47.525 54.549 50.447 45.397 32.174 28.299 18.149 16.127 15.534 14.616 13.519 16.351 19.230 24.466 26.280 34.885 41.661 52.231 53.295 59.739 63.941 68.026 67.510 67.570 62.124 60.373 55.792 47.002 39.081 30.282 25.960 17.894 13.540 7.419 -999.250 -999.250 -999.250 -999.250 -999.250 -999.250 -999.250 -999.250 -999.250 -999.250 -999.250 -999.250 -999.250 -999.250 -999.250 -999.250 -999.250 -999.250 -999.250 -999.250 -999.250 -999.250 -999.250 -999.250 -999.250 -999.250 -999.250 -999.250 -999.250 -999.250 -999.250
42.662 54.642 65.791 70.095 68.321 60.033 46.806 41.131 28.206 27.209 23.414 19.853 20.032 21.907 22.571 29.698 29.433 36.482 48.247 53.362 60.008 63.027 65.576 68.170 74.029 69.919 67.532 64.971 61.907 51.222 47.896 38.353 28.246 24.825 16.330 11.338 3.741 -999.250 -999.250 -999.250 -999.250 -999.250 -999.250 -999.250 10.474 -999.250 -999.250 -999.250 -999.250 -999.250 -999.250 -999.250 -999.250 -999.250 -999.250 -999.250 -999.250 -999.250 -999.250 -999.250 -999.250 -999.250 -999.250 -999.250 -999.250 -999.250 -999.250
56.703 68.419 79.217 88.320 83.458 70.398 64.136 53.490 42.400 35.800 33.995 28.951 30.356 31.358 30.093 35.608 38.109 40.189 48.992 56.944 62.510 65.224 73.336 78.492 86.427 81.713 75.989 71.656 69.012 62.890 57.019 45.038 35.982 27.745 18.799 15.461 10.779 4.645 -999.250 -999.250 -999.250 0.000 0.872 4.898 10.382 -999.250 -999.250 -999.250 -999.250 -999.250 -999.250 -999.250 -999.250 -999.250 -999.250 -999.250 -999.250 -999.250 -999.250 -999.250 -999.250 -999.250 -999.250 -999.250 -999.250 -999.250 -999.250
66.862 77.678 100.991 108.814 100.228 91.623 75.156 61.684 56.291 46.464 42.040 33.488 35.776 36.503 39.774 37.614 44.289 47.316 54.096 60.860 66.637 72.327 76.920 82.177 85.673 89.200 90.193 80.391 77.859 64.549 59.811 49.585 46.408 33.389 25.197 18.191 13.057 9.894 -999.250 0.000 0.000 0.000 4.536 6.265 -999.250 -999.250 -999.250 -999.250 -999.250 -999.250 -999.250 -999.250 -999.250 -999.250 -999.250 -999.250 -999.250 -999.250 -999.250 -999.250 -999.250 -999.250 -999.250 -999.250 -999.250 -999.250 -999.250
77.149 100.734 102.671 113.248 110.789 102.086 81.680 73.544 65.775 59.442 53.731 50.540 46.454 47.739 45.155 49.594 51.193 54.253 60.850 63.566 71.557 77.468 81.026 95.853 102.087 103.968 96.674 91.837 85.320 70.658 63.248 58.089 49.257 37.914 27.599 25.344 18.459 13.311 9.696 3.015 0.000 1.198 5.819 7.776 -999.250 -999.250 -999.250 -999.250 -999.250 -999.250 -999.250 -999.250 -999.250 -999.250 -999.250 -999.250 -999.250 -999.250 -999.250 -999.250 -999.250 -999.250 -999.250 -999.250 -999.250 -999.250 -999.250
90.166 102.619 114.093 116.584 111.503 107.094 90.053 79.486 74.696 61.881 58.335 57.666 49.541 53.483 55.440 56.633 58.801 61.574 63.753 66.362 80.576 83.808 92.195 99.362 108.959 116.635 99.735 96.827 84.192 72.073 65.835 58.691 49.481 43.748 34.790 30.504 21.877 18.967 12.510 7.024 5.389 2.505 6.810 9.895 -999.250 -999.250 -999.250 -999.250 -999.250 -999.250 -999.250 -999.250 -999.250 -999.250 -999.250 -999.250 -999.250 -999.250 -999.250 -999.250 -999.250 -999.250 -999.250 -999.250 -999.250 -999.250 -999.250
95.339 104.085 113.975 123.200 116.292 114.157 96.654 84.281 83.904 73.452 64.441 65.009 56.227 58.459 60.044 62.461 65.917 68.262 65.623 71.278 76.982 85.841 96.017 98.532 109.047 114.218 103.051 98.186 83.463 75.522 73.043 61.738 57.577 49.410 40.697 32.936 26.758 20.842 16.361 12.341 11.182 10.313 9.978 11.245 -999.250 -999.250 -999.250 -999.250 -999.250 -999.250 -999.250 -999.250 -999.250 -999.250 -999.250 -999.250 -999.250 -999.250 -999.250 -999.250 -999.250 -999.250 -999.250 -999.250 -999.250 -999.250 -999.250
98.951 113.241 123.172 114.358 126.092 115.320 106.796 100.748 85.867 80.155 70.403 65.478 62.304 69.360 67.774 70.835 71.399 69.554 74.103 75.214 83.072 87.806 90.989 90.838 97.324 107.950 103.300 103.138 86.721 78.373 79.590 68.798 58.769 46.571 45.328 37.035 33.469 30.146 21.818 15.747 13.550 13.319 14.106 -999.250 -999.250 -999.250 -999.250 -999.250 -999.250 -999.250 -999.250 -999.250 -999.250 -999.250 -999.250 -999.250 -999.250 -999.250 -999.250 -999.250 -999.250 -999.250 -999.250 -999.250 -999.250 -999.250 -999.250
108.598 121.534 126.865 127.794 133.290 122.178 114.819 109.001 90.579 86.834 76.922 75.304 74.351 70.985 75.937 77.878 74.116 74.102 76.685 77.316 78.066 80.976 94.546 96.976 105.323 110.856 110.405 94.029 83.229 77.779 74.070 71.640 60.831 54.275 50.309 43.476 35.755 30.012 28.862 24.211 19.417 16.015 14.454 -999.250 -999.250 -999.250 -999.250 -999.250 -999.250 -999.250 -999.250 -999.250 -999.250 -999.250 -999.250 -999.250 -999.250 -999.250 -999.250 -999.250 -999.250 -999.250 -999.250 -999.250 -999.250 -999.250 -999.250
103.178 121.360 121.888 138.344 121.984 128.468 120.352 105.818 103.099 97.354 94.067 84.453 71.579 74.370 76.816 86.727 79.241 77.274 74.390 72.121 72.984 76.687 89.512 86.567 87.244 104.435 96.120 96.415 85.253 88.593 81.164 76.829 65.787 57.268 49.985 45.214 35.843 31.125 29.459 24.991 23.058 17.487 17.343 -999.250 -999.250 -999.250 -999.250 -999.250 -999.250 -999.250 -999.250 -999.250 -999.250 -999.250 -999.250 -999.250 -999.250 -999.250 -999.250 -999.250 -999.250 -999.250 -999.250 -999.250 -999.250 -999.250 -999.250
109.522 122.847 121.347 128.466 132.219 127.796 120.786 111.888 104.741 107.277 91.662 85.323 80.935 80.667 86.535 90.462 87.800 83.878 68.300 75.624 77.055 82.197 84.969 97.393 97.642 105.874 95.589 102.488 94.286 85.079 80.938 76.023 63.839 62.276 56.939 48.731 37.379 33.396 31.711 29.618 25.938 23.702 -999.250 -999.250 -999.250 -999.250 -999.250 -999.250 -999.250 -999.250 -999.250 -999.250 -999.250 -999.250 -999.250 -999.250 -999.250 -999.250 -999.250 -999.250 -999.250 -999.250 -999.250 -999.250 -999.250 -999.250 -999.250
116.297 126.198 136.040 145.012 137.699 130.406 138.920 127.798 115.680 114.215 105.779 99.099 96.700 86.037 93.225 87.559 79.969 76.525 80.440 77.952 87.184 91.926 98.508 96.587 104.991 103.374 101.717 97.012 97.425 90.468 88.406 78.895 68.438 59.890 54.101 50.862 45.397 -999.250 -999.250 30.441 28.202 25.819 -999.250 -999.250 -999.250 -999.250 -999.250 -999.250 -999.250 -999.250 -999.250 -999.250 -999.250 -999.250 -999.250 -999.250 -999.250 -999.250 -999.250 -999.250 -999.250 -999.250 -999.250 -999.250 -999.250 -999.250 -999.250
112.195 127.243 140.320 157.837 148.939 147.352 133.510 130.553 124.213 115.787 114.319 96.949 89.534 101.756 89.954 94.335 88.369 78.392 80.739 83.319 86.590 91.635 101.289 102.926 93.865 104.188 103.654 104.791 90.897 86.174 80.919 74.985 66.399 59.326 56.918 51.808 46.858 -999.250 -999.250 -999.250 -999.250 -999.250 -999.250 -999.250 -999.250 -999.250 -999.250 -999.250 -999.250 -999.250 -999.250 -999.250 -999.250 -999.250 -999.250 -999.250 -999.250 -999.250 -999.250 -999.250 -999.250 -999.250 -999.250 -999.250 -999.250 -999.250 -999.250
112.601 125.038 139.008 147.580 144.459 133.301 129.085 138.188 129.777 121.186 116.415 106.272 102.035 99.359 94.523 95.726 89.174 89.980 86.891 82.535 86.613 88.600 96.696 101.250 95.313 99.559 101.088 92.484 87.118 81.486 76.426 71.785 66.955 -999.250 -999.250 57.372 -999.250 -999.250 -999.250 -999.250 -999.250 -999.250 -999.250 -999.250 -999.250 -999.250 -999.250 -999.250 -999.250 -999.250 -999.250 -999.250 -999.250 -999.250 -999.250 -999.250 -999.250 -999.250 -999.250 -999.250 -999.250 -999.250 -999.250 -999.250 -999.250 -999.250 -999.250
111.658 121.209 135.036 135.482 128.118 136.184 131.510 130.893 124.201 119.615 111.022 114.394 105.637 98.066 96.212 101.028 96.338 90.495 94.695 89.922 84.622 93.295 90.180 100.649 106.199 100.956 92.446 83.276 82.266 74.409 70.739 -999.250 -999.250 -999.250 -999.250 -999.250 -999.250 -999.250 -999.250 -999.250 -999.250 -999.250 -999.250 -999.250 -999.250 -999.250 -999.250 -999.250 -999.250 -999.250 -999.250 -999.250 -999.250 -999.250 -999.250 -999.250 -999.250 -999.250 -999.250 -999.250 -999.250 -999.250 -999.250 -999.250 -999.250 -999.250 -999.250
90.602 111.600 120.373 129.217 137.125 135.955 128.794 118.019 121.638 114.298 104.553 106.142 101.223 99.332 102.397 100.647 90.781 94.789 93.309 97.232 86.004 87.260 89.539 97.578 93.069 87.001 85.076 84.366 81.988 77.257 72.603 -999.250 -999.250 -999.250 -999.250 -999.250 -999.250 -999.250 -999.250 -999.250 -999.250 -999.250 -999.250 -999.250 -999.250 -999.250 -999.250 -999.250 -999.250 -999.250 -999.250 -999.250 -999.250 -999.250 -999.250 -999.250 -999.250 -999.250 -999.250 -999.250 -999.250 -999.250 -999.250 -999.250 -999.250 -999.250 -999.250
82.440 98.220 105.362 110.541 119.294 115.907 114.600 111.231 118.461 108.875 113.043 106.623 101.829 102.491 100.003 94.111 95.760 96.421 98.227 90.717 89.330 91.918 92.920 90.438 91.206 99.108 89.878 90.117 77.618 72.320 68.995 -999.250 -999.250 -999.250 -999.250 -999.250 -999.250 -999.250 -999.250 -999.250 -999.250 -999.250 -999.250 -999.250 -999.250 -999.250 -999.250 -999.250 -999.250 -999.250 -999.250 -999.250 -999.250 -999.250 -999.250 -999.250 -999.250 -999.250 -999.250 -999.250 -999.250 -999.250 -999.250 -999.250 -999.250 -999.250 -999.250
69.781 76.583 84.723 91.741 97.175 97.736 113.406 118.708 110.427 112.354 118.674 103.786 95.790 98.011 95.737 109.821 105.279 94.336 92.107 93.245 88.073 97.742 89.362 92.019 88.238 87.766 82.993 78.727 71.757 76.814 69.633 -999.250 -999.250 -999.250 -999.250 -999.250 -999.250 -999.250 -999.250 -999.250 -999.250 -999.250 -999.250 -999.250 -999.250 -999.250 -999.250 -999.250 -999.250 -999.250 -999.250 -999.250 -999.250 -999.250 -999.250 -999.250 -999.250 -999.250 -999.250 -999.250 -999.250 -999.250 -999.250 -999.250 -999.250 -999.250 -999.250
65.344 70.688 76.773 88.825 90.546 88.385 97.757 103.144 104.087 104.228 105.443 104.820 98.592 92.693 93.433 95.150 105.325 94.370 95.809 93.257 93.464 90.546 85.934 90.491 89.269 79.216 79.029 77.666 74.443 69.243 -999.250 -999.250 -999.250 -999.250 -999.250 -999.250 -999.250 -999.250 -999.250 -999.250 -999.250 -999.250 -999.250 -999.250 -999.250 -999.250 -999.250 -999.250 -999.250 -999.250 -999.250 -999.250 -999.250 -999.250 -999.250 -999.250 -999.250 -999.250 -999.250 -999.250 -999.250 -999.250 -999.250 -999.250 -999.250 -999.250 -999.250
61.026 62.195 69.849 76.419 83.078 80.976 90.698 89.422 107.555 107.858 100.778 97.041 94.795 95.554 90.802 100.665 94.950 95.755 97.875 96.213 91.688 87.054 84.529 84.147 75.960 75.257 72.724 69.654 69.149 65.322 -999.250 -999.250 -999.250 -999.250 -999.250 -999.250 -999.250 -999.250 -999.250 -999.250 -999.250 -999.250 -999.250 -999.250 -999.250 -999.250 -999.250 -999.250 -999.250 -999.250 -999.250 -999.250 -999.250 -999.250 -999.250 -999.250 -999.250 -999.250 -999.250 -999.250 -999.250 -999.250 -999.250 -999.250 -999.250 -999.250 -999.250
51.722 55.181 59.376 60.831 68.556 74.834 78.202 77.287 83.846 94.794 84.876 90.374 88.162 94.202 90.479 85.398 92.410 93.299 96.610 92.235 87.214 83.899 76.948 75.773 78.139 70.849 69.149 62.481 66.843 60.024 -999.250 -999.250 -999.250 -999.250 -999.250 -999.250 -999.250 -999.250 -999.250 -999.250 -999.250 -999.250 -999.250 -999.250 -999.250 -999.250 -999.250 -999.250 -999.250 -999.250 -999.250 -999.250 -999.250 -999.250 -999.250 -999.250 -999.250 -999.250 -999.250 -999.250 -999.250 -999.250 -999.250 -999.250 -999.250 -999.250 -999.250
40.885 50.108 48.732 55.957 57.193 65.622 71.642 71.239 80.310 81.144 82.995 86.369 83.647 99.392 98.963 92.737 94.639 95.644 94.072 86.888 82.602 77.195 75.031 74.538 71.625 68.111 68.404 65.287 60.826 -999.250 -999.250 -999.250 -999.250 -999.250 -999.250 -999.250 -999.250 -999.250 -999.250 -999.250 -999.250 -999.250 -999.250 -999.250 -999.250 -999.250 -999.250 -999.250 -999.250 -999.250 -999.250 -999.250 -999.250 -999.250 -999.250 -999.250 -999.250 -999.250 -999.250 -999.250 -999.250 -999.250 -999.250 -999.250 -999.250 -999.250 -999.250
27.027 34.190 38.905 39.551 45.930 57.811 63.304 64.537 64.677 75.167 71.965 76.870 87.501 87.173 93.875 90.288 84.902 90.159 86.596 90.621 77.322 71.366 66.566 76.484 68.014 69.036 70.434 62.495 62.860 -999.250 -999.250 -999.250 -999.250 -999.250 -999.250 -999.250 -999.250 -999.250 -999.250 -999.250 -999.250 -999.250 -999.250 -999.250 -999.250 -999.250 -999.250 -999.250 -999.250 -999.250 -999.250 -999.250 -999.250 -999.250 -999.250 -999.250 -999.250 -999.250 -999.250 -999.250 -999.250 -999.250 -999.250 -999.250 -999.250 -999.250 -999.250
