data/medianmodel_05-Nov-2020.asc
ncols	141
nrows	288
xllcorner	-120191.398
yllcorner	-301404.813
cellsize	2000.000
NODATA_value	-999.250
[rows 0 to 28 of 288, columns 65 to 129 of 141]
-999.250 -999.250 -999.250 -999.250 -999.250 -999.250 -999.250 -999.250 -999.250 -999.250 -999.250 -999.250 -999.250 -999.250 -999.250 -999.250 -999.250 -999.250 -999.250 -999.250 -999.250 -999.250 -999.250 -999.250 -999.250 -999.250 -999.250 -999.250 -999.250 -999.250 -999.250 -999.250 -999.250 -999.250 -999.250 -999.250 -999.250 -999.250 -999.250 -999.250 -999.250 -999.250 -999.250 -999.250 -999.250 -999.250 -999.250 -999.250 -999.250 -999.250 -999.250 -999.250 -999.250 -999.250 -999.250 -999.250 -999.250 -999.250 -999.250 -999.250 -999.250 -999.250 -999.250 -999.250 -999.250
-999.250 -999.250 -999.250 -999.250 -999.250 -999.250 -999.250 -999.250 -999.250 -999.250 -999.250 -999.250 -999.250 -999.250 -999.250 -999.250 -999.250 -999.250 -999.250 -999.250 -999.250 -999.250 -999.250 -999.250 -999.250 -999.250 -999.250 -999.250 -999.250 -999.250 -999.250 -999.250 -999.250 -999.250 -999.250 -999.250 -999.250 -999.250 -999.250 -999.250 -999.250 -999.250 -999.250 -999.250 -999.250 -999.250 -999.250 -999.250 -999.250 -999.250 -999.250 -999.250 -999.250 -999.250 -999.250 -999.250 -999.250 -999.250 -999.250 -999.250 -999.250 -999.250 -999.250 -999.250 -999.250
-999.250 -999.250 -999.250 -999.250 -999.250 -999.250 -999.250 -999.250 -999.250 -999.250 -999.250 -999.250 -999.250 -999.250 -999.250 -999.250 -999.250 -999.250 -999.250 -999.250 -999.250 -999.250 -999.250 -999.250 -999.250 -999.250 -999.250 -999.250 -999.250 -999.250 -999.250 -999.250 -999.250 -999.250 -999.250 -999.250 -999.250 -999.250 -999.250 -999.250 -999.250 -999.250 -999.250 -999.250 -999.250 -999.250 -999.250 -999.250 -999.250 -999.250 -999.250 -999.250 -999.250 -999.250 -999.250 -999.250 -999.250 -999.250 -999.250 -999.250 -999.250 -999.250 -999.250 -999.250 -999.250
-999.250 -999.250 -999.250 -999.250 -999.250 -999.250 -999.250 -999.250 -999.250 -999.250 -999.250 -999.250 -999.250 -999.250 -999.250 -999.250 -999.250 -999.250 -999.250 -999.250 -999.250 -999.250 -999.250 -999.250 -999.250 -999.250 -999.250 -999.250 -999.250 -999.250 -999.250 -999.250 -999.250 -999.250 -999.250 -999.250 -999.250 -999.250 -999.250 -999.250 -999.250 -999.250 -999.250 -999.250 -999.250 -999.250 -999.250 -999.250 -999.250 -999.250 -999.250 -999.250 -999.250 -999.250 -999.250 -999.250 -999.250 -999.250 -999.250 -999.250 -999.250 -999.250 -999.250 -999.250 -999.250
-999.250 -999.250 -999.250 -999.250 -999.250 -999.250 -999.250 -999.250 -999.250 -999.250 -999.250 -999.250 -999.250 -999.250 -999.250 -999.250 -999.250 -999.250 -999.250 -999.250 -999.250 -999.250 -999.250 -999.250 -999.250 -999.250 -999.250 -999.250 -999.250 -999.250 -999.250 -999.250 -999.250 -999.250 -999.250 -999.250 -999.250 -999.250 -999.250 -999.250 -999.250 -999.250 -999.250 -999.250 -999.250 -999.250 -999.250 -999.250 -999.250 -999.250 -999.250 -999.250 -999.250 -999.250 -999.250 -999.250 -999.250 -999.250 -999.250 -999.250 -999.250 -999.250 -999.250 -999.250 -999.250
-999.250 -999.250 -999.250 -999.250 -999.250 -999.250 -999.250 -999.250 -999.250 -999.250 -999.250 -999.250 -999.250 -999.250 -999.250 -999.250 -999.250 -999.250 -999.250 -999.250 -999.250 -999.250 -999.250 -999.250 -999.250 -999.250 -999.250 -999.250 -999.250 -999.250 -999.250 -999.250 -999.250 -999.250 -999.250 -999.250 -999.250 -999.250 -999.250 -999.250 -999.250 -999.250 -999.250 -999.250 -999.250 -999.250 -999.250 -999.250 -999.250 -999.250 -999.250 -999.250 -999.250 -999.250 -999.250 -999.250 -999.250 -999.250 -999.250 -999.250 -999.250 -999.250 -999.250 -999.250 -999.250
-999.250 -999.250 -999.250 -999.250 -999.250 -999.250 -999.250 -999.250 -999.250 -999.250 -999.250 -999.250 -999.250 -999.250 -999.250 -999.250 -999.250 -999.250 -999.250 -999.250 -999.250 -999.250 -999.250 -999.250 -999.250 -999.250 -999.250 -999.250 -999.250 -999.250 -999.250 -999.250 -999.250 -999.250 -999.250 -999.250 -999.250 -999.250 -999.250 -999.250 -999.250 -999.250 -999.250 -999.250 -999.250 -999.250 -999.250 -999.250 -999.250 -999.250 -999.250 -999.250 -999.250 -999.250 -999.250 -999.250 -999.250 -999.250 -999.250 -999.250 -999.250 -999.250 -999.250 -999.250 -999.250
-999.250 -999.250 -999.250 -999.250 -999.250 -999.250 -999.250 -999.250 -999.250 -999.250 -999.250 -999.250 -999.250 -999.250 -999.250 -999.250 -999.250 -999.250 -999.250 -999.250 -999.250 -999.250 -999.250 -999.250 -999.250 -999.250 -999.250 -999.250 -999.250 -999.250 -999.250 -999.250 -999.250 -999.250 -999.250 -999.250 -999.250 -999.250 -999.250 -999.250 -999.250 -999.250 -999.250 -999.250 -999.250 -999.250 -999.250 -999.250 -999.250 -999.250 -999.250 -999.250 -999.250 -999.250 -999.250 -999.250 -999.250 -999.250 -999.250 -999.250 -999.250 -999.250 -999.250 -999.250 -999.250
-999.250 -999.250 -999.250 -999.250 -999.250 -999.250 -999.250 -999.250 -999.250 -999.250 -999.250 -999.250 -999.250 -999.250 -999.250 -999.250 -999.250 -999.250 -999.250 -999.250 -999.250 -999.250 -999.250 -999.250 -999.250 -999.250 -999.250 -999.250 -999.250 -999.250 -999.250 -999.250 -999.250 -999.250 -999.250 -999.250 -999.250 -999.250 -999.250 -999.250 -999.250 -999.250 -999.250 -999.250 -999.250 -999.250 -999.250 -999.250 -999.250 257.665 -999.250 -999.250 -999.250 -999.250 -999.250 -999.250 -999.250 -999.250 -999.250 -999.250 -999.250 -999.250 -999.250 -999.250 -999.250
-999.250 -999.250 -999.250 -999.250 -999.250 -999.250 -999.250 -999.250 -999.250 -999.250 -999.250 -999.250 -999.250 -999.250 -999.250 -999.250 -999.250 -999.250 -999.250 -999.250 -999.250 -999.250 -999.250 -999.250 -999.250 -999.250 -999.250 -999.250 -999.250 -999.250 -999.250 -999.250 -999.250 -999.250 245.888 262.781 268.345 274.993 -999.250 -999.250 -999.250 -999.250 292.724 -999.250 -999.250 -999.250 -999.250 -999.250 -999.250 334.109 319.925 -999.250 -999.250 -999.250 -999.250 -999.250 -999.250 -999.250 -999.250 -999.250 -999.250 -999.250 -999.250 -999.250 -999.250
-999.250 -999.250 -999.250 -999.250 -999.250 -999.250 -999.250 -999.250 -999.250 -999.250 -999.250 -999.250 -999.250 -999.250 -999.250 -999.250 -999.250 -999.250 -999.250 -999.250 -999.250 -999.250 -999.250 -999.250 -999.250 -999.250 -999.250 -999.250 -999.250 -999.250 -999.250 -999.250 -999.250 -999.250 228.606 254.381 277.731 253.099 -999.250 -999.250 -999.250 286.418 290.988 316.856 -999.250 -999.250 -999.250 -999.250 -999.250 359.013 353.366 374.032 -999.250 -999.250 -999.250 -999.250 -999.250 -999.250 303.030 278.034 -999.250 -999.250 -999.250 -999.250 -999.250
-999.250 -999.250 -999.250 -999.250 -999.250 -999.250 -999.250 -999.250 -999.250 -999.250 -999.250 -999.250 -999.250 -999.250 -999.250 -999.250 -999.250 -999.250 -999.250 -999.250 -999.250 -999.250 -999.250 -999.250 -999.250 -999.250 -999.250 -999.250 -999.250 -999.250 -999.250 -999.250 -999.250 -999.250 243.797 245.765 254.063 262.180 277.901 284.069 294.387 284.422 330.854 357.605 332.436 307.509 294.699 319.848 337.763 365.062 392.259 396.052 357.980 358.184 359.954 359.702 377.567 354.461 307.993 309.785 -999.250 -999.250 -999.250 -999.250 -999.250
-999.250 -999.250 -999.250 -999.250 232.835 -999.250 -999.250 -999.250 -999.250 -999.250 -999.250 -999.250 -999.250 -999.250 -999.250 -999.250 -999.250 -999.250 -999.250 -999.250 -999.250 -999.250 -999.250 -999.250 -999.250 -999.250 -999.250 -999.250 -999.250 -999.250 -999.250 -999.250 -999.250 -999.250 300.745 309.840 261.881 255.033 270.326 286.683 292.485 293.385 312.116 300.761 303.018 317.612 337.727 314.612 340.225 393.642 372.790 394.125 387.275 381.528 393.419 376.058 385.725 374.549 327.240 327.499 -999.250 -999.250 -999.250 -999.250 -999.250
-999.250 -999.250 -999.250 -999.250 219.754 -999.250 -999.250 -999.250 -999.250 -999.250 -999.250 -999.250 277.674 -999.250 -999.250 -999.250 -999.250 -999.250 -999.250 -999.250 -999.250 -999.250 -999.250 -999.250 -999.250 -999.250 -999.250 -999.250 -999.250 -999.250 -999.250 -999.250 -999.250 -999.250 285.336 293.284 268.061 271.889 292.636 282.129 284.548 253.681 281.215 281.066 281.675 307.897 312.544 305.255 357.647 373.876 373.400 367.027 395.869 366.812 411.383 385.116 403.620 381.701 357.214 337.671 -999.250 -999.250 -999.250 -999.250 -999.250
-999.250 -999.250 -999.250 -999.250 197.587 -999.250 -999.250 -999.250 -999.250 226.438 296.516 283.573 315.445 292.907 -999.250 -999.250 -999.250 -999.250 -999.250 -999.250 -999.250 -999.250 -999.250 -999.250 -999.250 -999.250 -999.250 -999.250 -999.250 -999.250 -999.250 -999.250 -999.250 -999.250 262.113 261.703 246.154 267.051 290.519 290.074 245.662 234.904 247.655 244.596 287.444 294.139 320.416 329.574 389.589 357.620 370.017 392.577 425.542 468.652 418.128 419.408 405.516 383.709 371.390 343.108 319.214 -999.250 -999.250 -999.250 -999.250
-999.250 184.585 215.888 199.625 223.577 -999.250 -999.250 245.353 255.022 242.659 247.435 264.241 307.786 312.098 309.697 324.001 286.847 -999.250 -999.250 -999.250 -999.250 -999.250 -999.250 -999.250 -999.250 -999.250 -999.250 -999.250 -999.250 -999.250 -999.250 290.715 277.070 278.634 259.781 249.908 249.514 229.933 237.542 231.509 210.473 219.782 236.996 246.778 282.918 316.277 314.689 351.949 351.273 371.973 395.538 434.296 429.079 454.725 458.349 430.779 419.043 374.888 396.590 344.703 354.178 -999.250 -999.250 -999.250 -999.250
224.341 227.317 236.477 245.168 254.263 -999.250 241.348 223.779 222.712 251.545 269.611 256.970 317.907 298.693 291.392 315.825 -999.250 -999.250 -999.250 -999.250 -999.250 349.256 389.090 -999.250 -999.250 -999.250 322.359 -999.250 -999.250 313.899 310.290 315.366 301.287 284.196 242.864 219.731 218.001 206.525 210.663 184.973 214.409 198.146 231.950 246.743 264.405 296.573 316.966 330.487 358.061 364.405 385.914 439.137 457.679 416.554 437.915 400.165 405.826 395.184 391.355 351.768 343.570 -999.250 -999.250 -999.250 -999.250
234.028 225.297 239.178 232.755 246.218 250.502 277.438 260.358 244.324 276.768 249.170 285.575 281.079 281.256 303.040 310.579 -999.250 -999.250 363.036 330.647 350.854 355.150 394.584 377.483 -999.250 351.387 326.364 328.129 338.226 340.946 335.795 301.686 288.562 253.730 264.220 238.407 219.818 203.524 186.541 184.014 179.670 142.009 208.794 262.370 284.921 279.518 305.197 311.527 329.982 363.921 381.778 429.995 487.994 436.002 403.473 406.029 405.489 388.729 364.827 372.744 324.129 -999.250 -999.250 -999.250 -999.250
240.810 241.156 250.756 241.189 264.667 252.125 271.629 272.331 277.512 248.381 272.781 258.999 273.792 263.647 293.858 311.614 338.717 313.196 330.255 352.938 360.620 393.576 395.194 401.453 374.247 343.405 343.772 356.732 346.563 321.416 325.004 283.258 301.099 249.848 225.915 240.018 200.005 207.814 188.008 175.063 166.658 165.367 192.333 249.054 277.293 266.783 290.645 335.408 314.743 348.046 381.677 424.131 424.214 434.623 426.493 397.102 377.996 379.435 394.159 350.361 310.161 -999.250 -999.250 -999.250 -999.250
256.045 252.002 258.948 266.126 253.327 253.638 254.903 260.912 266.982 250.183 249.283 249.537 267.005 261.767 313.457 317.692 326.597 334.333 327.527 352.704 345.574 385.515 380.187 379.688 377.567 347.503 351.113 317.408 325.715 328.795 305.924 297.646 275.820 269.862 230.646 230.130 180.785 194.215 162.035 159.414 148.216 189.944 214.399 245.441 257.984 283.585 281.546 292.406 319.490 337.338 371.739 392.940 397.643 408.348 383.796 379.732 377.562 374.698 360.789 355.531 302.510 -999.250 -999.250 -999.250 -999.250
265.360 245.240 260.009 262.375 265.590 258.458 263.749 259.578 271.461 255.617 253.931 252.468 256.488 284.360 319.833 290.101 321.347 328.654 325.921 338.467 345.398 384.853 374.237 361.126 367.541 328.839 326.961 345.380 315.416 289.991 283.560 239.472 259.993 225.623 223.647 206.448 192.982 154.018 170.871 178.671 175.127 206.363 211.455 222.595 239.758 265.888 301.083 307.121 315.016 368.944 377.188 383.557 408.918 374.960 386.101 389.178 322.745 364.858 355.727 327.468 -999.250 -999.250 -999.250 -999.250 -999.250
304.170 279.939 273.381 263.828 256.568 254.712 255.641 274.496 268.425 262.758 244.200 254.162 256.612 269.848 281.088 279.680 301.581 323.419 341.263 363.982 369.377 390.285 391.429 386.091 340.307 334.938 329.702 327.643 269.166 266.394 254.106 248.380 217.711 204.053 195.240 186.749 162.442 161.836 173.110 198.629 198.567 213.835 233.881 234.616 231.086 290.369 296.987 299.663 335.808 363.096 363.670 365.593 365.087 366.858 357.164 359.750 312.090 330.528 297.335 318.469 -999.250 -999.250 -999.250 -999.250 -999.250
294.818 279.228 272.301 268.906 291.875 260.363 257.436 276.003 250.313 245.458 250.262 234.501 251.560 266.812 283.111 284.986 308.013 310.746 316.004 338.944 335.903 371.174 376.433 333.765 338.808 314.938 314.514 308.465 247.106 229.297 226.559 229.603 208.615 203.599 195.721 177.180 186.313 193.644 183.482 185.207 208.618 227.528 225.506 242.354 255.189 305.527 310.090 329.185 328.662 362.942 349.586 366.904 346.514 357.330 345.100 353.279 347.479 327.366 281.618 269.856 -999.250 -999.250 -999.250 -999.250 -999.250
279.167 284.674 275.879 269.310 273.431 279.503 271.329 292.794 242.824 249.295 238.049 252.204 252.789 260.669 270.229 285.105 289.517 288.824 317.691 314.378 321.638 339.491 343.668 319.989 300.581 288.584 288.435 258.066 247.119 230.989 207.659 196.779 182.091 173.334 201.120 179.124 191.085 202.765 208.830 210.739 238.620 244.423 258.803 269.990 273.960 325.230 332.973 356.015 346.166 344.155 359.187 351.341 360.909 328.936 341.324 331.325 332.806 308.663 326.605 301.115 -999.250 -999.250 -999.250 -999.250 -999.250
321.745 325.949 273.367 262.600 281.656 301.291 270.288 285.316 259.396 250.495 254.329 272.432 287.003 260.437 260.104 272.695 269.112 291.064 300.733 290.005 328.714 325.202 294.553 292.952 284.983 286.436 255.804 243.812 220.730 189.782 171.548 158.631 184.118 185.435 194.261 191.651 181.276 211.234 213.751 216.532 257.229 253.978 256.953 303.664 281.053 302.803 335.313 365.367 360.436 330.113 317.042 316.703 320.796 328.838 322.036 368.777 329.810 322.069 331.433 293.622 -999.250 -999.250 -999.250 -999.250 -999.250
330.328 297.068 287.450 294.589 283.417 277.357 275.323 263.412 273.199 294.149 272.878 292.526 285.202 287.305 294.173 274.312 268.553 271.386 294.520 297.545 298.042 312.795 284.940 264.307 263.425 257.054 250.996 226.492 187.629 161.993 149.367 143.655 147.878 185.826 182.301 209.810 195.181 176.306 202.981 218.711 241.722 259.896 279.740 315.568 302.173 324.469 363.354 362.064 358.430 332.200 346.355 314.912 326.889 340.970 295.751 323.707 297.593 318.712 313.230 290.637 249.063 -999.250 -999.250 -999.250 -999.250
321.426 292.059 290.774 299.105 269.851 276.297 281.340 300.071 275.930 270.179 289.210 303.609 269.297 282.993 295.688 283.921 285.565 287.178 265.219 284.201 278.525 284.998 282.879 261.105 242.716 257.030 246.505 206.268 177.127 138.980 128.045 113.972 129.693 158.468 170.355 197.784 194.870 198.472 206.299 241.609 255.913 248.979 291.444 298.916 325.459 346.508 347.825 342.950 353.453 359.995 379.748 327.853 308.636 323.825 313.326 309.126 286.110 309.044 279.545 239.708 242.558 218.080 -999.250 227.146 225.390
321.115 315.999 314.071 310.530 310.522 316.889 304.632 302.195 306.576 303.134 305.013 267.539 271.738 287.927 287.327 311.073 283.514 294.118 303.889 299.026 286.974 260.997 283.659 270.965 242.236 238.616 215.448 185.882 166.260 131.195 129.798 111.179 128.549 154.305 186.482 193.506 203.903 192.476 219.051 228.877 255.923 285.883 300.896 328.553 328.443 346.235 361.947 372.044 348.285 373.991 401.621 351.737 315.638 305.731 318.722 317.322 318.868 321.026 276.510 249.985 214.619 217.991 231.103 238.142 222.649
303.078 315.061 334.239 330.001 324.189 324.096 309.027 329.353 313.906 313.189 306.763 288.100 290.974 280.891 274.627 281.594 294.737 301.103 319.346 274.814 275.305 297.273 294.148 276.479 258.569 258.222 234.431 211.387 159.520 127.829 129.959 125.568 132.048 172.316 160.679 191.961 187.921 219.944 237.873 246.694 253.138 299.313 297.051 313.187 347.219 359.918 351.064 403.232 363.751 348.014 365.836 355.842 361.879 339.682 344.503 294.163 294.069 265.645 257.389 237.778 214.429 209.286 184.450 228.195 211.113
