data/medianmodel_16-Dec-2020.asc
ncols	141
nrows	288
xllcorner	-120191.398
yllcorner	-301404.813
cellsize	2000.000
NODATA_value	-999.250
[rows 203 to 231 of 288, columns 0 to 63 of 141]
-999.250 -999.250 -999.250 -999.250 -999.250 -999.250 -999.250 -999.250 -999.250 -999.250 -999.250 -999.250 -999.250 -999.250 385.817 398.842 387.568 366.834 393.174 393.445 410.210 411.813 390.547 -999.250 -999.250 -999.250 409.033 402.274 400.785 407.991 385.984 381.831 396.531 401.698 400.588 418.423 413.086 416.426 412.798 433.236 424.531 446.917 449.508 451.636 455.866 460.049 493.290 534.126 522.354 552.021 567.595 579.265 579.115 577.360 570.526 587.735 603.980 612.915 609.502 600.243 598.734 598.722 606.535 601.431
-999.250 -999.250 -999.250 -999.250 -999.250 -999.250 -999.250 -999.250 -999.250 -999.250 -999.250 -999.250 -999.250 396.292 405.545 393.826 387.118 383.009 378.119 391.965 377.241 404.107 -999.250 -999.250 -999.250 -999.250 -999.250 396.796 410.946 413.285 402.190 403.155 399.693 407.748 418.386 405.573 411.550 417.400 422.822 427.877 420.558 425.286 427.072 438.193 453.960 484.069 461.954 493.385 520.906 535.998 551.482 558.899 543.768 566.464 555.215 566.793 550.191 597.031 590.495 591.969 585.215 570.755 582.091 580.418
-999.250 -999.250 -999.250 -999.250 -999.250 -999.250 -999.250 -999.250 -999.250 -999.250 -999.250 -999.250 -999.250 395.339 396.063 402.967 410.033 380.585 388.344 411.644 -999.250 -999.250 -999.250 -999.250 -999.250 -999.250 -999.250 -999.250 412.787 408.129 410.029 412.354 402.837 408.452 397.411 415.413 396.013 419.830 429.557 411.793 417.022 417.638 397.826 427.545 442.444 453.021 465.812 468.203 513.183 539.135 547.370 545.083 542.809 541.653 537.173 540.751 559.366 588.483 577.621 586.975 569.019 548.531 569.543 579.618
-999.250 -999.250 -999.250 -999.250 -999.250 -999.250 -999.250 -999.250 -999.250 -999.250 -999.250 -999.250 387.784 392.205 -999.250 -999.250 -999.250 -999.250 -999.250 -999.250 -999.250 -999.250 -999.250 -999.250 -999.250 -999.250 -999.250 -999.250 -999.250 431.879 422.805 418.704 407.528 407.014 401.921 406.249 409.191 422.657 409.203 407.131 383.342 398.816 413.768 412.088 429.462 426.106 429.213 452.922 484.615 508.984 526.971 518.959 524.260 522.642 534.291 542.704 551.070 566.793 558.842 566.866 579.671 578.093 556.303 560.980
-999.250 -999.250 -999.250 -999.250 -999.250 -999.250 -999.250 -999.250 -999.250 -999.250 -999.250 -999.250 -999.250 -999.250 -999.250 -999.250 -999.250 -999.250 -999.250 -999.250 -999.250 -999.250 -999.250 -999.250 -999.250 -999.250 -999.250 -999.250 -999.250 -999.250 407.401 419.057 407.532 400.270 401.554 393.276 391.828 399.867 388.522 389.281 394.686 374.825 380.939 395.528 407.264 419.168 433.118 448.155 477.097 515.107 509.292 510.515 520.417 549.311 533.097 523.132 530.056 537.817 541.544 538.424 539.180 554.811 549.154 543.398
-999.250 -999.250 -999.250 -999.250 -999.250 -999.250 -999.250 -999.250 -999.250 -999.250 -999.250 -999.250 -999.250 -999.250 -999.250 -999.250 -999.250 -999.250 -999.250 -999.250 -999.250 -999.250 -999.250 -999.250 -999.250 -999.250 -999.250 -999.250 -999.250 -999.250 400.567 415.747 400.766 403.842 399.041 388.305 396.981 396.482 377.017 394.695 392.752 367.216 380.431 390.733 404.055 422.226 431.938 448.373 457.440 484.875 499.983 501.156 490.762 492.479 514.712 511.558 535.473 545.662 537.299 513.123 549.267 552.923 545.159 536.143
-999.250 -999.250 -999.250 -999.250 -999.250 -999.250 -999.250 -999.250 -999.250 -999.250 -999.250 -999.250 -999.250 -999.250 -999.250 -999.250 -999.250 -999.250 -999.250 -999.250 -999.250 -999.250 -999.250 -999.250 -999.250 -999.250 -999.250 -999.250 -999.250 -999.250 412.107 418.790 409.852 405.440 392.934 406.876 400.273 378.492 389.991 393.966 376.473 339.841 364.855 391.493 409.148 428.853 440.291 443.317 463.413 457.222 465.923 483.718 482.339 485.078 517.541 505.756 514.044 528.573 523.112 511.796 521.538 529.822 535.513 514.835
-999.250 -999.250 -999.250 -999.250 -999.250 -999.250 -999.250 -999.250 -999.250 -999.250 -999.250 -999.250 -999.250 -999.250 -999.250 -999.250 -999.250 -999.250 -999.250 -999.250 -999.250 -999.250 -999.250 -999.250 -999.250 -999.250 -999.250 -999.250 -999.250 -999.250 -999.250 413.393 416.201 418.108 434.160 403.259 392.937 392.611 392.707 387.423 377.887 353.721 343.083 373.888 399.649 413.186 430.907 447.593 452.186 472.332 469.572 485.675 468.847 493.636 498.398 484.356 491.487 492.449 504.841 504.318 490.825 500.282 485.005 468.316
-999.250 -999.250 -999.250 -999.250 -999.250 -999.250 -999.250 -999.250 -999.250 -999.250 -999.250 -999.250 -999.250 -999.250 -999.250 -999.250 -999.250 -999.250 -999.250 -999.250 -999.250 -999.250 -999.250 -999.250 -999.250 -999.250 -999.250 -999.250 -999.250 -999.250 -999.250 417.272 421.033 423.530 417.174 414.510 394.234 400.604 394.382 407.338 388.579 388.825 378.310 393.665 416.819 417.252 439.414 452.069 445.813 459.019 457.134 463.679 452.467 442.053 453.012 446.888 452.774 460.117 469.966 470.862 457.715 461.823 463.479 447.294
-999.250 -999.250 -999.250 -999.250 -999.250 -999.250 -999.250 -999.250 -999.250 -999.250 -999.250 -999.250 -999.250 -999.250 -999.250 -999.250 -999.250 -999.250 -999.250 -999.250 -999.250 -999.250 -999.250 -999.250 -999.250 -999.250 -999.250 -999.250 -999.250 -999.250 -999.250 411.337 411.122 402.938 424.104 415.618 395.252 399.820 413.743 409.026 400.352 394.824 416.798 414.142 434.983 429.274 446.176 450.439 451.534 439.114 437.263 436.266 441.948 436.622 442.546 440.614 436.345 412.197 435.573 422.556 424.574 421.970 428.765 421.959
-999.250 -999.250 -999.250 -999.250 -999.250 -999.250 -999.250 -999.250 -999.250 -999.250 -999.250 -999.250 -999.250 -999.250 -999.250 -999.250 -999.250 -999.250 -999.250 -999.250 -999.250 -999.250 -999.250 -999.250 -999.250 -999.250 -999.250 -999.250 -999.250 -999.250 -999.250 392.174 393.886 397.010 409.213 413.066 423.476 406.359 405.803 424.044 407.852 426.628 442.125 424.749 423.556 439.378 434.950 440.652 423.870 437.776 440.614 426.722 429.103 435.885 429.322 428.392 403.094 420.151 414.761 410.480 408.600 395.671 375.510 377.236
-999.250 -999.250 -999.250 -999.250 -999.250 -999.250 -999.250 -999.250 -999.250 -999.250 -999.250 -999.250 -999.250 -999.250 -999.250 -999.250 -999.250 -999.250 -999.250 -999.250 -999.250 -999.250 -999.250 -999.250 -999.250 -999.250 -999.250 -999.250 -999.250 -999.250 -999.250 389.229 402.763 405.986 414.608 435.923 423.078 429.848 433.826 441.746 444.825 450.180 458.102 449.859 439.472 426.812 443.306 438.670 436.546 434.260 425.304 406.508 428.520 422.403 414.053 408.477 390.755 380.629 386.084 373.699 358.459 329.894 322.235 320.132
-999.250 -999.250 -999.250 -999.250 -999.250 -999.250 -999.250 -999.250 -999.250 -999.250 -999.250 -999.250 -999.250 -999.250 -999.250 -999.250 -999.250 -999.250 -999.250 -999.250 -999.250 -999.250 -999.250 -999.250 -999.250 -999.250 -999.250 -999.250 -999.250 -999.250 -999.250 372.043 368.672 392.493 416.375 432.384 426.110 428.035 455.688 458.997 454.166 486.047 470.619 464.069 432.659 445.716 437.129 439.905 432.755 443.226 411.239 402.751 417.284 401.707 397.187 380.339 368.981 361.272 321.255 314.162 314.385 298.797 287.795 290.053
-999.250 -999.250 -999.250 -999.250 -999.250 -999.250 -999.250 -999.250 -999.250 -999.250 -999.250 -999.250 -999.250 -999.250 -999.250 -999.250 -999.250 -999.250 -999.250 -999.250 -999.250 -999.250 -999.250 -999.250 -999.250 -999.250 -999.250 -999.250 -999.250 -999.250 -999.250 368.682 375.119 393.442 413.127 415.400 436.399 449.580 433.501 469.675 506.356 505.290 507.543 483.374 456.024 426.713 435.229 442.899 435.763 419.291 405.078 396.056 395.623 369.400 348.130 333.861 340.488 311.883 299.971 300.038 283.100 268.576 259.934 243.485
-999.250 -999.250 -999.250 -999.250 -999.250 -999.250 -999.250 -999.250 -999.250 -999.250 -999.250 -999.250 -999.250 -999.250 -999.250 -999.250 -999.250 -999.250 -999.250 -999.250 -999.250 -999.250 -999.250 -999.250 -999.250 -999.250 -999.250 -999.250 -999.250 -999.250 -999.250 342.054 355.238 403.075 404.012 419.538 424.750 438.391 455.551 481.114 513.410 529.364 530.351 528.415 456.681 454.875 447.254 434.279 429.219 423.027 383.479 367.296 359.900 359.287 328.222 320.711 304.708 297.364 294.407 276.524 252.942 248.722 228.151 219.583
-999.250 -999.250 -999.250 -999.250 -999.250 -999.250 -999.250 -999.250 -999.250 -999.250 -999.250 -999.250 -999.250 -999.250 -999.250 -999.250 -999.250 -999.250 -999.250 -999.250 -999.250 -999.250 -999.250 -999.250 -999.250 -999.250 -999.250 -999.250 -999.250 -999.250 -999.250 336.914 352.070 367.063 374.332 414.038 423.298 450.536 470.117 492.721 525.867 560.396 551.423 548.961 518.528 461.823 452.911 446.487 417.041 393.982 389.213 370.501 321.317 311.736 299.538 301.947 280.919 271.763 254.773 251.678 225.931 219.655 201.793 195.402
-999.250 -999.250 -999.250 -999.250 -999.250 -999.250 -999.250 -999.250 -999.250 -999.250 -999.250 -999.250 -999.250 -999.250 -999.250 -999.250 -999.250 -999.250 -999.250 -999.250 -999.250 -999.250 -999.250 -999.250 -999.250 -999.250 -999.250 -999.250 -999.250 -999.250 -999.250 333.002 333.304 357.012 355.845 380.692 411.570 419.143 466.082 485.047 550.040 580.641 563.488 550.347 515.892 486.400 445.840 437.870 419.569 376.684 365.989 349.918 316.550 282.764 269.804 288.081 266.852 260.315 231.331 214.886 210.351 185.195 181.833 183.104
-999.250 -999.250 -999.250 -999.250 -999.250 -999.250 -999.250 -999.250 -999.250 -999.250 -999.250 -999.250 -999.250 -999.250 -999.250 -999.250 -999.250 -999.250 -999.250 -999.250 -999.250 -999.250 -999.250 -999.250 -999.250 -999.250 -999.250 -999.250 -999.250 -999.250 -999.250 285.427 312.336 311.796 326.959 389.375 393.511 412.455 448.354 470.923 522.457 543.146 546.896 520.688 472.518 464.706 439.781 397.496 395.095 378.204 324.696 314.979 290.760 274.407 252.323 252.870 253.348 227.988 212.031 200.961 184.023 182.440 161.410 158.296
-999.250 -999.250 -999.250 -999.250 -999.250 -999.250 -999.250 -999.250 -999.250 -999.250 -999.250 -999.250 -999.250 -999.250 -999.250 -999.250 -999.250 -999.250 -999.250 -999.250 -999.250 -999.250 -999.250 -999.250 -999.250 -999.250 -999.250 -999.250 -999.250 -999.250 -999.250 282.806 306.918 300.928 339.284 348.150 381.197 401.633 420.023 433.805 463.137 497.452 508.027 472.584 453.060 428.499 409.830 405.182 360.922 332.030 312.276 267.679 263.932 255.454 243.674 231.261 230.189 212.363 187.874 173.743 162.081 153.850 148.033 145.523
-999.250 -999.250 -999.250 -999.250 -999.250 -999.250 -999.250 -999.250 -999.250 -999.250 -999.250 -999.250 -999.250 -999.250 -999.250 -999.250 -999.250 -999.250 -999.250 -999.250 -999.250 -999.250 -999.250 -999.250 -999.250 -999.250 -999.250 -999.250 -999.250 -999.250 -999.250 256.362 268.998 282.095 299.874 321.295 349.219 345.786 385.124 402.361 426.907 450.798 473.722 455.541 417.494 386.509 384.000 329.489 326.758 289.195 280.437 270.799 237.789 219.152 225.087 196.835 180.404 177.517 166.207 151.084 147.082 151.205 144.605 128.448
-999.250 -999.250 -999.250 -999.250 -999.250 -999.250 -999.250 -999.250 -999.250 -999.250 -999.250 -999.250 -999.250 -999.250 -999.250 -999.250 -999.250 -999.250 -999.250 -999.250 -999.250 -999.250 -999.250 -999.250 -999.250 -999.250 -999.250 -999.250 -999.250 -999.250 227.909 238.885 233.481 260.937 257.630 310.530 319.224 315.469 331.502 385.468 409.979 412.307 428.670 427.916 409.274 394.934 367.118 342.588 291.710 270.490 256.476 239.564 214.220 198.010 192.957 179.216 160.518 150.003 159.757 131.043 129.322 125.078 109.570 114.508
-999.250 -999.250 -999.250 -999.250 -999.250 -999.250 -999.250 -999.250 -999.250 -999.250 -999.250 -999.250 -999.250 -999.250 -999.250 -999.250 -999.250 -999.250 -999.250 -999.250 -999.250 -999.250 -999.250 -999.250 -999.250 -999.250 -999.250 -999.250 -999.250 -999.250 209.409 210.736 227.319 249.074 236.527 258.055 279.472 287.543 308.517 316.397 334.526 380.752 395.990 400.134 369.724 364.282 333.385 310.471 275.000 234.403 240.917 215.171 203.272 180.316 164.161 156.533 152.927 143.780 137.837 122.284 114.278 105.759 91.730 95.141
-999.250 -999.250 -999.250 -999.250 -999.250 -999.250 -999.250 -999.250 -999.250 -999.250 -999.250 -999.250 -999.250 -999.250 -999.250 -999.250 -999.250 -999.250 -999.250 -999.250 -999.250 -999.250 -999.250 -999.250 -999.250 -999.250 -999.250 -999.250 -999.250 -999.250 194.284 196.087 198.885 210.708 210.051 224.202 238.324 242.012 274.221 304.888 314.951 320.045 326.350 339.262 327.437 321.622 295.959 283.203 240.332 230.918 221.011 189.036 180.288 163.938 153.389 139.394 132.370 123.573 114.656 102.224 95.124 84.155 75.426 74.606
-999.250 -999.250 -999.250 -999.250 -999.250 -999.250 -999.250 -999.250 -999.250 -999.250 -999.250 -999.250 -999.250 -999.250 -999.250 -999.250 -999.250 -999.250 -999.250 -999.250 -999.250 -999.250 -999.250 -999.250 -999.250 -999.250 -999.250 -999.250 -999.250 -999.250 183.075 180.234 189.741 182.404 178.292 182.395 196.347 209.398 229.602 251.927 273.214 295.885 294.636 301.360 301.585 282.536 253.266 247.486 231.215 234.238 196.907 174.791 167.109 138.581 122.575 115.209 110.465 110.773 98.160 88.416 77.581 77.743 67.756 64.252
-999.250 -999.250 -999.250 -999.250 -999.250 -999.250 -999.250 -999.250 -999.250 -999.250 -999.250 -999.250 -999.250 -999.250 -999.250 -999.250 -999.250 -999.250 -999.250 -999.250 -999.250 -999.250 -999.250 -999.250 -999.250 -999.250 -999.250 -999.250 -999.250 164.706 172.078 170.102 159.667 158.683 167.018 167.806 177.217 192.517 203.503 219.783 259.921 253.227 265.488 254.704 241.212 252.822 236.732 211.727 208.522 197.299 177.279 162.477 142.041 121.270 113.812 110.251 98.522 89.229 80.140 75.194 64.467 63.568 61.583 59.859
-999.250 -999.250 -999.250 -999.250 -999.250 -999.250 -999.250 -999.250 -999.250 -999.250 -999.250 -999.250 -999.250 -999.250 -999.250 -999.250 -999.250 -999.250 -999.250 -999.250 -999.250 -999.250 -999.250 -999.250 -999.250 -999.250 -999.250 -999.250 -999.250 162.162 157.591 144.949 144.432 143.531 145.830 138.877 144.517 161.691 168.085 190.932 202.562 204.222 246.718 232.185 240.705 223.433 209.016 179.855 180.189 163.911 158.453 132.956 115.219 103.806 97.707 92.109 79.102 73.206 63.633 58.087 68.984 58.300 57.206 52.738
-999.250 -999.250 -999.250 -999.250 -999.250 -999.250 -999.250 -999.250 -999.250 -999.250 -999.250 -999.250 -999.250 -999.250 -999.250 -999.250 -999.250 -999.250 -999.250 -999.250 -999.250 -999.250 -999.250 -999.250 -999.250 -999.250 -999.250 -999.250 150.187 148.847 130.274 132.271 135.478 131.715 125.164 121.222 111.146 130.488 154.761 171.282 179.810 188.793 198.791 238.934 208.557 175.419 183.940 164.941 159.152 145.068 124.605 112.221 97.947 90.690 78.251 74.298 66.786 64.367 59.193 56.047 56.013 55.158 46.348 47.824
-999.250 -999.250 -999.250 -999.250 -999.250 -999.250 -999.250 -999.250 -999.250 -999.250 -999.250 -999.250 -999.250 -999.250 -999.250 -999.250 -999.250 -999.250 -999.250 -999.250 -999.250 -999.250 -999.250 -999.250 -999.250 -999.250 -999.250 -999.250 143.523 133.439 132.719 126.131 129.428 129.185 122.851 120.026 112.044 116.675 135.211 154.202 166.782 170.679 187.340 212.358 188.485 177.338 174.620 163.000 149.201 122.163 111.582 91.820 83.462 72.075 72.004 64.068 59.324 48.047 53.119 41.465 42.137 42.558 37.905 38.952
-999.250 -999.250 -999.250 -999.250 -999.250 -999.250 -999.250 -999.250 -999.250 -999.250 -999.250 -999.250 -999.250 -999.250 -999.250 -999.250 -999.250 -999.250 -999.250 -999.250 -999.250 -999.250 -999.250 -999.250 -999.250 -999.250 -999.250 136.861 124.743 123.831 128.341 125.628 116.746 117.195 125.895 120.477 123.246 124.009 116.925 146.904 144.034 164.813 167.891 172.519 171.855 169.615 174.859 150.415 135.236 100.510 93.029 80.890 67.146 59.681 59.053 57.449 46.069 41.473 41.745 34.033 28.742 37.152 41.182 36.782
