data/medianmodel_09-Apr-2020.asc
ncols	141
nrows	288
xllcorner	-120191.398
yllcorner	-301404.813
cellsize	2000.000
NODATA_value	-999.250
[rows 150 to 179 of 288, columns 68 to 135 of 141]
13.272 12.699 13.316 12.260 10.863 11.258 12.965 14.499 12.231 11.118 11.455 13.438 13.753 10.381 8.226 9.591 8.560 8.235 8.326 11.143 11.386 10.076 12.632 18.012 20.461 22.325 20.268 -999.250 -999.250 -999.250 -999.250 -999.250 -999.250 -999.250 -999.250 -999.250 -999.250 -999.250 -999.250 -999.250 -999.250 -999.250 -999.250 -999.250 -999.250 -999.250 -999.250 -999.250 -999.250 -999.250 -999.250 -999.250 -999.250 -999.250 -999.250 -999.250 -999.250 -999.250 -999.250 -999.250 -999.250 -999.250 -999.250 -999.250 -999.250 -999.250 -999.250 -999.250
14.613 14.003 13.909 13.118 12.618 11.055 14.320 13.595 12.541 13.037 12.428 13.938 10.297 10.736 10.003 11.383 8.692 9.680 8.488 10.288 13.690 15.624 17.661 22.506 26.048 26.742 25.921 -999.250 -999.250 -999.250 -999.250 -999.250 -999.250 -999.250 -999.250 -999.250 -999.250 -999.250 -999.250 -999.250 -999.250 -999.250 -999.250 -999.250 -999.250 -999.250 -999.250 -999.250 -999.250 -999.250 -999.250 -999.250 -999.250 -999.250 -999.250 -999.250 -999.250 -999.250 -999.250 -999.250 -999.250 -999.250 -999.250 -999.250 -999.250 -999.250 -999.250 -999.250
15.177 13.914 15.930 15.830 13.828 15.365 14.676 12.855 12.490 11.933 12.395 11.592 10.749 12.450 11.321 10.693 10.942 10.573 12.083 12.435 16.546 18.209 22.308 23.672 27.382 28.064 27.772 -999.250 -999.250 -999.250 -999.250 -999.250 -999.250 -999.250 -999.250 -999.250 -999.250 -999.250 -999.250 -999.250 -999.250 -999.250 -999.250 -999.250 -999.250 -999.250 -999.250 -999.250 -999.250 -999.250 -999.250 -999.250 -999.250 -999.250 -999.250 -999.250 -999.250 -999.250 -999.250 -999.250 -999.250 -999.250 -999.250 -999.250 -999.250 -999.250 -999.250 -999.250
14.178 16.166 13.906 14.042 16.045 17.015 14.453 13.793 13.326 13.765 13.391 11.552 9.333 11.693 11.521 10.041 13.604 15.280 15.295 14.450 18.213 19.515 23.726 24.777 30.036 29.146 30.024 -999.250 -999.250 -999.250 -999.250 -999.250 -999.250 -999.250 -999.250 -999.250 -999.250 -999.250 -999.250 -999.250 -999.250 -999.250 -999.250 -999.250 -999.250 -999.250 -999.250 -999.250 -999.250 -999.250 -999.250 -999.250 -999.250 -999.250 -999.250 -999.250 -999.250 -999.250 -999.250 -999.250 -999.250 -999.250 -999.250 -999.250 -999.250 -999.250 -999.250 -999.250
17.678 15.855 17.083 14.662 14.967 14.637 13.112 11.593 10.863 12.478 12.169 11.700 9.574 9.848 11.669 12.437 13.494 15.286 15.775 16.903 18.821 20.907 22.532 26.071 33.278 31.332 28.916 -999.250 -999.250 -999.250 -999.250 -999.250 -999.250 -999.250 -999.250 -999.250 -999.250 -999.250 -999.250 -999.250 -999.250 -999.250 -999.250 -999.250 -999.250 -999.250 -999.250 -999.250 -999.250 -999.250 -999.250 -999.250 -999.250 -999.250 -999.250 -999.250 -999.250 -999.250 -999.250 -999.250 -999.250 -999.250 -999.250 -999.250 -999.250 -999.250 -999.250 -999.250
17.074 13.887 15.397 16.153 16.755 16.928 13.475 14.362 11.325 10.620 12.515 9.943 10.892 9.625 10.961 11.143 11.561 13.998 14.049 14.924 18.678 20.573 21.405 26.445 29.206 30.484 28.054 -999.250 -999.250 -999.250 -999.250 -999.250 -999.250 -999.250 -999.250 -999.250 -999.250 -999.250 -999.250 -999.250 -999.250 -999.250 -999.250 -999.250 -999.250 -999.250 -999.250 -999.250 -999.250 -999.250 -999.250 -999.250 -999.250 -999.250 -999.250 -999.250 -999.250 -999.250 -999.250 -999.250 -999.250 -999.250 -999.250 -999.250 -999.250 -999.250 -999.250 -999.250
14.420 16.508 11.902 18.003 18.824 17.497 14.011 13.007 11.147 9.284 10.902 8.532 7.206 10.209 7.793 8.063 8.159 11.084 11.874 14.583 15.188 16.602 19.581 23.407 25.993 28.084 29.066 25.071 -999.250 -999.250 -999.250 -999.250 -999.250 -999.250 -999.250 -999.250 -999.250 -999.250 -999.250 -999.250 -999.250 -999.250 -999.250 -999.250 -999.250 -999.250 -999.250 -999.250 -999.250 -999.250 -999.250 -999.250 -999.250 -999.250 -999.250 -999.250 -999.250 -999.250 -999.250 -999.250 -999.250 -999.250 -999.250 -999.250 -999.250 -999.250 -999.250 -999.250
17.663 15.485 19.147 21.759 20.224 18.085 14.642 13.889 12.321 10.771 11.174 10.544 8.797 6.424 7.632 5.854 9.796 12.211 15.225 14.493 13.602 13.634 15.713 21.759 27.102 27.391 27.036 27.351 25.382 -999.250 -999.250 -999.250 -999.250 -999.250 -999.250 -999.250 -999.250 -999.250 -999.250 -999.250 -999.250 -999.250 -999.250 -999.250 -999.250 -999.250 -999.250 -999.250 -999.250 -999.250 -999.250 -999.250 -999.250 -999.250 -999.250 -999.250 -999.250 -999.250 -999.250 -999.250 -999.250 -999.250 -999.250 -999.250 -999.250 -999.250 -999.250 -999.250
17.592 14.203 16.726 18.309 19.659 16.465 15.901 16.484 13.755 11.789 12.872 9.498 7.533 6.954 3.820 0.000 4.458 9.153 10.289 11.495 13.289 11.341 9.020 18.884 24.000 26.122 24.403 25.581 25.832 23.309 -999.250 -999.250 -999.250 -999.250 -999.250 -999.250 -999.250 -999.250 -999.250 -999.250 -999.250 -999.250 -999.250 -999.250 -999.250 -999.250 -999.250 -999.250 -999.250 -999.250 -999.250 -999.250 -999.250 -999.250 -999.250 -999.250 -999.250 -999.250 -999.250 -999.250 -999.250 -999.250 -999.250 -999.250 -999.250 -999.250 -999.250 -999.250
16.953 15.800 18.658 16.473 18.578 19.576 14.564 13.663 13.744 9.635 9.903 9.651 7.730 7.320 5.622 2.973 10.218 12.071 12.229 11.140 10.956 11.277 14.894 16.828 21.473 21.153 22.777 21.927 22.901 20.111 -999.250 -999.250 -999.250 -999.250 -999.250 -999.250 -999.250 -999.250 -999.250 -999.250 -999.250 -999.250 -999.250 -999.250 -999.250 -999.250 -999.250 -999.250 -999.250 -999.250 -999.250 -999.250 -999.250 -999.250 -999.250 -999.250 -999.250 -999.250 -999.250 -999.250 -999.250 -999.250 -999.250 -999.250 -999.250 -999.250 -999.250 -999.250
13.312 16.582 14.922 16.160 12.829 15.007 13.597 14.558 13.515 8.913 10.887 9.717 9.463 5.335 7.465 9.657 10.989 10.814 10.389 12.105 12.548 13.917 15.513 17.222 17.385 20.271 20.262 16.601 20.446 20.000 -999.250 -999.250 -999.250 -999.250 -999.250 -999.250 -999.250 -999.250 -999.250 -999.250 -999.250 -999.250 -999.250 -999.250 -999.250 -999.250 -999.250 -999.250 -999.250 -999.250 -999.250 -999.250 -999.250 -999.250 -999.250 -999.250 -999.250 -999.250 -999.250 -999.250 -999.250 -999.250 -999.250 -999.250 -999.250 -999.250 -999.250 -999.250
15.852 12.905 15.962 16.156 11.739 13.785 13.593 14.719 12.333 10.276 10.289 9.187 10.618 6.239 7.449 9.924 8.957 10.846 11.442 13.911 12.269 14.350 13.225 17.556 17.377 15.099 16.906 19.432 17.191 18.405 -999.250 -999.250 -999.250 -999.250 -999.250 -999.250 -999.250 -999.250 -999.250 -999.250 -999.250 -999.250 -999.250 -999.250 -999.250 -999.250 -999.250 -999.250 -999.250 -999.250 -999.250 -999.250 -999.250 -999.250 -999.250 -999.250 -999.250 -999.250 -999.250 -999.250 -999.250 -999.250 -999.250 -999.250 -999.250 -999.250 -999.250 -999.250
18.093 14.472 15.746 12.337 13.459 15.371 14.901 13.942 12.479 12.107 8.836 8.215 5.182 3.604 7.997 10.799 13.176 13.249 11.905 13.141 13.017 13.350 15.009 15.410 15.843 15.512 21.316 16.932 16.011 17.660 -999.250 -999.250 -999.250 -999.250 -999.250 -999.250 -999.250 -999.250 -999.250 -999.250 -999.250 -999.250 -999.250 -999.250 -999.250 -999.250 -999.250 -999.250 -999.250 -999.250 -999.250 -999.250 -999.250 -999.250 -999.250 -999.250 -999.250 -999.250 -999.250 -999.250 -999.250 -999.250 -999.250 -999.250 -999.250 -999.250 -999.250 -999.250
16.186 11.949 15.472 12.807 11.611 13.417 14.563 14.345 13.214 13.877 9.638 9.330 4.843 0.000 5.816 11.330 11.753 12.360 11.220 11.511 12.651 14.388 14.883 14.596 19.217 18.000 18.962 16.077 16.592 16.761 16.712 -999.250 -999.250 -999.250 -999.250 -999.250 -999.250 -999.250 -999.250 -999.250 -999.250 -999.250 -999.250 -999.250 -999.250 -999.250 -999.250 -999.250 -999.250 -999.250 -999.250 -999.250 -999.250 -999.250 -999.250 -999.250 -999.250 -999.250 -999.250 -999.250 -999.250 -999.250 -999.250 -999.250 -999.250 -999.250 -999.250 -999.250
13.428 14.733 15.170 15.231 12.557 12.297 13.225 12.439 11.579 11.754 12.336 8.349 7.822 5.909 7.022 10.548 10.644 12.890 12.174 12.084 12.110 14.020 15.104 15.944 17.487 20.069 16.646 17.747 14.036 17.060 17.514 15.857 -999.250 -999.250 -999.250 -999.250 -999.250 -999.250 -999.250 -999.250 -999.250 -999.250 -999.250 -999.250 -999.250 -999.250 -999.250 -999.250 -999.250 -999.250 -999.250 -999.250 -999.250 -999.250 -999.250 -999.250 -999.250 -999.250 -999.250 -999.250 -999.250 -999.250 -999.250 -999.250 -999.250 -999.250 -999.250 -999.250
15.011 15.349 11.774 15.705 14.940 15.427 14.769 15.230 13.310 11.659 11.552 11.133 9.039 7.200 6.187 9.526 10.802 13.314 12.526 11.691 15.684 17.213 14.574 17.424 14.898 16.009 18.532 16.867 14.960 17.297 16.909 15.031 12.956 14.916 13.381 -999.250 -999.250 -999.250 -999.250 -999.250 -999.250 -999.250 -999.250 -999.250 -999.250 -999.250 -999.250 -999.250 -999.250 -999.250 -999.250 -999.250 -999.250 -999.250 -999.250 -999.250 -999.250 -999.250 -999.250 -999.250 -999.250 -999.250 -999.250 -999.250 -999.250 -999.250 -999.250 -999.250
14.868 12.961 14.276 14.374 14.235 13.025 12.445 14.314 12.670 12.090 11.698 8.374 6.805 7.801 7.342 8.571 8.990 10.990 10.800 11.294 13.247 16.625 15.340 16.614 14.922 16.014 15.510 16.525 13.698 12.717 11.509 10.923 10.676 11.852 9.850 -999.250 -999.250 -999.250 -999.250 -999.250 -999.250 -999.250 -999.250 -999.250 -999.250 -999.250 -999.250 -999.250 -999.250 -999.250 -999.250 -999.250 -999.250 -999.250 -999.250 -999.250 -999.250 -999.250 -999.250 -999.250 -999.250 -999.250 -999.250 -999.250 -999.250 -999.250 -999.250 -999.250
12.257 10.655 12.206 13.689 13.773 15.693 14.211 10.508 14.460 11.768 8.959 8.671 9.679 9.440 6.946 7.585 9.543 11.765 10.980 11.476 15.342 15.650 16.214 13.783 14.187 14.219 12.459 13.646 10.273 9.297 8.806 10.244 10.478 11.370 -999.250 -999.250 -999.250 -999.250 -999.250 -999.250 -999.250 -999.250 -999.250 -999.250 -999.250 -999.250 -999.250 -999.250 -999.250 -999.250 -999.250 -999.250 -999.250 -999.250 -999.250 -999.250 -999.250 -999.250 -999.250 -999.250 -999.250 -999.250 -999.250 -999.250 -999.250 -999.250 -999.250 -999.250
13.072 10.488 10.527 12.291 13.360 14.008 11.105 13.472 12.788 11.928 10.711 8.593 8.775 7.951 7.870 7.821 8.570 11.668 14.096 11.043 11.282 12.417 12.807 13.977 10.898 12.085 11.889 7.872 8.231 4.881 3.961 7.167 9.880 11.093 -999.250 -999.250 -999.250 9.302 7.165 4.733 -999.250 -999.250 -999.250 -999.250 -999.250 -999.250 -999.250 -999.250 -999.250 -999.250 -999.250 -999.250 -999.250 -999.250 -999.250 -999.250 -999.250 -999.250 -999.250 -999.250 -999.250 -999.250 -999.250 -999.250 -999.250 -999.250 -999.250 -999.250
10.525 6.588 6.857 9.392 10.172 11.951 12.493 12.020 11.271 10.144 11.227 7.146 5.365 6.081 5.642 8.718 11.096 10.618 12.981 12.863 10.799 8.922 10.748 13.060 9.133 11.103 10.526 7.585 6.021 3.117 0.000 4.772 8.667 9.867 10.013 10.175 8.159 8.258 5.360 2.746 0.803 -999.250 -999.250 -999.250 -999.250 -999.250 -999.250 -999.250 -999.250 -999.250 -999.250 -999.250 -999.250 -999.250 -999.250 -999.250 -999.250 -999.250 -999.250 -999.250 -999.250 -999.250 -999.250 -999.250 -999.250 -999.250 -999.250 -999.250
11.579 5.802 0.000 4.497 10.492 11.642 13.594 14.790 10.271 10.692 10.608 5.095 0.000 2.825 8.769 9.201 12.081 9.448 11.762 12.010 10.434 7.498 8.675 10.280 9.280 8.068 7.530 8.695 7.940 9.017 3.684 6.837 10.874 13.129 11.009 10.636 10.391 8.380 5.104 0.000 0.870 2.507 -999.250 -999.250 -999.250 -999.250 -999.250 -999.250 -999.250 -999.250 -999.250 -999.250 -999.250 -999.250 -999.250 -999.250 -999.250 -999.250 -999.250 -999.250 -999.250 -999.250 -999.250 -999.250 -999.250 -999.250 -999.250 -999.250
10.614 6.058 6.178 10.276 9.915 12.569 11.696 12.099 13.164 12.059 8.977 7.391 5.210 4.682 7.847 8.251 12.464 12.792 11.909 12.934 10.998 7.189 3.345 4.422 3.540 5.535 9.397 10.974 10.649 11.917 9.518 8.852 11.749 9.854 9.541 9.152 7.848 8.061 7.603 4.705 6.813 3.770 -999.250 -999.250 -999.250 -999.250 -999.250 -999.250 -999.250 -999.250 -999.250 -999.250 -999.250 -999.250 -999.250 -999.250 -999.250 -999.250 -999.250 -999.250 -999.250 -999.250 -999.250 -999.250 -999.250 -999.250 -999.250 -999.250
11.563 10.732 10.047 11.360 11.280 13.249 13.362 15.192 13.457 10.780 10.201 10.790 7.880 9.479 8.842 9.133 8.292 11.135 14.612 12.851 10.784 8.473 6.064 0.000 4.773 7.351 10.079 11.521 13.026 10.817 12.723 10.128 10.948 8.978 8.604 9.328 9.975 9.044 8.438 7.033 3.224 7.986 -999.250 -999.250 -999.250 -999.250 -999.250 -999.250 -999.250 -999.250 -999.250 -999.250 -999.250 -999.250 -999.250 -999.250 -999.250 -999.250 -999.250 -999.250 -999.250 -999.250 -999.250 -999.250 -999.250 -999.250 -999.250 -999.250
12.751 12.308 12.376 13.426 14.006 11.919 16.381 12.973 11.314 9.422 10.009 8.039 9.594 8.991 7.909 10.148 10.186 12.870 11.342 10.499 10.777 8.922 5.761 2.958 6.338 9.450 10.431 11.719 11.684 11.375 11.676 13.346 13.216 12.003 9.533 11.411 11.238 11.068 11.367 9.218 6.904 6.688 6.080 -999.250 -999.250 -999.250 -999.250 -999.250 -999.250 -999.250 -999.250 -999.250 -999.250 -999.250 -999.250 -999.250 -999.250 -999.250 -999.250 -999.250 -999.250 -999.250 -999.250 -999.250 -999.250 -999.250 -999.250 -999.250
13.656 13.758 13.436 15.716 16.524 16.747 11.787 14.188 14.601 10.294 9.808 6.581 8.109 8.464 9.679 10.728 12.846 11.063 13.149 12.195 10.659 10.375 9.790 8.802 10.724 12.358 11.471 14.163 13.133 14.559 15.215 13.752 14.411 13.336 12.744 12.073 13.107 11.130 11.061 9.184 8.123 7.871 -999.250 -999.250 -999.250 -999.250 -999.250 -999.250 -999.250 -999.250 -999.250 -999.250 -999.250 -999.250 -999.250 -999.250 -999.250 -999.250 -999.250 -999.250 -999.250 -999.250 -999.250 -999.250 -999.250 -999.250 -999.250 -999.250
13.264 14.451 15.002 14.574 12.732 16.721 16.917 16.037 12.094 11.112 7.202 4.811 9.974 8.345 11.485 12.707 14.944 10.129 12.542 12.684 14.220 10.917 12.558 13.614 12.690 14.905 14.631 13.192 15.077 15.603 16.660 15.595 15.216 13.974 12.184 14.283 13.608 11.716 8.710 11.521 11.957 -999.250 -999.250 -999.250 -999.250 -999.250 -999.250 -999.250 -999.250 -999.250 -999.250 -999.250 -999.250 -999.250 -999.250 -999.250 -999.250 -999.250 -999.250 -999.250 -999.250 -999.250 -999.250 -999.250 -999.250 -999.250 -999.250 -999.250
11.299 12.834 14.768 14.037 15.272 16.034 13.544 16.208 11.325 12.107 5.466 0.000 4.711 9.528 10.222 12.643 12.063 12.502 11.555 14.851 14.731 13.654 11.427 14.429 16.450 15.667 17.492 16.932 16.096 15.191 15.491 14.892 13.847 16.627 14.803 14.595 13.552 12.798 11.254 10.806 8.465 -999.250 -999.250 -999.250 -999.250 -999.250 -999.250 -999.250 -999.250 -999.250 -999.250 -999.250 -999.250 -999.250 -999.250 -999.250 -999.250 -999.250 -999.250 -999.250 -999.250 -999.250 -999.250 -999.250 -999.250 -999.250 -999.250 -999.250
12.148 13.061 16.478 15.140 14.135 15.320 14.932 17.814 14.107 13.625 8.250 7.976 8.284 9.511 10.576 12.335 13.492 13.491 13.165 13.626 14.037 13.159 15.009 15.876 13.657 18.315 20.330 17.639 16.046 15.651 16.726 15.562 13.176 17.395 16.370 15.319 15.041 13.550 10.915 12.920 -999.250 -999.250 -999.250 -999.250 -999.250 -999.250 -999.250 -999.250 -999.250 -999.250 -999.250 -999.250 -999.250 -999.250 -999.250 -999.250 -999.250 -999.250 -999.250 -999.250 -999.250 -999.250 -999.250 -999.250 -999.250 -999.250 -999.250 -999.250
12.242 15.234 17.017 17.537 17.678 15.815 13.769 12.475 13.074 12.768 11.506 12.618 9.630 11.170 12.180 11.340 13.797 13.428 12.658 12.954 14.404 12.634 14.046 13.772 15.107 18.419 17.153 15.882 17.590 17.027 15.089 19.574 16.929 14.992 15.986 14.937 17.102 15.274 13.453 11.332 -999.250 -999.250 -999.250 -999.250 -999.250 -999.250 -999.250 -999.250 -999.250 -999.250 -999.250 -999.250 -999.250 -999.250 -999.250 -999.250 -999.250 -999.250 -999.250 -999.250 -999.250 -999.250 -999.250 -999.250 -999.250 -999.250 -999.250 -999.250
14.233 14.580 15.306 16.082 17.860 17.950 15.729 13.915 14.896 16.344 14.873 12.062 11.847 13.135 11.959 10.966 9.865 12.421 11.912 13.992 10.892 13.129 13.573 14.692 13.838 13.833 12.963 14.837 16.173 16.272 15.074 17.724 13.957 16.633 16.022 14.986 18.087 14.601 16.821 -999.250 -999.250 -999.250 -999.250 -999.250 -999.250 -999.250 -999.250 -999.250 -999.250 -999.250 -999.250 -999.250 -999.250 -999.250 -999.250 -999.250 -999.250 -999.250 -999.250 -999.250 -999.250 -999.250 -999.250 -999.250 -999.250 -999.250 -999.250 -999.250
