data/medianmodel_08-Sep-2020.asc
ncols	141
nrows	288
xllcorner	-120191.398
yllcorner	-301404.813
cellsize	2000.000
NODATA_value	-999.250
[rows 155 to 185 of 288, columns 0 to 68 of 141]
-999.250 -999.250 -999.250 -999.250 -999.250 -999.250 -999.250 5.688 3.488 1.210 0.000 0.000 0.000 0.000 0.000 0.000 0.000 0.000 0.000 0.000 0.630 2.577 4.684 9.803 14.595 24.535 21.117 24.061 28.401 35.340 37.656 46.286 49.158 51.276 50.466 46.633 44.569 40.014 35.452 27.703 21.061 14.510 11.065 4.948 4.427 4.620 4.734 4.508 2.167 0.231 0.000 0.000 0.000 0.000 0.000 0.000 0.000 0.000 0.395 2.048 2.329 1.561 2.061 1.808 1.944 1.723 0.000 0.000 0.000
-999.250 -999.250 -999.250 -999.250 -999.250 -999.250 -999.250 3.085 0.748 1.829 0.000 0.000 0.000 0.000 0.000 0.000 0.000 0.000 0.000 0.000 0.000 1.516 4.886 10.055 14.092 17.767 21.139 23.007 28.612 32.937 38.170 44.058 51.196 55.018 54.439 54.781 51.422 47.457 37.154 34.615 26.474 16.927 10.986 6.033 3.691 2.919 2.234 1.071 1.583 0.000 0.000 0.000 0.000 0.000 0.000 0.000 0.000 0.000 0.471 1.513 3.706 3.501 1.307 1.410 1.601 1.007 0.742 0.000 0.000
-999.250 -999.250 -999.250 -999.250 -999.250 -999.250 -999.250 1.381 0.000 0.000 0.000 0.000 0.000 0.000 0.000 0.000 0.000 0.000 0.000 0.000 0.000 0.000 4.509 8.482 11.484 15.295 19.704 22.345 26.540 32.536 40.621 44.654 52.890 57.221 56.850 57.366 54.850 51.091 41.263 34.731 24.225 17.951 9.687 3.558 1.873 0.212 0.845 1.360 0.000 0.124 0.000 0.000 0.000 0.000 0.000 0.000 0.000 0.389 1.268 2.780 2.720 3.895 2.283 2.678 3.326 1.783 1.337 0.940 0.000
-999.250 -999.250 -999.250 -999.250 -999.250 -999.250 -999.250 1.283 0.000 0.000 0.000 0.000 0.000 0.000 0.000 0.000 0.000 0.000 0.000 0.000 0.000 0.000 2.041 6.819 9.846 15.160 17.978 21.827 26.000 32.025 38.770 45.624 54.227 61.473 67.109 66.058 65.188 57.971 46.477 35.131 24.989 14.258 9.028 3.463 1.349 0.525 0.000 0.000 0.000 0.000 0.000 0.000 0.000 0.000 0.000 0.000 0.000 0.524 1.457 3.710 5.264 5.763 4.596 3.453 5.228 6.654 5.237 3.204 1.046
-999.250 -999.250 -999.250 -999.250 -999.250 -999.250 -999.250 -999.250 0.000 0.000 0.000 0.000 0.000 0.000 0.000 0.000 0.000 0.000 0.000 0.000 0.000 0.000 0.666 6.978 9.194 13.754 16.724 21.300 24.428 30.425 38.989 48.926 52.670 60.493 64.971 75.573 73.133 63.348 49.912 32.865 20.673 13.424 8.182 3.160 0.249 0.000 0.000 0.000 0.000 0.000 0.000 0.000 0.000 0.000 0.000 0.000 0.000 0.774 1.361 3.148 5.582 5.965 5.229 5.129 8.028 9.689 6.501 4.864 1.379
-999.250 -999.250 -999.250 -999.250 -999.250 -999.250 -999.250 -999.250 0.349 3.868 0.000 0.000 0.000 0.000 0.000 0.000 0.000 0.000 0.000 0.000 0.000 0.000 0.640 6.211 8.388 11.644 15.594 18.307 25.401 28.890 33.159 41.997 49.813 58.018 68.247 83.863 85.852 70.520 49.988 31.402 18.377 14.166 6.434 2.570 0.000 0.000 0.000 0.000 0.000 0.000 0.000 0.000 0.000 0.000 0.000 0.000 0.000 0.000 0.250 1.891 5.273 4.733 3.731 7.339 9.527 13.339 8.105 3.604 0.788
-999.250 -999.250 -999.250 -999.250 -999.250 -999.250 -999.250 0.000 0.000 0.000 0.000 0.000 0.000 0.000 0.000 0.000 0.000 0.000 0.000 0.000 0.000 0.000 1.647 7.463 10.291 13.932 18.345 23.536 25.501 25.844 29.488 31.014 43.726 53.153 63.929 82.325 99.267 70.562 45.938 24.945 15.495 9.417 2.626 0.000 0.000 0.000 0.000 0.000 0.000 0.000 0.000 0.000 0.000 0.000 0.000 0.000 0.247 1.266 1.518 1.930 3.841 4.895 5.265 6.962 9.664 7.589 5.649 3.197 0.425
-999.250 -999.250 -999.250 -999.250 -999.250 -999.250 -999.250 0.000 0.000 0.000 0.000 0.000 0.000 0.000 0.000 0.000 0.000 0.000 0.000 0.000 0.000 0.000 3.800 9.146 13.143 15.440 17.325 21.891 24.130 22.748 23.581 25.870 35.262 44.942 52.714 60.266 64.286 50.485 30.297 17.881 10.143 3.912 1.274 0.000 0.000 0.000 0.000 0.000 0.000 0.000 0.000 0.000 0.000 0.000 0.000 0.000 0.000 0.000 2.233 2.007 3.426 6.199 4.815 5.503 6.849 4.951 2.843 1.986 0.032
-999.250 -999.250 -999.250 -999.250 -999.250 -999.250 -999.250 0.000 0.000 0.000 0.000 0.000 0.000 0.000 0.000 0.000 0.000 0.000 0.000 0.000 0.000 2.128 7.756 10.981 15.922 18.007 17.844 21.713 20.620 21.635 17.686 18.067 20.642 26.833 37.431 44.095 39.187 27.154 13.306 9.393 2.751 0.760 0.000 0.000 0.000 0.000 0.000 0.000 0.000 0.000 0.000 0.000 0.000 0.000 0.000 0.000 0.000 0.741 1.682 1.912 2.641 3.342 3.980 5.316 4.337 2.805 0.478 0.000 0.000
-999.250 -999.250 -999.250 -999.250 -999.250 -999.250 -999.250 0.000 0.000 0.000 0.000 0.000 0.000 0.000 0.000 0.000 0.000 0.000 0.000 0.000 1.721 6.590 11.860 14.843 19.997 22.561 24.395 26.745 23.988 17.957 13.556 10.735 12.701 16.970 22.489 24.916 24.552 14.361 8.723 3.163 0.000 0.000 0.000 0.000 0.000 0.000 0.000 0.000 0.000 0.000 0.000 0.000 0.000 0.000 0.000 0.000 0.096 1.944 0.852 1.064 1.636 3.431 4.043 3.810 2.249 1.546 0.337 0.000 0.000
-999.250 -999.250 -999.250 -999.250 -999.250 -999.250 0.936 0.000 0.000 0.000 0.000 0.000 0.000 0.000 0.000 0.000 0.000 0.000 0.381 3.515 5.777 9.905 12.605 17.230 24.354 29.713 27.626 30.236 27.112 19.301 10.171 4.194 6.519 10.711 12.194 12.478 10.965 7.866 2.697 0.000 0.000 0.000 0.000 0.000 0.000 0.000 0.000 0.000 0.000 0.000 0.000 0.000 0.000 0.000 0.000 0.000 0.000 0.031 0.110 0.979 0.000 1.999 0.735 1.047 1.055 0.000 0.000 0.000 0.000
-999.250 -999.250 -999.250 -999.250 -999.250 -999.250 2.285 0.463 0.538 0.000 0.287 1.479 0.169 0.000 0.000 0.000 0.590 3.626 3.022 5.524 9.611 12.318 16.342 20.978 26.199 30.864 39.565 41.826 31.947 21.972 12.141 5.276 3.463 4.612 5.912 6.593 4.242 1.780 0.000 0.000 0.000 0.000 0.000 0.000 0.000 0.000 0.000 0.000 0.000 0.000 0.000 0.000 0.000 0.000 0.000 0.000 0.631 0.000 0.237 0.229 0.596 1.616 0.000 0.628 0.735 0.142 0.000 0.000 0.000
-999.250 -999.250 -999.250 -999.250 -999.250 5.351 3.408 3.014 3.193 4.289 5.203 6.071 4.272 2.548 3.909 4.413 6.136 9.348 12.351 12.373 13.782 16.686 18.027 24.963 30.407 37.945 45.884 57.228 39.788 24.596 16.343 9.184 3.715 1.422 3.033 2.515 0.000 0.000 0.000 0.000 0.000 0.000 0.000 0.000 0.000 0.000 0.000 0.000 0.000 0.000 0.000 0.000 0.000 0.000 0.000 0.000 0.087 0.000 0.000 0.138 0.000 0.923 0.000 0.672 0.276 0.000 0.000 0.000 0.000
-999.250 -999.250 -999.250 -999.250 -999.250 6.632 5.645 6.483 7.790 8.081 9.157 12.734 9.077 9.199 8.482 11.390 14.553 16.826 19.600 21.141 20.117 20.189 23.387 27.163 34.026 41.569 44.900 48.531 41.624 28.267 17.322 11.115 6.202 3.815 2.373 0.000 0.000 0.000 0.000 0.000 0.000 0.000 0.000 0.000 0.000 0.000 0.000 0.000 0.000 0.000 0.000 0.000 0.000 0.000 0.000 0.000 0.000 0.000 0.000 1.073 1.067 0.477 0.433 0.000 0.000 0.000 0.000 0.000 0.000
-999.250 -999.250 -999.250 -999.250 11.449 9.297 10.389 12.402 12.255 10.355 11.076 12.115 12.868 11.609 16.147 16.586 20.678 23.929 28.056 30.727 29.566 29.221 29.649 30.619 40.259 41.573 45.171 44.927 39.293 30.458 19.715 12.095 7.892 3.732 1.985 0.000 0.000 0.000 0.000 0.000 0.000 0.000 0.000 0.000 0.000 0.000 0.000 0.000 0.000 0.000 0.000 0.000 0.000 0.000 0.000 0.095 0.455 0.813 0.000 0.571 0.468 1.641 0.049 0.000 0.000 0.103 0.000 0.000 0.000
-999.250 -999.250 -999.250 -999.250 17.656 14.947 16.251 14.943 17.349 14.653 14.738 15.823 18.809 19.618 18.409 23.791 30.663 33.658 42.814 44.651 49.519 43.240 40.861 43.627 47.069 43.962 45.329 42.259 37.427 29.537 21.470 14.371 10.118 7.609 4.202 1.314 0.000 0.000 0.000 0.000 0.000 0.000 0.000 0.000 0.000 0.000 0.000 0.000 0.000 0.000 0.000 0.000 0.000 0.000 0.000 0.491 0.289 1.271 0.878 2.894 1.027 2.156 1.312 1.656 0.183 0.304 0.037 0.000 0.000
-999.250 -999.250 -999.250 -999.250 20.447 21.147 22.576 22.722 19.708 23.110 23.703 22.714 22.329 23.866 24.579 30.611 36.560 48.889 59.016 65.405 67.642 58.387 52.946 53.658 50.840 48.398 49.461 42.261 39.584 30.314 24.036 16.972 11.569 9.437 8.287 3.699 0.619 0.000 0.000 0.000 0.000 0.000 0.000 0.000 0.000 0.000 0.000 0.000 0.000 0.000 0.000 0.000 0.000 0.000 0.000 0.674 2.477 3.404 3.088 4.829 4.410 2.958 3.768 2.202 0.035 0.662 0.863 0.613 0.139
-999.250 -999.250 -999.250 -999.250 26.896 31.911 31.346 28.099 28.597 31.259 27.211 30.176 29.245 30.600 35.083 38.589 47.162 61.655 83.015 90.053 87.987 76.541 69.305 62.476 55.588 56.476 52.896 47.253 41.381 28.518 22.851 18.389 13.597 11.922 9.318 9.392 2.622 0.000 0.000 0.000 0.000 0.000 0.000 0.000 0.000 0.000 0.000 0.000 0.000 0.000 0.000 0.000 0.000 0.000 1.375 4.331 4.483 5.506 6.326 5.257 4.792 6.195 5.588 4.559 3.793 3.812 4.318 3.784 4.522
-999.250 -999.250 -999.250 -999.250 33.910 37.294 41.594 38.915 39.267 37.610 36.233 38.058 35.125 41.267 43.441 46.663 56.333 81.097 106.776 124.407 117.178 98.092 84.776 73.749 60.918 57.948 56.285 50.398 38.961 31.314 28.033 22.987 16.240 12.211 9.811 6.886 3.795 0.000 0.000 0.000 0.000 0.000 0.000 0.000 0.000 0.000 0.000 0.000 0.000 0.000 0.000 0.000 0.059 2.320 3.544 5.000 7.189 7.523 9.098 8.590 8.586 7.907 5.711 6.650 6.896 6.775 5.726 6.826 4.745
-999.250 -999.250 -999.250 -999.250 39.330 48.024 46.157 49.788 47.373 47.258 45.246 44.464 45.218 47.917 52.434 60.729 76.414 95.884 124.794 168.700 131.907 105.523 90.629 81.625 73.476 65.315 58.742 51.717 42.599 33.801 27.586 21.218 17.101 11.482 8.973 5.994 2.885 0.000 0.000 0.000 0.000 0.000 0.000 0.000 0.000 0.000 0.000 0.000 0.000 0.000 0.000 0.274 0.504 4.738 5.216 7.338 10.262 10.652 10.946 10.500 8.600 9.394 9.311 9.130 8.515 8.860 6.826 9.284 8.885
-999.250 -999.250 -999.250 -999.250 48.322 49.625 53.240 58.066 58.153 54.112 51.069 53.031 53.659 58.999 61.252 78.274 90.293 105.914 131.275 130.889 124.764 111.299 92.252 84.450 76.755 66.944 57.827 51.003 47.019 39.098 28.482 22.869 15.732 13.760 8.899 5.231 3.972 0.000 0.000 0.000 0.000 0.000 0.000 1.229 0.118 0.000 0.000 0.000 0.000 0.000 0.000 0.361 2.094 3.738 7.498 9.412 11.609 15.206 16.046 12.209 12.292 13.045 11.391 12.373 12.053 10.842 10.623 11.058 11.578
-999.250 -999.250 -999.250 -999.250 51.566 53.916 58.280 69.562 65.045 60.418 63.122 61.450 61.556 67.278 71.676 83.005 99.654 112.365 116.542 116.715 113.536 106.992 92.054 86.596 76.927 68.191 58.443 50.639 44.964 40.312 31.537 25.460 19.587 13.062 10.893 8.867 3.608 0.265 0.000 0.000 0.000 0.000 0.431 5.724 1.512 0.000 0.000 0.000 0.000 0.488 1.933 1.696 2.881 6.930 9.629 10.518 15.990 24.166 20.243 15.428 14.940 15.276 14.299 15.307 15.213 13.890 15.335 15.681 15.084
-999.250 -999.250 -999.250 -999.250 54.276 59.828 62.802 66.800 67.442 66.640 69.112 67.464 74.687 77.855 84.744 91.435 100.129 110.027 115.363 111.511 106.945 100.550 93.323 88.129 78.976 70.700 58.152 52.082 45.202 39.705 31.782 24.807 21.062 13.143 10.249 8.651 4.411 3.350 0.000 0.000 0.000 0.000 0.000 0.121 0.063 0.000 0.000 0.000 0.000 1.385 3.628 2.016 6.015 7.221 10.580 11.805 19.330 23.562 21.918 20.421 19.038 19.329 20.945 20.123 19.624 18.385 20.917 20.267 21.546
-999.250 -999.250 -999.250 -999.250 55.310 63.300 63.456 66.529 67.898 64.240 69.160 69.798 80.687 84.039 88.504 92.528 97.755 110.278 105.356 104.907 104.552 100.756 90.417 82.317 79.160 69.330 58.007 52.061 44.992 39.488 31.558 25.641 20.863 16.565 12.170 8.251 5.863 2.552 0.000 0.000 0.000 0.000 0.000 0.000 0.000 0.000 0.201 0.000 0.102 0.000 2.059 4.828 8.867 10.271 10.249 12.113 20.841 21.727 22.145 24.150 22.758 23.687 24.930 22.436 23.192 23.837 24.281 24.013 25.565
-999.250 -999.250 -999.250 54.334 58.917 62.615 69.580 74.757 74.408 72.712 80.932 74.532 79.879 83.193 84.853 93.399 92.633 97.077 95.279 100.206 103.552 91.537 84.483 79.192 74.156 62.704 54.226 51.026 47.396 35.938 30.372 26.145 22.724 17.328 14.894 8.417 4.023 1.476 0.000 0.000 0.000 0.000 0.000 0.000 0.140 0.000 1.192 1.309 0.237 1.661 4.626 6.716 7.644 10.175 12.093 15.816 20.712 21.717 25.838 26.287 29.195 27.956 28.203 26.385 30.193 30.181 28.981 28.048 32.132
-999.250 -999.250 -999.250 57.902 61.184 68.290 71.878 80.659 77.868 82.750 82.918 81.742 81.876 82.462 84.393 90.299 91.064 91.070 89.513 91.043 87.424 86.073 79.329 79.776 66.203 60.179 52.556 49.430 46.248 40.584 35.996 29.109 25.353 20.918 13.609 11.127 6.037 1.670 0.000 0.000 0.000 0.000 0.000 0.000 0.000 0.694 0.953 1.717 2.095 2.607 6.063 7.157 10.280 11.419 12.647 16.890 19.929 22.645 25.254 26.661 29.256 35.564 41.114 36.309 38.301 42.354 37.156 41.522 40.246
-999.250 -999.250 -999.250 57.186 65.244 67.061 75.120 80.136 83.219 84.178 82.199 85.753 81.953 83.694 80.536 86.381 87.280 86.901 84.772 85.078 81.907 82.163 75.755 66.517 61.780 54.628 50.573 47.288 44.311 43.203 34.304 29.164 25.161 20.816 16.462 11.414 6.852 2.764 1.335 0.000 0.000 0.000 0.000 0.000 0.000 0.000 0.642 1.082 0.630 3.226 7.294 10.434 11.036 12.233 13.413 16.468 22.235 24.849 26.876 31.642 38.497 46.327 48.488 49.849 45.750 45.909 48.870 47.110 48.045
-999.250 -999.250 60.262 66.156 64.832 72.391 79.121 83.163 84.347 84.732 83.221 81.204 80.650 83.403 77.194 81.491 78.020 81.782 82.786 81.481 74.529 73.345 67.714 58.842 54.883 51.302 50.112 47.344 44.700 39.480 36.316 26.376 24.468 18.197 12.125 10.736 6.096 2.518 1.043 0.000 0.000 0.000 0.000 0.000 0.000 0.000 0.000 0.000 3.615 6.020 9.655 11.065 10.825 11.931 14.025 19.701 20.129 23.948 30.317 35.599 43.822 48.366 52.274 56.468 54.041 52.394 54.337 56.860 55.225
-999.250 -999.250 60.921 69.903 69.384 75.279 78.381 82.223 86.611 86.577 88.247 83.403 77.296 78.404 79.508 79.924 74.512 77.796 77.509 75.380 -999.250 62.447 61.518 55.085 47.869 46.289 41.169 39.735 41.821 42.481 35.339 26.094 21.127 15.748 11.404 8.720 4.005 2.572 0.000 0.000 0.000 0.409 0.000 0.000 0.000 0.175 0.089 0.000 3.795 5.530 7.319 8.917 10.487 12.188 16.363 20.207 23.910 28.291 36.551 44.650 49.492 52.703 57.680 61.976 61.502 58.665 56.687 59.518 61.429
-999.250 56.968 66.684 71.714 73.678 72.641 74.517 82.839 89.922 95.972 94.379 87.971 81.886 76.513 77.281 70.947 74.408 71.413 72.735 -999.250 -999.250 57.939 55.612 50.887 42.300 39.347 34.755 34.116 35.666 34.599 27.994 23.412 16.790 11.882 10.130 8.683 3.667 2.464 0.000 0.000 0.000 0.000 0.000 0.000 0.000 0.000 0.142 2.153 3.693 5.940 5.650 9.468 10.814 12.719 17.074 19.198 23.683 28.508 42.066 46.692 47.618 54.004 61.122 67.210 71.649 70.710 68.851 63.408 62.688
-999.250 58.020 61.193 61.934 67.449 80.178 82.382 90.237 93.725 106.522 104.395 94.684 87.706 84.336 77.268 69.387 67.147 66.110 -999.250 -999.250 -999.250 -999.250 51.946 46.049 35.362 34.689 31.624 32.037 29.285 26.653 22.801 17.103 13.778 11.279 10.015 6.615 2.740 1.825 0.000 0.399 0.000 0.000 0.000 0.000 0.000 0.000 0.000 2.563 5.293 5.712 5.659 7.889 11.489 15.665 18.026 22.019 26.024 30.906 40.466 47.135 53.685 59.757 65.622 76.022 77.939 81.216 74.324 72.158 66.981
