data/medianmodel_03-Jul-2020.asc
ncols	141
nrows	288
xllcorner	-120191.398
yllcorner	-301404.813
cellsize	2000.000
NODATA_value	-999.250
[rows 248 to 278 of 288, columns 0 to 68 of 141]
-999.250 -999.250 -999.250 -999.250 -999.250 -999.250 -999.250 -999.250 -999.250 -999.250 -999.250 -999.250 -999.250 -999.250 -999.250 -999.250 -999.250 -999.250 -999.250 -999.250 -999.250 -999.250 -999.250 -999.250 -999.250 -999.250 -999.250 -999.250 -999.250 -999.250 18.084 14.822 14.582 9.193 5.511 3.976 4.208 4.710 2.698 2.290 1.440 2.334 4.629 4.700 6.231 7.529 9.582 15.885 18.351 21.460 22.423 25.953 26.147 25.765 31.364 29.467 25.235 20.055 16.662 10.025 6.321 3.552 0.000 0.000 0.000 0.000 0.000 0.000 0.000
-999.250 -999.250 -999.250 -999.250 -999.250 -999.250 -999.250 -999.250 -999.250 -999.250 -999.250 -999.250 -999.250 -999.250 -999.250 -999.250 -999.250 -999.250 -999.250 -999.250 -999.250 -999.250 -999.250 -999.250 -999.250 -999.250 -999.250 -999.250 -999.250 -999.250 15.475 12.750 16.632 10.672 7.868 6.647 4.572 3.838 2.416 2.467 3.090 4.373 3.904 5.726 5.791 8.066 11.213 14.046 15.803 18.200 19.854 26.795 28.968 30.836 32.889 43.412 28.557 21.941 17.036 12.399 7.038 4.726 1.819 0.000 0.000 0.000 0.000 0.000 0.000
-999.250 -999.250 -999.250 -999.250 -999.250 -999.250 -999.250 -999.250 -999.250 -999.250 -999.250 -999.250 -999.250 -999.250 -999.250 -999.250 -999.250 -999.250 -999.250 -999.250 -999.250 -999.250 -999.250 -999.250 -999.250 -999.250 -999.250 -999.250 -999.250 -999.250 14.849 13.604 11.690 12.967 11.197 9.201 7.017 4.684 4.457 4.074 4.125 3.599 3.621 4.764 6.276 6.683 12.273 13.600 16.171 20.329 20.750 25.200 28.943 31.494 32.159 30.708 27.414 22.240 18.880 13.965 8.950 4.704 1.485 0.000 0.000 0.000 0.000 0.000 0.000
-999.250 -999.250 -999.250 -999.250 -999.250 -999.250 -999.250 -999.250 -999.250 -999.250 -999.250 -999.250 -999.250 -999.250 -999.250 -999.250 -999.250 -999.250 -999.250 -999.250 -999.250 -999.250 -999.250 -999.250 -999.250 -999.250 -999.250 -999.250 -999.250 -999.250 13.219 12.826 11.884 12.615 11.413 9.384 8.347 3.570 4.261 4.046 3.977 3.031 2.134 5.120 4.651 6.663 10.793 15.557 19.012 21.108 24.053 24.817 31.068 27.948 32.418 27.056 26.520 18.292 18.097 15.377 10.770 8.004 2.921 0.196 0.000 0.000 0.000 0.000 0.000
-999.250 -999.250 -999.250 -999.250 -999.250 -999.250 -999.250 -999.250 -999.250 -999.250 -999.250 -999.250 -999.250 -999.250 -999.250 -999.250 -999.250 -999.250 -999.250 -999.250 -999.250 -999.250 -999.250 -999.250 -999.250 -999.250 -999.250 -999.250 -999.250 15.115 15.116 12.207 10.584 9.813 13.715 11.513 9.858 6.747 4.196 3.968 2.909 4.219 2.846 5.342 6.009 6.947 11.943 15.105 17.000 17.149 20.401 18.736 22.480 24.023 25.202 28.279 20.605 16.810 18.281 13.188 7.915 6.775 2.952 0.309 0.000 0.000 0.000 0.000 0.000
-999.250 -999.250 -999.250 -999.250 -999.250 -999.250 -999.250 -999.250 -999.250 -999.250 -999.250 -999.250 -999.250 -999.250 -999.250 -999.250 -999.250 -999.250 -999.250 -999.250 -999.250 -999.250 -999.250 -999.250 -999.250 -999.250 -999.250 -999.250 -999.250 -999.250 15.562 12.406 10.738 10.752 11.925 9.860 11.174 6.188 6.063 4.153 1.983 4.543 5.665 6.229 7.990 8.658 11.991 12.283 15.656 17.532 19.713 18.047 18.704 19.154 20.520 22.206 16.473 14.893 11.933 7.958 6.958 3.717 3.082 0.000 0.000 0.000 0.000 0.000 0.000
-999.250 -999.250 -999.250 -999.250 -999.250 -999.250 -999.250 -999.250 -999.250 -999.250 -999.250 -999.250 -999.250 -999.250 -999.250 -999.250 -999.250 -999.250 -999.250 -999.250 -999.250 -999.250 -999.250 -999.250 -999.250 -999.250 -999.250 -999.250 -999.250 -999.250 12.539 11.606 10.922 14.963 12.517 13.311 10.417 9.820 11.352 7.417 7.070 3.790 5.056 6.979 6.590 7.929 14.530 11.873 12.848 14.034 12.886 15.966 16.162 17.276 19.565 18.857 17.916 14.509 12.511 9.814 6.485 3.182 2.490 0.000 0.000 0.000 0.000 0.000 0.000
-999.250 -999.250 -999.250 -999.250 -999.250 -999.250 -999.250 -999.250 -999.250 -999.250 -999.250 -999.250 -999.250 -999.250 -999.250 -999.250 -999.250 -999.250 -999.250 -999.250 -999.250 -999.250 -999.250 -999.250 -999.250 -999.250 -999.250 -999.250 -999.250 -999.250 -999.250 15.257 15.204 14.855 19.328 17.956 13.790 11.637 11.729 14.378 9.472 10.526 8.772 11.172 10.463 10.863 13.096 13.539 13.922 14.201 12.419 14.372 15.053 17.627 17.552 16.853 16.060 12.627 10.367 6.915 5.055 2.829 0.000 0.057 0.000 0.000 0.000 0.000 0.000
-999.250 -999.250 -999.250 -999.250 -999.250 -999.250 -999.250 -999.250 -999.250 -999.250 -999.250 -999.250 -999.250 -999.250 -999.250 -999.250 -999.250 -999.250 -999.250 -999.250 -999.250 -999.250 -999.250 -999.250 -999.250 -999.250 -999.250 -999.250 -999.250 -999.250 -999.250 14.309 15.400 16.844 14.734 16.153 17.410 17.898 16.883 15.678 15.684 13.597 12.911 16.262 15.356 15.834 15.339 14.759 16.203 13.694 13.161 10.660 14.327 14.829 13.313 13.372 13.223 12.718 10.477 8.883 5.424 3.162 0.000 0.000 0.000 0.000 0.000 0.000 0.000
-999.250 -999.250 -999.250 -999.250 -999.250 -999.250 -999.250 -999.250 -999.250 -999.250 -999.250 -999.250 -999.250 -999.250 -999.250 -999.250 -999.250 -999.250 -999.250 -999.250 -999.250 -999.250 -999.250 -999.250 -999.250 -999.250 -999.250 -999.250 -999.250 -999.250 16.308 14.711 15.390 18.045 16.031 21.294 19.575 21.311 18.721 20.239 18.126 16.835 19.700 19.139 20.169 23.136 17.547 17.527 14.218 15.037 15.633 13.033 14.491 13.189 10.676 12.876 13.125 11.052 10.015 7.891 5.522 3.924 1.900 0.000 0.000 0.000 0.000 0.000 0.000
-999.250 -999.250 -999.250 -999.250 -999.250 -999.250 -999.250 -999.250 -999.250 -999.250 -999.250 -999.250 -999.250 -999.250 -999.250 -999.250 -999.250 -999.250 -999.250 -999.250 -999.250 -999.250 -999.250 -999.250 -999.250 -999.250 -999.250 -999.250 -999.250 -999.250 11.688 13.788 13.333 18.433 20.593 23.719 28.027 34.885 26.656 28.315 25.056 24.978 25.166 27.263 26.440 23.335 20.361 17.373 18.545 15.127 16.292 15.863 14.456 13.812 12.664 11.103 11.784 10.667 9.157 8.668 4.348 3.907 1.216 0.000 0.000 0.000 0.000 0.000 0.000
-999.250 -999.250 -999.250 -999.250 -999.250 -999.250 -999.250 -999.250 -999.250 -999.250 -999.250 -999.250 -999.250 -999.250 -999.250 -999.250 -999.250 -999.250 -999.250 -999.250 -999.250 -999.250 -999.250 -999.250 -999.250 -999.250 -999.250 -999.250 -999.250 -999.250 14.223 15.116 17.085 23.765 21.665 25.109 38.467 40.777 38.621 43.518 49.034 33.546 35.234 31.327 43.694 30.324 27.136 21.610 17.719 19.513 16.618 13.842 15.033 12.938 11.627 9.996 11.515 11.029 10.165 7.595 4.794 4.571 2.089 0.000 0.000 0.000 0.000 0.000 0.000
-999.250 -999.250 -999.250 -999.250 -999.250 -999.250 -999.250 -999.250 -999.250 -999.250 -999.250 -999.250 -999.250 -999.250 -999.250 -999.250 -999.250 -999.250 -999.250 -999.250 -999.250 -999.250 -999.250 -999.250 -999.250 -999.250 -999.250 -999.250 -999.250 -999.250 12.369 15.439 17.234 24.488 37.569 43.226 58.002 62.104 64.319 63.367 59.251 61.198 51.665 52.219 51.556 40.913 38.582 24.116 20.586 21.750 17.394 14.534 15.468 10.656 13.222 10.318 8.817 7.389 10.060 6.350 4.125 1.983 0.899 0.000 0.000 0.000 0.000 0.000 0.000
-999.250 -999.250 -999.250 -999.250 -999.250 -999.250 -999.250 -999.250 -999.250 -999.250 -999.250 -999.250 -999.250 -999.250 -999.250 -999.250 -999.250 -999.250 -999.250 -999.250 -999.250 -999.250 -999.250 -999.250 -999.250 -999.250 -999.250 -999.250 -999.250 -999.250 11.294 15.824 20.588 26.769 46.696 53.648 76.893 66.833 77.474 74.214 80.389 75.626 71.295 62.246 67.592 55.595 42.508 30.895 24.236 20.453 18.097 15.366 15.989 12.174 11.526 9.286 6.990 8.327 8.048 5.415 4.297 2.793 1.959 0.000 0.000 0.000 0.000 0.000 0.000
-999.250 -999.250 -999.250 -999.250 -999.250 -999.250 -999.250 -999.250 -999.250 -999.250 -999.250 -999.250 -999.250 -999.250 -999.250 -999.250 -999.250 -999.250 -999.250 -999.250 -999.250 -999.250 -999.250 -999.250 -999.250 -999.250 -999.250 -999.250 -999.250 -999.250 11.349 15.228 20.591 32.356 52.592 66.429 82.525 99.335 93.216 101.342 107.932 94.299 79.759 71.103 76.504 61.151 43.253 36.039 34.341 26.039 19.408 17.348 16.409 13.548 10.035 8.390 6.279 5.996 7.746 6.148 6.462 4.187 1.084 0.555 0.399 0.479 0.000 0.000 0.000
-999.250 -999.250 -999.250 -999.250 -999.250 -999.250 -999.250 -999.250 -999.250 -999.250 -999.250 -999.250 -999.250 -999.250 -999.250 -999.250 -999.250 -999.250 -999.250 -999.250 -999.250 -999.250 -999.250 -999.250 -999.250 -999.250 -999.250 -999.250 -999.250 3.701 10.552 16.205 22.292 42.500 59.671 70.559 82.272 103.408 110.611 104.565 117.406 113.026 102.478 86.496 83.216 64.273 48.260 44.470 37.071 28.549 22.953 20.866 18.107 13.644 12.913 10.277 7.374 6.977 9.677 7.452 4.348 3.242 1.895 0.000 0.000 0.000 0.000 0.497 0.000
-999.250 -999.250 -999.250 -999.250 -999.250 -999.250 -999.250 -999.250 -999.250 -999.250 -999.250 -999.250 -999.250 -999.250 -999.250 -999.250 -999.250 -999.250 -999.250 -999.250 -999.250 -999.250 -999.250 -999.250 -999.250 -999.250 -999.250 -999.250 -999.250 1.110 5.866 12.325 21.483 38.764 58.970 74.974 100.687 112.884 119.837 125.700 130.339 122.726 117.481 102.930 90.556 71.196 65.453 52.391 36.610 35.598 24.326 21.212 17.390 13.597 12.212 11.909 9.361 6.051 9.309 7.628 5.238 3.308 2.455 0.000 0.000 0.005 0.000 0.403 0.320
-999.250 -999.250 -999.250 -999.250 -999.250 -999.250 -999.250 -999.250 -999.250 -999.250 -999.250 -999.250 -999.250 -999.250 -999.250 -999.250 -999.250 -999.250 -999.250 -999.250 -999.250 -999.250 -999.250 -999.250 -999.250 -999.250 -999.250 -999.250 0.000 0.775 2.834 10.888 21.594 39.475 56.619 70.091 98.746 107.556 135.094 150.816 148.315 127.136 120.997 110.565 102.416 75.465 63.674 52.819 39.019 31.229 26.213 20.480 18.565 11.724 12.861 13.939 10.725 11.299 6.118 6.386 6.137 0.420 0.655 0.000 0.000 0.000 0.000 0.960 2.728
-999.250 -999.250 -999.250 -999.250 -999.250 -999.250 -999.250 -999.250 -999.250 -999.250 -999.250 -999.250 -999.250 -999.250 -999.250 -999.250 -999.250 -999.250 -999.250 -999.250 -999.250 -999.250 -999.250 -999.250 -999.250 -999.250 -999.250 -999.250 0.000 0.000 1.618 11.803 26.403 40.877 51.005 69.879 96.688 125.592 136.843 164.823 166.768 146.068 132.791 118.225 105.606 80.843 69.439 56.019 50.167 29.596 19.226 15.505 15.363 11.755 11.039 14.350 10.154 9.508 7.020 5.118 4.689 2.708 3.219 0.548 0.599 0.099 0.786 2.126 2.119
-999.250 -999.250 -999.250 -999.250 -999.250 -999.250 -999.250 -999.250 -999.250 -999.250 -999.250 -999.250 -999.250 -999.250 -999.250 -999.250 -999.250 -999.250 -999.250 -999.250 -999.250 -999.250 -999.250 -999.250 -999.250 -999.250 -999.250 0.000 0.000 0.000 0.000 11.008 21.739 34.753 56.845 69.599 113.928 112.419 139.532 170.854 196.967 152.797 133.239 119.745 109.158 91.090 79.447 56.211 34.130 29.734 17.329 14.959 11.826 8.394 9.787 8.622 10.648 10.423 7.755 7.556 7.363 4.669 3.103 0.747 0.478 0.000 0.248 1.419 1.972
-999.250 -999.250 -999.250 -999.250 -999.250 -999.250 -999.250 -999.250 -999.250 -999.250 -999.250 -999.250 -999.250 -999.250 -999.250 -999.250 -999.250 -999.250 -999.250 -999.250 -999.250 -999.250 -999.250 -999.250 -999.250 -999.250 -999.250 0.000 0.000 0.000 0.000 10.695 22.028 37.605 59.652 72.849 102.137 121.802 132.858 163.249 162.628 158.353 138.807 115.586 104.783 87.087 68.980 67.623 40.857 24.503 17.211 18.416 12.782 9.050 11.049 7.912 9.107 7.985 9.274 6.702 4.810 4.958 3.503 1.473 0.000 1.142 1.814 1.455 3.027
-999.250 -999.250 -999.250 -999.250 -999.250 -999.250 -999.250 -999.250 -999.250 -999.250 -999.250 -999.250 -999.250 -999.250 -999.250 -999.250 -999.250 -999.250 -999.250 -999.250 -999.250 -999.250 -999.250 -999.250 -999.250 -999.250 -999.250 0.000 0.000 0.000 3.109 12.652 24.105 46.179 65.284 78.548 92.269 101.888 125.987 143.250 140.733 130.168 126.344 114.560 98.162 77.019 59.240 57.245 33.842 24.923 17.421 14.045 12.403 10.996 9.759 10.123 10.723 7.123 7.681 7.522 5.577 4.747 2.973 1.595 0.858 0.975 0.242 3.691 5.387
-999.250 -999.250 -999.250 -999.250 -999.250 -999.250 -999.250 -999.250 -999.250 -999.250 -999.250 -999.250 -999.250 -999.250 -999.250 -999.250 -999.250 -999.250 -999.250 -999.250 -999.250 -999.250 -999.250 -999.250 -999.250 -999.250 -999.250 0.000 0.000 0.006 4.986 14.825 26.298 46.181 73.560 84.271 86.536 99.078 117.674 127.910 129.666 117.992 104.606 85.540 85.927 73.098 63.007 45.007 28.430 19.482 16.162 13.460 13.301 12.357 10.050 9.482 10.540 7.397 9.223 8.470 6.521 3.521 3.159 2.894 1.236 0.000 0.390 3.663 5.569
-999.250 -999.250 -999.250 -999.250 -999.250 -999.250 -999.250 -999.250 -999.250 -999.250 -999.250 -999.250 -999.250 -999.250 -999.250 -999.250 -999.250 -999.250 -999.250 -999.250 -999.250 -999.250 -999.250 -999.250 -999.250 -999.250 -999.250 0.000 0.106 5.703 10.741 18.820 28.264 48.809 72.129 79.904 87.306 102.404 94.399 104.042 111.307 109.295 86.954 77.725 73.598 60.782 44.334 31.687 21.697 16.525 10.870 10.228 12.046 13.703 11.977 9.727 9.847 12.225 10.062 8.898 6.508 4.591 3.834 0.350 0.118 0.310 0.190 2.094 4.679
-999.250 -999.250 -999.250 -999.250 -999.250 -999.250 -999.250 -999.250 -999.250 -999.250 -999.250 -999.250 -999.250 -999.250 -999.250 -999.250 -999.250 -999.250 -999.250 -999.250 -999.250 -999.250 -999.250 -999.250 -999.250 -999.250 -999.250 0.258 4.689 9.426 15.496 21.300 42.409 53.018 67.358 69.716 83.747 88.031 89.286 106.185 95.524 81.719 72.113 61.134 47.696 46.740 24.644 22.234 18.550 16.059 12.828 8.676 11.702 10.986 13.383 16.156 13.173 13.134 13.535 12.601 9.359 6.653 4.572 0.559 0.378 0.000 2.173 3.472 4.349
-999.250 -999.250 -999.250 -999.250 -999.250 -999.250 -999.250 -999.250 -999.250 -999.250 -999.250 -999.250 -999.250 -999.250 -999.250 -999.250 -999.250 -999.250 -999.250 -999.250 -999.250 -999.250 -999.250 -999.250 -999.250 -999.250 0.240 3.832 8.125 12.907 18.702 30.093 38.002 51.469 61.509 71.585 77.052 78.094 87.070 78.266 80.165 77.972 62.651 43.739 28.994 21.421 17.937 15.493 13.893 14.005 12.315 12.124 12.936 17.343 15.951 17.240 16.973 15.040 16.143 14.738 11.450 5.253 3.739 0.494 0.290 0.000 1.681 2.221 4.644
-999.250 -999.250 -999.250 -999.250 -999.250 -999.250 -999.250 -999.250 -999.250 -999.250 -999.250 -999.250 -999.250 -999.250 -999.250 -999.250 -999.250 -999.250 -999.250 -999.250 -999.250 -999.250 -999.250 -999.250 -999.250 -999.250 2.202 6.362 12.418 20.159 25.736 38.180 41.305 48.208 60.151 63.028 73.500 76.730 67.073 71.750 72.239 65.102 48.708 37.741 19.832 15.732 12.025 7.378 8.877 10.537 10.838 12.396 15.273 19.326 19.731 21.088 21.684 18.390 18.514 16.933 11.310 6.797 3.846 0.728 0.000 0.000 1.512 0.690 3.738
-999.250 -999.250 -999.250 -999.250 -999.250 -999.250 -999.250 -999.250 -999.250 -999.250 -999.250 -999.250 -999.250 -999.250 -999.250 -999.250 -999.250 -999.250 -999.250 -999.250 -999.250 -999.250 -999.250 -999.250 -999.250 1.579 3.712 7.738 14.648 21.545 28.318 40.674 54.360 62.837 66.330 65.053 80.946 74.128 66.827 67.817 60.357 57.675 41.207 24.509 16.483 11.822 6.768 6.269 6.994 5.602 10.794 14.966 18.856 23.355 22.760 26.989 30.637 23.467 20.007 18.107 15.343 7.817 4.531 1.901 0.000 0.000 0.319 1.562 3.252
-999.250 -999.250 -999.250 -999.250 -999.250 -999.250 -999.250 -999.250 -999.250 -999.250 -999.250 -999.250 -999.250 -999.250 -999.250 -999.250 -999.250 -999.250 -999.250 -999.250 -999.250 -999.250 -999.250 -999.250 -999.250 1.793 4.544 11.104 16.548 26.390 33.025 43.018 51.748 61.406 67.854 70.431 82.525 78.619 69.492 62.813 54.222 38.625 24.031 14.931 9.283 6.856 2.845 3.953 5.780 8.311 12.584 18.673 24.238 26.446 32.790 33.901 29.289 33.692 28.253 20.419 16.590 11.684 7.102 2.181 0.137 0.000 1.617 2.306 3.476
-999.250 -999.250 -999.250 -999.250 -999.250 -999.250 -999.250 -999.250 -999.250 -999.250 -999.250 -999.250 -999.250 -999.250 -999.250 -999.250 -999.250 -999.250 -999.250 -999.250 -999.250 -999.250 -999.250 -999.250 -999.250 1.230 4.768 11.801 22.033 29.369 37.582 45.945 65.855 69.570 75.382 75.447 78.066 73.545 72.056 59.755 43.935 28.273 17.927 10.487 5.952 3.875 2.865 2.492 4.516 9.539 16.563 20.371 27.033 32.203 35.557 42.060 46.113 43.062 35.533 29.145 22.246 15.495 8.734 4.944 2.281 0.138 0.105 3.617 3.508
-999.250 -999.250 -999.250 -999.250 -999.250 -999.250 -999.250 -999.250 -999.250 -999.250 -999.250 -999.250 -999.250 -999.250 -999.250 -999.250 -999.250 -999.250 -999.250 -999.250 -999.250 -999.250 -999.250 -999.250 0.000 0.000 5.782 13.223 22.424 30.739 39.147 50.864 69.608 74.906 83.420 100.821 90.027 79.045 65.857 53.042 42.621 22.113 15.782 9.140 5.526 2.891 4.393 3.128 6.721 12.346 16.060 23.455 31.952 38.299 55.464 53.287 47.876 48.711 35.636 26.472 23.141 18.037 11.398 7.477 5.672 3.955 2.696 4.230 5.042
