data/medianmodel_12-Dec-2020.asc
ncols	141
nrows	288
xllcorner	-120191.398
yllcorner	-301404.813
cellsize	2000.000
NODATA_value	-999.250
[rows 232 to 260 of 288, columns 0 to 63 of 141]
-999.250 -999.250 -999.250 -999.250 -999.250 -999.250 -999.250 -999.250 -999.250 -999.250 -999.250 -999.250 -999.250 -999.250 -999.250 -999.250 -999.250 -999.250 -999.250 -999.250 -999.250 -999.250 -999.250 -999.250 -999.250 -999.250 -999.250 161.157 161.357 166.527 164.282 153.117 143.519 136.717 126.307 123.900 128.574 123.376 126.169 139.308 136.892 145.752 144.548 147.867 149.694 141.264 138.573 121.705 116.593 108.876 95.571 78.379 64.449 61.963 51.248 40.160 43.353 37.995 35.861 35.400 41.810 44.873 51.148 68.625
-999.250 -999.250 -999.250 -999.250 -999.250 -999.250 -999.250 -999.250 -999.250 -999.250 -999.250 -999.250 -999.250 -999.250 -999.250 -999.250 -999.250 -999.250 -999.250 -999.250 -999.250 -999.250 -999.250 -999.250 -999.250 -999.250 -999.250 -999.250 166.756 156.505 156.406 152.833 147.600 139.535 125.140 127.916 128.899 131.031 136.442 133.525 135.369 142.608 144.177 142.134 139.691 130.526 124.493 119.097 110.046 90.534 85.599 75.696 55.753 54.983 45.990 36.783 32.029 32.386 29.039 34.461 38.806 50.203 62.004 58.308
-999.250 -999.250 -999.250 -999.250 -999.250 -999.250 -999.250 -999.250 -999.250 -999.250 -999.250 -999.250 -999.250 -999.250 -999.250 -999.250 -999.250 -999.250 -999.250 -999.250 -999.250 -999.250 -999.250 -999.250 -999.250 -999.250 -999.250 -999.250 -999.250 -999.250 162.574 161.120 150.587 142.286 139.236 133.567 131.843 130.326 144.562 138.206 137.933 142.887 141.875 134.369 133.668 126.640 127.379 114.254 104.421 90.291 81.859 67.631 64.113 52.434 46.867 42.266 36.208 31.275 29.131 33.284 41.947 50.586 66.237 76.907
-999.250 -999.250 -999.250 -999.250 -999.250 -999.250 -999.250 -999.250 -999.250 -999.250 -999.250 -999.250 -999.250 -999.250 -999.250 -999.250 -999.250 -999.250 -999.250 -999.250 -999.250 -999.250 -999.250 -999.250 -999.250 -999.250 -999.250 -999.250 -999.250 -999.250 158.167 155.173 146.367 149.254 153.608 141.649 142.864 143.672 150.382 145.658 141.731 142.812 146.999 139.275 130.895 125.985 119.278 119.489 106.615 86.275 76.396 63.297 69.274 56.088 46.053 42.210 33.321 29.744 27.873 30.840 43.876 60.526 84.086 93.046
-999.250 -999.250 -999.250 -999.250 -999.250 -999.250 -999.250 -999.250 -999.250 -999.250 -999.250 -999.250 -999.250 -999.250 -999.250 -999.250 -999.250 -999.250 -999.250 -999.250 -999.250 -999.250 -999.250 -999.250 -999.250 -999.250 -999.250 -999.250 -999.250 -999.250 166.419 161.259 158.991 170.258 164.671 161.701 161.755 158.992 155.643 146.783 152.538 153.142 146.168 143.160 134.598 127.426 121.867 108.338 102.647 86.342 82.822 68.449 58.350 52.170 49.094 44.112 36.803 36.142 31.893 24.251 48.260 72.367 91.083 105.797
-999.250 -999.250 -999.250 -999.250 -999.250 -999.250 -999.250 -999.250 -999.250 -999.250 -999.250 -999.250 -999.250 -999.250 -999.250 -999.250 -999.250 -999.250 -999.250 -999.250 -999.250 -999.250 -999.250 -999.250 -999.250 -999.250 -999.250 -999.250 -999.250 -999.250 -999.250 163.888 168.630 179.667 181.352 160.730 173.280 177.555 157.000 161.816 160.861 171.376 149.357 143.525 139.290 125.958 122.008 117.477 102.667 92.538 86.794 76.615 68.168 62.477 53.944 48.351 46.531 47.036 44.326 46.163 64.583 84.052 100.698 118.876
-999.250 -999.250 -999.250 -999.250 -999.250 -999.250 -999.250 -999.250 -999.250 -999.250 -999.250 -999.250 -999.250 -999.250 -999.250 -999.250 -999.250 -999.250 -999.250 -999.250 -999.250 -999.250 -999.250 -999.250 -999.250 -999.250 -999.250 -999.250 -999.250 -999.250 177.980 171.452 165.047 179.395 191.990 189.557 183.775 171.586 176.383 176.508 167.855 162.947 158.173 148.134 140.882 123.267 120.283 117.925 109.572 95.796 89.372 80.177 72.850 69.661 68.270 54.490 63.347 65.945 69.717 77.679 85.871 101.278 118.992 131.496
-999.250 -999.250 -999.250 -999.250 -999.250 -999.250 -999.250 -999.250 -999.250 -999.250 -999.250 -999.250 -999.250 -999.250 -999.250 -999.250 -999.250 -999.250 -999.250 -999.250 -999.250 -999.250 -999.250 -999.250 -999.250 -999.250 -999.250 -999.250 -999.250 -999.250 -999.250 185.487 192.012 183.533 209.103 195.124 191.643 179.407 193.120 182.840 168.514 175.531 177.015 161.216 143.571 130.173 124.382 120.754 104.698 100.102 91.543 83.149 75.559 73.434 76.247 75.217 72.234 77.015 83.041 94.414 100.490 112.711 131.430 155.092
-999.250 -999.250 -999.250 -999.250 -999.250 -999.250 -999.250 -999.250 -999.250 -999.250 -999.250 -999.250 -999.250 -999.250 -999.250 -999.250 -999.250 -999.250 -999.250 -999.250 -999.250 -999.250 -999.250 -999.250 -999.250 -999.250 -999.250 -999.250 -999.250 -999.250 202.141 183.478 210.432 205.749 205.965 197.287 196.408 199.421 190.818 191.816 193.719 189.329 187.090 168.790 152.226 136.646 127.663 123.608 119.464 108.976 95.149 84.237 86.049 77.859 82.844 81.085 78.903 91.812 88.492 105.292 119.258 133.075 156.367 177.563
-999.250 -999.250 -999.250 -999.250 -999.250 -999.250 -999.250 -999.250 -999.250 -999.250 -999.250 -999.250 -999.250 -999.250 -999.250 -999.250 -999.250 -999.250 -999.250 -999.250 -999.250 -999.250 -999.250 -999.250 -999.250 -999.250 -999.250 -999.250 -999.250 -999.250 181.006 198.942 207.079 224.069 204.305 208.873 199.776 214.417 211.351 201.720 196.918 186.338 171.770 175.602 164.764 143.875 129.768 124.928 120.492 110.412 106.421 99.417 90.402 81.450 95.596 94.687 93.060 104.624 111.489 124.777 135.934 152.794 172.103 193.987
-999.250 -999.250 -999.250 -999.250 -999.250 -999.250 -999.250 -999.250 -999.250 -999.250 -999.250 -999.250 -999.250 -999.250 -999.250 -999.250 -999.250 -999.250 -999.250 -999.250 -999.250 -999.250 -999.250 -999.250 -999.250 -999.250 -999.250 -999.250 -999.250 -999.250 192.220 192.159 217.726 228.655 227.797 202.606 224.182 210.503 212.453 216.214 211.531 198.710 192.445 190.471 172.367 148.629 142.906 132.164 132.503 124.324 118.165 105.397 101.147 94.101 100.407 99.265 103.392 116.838 121.302 132.853 150.701 178.606 198.657 208.154
-999.250 -999.250 -999.250 -999.250 -999.250 -999.250 -999.250 -999.250 -999.250 -999.250 -999.250 -999.250 -999.250 -999.250 -999.250 -999.250 -999.250 -999.250 -999.250 -999.250 -999.250 -999.250 -999.250 -999.250 -999.250 -999.250 -999.250 -999.250 -999.250 -999.250 208.147 228.941 229.066 242.409 221.130 224.313 247.721 245.731 246.846 246.207 240.463 211.395 214.421 189.113 190.864 161.211 156.164 154.987 143.168 137.698 122.885 113.722 106.997 101.898 107.401 108.154 116.538 118.984 129.588 145.689 169.122 194.425 196.228 224.167
-999.250 -999.250 -999.250 -999.250 -999.250 -999.250 -999.250 -999.250 -999.250 -999.250 -999.250 -999.250 -999.250 -999.250 -999.250 -999.250 -999.250 -999.250 -999.250 -999.250 -999.250 -999.250 -999.250 -999.250 -999.250 -999.250 -999.250 -999.250 -999.250 -999.250 222.424 216.639 239.332 228.843 233.269 245.111 229.274 240.102 258.674 261.689 238.380 216.706 221.431 210.743 205.760 188.943 166.968 166.041 154.484 144.146 123.353 118.838 124.258 118.648 116.077 113.871 121.148 125.468 142.196 157.856 185.683 205.406 218.493 230.100
-999.250 -999.250 -999.250 -999.250 -999.250 -999.250 -999.250 -999.250 -999.250 -999.250 -999.250 -999.250 -999.250 -999.250 -999.250 -999.250 -999.250 -999.250 -999.250 -999.250 -999.250 -999.250 -999.250 -999.250 -999.250 -999.250 -999.250 -999.250 -999.250 -999.250 -999.250 245.072 250.772 241.509 254.846 265.500 257.035 259.118 268.329 270.904 260.390 249.367 228.928 225.965 224.127 201.514 200.220 162.721 158.281 148.211 127.564 125.872 121.142 116.485 115.612 118.795 126.800 132.277 149.229 174.828 188.851 215.858 228.574 236.327
-999.250 -999.250 -999.250 -999.250 -999.250 -999.250 -999.250 -999.250 -999.250 -999.250 -999.250 -999.250 -999.250 -999.250 -999.250 -999.250 -999.250 -999.250 -999.250 -999.250 -999.250 -999.250 -999.250 -999.250 -999.250 -999.250 -999.250 -999.250 -999.250 -999.250 -999.250 247.254 250.926 276.982 294.910 272.710 281.617 279.346 297.988 293.289 284.916 264.196 269.029 249.284 228.647 209.077 214.691 179.654 161.332 160.899 135.990 132.020 126.249 120.975 126.317 122.979 130.569 135.455 150.899 164.011 195.316 214.623 220.435 233.802
-999.250 -999.250 -999.250 -999.250 -999.250 -999.250 -999.250 -999.250 -999.250 -999.250 -999.250 -999.250 -999.250 -999.250 -999.250 -999.250 -999.250 -999.250 -999.250 -999.250 -999.250 -999.250 -999.250 -999.250 -999.250 -999.250 -999.250 -999.250 -999.250 -999.250 260.402 274.474 275.867 289.115 294.593 322.152 294.929 295.496 340.029 312.417 308.701 286.958 273.630 267.494 240.547 229.915 223.096 203.593 180.874 158.390 152.573 139.645 135.370 124.745 127.592 128.702 134.348 145.415 155.967 165.247 187.736 203.361 203.383 227.828
-999.250 -999.250 -999.250 -999.250 -999.250 -999.250 -999.250 -999.250 -999.250 -999.250 -999.250 -999.250 -999.250 -999.250 -999.250 -999.250 -999.250 -999.250 -999.250 -999.250 -999.250 -999.250 -999.250 -999.250 -999.250 -999.250 -999.250 -999.250 -999.250 -999.250 280.852 269.173 300.072 299.393 304.511 310.441 315.235 322.291 328.813 345.367 319.441 307.258 295.286 267.145 268.241 252.343 231.830 202.536 193.670 169.759 172.974 154.704 142.328 144.295 135.141 129.330 134.216 136.256 151.282 168.938 189.526 188.322 213.790 229.557
-999.250 -999.250 -999.250 -999.250 -999.250 -999.250 -999.250 -999.250 -999.250 -999.250 -999.250 -999.250 -999.250 -999.250 -999.250 -999.250 -999.250 -999.250 -999.250 -999.250 -999.250 -999.250 -999.250 -999.250 -999.250 -999.250 -999.250 -999.250 -999.250 -999.250 271.001 290.853 312.069 290.446 321.660 303.882 345.291 338.791 357.264 363.365 336.321 316.406 312.091 297.176 288.164 251.510 237.485 216.098 195.764 185.315 174.175 150.127 146.084 146.286 140.597 130.237 137.501 142.830 159.278 171.124 186.407 194.969 214.353 218.466
-999.250 -999.250 -999.250 -999.250 -999.250 -999.250 -999.250 -999.250 -999.250 -999.250 -999.250 -999.250 -999.250 -999.250 -999.250 -999.250 -999.250 -999.250 -999.250 -999.250 -999.250 -999.250 -999.250 -999.250 -999.250 -999.250 -999.250 -999.250 -999.250 -999.250 276.377 317.584 329.194 315.442 302.958 321.223 334.819 352.316 368.234 368.202 352.462 339.311 323.427 323.706 291.050 267.231 238.841 220.799 208.768 193.678 189.925 173.891 157.733 147.967 144.236 134.300 143.824 146.730 149.153 168.395 171.985 206.846 205.309 227.052
-999.250 -999.250 -999.250 -999.250 -999.250 -999.250 -999.250 -999.250 -999.250 -999.250 -999.250 -999.250 -999.250 -999.250 -999.250 -999.250 -999.250 -999.250 -999.250 -999.250 -999.250 -999.250 -999.250 -999.250 -999.250 -999.250 -999.250 -999.250 -999.250 -999.250 281.892 274.212 312.569 303.533 301.974 330.508 325.534 354.231 369.593 388.397 369.828 342.524 340.009 326.169 294.074 289.021 256.250 224.880 218.523 192.128 179.380 162.108 165.912 150.193 144.271 151.849 148.950 149.690 152.535 162.018 164.868 203.545 208.703 210.083
-999.250 -999.250 -999.250 -999.250 -999.250 -999.250 -999.250 -999.250 -999.250 -999.250 -999.250 -999.250 -999.250 -999.250 -999.250 -999.250 -999.250 -999.250 -999.250 -999.250 -999.250 -999.250 -999.250 -999.250 -999.250 -999.250 -999.250 -999.250 -999.250 250.032 268.029 265.932 298.463 299.273 301.281 326.018 321.481 350.875 362.744 376.827 358.348 353.714 346.530 328.833 282.895 276.200 256.714 232.939 236.773 205.108 199.644 183.797 168.249 164.497 147.624 155.347 149.719 153.020 157.718 174.465 184.912 194.841 202.316 199.158
-999.250 -999.250 -999.250 -999.250 -999.250 -999.250 -999.250 -999.250 -999.250 -999.250 -999.250 -999.250 -999.250 -999.250 -999.250 -999.250 -999.250 -999.250 -999.250 -999.250 -999.250 -999.250 -999.250 -999.250 -999.250 -999.250 -999.250 -999.250 -999.250 -999.250 278.582 265.726 288.479 291.909 315.948 316.745 334.386 327.292 349.421 355.757 347.557 337.305 326.072 295.329 289.593 282.773 232.936 238.434 239.004 215.673 219.762 189.599 173.137 160.994 164.462 164.457 157.356 149.296 161.844 171.456 178.667 189.588 205.585 204.224
-999.250 -999.250 -999.250 -999.250 -999.250 -999.250 -999.250 -999.250 -999.250 -999.250 -999.250 -999.250 -999.250 -999.250 -999.250 -999.250 -999.250 -999.250 -999.250 -999.250 -999.250 -999.250 -999.250 -999.250 -999.250 -999.250 -999.250 -999.250 -999.250 -999.250 263.374 261.899 265.807 298.686 308.735 314.018 328.575 325.369 330.928 335.834 343.388 311.444 325.527 280.364 269.081 266.211 248.825 247.954 236.686 212.653 194.042 199.637 188.275 180.086 166.001 161.683 160.639 149.965 154.573 168.544 178.507 198.949 199.803 204.285
-999.250 -999.250 -999.250 -999.250 -999.250 -999.250 -999.250 -999.250 -999.250 -999.250 -999.250 -999.250 -999.250 -999.250 -999.250 -999.250 -999.250 -999.250 -999.250 -999.250 -999.250 -999.250 -999.250 -999.250 -999.250 -999.250 -999.250 -999.250 -999.250 -999.250 -999.250 248.066 248.788 277.796 291.768 331.019 330.262 296.164 309.814 323.940 304.937 276.032 278.463 271.792 268.748 281.145 259.723 255.826 245.954 225.968 220.299 197.383 196.884 184.063 165.948 163.641 159.376 176.107 165.673 182.925 176.954 181.898 189.443 206.618
-999.250 -999.250 -999.250 -999.250 -999.250 -999.250 -999.250 -999.250 -999.250 -999.250 -999.250 -999.250 -999.250 -999.250 -999.250 -999.250 -999.250 -999.250 -999.250 -999.250 -999.250 -999.250 -999.250 -999.250 -999.250 -999.250 -999.250 -999.250 -999.250 -999.250 -999.250 250.442 256.903 255.550 265.254 290.835 294.972 310.858 307.638 300.601 308.398 273.172 269.817 276.211 265.852 253.503 252.442 238.642 239.301 236.509 231.622 209.632 202.579 183.085 173.180 163.304 167.028 174.925 172.133 170.460 186.762 193.731 189.605 191.954
-999.250 -999.250 -999.250 -999.250 -999.250 -999.250 -999.250 -999.250 -999.250 -999.250 -999.250 -999.250 -999.250 -999.250 -999.250 -999.250 -999.250 -999.250 -999.250 -999.250 -999.250 -999.250 -999.250 -999.250 -999.250 -999.250 -999.250 -999.250 -999.250 -999.250 233.926 256.352 250.063 255.779 260.153 272.899 279.766 278.389 271.397 282.066 257.819 253.587 266.578 254.937 259.821 262.094 248.778 246.426 235.949 231.380 211.713 225.036 204.340 189.647 174.440 171.112 177.054 176.870 172.568 176.151 176.384 189.162 188.803 193.475
-999.250 -999.250 -999.250 -999.250 -999.250 -999.250 -999.250 -999.250 -999.250 -999.250 -999.250 -999.250 -999.250 -999.250 -999.250 -999.250 -999.250 -999.250 -999.250 -999.250 -999.250 -999.250 -999.250 -999.250 -999.250 -999.250 -999.250 -999.250 -999.250 -999.250 218.664 234.164 218.689 241.688 259.854 263.951 255.302 263.467 255.915 245.506 266.070 247.455 233.627 243.173 242.026 257.361 251.827 239.459 225.324 223.458 222.218 218.914 198.957 194.936 190.282 171.084 180.333 175.855 167.963 168.051 173.152 182.109 193.369 199.044
-999.250 -999.250 -999.250 -999.250 -999.250 -999.250 -999.250 -999.250 -999.250 -999.250 -999.250 -999.250 -999.250 -999.250 -999.250 -999.250 -999.250 -999.250 -999.250 -999.250 -999.250 -999.250 -999.250 -999.250 -999.250 -999.250 -999.250 -999.250 -999.250 -999.250 209.517 209.514 230.623 243.346 241.507 237.301 235.583 255.366 259.712 259.037 255.710 232.394 249.801 244.009 237.806 241.701 234.944 222.483 216.461 225.339 218.392 211.078 206.175 191.057 185.348 177.198 171.162 180.363 183.117 173.113 167.307 171.139 183.243 176.614
-999.250 -999.250 -999.250 -999.250 -999.250 -999.250 -999.250 -999.250 -999.250 -999.250 -999.250 -999.250 -999.250 -999.250 -999.250 -999.250 -999.250 -999.250 -999.250 -999.250 -999.250 -999.250 -999.250 -999.250 -999.250 -999.250 -999.250 -999.250 -999.250 -999.250 209.063 214.782 209.171 211.614 222.010 243.351 248.395 250.205 240.906 235.993 237.770 245.978 232.253 234.722 232.450 238.458 225.927 225.870 226.272 224.761 212.893 212.122 208.234 195.588 177.876 162.849 180.633 164.919 167.011 167.676 164.282 163.794 176.781 189.672
