data/medianmodel_25-Oct-2020.asc
ncols	141
nrows	288
xllcorner	-120191.398
yllcorner	-301404.813
cellsize	2000.000
NODATA_value	-999.250
[rows 150 to 179 of 288, columns 0 to 65 of 141]
-999.250 -999.250 -999.250 -999.250 -999.250 -999.250 -999.250 -999.250 -999.250 -999.250 -999.250 -999.250 79.827 93.803 73.289 73.954 79.399 81.277 73.422 72.476 76.497 71.663 82.415 80.658 73.521 79.055 89.469 93.531 96.974 98.533 102.977 119.859 109.746 106.457 100.319 103.983 98.371 99.590 107.087 100.392 121.686 111.300 116.777 123.701 113.737 100.255 95.261 96.789 103.932 120.664 132.574 150.577 159.460 171.940 154.257 145.623 133.783 112.942 96.949 96.598 93.781 81.753 74.893 67.132 70.836 63.561
-999.250 -999.250 -999.250 -999.250 -999.250 -999.250 -999.250 -999.250 -999.250 -999.250 -999.250 69.894 82.709 78.898 67.003 67.854 71.282 68.149 79.817 64.706 78.885 77.067 72.694 90.831 74.042 85.436 91.238 98.268 112.988 131.716 126.787 127.160 119.668 123.525 117.257 104.852 119.827 113.055 121.765 112.217 108.805 108.354 104.065 104.223 87.021 56.190 85.060 110.289 112.748 119.521 121.593 141.804 151.296 138.523 141.650 118.456 119.356 111.677 112.758 96.318 82.716 75.656 74.451 69.726 70.913 72.706
-999.250 -999.250 -999.250 -999.250 -999.250 -999.250 -999.250 -999.250 -999.250 -999.250 57.245 52.304 61.869 58.619 58.658 58.392 58.712 74.526 74.593 77.858 81.749 80.208 85.897 79.623 81.645 85.106 86.953 110.087 110.229 122.547 123.758 135.439 128.245 140.370 118.383 107.240 113.487 117.523 119.800 115.029 114.479 108.492 104.791 107.877 99.203 86.756 107.331 118.971 125.076 132.476 150.836 148.502 149.427 139.864 134.684 130.700 113.944 108.190 106.363 91.353 80.285 70.198 66.040 73.852 72.293 79.349
-999.250 -999.250 -999.250 -999.250 -999.250 -999.250 -999.250 -999.250 -999.250 58.350 53.075 44.408 50.985 49.975 52.160 50.633 54.264 62.747 74.789 82.832 89.404 96.959 94.891 89.538 97.148 107.425 98.992 109.307 116.947 127.111 129.622 151.059 152.451 134.291 132.229 124.239 122.560 120.765 127.304 120.391 113.651 107.768 116.601 115.604 117.656 120.134 159.457 151.454 146.954 152.602 142.809 153.560 154.900 135.369 129.055 125.740 117.630 100.748 97.153 79.617 82.593 66.284 65.420 64.432 72.822 72.921
-999.250 -999.250 -999.250 -999.250 -999.250 60.919 56.602 54.356 53.205 56.685 47.402 44.768 42.629 38.567 42.518 46.754 54.407 62.711 77.269 90.436 91.386 110.108 105.565 116.519 108.332 111.342 111.148 119.348 135.624 136.043 141.688 174.682 168.352 142.867 146.808 140.541 130.787 133.648 130.035 122.495 113.484 101.180 96.796 120.539 123.506 150.791 195.716 178.580 153.466 172.542 151.382 140.370 134.381 133.736 133.725 123.435 94.423 94.185 79.372 71.737 67.710 60.701 65.504 68.900 72.569 73.399
-999.250 -999.250 -999.250 -999.250 -999.250 -999.250 -999.250 56.090 56.289 48.572 47.779 41.274 35.056 33.533 38.992 44.490 59.104 74.333 91.067 96.962 115.545 113.823 120.534 118.730 122.700 132.489 113.121 121.643 131.151 144.009 160.004 176.563 172.580 171.264 155.530 144.871 134.178 140.664 137.798 132.725 119.774 103.075 97.156 113.485 123.261 152.651 184.229 179.850 158.776 152.790 144.082 137.437 118.304 127.400 127.151 121.942 104.955 81.341 78.184 66.045 57.242 65.705 53.414 62.441 64.729 60.309
-999.250 -999.250 -999.250 -999.250 -999.250 -999.250 -999.250 77.258 56.533 55.481 46.204 42.317 38.641 35.752 34.907 46.845 57.690 77.710 91.452 111.084 132.461 151.016 132.812 131.298 144.869 132.713 145.468 139.331 144.359 158.086 190.500 182.317 188.954 188.112 187.737 165.475 166.039 141.895 139.192 126.706 119.974 105.314 109.161 112.712 128.079 139.920 157.784 164.217 169.466 137.461 139.760 135.618 125.283 128.099 120.887 118.183 104.034 88.661 74.039 62.213 61.869 50.743 56.064 59.599 66.700 60.927
-999.250 -999.250 -999.250 -999.250 -999.250 -999.250 -999.250 77.482 67.160 64.402 51.520 44.187 39.976 32.054 33.823 47.807 63.998 99.686 124.017 133.575 162.686 177.089 172.226 161.941 159.656 166.320 165.281 168.576 168.173 185.134 183.291 191.370 179.707 187.178 196.844 171.144 175.953 168.397 150.148 139.940 134.065 117.872 105.033 111.211 120.985 125.557 134.005 136.568 152.839 138.031 138.261 131.497 135.260 134.227 116.220 115.231 96.928 82.470 74.460 54.635 56.714 57.512 59.402 58.693 63.677 58.617
-999.250 -999.250 -999.250 -999.250 -999.250 -999.250 -999.250 84.036 76.259 66.780 58.569 47.339 38.008 41.212 34.788 42.855 70.358 114.750 152.600 167.078 186.230 202.869 222.962 208.777 163.223 170.109 183.526 184.613 183.957 191.821 191.533 194.683 191.867 185.825 169.225 186.763 176.381 171.340 163.521 146.800 128.973 127.240 114.707 100.644 110.818 115.635 116.616 140.685 144.342 142.981 133.535 127.149 141.243 114.754 117.707 120.921 101.825 82.774 63.216 50.678 51.997 45.503 56.771 60.149 58.040 55.793
-999.250 -999.250 -999.250 -999.250 -999.250 -999.250 -999.250 -999.250 96.040 87.729 73.473 51.713 47.133 37.155 36.025 47.667 84.185 121.640 165.945 186.106 221.554 242.868 224.507 234.246 203.968 199.645 192.849 202.395 200.131 184.950 200.378 196.368 196.906 211.929 190.757 214.119 198.526 201.101 152.895 150.613 136.539 116.944 108.348 103.499 107.222 109.660 120.556 116.968 126.456 134.211 149.385 125.541 112.087 123.454 116.681 118.279 107.929 81.082 70.868 55.598 49.316 53.125 59.016 49.491 55.313 52.242
-999.250 -999.250 -999.250 -999.250 -999.250 -999.250 -999.250 -999.250 110.884 100.561 84.210 63.690 56.003 53.035 46.270 39.815 98.402 150.072 185.683 244.777 254.979 266.728 274.682 246.112 240.552 257.333 212.467 204.618 203.307 175.666 223.540 216.860 209.972 229.652 224.928 230.609 227.829 208.627 174.379 154.464 124.352 113.331 101.788 96.356 98.215 104.999 117.338 121.813 109.697 131.398 134.793 122.489 124.960 117.516 123.212 109.921 105.802 85.300 75.699 64.814 56.757 57.824 62.550 56.275 55.381 53.355
-999.250 -999.250 -999.250 -999.250 -999.250 -999.250 -999.250 126.434 116.783 110.054 87.965 83.523 74.740 65.992 70.681 89.191 133.612 173.430 226.921 254.617 321.874 365.239 326.353 264.609 250.863 228.608 245.793 216.093 203.617 193.308 223.521 227.234 234.944 226.520 230.244 257.821 262.970 214.325 171.696 133.393 127.234 109.164 100.961 95.069 95.019 102.812 110.905 103.653 115.686 126.607 131.749 112.205 107.896 111.369 98.210 99.230 93.693 90.561 74.913 75.847 62.434 61.478 67.820 54.027 57.960 57.354
-999.250 -999.250 -999.250 -999.250 -999.250 -999.250 -999.250 135.179 131.268 121.308 98.525 101.067 89.422 87.165 108.345 122.754 154.274 222.478 236.955 306.641 380.312 354.555 326.102 283.218 248.559 240.594 233.718 205.553 192.834 218.031 225.407 241.140 242.061 207.774 229.320 262.258 219.489 185.920 156.775 126.319 116.292 100.621 86.526 94.318 88.950 95.529 103.288 115.873 122.656 121.595 127.599 114.467 99.159 93.187 107.444 93.123 82.677 73.443 67.422 66.932 65.122 66.849 68.636 49.917 56.050 57.060
-999.250 -999.250 -999.250 -999.250 -999.250 -999.250 -999.250 142.156 132.565 127.708 107.659 121.052 108.986 110.006 140.827 135.259 184.672 221.962 278.177 299.624 340.565 357.825 307.233 276.499 275.287 285.618 206.276 218.350 219.703 228.894 213.132 240.107 216.672 219.844 230.970 224.968 204.866 167.613 119.755 111.812 105.686 91.168 92.362 84.382 90.160 99.192 121.094 113.986 129.451 111.774 114.078 114.652 111.554 96.918 94.912 86.209 77.364 76.834 72.905 72.468 65.988 67.551 69.122 62.433 54.080 57.870
-999.250 -999.250 -999.250 -999.250 -999.250 -999.250 -999.250 155.533 131.947 130.247 129.455 113.062 122.702 130.192 146.213 173.996 199.321 232.768 246.773 299.656 322.399 297.902 280.300 318.326 268.859 237.131 216.988 216.636 211.109 208.150 232.975 263.136 250.021 231.399 215.171 187.979 168.416 155.436 120.381 110.015 95.902 91.183 85.264 84.816 85.538 99.773 107.074 105.772 121.208 111.530 108.115 116.204 122.049 107.434 96.685 91.000 76.905 80.422 74.615 67.623 74.022 71.596 63.056 59.918 64.888 61.951
-999.250 -999.250 -999.250 -999.250 -999.250 -999.250 149.758 138.719 145.419 135.826 137.116 131.184 129.409 141.032 160.400 181.936 207.233 266.292 260.934 288.960 286.380 286.392 270.645 277.818 264.451 236.652 184.721 187.859 196.938 222.310 245.150 272.617 246.269 209.575 191.273 171.995 159.501 128.963 107.838 102.388 96.239 99.224 80.466 94.267 97.431 102.093 101.208 107.111 118.348 117.809 118.227 122.280 122.249 97.949 98.174 95.650 77.795 79.444 68.279 67.248 68.736 68.847 58.455 65.121 54.969 62.345
-999.250 -999.250 -999.250 -999.250 -999.250 -999.250 158.839 168.033 151.145 132.489 131.013 133.685 123.607 157.362 160.079 204.556 216.602 238.987 247.400 273.829 248.437 272.376 273.223 257.147 242.387 213.146 198.277 180.159 194.897 189.480 225.259 239.682 226.654 210.959 164.407 161.658 138.010 122.776 109.374 98.543 96.148 98.218 91.341 79.404 86.062 96.249 95.167 101.654 101.446 109.759 115.367 118.098 114.641 100.084 92.588 96.914 79.317 78.341 65.629 59.361 70.699 73.423 64.831 72.696 67.347 64.922
-999.250 -999.250 -999.250 -999.250 -999.250 150.757 156.312 167.654 154.277 141.904 131.179 131.183 119.342 148.188 161.265 198.891 226.137 231.655 255.562 257.222 272.757 277.397 258.303 248.411 220.057 209.765 185.911 171.685 164.860 178.525 184.078 204.709 209.817 192.606 172.427 143.135 140.282 128.825 100.899 89.828 83.225 89.453 89.370 89.646 89.518 95.250 101.152 103.045 102.365 111.739 124.412 110.196 102.350 93.627 88.310 90.853 83.188 69.664 73.996 62.104 78.343 70.986 71.725 66.965 67.218 70.229
-999.250 -999.250 -999.250 -999.250 -999.250 155.362 173.254 155.822 153.662 131.882 122.286 126.067 133.489 131.680 155.558 188.528 198.978 236.105 235.419 243.455 263.596 264.649 264.803 249.098 205.545 171.872 173.572 173.459 160.082 173.178 173.917 181.278 203.187 186.570 163.879 139.708 126.225 117.852 112.188 88.120 85.880 80.218 89.038 85.489 85.367 88.535 97.474 110.192 105.455 109.698 120.923 110.469 96.276 86.914 93.491 78.463 79.675 64.709 65.743 64.968 70.389 75.073 69.230 73.317 66.974 72.454
-999.250 -999.250 -999.250 -999.250 177.301 179.035 173.497 170.646 161.983 154.613 136.876 128.512 123.905 134.457 141.577 175.753 191.075 218.551 241.003 256.337 264.193 281.828 258.308 222.148 224.642 201.826 182.682 171.743 165.150 145.785 146.119 167.911 166.488 165.413 152.116 148.726 113.405 108.146 92.733 84.217 75.562 77.011 63.568 73.261 93.958 98.006 102.966 100.702 97.855 113.207 106.633 103.323 91.311 88.492 79.966 70.932 80.677 64.644 67.587 64.337 65.867 63.488 61.985 67.873 64.679 63.261
-999.250 -999.250 -999.250 -999.250 196.441 207.443 202.200 172.368 145.822 131.015 125.941 110.290 118.188 125.913 136.910 163.701 187.398 209.146 212.869 254.290 245.041 291.161 320.076 250.781 236.254 205.473 182.416 168.325 143.959 131.910 133.624 132.039 146.982 147.565 134.767 125.950 111.077 103.751 89.806 79.426 66.939 63.082 58.764 70.933 83.293 89.808 95.542 100.588 100.832 97.207 103.066 92.310 90.853 81.278 77.679 67.890 72.369 60.167 61.365 66.665 60.198 58.074 58.597 60.994 59.880 57.264
-999.250 -999.250 -999.250 -999.250 200.262 192.047 206.305 166.735 156.777 156.824 117.282 116.191 121.384 120.397 141.085 153.730 173.825 184.117 224.084 233.976 284.984 279.230 275.932 279.288 239.615 194.520 201.413 192.220 163.213 139.018 114.735 126.519 129.181 120.802 116.625 104.546 100.165 96.138 75.606 73.385 61.365 63.916 63.198 71.793 77.590 83.772 96.978 98.153 98.055 83.437 93.976 102.130 95.435 78.971 59.770 65.270 52.883 49.564 53.185 59.138 56.049 54.300 59.486 62.424 57.424 55.988
-999.250 -999.250 -999.250 -999.250 208.063 204.442 214.729 166.534 166.829 152.078 155.147 117.732 120.995 121.477 128.447 152.380 173.569 182.985 225.610 256.422 266.853 271.803 311.150 285.690 239.492 202.492 180.125 156.370 155.795 123.649 138.602 117.322 119.849 125.021 114.583 98.615 98.174 87.285 73.529 57.798 62.469 65.558 70.360 67.727 72.501 91.636 90.443 85.702 83.232 77.278 90.282 83.215 78.023 57.511 53.659 57.694 43.042 47.581 43.100 50.793 44.816 48.775 63.441 58.204 60.706 59.386
-999.250 -999.250 -999.250 -999.250 241.736 231.395 216.262 186.982 168.565 163.774 153.407 149.702 137.797 144.060 134.558 159.469 159.609 190.730 218.305 242.298 287.743 280.959 265.549 274.490 251.262 212.278 185.404 172.355 167.551 157.825 127.544 116.866 115.104 108.475 99.375 98.398 86.887 92.721 68.665 68.474 70.966 67.465 69.620 70.211 64.351 77.279 81.015 81.535 74.317 75.018 69.577 75.751 75.128 73.794 57.902 54.555 42.648 39.724 35.760 39.928 43.633 45.089 48.785 51.698 56.611 58.075
-999.250 -999.250 -999.250 -999.250 205.096 223.956 197.818 216.409 210.862 184.648 167.747 165.657 152.995 147.155 144.173 159.890 175.999 209.853 217.676 279.003 288.137 323.127 277.799 243.645 238.030 217.126 196.552 173.576 166.105 153.306 130.844 118.085 101.054 105.936 99.609 106.634 84.553 80.626 72.640 70.546 71.700 66.535 64.677 62.259 64.512 63.844 69.934 77.777 69.648 71.707 64.470 60.761 59.441 63.704 56.455 42.789 37.821 31.283 33.279 29.577 33.977 37.334 40.558 46.006 49.694 44.695
-999.250 -999.250 -999.250 -999.250 191.888 212.727 235.203 236.126 241.376 218.834 188.065 165.693 168.512 160.659 151.493 174.328 187.855 218.624 232.423 245.594 293.889 292.906 294.139 217.554 244.997 228.066 217.599 173.358 145.983 134.590 122.156 126.478 110.216 98.617 103.443 103.995 89.554 80.878 71.390 69.196 60.892 62.655 55.793 56.228 55.531 62.156 62.246 72.193 74.737 77.353 68.014 59.184 57.000 54.406 47.048 40.439 25.600 19.384 16.897 20.641 24.727 34.861 40.231 40.617 50.891 48.628
-999.250 -999.250 -999.250 -999.250 215.081 233.922 235.593 272.354 275.121 229.266 194.088 218.659 175.127 167.839 174.901 182.976 201.396 241.272 247.641 290.864 263.336 332.983 283.827 268.891 212.333 222.684 245.851 201.416 155.986 124.364 141.282 126.815 115.471 113.543 110.959 112.948 89.281 85.307 87.242 77.314 63.171 60.384 56.671 51.514 54.444 55.215 65.322 70.182 80.427 85.444 69.980 64.163 56.276 55.182 47.243 34.523 21.944 0.000 7.202 19.892 25.412 34.116 39.794 41.586 46.896 44.134
-999.250 -999.250 -999.250 -999.250 216.871 243.824 258.217 256.847 264.751 241.704 216.671 200.898 196.834 183.865 175.706 201.442 210.725 222.241 275.522 269.972 272.823 312.987 282.082 267.663 261.630 235.103 211.463 182.586 170.946 151.868 136.252 137.839 127.101 114.710 112.536 100.113 104.096 91.370 88.649 74.737 64.762 66.101 57.982 59.197 57.236 55.790 58.138 58.436 68.359 73.184 70.510 72.622 64.608 54.175 53.328 35.451 25.737 20.833 15.111 26.499 25.342 32.463 40.190 46.899 50.789 47.142
-999.250 -999.250 -999.250 -999.250 207.578 248.803 260.482 272.262 251.442 242.834 197.098 215.225 208.001 188.498 174.823 188.035 231.540 213.313 247.369 281.400 303.576 316.810 265.451 239.323 250.135 203.908 197.688 179.739 179.769 163.244 165.778 154.495 125.498 125.545 110.214 113.133 104.094 96.969 95.507 85.840 81.134 61.788 70.113 68.287 66.061 66.160 68.423 68.410 74.567 85.465 80.966 55.468 59.131 51.920 48.098 40.584 37.000 29.046 32.470 30.348 31.765 36.888 41.536 46.668 54.710 51.179
-999.250 -999.250 -999.250 188.480 211.535 267.049 257.939 237.564 225.533 196.158 211.027 220.796 204.594 201.812 199.300 204.474 223.456 230.514 230.057 269.472 335.313 280.305 271.483 257.772 237.646 238.130 209.284 180.258 184.412 170.686 157.859 169.170 163.279 144.663 126.619 126.163 107.190 95.543 89.085 89.275 93.329 84.120 79.628 82.617 76.716 70.392 65.094 73.556 78.087 85.659 81.798 69.453 59.400 56.569 52.568 51.084 42.552 35.235 39.191 36.816 37.195 44.144 50.119 48.597 54.862 52.318
