data/medianmodel_06-Sep-2020.asc
ncols	141
nrows	288
xllcorner	-120191.398
yllcorner	-301404.813
cellsize	2000.000
NODATA_value	-999.250
[rows 155 to 185 of 288, columns 0 to 68 of 141]
-999.250 -999.250 -999.250 -999.250 -999.250 -999.250 -999.250 5.879 3.923 1.213 0.000 0.000 0.000 0.000 0.000 0.000 0.000 0.000 0.000 0.000 0.000 1.336 5.252 9.112 16.643 24.535 26.226 33.780 40.812 46.675 50.114 56.592 60.342 60.934 59.085 63.058 60.979 51.205 46.903 37.467 24.390 19.603 11.867 9.709 9.636 12.292 13.393 13.184 9.894 7.104 5.573 3.615 1.894 0.771 0.000 3.043 5.933 3.004 5.134 4.444 6.382 3.638 3.842 3.056 3.623 2.143 0.994 0.000 0.000
-999.250 -999.250 -999.250 -999.250 -999.250 -999.250 -999.250 3.959 2.681 1.918 0.000 0.000 0.000 0.000 0.000 0.000 0.000 0.000 0.000 0.000 0.000 0.662 5.186 9.573 16.797 20.986 29.537 29.913 36.658 46.672 52.650 56.181 61.441 62.877 61.840 63.417 65.565 57.081 50.825 37.666 31.568 19.112 12.904 8.491 8.902 9.557 9.922 10.786 7.679 5.707 4.028 4.959 2.005 0.063 2.228 1.117 3.818 4.256 5.826 7.460 7.988 6.271 6.974 6.243 4.665 3.801 1.262 0.000 0.000
-999.250 -999.250 -999.250 -999.250 -999.250 -999.250 -999.250 1.521 0.000 0.000 0.000 0.000 0.000 0.000 0.000 0.000 0.000 0.000 0.000 0.000 0.000 0.948 4.434 8.821 14.912 22.868 28.869 34.268 41.602 48.990 53.138 54.609 63.224 67.641 73.772 74.175 68.517 65.530 52.595 39.331 25.706 16.575 11.332 8.435 6.115 8.081 8.423 8.663 6.708 5.735 4.988 3.807 3.715 0.585 2.904 2.073 3.986 5.720 6.672 7.059 8.798 8.796 7.414 6.807 6.710 4.751 0.782 2.246 2.273
-999.250 -999.250 -999.250 -999.250 -999.250 -999.250 -999.250 0.089 0.000 0.000 0.000 0.000 0.000 0.000 0.000 0.000 0.000 0.000 0.000 0.000 0.000 2.286 6.149 9.242 14.775 20.539 30.317 35.686 41.000 46.872 54.840 58.742 65.767 75.381 81.871 83.755 78.745 70.534 56.386 43.675 23.500 13.523 7.492 5.738 3.516 4.315 6.858 5.318 5.248 5.232 5.648 4.189 1.221 2.533 2.814 5.264 4.223 4.573 8.984 8.009 7.807 8.759 7.375 7.699 7.835 5.885 3.771 1.336 1.723
-999.250 -999.250 -999.250 -999.250 -999.250 -999.250 -999.250 -999.250 0.000 0.000 0.000 0.000 0.000 0.000 0.000 0.000 0.000 0.000 0.000 0.000 0.000 1.869 5.942 10.462 13.642 21.759 28.573 35.285 42.885 48.350 55.273 58.462 69.347 82.900 92.574 96.042 89.044 77.784 61.406 36.834 19.318 7.619 1.977 0.591 1.893 2.019 2.391 3.922 2.250 2.421 4.594 3.076 0.271 2.680 3.636 4.094 4.683 5.367 5.747 6.141 8.510 7.932 10.041 8.926 8.857 8.963 6.682 4.045 3.361
-999.250 -999.250 -999.250 -999.250 -999.250 -999.250 -999.250 -999.250 0.000 0.000 0.000 0.000 0.000 0.000 0.000 0.000 0.000 0.000 0.000 0.000 0.000 2.575 9.597 13.093 18.280 22.300 27.764 37.567 42.287 46.364 51.583 60.726 68.656 81.061 96.069 111.488 113.591 92.522 61.663 35.541 14.608 0.000 0.000 0.000 0.000 0.000 0.000 0.542 1.485 1.485 2.115 2.771 2.055 3.011 4.423 3.168 4.146 6.413 7.913 7.740 8.274 8.946 9.735 9.092 10.229 13.339 7.011 5.256 4.299
-999.250 -999.250 -999.250 -999.250 -999.250 -999.250 -999.250 0.000 0.000 0.000 0.000 0.000 0.000 0.000 0.000 0.000 0.000 0.000 0.000 0.000 0.000 4.139 9.843 16.390 23.447 25.180 31.462 38.619 40.466 44.565 49.651 55.185 62.588 76.300 91.362 118.651 148.030 98.173 56.308 30.514 9.929 0.000 0.000 0.000 0.000 0.000 0.000 0.000 0.000 0.522 0.000 0.877 3.825 1.164 3.403 4.033 6.594 7.285 5.809 7.465 8.814 9.340 9.153 10.413 10.482 10.690 7.547 4.778 3.636
-999.250 -999.250 -999.250 -999.250 -999.250 -999.250 -999.250 0.000 0.000 0.000 0.000 0.000 0.000 0.000 0.000 0.000 0.000 0.000 0.000 0.000 0.000 7.021 11.843 20.154 25.926 30.309 38.218 39.277 37.717 39.702 42.447 44.452 56.588 68.490 77.472 96.430 100.465 71.923 41.493 18.122 5.092 0.000 0.000 0.000 0.000 0.000 0.000 0.000 0.000 0.000 0.000 0.000 0.800 1.230 1.582 5.831 4.677 6.521 8.418 8.379 7.576 8.277 8.330 7.448 8.706 7.728 5.805 5.507 1.662
-999.250 -999.250 -999.250 -999.250 -999.250 -999.250 -999.250 0.000 0.000 0.000 0.000 0.000 0.000 0.000 0.000 0.000 0.000 0.000 0.000 0.000 3.189 9.805 19.812 27.543 32.870 38.355 42.515 42.459 39.672 31.433 29.788 35.225 42.913 50.762 59.409 66.193 61.916 44.193 13.306 5.577 0.000 0.000 0.000 0.000 0.000 0.000 0.000 0.000 0.000 0.000 0.000 0.000 1.239 1.392 2.830 5.270 6.078 7.328 6.563 7.020 9.357 8.065 8.195 8.040 7.824 7.345 4.181 1.978 0.675
-999.250 -999.250 -999.250 -999.250 -999.250 -999.250 -999.250 0.000 0.000 0.000 0.000 0.000 0.000 0.000 0.000 0.000 0.000 0.000 0.000 3.613 7.068 14.839 20.499 29.683 40.744 46.198 47.004 44.296 40.380 29.317 22.077 19.990 24.718 35.398 41.748 46.466 41.464 26.526 9.506 0.451 0.000 0.000 0.000 0.000 0.000 0.000 0.000 0.000 0.000 0.000 0.000 0.008 0.024 2.048 1.890 5.235 7.887 9.332 9.363 7.927 9.657 8.953 8.863 7.020 6.312 5.369 2.883 2.277 0.045
-999.250 -999.250 -999.250 -999.250 -999.250 -999.250 0.000 0.000 0.000 0.000 0.000 0.000 0.000 0.000 0.000 0.000 0.000 2.524 5.316 7.518 11.465 20.233 25.419 35.764 46.370 50.087 55.380 51.726 46.578 28.902 18.935 8.388 13.991 20.233 24.483 26.220 22.217 15.221 7.629 0.062 0.000 0.000 0.000 0.000 0.000 0.000 0.000 0.000 0.000 0.000 0.000 0.000 2.031 0.694 3.533 4.641 6.614 8.058 7.873 8.470 9.936 9.327 7.969 5.421 6.567 6.121 2.260 0.503 0.000
-999.250 -999.250 -999.250 -999.250 -999.250 -999.250 0.094 0.000 0.000 0.000 0.000 0.000 0.000 0.000 0.000 0.244 1.801 4.227 9.058 11.519 17.116 24.527 29.349 45.847 50.961 56.754 62.295 61.398 51.584 37.333 20.517 10.743 9.686 13.359 14.925 16.228 15.876 9.278 4.422 0.538 0.000 0.000 0.000 0.000 0.000 0.000 0.000 0.000 0.000 0.000 0.000 0.000 0.644 3.563 4.996 7.118 9.177 8.627 8.978 9.309 9.359 8.234 8.343 6.953 5.949 4.527 2.563 0.000 0.000
-999.250 -999.250 -999.250 -999.250 -999.250 5.826 2.546 0.999 0.002 1.512 1.853 2.169 1.578 0.931 2.251 4.598 7.454 10.502 15.317 17.705 22.604 29.211 35.976 47.020 55.496 61.173 68.410 83.641 60.455 44.877 27.953 16.813 11.960 11.194 10.839 10.237 9.634 4.529 0.094 0.000 0.000 0.000 0.000 0.000 0.000 0.000 0.000 0.000 0.000 0.000 0.000 0.000 2.465 4.133 6.023 6.268 8.554 7.880 9.840 11.724 11.434 9.348 7.247 6.500 4.856 3.935 1.963 0.000 0.000
-999.250 -999.250 -999.250 -999.250 -999.250 7.223 5.153 5.070 3.726 4.101 6.360 8.914 5.836 3.913 6.435 8.293 13.611 18.032 21.614 22.593 28.247 35.961 42.548 49.620 56.445 58.496 68.279 71.489 58.892 48.396 31.760 20.425 15.165 10.810 8.882 8.363 5.541 1.685 0.000 0.000 0.000 0.000 0.000 0.000 0.000 0.000 0.000 0.000 0.000 0.000 0.000 0.743 4.166 4.544 7.902 8.480 9.744 10.347 9.096 10.054 11.006 8.414 8.223 5.850 3.195 2.553 1.961 0.000 0.000
-999.250 -999.250 -999.250 -999.250 12.606 9.086 8.737 6.828 6.757 7.203 9.547 8.803 8.138 8.645 8.992 11.381 18.773 23.825 28.537 37.245 39.251 40.503 47.162 54.071 53.697 56.970 65.644 67.376 56.716 46.976 37.057 23.912 18.537 11.923 9.849 7.181 5.389 1.035 0.000 0.000 0.000 0.000 0.000 0.000 0.000 0.000 0.000 0.000 0.000 0.000 0.000 0.890 4.608 5.868 8.721 9.634 12.188 9.776 13.695 12.656 11.416 9.038 7.726 5.281 3.321 1.364 0.874 0.000 0.000
-999.250 -999.250 -999.250 -999.250 18.852 15.264 11.377 10.878 11.391 10.103 12.241 11.329 10.241 10.213 11.697 17.245 23.346 32.559 43.080 49.867 50.708 49.934 52.211 55.792 57.562 62.780 62.606 62.995 57.304 48.074 36.646 29.174 19.242 14.973 10.183 9.830 5.659 2.869 0.000 0.000 0.000 0.000 0.000 0.000 0.000 0.000 0.000 0.000 0.000 0.000 1.791 5.081 5.683 6.900 10.740 11.432 12.649 14.117 11.812 12.204 11.961 9.869 9.009 6.740 6.337 4.629 3.416 0.322 0.165
-999.250 -999.250 -999.250 -999.250 20.537 20.512 17.741 15.742 16.422 16.662 15.131 14.343 15.152 17.068 18.709 23.912 33.568 47.722 58.410 61.218 63.362 63.665 63.323 64.647 64.804 65.356 65.468 61.093 54.189 46.821 38.587 27.355 26.032 19.595 15.675 14.418 9.226 4.558 1.352 0.000 0.000 0.000 0.000 0.000 0.000 0.000 0.000 0.000 0.000 1.335 4.242 6.652 9.008 11.399 13.026 17.093 16.428 17.056 16.642 14.448 13.525 12.487 11.319 9.460 8.538 8.379 4.365 2.573 0.698
-999.250 -999.250 -999.250 -999.250 24.050 25.124 22.513 22.636 23.187 23.595 21.405 22.008 21.931 22.032 24.463 29.533 39.992 56.590 75.971 82.971 85.698 76.357 76.044 73.870 73.846 68.538 66.282 64.976 57.054 49.414 40.454 33.883 25.443 21.148 18.374 18.784 12.062 7.032 3.914 0.000 0.000 0.000 0.000 0.000 0.000 0.000 0.000 0.000 2.560 2.341 5.903 8.166 10.137 14.334 16.248 19.653 22.096 21.221 21.137 16.186 17.201 14.948 14.611 12.903 10.452 10.722 6.273 6.391 3.303
-999.250 -999.250 -999.250 -999.250 24.984 29.467 26.849 26.145 27.452 29.916 25.686 26.827 28.024 26.651 30.149 39.742 46.944 73.962 100.769 116.048 111.897 97.289 96.582 87.020 83.250 67.489 64.327 61.308 57.015 48.339 42.344 34.374 27.362 23.476 18.494 15.700 10.705 6.091 2.821 0.000 0.000 0.000 0.000 0.000 0.000 1.543 0.000 0.810 3.738 3.139 7.007 9.054 14.851 18.237 21.573 21.151 24.380 27.324 25.427 22.236 19.747 19.619 18.082 15.100 15.088 13.261 10.569 7.866 4.045
-999.250 -999.250 -999.250 -999.250 33.991 40.174 38.679 35.473 35.903 35.123 31.765 33.323 35.229 38.448 42.491 49.002 68.687 97.466 127.233 168.700 132.795 114.619 98.783 90.253 78.202 70.431 67.402 61.735 56.776 50.453 41.674 35.082 27.627 24.055 21.443 16.094 11.789 6.100 3.959 0.136 0.000 0.000 0.917 2.405 2.791 2.066 1.842 2.900 6.651 8.590 9.848 11.684 17.353 18.299 22.023 26.816 30.128 30.309 31.506 26.752 25.162 24.980 23.349 20.014 18.669 16.306 12.392 10.171 8.591
-999.250 -999.250 -999.250 -999.250 38.998 43.671 45.815 45.939 44.933 41.727 37.728 41.120 41.402 45.737 52.677 64.795 84.620 106.948 129.834 134.341 128.606 118.946 106.269 96.606 81.018 74.026 68.263 63.433 52.333 49.333 45.616 36.131 27.182 25.596 21.424 17.471 11.075 6.388 3.206 0.445 0.000 1.538 5.158 5.510 5.602 3.984 4.849 4.473 6.778 7.607 10.421 16.123 18.523 23.109 27.156 31.343 35.872 38.382 38.564 34.131 31.235 32.225 27.282 24.855 21.200 19.643 19.342 18.085 13.424
-999.250 -999.250 -999.250 -999.250 42.152 48.129 51.298 57.772 50.303 48.175 48.206 45.542 45.829 52.331 61.810 75.407 98.824 118.182 116.619 129.474 119.301 107.544 106.528 96.676 82.545 75.444 68.643 63.920 54.593 50.894 45.245 42.728 35.102 25.794 20.704 16.443 11.714 6.839 3.497 0.955 0.259 4.911 7.650 11.447 7.650 5.585 5.208 5.083 6.510 8.833 13.018 17.110 20.728 22.418 29.997 35.797 41.404 48.333 43.993 39.804 40.610 36.692 30.250 26.756 27.475 24.326 22.373 19.509 16.549
-999.250 -999.250 -999.250 -999.250 44.937 49.647 53.548 54.996 56.187 53.546 50.115 49.865 54.881 60.999 68.478 79.601 91.894 117.929 104.443 114.060 114.949 110.371 97.953 90.044 82.283 73.541 66.371 59.091 51.513 51.826 46.531 39.522 29.969 25.348 18.356 14.793 11.948 6.297 3.304 0.964 2.405 5.121 6.522 7.677 7.553 7.851 7.381 7.219 7.455 10.316 14.346 18.456 22.465 23.470 28.696 35.858 41.060 42.788 44.041 40.441 40.907 38.107 31.187 30.351 28.184 28.248 27.914 22.819 21.354
-999.250 -999.250 -999.250 -999.250 49.393 51.075 52.198 54.963 56.105 56.650 54.577 56.898 57.576 63.449 66.598 78.083 87.471 97.266 99.463 100.894 104.568 100.939 93.262 93.174 82.473 74.051 67.138 56.992 50.371 45.676 44.018 35.176 28.250 22.658 16.682 15.175 10.066 5.848 3.280 1.883 2.626 3.970 5.831 5.901 6.059 7.524 6.325 7.306 7.641 11.933 13.563 15.741 21.874 23.498 27.168 31.832 35.894 43.267 42.205 43.125 42.669 39.342 40.730 40.425 33.780 37.833 35.083 27.648 27.021
-999.250 -999.250 -999.250 49.112 52.367 52.653 52.751 57.823 58.507 56.223 57.884 58.854 59.809 61.714 65.321 68.528 75.227 80.125 91.228 96.043 106.370 96.223 86.325 82.572 76.700 70.128 61.590 54.166 51.914 43.479 39.310 34.647 24.661 19.722 18.667 13.720 7.761 6.025 3.010 0.794 0.176 2.339 3.609 4.603 5.639 7.284 6.907 7.658 7.295 10.333 14.928 17.011 19.544 24.760 26.941 29.259 39.062 42.606 43.939 43.666 43.192 41.054 41.217 41.069 43.489 39.920 40.558 36.922 30.757
-999.250 -999.250 -999.250 48.807 51.555 53.624 56.571 57.095 56.681 57.524 58.465 58.778 59.555 63.414 66.604 70.876 70.631 75.888 87.749 91.699 92.272 85.747 76.842 73.905 67.479 62.389 57.823 55.029 50.371 44.405 39.032 29.778 24.527 21.046 15.823 13.408 9.535 5.177 1.182 0.434 0.253 0.392 1.992 4.186 4.814 5.650 8.342 8.635 9.582 10.231 12.458 17.772 21.613 24.519 27.125 36.809 37.082 41.083 47.109 46.328 46.474 46.097 46.555 45.724 44.835 45.645 45.326 42.737 40.107
-999.250 -999.250 -999.250 48.927 52.317 56.905 57.428 58.293 61.683 57.991 59.697 57.919 60.799 61.254 64.026 68.172 67.643 70.454 77.602 83.519 78.804 77.720 73.123 66.459 59.549 59.793 54.147 50.451 48.415 42.527 36.288 27.949 23.936 20.169 13.669 9.024 9.042 3.330 0.853 1.864 1.375 0.751 3.111 4.325 4.323 5.571 8.130 8.314 9.752 9.572 12.200 16.069 20.253 27.611 31.235 35.043 39.439 44.075 50.070 51.851 49.018 50.715 52.733 50.528 53.408 50.993 53.225 48.047 46.592
-999.250 -999.250 46.853 51.059 55.592 57.754 61.571 64.203 69.104 64.769 62.194 64.985 57.308 58.145 64.840 63.732 66.960 65.208 71.479 73.538 69.352 66.089 64.624 60.181 53.510 54.255 51.630 50.787 46.128 43.148 32.707 25.266 19.103 14.055 11.127 8.102 4.253 1.771 0.757 0.000 0.000 0.000 0.268 3.616 3.231 5.514 7.722 8.977 9.608 10.863 14.651 16.327 22.855 26.188 33.108 33.763 36.319 45.832 48.026 52.404 53.429 57.490 54.653 54.022 55.896 55.714 55.249 55.499 53.010
-999.250 -999.250 49.935 51.857 54.840 58.675 68.294 68.835 74.012 67.278 68.544 67.993 64.118 65.048 62.613 63.713 64.525 67.615 66.180 64.121 -999.250 62.380 56.619 56.430 54.459 51.025 48.864 48.664 45.458 42.481 34.660 24.699 18.403 13.471 8.860 7.457 4.443 0.722 0.132 0.000 0.000 0.000 0.564 0.948 3.435 3.762 4.997 6.848 8.008 10.123 15.624 19.819 21.883 31.284 33.969 35.531 42.734 47.670 51.946 53.546 55.596 62.374 59.938 61.283 61.052 59.974 58.309 57.065 50.041
-999.250 43.309 47.673 50.151 54.038 60.422 68.049 73.009 76.099 70.749 72.782 68.635 66.265 64.501 67.332 65.410 67.856 63.873 61.386 -999.250 -999.250 55.266 52.806 52.214 50.475 47.704 45.478 42.861 41.509 34.250 28.318 21.227 15.567 10.653 8.440 6.845 3.077 0.359 0.073 0.000 0.000 0.124 1.103 0.817 1.401 4.476 5.859 6.608 7.269 9.242 13.448 17.954 21.806 28.488 34.020 42.579 44.296 49.692 54.366 57.342 62.568 64.934 65.927 69.159 70.177 66.762 60.759 58.292 56.580
-999.250 43.308 46.276 50.063 54.713 62.957 68.350 74.888 79.163 82.058 76.807 77.331 72.368 72.116 72.323 67.224 61.659 60.704 -999.250 -999.250 -999.250 -999.250 49.771 44.996 44.680 41.601 37.523 36.974 34.065 31.139 24.537 20.820 14.316 11.624 8.233 5.741 2.881 0.000 0.000 0.000 0.000 0.000 0.092 0.000 1.768 2.563 5.502 6.623 8.981 9.480 13.056 18.266 19.555 27.795 31.518 37.651 46.083 51.745 57.036 61.115 62.735 66.781 68.694 69.136 73.695 74.930 70.742 65.933 56.909
