data/medianmodel_02-Nov-2020.asc
ncols	141
nrows	288
xllcorner	-120191.398
yllcorner	-301404.813
cellsize	2000.000
NODATA_value	-999.250
[rows 116 to 144 of 288, columns 0 to 64 of 141]
-999.250 -999.250 -999.250 -999.250 -999.250 -999.250 -999.250 -999.250 -999.250 -999.250 -999.250 -999.250 -999.250 -999.250 -999.250 -999.250 -999.250 -999.250 -999.250 -999.250 -999.250 -999.250 -999.250 -999.250 -999.250 -999.250 -999.250 189.229 221.069 209.875 206.224 192.350 168.342 165.638 136.830 122.974 116.237 100.807 92.689 82.124 88.104 92.791 131.121 134.642 160.820 184.618 228.399 254.539 274.528 251.808 242.281 219.772 188.506 172.938 136.055 94.601 62.278 52.138 53.915 51.214 62.719 62.479 60.835 64.343 52.857
-999.250 -999.250 -999.250 -999.250 -999.250 -999.250 -999.250 -999.250 -999.250 -999.250 -999.250 -999.250 -999.250 -999.250 -999.250 -999.250 -999.250 -999.250 -999.250 -999.250 -999.250 -999.250 -999.250 -999.250 -999.250 -999.250 -999.250 194.923 195.946 208.844 191.813 201.566 170.229 170.997 148.522 131.964 105.527 90.766 89.251 83.790 87.955 106.950 121.567 126.144 154.118 199.176 208.051 247.851 261.574 296.461 266.483 234.803 197.865 164.835 128.985 89.517 61.638 38.255 49.740 47.917 59.384 61.152 65.691 60.497 51.137
-999.250 -999.250 -999.250 -999.250 -999.250 -999.250 -999.250 -999.250 -999.250 -999.250 -999.250 -999.250 -999.250 -999.250 -999.250 -999.250 -999.250 -999.250 -999.250 -999.250 -999.250 -999.250 -999.250 -999.250 -999.250 -999.250 172.733 194.308 195.953 178.880 176.844 182.458 163.671 152.654 134.560 116.039 105.803 97.330 84.479 80.482 89.896 104.066 101.649 138.703 155.931 189.304 205.717 220.982 263.875 279.132 251.682 236.575 195.121 166.692 120.349 92.749 65.089 59.053 57.248 54.980 64.502 67.532 59.676 61.076 60.964
-999.250 -999.250 -999.250 -999.250 -999.250 -999.250 -999.250 -999.250 -999.250 -999.250 -999.250 -999.250 -999.250 -999.250 -999.250 -999.250 -999.250 -999.250 -999.250 -999.250 -999.250 -999.250 -999.250 -999.250 -999.250 -999.250 173.949 168.196 183.951 182.385 187.395 178.337 178.519 146.394 125.944 102.310 100.206 90.093 79.408 80.806 95.700 91.184 120.593 128.309 152.692 155.708 174.442 208.700 242.522 227.110 246.332 225.733 196.860 156.207 124.969 80.542 72.570 60.727 61.794 67.158 66.252 67.631 66.835 65.088 62.185
-999.250 -999.250 -999.250 -999.250 -999.250 -999.250 -999.250 -999.250 -999.250 -999.250 -999.250 -999.250 -999.250 -999.250 -999.250 -999.250 -999.250 -999.250 -999.250 -999.250 -999.250 -999.250 -999.250 -999.250 -999.250 -999.250 165.951 174.013 184.246 180.303 172.085 181.472 160.801 145.643 135.735 113.100 82.455 85.230 72.594 94.155 76.120 95.688 112.327 124.670 124.733 156.761 157.542 173.793 202.467 210.081 213.661 205.881 166.122 144.477 128.191 85.704 82.219 59.106 68.221 72.338 65.189 69.554 70.072 67.957 72.053
-999.250 -999.250 -999.250 -999.250 -999.250 -999.250 -999.250 -999.250 -999.250 -999.250 -999.250 -999.250 -999.250 -999.250 -999.250 -999.250 -999.250 -999.250 -999.250 -999.250 -999.250 -999.250 -999.250 -999.250 -999.250 155.451 169.552 190.279 168.974 174.877 175.606 165.807 150.694 146.925 133.427 124.019 97.068 81.888 73.497 72.338 88.734 89.222 108.160 123.832 134.903 144.430 136.179 145.199 171.163 177.762 191.933 197.299 157.779 130.678 120.657 87.447 82.579 75.241 58.651 68.375 74.137 75.449 76.250 70.411 64.559
-999.250 -999.250 -999.250 -999.250 -999.250 -999.250 -999.250 -999.250 -999.250 -999.250 -999.250 -999.250 -999.250 -999.250 -999.250 -999.250 -999.250 -999.250 -999.250 -999.250 -999.250 -999.250 -999.250 -999.250 -999.250 155.232 161.218 187.083 185.045 170.491 182.344 175.516 161.591 138.955 127.859 123.472 94.862 78.923 74.824 67.101 88.736 95.156 101.045 121.182 130.046 144.823 137.827 116.289 162.979 171.756 187.034 181.219 159.781 129.632 108.135 93.415 79.813 72.549 69.590 73.989 71.659 77.874 86.444 74.549 85.673
-999.250 -999.250 -999.250 -999.250 -999.250 -999.250 -999.250 -999.250 -999.250 -999.250 -999.250 -999.250 -999.250 -999.250 -999.250 -999.250 -999.250 -999.250 -999.250 -999.250 -999.250 -999.250 -999.250 -999.250 -999.250 153.380 148.985 170.189 174.447 164.291 165.816 164.137 154.850 148.089 137.290 121.895 103.412 93.578 69.956 82.829 98.380 120.329 115.341 146.351 147.542 156.910 146.271 160.647 182.707 188.270 179.726 194.142 155.100 107.035 85.920 74.010 83.409 86.458 84.357 85.255 72.201 81.150 87.405 92.334 87.748
-999.250 -999.250 -999.250 -999.250 -999.250 -999.250 -999.250 -999.250 -999.250 -999.250 -999.250 -999.250 -999.250 -999.250 -999.250 -999.250 -999.250 -999.250 -999.250 -999.250 -999.250 -999.250 -999.250 -999.250 137.523 162.840 154.891 156.785 183.061 160.519 162.113 154.359 162.421 156.677 149.022 138.304 106.729 93.817 93.329 95.503 119.886 130.877 134.444 151.428 175.487 205.770 186.406 201.132 224.381 217.863 203.198 185.262 149.341 101.567 67.351 68.924 78.502 78.824 82.852 85.305 86.820 102.267 114.914 95.610 101.799
-999.250 -999.250 -999.250 -999.250 -999.250 -999.250 -999.250 -999.250 -999.250 -999.250 -999.250 -999.250 -999.250 -999.250 -999.250 -999.250 -999.250 -999.250 -999.250 -999.250 -999.250 -999.250 -999.250 -999.250 138.719 163.485 158.476 147.458 148.457 164.566 159.239 164.099 153.155 152.136 135.941 136.321 130.381 125.104 123.036 112.563 129.175 136.356 151.251 158.776 187.538 218.735 244.925 244.667 251.077 238.618 207.630 196.510 158.997 106.628 53.879 66.388 77.180 75.635 87.663 90.660 122.171 103.014 121.003 122.230 125.985
-999.250 -999.250 -999.250 -999.250 -999.250 -999.250 -999.250 -999.250 -999.250 -999.250 -999.250 -999.250 -999.250 -999.250 -999.250 -999.250 -999.250 -999.250 -999.250 -999.250 -999.250 -999.250 -999.250 137.101 127.897 163.284 161.671 150.219 158.203 172.590 164.168 161.431 169.378 156.924 145.343 149.876 129.588 139.053 127.272 130.462 136.675 166.565 175.648 194.704 216.198 250.010 289.718 281.031 298.969 272.097 250.489 217.419 164.454 125.947 86.440 75.647 78.892 82.266 83.295 97.072 116.529 127.143 124.442 132.930 115.972
-999.250 -999.250 -999.250 -999.250 -999.250 -999.250 -999.250 -999.250 -999.250 -999.250 -999.250 -999.250 -999.250 -999.250 -999.250 -999.250 -999.250 -999.250 -999.250 -999.250 -999.250 -999.250 -999.250 135.692 144.393 169.877 173.258 162.380 172.884 162.013 164.562 172.342 174.351 172.142 166.490 155.576 146.000 122.441 133.830 146.524 155.607 173.762 181.638 203.004 235.349 275.092 332.638 327.308 331.929 323.926 289.275 236.588 189.099 147.967 118.710 94.104 87.719 80.546 93.923 109.436 128.686 119.863 134.907 153.328 140.634
-999.250 -999.250 -999.250 -999.250 -999.250 -999.250 -999.250 -999.250 -999.250 -999.250 -999.250 -999.250 -999.250 -999.250 -999.250 -999.250 -999.250 -999.250 -999.250 -999.250 -999.250 -999.250 -999.250 141.038 154.373 164.174 169.717 156.355 160.430 171.140 177.273 186.141 177.854 179.595 153.897 159.643 152.755 142.066 144.618 157.201 167.494 184.471 200.096 220.059 260.991 313.173 368.672 390.871 424.435 365.974 317.799 267.971 213.167 161.344 151.670 120.451 104.527 107.997 108.982 112.741 123.652 136.321 123.482 147.511 140.963
-999.250 -999.250 -999.250 -999.250 -999.250 -999.250 -999.250 -999.250 -999.250 -999.250 -999.250 -999.250 -999.250 -999.250 -999.250 -999.250 -999.250 -999.250 -999.250 -999.250 -999.250 -999.250 131.648 140.932 145.559 161.817 173.876 163.913 170.359 177.777 198.241 196.102 182.147 189.302 171.890 160.086 165.007 165.050 168.488 151.185 194.339 204.873 197.790 224.794 287.838 327.535 350.088 374.952 386.983 367.974 294.040 250.000 210.494 179.011 148.389 119.638 126.640 118.962 116.664 114.291 121.091 136.002 139.989 142.181 149.192
-999.250 -999.250 -999.250 -999.250 -999.250 -999.250 -999.250 -999.250 -999.250 -999.250 -999.250 -999.250 -999.250 -999.250 -999.250 -999.250 -999.250 -999.250 -999.250 -999.250 -999.250 -999.250 145.457 139.470 145.044 178.474 177.231 170.448 185.245 194.185 194.290 203.210 186.289 177.048 193.120 190.693 171.020 171.359 164.533 172.680 184.135 210.832 204.361 236.653 268.937 337.234 358.017 356.496 379.914 337.455 282.339 234.499 201.476 168.381 152.358 129.680 121.085 126.767 127.555 124.940 124.054 137.752 140.865 141.562 136.226
-999.250 -999.250 -999.250 -999.250 -999.250 -999.250 -999.250 -999.250 -999.250 -999.250 -999.250 -999.250 -999.250 -999.250 -999.250 -999.250 -999.250 -999.250 -999.250 -999.250 -999.250 165.962 157.468 152.533 145.424 156.014 176.498 190.931 200.305 202.073 198.775 227.043 219.337 209.666 199.951 213.697 172.996 195.715 184.133 193.131 192.193 194.633 222.175 259.613 272.409 301.407 307.203 330.743 338.404 311.783 241.609 200.094 180.215 166.771 143.438 119.309 113.518 108.150 125.265 139.868 121.719 137.350 135.423 146.550 138.853
-999.250 -999.250 -999.250 -999.250 -999.250 -999.250 -999.250 -999.250 -999.250 -999.250 -999.250 -999.250 -999.250 -999.250 -999.250 -999.250 -999.250 -999.250 -999.250 -999.250 -999.250 178.936 174.431 182.167 173.592 187.652 202.653 200.247 206.891 214.599 232.582 245.216 245.193 210.096 217.727 213.114 215.109 189.515 172.270 190.836 189.922 182.340 201.526 208.397 236.688 253.550 273.196 281.376 284.201 237.019 220.599 194.676 146.419 138.302 103.718 118.056 108.765 118.208 112.405 120.754 120.999 117.092 126.062 140.992 140.809
-999.250 -999.250 -999.250 -999.250 -999.250 -999.250 -999.250 -999.250 -999.250 -999.250 -999.250 -999.250 -999.250 -999.250 -999.250 -999.250 -999.250 -999.250 -999.250 -999.250 -999.250 172.837 190.161 187.464 194.755 214.333 226.731 230.696 215.484 243.855 264.218 269.806 281.534 270.075 243.629 221.469 215.252 194.564 200.548 193.082 188.801 184.457 200.711 194.045 216.608 218.050 250.622 250.371 241.300 207.061 204.773 144.935 118.382 105.536 104.470 109.639 97.049 97.927 90.448 90.126 117.153 114.582 134.851 131.965 126.964
-999.250 -999.250 -999.250 -999.250 -999.250 -999.250 -999.250 -999.250 -999.250 -999.250 -999.250 -999.250 -999.250 -999.250 -999.250 -999.250 -999.250 -999.250 -999.250 -999.250 207.123 211.184 203.272 203.489 211.437 210.079 232.524 238.188 273.365 289.940 301.202 292.193 294.741 263.033 277.474 244.993 229.402 220.977 207.356 199.210 179.650 182.618 174.862 182.240 212.337 209.623 227.845 200.525 205.053 177.048 159.735 123.301 75.386 80.722 94.161 97.933 95.908 97.623 86.526 91.258 91.851 97.160 105.072 119.976 115.987
-999.250 -999.250 -999.250 -999.250 -999.250 -999.250 -999.250 -999.250 -999.250 -999.250 -999.250 -999.250 -999.250 -999.250 -999.250 -999.250 -999.250 -999.250 -999.250 -999.250 210.174 212.988 227.401 212.957 214.629 216.400 240.729 284.851 307.272 317.067 338.187 303.442 327.885 290.799 290.536 251.083 217.844 217.804 191.753 196.574 186.134 157.510 171.870 181.695 184.654 181.813 195.552 181.492 174.964 147.759 135.418 111.332 94.337 78.230 89.953 88.466 91.144 100.688 91.902 87.686 99.163 94.637 105.459 104.436 113.467
-999.250 -999.250 -999.250 -999.250 -999.250 -999.250 -999.250 -999.250 -999.250 -999.250 -999.250 -999.250 -999.250 -999.250 -999.250 -999.250 -999.250 -999.250 -999.250 -999.250 231.776 219.206 218.929 223.240 231.406 234.154 266.408 287.756 331.444 346.881 346.078 343.425 311.961 289.465 281.652 276.354 243.355 240.111 183.653 171.857 163.785 158.232 175.953 185.476 185.322 166.107 186.000 163.262 165.950 121.103 118.930 103.636 100.168 82.973 90.744 81.372 84.946 85.346 90.632 95.313 99.011 98.149 96.971 95.858 105.603
-999.250 -999.250 -999.250 -999.250 -999.250 -999.250 -999.250 -999.250 -999.250 -999.250 -999.250 -999.250 -999.250 -999.250 -999.250 -999.250 -999.250 -999.250 -999.250 -999.250 228.004 235.546 215.692 207.934 216.265 246.771 251.473 293.581 309.266 352.785 382.134 367.485 330.400 290.123 313.385 285.664 246.666 221.861 200.707 169.844 145.309 148.053 161.032 166.817 171.924 170.401 147.164 153.377 132.529 123.215 104.643 102.035 100.072 88.668 80.349 80.851 83.875 99.768 95.691 90.280 102.216 111.884 96.153 95.599 98.402
-999.250 -999.250 -999.250 -999.250 -999.250 -999.250 -999.250 -999.250 -999.250 -999.250 -999.250 -999.250 -999.250 -999.250 -999.250 -999.250 -999.250 -999.250 -999.250 253.037 240.385 228.963 224.633 215.729 216.812 238.363 245.529 260.249 293.838 316.345 351.799 314.967 306.037 311.262 291.184 246.192 236.442 213.498 204.115 178.147 160.663 158.705 156.411 153.860 169.931 145.501 138.662 137.462 114.490 126.550 97.998 84.400 99.140 91.471 93.052 99.731 105.210 113.833 125.434 111.142 102.398 101.743 121.372 98.227 86.761
-999.250 -999.250 -999.250 -999.250 -999.250 -999.250 -999.250 -999.250 -999.250 -999.250 -999.250 -999.250 -999.250 -999.250 -999.250 -999.250 -999.250 -999.250 -999.250 252.152 246.077 242.494 222.577 223.803 226.627 210.247 224.517 234.818 265.768 288.492 272.766 270.157 285.587 264.450 249.967 258.287 251.764 217.464 182.370 190.701 178.463 178.147 180.528 165.151 149.653 148.099 135.784 112.287 119.428 113.285 100.419 87.782 103.077 114.708 121.337 128.142 114.795 126.479 143.004 126.728 110.672 111.598 95.600 83.705 83.901
-999.250 -999.250 -999.250 -999.250 -999.250 -999.250 -999.250 -999.250 -999.250 -999.250 -999.250 -999.250 -999.250 -999.250 -999.250 -999.250 -999.250 -999.250 -999.250 236.690 261.207 231.163 227.301 212.811 215.491 207.677 210.392 221.688 228.225 216.403 197.637 221.151 240.898 234.147 245.805 229.976 229.566 228.998 205.206 209.173 203.054 182.380 176.622 189.128 160.611 136.362 120.583 117.516 105.910 94.744 105.732 98.868 123.047 132.960 135.011 140.339 157.553 149.745 144.796 161.027 135.419 118.695 104.468 73.472 69.816
-999.250 -999.250 -999.250 -999.250 -999.250 -999.250 -999.250 -999.250 -999.250 -999.250 -999.250 -999.250 -999.250 -999.250 -999.250 -999.250 -999.250 -999.250 -999.250 253.458 228.322 213.896 193.836 178.675 190.134 188.025 209.339 196.906 201.327 196.751 205.807 202.714 221.411 222.387 227.230 222.490 226.221 215.417 210.834 207.206 194.552 196.536 180.765 169.374 151.575 144.934 128.584 108.563 92.522 110.715 118.322 118.690 137.716 141.409 163.138 183.057 186.547 187.786 176.418 157.139 146.800 128.924 110.828 87.567 63.356
-999.250 -999.250 -999.250 -999.250 -999.250 -999.250 -999.250 -999.250 -999.250 -999.250 -999.250 -999.250 -999.250 -999.250 -999.250 -999.250 -999.250 -999.250 -999.250 238.575 215.860 193.323 158.484 149.097 147.030 161.209 176.862 164.290 174.780 196.884 191.423 186.686 217.733 209.598 216.114 219.490 206.537 199.768 204.582 214.676 188.570 191.720 185.770 176.554 152.362 148.420 134.456 134.431 112.191 119.886 136.699 133.510 163.984 169.779 175.004 203.350 189.132 201.630 185.525 178.674 164.216 134.665 109.541 86.716 47.870
-999.250 -999.250 -999.250 -999.250 -999.250 -999.250 -999.250 -999.250 -999.250 -999.250 -999.250 -999.250 -999.250 -999.250 -999.250 -999.250 -999.250 -999.250 221.185 209.081 190.461 162.920 147.334 102.698 131.497 143.195 150.719 161.263 172.904 170.234 189.483 181.062 190.756 212.596 209.469 207.808 209.455 195.011 192.066 195.015 213.246 191.452 196.319 177.215 182.071 154.495 154.487 152.395 136.627 134.304 140.993 151.173 161.814 165.039 201.900 198.863 200.633 213.282 210.569 210.418 191.710 166.889 143.886 116.622 92.431
-999.250 -999.250 -999.250 -999.250 -999.250 -999.250 -999.250 -999.250 -999.250 -999.250 -999.250 -999.250 -999.250 -999.250 -999.250 -999.250 -999.250 200.054 204.979 190.194 184.215 150.299 131.004 124.202 121.945 141.755 149.920 153.618 151.640 159.870 177.207 186.151 182.350 201.582 216.180 224.161 207.555 219.143 198.684 196.889 211.250 213.832 203.829 193.093 179.238 158.543 143.215 160.564 143.993 152.220 178.019 188.162 191.005 190.511 209.608 218.993 220.786 219.028 216.675 213.847 195.561 181.492 152.910 144.710 134.596
