data/medianmodel_13-Feb-2021.asc
ncols	141
nrows	288
xllcorner	-120191.398
yllcorner	-301404.813
cellsize	2000.000
NODATA_value	-999.250
[rows 232 to 260 of 288, columns 0 to 64 of 141]
-999.250 -999.250 -999.250 -999.250 -999.250 -999.250 -999.250 -999.250 -999.250 -999.250 -999.250 -999.250 -999.250 -999.250 -999.250 -999.250 -999.250 -999.250 -999.250 -999.250 -999.250 -999.250 -999.250 -999.250 -999.250 -999.250 -999.250 433.025 412.026 436.338 434.216 437.477 428.851 439.731 423.702 447.340 461.374 478.629 487.446 532.850 571.925 601.987 621.057 690.270 760.936 800.626 829.101 872.246 878.548 951.345 993.466 1018.760 1092.816 1249.291 1211.609 1281.007 1383.237 1339.297 1319.712 1213.382 1267.050 1292.983 1223.955 1099.711 1041.828
-999.250 -999.250 -999.250 -999.250 -999.250 -999.250 -999.250 -999.250 -999.250 -999.250 -999.250 -999.250 -999.250 -999.250 -999.250 -999.250 -999.250 -999.250 -999.250 -999.250 -999.250 -999.250 -999.250 -999.250 -999.250 -999.250 -999.250 -999.250 410.693 397.090 416.473 417.422 417.847 435.654 431.181 447.067 442.980 452.455 502.003 512.416 553.733 600.611 625.788 691.674 752.174 796.685 843.440 847.388 936.491 978.341 1035.560 1063.232 1125.215 1210.339 1293.261 1371.976 1345.987 1381.475 1369.860 1390.218 1352.045 1227.458 1246.910 1127.706 1085.431
-999.250 -999.250 -999.250 -999.250 -999.250 -999.250 -999.250 -999.250 -999.250 -999.250 -999.250 -999.250 -999.250 -999.250 -999.250 -999.250 -999.250 -999.250 -999.250 -999.250 -999.250 -999.250 -999.250 -999.250 -999.250 -999.250 -999.250 -999.250 -999.250 -999.250 402.017 414.199 420.847 445.185 427.942 422.564 440.111 465.386 480.335 526.296 583.842 600.013 654.353 712.318 780.952 798.242 832.655 910.789 908.961 984.925 1080.330 1017.218 1065.683 1277.707 1365.541 1483.900 1525.389 1466.683 1527.237 1578.162 1488.196 1314.867 1217.679 1172.617 1054.033
-999.250 -999.250 -999.250 -999.250 -999.250 -999.250 -999.250 -999.250 -999.250 -999.250 -999.250 -999.250 -999.250 -999.250 -999.250 -999.250 -999.250 -999.250 -999.250 -999.250 -999.250 -999.250 -999.250 -999.250 -999.250 -999.250 -999.250 -999.250 -999.250 -999.250 390.187 393.580 409.012 436.332 414.087 416.396 444.355 456.552 482.722 524.715 574.016 600.041 632.743 693.794 792.287 810.986 846.833 922.375 948.141 1012.547 1017.056 1076.881 1229.546 1269.178 1323.824 1539.500 1601.077 1562.603 1592.378 1567.956 1496.450 1436.829 1366.480 1251.775 1168.839
-999.250 -999.250 -999.250 -999.250 -999.250 -999.250 -999.250 -999.250 -999.250 -999.250 -999.250 -999.250 -999.250 -999.250 -999.250 -999.250 -999.250 -999.250 -999.250 -999.250 -999.250 -999.250 -999.250 -999.250 -999.250 -999.250 -999.250 -999.250 -999.250 -999.250 362.018 386.826 391.861 404.874 410.896 422.208 444.048 464.504 480.075 568.123 584.644 623.957 641.735 691.450 734.824 783.294 861.516 891.531 945.753 990.330 1043.788 1083.042 1229.699 1402.889 1416.259 1454.041 1574.778 1658.854 1638.813 1709.713 1637.643 1536.207 1323.235 1219.175 1142.179
-999.250 -999.250 -999.250 -999.250 -999.250 -999.250 -999.250 -999.250 -999.250 -999.250 -999.250 -999.250 -999.250 -999.250 -999.250 -999.250 -999.250 -999.250 -999.250 -999.250 -999.250 -999.250 -999.250 -999.250 -999.250 -999.250 -999.250 -999.250 -999.250 -999.250 -999.250 364.780 380.766 394.764 401.641 416.953 449.499 480.903 503.471 545.831 569.871 618.201 639.488 676.338 739.552 817.499 857.651 892.548 950.534 987.343 1021.181 1089.016 1166.947 1224.731 1300.567 1390.772 1563.709 1649.686 1660.698 1709.290 1575.246 1510.578 1398.701 1245.138 1122.511
-999.250 -999.250 -999.250 -999.250 -999.250 -999.250 -999.250 -999.250 -999.250 -999.250 -999.250 -999.250 -999.250 -999.250 -999.250 -999.250 -999.250 -999.250 -999.250 -999.250 -999.250 -999.250 -999.250 -999.250 -999.250 -999.250 -999.250 -999.250 -999.250 -999.250 347.582 343.998 366.889 390.304 406.884 423.168 459.993 479.307 486.299 515.864 565.492 619.637 652.328 732.299 749.156 789.914 868.805 908.375 955.253 972.524 997.789 1070.520 1159.681 1227.774 1207.167 1297.119 1451.750 1498.689 1563.603 1543.893 1503.271 1486.597 1376.971 1364.327 1244.309
-999.250 -999.250 -999.250 -999.250 -999.250 -999.250 -999.250 -999.250 -999.250 -999.250 -999.250 -999.250 -999.250 -999.250 -999.250 -999.250 -999.250 -999.250 -999.250 -999.250 -999.250 -999.250 -999.250 -999.250 -999.250 -999.250 -999.250 -999.250 -999.250 -999.250 -999.250 335.708 344.951 379.060 393.870 405.617 443.101 458.174 479.259 502.597 525.704 612.393 656.905 693.387 744.707 781.247 859.964 874.779 949.841 997.566 1015.163 1031.896 1140.267 1128.624 1170.551 1341.041 1446.608 1440.668 1456.114 1523.504 1443.108 1387.033 1341.610 1257.049 1221.241
-999.250 -999.250 -999.250 -999.250 -999.250 -999.250 -999.250 -999.250 -999.250 -999.250 -999.250 -999.250 -999.250 -999.250 -999.250 -999.250 -999.250 -999.250 -999.250 -999.250 -999.250 -999.250 -999.250 -999.250 -999.250 -999.250 -999.250 -999.250 -999.250 -999.250 321.692 330.981 348.033 361.063 363.219 398.143 439.979 457.798 469.377 497.592 570.882 616.709 655.108 645.291 717.624 780.393 838.042 868.219 882.713 920.698 971.643 1042.373 1068.775 1079.831 1128.573 1225.564 1200.048 1309.994 1256.400 1280.321 1363.097 1265.849 1207.968 1203.279 1131.166
-999.250 -999.250 -999.250 -999.250 -999.250 -999.250 -999.250 -999.250 -999.250 -999.250 -999.250 -999.250 -999.250 -999.250 -999.250 -999.250 -999.250 -999.250 -999.250 -999.250 -999.250 -999.250 -999.250 -999.250 -999.250 -999.250 -999.250 -999.250 -999.250 -999.250 301.837 304.539 335.007 341.188 376.840 379.231 417.470 449.417 465.556 512.865 576.640 592.491 654.309 656.970 713.075 759.247 795.020 806.867 850.133 858.490 929.657 983.349 1043.930 1031.985 1145.514 1097.914 1116.918 1185.266 1184.908 1206.595 1259.148 1173.413 1169.277 1136.095 1090.339
-999.250 -999.250 -999.250 -999.250 -999.250 -999.250 -999.250 -999.250 -999.250 -999.250 -999.250 -999.250 -999.250 -999.250 -999.250 -999.250 -999.250 -999.250 -999.250 -999.250 -999.250 -999.250 -999.250 -999.250 -999.250 -999.250 -999.250 -999.250 -999.250 -999.250 286.254 283.714 324.585 344.093 357.441 373.621 404.455 433.516 466.881 500.745 536.474 615.134 625.975 650.192 709.368 759.689 777.591 773.824 796.656 865.426 875.800 944.003 952.650 1004.728 1028.849 1059.203 1066.870 1066.483 1104.022 1154.637 1082.537 1113.202 1044.991 1013.119 1025.994
-999.250 -999.250 -999.250 -999.250 -999.250 -999.250 -999.250 -999.250 -999.250 -999.250 -999.250 -999.250 -999.250 -999.250 -999.250 -999.250 -999.250 -999.250 -999.250 -999.250 -999.250 -999.250 -999.250 -999.250 -999.250 -999.250 -999.250 -999.250 -999.250 -999.250 278.728 284.656 318.509 337.352 363.333 381.391 399.326 445.394 482.660 508.828 582.896 593.911 619.035 692.832 675.385 728.389 758.545 803.072 795.113 790.848 860.604 919.539 927.385 975.575 997.336 1005.515 1008.224 1036.896 1037.875 1115.596 1053.141 1024.176 1008.415 1012.264 1010.631
-999.250 -999.250 -999.250 -999.250 -999.250 -999.250 -999.250 -999.250 -999.250 -999.250 -999.250 -999.250 -999.250 -999.250 -999.250 -999.250 -999.250 -999.250 -999.250 -999.250 -999.250 -999.250 -999.250 -999.250 -999.250 -999.250 -999.250 -999.250 -999.250 -999.250 253.303 285.239 297.022 335.510 351.533 362.976 403.345 415.981 466.367 491.254 524.692 590.871 598.816 623.406 684.468 677.488 739.381 763.312 803.140 782.013 811.056 901.872 932.944 934.892 931.131 954.574 948.556 987.808 1018.512 1043.463 1049.101 1035.626 1016.298 975.733 965.333
-999.250 -999.250 -999.250 -999.250 -999.250 -999.250 -999.250 -999.250 -999.250 -999.250 -999.250 -999.250 -999.250 -999.250 -999.250 -999.250 -999.250 -999.250 -999.250 -999.250 -999.250 -999.250 -999.250 -999.250 -999.250 -999.250 -999.250 -999.250 -999.250 -999.250 -999.250 302.968 304.139 312.972 357.824 376.405 391.285 424.687 463.775 501.718 510.491 570.205 617.153 647.636 690.526 693.261 699.997 721.452 789.049 770.885 837.255 852.403 860.973 850.651 868.422 895.577 929.708 938.319 972.462 994.863 1005.968 1036.120 988.314 938.623 928.691
-999.250 -999.250 -999.250 -999.250 -999.250 -999.250 -999.250 -999.250 -999.250 -999.250 -999.250 -999.250 -999.250 -999.250 -999.250 -999.250 -999.250 -999.250 -999.250 -999.250 -999.250 -999.250 -999.250 -999.250 -999.250 -999.250 -999.250 -999.250 -999.250 -999.250 -999.250 304.205 312.345 327.413 357.862 378.419 398.179 444.067 474.309 512.431 558.386 576.486 585.987 615.139 609.954 664.331 660.167 719.328 770.146 758.963 800.692 799.935 808.975 799.382 805.003 820.046 843.745 871.476 911.900 950.124 953.188 945.429 924.042 892.455 898.437
-999.250 -999.250 -999.250 -999.250 -999.250 -999.250 -999.250 -999.250 -999.250 -999.250 -999.250 -999.250 -999.250 -999.250 -999.250 -999.250 -999.250 -999.250 -999.250 -999.250 -999.250 -999.250 -999.250 -999.250 -999.250 -999.250 -999.250 -999.250 -999.250 -999.250 262.019 291.595 326.502 343.207 359.362 383.619 412.882 452.498 467.750 497.940 550.696 559.822 569.495 602.381 620.745 639.655 675.315 687.131 749.055 751.569 765.255 769.461 761.969 750.263 749.826 764.724 788.956 792.353 841.642 850.425 833.642 870.303 847.946 842.398 846.225
-999.250 -999.250 -999.250 -999.250 -999.250 -999.250 -999.250 -999.250 -999.250 -999.250 -999.250 -999.250 -999.250 -999.250 -999.250 -999.250 -999.250 -999.250 -999.250 -999.250 -999.250 -999.250 -999.250 -999.250 -999.250 -999.250 -999.250 -999.250 -999.250 -999.250 272.545 296.075 336.022 358.624 378.839 412.226 431.985 458.035 478.319 499.631 527.579 571.676 588.731 606.782 599.809 634.211 643.917 686.015 721.658 762.396 718.246 698.974 726.796 713.173 691.751 698.597 689.516 679.198 740.367 775.206 765.972 777.859 787.693 744.873 788.843
-999.250 -999.250 -999.250 -999.250 -999.250 -999.250 -999.250 -999.250 -999.250 -999.250 -999.250 -999.250 -999.250 -999.250 -999.250 -999.250 -999.250 -999.250 -999.250 -999.250 -999.250 -999.250 -999.250 -999.250 -999.250 -999.250 -999.250 -999.250 -999.250 -999.250 288.814 308.698 332.737 384.885 398.096 414.239 454.681 476.261 475.528 500.031 543.971 549.817 602.139 600.605 597.385 617.236 637.111 683.204 695.044 705.753 676.237 667.548 675.778 632.642 625.126 629.477 624.050 629.920 653.102 660.502 688.409 651.915 686.917 677.280 710.374
-999.250 -999.250 -999.250 -999.250 -999.250 -999.250 -999.250 -999.250 -999.250 -999.250 -999.250 -999.250 -999.250 -999.250 -999.250 -999.250 -999.250 -999.250 -999.250 -999.250 -999.250 -999.250 -999.250 -999.250 -999.250 -999.250 -999.250 -999.250 -999.250 -999.250 297.827 317.332 367.147 380.516 406.810 442.092 471.214 483.943 503.672 522.740 540.662 556.870 606.337 603.403 593.772 645.458 654.423 679.699 653.783 683.998 639.698 628.458 626.788 618.197 586.264 584.390 586.456 591.311 590.507 577.179 583.498 588.270 618.463 633.018 630.716
-999.250 -999.250 -999.250 -999.250 -999.250 -999.250 -999.250 -999.250 -999.250 -999.250 -999.250 -999.250 -999.250 -999.250 -999.250 -999.250 -999.250 -999.250 -999.250 -999.250 -999.250 -999.250 -999.250 -999.250 -999.250 -999.250 -999.250 -999.250 -999.250 -999.250 309.405 330.157 378.904 396.946 404.692 434.104 483.910 497.435 514.496 542.137 565.917 581.091 612.099 633.459 620.475 608.488 611.404 646.343 654.313 655.305 631.348 606.643 588.021 547.745 528.847 535.948 565.739 529.456 522.579 524.751 520.030 516.071 546.302 567.825 600.630
-999.250 -999.250 -999.250 -999.250 -999.250 -999.250 -999.250 -999.250 -999.250 -999.250 -999.250 -999.250 -999.250 -999.250 -999.250 -999.250 -999.250 -999.250 -999.250 -999.250 -999.250 -999.250 -999.250 -999.250 -999.250 -999.250 -999.250 -999.250 -999.250 284.198 298.233 359.422 386.558 394.186 431.984 462.919 489.944 526.248 543.826 582.589 563.964 583.694 585.723 599.731 598.133 612.599 627.933 638.747 662.637 635.007 608.606 605.558 591.216 532.948 513.282 508.128 510.469 494.966 493.958 490.081 481.734 458.857 482.535 492.670 500.800
-999.250 -999.250 -999.250 -999.250 -999.250 -999.250 -999.250 -999.250 -999.250 -999.250 -999.250 -999.250 -999.250 -999.250 -999.250 -999.250 -999.250 -999.250 -999.250 -999.250 -999.250 -999.250 -999.250 -999.250 -999.250 -999.250 -999.250 -999.250 -999.250 -999.250 329.558 343.265 383.303 422.902 430.043 482.871 514.619 529.193 560.132 588.112 590.028 592.210 605.288 603.198 577.252 575.552 607.237 612.205 610.632 618.342 603.868 570.406 565.649 527.131 516.693 508.214 503.673 465.539 440.975 445.230 444.330 432.891 445.264 441.599 436.023
-999.250 -999.250 -999.250 -999.250 -999.250 -999.250 -999.250 -999.250 -999.250 -999.250 -999.250 -999.250 -999.250 -999.250 -999.250 -999.250 -999.250 -999.250 -999.250 -999.250 -999.250 -999.250 -999.250 -999.250 -999.250 -999.250 -999.250 -999.250 -999.250 -999.250 324.772 343.428 388.414 423.126 439.551 481.349 514.314 579.989 598.190 609.066 615.390 620.307 607.466 612.106 609.598 616.773 656.085 643.361 613.901 596.572 611.862 574.874 535.895 500.929 497.067 487.399 466.241 434.900 439.061 412.568 386.704 396.006 405.024 389.597 396.942
-999.250 -999.250 -999.250 -999.250 -999.250 -999.250 -999.250 -999.250 -999.250 -999.250 -999.250 -999.250 -999.250 -999.250 -999.250 -999.250 -999.250 -999.250 -999.250 -999.250 -999.250 -999.250 -999.250 -999.250 -999.250 -999.250 -999.250 -999.250 -999.250 -999.250 -999.250 352.338 393.564 429.774 459.804 479.171 530.467 554.844 590.833 612.352 631.029 614.992 640.608 645.165 654.094 655.801 647.973 660.238 612.244 590.347 583.176 526.329 476.551 498.203 485.095 457.774 434.657 427.892 391.019 377.937 363.726 343.559 347.962 329.901 345.434
-999.250 -999.250 -999.250 -999.250 -999.250 -999.250 -999.250 -999.250 -999.250 -999.250 -999.250 -999.250 -999.250 -999.250 -999.250 -999.250 -999.250 -999.250 -999.250 -999.250 -999.250 -999.250 -999.250 -999.250 -999.250 -999.250 -999.250 -999.250 -999.250 -999.250 -999.250 368.122 396.379 439.108 491.547 508.776 542.776 613.871 638.580 624.581 651.667 703.396 719.969 696.730 663.667 666.782 618.138 637.705 587.149 587.648 590.124 538.343 490.876 465.437 446.329 468.925 432.393 414.423 394.468 362.185 335.336 318.545 287.585 295.713 272.825
-999.250 -999.250 -999.250 -999.250 -999.250 -999.250 -999.250 -999.250 -999.250 -999.250 -999.250 -999.250 -999.250 -999.250 -999.250 -999.250 -999.250 -999.250 -999.250 -999.250 -999.250 -999.250 -999.250 -999.250 -999.250 -999.250 -999.250 -999.250 -999.250 -999.250 324.159 369.256 413.745 487.057 502.427 544.949 609.591 644.900 689.319 709.007 702.676 757.941 738.101 725.277 676.516 654.803 654.827 636.682 605.272 588.282 580.357 544.613 518.735 470.117 471.042 444.628 433.208 426.937 367.168 341.155 307.064 293.306 257.353 249.611 223.048
-999.250 -999.250 -999.250 -999.250 -999.250 -999.250 -999.250 -999.250 -999.250 -999.250 -999.250 -999.250 -999.250 -999.250 -999.250 -999.250 -999.250 -999.250 -999.250 -999.250 -999.250 -999.250 -999.250 -999.250 -999.250 -999.250 -999.250 -999.250 -999.250 -999.250 330.187 376.304 417.440 483.596 526.913 584.089 629.248 678.093 758.417 732.338 751.569 770.650 778.231 755.831 708.615 691.189 670.669 642.337 634.830 612.099 573.096 558.992 512.514 484.481 457.368 431.962 420.100 387.086 351.607 344.001 310.274 285.768 251.567 240.220 233.281
-999.250 -999.250 -999.250 -999.250 -999.250 -999.250 -999.250 -999.250 -999.250 -999.250 -999.250 -999.250 -999.250 -999.250 -999.250 -999.250 -999.250 -999.250 -999.250 -999.250 -999.250 -999.250 -999.250 -999.250 -999.250 -999.250 -999.250 -999.250 -999.250 -999.250 342.318 367.569 420.908 491.533 580.967 606.963 648.539 670.076 746.698 768.858 824.561 827.120 829.631 802.167 762.936 735.918 744.061 706.171 676.206 616.333 588.608 544.225 534.994 494.331 453.771 436.053 402.227 389.796 355.266 327.353 307.650 292.269 258.847 248.258 230.246
-999.250 -999.250 -999.250 -999.250 -999.250 -999.250 -999.250 -999.250 -999.250 -999.250 -999.250 -999.250 -999.250 -999.250 -999.250 -999.250 -999.250 -999.250 -999.250 -999.250 -999.250 -999.250 -999.250 -999.250 -999.250 -999.250 -999.250 -999.250 -999.250 -999.250 341.113 382.061 416.262 493.589 573.316 639.744 677.853 743.600 777.029 802.669 868.857 862.329 882.701 892.371 839.160 816.334 786.190 757.761 677.643 619.325 616.947 565.142 502.444 504.130 465.027 417.638 393.106 372.682 344.921 323.382 302.534 280.872 247.725 239.718 232.007
