data/medianmodel_18-Nov-2020.asc
ncols	141
nrows	288
xllcorner	-120191.398
yllcorner	-301404.813
cellsize	2000.000
NODATA_value	-999.250
[rows 29 to 57 of 288, columns 65 to 129 of 141]
686.354 622.897 557.752 519.512 531.385 488.926 480.284 479.678 512.002 500.727 503.897 537.966 526.647 526.209 542.206 581.737 582.626 598.227 629.630 655.434 645.261 705.282 634.583 662.937 693.201 590.861 564.618 546.096 547.496 506.141 514.752 534.205 546.036 534.462 528.889 547.925 528.924 498.698 538.378 509.932 536.120 554.478 569.907 600.863 603.716 571.181 544.594 554.067 546.537 587.945 590.494 556.350 542.022 505.042 507.640 508.001 471.764 473.482 449.217 470.937 470.462 445.088 421.892 419.971 382.611
681.571 567.653 553.993 527.304 493.527 488.805 486.579 474.480 525.807 506.829 525.261 530.280 540.316 559.812 576.786 577.185 586.525 594.284 631.704 647.709 619.683 713.811 700.560 668.600 680.613 626.236 582.567 554.048 550.885 516.590 558.776 523.916 518.014 526.755 555.610 547.233 538.783 527.445 543.398 548.875 587.132 604.254 598.890 574.138 598.229 580.110 581.548 581.927 580.858 556.637 562.753 557.521 526.736 513.416 512.250 493.452 473.595 488.961 462.077 427.706 401.654 431.561 372.856 403.182 402.163
678.034 584.799 563.241 482.476 524.682 488.326 472.257 482.892 484.961 504.673 502.240 569.289 539.026 579.541 617.674 641.602 636.116 653.283 609.446 718.810 636.984 629.316 671.017 638.250 631.672 617.715 579.791 555.300 539.781 519.825 546.525 531.469 549.709 525.783 533.185 582.347 537.535 525.709 539.324 602.021 608.478 619.577 646.620 599.395 610.991 610.849 591.200 604.396 561.377 579.177 543.412 542.530 532.668 526.293 480.638 508.443 501.082 457.502 459.529 468.431 423.679 397.695 397.579 410.454 419.479
666.246 610.180 583.933 568.421 507.303 517.309 498.633 502.176 515.865 502.803 486.718 549.113 558.015 605.194 597.239 643.044 620.419 645.319 667.870 663.100 601.879 648.311 653.042 623.287 668.094 637.392 639.387 582.548 558.237 559.253 558.403 527.846 533.823 536.734 546.974 532.629 564.315 541.238 570.230 584.177 604.549 597.622 664.511 622.169 638.265 595.503 604.433 604.370 569.079 543.431 549.992 532.680 529.360 519.781 507.746 521.128 502.168 497.250 501.184 487.662 461.025 433.740 384.427 394.806 419.743
668.421 633.219 611.023 576.516 530.609 508.678 493.555 484.392 486.995 495.289 537.278 542.026 585.176 611.441 594.336 622.986 613.768 606.258 602.137 680.800 668.449 687.449 697.816 650.726 652.631 644.366 665.358 572.873 568.803 579.326 571.527 565.781 563.828 570.877 568.743 557.265 573.683 545.348 537.945 579.044 600.087 612.350 659.517 647.561 618.624 666.013 627.217 654.032 587.333 623.542 550.498 561.589 530.889 511.122 550.871 527.585 508.389 503.370 493.907 492.755 455.100 414.724 401.777 388.321 411.237
636.179 595.962 597.419 578.840 545.573 503.260 477.249 486.035 448.803 503.379 512.314 554.995 596.849 610.782 627.758 625.205 651.157 692.438 607.294 643.808 713.115 623.631 660.913 650.734 651.394 651.289 647.400 592.814 583.861 573.708 621.209 570.340 526.965 565.226 559.316 550.755 558.424 511.572 540.633 596.662 609.862 628.400 632.302 665.586 635.879 667.353 643.087 705.755 591.164 603.541 595.232 559.164 558.270 563.264 553.683 538.141 531.934 500.155 514.143 489.661 454.018 419.195 408.279 422.594 430.825
639.611 617.805 604.225 554.896 559.360 522.460 512.315 501.394 514.127 532.022 517.534 534.117 539.490 556.615 644.115 612.723 635.398 623.411 651.972 661.776 648.047 667.105 688.754 649.405 650.683 649.213 599.894 600.145 551.244 600.739 568.802 550.809 536.820 537.458 534.723 527.483 587.802 550.749 543.040 591.818 609.372 600.601 636.191 650.470 676.667 660.773 711.907 645.201 674.043 605.489 588.151 601.392 581.129 566.967 566.909 558.165 513.554 548.188 538.040 505.163 477.466 453.324 437.355 439.865 408.449
672.451 612.974 577.960 555.894 554.773 536.909 537.919 502.663 517.503 538.239 544.138 534.345 546.100 579.230 586.134 609.064 634.946 664.364 609.214 659.372 618.161 609.619 619.374 609.013 666.762 697.372 632.830 608.392 580.098 615.520 571.965 540.145 550.952 530.146 528.638 528.032 535.944 555.479 541.966 576.528 562.210 612.207 620.578 585.730 673.646 736.823 780.737 715.213 637.434 612.584 608.470 569.864 603.120 647.131 574.269 538.329 548.550 555.589 530.673 497.826 498.464 484.932 455.617 475.137 448.221
633.440 636.246 555.881 599.265 560.569 566.623 525.697 532.456 550.351 525.490 559.125 569.043 560.972 563.197 605.995 607.716 644.843 629.431 617.660 649.629 721.901 618.904 643.075 601.777 656.717 658.983 662.019 608.895 602.930 560.521 561.692 541.338 545.501 518.361 522.022 540.662 549.441 560.499 542.925 565.218 562.060 602.186 663.326 707.591 742.849 804.487 726.644 771.672 677.114 663.480 649.858 587.996 634.090 599.639 558.685 546.708 538.490 575.246 534.917 516.001 523.102 502.569 472.234 459.468 413.374
640.878 603.528 585.990 539.587 550.832 555.849 538.170 562.464 546.619 566.750 558.149 556.819 543.328 563.472 590.949 619.361 630.020 620.025 591.970 677.428 618.177 685.615 697.498 665.027 643.527 644.646 627.583 621.072 615.171 574.654 549.536 524.471 494.985 519.573 508.265 494.517 527.000 493.760 522.687 557.623 575.082 554.991 668.852 724.711 742.613 753.978 797.719 762.984 689.817 634.787 639.325 579.416 623.247 588.243 574.091 533.145 561.408 540.638 536.753 517.399 528.939 536.038 475.551 481.375 452.057
657.409 617.803 586.610 545.774 540.358 571.485 567.998 567.041 551.474 554.331 557.362 546.202 551.281 520.351 536.867 578.723 582.401 650.009 646.625 647.687 639.958 665.325 706.759 687.777 681.510 695.162 646.333 605.481 590.574 539.501 530.408 517.006 485.383 461.578 476.062 478.821 488.758 516.350 563.247 548.223 612.007 644.342 699.479 769.460 793.125 756.359 755.959 761.671 731.187 638.235 631.263 599.078 571.769 584.415 584.391 560.187 563.930 565.764 537.204 551.501 524.385 501.403 487.649 465.481 447.387
691.606 620.060 602.457 574.745 577.822 548.777 562.314 541.453 532.285 547.375 550.731 558.826 553.980 523.578 508.450 577.136 578.294 674.502 651.261 641.705 648.897 611.221 710.802 713.894 666.616 682.611 682.656 589.025 575.695 543.623 541.329 501.678 480.137 461.481 430.758 421.539 468.177 498.575 522.838 560.582 606.716 624.575 672.083 730.573 810.193 754.985 733.377 765.440 694.215 672.010 706.751 681.564 645.011 657.610 622.655 573.754 615.221 584.939 532.386 571.147 542.768 532.277 475.793 477.349 465.830
698.860 658.764 647.855 604.269 590.858 583.111 574.890 537.882 519.547 532.536 550.503 544.170 546.666 539.711 530.381 571.209 568.566 616.449 628.970 573.172 569.384 637.502 648.809 695.911 601.602 661.494 649.496 558.378 541.144 513.296 516.942 466.061 420.477 420.957 380.443 429.745 418.706 474.247 504.427 554.402 587.475 685.728 683.240 729.660 763.893 778.957 759.129 729.055 698.952 711.540 715.709 711.516 676.639 634.233 658.878 627.178 612.409 605.391 544.508 553.342 578.898 550.971 502.842 488.692 488.298
682.395 641.293 634.268 577.925 572.109 615.539 590.304 585.518 546.588 541.067 546.842 544.378 549.774 522.543 543.674 566.823 587.317 596.459 657.144 567.489 648.360 591.997 627.794 600.744 586.876 586.929 587.920 567.345 533.638 489.886 440.481 458.014 417.062 375.731 403.179 409.393 445.161 471.680 522.996 561.784 609.748 637.616 704.644 733.379 781.541 743.775 756.172 778.687 784.606 851.772 831.683 762.602 629.393 663.939 664.626 645.456 637.810 637.007 597.238 585.362 583.366 533.986 539.806 538.496 509.916
702.273 658.431 628.468 606.429 608.319 639.668 657.553 615.773 551.616 559.612 545.032 535.964 534.545 538.201 545.613 586.416 566.342 592.881 582.366 616.728 632.810 638.094 627.106 598.981 567.605 591.488 532.046 537.772 480.362 433.706 419.798 379.265 357.454 322.418 333.543 398.252 423.137 476.390 516.769 537.862 583.033 650.413 685.888 777.337 835.165 872.288 790.745 892.001 921.596 851.340 838.843 816.224 779.006 757.301 718.692 739.822 685.894 732.934 652.383 621.688 586.376 583.430 545.473 554.924 507.498
660.378 616.415 652.066 686.028 653.813 650.924 631.052 643.151 597.458 595.990 573.597 558.060 564.260 577.516 600.351 583.453 572.979 549.559 567.181 576.607 575.489 603.199 616.211 565.281 530.984 569.398 563.402 500.833 453.421 384.241 373.914 349.404 320.284 319.323 334.921 342.969 384.587 429.279 490.049 564.393 548.389 624.703 683.708 748.632 803.606 881.006 919.119 886.465 988.060 866.371 853.553 898.101 820.817 818.251 791.211 780.898 691.684 706.811 703.261 632.269 677.189 596.509 567.870 568.112 496.279
727.130 680.497 653.160 670.894 657.652 680.225 681.335 636.277 638.155 620.505 602.298 580.971 589.034 588.714 614.323 589.207 543.615 547.278 544.435 586.272 557.396 557.009 580.687 537.876 540.664 557.514 533.865 488.977 447.071 384.006 339.586 303.976 301.040 279.172 285.949 289.962 312.590 341.224 448.364 527.698 568.666 609.139 721.993 808.484 818.427 931.270 1012.639 1064.896 1072.008 939.899 1023.028 939.663 1045.027 926.260 837.343 786.463 768.986 716.390 732.903 741.034 727.753 714.609 639.831 593.226 556.799
723.479 686.204 688.406 653.013 644.330 681.351 625.548 632.516 660.109 690.956 656.156 640.487 596.427 627.932 622.945 608.158 526.279 535.844 539.035 547.864 543.683 557.605 548.732 536.606 549.504 542.664 517.231 449.194 421.826 348.919 314.408 293.394 271.266 261.350 251.932 238.886 239.827 309.628 411.667 491.327 552.626 646.296 726.399 800.199 812.131 1002.918 1109.548 1062.618 1062.690 1106.215 1111.811 1101.944 1080.108 1010.695 985.742 824.163 870.557 853.270 810.610 829.028 851.043 814.427 726.296 647.481 602.180
773.600 718.408 724.359 660.579 677.552 625.768 663.711 658.396 633.482 651.618 668.791 655.257 637.153 636.258 578.532 583.789 541.697 540.040 545.870 542.270 540.903 539.351 522.985 545.882 525.206 530.113 480.656 419.817 378.585 326.325 311.950 276.382 250.370 234.073 214.892 198.574 165.453 299.064 422.684 507.850 583.601 641.142 777.449 897.337 1000.854 1044.285 1139.493 1104.880 1150.375 1167.014 1125.961 1244.795 1174.064 1120.195 1037.264 1045.143 1003.809 956.110 952.103 952.671 881.480 812.301 657.154 -999.250 -999.250
760.072 797.928 704.756 718.967 613.612 612.506 699.775 740.624 767.059 747.727 720.429 699.974 673.013 643.706 568.627 581.464 577.517 556.964 560.821 534.041 528.565 511.250 512.993 508.469 507.447 492.470 444.994 430.105 342.781 327.378 284.699 254.745 253.565 247.669 236.270 233.695 234.977 313.580 444.412 514.840 576.708 712.606 799.609 817.539 1056.343 1079.573 1193.994 1206.562 1193.819 1163.277 1093.658 1229.337 1186.169 1208.094 1153.094 1105.815 1027.513 1015.046 1065.026 1011.330 1028.014 784.511 755.026 -999.250 -999.250
805.184 727.266 697.228 678.195 619.649 631.699 745.686 726.970 819.108 744.921 785.043 759.476 660.691 621.334 570.322 572.952 560.278 559.822 540.723 526.892 526.833 494.144 498.519 480.153 498.038 489.230 445.398 405.221 335.030 309.961 229.439 249.033 247.392 261.658 269.158 278.188 300.643 354.136 427.427 524.912 593.858 747.036 855.919 1028.020 1094.675 1186.026 1246.372 1220.128 1166.205 1151.649 1121.788 1286.577 1238.128 1246.841 1178.983 1134.353 1121.606 1168.388 -999.250 984.216 1059.892 -999.250 -999.250 -999.250 -999.250
701.221 675.086 636.897 638.623 603.598 619.512 694.508 742.469 813.690 830.004 855.018 760.597 740.535 628.631 602.470 563.407 530.857 509.155 521.018 489.394 475.285 480.617 461.943 456.722 446.765 447.252 423.694 395.850 337.923 309.369 269.673 268.084 276.498 280.942 285.758 314.874 346.230 387.973 471.211 567.331 598.255 689.590 859.947 1050.284 1111.383 1224.541 1198.217 1331.779 1274.060 1247.403 1311.902 1392.085 1270.294 1354.523 1223.817 1268.861 -999.250 -999.250 -999.250 -999.250 -999.250 -999.250 -999.250 -999.250 -999.250
726.205 664.084 619.063 566.311 562.025 586.019 623.763 744.811 858.817 919.851 879.613 746.162 712.218 636.228 597.256 546.240 505.454 483.768 494.876 451.219 453.076 446.464 455.292 472.956 432.220 432.450 412.393 404.899 333.315 307.404 299.227 288.763 290.589 311.515 333.504 347.427 392.695 454.218 501.515 574.813 655.154 787.986 992.304 1111.129 1151.813 1359.716 1395.236 1333.983 1480.623 1533.769 1547.561 1573.687 1468.306 1342.378 1377.986 -999.250 -999.250 -999.250 -999.250 -999.250 -999.250 -999.250 -999.250 -999.250 -999.250
671.939 621.719 560.156 499.579 510.633 518.923 548.440 606.719 718.356 954.690 744.336 706.628 691.956 585.319 559.569 525.083 497.239 481.561 437.853 421.887 407.833 397.946 401.127 421.872 417.960 422.902 425.003 366.509 365.705 329.531 340.344 349.894 342.986 337.677 350.972 387.466 433.731 491.605 531.735 600.435 682.073 873.081 952.040 1129.922 1178.348 1332.857 1530.799 1500.703 1571.002 1634.929 1765.116 1681.612 1676.845 1687.570 1509.940 -999.250 -999.250 -999.250 -999.250 -999.250 -999.250 -999.250 -999.250 -999.250 -999.250
722.604 643.195 547.085 487.154 445.085 396.833 452.277 492.460 531.560 380.397 553.641 583.663 635.712 583.908 578.986 527.155 476.771 450.016 402.509 393.519 380.576 360.179 354.463 386.254 399.034 391.013 392.503 382.310 345.484 348.229 360.573 351.509 362.789 397.411 387.169 443.778 467.573 540.437 615.487 701.754 791.615 978.358 1110.491 1261.062 1406.089 1452.342 1645.763 1572.205 1798.153 1744.983 1770.842 1892.228 1806.593 1703.676 -999.250 -999.250 -999.250 -999.250 -999.250 -999.250 -999.250 -999.250 -999.250 -999.250 -999.250
698.613 623.661 516.115 467.477 377.499 277.498 346.078 391.115 431.258 415.909 470.954 552.750 604.552 568.110 578.028 521.281 476.634 411.605 345.452 341.400 332.267 314.230 338.905 347.017 340.506 363.015 405.957 359.998 351.651 352.538 345.037 361.580 372.563 413.862 427.114 484.267 517.672 601.312 668.855 753.698 876.429 1013.656 1193.818 1253.169 1406.698 1494.525 1704.738 1665.398 1849.459 1920.074 1814.959 1994.386 2010.452 -999.250 -999.250 -999.250 -999.250 -999.250 -999.250 -999.250 -999.250 -999.250 -999.250 -999.250 -999.250
694.488 634.734 532.473 475.099 402.485 336.375 342.623 372.506 404.794 444.636 506.631 534.651 594.151 620.804 611.659 571.634 480.880 373.793 305.886 277.637 307.663 310.318 328.165 333.361 336.842 343.448 358.200 356.341 356.142 352.832 352.496 384.095 412.214 440.399 448.707 516.641 548.307 583.002 710.288 819.145 809.822 946.826 1189.147 1345.036 1459.552 1535.551 1612.228 1896.498 2059.038 2067.505 2059.783 2188.366 2048.259 -999.250 -999.250 -999.250 -999.250 -999.250 -999.250 -999.250 -999.250 -999.250 -999.250 -999.250 -999.250
650.981 581.374 545.236 496.475 431.856 398.898 402.777 417.854 437.216 487.200 519.373 552.608 630.121 688.780 675.370 600.424 483.626 361.793 198.906 233.633 281.279 302.411 335.787 334.051 338.210 333.143 330.463 338.672 330.009 334.442 382.634 395.760 436.802 473.387 496.188 535.408 581.641 631.695 700.551 874.030 945.649 1025.278 1218.860 1434.857 1559.808 1555.821 1771.539 1956.207 1998.819 2116.190 2132.967 2088.800 -999.250 -999.250 -999.250 -999.250 -999.250 -999.250 -999.250 -999.250 -999.250 -999.250 -999.250 -999.250 -999.250
706.100 637.946 548.005 522.837 482.098 424.734 432.249 441.805 457.923 482.998 519.453 595.007 654.746 756.287 797.365 629.495 523.931 373.903 281.198 230.213 255.883 277.329 313.878 324.644 336.157 352.518 342.971 335.145 334.405 342.730 394.696 421.028 462.740 492.146 523.706 565.914 584.346 662.440 731.105 829.162 949.946 1118.771 1197.023 1264.990 1522.146 1568.465 1834.163 2046.326 2028.046 2117.882 2092.177 2156.902 -999.250 -999.250 -999.250 -999.250 -999.250 -999.250 -999.250 -999.250 -999.250 -999.250 -999.250 -999.250 -999.250
