data/medianmodel_26-Sep-2020.asc
ncols	141
nrows	288
xllcorner	-120191.398
yllcorner	-301404.813
cellsize	2000.000
NODATA_value	-999.250
[rows 90 to 119 of 288, columns 67 to 133 of 141]
61.402 62.114 67.774 66.899 66.909 66.955 62.490 54.831 50.544 50.413 50.977 39.269 37.087 34.248 31.133 32.292 21.504 13.588 5.974 3.854 0.000 0.000 0.000 0.000 0.261 1.975 3.207 4.924 10.159 15.290 16.272 14.484 11.108 6.620 1.825 0.000 0.000 0.000 0.000 0.000 0.000 0.000 0.000 0.000 0.000 0.000 0.000 0.000 2.341 -999.250 -999.250 -999.250 -999.250 -999.250 -999.250 -999.250 -999.250 -999.250 -999.250 -999.250 -999.250 -999.250 -999.250 -999.250 -999.250 -999.250 -999.250
52.319 55.309 55.918 60.036 58.069 56.241 52.525 49.918 49.777 48.048 41.165 39.397 32.905 33.903 27.761 25.574 20.268 13.545 7.151 2.485 2.911 2.084 0.000 0.000 0.000 3.409 5.000 8.796 9.547 13.432 14.102 12.091 9.797 4.820 3.295 0.000 0.000 0.000 0.000 0.000 0.000 0.000 0.000 0.000 0.000 0.000 0.000 0.000 -999.250 -999.250 -999.250 -999.250 -999.250 -999.250 -999.250 -999.250 -999.250 -999.250 -999.250 -999.250 -999.250 -999.250 -999.250 -999.250 -999.250 -999.250 -999.250
44.885 46.624 44.004 46.343 47.894 44.805 48.196 44.690 40.776 41.042 37.423 33.005 31.053 29.858 23.637 22.397 15.943 11.557 5.178 1.459 0.755 1.252 0.000 0.000 1.847 4.128 8.872 11.905 12.643 12.816 13.138 10.840 9.296 7.606 3.980 2.806 0.000 0.000 0.000 0.000 0.000 0.000 0.000 0.000 0.000 0.000 0.000 2.435 -999.250 -999.250 -999.250 -999.250 -999.250 -999.250 -999.250 -999.250 -999.250 -999.250 -999.250 -999.250 -999.250 -999.250 -999.250 -999.250 -999.250 -999.250 -999.250
35.186 35.370 34.804 38.350 37.998 38.543 40.428 34.373 37.375 35.804 32.425 31.471 28.544 25.824 20.535 17.534 11.850 7.963 3.646 2.462 0.000 0.006 0.531 1.730 5.360 7.901 11.933 15.620 17.033 13.236 17.435 14.723 12.660 11.782 9.357 5.205 2.859 0.623 0.000 1.520 0.000 0.000 0.000 0.000 0.000 0.022 2.927 -999.250 -999.250 -999.250 -999.250 -999.250 -999.250 -999.250 -999.250 -999.250 -999.250 -999.250 -999.250 -999.250 -999.250 -999.250 -999.250 -999.250 -999.250 -999.250 -999.250
32.359 30.232 29.770 31.524 32.560 31.044 31.346 33.466 31.102 32.622 31.424 30.376 28.534 24.898 18.155 15.399 10.430 5.586 0.407 0.000 0.000 0.000 1.106 3.289 4.541 10.374 12.891 18.514 17.143 17.786 17.894 16.052 14.188 13.832 10.335 8.617 7.118 5.740 1.774 2.276 0.788 1.241 0.000 0.000 1.009 0.010 4.145 -999.250 -999.250 -999.250 -999.250 -999.250 -999.250 -999.250 -999.250 -999.250 -999.250 -999.250 -999.250 -999.250 -999.250 -999.250 -999.250 -999.250 -999.250 -999.250 -999.250
29.585 27.805 28.850 29.369 29.226 27.458 28.571 30.093 28.645 30.549 27.702 28.921 27.814 23.962 19.277 14.632 8.222 2.095 0.000 0.000 0.000 0.000 2.349 4.347 8.558 14.511 17.391 19.661 18.143 20.839 20.700 17.843 17.513 14.279 15.004 12.874 7.280 8.983 8.282 6.311 5.697 3.510 2.765 5.369 4.952 10.262 11.094 -999.250 -999.250 -999.250 -999.250 -999.250 -999.250 -999.250 -999.250 -999.250 -999.250 -999.250 -999.250 -999.250 -999.250 -999.250 -999.250 -999.250 -999.250 -999.250 -999.250
26.950 26.357 25.987 24.482 25.432 24.707 26.398 25.200 26.541 27.984 27.391 28.424 31.483 22.455 16.227 11.553 8.578 0.876 0.000 0.000 1.387 3.878 6.736 9.478 14.038 13.917 20.014 23.389 23.376 21.158 22.735 21.133 18.048 17.774 18.805 16.845 11.564 11.295 12.382 11.444 9.205 9.932 10.228 10.456 11.534 15.385 14.885 16.069 -999.250 -999.250 -999.250 -999.250 -999.250 -999.250 -999.250 -999.250 -999.250 -999.250 -999.250 -999.250 -999.250 -999.250 -999.250 -999.250 -999.250 -999.250 -999.250
25.917 23.911 24.291 23.856 22.202 23.867 23.738 24.825 23.347 25.636 25.925 24.305 23.209 18.907 15.102 10.218 7.358 1.429 0.000 0.000 2.622 4.537 6.273 11.496 15.069 20.332 24.832 26.782 26.359 27.315 26.888 24.414 22.261 22.416 20.502 15.592 13.249 12.807 13.855 14.499 15.411 15.214 17.190 18.916 18.408 19.459 19.811 20.043 22.837 -999.250 -999.250 -999.250 -999.250 -999.250 -999.250 -999.250 -999.250 -999.250 -999.250 -999.250 -999.250 -999.250 -999.250 -999.250 -999.250 -999.250 -999.250
26.742 24.218 24.184 22.068 20.159 21.073 19.369 23.474 21.583 21.968 22.040 19.965 19.445 15.934 13.581 10.744 4.449 1.195 0.164 2.726 6.175 10.921 13.241 14.317 16.403 22.758 31.260 28.627 28.713 28.715 28.064 28.775 27.227 26.295 24.233 22.287 17.128 16.446 17.362 17.246 19.808 21.752 22.359 23.033 23.515 23.666 24.153 25.054 23.992 27.678 -999.250 -999.250 -999.250 -999.250 -999.250 -999.250 -999.250 -999.250 -999.250 -999.250 -999.250 -999.250 -999.250 -999.250 -999.250 -999.250 -999.250
23.346 21.389 21.539 21.675 21.933 20.776 19.504 19.983 21.550 20.793 20.459 20.110 17.748 15.199 13.529 9.759 6.408 1.999 4.715 6.227 10.267 11.194 12.571 16.765 19.564 25.092 28.259 30.861 29.645 30.928 33.983 33.487 34.963 32.361 31.020 27.639 22.711 18.895 20.564 25.087 24.867 27.471 28.200 30.674 28.214 29.340 26.995 28.853 28.699 -999.250 -999.250 -999.250 -999.250 -999.250 -999.250 -999.250 -999.250 -999.250 -999.250 -999.250 -999.250 -999.250 -999.250 -999.250 -999.250 -999.250 -999.250
20.825 18.967 18.025 17.143 18.728 18.553 19.720 20.295 20.211 20.241 19.643 17.488 16.920 14.954 12.468 12.956 6.880 4.769 6.287 8.916 9.438 14.358 16.173 18.399 20.470 26.210 31.308 31.984 36.789 35.572 38.905 39.340 39.363 39.514 36.870 34.494 32.725 30.031 29.299 30.051 31.486 31.625 32.800 33.308 34.332 30.740 30.243 34.601 33.242 37.114 -999.250 -999.250 -999.250 -999.250 -999.250 -999.250 -999.250 -999.250 -999.250 -999.250 -999.250 -999.250 -999.250 -999.250 -999.250 -999.250 -999.250
19.448 18.345 16.641 16.487 17.341 18.303 18.765 19.047 18.273 18.940 18.266 16.320 16.313 13.104 13.005 11.501 6.490 6.861 8.598 9.068 10.484 14.128 17.875 22.403 23.938 27.942 32.848 34.769 37.591 42.407 45.318 48.424 49.494 50.558 47.836 42.716 46.270 43.884 39.490 40.705 37.881 42.725 51.115 46.419 41.839 39.636 37.313 35.871 -999.250 -999.250 -999.250 -999.250 -999.250 -999.250 -999.250 -999.250 -999.250 -999.250 -999.250 -999.250 -999.250 -999.250 -999.250 -999.250 -999.250 -999.250 -999.250
20.132 17.109 16.043 14.828 12.799 11.445 15.884 16.080 16.794 16.913 14.667 14.593 15.729 14.869 13.479 10.294 9.571 9.342 8.909 13.422 13.458 14.681 19.376 25.248 28.350 30.785 34.910 41.692 47.213 49.655 58.934 60.250 59.652 59.953 57.043 55.155 62.913 59.993 55.699 54.494 48.791 54.225 56.885 54.077 47.291 44.286 39.933 -999.250 -999.250 -999.250 -999.250 -999.250 -999.250 -999.250 -999.250 -999.250 -999.250 -999.250 -999.250 -999.250 -999.250 -999.250 -999.250 -999.250 -999.250 -999.250 -999.250
16.983 16.021 15.659 12.216 10.219 10.928 14.887 16.403 16.440 14.857 12.841 13.940 14.002 13.666 11.494 6.138 12.162 11.507 12.158 13.700 17.099 18.569 20.606 24.943 29.610 33.795 35.666 47.364 55.169 60.307 62.135 60.865 66.985 67.246 69.653 72.540 73.024 68.925 70.038 70.171 66.445 66.829 61.561 60.465 59.145 52.953 55.305 -999.250 -999.250 -999.250 -999.250 -999.250 -999.250 -999.250 -999.250 -999.250 -999.250 -999.250 -999.250 -999.250 -999.250 -999.250 -999.250 -999.250 -999.250 -999.250 -999.250
16.056 14.578 11.249 9.543 8.440 11.135 14.326 13.596 12.846 15.094 15.996 12.131 11.537 10.001 10.236 8.988 9.898 11.511 11.560 15.700 17.946 20.820 23.678 28.032 30.982 36.506 40.390 49.140 61.203 62.552 71.540 69.194 77.333 77.076 83.109 84.808 84.546 86.665 84.626 76.846 78.460 72.542 71.076 67.054 64.157 63.453 -999.250 -999.250 -999.250 -999.250 -999.250 -999.250 -999.250 -999.250 -999.250 -999.250 -999.250 -999.250 -999.250 -999.250 -999.250 -999.250 -999.250 -999.250 -999.250 -999.250 -999.250
15.696 14.182 12.163 8.372 6.768 6.806 9.642 14.072 12.623 12.687 12.020 9.121 8.761 4.425 6.820 7.268 10.435 10.715 13.417 14.748 17.752 21.579 24.744 27.522 30.728 39.462 47.916 57.105 67.144 70.250 74.316 76.381 76.977 86.064 91.024 93.128 94.682 92.593 93.731 91.912 86.415 88.684 -999.250 -999.250 -999.250 -999.250 -999.250 -999.250 -999.250 -999.250 -999.250 -999.250 -999.250 -999.250 -999.250 -999.250 -999.250 -999.250 -999.250 -999.250 -999.250 -999.250 -999.250 -999.250 -999.250 -999.250 -999.250
12.252 10.270 10.174 6.446 3.311 7.687 7.940 7.530 8.109 10.255 10.629 10.807 7.362 4.391 4.731 3.633 6.858 10.958 13.140 15.235 17.463 22.877 25.078 29.927 33.989 38.593 47.605 55.456 67.807 78.125 81.839 81.714 87.277 91.951 93.799 102.605 103.915 107.843 100.507 94.383 -999.250 -999.250 -999.250 -999.250 -999.250 -999.250 -999.250 -999.250 -999.250 -999.250 -999.250 -999.250 -999.250 -999.250 -999.250 -999.250 -999.250 -999.250 -999.250 -999.250 -999.250 -999.250 -999.250 -999.250 -999.250 -999.250 -999.250
11.208 8.041 11.122 3.833 4.893 8.112 5.498 7.409 5.791 4.070 7.709 5.508 5.933 8.143 6.289 4.789 5.146 11.386 13.538 14.388 18.742 22.781 27.458 30.075 35.382 39.965 44.519 60.428 67.763 75.750 88.087 90.981 93.915 101.587 112.286 121.746 125.896 116.907 108.126 109.582 -999.250 -999.250 -999.250 -999.250 -999.250 -999.250 -999.250 -999.250 -999.250 -999.250 -999.250 -999.250 -999.250 -999.250 -999.250 -999.250 -999.250 -999.250 -999.250 -999.250 -999.250 -999.250 -999.250 -999.250 -999.250 -999.250 -999.250
7.114 3.905 2.499 4.638 0.909 5.914 4.303 1.277 4.278 3.006 3.261 0.630 3.482 5.321 4.159 2.908 4.402 10.696 13.527 16.774 21.534 24.729 26.487 29.997 34.152 42.477 48.885 64.956 70.974 75.159 86.886 92.178 102.393 116.691 124.068 136.678 143.951 131.200 122.494 105.047 -999.250 -999.250 -999.250 -999.250 -999.250 -999.250 -999.250 -999.250 -999.250 -999.250 -999.250 -999.250 -999.250 -999.250 -999.250 -999.250 -999.250 -999.250 -999.250 -999.250 -999.250 -999.250 -999.250 -999.250 -999.250 -999.250 -999.250
5.636 3.271 2.649 5.100 3.342 2.663 0.033 0.305 1.579 2.248 3.600 0.811 4.118 4.368 4.416 2.262 5.146 8.551 10.880 16.879 19.195 23.347 27.757 28.933 33.979 41.842 55.473 63.948 73.146 78.173 85.190 98.334 102.761 114.688 131.346 139.344 168.244 152.653 132.899 114.007 -999.250 -999.250 -999.250 -999.250 -999.250 -999.250 -999.250 -999.250 -999.250 -999.250 -999.250 -999.250 -999.250 -999.250 -999.250 -999.250 -999.250 -999.250 -999.250 -999.250 -999.250 -999.250 -999.250 -999.250 -999.250 -999.250 -999.250
4.547 2.434 1.143 1.654 2.517 0.319 0.539 0.000 1.776 3.030 5.386 1.573 0.410 4.291 6.162 6.468 7.536 7.620 12.226 18.086 22.646 23.802 25.709 28.938 32.186 41.389 53.258 63.385 70.356 81.100 87.602 95.309 104.995 111.821 123.866 133.343 154.761 146.068 129.105 114.443 -999.250 -999.250 -999.250 -999.250 -999.250 -999.250 -999.250 -999.250 -999.250 -999.250 -999.250 -999.250 -999.250 -999.250 -999.250 -999.250 -999.250 -999.250 -999.250 -999.250 -999.250 -999.250 -999.250 -999.250 -999.250 -999.250 -999.250
2.269 1.052 0.000 0.000 0.000 0.929 0.000 0.011 1.367 3.678 1.496 0.568 0.000 3.466 3.309 7.932 6.458 9.290 13.655 16.189 19.031 21.061 24.833 27.112 33.354 37.938 53.041 62.982 73.647 78.348 87.122 96.167 101.922 110.345 113.784 129.287 131.756 135.116 132.983 113.089 -999.250 -999.250 -999.250 -999.250 -999.250 -999.250 -999.250 -999.250 -999.250 -999.250 -999.250 -999.250 -999.250 -999.250 -999.250 -999.250 -999.250 -999.250 -999.250 -999.250 -999.250 -999.250 -999.250 -999.250 -999.250 -999.250 -999.250
0.765 0.000 0.000 0.000 0.000 0.000 0.000 0.000 1.453 2.002 1.196 0.891 0.000 1.107 3.182 2.261 6.892 7.786 14.228 16.250 17.943 20.855 26.202 28.322 32.555 40.438 46.310 57.599 67.871 81.607 82.449 88.154 97.289 97.079 108.474 121.167 120.929 120.588 123.638 109.479 97.463 92.868 -999.250 -999.250 -999.250 -999.250 -999.250 -999.250 -999.250 -999.250 -999.250 -999.250 -999.250 -999.250 -999.250 -999.250 -999.250 -999.250 -999.250 -999.250 -999.250 -999.250 -999.250 -999.250 -999.250 -999.250 -999.250
0.776 0.363 0.000 0.000 0.000 0.000 0.000 0.000 0.000 0.000 0.000 0.657 1.397 0.545 1.295 3.190 4.492 8.693 10.424 13.451 16.628 19.976 26.442 29.234 31.078 36.660 45.013 57.235 68.951 71.801 79.156 85.612 91.146 94.077 100.481 103.879 111.815 123.299 114.599 109.142 98.319 91.250 89.242 87.032 -999.250 -999.250 -999.250 -999.250 -999.250 -999.250 -999.250 -999.250 -999.250 -999.250 -999.250 -999.250 -999.250 -999.250 -999.250 -999.250 -999.250 -999.250 -999.250 -999.250 -999.250 -999.250 -999.250
0.000 0.000 0.000 0.000 0.000 0.000 0.000 0.000 0.000 0.000 0.000 0.000 0.518 0.495 0.254 5.843 4.199 8.275 11.670 14.142 17.161 20.578 24.362 27.893 29.558 36.194 44.982 50.725 65.670 67.064 74.521 82.923 88.699 91.033 101.269 101.915 102.800 114.246 106.543 104.111 93.909 91.543 84.576 79.392 -999.250 -999.250 -999.250 -999.250 -999.250 -999.250 -999.250 -999.250 -999.250 -999.250 -999.250 -999.250 -999.250 -999.250 -999.250 -999.250 -999.250 -999.250 -999.250 -999.250 -999.250 -999.250 -999.250
2.085 0.000 0.000 0.000 0.000 0.000 0.000 0.000 0.000 0.000 0.232 1.663 0.559 1.072 3.643 1.167 7.323 8.909 8.247 11.501 17.840 20.943 24.962 28.325 31.319 39.231 37.187 48.271 58.176 62.841 69.762 76.080 84.148 88.090 92.582 95.813 99.226 103.227 98.414 91.212 89.134 82.531 84.304 78.239 79.406 -999.250 -999.250 -999.250 -999.250 -999.250 -999.250 -999.250 -999.250 -999.250 -999.250 -999.250 -999.250 -999.250 -999.250 -999.250 -999.250 -999.250 -999.250 -999.250 -999.250 -999.250 -999.250
4.874 1.566 0.000 0.054 0.000 0.000 0.000 0.000 0.000 0.000 1.077 1.626 1.478 1.909 2.451 5.651 6.335 7.957 8.866 12.090 18.379 23.741 26.674 28.152 31.820 33.447 37.293 44.114 55.885 60.374 64.301 72.837 77.636 86.847 87.871 90.146 89.471 93.539 90.193 88.523 82.199 87.947 76.223 71.142 74.448 71.574 -999.250 -999.250 -999.250 -999.250 -999.250 -999.250 -999.250 -999.250 -999.250 -999.250 -999.250 -999.250 -999.250 -999.250 -999.250 -999.250 -999.250 -999.250 -999.250 -999.250 -999.250
3.069 2.255 0.722 0.000 0.000 0.000 0.000 0.000 0.543 0.000 1.247 4.342 5.588 4.740 4.249 10.540 12.516 9.824 14.581 15.386 21.136 24.323 25.720 27.283 29.229 32.524 39.302 41.020 48.386 53.699 64.661 68.253 73.216 73.253 80.160 81.651 82.439 80.345 83.677 77.840 79.006 72.655 72.881 73.105 67.884 57.847 -999.250 -999.250 -999.250 -999.250 -999.250 -999.250 -999.250 -999.250 -999.250 -999.250 -999.250 -999.250 -999.250 -999.250 -999.250 -999.250 -999.250 -999.250 -999.250 -999.250 -999.250
6.043 4.697 3.963 5.191 2.622 0.673 2.143 0.032 1.548 2.787 5.502 5.473 8.367 10.487 8.940 11.384 12.203 14.372 16.311 16.487 21.204 23.041 23.093 26.553 26.796 31.235 33.649 35.142 44.039 43.797 48.610 62.707 67.435 67.561 62.719 68.082 70.927 71.907 71.603 70.910 73.877 72.569 67.543 68.357 60.943 60.943 49.883 -999.250 -999.250 -999.250 -999.250 -999.250 -999.250 -999.250 -999.250 -999.250 -999.250 -999.250 -999.250 -999.250 -999.250 -999.250 -999.250 -999.250 -999.250 -999.250 -999.250
8.977 9.491 9.084 6.019 7.162 5.079 5.440 3.990 3.945 6.454 10.529 11.282 13.588 11.420 11.852 12.306 15.706 13.892 17.789 18.881 20.650 23.213 22.401 26.465 29.917 32.066 31.769 32.358 38.389 39.432 44.822 51.157 56.619 55.184 64.559 56.643 62.982 58.054 62.243 63.697 68.346 64.486 62.914 58.342 56.869 52.992 -999.250 -999.250 -999.250 -999.250 -999.250 -999.250 -999.250 -999.250 -999.250 -999.250 -999.250 -999.250 -999.250 -999.250 -999.250 -999.250 -999.250 -999.250 -999.250 -999.250 -999.250
