data/medianmodel_08-Feb-2021.asc
ncols	141
nrows	288
xllcorner	-120191.398
yllcorner	-301404.813
cellsize	2000.000
NODATA_value	-999.250
[rows 28 to 55 of 288, columns 64 to 127 of 141]
835.624 859.804 825.685 859.215 857.679 877.528 958.384 999.408 1103.196 1151.002 1182.353 1185.284 1227.647 1166.247 1144.855 1120.997 1021.615 975.876 948.323 905.091 891.192 867.634 823.748 866.955 825.168 850.522 866.899 880.687 890.637 943.999 954.854 967.726 949.532 982.939 945.938 945.130 917.168 870.336 883.342 848.532 824.750 784.328 778.477 728.841 734.107 744.071 744.805 746.386 745.809 758.510 724.649 718.020 683.200 678.286 672.087 644.416 580.074 551.764 545.395 538.299 496.283 476.233 444.998 439.488
824.909 806.673 822.191 847.927 881.331 915.448 959.840 1018.448 1086.146 1137.357 1167.969 1162.640 1176.975 1109.418 1044.407 1000.917 985.414 937.012 915.911 859.449 849.606 848.858 855.786 831.110 844.395 855.411 900.208 896.597 939.700 973.425 1019.031 1017.099 1011.670 1027.297 1032.720 981.896 958.789 892.470 886.938 851.840 834.204 788.403 724.584 709.592 713.535 716.523 707.548 739.508 732.632 736.860 737.588 706.283 705.759 686.742 648.681 640.630 598.529 545.641 517.433 500.714 483.319 463.101 392.361 371.892
769.393 787.584 797.701 815.305 865.667 929.663 948.799 986.183 1064.247 1049.667 1167.638 1186.378 1113.922 1048.094 1001.077 972.824 878.648 891.014 876.415 841.193 853.826 835.945 828.243 810.256 885.032 878.620 893.460 955.727 960.068 999.825 1031.017 1062.601 1109.713 1083.892 1072.349 1043.329 1004.622 931.247 919.733 890.591 844.523 805.325 751.906 704.018 668.116 679.486 690.787 745.257 728.586 720.635 757.569 701.847 695.569 686.060 665.559 619.362 602.366 537.477 513.561 480.497 464.485 391.724 334.656 298.285
730.715 735.305 760.537 807.279 816.783 915.633 947.176 1016.625 1073.484 1122.824 1116.211 1136.847 1040.062 997.254 944.524 924.289 880.724 825.804 835.721 819.258 816.841 809.894 792.283 834.831 839.226 877.805 915.843 969.384 998.142 1077.577 1064.671 1119.449 1144.696 1145.362 1175.543 1138.873 1023.803 996.677 942.293 897.441 920.576 838.497 763.330 696.192 673.283 673.857 701.109 733.832 730.716 744.827 737.709 734.024 726.629 709.412 688.405 624.438 571.184 542.638 521.197 502.703 484.182 400.687 362.808 355.797
660.374 689.673 720.708 774.204 817.362 887.777 967.895 1037.978 1062.794 1118.240 1128.332 1106.947 1046.174 958.340 869.773 873.366 810.109 783.640 776.851 766.466 774.675 766.572 799.522 843.623 864.708 907.027 970.581 996.461 1028.592 1076.615 1147.362 1172.513 1172.085 1174.482 1152.593 1147.412 1096.060 1052.088 1018.607 958.881 937.689 881.235 784.817 741.742 665.368 654.513 711.811 739.472 775.931 779.930 759.825 772.884 705.232 709.748 710.174 670.344 591.297 543.356 538.965 524.439 478.410 454.052 418.858 413.568
598.270 631.559 667.572 714.042 808.783 858.195 946.444 1002.872 1061.713 1116.925 1096.366 1081.219 1032.056 932.713 851.709 829.607 790.882 703.348 718.408 712.126 722.807 741.849 779.667 818.090 886.050 906.042 961.946 1010.520 1022.380 1099.808 1188.224 1199.289 1210.327 1217.614 1234.028 1186.101 1218.599 1145.380 1126.335 1059.651 991.489 968.877 879.188 778.417 661.339 718.751 753.876 774.995 811.243 825.445 810.850 796.943 768.102 751.947 730.054 629.349 594.629 557.646 542.090 523.980 491.577 487.201 472.240 473.856
518.301 559.986 625.474 691.577 780.025 824.677 907.864 973.130 1039.697 1146.941 1076.983 997.557 978.298 883.583 831.190 761.676 696.678 632.367 641.883 657.979 672.827 691.851 755.565 821.868 871.074 891.921 963.604 1002.543 1083.821 1094.103 1167.590 1157.308 1248.966 1288.231 1269.374 1316.072 1284.491 1277.778 1213.875 1134.188 1075.477 1009.387 965.692 871.048 831.384 823.838 836.633 850.698 851.005 863.873 866.017 831.841 827.248 814.227 776.158 710.624 640.079 591.989 551.177 528.494 513.083 507.959 501.549 510.041
534.011 555.041 594.997 652.095 736.758 802.578 880.316 952.884 1001.586 1043.594 1022.495 963.631 890.296 860.108 787.793 731.694 631.280 535.072 578.116 631.278 681.538 715.059 791.333 851.434 893.305 955.433 1001.520 1060.309 1127.345 1167.451 1218.241 1281.267 1322.576 1369.709 1363.089 1395.422 1374.833 1334.693 1298.696 1302.981 1264.163 1213.051 1082.174 1011.902 987.034 947.491 957.632 942.328 930.322 934.933 938.514 884.668 876.316 837.846 799.041 717.914 667.947 616.171 587.649 563.653 542.012 547.200 535.968 536.121
549.664 546.093 569.620 634.309 709.437 757.169 830.661 897.999 949.122 979.324 987.339 905.580 875.241 833.190 776.843 677.841 609.849 583.976 588.387 651.284 682.159 725.650 802.883 864.943 904.887 978.124 1042.545 1085.437 1177.367 1257.222 1263.871 1302.417 1351.544 1343.100 1446.658 1420.428 1429.373 1417.199 1434.139 1409.969 1399.623 1326.341 1255.795 1209.086 1211.833 1150.767 1154.603 1095.176 1014.459 1023.774 1001.400 963.863 886.098 877.101 829.240 764.510 717.628 678.475 627.987 610.588 599.941 575.483 563.039 568.100
542.582 532.486 558.700 603.846 676.867 748.634 822.647 872.263 948.616 956.350 929.635 889.832 834.683 799.070 740.782 681.744 630.071 594.433 596.453 653.953 724.621 762.351 818.922 879.552 926.400 1013.111 1080.190 1139.055 1191.795 1234.127 1250.661 1333.285 1408.420 1470.592 1520.237 1483.811 1484.943 1518.816 1508.138 1521.894 1494.528 1489.639 1444.835 1435.479 1367.423 1346.312 1334.281 1248.303 1207.257 1095.726 1101.697 1063.856 940.188 896.757 839.230 822.257 779.940 717.939 645.243 644.564 630.594 613.209 601.069 633.363
539.493 542.227 551.436 577.500 617.280 678.327 782.158 839.038 870.305 933.218 884.606 847.896 814.980 770.627 736.778 672.805 650.309 625.050 652.238 653.038 719.951 780.081 802.202 865.093 922.120 1028.725 1101.775 1169.630 1175.254 1234.191 1264.365 1351.999 1364.258 1483.864 1548.863 1531.260 1571.779 1611.395 1667.088 1637.539 1602.805 1578.212 1560.504 1562.076 1485.093 1480.053 1453.465 1398.446 1331.626 1239.906 1181.063 1111.465 1044.802 979.754 906.254 841.016 822.330 773.117 715.797 692.987 682.232 680.546 673.433 688.640
547.926 528.365 544.773 563.943 608.439 648.751 706.763 787.366 819.622 850.696 863.932 836.666 810.956 763.559 733.105 682.603 667.612 674.110 675.854 693.299 723.133 789.618 828.654 872.155 956.356 1009.712 1066.273 1131.972 1160.531 1243.385 1304.118 1346.681 1442.774 1510.104 1565.948 1609.353 1644.639 1679.102 1724.502 1696.149 1693.139 1743.195 1661.989 1689.021 1689.952 1669.380 1586.498 1539.740 1478.422 1425.019 1341.856 1191.406 1131.243 1035.282 976.119 934.649 876.066 831.207 780.485 768.272 721.154 763.905 720.974 733.723
534.750 531.142 526.611 546.661 573.084 617.264 681.028 727.872 776.841 819.620 807.021 823.003 789.117 778.327 750.501 724.037 689.780 666.933 690.137 721.746 771.983 803.462 832.568 921.784 1006.773 1052.071 1024.011 1138.626 1201.566 1230.891 1298.684 1352.523 1450.250 1510.636 1593.468 1636.278 1735.826 1838.974 1787.060 1799.773 1807.832 1823.887 1813.644 1819.449 1791.467 1788.882 1746.002 1652.322 1573.961 1475.104 1431.594 1266.242 1174.071 1148.710 1019.882 957.221 940.265 885.435 821.601 806.986 765.580 772.071 746.175 754.469
560.355 537.174 523.901 489.490 545.385 578.801 655.005 705.561 731.737 759.066 780.006 782.759 798.575 792.613 762.699 717.653 729.515 705.263 726.778 754.560 762.145 792.991 814.131 916.367 959.811 1000.363 1011.645 1072.132 1183.136 1251.844 1311.634 1373.732 1472.441 1528.726 1653.506 1721.298 1782.595 1869.370 1853.317 1846.052 1880.809 1938.799 1870.534 1924.209 1964.121 2009.388 1966.019 1776.376 1672.449 1537.675 1444.712 1374.902 1239.709 1155.899 1123.982 993.838 948.683 901.520 857.141 802.894 794.371 792.438 786.648 805.813
585.687 558.879 527.790 520.941 542.811 615.416 620.424 692.988 728.753 746.715 754.860 779.782 785.941 793.607 742.067 748.869 740.597 763.363 743.628 719.248 768.964 796.232 816.884 868.853 886.464 955.710 990.332 1046.922 1134.673 1233.739 1286.028 1369.202 1454.164 1591.442 1677.967 1788.732 1846.462 1994.816 1943.697 2013.566 2010.977 1997.455 2010.349 2057.018 2050.834 2092.554 1974.649 1856.498 1762.767 1590.262 1514.271 1418.652 1325.430 1167.164 1072.210 1054.293 949.129 905.609 838.072 825.323 838.700 821.296 816.283 797.824
600.260 594.174 556.604 537.428 565.164 594.666 630.591 668.716 714.664 737.913 758.077 777.438 813.351 816.974 795.677 748.659 742.150 766.842 754.402 741.381 781.935 792.757 815.369 825.393 861.455 885.565 940.028 969.942 1074.753 1156.536 1249.369 1360.494 1461.585 1592.861 1734.397 1789.673 1848.436 1997.310 2045.377 2058.977 2062.627 2064.826 2044.213 2078.049 2161.516 2241.758 2087.943 1885.074 1851.683 1615.844 1482.598 1372.825 1326.735 1197.593 1120.751 1057.113 991.095 946.644 912.841 858.840 858.707 847.637 813.030 842.284
638.533 599.597 610.023 576.049 585.304 600.784 613.740 636.719 674.182 732.080 761.712 765.921 806.389 811.947 813.931 805.014 783.319 747.871 755.024 762.958 783.465 765.669 787.495 799.288 810.089 857.342 903.259 948.696 974.314 1047.640 1162.306 1252.999 1430.483 1543.688 1669.556 1756.964 1895.347 2011.406 1985.961 2027.701 2026.750 2014.825 2077.463 2110.592 2097.789 2139.156 2033.525 1880.337 1730.525 1625.005 1491.844 1402.359 1336.524 1177.973 1127.393 1062.813 1008.432 955.491 923.833 885.309 860.102 843.702 859.665 842.807
666.969 643.075 624.431 624.793 586.416 610.650 614.214 638.411 657.571 697.538 732.231 784.403 834.651 826.628 814.230 824.798 794.957 781.142 782.964 767.044 777.981 773.264 747.936 764.123 782.152 795.768 856.280 909.647 943.483 1022.451 1062.174 1208.821 1359.176 1500.889 1628.433 1800.219 1892.273 1977.362 1973.348 2060.984 2012.076 2015.457 2019.933 2046.385 2051.312 2045.851 1874.433 1807.869 1744.912 1604.412 1505.476 1412.823 1265.300 1190.605 1082.680 1056.432 1012.869 964.708 932.993 891.106 887.245 851.993 828.635 829.393
689.954 679.450 645.689 636.240 622.147 617.094 608.543 640.698 646.409 670.419 737.056 765.844 834.634 832.758 844.447 831.043 840.376 815.592 820.571 807.518 796.312 782.446 760.823 741.508 742.084 788.392 842.128 859.273 921.831 976.636 1039.267 1136.646 1296.530 1414.464 1576.357 1757.581 1955.624 2038.824 2051.646 2002.633 2004.976 1942.863 1931.978 1861.452 1846.318 1859.603 1776.497 1731.562 1641.358 1535.632 1424.101 1395.395 1289.539 1128.656 1114.030 1026.363 1006.066 965.487 933.486 893.744 888.286 831.585 818.215 840.867
705.454 689.946 655.816 647.513 633.318 637.068 621.254 607.990 645.545 652.001 680.596 755.556 786.473 813.614 815.637 833.474 844.987 838.364 831.350 844.187 829.036 846.870 824.379 799.117 705.882 825.137 879.696 888.407 958.096 960.847 979.992 1052.967 1160.913 1342.470 1500.102 1703.926 1853.224 2035.076 1938.928 1901.537 1875.987 1827.149 1757.969 1736.215 1695.291 1670.698 1648.003 1550.419 1453.220 1463.614 1374.262 1231.413 1217.575 1139.082 1078.132 985.307 954.923 914.619 910.893 908.339 896.749 813.537 835.447 840.881
715.804 675.201 676.785 660.826 664.428 624.557 586.933 579.100 598.688 627.432 654.508 693.271 745.509 763.397 789.891 821.233 834.061 849.884 867.246 886.570 902.975 948.926 904.417 912.793 937.697 939.116 994.812 1001.390 989.609 944.401 912.486 943.117 1056.050 1240.166 1426.525 1584.308 1678.116 1758.425 1747.920 1731.292 1671.614 1661.471 1617.194 1617.438 1554.049 1501.221 1503.467 1449.581 1383.504 1299.605 1270.999 1183.155 1185.631 1150.118 1046.735 965.348 919.717 894.445 916.870 917.467 848.560 847.139 846.759 828.947
746.365 723.558 692.363 662.000 639.383 613.601 565.358 570.626 570.794 585.793 615.263 668.702 698.267 735.133 790.795 813.597 842.158 858.529 916.329 963.163 985.117 1040.463 1079.263 1131.251 1170.804 1212.859 1261.032 1215.662 1105.611 1010.649 934.551 811.860 981.788 1149.826 1309.448 1447.701 1484.108 1591.208 1560.728 1513.375 1509.169 1429.377 1417.577 1376.400 1357.343 1373.905 1344.940 1284.267 1305.051 1217.476 1197.725 1102.815 1030.172 1050.509 1013.978 962.031 882.092 881.995 869.754 -999.250 867.111 846.257 -999.250 -999.250
730.634 711.543 712.430 671.050 657.820 629.636 588.307 575.273 561.791 551.538 560.941 611.930 654.850 726.326 779.548 819.112 839.277 897.582 957.140 1017.182 1075.137 1201.375 1299.615 1366.477 1437.471 1458.657 1457.784 1438.042 1325.437 1207.341 1019.348 984.064 1021.496 1102.374 1211.672 1314.102 1372.718 1346.220 1337.900 1293.435 1201.111 1189.822 1124.020 1103.176 1111.267 1132.702 1126.066 1112.054 1095.040 1109.232 1040.114 1026.803 975.304 928.744 916.648 898.229 881.586 -999.250 -999.250 -999.250 -999.250 -999.250 -999.250 -999.250
734.477 772.722 738.982 738.708 694.014 655.679 619.377 580.664 564.028 531.084 532.071 581.438 666.435 773.738 773.671 843.477 866.097 935.596 988.921 1030.869 1176.203 1329.938 1478.121 1562.853 1658.123 1718.962 1677.232 1651.767 1531.220 1382.346 1287.231 1157.528 1133.318 1205.133 1258.946 1230.551 1180.170 1151.731 1096.326 979.677 925.992 916.400 912.955 885.090 928.492 942.022 933.190 980.736 959.922 959.735 957.779 950.092 954.216 907.896 853.017 845.655 -999.250 -999.250 -999.250 -999.250 -999.250 -999.250 -999.250 -999.250
748.688 768.629 787.328 783.948 775.644 722.569 661.861 625.116 623.295 589.277 530.383 641.877 754.267 795.986 812.890 843.134 886.054 920.299 948.574 1078.347 1256.334 1443.339 1613.744 1765.931 1933.592 2029.791 2002.625 1960.132 1733.872 1566.727 1457.231 1379.779 1342.771 1257.789 1250.087 1148.351 1079.177 1007.586 911.203 779.214 652.782 659.950 730.935 769.469 801.606 836.168 828.869 843.829 873.028 857.530 859.147 849.807 854.688 820.647 823.690 835.633 -999.250 -999.250 -999.250 -999.250 -999.250 -999.250 -999.250 -999.250
790.164 812.813 863.816 866.121 862.526 799.289 725.020 691.256 722.550 763.955 868.573 818.417 840.488 871.717 877.124 880.190 884.909 894.264 943.888 1050.110 1306.659 1533.289 1742.499 2018.569 2222.423 2369.879 2253.272 2177.160 2035.325 1783.352 1650.043 1491.161 1454.090 1355.327 1207.378 1128.095 1042.006 946.439 824.307 597.996 376.868 499.188 549.350 628.876 674.690 724.231 723.743 755.955 765.009 806.181 787.339 796.268 791.996 786.555 787.216 -999.250 -999.250 -999.250 -999.250 -999.250 -999.250 -999.250 -999.250 -999.250
856.970 905.037 911.863 972.633 1040.585 954.668 807.265 814.089 810.899 848.897 877.005 907.736 914.989 938.831 944.653 895.290 894.534 861.312 899.679 984.328 1243.291 1584.663 1847.139 2209.362 2496.094 2769.487 2638.853 2402.339 2205.508 1897.648 1729.716 1583.307 1489.172 1322.811 1255.159 1144.944 1031.418 964.239 790.223 605.113 475.193 481.128 512.486 556.777 584.214 633.565 658.557 641.446 682.615 687.851 720.644 708.196 725.358 754.531 -999.250 -999.250 -999.250 -999.250 -999.250 -999.250 -999.250 -999.250 -999.250 -999.250
953.079 986.214 1008.107 1283.193 1382.127 1265.069 1109.090 990.977 938.859 901.388 920.700 946.817 956.930 986.513 1008.695 992.018 924.829 832.602 785.697 827.812 1113.221 1566.640 1962.762 2346.614 2973.420 3368.421 3035.430 2499.637 2240.144 2078.471 1805.972 1656.556 1530.741 1364.543 1324.687 1189.635 1071.607 974.967 824.892 665.767 541.364 508.465 499.858 504.986 543.892 559.660 617.981 613.275 605.706 636.218 660.468 693.655 671.248 697.849 -999.250 -999.250 -999.250 -999.250 -999.250 -999.250 -999.250 -999.250 -999.250 -999.250
