data/medianmodel_26-Dec-2020.asc
ncols	141
nrows	288
xllcorner	-120191.398
yllcorner	-301404.813
cellsize	2000.000
NODATA_value	-999.250
[rows 203 to 231 of 288, columns 64 to 127 of 141]
911.482 976.703 943.856 935.360 906.992 855.510 755.376 678.408 559.155 505.971 431.993 358.903 290.944 246.036 181.071 143.832 93.449 71.678 61.311 68.131 108.893 177.677 286.893 418.135 536.653 762.333 935.398 1114.602 1238.013 1389.038 1672.318 -999.250 -999.250 -999.250 -999.250 -999.250 -999.250 -999.250 -999.250 -999.250 -999.250 -999.250 -999.250 -999.250 -999.250 -999.250 -999.250 -999.250 -999.250 -999.250 -999.250 -999.250 -999.250 -999.250 -999.250 -999.250 -999.250 -999.250 -999.250 -999.250 -999.250 -999.250 -999.250 -999.250
1002.127 979.895 953.983 963.477 893.355 871.921 781.264 716.484 629.346 507.198 440.134 366.671 302.179 241.769 177.718 126.594 83.264 57.454 42.868 61.986 86.698 158.387 258.474 420.732 576.580 802.470 976.001 1115.743 1269.285 1555.607 1793.188 1903.563 -999.250 -999.250 -999.250 -999.250 -999.250 -999.250 -999.250 -999.250 -999.250 -999.250 -999.250 -999.250 -999.250 -999.250 -999.250 -999.250 -999.250 -999.250 -999.250 -999.250 -999.250 -999.250 -999.250 -999.250 -999.250 -999.250 -999.250 -999.250 -999.250 -999.250 -999.250 -999.250
1039.547 1005.943 1022.665 978.690 951.863 861.450 805.673 697.750 638.215 522.180 447.692 367.739 312.604 229.672 163.154 122.370 71.558 41.478 38.903 41.433 65.708 135.133 232.986 420.012 612.700 833.671 1004.197 1240.474 1376.378 1689.202 1921.443 -999.250 -999.250 -999.250 -999.250 -999.250 -999.250 -999.250 -999.250 -999.250 -999.250 -999.250 -999.250 -999.250 -999.250 -999.250 -999.250 -999.250 -999.250 -999.250 -999.250 -999.250 -999.250 -999.250 -999.250 -999.250 -999.250 -999.250 -999.250 -999.250 -999.250 -999.250 -999.250 -999.250
1025.343 1037.949 1034.717 987.852 983.125 892.898 854.531 700.046 623.058 531.425 460.802 373.985 312.865 242.831 173.450 119.298 73.246 44.364 36.899 37.550 54.333 99.850 258.410 447.351 642.665 919.967 1045.113 1181.615 1471.645 1919.848 2138.126 2313.383 -999.250 -999.250 -999.250 -999.250 -999.250 -999.250 -999.250 -999.250 -999.250 -999.250 -999.250 -999.250 -999.250 -999.250 -999.250 -999.250 -999.250 -999.250 -999.250 -999.250 -999.250 -999.250 -999.250 -999.250 -999.250 -999.250 -999.250 -999.250 -999.250 -999.250 -999.250 -999.250
1125.239 1097.041 1063.613 1015.622 1000.205 887.786 813.636 743.382 611.732 547.820 471.409 399.330 322.526 242.791 169.006 102.911 69.370 46.109 46.045 48.032 85.287 162.771 301.637 458.120 661.706 934.113 1110.013 1302.735 1682.978 2046.157 2565.645 2660.415 2819.608 -999.250 -999.250 -999.250 -999.250 -999.250 -999.250 -999.250 -999.250 -999.250 -999.250 -999.250 -999.250 -999.250 -999.250 -999.250 -999.250 -999.250 -999.250 -999.250 -999.250 -999.250 -999.250 -999.250 -999.250 -999.250 -999.250 -999.250 -999.250 -999.250 -999.250 -999.250
1170.475 1146.699 1164.543 1114.009 1018.975 925.705 847.180 735.438 656.250 588.770 482.917 410.110 320.968 238.468 151.512 114.683 85.020 67.883 66.259 89.066 126.711 216.421 357.407 508.907 674.444 975.797 1194.419 1452.883 1834.633 2126.932 2400.958 2903.956 3051.744 -999.250 -999.250 -999.250 -999.250 -999.250 -999.250 -999.250 -999.250 -999.250 -999.250 -999.250 -999.250 -999.250 -999.250 -999.250 -999.250 -999.250 -999.250 -999.250 -999.250 -999.250 -999.250 -999.250 -999.250 -999.250 -999.250 -999.250 -999.250 -999.250 -999.250 -999.250
1211.230 1194.130 1259.308 1119.896 1060.691 970.281 925.396 810.967 766.948 624.354 531.505 446.290 341.148 253.481 176.455 126.892 105.868 83.692 101.882 126.384 182.813 298.858 416.661 548.305 781.093 981.207 1232.877 1564.345 1886.322 2225.435 2573.128 2988.089 3224.490 3105.974 -999.250 -999.250 -999.250 -999.250 -999.250 -999.250 -999.250 -999.250 -999.250 -999.250 -999.250 -999.250 -999.250 -999.250 -999.250 -999.250 -999.250 -999.250 -999.250 -999.250 -999.250 -999.250 -999.250 -999.250 -999.250 -999.250 -999.250 -999.250 -999.250 -999.250
1258.260 1376.222 1289.592 1156.849 1061.596 988.804 912.106 816.437 755.445 702.397 563.106 479.094 383.639 294.285 206.934 151.917 129.709 123.431 139.341 182.498 259.291 331.540 464.131 635.956 810.899 1019.782 1252.876 1585.732 1831.701 2245.526 2514.670 2874.070 3084.960 2985.761 2874.922 -999.250 -999.250 -999.250 -999.250 -999.250 -999.250 -999.250 -999.250 -999.250 -999.250 -999.250 -999.250 -999.250 -999.250 -999.250 -999.250 -999.250 -999.250 -999.250 -999.250 -999.250 -999.250 -999.250 -999.250 -999.250 -999.250 -999.250 -999.250 -999.250
1250.623 1516.035 1286.236 1193.589 1093.870 1012.150 939.720 881.532 827.715 773.874 657.398 522.011 431.705 311.403 229.902 170.215 176.034 177.833 191.711 230.075 314.170 401.329 504.095 624.598 867.194 1050.738 1192.704 1444.269 1893.056 1986.298 2197.672 2751.622 2816.464 2847.326 2782.809 2753.851 -999.250 -999.250 -999.250 -999.250 -999.250 -999.250 -999.250 -999.250 -999.250 -999.250 -999.250 -999.250 -999.250 -999.250 -999.250 -999.250 -999.250 -999.250 -999.250 -999.250 -999.250 -999.250 -999.250 -999.250 -999.250 -999.250 -999.250 -999.250
1152.327 1225.732 1175.784 1059.338 998.551 965.597 922.401 898.820 880.496 832.377 754.185 631.919 501.778 359.841 251.173 216.785 221.412 250.040 252.115 305.920 346.424 446.661 531.881 681.612 878.525 1016.200 1178.000 1475.937 1692.532 1921.089 2086.529 2468.480 2488.309 2685.243 2655.116 2612.565 2300.690 -999.250 -999.250 -999.250 -999.250 -999.250 -999.250 -999.250 -999.250 -999.250 -999.250 -999.250 -999.250 -999.250 -999.250 -999.250 -999.250 -999.250 -999.250 -999.250 -999.250 -999.250 -999.250 -999.250 -999.250 -999.250 -999.250 -999.250
978.221 1006.256 994.772 956.953 918.413 919.797 893.157 914.842 913.152 935.269 880.788 830.046 661.129 475.981 274.537 311.343 322.766 335.890 339.730 370.602 412.559 474.233 544.595 665.225 816.467 978.558 1123.557 1244.375 1552.106 1792.537 1917.836 2107.868 2322.052 2281.798 2367.664 2415.970 2028.318 -999.250 -999.250 -999.250 -999.250 -999.250 -999.250 -999.250 -999.250 -999.250 -999.250 -999.250 -999.250 -999.250 -999.250 -999.250 -999.250 -999.250 -999.250 -999.250 -999.250 -999.250 -999.250 -999.250 -999.250 -999.250 -999.250 -999.250
736.183 786.470 772.587 773.435 806.346 865.397 919.733 958.317 991.811 1019.662 1019.501 1031.681 908.608 749.169 561.200 487.415 459.124 453.880 461.702 456.343 480.168 508.695 576.501 662.266 776.372 885.253 1021.463 1160.967 1302.740 1565.319 1708.479 1799.250 1988.911 2076.743 2049.406 1911.698 1905.045 1800.633 -999.250 -999.250 -999.250 -999.250 -999.250 -999.250 -999.250 -999.250 -999.250 -999.250 -999.250 -999.250 -999.250 -999.250 -999.250 -999.250 -999.250 -999.250 -999.250 -999.250 -999.250 -999.250 -999.250 -999.250 -999.250 -999.250
498.318 517.151 534.009 615.265 690.949 730.252 870.288 964.186 1038.066 1112.736 1220.659 1200.232 1169.895 992.256 845.228 736.958 659.163 592.165 528.683 510.590 547.512 535.162 576.347 644.637 717.805 795.472 953.397 1037.130 1175.610 1315.201 1399.678 1583.123 1837.307 1848.326 1825.589 1740.498 1733.103 1520.993 1406.492 -999.250 -999.250 -999.250 -999.250 -999.250 -999.250 -999.250 -999.250 -999.250 -999.250 -999.250 -999.250 -999.250 -999.250 -999.250 -999.250 -999.250 -999.250 -999.250 -999.250 -999.250 -999.250 -999.250 -999.250 -999.250
323.651 313.514 357.670 453.699 546.705 649.234 787.825 938.673 1081.072 1231.062 1403.556 1595.163 1381.042 1185.057 986.329 861.440 805.289 705.838 637.601 621.370 567.233 584.183 608.425 607.210 665.672 759.490 840.525 971.985 1003.596 1119.798 1263.212 1339.939 1505.401 1531.887 1465.674 1449.173 1504.104 1343.988 1252.412 -999.250 -999.250 -999.250 -999.250 -999.250 -999.250 -999.250 -999.250 -999.250 -999.250 -999.250 -999.250 -999.250 -999.250 -999.250 -999.250 -999.250 -999.250 -999.250 -999.250 -999.250 -999.250 -999.250 -999.250 -999.250
167.963 121.114 206.135 323.723 439.025 534.109 744.594 890.304 1051.858 1267.966 1680.025 1905.626 1588.377 1315.799 1128.620 981.932 907.681 837.238 768.863 674.491 625.382 627.839 667.843 620.399 638.566 743.252 783.993 805.308 899.501 967.582 1023.309 1084.487 1132.018 1177.829 1194.562 1265.326 1234.260 1190.315 1058.085 -999.250 -999.250 -999.250 -999.250 -999.250 -999.250 -999.250 -999.250 -999.250 -999.250 -999.250 -999.250 -999.250 -999.250 -999.250 -999.250 -999.250 -999.250 -999.250 -999.250 -999.250 -999.250 -999.250 -999.250 -999.250
76.019 71.801 127.059 209.378 322.830 442.826 569.659 816.659 1014.736 1264.889 1536.465 1680.261 1566.514 1264.770 1144.700 994.923 964.292 929.889 795.994 725.478 670.823 642.427 654.434 654.195 612.842 642.389 661.872 696.979 784.037 783.258 878.045 932.312 986.820 1007.517 995.095 1015.525 1051.515 1028.659 946.927 847.811 -999.250 -999.250 -999.250 -999.250 -999.250 -999.250 -999.250 379.140 -999.250 -999.250 -999.250 -999.250 -999.250 -999.250 -999.250 -999.250 -999.250 -999.250 -999.250 -999.250 -999.250 -999.250 -999.250 -999.250
30.977 39.537 80.427 145.596 229.704 323.849 472.714 724.328 951.757 1113.117 1263.396 1371.784 1323.765 1233.481 1187.124 984.625 1022.099 936.325 863.386 766.572 737.330 662.678 589.943 577.589 526.083 525.818 544.432 573.831 567.587 606.835 708.059 739.376 801.477 874.329 893.243 867.021 926.702 823.238 736.107 667.173 559.246 -999.250 -999.250 -999.250 288.737 283.114 274.704 278.986 -999.250 -999.250 -999.250 -999.250 -999.250 -999.250 -999.250 -999.250 -999.250 -999.250 -999.250 -999.250 -999.250 -999.250 -999.250 -999.250
12.064 29.608 63.312 107.378 181.045 263.420 326.442 587.288 865.978 1008.512 1168.790 1245.439 1203.917 1168.696 1148.633 1056.595 1029.934 960.578 900.141 815.391 747.248 663.033 552.508 511.821 468.606 455.737 432.957 458.729 447.836 462.096 508.232 561.063 642.810 649.116 673.834 704.262 702.567 648.171 610.333 542.656 442.517 -999.250 249.023 179.669 147.021 159.528 166.337 -999.250 -999.250 -999.250 -999.250 -999.250 -999.250 -999.250 -999.250 -999.250 -999.250 -999.250 -999.250 -999.250 -999.250 -999.250 -999.250 -999.250
8.791 13.470 47.346 86.305 160.441 241.111 347.793 509.510 767.965 914.000 1025.671 1112.571 1080.360 1114.597 1066.364 1063.329 998.449 947.863 894.077 824.742 696.294 571.689 564.834 482.850 425.413 382.613 335.283 288.206 259.704 310.174 384.085 427.877 472.262 503.277 509.655 510.327 505.283 480.697 459.666 373.101 304.403 200.267 108.568 0.000 37.716 59.840 89.046 -999.250 -999.250 -999.250 -999.250 -999.250 -999.250 -999.250 -999.250 -999.250 -999.250 -999.250 -999.250 -999.250 -999.250 -999.250 -999.250 -999.250
14.641 21.176 53.458 97.962 174.779 259.794 368.937 514.667 692.295 852.918 926.153 963.416 1008.265 1061.975 1028.122 1016.897 988.593 929.101 901.452 762.187 689.067 570.857 536.929 421.607 364.633 313.871 250.416 167.441 102.056 183.508 251.799 307.876 338.503 379.988 393.944 364.051 355.879 330.704 311.147 245.975 191.178 110.578 38.064 0.000 0.000 7.860 42.863 -999.250 -999.250 -999.250 -999.250 -999.250 -999.250 -999.250 -999.250 -999.250 -999.250 -999.250 -999.250 -999.250 -999.250 -999.250 -999.250 -999.250
26.498 39.171 65.857 107.962 174.593 284.601 376.061 509.003 666.166 779.741 879.974 944.036 968.909 984.728 1001.034 980.659 924.875 896.141 810.623 707.848 628.706 540.828 458.732 397.605 321.023 240.990 160.797 108.448 72.935 106.933 157.296 204.423 254.197 281.703 301.105 294.179 256.754 234.930 208.353 143.726 103.420 44.690 2.118 0.000 0.000 0.000 8.569 -999.250 -999.250 -999.250 -999.250 -999.250 -999.250 -999.250 -999.250 -999.250 -999.250 -999.250 -999.250 -999.250 -999.250 -999.250 -999.250 -999.250
39.644 57.661 86.863 129.690 201.671 288.392 385.987 493.611 619.958 708.868 830.872 926.166 958.361 931.468 910.313 928.495 866.052 809.722 767.702 648.991 571.301 491.063 421.053 343.707 257.607 189.412 133.458 78.520 60.605 65.580 109.810 138.647 165.071 187.846 197.937 191.109 163.796 136.111 116.869 79.698 39.898 7.533 0.000 0.000 0.000 0.000 -999.250 -999.250 -999.250 -999.250 -999.250 -999.250 -999.250 -999.250 -999.250 -999.250 -999.250 -999.250 -999.250 -999.250 -999.250 -999.250 -999.250 -999.250
50.834 72.665 106.184 155.854 212.849 300.646 378.821 490.147 561.659 698.854 802.124 855.394 862.902 869.372 871.493 863.942 773.253 763.303 699.721 547.474 504.235 467.341 378.466 310.560 229.418 151.015 108.388 70.745 42.801 41.383 55.892 77.498 87.250 118.634 108.375 102.101 94.828 86.374 58.721 36.879 9.394 0.000 0.000 0.000 0.000 0.000 -999.250 -999.250 -999.250 -999.250 -999.250 -999.250 -999.250 -999.250 -999.250 -999.250 -999.250 -999.250 -999.250 -999.250 -999.250 -999.250 -999.250 -999.250
76.363 96.509 115.285 167.585 234.513 320.876 389.746 462.605 521.369 625.982 720.061 781.958 791.896 792.191 789.477 785.406 716.519 637.782 585.399 508.607 475.278 399.133 330.985 262.391 198.656 147.202 85.771 44.159 25.489 20.147 28.000 36.426 40.795 48.739 52.921 44.868 43.904 35.695 20.576 5.599 0.000 0.000 0.000 0.000 0.000 0.000 -999.250 -999.250 -999.250 -999.250 -999.250 -999.250 -999.250 -999.250 -999.250 -999.250 -999.250 -999.250 -999.250 -999.250 -999.250 -999.250 -999.250 -999.250
80.777 111.844 149.222 190.411 256.315 333.587 407.729 448.629 490.238 573.140 617.207 717.387 737.288 741.042 725.724 689.200 639.792 595.827 526.089 475.019 414.051 344.500 289.574 231.871 174.446 116.532 77.249 43.760 19.971 5.227 0.000 2.641 8.457 10.886 15.721 9.107 6.345 6.403 0.000 0.000 0.000 0.000 0.000 0.000 0.000 -999.250 -999.250 -999.250 -999.250 -999.250 -999.250 -999.250 -999.250 -999.250 -999.250 -999.250 -999.250 -999.250 -999.250 -999.250 -999.250 -999.250 -999.250 -999.250
99.093 121.377 152.629 218.067 266.612 327.693 405.666 444.371 480.481 527.628 598.134 619.062 645.056 628.556 633.557 598.235 542.183 527.068 497.416 434.702 353.755 313.990 246.024 205.951 141.058 103.977 74.277 39.893 13.866 0.000 0.000 0.000 0.000 0.000 0.000 0.000 0.000 0.000 0.000 0.000 -999.250 -999.250 0.000 0.000 0.000 -999.250 -999.250 -999.250 -999.250 -999.250 -999.250 -999.250 -999.250 -999.250 -999.250 -999.250 -999.250 -999.250 -999.250 -999.250 -999.250 -999.250 -999.250 -999.250
114.388 144.767 185.646 211.873 286.028 332.959 405.015 434.442 469.679 500.129 524.967 535.764 557.394 563.281 565.321 545.602 496.358 485.388 442.183 373.416 325.473 283.627 225.720 171.291 116.854 84.009 61.112 31.524 6.039 0.000 0.000 0.000 0.000 0.000 0.000 0.000 0.000 0.000 0.000 0.000 -999.250 -999.250 -999.250 -999.250 -999.250 -999.250 -999.250 -999.250 -999.250 -999.250 -999.250 -999.250 -999.250 -999.250 -999.250 -999.250 -999.250 -999.250 -999.250 -999.250 -999.250 -999.250 -999.250 -999.250
120.666 150.112 180.828 221.220 279.418 332.606 360.294 395.689 433.332 467.740 485.020 522.567 520.462 503.934 511.906 482.663 476.601 436.339 404.079 348.370 302.770 247.902 205.401 151.364 110.591 77.203 46.324 25.742 0.430 0.000 0.000 0.000 0.000 0.000 0.000 0.000 -999.250 -999.250 0.000 -999.250 -999.250 -999.250 -999.250 -999.250 -999.250 -999.250 -999.250 -999.250 -999.250 -999.250 -999.250 -999.250 -999.250 -999.250 -999.250 -999.250 -999.250 -999.250 -999.250 -999.250 -999.250 -999.250 -999.250 -999.250
111.039 147.744 201.074 223.169 262.110 313.130 334.189 362.671 409.851 442.858 453.217 474.136 469.413 495.571 459.764 466.067 446.062 404.216 359.133 328.298 293.905 239.447 191.205 145.291 104.836 62.208 42.341 24.970 3.485 0.000 0.000 0.000 0.000 0.000 -999.250 -999.250 -999.250 -999.250 -999.250 -999.250 -999.250 -999.250 -999.250 -999.250 -999.250 -999.250 -999.250 -999.250 -999.250 -999.250 -999.250 -999.250 -999.250 -999.250 -999.250 -999.250 -999.250 -999.250 -999.250 -999.250 -999.250 -999.250 -999.250 -999.250
