data/medianmodel_14-May-2020.asc
ncols	141
nrows	288
xllcorner	-120191.398
yllcorner	-301404.813
cellsize	2000.000
NODATA_value	-999.250
[rows 124 to 154 of 288, columns 0 to 68 of 141]
-999.250 -999.250 -999.250 -999.250 -999.250 -999.250 -999.250 -999.250 -999.250 -999.250 -999.250 -999.250 -999.250 -999.250 -999.250 -999.250 -999.250 -999.250 -999.250 -999.250 -999.250 -999.250 -999.250 -999.250 0.190 1.161 1.039 4.538 5.100 6.918 5.175 8.280 6.073 7.265 6.432 5.455 2.990 0.000 0.000 0.000 0.000 0.714 0.509 2.090 0.606 2.711 1.829 1.659 5.631 7.779 9.791 11.443 9.715 11.670 11.736 8.381 4.800 4.841 1.696 0.064 0.854 1.632 2.815 5.556 7.812 8.766 8.609 10.831 11.028
-999.250 -999.250 -999.250 -999.250 -999.250 -999.250 -999.250 -999.250 -999.250 -999.250 -999.250 -999.250 -999.250 -999.250 -999.250 -999.250 -999.250 -999.250 -999.250 -999.250 -999.250 -999.250 -999.250 -999.250 0.861 0.452 1.887 4.808 7.649 6.903 6.817 5.373 8.558 8.812 9.082 6.459 2.193 1.254 0.000 0.084 1.355 1.013 0.169 0.000 0.000 0.000 0.681 2.325 4.508 7.135 8.559 8.922 12.044 14.567 17.960 11.673 8.890 5.744 3.288 1.347 1.450 2.295 3.112 4.419 5.922 5.072 7.710 12.118 10.356
-999.250 -999.250 -999.250 -999.250 -999.250 -999.250 -999.250 -999.250 -999.250 -999.250 -999.250 -999.250 -999.250 -999.250 -999.250 -999.250 -999.250 -999.250 -999.250 -999.250 -999.250 -999.250 -999.250 1.394 2.240 2.652 3.611 2.648 5.686 6.335 5.281 8.557 7.202 7.035 7.190 4.130 3.342 0.265 1.444 3.167 1.472 1.702 2.322 0.000 0.029 0.000 0.000 1.220 3.576 4.361 8.019 6.460 10.546 12.685 12.872 10.748 7.069 4.515 2.131 0.498 0.574 1.015 1.254 1.260 1.970 2.957 4.116 7.507 8.435
-999.250 -999.250 -999.250 -999.250 -999.250 -999.250 -999.250 -999.250 -999.250 -999.250 -999.250 -999.250 -999.250 -999.250 -999.250 -999.250 -999.250 -999.250 -999.250 -999.250 -999.250 -999.250 -999.250 0.000 0.346 0.000 2.809 4.047 4.371 3.277 6.915 6.797 7.364 4.901 3.065 4.609 3.496 2.199 1.456 2.787 1.492 3.229 0.980 0.671 0.000 0.000 0.000 0.000 0.000 2.417 2.984 6.939 7.537 10.906 10.892 9.043 10.900 6.096 3.265 1.916 1.414 0.000 0.000 0.386 0.750 1.852 2.231 6.607 5.280
-999.250 -999.250 -999.250 -999.250 -999.250 -999.250 -999.250 -999.250 -999.250 -999.250 -999.250 -999.250 -999.250 -999.250 -999.250 -999.250 -999.250 -999.250 -999.250 -999.250 -999.250 -999.250 -999.250 0.000 0.000 0.156 1.577 3.205 1.845 3.177 5.681 5.849 5.583 3.494 2.731 2.248 1.340 3.249 2.283 1.535 1.409 2.548 1.857 1.476 0.841 0.000 0.000 0.000 0.000 0.000 4.719 6.233 7.575 7.979 9.082 8.622 9.674 4.570 3.203 3.381 1.418 0.615 0.000 0.000 1.563 2.839 4.186 4.291 4.713
-999.250 -999.250 -999.250 -999.250 -999.250 -999.250 -999.250 -999.250 -999.250 -999.250 -999.250 -999.250 -999.250 -999.250 -999.250 -999.250 -999.250 -999.250 -999.250 -999.250 -999.250 -999.250 0.000 0.000 0.000 0.676 1.582 2.679 2.493 5.369 6.700 4.927 3.614 5.792 2.885 4.826 4.150 3.851 3.913 2.802 1.983 1.602 2.417 3.038 1.875 1.871 0.000 0.000 0.000 0.000 1.668 3.664 5.867 7.217 7.372 6.980 5.484 2.672 4.518 3.852 1.654 0.000 0.000 0.000 1.723 2.997 2.455 4.185 5.604
-999.250 -999.250 -999.250 -999.250 -999.250 -999.250 -999.250 -999.250 -999.250 -999.250 -999.250 -999.250 -999.250 -999.250 -999.250 -999.250 -999.250 -999.250 -999.250 -999.250 -999.250 -999.250 0.000 0.000 0.000 0.000 0.057 0.246 2.263 5.067 5.354 4.929 5.792 5.431 5.536 6.779 3.311 6.128 4.646 4.961 3.254 3.025 2.117 3.945 2.949 0.719 0.000 0.000 0.000 0.000 0.240 2.166 3.039 3.483 5.072 2.844 5.606 3.240 4.701 6.170 1.377 2.221 0.000 0.000 0.000 0.773 2.183 2.462 2.308
-999.250 -999.250 -999.250 -999.250 -999.250 -999.250 -999.250 -999.250 -999.250 -999.250 -999.250 -999.250 -999.250 -999.250 -999.250 -999.250 -999.250 -999.250 -999.250 -999.250 -999.250 0.000 0.000 0.000 0.000 0.000 0.000 0.889 4.339 3.632 5.588 6.378 6.557 5.924 3.156 2.782 4.408 6.422 4.415 2.619 5.056 4.151 3.450 4.245 2.189 0.239 0.344 0.000 0.000 0.000 0.000 0.705 1.601 2.899 3.122 3.580 2.667 3.777 5.541 4.128 2.725 2.724 0.104 0.000 0.000 0.904 1.394 0.349 0.000
-999.250 -999.250 -999.250 -999.250 -999.250 -999.250 -999.250 -999.250 -999.250 -999.250 -999.250 -999.250 -999.250 -999.250 -999.250 -999.250 -999.250 -999.250 -999.250 -999.250 -999.250 0.000 0.000 0.000 0.000 0.000 0.267 1.096 2.282 2.415 3.608 5.185 5.266 5.080 3.093 3.815 3.598 4.472 5.953 3.338 3.784 3.649 2.211 1.169 1.728 0.075 0.116 0.469 0.000 0.000 0.000 0.000 0.000 1.498 1.482 2.279 3.363 3.002 3.044 3.119 1.900 1.892 1.334 1.790 0.331 0.000 0.000 0.000 0.000
-999.250 -999.250 -999.250 -999.250 -999.250 -999.250 -999.250 -999.250 -999.250 -999.250 -999.250 -999.250 -999.250 -999.250 -999.250 -999.250 -999.250 -999.250 -999.250 -999.250 -999.250 1.937 1.981 0.037 0.000 0.000 0.000 0.002 1.806 2.076 1.925 3.547 2.502 4.076 3.427 4.303 4.576 5.009 3.969 3.706 3.878 4.516 1.670 1.388 1.488 0.154 0.336 0.561 0.000 0.000 0.000 0.000 0.000 0.000 0.603 1.377 3.390 2.311 1.835 2.965 0.136 0.051 1.751 1.549 2.405 0.522 0.159 0.000 0.000
-999.250 -999.250 -999.250 -999.250 -999.250 -999.250 -999.250 -999.250 -999.250 -999.250 -999.250 -999.250 -999.250 -999.250 -999.250 -999.250 -999.250 -999.250 -999.250 -999.250 1.227 1.494 2.799 0.888 1.188 1.138 2.194 0.000 1.243 1.455 0.923 1.496 3.177 2.889 2.902 2.823 6.091 4.223 5.082 4.681 5.338 4.011 3.981 2.075 0.785 1.554 0.000 0.000 0.000 0.000 0.000 0.000 0.000 0.000 0.915 0.460 1.797 0.761 1.583 0.000 1.676 0.661 0.267 0.708 2.938 3.311 2.764 0.000 0.000
-999.250 -999.250 -999.250 -999.250 -999.250 -999.250 -999.250 -999.250 -999.250 -999.250 -999.250 -999.250 -999.250 -999.250 -999.250 -999.250 -999.250 -999.250 -999.250 -999.250 1.756 1.276 2.219 2.530 1.807 1.334 1.521 1.752 0.000 2.050 1.121 1.829 0.543 0.393 2.320 2.754 3.554 2.952 2.753 3.572 4.935 5.879 5.376 2.006 2.916 2.096 2.326 0.000 0.000 0.991 0.000 0.000 0.000 0.730 1.916 3.140 0.837 3.573 1.312 1.505 1.076 0.000 0.000 0.687 0.452 1.835 2.456 1.331 0.000
-999.250 -999.250 -999.250 -999.250 -999.250 -999.250 -999.250 -999.250 -999.250 -999.250 -999.250 -999.250 -999.250 -999.250 -999.250 -999.250 -999.250 -999.250 -999.250 -999.250 0.000 2.853 2.808 1.074 1.476 0.948 0.223 0.000 0.000 0.000 0.000 0.474 0.694 1.315 1.438 2.010 6.584 4.360 4.207 4.279 4.614 6.584 5.173 3.328 4.518 0.867 0.294 0.000 0.086 1.381 1.300 2.412 2.133 1.913 1.402 1.849 1.283 0.171 0.000 0.000 0.000 0.827 0.000 0.015 2.399 1.549 0.519 1.889 0.216
-999.250 -999.250 -999.250 -999.250 -999.250 -999.250 -999.250 -999.250 -999.250 -999.250 -999.250 -999.250 -999.250 -999.250 -999.250 -999.250 -999.250 -999.250 -999.250 -999.250 0.000 1.841 2.138 3.426 2.819 1.937 1.174 0.569 0.000 0.000 0.000 0.000 0.000 0.000 0.311 3.575 3.399 5.240 5.966 4.762 4.541 8.236 6.693 4.537 4.313 2.473 0.884 0.000 3.608 2.557 3.552 3.355 2.529 3.216 2.442 3.614 0.374 0.000 0.000 0.000 0.000 0.000 0.000 0.700 0.467 1.418 0.735 0.004 2.231
-999.250 -999.250 -999.250 -999.250 -999.250 -999.250 -999.250 -999.250 -999.250 -999.250 -999.250 -999.250 -999.250 -999.250 -999.250 -999.250 -999.250 -999.250 -999.250 0.000 0.000 0.000 1.890 2.323 3.874 3.251 2.379 1.412 0.428 0.000 0.000 0.000 0.000 1.011 2.400 3.595 4.625 6.057 6.317 4.360 5.345 6.672 4.746 5.170 5.060 5.117 3.562 2.009 5.088 4.165 4.212 4.895 4.720 4.556 3.350 1.531 1.236 0.137 0.000 0.000 0.000 0.000 0.000 0.487 1.217 0.000 1.435 0.497 1.869
-999.250 -999.250 -999.250 -999.250 -999.250 -999.250 -999.250 -999.250 -999.250 -999.250 -999.250 -999.250 -999.250 -999.250 -999.250 -999.250 -999.250 -999.250 -999.250 0.000 0.000 0.000 0.244 2.458 2.471 3.500 1.965 1.708 0.000 0.000 0.000 0.000 0.015 0.000 0.916 3.431 3.810 4.526 7.514 6.392 5.841 5.629 6.547 3.050 5.127 4.639 4.849 3.064 3.870 4.771 7.114 7.233 5.769 4.957 3.669 3.945 2.386 0.223 0.000 0.000 0.000 0.000 0.000 0.266 0.403 1.981 3.233 1.859 2.143
-999.250 -999.250 -999.250 -999.250 -999.250 -999.250 -999.250 -999.250 -999.250 -999.250 -999.250 -999.250 -999.250 -999.250 -999.250 -999.250 -999.250 -999.250 -999.250 0.000 0.000 0.000 1.051 3.448 3.456 6.529 3.748 2.614 0.554 0.000 0.000 0.000 0.000 0.000 2.578 3.572 4.621 4.375 6.267 4.853 4.395 4.944 4.519 4.550 7.250 5.376 2.433 3.338 3.400 4.832 6.104 5.575 6.377 5.698 5.788 4.806 3.082 2.919 0.006 0.000 0.000 0.000 0.000 0.000 0.000 0.437 2.251 2.666 1.883
-999.250 -999.250 -999.250 -999.250 -999.250 -999.250 -999.250 -999.250 -999.250 -999.250 -999.250 -999.250 -999.250 -999.250 -999.250 -999.250 -999.250 -999.250 -999.250 0.000 0.000 0.000 3.323 6.458 6.401 7.057 4.493 3.667 3.425 0.664 0.000 0.000 0.865 0.940 2.882 0.687 3.457 4.351 4.775 5.768 6.505 9.485 8.230 4.250 5.184 3.639 1.887 3.452 2.721 4.355 6.448 8.891 9.405 8.311 5.975 5.852 5.205 1.910 1.208 0.000 0.000 0.000 0.000 0.000 0.000 0.803 0.337 1.919 3.364
-999.250 -999.250 -999.250 -999.250 -999.250 -999.250 -999.250 -999.250 -999.250 -999.250 -999.250 -999.250 -999.250 -999.250 -999.250 -999.250 -999.250 -999.250 -999.250 1.429 0.892 2.794 6.474 8.263 7.150 7.937 6.194 4.867 4.975 2.305 1.021 0.000 1.442 0.000 3.131 1.081 2.476 6.829 3.966 5.776 7.496 6.120 7.780 5.249 5.142 4.823 3.412 3.291 3.210 2.509 5.787 8.045 11.508 9.304 11.684 8.591 7.073 2.775 0.255 0.000 0.000 0.000 0.000 0.000 0.000 0.000 0.000 1.779 1.947
-999.250 -999.250 -999.250 -999.250 -999.250 -999.250 -999.250 -999.250 -999.250 -999.250 -999.250 -999.250 -999.250 -999.250 -999.250 -999.250 -999.250 -999.250 2.660 0.000 2.103 4.789 11.256 13.071 9.786 8.192 3.708 4.667 3.399 3.901 2.056 1.236 1.766 0.000 0.130 1.626 4.154 5.315 2.545 4.270 5.940 7.052 6.435 8.303 8.939 6.547 3.689 2.263 2.361 4.991 6.240 9.413 9.292 11.840 11.735 7.247 6.410 3.658 0.793 0.000 0.000 0.000 0.000 0.000 0.000 0.000 1.298 2.984 3.740
-999.250 -999.250 -999.250 -999.250 -999.250 -999.250 -999.250 -999.250 -999.250 -999.250 -999.250 -999.250 -999.250 -999.250 -999.250 -999.250 -999.250 2.409 3.332 4.033 4.519 5.730 9.951 11.481 9.671 10.768 6.345 5.936 5.591 4.546 4.518 4.059 1.277 0.234 3.240 0.035 2.077 2.928 3.671 4.778 7.180 8.433 7.695 8.968 10.858 8.644 7.318 3.791 2.421 7.001 9.865 9.184 12.735 15.038 11.458 9.844 7.889 5.183 0.020 0.000 0.000 0.000 0.000 0.000 0.000 0.727 1.742 1.833 0.717
-999.250 -999.250 -999.250 -999.250 -999.250 -999.250 -999.250 -999.250 -999.250 -999.250 -999.250 -999.250 -999.250 -999.250 -999.250 -999.250 -999.250 3.875 5.722 7.822 6.196 8.157 8.676 9.420 11.992 12.234 10.605 10.687 5.102 5.803 6.715 3.348 1.115 0.890 0.000 0.000 1.383 1.999 3.710 8.818 9.865 12.019 9.638 14.360 10.886 9.167 6.366 5.441 2.396 4.692 8.635 9.769 11.465 15.207 16.153 15.067 12.313 7.590 4.677 0.000 0.000 0.000 0.000 0.044 0.000 0.000 0.000 0.615 0.000
-999.250 -999.250 -999.250 -999.250 -999.250 -999.250 -999.250 -999.250 -999.250 -999.250 -999.250 -999.250 -999.250 -999.250 -999.250 6.889 5.673 4.841 7.234 8.493 8.700 6.890 7.899 12.617 12.694 8.443 10.236 10.650 9.560 9.910 7.925 3.974 1.936 1.945 0.000 0.000 0.829 2.028 5.248 10.358 13.101 17.176 17.648 15.398 14.362 10.497 6.698 2.747 1.755 2.247 7.071 14.291 14.838 18.174 16.462 17.210 14.403 11.386 5.881 2.045 1.661 0.423 0.624 2.216 0.318 0.868 0.268 0.305 0.000
-999.250 -999.250 -999.250 -999.250 -999.250 -999.250 -999.250 -999.250 -999.250 -999.250 -999.250 -999.250 -999.250 -999.250 5.282 5.543 5.787 8.281 5.868 10.655 9.149 11.123 9.126 10.303 12.591 12.726 14.816 13.484 10.003 8.725 7.322 6.785 5.097 1.152 0.000 0.000 0.000 0.000 4.332 9.814 12.961 15.207 16.580 15.902 15.209 14.479 6.797 2.066 0.000 2.900 5.745 16.938 17.809 24.814 19.851 18.746 15.632 11.098 7.383 5.832 5.077 3.378 2.233 4.172 3.585 3.395 0.392 0.000 0.000
-999.250 -999.250 -999.250 -999.250 -999.250 -999.250 -999.250 -999.250 -999.250 -999.250 -999.250 -999.250 -999.250 -999.250 6.266 7.218 9.218 9.114 8.444 9.808 9.696 10.684 9.104 11.331 8.709 9.797 12.436 12.567 11.632 11.920 11.125 8.628 5.646 2.897 0.923 0.228 0.000 0.000 3.026 6.724 12.928 15.019 16.680 17.125 16.978 18.555 9.603 0.000 0.414 2.274 7.300 12.877 17.480 20.192 20.362 18.221 16.649 13.860 11.363 8.156 7.451 7.888 5.121 4.649 2.788 2.421 0.000 0.000 0.000
-999.250 -999.250 -999.250 -999.250 -999.250 -999.250 -999.250 -999.250 -999.250 -999.250 -999.250 -999.250 -999.250 4.278 5.897 9.148 10.399 7.599 8.352 8.958 12.421 9.605 10.172 11.296 12.902 10.400 12.538 12.442 10.401 11.611 12.011 8.168 5.698 2.487 4.605 0.906 0.525 1.288 4.412 8.282 11.091 13.086 14.422 18.327 17.319 15.419 9.014 2.380 1.252 4.161 6.369 11.569 14.793 17.467 18.131 17.674 16.030 15.720 13.719 9.047 12.492 9.975 7.646 5.777 3.042 1.813 2.030 0.000 0.000
-999.250 -999.250 -999.250 -999.250 -999.250 -999.250 -999.250 -999.250 -999.250 -999.250 -999.250 -999.250 6.270 6.787 5.842 8.233 8.455 7.388 8.314 9.675 11.259 11.746 9.241 9.155 10.745 11.599 10.420 10.116 8.976 11.677 11.644 13.529 7.796 5.672 7.439 4.177 3.800 4.452 5.516 9.420 10.104 14.487 16.438 18.598 15.464 13.690 11.298 8.082 4.262 6.920 9.762 11.251 15.499 14.135 18.026 13.292 12.842 15.125 15.143 10.697 13.363 9.025 5.606 5.562 4.448 2.227 2.073 0.723 1.580
-999.250 -999.250 -999.250 -999.250 -999.250 -999.250 -999.250 -999.250 -999.250 -999.250 -999.250 3.499 4.963 8.313 7.119 7.062 8.349 6.975 7.712 7.431 7.905 8.783 10.470 9.086 9.130 12.112 9.071 10.361 11.511 11.229 12.657 15.405 14.247 9.287 11.591 7.511 6.655 8.099 9.270 13.550 12.717 14.342 12.938 14.747 16.324 18.730 12.365 6.367 6.538 6.478 7.749 12.133 15.423 16.768 15.479 15.537 15.967 14.204 12.010 12.262 10.217 9.531 5.392 8.216 8.083 4.250 4.494 2.049 0.000
-999.250 -999.250 -999.250 -999.250 -999.250 -999.250 -999.250 -999.250 -999.250 -999.250 2.573 2.857 6.496 5.277 7.569 9.546 7.985 5.198 8.985 9.263 7.467 8.317 5.693 5.018 5.487 8.874 11.923 10.772 12.779 13.595 15.155 15.835 14.316 15.539 14.265 12.321 11.528 10.451 14.869 15.019 14.966 14.570 15.195 14.731 11.129 12.712 7.072 6.095 6.604 5.486 9.594 10.577 15.972 13.795 12.611 15.442 14.323 13.343 13.271 11.896 9.522 9.822 7.223 5.691 6.309 6.095 5.130 3.490 2.023
-999.250 -999.250 -999.250 -999.250 -999.250 -999.250 -999.250 -999.250 -999.250 0.000 0.690 3.842 4.016 4.578 7.762 8.439 5.516 5.540 5.391 7.705 6.286 4.929 5.552 5.726 6.939 10.419 11.144 13.101 11.498 13.529 18.133 19.790 23.798 19.231 14.694 14.795 15.117 17.746 15.093 15.686 13.618 14.894 16.433 13.877 12.894 7.251 2.242 1.907 2.682 5.318 4.536 8.768 12.583 18.446 13.069 14.745 15.144 13.968 12.604 10.523 11.744 8.683 6.463 5.593 7.106 5.195 5.255 5.238 4.725
-999.250 -999.250 -999.250 -999.250 -999.250 0.000 0.000 0.000 0.000 0.000 0.672 4.179 4.403 5.553 6.127 6.598 6.334 5.939 5.318 5.959 5.545 6.200 6.207 6.572 8.923 10.890 12.458 13.800 14.960 19.084 23.053 20.565 19.170 20.414 22.057 20.894 22.088 19.634 18.133 18.804 17.429 16.306 15.167 13.159 9.949 4.089 0.000 0.000 0.989 5.438 5.257 10.130 10.538 9.741 11.034 14.191 14.365 8.555 13.346 10.926 9.693 6.317 3.467 6.391 5.990 4.709 4.467 3.416 3.947
