data/medianmodel_14-Jun-2020.asc
ncols	141
nrows	288
xllcorner	-120191.398
yllcorner	-301404.813
cellsize	2000.000
NODATA_value	-999.250
[rows 186 to 216 of 288, columns 0 to 68 of 141]
104.347 117.488 112.137 114.153 114.338 125.140 108.171 128.109 152.748 187.020 209.869 224.750 211.441 184.577 134.551 148.480 156.269 148.003 -999.250 -999.250 -999.250 -999.250 -999.250 49.068 56.238 38.710 55.356 47.848 41.446 33.072 32.650 25.414 24.462 27.651 23.324 19.645 22.029 20.273 20.618 21.136 19.037 25.239 15.550 18.713 9.162 11.759 12.037 14.044 15.796 9.789 7.615 5.889 4.290 3.550 5.157 3.124 6.242 2.385 0.250 0.086 0.439 0.000 0.000 0.000 0.000 0.000 0.000 0.000 0.000
-999.250 88.816 94.564 110.796 81.388 110.110 125.517 123.188 135.989 169.048 204.741 231.952 244.968 190.675 142.740 119.881 126.661 122.479 -999.250 -999.250 -999.250 -999.250 34.655 37.590 32.463 25.575 30.096 30.315 32.056 25.170 27.079 23.738 18.174 22.767 24.765 26.388 21.144 25.283 24.412 15.671 15.702 16.521 15.427 13.763 14.606 13.725 12.858 10.977 12.984 8.059 6.780 6.806 2.617 3.980 5.094 4.420 4.329 1.212 0.488 0.153 0.331 0.000 0.000 0.000 0.000 0.000 0.000 0.000 0.000
-999.250 82.184 82.419 73.617 80.152 107.744 103.594 122.826 126.215 125.724 165.865 196.985 212.478 166.584 120.825 104.020 104.180 118.559 -999.250 -999.250 -999.250 33.360 -999.250 34.597 27.030 24.808 26.088 25.760 21.842 31.535 26.315 23.319 22.578 28.245 23.234 25.346 26.344 19.337 25.432 17.443 18.926 14.012 12.333 14.824 12.663 13.150 9.729 11.366 12.556 5.127 5.657 2.021 3.374 6.893 4.095 2.830 2.405 1.570 1.266 0.000 0.337 0.000 0.000 0.000 0.000 0.000 0.000 0.000 0.000
-999.250 81.686 71.921 71.036 72.618 94.079 95.205 99.415 88.933 102.154 85.200 136.285 153.423 143.297 131.360 101.308 117.040 -999.250 -999.250 -999.250 -999.250 26.706 17.896 15.405 19.102 25.985 28.700 19.531 20.357 20.077 25.206 20.984 21.064 25.044 27.321 26.551 24.998 22.694 24.661 19.465 11.813 12.527 8.695 15.844 10.422 13.040 10.856 9.909 11.924 7.389 7.477 6.870 4.969 6.753 4.644 2.894 5.285 3.338 0.000 0.863 1.727 1.129 2.672 0.064 0.000 0.000 0.000 0.000 0.248
-999.250 82.267 59.638 72.095 86.200 113.795 122.135 99.721 86.582 69.526 72.929 76.096 85.420 132.162 96.531 78.840 97.968 -999.250 -999.250 -999.250 37.492 26.243 24.300 15.420 19.726 24.171 20.337 18.356 25.269 23.344 18.667 20.674 21.876 21.486 22.063 20.790 27.565 26.742 31.651 16.380 13.760 13.376 12.666 10.171 12.275 9.858 9.407 8.626 8.758 6.476 9.144 8.533 10.380 7.335 4.931 5.946 4.025 3.421 2.739 2.097 0.601 4.077 2.907 2.690 1.817 0.000 0.000 0.000 0.000
-999.250 -999.250 -999.250 76.938 -999.250 -999.250 114.530 84.779 81.196 -999.250 -999.250 -999.250 81.466 94.386 -999.250 -999.250 -999.250 -999.250 -999.250 -999.250 52.812 43.270 29.174 20.437 19.947 16.249 17.891 19.008 15.777 22.009 24.514 22.740 16.358 17.969 20.904 23.747 19.086 19.448 20.557 12.890 15.575 16.646 14.847 10.587 9.202 10.460 7.049 7.720 8.554 12.320 11.456 7.792 8.802 5.770 4.007 3.050 2.422 4.467 4.102 0.998 2.083 2.649 3.137 0.000 1.521 0.055 0.280 0.000 0.000
-999.250 -999.250 -999.250 -999.250 -999.250 -999.250 -999.250 -999.250 -999.250 -999.250 -999.250 -999.250 -999.250 79.510 75.385 69.268 -999.250 -999.250 -999.250 52.419 63.557 70.895 54.695 30.763 24.639 19.858 16.299 19.778 22.425 19.987 23.897 19.010 19.667 15.802 16.487 17.446 18.955 16.519 18.273 14.018 11.314 15.110 15.704 12.885 7.725 8.885 8.557 7.638 9.835 9.046 9.205 9.015 10.325 8.623 2.305 1.580 2.433 1.378 4.572 3.793 2.883 2.425 4.842 2.444 1.939 1.472 0.000 0.000 0.000
-999.250 -999.250 -999.250 -999.250 -999.250 -999.250 -999.250 -999.250 -999.250 -999.250 -999.250 82.367 102.687 62.321 75.434 74.539 -999.250 -999.250 72.688 75.851 71.955 71.174 55.199 39.291 27.911 12.613 11.069 17.365 23.992 22.796 18.894 16.166 18.352 13.834 15.620 17.675 15.312 15.675 19.815 13.503 11.182 8.790 14.748 10.751 8.911 7.532 9.129 10.175 9.031 8.282 8.275 11.152 11.284 9.000 3.870 3.263 6.391 2.635 4.459 2.946 5.457 5.844 5.604 4.377 0.590 0.000 0.000 0.000 0.000
-999.250 -999.250 -999.250 -999.250 -999.250 -999.250 -999.250 -999.250 -999.250 -999.250 -999.250 74.393 82.136 80.252 61.762 67.269 63.909 50.963 53.526 63.729 73.079 91.605 70.686 43.578 23.434 13.955 10.892 12.559 18.725 19.577 18.910 20.354 21.081 17.626 21.527 17.458 15.889 19.899 13.428 16.483 11.325 13.870 14.745 9.576 7.726 8.138 9.224 12.032 8.971 11.549 11.773 7.917 9.722 8.732 6.416 4.308 2.007 6.161 3.439 3.815 3.159 5.853 5.013 2.371 0.820 1.386 0.030 0.218 0.668
-999.250 -999.250 -999.250 -999.250 -999.250 -999.250 -999.250 -999.250 -999.250 -999.250 -999.250 -999.250 70.130 57.762 75.040 72.903 74.515 60.712 54.910 55.059 69.622 73.022 66.845 39.438 15.699 13.196 10.090 13.196 17.672 21.098 20.275 21.300 22.652 20.127 20.120 20.700 15.779 14.595 14.639 11.818 12.663 14.057 12.125 10.539 8.456 11.781 10.127 8.603 7.751 7.922 7.560 9.051 11.891 11.227 10.195 9.232 4.688 6.460 5.992 3.539 2.379 4.679 4.150 4.133 1.279 0.935 0.379 0.000 2.745
-999.250 -999.250 -999.250 -999.250 -999.250 -999.250 -999.250 -999.250 -999.250 -999.250 -999.250 -999.250 -999.250 51.003 48.151 56.003 62.364 48.487 56.999 50.501 62.569 62.082 52.329 31.153 15.120 18.069 18.169 16.120 13.683 18.419 17.337 20.130 21.922 25.560 29.043 21.923 20.403 17.074 11.507 11.893 13.558 13.156 13.729 13.537 12.633 10.941 8.451 7.764 6.433 8.049 8.384 9.116 8.463 9.111 10.054 11.390 9.893 8.928 3.933 7.201 4.466 4.035 4.074 1.601 0.000 1.635 0.971 3.175 4.473
-999.250 -999.250 -999.250 -999.250 -999.250 -999.250 -999.250 -999.250 -999.250 -999.250 -999.250 -999.250 -999.250 46.000 46.487 48.075 48.377 53.377 35.639 31.316 46.057 37.646 34.081 29.380 31.599 27.768 20.353 18.385 17.054 15.381 18.925 18.661 22.465 20.868 22.779 25.583 18.796 14.256 12.431 18.107 14.112 13.847 13.072 15.076 15.905 11.132 10.518 6.537 13.185 10.445 9.146 8.583 7.584 8.609 11.143 9.776 6.906 5.020 5.814 5.510 6.456 5.570 4.758 5.381 2.587 0.000 3.161 2.591 6.520
-999.250 -999.250 -999.250 -999.250 -999.250 -999.250 -999.250 -999.250 -999.250 -999.250 -999.250 -999.250 -999.250 30.879 31.166 44.334 29.462 24.423 19.273 24.401 20.668 25.746 25.324 32.194 29.533 27.276 15.149 12.976 17.482 17.063 16.409 21.468 25.782 19.810 20.708 16.040 17.865 15.253 13.615 13.218 12.746 14.922 17.827 15.425 19.757 12.085 12.712 10.883 12.430 8.780 12.186 9.343 4.893 5.988 7.602 9.793 7.776 4.505 5.091 7.592 5.686 6.346 5.719 5.216 4.479 4.119 5.201 7.934 8.290
-999.250 -999.250 -999.250 -999.250 -999.250 -999.250 -999.250 -999.250 -999.250 -999.250 -999.250 -999.250 -999.250 -999.250 42.109 35.091 26.486 14.174 15.427 13.670 22.390 25.087 26.911 21.512 20.763 21.438 19.283 10.868 13.048 16.619 16.071 15.760 23.587 20.793 17.497 12.847 17.459 21.005 21.242 19.830 16.269 14.172 21.943 26.766 20.087 14.668 11.694 7.625 12.694 9.465 10.022 8.012 7.507 8.695 7.489 3.567 6.664 2.143 5.619 9.093 5.873 6.179 5.918 3.210 2.979 3.659 4.519 6.430 9.519
-999.250 -999.250 -999.250 -999.250 -999.250 -999.250 -999.250 -999.250 -999.250 -999.250 -999.250 -999.250 -999.250 -999.250 42.061 38.136 28.646 21.417 15.141 21.206 27.418 34.689 20.636 15.116 16.512 23.443 13.253 12.521 18.241 14.439 15.325 13.669 13.787 17.984 19.464 19.921 13.388 15.536 24.733 17.056 16.428 14.229 15.164 25.575 17.478 13.572 12.359 12.037 11.317 11.805 10.626 8.960 7.002 10.430 7.348 8.552 5.524 7.106 6.825 7.024 4.938 6.194 6.635 4.772 5.584 2.518 3.074 9.585 7.432
-999.250 -999.250 -999.250 -999.250 -999.250 -999.250 -999.250 -999.250 -999.250 -999.250 -999.250 -999.250 -999.250 -999.250 30.782 37.476 46.162 29.561 23.360 24.054 25.996 37.408 27.702 23.920 18.358 23.115 16.487 12.783 13.880 13.132 18.414 21.657 17.817 16.474 20.731 15.907 22.703 17.631 25.462 14.537 14.223 17.255 16.478 21.616 16.766 12.978 9.686 12.583 11.833 12.978 9.666 6.793 7.670 10.724 9.751 9.186 10.832 6.298 10.454 11.254 6.664 5.684 6.138 2.959 2.762 3.562 6.112 5.330 4.930
-999.250 -999.250 -999.250 -999.250 -999.250 -999.250 -999.250 -999.250 -999.250 -999.250 -999.250 -999.250 -999.250 -999.250 41.069 27.257 35.472 35.197 29.912 29.784 25.758 21.089 18.773 23.317 13.804 -999.250 21.165 21.252 13.699 13.371 15.337 17.249 16.975 17.927 20.619 22.904 15.671 16.904 21.700 24.149 13.158 19.388 14.228 15.866 13.912 14.261 11.006 13.607 12.667 9.407 9.103 6.867 8.706 9.569 13.684 7.533 9.259 8.013 8.679 7.427 8.224 3.896 6.831 5.221 3.986 2.264 3.459 2.527 2.058
-999.250 -999.250 -999.250 -999.250 -999.250 -999.250 -999.250 -999.250 -999.250 -999.250 -999.250 -999.250 -999.250 -999.250 41.967 33.082 28.700 34.812 24.995 21.452 19.276 16.207 13.799 -999.250 -999.250 -999.250 20.022 19.637 20.132 14.356 17.793 19.435 16.147 20.747 18.140 20.242 19.448 25.181 24.867 20.381 14.093 20.022 13.560 17.309 13.802 14.042 10.335 9.893 11.304 12.490 12.393 7.304 14.395 11.895 14.056 8.625 8.444 10.792 8.996 10.380 6.736 5.525 5.521 3.640 2.984 5.912 6.338 0.732 0.881
-999.250 -999.250 -999.250 -999.250 -999.250 -999.250 -999.250 -999.250 -999.250 -999.250 -999.250 -999.250 -999.250 43.937 44.563 34.438 25.428 25.665 26.502 25.070 22.512 17.253 -999.250 -999.250 -999.250 -999.250 -999.250 19.492 21.428 13.609 19.994 17.519 15.983 19.813 22.400 18.645 19.911 17.641 16.951 18.390 15.201 18.994 14.389 17.792 12.105 13.726 11.171 12.036 13.124 8.442 10.667 9.200 10.499 10.609 8.606 9.699 9.194 9.446 10.049 8.087 9.849 6.852 5.975 3.942 6.671 2.905 6.265 2.979 3.345
-999.250 -999.250 -999.250 -999.250 -999.250 -999.250 -999.250 -999.250 -999.250 -999.250 -999.250 -999.250 -999.250 39.940 43.313 45.148 25.820 27.776 26.188 26.912 -999.250 -999.250 -999.250 -999.250 -999.250 -999.250 -999.250 -999.250 12.875 12.282 18.025 17.730 21.531 15.049 19.203 19.417 15.863 14.958 15.766 19.485 24.438 18.108 18.154 18.292 19.825 18.065 12.290 14.443 11.206 10.892 11.310 11.877 10.872 12.562 7.256 6.805 7.643 10.916 10.104 8.828 11.278 7.510 4.040 3.782 4.792 4.949 5.295 3.463 3.560
-999.250 -999.250 -999.250 -999.250 -999.250 -999.250 -999.250 -999.250 -999.250 -999.250 -999.250 -999.250 29.819 30.576 -999.250 -999.250 -999.250 -999.250 -999.250 -999.250 -999.250 -999.250 -999.250 -999.250 -999.250 -999.250 -999.250 -999.250 -999.250 14.889 17.705 19.288 16.277 19.447 15.243 14.599 15.593 18.021 15.420 17.965 20.120 25.497 19.868 17.002 12.297 12.352 16.021 14.417 15.849 13.438 13.534 11.534 8.866 9.127 10.615 9.611 7.212 9.837 10.437 10.483 10.601 7.179 7.962 6.302 5.581 4.765 4.255 4.928 3.617
-999.250 -999.250 -999.250 -999.250 -999.250 -999.250 -999.250 -999.250 -999.250 -999.250 -999.250 -999.250 -999.250 -999.250 -999.250 -999.250 -999.250 -999.250 -999.250 -999.250 -999.250 -999.250 -999.250 -999.250 -999.250 -999.250 -999.250 -999.250 -999.250 -999.250 24.789 17.608 16.347 24.224 14.636 12.199 12.792 11.257 18.652 23.739 20.995 19.560 18.270 18.113 17.294 16.337 17.040 12.023 10.408 10.929 13.680 14.734 13.680 12.582 11.680 8.615 5.375 5.532 8.028 8.304 8.209 5.300 5.540 7.907 5.166 5.209 5.933 4.785 6.241
-999.250 -999.250 -999.250 -999.250 -999.250 -999.250 -999.250 -999.250 -999.250 -999.250 -999.250 -999.250 -999.250 -999.250 -999.250 -999.250 -999.250 -999.250 -999.250 -999.250 -999.250 -999.250 -999.250 -999.250 -999.250 -999.250 -999.250 -999.250 -999.250 -999.250 20.505 26.262 20.019 17.934 18.889 13.751 13.550 13.279 12.495 17.138 20.274 21.081 17.105 17.435 14.855 18.969 14.425 14.082 15.390 9.929 10.183 13.246 10.228 10.845 7.668 6.729 5.380 7.968 5.463 5.692 7.778 6.198 6.159 3.958 7.365 3.949 6.579 5.523 5.268
-999.250 -999.250 -999.250 -999.250 -999.250 -999.250 -999.250 -999.250 -999.250 -999.250 -999.250 -999.250 -999.250 -999.250 -999.250 -999.250 -999.250 -999.250 -999.250 -999.250 -999.250 -999.250 -999.250 -999.250 -999.250 -999.250 -999.250 -999.250 -999.250 -999.250 14.699 14.201 18.637 17.300 15.946 16.704 15.818 14.248 16.521 14.934 19.069 23.862 22.893 17.824 18.385 19.447 14.987 13.224 11.279 11.372 8.987 13.981 12.732 10.121 9.933 9.111 3.778 5.068 3.006 4.583 7.808 6.224 9.063 7.340 8.617 8.064 4.273 5.493 4.645
-999.250 -999.250 -999.250 -999.250 -999.250 -999.250 -999.250 -999.250 -999.250 -999.250 -999.250 -999.250 -999.250 -999.250 -999.250 -999.250 -999.250 -999.250 -999.250 -999.250 -999.250 -999.250 -999.250 -999.250 -999.250 -999.250 -999.250 -999.250 -999.250 -999.250 -999.250 13.220 19.238 15.026 13.971 15.151 15.501 11.643 11.022 10.312 11.554 18.326 25.731 12.825 15.972 15.196 14.481 12.052 9.742 7.699 9.788 11.323 13.014 11.596 9.926 7.527 3.862 6.396 5.892 7.022 5.996 5.125 5.294 7.654 12.016 8.983 6.223 3.791 3.292
-999.250 -999.250 -999.250 -999.250 -999.250 -999.250 -999.250 -999.250 -999.250 -999.250 -999.250 -999.250 -999.250 -999.250 -999.250 -999.250 -999.250 -999.250 -999.250 -999.250 -999.250 -999.250 -999.250 -999.250 -999.250 -999.250 -999.250 -999.250 -999.250 -999.250 -999.250 13.450 16.241 13.831 14.920 15.266 12.649 11.096 7.871 5.810 8.887 15.431 12.656 13.827 16.928 13.512 11.424 11.462 11.306 11.202 13.780 11.511 12.186 12.094 10.214 8.482 6.741 6.142 4.821 8.727 7.104 5.288 1.849 4.233 11.970 19.436 9.502 4.238 4.373
-999.250 -999.250 -999.250 -999.250 -999.250 -999.250 -999.250 -999.250 -999.250 -999.250 -999.250 -999.250 -999.250 -999.250 -999.250 -999.250 -999.250 -999.250 -999.250 -999.250 -999.250 -999.250 -999.250 -999.250 -999.250 -999.250 -999.250 -999.250 -999.250 -999.250 -999.250 19.585 21.120 11.823 15.541 17.529 12.034 8.482 9.664 8.664 13.486 13.385 12.880 14.089 11.652 9.789 9.066 9.216 11.319 13.485 11.003 14.544 11.697 11.044 8.405 9.366 6.433 7.028 4.952 6.768 7.868 6.485 4.743 4.143 7.312 8.997 6.934 3.704 1.320
-999.250 -999.250 -999.250 -999.250 -999.250 -999.250 -999.250 -999.250 -999.250 -999.250 -999.250 -999.250 -999.250 -999.250 -999.250 -999.250 -999.250 -999.250 -999.250 -999.250 -999.250 -999.250 -999.250 -999.250 -999.250 -999.250 -999.250 -999.250 -999.250 -999.250 -999.250 18.977 15.483 14.188 14.160 13.456 9.495 9.959 9.554 9.883 9.490 7.759 11.044 10.493 9.634 10.781 10.522 8.274 9.311 11.458 10.973 13.144 14.534 9.432 5.762 4.448 7.260 6.307 8.878 7.448 7.054 5.660 3.005 2.274 5.097 5.248 5.103 2.329 1.317
-999.250 -999.250 -999.250 -999.250 -999.250 -999.250 -999.250 -999.250 -999.250 -999.250 -999.250 -999.250 -999.250 -999.250 -999.250 -999.250 -999.250 -999.250 -999.250 -999.250 -999.250 -999.250 -999.250 -999.250 -999.250 -999.250 -999.250 -999.250 -999.250 -999.250 -999.250 17.926 18.862 14.604 16.839 12.755 9.403 9.792 10.460 8.979 7.377 9.140 7.716 8.119 7.367 9.363 10.463 12.309 13.545 11.459 10.533 9.825 8.951 10.527 8.723 5.296 7.345 7.700 5.686 6.907 3.916 4.738 2.639 3.626 4.292 2.950 0.527 0.562 0.360
-999.250 -999.250 -999.250 -999.250 -999.250 -999.250 -999.250 -999.250 -999.250 -999.250 -999.250 -999.250 -999.250 -999.250 -999.250 -999.250 -999.250 -999.250 -999.250 -999.250 -999.250 -999.250 -999.250 -999.250 -999.250 -999.250 -999.250 -999.250 -999.250 -999.250 -999.250 10.411 12.643 13.726 14.708 12.138 12.690 9.664 10.577 7.863 7.986 11.318 5.780 6.720 6.305 9.293 9.854 10.838 9.272 11.825 12.544 12.439 11.293 7.166 10.751 8.676 6.179 5.669 7.671 7.375 2.141 1.620 3.060 3.940 1.247 0.000 0.000 0.000 0.000
-999.250 -999.250 -999.250 -999.250 -999.250 -999.250 -999.250 -999.250 -999.250 -999.250 -999.250 -999.250 -999.250 -999.250 -999.250 -999.250 -999.250 -999.250 -999.250 -999.250 -999.250 -999.250 -999.250 -999.250 -999.250 -999.250 -999.250 -999.250 -999.250 -999.250 -999.250 12.078 12.243 15.079 13.961 12.354 9.438 12.770 9.876 6.215 7.252 8.798 7.693 6.587 6.746 8.838 9.347 8.054 9.816 9.867 12.955 10.415 11.774 11.499 11.328 8.665 6.617 3.948 5.666 3.910 0.679 0.000 2.002 0.000 0.000 0.000 0.000 0.000 0.000
