data/medianmodel_26-Oct-2020.asc
ncols	141
nrows	288
xllcorner	-120191.398
yllcorner	-301404.813
cellsize	2000.000
NODATA_value	-999.250
[rows 29 to 57 of 288, columns 66 to 131 of 141]
177.433 182.756 190.531 181.381 192.307 194.240 174.264 201.584 183.215 178.059 171.135 161.140 168.607 157.925 153.234 143.931 122.225 125.923 137.886 119.023 113.802 122.799 124.397 125.788 105.711 111.412 114.680 105.971 114.725 110.325 120.141 139.185 154.146 147.629 161.111 168.626 214.329 238.233 275.049 248.476 266.926 312.408 314.187 332.987 324.492 301.148 326.568 318.331 291.093 304.851 279.479 241.090 261.414 257.819 234.920 229.962 198.912 165.565 157.557 121.558 104.465 86.384 77.446 84.562 94.686 95.108
195.336 196.839 215.581 226.678 230.088 223.577 208.228 217.541 212.201 212.040 200.294 215.362 193.722 190.048 191.676 178.204 148.108 165.742 172.795 150.746 140.110 124.475 141.428 135.561 123.647 102.656 101.115 94.584 107.211 107.129 119.299 136.176 117.776 146.830 159.150 182.150 217.130 231.270 245.398 262.567 276.901 343.198 350.770 344.006 359.461 305.753 305.295 282.229 277.018 259.545 277.279 286.807 282.736 246.316 245.666 220.436 187.910 151.449 133.333 121.098 84.919 49.714 60.179 72.805 81.402 88.813
213.893 215.555 243.528 269.481 264.275 273.537 263.455 255.320 255.139 223.471 239.817 264.443 241.279 222.884 234.459 215.424 198.382 186.714 179.519 177.578 147.801 138.352 146.347 128.197 113.865 109.918 101.835 108.016 91.228 100.391 96.222 109.735 112.517 134.575 154.737 187.013 213.698 214.055 266.463 275.888 287.469 331.064 342.847 358.307 414.637 387.100 313.991 274.273 272.542 281.707 272.300 292.698 286.163 247.918 240.714 227.474 222.810 171.715 144.613 118.727 101.645 64.136 68.042 87.939 80.664 93.275
237.888 242.773 275.932 292.850 306.485 317.034 324.120 328.921 317.091 273.759 285.091 291.211 292.752 254.051 260.802 237.923 215.395 210.327 185.393 170.661 162.974 155.438 143.452 122.424 100.778 110.873 105.095 103.552 81.531 86.347 85.122 93.418 95.216 133.105 163.202 186.763 203.609 266.822 249.064 269.976 339.406 378.736 415.433 406.182 403.870 370.399 349.627 270.022 273.697 276.029 267.601 305.228 302.050 258.204 241.104 244.794 211.021 183.088 152.413 138.815 126.650 99.600 87.645 99.777 99.831 99.091
268.358 268.745 282.976 288.102 342.332 338.003 357.611 390.145 344.257 368.074 312.085 336.053 285.921 277.773 306.094 249.220 266.276 220.307 219.209 190.430 174.003 165.265 143.279 125.374 123.484 112.156 100.484 88.234 85.160 96.592 95.590 109.183 108.181 127.303 161.895 195.523 217.892 255.566 257.901 281.484 351.386 414.786 461.560 426.645 396.184 381.962 333.425 324.873 297.834 283.761 292.839 306.146 328.563 313.732 304.876 253.101 210.071 189.448 172.509 142.003 155.185 124.518 134.718 116.501 111.375 127.712
300.240 275.365 294.039 292.863 315.845 395.595 359.077 432.181 425.109 381.772 353.824 319.446 295.148 293.960 350.965 284.969 262.528 253.864 215.873 204.080 187.269 175.100 168.131 155.749 136.356 106.723 94.500 94.005 102.314 100.227 95.425 108.629 119.742 138.060 180.125 207.381 219.600 260.135 246.581 308.420 386.315 420.070 397.492 414.559 403.303 386.004 358.201 273.108 300.786 357.515 321.189 316.209 311.263 283.510 292.664 256.376 224.720 235.450 186.721 176.053 159.277 152.103 131.041 133.160 132.845 139.999
265.372 281.312 269.085 286.086 317.967 355.500 399.282 397.511 411.399 412.166 374.789 300.428 303.372 316.752 355.237 351.141 286.707 260.233 247.778 212.196 184.269 177.960 179.143 165.797 145.882 116.221 100.673 101.476 116.328 113.447 109.190 115.372 134.824 150.534 170.897 215.816 250.611 312.982 299.007 322.051 371.126 405.975 375.745 387.177 380.168 366.941 417.840 354.719 326.370 318.081 367.646 313.884 282.572 250.287 283.284 292.087 274.245 231.474 208.702 207.069 170.799 169.789 158.327 147.823 127.416 140.410
256.487 246.090 235.710 250.361 299.137 343.738 340.279 400.366 372.222 327.449 368.507 315.083 399.972 368.979 321.395 317.355 290.763 244.743 227.253 189.185 206.082 192.636 181.729 175.825 153.565 130.118 118.963 125.255 127.872 125.874 121.890 133.042 161.607 151.696 186.376 200.770 245.824 276.937 290.422 305.061 360.596 381.891 364.851 396.719 409.305 383.068 366.163 351.142 349.578 386.277 323.395 310.642 309.381 291.419 309.820 285.140 285.120 254.651 235.590 234.282 219.355 183.479 175.730 161.472 156.973 164.010
202.865 212.878 220.359 251.761 247.346 316.587 319.067 348.400 335.165 356.296 346.826 359.257 317.239 330.122 317.502 317.519 264.562 253.507 241.104 214.162 216.228 197.841 186.133 176.460 153.724 158.469 148.314 143.649 132.078 147.968 148.019 143.926 179.420 187.753 205.848 211.494 249.215 274.556 299.070 293.711 416.769 383.496 363.844 412.000 452.414 429.785 415.669 357.853 366.801 346.617 350.994 364.068 326.218 340.310 291.525 298.402 309.445 290.447 296.706 256.444 243.235 212.861 193.833 189.329 180.001 179.774
197.813 176.723 186.258 205.831 241.960 280.794 296.598 342.218 339.327 338.277 321.835 327.010 379.509 369.029 339.465 293.733 284.080 244.498 253.639 228.967 238.724 223.309 215.485 192.717 171.974 182.602 170.545 163.202 172.573 180.873 179.108 174.522 212.630 229.465 266.016 265.747 299.050 322.678 338.342 363.434 376.953 409.318 410.294 405.025 488.539 422.998 406.685 349.138 380.115 397.788 405.741 391.604 361.563 362.411 345.470 323.460 397.851 298.608 316.407 284.916 246.095 256.991 243.020 211.730 178.500 177.787
178.179 159.900 179.963 192.080 205.177 241.068 279.814 311.266 272.505 340.963 296.584 299.929 352.323 370.183 295.734 263.218 257.545 261.239 222.528 252.314 278.520 246.308 225.179 216.255 191.486 187.162 185.372 173.279 174.738 205.194 177.387 210.620 267.124 261.969 276.946 327.252 350.711 391.395 476.248 429.975 427.553 384.104 429.704 469.722 441.617 430.486 383.682 392.669 421.850 436.804 418.758 416.266 495.404 441.869 422.684 383.401 371.521 354.187 353.059 397.464 348.826 301.483 277.964 268.248 257.836 203.389
160.169 153.761 152.533 147.457 169.744 228.984 245.728 248.270 282.712 274.326 277.417 264.037 281.981 296.280 243.612 248.989 273.145 281.744 256.194 287.688 279.127 279.292 274.574 239.013 206.003 214.060 217.808 197.109 185.425 205.307 223.497 279.477 309.354 330.113 336.054 377.390 408.778 443.050 421.910 470.424 404.663 427.434 432.437 448.963 482.267 436.762 451.774 523.239 469.875 468.043 520.467 518.885 556.176 525.667 534.696 455.077 442.307 445.880 423.190 373.513 312.099 313.244 277.429 280.422 274.324 241.204
151.967 129.571 151.674 139.232 175.640 193.609 209.328 249.299 251.243 290.406 270.554 252.260 281.228 282.853 255.215 253.601 262.108 266.772 277.300 287.460 294.870 318.452 308.791 256.303 228.457 219.690 208.796 212.728 279.664 254.627 286.435 331.997 358.457 406.135 412.607 444.303 490.044 470.194 464.533 489.869 446.466 410.775 454.063 480.491 513.801 517.260 486.677 512.070 519.486 565.824 550.123 530.342 488.684 632.700 611.812 524.302 478.992 468.361 396.874 419.951 348.136 372.672 274.779 257.067 292.815 259.628
181.818 137.276 124.089 144.569 180.190 192.941 216.758 237.951 258.256 271.229 271.484 263.036 235.140 237.521 237.059 279.323 268.464 248.300 305.639 328.680 363.182 350.039 284.621 304.816 245.566 218.926 206.575 227.251 254.537 286.454 311.563 359.870 464.164 430.718 509.999 559.460 586.737 524.505 529.612 520.507 491.441 479.654 449.786 506.052 589.323 548.072 534.529 481.981 566.561 527.126 575.794 622.308 570.843 604.272 726.017 610.980 589.670 558.573 513.060 433.775 424.766 377.863 310.982 242.387 265.607 242.897
182.874 175.578 160.986 165.301 168.512 165.970 203.635 204.801 228.181 266.706 244.822 232.890 221.343 230.785 228.639 261.892 262.395 284.652 278.885 314.920 348.230 350.281 309.343 275.312 256.880 238.661 238.111 233.282 273.439 328.576 382.607 389.363 424.078 600.741 544.649 614.128 684.582 607.355 659.173 522.125 511.244 531.889 527.212 549.451 491.917 445.738 511.453 523.765 490.040 532.727 627.094 638.595 698.743 694.126 754.091 692.767 660.843 660.043 534.239 430.086 398.642 348.326 307.982 277.049 285.685 284.325
225.403 205.199 183.412 167.113 172.172 169.247 177.860 197.128 219.797 231.852 219.283 234.791 208.698 200.381 223.640 217.663 239.439 281.626 307.353 313.502 381.977 397.474 352.559 332.795 282.489 248.104 261.831 229.296 268.018 321.575 327.064 386.591 489.680 652.860 744.069 686.650 725.412 603.001 630.383 490.819 542.087 517.504 491.588 527.485 462.882 412.375 452.948 491.189 507.824 530.810 563.504 619.195 742.123 775.919 732.497 771.218 744.164 684.672 607.507 558.063 392.898 378.407 340.818 355.211 292.248 -999.250
221.649 214.585 188.700 166.567 183.844 172.766 169.793 187.581 223.694 237.447 238.000 233.497 222.542 241.906 209.017 195.725 213.980 263.271 320.548 339.119 380.849 416.366 441.503 412.341 348.717 279.718 272.900 242.396 262.301 295.524 365.232 450.471 486.918 613.977 730.522 720.403 738.493 599.125 601.490 499.637 483.933 507.358 395.060 445.874 404.122 365.107 424.604 455.882 488.474 530.256 524.469 628.795 589.649 740.173 786.463 751.513 669.556 566.875 585.856 480.408 428.621 417.559 361.672 320.167 256.745 -999.250
230.978 225.366 229.464 186.728 174.853 181.597 192.447 184.217 186.571 203.656 268.204 231.151 212.442 213.416 196.820 195.691 214.463 230.403 249.062 271.788 332.379 405.207 478.667 463.879 348.167 278.207 238.555 229.212 229.205 263.424 338.514 395.674 575.184 716.308 739.484 841.965 724.430 703.056 573.753 555.701 474.492 448.199 432.832 418.404 349.119 384.054 400.611 393.337 406.062 464.058 506.326 598.489 572.879 683.004 736.734 618.293 631.260 567.427 514.650 478.335 425.590 443.992 343.009 283.222 -999.250 -999.250
276.651 238.037 231.722 183.788 178.687 166.740 165.481 179.149 177.102 194.802 209.666 218.292 187.294 186.908 186.292 159.192 185.308 190.155 219.136 283.803 361.168 420.090 527.059 459.766 338.218 258.759 207.742 203.736 192.612 207.786 252.144 355.242 448.895 628.224 756.236 876.903 772.434 669.424 573.146 498.871 455.237 366.117 390.988 334.001 286.159 305.621 347.215 335.324 370.226 444.200 419.767 502.451 457.371 540.018 598.343 642.825 539.585 459.726 440.878 423.423 399.424 392.293 -999.250 -999.250 -999.250 -999.250
287.078 241.634 240.533 199.219 158.343 156.961 150.696 155.012 156.932 158.520 175.481 188.676 171.433 157.492 149.094 137.869 134.442 159.575 205.703 273.244 322.119 402.171 446.858 336.433 318.364 218.523 206.316 149.772 139.023 146.435 205.390 288.662 392.582 507.726 710.192 725.541 684.120 580.783 519.631 401.603 381.474 339.605 325.313 286.904 282.045 244.449 261.529 314.901 319.494 349.443 394.131 440.620 481.941 485.423 495.185 506.276 459.238 439.637 407.532 392.033 362.546 339.800 -999.250 -999.250 -999.250 -999.250
321.989 269.147 226.044 165.774 146.347 140.575 122.938 119.735 122.189 127.464 149.576 150.764 161.232 147.642 154.950 129.009 111.456 101.386 176.099 237.825 296.475 336.424 317.990 305.057 252.419 216.672 142.985 105.945 75.285 52.947 149.695 245.083 341.803 479.616 558.872 511.804 492.813 406.691 385.502 320.973 279.100 243.832 257.896 231.046 202.968 195.933 201.287 243.248 279.929 332.947 292.766 344.333 374.351 450.784 391.311 453.417 414.707 -999.250 330.854 343.019 -999.250 -999.250 -999.250 -999.250 -999.250 -999.250
310.304 235.308 211.946 165.024 135.963 114.040 114.700 106.043 102.848 99.133 119.379 129.850 150.976 144.705 125.424 139.034 142.618 159.226 210.292 257.516 271.766 283.309 299.135 256.059 213.770 161.032 112.777 82.539 55.567 56.642 110.244 168.162 244.934 316.526 376.772 421.380 410.907 342.116 252.958 232.382 195.059 194.339 179.771 200.942 166.702 149.644 166.103 181.262 243.272 274.781 288.953 269.433 299.193 341.398 385.000 -999.250 -999.250 -999.250 -999.250 -999.250 -999.250 -999.250 -999.250 -999.250 -999.250 -999.250
262.006 227.920 181.406 153.535 140.551 143.275 111.863 84.848 67.212 84.445 119.803 128.558 149.869 137.313 139.227 167.248 165.786 206.995 208.341 248.218 253.876 264.039 238.429 205.995 147.020 119.912 90.462 59.151 46.920 51.718 104.728 134.143 171.139 227.386 282.240 299.475 273.924 233.884 177.737 163.215 142.190 138.754 133.042 122.045 121.601 104.531 122.947 145.174 208.150 248.649 233.525 218.028 243.592 264.567 -999.250 -999.250 -999.250 -999.250 -999.250 -999.250 -999.250 -999.250 -999.250 -999.250 -999.250 -999.250
263.464 211.659 177.297 162.734 144.686 126.039 111.225 90.272 60.615 111.709 130.372 133.503 148.506 170.754 160.427 202.031 206.157 214.397 244.074 252.836 255.655 248.133 226.104 171.749 126.778 100.674 72.177 49.600 39.425 49.070 84.432 109.946 146.815 182.800 227.355 225.129 200.452 155.304 108.158 93.178 89.965 82.706 75.514 84.310 68.867 70.358 90.514 94.292 144.074 160.565 164.957 185.536 175.233 205.379 -999.250 -999.250 -999.250 -999.250 -999.250 -999.250 -999.250 -999.250 -999.250 -999.250 -999.250 -999.250
239.627 189.923 176.457 134.571 125.820 124.188 129.956 148.328 215.558 166.917 153.466 154.179 171.927 169.326 202.446 227.157 249.120 288.053 278.603 290.755 271.956 253.932 183.819 171.187 122.595 86.860 66.702 44.141 30.036 40.324 62.269 80.142 102.674 156.883 166.806 161.042 127.708 75.547 12.995 40.123 50.810 43.626 49.071 54.435 43.842 61.126 72.650 74.700 89.238 117.434 139.989 130.716 161.192 -999.250 -999.250 -999.250 -999.250 -999.250 -999.250 -999.250 -999.250 -999.250 -999.250 -999.250 -999.250 -999.250
233.765 197.066 141.291 125.185 126.135 119.404 129.778 163.155 181.320 179.973 160.047 162.089 165.441 177.992 228.165 253.796 277.411 311.750 335.294 274.769 290.964 267.115 220.349 175.334 116.970 84.941 54.997 39.315 28.049 36.679 44.498 64.632 93.554 104.483 117.517 116.659 78.696 43.557 18.753 13.577 27.169 24.236 26.816 23.313 30.580 38.740 43.305 46.590 60.970 84.876 114.036 139.261 -999.250 -999.250 -999.250 -999.250 -999.250 -999.250 -999.250 -999.250 -999.250 -999.250 -999.250 -999.250 -999.250 -999.250
234.692 189.518 141.555 128.202 115.258 113.178 117.734 132.698 153.794 163.128 152.014 150.962 152.818 172.304 216.122 282.768 356.995 409.250 362.567 348.964 311.834 277.955 232.450 168.421 121.830 74.403 54.639 35.852 30.217 37.540 44.947 59.186 75.800 81.743 95.737 82.849 67.883 39.603 24.943 18.747 12.335 13.279 20.719 24.809 20.482 33.708 37.870 48.046 54.808 61.504 74.469 99.718 -999.250 -999.250 -999.250 -999.250 -999.250 -999.250 -999.250 -999.250 -999.250 -999.250 -999.250 -999.250 -999.250 -999.250
236.408 190.683 161.102 127.489 118.327 108.357 103.352 103.168 119.788 118.699 117.966 124.172 131.966 159.052 221.674 318.156 391.674 497.265 430.628 375.819 307.096 273.669 222.559 159.891 114.504 77.470 51.735 34.825 33.559 38.490 48.650 54.141 66.131 73.804 92.276 85.996 64.716 48.960 34.775 20.231 12.665 13.031 13.246 13.718 19.495 29.533 38.456 39.108 38.926 50.559 60.384 -999.250 -999.250 -999.250 -999.250 -999.250 -999.250 -999.250 -999.250 -999.250 -999.250 -999.250 -999.250 -999.250 -999.250 -999.250
230.060 211.688 177.567 130.657 103.582 96.333 83.372 84.354 96.017 98.542 105.926 97.391 107.621 121.338 216.490 315.673 394.014 401.998 394.356 334.680 311.216 278.082 208.921 162.424 117.237 77.306 54.166 38.772 36.770 44.737 51.689 53.557 65.775 83.484 88.653 92.265 68.990 53.587 45.195 31.722 28.414 23.668 21.292 16.540 30.092 31.199 30.502 36.667 36.543 30.321 59.467 -999.250 -999.250 -999.250 -999.250 -999.250 -999.250 -999.250 -999.250 -999.250 -999.250 -999.250 -999.250 -999.250 -999.250 -999.250
