data/medianmodel_24-Apr-2020.asc
ncols	141
nrows	288
xllcorner	-120191.398
yllcorner	-301404.813
cellsize	2000.000
NODATA_value	-999.250
[rows 210 to 239 of 288, columns 68 to 135 of 141]
15.677 19.817 26.904 28.662 29.553 33.878 45.492 43.855 44.649 44.113 50.221 45.893 47.817 43.662 37.919 33.627 29.233 23.119 21.569 19.949 25.041 28.953 23.138 25.926 24.858 23.949 18.343 14.779 9.909 7.491 7.252 -999.250 -999.250 -999.250 -999.250 -999.250 -999.250 -999.250 -999.250 -999.250 -999.250 -999.250 -999.250 -999.250 -999.250 -999.250 -999.250 -999.250 -999.250 -999.250 -999.250 -999.250 -999.250 -999.250 -999.250 -999.250 -999.250 -999.250 -999.250 -999.250 -999.250 -999.250 -999.250 -999.250 -999.250 -999.250 -999.250 -999.250
17.022 20.238 23.269 32.083 31.609 36.636 40.362 40.869 48.145 46.391 47.169 56.301 55.591 56.401 47.080 41.489 38.514 26.259 23.993 24.469 31.593 30.178 34.273 36.052 33.668 27.585 27.565 20.319 19.308 17.242 14.216 12.113 -999.250 -999.250 -999.250 -999.250 -999.250 -999.250 -999.250 -999.250 -999.250 -999.250 -999.250 -999.250 -999.250 -999.250 -999.250 -999.250 -999.250 -999.250 -999.250 -999.250 -999.250 -999.250 -999.250 -999.250 -999.250 -999.250 -999.250 -999.250 -999.250 -999.250 -999.250 -999.250 -999.250 -999.250 -999.250 -999.250
17.477 22.643 25.595 32.021 36.289 38.383 40.696 39.116 44.201 48.058 57.219 56.914 57.542 51.334 51.563 43.663 41.851 36.427 36.800 38.838 38.813 36.482 43.497 48.427 40.162 38.561 33.758 36.048 24.104 23.526 22.866 16.942 12.745 -999.250 -999.250 -999.250 -999.250 -999.250 -999.250 -999.250 -999.250 -999.250 -999.250 -999.250 -999.250 -999.250 -999.250 -999.250 -999.250 -999.250 -999.250 -999.250 -999.250 -999.250 -999.250 -999.250 -999.250 -999.250 -999.250 -999.250 -999.250 -999.250 -999.250 -999.250 -999.250 -999.250 -999.250 -999.250
21.588 20.619 28.049 28.018 36.088 41.272 39.305 40.356 45.081 48.276 68.634 61.984 60.312 58.423 47.488 49.412 51.329 39.138 38.201 42.223 48.396 54.714 51.146 57.710 46.721 51.563 44.923 44.933 39.230 32.631 27.718 19.636 16.608 -999.250 -999.250 -999.250 -999.250 -999.250 -999.250 -999.250 -999.250 -999.250 -999.250 -999.250 -999.250 -999.250 -999.250 -999.250 -999.250 -999.250 -999.250 -999.250 -999.250 -999.250 -999.250 -999.250 -999.250 -999.250 -999.250 -999.250 -999.250 -999.250 -999.250 -999.250 -999.250 -999.250 -999.250 -999.250
17.565 20.704 26.316 27.595 27.154 33.348 34.084 32.897 41.904 49.721 57.888 56.135 60.618 56.074 60.569 51.759 56.433 53.526 59.275 61.647 48.034 54.388 67.714 72.758 58.581 69.843 61.984 54.096 51.421 42.701 37.276 30.313 23.675 15.994 -999.250 -999.250 -999.250 -999.250 -999.250 -999.250 -999.250 -999.250 -999.250 -999.250 -999.250 -999.250 -999.250 -999.250 -999.250 -999.250 -999.250 -999.250 -999.250 -999.250 -999.250 -999.250 -999.250 -999.250 -999.250 -999.250 -999.250 -999.250 -999.250 -999.250 -999.250 -999.250 -999.250 -999.250
18.815 21.515 23.277 25.061 26.226 25.578 27.836 29.062 30.803 39.004 43.164 45.453 50.834 49.790 52.028 61.983 65.664 58.308 56.115 65.546 72.739 67.929 75.609 81.284 89.363 84.049 78.192 75.930 70.660 57.793 48.454 42.394 31.709 23.320 13.502 -999.250 -999.250 -999.250 -999.250 -999.250 -999.250 -999.250 -999.250 -999.250 -999.250 -999.250 -999.250 -999.250 -999.250 -999.250 -999.250 -999.250 -999.250 -999.250 -999.250 -999.250 -999.250 -999.250 -999.250 -999.250 -999.250 -999.250 -999.250 -999.250 -999.250 -999.250 -999.250 -999.250
20.205 23.861 24.187 24.062 25.573 23.342 18.666 13.443 19.944 28.202 30.804 41.889 43.336 48.117 48.634 53.119 55.874 67.448 66.061 64.502 70.854 78.248 107.632 114.041 109.339 95.985 88.534 89.959 77.459 65.697 48.059 48.628 38.304 22.243 12.537 -999.250 -999.250 -999.250 -999.250 -999.250 -999.250 -999.250 -999.250 -999.250 -999.250 -999.250 -999.250 -999.250 -999.250 -999.250 -999.250 -999.250 -999.250 -999.250 -999.250 -999.250 -999.250 -999.250 -999.250 -999.250 -999.250 -999.250 -999.250 -999.250 -999.250 -999.250 -999.250 -999.250
21.801 26.033 30.281 28.953 24.676 20.245 12.036 0.000 13.445 22.284 24.506 31.238 30.375 43.269 46.505 51.343 56.223 68.583 74.201 77.386 83.493 83.317 91.809 108.853 109.123 96.205 119.499 89.326 85.710 78.942 62.490 53.529 47.834 36.528 22.125 -999.250 -999.250 -999.250 -999.250 -999.250 -999.250 -999.250 -999.250 -999.250 -999.250 -999.250 -999.250 -999.250 -999.250 -999.250 -999.250 -999.250 -999.250 -999.250 -999.250 -999.250 -999.250 -999.250 -999.250 -999.250 -999.250 -999.250 -999.250 -999.250 -999.250 -999.250 -999.250 -999.250
29.479 35.468 33.274 28.166 22.356 17.319 12.681 6.913 10.785 15.869 20.267 27.121 31.047 43.183 45.656 54.181 61.310 62.593 70.016 74.388 96.287 110.429 125.225 126.073 122.952 131.048 137.455 113.926 105.130 91.433 71.491 52.281 51.220 38.230 27.582 16.243 -999.250 -999.250 -999.250 -999.250 -999.250 -999.250 -999.250 0.000 -999.250 -999.250 -999.250 -999.250 -999.250 -999.250 -999.250 -999.250 -999.250 -999.250 -999.250 -999.250 -999.250 -999.250 -999.250 -999.250 -999.250 -999.250 -999.250 -999.250 -999.250 -999.250 -999.250 -999.250
30.096 32.873 35.464 31.809 22.666 15.772 15.747 13.883 13.168 14.703 21.286 25.009 29.180 38.528 44.589 59.931 60.101 69.121 87.386 94.224 105.621 114.168 129.561 145.560 152.451 155.650 140.777 133.418 119.396 111.583 91.513 78.995 49.731 46.737 34.580 21.389 12.950 -999.250 -999.250 -999.250 0.000 0.000 0.000 2.027 -999.250 -999.250 -999.250 -999.250 -999.250 -999.250 -999.250 -999.250 -999.250 -999.250 -999.250 -999.250 -999.250 -999.250 -999.250 -999.250 -999.250 -999.250 -999.250 -999.250 -999.250 -999.250 -999.250 -999.250
29.740 34.331 43.526 31.139 22.124 16.669 14.992 14.145 13.695 15.551 18.362 23.823 29.519 33.828 44.956 59.166 86.794 85.968 99.127 116.907 120.546 146.770 148.598 164.100 139.543 161.105 160.610 160.048 134.598 120.792 108.107 77.695 61.744 48.980 34.856 24.002 19.999 -999.250 5.278 0.000 0.000 0.000 0.028 -999.250 -999.250 -999.250 -999.250 -999.250 -999.250 -999.250 -999.250 -999.250 -999.250 -999.250 -999.250 -999.250 -999.250 -999.250 -999.250 -999.250 -999.250 -999.250 -999.250 -999.250 -999.250 -999.250 -999.250 -999.250
29.838 31.825 34.968 25.993 25.282 17.208 16.282 14.626 15.385 18.903 22.181 25.885 34.486 40.356 47.796 66.842 80.443 98.646 110.572 120.950 134.553 161.109 169.197 161.769 156.685 177.783 163.974 149.139 136.699 140.960 120.055 87.425 76.196 51.947 32.522 29.612 24.026 17.845 9.682 0.000 0.000 0.000 0.000 -999.250 -999.250 -999.250 -999.250 -999.250 -999.250 -999.250 -999.250 -999.250 -999.250 -999.250 -999.250 -999.250 -999.250 -999.250 -999.250 -999.250 -999.250 -999.250 -999.250 -999.250 -999.250 -999.250 -999.250 -999.250
23.848 27.247 30.229 26.512 24.830 16.869 19.596 17.122 16.402 18.016 18.695 23.476 25.577 41.670 47.271 63.213 78.742 88.815 107.747 129.506 146.118 158.548 173.931 175.583 189.532 178.039 172.242 149.301 155.701 139.262 129.185 96.877 78.891 57.693 48.226 36.861 24.258 20.703 12.370 8.022 3.399 0.429 1.397 -999.250 -999.250 -999.250 -999.250 -999.250 -999.250 -999.250 -999.250 -999.250 -999.250 -999.250 -999.250 -999.250 -999.250 -999.250 -999.250 -999.250 -999.250 -999.250 -999.250 -999.250 -999.250 -999.250 -999.250 -999.250
23.457 23.445 23.494 20.814 18.773 20.077 16.785 15.199 14.706 18.575 20.748 22.299 26.681 32.773 47.936 61.074 64.610 86.034 105.466 123.522 136.202 156.459 176.661 183.040 194.457 188.636 169.357 170.962 165.752 138.252 129.468 111.661 81.096 60.064 50.917 34.305 25.811 24.312 19.214 15.655 10.745 5.104 4.472 -999.250 -999.250 -999.250 -999.250 -999.250 -999.250 -999.250 -999.250 -999.250 -999.250 -999.250 -999.250 -999.250 -999.250 -999.250 -999.250 -999.250 -999.250 -999.250 -999.250 -999.250 -999.250 -999.250 -999.250 -999.250
21.144 21.926 21.960 18.518 18.941 17.895 17.162 16.336 16.089 18.468 20.807 25.107 24.396 32.861 44.095 52.190 64.813 76.788 99.678 121.683 124.196 144.805 158.526 178.378 174.094 165.370 163.473 180.782 159.450 122.306 100.953 105.791 86.403 67.588 57.006 41.445 38.673 28.761 19.748 18.042 14.165 10.406 -999.250 -999.250 -999.250 -999.250 -999.250 -999.250 -999.250 -999.250 -999.250 -999.250 -999.250 -999.250 -999.250 -999.250 -999.250 -999.250 -999.250 -999.250 -999.250 -999.250 -999.250 -999.250 -999.250 -999.250 -999.250 -999.250
19.049 22.154 19.582 16.911 16.364 16.844 15.392 16.164 16.629 19.341 18.914 21.848 26.085 28.643 40.230 47.425 73.197 69.590 80.968 126.006 131.799 138.033 148.533 174.020 158.723 149.676 150.842 153.180 141.148 125.525 118.419 82.490 76.302 69.009 54.662 48.873 37.831 32.289 30.215 25.976 18.770 15.175 -999.250 -999.250 -999.250 -999.250 -999.250 -999.250 -999.250 -999.250 -999.250 -999.250 -999.250 -999.250 -999.250 -999.250 -999.250 -999.250 -999.250 -999.250 -999.250 -999.250 -999.250 -999.250 -999.250 -999.250 -999.250 -999.250
21.123 18.311 16.266 16.741 13.273 14.684 14.552 15.669 15.754 15.787 17.690 20.417 25.135 29.298 34.084 46.527 55.507 73.398 70.352 97.779 111.204 123.887 158.783 147.425 138.743 140.459 137.708 138.359 141.106 119.788 100.623 86.639 80.181 67.914 64.377 59.042 38.029 33.181 27.210 25.152 18.518 15.174 -999.250 -999.250 -999.250 -999.250 -999.250 -999.250 -999.250 -999.250 -999.250 -999.250 -999.250 -999.250 -999.250 -999.250 -999.250 -999.250 -999.250 -999.250 -999.250 -999.250 -999.250 -999.250 -999.250 -999.250 -999.250 -999.250
18.219 20.625 15.775 15.064 14.345 14.376 13.298 14.137 14.797 14.803 15.973 21.239 24.955 30.051 28.441 35.639 48.656 58.071 76.498 81.493 98.770 119.501 137.485 146.947 137.006 135.861 134.387 140.376 138.613 131.200 104.606 88.307 77.003 58.848 50.056 44.363 42.491 26.886 28.309 25.432 20.034 -999.250 -999.250 -999.250 -999.250 -999.250 -999.250 -999.250 -999.250 -999.250 -999.250 -999.250 -999.250 -999.250 -999.250 -999.250 -999.250 -999.250 -999.250 -999.250 -999.250 -999.250 -999.250 -999.250 -999.250 -999.250 -999.250 -999.250
20.961 19.016 17.328 13.773 13.929 14.185 13.058 13.553 14.195 15.220 15.657 18.545 22.062 23.453 32.328 36.525 45.051 48.110 70.901 89.852 95.382 110.719 115.596 119.444 114.487 122.420 116.292 107.537 133.030 107.375 99.522 85.436 74.680 57.801 49.921 40.809 -999.250 -999.250 21.625 33.011 26.291 -999.250 -999.250 -999.250 -999.250 -999.250 -999.250 -999.250 -999.250 -999.250 -999.250 -999.250 -999.250 -999.250 -999.250 -999.250 -999.250 -999.250 -999.250 -999.250 -999.250 -999.250 -999.250 -999.250 -999.250 -999.250 -999.250 -999.250
19.343 16.389 14.890 15.487 15.737 14.611 13.519 13.783 14.404 15.617 19.719 19.841 18.983 22.454 27.846 32.773 37.824 43.865 62.219 70.735 81.931 91.963 107.935 102.471 113.694 122.845 107.507 94.381 102.646 106.230 98.995 75.133 74.741 53.929 53.367 46.786 -999.250 -999.250 -999.250 -999.250 -999.250 -999.250 -999.250 -999.250 -999.250 -999.250 -999.250 -999.250 -999.250 -999.250 -999.250 -999.250 -999.250 -999.250 -999.250 -999.250 -999.250 -999.250 -999.250 -999.250 -999.250 -999.250 -999.250 -999.250 -999.250 -999.250 -999.250 -999.250
19.369 17.439 15.350 12.610 15.077 13.794 15.044 12.986 15.830 13.061 14.118 17.973 15.182 21.637 23.474 25.940 33.895 42.224 48.879 73.010 88.305 95.767 82.645 93.358 83.683 83.909 86.221 98.411 98.924 91.675 84.547 69.996 -999.250 -999.250 41.242 -999.250 -999.250 -999.250 -999.250 -999.250 -999.250 -999.250 -999.250 -999.250 -999.250 -999.250 -999.250 -999.250 -999.250 -999.250 -999.250 -999.250 -999.250 -999.250 -999.250 -999.250 -999.250 -999.250 -999.250 -999.250 -999.250 -999.250 -999.250 -999.250 -999.250 -999.250 -999.250 -999.250
20.460 17.933 14.774 15.104 13.585 16.764 16.205 17.863 14.426 13.558 15.504 15.955 16.808 17.456 19.593 20.285 26.977 35.638 43.547 49.591 65.856 70.880 76.932 75.289 68.687 68.737 74.967 97.596 70.957 81.593 -999.250 -999.250 -999.250 -999.250 -999.250 -999.250 -999.250 -999.250 -999.250 -999.250 -999.250 -999.250 -999.250 -999.250 -999.250 -999.250 -999.250 -999.250 -999.250 -999.250 -999.250 -999.250 -999.250 -999.250 -999.250 -999.250 -999.250 -999.250 -999.250 -999.250 -999.250 -999.250 -999.250 -999.250 -999.250 -999.250 -999.250 -999.250
18.498 16.612 16.348 15.685 17.287 14.872 15.615 17.690 13.139 14.676 14.633 14.215 17.513 17.605 18.903 19.940 25.338 27.661 38.367 44.666 50.480 54.449 65.702 73.178 61.628 60.510 61.441 69.465 65.093 80.343 -999.250 -999.250 -999.250 -999.250 -999.250 -999.250 -999.250 -999.250 -999.250 -999.250 -999.250 -999.250 -999.250 -999.250 -999.250 -999.250 -999.250 -999.250 -999.250 -999.250 -999.250 -999.250 -999.250 -999.250 -999.250 -999.250 -999.250 -999.250 -999.250 -999.250 -999.250 -999.250 -999.250 -999.250 -999.250 -999.250 -999.250 -999.250
17.642 16.065 16.281 16.037 16.375 16.018 15.648 15.522 12.654 12.180 13.569 14.814 15.283 13.233 16.324 23.554 21.474 24.500 29.432 30.306 39.612 51.148 59.044 56.934 63.110 67.009 66.790 49.346 45.103 54.999 -999.250 -999.250 -999.250 -999.250 -999.250 -999.250 -999.250 -999.250 -999.250 -999.250 -999.250 -999.250 -999.250 -999.250 -999.250 -999.250 -999.250 -999.250 -999.250 -999.250 -999.250 -999.250 -999.250 -999.250 -999.250 -999.250 -999.250 -999.250 -999.250 -999.250 -999.250 -999.250 -999.250 -999.250 -999.250 -999.250 -999.250 -999.250
17.482 18.870 16.392 15.810 16.314 15.819 15.749 16.836 15.863 15.692 13.857 13.250 13.537 13.788 13.134 17.348 18.804 18.542 25.234 25.702 35.004 39.683 51.676 49.216 48.965 54.249 56.959 49.643 42.524 42.129 -999.250 -999.250 -999.250 -999.250 -999.250 -999.250 -999.250 -999.250 -999.250 -999.250 -999.250 -999.250 -999.250 -999.250 -999.250 -999.250 -999.250 -999.250 -999.250 -999.250 -999.250 -999.250 -999.250 -999.250 -999.250 -999.250 -999.250 -999.250 -999.250 -999.250 -999.250 -999.250 -999.250 -999.250 -999.250 -999.250 -999.250 -999.250
19.098 17.652 19.313 16.694 14.157 16.361 16.748 15.609 16.839 15.106 15.624 14.834 14.318 14.731 14.852 17.227 14.029 16.863 22.291 28.289 33.188 33.158 35.341 42.584 46.915 52.198 48.690 45.199 32.056 -999.250 -999.250 -999.250 -999.250 -999.250 -999.250 -999.250 -999.250 -999.250 -999.250 -999.250 -999.250 -999.250 -999.250 -999.250 -999.250 -999.250 -999.250 -999.250 -999.250 -999.250 -999.250 -999.250 -999.250 -999.250 -999.250 -999.250 -999.250 -999.250 -999.250 -999.250 -999.250 -999.250 -999.250 -999.250 -999.250 -999.250 -999.250 -999.250
17.071 18.864 19.935 17.139 15.702 15.451 15.315 14.443 11.954 15.425 14.516 13.753 14.683 14.060 13.318 11.529 14.753 13.982 18.951 20.809 23.469 25.656 31.703 38.209 37.474 37.774 33.504 39.593 31.118 -999.250 -999.250 -999.250 -999.250 -999.250 -999.250 -999.250 -999.250 -999.250 -999.250 -999.250 -999.250 -999.250 -999.250 -999.250 -999.250 -999.250 -999.250 -999.250 -999.250 -999.250 -999.250 -999.250 -999.250 -999.250 -999.250 -999.250 -999.250 -999.250 -999.250 -999.250 -999.250 -999.250 -999.250 -999.250 -999.250 -999.250 -999.250 -999.250
17.971 19.008 19.202 17.828 16.252 15.288 11.512 13.387 12.671 15.592 14.162 15.626 14.349 14.912 14.032 13.439 11.786 17.100 16.493 16.729 19.405 24.089 25.568 33.648 34.440 30.645 24.666 26.561 24.177 -999.250 -999.250 -999.250 -999.250 -999.250 -999.250 -999.250 -999.250 -999.250 -999.250 -999.250 -999.250 -999.250 -999.250 -999.250 -999.250 -999.250 -999.250 -999.250 -999.250 -999.250 -999.250 -999.250 -999.250 -999.250 -999.250 -999.250 -999.250 -999.250 -999.250 -999.250 -999.250 -999.250 -999.250 -999.250 -999.250 -999.250 -999.250 -999.250
19.112 20.678 18.038 15.108 14.100 14.858 14.009 11.806 12.598 11.750 14.744 13.727 12.743 13.360 13.163 11.015 11.796 12.256 14.792 17.708 20.260 23.275 27.414 27.752 31.061 25.491 23.600 21.347 -999.250 -999.250 -999.250 -999.250 -999.250 -999.250 -999.250 -999.250 -999.250 -999.250 -999.250 -999.250 -999.250 -999.250 -999.250 -999.250 -999.250 -999.250 -999.250 -999.250 -999.250 -999.250 -999.250 -999.250 -999.250 -999.250 -999.250 -999.250 -999.250 -999.250 -999.250 -999.250 -999.250 -999.250 -999.250 -999.250 -999.250 -999.250 -999.250 -999.250
14.318 15.996 16.558 16.145 16.526 15.251 15.051 14.021 12.411 12.548 12.709 12.683 13.392 12.572 14.287 10.213 10.512 11.303 15.643 16.617 16.591 21.820 22.155 21.546 29.269 22.728 19.645 15.523 -999.250 -999.250 -999.250 -999.250 -999.250 -999.250 -999.250 -999.250 -999.250 -999.250 -999.250 -999.250 -999.250 -999.250 -999.250 -999.250 -999.250 -999.250 -999.250 -999.250 -999.250 -999.250 -999.250 -999.250 -999.250 -999.250 -999.250 -999.250 -999.250 -999.250 -999.250 -999.250 -999.250 -999.250 -999.250 -999.250 -999.250 -999.250 -999.250 -999.250
