data/medianmodel_31-Jan-2021.asc
ncols	141
nrows	288
xllcorner	-120191.398
yllcorner	-301404.813
cellsize	2000.000
NODATA_value	-999.250
[rows 224 to 251 of 288, columns 63 to 125 of 141]
1245.502 1475.966 1637.839 1784.952 1887.528 2041.487 2145.944 2093.201 1970.806 1951.989 1788.594 1697.371 1561.563 1435.272 1304.302 1287.173 1273.168 1237.551 1303.283 1297.294 1278.929 1429.874 1475.991 1594.097 1656.157 1792.843 1917.064 2037.053 2163.344 2282.824 2197.107 2153.871 2102.719 1968.691 1829.413 1717.578 1623.671 1541.415 1389.054 1351.782 1276.640 1196.254 1164.512 1111.163 1058.711 1143.934 1105.217 -999.250 -999.250 -999.250 -999.250 -999.250 -999.250 -999.250 -999.250 -999.250 -999.250 -999.250 -999.250 -999.250 -999.250 -999.250 -999.250
1355.614 1445.729 1638.719 1760.653 1919.807 1990.185 2039.794 2006.836 1974.379 1896.652 1788.646 1697.677 1561.695 1451.942 1296.530 1252.968 1228.344 1279.607 1191.548 1285.707 1353.621 1394.813 1514.876 1582.607 1703.168 1755.116 1861.462 1952.119 2047.097 2088.285 2137.361 2090.698 1997.078 1908.686 1769.859 1686.088 1596.870 1547.410 1422.675 1363.314 1329.612 1200.580 1111.109 1108.673 1131.983 1145.551 1166.694 -999.250 -999.250 -999.250 -999.250 -999.250 -999.250 -999.250 -999.250 -999.250 -999.250 -999.250 -999.250 -999.250 -999.250 -999.250 -999.250
1437.101 1506.028 1679.528 1773.835 1868.809 1945.094 1960.418 1989.362 1872.916 1816.150 1760.885 1675.210 1549.773 1406.459 1352.850 1285.617 1224.727 1245.616 1263.290 1299.161 1292.053 1357.352 1387.824 1572.716 1588.863 1666.590 1797.926 1868.710 1988.261 1985.592 1952.094 1975.421 1913.505 1814.675 1726.649 1644.240 1570.352 1514.477 1408.330 1383.839 1326.686 1244.328 1200.871 1105.412 1144.543 1185.008 1175.321 -999.250 -999.250 -999.250 -999.250 -999.250 -999.250 -999.250 -999.250 -999.250 -999.250 -999.250 -999.250 -999.250 -999.250 -999.250 -999.250
1479.249 1676.741 1640.986 1790.893 1916.600 1960.675 1998.893 1903.988 1821.946 1784.886 1692.052 1625.779 1541.784 1428.167 1389.284 1336.126 1252.710 1219.060 1213.126 1231.784 1268.731 1320.907 1376.390 1452.713 1506.701 1604.417 1705.556 1756.602 1826.680 1871.825 1932.968 1839.436 1771.642 1750.999 1691.537 1608.008 1534.557 1517.507 1373.227 1340.366 1370.233 1267.224 1243.770 1200.222 1226.519 1185.860 -999.250 -999.250 -999.250 -999.250 -999.250 -999.250 -999.250 -999.250 -999.250 -999.250 -999.250 -999.250 -999.250 -999.250 -999.250 -999.250 -999.250
1639.206 1670.217 1713.448 1788.958 1798.917 1902.084 1893.382 1873.741 1924.589 1782.981 1720.055 1613.209 1628.021 1490.920 1410.076 1329.193 1338.990 1240.270 1147.060 1244.407 1217.521 1272.918 1335.113 1408.170 1371.080 1435.148 1560.538 1667.896 1705.966 1768.371 1729.600 1701.688 1719.239 1672.967 1658.752 1584.470 1485.324 1491.924 1387.430 1370.434 1367.084 -999.250 -999.250 1276.326 1237.068 1260.855 -999.250 -999.250 -999.250 -999.250 -999.250 -999.250 -999.250 -999.250 -999.250 -999.250 -999.250 -999.250 -999.250 -999.250 -999.250 -999.250 -999.250
1682.096 1699.154 1737.949 1802.126 1864.645 1847.396 1831.844 1828.524 1858.745 1747.294 1711.475 1670.058 1623.872 1547.858 1423.426 1331.219 1311.152 1235.188 1190.908 1202.837 1167.876 1230.336 1228.350 1271.582 1333.503 1385.499 1441.729 1562.449 1611.027 1578.620 1560.577 1642.874 1611.002 1623.797 1622.165 1537.925 1528.812 1498.471 1394.203 1363.820 1281.874 -999.250 -999.250 -999.250 -999.250 -999.250 -999.250 -999.250 -999.250 -999.250 -999.250 -999.250 -999.250 -999.250 -999.250 -999.250 -999.250 -999.250 -999.250 -999.250 -999.250 -999.250 -999.250
1779.339 1832.358 1808.573 1868.784 1862.358 1817.521 1866.329 1790.823 1811.739 1729.573 1681.964 1684.094 1616.391 1549.965 1419.795 1340.163 1286.057 1255.179 1207.807 1160.164 1135.152 1143.089 1136.413 1159.514 1186.775 1296.257 1318.304 1475.980 1468.097 1526.380 1535.169 1573.294 1543.608 1554.542 1541.220 1490.391 1487.779 -999.250 -999.250 1395.226 -999.250 -999.250 -999.250 -999.250 -999.250 -999.250 -999.250 -999.250 -999.250 -999.250 -999.250 -999.250 -999.250 -999.250 -999.250 -999.250 -999.250 -999.250 -999.250 -999.250 -999.250 -999.250 -999.250
1790.883 1885.824 1847.816 1883.963 1891.000 1910.397 1869.081 1848.144 1769.368 1728.118 1707.908 1694.492 1663.555 1596.606 1449.460 1335.208 1265.829 1240.502 1136.587 1132.145 1130.522 1068.499 1021.804 1053.500 1124.625 1206.563 1227.638 1353.483 1368.924 1410.399 1378.286 1451.932 1427.760 1466.968 1486.005 -999.250 -999.250 -999.250 -999.250 -999.250 -999.250 -999.250 -999.250 -999.250 -999.250 -999.250 -999.250 -999.250 -999.250 -999.250 -999.250 -999.250 -999.250 -999.250 -999.250 -999.250 -999.250 -999.250 -999.250 -999.250 -999.250 -999.250 -999.250
1949.561 1958.980 1954.780 1880.329 1916.414 1888.117 1868.673 1756.921 1725.121 1703.077 1638.711 1629.276 1655.774 1548.125 1381.478 1269.971 1233.219 1147.327 1107.309 1053.058 1024.116 1013.777 1011.497 1036.871 1032.987 1121.939 1145.587 1219.185 1273.671 1313.673 1372.224 1338.948 1387.440 1444.745 1482.588 -999.250 -999.250 -999.250 -999.250 -999.250 -999.250 -999.250 -999.250 -999.250 -999.250 -999.250 -999.250 -999.250 -999.250 -999.250 -999.250 -999.250 -999.250 -999.250 -999.250 -999.250 -999.250 -999.250 -999.250 -999.250 -999.250 -999.250 -999.250
1982.356 1976.825 1955.919 1978.601 1918.943 1889.186 1866.005 1873.879 1734.735 1678.408 1671.932 1630.408 1600.302 1601.086 1392.440 1301.022 1242.892 1111.480 1090.841 970.252 993.011 953.089 960.677 960.938 978.553 1009.466 1094.992 1158.368 1205.676 1255.562 1296.990 1297.996 1296.275 1330.533 1408.338 -999.250 -999.250 -999.250 -999.250 -999.250 -999.250 -999.250 -999.250 -999.250 -999.250 -999.250 -999.250 -999.250 -999.250 -999.250 -999.250 -999.250 -999.250 -999.250 -999.250 -999.250 -999.250 -999.250 -999.250 -999.250 -999.250 -999.250 -999.250
2000.758 2005.647 2004.512 2025.933 1934.348 1871.922 1774.717 1770.664 1712.486 1682.459 1685.648 1626.744 1656.599 1514.534 1378.961 1358.920 1177.979 1137.687 1009.341 976.093 902.069 872.458 846.855 858.600 948.333 998.546 1044.502 1110.773 1184.191 1192.356 1228.268 1319.987 1342.580 1281.706 1278.930 -999.250 -999.250 -999.250 -999.250 -999.250 -999.250 -999.250 -999.250 -999.250 -999.250 -999.250 -999.250 -999.250 -999.250 -999.250 -999.250 -999.250 -999.250 -999.250 -999.250 -999.250 -999.250 -999.250 -999.250 -999.250 -999.250 -999.250 -999.250
2005.598 1992.858 1947.373 1956.348 1893.635 1848.114 1756.064 1719.835 1698.744 1688.448 1714.255 1682.152 1574.456 1512.835 1403.552 1329.148 1199.930 1120.050 1003.024 929.650 849.737 788.262 725.722 781.226 880.043 937.018 1029.658 1091.201 1192.318 1173.380 1234.024 1248.271 1255.039 1263.967 -999.250 -999.250 -999.250 -999.250 -999.250 -999.250 -999.250 -999.250 -999.250 -999.250 -999.250 -999.250 -999.250 -999.250 -999.250 -999.250 -999.250 -999.250 -999.250 -999.250 -999.250 -999.250 -999.250 -999.250 -999.250 -999.250 -999.250 -999.250 -999.250
2037.809 1948.066 1940.742 1943.087 1927.940 1814.971 1732.280 1687.282 1697.016 1760.910 1727.969 1648.571 1583.639 1536.187 1403.285 1300.677 1221.903 1072.547 980.541 932.943 819.324 702.908 580.257 736.500 823.685 906.952 974.867 1061.805 1105.209 1138.850 1235.312 1218.475 1193.845 1208.945 -999.250 -999.250 -999.250 -999.250 -999.250 -999.250 -999.250 -999.250 -999.250 -999.250 -999.250 -999.250 -999.250 -999.250 -999.250 -999.250 -999.250 -999.250 -999.250 -999.250 -999.250 -999.250 -999.250 -999.250 -999.250 -999.250 -999.250 -999.250 -999.250
2042.877 1945.418 1896.543 1909.070 1905.695 1812.488 1738.391 1691.747 1640.985 1724.042 1624.020 1558.380 1557.722 1461.508 1353.130 1256.114 1203.306 1121.435 1021.015 942.613 859.413 785.612 708.686 774.541 831.991 853.122 943.614 1021.466 1070.356 1135.912 1093.758 1194.169 1181.358 1187.436 -999.250 -999.250 -999.250 -999.250 -999.250 -999.250 -999.250 -999.250 -999.250 -999.250 -999.250 -999.250 -999.250 -999.250 -999.250 -999.250 -999.250 -999.250 -999.250 -999.250 -999.250 -999.250 -999.250 -999.250 -999.250 -999.250 -999.250 -999.250 -999.250
2039.702 1977.019 1907.634 1887.103 1807.622 1750.519 1721.790 1700.989 1667.911 1638.676 1613.705 1590.457 1521.756 1499.157 1398.822 1310.341 1229.183 1146.686 1011.615 954.026 897.145 857.088 808.163 833.198 857.744 938.126 932.765 995.541 1080.912 1104.113 1135.536 1126.489 1155.423 -999.250 -999.250 -999.250 -999.250 -999.250 -999.250 -999.250 -999.250 -999.250 -999.250 -999.250 -999.250 -999.250 -999.250 -999.250 -999.250 -999.250 -999.250 -999.250 -999.250 -999.250 -999.250 -999.250 -999.250 -999.250 -999.250 -999.250 -999.250 -999.250 -999.250
1909.868 1877.897 1856.958 1782.399 1802.242 1702.401 1682.946 1616.804 1626.254 1624.810 1617.804 1558.217 1524.509 1480.140 1402.452 1341.269 1246.412 1129.797 1071.193 1014.315 990.133 937.087 920.244 927.859 926.657 983.781 1015.275 1061.223 1063.533 1095.295 1049.594 1068.884 1117.902 -999.250 -999.250 -999.250 -999.250 -999.250 -999.250 -999.250 -999.250 -999.250 -999.250 -999.250 -999.250 -999.250 -999.250 -999.250 -999.250 -999.250 -999.250 -999.250 -999.250 -999.250 -999.250 -999.250 -999.250 -999.250 -999.250 -999.250 -999.250 -999.250 -999.250
1836.358 1736.850 1742.202 1691.339 1737.162 1637.275 1593.365 1645.624 1668.969 1634.250 1562.766 1530.744 1454.736 1455.627 1382.816 1339.213 1251.666 1176.979 1146.072 1049.710 1043.221 990.084 983.976 977.832 993.356 1025.224 1012.808 1071.632 1117.795 1097.448 1110.929 1152.889 -999.250 -999.250 -999.250 -999.250 -999.250 -999.250 -999.250 -999.250 -999.250 -999.250 -999.250 -999.250 -999.250 -999.250 -999.250 -999.250 -999.250 -999.250 -999.250 -999.250 -999.250 -999.250 -999.250 -999.250 -999.250 -999.250 -999.250 -999.250 -999.250 -999.250 -999.250
1670.851 1655.418 1631.817 1644.609 1612.009 1574.646 1568.798 1637.378 1605.622 1641.976 1550.694 1481.510 1464.282 1452.932 1405.780 1324.517 1313.173 1258.071 1213.256 1139.505 1083.818 1033.141 1010.967 1014.244 1005.550 984.452 1021.932 1039.539 1058.298 1125.021 1115.229 -999.250 -999.250 -999.250 -999.250 -999.250 -999.250 -999.250 -999.250 -999.250 -999.250 -999.250 -999.250 -999.250 -999.250 -999.250 -999.250 -999.250 -999.250 -999.250 -999.250 -999.250 -999.250 -999.250 -999.250 -999.250 -999.250 -999.250 -999.250 -999.250 -999.250 -999.250 -999.250
1582.936 1567.474 1544.748 1600.166 1564.825 1554.396 1560.195 1499.714 1573.076 1570.736 1535.279 1563.864 1481.746 1480.850 1390.071 1418.174 1389.398 1318.283 1263.830 1183.179 1212.491 1141.655 1106.279 1045.349 1064.668 1049.356 1092.757 1071.692 1055.799 1081.025 -999.250 -999.250 -999.250 -999.250 -999.250 -999.250 -999.250 -999.250 -999.250 -999.250 -999.250 -999.250 -999.250 -999.250 -999.250 -999.250 -999.250 -999.250 -999.250 -999.250 -999.250 -999.250 -999.250 -999.250 -999.250 -999.250 -999.250 -999.250 -999.250 -999.250 -999.250 -999.250 -999.250
1428.088 1424.748 1437.726 1431.778 1416.157 1478.842 1464.898 1521.716 1497.484 1531.881 1486.724 1532.431 1582.697 1503.616 1468.497 1454.620 1425.343 1379.724 1304.842 1287.604 1284.896 1232.936 1164.535 1102.986 1068.148 1107.652 1088.661 1121.252 -999.250 -999.250 -999.250 -999.250 -999.250 -999.250 -999.250 -999.250 -999.250 -999.250 -999.250 -999.250 -999.250 -999.250 -999.250 -999.250 -999.250 -999.250 -999.250 -999.250 -999.250 -999.250 -999.250 -999.250 -999.250 -999.250 -999.250 -999.250 -999.250 -999.250 -999.250 -999.250 -999.250 -999.250 -999.250
1359.349 1317.357 1401.052 1345.523 1341.345 1289.982 1358.249 1466.677 1493.336 1463.537 1482.522 1460.929 1523.081 1528.729 1492.883 1432.625 1476.954 1387.576 1348.709 1376.230 1373.046 1281.150 1246.004 1132.566 1083.167 1149.160 1151.659 1148.393 -999.250 -999.250 -999.250 -999.250 -999.250 -999.250 -999.250 -999.250 -999.250 -999.250 -999.250 -999.250 -999.250 -999.250 -999.250 -999.250 -999.250 -999.250 -999.250 -999.250 -999.250 -999.250 -999.250 -999.250 -999.250 -999.250 -999.250 -999.250 -999.250 -999.250 -999.250 -999.250 -999.250 -999.250 -999.250
1248.171 1248.748 1272.696 1298.422 1350.850 1264.233 1326.058 1344.112 1406.300 1394.425 1407.774 1506.310 1423.378 1537.820 1485.907 1474.730 1518.184 1449.080 1385.998 1395.000 1365.298 1293.159 1304.298 1209.122 1233.057 1158.850 1210.472 1211.232 -999.250 -999.250 -999.250 -999.250 -999.250 -999.250 -999.250 -999.250 -999.250 -999.250 -999.250 -999.250 -999.250 -999.250 -999.250 -999.250 -999.250 -999.250 -999.250 -999.250 -999.250 -999.250 -999.250 -999.250 -999.250 -999.250 -999.250 -999.250 -999.250 -999.250 -999.250 -999.250 -999.250 -999.250 -999.250
1116.127 1149.949 1189.215 1171.521 1240.015 1253.632 1257.088 1258.664 1295.313 1379.536 1361.841 1403.758 1421.787 1473.535 1463.638 1447.214 1487.387 1514.165 1411.283 1361.169 1362.921 1346.119 1345.691 1265.335 1216.661 1213.054 1222.280 -999.250 -999.250 -999.250 -999.250 -999.250 -999.250 -999.250 -999.250 -999.250 -999.250 -999.250 -999.250 -999.250 -999.250 -999.250 -999.250 -999.250 -999.250 -999.250 -999.250 -999.250 -999.250 -999.250 -999.250 -999.250 -999.250 -999.250 -999.250 -999.250 -999.250 -999.250 -999.250 -999.250 -999.250 -999.250 -999.250
1091.430 1105.416 1144.677 1107.283 1170.142 1182.371 1179.750 1241.795 1306.878 1268.948 1355.381 1341.644 1322.204 1348.611 1455.890 1489.657 1470.563 1467.741 1383.767 1384.114 1389.034 1364.365 1293.559 1338.976 1294.973 1246.042 1270.918 -999.250 -999.250 -999.250 -999.250 -999.250 -999.250 -999.250 -999.250 -999.250 -999.250 -999.250 -999.250 -999.250 -999.250 -999.250 -999.250 -999.250 -999.250 -999.250 -999.250 -999.250 -999.250 -999.250 -999.250 -999.250 -999.250 -999.250 -999.250 -999.250 -999.250 -999.250 -999.250 -999.250 -999.250 -999.250 -999.250
1093.668 1118.311 1094.207 1098.436 1142.676 1098.344 1096.326 1168.788 1198.010 1255.869 1249.473 1274.130 1351.184 1332.744 1335.645 1415.238 1387.729 1409.800 1408.934 1332.150 1334.014 1346.594 1374.869 1342.994 1307.389 1350.921 1324.058 -999.250 -999.250 -999.250 -999.250 -999.250 -999.250 -999.250 -999.250 -999.250 -999.250 -999.250 -999.250 -999.250 -999.250 -999.250 -999.250 -999.250 -999.250 -999.250 -999.250 -999.250 -999.250 -999.250 -999.250 -999.250 -999.250 -999.250 -999.250 -999.250 -999.250 -999.250 -999.250 -999.250 -999.250 -999.250 -999.250
1081.846 1106.238 1097.216 1102.507 1102.968 1147.630 1120.742 1099.510 1125.921 1176.666 1209.552 1256.220 1249.881 1317.556 1327.762 1341.050 1321.289 1329.708 1386.474 1349.470 1316.295 1310.602 1278.863 1355.821 1407.245 1309.662 1433.791 -999.250 -999.250 -999.250 -999.250 -999.250 -999.250 -999.250 -999.250 -999.250 -999.250 -999.250 -999.250 -999.250 -999.250 -999.250 -999.250 -999.250 -999.250 -999.250 -999.250 -999.250 -999.250 -999.250 -999.250 -999.250 -999.250 -999.250 -999.250 -999.250 -999.250 -999.250 -999.250 -999.250 -999.250 -999.250 -999.250
1022.045 1054.957 1011.589 1038.522 1042.263 1030.371 1019.992 1086.458 1120.492 1154.292 1145.692 1187.871 1238.173 1260.464 1302.346 1330.864 1299.166 1333.482 1368.335 1325.361 1353.340 1414.057 1358.343 1344.823 1507.284 1396.315 -999.250 -999.250 -999.250 -999.250 -999.250 -999.250 -999.250 -999.250 -999.250 -999.250 -999.250 -999.250 -999.250 -999.250 -999.250 -999.250 -999.250 -999.250 -999.250 -999.250 -999.250 -999.250 -999.250 -999.250 -999.250 -999.250 -999.250 -999.250 -999.250 -999.250 -999.250 -999.250 -999.250 -999.250 -999.250 -999.250 -999.250
962.612 956.399 955.142 980.386 990.664 1003.834 1017.374 1042.594 1098.133 1096.382 1120.085 1106.184 1185.119 1228.142 1219.167 1270.794 1276.642 1347.962 1342.749 1293.296 1353.453 1340.582 1329.759 1359.667 1435.787 -999.250 -999.250 -999.250 -999.250 -999.250 -999.250 -999.250 -999.250 -999.250 -999.250 -999.250 -999.250 -999.250 -999.250 -999.250 -999.250 -999.250 -999.250 -999.250 -999.250 -999.250 -999.250 -999.250 -999.250 -999.250 -999.250 -999.250 -999.250 -999.250 -999.250 -999.250 -999.250 -999.250 -999.250 -999.250 -999.250 -999.250 -999.250
