data/medianmodel_31-Oct-2020.asc
ncols	141
nrows	288
xllcorner	-120191.398
yllcorner	-301404.813
cellsize	2000.000
NODATA_value	-999.250
[rows 203 to 231 of 288, columns 65 to 129 of 141]
221.709 222.173 224.095 211.778 220.683 217.652 214.866 193.838 210.489 244.107 229.507 243.151 236.239 237.353 250.115 265.271 247.680 234.585 234.942 231.165 254.176 229.326 209.231 182.770 162.509 158.122 127.267 130.528 118.899 128.813 -999.250 -999.250 -999.250 -999.250 -999.250 -999.250 -999.250 -999.250 -999.250 -999.250 -999.250 -999.250 -999.250 -999.250 -999.250 -999.250 -999.250 -999.250 -999.250 -999.250 -999.250 -999.250 -999.250 -999.250 -999.250 -999.250 -999.250 -999.250 -999.250 -999.250 -999.250 -999.250 -999.250 -999.250 -999.250
238.275 210.980 223.651 208.188 228.087 218.047 212.942 211.646 203.815 190.263 214.416 231.147 215.619 241.696 228.386 245.587 245.487 217.062 234.848 206.912 224.254 210.744 212.646 181.487 156.471 140.596 140.296 128.610 108.322 92.278 106.348 -999.250 -999.250 -999.250 -999.250 -999.250 -999.250 -999.250 -999.250 -999.250 -999.250 -999.250 -999.250 -999.250 -999.250 -999.250 -999.250 -999.250 -999.250 -999.250 -999.250 -999.250 -999.250 -999.250 -999.250 -999.250 -999.250 -999.250 -999.250 -999.250 -999.250 -999.250 -999.250 -999.250 -999.250
246.321 217.541 235.763 211.574 220.915 234.713 215.944 192.359 185.102 185.261 177.006 174.351 196.169 186.612 197.275 225.396 228.998 213.089 213.676 207.327 192.055 187.972 197.611 165.960 152.245 129.416 126.817 95.508 98.077 100.164 -999.250 -999.250 -999.250 -999.250 -999.250 -999.250 -999.250 -999.250 -999.250 -999.250 -999.250 -999.250 -999.250 -999.250 -999.250 -999.250 -999.250 -999.250 -999.250 -999.250 -999.250 -999.250 -999.250 -999.250 -999.250 -999.250 -999.250 -999.250 -999.250 -999.250 -999.250 -999.250 -999.250 -999.250 -999.250
254.626 252.113 253.851 241.465 217.055 208.324 208.688 178.477 177.037 171.328 154.937 154.550 170.610 157.157 169.529 186.896 188.715 193.349 207.687 188.314 179.730 203.232 186.234 171.424 144.127 125.518 117.042 91.291 107.451 97.999 106.314 -999.250 -999.250 -999.250 -999.250 -999.250 -999.250 -999.250 -999.250 -999.250 -999.250 -999.250 -999.250 -999.250 -999.250 -999.250 -999.250 -999.250 -999.250 -999.250 -999.250 -999.250 -999.250 -999.250 -999.250 -999.250 -999.250 -999.250 -999.250 -999.250 -999.250 -999.250 -999.250 -999.250 -999.250
260.987 252.262 251.808 229.758 230.998 207.462 197.675 184.496 170.203 165.493 158.797 162.602 146.623 146.322 134.512 138.272 158.327 165.643 167.763 174.977 177.364 180.688 173.130 154.976 144.260 119.505 96.127 94.374 89.781 70.149 83.344 76.690 -999.250 -999.250 -999.250 -999.250 -999.250 -999.250 -999.250 -999.250 -999.250 -999.250 -999.250 -999.250 -999.250 -999.250 -999.250 -999.250 -999.250 -999.250 -999.250 -999.250 -999.250 -999.250 -999.250 -999.250 -999.250 -999.250 -999.250 -999.250 -999.250 -999.250 -999.250 -999.250 -999.250
273.528 230.566 235.019 218.784 235.179 200.557 190.104 167.105 171.769 164.297 135.924 122.473 133.265 121.077 120.458 131.948 128.846 167.265 173.163 159.765 166.478 150.704 142.073 154.316 151.962 138.936 110.580 89.909 77.467 73.268 66.570 57.348 -999.250 -999.250 -999.250 -999.250 -999.250 -999.250 -999.250 -999.250 -999.250 -999.250 -999.250 -999.250 -999.250 -999.250 -999.250 -999.250 -999.250 -999.250 -999.250 -999.250 -999.250 -999.250 -999.250 -999.250 -999.250 -999.250 -999.250 -999.250 -999.250 -999.250 -999.250 -999.250 -999.250
247.500 235.462 244.112 240.774 210.797 192.748 180.472 162.049 150.772 147.959 133.192 117.878 118.073 110.589 100.561 111.581 128.619 126.372 124.899 146.954 127.612 135.568 139.976 139.630 120.480 139.561 105.182 98.555 74.695 58.349 60.406 40.816 52.340 -999.250 -999.250 -999.250 -999.250 -999.250 -999.250 -999.250 -999.250 -999.250 -999.250 -999.250 -999.250 -999.250 -999.250 -999.250 -999.250 -999.250 -999.250 -999.250 -999.250 -999.250 -999.250 -999.250 -999.250 -999.250 -999.250 -999.250 -999.250 -999.250 -999.250 -999.250 -999.250
262.045 245.099 253.767 248.288 191.204 184.268 167.900 157.121 136.875 125.230 117.442 88.026 91.506 83.258 77.183 86.500 94.669 117.383 136.002 130.018 116.853 120.456 133.620 131.409 117.998 110.519 111.728 91.650 71.450 64.461 63.311 54.195 52.325 64.560 -999.250 -999.250 -999.250 -999.250 -999.250 -999.250 -999.250 -999.250 -999.250 -999.250 -999.250 -999.250 -999.250 -999.250 -999.250 -999.250 -999.250 -999.250 -999.250 -999.250 -999.250 -999.250 -999.250 -999.250 -999.250 -999.250 -999.250 -999.250 -999.250 -999.250 -999.250
252.673 231.889 222.780 207.002 193.877 178.941 165.145 154.802 127.332 106.630 94.465 84.608 72.928 60.207 58.193 70.828 76.993 112.259 108.572 125.571 121.074 132.591 140.878 133.010 119.758 105.086 114.288 82.476 81.896 75.162 73.367 71.490 66.608 63.330 61.784 -999.250 -999.250 -999.250 -999.250 -999.250 -999.250 -999.250 -999.250 -999.250 -999.250 -999.250 -999.250 -999.250 -999.250 -999.250 -999.250 -999.250 -999.250 -999.250 -999.250 -999.250 -999.250 -999.250 -999.250 -999.250 -999.250 -999.250 -999.250 -999.250 -999.250
225.205 217.098 199.786 212.130 184.586 175.432 168.725 137.164 119.936 94.413 84.950 74.912 59.603 48.456 45.304 66.492 77.419 99.666 102.066 112.475 110.334 122.157 124.368 104.562 105.210 115.758 95.259 84.867 85.291 83.082 80.231 76.045 74.760 72.995 69.749 61.351 -999.250 -999.250 -999.250 -999.250 -999.250 -999.250 -999.250 -999.250 -999.250 -999.250 -999.250 -999.250 -999.250 -999.250 -999.250 -999.250 -999.250 -999.250 -999.250 -999.250 -999.250 -999.250 -999.250 -999.250 -999.250 -999.250 -999.250 -999.250 -999.250
190.870 192.543 178.774 171.768 162.019 161.639 138.368 133.422 99.817 92.667 79.049 64.381 39.069 17.159 33.693 49.962 72.771 85.646 85.180 95.964 109.337 114.907 101.288 114.504 110.747 100.408 85.579 87.421 90.814 85.369 93.520 79.765 79.782 78.738 77.639 63.782 -999.250 -999.250 -999.250 -999.250 -999.250 -999.250 -999.250 -999.250 -999.250 -999.250 -999.250 -999.250 -999.250 -999.250 -999.250 -999.250 -999.250 -999.250 -999.250 -999.250 -999.250 -999.250 -999.250 -999.250 -999.250 -999.250 -999.250 -999.250 -999.250
140.621 137.049 130.532 150.090 151.767 146.278 140.717 111.130 91.674 71.527 62.199 55.712 37.722 35.909 37.821 40.339 55.051 65.442 85.666 100.615 116.051 113.747 110.248 123.987 106.904 108.000 89.840 84.749 87.295 92.884 89.340 85.338 89.519 81.149 72.516 71.020 60.999 -999.250 -999.250 -999.250 -999.250 -999.250 -999.250 -999.250 -999.250 -999.250 -999.250 -999.250 -999.250 -999.250 -999.250 -999.250 -999.250 -999.250 -999.250 -999.250 -999.250 -999.250 -999.250 -999.250 -999.250 -999.250 -999.250 -999.250 -999.250
87.865 103.938 113.044 143.741 159.920 134.043 120.660 98.475 92.221 71.821 52.396 48.222 42.895 36.876 45.738 47.858 65.454 65.719 72.032 96.485 108.192 107.710 107.271 116.388 110.563 97.455 96.427 93.584 98.296 87.346 88.953 77.371 75.777 80.458 79.732 64.828 44.707 49.742 -999.250 -999.250 -999.250 -999.250 -999.250 -999.250 -999.250 -999.250 -999.250 -999.250 -999.250 -999.250 -999.250 -999.250 -999.250 -999.250 -999.250 -999.250 -999.250 -999.250 -999.250 -999.250 -999.250 -999.250 -999.250 -999.250 -999.250
44.454 69.897 117.593 126.530 151.194 135.857 125.278 105.091 97.217 66.710 43.509 38.865 47.452 49.484 42.359 49.274 51.352 65.412 70.784 79.456 104.042 89.408 88.359 107.137 110.316 110.053 99.281 89.356 103.701 94.905 85.118 82.569 74.953 77.416 81.076 63.102 55.767 49.689 -999.250 -999.250 -999.250 -999.250 -999.250 -999.250 -999.250 -999.250 -999.250 -999.250 -999.250 -999.250 -999.250 -999.250 -999.250 -999.250 -999.250 -999.250 -999.250 -999.250 -999.250 -999.250 -999.250 -999.250 -999.250 -999.250 -999.250
0.000 52.419 101.766 131.935 140.855 137.215 139.755 114.457 94.722 72.077 36.298 43.958 48.065 49.466 43.033 49.049 55.784 59.499 60.822 75.905 78.290 93.641 93.036 91.509 105.934 122.486 97.571 81.992 98.679 95.219 93.452 87.191 84.523 82.229 71.232 59.574 56.771 62.787 -999.250 -999.250 -999.250 -999.250 -999.250 -999.250 -999.250 -999.250 -999.250 -999.250 -999.250 -999.250 -999.250 -999.250 -999.250 -999.250 -999.250 -999.250 -999.250 -999.250 -999.250 -999.250 -999.250 -999.250 -999.250 -999.250 -999.250
38.502 69.396 111.232 139.916 163.393 169.047 171.910 140.787 125.334 87.955 66.203 61.407 62.583 61.356 59.134 51.539 62.473 82.099 68.959 76.700 82.030 82.718 90.127 83.923 111.796 100.770 106.249 91.631 85.524 96.357 87.883 94.324 87.463 84.634 80.684 80.661 65.554 63.354 62.520 -999.250 -999.250 -999.250 -999.250 -999.250 -999.250 -999.250 35.787 -999.250 -999.250 -999.250 -999.250 -999.250 -999.250 -999.250 -999.250 -999.250 -999.250 -999.250 -999.250 -999.250 -999.250 -999.250 -999.250 -999.250 -999.250
67.130 96.995 125.685 169.181 191.687 187.470 191.842 147.605 141.726 107.031 88.269 81.866 71.342 75.480 60.869 58.354 71.501 69.141 70.303 72.230 77.258 93.618 100.781 106.057 87.241 96.790 76.948 78.777 80.697 82.089 92.457 92.400 82.083 73.694 75.833 76.367 62.155 62.797 50.079 51.617 -999.250 -999.250 -999.250 29.833 30.245 31.131 34.246 -999.250 -999.250 -999.250 -999.250 -999.250 -999.250 -999.250 -999.250 -999.250 -999.250 -999.250 -999.250 -999.250 -999.250 -999.250 -999.250 -999.250 -999.250
93.495 120.377 169.162 185.397 205.694 217.628 207.494 177.805 165.352 142.252 114.537 82.211 80.820 73.807 65.515 74.819 81.828 82.849 77.838 76.496 87.770 90.967 101.708 95.854 93.607 90.106 79.845 75.730 69.495 83.903 79.939 85.476 78.019 71.744 78.924 72.511 59.472 65.285 54.597 45.501 -999.250 31.083 19.082 20.359 28.004 33.397 -999.250 -999.250 -999.250 -999.250 -999.250 -999.250 -999.250 -999.250 -999.250 -999.250 -999.250 -999.250 -999.250 -999.250 -999.250 -999.250 -999.250 -999.250 -999.250
118.417 135.240 169.720 204.520 203.144 230.569 209.940 191.228 178.038 152.468 124.327 118.537 101.381 102.911 84.660 97.247 88.590 85.491 85.962 76.082 81.315 87.934 84.701 94.687 85.797 72.748 66.817 65.064 71.215 82.391 89.397 77.682 78.279 77.400 68.578 66.395 61.799 61.989 55.441 48.724 38.780 20.897 0.000 12.218 26.992 26.740 -999.250 -999.250 -999.250 -999.250 -999.250 -999.250 -999.250 -999.250 -999.250 -999.250 -999.250 -999.250 -999.250 -999.250 -999.250 -999.250 -999.250 -999.250 -999.250
114.033 146.354 170.288 209.569 208.024 231.110 216.220 205.848 182.558 182.115 161.294 136.098 126.699 103.514 102.615 102.229 104.720 95.342 87.157 96.225 96.881 89.911 82.063 86.693 81.082 74.955 65.109 43.738 66.506 80.497 82.664 89.619 82.779 75.745 62.497 73.698 73.086 60.553 61.967 43.146 36.732 29.840 19.253 25.398 29.846 30.758 -999.250 -999.250 -999.250 -999.250 -999.250 -999.250 -999.250 -999.250 -999.250 -999.250 -999.250 -999.250 -999.250 -999.250 -999.250 -999.250 -999.250 -999.250 -999.250
142.447 168.565 185.179 206.531 211.661 221.048 217.624 208.773 207.472 182.066 172.173 134.356 128.725 110.359 97.689 115.245 100.165 99.097 112.306 110.527 112.470 94.062 94.105 88.070 86.230 70.785 76.131 67.182 79.608 82.751 81.612 95.080 86.373 81.762 75.162 78.846 72.615 57.859 54.311 53.164 53.233 39.557 34.483 31.221 34.919 34.191 -999.250 -999.250 -999.250 -999.250 -999.250 -999.250 -999.250 -999.250 -999.250 -999.250 -999.250 -999.250 -999.250 -999.250 -999.250 -999.250 -999.250 -999.250 -999.250
144.601 159.739 180.947 210.019 216.157 216.492 225.462 218.783 181.364 181.182 168.153 136.841 153.679 138.531 120.330 120.229 123.401 119.993 101.934 109.754 109.443 119.608 115.263 97.746 91.958 91.256 96.872 89.611 89.675 88.303 94.376 88.976 87.751 99.927 86.965 83.503 78.248 61.299 66.037 48.603 45.932 39.734 38.689 39.290 39.378 -999.250 -999.250 -999.250 -999.250 -999.250 -999.250 -999.250 -999.250 -999.250 -999.250 -999.250 -999.250 -999.250 -999.250 -999.250 -999.250 -999.250 -999.250 -999.250 -999.250
168.200 177.405 214.402 211.070 231.447 228.690 226.183 197.440 202.112 181.469 158.863 151.084 154.506 135.828 132.796 123.540 144.227 127.631 147.489 117.581 105.589 114.722 101.758 101.782 98.519 100.351 100.823 98.398 84.401 107.471 99.318 84.909 93.678 86.074 86.671 81.887 84.311 67.252 62.075 56.370 44.197 46.486 49.564 45.827 41.404 -999.250 -999.250 -999.250 -999.250 -999.250 -999.250 -999.250 -999.250 -999.250 -999.250 -999.250 -999.250 -999.250 -999.250 -999.250 -999.250 -999.250 -999.250 -999.250 -999.250
171.475 174.867 184.096 207.347 213.936 244.659 220.975 209.554 216.848 179.901 178.842 146.104 169.443 134.998 131.499 144.253 138.265 132.714 151.160 133.602 112.773 107.152 111.378 99.144 98.144 116.148 110.933 99.676 94.740 107.270 102.660 88.727 88.411 85.577 79.189 81.687 75.422 74.264 63.768 54.236 49.162 55.418 56.704 47.925 50.169 -999.250 -999.250 -999.250 -999.250 -999.250 -999.250 -999.250 -999.250 -999.250 -999.250 -999.250 -999.250 -999.250 -999.250 -999.250 -999.250 -999.250 -999.250 -999.250 -999.250
161.826 184.835 214.814 221.557 210.617 219.261 225.706 227.135 218.051 193.174 176.689 154.958 139.982 127.191 153.632 153.550 141.391 139.721 143.743 134.318 135.697 118.953 120.169 97.189 100.395 109.550 97.620 108.281 85.361 111.174 97.681 84.136 89.323 83.431 84.963 81.371 75.387 68.301 61.198 65.887 64.430 61.315 59.961 48.451 -999.250 -999.250 -999.250 -999.250 -999.250 -999.250 -999.250 -999.250 -999.250 -999.250 -999.250 -999.250 -999.250 -999.250 -999.250 -999.250 -999.250 -999.250 -999.250 -999.250 -999.250
162.569 205.141 204.181 215.276 233.203 224.952 237.032 214.032 212.747 184.088 184.389 147.490 138.538 141.193 137.602 148.893 144.567 152.619 137.225 120.059 117.205 106.819 113.474 106.062 109.598 123.088 114.170 105.333 104.814 97.872 106.809 95.196 89.850 90.220 96.592 82.658 85.268 69.968 62.927 -999.250 -999.250 64.251 61.013 60.134 -999.250 -999.250 -999.250 -999.250 -999.250 -999.250 -999.250 -999.250 -999.250 -999.250 -999.250 -999.250 -999.250 -999.250 -999.250 -999.250 -999.250 -999.250 -999.250 -999.250 -999.250
157.808 204.299 211.776 228.882 260.158 235.266 219.547 218.865 204.260 182.354 172.740 152.616 149.291 133.936 152.543 155.231 164.280 159.711 146.772 115.966 111.956 113.024 108.162 104.760 108.297 117.092 118.102 105.809 92.080 87.481 101.408 90.014 87.466 85.335 104.136 86.864 92.064 90.416 68.603 -999.250 -999.250 -999.250 -999.250 -999.250 -999.250 -999.250 -999.250 -999.250 -999.250 -999.250 -999.250 -999.250 -999.250 -999.250 -999.250 -999.250 -999.250 -999.250 -999.250 -999.250 -999.250 -999.250 -999.250 -999.250 -999.250
168.457 189.330 189.754 218.792 237.438 228.365 229.942 215.548 200.444 193.480 169.468 140.187 141.811 161.485 174.322 142.626 163.228 132.636 121.115 139.569 104.374 113.195 114.528 113.450 96.398 103.297 99.650 97.778 106.397 91.651 90.309 89.471 84.156 86.496 80.114 -999.250 -999.250 78.031 -999.250 -999.250 -999.250 -999.250 -999.250 -999.250 -999.250 -999.250 -999.250 -999.250 -999.250 -999.250 -999.250 -999.250 -999.250 -999.250 -999.250 -999.250 -999.250 -999.250 -999.250 -999.250 -999.250 -999.250 -999.250 -999.250 -999.250
154.112 190.294 199.355 203.201 219.424 211.809 202.665 222.904 209.377 187.708 183.498 148.944 151.222 140.641 159.370 148.466 148.880 142.037 133.316 143.263 114.150 110.831 123.791 110.878 109.159 99.643 89.833 109.182 104.881 101.319 95.994 93.667 91.204 -999.250 -999.250 -999.250 -999.250 -999.250 -999.250 -999.250 -999.250 -999.250 -999.250 -999.250 -999.250 -999.250 -999.250 -999.250 -999.250 -999.250 -999.250 -999.250 -999.250 -999.250 -999.250 -999.250 -999.250 -999.250 -999.250 -999.250 -999.250 -999.250 -999.250 -999.250 -999.250
