data/medianmodel_14-Jan-2021.asc
ncols	141
nrows	288
xllcorner	-120191.398
yllcorner	-301404.813
cellsize	2000.000
NODATA_value	-999.250
[rows 224 to 251 of 288, columns 0 to 63 of 141]
-999.250 -999.250 -999.250 -999.250 -999.250 -999.250 -999.250 -999.250 -999.250 -999.250 -999.250 -999.250 -999.250 -999.250 -999.250 -999.250 -999.250 -999.250 -999.250 -999.250 -999.250 -999.250 -999.250 -999.250 -999.250 -999.250 -999.250 -999.250 -999.250 -999.250 634.944 580.561 577.047 563.939 520.718 455.954 393.913 405.459 344.943 305.971 299.156 241.100 213.724 206.551 236.965 243.498 261.536 344.031 458.945 575.575 619.758 699.297 748.531 814.069 919.899 1042.004 1110.488 1208.491 1303.208 1417.754 1497.442 1699.791 2012.646 2142.188
-999.250 -999.250 -999.250 -999.250 -999.250 -999.250 -999.250 -999.250 -999.250 -999.250 -999.250 -999.250 -999.250 -999.250 -999.250 -999.250 -999.250 -999.250 -999.250 -999.250 -999.250 -999.250 -999.250 -999.250 -999.250 -999.250 -999.250 -999.250 -999.250 -999.250 610.395 561.944 503.323 538.647 460.275 424.345 341.972 328.693 282.389 258.349 220.624 221.340 197.219 196.021 201.209 243.553 223.825 278.224 404.715 474.613 547.787 626.367 667.955 729.381 895.625 945.105 1071.633 1170.586 1243.445 1363.128 1451.097 1665.411 1919.187 2067.542
-999.250 -999.250 -999.250 -999.250 -999.250 -999.250 -999.250 -999.250 -999.250 -999.250 -999.250 -999.250 -999.250 -999.250 -999.250 -999.250 -999.250 -999.250 -999.250 -999.250 -999.250 -999.250 -999.250 -999.250 -999.250 -999.250 -999.250 -999.250 -999.250 -999.250 580.560 554.244 503.234 443.325 401.037 280.178 317.830 302.890 270.989 250.334 205.877 194.368 184.943 175.244 168.073 174.674 213.287 223.099 303.566 365.452 510.231 563.118 609.028 710.907 834.530 896.217 1027.265 1167.692 1242.692 1300.132 1432.905 1611.757 1749.554 1939.628
-999.250 -999.250 -999.250 -999.250 -999.250 -999.250 -999.250 -999.250 -999.250 -999.250 -999.250 -999.250 -999.250 -999.250 -999.250 -999.250 -999.250 -999.250 -999.250 -999.250 -999.250 -999.250 -999.250 -999.250 -999.250 -999.250 -999.250 -999.250 -999.250 579.602 512.439 505.162 476.011 426.353 358.732 303.477 280.547 267.276 256.409 224.685 205.996 179.152 169.267 137.778 149.688 169.510 177.692 193.405 226.874 341.719 440.664 531.326 606.998 654.701 783.657 837.531 954.137 1096.240 1167.949 1271.464 1352.693 1469.837 1568.864 1722.240
-999.250 -999.250 -999.250 -999.250 -999.250 -999.250 -999.250 -999.250 -999.250 -999.250 -999.250 -999.250 -999.250 -999.250 -999.250 -999.250 -999.250 -999.250 -999.250 -999.250 -999.250 -999.250 -999.250 -999.250 -999.250 -999.250 -999.250 -999.250 -999.250 599.348 553.753 513.966 469.586 390.291 317.284 284.095 230.933 259.310 237.108 205.121 189.040 163.902 152.000 145.251 137.780 141.189 189.649 179.386 209.282 304.968 389.112 471.336 563.983 609.004 672.097 777.329 855.718 977.994 1113.450 1212.463 1319.112 1350.384 1388.992 1514.737
-999.250 -999.250 -999.250 -999.250 -999.250 -999.250 -999.250 -999.250 -999.250 -999.250 -999.250 -999.250 -999.250 -999.250 -999.250 -999.250 -999.250 -999.250 -999.250 -999.250 -999.250 -999.250 -999.250 -999.250 -999.250 -999.250 -999.250 -999.250 587.830 594.446 541.894 504.429 437.823 374.783 344.825 270.678 257.025 239.346 217.989 203.889 178.467 158.438 161.566 168.794 153.993 135.977 150.903 159.107 182.470 227.503 369.106 410.203 459.705 535.578 627.931 698.219 772.975 871.332 987.973 1074.711 1187.909 1210.671 1364.365 1383.264
-999.250 -999.250 -999.250 -999.250 -999.250 -999.250 -999.250 -999.250 -999.250 -999.250 -999.250 -999.250 -999.250 -999.250 -999.250 -999.250 -999.250 -999.250 -999.250 -999.250 -999.250 -999.250 -999.250 -999.250 -999.250 -999.250 -999.250 -999.250 551.503 563.577 526.436 470.963 442.580 402.538 325.319 255.401 232.814 208.776 202.154 224.733 168.695 155.342 154.536 160.459 168.760 158.719 143.438 159.827 190.375 229.170 299.905 349.165 411.133 491.896 568.364 640.248 714.174 801.083 897.505 997.733 1077.062 1135.400 1207.495 1283.824
-999.250 -999.250 -999.250 -999.250 -999.250 -999.250 -999.250 -999.250 -999.250 -999.250 -999.250 -999.250 -999.250 -999.250 -999.250 -999.250 -999.250 -999.250 -999.250 -999.250 -999.250 -999.250 -999.250 -999.250 -999.250 -999.250 -999.250 675.841 523.627 495.114 472.284 480.770 436.265 352.642 274.963 240.915 226.057 212.822 207.662 193.017 171.124 161.578 165.353 171.393 164.446 161.174 127.644 165.916 196.410 231.386 268.611 339.746 400.610 486.703 499.689 603.544 660.366 722.530 805.959 902.615 969.173 1059.208 1073.524 1167.997
-999.250 -999.250 -999.250 -999.250 -999.250 -999.250 -999.250 -999.250 -999.250 -999.250 -999.250 -999.250 -999.250 -999.250 -999.250 -999.250 -999.250 -999.250 -999.250 -999.250 -999.250 -999.250 -999.250 -999.250 -999.250 -999.250 -999.250 589.921 588.086 518.217 492.398 473.934 424.600 359.090 275.616 231.876 213.847 207.189 200.476 160.714 187.109 176.877 169.435 193.102 198.433 190.897 169.670 181.047 170.931 201.883 254.702 323.342 409.790 480.336 479.351 554.676 616.294 702.803 732.744 778.683 902.804 997.961 1018.787 1059.969
-999.250 -999.250 -999.250 -999.250 -999.250 -999.250 -999.250 -999.250 -999.250 -999.250 -999.250 -999.250 -999.250 -999.250 -999.250 -999.250 -999.250 -999.250 -999.250 -999.250 -999.250 -999.250 -999.250 -999.250 -999.250 -999.250 -999.250 -999.250 588.179 536.814 487.604 443.029 411.898 370.251 311.397 268.706 227.264 213.565 202.503 190.884 196.125 192.615 200.104 166.113 202.279 181.582 210.025 205.919 191.655 264.260 257.575 303.243 395.313 401.021 484.736 521.553 591.265 679.781 694.241 745.706 849.119 901.729 941.693 1001.910
-999.250 -999.250 -999.250 -999.250 -999.250 -999.250 -999.250 -999.250 -999.250 -999.250 -999.250 -999.250 -999.250 -999.250 -999.250 -999.250 -999.250 -999.250 -999.250 -999.250 -999.250 -999.250 -999.250 -999.250 -999.250 -999.250 -999.250 -999.250 -999.250 -999.250 480.380 438.382 395.191 357.994 331.070 255.607 232.082 202.509 218.199 216.776 208.821 187.813 216.807 205.420 217.434 202.375 218.715 215.940 213.621 242.771 265.551 295.113 368.304 410.812 467.057 500.911 551.118 614.747 638.434 694.151 762.506 876.319 873.643 926.580
-999.250 -999.250 -999.250 -999.250 -999.250 -999.250 -999.250 -999.250 -999.250 -999.250 -999.250 -999.250 -999.250 -999.250 -999.250 -999.250 -999.250 -999.250 -999.250 -999.250 -999.250 -999.250 -999.250 -999.250 -999.250 -999.250 -999.250 -999.250 -999.250 -999.250 481.444 444.675 377.172 365.433 345.139 253.092 241.714 215.409 221.808 228.446 242.875 229.213 222.118 227.538 268.244 281.859 259.076 234.317 252.677 244.188 289.026 322.300 368.249 370.998 437.689 478.059 535.624 575.383 631.838 665.819 694.652 758.618 812.519 857.420
-999.250 -999.250 -999.250 -999.250 -999.250 -999.250 -999.250 -999.250 -999.250 -999.250 -999.250 -999.250 -999.250 -999.250 -999.250 -999.250 -999.250 -999.250 -999.250 -999.250 -999.250 -999.250 -999.250 -999.250 -999.250 -999.250 -999.250 -999.250 -999.250 -999.250 490.436 429.197 361.764 375.512 374.668 286.813 261.059 245.303 240.005 243.655 231.630 229.257 267.135 262.355 360.789 288.096 312.340 293.566 315.503 268.248 369.799 416.117 375.483 429.184 461.179 503.100 516.094 559.654 600.834 606.281 659.553 666.240 727.347 775.049
-999.250 -999.250 -999.250 -999.250 -999.250 -999.250 -999.250 -999.250 -999.250 -999.250 -999.250 -999.250 -999.250 -999.250 -999.250 -999.250 -999.250 -999.250 -999.250 -999.250 -999.250 -999.250 -999.250 -999.250 -999.250 -999.250 -999.250 -999.250 -999.250 -999.250 -999.250 423.582 401.712 361.871 400.528 348.627 259.497 272.401 248.427 255.149 257.784 255.517 265.975 340.295 343.173 359.752 392.105 410.176 412.570 430.913 398.396 422.483 461.140 469.713 470.903 473.683 547.894 539.488 544.764 570.920 632.434 638.910 691.728 733.461
-999.250 -999.250 -999.250 -999.250 -999.250 -999.250 -999.250 -999.250 -999.250 -999.250 -999.250 -999.250 -999.250 -999.250 -999.250 -999.250 -999.250 -999.250 -999.250 -999.250 -999.250 -999.250 -999.250 -999.250 -999.250 -999.250 -999.250 -999.250 -999.250 -999.250 490.273 451.695 423.158 397.025 359.978 358.030 420.419 273.439 269.863 275.918 277.376 278.216 327.741 371.526 399.455 406.506 386.548 452.820 457.813 453.996 486.346 482.601 449.430 433.312 461.118 544.855 540.781 552.864 536.357 549.792 581.318 596.996 659.700 671.801
-999.250 -999.250 -999.250 -999.250 -999.250 -999.250 -999.250 -999.250 -999.250 -999.250 -999.250 -999.250 -999.250 -999.250 -999.250 -999.250 -999.250 -999.250 -999.250 -999.250 -999.250 -999.250 -999.250 -999.250 -999.250 -999.250 -999.250 -999.250 -999.250 -999.250 -999.250 471.409 398.731 376.112 346.303 372.687 287.204 286.780 319.072 351.895 316.082 309.861 368.783 463.012 437.478 480.330 463.247 489.206 518.846 547.641 557.117 530.911 516.679 527.839 499.307 533.575 528.787 524.375 524.569 535.383 585.441 592.225 631.079 649.498
-999.250 -999.250 -999.250 -999.250 -999.250 -999.250 -999.250 -999.250 -999.250 -999.250 -999.250 -999.250 -999.250 -999.250 -999.250 -999.250 -999.250 -999.250 -999.250 -999.250 -999.250 -999.250 -999.250 -999.250 -999.250 -999.250 -999.250 -999.250 -999.250 -999.250 473.640 481.235 421.389 379.830 346.505 349.271 347.757 311.063 320.923 341.486 369.540 385.811 471.111 488.358 501.127 523.037 516.180 587.733 626.152 624.326 639.815 613.527 608.212 578.302 598.106 560.082 572.177 566.418 490.786 529.153 572.359 587.743 617.966 593.425
-999.250 -999.250 -999.250 -999.250 -999.250 -999.250 -999.250 -999.250 -999.250 -999.250 -999.250 -999.250 -999.250 -999.250 -999.250 -999.250 -999.250 -999.250 -999.250 -999.250 -999.250 -999.250 -999.250 -999.250 -999.250 -999.250 -999.250 -999.250 -999.250 -999.250 430.015 456.333 459.401 421.383 324.764 358.394 390.125 367.049 403.579 415.278 478.610 423.200 473.998 506.044 535.246 549.157 602.818 619.232 643.939 642.912 674.399 660.818 648.184 625.554 633.486 608.149 552.057 568.494 513.032 562.454 555.590 549.277 618.941 593.363
-999.250 -999.250 -999.250 -999.250 -999.250 -999.250 -999.250 -999.250 -999.250 -999.250 -999.250 -999.250 -999.250 -999.250 -999.250 -999.250 -999.250 -999.250 -999.250 -999.250 -999.250 -999.250 -999.250 -999.250 -999.250 -999.250 -999.250 -999.250 -999.250 -999.250 435.245 419.165 417.551 396.992 309.426 318.912 381.570 399.146 412.443 464.628 444.609 480.671 490.421 509.201 577.990 610.041 633.887 678.205 662.092 716.546 693.909 709.800 727.651 689.698 680.758 674.366 630.002 594.895 549.633 537.391 513.502 529.232 549.891 550.878
-999.250 -999.250 -999.250 -999.250 -999.250 -999.250 -999.250 -999.250 -999.250 -999.250 -999.250 -999.250 -999.250 -999.250 -999.250 -999.250 -999.250 -999.250 -999.250 -999.250 -999.250 -999.250 -999.250 -999.250 -999.250 -999.250 -999.250 -999.250 -999.250 -999.250 327.525 371.482 400.273 354.226 327.326 340.588 377.488 415.080 419.645 446.842 409.790 469.990 522.500 526.805 565.707 618.235 648.905 689.659 697.221 717.732 758.708 763.865 751.269 753.201 732.022 726.166 681.672 638.729 586.955 577.991 563.259 557.112 533.586 545.771
-999.250 -999.250 -999.250 -999.250 -999.250 -999.250 -999.250 -999.250 -999.250 -999.250 -999.250 -999.250 -999.250 -999.250 -999.250 -999.250 -999.250 -999.250 -999.250 -999.250 -999.250 -999.250 -999.250 -999.250 -999.250 -999.250 -999.250 -999.250 -999.250 -999.250 408.823 346.599 319.092 392.418 372.844 386.991 382.226 388.961 393.326 427.354 477.799 453.756 503.857 533.556 594.597 638.933 663.644 699.674 716.454 763.866 784.137 830.170 840.323 826.091 828.345 824.664 783.884 686.976 654.136 585.042 556.626 532.569 515.607 564.400
-999.250 -999.250 -999.250 -999.250 -999.250 -999.250 -999.250 -999.250 -999.250 -999.250 -999.250 -999.250 -999.250 -999.250 -999.250 -999.250 -999.250 -999.250 -999.250 -999.250 -999.250 -999.250 -999.250 -999.250 -999.250 -999.250 -999.250 -999.250 -999.250 -999.250 -999.250 369.946 305.686 326.760 366.276 318.738 340.920 381.125 420.195 429.580 449.101 506.556 517.658 575.709 592.101 636.948 671.700 693.292 746.511 742.939 832.592 892.316 894.389 883.390 920.227 918.699 828.976 824.500 717.301 655.532 574.248 503.670 538.750 578.449
-999.250 -999.250 -999.250 -999.250 -999.250 -999.250 -999.250 -999.250 -999.250 -999.250 -999.250 -999.250 -999.250 -999.250 -999.250 -999.250 -999.250 -999.250 -999.250 -999.250 -999.250 -999.250 -999.250 -999.250 -999.250 -999.250 -999.250 -999.250 -999.250 -999.250 -999.250 282.877 342.403 313.641 268.168 300.774 315.600 331.153 389.291 409.376 475.281 512.581 528.009 552.776 611.446 668.066 685.274 719.846 746.639 794.204 893.163 940.671 981.870 959.559 989.351 1001.634 960.186 925.028 847.233 724.329 645.477 621.480 599.351 633.901
-999.250 -999.250 -999.250 -999.250 -999.250 -999.250 -999.250 -999.250 -999.250 -999.250 -999.250 -999.250 -999.250 -999.250 -999.250 -999.250 -999.250 -999.250 -999.250 -999.250 -999.250 -999.250 -999.250 -999.250 -999.250 -999.250 -999.250 -999.250 -999.250 -999.250 324.810 281.016 251.483 279.664 266.277 261.651 345.506 316.849 362.780 350.912 472.962 527.571 502.702 568.805 624.685 669.912 703.432 747.696 825.795 879.966 907.689 966.875 1002.675 1072.844 1122.267 1140.541 1084.339 1019.096 932.329 864.082 753.427 720.751 702.935 690.343
-999.250 -999.250 -999.250 -999.250 -999.250 -999.250 -999.250 -999.250 -999.250 -999.250 -999.250 -999.250 -999.250 -999.250 -999.250 -999.250 -999.250 -999.250 -999.250 -999.250 -999.250 -999.250 -999.250 -999.250 -999.250 -999.250 -999.250 -999.250 -999.250 -999.250 263.525 247.115 218.243 272.686 263.487 254.055 256.363 341.633 330.701 414.224 443.106 479.538 535.687 572.133 631.379 673.215 710.325 755.056 835.206 896.749 1000.727 1049.197 1085.031 1181.467 1223.191 1266.272 1223.743 1162.874 1064.093 937.692 871.719 848.707 790.925 800.169
-999.250 -999.250 -999.250 -999.250 -999.250 -999.250 -999.250 -999.250 -999.250 -999.250 -999.250 -999.250 -999.250 -999.250 -999.250 -999.250 -999.250 -999.250 -999.250 -999.250 -999.250 -999.250 -999.250 -999.250 -999.250 -999.250 -999.250 -999.250 -999.250 -999.250 277.296 261.725 263.158 223.237 231.710 248.942 237.668 269.452 300.370 298.149 398.164 466.509 515.384 562.322 654.461 672.771 733.976 804.288 862.378 927.743 991.678 1083.938 1132.019 1208.859 1320.909 1410.897 1304.379 1267.794 1141.505 1059.395 976.889 948.028 911.511 871.968
-999.250 -999.250 -999.250 -999.250 -999.250 -999.250 -999.250 -999.250 -999.250 -999.250 -999.250 -999.250 -999.250 -999.250 -999.250 -999.250 -999.250 -999.250 -999.250 -999.250 -999.250 -999.250 -999.250 -999.250 -999.250 -999.250 -999.250 -999.250 -999.250 -999.250 222.082 240.312 215.034 212.865 213.855 208.391 228.971 275.184 263.849 334.065 375.525 472.602 503.547 612.999 653.081 684.119 750.949 777.771 896.089 919.631 1054.642 1091.157 1229.582 1246.086 1348.385 1375.391 1365.545 1312.559 1227.789 1184.579 1107.706 1063.262 1009.424 950.485
-999.250 -999.250 -999.250 -999.250 -999.250 -999.250 -999.250 -999.250 -999.250 -999.250 -999.250 -999.250 -999.250 -999.250 -999.250 -999.250 -999.250 -999.250 -999.250 -999.250 -999.250 -999.250 -999.250 -999.250 -999.250 -999.250 -999.250 -999.250 -999.250 -999.250 254.758 231.111 193.689 194.037 195.831 200.878 211.080 241.929 265.037 315.572 388.373 428.507 526.257 587.429 622.247 657.031 728.079 812.618 921.371 987.397 1071.759 1083.313 1194.373 1286.910 1334.923 1326.138 1352.225 1289.583 1247.327 1214.480 1172.685 1174.267 1085.932 1083.442
