data/medianmodel_11-Jun-2020.asc
ncols	141
nrows	288
xllcorner	-120191.398
yllcorner	-301404.813
cellsize	2000.000
NODATA_value	-999.250
[rows 31 to 61 of 288, columns 69 to 137 of 141]
0.000 1.979 1.235 0.205 0.000 0.000 0.000 0.000 0.000 0.000 0.000 0.000 0.000 0.000 0.000 0.000 0.000 0.000 0.000 0.000 0.000 0.000 0.000 0.000 0.000 0.000 0.000 0.000 0.000 1.703 0.000 4.987 9.331 11.920 10.001 10.151 8.674 12.310 15.130 13.441 15.430 14.712 14.835 18.062 11.501 10.709 10.537 12.688 9.909 9.330 10.665 9.428 6.899 4.049 3.368 0.544 0.527 0.000 0.000 0.000 0.451 0.946 1.522 1.270 0.000 0.000 1.308 2.361 1.679
0.235 2.684 1.918 0.000 0.000 0.000 0.000 0.000 0.000 0.000 0.000 0.000 0.000 0.000 0.000 0.000 0.000 0.000 0.000 0.000 0.000 0.000 0.000 0.000 0.000 0.000 0.000 0.000 1.513 3.036 2.335 2.056 5.713 7.811 10.222 10.501 10.243 14.430 27.029 27.795 23.252 14.129 12.410 15.936 12.310 10.904 12.381 14.156 15.607 8.910 9.990 9.546 8.776 8.173 6.048 4.177 1.614 0.000 0.000 0.000 0.000 0.000 0.000 0.266 1.064 0.000 0.000 0.813 2.231
0.000 2.330 0.000 0.000 0.000 0.000 0.000 0.000 0.000 0.000 0.050 0.011 3.238 0.000 0.000 0.000 0.000 0.000 0.000 0.000 0.000 0.000 0.000 0.000 0.000 0.000 0.000 0.000 1.169 0.258 0.580 1.540 3.861 5.735 9.212 9.045 8.843 18.823 32.194 48.223 24.239 15.276 16.997 13.556 12.415 12.196 11.036 11.800 11.274 9.776 9.044 11.506 7.679 9.159 7.221 3.573 3.001 2.809 3.833 0.150 0.000 0.000 0.000 0.741 0.000 0.000 0.000 0.000 0.750
1.036 0.000 0.000 0.000 0.000 0.000 0.000 0.000 0.000 0.000 1.139 1.520 3.792 2.479 0.000 0.000 0.000 0.000 0.000 0.000 0.000 0.000 0.000 0.000 0.000 0.000 0.000 0.000 0.000 0.000 0.000 0.969 3.551 7.267 8.935 11.825 13.948 15.445 20.229 21.194 18.672 14.102 9.492 9.314 12.730 14.029 11.650 11.694 11.218 10.509 8.822 9.192 6.486 5.338 4.455 3.045 0.000 0.000 0.000 0.000 0.000 0.000 0.000 0.000 0.000 0.000 0.000 0.000 0.000
0.000 0.000 0.000 0.000 0.000 0.000 0.000 0.000 0.000 0.000 0.000 3.008 8.361 3.839 0.000 0.000 0.000 0.000 0.000 0.000 0.000 0.000 0.000 0.000 0.000 0.000 0.000 0.000 0.000 0.000 0.000 0.000 3.198 7.456 6.715 6.570 9.890 14.264 12.538 16.013 17.649 16.213 12.177 14.224 12.291 11.748 14.858 11.475 9.649 7.643 7.013 8.898 5.791 4.114 3.108 0.106 0.331 0.000 0.391 0.000 0.000 0.000 0.000 0.000 0.000 0.000 0.000 0.000 -999.250
0.000 0.000 0.000 0.000 0.000 0.000 0.000 0.000 0.000 0.000 0.000 1.816 3.482 0.000 0.000 0.000 0.000 0.000 0.000 0.000 0.000 0.000 0.000 0.000 0.000 0.000 0.000 0.000 0.000 0.000 0.000 0.000 3.632 7.609 8.811 7.281 8.192 10.573 10.154 11.911 11.776 12.951 8.550 9.846 11.718 9.706 9.812 11.329 8.139 6.401 8.665 9.018 5.101 2.820 1.496 0.029 0.000 0.000 0.185 1.795 0.000 0.000 0.000 0.000 0.000 0.000 0.000 0.000 -999.250
0.000 0.000 0.000 0.000 0.000 0.000 0.000 0.000 0.000 0.000 0.000 0.000 0.000 0.000 0.000 0.000 0.000 0.000 0.000 0.000 0.000 0.000 0.000 0.000 0.000 0.000 0.000 0.000 0.000 0.000 0.000 0.000 3.119 7.986 7.304 7.639 7.927 9.205 8.857 5.911 11.095 8.208 9.427 8.588 9.622 11.300 9.433 10.459 9.111 8.387 6.530 5.927 3.744 3.906 1.118 0.964 0.000 0.000 0.000 1.208 0.000 0.000 0.000 0.000 0.000 0.000 0.000 -999.250 -999.250
0.000 0.000 0.000 0.000 0.000 0.000 0.000 0.368 0.000 0.000 0.000 0.000 0.000 0.000 0.000 0.000 0.000 0.000 0.000 0.000 0.000 0.000 0.000 0.000 0.000 0.000 0.000 0.000 0.000 0.000 0.028 3.165 3.196 6.712 5.947 6.675 4.161 7.659 6.376 7.996 7.165 9.705 7.946 7.910 11.629 13.054 15.030 10.658 6.371 9.519 7.187 6.540 8.332 3.667 4.960 2.427 0.163 0.000 0.000 0.000 0.000 0.000 0.081 0.000 0.000 0.000 0.482 -999.250 -999.250
0.000 0.000 0.000 0.000 0.000 0.000 0.000 0.173 0.000 0.000 0.000 0.000 0.000 0.000 0.000 0.000 0.000 0.000 0.000 0.000 0.000 0.000 0.000 0.000 0.000 0.000 0.000 0.000 0.000 0.000 0.406 3.979 2.707 4.759 5.802 4.514 5.495 8.296 7.196 4.806 7.468 7.638 6.784 5.273 6.055 10.681 11.472 11.055 7.596 8.414 11.338 8.397 6.305 3.278 3.071 3.928 1.123 0.000 0.000 2.108 1.420 0.131 0.000 0.000 0.000 0.000 0.000 -999.250 -999.250
0.000 0.000 0.000 0.000 0.000 0.000 0.000 0.000 0.000 0.000 0.000 0.000 0.000 0.000 0.000 0.000 0.000 0.000 0.000 0.000 0.000 0.000 0.000 0.000 0.000 0.000 0.000 0.000 0.000 0.000 0.479 1.879 1.705 3.230 4.176 4.109 6.538 6.334 4.128 6.621 4.615 5.864 6.822 7.959 6.915 6.251 8.189 6.911 7.578 9.463 7.239 7.320 4.399 0.527 2.275 2.997 1.146 0.239 0.000 2.872 1.243 3.330 1.862 0.000 0.000 0.851 -999.250 -999.250 -999.250
0.000 0.000 0.000 0.000 0.000 0.000 0.000 0.000 0.000 0.000 0.000 0.000 0.000 0.000 0.000 0.000 0.000 0.000 0.000 0.000 0.000 0.000 0.000 0.000 0.000 0.000 0.000 0.000 0.000 0.000 0.000 0.000 1.510 1.556 1.543 1.689 4.349 4.896 3.557 2.401 0.778 3.927 4.259 7.539 6.433 4.028 4.910 4.686 4.823 3.540 4.618 4.631 3.791 3.735 2.714 3.635 2.873 3.717 1.943 3.587 0.477 1.493 2.559 1.129 0.000 0.000 0.000 -999.250 -999.250
0.000 0.000 0.000 0.000 0.000 0.000 0.000 0.000 0.000 0.000 0.000 0.000 0.000 0.000 0.000 0.000 0.000 0.000 0.000 0.000 0.000 0.000 0.000 0.000 0.000 0.000 0.000 0.000 0.000 0.000 0.000 0.000 0.080 0.000 1.293 2.695 2.364 1.238 2.616 0.000 0.000 0.000 1.170 4.200 2.932 3.960 3.963 3.347 4.391 6.572 5.949 1.390 2.019 2.750 3.588 1.554 1.727 2.278 0.603 0.000 2.724 0.677 3.367 -999.250 -999.250 -999.250 -999.250 -999.250 -999.250
0.000 0.000 0.000 0.000 0.000 0.000 0.000 0.000 0.000 0.000 0.000 0.000 0.000 0.000 0.000 0.000 0.000 0.000 0.000 0.000 0.000 0.000 0.000 0.000 0.000 0.000 0.000 0.000 0.000 0.000 0.000 0.000 0.000 0.000 0.000 3.523 1.330 0.285 0.000 0.000 0.000 0.000 0.773 2.088 3.576 4.939 3.488 4.523 3.038 0.627 0.000 0.076 2.168 2.058 1.387 1.393 2.314 2.098 1.415 0.766 2.333 3.210 0.000 0.141 -999.250 -999.250 -999.250 -999.250 -999.250
0.000 0.000 0.000 0.000 0.000 0.000 0.000 0.000 0.000 0.000 0.000 0.000 0.000 0.000 0.000 0.000 0.000 0.000 0.000 0.000 0.000 0.000 0.000 0.000 0.000 0.000 0.000 0.000 0.000 0.000 0.000 0.000 0.000 0.000 0.000 3.053 2.437 1.005 0.037 0.000 0.000 0.000 0.951 2.286 1.280 1.376 1.059 0.174 2.272 0.000 0.000 0.000 0.000 0.653 0.593 0.000 1.830 1.288 0.963 0.953 0.995 1.390 -999.250 -999.250 -999.250 -999.250 -999.250 -999.250 -999.250
0.000 0.000 0.000 0.000 0.000 0.000 0.000 0.000 0.000 0.000 0.000 0.000 0.000 0.000 0.000 0.000 0.000 0.000 0.000 0.000 0.000 0.000 0.000 0.000 0.000 0.000 0.000 0.000 0.000 0.000 0.000 0.000 0.000 0.000 0.000 0.161 2.269 1.016 3.576 0.000 0.000 0.000 0.232 1.561 0.080 4.543 2.222 0.749 1.786 0.000 0.000 0.000 0.000 0.000 1.752 0.279 0.262 1.304 0.000 0.470 2.330 0.313 -999.250 -999.250 -999.250 -999.250 -999.250 -999.250 -999.250
0.000 0.000 0.000 0.000 0.000 0.000 0.000 2.002 0.000 0.000 0.000 0.000 0.000 0.000 0.000 0.000 0.000 0.000 0.000 0.000 0.000 0.000 0.000 0.000 0.000 0.000 0.000 0.000 0.000 0.000 0.000 0.000 0.000 0.000 0.000 1.064 2.361 2.718 4.894 3.784 1.928 1.058 0.132 2.258 2.713 2.413 2.204 1.833 1.938 0.000 0.000 0.000 0.000 0.000 1.078 0.196 1.632 0.131 3.292 1.831 1.865 -999.250 -999.250 -999.250 -999.250 -999.250 -999.250 -999.250 -999.250
0.000 0.000 0.000 0.000 0.000 0.000 0.000 0.000 0.000 0.000 0.000 0.000 0.000 0.000 0.000 0.000 0.000 0.000 0.000 0.000 0.000 0.000 0.000 0.000 0.000 0.000 0.000 0.000 0.000 0.000 0.000 0.000 0.000 0.000 0.000 0.000 1.657 2.814 1.690 2.176 2.067 0.299 0.000 1.382 0.221 0.979 1.461 1.260 0.014 0.000 0.000 0.000 0.000 0.579 0.975 0.000 0.000 1.409 0.814 -999.250 -999.250 -999.250 -999.250 -999.250 -999.250 -999.250 -999.250 -999.250 -999.250
0.626 0.000 0.621 0.000 0.000 0.000 0.000 0.000 0.000 0.000 0.000 0.000 0.000 0.000 0.000 0.000 0.000 0.000 0.000 0.000 0.000 0.000 0.000 0.000 0.000 0.000 0.000 0.000 0.000 0.000 0.000 0.000 0.000 0.000 0.000 1.146 2.631 3.157 3.355 1.682 0.689 1.909 0.867 1.693 0.135 0.611 2.653 1.981 0.000 0.037 1.042 0.212 0.000 0.000 0.000 0.000 0.000 2.204 4.433 -999.250 -999.250 -999.250 -999.250 -999.250 -999.250 -999.250 -999.250 -999.250 -999.250
1.297 0.775 0.000 0.000 0.000 0.000 0.000 0.000 0.000 0.000 0.000 0.000 0.000 0.000 0.000 0.000 0.000 0.000 0.000 0.000 0.000 0.000 0.000 0.000 0.000 0.000 0.000 0.000 0.000 0.000 0.235 0.555 3.030 3.357 2.279 5.067 6.012 5.647 2.953 2.967 1.247 2.482 1.684 1.454 3.144 2.677 0.706 2.887 0.560 0.033 0.258 0.000 0.000 0.000 -999.250 0.031 0.000 -999.250 -999.250 -999.250 -999.250 -999.250 -999.250 -999.250 -999.250 -999.250 -999.250 -999.250 -999.250
1.983 3.391 0.000 0.000 0.000 0.000 0.000 0.000 0.000 0.000 0.000 0.000 0.000 0.000 0.000 0.000 0.000 0.000 0.000 0.000 0.000 0.000 0.000 0.000 0.000 0.000 0.000 0.000 0.000 1.889 1.733 3.414 6.036 4.919 3.880 5.996 4.841 5.482 2.779 1.729 1.806 2.280 2.461 1.545 2.617 0.763 0.000 1.183 0.185 2.148 0.000 0.000 -999.250 -999.250 -999.250 -999.250 -999.250 -999.250 -999.250 -999.250 -999.250 -999.250 -999.250 -999.250 -999.250 -999.250 -999.250 -999.250 -999.250
3.886 2.932 0.024 0.000 0.000 0.000 0.000 0.000 0.000 0.000 0.000 0.000 0.000 0.000 0.000 0.000 0.000 0.000 0.000 0.000 0.000 0.000 0.000 0.000 0.000 0.000 0.000 0.000 0.967 2.080 1.410 3.142 5.306 6.617 7.902 4.294 5.003 4.468 2.856 1.073 1.419 0.732 1.462 1.828 1.290 0.650 0.837 0.000 0.663 0.000 0.000 -999.250 -999.250 -999.250 -999.250 -999.250 -999.250 -999.250 -999.250 -999.250 -999.250 -999.250 -999.250 -999.250 -999.250 -999.250 -999.250 -999.250 -999.250
6.047 0.789 0.000 0.000 0.000 0.000 0.000 0.000 0.000 0.000 0.000 0.000 0.000 0.000 0.000 0.000 0.000 0.000 0.000 0.000 0.000 0.000 0.000 0.000 0.000 0.000 0.241 0.237 2.938 3.176 2.473 5.435 6.833 7.159 5.977 5.851 5.966 3.989 2.889 2.752 0.738 1.074 1.812 2.628 2.038 0.262 1.370 0.000 0.739 0.000 0.277 -999.250 -999.250 -999.250 -999.250 -999.250 -999.250 -999.250 -999.250 -999.250 -999.250 -999.250 -999.250 -999.250 -999.250 -999.250 -999.250 -999.250 -999.250
3.659 0.000 0.000 0.000 4.703 12.680 3.624 1.366 0.000 0.000 0.000 0.000 0.000 0.000 0.000 0.000 0.000 0.000 0.000 0.000 0.000 0.000 0.000 0.000 0.049 0.000 1.491 1.597 4.188 5.910 5.720 5.012 7.665 8.896 7.611 12.995 6.386 5.343 3.256 2.076 4.153 2.781 2.269 1.471 2.263 1.972 0.103 0.941 0.000 0.096 -999.250 -999.250 -999.250 -999.250 -999.250 -999.250 -999.250 -999.250 -999.250 -999.250 -999.250 -999.250 -999.250 -999.250 -999.250 -999.250 -999.250 -999.250 -999.250
2.697 0.000 0.000 0.000 5.042 7.125 3.129 0.340 0.000 0.000 0.000 0.000 0.000 0.000 0.000 0.000 0.000 0.000 0.000 0.000 0.000 0.000 0.000 0.000 1.391 3.105 4.483 3.634 7.353 6.155 7.066 9.966 10.974 9.856 9.644 7.770 7.723 8.605 5.701 5.181 2.901 5.084 3.133 2.955 2.053 1.608 0.000 2.268 0.037 -999.250 -999.250 -999.250 -999.250 -999.250 -999.250 -999.250 -999.250 -999.250 -999.250 -999.250 -999.250 -999.250 -999.250 -999.250 -999.250 -999.250 -999.250 -999.250 -999.250
0.000 0.000 0.000 0.000 0.273 1.546 0.000 0.000 0.000 0.000 0.000 0.000 0.000 0.000 0.000 0.000 0.000 0.000 0.000 0.000 0.000 0.000 0.052 0.091 0.785 2.391 4.178 4.028 7.038 8.893 6.930 11.343 13.731 13.498 12.471 8.589 7.340 8.378 5.443 3.995 1.459 2.035 1.965 0.916 0.489 0.000 0.000 0.000 0.000 -999.250 -999.250 -999.250 -999.250 -999.250 -999.250 -999.250 -999.250 -999.250 -999.250 -999.250 -999.250 -999.250 -999.250 -999.250 -999.250 -999.250 -999.250 -999.250 -999.250
0.000 0.000 0.000 0.000 0.000 0.000 0.000 0.000 0.000 0.000 0.000 0.000 0.000 0.000 0.000 0.000 0.000 0.000 0.000 0.000 0.000 0.000 0.380 2.582 4.008 3.281 2.242 3.448 8.777 6.157 13.557 17.499 27.726 22.944 12.369 12.924 8.692 4.804 4.636 2.716 3.975 2.096 2.668 3.207 0.034 0.000 0.000 0.000 -999.250 -999.250 -999.250 -999.250 -999.250 -999.250 -999.250 -999.250 -999.250 -999.250 -999.250 -999.250 -999.250 -999.250 -999.250 -999.250 -999.250 -999.250 -999.250 -999.250 -999.250
0.000 0.000 0.000 0.000 0.000 0.000 0.000 0.000 0.000 0.000 0.000 0.000 0.000 0.000 0.000 0.000 0.000 0.000 0.000 0.000 0.000 0.000 0.000 1.710 4.828 4.034 4.964 5.481 7.202 10.483 16.349 23.557 46.133 26.185 14.896 11.052 9.297 7.466 3.391 4.509 2.834 3.166 4.047 3.164 0.000 0.000 0.000 0.000 -999.250 -999.250 -999.250 -999.250 -999.250 -999.250 -999.250 -999.250 -999.250 -999.250 -999.250 -999.250 -999.250 -999.250 -999.250 -999.250 -999.250 -999.250 -999.250 -999.250 -999.250
0.000 0.000 0.000 0.000 0.000 0.000 0.000 0.000 0.000 0.000 0.000 0.000 0.000 0.000 0.000 0.000 0.000 0.000 0.000 0.000 0.000 0.000 0.000 2.779 4.765 6.044 6.416 5.463 6.485 9.812 12.097 18.093 25.227 20.961 12.912 8.905 7.821 7.518 4.992 5.748 4.413 4.978 4.570 1.093 1.133 0.000 0.000 0.000 -999.250 -999.250 -999.250 -999.250 -999.250 -999.250 -999.250 -999.250 -999.250 -999.250 -999.250 -999.250 -999.250 -999.250 -999.250 -999.250 -999.250 -999.250 -999.250 -999.250 -999.250
0.000 0.000 0.000 0.000 0.000 0.000 0.000 0.000 0.000 0.000 0.000 0.000 0.000 0.000 0.000 0.000 0.000 0.000 0.000 0.000 0.000 0.000 0.000 2.428 4.693 5.176 7.689 6.605 8.983 9.186 11.107 13.574 18.305 15.116 10.793 9.286 8.031 6.239 6.147 5.404 4.702 2.336 3.472 2.619 0.748 0.000 0.045 -999.250 -999.250 -999.250 -999.250 -999.250 -999.250 -999.250 -999.250 -999.250 -999.250 -999.250 -999.250 -999.250 -999.250 -999.250 -999.250 -999.250 -999.250 -999.250 -999.250 -999.250 -999.250
0.216 0.000 0.000 0.000 0.000 0.000 0.000 0.000 0.000 0.000 0.000 0.000 0.000 0.000 0.000 0.000 0.000 0.000 0.000 0.000 0.000 0.000 0.000 0.072 4.217 6.689 6.911 6.966 10.976 8.645 9.005 12.524 10.172 10.639 13.013 9.931 8.529 5.366 5.985 6.450 6.851 2.589 2.962 3.925 2.043 0.736 2.472 -999.250 -999.250 -999.250 -999.250 -999.250 -999.250 -999.250 -999.250 -999.250 -999.250 -999.250 -999.250 -999.250 -999.250 -999.250 -999.250 -999.250 -999.250 -999.250 -999.250 -999.250 -999.250
2.280 0.121 0.000 0.000 0.000 0.000 0.000 0.000 0.000 0.000 0.000 0.000 0.000 0.000 0.000 0.000 0.000 0.000 0.000 0.000 0.000 0.000 0.000 0.000 3.902 5.125 6.549 6.334 10.125 6.290 6.723 9.210 8.977 5.258 8.143 10.069 12.583 7.395 4.918 5.044 4.274 3.973 1.956 0.867 2.650 1.490 -999.250 -999.250 -999.250 -999.250 -999.250 -999.250 -999.250 -999.250 -999.250 -999.250 -999.250 -999.250 -999.250 -999.250 -999.250 -999.250 -999.250 -999.250 -999.250 -999.250 -999.250 -999.250 -999.250
