data/medianmodel_26-Feb-2021.asc
ncols	141
nrows	288
xllcorner	-120191.398
yllcorner	-301404.813
cellsize	2000.000
NODATA_value	-999.250
[rows 145 to 173 of 288, columns 66 to 131 of 141]
63.058 63.120 64.142 72.554 74.173 73.792 75.710 78.881 77.181 75.608 81.519 75.986 81.127 87.026 93.362 98.994 105.272 110.748 119.499 125.144 141.269 149.777 158.329 155.738 163.395 -999.250 -999.250 -999.250 -999.250 -999.250 -999.250 -999.250 -999.250 -999.250 -999.250 -999.250 -999.250 -999.250 -999.250 -999.250 -999.250 -999.250 -999.250 -999.250 -999.250 -999.250 -999.250 -999.250 -999.250 -999.250 -999.250 -999.250 -999.250 -999.250 -999.250 -999.250 -999.250 -999.250 -999.250 -999.250 -999.250 -999.250 -999.250 -999.250 -999.250 -999.250
65.009 68.150 69.819 69.520 72.715 71.201 77.930 79.045 76.592 78.048 80.872 76.224 78.640 84.148 91.936 100.377 108.217 109.299 117.103 131.029 136.267 146.887 155.413 163.694 168.066 165.916 -999.250 -999.250 -999.250 -999.250 -999.250 -999.250 -999.250 -999.250 -999.250 -999.250 -999.250 -999.250 -999.250 -999.250 -999.250 -999.250 -999.250 -999.250 -999.250 -999.250 -999.250 -999.250 -999.250 -999.250 -999.250 -999.250 -999.250 -999.250 -999.250 -999.250 -999.250 -999.250 -999.250 -999.250 -999.250 -999.250 -999.250 -999.250 -999.250 -999.250
65.469 67.288 69.143 67.173 69.503 68.080 76.924 72.870 69.670 74.179 73.913 76.900 83.311 84.650 89.868 96.089 106.276 107.973 127.662 130.963 144.172 153.515 158.613 162.298 170.404 174.439 -999.250 -999.250 -999.250 -999.250 -999.250 -999.250 -999.250 -999.250 -999.250 -999.250 -999.250 -999.250 -999.250 -999.250 -999.250 -999.250 -999.250 -999.250 -999.250 -999.250 -999.250 -999.250 -999.250 -999.250 -999.250 -999.250 -999.250 -999.250 -999.250 -999.250 -999.250 -999.250 -999.250 -999.250 -999.250 -999.250 -999.250 -999.250 -999.250 -999.250
67.523 64.645 64.698 61.293 64.963 67.219 67.758 65.014 67.794 70.998 71.036 77.552 76.664 87.102 98.573 104.111 109.721 113.616 128.636 133.421 138.225 150.775 155.657 159.708 171.292 178.027 168.837 174.845 176.413 -999.250 -999.250 -999.250 -999.250 -999.250 -999.250 -999.250 -999.250 -999.250 -999.250 -999.250 -999.250 -999.250 -999.250 -999.250 -999.250 -999.250 -999.250 -999.250 -999.250 -999.250 -999.250 -999.250 -999.250 -999.250 -999.250 -999.250 -999.250 -999.250 -999.250 -999.250 -999.250 -999.250 -999.250 -999.250 -999.250 -999.250
64.321 62.045 61.752 58.188 60.114 60.661 61.874 63.738 65.500 67.592 68.275 74.581 78.417 84.806 90.717 102.890 107.613 112.184 123.524 129.053 139.111 149.212 162.502 162.395 165.165 165.913 175.246 174.497 190.730 190.619 -999.250 -999.250 -999.250 -999.250 -999.250 -999.250 -999.250 -999.250 -999.250 -999.250 -999.250 -999.250 -999.250 -999.250 -999.250 -999.250 -999.250 -999.250 -999.250 -999.250 -999.250 -999.250 -999.250 -999.250 -999.250 -999.250 -999.250 -999.250 -999.250 -999.250 -999.250 -999.250 -999.250 -999.250 -999.250 -999.250
60.552 58.704 61.400 58.179 55.100 60.752 62.801 63.194 63.860 66.950 69.806 74.983 79.483 83.994 88.766 95.583 106.388 107.772 113.464 131.381 130.836 150.768 158.158 157.738 161.905 167.663 170.474 169.664 181.301 -999.250 -999.250 -999.250 -999.250 -999.250 -999.250 -999.250 -999.250 -999.250 -999.250 -999.250 -999.250 -999.250 -999.250 -999.250 -999.250 -999.250 -999.250 -999.250 -999.250 -999.250 -999.250 -999.250 -999.250 -999.250 -999.250 -999.250 -999.250 -999.250 -999.250 -999.250 -999.250 -999.250 -999.250 -999.250 -999.250 -999.250
61.833 56.478 54.470 55.241 58.564 60.023 66.168 57.807 60.239 62.380 67.284 73.108 78.148 78.712 88.910 92.730 95.413 102.293 113.172 124.371 131.095 137.099 153.158 155.368 164.868 162.541 165.219 167.876 181.455 -999.250 -999.250 -999.250 -999.250 -999.250 -999.250 -999.250 -999.250 -999.250 -999.250 -999.250 -999.250 -999.250 -999.250 -999.250 -999.250 -999.250 -999.250 -999.250 -999.250 -999.250 -999.250 -999.250 -999.250 -999.250 -999.250 -999.250 -999.250 -999.250 -999.250 -999.250 -999.250 -999.250 -999.250 -999.250 -999.250 -999.250
56.596 52.174 54.328 51.545 54.716 54.691 57.400 59.976 56.022 62.754 64.820 69.027 74.178 78.501 81.807 87.451 95.676 99.879 111.464 118.012 117.546 129.257 141.650 141.903 155.663 160.492 165.069 163.895 178.792 -999.250 -999.250 -999.250 -999.250 -999.250 -999.250 -999.250 -999.250 -999.250 -999.250 -999.250 -999.250 -999.250 -999.250 -999.250 -999.250 -999.250 -999.250 -999.250 -999.250 -999.250 -999.250 -999.250 -999.250 -999.250 -999.250 -999.250 -999.250 -999.250 -999.250 -999.250 -999.250 -999.250 -999.250 -999.250 -999.250 -999.250
53.590 48.392 47.237 46.893 48.880 53.212 54.331 53.968 53.633 57.486 65.416 64.206 71.055 75.985 82.507 89.285 89.171 97.852 104.003 115.009 114.444 125.458 134.157 139.925 140.937 154.285 164.219 168.530 179.491 -999.250 -999.250 -999.250 -999.250 -999.250 -999.250 -999.250 -999.250 -999.250 -999.250 -999.250 -999.250 -999.250 -999.250 -999.250 -999.250 -999.250 -999.250 -999.250 -999.250 -999.250 -999.250 -999.250 -999.250 -999.250 -999.250 -999.250 -999.250 -999.250 -999.250 -999.250 -999.250 -999.250 -999.250 -999.250 -999.250 -999.250
45.779 46.574 47.778 48.948 45.705 46.957 48.914 53.176 53.127 55.836 60.176 59.773 65.023 74.501 82.181 84.145 88.898 93.108 98.882 100.097 104.207 107.482 116.659 123.112 133.670 145.775 166.389 179.678 183.748 -999.250 -999.250 -999.250 -999.250 -999.250 -999.250 -999.250 -999.250 -999.250 -999.250 -999.250 -999.250 -999.250 -999.250 -999.250 -999.250 -999.250 -999.250 -999.250 -999.250 -999.250 -999.250 -999.250 -999.250 -999.250 -999.250 -999.250 -999.250 -999.250 -999.250 -999.250 -999.250 -999.250 -999.250 -999.250 -999.250 -999.250
45.912 47.035 45.581 43.298 43.023 42.359 46.491 44.726 46.641 48.978 53.341 62.867 66.675 71.989 74.709 83.964 83.419 93.337 93.695 96.680 93.514 96.146 99.084 112.626 121.865 137.767 152.989 173.695 188.890 -999.250 -999.250 -999.250 -999.250 -999.250 -999.250 -999.250 -999.250 -999.250 -999.250 -999.250 -999.250 -999.250 -999.250 -999.250 -999.250 -999.250 -999.250 -999.250 -999.250 -999.250 -999.250 -999.250 -999.250 -999.250 -999.250 -999.250 -999.250 -999.250 -999.250 -999.250 -999.250 -999.250 -999.250 -999.250 -999.250 -999.250
42.457 45.102 47.949 42.277 38.686 39.644 37.987 39.530 41.128 41.514 51.097 58.295 64.316 71.990 71.122 75.353 89.798 90.201 95.367 92.644 90.165 86.635 84.572 93.988 101.992 119.176 149.541 163.610 187.773 207.291 -999.250 -999.250 -999.250 -999.250 -999.250 -999.250 -999.250 -999.250 -999.250 -999.250 -999.250 -999.250 -999.250 -999.250 -999.250 -999.250 -999.250 -999.250 -999.250 -999.250 -999.250 -999.250 -999.250 -999.250 -999.250 -999.250 -999.250 -999.250 -999.250 -999.250 -999.250 -999.250 -999.250 -999.250 -999.250 -999.250
44.879 41.274 37.511 44.575 37.123 29.259 31.663 29.611 34.604 41.156 46.162 51.991 51.442 62.478 66.213 73.341 84.410 93.255 90.770 93.388 94.142 88.216 85.263 84.164 86.526 110.412 142.343 164.793 183.077 207.799 219.484 -999.250 -999.250 -999.250 -999.250 -999.250 -999.250 -999.250 -999.250 -999.250 -999.250 -999.250 -999.250 -999.250 -999.250 -999.250 -999.250 -999.250 -999.250 -999.250 -999.250 -999.250 -999.250 -999.250 -999.250 -999.250 -999.250 -999.250 -999.250 -999.250 -999.250 -999.250 -999.250 -999.250 -999.250 -999.250
46.506 37.750 34.325 39.938 29.588 27.077 26.842 26.231 28.399 31.751 37.211 43.166 48.940 54.301 64.665 71.078 83.179 95.877 96.387 91.732 89.426 89.862 82.015 78.185 67.653 111.978 141.505 175.855 198.458 216.844 227.665 231.180 -999.250 -999.250 -999.250 -999.250 -999.250 -999.250 -999.250 -999.250 -999.250 -999.250 -999.250 -999.250 -999.250 -999.250 -999.250 -999.250 -999.250 -999.250 -999.250 -999.250 -999.250 -999.250 -999.250 -999.250 -999.250 -999.250 -999.250 -999.250 -999.250 -999.250 -999.250 -999.250 -999.250 -999.250
41.916 43.245 38.508 34.028 26.777 24.305 24.450 24.472 26.246 29.825 37.588 34.721 43.657 50.415 58.861 71.881 77.381 85.700 91.596 101.218 101.671 98.133 92.223 96.866 100.484 126.614 155.689 191.210 210.570 224.703 259.189 259.799 -999.250 -999.250 -999.250 -999.250 -999.250 -999.250 -999.250 -999.250 -999.250 -999.250 -999.250 -999.250 -999.250 -999.250 -999.250 -999.250 -999.250 -999.250 -999.250 -999.250 -999.250 -999.250 -999.250 -999.250 -999.250 -999.250 -999.250 -999.250 -999.250 -999.250 -999.250 -999.250 -999.250 -999.250
40.760 37.783 29.656 28.381 26.694 25.372 26.139 26.083 24.117 25.914 27.838 31.782 35.486 42.780 52.116 59.826 69.321 84.582 91.280 99.123 109.882 112.553 117.155 128.441 135.470 158.617 176.409 205.345 227.952 248.736 270.827 279.038 -999.250 -999.250 -999.250 -999.250 -999.250 -999.250 -999.250 -999.250 -999.250 -999.250 -999.250 -999.250 -999.250 -999.250 -999.250 -999.250 -999.250 -999.250 -999.250 -999.250 -999.250 -999.250 -999.250 -999.250 -999.250 -999.250 -999.250 -999.250 -999.250 -999.250 -999.250 -999.250 -999.250 -999.250
43.897 40.407 31.136 28.076 25.897 24.964 28.005 25.112 24.870 26.423 27.324 28.679 31.569 35.721 44.103 57.901 65.548 78.606 92.052 108.512 116.341 128.352 143.354 158.663 173.219 197.943 216.037 233.438 252.077 270.658 299.040 294.243 -999.250 -999.250 -999.250 -999.250 -999.250 -999.250 -999.250 -999.250 -999.250 -999.250 -999.250 -999.250 -999.250 -999.250 -999.250 -999.250 -999.250 -999.250 -999.250 -999.250 -999.250 -999.250 -999.250 -999.250 -999.250 -999.250 -999.250 -999.250 -999.250 -999.250 -999.250 -999.250 -999.250 -999.250
43.388 38.401 25.493 28.511 29.927 29.318 29.700 28.025 28.066 27.385 24.790 26.947 31.034 30.123 37.358 41.589 61.466 80.135 99.742 117.610 135.664 141.374 157.575 187.757 203.140 234.049 255.358 265.775 284.246 292.583 331.125 323.128 -999.250 -999.250 -999.250 -999.250 -999.250 -999.250 -999.250 -999.250 -999.250 -999.250 -999.250 -999.250 -999.250 -999.250 -999.250 -999.250 -999.250 -999.250 -999.250 -999.250 -999.250 -999.250 -999.250 -999.250 -999.250 -999.250 -999.250 -999.250 -999.250 -999.250 -999.250 -999.250 -999.250 -999.250
39.620 32.889 31.051 30.888 29.621 27.538 33.011 27.380 26.920 26.470 27.978 28.083 37.580 39.758 34.504 31.596 61.273 88.018 110.747 135.939 154.640 173.208 192.714 209.065 236.902 257.809 273.675 292.544 300.978 325.839 348.784 364.556 398.338 -999.250 -999.250 -999.250 -999.250 -999.250 -999.250 -999.250 -999.250 -999.250 -999.250 -999.250 -999.250 -999.250 -999.250 -999.250 -999.250 -999.250 -999.250 -999.250 -999.250 -999.250 -999.250 -999.250 -999.250 -999.250 -999.250 -999.250 -999.250 -999.250 -999.250 -999.250 -999.250 -999.250
42.210 38.989 34.894 31.266 33.118 30.775 34.874 34.804 35.484 32.003 36.558 43.019 45.282 47.718 51.074 58.423 81.321 103.499 134.765 159.861 167.394 193.441 207.158 233.753 260.006 269.504 310.524 307.874 335.257 363.342 424.684 442.151 436.848 432.519 -999.250 -999.250 -999.250 -999.250 -999.250 -999.250 -999.250 -999.250 -999.250 -999.250 -999.250 -999.250 -999.250 -999.250 -999.250 -999.250 -999.250 -999.250 -999.250 -999.250 -999.250 -999.250 -999.250 -999.250 -999.250 -999.250 -999.250 -999.250 -999.250 -999.250 -999.250 -999.250
33.892 37.681 40.626 35.765 36.321 37.593 38.954 41.648 38.353 44.089 48.000 55.899 57.494 64.302 72.551 79.215 99.277 125.262 152.288 175.627 203.272 215.217 228.648 253.464 271.574 300.355 332.993 354.503 414.009 412.527 461.378 446.157 476.066 469.581 439.840 376.740 322.437 -999.250 -999.250 -999.250 -999.250 -999.250 -999.250 -999.250 -999.250 -999.250 -999.250 -999.250 -999.250 -999.250 -999.250 -999.250 -999.250 -999.250 -999.250 -999.250 -999.250 -999.250 -999.250 -999.250 -999.250 -999.250 -999.250 -999.250 -999.250 -999.250
41.879 45.706 43.170 43.406 45.560 43.696 47.861 44.937 46.043 49.994 61.105 68.701 70.657 81.221 87.767 98.433 121.449 141.778 165.395 195.325 215.799 230.674 249.599 281.666 298.515 321.550 360.652 384.607 434.022 484.419 487.638 503.913 501.716 493.762 461.986 389.797 361.543 -999.250 -999.250 -999.250 -999.250 -999.250 -999.250 -999.250 -999.250 -999.250 -999.250 -999.250 -999.250 -999.250 -999.250 -999.250 -999.250 -999.250 -999.250 -999.250 -999.250 -999.250 -999.250 -999.250 -999.250 -999.250 -999.250 -999.250 -999.250 -999.250
45.741 49.133 48.491 49.257 48.801 51.965 50.164 55.203 55.288 63.367 67.233 79.302 89.605 93.379 110.301 119.214 144.714 162.632 191.084 214.449 232.216 239.324 264.142 294.393 326.388 344.018 371.743 397.231 453.227 505.985 502.505 527.010 525.579 509.591 491.697 404.822 -999.250 -999.250 -999.250 -999.250 -999.250 -999.250 -999.250 -999.250 -999.250 -999.250 -999.250 -999.250 -999.250 -999.250 -999.250 -999.250 -999.250 -999.250 -999.250 -999.250 -999.250 -999.250 -999.250 -999.250 -999.250 -999.250 -999.250 -999.250 -999.250 -999.250
48.251 50.418 56.189 57.171 56.265 57.930 63.876 63.683 68.392 68.394 80.432 88.887 104.379 111.333 135.223 144.940 158.824 186.300 206.963 235.419 246.154 262.239 270.012 294.316 319.543 342.760 401.346 449.775 477.867 498.723 525.389 549.586 547.758 534.645 495.512 426.057 -999.250 -999.250 -999.250 226.599 184.094 152.696 -999.250 -999.250 -999.250 -999.250 -999.250 -999.250 -999.250 -999.250 -999.250 -999.250 -999.250 -999.250 -999.250 -999.250 -999.250 -999.250 -999.250 -999.250 -999.250 -999.250 -999.250 -999.250 -999.250 -999.250
53.186 55.302 57.332 58.282 64.427 68.824 68.354 78.345 79.668 84.146 88.623 99.820 118.225 130.727 148.238 163.825 181.474 203.116 222.553 242.112 258.488 268.496 289.296 326.656 357.441 377.182 394.605 429.493 491.454 502.661 525.727 578.286 602.837 526.610 462.497 419.089 336.137 290.253 254.644 213.905 168.959 135.890 115.454 -999.250 -999.250 -999.250 -999.250 -999.250 -999.250 -999.250 -999.250 -999.250 -999.250 -999.250 -999.250 -999.250 -999.250 -999.250 -999.250 -999.250 -999.250 -999.250 -999.250 -999.250 -999.250 -999.250
55.847 62.523 66.800 67.984 70.638 77.075 77.893 85.564 91.583 102.411 98.948 111.017 128.786 150.005 168.124 189.932 202.909 211.157 240.600 250.449 258.552 275.883 291.184 333.824 358.995 390.794 401.737 428.801 465.046 489.504 514.722 533.065 538.697 520.047 467.879 418.441 317.146 281.649 226.601 201.674 153.595 101.600 88.808 76.534 -999.250 -999.250 -999.250 -999.250 -999.250 -999.250 -999.250 -999.250 -999.250 -999.250 -999.250 -999.250 -999.250 -999.250 -999.250 -999.250 -999.250 -999.250 -999.250 -999.250 -999.250 -999.250
66.818 71.414 73.545 77.093 82.549 82.481 86.333 93.212 97.364 108.119 113.444 123.612 141.509 157.872 177.765 198.126 214.240 222.777 240.298 254.064 261.833 275.789 298.231 335.370 376.725 408.037 410.918 423.438 449.964 485.668 475.029 492.527 507.118 472.112 439.755 395.678 301.268 276.594 227.098 191.312 142.591 99.923 84.338 71.409 -999.250 -999.250 -999.250 -999.250 -999.250 -999.250 -999.250 -999.250 -999.250 -999.250 -999.250 -999.250 -999.250 -999.250 -999.250 -999.250 -999.250 -999.250 -999.250 -999.250 -999.250 -999.250
73.153 75.998 80.612 88.234 90.481 94.003 99.741 98.049 110.786 124.072 129.475 139.193 149.324 168.132 194.190 209.648 217.664 226.373 241.280 242.951 256.442 287.464 304.416 338.180 358.454 403.361 414.951 411.275 454.784 471.911 452.597 421.047 448.363 431.323 413.833 334.943 288.989 263.176 214.237 173.721 137.865 108.080 81.369 73.489 -999.250 -999.250 -999.250 -999.250 -999.250 -999.250 -999.250 -999.250 -999.250 -999.250 -999.250 -999.250 -999.250 -999.250 -999.250 -999.250 -999.250 -999.250 -999.250 -999.250 -999.250 -999.250
82.304 86.614 89.890 92.521 101.164 106.662 111.156 113.682 121.914 129.678 142.861 147.762 162.140 168.965 194.029 210.939 219.707 245.109 249.313 253.394 260.190 281.520 295.892 307.456 347.233 375.384 390.050 420.831 415.536 436.290 409.010 405.154 410.441 359.592 363.688 316.651 264.926 242.915 199.650 161.061 138.923 104.138 87.384 70.241 67.321 -999.250 -999.250 -999.250 -999.250 -999.250 -999.250 -999.250 -999.250 -999.250 -999.250 -999.250 -999.250 -999.250 -999.250 -999.250 -999.250 -999.250 -999.250 -999.250 -999.250 -999.250
