data/medianmodel_09-Nov-2020.asc
ncols	141
nrows	288
xllcorner	-120191.398
yllcorner	-301404.813
cellsize	2000.000
NODATA_value	-999.250
[rows 116 to 144 of 288, columns 65 to 129 of 141]
253.818 270.224 286.731 299.021 311.425 338.922 347.790 362.634 384.398 365.869 370.708 397.684 421.124 444.664 490.433 451.113 532.295 516.183 513.732 525.297 582.411 641.538 609.214 765.412 690.053 628.402 615.032 593.529 560.571 524.805 564.685 595.760 577.388 599.035 600.349 532.141 611.347 529.814 478.436 525.694 501.025 503.547 500.520 519.994 524.902 546.730 511.291 431.947 -999.250 -999.250 -999.250 -999.250 -999.250 -999.250 -999.250 -999.250 -999.250 -999.250 -999.250 -999.250 -999.250 -999.250 -999.250 -999.250 -999.250
195.473 232.162 266.815 269.866 269.560 294.167 290.877 308.348 328.805 335.292 346.597 347.482 394.989 408.545 394.323 417.866 506.215 482.755 501.179 502.495 575.333 580.549 549.648 668.438 629.906 636.414 613.428 574.009 545.608 566.795 579.342 667.885 592.584 635.091 640.410 628.381 543.111 591.822 526.292 550.147 557.700 507.732 521.069 506.714 498.491 516.882 512.735 461.556 -999.250 -999.250 -999.250 -999.250 -999.250 -999.250 -999.250 -999.250 -999.250 -999.250 -999.250 -999.250 -999.250 -999.250 -999.250 -999.250 -999.250
204.784 210.476 212.227 212.337 222.725 241.239 258.279 281.909 305.669 290.281 318.455 318.484 339.257 381.850 356.619 357.061 414.172 423.187 514.311 493.159 551.990 541.766 530.602 556.899 579.282 600.429 560.323 597.116 564.373 602.437 648.904 670.244 614.501 670.191 708.717 678.702 693.952 562.326 539.795 582.436 568.513 511.173 525.927 536.380 530.335 532.307 491.967 474.535 399.007 -999.250 -999.250 -999.250 -999.250 -999.250 -999.250 -999.250 -999.250 -999.250 -999.250 -999.250 -999.250 -999.250 -999.250 -999.250 -999.250
174.158 193.171 180.853 188.664 177.761 184.698 191.025 219.320 224.716 263.526 273.031 271.351 303.304 354.433 339.101 375.616 392.764 374.798 431.072 453.831 477.236 570.025 566.409 549.528 628.205 602.426 597.940 592.613 598.868 616.559 570.230 626.556 686.734 714.094 780.437 756.122 684.854 620.804 590.717 605.909 604.023 546.469 535.920 517.004 544.953 517.338 557.017 521.121 -999.250 -999.250 -999.250 -999.250 -999.250 -999.250 -999.250 -999.250 -999.250 -999.250 -999.250 -999.250 -999.250 -999.250 -999.250 -999.250 -999.250
161.132 152.796 156.315 152.866 150.881 143.339 161.261 174.622 187.111 206.903 221.050 253.728 252.805 328.248 342.850 378.282 385.623 376.295 396.757 401.254 434.652 493.269 558.656 594.047 605.289 608.142 559.745 552.974 569.597 612.142 699.600 665.719 737.925 789.289 767.014 732.538 685.304 657.678 607.295 622.210 568.271 543.432 555.925 538.103 570.432 548.166 547.438 528.144 -999.250 -999.250 -999.250 -999.250 -999.250 -999.250 -999.250 -999.250 -999.250 -999.250 -999.250 -999.250 -999.250 -999.250 -999.250 -999.250 -999.250
150.914 153.960 141.332 127.111 95.775 88.550 127.252 148.058 198.637 194.485 207.262 236.965 225.145 284.088 295.701 311.708 348.122 327.088 375.888 373.369 426.989 448.309 487.212 516.141 515.735 538.599 492.095 490.096 499.412 577.510 591.439 680.867 731.608 863.082 818.135 802.461 809.148 689.804 728.170 740.082 564.287 649.664 651.323 583.215 603.990 559.627 560.706 514.420 -999.250 -999.250 -999.250 -999.250 -999.250 -999.250 -999.250 -999.250 -999.250 -999.250 -999.250 -999.250 -999.250 -999.250 -999.250 -999.250 -999.250
131.278 134.752 130.342 104.215 74.912 39.976 104.021 141.579 181.490 200.918 211.074 214.102 223.703 286.154 296.083 301.633 304.692 313.786 342.084 313.137 367.391 425.321 411.265 468.870 490.583 525.826 513.702 536.089 549.306 558.528 596.954 665.005 706.372 831.629 848.868 878.552 815.740 754.681 712.114 779.547 633.281 676.314 620.789 577.611 634.044 575.456 556.867 558.438 -999.250 -999.250 -999.250 -999.250 -999.250 -999.250 -999.250 -999.250 -999.250 -999.250 -999.250 -999.250 -999.250 -999.250 -999.250 -999.250 -999.250
136.522 145.886 141.226 124.056 93.860 97.102 127.626 164.955 191.421 204.383 202.613 215.238 244.147 264.946 278.180 272.321 277.075 280.864 321.592 315.847 339.232 369.244 393.107 438.610 430.656 438.967 470.393 543.875 488.200 567.703 579.131 698.404 788.613 793.752 846.905 907.621 797.150 706.862 748.417 736.862 636.017 621.007 615.268 578.670 618.116 614.892 540.206 -999.250 -999.250 -999.250 -999.250 -999.250 -999.250 -999.250 -999.250 -999.250 -999.250 -999.250 -999.250 -999.250 -999.250 -999.250 -999.250 -999.250 -999.250
155.569 140.576 155.727 154.353 145.951 156.825 161.126 188.288 197.219 208.437 210.038 233.701 252.937 273.672 277.603 284.322 285.282 280.439 299.241 311.270 348.424 356.962 354.507 377.921 395.138 421.200 450.781 468.405 491.361 563.101 588.004 593.133 739.365 788.165 799.304 769.408 763.542 735.112 725.368 723.533 694.230 617.847 580.626 590.533 628.060 577.661 554.171 -999.250 -999.250 -999.250 -999.250 -999.250 -999.250 -999.250 -999.250 -999.250 -999.250 -999.250 -999.250 -999.250 -999.250 -999.250 -999.250 -999.250 -999.250
174.103 179.682 175.655 184.721 186.249 188.088 184.347 217.395 228.256 234.576 247.360 243.163 254.499 262.779 281.585 281.076 276.192 274.998 275.036 316.065 303.788 348.094 328.034 342.556 382.481 414.174 393.355 424.500 489.748 569.364 557.090 674.538 633.108 713.024 676.645 691.318 758.025 642.690 647.937 695.061 681.144 595.375 560.252 543.616 580.756 556.172 507.177 -999.250 -999.250 -999.250 -999.250 -999.250 -999.250 -999.250 -999.250 -999.250 -999.250 -999.250 -999.250 -999.250 -999.250 -999.250 -999.250 -999.250 -999.250
208.509 203.687 233.674 244.496 230.309 246.645 248.660 265.899 250.891 259.265 273.456 294.929 285.900 274.785 273.286 282.142 290.869 252.689 258.541 266.419 299.561 329.916 310.510 320.507 335.408 379.598 418.238 426.570 491.104 508.524 572.486 646.528 662.294 677.271 665.619 738.977 654.209 710.192 700.331 641.621 687.960 573.423 540.370 507.034 486.571 505.995 464.164 -999.250 -999.250 -999.250 -999.250 -999.250 -999.250 -999.250 -999.250 -999.250 -999.250 -999.250 -999.250 -999.250 -999.250 -999.250 -999.250 -999.250 -999.250
252.510 254.206 268.637 299.074 284.826 296.705 297.749 314.197 305.953 294.285 300.397 297.530 294.748 277.834 288.892 285.634 283.953 264.338 260.119 257.679 282.675 291.970 290.431 292.193 313.409 359.030 387.807 416.527 472.954 485.960 592.632 545.019 572.464 621.870 649.018 657.322 608.240 663.676 707.248 568.653 563.287 575.756 575.824 545.914 500.467 487.281 -999.250 -999.250 -999.250 -999.250 -999.250 -999.250 -999.250 -999.250 -999.250 -999.250 -999.250 -999.250 -999.250 -999.250 -999.250 -999.250 -999.250 -999.250 -999.250
271.525 287.314 329.914 333.676 336.722 379.541 376.281 374.609 368.347 350.864 340.622 339.821 337.658 321.528 315.375 281.457 247.796 250.009 236.444 248.367 253.368 259.238 267.442 273.145 312.819 356.440 351.635 390.733 438.779 490.535 510.288 515.304 534.798 593.202 577.182 638.299 705.153 655.977 740.949 710.929 746.385 593.739 583.269 504.184 520.055 -999.250 -999.250 -999.250 -999.250 -999.250 -999.250 -999.250 -999.250 -999.250 -999.250 -999.250 -999.250 -999.250 -999.250 -999.250 -999.250 -999.250 -999.250 -999.250 -999.250
296.483 312.189 345.779 366.283 431.430 407.997 423.177 378.947 393.978 370.671 362.558 367.106 362.025 343.930 316.169 285.251 294.618 265.027 244.583 233.432 245.132 252.621 272.153 270.432 311.893 357.842 346.839 399.567 415.875 432.021 488.315 525.240 476.432 459.083 560.438 587.921 638.278 637.007 719.970 646.546 616.680 530.168 537.723 496.476 -999.250 -999.250 -999.250 -999.250 -999.250 -999.250 -999.250 -999.250 -999.250 -999.250 -999.250 -999.250 -999.250 -999.250 -999.250 -999.250 -999.250 -999.250 -999.250 -999.250 -999.250
325.809 359.798 385.959 432.843 468.948 476.220 467.685 442.903 463.722 357.131 364.414 363.975 360.708 345.460 331.715 314.404 285.689 290.276 242.731 252.267 251.066 266.213 253.984 279.204 302.136 321.494 337.229 349.943 415.307 424.790 453.016 484.954 440.778 474.537 534.501 600.418 554.069 624.695 667.068 591.640 568.882 483.074 450.460 515.715 -999.250 -999.250 -999.250 -999.250 -999.250 -999.250 -999.250 -999.250 -999.250 -999.250 -999.250 -999.250 -999.250 -999.250 -999.250 -999.250 -999.250 -999.250 -999.250 -999.250 -999.250
344.968 421.059 433.758 486.895 537.235 514.168 488.721 494.672 430.541 420.404 389.676 383.674 356.123 363.775 321.156 308.187 300.613 292.547 261.954 248.832 230.863 272.793 274.243 275.213 279.540 311.674 342.879 317.167 355.267 383.929 403.502 424.503 469.996 520.733 548.279 652.482 612.864 595.032 628.893 570.470 474.558 459.955 445.502 493.370 -999.250 -999.250 -999.250 -999.250 -999.250 -999.250 -999.250 -999.250 -999.250 -999.250 -999.250 -999.250 -999.250 -999.250 -999.250 -999.250 -999.250 -999.250 -999.250 -999.250 -999.250
357.414 405.081 470.199 514.470 560.462 576.626 570.094 531.740 511.142 423.331 406.727 401.392 389.519 366.301 339.676 304.710 307.098 294.325 261.221 267.452 236.607 260.509 256.286 292.245 314.372 331.279 317.933 320.600 341.799 357.594 364.679 408.258 398.089 448.155 491.979 543.480 591.634 611.352 566.780 487.412 513.588 462.712 487.515 442.017 -999.250 -999.250 -999.250 -999.250 -999.250 -999.250 -999.250 -999.250 -999.250 -999.250 -999.250 -999.250 -999.250 -999.250 -999.250 -999.250 -999.250 -999.250 -999.250 -999.250 -999.250
381.605 415.534 451.937 549.500 630.310 604.885 555.404 550.805 483.877 440.903 420.196 404.859 388.560 364.448 339.274 324.132 308.257 282.779 272.174 278.240 247.779 263.546 266.709 310.955 298.513 308.743 320.728 335.481 340.389 369.186 417.967 395.223 377.022 364.648 490.702 519.933 541.039 519.662 465.224 489.731 444.626 458.122 463.962 -999.250 -999.250 -999.250 -999.250 -999.250 -999.250 -999.250 -999.250 -999.250 -999.250 -999.250 -999.250 -999.250 -999.250 -999.250 -999.250 -999.250 -999.250 -999.250 -999.250 -999.250 -999.250
343.231 411.069 444.397 539.656 589.851 562.890 583.655 523.025 478.524 455.947 417.028 435.559 394.319 380.429 333.284 306.375 306.313 289.747 281.466 274.976 261.975 252.156 265.534 277.609 293.235 296.847 311.926 335.781 313.852 343.490 365.930 376.630 372.610 392.490 410.389 555.374 557.889 501.239 451.584 446.020 482.062 424.778 447.478 -999.250 -999.250 -999.250 -999.250 -999.250 -999.250 -999.250 -999.250 -999.250 -999.250 -999.250 -999.250 -999.250 -999.250 -999.250 -999.250 -999.250 -999.250 -999.250 -999.250 -999.250 -999.250
327.200 389.897 452.457 466.979 524.799 522.172 526.634 549.492 497.862 461.817 414.816 412.173 385.602 380.032 316.684 308.564 283.147 273.796 263.102 249.004 254.108 242.226 263.123 275.963 283.565 295.355 296.550 323.999 291.280 306.014 319.492 353.760 368.461 419.804 445.973 499.331 481.372 448.582 442.779 420.136 434.254 485.499 434.549 -999.250 -999.250 -999.250 -999.250 -999.250 -999.250 -999.250 -999.250 -999.250 -999.250 -999.250 -999.250 -999.250 -999.250 -999.250 -999.250 -999.250 -999.250 -999.250 -999.250 -999.250 -999.250
304.728 371.145 421.620 405.403 450.258 467.139 476.737 467.560 451.423 437.687 405.051 416.972 390.330 345.366 286.260 273.080 268.374 268.968 242.994 218.413 239.293 251.227 268.268 252.966 282.327 291.091 298.672 308.305 301.425 298.276 306.896 327.897 357.529 368.110 417.565 401.103 422.714 441.599 427.963 420.278 406.314 455.272 406.857 -999.250 -999.250 -999.250 -999.250 -999.250 -999.250 -999.250 -999.250 -999.250 -999.250 -999.250 -999.250 -999.250 -999.250 -999.250 -999.250 -999.250 -999.250 -999.250 -999.250 -999.250 -999.250
269.792 316.489 342.917 403.655 412.866 436.728 446.340 427.189 437.534 424.576 389.779 386.600 359.672 306.275 306.885 267.011 239.158 223.393 240.396 218.769 202.320 228.471 253.913 235.864 270.457 247.234 267.585 282.568 270.841 284.645 295.819 286.773 324.976 350.976 386.375 380.112 412.984 448.633 407.967 374.981 388.468 342.634 -999.250 -999.250 -999.250 -999.250 -999.250 -999.250 -999.250 -999.250 -999.250 -999.250 -999.250 -999.250 -999.250 -999.250 -999.250 -999.250 -999.250 -999.250 -999.250 -999.250 -999.250 -999.250 -999.250
228.580 280.477 282.665 335.704 376.160 385.968 391.839 379.513 371.107 362.631 344.858 335.973 346.188 307.883 286.016 258.164 213.568 207.526 207.309 184.654 179.982 -999.250 -999.250 -999.250 -999.250 252.801 251.069 255.570 242.510 259.787 -999.250 -999.250 -999.250 -999.250 -999.250 -999.250 -999.250 -999.250 -999.250 -999.250 -999.250 -999.250 -999.250 -999.250 -999.250 -999.250 -999.250 -999.250 -999.250 -999.250 -999.250 -999.250 -999.250 -999.250 -999.250 -999.250 -999.250 -999.250 -999.250 -999.250 -999.250 -999.250 -999.250 -999.250 -999.250
192.932 223.999 276.268 304.825 333.247 316.512 313.911 337.886 365.781 347.194 334.851 318.329 277.181 285.231 277.095 220.599 183.331 183.726 173.169 180.803 191.195 -999.250 -999.250 -999.250 -999.250 -999.250 -999.250 -999.250 -999.250 -999.250 -999.250 -999.250 -999.250 -999.250 -999.250 -999.250 -999.250 -999.250 -999.250 -999.250 -999.250 -999.250 -999.250 -999.250 -999.250 -999.250 -999.250 -999.250 -999.250 -999.250 -999.250 -999.250 -999.250 -999.250 -999.250 -999.250 -999.250 -999.250 -999.250 -999.250 -999.250 -999.250 -999.250 -999.250 -999.250
165.953 195.637 224.242 267.054 293.086 288.814 294.425 297.443 314.742 300.218 307.913 293.490 257.782 261.176 217.761 200.484 161.873 171.181 152.541 156.431 150.861 -999.250 -999.250 -999.250 -999.250 -999.250 -999.250 -999.250 -999.250 -999.250 -999.250 -999.250 -999.250 -999.250 -999.250 -999.250 -999.250 -999.250 -999.250 -999.250 -999.250 -999.250 -999.250 -999.250 -999.250 -999.250 -999.250 -999.250 -999.250 -999.250 -999.250 -999.250 -999.250 -999.250 -999.250 -999.250 -999.250 -999.250 -999.250 -999.250 -999.250 -999.250 -999.250 -999.250 -999.250
147.925 166.170 191.922 215.982 248.991 246.805 249.877 265.367 275.875 269.915 272.962 245.837 214.284 227.900 198.457 193.248 159.415 141.999 130.132 125.962 139.481 153.736 -999.250 -999.250 -999.250 -999.250 -999.250 -999.250 -999.250 -999.250 -999.250 -999.250 -999.250 -999.250 -999.250 -999.250 -999.250 -999.250 -999.250 -999.250 -999.250 -999.250 -999.250 -999.250 -999.250 -999.250 -999.250 -999.250 -999.250 -999.250 -999.250 -999.250 -999.250 -999.250 -999.250 -999.250 -999.250 -999.250 -999.250 -999.250 -999.250 -999.250 -999.250 -999.250 -999.250
102.434 159.968 166.591 180.058 195.816 213.729 233.226 226.513 247.777 236.016 226.590 216.070 215.997 205.560 168.143 157.853 143.809 105.132 89.119 115.829 118.536 116.322 128.684 -999.250 -999.250 -999.250 -999.250 -999.250 -999.250 -999.250 -999.250 -999.250 -999.250 -999.250 -999.250 -999.250 -999.250 -999.250 -999.250 -999.250 -999.250 -999.250 -999.250 -999.250 -999.250 -999.250 -999.250 -999.250 -999.250 -999.250 -999.250 -999.250 -999.250 -999.250 -999.250 -999.250 -999.250 -999.250 -999.250 -999.250 -999.250 -999.250 -999.250 -999.250 -999.250
128.839 143.515 163.969 173.479 184.762 193.890 197.903 221.660 218.815 220.850 198.671 188.939 187.143 167.356 146.931 119.042 98.323 83.491 86.265 86.113 98.781 88.963 110.900 112.200 -999.250 -999.250 -999.250 -999.250 -999.250 -999.250 -999.250 -999.250 -999.250 -999.250 -999.250 -999.250 -999.250 -999.250 -999.250 -999.250 -999.250 -999.250 -999.250 -999.250 -999.250 -999.250 -999.250 -999.250 -999.250 -999.250 -999.250 -999.250 -999.250 -999.250 -999.250 -999.250 -999.250 -999.250 -999.250 -999.250 -999.250 -999.250 -999.250 -999.250 -999.250
147.501 142.247 150.061 147.374 165.629 167.378 156.535 170.900 192.579 189.769 173.755 144.247 139.772 123.434 103.547 94.317 74.755 61.321 64.619 70.601 82.870 84.526 83.583 81.073 -999.250 -999.250 -999.250 -999.250 -999.250 -999.250 -999.250 -999.250 -999.250 -999.250 -999.250 -999.250 -999.250 -999.250 -999.250 -999.250 -999.250 -999.250 -999.250 -999.250 -999.250 -999.250 -999.250 -999.250 -999.250 -999.250 -999.250 -999.250 -999.250 -999.250 -999.250 -999.250 -999.250 -999.250 -999.250 -999.250 -999.250 -999.250 -999.250 -999.250 -999.250
