data/medianmodel_26-Apr-2020.asc
ncols	141
nrows	288
xllcorner	-120191.398
yllcorner	-301404.813
cellsize	2000.000
NODATA_value	-999.250
[rows 60 to 89 of 288, columns 68 to 135 of 141]
53.917 47.438 53.004 47.358 44.740 41.121 31.166 26.472 18.741 16.158 8.052 7.110 5.470 4.452 5.826 4.166 4.303 2.307 1.572 1.190 6.525 8.378 12.152 14.587 22.261 33.747 45.020 54.072 82.778 101.662 114.908 137.204 148.768 158.421 161.678 152.199 109.520 101.669 91.715 69.662 54.016 35.758 21.110 14.278 12.013 7.050 1.340 0.000 -999.250 -999.250 -999.250 -999.250 -999.250 -999.250 -999.250 -999.250 -999.250 -999.250 -999.250 -999.250 -999.250 -999.250 -999.250 -999.250 -999.250 -999.250 -999.250 -999.250
49.926 54.938 44.239 43.229 42.349 32.930 22.292 18.875 15.848 14.466 13.205 11.263 11.146 11.437 10.588 8.916 8.268 7.299 4.345 4.803 5.829 5.951 9.417 11.882 16.979 21.062 37.681 49.813 60.111 81.335 91.749 112.343 126.561 131.199 145.107 135.470 111.142 97.785 77.165 59.393 43.405 33.789 24.869 15.982 10.079 4.460 0.000 -999.250 -999.250 -999.250 -999.250 -999.250 -999.250 -999.250 -999.250 -999.250 -999.250 -999.250 -999.250 -999.250 -999.250 -999.250 -999.250 -999.250 -999.250 -999.250 -999.250 -999.250
45.565 48.543 43.994 42.932 39.521 23.010 12.814 13.283 15.335 15.974 14.137 14.401 14.164 14.172 14.898 12.821 11.106 8.533 5.399 7.299 6.992 3.428 5.453 7.754 10.652 15.011 20.873 34.388 39.111 50.671 68.808 92.024 113.213 116.154 113.556 115.589 100.531 82.633 73.482 54.845 40.946 34.509 -999.250 -999.250 -999.250 -999.250 -999.250 -999.250 -999.250 -999.250 -999.250 -999.250 -999.250 -999.250 -999.250 -999.250 -999.250 -999.250 -999.250 -999.250 -999.250 -999.250 -999.250 -999.250 -999.250 -999.250 -999.250 -999.250
48.470 48.178 46.874 47.876 35.834 25.606 17.384 15.308 17.672 14.654 16.309 14.137 15.702 17.991 20.542 15.861 12.296 10.471 7.473 6.759 4.084 2.592 0.194 0.000 3.286 11.877 14.070 15.949 21.241 26.499 42.983 74.786 90.455 104.563 107.715 105.341 88.317 80.472 69.963 42.905 36.215 25.950 16.622 -999.250 -999.250 -999.250 -999.250 -999.250 -999.250 -999.250 -999.250 -999.250 -999.250 -999.250 -999.250 -999.250 -999.250 -999.250 -999.250 -999.250 -999.250 -999.250 -999.250 -999.250 -999.250 -999.250 -999.250 -999.250
54.304 60.182 46.903 45.960 40.567 27.984 19.630 16.291 17.390 16.541 17.618 16.071 17.697 17.661 20.154 15.905 13.937 10.259 8.116 8.376 4.758 3.374 0.942 0.000 3.171 6.718 7.308 8.689 4.722 0.000 27.165 55.534 67.773 82.756 88.794 90.026 78.438 68.779 56.630 44.275 35.528 17.938 9.645 5.749 -999.250 -999.250 -999.250 -999.250 -999.250 -999.250 -999.250 -999.250 -999.250 -999.250 -999.250 -999.250 -999.250 -999.250 -999.250 -999.250 -999.250 -999.250 -999.250 -999.250 -999.250 -999.250 -999.250 -999.250
57.625 58.205 55.483 50.719 41.783 31.238 24.006 18.060 18.429 18.927 17.577 17.298 16.039 15.535 15.920 15.374 12.767 11.677 11.751 9.520 7.189 4.685 4.308 1.976 3.609 5.755 8.025 5.788 5.370 10.274 19.825 37.808 61.811 68.074 90.318 78.438 66.606 51.511 43.339 38.660 20.328 13.447 5.066 0.000 -999.250 -999.250 -999.250 -999.250 -999.250 -999.250 -999.250 -999.250 -999.250 -999.250 -999.250 -999.250 -999.250 -999.250 -999.250 -999.250 -999.250 -999.250 -999.250 -999.250 -999.250 -999.250 -999.250 -999.250
59.376 60.394 63.933 39.852 35.736 33.804 25.706 19.176 17.876 17.424 16.837 14.634 15.896 16.366 15.512 15.274 13.449 12.137 12.946 10.113 8.758 4.952 6.338 6.862 6.310 7.276 8.607 8.796 9.380 16.618 24.892 38.982 55.759 68.923 74.609 78.024 57.417 53.326 44.333 25.463 16.633 6.659 0.000 0.000 0.000 -999.250 -999.250 -999.250 -999.250 -999.250 -999.250 -999.250 -999.250 -999.250 -999.250 -999.250 -999.250 -999.250 -999.250 -999.250 -999.250 -999.250 -999.250 -999.250 -999.250 -999.250 -999.250 -999.250
57.705 66.379 55.051 45.246 39.701 33.636 25.227 20.610 18.994 19.894 19.553 17.479 17.419 15.186 14.058 13.687 12.075 11.368 12.510 11.404 9.655 8.077 7.178 7.658 9.522 9.428 11.122 13.003 17.156 20.862 35.802 43.665 58.947 60.618 71.274 76.221 71.486 57.164 46.569 27.975 14.240 0.000 0.000 0.572 0.000 0.000 -999.250 -999.250 -999.250 -999.250 -999.250 -999.250 -999.250 -999.250 -999.250 -999.250 -999.250 -999.250 -999.250 -999.250 -999.250 -999.250 -999.250 -999.250 -999.250 -999.250 -999.250 -999.250
61.904 65.109 54.391 47.699 41.599 38.533 30.658 24.587 18.378 18.775 17.405 15.757 16.048 15.460 13.273 12.544 12.962 10.760 11.692 12.636 13.386 13.275 12.361 11.227 12.481 14.538 16.613 20.086 22.502 25.801 36.900 42.855 54.306 72.709 80.101 74.362 74.805 66.194 49.712 40.922 21.388 14.051 10.428 4.032 0.913 0.000 -999.250 -999.250 -999.250 -999.250 -999.250 -999.250 -999.250 -999.250 -999.250 -999.250 -999.250 -999.250 -999.250 -999.250 -999.250 -999.250 -999.250 -999.250 -999.250 -999.250 -999.250 -999.250
51.457 60.141 52.659 42.214 35.477 37.429 27.789 22.314 19.256 17.558 16.638 18.038 18.150 14.952 13.231 12.196 12.824 9.773 13.009 15.862 15.013 13.779 14.753 15.906 15.241 16.817 19.658 23.479 29.533 38.646 42.973 52.165 75.797 83.949 81.394 82.617 79.369 67.700 55.718 49.390 36.161 24.203 16.463 12.906 7.130 0.360 -999.250 -999.250 -999.250 -999.250 -999.250 -999.250 -999.250 -999.250 -999.250 -999.250 -999.250 -999.250 -999.250 -999.250 -999.250 -999.250 -999.250 -999.250 -999.250 -999.250 -999.250 -999.250
45.260 46.902 43.827 38.919 30.902 29.407 28.263 23.315 19.095 20.842 18.144 15.837 12.809 10.221 10.898 10.573 10.177 10.925 15.479 18.532 18.503 18.836 18.569 18.519 18.994 21.866 28.698 35.653 40.872 49.212 55.589 62.323 76.316 86.776 97.864 98.101 94.601 86.594 68.538 56.616 43.943 32.216 23.166 18.950 11.239 4.618 0.000 0.000 -999.250 -999.250 -999.250 -999.250 -999.250 -999.250 -999.250 -999.250 -999.250 -999.250 -999.250 -999.250 -999.250 -999.250 -999.250 -999.250 -999.250 -999.250 -999.250 -999.250
37.828 41.488 37.096 30.172 28.557 31.390 29.483 26.116 21.336 19.701 19.148 16.480 13.259 10.909 11.245 7.196 8.918 10.579 14.879 16.533 18.542 18.131 19.517 21.962 28.291 26.076 32.089 37.240 48.664 60.136 72.060 80.197 88.422 105.201 123.692 123.926 122.913 104.603 85.019 70.196 50.699 43.979 35.609 25.378 13.769 9.075 0.000 0.000 -999.250 -999.250 -999.250 -999.250 -999.250 -999.250 -999.250 -999.250 -999.250 -999.250 -999.250 -999.250 -999.250 -999.250 -999.250 -999.250 -999.250 -999.250 -999.250 -999.250
34.777 36.916 35.647 34.064 31.811 28.466 27.978 23.898 21.366 18.738 17.411 15.070 13.527 12.657 9.822 9.936 8.073 10.608 13.467 13.314 17.119 23.003 22.096 24.863 33.949 31.665 34.492 47.059 58.710 65.697 80.002 90.656 114.118 123.011 135.589 141.220 138.106 122.095 94.636 88.666 70.982 51.626 44.466 28.679 20.227 8.885 4.478 -999.250 -999.250 -999.250 -999.250 -999.250 -999.250 -999.250 -999.250 -999.250 -999.250 -999.250 -999.250 -999.250 -999.250 -999.250 -999.250 -999.250 -999.250 -999.250 -999.250 -999.250
32.532 36.910 38.575 38.816 34.887 27.826 21.562 21.392 21.474 17.206 15.439 14.565 12.221 8.191 8.170 8.643 5.783 8.378 10.440 13.327 14.867 19.010 21.589 33.250 36.208 38.798 44.597 44.850 56.311 75.624 84.827 97.738 125.152 142.658 163.929 170.695 162.375 149.347 125.682 112.026 90.109 69.379 53.870 41.422 24.334 11.825 9.425 -999.250 -999.250 -999.250 -999.250 -999.250 -999.250 -999.250 -999.250 -999.250 -999.250 -999.250 -999.250 -999.250 -999.250 -999.250 -999.250 -999.250 -999.250 -999.250 -999.250 -999.250
26.719 31.176 36.452 35.129 33.838 23.671 22.886 19.342 20.798 17.563 13.572 14.447 12.567 11.622 8.545 8.793 5.858 5.685 8.294 10.611 16.248 18.419 29.810 32.249 38.000 39.143 46.877 54.650 73.980 78.704 104.818 115.663 130.709 150.603 160.373 172.661 174.330 167.939 139.537 127.072 113.494 87.123 66.801 42.884 28.574 18.377 10.377 -999.250 -999.250 -999.250 -999.250 -999.250 -999.250 -999.250 -999.250 -999.250 -999.250 -999.250 -999.250 -999.250 -999.250 -999.250 -999.250 -999.250 -999.250 -999.250 -999.250 -999.250
31.158 29.139 32.085 33.540 32.015 24.428 25.144 22.978 21.611 19.018 15.845 14.383 14.903 12.609 7.371 5.978 2.511 3.474 9.163 11.016 15.036 21.570 27.934 38.771 45.070 43.286 47.968 61.351 70.384 88.365 94.279 121.148 135.770 153.235 172.831 174.667 187.992 169.468 156.426 139.055 112.388 90.985 70.602 46.041 27.289 16.709 11.485 -999.250 -999.250 -999.250 -999.250 -999.250 -999.250 -999.250 -999.250 -999.250 -999.250 -999.250 -999.250 -999.250 -999.250 -999.250 -999.250 -999.250 -999.250 -999.250 -999.250 -999.250
27.721 28.786 30.499 33.940 29.583 23.968 22.375 23.017 18.500 18.115 16.158 15.230 11.728 12.755 10.578 9.220 3.643 0.000 8.808 13.223 16.557 21.318 26.148 34.383 43.039 48.047 49.454 65.085 77.743 85.277 111.496 128.858 148.538 170.353 181.167 176.526 182.988 165.202 151.631 129.879 101.465 79.123 68.241 46.454 34.860 17.113 10.774 -999.250 -999.250 -999.250 -999.250 -999.250 -999.250 -999.250 -999.250 -999.250 -999.250 -999.250 -999.250 -999.250 -999.250 -999.250 -999.250 -999.250 -999.250 -999.250 -999.250 -999.250
24.286 25.141 27.397 29.911 26.644 23.591 23.783 20.310 16.265 17.271 14.813 14.757 13.093 10.318 9.616 8.589 6.865 8.646 13.100 16.348 19.087 21.880 29.015 37.687 39.233 46.215 64.573 80.052 85.706 95.614 115.542 134.161 153.338 166.529 189.109 183.248 174.287 167.257 142.762 123.922 95.233 73.681 59.083 44.289 32.921 21.200 13.372 -999.250 -999.250 -999.250 -999.250 -999.250 -999.250 -999.250 -999.250 -999.250 -999.250 -999.250 -999.250 -999.250 -999.250 -999.250 -999.250 -999.250 -999.250 -999.250 -999.250 -999.250
23.181 26.130 24.597 24.804 28.599 24.701 23.633 19.707 18.075 15.955 14.745 13.450 12.507 10.858 8.383 11.755 13.040 13.635 16.283 20.718 23.726 26.968 28.300 36.187 40.143 48.119 60.991 77.370 83.659 108.025 120.167 126.333 140.022 165.642 169.675 177.889 169.734 143.145 124.875 98.451 89.451 75.515 59.606 41.743 36.258 25.591 14.728 -999.250 -999.250 -999.250 -999.250 -999.250 -999.250 -999.250 -999.250 -999.250 -999.250 -999.250 -999.250 -999.250 -999.250 -999.250 -999.250 -999.250 -999.250 -999.250 -999.250 -999.250
25.333 29.252 26.013 29.748 31.764 30.971 26.918 24.301 22.553 16.310 12.572 9.340 12.231 12.962 13.273 14.100 14.516 14.673 20.107 23.120 25.881 29.717 29.197 36.122 37.530 48.236 53.342 72.677 90.044 108.175 117.781 128.169 145.340 141.629 150.587 157.668 161.943 153.040 121.643 90.012 86.325 78.736 64.654 48.674 38.453 23.983 11.786 -999.250 -999.250 -999.250 -999.250 -999.250 -999.250 -999.250 -999.250 -999.250 -999.250 -999.250 -999.250 -999.250 -999.250 -999.250 -999.250 -999.250 -999.250 -999.250 -999.250 -999.250
21.127 27.428 25.987 27.979 29.479 33.875 31.612 33.325 23.331 16.791 12.625 11.332 13.873 12.477 17.827 17.304 18.730 17.194 23.919 29.059 30.164 32.444 31.792 37.971 42.192 51.941 61.323 75.578 85.777 107.213 107.956 129.392 139.254 143.665 153.034 164.554 144.445 126.924 120.762 103.650 82.494 75.085 57.339 47.402 32.873 21.177 15.909 5.420 -999.250 -999.250 -999.250 -999.250 -999.250 -999.250 -999.250 -999.250 -999.250 -999.250 -999.250 -999.250 -999.250 -999.250 -999.250 -999.250 -999.250 -999.250 -999.250 -999.250
19.770 24.489 24.546 36.541 34.204 35.270 44.119 40.817 37.503 29.260 14.055 14.683 14.473 17.295 20.456 19.884 25.447 22.758 24.670 26.505 28.661 31.382 32.242 40.468 42.726 51.213 62.041 65.520 85.556 92.800 104.326 123.866 129.008 136.174 122.824 140.083 133.413 128.362 123.415 99.365 79.137 63.617 52.290 44.525 28.602 21.032 11.718 8.478 -999.250 -999.250 -999.250 -999.250 -999.250 -999.250 -999.250 -999.250 -999.250 -999.250 -999.250 -999.250 -999.250 -999.250 -999.250 -999.250 -999.250 -999.250 -999.250 -999.250
16.356 22.622 26.108 34.387 42.107 47.657 50.175 55.178 51.655 45.387 37.411 26.589 22.277 26.316 26.833 25.887 27.499 28.157 31.155 27.425 33.549 30.440 28.810 31.779 37.766 45.531 53.903 63.026 91.677 103.761 94.648 110.952 115.537 115.728 119.642 132.168 113.956 120.386 119.017 85.783 78.862 57.459 45.294 39.317 27.474 17.495 10.494 5.516 -999.250 -999.250 -999.250 -999.250 -999.250 -999.250 -999.250 -999.250 -999.250 -999.250 -999.250 -999.250 -999.250 -999.250 -999.250 -999.250 -999.250 -999.250 -999.250 -999.250
17.619 20.094 28.012 36.450 47.047 54.728 58.216 66.738 77.411 68.942 52.704 38.583 37.736 36.577 33.468 34.103 37.618 36.367 32.611 33.286 29.711 31.639 27.212 28.803 37.673 41.021 53.097 55.166 81.472 82.689 89.130 87.236 97.607 102.839 98.613 108.955 99.709 96.144 89.460 74.155 68.861 59.669 47.216 34.959 20.254 13.376 5.488 0.000 -999.250 -999.250 -999.250 -999.250 -999.250 -999.250 -999.250 -999.250 -999.250 -999.250 -999.250 -999.250 -999.250 -999.250 -999.250 -999.250 -999.250 -999.250 -999.250 -999.250
16.435 21.793 26.281 35.829 56.360 60.216 72.895 86.436 101.327 84.446 69.491 56.799 51.405 46.261 44.838 42.361 44.170 37.805 37.407 35.001 30.360 32.281 28.868 32.611 32.516 34.602 40.639 44.976 59.428 70.093 74.483 80.877 78.058 91.950 91.852 81.688 86.695 92.858 75.115 74.717 55.070 40.835 31.992 27.725 16.892 12.253 0.000 -999.250 -999.250 -999.250 -999.250 -999.250 -999.250 -999.250 -999.250 -999.250 -999.250 -999.250 -999.250 -999.250 -999.250 -999.250 -999.250 -999.250 -999.250 -999.250 -999.250 -999.250
16.892 21.507 27.017 44.222 53.232 63.322 78.330 103.447 124.257 93.451 79.760 66.902 58.006 56.465 49.383 46.509 48.972 43.383 37.621 34.350 32.921 24.055 24.095 23.502 26.747 26.333 33.262 43.135 47.337 51.379 64.077 58.872 70.255 75.030 78.580 80.606 68.338 71.933 54.581 49.148 48.042 37.348 26.181 19.894 16.717 8.977 0.000 -999.250 -999.250 -999.250 -999.250 -999.250 -999.250 -999.250 -999.250 -999.250 -999.250 -999.250 -999.250 -999.250 -999.250 -999.250 -999.250 -999.250 -999.250 -999.250 -999.250 -999.250
18.266 20.699 28.385 34.672 44.896 61.755 75.156 92.509 95.149 99.615 80.446 72.971 62.421 64.497 56.316 52.957 45.262 42.961 36.279 28.735 28.231 23.254 19.033 21.808 24.091 26.077 26.360 32.583 33.900 38.486 42.033 43.394 45.539 63.229 59.402 69.422 63.561 62.019 49.126 45.774 43.866 35.937 20.749 15.977 13.895 9.755 -999.250 -999.250 -999.250 -999.250 -999.250 -999.250 -999.250 -999.250 -999.250 -999.250 -999.250 -999.250 -999.250 -999.250 -999.250 -999.250 -999.250 -999.250 -999.250 -999.250 -999.250 -999.250
17.976 21.277 19.858 30.631 40.652 48.019 69.770 75.721 87.455 80.052 68.661 65.682 62.870 62.940 62.988 51.877 42.245 43.836 38.977 35.564 28.370 23.355 20.125 20.152 21.808 17.662 19.584 21.081 22.190 24.891 31.974 39.154 38.566 45.617 52.151 41.691 53.069 48.130 49.681 41.976 35.427 29.393 20.636 15.578 10.028 5.722 -999.250 -999.250 -999.250 -999.250 -999.250 -999.250 -999.250 -999.250 -999.250 -999.250 -999.250 -999.250 -999.250 -999.250 -999.250 -999.250 -999.250 -999.250 -999.250 -999.250 -999.250 -999.250
16.959 18.750 18.098 22.767 27.413 39.125 65.167 70.426 77.203 72.130 70.896 61.788 60.570 54.671 52.213 51.640 46.096 39.788 31.562 34.168 25.963 22.447 19.439 17.841 18.347 18.657 16.731 15.980 15.086 12.831 21.279 30.666 36.779 38.117 39.133 36.573 36.315 40.744 39.537 37.899 25.545 22.173 16.438 10.936 8.543 3.917 0.430 0.000 -999.250 -999.250 -999.250 -999.250 -999.250 -999.250 -999.250 -999.250 -999.250 -999.250 -999.250 -999.250 -999.250 -999.250 -999.250 -999.250 -999.250 -999.250 -999.250 -999.250
14.742 16.056 14.287 15.415 27.528 35.998 48.909 57.197 60.484 57.131 52.543 50.925 47.355 47.919 54.056 49.054 45.654 41.352 34.571 28.119 24.769 21.284 20.856 17.017 16.121 15.281 14.288 14.043 13.400 12.041 15.372 20.584 26.661 25.290 32.875 34.714 28.086 33.855 34.332 29.471 20.878 18.096 13.789 11.306 7.991 2.030 0.770 0.000 -999.250 -999.250 -999.250 -999.250 -999.250 -999.250 -999.250 -999.250 -999.250 -999.250 -999.250 -999.250 -999.250 -999.250 -999.250 -999.250 -999.250 -999.250 -999.250 -999.250
