data/medianmodel_25-Nov-2020.asc
ncols	141
nrows	288
xllcorner	-120191.398
yllcorner	-301404.813
cellsize	2000.000
NODATA_value	-999.250
[rows 87 to 115 of 288, columns 64 to 127 of 141]
339.507 321.381 338.913 334.945 296.872 335.149 325.976 303.008 327.805 340.421 355.000 383.089 392.475 386.972 384.340 367.570 362.310 327.081 340.927 424.799 488.720 570.440 672.682 863.019 1017.862 1165.298 1303.730 1259.816 1215.863 1119.233 981.559 841.690 751.667 662.174 607.254 606.161 568.752 537.833 523.669 506.903 462.142 444.048 464.133 467.847 474.713 437.406 425.586 405.909 391.918 395.974 -999.250 -999.250 -999.250 -999.250 -999.250 -999.250 -999.250 -999.250 -999.250 -999.250 -999.250 -999.250 -999.250 -999.250
327.673 309.819 321.221 308.520 292.419 276.781 255.303 235.382 267.349 300.236 334.839 360.068 379.720 368.336 375.833 348.427 363.059 357.750 382.525 446.178 525.900 638.106 694.766 931.017 984.962 1124.765 1189.629 1193.218 1159.161 1113.018 942.761 963.633 737.052 644.102 645.261 606.203 593.911 557.730 523.677 535.535 510.798 521.621 497.062 499.452 488.022 461.315 461.957 441.670 407.848 411.309 384.928 362.323 -999.250 -999.250 -999.250 -999.250 -999.250 -999.250 -999.250 -999.250 -999.250 -999.250 -999.250 -999.250
307.860 313.849 297.851 294.456 271.255 247.921 227.224 169.570 237.591 290.159 307.570 346.281 370.630 348.701 349.042 363.955 353.856 359.609 388.965 454.912 545.577 643.222 738.848 863.533 1007.422 1136.005 1220.987 1202.923 1241.832 1171.461 1034.955 930.898 835.331 749.475 706.049 651.274 642.068 596.639 595.868 531.399 546.157 542.352 515.934 498.616 493.481 486.627 490.727 485.249 449.588 420.474 411.284 384.643 -999.250 -999.250 -999.250 -999.250 -999.250 -999.250 -999.250 -999.250 -999.250 -999.250 -999.250 -999.250
287.557 298.993 297.509 293.404 280.297 247.056 230.482 227.312 238.789 276.113 321.823 365.197 363.615 381.012 369.995 390.961 375.706 389.770 371.357 510.669 609.827 740.041 852.426 953.876 1087.224 1191.363 1247.997 1241.805 1278.011 1140.652 1047.488 977.339 944.131 842.518 754.866 649.433 677.177 667.387 609.919 566.646 571.744 564.411 541.693 524.552 512.835 519.345 496.971 477.065 450.489 439.381 451.753 392.992 -999.250 -999.250 -999.250 -999.250 -999.250 -999.250 -999.250 -999.250 -999.250 -999.250 -999.250 -999.250
295.317 297.549 309.528 308.715 284.202 268.782 266.201 251.814 254.524 298.454 334.629 355.392 357.803 395.988 395.054 421.675 427.450 446.311 496.672 581.899 682.224 766.324 1000.644 1059.146 1141.880 1313.236 1301.547 1313.163 1274.072 1171.739 1146.918 1100.990 1024.751 870.587 824.717 743.914 750.515 745.154 675.293 664.839 634.164 600.102 579.703 551.609 529.965 514.911 521.237 456.715 477.840 472.716 420.261 -999.250 -999.250 -999.250 -999.250 -999.250 -999.250 -999.250 -999.250 -999.250 -999.250 -999.250 -999.250 -999.250
288.903 314.755 326.339 343.193 316.032 295.339 280.812 278.028 286.108 304.809 333.683 386.377 395.489 414.923 454.305 461.383 472.856 519.855 593.758 718.104 829.290 985.356 1151.595 1161.467 1166.946 1310.640 1249.726 1200.252 1240.972 1212.844 1235.164 1167.560 1003.483 1016.571 910.662 880.569 803.432 757.390 729.589 675.619 655.955 619.316 612.336 553.257 544.684 522.238 526.742 474.870 460.373 446.390 425.155 -999.250 -999.250 -999.250 -999.250 -999.250 -999.250 -999.250 -999.250 -999.250 -999.250 -999.250 -999.250 -999.250
309.620 337.938 331.777 322.249 315.544 296.492 267.168 267.427 282.735 331.290 361.968 406.098 424.303 457.622 483.710 508.829 560.900 617.671 698.848 784.195 929.209 1156.639 1196.530 1293.091 1263.572 1412.951 1426.146 1302.392 1293.933 1203.221 1249.740 1161.086 1081.948 1145.431 1069.361 997.713 857.947 829.007 817.122 709.718 704.763 627.103 653.220 626.981 558.761 521.131 538.344 501.703 464.697 459.706 -999.250 -999.250 -999.250 -999.250 -999.250 -999.250 -999.250 -999.250 -999.250 -999.250 -999.250 -999.250 -999.250 -999.250
301.917 325.575 332.801 334.376 321.650 306.563 276.343 288.833 305.245 339.052 376.090 406.785 485.158 492.143 542.390 557.400 606.116 712.882 809.224 963.858 1068.909 1264.927 1245.715 1299.931 1384.255 1431.387 1445.390 1399.969 1401.274 1274.017 1302.793 1293.072 1187.323 1151.270 1110.020 1056.055 982.780 858.749 836.123 754.431 744.155 647.458 682.292 629.993 614.302 557.536 550.044 546.132 511.708 445.507 -999.250 -999.250 -999.250 -999.250 -999.250 -999.250 -999.250 -999.250 -999.250 -999.250 -999.250 -999.250 -999.250 -999.250
288.364 321.249 333.482 335.133 304.021 292.692 284.285 284.913 302.038 337.443 376.644 409.749 477.090 517.973 559.124 638.943 716.034 828.008 927.978 1031.252 1196.614 1363.485 1424.172 1411.150 1386.952 1428.891 1471.802 1390.114 1374.579 1385.293 1347.514 1366.452 1228.742 1205.965 1141.131 1216.559 1081.471 933.527 934.379 837.010 763.616 742.920 685.705 701.360 656.843 560.059 552.737 541.467 486.634 451.461 -999.250 -999.250 -999.250 -999.250 -999.250 -999.250 -999.250 -999.250 -999.250 -999.250 -999.250 -999.250 -999.250 -999.250
291.868 300.713 312.577 296.428 282.853 291.817 257.792 271.946 290.735 329.238 394.356 454.230 516.976 541.746 641.121 692.633 745.999 897.213 957.361 1081.691 1272.202 1352.356 1452.301 1431.132 1436.309 1476.038 1511.019 1410.431 1427.593 1440.246 1430.014 1401.503 1411.941 1275.579 1275.912 1228.117 1119.187 966.271 919.091 816.442 867.670 738.460 695.997 671.769 606.735 611.820 554.404 520.642 484.286 449.792 435.404 -999.250 -999.250 -999.250 -999.250 -999.250 -999.250 -999.250 -999.250 -999.250 -999.250 -999.250 -999.250 -999.250
267.507 306.803 309.776 294.715 279.868 271.005 243.248 235.670 252.953 331.953 391.074 467.552 539.184 593.730 657.297 676.064 789.622 818.403 965.522 1166.835 1252.221 1339.740 1427.243 1450.102 1393.131 1453.332 1493.611 1438.308 1454.337 1479.626 1505.697 1518.442 1419.726 1378.213 1270.853 1200.926 1093.259 996.612 992.808 933.196 857.202 801.755 725.562 643.175 582.735 594.211 554.632 530.674 501.947 475.274 425.914 427.941 -999.250 -999.250 -999.250 -999.250 -999.250 -999.250 -999.250 -999.250 -999.250 -999.250 -999.250 -999.250
228.712 285.786 322.029 310.201 289.898 270.615 216.026 207.658 213.939 286.859 407.216 492.820 546.401 631.035 657.147 741.778 803.215 846.051 1029.915 1170.463 1245.359 1326.640 1338.656 1327.407 1403.985 1416.356 1502.035 1517.683 1488.003 1500.469 1493.250 1499.636 1435.735 1341.748 1254.351 1266.772 1138.578 1002.793 970.420 927.638 901.745 832.974 745.799 665.231 606.546 618.845 564.451 528.199 481.996 461.179 422.239 392.020 366.977 -999.250 -999.250 -999.250 -999.250 -999.250 -999.250 -999.250 -999.250 -999.250 -999.250 -999.250
293.153 304.295 318.839 306.440 297.981 285.128 243.283 211.126 145.432 279.571 408.924 502.354 563.054 639.522 700.720 675.683 783.070 824.969 925.476 1064.714 1142.067 1162.871 1248.744 1275.059 1369.018 1331.916 1424.986 1466.751 1464.618 1486.665 1485.410 1507.136 1418.813 1357.723 1210.048 1254.759 1176.073 1072.944 997.405 878.807 869.154 768.285 716.618 698.660 639.957 606.103 565.062 525.617 462.207 447.984 411.632 409.456 -999.250 -999.250 -999.250 -999.250 -999.250 -999.250 -999.250 -999.250 -999.250 -999.250 -999.250 -999.250
343.299 326.405 348.575 316.528 322.538 307.437 299.771 263.483 264.780 356.636 437.326 510.687 572.669 639.120 715.405 721.656 770.153 852.730 896.399 1002.917 1020.759 1126.458 1180.119 1223.439 1265.120 1308.124 1362.935 1427.093 1400.018 1428.456 1438.530 1401.374 1338.004 1341.377 1173.576 1168.251 1141.633 936.716 964.978 871.563 804.976 782.732 715.622 652.661 632.942 600.604 559.100 535.624 464.268 423.878 424.669 405.198 377.621 -999.250 -999.250 -999.250 -999.250 -999.250 -999.250 -999.250 -999.250 -999.250 -999.250 -999.250
385.425 383.233 375.760 377.767 363.734 375.132 354.713 357.670 374.281 428.577 479.170 554.494 626.116 636.192 716.537 755.698 781.535 786.071 866.615 878.920 976.392 1028.478 1075.026 1031.856 1124.876 1238.219 1314.322 1319.278 1404.610 1462.994 1400.902 1339.740 1290.738 1216.891 1125.635 1173.813 1049.227 956.176 964.719 859.418 801.592 733.712 676.749 650.742 628.595 542.944 536.392 518.709 435.863 432.455 400.998 -999.250 -999.250 -999.250 -999.250 -999.250 -999.250 -999.250 -999.250 -999.250 -999.250 -999.250 -999.250 -999.250
430.730 427.475 417.977 416.250 423.596 413.723 413.281 431.908 444.820 490.661 517.900 585.611 642.455 677.550 711.315 716.757 752.497 749.412 802.032 872.805 897.624 896.301 896.302 909.099 1030.925 1178.124 1214.450 1304.996 1324.091 1366.802 1316.414 1356.683 1310.379 1236.722 1109.080 1033.806 963.101 935.407 880.614 802.054 723.934 696.444 636.756 618.710 560.810 534.683 499.016 495.538 432.168 397.290 -999.250 -999.250 -999.250 -999.250 -999.250 -999.250 -999.250 -999.250 -999.250 -999.250 -999.250 -999.250 -999.250 -999.250
460.264 450.550 453.263 455.757 439.161 468.199 469.693 456.649 506.997 545.425 552.983 622.100 698.064 693.258 684.016 680.197 729.066 713.604 742.834 807.678 794.944 807.201 730.855 763.033 882.169 1043.901 1127.251 1173.307 1235.559 1318.382 1323.468 1259.883 1241.226 1171.568 1023.975 956.463 877.291 834.945 799.526 716.909 672.850 684.400 560.703 602.907 552.529 495.516 501.009 449.189 417.035 399.430 -999.250 -999.250 -999.250 -999.250 -999.250 -999.250 -999.250 -999.250 -999.250 -999.250 -999.250 -999.250 -999.250 -999.250
508.901 486.681 506.975 489.157 488.923 525.282 515.516 510.366 538.183 573.148 627.026 642.968 677.752 729.211 748.683 683.146 704.057 740.154 754.991 747.049 795.627 673.904 708.103 727.709 865.252 957.521 989.901 1079.695 1117.785 1202.456 1255.666 1189.728 1025.020 1021.534 1052.455 940.412 810.083 778.892 714.225 640.333 617.656 610.224 586.977 559.826 515.460 484.691 467.874 422.471 400.834 -999.250 -999.250 -999.250 -999.250 -999.250 -999.250 -999.250 -999.250 -999.250 -999.250 -999.250 -999.250 -999.250 -999.250 -999.250
532.516 528.924 518.042 533.507 531.779 524.003 515.889 549.214 604.157 606.865 640.897 638.509 682.173 672.910 701.113 701.170 705.455 714.420 707.347 726.538 722.403 661.343 695.440 718.499 765.211 877.212 1014.142 994.604 1094.871 1109.978 1024.280 1030.398 1016.709 968.667 986.426 869.221 766.493 720.649 669.916 664.271 624.560 544.891 550.968 520.635 498.091 -999.250 -999.250 -999.250 -999.250 -999.250 -999.250 -999.250 -999.250 -999.250 -999.250 -999.250 -999.250 -999.250 -999.250 -999.250 -999.250 -999.250 -999.250 -999.250
578.458 580.746 557.563 546.714 551.384 550.742 544.830 554.329 599.323 638.034 666.074 683.917 743.760 733.744 701.875 681.093 692.117 753.624 667.773 675.482 648.617 679.959 696.626 746.381 792.986 919.690 888.079 1023.262 1043.143 975.332 912.857 989.993 927.217 882.648 800.037 711.892 706.577 699.995 597.620 593.506 569.239 520.392 513.925 -999.250 -999.250 -999.250 -999.250 -999.250 -999.250 -999.250 -999.250 -999.250 -999.250 -999.250 -999.250 -999.250 -999.250 -999.250 -999.250 -999.250 -999.250 -999.250 -999.250 -999.250
620.628 576.640 552.897 566.401 561.049 552.910 587.488 605.265 602.521 623.885 653.453 703.934 729.096 727.073 709.463 683.587 728.684 718.208 705.462 679.493 651.116 678.462 708.512 682.034 692.571 777.185 842.777 826.832 913.830 1011.095 878.096 871.176 786.926 820.755 696.099 685.344 667.549 647.872 567.365 534.541 519.768 526.841 488.283 -999.250 -999.250 -999.250 -999.250 -999.250 -999.250 -999.250 -999.250 -999.250 -999.250 -999.250 -999.250 -999.250 -999.250 -999.250 -999.250 -999.250 -999.250 -999.250 -999.250 -999.250
591.532 562.097 533.567 546.854 553.285 591.031 575.157 590.538 637.272 626.597 690.742 766.415 856.303 773.872 728.561 726.691 711.798 694.411 711.929 710.040 647.044 660.040 711.295 691.502 765.996 765.839 820.797 759.848 782.656 865.187 797.643 805.828 731.829 686.651 692.883 629.557 633.583 619.794 558.212 517.986 495.535 503.579 444.580 -999.250 -999.250 -999.250 -999.250 -999.250 -999.250 -999.250 -999.250 -999.250 -999.250 -999.250 -999.250 -999.250 -999.250 -999.250 -999.250 -999.250 -999.250 -999.250 -999.250 -999.250
530.440 537.566 562.828 541.495 550.418 593.576 589.387 639.531 652.579 709.636 714.751 722.631 803.212 795.391 752.256 720.796 669.270 657.733 733.022 670.343 644.924 631.414 669.054 670.061 761.104 754.876 778.719 754.737 759.668 748.304 711.718 750.609 695.491 646.631 655.152 593.159 600.545 572.947 530.747 420.610 447.893 478.830 463.160 -999.250 -999.250 -999.250 -999.250 -999.250 -999.250 -999.250 -999.250 -999.250 -999.250 -999.250 -999.250 -999.250 -999.250 -999.250 -999.250 -999.250 -999.250 -999.250 -999.250 -999.250
473.752 509.242 533.172 531.156 565.359 610.070 647.076 661.168 655.833 687.874 729.772 718.603 735.326 774.235 742.497 754.926 749.946 727.431 666.246 643.839 660.801 662.715 655.570 649.179 727.849 700.580 695.186 710.362 713.425 765.200 697.488 698.200 645.969 619.338 619.353 571.412 552.739 532.173 501.695 456.360 441.530 459.639 442.241 -999.250 -999.250 -999.250 -999.250 -999.250 -999.250 -999.250 -999.250 -999.250 -999.250 -999.250 -999.250 -999.250 -999.250 -999.250 -999.250 -999.250 -999.250 -999.250 -999.250 -999.250
453.430 501.302 515.881 548.759 560.101 580.314 646.081 631.659 732.477 696.036 719.093 730.107 700.084 732.388 741.246 657.144 691.848 687.808 763.084 710.316 672.853 641.240 649.757 668.775 647.414 663.995 690.096 663.800 704.740 729.700 677.252 673.525 651.151 599.421 583.494 588.527 566.454 520.757 501.370 477.322 451.937 443.581 433.149 -999.250 -999.250 -999.250 -999.250 -999.250 -999.250 -999.250 -999.250 -999.250 -999.250 -999.250 -999.250 -999.250 -999.250 -999.250 -999.250 -999.250 -999.250 -999.250 -999.250 -999.250
456.060 489.325 485.717 525.859 542.718 575.479 637.854 684.610 725.107 735.725 715.646 756.561 760.155 714.219 686.301 668.300 667.884 651.314 720.268 713.956 666.705 708.053 663.621 645.156 631.937 661.481 659.762 704.922 698.167 658.388 640.110 616.908 610.209 597.101 574.361 538.808 538.955 528.077 486.288 447.169 437.084 459.969 418.385 424.136 418.970 -999.250 -999.250 -999.250 -999.250 -999.250 -999.250 -999.250 -999.250 -999.250 -999.250 -999.250 -999.250 -999.250 -999.250 -999.250 -999.250 -999.250 -999.250 -999.250
418.849 451.314 504.732 525.161 537.466 556.582 594.501 647.895 655.050 706.104 706.028 704.385 681.500 742.911 751.404 674.276 663.980 741.476 701.622 683.287 652.863 642.616 612.959 605.108 666.346 661.311 658.031 740.247 686.429 643.338 610.666 602.527 591.716 553.362 567.908 520.238 502.259 476.630 465.461 457.625 448.378 427.996 425.029 417.315 406.191 380.347 375.327 -999.250 -999.250 -999.250 -999.250 -999.250 -999.250 -999.250 -999.250 -999.250 -999.250 -999.250 -999.250 -999.250 -999.250 -999.250 -999.250 -999.250
426.611 478.670 510.602 527.430 545.002 560.666 587.985 632.795 688.041 706.622 689.331 747.832 667.707 687.634 719.962 668.737 679.340 661.293 679.653 661.028 650.132 632.135 643.757 611.345 616.178 635.730 639.833 683.350 609.307 602.269 620.777 621.562 583.593 542.974 539.895 520.907 485.373 450.130 436.217 440.120 448.087 441.624 441.338 430.884 414.270 397.323 359.052 -999.250 -999.250 -999.250 -999.250 -999.250 -999.250 -999.250 -999.250 -999.250 -999.250 -999.250 -999.250 -999.250 -999.250 -999.250 -999.250 -999.250
429.421 473.979 506.414 528.076 551.691 552.061 574.272 598.347 671.641 647.624 704.674 720.581 657.601 684.535 680.720 623.619 642.397 661.743 648.544 621.596 618.528 622.459 632.198 601.275 612.288 600.254 607.502 623.452 616.512 587.833 617.137 586.771 535.598 558.485 520.165 499.527 447.983 441.671 449.786 430.965 411.067 413.501 413.839 417.743 391.474 385.300 365.946 343.435 -999.250 -999.250 -999.250 -999.250 -999.250 -999.250 -999.250 -999.250 -999.250 -999.250 -999.250 -999.250 -999.250 -999.250 -999.250 -999.250
