data/medianmodel_18-Aug-2020.asc
ncols	141
nrows	288
xllcorner	-120191.398
yllcorner	-301404.813
cellsize	2000.000
NODATA_value	-999.250
[rows 155 to 185 of 288, columns 0 to 68 of 141]
-999.250 -999.250 -999.250 -999.250 -999.250 -999.250 -999.250 3.542 0.044 0.000 0.000 0.000 0.603 3.043 5.837 7.838 8.933 9.538 11.437 13.661 14.654 17.675 17.572 16.330 17.269 19.628 12.876 8.875 6.787 4.204 2.270 0.177 0.000 0.000 0.000 0.938 3.324 5.628 7.944 12.555 17.391 22.743 27.104 27.498 27.393 26.897 26.802 25.287 25.421 23.163 24.025 24.959 23.673 22.314 22.948 22.537 19.805 16.319 15.346 11.076 10.567 7.259 5.227 1.712 0.000 0.000 0.000 0.000 0.000
-999.250 -999.250 -999.250 -999.250 -999.250 -999.250 -999.250 8.580 6.039 3.498 0.612 0.000 0.000 0.000 0.000 3.828 7.395 11.642 16.122 21.636 26.113 26.684 27.623 25.440 23.940 20.110 15.685 11.939 8.348 6.933 3.951 2.903 0.349 0.000 0.000 0.658 3.354 5.642 8.789 12.210 15.886 18.857 23.423 24.905 26.128 25.705 25.577 26.805 25.741 26.368 27.165 26.991 27.526 28.792 28.705 26.681 23.988 22.079 18.230 15.698 12.663 11.383 8.273 4.185 1.970 0.000 0.000 0.000 0.000
-999.250 -999.250 -999.250 -999.250 -999.250 -999.250 -999.250 15.249 11.774 8.426 6.044 2.811 0.000 0.000 0.000 0.000 6.350 14.270 25.443 31.368 38.659 42.712 37.048 32.694 28.462 24.996 22.848 16.593 11.720 8.270 5.708 3.186 0.528 0.000 0.000 0.934 2.958 6.107 8.040 13.357 15.327 19.157 21.886 24.560 24.785 25.764 26.331 27.327 28.759 29.321 31.470 33.242 35.871 32.991 32.903 33.549 32.501 29.175 26.749 22.920 18.177 14.562 10.401 6.840 3.273 0.910 0.000 0.000 0.000
-999.250 -999.250 -999.250 -999.250 -999.250 -999.250 -999.250 24.909 20.454 15.296 12.291 7.839 2.786 0.000 0.000 0.000 8.555 20.347 34.250 46.453 52.948 54.906 49.805 46.283 38.595 29.995 24.693 18.465 13.418 9.326 6.588 3.962 1.552 0.097 0.000 2.077 4.073 6.000 9.963 12.397 17.187 21.265 22.282 24.710 25.261 26.624 27.689 32.838 34.857 37.649 37.917 42.632 43.723 43.135 44.747 45.263 43.520 37.943 33.712 30.988 27.721 20.876 14.429 11.375 7.434 4.667 0.903 0.000 0.000
-999.250 -999.250 -999.250 -999.250 -999.250 -999.250 -999.250 -999.250 30.016 27.869 22.754 14.741 9.162 2.455 0.000 0.000 11.673 28.175 47.204 59.052 64.630 66.816 62.811 54.037 45.929 40.432 30.893 23.652 17.194 12.619 8.141 5.052 0.389 0.034 0.149 2.045 5.394 6.486 9.348 13.345 17.444 23.925 25.234 25.642 27.625 29.247 33.489 36.661 40.440 42.879 43.462 48.223 48.302 53.673 53.226 53.778 51.160 50.437 46.950 42.021 37.592 30.279 23.231 18.781 14.269 9.740 4.422 0.000 0.000
-999.250 -999.250 -999.250 -999.250 -999.250 -999.250 -999.250 -999.250 42.901 46.413 32.742 25.218 16.377 9.857 3.013 0.000 19.310 41.392 59.641 75.795 81.703 81.256 73.649 61.473 53.369 45.767 37.880 27.087 18.553 14.536 9.006 5.358 1.605 0.273 0.000 2.721 5.773 6.925 9.233 13.382 18.039 28.333 25.636 26.286 29.927 32.787 36.995 43.595 45.170 48.973 50.679 54.174 56.426 58.695 61.599 61.140 62.382 62.000 57.902 54.865 51.306 44.767 31.559 27.027 22.975 20.008 8.800 2.925 0.000
-999.250 -999.250 -999.250 -999.250 -999.250 -999.250 -999.250 52.091 50.323 48.999 44.433 35.698 28.832 23.168 17.428 19.119 34.000 53.333 73.859 96.005 104.018 95.620 80.891 71.367 61.419 51.288 40.568 29.123 24.082 14.331 9.194 5.745 2.428 0.767 0.000 2.652 8.708 8.653 10.877 14.457 19.253 23.777 25.861 27.470 32.857 39.062 40.764 48.153 54.158 56.368 61.622 67.001 70.554 74.502 74.485 77.028 75.131 79.056 70.695 66.122 61.557 51.129 43.160 36.216 28.187 22.650 12.660 5.732 0.211
-999.250 -999.250 -999.250 -999.250 -999.250 -999.250 -999.250 62.458 59.791 56.565 55.282 48.224 44.669 41.134 35.436 38.159 48.652 65.686 79.394 102.384 131.646 105.051 89.822 73.114 67.423 51.898 44.475 32.271 25.007 17.727 10.667 5.533 1.659 0.000 0.000 1.993 5.505 8.941 13.018 15.796 17.927 21.581 25.017 27.371 33.691 40.453 46.878 55.744 60.528 65.975 68.680 77.325 79.679 90.300 88.340 88.281 91.911 88.572 81.380 77.733 77.111 65.177 54.575 50.245 41.146 27.195 16.699 8.602 2.287
-999.250 -999.250 -999.250 -999.250 -999.250 -999.250 -999.250 70.811 73.253 71.863 70.490 62.913 57.320 53.980 51.026 50.571 59.645 72.042 82.381 96.241 112.835 97.923 86.229 74.580 65.679 52.370 46.104 33.931 26.054 17.863 10.738 5.310 1.604 0.000 0.000 0.000 3.773 8.113 17.741 16.279 17.099 19.156 24.697 28.018 35.692 46.454 52.594 60.235 72.663 75.887 85.229 95.326 100.388 111.108 110.097 126.394 121.790 120.935 114.454 96.040 85.671 74.574 71.675 62.018 50.315 32.286 23.143 11.315 3.320
-999.250 -999.250 -999.250 -999.250 -999.250 -999.250 -999.250 78.224 85.596 77.262 81.928 75.926 73.520 71.161 66.205 67.379 67.940 72.788 80.413 91.625 93.317 81.541 76.586 69.632 60.376 53.518 46.773 34.466 26.218 17.821 10.676 5.906 0.611 0.000 0.000 0.000 0.419 5.760 10.088 11.910 13.844 17.416 24.890 30.280 38.666 47.004 60.210 69.799 76.369 81.370 110.386 113.975 129.045 132.837 129.237 143.891 135.468 136.978 125.849 117.633 108.057 87.758 82.345 76.148 65.570 45.035 30.385 17.526 6.356
-999.250 -999.250 -999.250 -999.250 -999.250 -999.250 92.908 94.673 96.271 92.667 98.062 95.688 87.436 77.212 73.708 71.187 71.208 71.936 73.770 76.082 77.703 72.870 67.706 59.971 57.017 50.247 46.964 37.805 29.040 19.617 11.534 8.388 0.997 0.000 0.000 0.000 0.000 2.451 6.118 9.054 12.553 16.916 24.576 30.686 41.591 51.254 61.141 77.099 84.381 103.940 131.123 147.538 148.116 149.815 157.114 152.406 161.408 157.892 146.489 136.197 136.176 119.896 103.892 93.566 74.574 58.977 43.839 26.880 9.906
-999.250 -999.250 -999.250 -999.250 -999.250 -999.250 91.484 96.232 108.846 105.021 113.020 117.504 108.818 97.545 79.703 74.347 69.160 68.065 68.801 66.182 67.700 61.663 56.471 51.715 50.827 47.292 45.845 40.663 31.542 20.582 11.592 6.147 0.113 0.000 0.000 0.000 0.000 0.000 3.127 6.942 11.391 18.478 25.067 31.379 39.289 54.993 69.653 80.295 98.622 121.805 143.788 145.754 148.937 160.427 161.024 171.747 168.973 181.176 157.929 139.365 146.337 133.531 130.142 104.126 96.506 75.364 61.371 39.133 15.577
-999.250 -999.250 -999.250 -999.250 -999.250 84.575 93.432 101.389 112.975 116.958 128.446 136.320 125.999 105.854 83.508 75.325 65.832 62.624 61.284 56.678 51.977 50.188 46.997 46.260 43.711 44.665 45.256 48.424 30.545 19.080 10.857 5.344 0.000 0.000 0.000 0.000 0.000 0.000 1.370 5.840 10.951 14.808 23.713 29.766 45.862 56.846 72.584 91.190 105.980 138.433 152.557 162.948 159.376 196.333 173.610 179.741 221.581 197.061 169.801 155.246 156.836 160.081 138.219 135.708 120.678 92.054 69.941 47.247 25.160
-999.250 -999.250 -999.250 -999.250 -999.250 90.950 101.001 105.104 119.911 125.730 138.099 151.534 134.016 97.086 79.320 73.107 63.261 57.079 49.685 46.010 41.328 38.819 36.459 35.476 34.712 34.764 35.181 35.164 27.303 18.368 10.030 4.740 0.000 0.000 0.000 0.000 0.000 0.000 0.000 4.456 8.641 11.068 22.726 32.351 47.361 64.749 75.108 86.999 133.364 144.187 153.916 163.991 189.143 224.759 261.877 263.604 343.426 278.896 345.193 205.534 190.874 212.238 151.395 144.692 133.772 101.057 91.217 58.934 40.510
-999.250 -999.250 -999.250 -999.250 85.155 89.716 99.233 99.533 111.764 117.310 128.761 131.721 117.569 89.902 76.208 70.678 56.713 49.656 43.820 37.217 30.706 27.410 27.623 27.362 26.632 26.638 27.111 26.119 22.758 14.734 9.043 4.913 0.334 0.000 0.000 0.000 0.000 0.000 0.000 0.277 4.153 10.304 19.499 31.118 45.359 65.620 83.598 99.609 140.485 153.952 151.206 181.166 226.539 327.623 353.767 340.383 444.003 396.766 268.747 319.270 258.961 288.225 200.854 173.523 144.048 122.102 95.444 78.450 50.149
-999.250 -999.250 -999.250 -999.250 86.811 88.090 92.289 89.764 90.256 98.063 110.504 107.842 100.540 85.195 73.181 63.557 53.176 45.365 34.965 27.194 24.282 22.030 22.700 19.035 20.103 22.350 21.217 20.062 15.711 12.149 8.160 4.100 0.069 0.000 0.000 0.000 0.000 0.000 0.000 0.000 2.881 8.862 18.258 31.013 43.697 72.487 84.545 129.830 150.065 173.721 186.018 257.712 289.287 392.334 375.072 461.419 428.209 513.167 421.703 486.899 388.667 341.892 292.402 213.610 168.965 148.825 124.083 103.158 71.295
-999.250 -999.250 -999.250 -999.250 83.902 80.215 84.069 81.675 85.065 86.718 90.241 81.918 84.420 75.165 66.959 55.976 46.629 39.287 28.406 22.163 18.092 16.049 16.145 14.874 16.418 16.334 17.537 15.834 13.367 9.548 8.516 4.161 0.000 0.044 0.000 0.000 0.000 0.000 0.000 0.000 2.512 6.697 13.286 28.345 50.565 72.446 89.589 129.334 151.416 164.772 249.991 339.445 374.233 345.967 455.331 495.286 527.505 531.039 521.364 531.878 452.371 466.863 352.986 256.055 182.489 175.013 154.323 125.195 86.624
-999.250 -999.250 -999.250 -999.250 74.980 75.628 74.524 77.102 75.603 76.175 77.469 74.935 73.047 64.833 58.008 53.638 45.615 33.747 25.691 16.119 13.586 11.462 12.640 13.093 14.616 14.783 14.232 14.059 11.003 9.432 7.168 5.131 2.653 0.000 0.000 4.696 0.000 0.000 0.000 0.000 0.000 5.247 13.390 27.432 47.037 70.243 95.775 127.107 162.858 183.350 272.306 405.564 426.566 504.025 510.877 564.079 619.012 647.232 633.626 613.447 535.227 439.492 456.480 341.341 226.232 209.769 166.148 144.633 104.625
-999.250 -999.250 -999.250 -999.250 70.938 67.924 70.415 69.665 67.581 68.884 65.412 68.176 62.129 58.241 55.000 48.224 46.944 29.843 19.716 13.434 11.021 11.260 13.051 13.956 14.342 15.436 15.367 15.624 13.106 9.226 8.471 5.070 1.441 0.000 0.000 0.000 0.000 0.000 0.000 0.000 0.000 0.933 8.461 26.573 45.895 68.637 105.682 142.602 172.722 217.556 351.893 470.756 513.726 621.344 688.419 711.839 707.514 762.065 776.636 730.913 651.421 506.564 487.021 426.385 350.578 291.865 181.359 154.374 137.500
-999.250 -999.250 -999.250 -999.250 68.237 66.148 65.369 63.834 57.902 57.645 56.303 53.856 52.055 49.151 46.467 42.805 36.101 25.871 16.331 12.977 11.905 14.375 16.281 17.221 18.993 18.325 18.401 16.598 15.354 11.946 8.636 6.680 3.484 0.000 0.000 0.000 0.000 0.000 0.000 0.000 0.000 0.000 5.764 19.336 46.322 73.746 102.342 149.834 184.590 261.270 366.711 456.915 557.875 690.337 758.270 772.925 852.917 858.965 906.990 858.593 713.737 664.796 490.640 484.589 405.547 252.342 199.802 163.372 148.702
-999.250 -999.250 -999.250 -999.250 64.006 58.479 59.890 57.188 55.536 53.386 50.053 46.653 46.301 44.399 38.931 34.449 27.589 24.095 17.121 15.505 16.898 19.686 23.006 25.447 24.703 24.013 24.113 18.518 16.834 13.587 11.932 7.471 4.309 0.124 0.000 0.000 0.000 0.000 0.000 0.000 0.000 0.000 0.829 15.555 43.737 77.261 107.340 151.589 183.208 299.253 356.071 424.095 627.472 716.432 803.791 857.912 902.404 938.979 940.538 886.283 752.755 727.477 653.202 593.815 403.898 317.418 254.955 193.598 153.597
-999.250 -999.250 -999.250 -999.250 58.400 55.814 55.560 57.772 49.725 46.843 45.146 42.106 39.368 35.948 30.636 29.216 26.968 24.090 22.680 24.762 26.831 28.209 29.583 29.650 27.550 27.224 26.171 22.204 19.785 16.657 13.712 9.202 6.686 0.849 0.000 0.000 0.000 0.000 0.000 0.000 0.000 0.000 0.000 5.724 44.785 82.560 125.851 154.011 184.518 284.741 378.369 542.871 625.752 716.606 765.666 907.263 967.824 1039.149 971.511 877.907 800.583 743.447 691.987 594.407 494.307 393.075 282.154 218.783 185.929
-999.250 -999.250 -999.250 -999.250 52.095 52.231 51.110 47.900 46.082 42.290 37.876 34.491 32.433 31.884 29.486 27.690 26.956 27.004 28.619 34.857 41.870 42.386 39.457 36.511 35.933 32.591 29.132 26.380 24.105 19.839 16.801 11.229 7.648 3.566 0.000 0.000 0.000 0.000 0.000 0.000 0.000 0.000 3.366 15.605 49.155 91.922 131.150 151.585 170.730 221.356 337.239 529.202 626.498 721.896 732.020 894.460 948.350 1003.641 939.224 875.554 844.012 765.396 750.627 551.212 493.325 431.092 313.648 245.054 196.690
-999.250 -999.250 -999.250 -999.250 52.152 49.771 47.623 43.668 42.075 39.404 35.843 31.232 30.320 29.393 29.157 30.669 30.670 33.305 39.818 48.013 56.237 53.901 47.812 46.288 42.978 38.373 34.668 31.628 28.595 25.596 19.155 13.688 9.514 5.153 1.028 0.000 0.000 0.000 0.000 0.000 0.000 0.000 7.887 27.939 54.507 91.308 131.171 150.698 179.190 211.320 388.436 515.158 580.762 691.316 790.573 817.775 906.842 909.407 925.631 876.863 829.484 736.846 693.616 648.162 458.836 505.378 373.064 266.123 175.326
-999.250 -999.250 -999.250 52.753 50.371 48.338 46.085 40.729 41.725 35.564 32.543 31.440 29.709 28.969 31.729 31.815 34.972 41.703 47.782 56.055 76.079 62.456 57.299 52.757 46.876 45.217 41.982 38.065 33.037 28.663 23.346 17.272 11.288 6.410 2.339 0.000 0.000 0.000 0.000 0.000 0.000 2.311 15.990 34.039 62.001 85.682 123.484 159.824 161.050 208.680 427.680 477.038 570.867 638.972 762.320 767.311 868.946 801.715 757.687 732.174 764.800 688.309 718.421 523.508 442.921 399.767 364.182 280.310 193.658
-999.250 -999.250 -999.250 50.814 49.837 46.608 45.236 39.447 36.537 33.983 32.774 30.597 29.740 30.598 32.485 35.058 37.639 44.095 48.459 57.515 67.400 63.621 58.883 54.088 52.279 48.569 46.438 44.274 39.570 35.851 28.683 20.934 13.199 8.317 3.356 0.000 0.000 0.000 0.000 0.000 0.000 6.131 20.717 36.469 63.191 84.945 120.471 148.905 155.513 215.233 310.032 443.938 639.180 546.133 683.056 791.874 788.808 786.285 762.755 709.008 710.537 600.605 553.444 514.033 480.259 342.390 302.124 235.245 163.022
-999.250 -999.250 -999.250 48.543 47.972 45.511 42.932 38.509 38.071 35.976 35.917 34.218 34.783 35.227 35.767 35.362 42.071 46.459 51.082 55.535 60.389 58.479 55.523 54.968 51.565 53.209 50.688 48.067 44.736 42.912 34.787 25.630 17.645 10.519 5.199 1.070 0.000 0.000 0.000 0.000 1.969 8.972 23.479 42.568 62.329 86.751 117.834 135.326 153.767 202.684 275.537 475.128 512.595 593.561 599.464 619.473 702.645 692.761 687.835 666.988 632.238 577.097 474.072 458.587 397.581 291.885 249.966 196.824 156.240
-999.250 -999.250 51.331 48.157 46.995 44.051 43.345 41.152 41.061 38.252 37.236 37.143 38.651 37.517 38.616 40.596 45.367 47.296 50.354 53.981 57.181 56.264 53.840 53.494 54.493 52.407 48.890 47.858 48.511 46.902 40.285 28.582 18.757 12.119 6.624 2.762 0.000 0.000 0.000 0.000 2.578 10.066 24.191 44.243 66.744 86.394 130.761 141.530 151.388 174.207 291.539 438.874 502.493 509.177 531.339 581.662 598.855 623.409 643.984 565.771 543.604 479.448 473.036 443.593 262.754 227.681 181.104 161.688 152.631
-999.250 -999.250 49.074 45.395 44.417 43.473 41.501 41.112 40.831 42.363 40.919 41.651 40.788 41.431 40.507 42.751 46.889 48.019 48.578 53.930 -999.250 56.717 52.205 51.315 51.643 51.195 50.376 52.462 53.597 58.820 45.502 31.095 23.990 15.042 9.082 3.585 0.000 0.000 0.000 0.000 3.319 9.431 21.117 40.970 58.208 84.576 123.560 141.044 141.490 165.869 213.116 335.133 395.804 522.683 509.130 559.955 555.554 569.809 504.294 503.862 458.665 419.241 367.557 327.984 191.851 167.773 171.029 143.758 137.469
-999.250 48.403 47.109 45.092 43.341 41.913 42.362 42.629 45.644 46.013 45.591 45.559 45.695 45.787 46.198 46.249 50.073 46.819 49.327 -999.250 -999.250 51.130 48.037 48.787 48.468 49.322 51.310 50.141 51.556 50.364 43.220 31.422 23.640 14.746 10.017 5.956 3.348 0.000 0.000 0.000 2.031 8.988 18.593 31.877 53.168 78.337 94.782 125.495 136.837 154.998 195.687 289.800 417.551 440.492 504.403 537.729 448.231 428.717 455.323 380.533 424.997 295.132 238.945 191.982 171.910 148.625 142.883 135.483 115.162
-999.250 45.896 44.718 41.049 42.546 39.214 43.518 44.594 48.537 51.087 50.518 46.899 47.377 49.551 55.633 48.904 47.867 46.816 -999.250 -999.250 -999.250 -999.250 46.555 46.963 47.357 47.985 47.804 48.840 47.736 44.786 37.141 28.677 22.487 14.731 9.612 6.474 2.559 0.000 0.000 0.000 2.393 8.702 18.335 30.473 51.385 66.757 85.373 108.918 134.605 146.713 176.825 244.093 313.655 359.034 387.076 377.940 417.258 303.416 349.158 274.192 251.787 217.473 177.262 156.566 148.295 115.960 104.654 91.758 75.237
