data/medianmodel_04-Jun-2020.asc
ncols	141
nrows	288
xllcorner	-120191.398
yllcorner	-301404.813
cellsize	2000.000
NODATA_value	-999.250
[rows 30 to 59 of 288, columns 0 to 68 of 141]
-999.250 -999.250 -999.250 -999.250 -999.250 -999.250 -999.250 -999.250 -999.250 -999.250 -999.250 -999.250 -999.250 -999.250 -999.250 -999.250 -999.250 -999.250 -999.250 -999.250 -999.250 -999.250 -999.250 -999.250 -999.250 -999.250 -999.250 -999.250 -999.250 -999.250 -999.250 2.466 3.589 2.056 1.910 3.938 4.965 4.469 4.007 4.559 4.568 3.511 3.105 3.055 4.210 7.207 8.278 8.383 8.401 6.284 4.585 5.680 10.515 8.603 8.679 8.097 7.323 10.740 13.551 17.239 22.710 16.837 14.459 12.191 12.256 9.864 8.424 8.190 6.365
-999.250 -999.250 -999.250 -999.250 -999.250 -999.250 -999.250 -999.250 -999.250 -999.250 -999.250 -999.250 -999.250 -999.250 -999.250 -999.250 -999.250 -999.250 -999.250 -999.250 -999.250 -999.250 -999.250 -999.250 -999.250 -999.250 -999.250 -999.250 -999.250 -999.250 -999.250 -999.250 4.694 3.899 1.792 3.337 4.258 4.355 3.811 6.942 7.394 6.252 2.356 5.595 5.498 6.480 5.979 6.248 7.463 5.497 5.520 7.980 9.483 9.468 13.954 10.201 9.320 9.236 12.213 15.152 16.323 16.719 11.204 12.024 10.817 7.851 9.065 8.151 7.923
-999.250 -999.250 -999.250 -999.250 -999.250 -999.250 -999.250 -999.250 -999.250 -999.250 -999.250 -999.250 -999.250 -999.250 -999.250 -999.250 -999.250 -999.250 -999.250 -999.250 -999.250 -999.250 -999.250 -999.250 -999.250 -999.250 -999.250 -999.250 -999.250 -999.250 -999.250 -999.250 2.711 1.798 1.085 2.018 3.595 3.250 4.377 6.299 6.312 4.150 4.390 4.899 6.709 6.122 5.749 7.550 7.930 8.121 7.175 7.428 8.227 9.387 10.137 7.527 8.264 8.866 14.816 11.663 14.687 12.474 12.107 9.464 8.956 8.950 8.672 8.742 5.848
-999.250 -999.250 -999.250 -999.250 -999.250 -999.250 -999.250 -999.250 -999.250 -999.250 -999.250 -999.250 -999.250 -999.250 -999.250 -999.250 -999.250 -999.250 -999.250 -999.250 -999.250 -999.250 -999.250 -999.250 -999.250 -999.250 -999.250 -999.250 -999.250 -999.250 -999.250 -999.250 5.262 5.852 0.460 1.260 4.771 2.649 3.511 2.716 7.746 4.313 3.861 5.121 5.959 6.025 7.125 8.652 11.496 9.557 7.431 10.436 10.570 8.261 9.517 6.944 8.878 5.771 9.987 11.779 9.855 9.344 8.280 9.441 9.106 7.976 10.135 9.006 6.573
-999.250 -999.250 -999.250 -999.250 -999.250 -999.250 -999.250 -999.250 -999.250 -999.250 -999.250 -999.250 -999.250 -999.250 -999.250 -999.250 -999.250 -999.250 -999.250 -999.250 -999.250 -999.250 -999.250 -999.250 -999.250 -999.250 -999.250 -999.250 -999.250 -999.250 -999.250 -999.250 3.416 3.871 1.325 2.819 4.442 3.545 2.058 5.342 4.018 5.906 5.905 5.062 4.421 6.364 7.678 7.177 8.444 9.946 8.119 11.529 7.555 8.720 9.479 9.854 8.721 8.197 10.244 10.423 9.002 8.749 6.550 10.312 12.797 9.385 6.910 5.055 2.535
-999.250 -999.250 -999.250 -999.250 -999.250 -999.250 -999.250 -999.250 -999.250 -999.250 -999.250 -999.250 -999.250 -999.250 -999.250 -999.250 -999.250 -999.250 -999.250 -999.250 -999.250 -999.250 -999.250 -999.250 -999.250 -999.250 -999.250 -999.250 -999.250 -999.250 -999.250 -999.250 2.082 2.635 4.170 1.380 6.682 3.992 4.103 2.408 5.142 4.521 5.265 7.126 5.081 5.639 7.850 9.209 10.059 11.143 10.198 10.760 12.256 7.114 8.570 8.595 9.906 8.144 6.188 10.344 9.838 8.882 8.602 7.091 7.555 8.465 5.239 4.044 1.846
-999.250 -999.250 -999.250 -999.250 -999.250 -999.250 -999.250 -999.250 -999.250 -999.250 -999.250 -999.250 -999.250 -999.250 -999.250 -999.250 -999.250 -999.250 -999.250 -999.250 -999.250 -999.250 -999.250 -999.250 -999.250 -999.250 -999.250 -999.250 -999.250 -999.250 -999.250 -999.250 2.996 3.865 1.963 1.004 2.292 3.173 3.855 3.789 3.418 6.574 6.398 6.071 6.875 7.444 5.797 6.318 8.230 9.578 9.532 10.689 7.467 6.994 5.992 8.024 7.442 7.403 7.269 8.163 7.262 9.202 6.467 7.284 3.731 5.915 4.510 1.906 1.873
-999.250 -999.250 -999.250 -999.250 -999.250 -999.250 -999.250 -999.250 -999.250 -999.250 -999.250 -999.250 -999.250 -999.250 -999.250 -999.250 -999.250 -999.250 -999.250 -999.250 -999.250 -999.250 -999.250 -999.250 -999.250 -999.250 -999.250 -999.250 -999.250 -999.250 -999.250 -999.250 -999.250 2.827 2.933 3.220 3.591 4.425 2.539 4.555 4.229 7.145 9.133 8.504 4.170 7.183 5.784 6.039 7.617 8.816 6.944 8.449 8.302 6.953 7.449 10.142 9.753 7.351 8.410 5.226 6.117 5.389 5.387 4.858 5.963 3.270 3.073 2.389 2.719
-999.250 -999.250 -999.250 -999.250 -999.250 -999.250 -999.250 -999.250 -999.250 -999.250 -999.250 -999.250 -999.250 -999.250 -999.250 -999.250 -999.250 -999.250 -999.250 -999.250 -999.250 -999.250 -999.250 -999.250 -999.250 -999.250 -999.250 -999.250 -999.250 -999.250 -999.250 -999.250 -999.250 2.961 3.687 3.765 2.583 5.538 5.322 5.080 4.842 6.129 5.435 4.910 2.897 7.349 5.433 6.222 8.316 9.594 6.780 9.071 6.219 7.770 7.741 11.612 10.256 6.907 10.404 6.701 5.910 3.862 4.147 3.089 2.231 2.162 2.957 1.227 0.900
-999.250 -999.250 -999.250 -999.250 -999.250 -999.250 -999.250 -999.250 -999.250 -999.250 -999.250 -999.250 -999.250 -999.250 -999.250 -999.250 -999.250 -999.250 -999.250 -999.250 -999.250 -999.250 -999.250 -999.250 -999.250 -999.250 -999.250 -999.250 -999.250 -999.250 -999.250 -999.250 4.167 2.054 1.279 2.335 2.098 4.512 2.752 2.667 3.326 4.381 2.140 3.742 5.083 6.261 8.338 10.609 10.995 10.006 10.579 9.240 11.162 9.934 9.112 8.449 10.829 8.139 7.614 5.832 4.905 3.665 0.611 0.000 0.290 0.990 0.000 0.704 0.000
-999.250 -999.250 -999.250 -999.250 -999.250 -999.250 -999.250 -999.250 -999.250 -999.250 -999.250 -999.250 -999.250 -999.250 -999.250 -999.250 -999.250 -999.250 -999.250 -999.250 -999.250 -999.250 -999.250 -999.250 -999.250 -999.250 -999.250 -999.250 -999.250 -999.250 -999.250 -999.250 5.895 3.737 2.087 1.967 1.506 1.858 0.617 0.769 1.391 2.356 4.582 2.130 1.771 4.587 5.484 9.507 10.421 10.712 10.541 14.205 16.736 18.571 14.122 9.886 8.884 7.615 6.081 6.424 5.386 2.895 0.000 0.000 0.000 0.000 0.000 0.000 0.000
-999.250 -999.250 -999.250 -999.250 -999.250 -999.250 -999.250 -999.250 -999.250 -999.250 -999.250 -999.250 -999.250 -999.250 -999.250 -999.250 -999.250 -999.250 -999.250 -999.250 -999.250 -999.250 -999.250 -999.250 -999.250 -999.250 -999.250 -999.250 -999.250 -999.250 -999.250 -999.250 -999.250 4.321 4.778 3.635 1.849 2.992 2.985 1.471 3.177 3.244 2.832 1.318 3.797 6.347 9.378 10.453 12.006 9.811 16.609 26.309 48.043 39.381 22.133 10.809 10.023 7.266 7.919 4.827 4.227 3.146 0.000 0.000 0.000 0.000 0.000 0.000 0.000
-999.250 -999.250 -999.250 -999.250 -999.250 -999.250 -999.250 -999.250 -999.250 -999.250 -999.250 -999.250 -999.250 -999.250 -999.250 -999.250 -999.250 -999.250 -999.250 -999.250 -999.250 -999.250 -999.250 -999.250 -999.250 -999.250 -999.250 -999.250 -999.250 -999.250 -999.250 -999.250 -999.250 1.100 2.683 3.703 3.370 3.346 2.892 2.725 2.309 2.688 2.260 3.109 3.809 5.563 11.138 11.812 12.827 12.136 18.850 38.289 83.692 58.860 28.502 13.089 11.919 9.547 7.306 4.710 4.269 4.080 1.145 0.283 0.000 0.000 0.000 0.000 0.000
-999.250 -999.250 -999.250 -999.250 -999.250 -999.250 -999.250 -999.250 -999.250 -999.250 -999.250 -999.250 -999.250 -999.250 -999.250 -999.250 -999.250 -999.250 -999.250 -999.250 -999.250 -999.250 -999.250 -999.250 -999.250 -999.250 -999.250 -999.250 -999.250 -999.250 -999.250 -999.250 -999.250 2.052 3.873 4.437 5.459 4.810 3.950 2.681 3.976 3.908 3.642 1.709 5.189 7.782 12.467 22.041 14.545 12.835 16.583 35.894 46.632 46.608 25.375 11.222 9.146 15.951 8.332 5.694 6.576 4.699 5.029 1.995 3.801 1.865 0.000 0.000 0.000
-999.250 -999.250 -999.250 -999.250 -999.250 -999.250 -999.250 -999.250 -999.250 -999.250 -999.250 -999.250 -999.250 -999.250 -999.250 -999.250 -999.250 -999.250 -999.250 -999.250 -999.250 -999.250 -999.250 -999.250 -999.250 -999.250 -999.250 -999.250 -999.250 -999.250 -999.250 -999.250 -999.250 -999.250 5.098 8.761 5.476 5.224 3.094 1.386 2.755 1.734 4.204 2.302 5.064 9.180 11.419 11.459 12.863 13.253 14.960 23.415 32.485 32.723 21.199 15.614 10.082 11.575 6.699 6.245 4.741 5.354 5.465 5.395 4.254 1.087 0.000 0.000 0.000
-999.250 -999.250 -999.250 -999.250 -999.250 -999.250 -999.250 -999.250 -999.250 -999.250 -999.250 -999.250 -999.250 -999.250 -999.250 -999.250 -999.250 -999.250 -999.250 -999.250 -999.250 -999.250 -999.250 -999.250 -999.250 -999.250 -999.250 -999.250 -999.250 -999.250 -999.250 -999.250 -999.250 -999.250 6.369 5.700 4.860 4.743 2.378 1.151 1.960 1.212 2.375 5.206 5.996 6.981 10.914 12.061 10.648 10.413 14.811 17.623 22.674 24.268 25.137 16.234 9.436 9.245 5.752 6.868 5.446 5.568 6.737 3.377 4.328 2.785 3.089 0.567 0.274
-999.250 -999.250 -999.250 -999.250 -999.250 -999.250 -999.250 -999.250 -999.250 -999.250 -999.250 -999.250 -999.250 -999.250 -999.250 -999.250 -999.250 -999.250 -999.250 -999.250 -999.250 -999.250 -999.250 -999.250 -999.250 -999.250 -999.250 -999.250 -999.250 -999.250 -999.250 -999.250 -999.250 -999.250 6.858 4.328 4.119 3.131 2.760 1.013 2.377 2.195 4.201 4.325 5.875 8.332 10.089 11.201 10.579 9.236 14.102 14.628 17.255 29.540 31.232 23.435 12.253 11.767 8.314 7.248 5.064 6.037 6.078 5.373 3.851 2.372 1.075 0.023 0.000
-999.250 -999.250 -999.250 -999.250 -999.250 -999.250 -999.250 -999.250 -999.250 -999.250 -999.250 -999.250 -999.250 -999.250 -999.250 -999.250 -999.250 -999.250 -999.250 -999.250 -999.250 -999.250 -999.250 -999.250 -999.250 -999.250 -999.250 -999.250 -999.250 -999.250 -999.250 -999.250 -999.250 -999.250 6.821 6.745 2.681 5.073 4.489 3.253 4.574 6.035 5.964 5.883 6.049 9.041 9.819 9.485 10.236 9.273 11.405 12.891 18.022 25.835 53.470 29.639 17.845 11.552 9.389 7.433 7.096 4.585 5.503 4.245 1.094 3.431 0.319 1.933 2.815
-999.250 -999.250 -999.250 -999.250 -999.250 -999.250 -999.250 -999.250 -999.250 -999.250 -999.250 -999.250 -999.250 -999.250 -999.250 -999.250 -999.250 -999.250 -999.250 -999.250 -999.250 -999.250 -999.250 -999.250 -999.250 -999.250 -999.250 -999.250 -999.250 -999.250 -999.250 -999.250 -999.250 -999.250 -999.250 5.062 5.149 4.761 4.878 4.944 6.668 7.969 6.880 4.591 6.336 7.889 9.675 12.275 11.025 10.876 12.746 11.575 17.714 23.144 35.309 26.116 17.700 11.392 10.840 9.746 6.904 5.631 7.520 2.143 3.319 5.537 2.874 2.575 4.575
-999.250 -999.250 -999.250 -999.250 -999.250 -999.250 -999.250 -999.250 -999.250 -999.250 -999.250 -999.250 -999.250 -999.250 -999.250 -999.250 -999.250 -999.250 -999.250 -999.250 -999.250 -999.250 -999.250 -999.250 -999.250 -999.250 -999.250 -999.250 -999.250 -999.250 -999.250 -999.250 -999.250 -999.250 -999.250 5.534 4.747 4.463 6.987 7.881 6.652 3.964 6.354 5.623 8.020 8.327 7.831 9.411 13.317 11.211 12.143 13.343 16.581 20.583 22.350 21.638 15.662 13.078 9.065 6.162 7.000 6.490 6.938 5.978 6.343 6.387 9.013 6.295 5.548
-999.250 -999.250 -999.250 -999.250 -999.250 -999.250 -999.250 -999.250 -999.250 -999.250 -999.250 -999.250 -999.250 -999.250 -999.250 -999.250 -999.250 -999.250 -999.250 -999.250 -999.250 -999.250 -999.250 -999.250 -999.250 -999.250 -999.250 -999.250 -999.250 -999.250 -999.250 -999.250 -999.250 -999.250 -999.250 5.566 4.398 7.004 8.003 12.233 8.232 5.159 8.410 9.172 8.620 10.228 7.933 8.530 9.593 11.422 12.200 15.120 17.147 16.627 18.219 15.480 13.587 9.904 10.576 10.776 7.094 7.304 6.384 7.429 4.992 5.920 6.270 5.761 8.314
-999.250 -999.250 -999.250 -999.250 -999.250 -999.250 -999.250 -999.250 -999.250 -999.250 -999.250 -999.250 -999.250 -999.250 -999.250 -999.250 -999.250 -999.250 -999.250 -999.250 -999.250 -999.250 -999.250 -999.250 -999.250 -999.250 -999.250 -999.250 -999.250 -999.250 -999.250 -999.250 -999.250 -999.250 -999.250 3.939 3.880 8.014 12.546 7.865 6.482 6.217 14.367 8.781 7.692 8.451 8.246 7.538 10.322 9.422 11.274 11.653 9.259 11.527 12.836 13.364 11.743 10.168 13.258 8.397 5.408 6.921 6.228 7.663 5.581 7.544 7.262 6.896 8.977
-999.250 -999.250 -999.250 -999.250 -999.250 -999.250 -999.250 -999.250 -999.250 -999.250 -999.250 -999.250 -999.250 -999.250 -999.250 -999.250 -999.250 -999.250 -999.250 -999.250 -999.250 -999.250 -999.250 -999.250 -999.250 -999.250 -999.250 -999.250 -999.250 -999.250 -999.250 -999.250 -999.250 -999.250 -999.250 9.627 6.370 7.888 9.086 7.944 3.870 8.226 8.378 9.355 7.050 8.112 6.071 5.848 6.950 15.104 8.791 9.668 6.887 7.915 8.887 13.052 9.627 10.249 7.487 4.628 2.910 2.939 7.683 8.464 8.848 9.919 8.851 10.560 7.335
-999.250 -999.250 -999.250 -999.250 -999.250 -999.250 -999.250 -999.250 -999.250 -999.250 -999.250 -999.250 -999.250 -999.250 -999.250 -999.250 -999.250 -999.250 -999.250 -999.250 -999.250 -999.250 -999.250 -999.250 -999.250 -999.250 -999.250 -999.250 -999.250 -999.250 -999.250 -999.250 -999.250 -999.250 -999.250 -999.250 8.356 5.657 7.882 7.853 5.376 6.256 8.865 8.841 7.707 6.839 7.122 8.498 6.199 8.545 9.256 8.021 10.033 7.591 9.061 8.963 8.575 7.348 3.322 3.884 1.555 2.086 5.533 9.209 11.822 15.759 17.304 15.621 7.089
-999.250 -999.250 -999.250 -999.250 -999.250 -999.250 -999.250 -999.250 -999.250 -999.250 -999.250 -999.250 -999.250 -999.250 -999.250 -999.250 -999.250 -999.250 -999.250 -999.250 -999.250 -999.250 -999.250 -999.250 -999.250 -999.250 -999.250 -999.250 -999.250 -999.250 -999.250 -999.250 -999.250 -999.250 -999.250 -999.250 6.522 5.668 6.605 12.003 6.684 5.437 6.681 12.049 7.450 5.214 7.709 8.472 6.470 6.433 6.213 5.842 5.286 4.017 7.305 8.007 8.995 5.906 3.206 4.335 4.792 4.762 9.362 6.966 11.749 18.552 23.488 19.166 8.970
-999.250 -999.250 -999.250 -999.250 -999.250 -999.250 -999.250 -999.250 -999.250 -999.250 -999.250 -999.250 -999.250 -999.250 -999.250 -999.250 -999.250 -999.250 -999.250 -999.250 -999.250 -999.250 -999.250 -999.250 -999.250 -999.250 -999.250 -999.250 -999.250 -999.250 -999.250 -999.250 -999.250 -999.250 -999.250 -999.250 -999.250 6.121 6.120 7.997 5.906 3.972 3.846 6.990 6.734 8.423 7.265 6.561 8.159 6.626 7.962 8.213 3.635 3.893 5.523 6.860 6.313 8.829 7.561 5.275 6.334 7.318 9.419 9.304 13.558 20.658 37.337 19.238 7.578
-999.250 -999.250 -999.250 -999.250 -999.250 -999.250 -999.250 -999.250 -999.250 -999.250 -999.250 -999.250 -999.250 -999.250 -999.250 -999.250 -999.250 -999.250 -999.250 -999.250 -999.250 -999.250 -999.250 -999.250 -999.250 -999.250 -999.250 -999.250 -999.250 -999.250 -999.250 -999.250 -999.250 -999.250 -999.250 -999.250 -999.250 2.971 4.142 7.111 5.837 3.875 4.716 4.790 8.594 8.889 10.435 8.323 6.807 3.956 4.936 5.373 4.036 4.779 6.954 8.072 5.198 7.202 5.865 6.013 8.346 9.287 9.353 9.187 12.114 18.651 17.631 11.798 2.908
-999.250 -999.250 -999.250 -999.250 -999.250 -999.250 -999.250 -999.250 -999.250 -999.250 -999.250 -999.250 -999.250 -999.250 -999.250 -999.250 -999.250 -999.250 -999.250 -999.250 -999.250 -999.250 -999.250 -999.250 -999.250 -999.250 -999.250 -999.250 -999.250 -999.250 -999.250 -999.250 -999.250 -999.250 -999.250 -999.250 -999.250 3.789 4.479 6.055 8.986 5.419 4.516 6.395 9.969 9.543 9.305 5.957 6.506 4.332 5.556 3.619 5.882 5.048 6.452 6.761 6.129 7.175 7.674 7.191 6.782 9.575 10.091 9.686 7.047 9.373 8.996 5.083 0.000
-999.250 -999.250 -999.250 -999.250 -999.250 -999.250 -999.250 -999.250 -999.250 -999.250 -999.250 -999.250 -999.250 -999.250 -999.250 -999.250 -999.250 -999.250 -999.250 -999.250 -999.250 -999.250 -999.250 -999.250 -999.250 -999.250 -999.250 -999.250 -999.250 -999.250 -999.250 -999.250 -999.250 -999.250 -999.250 -999.250 -999.250 5.124 3.121 7.316 6.449 4.215 5.327 8.748 7.438 8.893 6.913 8.205 5.264 5.087 5.065 4.447 4.247 3.518 2.936 6.195 7.884 8.316 9.315 8.737 7.353 9.398 8.713 8.165 5.114 5.256 2.852 0.000 0.000
-999.250 -999.250 -999.250 -999.250 -999.250 -999.250 -999.250 -999.250 -999.250 -999.250 -999.250 -999.250 -999.250 -999.250 -999.250 -999.250 -999.250 -999.250 -999.250 -999.250 -999.250 -999.250 -999.250 -999.250 -999.250 -999.250 -999.250 -999.250 -999.250 -999.250 -999.250 -999.250 -999.250 -999.250 -999.250 -999.250 -999.250 -999.250 4.719 5.683 6.497 4.563 5.030 6.903 10.248 9.594 5.536 7.042 7.205 5.716 3.845 3.423 2.965 4.125 5.225 6.309 10.244 11.125 15.073 12.908 8.171 9.424 10.070 9.798 6.561 5.197 3.757 1.374 0.000
