data/medianmodel_12-Nov-2020.asc
ncols	141
nrows	288
xllcorner	-120191.398
yllcorner	-301404.813
cellsize	2000.000
NODATA_value	-999.250
[rows 174 to 202 of 288, columns 0 to 64 of 141]
-999.250 -999.250 -999.250 -999.250 433.341 433.786 440.810 446.411 444.233 446.082 437.639 452.251 440.210 434.837 390.369 345.407 356.302 361.349 356.154 343.888 423.578 449.490 434.947 451.071 457.451 470.457 447.390 444.293 431.627 447.707 473.760 480.977 470.571 497.627 480.043 510.682 560.067 557.701 573.161 597.871 613.855 654.126 683.078 721.820 689.138 686.381 648.156 646.066 573.923 597.597 518.306 539.579 512.535 489.051 511.355 456.835 418.387 456.635 457.944 428.814 426.777 400.257 380.597 371.015 352.079
-999.250 -999.250 -999.250 -999.250 409.729 451.987 468.386 472.703 479.197 473.521 451.026 453.139 453.953 418.048 433.716 417.337 386.949 381.873 372.846 394.809 415.696 434.814 454.061 470.615 464.217 488.398 438.845 430.934 434.020 431.406 448.600 446.473 477.639 484.324 488.027 516.765 520.498 527.517 592.388 577.281 636.235 769.994 707.018 764.045 760.515 737.873 667.208 625.903 700.020 640.999 565.642 544.749 504.306 488.250 479.415 486.041 455.129 456.881 446.957 465.119 411.254 404.306 366.221 350.136 331.846
-999.250 -999.250 -999.250 -999.250 447.574 456.994 474.959 516.412 490.974 462.170 464.231 448.232 465.133 458.267 432.007 444.185 411.161 429.292 438.681 432.014 427.702 452.572 451.223 516.626 479.921 470.261 490.938 455.556 439.297 442.535 452.310 486.090 462.648 487.826 494.745 529.736 521.747 525.543 527.935 599.702 648.404 694.494 798.138 824.223 787.214 819.191 743.431 767.066 679.224 623.645 655.436 571.299 513.849 524.617 492.265 521.169 460.832 459.159 460.120 456.213 440.430 410.036 354.968 344.056 363.864
-999.250 -999.250 -999.250 -999.250 464.622 444.756 486.794 497.707 487.860 460.422 488.394 480.876 481.110 488.672 475.952 460.888 453.320 456.694 478.651 463.343 468.162 472.175 491.476 499.377 482.280 492.118 454.039 469.779 453.328 438.352 454.574 443.243 459.247 466.310 522.562 491.433 514.320 535.830 547.356 611.845 707.517 742.450 767.766 800.813 778.644 866.098 757.450 651.927 689.900 621.424 635.910 566.573 527.581 538.351 553.472 503.762 475.745 441.282 442.148 430.810 426.892 406.127 365.389 369.259 368.106
-999.250 -999.250 -999.250 -999.250 472.484 493.718 495.389 490.355 479.316 498.240 515.075 472.153 501.656 495.672 495.594 487.423 485.758 482.790 511.579 497.022 492.028 488.720 500.764 501.275 483.796 473.470 470.341 449.799 453.281 427.533 452.764 436.322 449.377 452.387 470.237 468.512 460.707 525.154 605.008 556.683 655.383 662.775 669.405 767.413 765.821 759.403 663.543 655.975 647.818 642.519 599.327 531.781 565.714 514.055 516.474 487.785 479.258 446.329 451.701 455.111 444.799 368.417 350.344 371.451 343.886
-999.250 -999.250 -999.250 430.334 474.385 479.436 470.267 494.233 520.329 498.842 493.643 490.193 503.237 492.075 514.352 494.937 479.949 518.977 517.861 514.516 536.782 505.154 503.643 498.440 492.544 472.851 452.614 447.458 467.010 463.359 456.343 440.733 416.931 451.524 450.620 463.881 454.885 483.346 494.828 535.997 670.955 636.209 662.780 625.122 609.692 707.858 647.467 620.838 639.516 647.377 599.434 559.439 517.102 498.766 511.543 481.744 483.062 487.756 472.573 450.637 417.899 375.682 370.151 357.680 329.894
-999.250 -999.250 -999.250 453.180 452.405 475.080 509.984 508.926 490.319 522.937 496.119 502.755 470.726 501.175 536.083 516.944 510.396 519.502 543.555 514.797 534.646 506.565 501.802 490.447 482.938 441.862 441.757 460.791 445.399 449.317 399.609 420.631 435.156 444.741 452.174 436.280 428.055 465.884 481.717 538.697 518.250 598.453 572.863 590.871 638.555 581.024 561.604 574.321 586.051 598.969 532.218 537.231 487.529 490.366 452.612 443.627 486.734 433.940 469.556 431.747 422.276 381.641 357.953 335.844 318.290
-999.250 -999.250 -999.250 480.237 481.678 501.683 496.245 513.162 481.078 492.115 466.438 473.606 483.564 504.785 514.565 528.432 521.442 514.607 524.634 496.992 516.316 506.776 506.994 489.808 481.215 461.752 432.577 413.235 412.146 394.301 405.603 393.421 397.294 434.117 412.943 423.802 421.286 463.388 507.509 546.479 519.167 507.375 566.230 602.610 577.420 602.911 560.195 536.546 587.966 494.102 498.396 504.910 500.467 442.010 457.312 474.080 445.762 459.981 457.927 412.066 399.595 362.270 329.575 344.710 291.724
-999.250 -999.250 479.160 492.291 476.614 478.645 509.422 471.493 461.902 476.196 451.693 461.866 484.676 487.612 522.671 511.660 530.560 508.436 500.219 513.387 469.905 506.828 485.071 465.979 457.251 434.068 401.961 400.805 393.970 356.828 348.539 376.392 358.309 394.774 393.352 385.488 421.921 445.477 476.415 454.242 478.349 471.702 535.571 565.449 540.899 543.390 539.332 490.555 496.940 532.061 498.399 492.524 453.324 448.554 455.956 462.170 448.419 411.925 405.506 412.815 399.227 325.915 298.386 278.553 270.106
-999.250 -999.250 468.097 458.635 490.630 509.015 494.521 497.280 490.045 460.560 455.630 480.088 492.827 502.108 523.905 528.695 508.698 515.707 493.313 485.674 -999.250 469.667 463.859 455.767 432.658 407.495 373.538 330.975 357.487 307.170 308.361 340.486 335.917 372.692 351.538 401.550 396.078 407.230 433.065 462.503 474.776 476.222 484.979 481.319 501.328 478.456 486.405 483.393 469.638 471.743 462.127 473.292 452.575 438.028 419.035 418.246 410.081 423.332 385.237 380.307 342.079 294.456 273.019 234.173 242.005
-999.250 426.348 442.274 482.109 494.509 501.203 493.504 510.833 500.455 469.278 476.126 465.947 503.914 503.966 502.408 518.939 524.599 517.832 506.508 -999.250 -999.250 437.658 452.456 400.055 395.621 413.063 393.160 352.599 334.560 316.072 300.407 302.962 336.956 349.958 351.228 358.009 419.710 391.232 419.192 437.531 429.904 429.950 431.964 452.218 425.837 450.677 452.686 435.590 413.515 415.032 443.804 425.630 429.534 385.954 383.561 370.571 378.489 373.228 336.847 318.526 291.198 271.637 241.388 217.769 215.752
-999.250 448.663 493.835 477.622 480.500 496.162 480.184 504.969 495.046 465.712 483.068 476.582 494.813 522.380 555.095 530.841 528.054 542.484 -999.250 -999.250 -999.250 -999.250 417.964 399.928 386.621 375.209 363.596 313.787 304.155 286.467 292.400 282.344 315.667 321.348 320.646 337.029 386.786 399.049 391.679 396.099 411.650 417.251 417.719 434.663 445.047 420.764 436.576 424.740 402.279 377.909 406.293 393.819 404.753 357.146 377.378 349.780 326.485 318.558 317.317 288.579 265.408 262.729 234.164 223.623 198.365
452.498 467.022 486.721 489.700 487.134 504.977 524.237 484.857 479.065 455.542 455.944 471.624 501.500 513.382 538.225 570.912 540.241 570.712 -999.250 -999.250 -999.250 -999.250 -999.250 407.002 387.199 365.978 345.691 311.072 312.232 303.207 295.081 323.672 295.380 291.610 308.653 316.904 354.369 351.881 340.173 373.269 381.284 369.236 385.629 374.888 381.409 361.252 380.930 356.444 345.029 381.300 365.719 365.236 350.651 359.172 357.423 323.674 348.769 286.424 275.738 270.263 231.134 234.752 218.444 194.934 178.072
-999.250 481.006 496.530 505.332 518.073 500.639 511.903 521.308 491.515 473.596 424.279 454.906 435.075 480.199 527.416 539.327 515.165 528.312 -999.250 -999.250 -999.250 -999.250 399.638 385.620 345.098 337.677 329.272 294.506 304.551 290.938 308.284 313.841 274.808 265.037 283.818 304.896 309.790 312.531 311.313 370.775 328.044 304.231 320.026 321.848 318.015 307.405 349.978 325.990 331.759 349.841 311.220 313.894 312.822 321.205 309.518 309.362 292.421 273.016 280.703 255.877 232.615 215.902 206.831 192.185 164.259
-999.250 510.281 507.753 570.289 606.094 561.106 544.654 539.595 494.768 492.142 444.257 447.904 461.512 509.521 522.335 567.010 501.583 496.471 -999.250 -999.250 -999.250 368.046 -999.250 340.761 313.642 311.669 319.497 297.861 304.267 284.285 284.513 290.907 268.329 283.828 292.537 292.186 296.434 313.948 308.889 329.244 281.786 294.181 285.792 272.624 289.519 266.456 296.457 286.025 288.860 254.818 294.696 305.241 298.499 270.540 300.146 302.027 297.690 254.575 257.250 229.477 233.810 224.032 206.457 197.155 186.851
-999.250 533.109 546.256 572.452 557.118 534.263 529.750 512.682 528.154 483.714 443.519 452.957 467.161 504.435 539.862 505.741 508.165 -999.250 -999.250 -999.250 -999.250 326.897 311.276 297.883 296.137 298.921 317.481 290.956 287.759 278.071 292.147 286.965 286.984 273.643 284.842 284.571 289.751 287.002 293.991 279.462 276.828 258.067 248.932 244.404 227.040 238.735 240.203 234.492 258.546 253.491 264.914 294.650 287.370 275.826 282.507 262.012 266.022 255.011 257.811 231.674 229.872 220.593 219.550 201.624 192.255
-999.250 512.561 560.644 625.913 584.227 544.907 540.602 516.111 485.727 472.479 466.709 439.664 508.405 515.297 516.433 490.971 463.654 -999.250 -999.250 -999.250 326.164 299.898 246.468 267.154 281.043 278.128 299.756 281.684 267.853 285.456 287.803 298.866 262.657 268.504 300.257 279.620 272.473 280.603 289.418 274.096 259.889 238.453 234.319 208.403 181.516 187.863 190.005 222.338 237.358 235.178 255.799 252.724 255.087 255.815 251.860 256.163 260.782 252.780 260.512 232.923 227.067 235.249 223.180 210.881 207.995
-999.250 -999.250 -999.250 575.766 -999.250 -999.250 489.164 467.819 473.066 -999.250 -999.250 -999.250 490.658 496.587 -999.250 -999.250 -999.250 -999.250 -999.250 -999.250 330.331 277.630 265.551 262.439 273.526 287.541 289.791 298.710 289.653 285.020 297.669 279.530 260.377 269.530 265.974 288.045 277.440 284.151 251.975 252.777 235.805 220.935 202.030 189.955 150.572 140.262 153.604 183.826 210.195 218.768 236.470 251.472 264.431 246.689 240.434 245.111 261.715 242.313 240.401 229.854 224.191 229.692 234.731 219.777 222.346
-999.250 -999.250 -999.250 -999.250 -999.250 -999.250 -999.250 -999.250 -999.250 -999.250 -999.250 -999.250 -999.250 483.913 478.948 491.835 -999.250 -999.250 -999.250 373.807 300.268 264.944 277.712 292.484 311.808 322.153 315.621 335.309 321.369 319.087 289.143 289.127 262.032 263.746 291.841 290.852 289.931 277.617 261.701 230.778 227.073 206.457 185.612 144.670 117.830 71.079 113.934 165.146 191.907 210.878 237.660 230.683 245.730 228.912 236.140 248.635 245.246 252.571 240.807 234.813 235.811 242.359 240.577 228.115 223.864
-999.250 -999.250 -999.250 -999.250 -999.250 -999.250 -999.250 -999.250 -999.250 -999.250 -999.250 464.216 472.920 477.046 511.139 526.506 -999.250 -999.250 388.738 320.705 287.153 275.205 289.322 325.260 325.043 342.338 344.401 346.794 358.493 344.294 316.468 306.324 316.102 308.272 305.996 294.104 291.752 262.240 241.912 246.496 212.517 213.763 186.698 162.298 118.003 101.387 119.924 158.204 196.071 202.646 227.019 231.270 238.743 233.431 254.816 259.565 230.076 255.735 242.243 259.540 255.921 255.417 260.413 224.041 227.625
-999.250 -999.250 -999.250 -999.250 -999.250 -999.250 -999.250 -999.250 -999.250 -999.250 -999.250 465.400 479.642 488.191 502.071 483.928 475.918 451.851 401.927 325.961 297.897 279.473 322.353 349.861 365.240 366.313 365.651 410.272 397.810 389.774 372.627 342.409 324.696 322.803 315.352 301.484 296.958 297.621 259.349 240.636 235.750 213.934 199.238 171.152 144.366 123.529 137.026 173.189 176.653 204.861 209.638 225.956 247.259 253.940 259.582 258.378 257.411 251.216 245.362 250.750 256.533 248.911 260.418 252.505 237.850
-999.250 -999.250 -999.250 -999.250 -999.250 -999.250 -999.250 -999.250 -999.250 -999.250 -999.250 -999.250 451.367 481.618 513.852 503.221 472.722 451.378 403.176 347.700 327.105 321.554 318.654 354.825 381.234 395.725 418.946 439.221 410.685 445.866 399.021 375.052 381.048 337.925 324.900 304.624 307.247 260.534 238.490 256.185 257.201 216.637 192.150 172.762 161.692 171.784 190.432 195.266 193.894 197.020 211.849 226.304 257.427 266.841 251.429 266.115 277.972 265.112 273.606 258.421 251.694 276.190 267.584 258.949 267.077
-999.250 -999.250 -999.250 -999.250 -999.250 -999.250 -999.250 -999.250 -999.250 -999.250 -999.250 -999.250 -999.250 439.527 476.414 487.894 453.629 443.803 390.790 357.142 346.030 331.537 361.769 379.727 405.854 432.141 441.911 450.975 450.429 461.406 462.042 401.946 367.729 321.673 343.481 317.054 298.851 286.497 268.898 236.546 243.792 220.107 202.922 207.795 196.624 186.024 208.425 195.584 221.606 218.123 227.782 224.991 247.170 260.758 266.823 271.074 265.172 280.481 301.431 289.542 272.490 286.719 261.025 281.497 304.032
-999.250 -999.250 -999.250 -999.250 -999.250 -999.250 -999.250 -999.250 -999.250 -999.250 -999.250 -999.250 -999.250 457.442 459.512 440.555 420.767 430.886 409.149 401.121 371.247 364.130 369.115 408.922 424.985 461.984 463.029 486.284 477.269 451.330 430.184 440.724 421.222 391.722 342.205 331.680 295.515 264.377 292.944 253.015 224.854 215.759 215.634 220.657 213.505 206.303 215.340 204.029 210.129 214.662 238.668 270.075 264.065 269.993 277.987 281.625 288.817 292.949 295.383 297.413 294.552 315.607 295.987 282.296 279.542
-999.250 -999.250 -999.250 -999.250 -999.250 -999.250 -999.250 -999.250 -999.250 -999.250 -999.250 -999.250 -999.250 449.125 434.568 425.922 406.312 421.275 416.249 410.400 407.098 402.697 443.646 463.445 447.243 487.204 490.275 506.536 471.749 454.480 456.826 477.209 455.082 422.978 390.171 337.825 312.603 291.034 285.919 240.121 244.960 220.269 221.926 226.549 217.060 225.933 219.349 226.855 213.900 230.609 241.603 273.887 287.745 283.491 265.833 272.773 308.545 298.656 281.456 299.614 318.300 307.670 312.665 287.729 291.977
-999.250 -999.250 -999.250 -999.250 -999.250 -999.250 -999.250 -999.250 -999.250 -999.250 -999.250 -999.250 -999.250 -999.250 431.904 429.847 416.309 385.321 374.099 407.134 427.240 439.735 475.551 464.178 470.971 509.562 509.104 519.462 509.302 499.360 482.952 459.069 460.112 430.033 432.990 392.674 321.621 298.068 276.576 254.728 244.561 230.199 233.893 241.665 252.710 219.180 222.687 237.431 236.750 244.679 259.758 263.659 298.041 284.084 275.530 284.250 307.946 323.332 325.955 334.719 325.288 306.105 294.549 295.583 307.218
-999.250 -999.250 -999.250 -999.250 -999.250 -999.250 -999.250 -999.250 -999.250 -999.250 -999.250 -999.250 -999.250 -999.250 423.203 431.625 421.935 408.558 409.633 432.831 439.247 450.808 464.450 468.594 483.667 527.324 496.172 527.392 582.840 575.072 489.817 505.109 488.759 444.030 432.578 401.898 337.552 323.600 301.890 288.868 263.012 253.624 249.124 245.375 222.559 233.997 228.786 237.753 237.264 250.053 265.046 268.984 269.102 295.497 303.976 297.057 323.364 345.228 355.341 342.320 343.930 314.042 302.071 302.109 323.651
-999.250 -999.250 -999.250 -999.250 -999.250 -999.250 -999.250 -999.250 -999.250 -999.250 -999.250 -999.250 -999.250 -999.250 413.771 385.780 416.181 421.799 423.202 447.331 445.838 420.550 461.356 461.132 513.478 512.116 520.218 575.073 587.949 555.332 576.885 528.182 518.028 487.224 432.765 415.012 362.359 333.561 322.759 297.304 304.121 297.271 281.833 257.398 257.680 246.659 239.916 248.318 232.910 253.803 230.595 286.810 284.698 299.937 330.059 304.818 354.954 337.510 359.483 325.197 380.716 384.825 310.793 316.021 315.973
-999.250 -999.250 -999.250 -999.250 -999.250 -999.250 -999.250 -999.250 -999.250 -999.250 -999.250 -999.250 -999.250 -999.250 417.502 388.201 404.116 410.379 422.619 429.830 441.013 458.959 467.005 505.991 508.554 -999.250 568.965 578.095 552.548 549.858 521.143 505.547 496.369 461.745 442.272 391.316 378.631 342.980 359.503 333.814 294.735 280.785 294.062 276.104 269.358 251.624 241.211 240.063 232.742 255.155 275.303 274.249 281.903 306.974 328.469 316.052 351.798 370.999 366.166 346.274 363.082 345.682 344.911 350.352 302.003
