data/medianmodel_28-Sep-2020.asc
ncols	141
nrows	288
xllcorner	-120191.398
yllcorner	-301404.813
cellsize	2000.000
NODATA_value	-999.250
[rows 30 to 59 of 288, columns 67 to 133 of 141]
0.000 0.000 0.000 0.000 2.736 6.771 10.181 17.524 25.343 29.851 38.331 45.666 54.284 57.756 62.525 65.009 64.065 65.482 60.922 63.339 59.948 54.213 53.088 45.329 37.658 32.015 29.321 27.244 22.701 20.748 17.899 16.495 16.233 17.503 19.960 21.900 26.191 30.952 37.134 51.990 70.477 83.202 95.686 124.345 152.872 172.999 206.727 236.280 301.051 305.288 358.177 396.870 513.916 688.543 664.753 785.845 910.977 956.352 1017.015 1048.950 1093.711 1023.850 923.249 752.070 606.169 484.355 365.211
0.000 0.000 0.000 0.000 0.000 4.114 8.039 13.148 21.435 31.660 38.047 49.514 57.067 62.245 64.093 64.840 68.136 65.466 63.151 62.694 55.856 52.244 51.712 39.700 37.942 34.337 28.485 25.718 23.451 22.941 19.419 19.779 17.475 18.076 20.579 22.646 26.761 31.231 36.105 52.405 70.186 92.885 103.136 130.801 158.575 173.199 246.787 273.102 282.099 299.559 347.990 414.389 552.128 646.432 697.616 709.809 836.666 961.498 984.599 1008.615 1022.310 978.949 874.364 679.434 515.574 427.511 316.098
0.000 0.000 0.000 0.000 0.000 1.604 4.342 11.049 20.338 28.354 40.230 49.900 56.656 64.176 66.908 70.474 72.990 68.518 62.525 58.228 58.553 52.425 51.020 44.138 41.656 30.837 27.694 23.797 20.804 20.556 18.197 21.142 19.932 22.524 22.827 19.545 24.574 30.193 37.166 51.935 68.553 91.406 108.059 129.299 171.034 180.875 189.421 263.912 290.225 274.713 331.691 407.587 530.239 622.765 687.599 776.181 884.206 882.131 901.068 954.897 960.403 904.680 750.021 636.122 491.495 345.052 269.422
0.000 0.000 0.000 0.000 0.000 0.000 0.300 9.021 17.975 26.732 38.938 50.318 57.123 65.247 70.346 74.279 77.352 73.626 66.890 62.800 58.294 58.972 52.291 44.641 37.671 32.489 27.989 25.324 22.799 23.090 21.098 21.477 19.900 22.289 26.253 20.558 24.768 27.272 34.501 51.710 69.393 96.445 103.397 125.134 152.323 169.866 193.123 236.506 272.398 315.212 354.319 448.160 498.688 512.205 660.530 751.533 785.862 829.790 814.181 812.766 775.557 790.703 659.400 506.121 383.675 293.749 236.273
0.000 0.000 0.000 0.000 0.000 0.000 0.000 7.949 16.037 25.597 33.867 42.664 61.193 68.213 80.196 78.131 73.669 68.748 68.295 60.824 57.326 60.060 52.496 47.130 37.438 33.183 28.418 27.195 25.990 22.174 22.141 23.780 22.464 20.930 22.119 23.702 22.731 24.049 30.806 41.584 62.019 78.490 92.092 106.778 113.849 149.607 171.035 199.822 275.159 297.074 335.194 437.264 449.640 517.307 562.865 589.139 611.603 699.616 696.978 682.961 653.928 651.049 530.475 425.613 320.733 235.176 170.635
0.000 0.000 0.000 0.000 0.000 0.000 0.000 8.183 14.563 24.239 35.395 48.152 59.718 70.337 83.605 83.319 69.963 70.044 71.798 59.899 57.439 54.819 51.841 43.529 35.560 33.527 30.298 28.508 26.594 24.209 24.823 23.760 23.903 21.709 20.269 20.040 18.599 18.391 21.388 28.514 41.624 61.593 80.740 91.012 109.759 118.867 157.011 191.825 244.092 276.097 316.923 343.462 431.356 423.099 530.706 528.350 553.520 540.608 567.773 522.776 532.369 487.355 441.856 316.151 289.502 184.620 122.140
0.000 0.000 0.000 0.000 0.000 0.000 1.853 8.080 16.132 22.966 34.641 45.197 57.717 66.452 73.058 75.666 70.698 69.712 65.478 63.988 61.801 53.840 53.881 45.258 38.745 35.169 30.548 30.513 26.322 28.301 26.741 26.251 27.581 22.094 19.014 15.645 13.994 14.952 14.988 21.448 32.886 48.640 59.489 79.413 95.519 105.394 133.316 172.665 192.297 218.973 278.564 287.655 302.835 356.254 471.105 456.592 434.965 403.329 464.617 467.845 473.377 358.468 295.491 254.708 197.457 153.207 92.313
0.000 0.000 0.000 0.000 0.000 0.000 4.125 9.771 16.758 26.290 31.707 41.871 53.348 65.136 65.629 71.939 69.229 65.869 62.663 64.995 61.401 55.070 49.136 44.133 40.576 36.062 32.756 30.952 27.809 25.490 25.023 25.206 23.076 21.099 17.146 11.513 11.396 8.146 9.761 13.433 22.460 29.738 38.606 62.797 77.823 92.819 124.040 151.612 173.526 187.614 212.507 233.854 277.544 361.640 348.268 344.174 357.406 369.377 344.743 331.089 332.831 287.587 254.309 197.958 161.506 114.042 70.095
0.000 0.011 1.195 0.000 0.000 0.000 7.259 12.797 16.233 23.422 31.742 38.288 52.580 58.087 59.680 62.512 65.134 65.974 62.723 62.627 60.675 54.288 48.941 42.857 35.301 37.297 36.699 33.677 31.316 29.191 25.706 23.055 19.790 16.541 13.311 10.076 7.345 2.868 0.861 2.498 9.650 16.341 27.632 36.699 56.879 70.172 101.323 121.777 150.846 156.359 168.697 209.937 239.680 252.576 283.098 285.904 279.779 299.348 304.848 306.346 273.148 241.498 212.584 157.288 123.261 79.272 45.839
0.856 3.374 2.942 0.837 2.749 6.955 10.326 14.804 19.143 25.659 30.133 38.861 49.001 56.704 58.022 60.921 58.711 59.094 57.078 57.831 56.987 54.239 49.982 45.370 39.855 37.076 35.249 33.519 31.218 29.418 24.703 22.766 16.664 14.427 9.529 4.870 1.009 0.000 0.000 0.000 0.000 8.076 17.995 28.258 44.504 59.478 83.102 98.945 116.804 137.897 155.652 183.684 176.908 216.161 217.313 237.688 237.625 263.706 241.206 250.906 242.554 192.545 164.378 110.096 79.712 54.199 27.663
8.924 9.105 8.773 9.661 9.479 11.287 12.389 15.353 18.740 27.428 32.053 39.328 46.355 55.625 56.025 55.801 52.614 55.368 54.247 54.084 54.471 54.915 49.319 44.816 36.904 35.085 33.369 30.623 29.885 26.845 21.744 17.343 15.634 13.220 8.521 3.683 0.000 0.000 0.000 0.000 0.000 0.000 9.323 16.435 28.864 49.387 63.584 74.989 103.013 106.146 118.852 150.661 160.514 153.176 170.041 189.012 185.811 177.084 171.801 176.609 167.446 154.067 108.507 85.241 58.733 34.273 14.377
14.397 12.116 11.239 11.701 10.474 13.121 14.472 15.935 21.851 25.310 30.953 36.964 44.243 46.740 46.596 50.245 47.076 46.641 47.521 52.839 46.433 47.480 44.507 43.779 36.871 34.075 33.188 31.853 27.112 25.640 20.566 15.998 14.672 13.678 9.174 5.837 0.000 0.000 0.000 0.000 0.000 0.000 0.775 10.742 23.576 31.943 46.474 60.823 80.810 89.543 95.567 115.344 114.661 107.285 128.580 142.604 153.073 147.212 151.048 146.843 125.667 102.721 75.476 58.473 32.552 15.790 1.247
15.336 14.137 15.868 13.622 12.734 16.415 15.583 19.619 21.203 26.226 28.808 34.010 37.635 36.995 42.465 43.203 41.931 39.264 42.793 39.538 35.921 37.979 37.134 37.963 32.887 37.241 32.361 30.216 27.179 23.884 22.219 18.050 16.618 14.906 12.152 7.001 2.242 0.000 0.000 0.000 0.000 0.000 0.000 6.559 15.181 28.250 34.959 57.038 62.846 67.038 72.243 79.277 91.140 86.022 92.901 92.906 106.051 102.709 104.951 98.118 82.043 64.309 50.687 30.127 12.147 -999.250 -999.250
17.276 17.394 18.949 21.160 16.910 17.347 19.290 21.645 22.303 27.127 28.995 30.139 30.904 35.520 36.017 37.062 33.347 32.490 32.750 31.699 30.640 30.556 29.487 30.723 32.358 31.987 32.126 29.671 27.714 25.855 21.817 21.539 19.099 15.320 13.927 10.081 4.453 1.930 0.000 0.000 0.000 0.000 0.000 7.462 17.087 26.980 30.656 41.385 54.244 57.934 63.249 65.868 67.172 61.109 75.095 69.996 76.484 75.047 74.702 63.004 58.080 33.747 26.465 15.326 0.000 0.000 -999.250
25.493 26.129 24.121 23.551 24.505 21.771 22.203 22.776 24.692 26.040 26.106 28.075 28.167 30.849 31.892 31.601 31.336 26.369 26.677 25.588 26.204 25.715 25.156 26.877 29.017 29.605 28.505 29.930 29.330 25.769 23.355 20.003 20.178 18.091 16.371 13.394 7.795 2.905 0.000 0.000 0.000 0.000 2.131 12.848 21.835 29.964 37.096 49.084 51.719 59.782 59.758 55.955 56.686 45.430 50.477 53.576 61.401 59.246 57.436 45.404 31.147 23.044 14.054 1.606 -999.250 -999.250 -999.250
28.043 31.108 28.128 27.951 26.950 28.349 25.307 23.532 23.711 24.982 24.286 25.050 23.453 25.716 25.765 25.851 25.363 24.466 20.601 16.028 18.756 18.509 19.791 22.165 25.570 26.987 27.300 28.332 28.373 25.233 24.468 24.058 23.111 21.593 20.728 16.349 14.239 7.075 2.627 2.037 8.288 9.541 12.854 20.115 30.572 36.422 48.974 60.318 60.019 67.903 61.475 57.227 53.072 35.748 39.942 47.161 45.566 51.809 44.656 38.496 27.990 19.391 10.875 0.000 -999.250 -999.250 -999.250
40.107 39.332 35.616 30.842 30.806 28.819 24.865 25.475 23.112 26.020 21.884 18.697 20.952 20.543 20.417 21.694 21.777 18.854 14.324 11.601 10.707 9.620 12.056 14.960 22.890 25.191 26.694 26.197 27.182 26.168 24.348 24.685 24.290 25.715 25.124 20.845 14.342 10.091 10.224 10.934 15.379 20.681 25.164 31.724 39.404 55.913 63.379 75.920 82.615 76.986 71.777 68.239 62.140 54.512 54.543 52.324 51.631 47.615 37.822 33.912 28.888 19.418 11.793 -999.250 -999.250 -999.250 -999.250
54.001 48.492 47.720 40.043 35.720 31.289 25.840 22.095 19.769 17.942 17.053 13.546 14.655 16.219 20.287 18.935 18.524 13.733 11.846 8.123 0.137 0.000 2.358 11.986 15.645 19.760 24.654 27.402 28.926 27.509 25.004 22.795 24.651 27.204 33.091 24.606 18.152 13.627 15.178 17.560 24.599 32.260 35.514 48.822 61.970 70.324 86.955 98.839 97.368 104.227 98.208 85.494 85.729 76.307 70.919 69.521 62.887 57.052 46.484 36.940 30.583 -999.250 -999.250 -999.250 -999.250 -999.250 -999.250
64.082 64.716 61.996 54.867 45.708 32.657 26.243 18.623 12.973 11.596 9.954 12.182 11.159 11.748 15.940 16.481 16.070 13.474 6.551 4.227 0.000 0.000 0.633 6.869 12.994 14.239 20.113 27.078 28.654 25.855 23.345 20.287 21.256 22.293 23.050 19.783 18.924 18.305 21.114 28.568 34.446 49.405 60.093 72.518 84.531 95.264 109.858 136.245 123.632 134.251 137.234 119.019 105.168 92.637 89.848 82.925 81.680 68.190 61.073 49.164 36.630 -999.250 -999.250 -999.250 -999.250 -999.250 -999.250
78.018 79.046 75.367 66.021 53.805 40.587 28.839 16.014 9.071 5.796 2.868 5.392 6.333 9.171 11.769 13.325 16.898 11.850 5.732 0.377 0.000 0.000 0.000 2.957 9.495 12.929 19.311 25.790 35.298 26.482 22.273 18.367 14.364 13.246 14.457 14.518 16.974 22.421 26.055 36.595 53.033 64.939 81.859 98.443 111.810 128.932 132.589 160.801 162.690 174.025 160.914 152.759 143.391 129.759 122.707 116.053 -999.250 80.527 73.270 -999.250 -999.250 -999.250 -999.250 -999.250 -999.250 -999.250 -999.250
96.867 97.357 92.020 78.458 61.704 51.155 32.019 16.191 6.256 0.686 0.426 0.507 2.017 4.880 7.853 10.538 8.680 7.199 2.028 0.453 0.000 0.000 0.000 1.050 4.980 11.420 13.450 19.178 23.450 20.554 15.957 12.657 10.899 8.260 7.657 12.844 16.222 22.940 32.891 49.855 66.177 85.502 103.864 114.579 134.365 163.573 176.070 198.725 177.589 206.938 211.861 186.912 173.009 157.224 -999.250 -999.250 -999.250 -999.250 -999.250 -999.250 -999.250 -999.250 -999.250 -999.250 -999.250 -999.250 -999.250
130.848 121.736 115.332 100.279 82.484 62.583 35.076 16.960 4.948 0.000 0.000 0.000 0.000 1.603 2.974 4.407 4.176 0.609 0.000 0.000 0.000 0.000 0.000 0.000 2.969 5.343 10.653 12.100 14.121 13.967 10.307 5.639 2.523 1.800 1.524 7.992 15.742 30.123 43.222 59.944 82.107 106.069 131.000 148.578 164.926 191.394 228.328 233.119 242.195 267.925 289.339 256.631 204.677 -999.250 -999.250 -999.250 -999.250 -999.250 -999.250 -999.250 -999.250 -999.250 -999.250 -999.250 -999.250 -999.250 -999.250
141.366 147.140 135.403 127.697 101.188 72.034 42.112 15.154 2.077 0.000 0.000 0.000 0.000 0.000 0.000 0.000 0.000 0.000 0.000 0.000 0.000 0.000 0.000 0.000 0.000 0.673 4.163 6.202 9.314 5.774 3.532 2.015 0.000 0.000 1.325 7.109 19.881 34.812 55.285 79.453 104.949 129.134 155.463 169.981 191.978 229.354 277.746 272.978 322.160 306.953 314.600 279.705 255.545 -999.250 -999.250 -999.250 -999.250 -999.250 -999.250 -999.250 -999.250 -999.250 -999.250 -999.250 -999.250 -999.250 -999.250
157.183 159.386 160.784 156.267 129.835 88.983 52.383 19.020 5.094 0.000 0.000 0.000 0.000 0.000 0.000 0.000 0.000 0.000 0.000 0.000 0.000 0.000 0.000 0.000 0.000 0.000 0.000 1.967 0.000 0.000 0.000 0.000 0.000 0.000 1.624 11.739 22.847 38.986 67.220 89.123 122.614 149.204 177.225 224.691 250.855 287.889 354.847 376.997 403.795 456.663 380.287 309.537 -999.250 -999.250 -999.250 -999.250 -999.250 -999.250 -999.250 -999.250 -999.250 -999.250 -999.250 -999.250 -999.250 -999.250 -999.250
163.915 163.965 161.373 176.589 137.341 94.131 56.604 24.931 8.261 0.000 0.000 0.000 0.000 0.000 0.000 0.000 0.000 0.000 0.000 0.000 0.000 0.000 0.000 0.000 0.000 0.000 0.000 0.000 0.000 0.000 0.000 0.000 0.000 0.000 3.921 14.499 29.285 53.578 79.101 114.494 137.482 173.522 198.579 256.945 315.378 374.080 439.916 553.507 498.494 424.186 451.685 -999.250 -999.250 -999.250 -999.250 -999.250 -999.250 -999.250 -999.250 -999.250 -999.250 -999.250 -999.250 -999.250 -999.250 -999.250 -999.250
163.694 147.307 141.161 143.484 107.995 81.346 50.004 25.727 9.429 0.000 0.000 0.000 0.000 0.000 0.000 0.000 0.000 0.000 0.000 0.000 0.000 0.000 0.000 0.000 0.000 0.000 0.000 0.000 0.000 0.000 0.000 0.000 0.000 0.000 8.332 18.275 36.275 61.126 90.649 136.443 163.416 202.231 230.185 267.365 333.484 453.195 530.263 563.190 614.139 612.509 560.461 -999.250 -999.250 -999.250 -999.250 -999.250 -999.250 -999.250 -999.250 -999.250 -999.250 -999.250 -999.250 -999.250 -999.250 -999.250 -999.250
112.847 94.763 92.241 89.122 75.294 60.778 35.414 20.526 9.652 0.000 0.000 0.000 0.000 0.000 0.000 0.000 0.000 0.000 2.618 1.958 2.349 2.345 2.166 5.165 2.412 1.673 0.000 0.000 0.000 0.000 0.000 0.000 0.000 0.633 11.569 26.670 42.568 67.689 101.521 127.759 172.689 212.445 236.070 292.881 372.358 476.692 536.201 565.487 651.883 614.626 -999.250 -999.250 -999.250 -999.250 -999.250 -999.250 -999.250 -999.250 -999.250 -999.250 -999.250 -999.250 -999.250 -999.250 -999.250 -999.250 -999.250
66.892 29.595 47.785 52.505 50.360 37.045 24.101 14.247 6.570 0.000 0.000 0.000 0.000 0.000 0.000 0.000 0.932 5.597 9.160 11.792 15.035 15.188 14.402 13.379 12.630 9.620 8.103 1.920 0.000 0.000 0.000 0.000 1.679 5.338 15.377 30.069 57.544 85.393 112.889 152.225 187.312 250.942 301.821 342.484 467.948 511.199 621.925 580.758 697.392 644.753 -999.250 -999.250 -999.250 -999.250 -999.250 -999.250 -999.250 -999.250 -999.250 -999.250 -999.250 -999.250 -999.250 -999.250 -999.250 -999.250 -999.250
38.895 23.305 24.443 26.933 27.991 21.638 14.631 6.759 3.301 0.000 0.000 0.000 0.000 1.324 3.278 6.270 8.965 14.721 21.089 24.641 27.991 29.601 26.447 25.140 24.126 21.164 14.749 12.670 7.693 5.773 3.846 5.605 9.398 16.932 25.583 42.841 64.847 97.252 133.554 169.995 197.894 270.305 350.194 424.342 456.386 562.846 593.947 602.794 571.238 621.847 -999.250 -999.250 -999.250 -999.250 -999.250 -999.250 -999.250 -999.250 -999.250 -999.250 -999.250 -999.250 -999.250 -999.250 -999.250 -999.250 -999.250
24.952 14.716 13.841 13.439 11.353 9.848 4.517 3.094 0.000 0.000 0.000 0.241 5.397 9.811 13.011 16.750 20.954 29.457 35.982 47.414 48.167 48.990 41.946 39.275 36.159 30.799 24.788 21.691 18.438 15.759 15.991 14.776 22.359 28.006 36.906 58.637 84.566 104.944 151.258 165.826 204.522 276.025 365.760 478.112 471.987 486.470 512.110 547.567 551.257 -999.250 -999.250 -999.250 -999.250 -999.250 -999.250 -999.250 -999.250 -999.250 -999.250 -999.250 -999.250 -999.250 -999.250 -999.250 -999.250 -999.250 -999.250
