data/medianmodel_19-Jul-2020.asc
ncols	141
nrows	288
xllcorner	-120191.398
yllcorner	-301404.813
cellsize	2000.000
NODATA_value	-999.250
[rows 186 to 216 of 288, columns 0 to 69 of 141]
96.047 96.577 103.761 97.689 107.509 110.488 112.168 124.849 130.317 147.163 139.257 141.858 140.362 135.049 135.891 120.531 105.848 98.260 -999.250 -999.250 -999.250 -999.250 -999.250 48.849 41.542 32.613 41.563 42.378 39.158 40.094 45.016 37.601 39.794 30.845 22.734 26.501 21.911 20.260 14.860 11.884 10.767 7.666 5.577 3.835 2.678 1.772 0.000 0.055 0.000 0.000 0.000 0.000 0.000 0.000 0.000 0.000 0.000 0.000 0.000 0.000 0.000 0.000 0.000 0.000 0.000 0.000 0.000 0.000 0.000 0.000
-999.250 100.957 107.474 102.723 106.996 104.623 107.943 112.558 117.558 132.874 133.623 135.077 157.518 138.121 127.192 117.815 99.349 97.856 -999.250 -999.250 -999.250 -999.250 53.121 33.588 33.960 33.449 35.132 36.992 32.842 24.547 26.734 26.643 29.868 27.737 21.248 18.741 19.365 13.998 12.401 9.861 8.593 6.426 5.274 3.729 1.734 0.112 1.885 0.000 0.000 0.000 0.000 0.000 0.000 0.000 0.000 0.000 0.000 0.000 0.000 0.000 0.000 0.000 0.000 0.000 0.000 0.000 0.000 0.000 0.000 0.000
-999.250 110.143 102.390 99.307 102.358 101.753 105.774 105.720 119.535 120.695 121.099 128.874 132.419 128.199 119.045 104.413 94.309 86.357 -999.250 -999.250 -999.250 58.624 -999.250 29.479 24.551 28.279 25.296 24.198 26.656 22.851 17.123 17.036 22.694 23.440 16.020 16.516 14.055 13.014 12.193 9.345 9.746 7.212 4.294 0.974 0.439 0.000 0.000 0.000 0.000 0.000 0.000 0.000 0.000 0.000 0.000 0.000 0.000 0.000 0.000 0.000 0.000 0.000 0.000 0.000 0.000 0.000 0.000 0.000 0.000 0.000
-999.250 93.099 106.749 98.197 95.870 96.170 95.385 99.928 112.778 109.527 111.337 110.265 123.171 119.886 109.614 96.599 91.845 -999.250 -999.250 -999.250 -999.250 56.449 36.816 27.159 26.383 18.679 20.116 18.801 20.735 17.270 15.530 13.502 17.410 14.746 15.289 15.983 11.573 10.466 9.619 9.682 8.293 6.372 5.826 1.314 0.118 0.000 0.000 0.000 0.000 0.000 0.000 0.000 0.000 0.000 0.000 0.000 0.000 0.000 0.000 0.000 0.000 0.000 0.000 0.000 0.000 0.000 0.000 0.000 0.000 0.000
-999.250 96.065 110.172 100.183 96.639 85.791 85.189 92.771 83.885 97.818 100.892 98.643 103.200 103.733 103.034 97.114 90.562 -999.250 -999.250 -999.250 73.023 50.242 34.714 28.404 22.776 20.342 15.891 18.018 25.269 16.496 12.582 10.970 12.135 13.111 13.108 10.177 10.820 8.916 8.107 7.726 5.859 3.051 2.931 0.800 0.000 0.000 0.000 0.000 0.000 0.000 0.000 0.000 0.000 0.000 0.000 0.000 0.000 0.000 0.000 0.000 0.000 0.000 0.000 0.000 0.000 0.000 0.000 0.000 0.000 0.000
-999.250 -999.250 -999.250 96.782 -999.250 -999.250 78.563 77.629 71.337 -999.250 -999.250 -999.250 90.297 94.484 -999.250 -999.250 -999.250 -999.250 -999.250 -999.250 75.218 73.465 54.946 35.292 26.709 20.139 18.280 16.307 18.232 12.871 12.106 10.031 9.710 9.991 12.397 9.209 7.978 7.313 5.967 4.899 3.928 1.066 0.045 0.000 0.000 0.000 0.000 0.000 0.000 0.000 0.000 0.000 0.000 0.000 0.000 0.000 0.000 0.000 0.000 0.000 0.000 0.000 0.000 0.000 0.000 0.000 0.000 0.000 0.000 0.000
-999.250 -999.250 -999.250 -999.250 -999.250 -999.250 -999.250 -999.250 -999.250 -999.250 -999.250 -999.250 -999.250 88.115 82.024 85.281 -999.250 -999.250 -999.250 96.840 98.897 87.319 71.259 62.418 38.703 27.303 18.165 15.416 14.019 12.974 10.866 8.056 9.934 8.893 9.883 7.310 7.343 6.126 4.975 3.631 0.826 1.185 0.000 0.000 0.000 0.000 0.000 0.000 0.000 0.000 0.000 0.000 0.000 0.000 0.000 0.000 0.000 0.000 0.000 0.000 0.000 0.000 0.000 0.000 0.000 0.000 0.000 0.000 0.000 0.000
-999.250 -999.250 -999.250 -999.250 -999.250 -999.250 -999.250 -999.250 -999.250 -999.250 -999.250 76.388 79.910 86.616 82.150 79.272 -999.250 -999.250 101.355 106.458 116.772 108.821 91.813 69.715 47.920 31.786 20.051 15.858 12.196 10.748 9.408 8.951 9.505 8.337 7.661 6.992 5.696 4.228 4.024 2.177 0.484 2.064 0.000 0.000 0.000 0.000 0.000 0.000 0.000 0.000 0.000 0.000 0.000 0.000 0.000 0.000 0.000 0.000 0.000 0.000 0.000 0.000 0.000 0.000 0.000 0.000 0.000 0.000 0.018 0.505
-999.250 -999.250 -999.250 -999.250 -999.250 -999.250 -999.250 -999.250 -999.250 -999.250 -999.250 64.885 73.840 77.234 73.116 77.195 80.616 89.578 97.904 108.288 120.170 125.763 100.650 79.584 61.745 36.002 24.895 17.812 12.804 12.041 9.339 11.576 10.979 8.422 6.871 4.515 1.091 2.101 2.938 1.427 0.855 0.000 0.000 0.000 0.000 0.000 0.000 0.000 0.000 0.000 0.000 0.000 0.000 0.000 0.000 0.000 0.000 0.000 0.000 0.000 0.000 0.000 0.000 0.000 0.000 0.286 0.383 2.179 1.272 2.088
-999.250 -999.250 -999.250 -999.250 -999.250 -999.250 -999.250 -999.250 -999.250 -999.250 -999.250 -999.250 61.996 60.927 68.310 75.328 80.476 83.066 89.596 110.342 114.358 111.589 102.087 79.812 57.437 36.181 23.836 17.953 16.945 13.519 12.029 10.547 8.931 8.798 6.152 3.937 1.191 2.376 3.906 1.727 0.762 0.000 0.000 0.000 0.000 0.000 0.000 0.000 0.000 0.000 0.000 0.000 0.000 0.000 0.000 0.000 0.000 0.000 0.000 0.000 0.000 0.000 0.000 0.000 1.192 0.666 2.987 2.321 4.051 3.061
-999.250 -999.250 -999.250 -999.250 -999.250 -999.250 -999.250 -999.250 -999.250 -999.250 -999.250 -999.250 -999.250 59.188 63.128 72.366 70.530 81.883 94.389 92.784 100.435 89.461 84.083 74.867 61.738 37.626 32.526 24.185 23.107 18.926 13.210 11.422 9.394 8.965 7.176 6.909 2.562 2.048 1.180 0.562 0.000 0.000 0.000 0.000 0.000 0.000 0.000 0.000 0.000 0.000 0.000 0.000 0.000 0.000 0.000 0.000 0.000 0.000 0.000 0.000 0.000 0.000 0.079 0.365 2.241 1.531 4.319 4.393 6.713 6.920
-999.250 -999.250 -999.250 -999.250 -999.250 -999.250 -999.250 -999.250 -999.250 -999.250 -999.250 -999.250 -999.250 50.611 61.044 65.331 61.864 66.304 72.581 73.233 77.082 79.552 69.833 66.453 63.340 48.505 37.810 32.718 22.550 26.038 17.022 13.561 10.801 8.046 8.282 3.849 3.317 3.468 2.557 0.561 0.000 0.000 0.000 0.000 0.000 0.000 0.000 0.000 0.000 0.000 0.000 0.000 0.000 0.000 0.000 0.000 0.000 0.000 0.000 0.000 0.000 0.000 0.711 1.561 3.114 3.163 5.842 7.009 7.733 9.179
-999.250 -999.250 -999.250 -999.250 -999.250 -999.250 -999.250 -999.250 -999.250 -999.250 -999.250 -999.250 -999.250 40.533 47.186 54.965 57.419 64.280 58.716 58.241 59.059 63.573 61.348 58.504 61.647 50.411 41.144 38.539 32.276 28.762 21.883 14.297 12.113 9.534 6.482 4.130 2.944 4.284 3.097 0.000 0.131 0.000 0.000 0.000 0.000 0.000 0.000 0.000 0.000 0.000 0.000 0.000 0.000 0.000 0.000 0.000 0.000 0.000 0.515 0.961 1.441 1.318 2.557 3.595 4.872 4.856 6.132 8.401 9.573 13.352
-999.250 -999.250 -999.250 -999.250 -999.250 -999.250 -999.250 -999.250 -999.250 -999.250 -999.250 -999.250 -999.250 -999.250 35.798 45.407 44.496 50.993 48.209 45.312 46.722 51.196 58.423 56.928 46.439 43.870 50.064 45.721 38.794 31.895 23.471 17.369 12.220 12.037 8.513 5.778 4.159 2.706 1.378 1.066 1.444 0.509 0.000 0.000 0.000 0.000 0.000 0.000 0.000 0.000 0.000 0.000 0.000 0.000 0.000 0.000 0.000 0.141 1.653 2.713 2.748 3.321 1.688 3.656 4.436 5.135 6.801 7.196 8.394 8.794
-999.250 -999.250 -999.250 -999.250 -999.250 -999.250 -999.250 -999.250 -999.250 -999.250 -999.250 -999.250 -999.250 -999.250 39.934 47.998 35.571 40.121 38.974 41.373 39.198 45.073 50.286 47.492 42.439 45.162 44.964 48.927 52.117 39.460 26.473 20.506 12.737 10.667 9.839 8.022 5.189 5.110 1.852 2.438 0.662 0.406 0.032 0.000 0.000 0.000 0.000 0.000 0.000 0.000 0.000 0.000 0.000 0.000 0.000 0.000 0.000 0.115 0.220 3.029 2.046 3.642 3.625 5.123 5.887 5.124 6.628 7.713 7.515 8.115
-999.250 -999.250 -999.250 -999.250 -999.250 -999.250 -999.250 -999.250 -999.250 -999.250 -999.250 -999.250 -999.250 -999.250 36.941 35.433 43.133 31.703 32.343 30.129 34.617 34.773 41.598 37.293 41.359 49.266 40.812 39.027 43.568 33.032 34.449 19.710 16.529 11.656 10.231 9.131 5.794 5.148 4.504 2.082 2.502 0.966 1.747 2.092 0.332 0.000 0.001 0.000 0.000 0.000 0.000 0.000 0.000 0.000 0.000 0.000 0.000 1.496 2.614 3.254 2.553 4.279 5.397 5.841 5.633 4.975 6.619 6.874 7.696 5.568
-999.250 -999.250 -999.250 -999.250 -999.250 -999.250 -999.250 -999.250 -999.250 -999.250 -999.250 -999.250 -999.250 -999.250 34.843 31.876 32.472 31.223 31.332 31.212 31.313 30.087 32.119 31.074 34.430 -999.250 43.142 40.566 33.919 32.678 23.816 20.369 17.144 16.887 11.248 8.403 7.750 3.433 4.411 5.425 5.039 3.760 1.011 0.320 0.002 0.000 0.000 0.369 0.017 0.000 0.000 0.000 0.000 0.000 0.000 0.000 0.000 1.091 3.382 3.782 3.048 5.910 5.816 3.299 5.040 5.723 6.507 6.913 7.391 4.716
-999.250 -999.250 -999.250 -999.250 -999.250 -999.250 -999.250 -999.250 -999.250 -999.250 -999.250 -999.250 -999.250 -999.250 31.366 29.992 30.364 30.247 27.592 34.616 32.961 32.425 29.837 -999.250 -999.250 -999.250 27.805 24.616 26.883 26.179 17.709 17.163 14.342 15.407 12.338 8.603 8.015 7.593 6.262 5.331 5.135 4.846 2.604 1.147 1.401 0.843 1.109 0.000 0.000 0.105 0.000 0.000 0.000 0.000 0.000 0.573 0.000 1.873 3.491 1.834 2.423 2.548 3.931 4.454 3.766 4.550 4.919 6.590 5.124 5.115
-999.250 -999.250 -999.250 -999.250 -999.250 -999.250 -999.250 -999.250 -999.250 -999.250 -999.250 -999.250 -999.250 33.709 33.757 38.472 34.100 37.170 29.803 27.316 26.358 26.525 -999.250 -999.250 -999.250 -999.250 -999.250 20.271 22.282 17.169 18.036 17.252 13.640 12.504 12.684 8.914 8.670 8.642 7.003 5.440 5.893 2.780 4.042 2.495 0.919 1.044 0.000 0.000 0.036 0.000 0.000 0.000 0.000 0.000 0.000 0.000 0.000 0.844 0.798 1.225 1.384 1.281 2.763 3.453 1.602 1.577 3.490 4.667 4.521 3.588
-999.250 -999.250 -999.250 -999.250 -999.250 -999.250 -999.250 -999.250 -999.250 -999.250 -999.250 -999.250 -999.250 36.036 35.761 45.013 37.650 31.507 26.022 23.016 -999.250 -999.250 -999.250 -999.250 -999.250 -999.250 -999.250 -999.250 14.984 14.003 15.094 12.514 12.862 12.605 10.823 11.555 8.913 8.044 6.344 4.764 4.824 3.133 3.497 4.010 3.255 1.973 0.944 2.428 2.220 0.504 0.760 0.056 0.000 0.000 0.000 0.000 0.084 0.090 0.491 0.000 0.016 0.706 1.140 1.464 1.849 1.174 2.615 3.526 2.076 1.935
-999.250 -999.250 -999.250 -999.250 -999.250 -999.250 -999.250 -999.250 -999.250 -999.250 -999.250 -999.250 45.909 40.135 -999.250 -999.250 -999.250 -999.250 -999.250 -999.250 -999.250 -999.250 -999.250 -999.250 -999.250 -999.250 -999.250 -999.250 -999.250 13.779 14.211 11.920 13.256 12.152 12.421 10.523 9.010 7.584 6.513 6.021 4.999 5.204 3.469 4.593 5.931 2.642 1.930 3.750 2.591 1.534 0.917 1.200 1.470 0.000 0.000 0.000 0.000 0.000 0.338 0.061 0.000 0.000 0.000 0.000 0.000 0.000 0.495 1.009 0.000 1.060
-999.250 -999.250 -999.250 -999.250 -999.250 -999.250 -999.250 -999.250 -999.250 -999.250 -999.250 -999.250 -999.250 -999.250 -999.250 -999.250 -999.250 -999.250 -999.250 -999.250 -999.250 -999.250 -999.250 -999.250 -999.250 -999.250 -999.250 -999.250 -999.250 -999.250 11.814 11.882 10.709 10.227 10.920 10.689 8.639 6.878 6.334 5.694 5.477 5.128 5.963 4.014 4.510 4.491 2.643 1.292 2.969 3.654 2.535 1.535 2.428 0.839 0.000 0.000 0.140 0.000 0.000 0.000 0.000 0.000 0.000 0.000 0.000 0.000 0.000 0.000 0.000 0.000
-999.250 -999.250 -999.250 -999.250 -999.250 -999.250 -999.250 -999.250 -999.250 -999.250 -999.250 -999.250 -999.250 -999.250 -999.250 -999.250 -999.250 -999.250 -999.250 -999.250 -999.250 -999.250 -999.250 -999.250 -999.250 -999.250 -999.250 -999.250 -999.250 -999.250 13.475 14.255 14.032 10.937 14.845 10.590 8.234 6.556 5.707 5.979 6.851 6.659 6.123 5.923 4.482 4.394 4.154 1.304 3.334 4.126 3.714 2.900 2.052 0.345 0.833 0.428 0.000 0.000 0.000 0.000 0.000 0.000 0.000 0.000 0.000 0.000 0.000 0.000 0.000 0.000
-999.250 -999.250 -999.250 -999.250 -999.250 -999.250 -999.250 -999.250 -999.250 -999.250 -999.250 -999.250 -999.250 -999.250 -999.250 -999.250 -999.250 -999.250 -999.250 -999.250 -999.250 -999.250 -999.250 -999.250 -999.250 -999.250 -999.250 -999.250 -999.250 -999.250 13.106 10.985 11.207 9.565 8.973 8.691 7.530 5.066 5.963 4.196 6.858 6.174 7.260 5.430 4.094 4.937 5.764 4.071 3.092 3.923 3.030 3.141 2.324 3.160 0.400 0.000 0.000 0.000 0.000 0.000 0.000 0.000 0.000 0.000 0.000 0.000 0.000 0.000 0.000 0.000
-999.250 -999.250 -999.250 -999.250 -999.250 -999.250 -999.250 -999.250 -999.250 -999.250 -999.250 -999.250 -999.250 -999.250 -999.250 -999.250 -999.250 -999.250 -999.250 -999.250 -999.250 -999.250 -999.250 -999.250 -999.250 -999.250 -999.250 -999.250 -999.250 -999.250 -999.250 10.531 8.751 9.553 8.349 7.296 6.715 6.000 4.282 4.433 6.150 6.513 8.577 5.793 5.076 4.675 3.959 3.219 3.756 4.359 4.193 4.582 3.886 2.368 1.288 0.142 0.000 0.000 0.000 0.000 0.000 0.000 0.000 0.000 0.000 0.000 0.000 0.000 0.000 0.000
-999.250 -999.250 -999.250 -999.250 -999.250 -999.250 -999.250 -999.250 -999.250 -999.250 -999.250 -999.250 -999.250 -999.250 -999.250 -999.250 -999.250 -999.250 -999.250 -999.250 -999.250 -999.250 -999.250 -999.250 -999.250 -999.250 -999.250 -999.250 -999.250 -999.250 -999.250 8.534 9.038 8.407 9.522 8.862 8.596 5.388 3.365 3.146 5.525 4.027 6.076 5.114 2.482 1.853 4.412 5.227 5.221 4.306 4.692 5.139 2.841 1.729 1.686 0.000 0.000 0.000 0.000 0.000 0.000 0.000 0.000 0.000 0.000 0.000 0.000 0.000 0.000 0.000
-999.250 -999.250 -999.250 -999.250 -999.250 -999.250 -999.250 -999.250 -999.250 -999.250 -999.250 -999.250 -999.250 -999.250 -999.250 -999.250 -999.250 -999.250 -999.250 -999.250 -999.250 -999.250 -999.250 -999.250 -999.250 -999.250 -999.250 -999.250 -999.250 -999.250 -999.250 7.584 8.143 7.871 9.006 8.418 8.528 5.542 4.435 2.659 4.521 2.485 3.594 3.810 4.441 2.973 2.089 4.571 3.965 3.484 5.077 4.627 4.735 3.923 3.476 0.000 0.000 0.000 0.000 0.000 0.000 0.000 0.000 0.000 0.000 0.000 0.000 0.000 0.000 0.000
-999.250 -999.250 -999.250 -999.250 -999.250 -999.250 -999.250 -999.250 -999.250 -999.250 -999.250 -999.250 -999.250 -999.250 -999.250 -999.250 -999.250 -999.250 -999.250 -999.250 -999.250 -999.250 -999.250 -999.250 -999.250 -999.250 -999.250 -999.250 -999.250 -999.250 -999.250 10.128 8.481 7.231 8.704 7.709 6.515 5.032 4.265 1.791 3.177 3.508 1.318 1.745 3.729 3.740 3.019 4.523 4.060 4.341 4.644 5.094 5.998 5.105 4.789 0.000 0.000 0.000 0.000 0.000 0.000 0.000 0.000 0.000 0.000 0.000 0.000 0.000 0.000 0.334
-999.250 -999.250 -999.250 -999.250 -999.250 -999.250 -999.250 -999.250 -999.250 -999.250 -999.250 -999.250 -999.250 -999.250 -999.250 -999.250 -999.250 -999.250 -999.250 -999.250 -999.250 -999.250 -999.250 -999.250 -999.250 -999.250 -999.250 -999.250 -999.250 -999.250 -999.250 10.391 11.023 9.596 9.684 5.932 4.761 5.188 2.697 2.208 1.828 2.267 3.091 1.584 2.388 1.157 0.589 2.115 2.097 3.622 4.800 6.589 6.397 4.644 4.393 1.726 0.000 0.000 0.000 0.000 0.000 0.000 0.000 0.000 0.000 0.000 0.000 0.874 3.141 5.836
-999.250 -999.250 -999.250 -999.250 -999.250 -999.250 -999.250 -999.250 -999.250 -999.250 -999.250 -999.250 -999.250 -999.250 -999.250 -999.250 -999.250 -999.250 -999.250 -999.250 -999.250 -999.250 -999.250 -999.250 -999.250 -999.250 -999.250 -999.250 -999.250 -999.250 -999.250 8.702 9.964 10.726 8.038 6.837 6.432 4.039 4.959 1.246 3.066 2.121 3.025 2.161 2.599 1.828 3.249 4.892 3.399 3.297 6.156 5.119 7.125 7.126 7.026 4.323 0.711 0.749 0.077 0.000 0.000 0.000 0.000 0.000 0.000 0.000 0.926 5.439 7.412 8.835
-999.250 -999.250 -999.250 -999.250 -999.250 -999.250 -999.250 -999.250 -999.250 -999.250 -999.250 -999.250 -999.250 -999.250 -999.250 -999.250 -999.250 -999.250 -999.250 -999.250 -999.250 -999.250 -999.250 -999.250 -999.250 -999.250 -999.250 -999.250 -999.250 -999.250 -999.250 7.824 10.194 10.574 6.103 5.406 4.325 2.834 2.968 1.956 2.299 2.701 1.095 3.063 2.067 3.012 1.822 4.813 6.284 7.515 6.964 7.191 8.350 8.283 6.148 6.618 4.369 5.102 3.912 1.948 0.216 0.000 0.000 0.000 0.000 0.000 3.551 7.249 11.652 12.463
