data/medianmodel_15-Jan-2021.asc
ncols	141
nrows	288
xllcorner	-120191.398
yllcorner	-301404.813
cellsize	2000.000
NODATA_value	-999.250
[rows 84 to 111 of 288, columns 0 to 63 of 141]
-999.250 -999.250 -999.250 -999.250 -999.250 -999.250 -999.250 -999.250 -999.250 -999.250 -999.250 -999.250 -999.250 -999.250 -999.250 -999.250 -999.250 -999.250 -999.250 -999.250 -999.250 -999.250 -999.250 -999.250 -999.250 -999.250 -999.250 -999.250 -999.250 -999.250 -999.250 -999.250 -999.250 1054.103 1001.202 988.108 950.236 913.551 909.836 859.434 854.799 899.498 955.864 1038.275 1030.159 1104.693 1164.374 1275.861 1311.936 1424.339 1464.764 1555.591 1629.254 1708.102 1806.163 1856.544 1837.359 1879.922 1905.368 1984.594 1804.175 1804.544 1883.325 1807.716
-999.250 -999.250 -999.250 -999.250 -999.250 -999.250 -999.250 -999.250 -999.250 -999.250 -999.250 -999.250 -999.250 -999.250 -999.250 -999.250 -999.250 -999.250 -999.250 -999.250 -999.250 -999.250 -999.250 -999.250 -999.250 -999.250 -999.250 -999.250 -999.250 -999.250 -999.250 -999.250 -999.250 991.452 963.982 888.095 861.555 815.736 854.250 864.957 897.934 938.562 993.833 1033.389 1064.665 1158.590 1199.104 1277.390 1352.356 1413.733 1480.518 1570.041 1682.077 1689.585 1726.560 1688.736 1830.060 1850.243 1859.433 1842.217 1855.391 1724.158 1752.943 1717.991
-999.250 -999.250 -999.250 -999.250 -999.250 -999.250 -999.250 -999.250 -999.250 -999.250 -999.250 -999.250 -999.250 -999.250 -999.250 -999.250 -999.250 -999.250 -999.250 -999.250 -999.250 -999.250 -999.250 -999.250 -999.250 -999.250 -999.250 -999.250 -999.250 -999.250 -999.250 -999.250 -999.250 919.317 862.317 834.565 803.805 777.299 796.398 827.666 909.618 924.765 1020.021 1038.988 1128.681 1214.781 1260.339 1331.367 1404.232 1407.242 1445.814 1517.449 1565.642 1553.630 1620.800 1727.846 1789.903 1788.927 1822.619 1815.233 1749.660 1679.099 1703.669 1687.915
-999.250 -999.250 -999.250 -999.250 -999.250 -999.250 -999.250 -999.250 -999.250 -999.250 -999.250 -999.250 -999.250 -999.250 -999.250 -999.250 -999.250 -999.250 -999.250 -999.250 -999.250 -999.250 -999.250 -999.250 -999.250 -999.250 -999.250 -999.250 -999.250 -999.250 -999.250 -999.250 -999.250 850.270 818.397 787.474 763.013 774.544 812.323 868.624 876.331 938.756 1023.498 1076.529 1159.277 1212.235 1286.111 1322.243 1356.895 1420.696 1433.058 1435.349 1478.977 1485.801 1584.157 1663.882 1673.352 1709.197 1764.934 1716.202 1716.137 1640.925 1660.724 1623.517
-999.250 -999.250 -999.250 -999.250 -999.250 -999.250 -999.250 -999.250 -999.250 -999.250 -999.250 -999.250 -999.250 -999.250 -999.250 -999.250 -999.250 -999.250 -999.250 -999.250 -999.250 -999.250 -999.250 -999.250 -999.250 -999.250 -999.250 -999.250 -999.250 -999.250 -999.250 -999.250 821.721 809.254 787.681 768.032 754.193 775.491 786.040 825.865 919.186 1016.002 1133.107 1138.789 1176.388 1244.706 1320.950 1349.438 1332.847 1419.652 1465.792 1423.213 1436.381 1485.951 1598.903 1584.973 1694.826 1643.988 1575.052 1636.680 1640.999 1567.425 1570.440 1504.194
-999.250 -999.250 -999.250 -999.250 -999.250 -999.250 -999.250 -999.250 -999.250 -999.250 -999.250 -999.250 -999.250 -999.250 -999.250 -999.250 -999.250 -999.250 -999.250 -999.250 -999.250 -999.250 -999.250 -999.250 -999.250 -999.250 -999.250 -999.250 -999.250 -999.250 -999.250 -999.250 779.397 767.423 754.179 749.449 745.044 788.663 834.388 843.373 960.722 1076.284 1157.474 1162.619 1232.985 1300.562 1334.228 1381.937 1386.916 1439.047 1460.583 1455.388 1470.032 1430.976 1523.288 1485.214 1524.384 1484.430 1500.585 1510.804 1572.426 1557.586 1565.881 1507.048
-999.250 -999.250 -999.250 -999.250 -999.250 -999.250 -999.250 -999.250 -999.250 -999.250 -999.250 -999.250 -999.250 -999.250 -999.250 -999.250 -999.250 -999.250 -999.250 -999.250 -999.250 -999.250 -999.250 -999.250 -999.250 -999.250 -999.250 -999.250 -999.250 -999.250 -999.250 -999.250 759.686 719.503 729.696 730.564 743.184 761.242 855.781 900.849 984.255 1046.833 1132.551 1203.403 1249.848 1311.238 1323.994 1401.173 1409.513 1411.868 1392.440 1405.918 1439.607 1411.892 1466.301 1431.089 1474.497 1448.781 1473.140 1440.932 1466.996 1505.980 1627.651 1508.787
-999.250 -999.250 -999.250 -999.250 -999.250 -999.250 -999.250 -999.250 -999.250 -999.250 -999.250 -999.250 -999.250 -999.250 -999.250 -999.250 -999.250 -999.250 -999.250 -999.250 -999.250 -999.250 -999.250 -999.250 -999.250 -999.250 -999.250 -999.250 -999.250 -999.250 -999.250 -999.250 699.669 720.460 725.085 728.701 732.827 774.455 861.825 952.250 1026.721 1075.910 1172.276 1243.233 1329.803 1342.462 1360.780 1385.930 1408.822 1420.213 1422.860 1434.007 1424.274 1400.596 1419.927 1376.570 1391.876 1413.408 1425.375 1422.114 1412.104 1473.012 1487.865 1470.098
-999.250 -999.250 -999.250 -999.250 -999.250 -999.250 -999.250 -999.250 -999.250 -999.250 -999.250 -999.250 -999.250 -999.250 -999.250 -999.250 -999.250 -999.250 -999.250 -999.250 -999.250 -999.250 -999.250 -999.250 -999.250 -999.250 -999.250 -999.250 -999.250 -999.250 -999.250 695.176 716.584 699.224 726.469 731.842 752.849 853.159 879.242 987.162 1049.189 1120.212 1217.211 1286.469 1316.647 1357.748 1367.851 1417.669 1419.193 1423.110 1438.140 1435.482 1362.106 1365.859 1353.200 1358.350 1356.154 1304.482 1359.395 1379.178 1372.460 1409.272 1419.549 1433.606
-999.250 -999.250 -999.250 -999.250 -999.250 -999.250 -999.250 -999.250 -999.250 -999.250 -999.250 -999.250 -999.250 -999.250 -999.250 -999.250 -999.250 -999.250 -999.250 -999.250 -999.250 -999.250 -999.250 -999.250 -999.250 -999.250 -999.250 -999.250 -999.250 -999.250 -999.250 658.102 677.223 709.776 715.098 735.121 785.172 843.223 942.117 1023.643 1091.438 1198.782 1247.889 1311.454 1362.196 1410.644 1449.116 1490.607 1474.014 1463.171 1437.380 1386.931 1371.893 1358.418 1326.930 1252.801 1248.541 1201.682 1233.732 1253.749 1291.262 1348.440 1372.614 1361.626
-999.250 -999.250 -999.250 -999.250 -999.250 -999.250 -999.250 -999.250 -999.250 -999.250 -999.250 -999.250 -999.250 -999.250 -999.250 -999.250 -999.250 -999.250 -999.250 -999.250 -999.250 -999.250 -999.250 -999.250 -999.250 -999.250 -999.250 -999.250 -999.250 -999.250 -999.250 661.260 678.142 690.417 701.465 737.032 799.309 891.683 984.892 1039.237 1144.982 1243.397 1300.562 1346.248 1413.113 1439.084 1511.293 1541.300 1473.671 1468.389 1407.305 1391.527 1362.229 1326.739 1275.727 1260.057 1177.683 1170.567 1125.574 1178.352 1245.055 1326.623 1384.332 1430.120
-999.250 -999.250 -999.250 -999.250 -999.250 -999.250 -999.250 -999.250 -999.250 -999.250 -999.250 -999.250 -999.250 -999.250 -999.250 -999.250 -999.250 -999.250 -999.250 -999.250 -999.250 -999.250 -999.250 -999.250 -999.250 -999.250 -999.250 -999.250 -999.250 -999.250 -999.250 678.775 679.552 685.789 701.487 783.258 814.518 927.237 1040.403 1106.923 1171.550 1240.237 1294.866 1403.594 1492.533 1475.917 1611.060 1586.692 1527.077 1460.761 1464.811 1397.078 1358.119 1306.494 1267.340 1216.077 1141.736 1115.476 1086.824 1096.432 1230.578 1345.185 1402.487 1505.918
-999.250 -999.250 -999.250 -999.250 -999.250 -999.250 -999.250 -999.250 -999.250 -999.250 -999.250 -999.250 -999.250 -999.250 -999.250 -999.250 -999.250 -999.250 -999.250 -999.250 -999.250 -999.250 -999.250 -999.250 -999.250 -999.250 -999.250 -999.250 -999.250 -999.250 647.012 670.302 694.900 718.509 757.486 779.107 874.549 980.864 1049.655 1141.740 1213.500 1266.589 1348.248 1406.341 1510.872 1610.811 1636.197 1668.625 1571.455 1551.351 1471.235 1430.827 1362.598 1323.288 1260.937 1156.940 1137.424 1081.975 1034.463 1042.862 1224.122 1424.040 1545.375 1689.216
-999.250 -999.250 -999.250 -999.250 -999.250 -999.250 -999.250 -999.250 -999.250 -999.250 -999.250 -999.250 -999.250 -999.250 -999.250 -999.250 -999.250 -999.250 -999.250 -999.250 -999.250 -999.250 -999.250 -999.250 -999.250 -999.250 -999.250 -999.250 -999.250 -999.250 681.295 698.078 700.278 716.057 769.006 831.427 910.286 1002.267 1064.111 1129.781 1220.395 1329.508 1374.649 1438.457 1517.592 1618.436 1782.666 1711.629 1719.394 1565.117 1499.758 1434.947 1387.936 1315.704 1280.988 1219.817 1146.871 1090.314 1080.271 1145.964 1297.725 1508.362 1709.926 1896.027
-999.250 -999.250 -999.250 -999.250 -999.250 -999.250 -999.250 -999.250 -999.250 -999.250 -999.250 -999.250 -999.250 -999.250 -999.250 -999.250 -999.250 -999.250 -999.250 -999.250 -999.250 -999.250 -999.250 -999.250 -999.250 -999.250 -999.250 -999.250 -999.250 -999.250 700.115 676.247 706.710 732.942 770.220 813.054 874.108 991.628 1086.783 1164.423 1254.334 1299.562 1336.317 1398.191 1499.705 1630.108 1765.827 1746.894 1680.699 1654.217 1542.929 1486.555 1446.688 1397.907 1347.936 1325.928 1232.086 1135.976 1179.335 1312.057 1417.485 1626.471 1838.817 2149.894
-999.250 -999.250 -999.250 -999.250 -999.250 -999.250 -999.250 -999.250 -999.250 -999.250 -999.250 -999.250 -999.250 -999.250 -999.250 -999.250 -999.250 -999.250 -999.250 -999.250 -999.250 -999.250 -999.250 -999.250 -999.250 -999.250 -999.250 -999.250 -999.250 -999.250 683.594 722.449 736.657 786.474 803.236 823.164 872.695 978.556 1061.365 1146.195 1268.173 1295.454 1362.875 1386.885 1468.914 1603.700 1638.480 1667.881 1710.278 1672.651 1613.522 1514.692 1540.204 1511.048 1496.170 1464.017 1405.538 1336.681 1331.617 1407.000 1542.212 1743.197 1921.202 2137.177
-999.250 -999.250 -999.250 -999.250 -999.250 -999.250 -999.250 -999.250 -999.250 -999.250 -999.250 -999.250 -999.250 -999.250 -999.250 -999.250 -999.250 -999.250 -999.250 -999.250 -999.250 -999.250 -999.250 -999.250 -999.250 -999.250 -999.250 -999.250 -999.250 691.534 682.432 680.099 746.841 763.564 792.226 819.118 889.183 935.386 1044.971 1105.326 1181.889 1271.226 1282.478 1399.575 1447.942 1496.468 1584.140 1591.136 1660.175 1696.649 1685.184 1729.551 1620.747 1647.303 1622.095 1615.317 1540.443 1501.780 1517.677 1538.888 1661.456 1873.902 1843.662 2030.914
-999.250 -999.250 -999.250 -999.250 -999.250 -999.250 -999.250 -999.250 -999.250 -999.250 -999.250 -999.250 -999.250 -999.250 -999.250 -999.250 -999.250 -999.250 -999.250 -999.250 -999.250 -999.250 -999.250 -999.250 -999.250 -999.250 -999.250 -999.250 -999.250 701.115 703.782 703.010 745.955 801.960 812.443 844.141 867.261 927.794 1001.507 1037.530 1099.527 1227.738 1260.665 1335.546 1372.211 1433.378 1499.583 1536.360 1724.419 1709.629 1734.208 1839.733 1777.598 1820.900 1839.309 1816.192 1722.953 1694.489 1649.886 1728.743 1739.738 1785.448 1918.867 1881.545
-999.250 -999.250 -999.250 -999.250 -999.250 -999.250 -999.250 -999.250 -999.250 -999.250 -999.250 -999.250 -999.250 -999.250 -999.250 -999.250 -999.250 -999.250 -999.250 -999.250 -999.250 -999.250 -999.250 -999.250 -999.250 -999.250 -999.250 -999.250 -999.250 741.119 737.375 736.561 755.496 812.284 805.530 770.184 807.484 894.231 975.830 1025.540 1099.228 1139.554 1180.073 1275.464 1316.329 1360.678 1472.063 1566.087 1625.688 1659.347 1753.621 1852.872 1938.181 2073.901 2004.804 2008.905 1952.300 1855.246 1901.104 1836.734 1793.832 1867.354 1901.195 1846.627
-999.250 -999.250 -999.250 -999.250 -999.250 -999.250 -999.250 -999.250 -999.250 -999.250 -999.250 -999.250 -999.250 -999.250 -999.250 -999.250 -999.250 -999.250 -999.250 -999.250 -999.250 -999.250 -999.250 -999.250 -999.250 -999.250 -999.250 -999.250 -999.250 784.552 744.924 723.288 759.511 759.522 757.466 772.877 789.640 820.558 885.733 931.217 1001.253 1086.646 1153.547 1140.301 1260.600 1312.269 1383.484 1501.998 1606.978 1697.071 1798.546 1910.369 2042.748 2206.251 2123.342 2252.782 2238.598 2163.670 2099.220 1960.735 1890.948 1961.984 1857.431 1788.434
-999.250 -999.250 -999.250 -999.250 -999.250 -999.250 -999.250 -999.250 -999.250 -999.250 -999.250 -999.250 -999.250 -999.250 -999.250 -999.250 -999.250 -999.250 -999.250 -999.250 -999.250 -999.250 -999.250 -999.250 -999.250 -999.250 -999.250 -999.250 750.480 757.539 735.283 765.470 752.343 752.207 725.021 761.833 758.641 775.456 779.394 852.140 936.279 1012.120 1069.128 1141.000 1195.757 1242.132 1341.659 1405.572 1555.825 1636.298 1864.014 2034.666 2157.172 2326.696 2477.854 2523.794 2425.565 2317.653 2168.642 2069.629 1910.147 1889.314 1840.598 1769.138
-999.250 -999.250 -999.250 -999.250 -999.250 -999.250 -999.250 -999.250 -999.250 -999.250 -999.250 -999.250 -999.250 -999.250 -999.250 -999.250 -999.250 -999.250 -999.250 -999.250 -999.250 -999.250 -999.250 -999.250 -999.250 -999.250 -999.250 -999.250 724.753 740.472 738.334 755.251 737.475 761.657 723.107 771.047 740.582 738.712 764.732 837.568 844.313 940.955 1016.667 1082.305 1165.239 1217.398 1262.615 1413.848 1603.507 1779.116 1968.799 2078.457 2221.897 2443.256 2582.403 2663.931 2530.284 2439.678 2303.928 2083.529 1915.966 1806.526 1750.565 1687.157
-999.250 -999.250 -999.250 -999.250 -999.250 -999.250 -999.250 -999.250 -999.250 -999.250 -999.250 -999.250 -999.250 -999.250 -999.250 -999.250 -999.250 -999.250 -999.250 -999.250 -999.250 -999.250 -999.250 -999.250 -999.250 -999.250 -999.250 745.755 752.665 734.624 733.539 737.654 739.330 763.222 745.755 720.266 721.292 727.929 721.535 767.628 859.255 893.762 998.010 1041.429 1093.099 1200.733 1274.555 1402.822 1533.879 1646.941 1855.042 2084.417 2258.847 2614.541 2759.476 2858.401 2604.998 2381.251 2255.738 2198.507 2001.204 1875.714 1644.904 1546.196
-999.250 -999.250 -999.250 -999.250 -999.250 -999.250 -999.250 -999.250 -999.250 -999.250 -999.250 -999.250 -999.250 -999.250 -999.250 -999.250 -999.250 -999.250 -999.250 -999.250 -999.250 -999.250 -999.250 -999.250 -999.250 -999.250 -999.250 749.525 773.934 718.158 695.288 727.007 740.491 738.469 764.465 721.937 712.273 702.419 697.895 740.820 763.666 846.648 919.434 1010.010 1102.699 1165.059 1292.412 1346.795 1514.662 1641.817 1824.775 2081.717 2352.317 2675.702 3084.018 2901.390 2654.128 2415.470 2394.602 2305.303 2134.867 2026.402 1745.939 1425.458
-999.250 -999.250 -999.250 -999.250 -999.250 -999.250 -999.250 -999.250 -999.250 -999.250 -999.250 -999.250 -999.250 -999.250 -999.250 -999.250 -999.250 -999.250 -999.250 -999.250 -999.250 -999.250 -999.250 -999.250 -999.250 -999.250 -999.250 751.603 742.893 714.363 741.797 740.617 718.558 723.911 731.697 719.283 717.202 680.546 716.454 743.288 775.689 837.186 928.792 1004.176 1056.274 1136.981 1224.157 1320.997 1478.514 1563.575 1757.426 1974.496 2077.641 2385.664 2657.209 2649.658 2545.459 2457.776 2433.456 2400.919 2278.451 2234.289 1970.928 1756.745
-999.250 -999.250 -999.250 -999.250 -999.250 -999.250 -999.250 -999.250 -999.250 -999.250 -999.250 -999.250 -999.250 -999.250 -999.250 -999.250 -999.250 -999.250 -999.250 -999.250 -999.250 -999.250 -999.250 -999.250 -999.250 -999.250 -999.250 775.365 760.619 740.022 745.570 730.075 720.201 720.569 692.656 700.077 696.450 630.089 722.495 707.854 753.671 802.486 909.101 999.711 1069.406 1113.707 1194.901 1293.647 1398.276 1530.205 1566.494 1795.216 1898.650 2061.741 2167.695 2260.298 2305.966 2326.720 2338.866 2458.383 2711.148 2506.380 2236.582 2142.629
-999.250 -999.250 -999.250 -999.250 -999.250 -999.250 -999.250 -999.250 -999.250 -999.250 -999.250 -999.250 -999.250 -999.250 -999.250 -999.250 -999.250 -999.250 -999.250 -999.250 -999.250 -999.250 -999.250 -999.250 -999.250 -999.250 -999.250 -999.250 756.410 749.872 755.117 753.976 736.225 707.501 689.470 675.903 671.386 675.420 683.537 709.008 710.736 777.177 907.987 966.281 1070.037 1158.453 1228.565 1305.894 1421.894 1483.198 1522.590 1622.125 1658.119 1743.266 1857.233 1860.117 1902.548 2069.330 2491.820 2688.453 2966.449 2794.716 2531.137 2359.204
-999.250 -999.250 -999.250 -999.250 -999.250 -999.250 -999.250 -999.250 -999.250 -999.250 -999.250 -999.250 -999.250 -999.250 -999.250 -999.250 -999.250 -999.250 -999.250 -999.250 -999.250 -999.250 -999.250 -999.250 -999.250 -999.250 -999.250 -999.250 800.364 784.584 757.203 751.643 745.658 736.933 693.329 667.712 659.274 691.861 708.877 701.376 719.424 807.489 913.526 973.250 1061.703 1149.218 1162.608 1272.662 1327.304 1422.493 1470.072 1503.750 1468.897 1434.428 1380.953 1380.443 1512.067 1920.792 2207.076 2639.670 3232.589 2931.360 2762.948 2564.154
