data/medianmodel_09-Apr-2020.asc
ncols	141
nrows	288
xllcorner	-120191.398
yllcorner	-301404.813
cellsize	2000.000
NODATA_value	-999.250
[rows 240 to 269 of 288, columns 0 to 67 of 141]
-999.250 -999.250 -999.250 -999.250 -999.250 -999.250 -999.250 -999.250 -999.250 -999.250 -999.250 -999.250 -999.250 -999.250 -999.250 -999.250 -999.250 -999.250 -999.250 -999.250 -999.250 -999.250 -999.250 -999.250 -999.250 -999.250 -999.250 -999.250 -999.250 -999.250 15.024 14.230 14.239 17.933 17.819 17.496 18.338 20.841 20.764 24.934 25.271 25.427 32.093 26.255 27.037 27.967 26.858 21.486 21.766 24.403 24.552 23.660 22.401 17.399 17.604 15.711 15.551 15.564 13.914 16.544 13.207 12.109 11.963 12.346 12.818 14.663 16.892 14.607
-999.250 -999.250 -999.250 -999.250 -999.250 -999.250 -999.250 -999.250 -999.250 -999.250 -999.250 -999.250 -999.250 -999.250 -999.250 -999.250 -999.250 -999.250 -999.250 -999.250 -999.250 -999.250 -999.250 -999.250 -999.250 -999.250 -999.250 -999.250 -999.250 -999.250 15.899 12.988 12.764 14.764 21.016 19.894 22.130 23.656 22.844 21.853 25.714 27.285 24.440 24.305 25.460 27.188 24.587 23.288 24.604 23.276 21.912 19.076 17.812 16.518 15.464 12.390 14.549 12.931 13.489 12.710 12.437 12.390 10.512 13.411 14.246 14.571 11.898 14.292
-999.250 -999.250 -999.250 -999.250 -999.250 -999.250 -999.250 -999.250 -999.250 -999.250 -999.250 -999.250 -999.250 -999.250 -999.250 -999.250 -999.250 -999.250 -999.250 -999.250 -999.250 -999.250 -999.250 -999.250 -999.250 -999.250 -999.250 -999.250 -999.250 -999.250 13.491 14.252 15.047 15.306 19.224 20.171 23.281 22.453 22.380 23.653 22.681 26.083 27.029 24.290 22.601 24.124 18.116 21.931 22.888 22.247 23.395 16.203 17.415 15.804 15.280 15.031 14.531 12.370 10.197 9.493 11.699 10.449 10.172 14.323 13.876 13.215 14.924 15.641
-999.250 -999.250 -999.250 -999.250 -999.250 -999.250 -999.250 -999.250 -999.250 -999.250 -999.250 -999.250 -999.250 -999.250 -999.250 -999.250 -999.250 -999.250 -999.250 -999.250 -999.250 -999.250 -999.250 -999.250 -999.250 -999.250 -999.250 -999.250 -999.250 -999.250 13.036 12.976 16.456 16.170 16.972 20.866 23.718 26.701 26.022 24.181 24.636 21.485 22.721 20.926 22.283 20.830 21.761 19.270 19.994 19.943 21.336 19.956 16.771 16.505 14.771 13.992 12.838 12.188 10.454 8.727 7.375 11.133 9.832 11.442 13.854 18.356 16.416 17.076
-999.250 -999.250 -999.250 -999.250 -999.250 -999.250 -999.250 -999.250 -999.250 -999.250 -999.250 -999.250 -999.250 -999.250 -999.250 -999.250 -999.250 -999.250 -999.250 -999.250 -999.250 -999.250 -999.250 -999.250 -999.250 -999.250 -999.250 -999.250 -999.250 -999.250 14.767 17.157 15.331 16.896 17.651 22.600 24.424 24.465 23.921 25.829 22.701 25.277 21.711 23.071 20.896 21.863 19.509 21.113 17.513 21.069 20.209 19.959 17.617 16.599 13.989 13.222 12.437 11.788 8.184 5.934 3.203 5.993 7.748 11.196 16.138 17.773 17.058 17.174
-999.250 -999.250 -999.250 -999.250 -999.250 -999.250 -999.250 -999.250 -999.250 -999.250 -999.250 -999.250 -999.250 -999.250 -999.250 -999.250 -999.250 -999.250 -999.250 -999.250 -999.250 -999.250 -999.250 -999.250 -999.250 -999.250 -999.250 -999.250 -999.250 -999.250 -999.250 15.144 15.347 18.745 17.743 22.208 23.248 21.034 22.199 23.474 20.893 23.603 21.593 21.261 21.069 21.913 20.038 20.552 16.798 18.839 17.360 18.497 18.058 14.249 13.446 11.181 11.320 10.058 9.585 7.362 3.863 0.000 6.805 11.798 13.450 16.401 16.387 16.601
-999.250 -999.250 -999.250 -999.250 -999.250 -999.250 -999.250 -999.250 -999.250 -999.250 -999.250 -999.250 -999.250 -999.250 -999.250 -999.250 -999.250 -999.250 -999.250 -999.250 -999.250 -999.250 -999.250 -999.250 -999.250 -999.250 -999.250 -999.250 -999.250 -999.250 -999.250 16.864 17.876 18.682 17.524 19.276 22.402 17.914 21.230 21.923 21.067 22.428 24.033 22.193 22.460 22.682 19.741 17.573 18.665 20.929 17.757 16.789 16.320 17.351 12.364 11.445 11.123 10.728 8.280 7.147 7.531 4.346 9.183 12.582 12.161 14.031 13.911 16.408
-999.250 -999.250 -999.250 -999.250 -999.250 -999.250 -999.250 -999.250 -999.250 -999.250 -999.250 -999.250 -999.250 -999.250 -999.250 -999.250 -999.250 -999.250 -999.250 -999.250 -999.250 -999.250 -999.250 -999.250 -999.250 -999.250 -999.250 -999.250 -999.250 -999.250 18.822 15.577 16.559 18.905 19.820 19.581 19.583 19.716 17.326 17.991 20.907 21.705 20.993 20.784 20.042 21.119 18.507 16.777 18.252 18.335 17.669 15.896 15.804 12.741 12.450 9.345 10.400 11.362 8.552 9.953 9.976 8.599 10.798 10.824 13.462 12.190 16.862 16.510
-999.250 -999.250 -999.250 -999.250 -999.250 -999.250 -999.250 -999.250 -999.250 -999.250 -999.250 -999.250 -999.250 -999.250 -999.250 -999.250 -999.250 -999.250 -999.250 -999.250 -999.250 -999.250 -999.250 -999.250 -999.250 -999.250 -999.250 -999.250 -999.250 -999.250 17.884 20.129 19.474 18.435 20.306 20.846 20.208 17.990 17.837 17.398 21.747 20.172 21.281 21.840 20.248 20.462 19.351 19.656 19.778 19.385 17.947 16.846 12.559 10.834 7.098 5.826 10.208 8.667 8.692 9.317 11.093 8.158 12.152 14.214 13.749 12.749 13.818 16.696
-999.250 -999.250 -999.250 -999.250 -999.250 -999.250 -999.250 -999.250 -999.250 -999.250 -999.250 -999.250 -999.250 -999.250 -999.250 -999.250 -999.250 -999.250 -999.250 -999.250 -999.250 -999.250 -999.250 -999.250 -999.250 -999.250 -999.250 -999.250 -999.250 -999.250 19.692 18.770 19.939 17.785 19.855 19.555 20.297 18.969 18.643 15.401 18.001 17.326 20.983 20.011 18.738 18.424 19.195 16.495 19.493 19.280 13.966 13.797 11.999 11.089 7.027 0.000 5.452 9.061 9.785 13.001 13.854 10.202 10.541 11.455 14.719 12.704 13.934 16.256
-999.250 -999.250 -999.250 -999.250 -999.250 -999.250 -999.250 -999.250 -999.250 -999.250 -999.250 -999.250 -999.250 -999.250 -999.250 -999.250 -999.250 -999.250 -999.250 -999.250 -999.250 -999.250 -999.250 -999.250 -999.250 -999.250 -999.250 -999.250 -999.250 -999.250 19.088 16.099 17.324 17.488 19.178 19.724 19.957 18.289 14.461 13.995 17.111 19.006 22.262 19.635 19.416 19.334 20.692 19.925 18.867 20.893 16.016 13.240 11.982 10.304 7.268 7.304 6.040 9.431 10.004 8.887 10.737 12.370 11.004 13.967 14.488 13.757 13.979 16.109
-999.250 -999.250 -999.250 -999.250 -999.250 -999.250 -999.250 -999.250 -999.250 -999.250 -999.250 -999.250 -999.250 -999.250 -999.250 -999.250 -999.250 -999.250 -999.250 -999.250 -999.250 -999.250 -999.250 -999.250 -999.250 -999.250 -999.250 -999.250 -999.250 -999.250 17.852 18.492 17.311 15.813 18.367 19.647 20.669 17.826 14.449 8.092 14.054 17.307 16.308 16.922 19.137 20.534 22.053 19.246 17.087 15.816 20.086 15.817 12.882 12.642 12.476 10.681 11.104 10.102 11.299 10.487 11.197 10.151 12.927 12.885 12.455 14.067 13.378 14.817
-999.250 -999.250 -999.250 -999.250 -999.250 -999.250 -999.250 -999.250 -999.250 -999.250 -999.250 -999.250 -999.250 -999.250 -999.250 -999.250 -999.250 -999.250 -999.250 -999.250 -999.250 -999.250 -999.250 -999.250 -999.250 -999.250 -999.250 -999.250 -999.250 15.182 14.893 19.577 19.812 17.093 21.151 18.802 16.799 17.879 14.747 10.820 12.357 15.720 18.698 18.218 19.792 20.743 20.280 18.724 15.256 16.039 17.424 16.097 17.081 13.151 12.451 11.009 12.790 12.014 14.665 14.385 13.753 13.219 12.952 12.334 11.771 16.324 13.006 12.309
-999.250 -999.250 -999.250 -999.250 -999.250 -999.250 -999.250 -999.250 -999.250 -999.250 -999.250 -999.250 -999.250 -999.250 -999.250 -999.250 -999.250 -999.250 -999.250 -999.250 -999.250 -999.250 -999.250 -999.250 -999.250 -999.250 -999.250 -999.250 -999.250 -999.250 16.956 16.931 20.398 17.718 18.384 19.024 19.200 18.041 17.224 14.519 17.080 17.993 19.987 19.334 21.466 20.008 21.263 18.706 18.416 20.684 18.525 17.597 16.616 16.499 13.380 14.526 15.491 11.694 13.857 13.487 13.873 11.147 11.667 13.631 14.243 14.239 14.337 13.027
-999.250 -999.250 -999.250 -999.250 -999.250 -999.250 -999.250 -999.250 -999.250 -999.250 -999.250 -999.250 -999.250 -999.250 -999.250 -999.250 -999.250 -999.250 -999.250 -999.250 -999.250 -999.250 -999.250 -999.250 -999.250 -999.250 -999.250 -999.250 -999.250 -999.250 15.836 14.920 19.261 15.679 18.711 17.783 17.452 18.615 18.359 17.997 17.475 20.035 20.807 21.135 21.903 20.436 19.705 20.274 20.679 20.061 18.870 18.250 17.992 17.019 15.446 16.028 14.940 12.534 15.149 14.388 12.719 13.445 11.920 11.793 12.369 13.307 11.797 12.671
-999.250 -999.250 -999.250 -999.250 -999.250 -999.250 -999.250 -999.250 -999.250 -999.250 -999.250 -999.250 -999.250 -999.250 -999.250 -999.250 -999.250 -999.250 -999.250 -999.250 -999.250 -999.250 -999.250 -999.250 -999.250 -999.250 -999.250 -999.250 -999.250 -999.250 -999.250 17.266 15.374 15.382 16.087 18.619 17.974 18.639 19.862 18.421 20.798 22.052 19.706 19.236 22.418 21.426 22.859 19.661 17.689 18.846 18.056 17.199 17.593 16.802 17.634 15.157 16.702 12.461 13.419 15.137 13.723 13.273 9.470 10.642 9.303 10.302 11.833 12.443
-999.250 -999.250 -999.250 -999.250 -999.250 -999.250 -999.250 -999.250 -999.250 -999.250 -999.250 -999.250 -999.250 -999.250 -999.250 -999.250 -999.250 -999.250 -999.250 -999.250 -999.250 -999.250 -999.250 -999.250 -999.250 -999.250 -999.250 -999.250 -999.250 -999.250 -999.250 19.418 17.831 16.372 14.903 16.248 17.042 17.933 22.601 21.235 22.507 20.991 22.444 23.234 22.801 21.631 20.785 20.346 17.818 18.008 17.136 15.728 20.916 17.554 18.355 17.011 13.219 13.270 12.499 16.775 12.771 12.051 10.849 10.651 4.046 6.708 10.074 12.624
-999.250 -999.250 -999.250 -999.250 -999.250 -999.250 -999.250 -999.250 -999.250 -999.250 -999.250 -999.250 -999.250 -999.250 -999.250 -999.250 -999.250 -999.250 -999.250 -999.250 -999.250 -999.250 -999.250 -999.250 -999.250 -999.250 -999.250 -999.250 -999.250 -999.250 14.995 14.800 15.403 16.586 16.731 17.417 19.387 19.589 21.156 23.028 21.401 23.365 21.151 23.010 22.634 21.718 23.778 20.480 20.157 21.162 17.272 17.966 18.452 17.696 16.761 15.972 17.651 15.996 16.346 12.926 13.334 12.480 12.052 7.255 0.000 4.272 6.671 10.096
-999.250 -999.250 -999.250 -999.250 -999.250 -999.250 -999.250 -999.250 -999.250 -999.250 -999.250 -999.250 -999.250 -999.250 -999.250 -999.250 -999.250 -999.250 -999.250 -999.250 -999.250 -999.250 -999.250 -999.250 -999.250 -999.250 -999.250 -999.250 -999.250 -999.250 10.930 13.890 16.645 17.462 17.909 18.079 18.208 19.119 22.273 24.490 20.887 21.595 24.083 24.556 20.822 20.610 22.437 19.070 19.685 20.831 18.123 17.411 18.944 18.460 19.182 15.544 18.020 17.718 16.441 15.986 14.246 13.660 11.623 8.686 4.685 4.685 7.050 10.787
-999.250 -999.250 -999.250 -999.250 -999.250 -999.250 -999.250 -999.250 -999.250 -999.250 -999.250 -999.250 -999.250 -999.250 -999.250 -999.250 -999.250 -999.250 -999.250 -999.250 -999.250 -999.250 -999.250 -999.250 -999.250 -999.250 -999.250 -999.250 -999.250 -999.250 10.711 13.190 13.713 15.744 16.640 19.282 21.658 21.235 22.203 22.014 19.234 19.059 23.516 22.179 20.259 22.678 21.420 21.637 21.565 24.084 21.667 21.946 20.134 20.289 18.277 15.147 16.289 18.638 18.464 17.808 17.876 16.732 14.805 9.582 10.551 9.832 9.404 10.741
-999.250 -999.250 -999.250 -999.250 -999.250 -999.250 -999.250 -999.250 -999.250 -999.250 -999.250 -999.250 -999.250 -999.250 -999.250 -999.250 -999.250 -999.250 -999.250 -999.250 -999.250 -999.250 -999.250 -999.250 -999.250 -999.250 -999.250 -999.250 -999.250 -999.250 13.042 11.877 13.802 15.138 14.172 17.459 19.459 19.993 22.231 24.538 21.158 20.218 20.624 21.310 22.083 24.979 21.160 20.984 18.807 20.596 19.865 20.191 21.391 17.725 18.424 17.042 17.300 20.288 16.978 17.958 18.766 14.743 15.117 12.611 12.056 11.715 10.342 12.633
-999.250 -999.250 -999.250 -999.250 -999.250 -999.250 -999.250 -999.250 -999.250 -999.250 -999.250 -999.250 -999.250 -999.250 -999.250 -999.250 -999.250 -999.250 -999.250 -999.250 -999.250 -999.250 -999.250 -999.250 -999.250 -999.250 -999.250 -999.250 -999.250 -999.250 14.408 14.217 14.155 13.951 15.216 16.518 22.024 26.202 25.064 23.190 25.202 20.602 20.794 20.027 22.460 18.413 20.319 18.861 19.284 17.230 20.076 20.738 21.766 20.161 19.824 19.454 19.605 19.527 18.481 16.550 13.697 16.611 16.865 14.245 15.054 14.756 14.530 15.689
-999.250 -999.250 -999.250 -999.250 -999.250 -999.250 -999.250 -999.250 -999.250 -999.250 -999.250 -999.250 -999.250 -999.250 -999.250 -999.250 -999.250 -999.250 -999.250 -999.250 -999.250 -999.250 -999.250 -999.250 -999.250 -999.250 -999.250 -999.250 -999.250 -999.250 13.520 12.779 11.002 16.445 18.069 19.059 22.620 22.952 24.077 22.594 22.654 22.321 22.442 19.465 20.483 20.143 21.412 23.584 23.073 23.465 21.563 19.430 21.423 22.043 25.630 20.535 21.044 21.549 18.773 19.004 17.950 15.630 17.163 17.371 16.269 17.955 17.613 19.020
-999.250 -999.250 -999.250 -999.250 -999.250 -999.250 -999.250 -999.250 -999.250 -999.250 -999.250 -999.250 -999.250 -999.250 -999.250 -999.250 -999.250 -999.250 -999.250 -999.250 -999.250 -999.250 -999.250 -999.250 -999.250 -999.250 -999.250 -999.250 -999.250 9.453 12.386 15.076 13.672 13.339 16.768 20.128 18.168 24.376 23.789 23.386 23.322 24.140 23.572 20.492 22.959 22.743 24.447 21.004 23.519 23.767 20.188 22.961 24.068 24.209 27.705 24.778 24.346 24.748 24.648 20.629 22.225 19.409 19.160 17.992 19.481 16.708 18.265 18.681
-999.250 -999.250 -999.250 -999.250 -999.250 -999.250 -999.250 -999.250 -999.250 -999.250 -999.250 -999.250 -999.250 -999.250 -999.250 -999.250 -999.250 -999.250 -999.250 -999.250 -999.250 -999.250 -999.250 -999.250 -999.250 -999.250 -999.250 -999.250 -999.250 10.006 12.532 12.687 14.080 14.697 18.630 19.146 20.760 24.246 23.125 22.483 24.546 23.517 22.593 23.583 21.694 23.979 25.171 24.581 26.702 29.147 22.898 22.681 23.738 27.617 29.331 27.977 24.217 25.401 23.555 19.221 22.200 21.475 19.362 19.575 19.443 16.228 16.465 16.384
-999.250 -999.250 -999.250 -999.250 -999.250 -999.250 -999.250 -999.250 -999.250 -999.250 -999.250 -999.250 -999.250 -999.250 -999.250 -999.250 -999.250 -999.250 -999.250 -999.250 -999.250 -999.250 -999.250 -999.250 -999.250 -999.250 -999.250 -999.250 8.459 10.651 10.192 11.546 11.268 15.014 16.513 18.217 20.690 20.224 22.492 25.846 23.866 23.907 22.221 20.601 22.721 26.876 27.299 25.548 26.043 28.871 28.125 24.939 27.551 28.926 29.025 27.311 23.895 22.969 20.469 21.412 23.001 21.384 20.391 19.699 21.330 18.096 17.053 18.424
-999.250 -999.250 -999.250 -999.250 -999.250 -999.250 -999.250 -999.250 -999.250 -999.250 -999.250 -999.250 -999.250 -999.250 -999.250 -999.250 -999.250 -999.250 -999.250 -999.250 -999.250 -999.250 -999.250 -999.250 -999.250 -999.250 -999.250 -999.250 7.609 7.290 10.052 8.732 11.039 12.900 15.271 17.640 19.985 19.950 22.296 23.418 21.476 22.333 24.993 21.705 22.550 24.817 26.809 22.699 26.551 25.599 29.368 34.447 28.242 32.998 32.347 26.418 28.526 26.197 20.898 25.078 22.965 23.730 25.050 19.314 20.196 20.357 18.299 18.131
-999.250 -999.250 -999.250 -999.250 -999.250 -999.250 -999.250 -999.250 -999.250 -999.250 -999.250 -999.250 -999.250 -999.250 -999.250 -999.250 -999.250 -999.250 -999.250 -999.250 -999.250 -999.250 -999.250 -999.250 -999.250 -999.250 -999.250 4.366 5.804 6.437 5.407 8.311 10.964 14.550 14.907 16.743 20.315 23.112 21.010 21.509 19.697 24.226 23.466 24.055 23.419 24.479 23.358 24.118 25.423 27.707 29.421 29.863 30.397 30.800 31.680 28.034 29.486 28.617 24.633 26.913 24.494 21.805 24.700 23.036 22.981 22.592 21.221 20.961
-999.250 -999.250 -999.250 -999.250 -999.250 -999.250 -999.250 -999.250 -999.250 -999.250 -999.250 -999.250 -999.250 -999.250 -999.250 -999.250 -999.250 -999.250 -999.250 -999.250 -999.250 -999.250 -999.250 -999.250 -999.250 -999.250 -999.250 8.388 8.695 2.893 0.000 5.233 12.034 16.200 16.507 16.390 18.373 20.872 19.619 20.663 22.239 23.697 24.817 24.827 24.436 22.702 23.302 25.716 28.788 30.350 34.254 27.775 29.961 26.465 28.408 28.169 28.469 29.884 31.018 26.647 25.538 26.480 24.516 24.415 24.146 23.070 23.349 21.251
-999.250 -999.250 -999.250 -999.250 -999.250 -999.250 -999.250 -999.250 -999.250 -999.250 -999.250 -999.250 -999.250 -999.250 -999.250 -999.250 -999.250 -999.250 -999.250 -999.250 -999.250 -999.250 -999.250 -999.250 -999.250 -999.250 -999.250 9.817 8.117 6.012 6.802 10.053 12.416 15.650 17.627 17.302 18.026 19.780 21.394 19.770 20.913 23.668 25.662 27.099 24.140 24.390 26.596 26.942 30.917 30.464 35.097 31.723 30.612 34.367 31.169 28.597 31.549 34.384 30.302 29.926 26.828 27.264 28.740 25.854 25.418 23.767 25.958 21.279
