data/medianmodel_25-Jan-2021.asc
ncols	141
nrows	288
xllcorner	-120191.398
yllcorner	-301404.813
cellsize	2000.000
NODATA_value	-999.250
[rows 112 to 139 of 288, columns 63 to 125 of 141]
3145.857 3191.448 3047.634 3179.890 3233.330 3250.241 3308.896 3482.921 3415.620 3231.211 3077.268 2879.265 2800.070 2627.327 2469.313 2316.535 2112.573 2060.913 1937.658 1958.422 1873.409 1712.368 1719.636 1676.137 1624.133 1529.310 1504.287 1506.000 1444.852 1436.471 1440.722 1321.690 1302.451 1331.353 1338.527 1355.194 1390.462 1372.704 1395.915 1411.332 1424.848 1434.366 1373.659 1384.096 1355.883 1405.903 -999.250 -999.250 -999.250 -999.250 -999.250 -999.250 -999.250 -999.250 -999.250 -999.250 -999.250 -999.250 -999.250 -999.250 -999.250 -999.250 -999.250
3020.062 3133.463 3118.321 3143.711 3198.728 3181.604 3490.196 3913.797 3489.010 3216.909 2997.638 2989.983 2701.375 2532.698 2396.549 2230.878 2086.451 2041.094 1896.751 1861.432 1879.194 1739.754 1662.990 1675.551 1621.417 1528.299 1481.718 1486.425 1410.772 1419.419 1374.879 1326.943 1293.318 1265.481 1297.361 1290.788 1303.404 1290.015 1263.255 1318.182 1292.777 1328.498 1317.250 1298.080 1293.621 1379.002 1263.616 1290.959 -999.250 -999.250 -999.250 -999.250 -999.250 -999.250 -999.250 -999.250 -999.250 -999.250 -999.250 -999.250 -999.250 -999.250 -999.250
2828.545 2986.167 3015.314 3070.512 3191.287 3088.799 3260.460 3262.365 3309.101 3135.263 2903.081 2828.265 2590.423 2390.167 2279.288 2144.193 2095.435 1969.575 1875.082 1807.058 1790.443 1689.916 1698.728 1602.943 1559.519 1513.164 1422.811 1490.572 1474.878 1413.057 1406.265 1317.163 1266.415 1248.002 1244.144 1219.030 1203.028 1191.821 1125.930 1209.563 1174.317 1166.458 1181.625 1236.773 1269.485 1265.351 1279.776 1195.777 -999.250 -999.250 -999.250 -999.250 -999.250 -999.250 -999.250 -999.250 -999.250 -999.250 -999.250 -999.250 -999.250 -999.250 -999.250
2728.166 2859.033 2981.596 2975.204 2874.094 3055.541 3065.084 3027.967 3094.466 2886.014 2707.418 2603.015 2459.053 2235.599 2148.844 2114.595 2036.328 1940.678 1881.096 1837.457 1794.801 1719.871 1627.694 1561.016 1509.800 1460.263 1502.495 1455.928 1411.662 1370.354 1340.805 1258.227 1229.610 1269.208 1188.796 1135.326 1089.610 1143.785 1132.401 1107.059 1089.954 1134.349 1137.955 1161.541 1162.162 1138.531 1119.277 1157.240 1118.822 -999.250 -999.250 -999.250 -999.250 -999.250 -999.250 -999.250 -999.250 -999.250 -999.250 -999.250 -999.250 -999.250 -999.250
2438.309 2660.067 2696.028 2788.584 2810.323 2829.042 2900.770 2877.423 2762.292 2631.840 2450.676 2334.952 2231.589 2133.455 2073.762 1998.419 1953.539 1884.023 1864.503 1754.013 1722.180 1671.990 1595.982 1534.188 1488.612 1454.552 1383.885 1436.908 1421.002 1346.086 1238.390 1202.117 1248.136 1166.012 1121.383 1055.976 1071.282 1078.528 1064.302 1060.778 1058.953 1027.150 1120.759 1096.963 1069.587 1075.252 1037.624 1073.409 1111.484 1102.965 -999.250 -999.250 -999.250 -999.250 -999.250 -999.250 -999.250 -999.250 -999.250 -999.250 -999.250 -999.250 -999.250
2260.629 2399.599 2415.618 2468.676 2523.737 2484.915 2468.414 2431.979 2356.215 2263.922 2185.798 2050.077 1960.862 1953.595 1893.128 1843.869 1884.149 1832.679 1785.643 1801.980 1683.902 1636.348 1536.469 1520.558 1485.646 1441.835 1423.508 1392.235 1385.324 1361.242 1253.152 1204.066 1146.543 1125.734 1092.720 1016.043 982.197 1011.021 1029.599 1027.617 947.051 957.357 1041.445 988.330 958.159 1001.783 1055.134 1047.210 1113.221 1096.958 -999.250 -999.250 -999.250 -999.250 -999.250 -999.250 -999.250 -999.250 -999.250 -999.250 -999.250 -999.250 -999.250
2060.056 2097.273 2140.218 2065.983 2092.336 2093.349 2074.070 2041.353 1930.652 1931.748 1854.839 1800.904 1789.563 1793.163 1713.413 1717.253 1733.227 1785.550 1754.146 1771.187 1685.521 1623.640 1552.390 1513.598 1504.779 1476.031 1386.903 1422.903 1362.084 1344.450 1260.780 1153.359 1133.178 1065.445 1023.674 926.790 911.927 907.970 927.770 917.854 897.921 934.631 947.770 918.750 879.874 910.292 975.735 1045.374 1060.057 1026.838 1073.168 -999.250 -999.250 -999.250 -999.250 -999.250 -999.250 -999.250 -999.250 -999.250 -999.250 -999.250 -999.250
1861.131 1859.741 1841.911 1852.320 1848.002 1822.472 1756.373 1692.916 1704.707 1614.710 1603.114 1593.375 1630.469 1577.380 1608.722 1575.856 1638.259 1625.654 1651.546 1642.937 1630.801 1560.397 1591.590 1526.561 1504.326 1421.860 1407.077 1365.891 1294.361 1258.212 1264.250 1145.380 1102.638 1062.486 1035.051 964.991 867.915 871.988 839.247 875.908 833.076 819.962 863.219 881.612 896.431 920.247 951.363 975.532 1012.980 1034.698 -999.250 -999.250 -999.250 -999.250 -999.250 -999.250 -999.250 -999.250 -999.250 -999.250 -999.250 -999.250 -999.250
1628.273 1645.739 1653.280 1667.127 1581.115 1482.864 1359.870 1322.666 1358.581 1277.791 1323.542 1369.083 1433.655 1404.260 1463.574 1554.042 1528.754 1563.033 1601.071 1586.941 1576.935 1578.545 1537.875 1539.000 1541.290 1388.384 1368.670 1396.403 1285.641 1321.675 1335.249 1255.737 1138.427 1036.912 1007.917 911.550 825.745 830.132 847.999 851.465 778.144 797.105 775.471 834.656 876.256 819.091 950.423 943.340 994.150 983.936 -999.250 -999.250 -999.250 -999.250 -999.250 -999.250 -999.250 -999.250 -999.250 -999.250 -999.250 -999.250 -999.250
1465.373 1447.410 1429.771 1395.862 1208.273 1164.327 1011.125 950.400 977.743 1061.905 1098.763 1157.038 1261.374 1336.116 1338.829 1398.153 1376.679 1494.733 1526.526 1523.528 1547.886 1549.306 1555.743 1585.902 1490.251 1444.019 1370.062 1358.016 1374.686 1292.803 1309.643 1190.028 1141.844 1088.192 981.657 897.613 844.120 742.347 756.711 769.569 762.205 762.285 746.851 790.490 823.347 843.451 972.007 954.428 1032.714 975.573 -999.250 -999.250 -999.250 -999.250 -999.250 -999.250 -999.250 -999.250 -999.250 -999.250 -999.250 -999.250 -999.250
1308.876 1317.711 1283.276 1147.342 1062.554 901.472 728.849 579.652 692.529 810.115 872.157 970.879 1033.624 1147.727 1195.835 1236.850 1280.459 1400.234 1407.251 1505.708 1457.171 1579.980 1564.430 1558.690 1476.337 1484.190 1406.883 1419.394 1396.600 1304.383 1281.983 1215.274 1210.581 1092.624 945.014 898.125 754.157 693.734 693.700 714.032 731.904 759.785 764.946 783.721 872.378 928.057 972.078 1000.905 1029.006 1002.610 -999.250 -999.250 -999.250 -999.250 -999.250 -999.250 -999.250 -999.250 -999.250 -999.250 -999.250 -999.250 -999.250
1216.653 1187.348 1116.331 1017.383 904.270 774.049 630.088 594.971 620.839 662.448 732.402 847.097 935.904 1031.750 1112.277 1200.945 1254.613 1341.443 1409.954 1468.730 1491.311 1547.520 1636.202 1602.276 1510.273 1545.403 1463.857 1439.153 1407.153 1353.316 1264.381 1285.826 1160.552 1086.959 1044.830 935.470 782.744 646.525 690.568 739.014 778.560 791.517 829.601 848.635 872.685 952.766 974.070 982.101 1036.022 -999.250 -999.250 -999.250 -999.250 -999.250 -999.250 -999.250 -999.250 -999.250 -999.250 -999.250 -999.250 -999.250 -999.250
1133.987 1113.271 978.384 892.780 757.677 679.318 613.682 583.212 588.445 642.851 665.827 753.579 826.252 948.606 1077.367 1084.764 1149.354 1317.750 1371.367 1397.649 1473.335 1532.908 1618.580 1622.823 1586.503 1533.431 1551.136 1562.315 1490.275 1433.168 1368.379 1337.099 1235.621 1191.596 1117.922 1009.767 873.629 772.471 769.599 787.241 831.880 863.372 921.519 871.387 927.349 972.346 1009.733 1059.550 985.144 -999.250 -999.250 -999.250 -999.250 -999.250 -999.250 -999.250 -999.250 -999.250 -999.250 -999.250 -999.250 -999.250 -999.250
1102.432 1036.393 921.779 766.359 707.006 621.810 620.701 585.474 565.728 616.566 636.426 668.643 813.594 869.513 961.843 1040.243 1159.331 1255.836 1325.368 1431.509 1462.920 1523.814 1561.351 1599.094 1639.824 1659.565 1644.902 1622.808 1583.146 1511.557 1468.861 1432.302 1363.661 1304.160 1162.976 1100.276 1017.302 920.315 861.975 888.536 929.622 909.874 906.166 933.803 929.455 929.728 979.965 1026.914 1016.736 -999.250 -999.250 -999.250 -999.250 -999.250 -999.250 -999.250 -999.250 -999.250 -999.250 -999.250 -999.250 -999.250 -999.250
1081.435 1006.667 877.361 731.542 673.658 636.590 577.220 556.873 567.754 583.573 633.550 683.686 702.395 823.644 905.075 972.695 1104.326 1181.737 1264.907 1368.929 1480.284 1510.430 1574.277 1635.990 1691.562 1718.773 1687.524 1664.787 1624.032 1617.862 1566.591 1519.041 1441.123 1380.182 1293.527 1224.501 1102.508 1061.362 1012.981 1017.882 1067.016 1005.107 1011.318 985.711 1030.420 996.098 1021.581 1059.758 1119.038 -999.250 -999.250 -999.250 -999.250 -999.250 -999.250 -999.250 -999.250 -999.250 -999.250 -999.250 -999.250 -999.250 -999.250
1110.747 976.036 876.021 741.177 647.807 571.141 556.436 525.567 539.475 582.438 593.398 661.483 675.979 799.162 850.555 1015.027 1060.694 1125.582 1253.523 1374.143 1441.397 1561.274 1604.844 1714.333 1717.981 1801.648 1755.004 1696.061 1637.967 1659.005 1588.151 1572.714 1561.134 1473.520 1410.316 1337.443 1286.648 1140.579 1108.311 1128.800 1138.684 1064.827 1073.411 1080.070 1055.023 1074.237 1077.333 1081.794 -999.250 -999.250 -999.250 -999.250 -999.250 -999.250 -999.250 -999.250 -999.250 -999.250 -999.250 -999.250 -999.250 -999.250 -999.250
1109.006 945.461 835.653 734.631 628.620 571.726 554.488 517.281 520.584 565.627 593.180 616.591 659.846 739.002 843.502 959.513 1002.308 1126.863 1204.411 1296.015 1452.244 1552.109 1638.138 1699.187 1765.950 1829.303 1804.364 1786.239 1717.490 1742.209 1709.605 1682.554 1597.128 1552.918 1497.568 1434.893 1357.080 1340.331 1224.183 1248.032 1189.006 1177.513 1133.501 1117.476 1157.032 1079.673 1094.723 -999.250 -999.250 -999.250 -999.250 -999.250 -999.250 -999.250 -999.250 -999.250 -999.250 -999.250 -999.250 -999.250 -999.250 -999.250 -999.250
1014.951 920.574 789.849 697.581 632.860 577.068 546.947 534.700 536.208 524.674 590.900 583.838 642.618 700.404 829.200 882.702 988.063 1076.217 1246.692 1338.202 1433.070 1533.411 1666.419 1742.674 1849.881 1853.392 1818.485 1821.059 1827.760 1810.876 1769.417 1782.096 1740.141 1598.501 1546.177 1578.610 1493.977 1425.602 1369.025 1314.137 1300.481 1272.872 1198.245 1266.180 1211.238 1150.885 -999.250 -999.250 -999.250 -999.250 -999.250 -999.250 -999.250 -999.250 -999.250 -999.250 -999.250 -999.250 -999.250 -999.250 -999.250 -999.250 -999.250
910.158 815.585 764.448 668.348 625.471 542.671 526.578 520.848 520.953 494.123 561.984 560.916 640.089 669.256 735.730 850.857 949.164 1062.268 1179.512 1331.019 1389.401 1477.059 1625.765 1713.238 1805.051 1847.565 1852.913 1874.628 1917.571 1896.150 1848.274 1827.883 1813.501 1752.093 1707.344 1651.364 1658.814 1630.861 1582.739 1492.013 1340.460 1349.124 1313.926 1306.159 1245.365 1182.962 -999.250 -999.250 -999.250 -999.250 -999.250 -999.250 -999.250 -999.250 -999.250 -999.250 -999.250 -999.250 -999.250 -999.250 -999.250 -999.250 -999.250
879.218 754.542 704.079 653.886 591.934 518.071 504.962 488.428 485.351 508.471 528.940 582.404 642.922 658.729 716.851 824.450 898.235 999.968 1119.699 1333.162 1449.534 1523.393 1638.350 1767.977 1815.117 1862.696 1842.367 1905.071 1945.696 1971.238 1988.689 1874.480 1879.729 1886.623 1803.806 1825.939 1766.406 1776.799 1749.908 1618.622 1515.290 1487.518 1406.735 1492.538 1352.492 1253.337 -999.250 -999.250 -999.250 -999.250 -999.250 -999.250 -999.250 -999.250 -999.250 -999.250 -999.250 -999.250 -999.250 -999.250 -999.250 -999.250 -999.250
838.505 788.877 678.029 616.403 562.730 538.254 500.824 494.794 508.419 500.994 551.169 557.373 600.568 638.380 700.024 832.389 874.232 1002.059 1171.968 1247.987 1412.519 1547.840 1645.952 1782.977 1812.188 1810.306 1936.913 1935.205 2034.631 2036.179 1998.167 1929.405 1977.617 1964.691 1960.914 1919.729 1891.336 1843.597 1833.713 1765.084 1639.970 1615.587 1499.833 1474.190 1491.312 1415.271 -999.250 -999.250 -999.250 -999.250 -999.250 -999.250 -999.250 -999.250 -999.250 -999.250 -999.250 -999.250 -999.250 -999.250 -999.250 -999.250 -999.250
751.012 721.715 674.160 620.521 595.750 539.394 452.179 501.560 534.501 557.210 558.401 588.136 600.089 629.193 669.839 764.955 878.820 986.598 1113.603 1260.038 1433.844 1565.159 1679.932 1771.906 1822.157 1875.947 1971.660 1978.522 2151.649 2138.458 2173.921 2151.265 2140.284 2101.735 2189.887 2045.688 2000.169 1994.587 1890.766 1838.949 1734.340 1649.549 1576.214 1490.547 1478.815 -999.250 -999.250 -999.250 -999.250 -999.250 -999.250 -999.250 -999.250 -999.250 -999.250 -999.250 -999.250 -999.250 -999.250 -999.250 -999.250 -999.250 -999.250
739.066 707.355 666.078 611.091 598.140 561.055 508.167 550.607 553.656 549.576 553.265 556.672 588.857 596.163 641.195 685.828 836.024 960.568 1129.457 1276.370 1403.521 1563.616 1757.146 1814.707 1948.483 1979.672 2026.909 2184.628 2300.682 2301.039 2257.217 2223.073 2219.845 2182.985 2239.882 2198.818 2042.420 1979.414 1940.129 1864.859 1838.202 1717.632 1722.822 1606.774 1526.017 -999.250 -999.250 -999.250 -999.250 -999.250 -999.250 -999.250 -999.250 -999.250 -999.250 -999.250 -999.250 -999.250 -999.250 -999.250 -999.250 -999.250 -999.250
719.303 719.019 691.461 659.855 575.784 586.842 593.496 593.047 566.129 568.082 570.942 588.443 598.228 605.964 620.263 666.349 779.307 987.839 1087.972 1263.589 1465.578 1608.306 1749.668 1826.037 2016.330 2101.876 2216.875 2395.112 2397.090 2418.216 2452.145 2457.823 2378.528 2260.171 2288.901 2276.858 2162.643 2080.463 2038.995 1982.609 1930.354 1876.685 1794.547 1680.885 1595.398 -999.250 -999.250 -999.250 -999.250 -999.250 -999.250 -999.250 -999.250 -999.250 -999.250 -999.250 -999.250 -999.250 -999.250 -999.250 -999.250 -999.250 -999.250
721.659 741.519 712.250 676.343 626.560 635.783 656.678 617.091 609.945 635.524 588.807 565.824 584.516 606.869 646.910 651.907 731.552 964.428 1146.194 1314.261 1447.525 1628.193 1813.465 1970.735 2047.141 2166.355 2278.851 2436.942 2477.450 2556.138 2412.138 2542.767 2584.810 2427.476 2348.080 2390.812 2312.361 2151.157 2073.568 2031.001 1970.874 1889.898 1818.156 1677.939 1604.860 -999.250 -999.250 -999.250 -999.250 -999.250 -999.250 -999.250 -999.250 -999.250 -999.250 -999.250 -999.250 -999.250 -999.250 -999.250 -999.250 -999.250 -999.250
782.933 809.290 776.935 754.046 712.539 685.945 691.997 646.577 638.613 638.211 637.662 589.976 606.624 624.134 648.154 671.509 769.317 989.157 1202.709 1314.475 1462.280 1758.525 1935.234 2095.805 2250.166 2443.544 2417.910 2807.988 2721.412 2700.868 2550.263 2678.871 2599.104 2508.334 2469.632 2412.909 2352.399 2144.702 2092.647 1996.341 1952.286 1830.511 1788.858 1726.747 -999.250 -999.250 -999.250 -999.250 -999.250 -999.250 -999.250 -999.250 -999.250 -999.250 -999.250 -999.250 -999.250 -999.250 -999.250 -999.250 -999.250 -999.250 -999.250
890.622 828.093 888.481 849.049 793.845 766.433 758.867 691.126 646.965 664.398 646.719 627.457 594.138 638.576 657.326 722.609 842.204 999.356 1168.658 1353.011 1571.935 1847.393 2017.519 -999.250 -999.250 -999.250 -999.250 2836.592 2703.486 2632.909 2657.755 2699.293 -999.250 -999.250 -999.250 -999.250 -999.250 -999.250 -999.250 -999.250 -999.250 -999.250 -999.250 -999.250 -999.250 -999.250 -999.250 -999.250 -999.250 -999.250 -999.250 -999.250 -999.250 -999.250 -999.250 -999.250 -999.250 -999.250 -999.250 -999.250 -999.250 -999.250 -999.250
948.494 965.254 978.449 946.046 926.839 894.309 771.420 746.970 727.052 678.375 641.022 623.347 606.706 645.269 695.741 707.555 854.947 1036.040 1254.025 1403.356 1680.565 1951.576 2237.550 -999.250 -999.250 -999.250 -999.250 -999.250 -999.250 -999.250 -999.250 -999.250 -999.250 -999.250 -999.250 -999.250 -999.250 -999.250 -999.250 -999.250 -999.250 -999.250 -999.250 -999.250 -999.250 -999.250 -999.250 -999.250 -999.250 -999.250 -999.250 -999.250 -999.250 -999.250 -999.250 -999.250 -999.250 -999.250 -999.250 -999.250 -999.250 -999.250 -999.250
