data/medianmodel_27-Apr-2020.asc
ncols	141
nrows	288
xllcorner	-120191.398
yllcorner	-301404.813
cellsize	2000.000
NODATA_value	-999.250
[rows 240 to 269 of 288, columns 0 to 67 of 141]
-999.250 -999.250 -999.250 -999.250 -999.250 -999.250 -999.250 -999.250 -999.250 -999.250 -999.250 -999.250 -999.250 -999.250 -999.250 -999.250 -999.250 -999.250 -999.250 -999.250 -999.250 -999.250 -999.250 -999.250 -999.250 -999.250 -999.250 -999.250 -999.250 -999.250 10.737 11.603 10.548 14.224 12.920 15.142 16.255 17.880 21.490 16.645 18.348 19.462 20.266 19.440 18.737 18.350 17.439 20.550 17.652 20.013 21.228 21.763 20.586 21.775 20.264 16.343 14.350 13.486 13.052 14.798 13.434 13.039 13.484 12.097 10.715 13.519 13.106 13.470
-999.250 -999.250 -999.250 -999.250 -999.250 -999.250 -999.250 -999.250 -999.250 -999.250 -999.250 -999.250 -999.250 -999.250 -999.250 -999.250 -999.250 -999.250 -999.250 -999.250 -999.250 -999.250 -999.250 -999.250 -999.250 -999.250 -999.250 -999.250 -999.250 -999.250 9.339 11.947 10.547 12.036 14.307 14.968 18.367 18.898 21.844 19.767 18.621 16.961 18.304 19.359 19.130 17.769 17.731 20.703 21.426 25.362 24.613 19.445 28.860 20.910 20.504 18.526 15.254 13.248 14.575 11.455 11.427 12.459 10.746 12.470 11.687 11.577 9.481 12.038
-999.250 -999.250 -999.250 -999.250 -999.250 -999.250 -999.250 -999.250 -999.250 -999.250 -999.250 -999.250 -999.250 -999.250 -999.250 -999.250 -999.250 -999.250 -999.250 -999.250 -999.250 -999.250 -999.250 -999.250 -999.250 -999.250 -999.250 -999.250 -999.250 -999.250 10.902 12.961 12.495 13.977 17.141 17.336 18.014 19.732 19.237 17.480 17.494 15.849 18.484 16.672 20.935 16.388 18.645 18.467 22.789 20.279 22.333 19.839 17.779 16.600 18.387 18.918 15.616 14.072 12.612 11.729 13.157 12.373 12.166 11.658 11.295 13.543 12.039 11.067
-999.250 -999.250 -999.250 -999.250 -999.250 -999.250 -999.250 -999.250 -999.250 -999.250 -999.250 -999.250 -999.250 -999.250 -999.250 -999.250 -999.250 -999.250 -999.250 -999.250 -999.250 -999.250 -999.250 -999.250 -999.250 -999.250 -999.250 -999.250 -999.250 -999.250 13.253 14.446 13.629 12.519 15.085 17.245 16.246 20.225 17.394 15.978 14.930 14.405 16.789 18.351 17.001 19.667 17.613 18.885 20.389 19.056 18.945 18.705 17.262 17.735 15.890 17.227 16.044 14.694 11.905 10.948 8.952 10.723 11.206 9.581 12.638 11.071 9.741 12.312
-999.250 -999.250 -999.250 -999.250 -999.250 -999.250 -999.250 -999.250 -999.250 -999.250 -999.250 -999.250 -999.250 -999.250 -999.250 -999.250 -999.250 -999.250 -999.250 -999.250 -999.250 -999.250 -999.250 -999.250 -999.250 -999.250 -999.250 -999.250 -999.250 -999.250 13.439 13.603 14.444 15.565 14.524 15.192 16.618 16.366 14.767 16.779 14.929 15.881 17.520 16.210 19.117 23.295 21.875 21.059 21.351 19.637 16.628 21.257 19.134 14.761 16.313 14.646 14.580 13.740 12.475 11.592 8.071 5.671 8.930 9.397 9.965 12.580 10.483 13.293
-999.250 -999.250 -999.250 -999.250 -999.250 -999.250 -999.250 -999.250 -999.250 -999.250 -999.250 -999.250 -999.250 -999.250 -999.250 -999.250 -999.250 -999.250 -999.250 -999.250 -999.250 -999.250 -999.250 -999.250 -999.250 -999.250 -999.250 -999.250 -999.250 -999.250 -999.250 16.251 15.438 16.721 14.233 15.196 16.437 16.250 16.311 17.916 17.613 15.136 16.353 18.295 22.314 26.289 24.081 25.450 22.748 20.566 23.195 24.691 22.087 19.574 17.220 16.052 13.967 13.846 11.792 10.075 6.117 0.000 4.397 10.322 11.350 11.474 11.976 11.644
-999.250 -999.250 -999.250 -999.250 -999.250 -999.250 -999.250 -999.250 -999.250 -999.250 -999.250 -999.250 -999.250 -999.250 -999.250 -999.250 -999.250 -999.250 -999.250 -999.250 -999.250 -999.250 -999.250 -999.250 -999.250 -999.250 -999.250 -999.250 -999.250 -999.250 -999.250 14.331 15.876 15.382 16.261 14.997 13.886 17.884 18.555 17.264 16.834 17.090 18.044 21.219 23.436 26.815 22.849 30.413 23.570 21.587 24.416 23.529 22.515 22.061 19.370 15.460 15.091 14.676 13.534 10.257 8.692 5.746 7.500 9.965 13.769 12.928 11.694 12.561
-999.250 -999.250 -999.250 -999.250 -999.250 -999.250 -999.250 -999.250 -999.250 -999.250 -999.250 -999.250 -999.250 -999.250 -999.250 -999.250 -999.250 -999.250 -999.250 -999.250 -999.250 -999.250 -999.250 -999.250 -999.250 -999.250 -999.250 -999.250 -999.250 -999.250 15.035 17.782 15.887 16.363 16.780 16.826 14.336 16.122 15.188 18.058 17.385 17.554 20.342 23.560 23.551 24.393 22.721 31.240 28.889 24.103 25.858 24.271 24.317 23.974 21.649 17.784 17.387 15.460 13.299 10.512 10.307 8.701 12.003 11.732 13.316 11.782 14.854 15.655
-999.250 -999.250 -999.250 -999.250 -999.250 -999.250 -999.250 -999.250 -999.250 -999.250 -999.250 -999.250 -999.250 -999.250 -999.250 -999.250 -999.250 -999.250 -999.250 -999.250 -999.250 -999.250 -999.250 -999.250 -999.250 -999.250 -999.250 -999.250 -999.250 -999.250 13.322 14.481 15.757 15.999 15.955 15.189 13.371 14.345 12.404 13.821 14.958 14.638 16.997 19.652 17.133 19.547 23.014 26.539 31.809 25.164 22.941 23.485 28.198 24.239 24.625 19.574 16.443 19.833 14.708 14.846 12.551 13.977 14.517 13.709 14.215 14.459 15.780 14.830
-999.250 -999.250 -999.250 -999.250 -999.250 -999.250 -999.250 -999.250 -999.250 -999.250 -999.250 -999.250 -999.250 -999.250 -999.250 -999.250 -999.250 -999.250 -999.250 -999.250 -999.250 -999.250 -999.250 -999.250 -999.250 -999.250 -999.250 -999.250 -999.250 -999.250 12.641 16.146 14.181 15.340 17.529 14.945 15.841 14.122 12.103 11.997 16.530 15.956 16.262 16.934 18.028 23.203 21.206 23.742 30.960 28.056 23.904 20.487 26.881 27.164 23.585 21.706 19.727 19.905 15.909 16.551 16.061 18.653 17.179 17.076 17.979 17.697 16.741 15.869
-999.250 -999.250 -999.250 -999.250 -999.250 -999.250 -999.250 -999.250 -999.250 -999.250 -999.250 -999.250 -999.250 -999.250 -999.250 -999.250 -999.250 -999.250 -999.250 -999.250 -999.250 -999.250 -999.250 -999.250 -999.250 -999.250 -999.250 -999.250 -999.250 -999.250 14.498 15.509 15.756 14.104 16.384 15.716 14.392 13.313 12.278 10.507 12.373 15.325 14.418 14.970 20.026 19.539 22.759 26.564 24.216 24.461 20.850 22.901 25.196 25.573 23.951 23.821 21.154 20.732 17.628 17.080 20.208 18.473 16.736 20.954 19.102 18.944 14.950 14.852
-999.250 -999.250 -999.250 -999.250 -999.250 -999.250 -999.250 -999.250 -999.250 -999.250 -999.250 -999.250 -999.250 -999.250 -999.250 -999.250 -999.250 -999.250 -999.250 -999.250 -999.250 -999.250 -999.250 -999.250 -999.250 -999.250 -999.250 -999.250 -999.250 -999.250 13.466 13.733 15.248 14.181 17.856 14.793 15.011 11.416 11.334 8.092 9.920 14.418 15.664 15.617 18.898 20.847 21.468 29.324 25.334 24.252 28.380 23.017 24.647 21.659 25.733 24.991 21.835 20.766 20.087 22.213 20.427 19.738 24.901 20.498 23.375 21.898 15.051 15.935
-999.250 -999.250 -999.250 -999.250 -999.250 -999.250 -999.250 -999.250 -999.250 -999.250 -999.250 -999.250 -999.250 -999.250 -999.250 -999.250 -999.250 -999.250 -999.250 -999.250 -999.250 -999.250 -999.250 -999.250 -999.250 -999.250 -999.250 -999.250 -999.250 14.132 14.466 11.943 15.416 14.833 14.423 14.764 12.752 13.881 11.203 9.759 13.295 14.595 15.400 18.237 19.455 24.303 19.237 23.487 27.685 24.907 29.101 23.639 26.378 22.908 25.897 28.301 26.211 24.494 18.759 20.513 22.248 21.878 23.912 23.714 23.513 21.663 17.720 15.887
-999.250 -999.250 -999.250 -999.250 -999.250 -999.250 -999.250 -999.250 -999.250 -999.250 -999.250 -999.250 -999.250 -999.250 -999.250 -999.250 -999.250 -999.250 -999.250 -999.250 -999.250 -999.250 -999.250 -999.250 -999.250 -999.250 -999.250 -999.250 -999.250 -999.250 12.796 14.044 17.005 14.538 12.539 14.257 13.118 14.259 12.115 11.967 16.317 15.503 15.599 20.494 18.559 21.450 22.491 22.295 20.450 26.962 27.905 20.376 27.180 29.994 26.436 22.764 25.364 23.957 26.297 24.898 26.421 26.144 25.122 22.910 26.638 24.164 18.089 21.681
-999.250 -999.250 -999.250 -999.250 -999.250 -999.250 -999.250 -999.250 -999.250 -999.250 -999.250 -999.250 -999.250 -999.250 -999.250 -999.250 -999.250 -999.250 -999.250 -999.250 -999.250 -999.250 -999.250 -999.250 -999.250 -999.250 -999.250 -999.250 -999.250 -999.250 15.698 14.209 13.933 15.309 14.021 13.976 15.673 11.863 12.062 12.000 15.067 18.134 18.884 18.743 17.383 22.125 17.532 20.463 23.670 25.519 28.137 24.489 24.740 37.174 26.529 30.046 27.478 25.442 25.836 27.892 29.333 22.153 23.505 28.911 28.638 23.136 22.817 24.425
-999.250 -999.250 -999.250 -999.250 -999.250 -999.250 -999.250 -999.250 -999.250 -999.250 -999.250 -999.250 -999.250 -999.250 -999.250 -999.250 -999.250 -999.250 -999.250 -999.250 -999.250 -999.250 -999.250 -999.250 -999.250 -999.250 -999.250 -999.250 -999.250 -999.250 -999.250 13.752 14.524 14.628 15.307 14.527 14.197 13.279 11.296 14.707 15.130 17.465 17.291 17.617 19.045 20.977 23.330 22.383 20.778 21.432 22.150 21.967 26.713 28.551 28.141 32.182 30.859 29.677 31.008 27.885 26.667 31.872 25.439 27.021 24.673 24.062 22.936 24.297
-999.250 -999.250 -999.250 -999.250 -999.250 -999.250 -999.250 -999.250 -999.250 -999.250 -999.250 -999.250 -999.250 -999.250 -999.250 -999.250 -999.250 -999.250 -999.250 -999.250 -999.250 -999.250 -999.250 -999.250 -999.250 -999.250 -999.250 -999.250 -999.250 -999.250 -999.250 15.353 14.131 14.683 14.076 14.338 12.815 11.466 12.207 13.846 11.950 15.371 17.151 17.569 19.200 22.490 22.137 18.100 22.805 21.809 25.404 21.923 26.446 27.894 25.113 27.011 35.758 36.054 32.945 32.447 30.613 30.311 32.786 27.812 31.594 30.202 27.763 24.577
-999.250 -999.250 -999.250 -999.250 -999.250 -999.250 -999.250 -999.250 -999.250 -999.250 -999.250 -999.250 -999.250 -999.250 -999.250 -999.250 -999.250 -999.250 -999.250 -999.250 -999.250 -999.250 -999.250 -999.250 -999.250 -999.250 -999.250 -999.250 -999.250 -999.250 15.156 14.569 14.703 13.840 14.728 12.951 13.800 13.862 14.869 14.684 14.897 13.870 13.928 14.015 14.952 17.701 17.470 15.535 19.255 19.666 19.029 25.242 23.611 23.376 30.340 26.491 37.884 36.362 36.604 33.110 36.090 28.992 32.537 29.614 29.740 33.871 28.450 27.906
-999.250 -999.250 -999.250 -999.250 -999.250 -999.250 -999.250 -999.250 -999.250 -999.250 -999.250 -999.250 -999.250 -999.250 -999.250 -999.250 -999.250 -999.250 -999.250 -999.250 -999.250 -999.250 -999.250 -999.250 -999.250 -999.250 -999.250 -999.250 -999.250 -999.250 12.643 14.334 15.493 13.785 11.583 15.763 14.819 12.655 14.859 13.368 17.020 15.030 12.862 12.907 11.386 14.751 16.483 15.581 17.109 16.882 22.984 22.472 25.647 23.808 27.185 26.961 34.260 35.588 35.422 31.971 34.286 37.467 32.613 26.885 32.858 32.369 28.407 26.087
-999.250 -999.250 -999.250 -999.250 -999.250 -999.250 -999.250 -999.250 -999.250 -999.250 -999.250 -999.250 -999.250 -999.250 -999.250 -999.250 -999.250 -999.250 -999.250 -999.250 -999.250 -999.250 -999.250 -999.250 -999.250 -999.250 -999.250 -999.250 -999.250 -999.250 16.850 15.838 14.955 14.138 12.182 13.388 15.676 13.471 15.573 12.125 12.578 15.344 12.437 13.034 13.427 14.874 18.883 17.173 16.426 19.755 20.924 23.211 26.194 22.772 22.631 27.053 28.661 40.156 37.550 32.686 33.306 31.270 36.288 32.262 31.668 28.788 28.839 28.487
-999.250 -999.250 -999.250 -999.250 -999.250 -999.250 -999.250 -999.250 -999.250 -999.250 -999.250 -999.250 -999.250 -999.250 -999.250 -999.250 -999.250 -999.250 -999.250 -999.250 -999.250 -999.250 -999.250 -999.250 -999.250 -999.250 -999.250 -999.250 -999.250 -999.250 14.664 13.070 15.023 11.550 11.857 12.150 12.958 10.366 14.529 12.798 12.264 14.178 16.756 15.516 15.328 16.256 15.810 17.871 17.518 17.666 20.909 21.048 24.373 23.549 25.394 24.727 31.318 36.355 35.272 38.445 33.699 29.672 30.020 33.368 29.431 29.996 29.223 31.484
-999.250 -999.250 -999.250 -999.250 -999.250 -999.250 -999.250 -999.250 -999.250 -999.250 -999.250 -999.250 -999.250 -999.250 -999.250 -999.250 -999.250 -999.250 -999.250 -999.250 -999.250 -999.250 -999.250 -999.250 -999.250 -999.250 -999.250 -999.250 -999.250 -999.250 14.696 15.344 13.390 13.963 11.290 12.106 10.987 11.357 12.610 13.425 14.360 17.099 12.552 14.127 13.429 13.498 16.877 14.945 15.722 16.398 17.823 19.539 24.593 20.526 20.270 23.847 21.970 34.773 35.520 37.418 39.391 38.634 33.584 29.168 30.337 29.689 30.925 33.439
-999.250 -999.250 -999.250 -999.250 -999.250 -999.250 -999.250 -999.250 -999.250 -999.250 -999.250 -999.250 -999.250 -999.250 -999.250 -999.250 -999.250 -999.250 -999.250 -999.250 -999.250 -999.250 -999.250 -999.250 -999.250 -999.250 -999.250 -999.250 -999.250 -999.250 15.255 12.184 12.224 12.763 13.766 11.386 12.162 9.593 11.421 13.656 13.050 15.065 12.922 14.788 12.551 13.704 13.009 13.446 15.050 17.177 20.704 17.595 26.454 24.460 20.006 25.388 26.818 31.987 29.036 29.531 38.165 38.529 35.264 35.345 35.717 35.140 31.792 26.843
-999.250 -999.250 -999.250 -999.250 -999.250 -999.250 -999.250 -999.250 -999.250 -999.250 -999.250 -999.250 -999.250 -999.250 -999.250 -999.250 -999.250 -999.250 -999.250 -999.250 -999.250 -999.250 -999.250 -999.250 -999.250 -999.250 -999.250 -999.250 -999.250 11.786 12.837 12.555 13.308 14.255 13.424 11.392 12.674 11.737 11.776 11.423 11.761 14.505 14.172 12.973 13.068 13.412 12.383 14.446 14.456 15.420 18.757 24.336 20.905 23.745 22.287 20.401 29.763 26.919 30.223 29.583 39.095 36.064 38.866 33.640 39.686 37.996 36.522 30.550
-999.250 -999.250 -999.250 -999.250 -999.250 -999.250 -999.250 -999.250 -999.250 -999.250 -999.250 -999.250 -999.250 -999.250 -999.250 -999.250 -999.250 -999.250 -999.250 -999.250 -999.250 -999.250 -999.250 -999.250 -999.250 -999.250 -999.250 -999.250 -999.250 10.047 11.580 12.371 11.409 13.605 10.660 10.899 11.759 11.858 11.492 11.515 12.503 12.302 10.887 13.040 14.387 13.032 14.482 14.111 15.070 17.905 20.285 20.494 22.935 22.360 24.891 26.934 26.180 30.746 31.511 32.398 36.692 41.836 34.149 35.564 41.236 36.608 35.999 30.988
-999.250 -999.250 -999.250 -999.250 -999.250 -999.250 -999.250 -999.250 -999.250 -999.250 -999.250 -999.250 -999.250 -999.250 -999.250 -999.250 -999.250 -999.250 -999.250 -999.250 -999.250 -999.250 -999.250 -999.250 -999.250 -999.250 -999.250 -999.250 7.476 9.466 10.631 9.909 10.118 10.319 9.597 8.552 11.453 11.765 11.883 11.914 10.141 9.883 9.056 12.488 12.823 13.658 11.361 15.194 16.205 17.709 16.178 19.153 21.654 26.127 26.872 25.869 27.006 29.582 28.255 33.200 36.334 38.081 32.935 40.127 40.859 33.642 38.632 27.029
-999.250 -999.250 -999.250 -999.250 -999.250 -999.250 -999.250 -999.250 -999.250 -999.250 -999.250 -999.250 -999.250 -999.250 -999.250 -999.250 -999.250 -999.250 -999.250 -999.250 -999.250 -999.250 -999.250 -999.250 -999.250 -999.250 -999.250 -999.250 9.266 8.454 8.114 6.595 8.750 8.744 8.531 8.624 9.238 11.255 8.730 8.359 6.514 7.818 8.495 12.722 13.359 11.103 13.592 12.117 15.310 15.574 14.474 17.865 19.720 20.055 26.745 25.528 28.593 26.868 33.497 26.875 29.181 34.861 37.686 36.884 39.976 34.640 33.726 32.562
-999.250 -999.250 -999.250 -999.250 -999.250 -999.250 -999.250 -999.250 -999.250 -999.250 -999.250 -999.250 -999.250 -999.250 -999.250 -999.250 -999.250 -999.250 -999.250 -999.250 -999.250 -999.250 -999.250 -999.250 -999.250 -999.250 -999.250 8.593 8.428 6.260 3.509 5.741 6.845 9.100 7.816 8.077 6.747 7.984 7.207 3.964 0.000 4.443 9.250 11.074 10.460 10.665 11.605 11.976 13.902 13.751 16.834 19.695 21.196 21.742 19.032 22.460 25.141 25.873 28.535 24.986 24.423 32.209 33.899 34.437 34.338 31.358 31.018 22.216
-999.250 -999.250 -999.250 -999.250 -999.250 -999.250 -999.250 -999.250 -999.250 -999.250 -999.250 -999.250 -999.250 -999.250 -999.250 -999.250 -999.250 -999.250 -999.250 -999.250 -999.250 -999.250 -999.250 -999.250 -999.250 -999.250 -999.250 8.931 7.555 3.438 0.000 3.537 6.152 7.132 6.378 6.381 8.426 8.545 6.560 4.696 4.202 6.494 7.299 10.160 11.384 11.447 11.839 12.094 12.779 14.447 12.158 17.496 19.704 17.738 18.167 20.289 22.902 26.449 27.206 26.217 24.179 23.428 34.154 30.879 28.949 30.137 25.930 22.852
-999.250 -999.250 -999.250 -999.250 -999.250 -999.250 -999.250 -999.250 -999.250 -999.250 -999.250 -999.250 -999.250 -999.250 -999.250 -999.250 -999.250 -999.250 -999.250 -999.250 -999.250 -999.250 -999.250 -999.250 -999.250 -999.250 -999.250 7.407 6.969 4.150 3.259 3.653 6.528 5.188 6.123 7.440 9.662 7.873 7.311 5.572 6.401 5.660 7.909 9.213 9.490 10.844 9.291 10.678 13.237 12.499 12.542 16.314 18.696 17.329 17.119 22.691 24.181 23.963 25.490 27.826 24.916 26.598 26.326 23.411 24.479 25.994 23.418 23.436
