data/medianmodel_28-Feb-2021.asc
ncols	141
nrows	288
xllcorner	-120191.398
yllcorner	-301404.813
cellsize	2000.000
NODATA_value	-999.250
[rows 90 to 119 of 288, columns 0 to 65 of 141]
-999.250 -999.250 -999.250 -999.250 -999.250 -999.250 -999.250 -999.250 -999.250 -999.250 -999.250 -999.250 -999.250 -999.250 -999.250 -999.250 -999.250 -999.250 -999.250 -999.250 -999.250 -999.250 -999.250 -999.250 -999.250 -999.250 -999.250 -999.250 -999.250 -999.250 -999.250 -999.250 114.304 119.067 126.552 136.796 136.324 140.317 147.545 161.111 157.163 153.670 157.689 162.452 165.197 161.091 152.144 142.849 138.703 129.615 104.292 95.801 80.524 81.064 75.854 71.266 62.227 63.512 61.584 56.981 60.939 62.672 68.293 64.182 57.805 60.090
-999.250 -999.250 -999.250 -999.250 -999.250 -999.250 -999.250 -999.250 -999.250 -999.250 -999.250 -999.250 -999.250 -999.250 -999.250 -999.250 -999.250 -999.250 -999.250 -999.250 -999.250 -999.250 -999.250 -999.250 -999.250 -999.250 -999.250 -999.250 -999.250 -999.250 -999.250 -999.250 102.285 109.164 112.169 124.122 130.448 133.693 136.600 147.255 152.566 154.195 157.463 158.208 162.585 163.127 155.689 144.310 133.884 120.900 97.312 90.140 79.977 74.582 65.529 62.190 63.259 61.204 62.258 57.995 58.988 64.306 65.113 61.613 58.265 52.175
-999.250 -999.250 -999.250 -999.250 -999.250 -999.250 -999.250 -999.250 -999.250 -999.250 -999.250 -999.250 -999.250 -999.250 -999.250 -999.250 -999.250 -999.250 -999.250 -999.250 -999.250 -999.250 -999.250 -999.250 -999.250 -999.250 -999.250 -999.250 -999.250 -999.250 -999.250 98.312 94.755 99.084 105.082 112.563 120.777 129.391 137.805 148.546 147.741 157.244 163.171 160.994 161.203 165.064 158.076 148.754 130.506 121.909 98.785 89.218 82.306 74.327 66.443 62.096 59.214 60.493 60.124 64.704 62.282 63.801 66.539 60.812 53.282 46.953
-999.250 -999.250 -999.250 -999.250 -999.250 -999.250 -999.250 -999.250 -999.250 -999.250 -999.250 -999.250 -999.250 -999.250 -999.250 -999.250 -999.250 -999.250 -999.250 -999.250 -999.250 -999.250 -999.250 -999.250 -999.250 -999.250 -999.250 -999.250 -999.250 -999.250 -999.250 87.552 85.247 89.319 91.457 105.157 114.326 123.936 133.373 147.352 144.893 152.973 156.468 156.396 160.695 163.537 157.752 149.859 131.954 111.855 103.832 86.520 76.997 71.394 65.810 59.635 59.714 61.175 64.394 62.191 68.491 70.847 66.865 63.130 54.989 47.872
-999.250 -999.250 -999.250 -999.250 -999.250 -999.250 -999.250 -999.250 -999.250 -999.250 -999.250 -999.250 -999.250 -999.250 -999.250 -999.250 -999.250 -999.250 -999.250 -999.250 -999.250 -999.250 -999.250 -999.250 -999.250 -999.250 -999.250 -999.250 -999.250 -999.250 -999.250 83.753 87.409 82.141 83.667 96.028 102.823 124.209 131.635 140.843 159.652 159.564 163.716 172.827 175.710 173.864 162.035 159.032 136.467 133.524 107.728 92.243 80.789 76.624 63.867 64.254 56.856 62.092 64.351 72.388 74.624 79.621 80.120 75.712 72.369 60.023
-999.250 -999.250 -999.250 -999.250 -999.250 -999.250 -999.250 -999.250 -999.250 -999.250 -999.250 -999.250 -999.250 -999.250 -999.250 -999.250 -999.250 -999.250 -999.250 -999.250 -999.250 -999.250 -999.250 -999.250 -999.250 -999.250 -999.250 -999.250 -999.250 -999.250 -999.250 83.548 80.147 74.134 76.065 90.594 108.220 125.566 134.289 141.863 159.084 172.735 187.729 187.968 190.627 177.882 177.555 167.656 152.925 137.617 123.487 106.043 91.709 80.645 69.754 68.173 64.177 64.648 70.955 79.790 87.662 95.803 103.682 107.459 100.752 93.842
-999.250 -999.250 -999.250 -999.250 -999.250 -999.250 -999.250 -999.250 -999.250 -999.250 -999.250 -999.250 -999.250 -999.250 -999.250 -999.250 -999.250 -999.250 -999.250 -999.250 -999.250 -999.250 -999.250 -999.250 -999.250 -999.250 -999.250 -999.250 -999.250 -999.250 91.966 83.514 83.984 84.876 85.157 94.846 115.593 129.314 141.337 152.643 169.627 179.815 196.594 205.680 206.685 208.350 196.498 179.190 165.008 152.360 129.610 122.958 101.709 82.629 76.935 67.111 58.636 59.381 76.378 95.675 108.070 118.809 134.034 142.438 151.665 133.928
-999.250 -999.250 -999.250 -999.250 -999.250 -999.250 -999.250 -999.250 -999.250 -999.250 -999.250 -999.250 -999.250 -999.250 -999.250 -999.250 -999.250 -999.250 -999.250 -999.250 -999.250 -999.250 -999.250 -999.250 -999.250 -999.250 -999.250 -999.250 -999.250 -999.250 94.693 90.829 89.070 94.572 99.107 110.979 118.834 136.698 143.455 159.832 166.177 186.497 204.304 214.845 215.205 223.380 215.929 200.102 176.031 158.771 139.261 128.056 106.080 89.106 81.100 61.801 59.626 57.711 74.509 97.434 121.426 139.657 173.823 204.814 199.822 184.929
-999.250 -999.250 -999.250 -999.250 -999.250 -999.250 -999.250 -999.250 -999.250 -999.250 -999.250 -999.250 -999.250 -999.250 -999.250 -999.250 -999.250 -999.250 -999.250 -999.250 -999.250 -999.250 -999.250 -999.250 -999.250 -999.250 -999.250 -999.250 -999.250 -999.250 97.346 98.993 96.954 111.377 114.175 121.458 128.692 138.788 154.898 165.816 175.438 192.459 211.394 217.838 227.757 232.203 219.169 212.282 185.637 166.166 152.959 133.563 118.838 107.391 89.160 73.455 62.378 45.439 77.255 107.298 143.111 165.153 200.505 229.107 263.899 222.099
-999.250 -999.250 -999.250 -999.250 -999.250 -999.250 -999.250 -999.250 -999.250 -999.250 -999.250 -999.250 -999.250 -999.250 -999.250 -999.250 -999.250 -999.250 -999.250 -999.250 -999.250 -999.250 -999.250 -999.250 -999.250 -999.250 -999.250 -999.250 -999.250 -999.250 110.826 106.815 114.120 121.390 125.888 131.118 140.684 152.450 165.339 175.904 188.512 210.822 219.895 233.773 242.205 239.831 234.119 219.523 209.691 174.019 168.877 152.603 128.355 117.160 105.439 87.837 76.843 83.089 91.464 121.214 153.188 179.823 210.095 239.223 250.300 230.591
-999.250 -999.250 -999.250 -999.250 -999.250 -999.250 -999.250 -999.250 -999.250 -999.250 -999.250 -999.250 -999.250 -999.250 -999.250 -999.250 -999.250 -999.250 -999.250 -999.250 -999.250 -999.250 -999.250 -999.250 -999.250 -999.250 -999.250 -999.250 -999.250 118.490 120.518 129.937 132.131 130.825 137.869 146.800 145.608 167.691 190.484 195.728 215.866 218.417 237.028 233.242 244.796 248.094 246.251 236.366 214.221 197.826 177.284 158.226 139.062 123.347 116.362 104.869 105.612 108.943 123.201 138.332 165.711 189.441 218.427 230.887 234.821 222.809
-999.250 -999.250 -999.250 -999.250 -999.250 -999.250 -999.250 -999.250 -999.250 -999.250 -999.250 -999.250 -999.250 -999.250 -999.250 -999.250 -999.250 -999.250 -999.250 -999.250 -999.250 -999.250 -999.250 -999.250 -999.250 -999.250 -999.250 -999.250 -999.250 129.084 128.380 139.738 146.113 145.807 154.518 161.736 167.530 183.729 196.646 215.536 219.613 226.289 245.443 251.366 255.384 265.040 255.676 246.540 238.977 219.239 181.421 167.461 152.104 147.968 140.618 133.418 129.392 128.350 141.903 157.327 176.939 204.954 215.280 231.641 228.656 221.612
-999.250 -999.250 -999.250 -999.250 -999.250 -999.250 -999.250 -999.250 -999.250 -999.250 -999.250 -999.250 -999.250 -999.250 -999.250 -999.250 -999.250 -999.250 -999.250 -999.250 -999.250 -999.250 -999.250 -999.250 -999.250 -999.250 -999.250 -999.250 -999.250 139.162 140.199 146.515 161.226 162.862 163.815 173.756 186.708 200.149 209.975 233.228 243.475 240.688 246.245 264.099 270.526 282.895 266.964 256.479 250.775 227.989 215.482 176.856 167.244 160.654 156.305 155.236 151.857 153.944 165.865 179.067 187.713 205.640 219.879 221.353 226.238 217.108
-999.250 -999.250 -999.250 -999.250 -999.250 -999.250 -999.250 -999.250 -999.250 -999.250 -999.250 -999.250 -999.250 -999.250 -999.250 -999.250 -999.250 -999.250 -999.250 -999.250 -999.250 -999.250 -999.250 -999.250 -999.250 -999.250 -999.250 -999.250 -999.250 161.897 159.063 161.103 171.174 180.532 187.702 199.828 208.583 209.209 220.208 236.864 249.600 248.830 258.387 267.836 281.293 299.794 301.134 269.253 256.127 243.108 226.010 207.086 187.544 174.901 173.428 166.944 168.828 168.387 183.139 180.403 188.078 212.277 226.230 225.595 222.614 214.899
-999.250 -999.250 -999.250 -999.250 -999.250 -999.250 -999.250 -999.250 -999.250 -999.250 -999.250 -999.250 -999.250 -999.250 -999.250 -999.250 -999.250 -999.250 -999.250 -999.250 -999.250 -999.250 -999.250 -999.250 -999.250 -999.250 -999.250 -999.250 158.255 164.393 182.462 174.382 190.859 189.167 203.806 216.151 227.667 226.670 242.493 247.069 251.488 256.031 267.705 267.610 295.385 307.176 296.752 297.879 261.438 249.157 231.571 212.294 203.153 199.420 188.437 186.588 180.107 188.975 194.712 200.623 196.519 207.721 219.668 217.091 213.615 216.674
-999.250 -999.250 -999.250 -999.250 -999.250 -999.250 -999.250 -999.250 -999.250 -999.250 -999.250 -999.250 -999.250 -999.250 -999.250 -999.250 -999.250 -999.250 -999.250 -999.250 -999.250 -999.250 -999.250 -999.250 -999.250 -999.250 -999.250 -999.250 177.512 183.137 191.255 188.305 199.436 208.388 220.906 229.454 236.416 243.734 255.769 248.788 244.656 254.191 263.991 273.458 306.750 318.682 351.058 301.911 273.658 251.443 243.790 229.371 218.137 208.612 204.553 197.399 202.366 204.207 203.040 196.434 207.346 207.611 219.799 228.251 224.685 208.425
-999.250 -999.250 -999.250 -999.250 -999.250 -999.250 -999.250 -999.250 -999.250 -999.250 -999.250 -999.250 -999.250 -999.250 -999.250 -999.250 -999.250 -999.250 -999.250 -999.250 -999.250 -999.250 -999.250 -999.250 -999.250 -999.250 -999.250 188.456 191.705 196.807 196.582 203.425 215.576 231.875 225.723 234.430 248.575 248.905 261.656 252.402 250.241 252.000 267.195 275.875 284.378 302.257 313.324 297.165 268.755 248.426 246.695 233.554 213.230 214.655 210.455 204.089 216.546 218.078 198.079 207.311 210.319 213.422 214.701 229.731 229.667 225.456
-999.250 -999.250 -999.250 -999.250 -999.250 -999.250 -999.250 -999.250 -999.250 -999.250 -999.250 -999.250 -999.250 -999.250 -999.250 -999.250 -999.250 -999.250 -999.250 -999.250 -999.250 -999.250 -999.250 -999.250 -999.250 -999.250 -999.250 198.276 194.402 206.818 206.247 223.778 224.438 235.145 236.283 240.523 237.526 245.125 245.368 243.576 253.128 249.710 260.754 251.381 268.225 268.302 288.069 267.737 251.990 252.765 245.809 236.791 224.523 216.337 216.169 208.074 205.126 206.413 203.944 209.054 213.139 220.963 221.987 226.984 219.815 215.987
-999.250 -999.250 -999.250 -999.250 -999.250 -999.250 -999.250 -999.250 -999.250 -999.250 -999.250 -999.250 -999.250 -999.250 -999.250 -999.250 -999.250 -999.250 -999.250 -999.250 -999.250 -999.250 -999.250 -999.250 -999.250 -999.250 -999.250 198.976 214.525 223.833 222.020 225.858 230.821 236.343 238.441 239.219 243.861 239.642 235.206 238.068 237.877 249.503 250.801 247.928 255.573 248.464 254.762 256.996 250.704 248.124 237.954 228.968 221.677 216.245 211.596 214.128 201.519 198.074 202.194 204.928 216.105 211.343 216.312 210.610 212.255 203.790
-999.250 -999.250 -999.250 -999.250 -999.250 -999.250 -999.250 -999.250 -999.250 -999.250 -999.250 -999.250 -999.250 -999.250 -999.250 -999.250 -999.250 -999.250 -999.250 -999.250 -999.250 -999.250 -999.250 -999.250 -999.250 -999.250 -999.250 197.798 204.712 220.801 228.097 232.235 228.545 236.453 235.790 231.411 231.130 233.578 228.674 224.859 233.390 243.536 225.472 231.474 238.523 227.420 241.966 238.489 228.616 239.360 231.946 224.609 219.851 223.029 224.096 216.958 207.045 202.604 201.630 207.684 207.946 204.893 203.567 196.791 193.981 198.008
-999.250 -999.250 -999.250 -999.250 -999.250 -999.250 -999.250 -999.250 -999.250 -999.250 -999.250 -999.250 -999.250 -999.250 -999.250 -999.250 -999.250 -999.250 -999.250 -999.250 -999.250 -999.250 -999.250 -999.250 -999.250 -999.250 -999.250 -999.250 209.081 219.485 226.447 225.238 231.676 237.982 236.766 235.335 228.322 225.811 221.463 218.850 221.846 216.898 213.029 206.664 213.406 217.414 217.117 233.752 227.791 220.605 221.395 225.173 216.047 218.350 221.811 227.943 219.617 212.196 200.122 192.401 193.867 204.744 190.751 197.040 180.116 173.244
-999.250 -999.250 -999.250 -999.250 -999.250 -999.250 -999.250 -999.250 -999.250 -999.250 -999.250 -999.250 -999.250 -999.250 -999.250 -999.250 -999.250 -999.250 -999.250 -999.250 -999.250 -999.250 -999.250 -999.250 -999.250 -999.250 -999.250 -999.250 208.387 212.049 212.369 220.578 222.966 225.867 227.015 230.578 226.157 229.205 219.224 215.259 215.168 206.108 190.396 183.949 182.499 189.012 208.097 214.177 224.574 214.987 205.962 210.645 219.560 238.457 232.454 241.197 244.621 237.519 216.545 205.690 183.969 193.746 192.328 181.585 169.934 159.889
-999.250 -999.250 -999.250 -999.250 -999.250 -999.250 -999.250 -999.250 -999.250 -999.250 -999.250 -999.250 -999.250 -999.250 -999.250 -999.250 -999.250 -999.250 -999.250 -999.250 -999.250 -999.250 -999.250 -999.250 -999.250 -999.250 -999.250 -999.250 201.114 201.728 202.666 217.400 223.979 226.658 223.479 232.525 216.328 207.901 203.257 210.492 187.008 198.833 182.170 175.181 171.936 170.134 206.296 209.498 219.823 216.059 221.020 218.557 234.488 238.723 244.728 256.440 260.951 250.955 253.569 221.304 209.944 201.670 190.114 182.332 169.103 156.369
-999.250 -999.250 -999.250 -999.250 -999.250 -999.250 -999.250 -999.250 -999.250 -999.250 -999.250 -999.250 -999.250 -999.250 -999.250 -999.250 -999.250 -999.250 -999.250 -999.250 -999.250 -999.250 -999.250 -999.250 -999.250 -999.250 -999.250 -999.250 207.930 207.508 207.352 221.050 216.950 225.487 215.591 208.006 194.739 213.567 207.984 195.616 177.270 175.423 182.879 170.569 167.875 152.258 191.634 222.484 240.785 241.016 238.735 220.334 246.450 253.606 260.000 282.480 295.302 299.479 277.055 251.974 235.134 222.690 189.823 180.569 166.903 155.124
-999.250 -999.250 -999.250 -999.250 -999.250 -999.250 -999.250 -999.250 -999.250 -999.250 -999.250 -999.250 -999.250 -999.250 -999.250 -999.250 -999.250 -999.250 -999.250 -999.250 -999.250 -999.250 -999.250 -999.250 -999.250 -999.250 -999.250 -999.250 199.335 199.225 214.804 214.396 210.271 207.614 210.771 202.692 195.982 186.632 183.752 181.578 175.304 176.563 175.007 175.091 177.454 190.370 215.794 255.072 266.115 276.777 269.838 267.878 274.814 290.615 317.026 315.296 331.639 336.450 316.874 272.402 253.661 226.644 209.998 188.230 169.877 147.260
-999.250 -999.250 -999.250 -999.250 -999.250 -999.250 -999.250 -999.250 -999.250 -999.250 -999.250 -999.250 -999.250 -999.250 -999.250 -999.250 -999.250 -999.250 -999.250 -999.250 -999.250 -999.250 -999.250 -999.250 -999.250 -999.250 -999.250 201.549 203.169 210.381 207.048 207.529 215.533 204.451 193.573 192.523 190.012 187.142 176.947 169.393 169.004 186.332 181.183 198.326 212.476 233.720 252.771 283.933 317.282 335.643 343.550 322.152 313.909 325.058 333.360 370.913 386.122 378.377 367.659 324.813 269.698 244.382 211.309 182.554 168.194 147.961
-999.250 -999.250 -999.250 -999.250 -999.250 -999.250 -999.250 -999.250 -999.250 -999.250 -999.250 -999.250 -999.250 -999.250 -999.250 -999.250 -999.250 -999.250 -999.250 -999.250 -999.250 -999.250 -999.250 -999.250 -999.250 -999.250 -999.250 181.221 188.981 200.008 205.785 202.151 202.464 198.557 191.175 197.971 183.308 190.945 185.246 176.114 180.713 186.029 185.879 209.815 226.425 249.520 276.224 339.457 374.535 431.645 396.754 363.781 369.147 341.051 395.171 433.738 434.037 467.515 375.128 330.244 271.828 243.147 219.445 180.313 168.402 144.646
-999.250 -999.250 -999.250 -999.250 -999.250 -999.250 -999.250 -999.250 -999.250 -999.250 -999.250 -999.250 -999.250 -999.250 -999.250 -999.250 -999.250 -999.250 -999.250 -999.250 -999.250 -999.250 -999.250 -999.250 -999.250 -999.250 -999.250 184.024 188.197 195.456 204.655 195.828 197.960 199.509 197.793 199.203 193.039 189.134 185.830 188.141 187.916 202.804 199.678 218.272 239.541 263.902 298.359 359.557 419.431 481.749 425.276 422.368 386.210 347.079 411.629 423.980 478.535 497.322 413.686 322.587 265.544 242.714 208.935 185.016 163.600 140.838
-999.250 -999.250 -999.250 -999.250 -999.250 -999.250 -999.250 -999.250 -999.250 -999.250 -999.250 -999.250 -999.250 -999.250 -999.250 -999.250 -999.250 -999.250 -999.250 -999.250 -999.250 -999.250 -999.250 -999.250 -999.250 -999.250 156.657 168.152 177.283 186.054 188.387 179.083 198.656 195.806 202.317 201.137 190.276 192.372 190.942 195.639 188.724 199.365 208.897 224.032 245.941 262.894 290.113 339.426 380.357 419.357 437.646 383.507 358.589 346.083 376.892 390.891 436.707 427.828 340.802 274.408 249.899 224.215 197.205 172.085 152.030 141.962
-999.250 -999.250 -999.250 -999.250 -999.250 -999.250 -999.250 -999.250 -999.250 -999.250 -999.250 -999.250 -999.250 -999.250 -999.250 -999.250 -999.250 -999.250 -999.250 -999.250 -999.250 -999.250 -999.250 -999.250 -999.250 -999.250 146.848 165.075 166.410 182.064 178.808 181.159 175.928 193.418 187.745 207.357 200.888 194.076 186.358 204.660 199.287 194.401 217.204 223.490 247.727 259.521 268.075 306.407 322.310 361.135 380.877 364.031 337.431 328.592 333.636 347.194 328.486 286.288 250.498 218.692 200.368 189.282 169.377 154.716 138.890 127.332
