data/medianmodel_19-Dec-2020.asc
ncols	141
nrows	288
xllcorner	-120191.398
yllcorner	-301404.813
cellsize	2000.000
NODATA_value	-999.250
[rows 0 to 28 of 288, columns 64 to 127 of 141]
-999.250 -999.250 -999.250 -999.250 -999.250 -999.250 -999.250 -999.250 -999.250 -999.250 -999.250 -999.250 -999.250 -999.250 -999.250 -999.250 -999.250 -999.250 -999.250 -999.250 -999.250 -999.250 -999.250 -999.250 -999.250 -999.250 -999.250 -999.250 -999.250 -999.250 -999.250 -999.250 -999.250 -999.250 -999.250 -999.250 -999.250 -999.250 -999.250 -999.250 -999.250 -999.250 -999.250 -999.250 -999.250 -999.250 -999.250 -999.250 -999.250 -999.250 -999.250 -999.250 -999.250 -999.250 -999.250 -999.250 -999.250 -999.250 -999.250 -999.250 -999.250 -999.250 -999.250 -999.250
-999.250 -999.250 -999.250 -999.250 -999.250 -999.250 -999.250 -999.250 -999.250 -999.250 -999.250 -999.250 -999.250 -999.250 -999.250 -999.250 -999.250 -999.250 -999.250 -999.250 -999.250 -999.250 -999.250 -999.250 -999.250 -999.250 -999.250 -999.250 -999.250 -999.250 -999.250 -999.250 -999.250 -999.250 -999.250 -999.250 -999.250 -999.250 -999.250 -999.250 -999.250 -999.250 -999.250 -999.250 -999.250 -999.250 -999.250 -999.250 -999.250 -999.250 -999.250 -999.250 -999.250 -999.250 -999.250 -999.250 -999.250 -999.250 -999.250 -999.250 -999.250 -999.250 -999.250 -999.250
-999.250 -999.250 -999.250 -999.250 -999.250 -999.250 -999.250 -999.250 -999.250 -999.250 -999.250 -999.250 -999.250 -999.250 -999.250 -999.250 -999.250 -999.250 -999.250 -999.250 -999.250 -999.250 -999.250 -999.250 -999.250 -999.250 -999.250 -999.250 -999.250 -999.250 -999.250 -999.250 -999.250 -999.250 -999.250 -999.250 -999.250 -999.250 -999.250 -999.250 -999.250 -999.250 -999.250 -999.250 -999.250 -999.250 -999.250 -999.250 -999.250 -999.250 -999.250 -999.250 -999.250 -999.250 -999.250 -999.250 -999.250 -999.250 -999.250 -999.250 -999.250 -999.250 -999.250 -999.250
-999.250 -999.250 -999.250 -999.250 -999.250 -999.250 -999.250 -999.250 -999.250 -999.250 -999.250 -999.250 -999.250 -999.250 -999.250 -999.250 -999.250 -999.250 -999.250 -999.250 -999.250 -999.250 -999.250 -999.250 -999.250 -999.250 -999.250 -999.250 -999.250 -999.250 -999.250 -999.250 -999.250 -999.250 -999.250 -999.250 -999.250 -999.250 -999.250 -999.250 -999.250 -999.250 -999.250 -999.250 -999.250 -999.250 -999.250 -999.250 -999.250 -999.250 -999.250 -999.250 -999.250 -999.250 -999.250 -999.250 -999.250 -999.250 -999.250 -999.250 -999.250 -999.250 -999.250 -999.250
-999.250 -999.250 -999.250 -999.250 -999.250 -999.250 -999.250 -999.250 -999.250 -999.250 -999.250 -999.250 -999.250 -999.250 -999.250 -999.250 -999.250 -999.250 -999.250 -999.250 -999.250 -999.250 -999.250 -999.250 -999.250 -999.250 -999.250 -999.250 -999.250 -999.250 -999.250 -999.250 -999.250 -999.250 -999.250 -999.250 -999.250 -999.250 -999.250 -999.250 -999.250 -999.250 -999.250 -999.250 -999.250 -999.250 -999.250 -999.250 -999.250 -999.250 -999.250 -999.250 -999.250 -999.250 -999.250 -999.250 -999.250 -999.250 -999.250 -999.250 -999.250 -999.250 -999.250 -999.250
-999.250 -999.250 -999.250 -999.250 -999.250 -999.250 -999.250 -999.250 -999.250 -999.250 -999.250 -999.250 -999.250 -999.250 -999.250 -999.250 -999.250 -999.250 -999.250 -999.250 -999.250 -999.250 -999.250 -999.250 -999.250 -999.250 -999.250 -999.250 -999.250 -999.250 -999.250 -999.250 -999.250 -999.250 -999.250 -999.250 -999.250 -999.250 -999.250 -999.250 -999.250 -999.250 -999.250 -999.250 -999.250 -999.250 -999.250 -999.250 -999.250 -999.250 -999.250 -999.250 -999.250 -999.250 -999.250 -999.250 -999.250 -999.250 -999.250 -999.250 -999.250 -999.250 -999.250 -999.250
-999.250 -999.250 -999.250 -999.250 -999.250 -999.250 -999.250 -999.250 -999.250 -999.250 -999.250 -999.250 -999.250 -999.250 -999.250 -999.250 -999.250 -999.250 -999.250 -999.250 -999.250 -999.250 -999.250 -999.250 -999.250 -999.250 -999.250 -999.250 -999.250 -999.250 -999.250 -999.250 -999.250 -999.250 -999.250 -999.250 -999.250 -999.250 -999.250 -999.250 -999.250 -999.250 -999.250 -999.250 -999.250 -999.250 -999.250 -999.250 -999.250 -999.250 -999.250 -999.250 -999.250 -999.250 -999.250 -999.250 -999.250 -999.250 -999.250 -999.250 -999.250 -999.250 -999.250 -999.250
-999.250 -999.250 -999.250 -999.250 -999.250 -999.250 -999.250 -999.250 -999.250 -999.250 -999.250 -999.250 -999.250 -999.250 -999.250 -999.250 -999.250 -999.250 -999.250 -999.250 -999.250 -999.250 -999.250 -999.250 -999.250 -999.250 -999.250 -999.250 -999.250 -999.250 -999.250 -999.250 -999.250 -999.250 -999.250 -999.250 -999.250 -999.250 -999.250 -999.250 -999.250 -999.250 -999.250 -999.250 -999.250 -999.250 -999.250 -999.250 -999.250 -999.250 -999.250 -999.250 -999.250 -999.250 -999.250 -999.250 -999.250 -999.250 -999.250 -999.250 -999.250 -999.250 -999.250 -999.250
-999.250 -999.250 -999.250 -999.250 -999.250 -999.250 -999.250 -999.250 -999.250 -999.250 -999.250 -999.250 -999.250 -999.250 -999.250 -999.250 -999.250 -999.250 -999.250 -999.250 -999.250 -999.250 -999.250 -999.250 -999.250 -999.250 -999.250 -999.250 -999.250 -999.250 -999.250 -999.250 -999.250 -999.250 -999.250 -999.250 -999.250 -999.250 -999.250 -999.250 -999.250 -999.250 -999.250 -999.250 -999.250 -999.250 -999.250 -999.250 -999.250 -999.250 463.551 -999.250 -999.250 -999.250 -999.250 -999.250 -999.250 -999.250 -999.250 -999.250 -999.250 -999.250 -999.250 -999.250
-999.250 -999.250 -999.250 -999.250 -999.250 -999.250 -999.250 -999.250 -999.250 -999.250 -999.250 -999.250 -999.250 -999.250 -999.250 -999.250 -999.250 -999.250 -999.250 -999.250 -999.250 -999.250 -999.250 -999.250 -999.250 -999.250 -999.250 -999.250 -999.250 -999.250 -999.250 -999.250 -999.250 -999.250 -999.250 441.861 417.084 358.049 332.399 -999.250 -999.250 -999.250 -999.250 279.866 -999.250 -999.250 -999.250 -999.250 -999.250 -999.250 485.932 516.643 -999.250 -999.250 -999.250 -999.250 -999.250 -999.250 -999.250 -999.250 -999.250 -999.250 -999.250 -999.250
-999.250 -999.250 -999.250 -999.250 -999.250 -999.250 -999.250 -999.250 -999.250 -999.250 -999.250 -999.250 -999.250 -999.250 -999.250 -999.250 -999.250 -999.250 -999.250 -999.250 -999.250 -999.250 -999.250 -999.250 -999.250 -999.250 -999.250 -999.250 -999.250 -999.250 -999.250 -999.250 -999.250 -999.250 -999.250 440.188 407.128 357.229 332.471 -999.250 -999.250 -999.250 271.388 319.366 334.603 -999.250 -999.250 -999.250 -999.250 -999.250 493.788 551.113 578.332 -999.250 -999.250 -999.250 -999.250 -999.250 -999.250 1048.976 1043.714 -999.250 -999.250 -999.250
-999.250 -999.250 -999.250 -999.250 -999.250 -999.250 -999.250 -999.250 -999.250 -999.250 -999.250 -999.250 -999.250 -999.250 -999.250 -999.250 -999.250 -999.250 -999.250 -999.250 -999.250 -999.250 -999.250 -999.250 -999.250 -999.250 -999.250 -999.250 -999.250 -999.250 -999.250 -999.250 -999.250 -999.250 -999.250 486.950 417.900 373.144 344.422 296.610 297.414 302.139 315.394 303.146 337.920 356.451 360.556 403.973 461.175 494.104 532.971 574.324 631.485 714.397 788.213 861.750 914.753 1011.363 998.349 1075.644 1101.752 -999.250 -999.250 -999.250
-999.250 -999.250 -999.250 -999.250 -999.250 587.118 -999.250 -999.250 -999.250 -999.250 -999.250 -999.250 -999.250 -999.250 -999.250 -999.250 -999.250 -999.250 -999.250 -999.250 -999.250 -999.250 -999.250 -999.250 -999.250 -999.250 -999.250 -999.250 -999.250 -999.250 -999.250 -999.250 -999.250 -999.250 -999.250 534.292 440.101 384.817 358.937 322.302 310.640 305.449 306.127 322.796 345.672 364.202 407.493 429.862 502.288 526.260 558.255 596.673 653.825 756.043 881.176 968.045 1033.691 1079.269 1112.932 1154.452 1141.487 -999.250 -999.250 -999.250
-999.250 -999.250 -999.250 -999.250 -999.250 650.735 -999.250 -999.250 -999.250 -999.250 -999.250 -999.250 -999.250 872.334 -999.250 -999.250 -999.250 -999.250 -999.250 -999.250 -999.250 -999.250 -999.250 -999.250 -999.250 -999.250 -999.250 -999.250 -999.250 -999.250 -999.250 -999.250 -999.250 -999.250 -999.250 535.630 471.061 415.001 363.436 341.701 319.948 309.308 314.651 316.021 341.920 356.238 411.108 446.596 509.337 537.437 586.837 636.528 742.715 800.159 963.627 1067.747 1105.212 1141.227 1138.636 1199.018 1197.153 -999.250 -999.250 -999.250
-999.250 -999.250 -999.250 -999.250 -999.250 656.616 -999.250 -999.250 -999.250 -999.250 766.410 764.937 831.070 822.332 900.544 -999.250 -999.250 -999.250 -999.250 -999.250 -999.250 -999.250 -999.250 -999.250 -999.250 -999.250 -999.250 -999.250 -999.250 -999.250 -999.250 -999.250 -999.250 -999.250 -999.250 559.427 518.270 415.998 382.631 349.629 325.601 301.361 311.836 301.873 336.604 376.658 420.957 464.687 536.327 591.141 628.283 738.303 789.257 896.262 1022.757 1117.009 1178.893 1240.728 1231.102 1292.326 1313.367 1379.635 -999.250 -999.250
-999.250 -999.250 638.925 631.948 672.492 721.473 -999.250 -999.250 792.219 792.687 766.375 818.218 801.476 850.848 806.634 852.120 941.793 993.486 -999.250 -999.250 -999.250 -999.250 -999.250 -999.250 -999.250 -999.250 -999.250 -999.250 -999.250 -999.250 -999.250 -999.250 725.576 644.990 624.849 543.845 520.090 449.469 407.289 372.514 345.981 310.366 331.245 332.695 360.112 382.359 452.460 515.859 563.821 629.133 724.639 774.310 856.820 974.349 1028.683 1174.474 1174.480 1275.137 1284.184 1382.599 1353.177 1492.348 -999.250 -999.250
-999.250 643.554 693.064 709.342 719.651 725.646 -999.250 767.763 747.007 820.081 856.022 867.723 846.189 797.821 884.163 884.680 958.894 -999.250 -999.250 -999.250 -999.250 -999.250 1156.383 1163.115 -999.250 -999.250 -999.250 1181.651 -999.250 -999.250 924.187 865.398 789.001 688.129 639.931 587.125 537.063 472.090 414.381 373.583 354.671 340.713 313.637 342.230 373.661 414.761 470.317 521.630 597.674 668.535 733.824 818.516 960.999 1011.320 1126.813 1172.212 1235.328 1316.237 1254.687 1439.488 1406.338 1480.442 -999.250 -999.250
-999.250 676.682 709.710 716.964 731.172 750.243 751.903 757.658 807.514 778.262 873.232 873.563 876.663 851.908 886.764 897.341 949.225 -999.250 -999.250 1062.663 1113.889 1162.529 1192.749 1176.470 1244.009 -999.250 1188.216 1184.597 1124.993 1038.652 1026.536 971.758 827.415 734.535 696.099 603.481 544.207 498.504 455.024 395.639 377.334 355.649 335.657 361.766 398.856 446.067 517.411 545.752 616.388 714.765 745.865 859.204 994.548 1136.668 1188.291 1251.133 1216.206 1309.763 1339.321 1501.324 1444.097 1381.040 -999.250 -999.250
658.494 642.702 718.637 719.247 751.523 785.794 779.711 807.313 853.629 839.824 833.175 769.952 806.274 876.304 822.811 852.612 921.315 982.968 997.647 1013.219 1113.008 1152.799 1171.026 1161.403 1182.484 1234.437 1220.973 1106.208 1112.769 1020.479 961.115 924.393 817.460 772.574 699.078 627.816 583.645 551.940 495.891 429.084 408.003 380.560 389.406 409.118 447.592 515.314 552.813 602.420 670.934 750.399 862.589 919.127 1072.846 1146.278 1169.162 1230.133 1287.379 1385.929 1373.832 1460.913 1624.455 1534.787 -999.250 -999.250
655.269 698.587 735.314 721.609 783.803 830.681 879.763 808.634 851.660 851.229 837.169 778.304 764.680 820.247 842.668 828.445 951.903 1013.356 1030.218 1083.764 1153.880 1172.083 1214.319 1229.470 1278.098 1308.864 1205.322 1168.556 1147.157 1054.517 983.080 920.089 866.838 799.898 713.220 658.360 607.883 593.695 542.515 485.354 438.935 426.461 432.184 465.057 493.187 535.444 575.883 613.933 708.906 782.163 879.781 975.303 1058.123 1173.643 1237.906 1332.605 1334.818 1515.092 1563.483 1717.550 1832.832 1779.423 -999.250 -999.250
669.384 701.383 753.456 759.106 786.058 835.105 888.108 903.849 852.063 870.113 802.253 756.360 755.123 760.258 773.186 784.069 851.733 964.698 1062.505 1113.343 1121.943 1192.003 1307.451 1402.711 1367.379 1331.137 1230.518 1153.926 1110.965 1107.566 1029.079 904.104 800.967 772.012 744.600 638.225 596.273 587.434 557.432 533.124 481.632 461.744 477.383 493.959 534.975 558.115 613.583 662.907 720.722 818.121 989.685 1054.669 1127.306 1227.442 1251.884 1350.728 1385.856 1543.587 1559.434 1789.266 1829.070 -999.250 -999.250 -999.250
671.535 703.321 703.113 745.253 814.230 828.365 923.872 966.989 883.069 819.918 794.347 735.922 705.355 697.324 725.329 756.153 828.445 927.887 1023.455 1061.784 1163.880 1225.555 1419.284 1583.509 1388.580 1318.335 1234.150 1168.941 1079.171 1078.882 998.136 932.181 832.837 753.280 752.467 682.997 629.543 597.737 558.608 559.035 517.857 507.595 514.667 527.635 537.795 587.689 603.769 665.482 752.701 899.038 974.091 1114.332 1170.260 1250.000 1281.644 1444.893 1594.666 1701.049 1749.994 1894.296 2094.474 -999.250 -999.250 -999.250
673.641 703.473 698.326 747.775 737.688 805.792 832.327 899.859 847.601 839.340 758.637 708.388 664.097 636.894 685.269 726.944 763.168 894.347 995.162 1094.331 1151.073 1230.232 1298.316 1442.215 1364.068 1271.162 1221.341 1145.374 1108.476 1083.569 1006.274 944.277 820.797 773.996 712.872 713.758 691.856 622.826 588.568 572.890 566.790 541.134 537.566 598.585 593.817 615.472 691.324 722.834 785.643 914.727 1071.319 1124.036 1216.674 1285.471 1487.120 1661.093 1732.848 1784.973 2080.620 2109.975 2185.401 -999.250 -999.250 -999.250
674.325 684.212 673.178 689.777 679.316 719.466 759.677 763.865 750.638 727.631 725.336 663.525 627.017 606.607 615.301 642.721 721.367 824.313 924.678 1049.522 1158.976 1213.939 1286.840 1284.516 1216.866 1195.716 1191.966 1146.636 1119.655 1024.532 967.968 927.129 858.989 799.412 779.288 676.725 643.388 629.249 594.649 592.600 616.850 582.044 581.900 587.678 613.035 659.461 701.520 776.675 837.481 983.328 1120.257 1166.249 1244.318 1394.409 1427.899 1770.742 1916.095 2007.703 2109.497 2148.310 2147.494 -999.250 -999.250 -999.250
660.133 645.368 618.389 619.797 614.332 664.569 686.213 707.907 687.115 658.626 633.253 604.618 613.353 590.035 577.475 600.240 707.501 796.824 896.520 1052.679 1102.099 1164.697 1202.416 1195.264 1193.420 1161.418 1198.191 1130.474 1118.662 999.938 1004.780 968.247 859.453 765.060 725.904 642.636 625.166 615.976 596.018 592.602 588.105 590.499 585.227 607.332 645.017 662.487 732.989 769.108 873.831 966.014 1109.236 1215.252 1293.053 1366.444 1571.611 1884.453 2015.528 2106.687 2127.121 2206.048 2213.893 -999.250 -999.250 -999.250
639.553 624.737 594.104 599.019 596.567 607.455 631.856 622.237 605.504 594.991 581.797 586.737 582.960 586.605 582.378 604.957 694.835 784.108 886.550 1010.647 1109.209 1128.895 1178.936 1201.944 1175.247 1170.444 1143.683 1139.856 1161.750 1045.973 990.507 982.286 835.532 776.600 733.639 664.672 620.265 625.502 592.879 583.167 578.885 579.654 572.100 598.715 636.990 688.374 721.893 848.663 875.173 942.728 1063.843 1168.376 1397.346 1445.677 1829.042 1956.052 2007.626 2127.914 2240.114 2281.954 2358.177 2380.007 -999.250 -999.250
595.246 584.161 566.532 577.409 541.089 561.910 573.984 575.643 576.122 578.033 570.829 566.864 575.876 583.772 619.645 648.039 704.331 768.585 900.909 953.892 1102.982 1141.038 1161.990 1183.505 1190.818 1185.622 1163.528 1153.059 1184.666 1082.833 1036.989 933.587 864.136 801.161 736.999 655.973 625.441 596.974 601.041 576.067 575.831 563.822 580.421 597.250 653.547 721.595 788.617 791.516 871.332 1022.483 1124.365 1245.942 1361.464 1675.168 1740.205 1905.898 2041.340 2203.913 2281.231 2328.281 2385.215 2531.146 2514.578 -999.250
545.121 541.316 521.767 503.487 525.516 525.809 512.710 530.570 525.558 540.716 550.458 553.046 566.218 585.579 648.057 685.556 717.672 815.082 866.373 992.301 1139.465 1132.881 1156.939 1150.374 1160.863 1133.508 1133.003 1130.319 1139.178 1130.204 1105.948 1053.905 880.357 766.569 713.303 664.752 605.499 585.650 587.586 575.695 567.642 568.175 572.938 646.779 633.449 731.353 803.013 862.588 896.115 1035.801 1118.332 1206.262 1426.640 1592.428 1715.125 2053.740 2176.347 2265.115 2321.972 2402.489 2513.069 2544.934 2735.739 2706.380
515.726 492.466 491.146 487.255 491.724 483.871 509.144 486.383 504.155 531.889 534.565 548.596 583.106 615.434 694.154 732.732 822.925 903.954 1001.207 1075.372 1083.894 1149.712 1140.714 1148.609 1149.649 1140.191 1127.808 1120.861 1066.106 1116.475 1121.563 1021.646 910.954 781.110 667.913 617.846 588.715 583.701 547.964 539.406 555.542 564.476 590.964 593.153 644.049 711.981 774.868 802.798 914.690 1075.275 1131.296 1245.733 1378.099 1638.889 1664.792 2081.639 2203.398 2264.809 2321.170 2406.427 2546.354 2776.353 2799.172 2779.603
