data/medianmodel_26-Feb-2021.asc
ncols	141
nrows	288
xllcorner	-120191.398
yllcorner	-301404.813
cellsize	2000.000
NODATA_value	-999.250
[rows 58 to 86 of 288, columns 66 to 131 of 141]
714.451 965.534 995.211 944.496 722.965 607.358 520.655 456.402 368.451 290.822 217.093 155.822 117.221 82.039 68.168 68.580 61.360 62.614 60.728 66.954 67.122 64.303 62.889 63.863 65.718 67.458 76.292 87.114 94.521 122.514 136.222 148.345 172.098 197.120 199.267 200.349 174.681 153.040 126.522 108.443 83.576 67.512 53.816 46.519 33.625 32.264 28.058 25.338 27.726 26.664 31.846 -999.250 -999.250 -999.250 -999.250 -999.250 -999.250 -999.250 -999.250 -999.250 -999.250 -999.250 -999.250 -999.250 -999.250 -999.250
693.464 871.290 853.501 913.758 727.220 626.418 530.195 435.700 342.164 283.660 225.013 170.290 131.821 102.655 83.257 75.056 69.167 71.654 69.260 63.943 64.556 64.057 58.069 55.516 54.385 56.174 69.017 73.205 85.771 103.323 114.037 135.481 153.164 164.375 163.488 171.193 159.940 136.995 124.304 102.173 82.690 72.708 58.169 45.703 40.869 27.153 25.701 22.754 32.231 30.713 -999.250 -999.250 -999.250 -999.250 -999.250 -999.250 -999.250 -999.250 -999.250 -999.250 -999.250 -999.250 -999.250 -999.250 -999.250 -999.250
715.563 801.041 817.360 763.626 695.403 585.983 509.321 408.765 309.359 273.205 213.719 171.943 130.036 110.678 97.147 83.965 82.423 82.974 78.963 75.276 67.949 62.927 54.704 47.291 48.912 46.834 52.843 64.946 71.021 83.347 95.151 116.262 132.500 143.328 145.526 143.558 137.208 131.048 118.676 95.827 84.753 75.348 55.882 44.130 32.659 24.878 28.443 24.472 27.394 29.765 -999.250 -999.250 -999.250 -999.250 -999.250 -999.250 -999.250 -999.250 -999.250 -999.250 -999.250 -999.250 -999.250 -999.250 -999.250 -999.250
627.445 680.306 681.554 686.674 606.474 527.878 467.452 356.976 286.869 246.310 201.981 164.058 139.393 121.235 108.722 102.751 92.112 93.991 85.526 81.272 70.025 62.400 51.543 40.421 35.834 29.913 32.496 39.853 50.140 59.787 72.820 85.678 100.856 111.746 121.187 129.585 125.887 119.332 106.868 96.053 80.444 62.011 49.478 44.783 33.508 24.909 24.273 25.013 27.822 -999.250 -999.250 -999.250 -999.250 -999.250 -999.250 -999.250 -999.250 -999.250 -999.250 -999.250 -999.250 -999.250 -999.250 -999.250 -999.250 -999.250
562.543 548.481 558.285 533.866 527.602 458.686 380.602 289.041 230.651 211.675 183.201 157.864 140.102 126.806 118.159 116.067 111.851 104.525 98.501 88.534 76.265 64.191 50.766 35.168 25.238 18.614 19.530 24.159 27.966 42.231 46.089 59.080 72.306 87.427 99.790 105.120 103.257 103.336 93.730 83.484 70.675 62.898 50.923 36.410 -999.250 -999.250 -999.250 -999.250 -999.250 -999.250 -999.250 -999.250 -999.250 -999.250 -999.250 -999.250 -999.250 -999.250 -999.250 -999.250 -999.250 -999.250 -999.250 -999.250 -999.250 -999.250
494.850 516.347 505.269 489.353 474.973 395.780 338.414 271.433 220.898 186.861 168.021 158.150 136.874 129.912 125.848 129.717 133.525 125.232 105.485 103.377 91.830 75.762 61.806 43.621 21.813 0.000 8.744 17.602 20.184 21.181 24.252 25.847 47.437 66.143 81.178 86.577 87.390 89.875 85.807 79.792 68.605 55.139 46.534 33.580 27.680 -999.250 -999.250 -999.250 -999.250 -999.250 -999.250 -999.250 -999.250 -999.250 -999.250 -999.250 -999.250 -999.250 -999.250 -999.250 -999.250 -999.250 -999.250 -999.250 -999.250 -999.250
449.339 447.900 432.929 419.234 373.870 322.063 286.969 245.614 206.235 175.653 161.107 154.010 143.935 132.811 126.840 135.312 137.144 130.404 129.351 121.897 108.112 87.132 69.820 52.756 28.726 17.918 12.972 16.362 15.232 14.423 9.781 0.000 26.931 48.280 64.130 73.755 79.780 79.349 75.418 69.241 60.416 50.288 35.589 27.237 22.952 21.251 -999.250 -999.250 -999.250 -999.250 -999.250 -999.250 -999.250 -999.250 -999.250 -999.250 -999.250 -999.250 -999.250 -999.250 -999.250 -999.250 -999.250 -999.250 -999.250 -999.250
351.061 356.783 337.142 323.953 282.520 260.515 229.498 208.332 177.190 156.950 146.123 140.763 140.274 131.323 129.988 137.240 140.084 141.822 143.798 133.820 121.646 109.327 91.214 71.125 47.778 28.864 21.710 19.121 15.882 13.785 14.673 9.919 22.893 41.026 51.603 63.637 69.568 72.818 67.105 63.484 56.373 42.320 27.011 22.465 19.750 18.382 -999.250 -999.250 -999.250 -999.250 -999.250 -999.250 -999.250 -999.250 -999.250 -999.250 -999.250 -999.250 -999.250 -999.250 -999.250 -999.250 -999.250 -999.250 -999.250 -999.250
289.673 275.404 265.143 233.973 223.577 212.087 187.269 163.955 155.632 136.707 132.081 122.272 126.419 131.599 132.040 140.116 140.253 139.966 140.752 146.308 144.702 125.771 112.433 91.158 70.896 49.982 29.767 24.955 22.049 18.977 19.345 18.697 23.203 31.415 47.850 51.721 58.533 60.475 60.260 51.139 45.407 31.161 20.377 16.037 12.297 11.792 22.570 -999.250 -999.250 -999.250 -999.250 -999.250 -999.250 -999.250 -999.250 -999.250 -999.250 -999.250 -999.250 -999.250 -999.250 -999.250 -999.250 -999.250 -999.250 -999.250
237.745 227.981 200.594 173.395 157.969 153.495 145.145 133.237 124.235 121.888 113.199 121.609 115.118 121.121 127.309 134.971 137.280 141.042 149.271 157.194 151.792 150.460 132.871 104.855 87.466 65.826 50.207 38.053 27.688 26.356 21.952 22.457 25.174 37.403 41.075 48.695 52.810 51.598 50.234 45.337 35.828 24.934 19.260 0.000 4.577 16.260 22.416 25.073 -999.250 -999.250 -999.250 -999.250 -999.250 -999.250 -999.250 -999.250 -999.250 -999.250 -999.250 -999.250 -999.250 -999.250 -999.250 -999.250 -999.250 -999.250
197.633 184.672 146.324 101.281 105.889 105.106 105.845 97.638 95.841 94.929 91.453 95.846 101.438 116.231 120.147 126.923 132.137 146.050 153.743 165.429 167.390 164.561 148.598 124.611 101.820 82.666 67.701 51.715 44.548 33.459 34.175 29.114 36.321 41.311 48.829 50.606 50.495 52.214 47.661 44.379 31.188 26.836 20.576 9.247 16.511 20.640 24.691 30.154 -999.250 -999.250 -999.250 -999.250 -999.250 -999.250 -999.250 -999.250 -999.250 -999.250 -999.250 -999.250 -999.250 -999.250 -999.250 -999.250 -999.250 -999.250
188.843 146.326 118.695 89.675 81.758 81.794 77.313 72.045 73.620 74.339 73.444 80.478 88.245 99.168 109.522 124.219 131.169 141.407 152.996 162.868 187.614 191.986 165.415 145.735 118.588 99.964 80.922 65.769 53.904 49.365 47.269 41.796 44.975 45.809 48.370 53.550 50.670 55.848 46.120 46.559 43.174 35.120 29.033 26.191 26.600 27.331 36.543 41.663 -999.250 -999.250 -999.250 -999.250 -999.250 -999.250 -999.250 -999.250 -999.250 -999.250 -999.250 -999.250 -999.250 -999.250 -999.250 -999.250 -999.250 -999.250
172.145 134.202 115.398 86.223 70.966 64.303 56.381 54.565 56.434 56.329 54.733 63.768 75.559 83.702 98.293 113.778 130.836 139.981 149.965 169.100 184.825 203.855 181.100 150.912 134.857 111.916 90.453 76.148 69.136 64.801 59.836 51.597 49.813 53.384 53.731 60.117 59.772 55.977 51.810 47.888 47.908 46.305 39.981 39.284 35.516 38.151 46.618 45.990 56.039 60.886 -999.250 -999.250 -999.250 -999.250 -999.250 -999.250 -999.250 -999.250 -999.250 -999.250 -999.250 -999.250 -999.250 -999.250 -999.250 -999.250
165.527 136.163 104.738 85.376 66.381 58.636 46.083 43.257 45.546 44.485 42.671 48.995 66.303 82.579 91.605 104.623 119.540 124.541 139.871 159.436 174.526 189.429 173.524 155.090 139.906 124.818 108.053 89.295 80.895 74.548 67.616 62.065 58.908 60.339 62.709 59.402 63.654 61.485 59.219 52.677 58.353 56.536 47.452 49.779 51.051 54.928 59.149 59.412 66.805 70.348 -999.250 -999.250 -999.250 -999.250 -999.250 -999.250 -999.250 -999.250 -999.250 -999.250 -999.250 -999.250 -999.250 -999.250 -999.250 -999.250
153.209 131.131 109.912 83.160 68.233 53.755 45.855 39.638 38.978 39.398 42.766 44.074 62.162 73.408 82.448 92.489 103.323 115.147 128.530 136.807 151.787 163.184 156.925 148.442 142.460 138.767 115.735 104.308 91.197 83.934 72.519 68.592 66.181 67.025 67.752 69.942 64.589 70.848 69.497 64.508 65.847 67.176 64.421 62.477 64.289 66.947 69.579 77.279 75.101 -999.250 -999.250 -999.250 -999.250 -999.250 -999.250 -999.250 -999.250 -999.250 -999.250 -999.250 -999.250 -999.250 -999.250 -999.250 -999.250 -999.250
156.130 126.556 97.169 86.200 63.398 52.192 46.265 41.642 36.590 41.764 44.573 49.754 59.842 69.415 78.544 84.182 94.125 106.299 115.213 120.053 134.946 144.001 150.586 151.442 142.940 134.732 128.293 116.984 99.018 95.224 85.988 74.949 71.772 74.800 69.252 71.260 72.054 74.702 76.581 68.914 73.567 80.190 77.604 76.235 75.876 79.932 83.877 87.801 84.091 -999.250 -999.250 -999.250 -999.250 -999.250 -999.250 -999.250 -999.250 -999.250 -999.250 -999.250 -999.250 -999.250 -999.250 -999.250 -999.250 -999.250
149.917 132.610 102.388 79.714 64.051 58.165 52.920 46.011 44.344 49.662 46.451 52.441 63.449 71.317 77.987 82.911 85.506 97.045 93.887 105.131 109.533 128.830 139.511 136.251 138.480 145.597 141.844 128.403 114.062 99.901 87.695 84.086 75.420 73.639 76.060 75.929 77.070 78.516 80.364 78.285 79.937 82.436 88.787 86.142 88.967 94.474 101.258 107.707 112.117 -999.250 -999.250 -999.250 -999.250 -999.250 -999.250 -999.250 -999.250 -999.250 -999.250 -999.250 -999.250 -999.250 -999.250 -999.250 -999.250 -999.250
140.635 130.375 101.891 85.049 70.228 64.124 64.118 58.289 54.758 52.117 52.021 59.195 64.647 69.447 72.201 79.024 80.138 77.978 81.252 83.011 91.366 101.458 114.890 124.860 126.733 139.967 146.479 134.739 120.154 106.856 91.967 82.548 81.627 78.447 73.929 74.996 83.996 79.512 82.246 81.761 84.624 88.925 93.426 97.040 106.378 110.557 118.372 128.344 129.982 -999.250 -999.250 -999.250 -999.250 -999.250 -999.250 -999.250 -999.250 -999.250 -999.250 -999.250 -999.250 -999.250 -999.250 -999.250 -999.250 -999.250
132.727 125.466 106.727 89.763 77.268 75.701 73.176 71.788 66.638 59.727 62.357 64.387 67.091 67.810 68.886 72.812 69.866 67.739 69.440 64.488 76.965 78.510 87.992 104.971 111.843 122.755 126.621 125.743 114.141 95.808 94.993 91.925 85.099 78.907 73.742 75.628 75.395 77.167 81.234 86.555 95.129 95.318 102.004 110.344 116.070 121.285 140.281 135.130 142.095 -999.250 -999.250 -999.250 -999.250 -999.250 -999.250 -999.250 -999.250 -999.250 -999.250 -999.250 -999.250 -999.250 -999.250 -999.250 -999.250 -999.250
123.692 122.931 115.529 98.071 89.556 85.267 81.984 78.921 78.001 71.305 73.418 69.085 72.129 70.537 68.839 66.274 64.241 61.150 60.718 54.527 61.771 65.292 71.162 80.686 87.977 97.895 102.995 100.393 100.181 96.237 92.017 87.448 85.199 77.968 72.324 73.741 73.851 72.774 80.268 86.374 95.876 102.477 115.285 119.281 130.159 139.835 147.606 151.762 159.594 -999.250 -999.250 -999.250 -999.250 -999.250 -999.250 -999.250 -999.250 -999.250 -999.250 -999.250 -999.250 -999.250 -999.250 -999.250 -999.250 -999.250
121.731 112.225 108.889 102.296 102.271 96.113 89.583 90.375 86.452 85.570 83.479 81.645 79.198 73.869 68.793 60.084 58.312 56.841 50.223 42.968 46.480 53.037 56.653 67.980 73.241 84.041 81.123 85.464 86.598 84.060 84.003 80.827 79.055 73.371 74.195 71.551 72.637 75.139 82.504 86.877 94.100 104.885 115.591 129.677 141.846 145.975 150.543 158.008 168.330 -999.250 -999.250 -999.250 -999.250 -999.250 -999.250 -999.250 -999.250 -999.250 -999.250 -999.250 -999.250 -999.250 -999.250 -999.250 -999.250 -999.250
112.064 109.731 115.242 121.877 107.602 112.021 104.529 99.518 93.187 87.705 84.015 82.600 82.084 75.546 70.492 62.041 52.324 43.625 35.122 36.194 34.409 39.374 45.937 50.437 53.760 66.177 71.481 73.388 77.027 76.070 78.563 74.193 71.062 68.485 72.841 69.866 74.535 76.657 78.444 83.847 93.295 110.962 121.697 133.113 145.541 159.973 162.814 167.359 171.569 -999.250 -999.250 -999.250 -999.250 -999.250 -999.250 -999.250 -999.250 -999.250 -999.250 -999.250 -999.250 -999.250 -999.250 -999.250 -999.250 -999.250
107.071 110.775 119.574 126.857 122.511 121.813 117.128 109.138 104.740 101.981 87.850 86.204 85.019 79.011 66.887 57.067 47.855 39.330 29.285 22.692 23.630 26.821 27.852 33.565 40.992 44.930 51.158 59.028 65.079 66.198 67.616 65.436 67.257 69.781 65.365 66.400 68.833 76.758 82.851 80.302 91.938 107.459 121.580 134.612 143.700 165.018 178.141 189.890 191.811 195.528 -999.250 -999.250 -999.250 -999.250 -999.250 -999.250 -999.250 -999.250 -999.250 -999.250 -999.250 -999.250 -999.250 -999.250 -999.250 -999.250
95.955 111.496 123.991 133.598 133.769 133.084 128.921 121.895 110.358 107.767 96.546 90.539 84.329 76.122 71.209 56.793 47.301 32.074 22.711 14.355 20.210 22.920 23.082 23.950 22.707 26.459 34.324 46.975 52.957 54.879 57.711 54.963 60.034 58.318 59.211 61.566 66.852 71.627 70.723 79.176 93.890 102.309 118.623 134.506 146.864 163.778 186.365 193.728 206.340 202.378 -999.250 -999.250 -999.250 -999.250 -999.250 -999.250 -999.250 -999.250 -999.250 -999.250 -999.250 -999.250 -999.250 -999.250 -999.250 -999.250
85.459 101.404 126.543 140.875 140.903 132.105 128.665 128.015 119.215 117.853 100.546 96.537 82.774 76.052 65.885 52.913 38.074 27.322 17.756 17.832 19.385 20.615 20.685 21.256 20.145 20.788 25.104 38.178 43.511 50.527 51.322 53.691 54.732 55.291 59.284 59.784 62.856 67.623 75.822 79.973 85.838 102.048 114.905 126.360 148.214 165.302 185.977 200.971 205.004 212.296 -999.250 -999.250 -999.250 -999.250 -999.250 -999.250 -999.250 -999.250 -999.250 -999.250 -999.250 -999.250 -999.250 -999.250 -999.250 -999.250
80.585 102.256 122.977 133.101 129.165 132.611 131.309 127.295 119.428 112.649 100.228 96.903 86.595 77.944 72.310 58.980 45.781 27.777 19.129 20.802 23.418 25.232 27.608 22.072 11.919 19.216 29.382 37.542 42.709 49.712 49.016 55.946 53.134 57.052 58.904 63.486 61.570 70.832 78.305 80.656 80.971 94.629 113.431 120.831 147.257 161.362 180.167 192.533 211.570 215.545 -999.250 -999.250 -999.250 -999.250 -999.250 -999.250 -999.250 -999.250 -999.250 -999.250 -999.250 -999.250 -999.250 -999.250 -999.250 -999.250
81.260 94.845 111.987 119.425 126.073 127.298 126.277 127.085 119.825 103.350 95.101 96.934 94.890 81.915 87.008 74.907 59.715 45.957 22.085 39.774 47.426 53.280 50.872 38.669 14.434 30.970 44.892 53.708 51.607 63.996 62.387 55.691 62.782 62.564 65.529 64.904 61.248 65.435 72.940 79.832 81.240 96.645 104.950 124.524 137.489 159.079 182.996 200.808 205.832 -999.250 -999.250 -999.250 -999.250 -999.250 -999.250 -999.250 -999.250 -999.250 -999.250 -999.250 -999.250 -999.250 -999.250 -999.250 -999.250 -999.250
79.400 85.954 104.371 109.411 112.591 122.560 125.468 120.874 121.026 109.348 97.245 103.736 104.804 101.242 102.593 99.366 92.935 82.787 75.694 82.518 87.253 88.210 88.461 78.823 66.087 65.499 70.922 72.133 74.140 72.932 66.553 68.661 66.852 70.678 66.915 60.638 65.593 68.942 72.290 74.996 83.151 91.555 108.336 114.362 138.743 157.685 166.258 199.195 203.319 -999.250 -999.250 -999.250 -999.250 -999.250 -999.250 -999.250 -999.250 -999.250 -999.250 -999.250 -999.250 -999.250 -999.250 -999.250 -999.250 -999.250
71.299 87.553 100.453 102.244 120.368 122.706 123.731 123.074 127.375 116.891 117.632 120.046 120.306 125.216 128.723 138.922 133.039 134.489 137.461 144.636 147.203 145.894 143.065 135.724 125.736 111.433 107.039 104.237 100.033 88.928 83.005 78.641 76.193 75.129 68.682 66.886 63.915 64.026 74.760 77.324 86.332 92.936 112.378 119.913 123.653 141.906 162.472 185.864 -999.250 -999.250 -999.250 -999.250 -999.250 -999.250 -999.250 -999.250 -999.250 -999.250 -999.250 -999.250 -999.250 -999.250 -999.250 -999.250 -999.250 -999.250
