data/medianmodel_04-Feb-2021.asc
ncols	141
nrows	288
xllcorner	-120191.398
yllcorner	-301404.813
cellsize	2000.000
NODATA_value	-999.250
[rows 196 to 223 of 288, columns 0 to 62 of 141]
-999.250 -999.250 -999.250 -999.250 -999.250 -999.250 -999.250 -999.250 -999.250 -999.250 -999.250 -999.250 -999.250 1949.227 1985.812 2003.477 2045.053 2081.975 2108.794 2129.700 2151.664 2158.649 2174.184 2221.785 2254.660 2264.884 2376.283 2373.546 2388.341 2385.563 2320.121 2278.559 2285.595 2150.764 1982.214 2004.455 1890.021 1769.595 1626.580 1616.772 1481.217 1398.652 1313.140 1254.508 1245.508 1144.516 1036.320 1013.200 997.344 1012.351 973.952 998.086 1003.446 978.728 996.521 967.216 996.374 972.400 975.307 978.629 935.663 931.260 913.739
-999.250 -999.250 -999.250 -999.250 -999.250 -999.250 -999.250 -999.250 -999.250 -999.250 -999.250 -999.250 -999.250 1977.861 2003.307 2084.129 2036.020 2149.667 2180.135 2193.309 2229.954 2255.414 2226.473 2325.630 2302.619 2384.085 2490.363 2473.123 2561.655 2457.188 2438.499 2400.593 2258.393 2187.657 2091.401 1995.029 1891.434 1751.712 1620.472 1579.549 1530.982 1524.353 1366.272 1317.186 1261.323 1160.445 1105.884 1062.840 1019.012 1035.542 1038.469 996.220 971.077 971.472 963.937 989.582 960.463 980.602 988.957 978.127 997.448 922.407 901.288
-999.250 -999.250 -999.250 -999.250 -999.250 -999.250 -999.250 -999.250 -999.250 -999.250 -999.250 -999.250 -999.250 2048.063 2041.828 2097.928 2122.358 2198.496 2223.815 2283.194 2255.732 2258.334 2403.820 2317.894 2321.275 2428.493 2635.423 2649.986 2617.195 2630.019 2600.136 2520.011 2278.404 2191.285 2112.429 2005.079 1918.436 1769.211 1756.630 1724.055 1678.328 1591.289 1481.650 1405.156 1282.382 1305.968 1197.862 1167.727 1070.914 1121.796 1074.814 979.356 979.455 1001.257 1017.282 1026.558 967.466 967.013 985.784 973.299 942.309 893.866 870.658
-999.250 -999.250 -999.250 -999.250 -999.250 -999.250 -999.250 -999.250 -999.250 -999.250 -999.250 -999.250 -999.250 -999.250 2094.958 2118.303 2130.779 2211.208 2344.865 2334.858 2353.952 2365.634 2392.747 2426.757 2577.858 2617.753 2761.593 2686.661 2758.426 2719.607 2647.205 2502.313 2431.341 2260.174 2098.390 2076.731 1980.656 1912.344 1887.750 1833.096 1754.863 1612.345 1566.206 1464.955 1302.171 1270.313 1229.942 1201.137 1132.186 1136.005 1085.269 1021.380 1021.478 991.294 1043.345 1023.011 970.219 986.160 1004.434 996.625 914.369 897.210 871.123
-999.250 -999.250 -999.250 -999.250 -999.250 -999.250 -999.250 -999.250 -999.250 -999.250 -999.250 -999.250 -999.250 -999.250 2108.514 2158.543 2157.068 2233.716 2346.971 2420.389 2427.601 2423.131 2489.938 2493.070 2523.719 2687.981 2733.366 2740.799 2905.512 2764.092 2691.404 2576.167 2499.470 2308.931 2138.451 2023.893 1983.242 1949.604 1908.617 1888.345 1816.621 1690.395 1584.312 1573.022 1375.634 1304.874 1261.233 1242.969 1199.883 1175.919 1143.788 1114.919 1070.168 1015.622 1041.581 1012.415 1018.216 1004.239 966.706 942.202 906.466 850.594 857.271
-999.250 -999.250 -999.250 -999.250 -999.250 -999.250 -999.250 -999.250 -999.250 -999.250 -999.250 -999.250 -999.250 -999.250 2102.507 2191.244 2147.281 2295.380 2329.984 2450.272 2463.843 2610.599 2546.001 2566.014 2510.448 2624.709 2674.302 2815.111 2840.032 2742.446 2671.170 2549.042 2505.573 2266.161 2079.772 2093.032 1976.393 1939.808 1929.200 1842.518 1818.964 1708.026 1583.962 1509.107 1455.615 1388.819 1315.436 1282.121 1250.503 1226.322 1162.571 1163.273 1113.306 1086.404 1046.615 1010.928 990.880 1012.555 981.998 939.771 921.628 880.555 855.934
-999.250 -999.250 -999.250 -999.250 -999.250 -999.250 -999.250 -999.250 -999.250 -999.250 -999.250 -999.250 -999.250 -999.250 2044.471 2188.384 2214.576 2298.291 2393.637 2436.949 2492.829 2491.624 2572.280 2466.204 2511.544 -999.250 2676.278 2648.195 2796.593 2674.999 2630.537 2601.290 2441.707 2233.779 2086.252 2039.558 2021.499 1953.953 1945.240 1867.982 1837.440 1644.869 1639.258 1527.099 1500.141 1448.423 1362.226 1337.837 1274.002 1233.970 1252.476 1189.748 1195.527 1156.699 1121.964 1055.305 1075.504 995.970 946.276 935.448 913.099 857.668 849.890
-999.250 -999.250 -999.250 -999.250 -999.250 -999.250 -999.250 -999.250 -999.250 -999.250 -999.250 -999.250 -999.250 -999.250 2104.532 2212.616 2307.113 2331.490 2336.153 2396.360 2505.142 2399.377 2501.386 -999.250 -999.250 -999.250 2498.613 2595.175 2641.770 2506.750 2588.007 2486.420 2391.405 2277.586 2161.864 2039.942 2010.397 2025.375 1952.722 1910.634 1828.463 1739.096 1697.009 1585.428 1558.568 1534.189 1438.566 1331.192 1324.809 1322.423 1279.487 1195.771 1215.150 1165.510 1097.496 1039.451 1046.914 988.997 971.561 936.380 909.445 902.095 868.174
-999.250 -999.250 -999.250 -999.250 -999.250 -999.250 -999.250 -999.250 -999.250 -999.250 -999.250 -999.250 -999.250 2024.491 2070.193 2177.909 2231.544 2196.710 2240.950 2349.197 2343.565 2362.467 -999.250 -999.250 -999.250 -999.250 -999.250 2510.688 2514.584 2419.665 2454.738 2305.816 2330.741 2254.186 2197.560 2038.581 2040.480 2059.122 1968.368 1897.130 1896.812 1829.599 1707.526 1604.445 1668.941 1615.702 1547.711 1422.653 1354.064 1400.021 1291.654 1237.810 1198.067 1148.852 1155.696 1062.276 979.809 971.427 949.065 945.219 921.694 886.087 883.781
-999.250 -999.250 -999.250 -999.250 -999.250 -999.250 -999.250 -999.250 -999.250 -999.250 -999.250 -999.250 -999.250 2012.800 2061.965 2162.264 2167.832 2153.019 2184.948 2249.329 -999.250 -999.250 -999.250 -999.250 -999.250 -999.250 -999.250 -999.250 2499.913 2494.567 2341.859 2323.126 2333.886 2317.804 2197.274 2084.583 2069.794 2079.893 2031.598 2018.969 1959.643 1946.047 1786.127 1656.533 1674.421 1589.929 1527.979 1481.292 1434.236 1350.632 1299.952 1260.034 1200.984 1204.283 1155.139 1087.974 1027.088 983.407 934.965 938.217 882.005 894.384 889.617
-999.250 -999.250 -999.250 -999.250 -999.250 -999.250 -999.250 -999.250 -999.250 -999.250 -999.250 -999.250 1937.065 1958.374 -999.250 -999.250 -999.250 -999.250 -999.250 -999.250 -999.250 -999.250 -999.250 -999.250 -999.250 -999.250 -999.250 -999.250 -999.250 2415.386 2463.974 2460.815 2370.686 2298.373 2143.905 2108.081 2083.624 2091.071 2047.900 1967.957 1979.516 1881.929 1875.472 1773.804 1725.848 1651.861 1507.622 1508.873 1513.771 1412.458 1302.672 1285.968 1288.030 1250.501 1140.498 1118.332 1016.277 994.923 935.538 911.874 870.831 885.378 849.112
-999.250 -999.250 -999.250 -999.250 -999.250 -999.250 -999.250 -999.250 -999.250 -999.250 -999.250 -999.250 -999.250 -999.250 -999.250 -999.250 -999.250 -999.250 -999.250 -999.250 -999.250 -999.250 -999.250 -999.250 -999.250 -999.250 -999.250 -999.250 -999.250 -999.250 2334.571 2359.550 2302.005 2263.473 2173.834 2120.839 2056.453 2063.042 1986.492 1995.356 1940.998 1890.835 1891.299 1811.816 1745.481 1716.862 1569.931 1529.825 1527.689 1421.626 1374.364 1313.170 1282.096 1243.055 1138.014 1085.721 1008.595 975.315 943.516 913.240 884.799 866.281 898.160
-999.250 -999.250 -999.250 -999.250 -999.250 -999.250 -999.250 -999.250 -999.250 -999.250 -999.250 -999.250 -999.250 -999.250 -999.250 -999.250 -999.250 -999.250 -999.250 -999.250 -999.250 -999.250 -999.250 -999.250 -999.250 -999.250 -999.250 -999.250 -999.250 -999.250 2287.015 2215.841 2216.954 2188.476 2185.735 2127.391 2091.421 2033.108 2005.233 2025.976 1977.118 1961.547 1906.069 1948.960 1833.014 1704.474 1650.237 1578.212 1587.675 1446.447 1404.332 1378.190 1276.503 1249.080 1140.558 1140.714 1015.145 980.144 962.629 931.097 878.962 874.356 865.706
-999.250 -999.250 -999.250 -999.250 -999.250 -999.250 -999.250 -999.250 -999.250 -999.250 -999.250 -999.250 -999.250 -999.250 -999.250 -999.250 -999.250 -999.250 -999.250 -999.250 -999.250 -999.250 -999.250 -999.250 -999.250 -999.250 -999.250 -999.250 -999.250 -999.250 2228.314 2230.677 2260.927 2178.513 2077.166 2125.364 2017.249 1956.216 2023.447 2009.622 1999.606 1984.880 1945.226 1960.462 1875.761 1752.924 1635.849 1642.219 1552.152 1545.028 1474.674 1446.940 1313.315 1221.089 1190.323 1097.185 1007.404 970.170 944.682 938.338 902.864 851.555 858.818
-999.250 -999.250 -999.250 -999.250 -999.250 -999.250 -999.250 -999.250 -999.250 -999.250 -999.250 -999.250 -999.250 -999.250 -999.250 -999.250 -999.250 -999.250 -999.250 -999.250 -999.250 -999.250 -999.250 -999.250 -999.250 -999.250 -999.250 -999.250 -999.250 -999.250 -999.250 2191.480 2221.868 2209.105 2104.685 2084.767 2019.255 2050.233 2032.393 1977.917 1980.975 2014.865 1981.302 1941.671 1853.333 1773.189 1668.147 1689.198 1605.580 1535.087 1463.788 1405.900 1286.782 1228.329 1178.597 1107.985 1019.286 961.078 903.750 931.032 907.987 853.299 830.069
-999.250 -999.250 -999.250 -999.250 -999.250 -999.250 -999.250 -999.250 -999.250 -999.250 -999.250 -999.250 -999.250 -999.250 -999.250 -999.250 -999.250 -999.250 -999.250 -999.250 -999.250 -999.250 -999.250 -999.250 -999.250 -999.250 -999.250 -999.250 -999.250 -999.250 -999.250 2163.964 2155.291 2175.450 2118.171 2093.186 2003.364 2004.842 2007.478 2030.578 2002.164 2011.051 2006.514 1940.008 1877.079 1796.647 1707.790 1650.707 1535.031 1509.899 1417.916 1387.952 1270.899 1204.880 1201.471 1143.443 1078.554 1017.661 937.952 858.246 890.613 831.209 843.397
-999.250 -999.250 -999.250 -999.250 -999.250 -999.250 -999.250 -999.250 -999.250 -999.250 -999.250 -999.250 -999.250 -999.250 -999.250 -999.250 -999.250 -999.250 -999.250 -999.250 -999.250 -999.250 -999.250 -999.250 -999.250 -999.250 -999.250 -999.250 -999.250 -999.250 -999.250 2066.459 2143.009 2075.700 2070.763 2109.575 2019.095 2046.259 2038.323 2039.120 1986.694 2041.410 2021.759 1972.810 1889.509 1877.704 1835.392 1675.095 1549.019 1489.643 1499.307 1434.448 1309.406 1237.473 1154.536 1138.494 1005.289 979.510 936.331 848.372 831.625 813.518 794.249
-999.250 -999.250 -999.250 -999.250 -999.250 -999.250 -999.250 -999.250 -999.250 -999.250 -999.250 -999.250 -999.250 -999.250 -999.250 -999.250 -999.250 -999.250 -999.250 -999.250 -999.250 -999.250 -999.250 -999.250 -999.250 -999.250 -999.250 -999.250 -999.250 -999.250 -999.250 2037.853 2044.060 2018.633 2085.850 2052.054 2041.864 2107.714 2005.940 2053.760 2057.461 1986.827 1964.520 1920.671 1905.973 1842.691 1796.730 1679.255 1594.391 1495.556 1470.023 1363.033 1292.042 1206.871 1156.331 1092.770 1000.832 968.666 884.989 848.538 798.246 748.585 733.824
-999.250 -999.250 -999.250 -999.250 -999.250 -999.250 -999.250 -999.250 -999.250 -999.250 -999.250 -999.250 -999.250 -999.250 -999.250 -999.250 -999.250 -999.250 -999.250 -999.250 -999.250 -999.250 -999.250 -999.250 -999.250 -999.250 -999.250 -999.250 -999.250 -999.250 -999.250 2034.248 2034.038 2076.929 2040.207 2033.058 2049.755 2064.999 2114.987 2031.981 2036.288 2052.747 1956.337 1922.838 1887.578 1873.611 1751.817 1610.499 1590.328 1546.008 1441.279 1388.936 1294.802 1208.367 1182.787 1145.464 1010.993 920.500 912.261 813.190 723.724 730.543 700.957
-999.250 -999.250 -999.250 -999.250 -999.250 -999.250 -999.250 -999.250 -999.250 -999.250 -999.250 -999.250 -999.250 -999.250 -999.250 -999.250 -999.250 -999.250 -999.250 -999.250 -999.250 -999.250 -999.250 -999.250 -999.250 -999.250 -999.250 -999.250 -999.250 -999.250 -999.250 1962.347 2043.011 2147.401 2084.408 2041.278 2042.020 2084.295 2110.880 2149.014 2059.977 2033.535 1987.983 1958.179 1927.803 1817.907 1750.534 1625.342 1584.779 1497.424 1453.865 1370.431 1281.946 1246.431 1141.708 1127.765 1001.902 937.308 864.044 779.562 705.746 672.563 638.546
-999.250 -999.250 -999.250 -999.250 -999.250 -999.250 -999.250 -999.250 -999.250 -999.250 -999.250 -999.250 -999.250 -999.250 -999.250 -999.250 -999.250 -999.250 -999.250 -999.250 -999.250 -999.250 -999.250 -999.250 -999.250 -999.250 -999.250 -999.250 -999.250 -999.250 -999.250 1976.417 1984.344 2040.038 2044.061 2042.309 2047.257 2111.632 2168.833 2093.918 2070.628 2028.287 1973.399 1985.000 1899.879 1933.713 1790.023 1757.008 1589.385 1524.416 1425.459 1373.366 1266.225 1205.376 1160.999 1061.821 958.102 913.222 811.879 771.419 696.086 676.236 605.937
-999.250 -999.250 -999.250 -999.250 -999.250 -999.250 -999.250 -999.250 -999.250 -999.250 -999.250 -999.250 -999.250 -999.250 -999.250 -999.250 -999.250 -999.250 -999.250 -999.250 -999.250 -999.250 -999.250 -999.250 -999.250 -999.250 -999.250 -999.250 -999.250 -999.250 -999.250 1919.167 1951.519 2007.153 2061.830 2051.095 2050.592 2069.324 2119.549 2020.978 2068.872 2098.679 2039.870 2071.996 1920.926 1945.961 1899.895 1658.217 1604.168 1473.888 1403.225 1402.054 1286.454 1210.911 1034.714 980.809 933.502 886.840 772.762 721.809 688.943 671.406 646.877
-999.250 -999.250 -999.250 -999.250 -999.250 -999.250 -999.250 -999.250 -999.250 -999.250 -999.250 -999.250 -999.250 -999.250 -999.250 -999.250 -999.250 -999.250 -999.250 -999.250 -999.250 -999.250 -999.250 -999.250 -999.250 -999.250 -999.250 -999.250 -999.250 -999.250 -999.250 1868.402 1952.080 1932.239 1987.001 1976.241 2022.596 2079.945 2041.117 2050.464 2089.964 2116.957 2107.325 2054.073 1966.871 1940.041 1771.244 1631.627 1538.835 1458.080 1428.935 1385.745 1278.656 1214.244 1071.559 979.705 894.566 814.609 778.145 716.482 695.736 686.072 654.954
-999.250 -999.250 -999.250 -999.250 -999.250 -999.250 -999.250 -999.250 -999.250 -999.250 -999.250 -999.250 -999.250 -999.250 -999.250 -999.250 -999.250 -999.250 -999.250 -999.250 -999.250 -999.250 -999.250 -999.250 -999.250 -999.250 -999.250 -999.250 -999.250 -999.250 -999.250 1835.941 1879.228 1924.269 1987.107 2010.034 2024.458 2016.307 1947.194 2007.566 2046.228 2158.617 2014.263 2005.467 1950.470 1884.278 1762.269 1609.473 1567.010 1460.390 1347.618 1310.471 1226.978 1127.729 1036.522 952.834 875.837 846.937 791.815 733.677 714.507 694.594 694.899
-999.250 -999.250 -999.250 -999.250 -999.250 -999.250 -999.250 -999.250 -999.250 -999.250 -999.250 -999.250 -999.250 -999.250 -999.250 -999.250 -999.250 -999.250 -999.250 -999.250 -999.250 -999.250 -999.250 -999.250 -999.250 -999.250 -999.250 -999.250 -999.250 -999.250 -999.250 1880.649 1966.831 1964.950 1939.523 1910.946 1948.116 1919.503 1916.432 1979.533 2004.445 2022.437 2031.039 1943.616 1896.807 1774.388 1755.282 1614.696 1575.619 1447.989 1358.554 1216.087 1181.168 1134.641 1007.459 885.209 857.430 796.095 803.303 771.692 718.168 725.547 756.485
-999.250 -999.250 -999.250 -999.250 -999.250 -999.250 -999.250 -999.250 -999.250 -999.250 -999.250 -999.250 -999.250 -999.250 -999.250 -999.250 -999.250 -999.250 -999.250 -999.250 -999.250 -999.250 -999.250 -999.250 -999.250 -999.250 -999.250 -999.250 -999.250 -999.250 -999.250 1844.478 1908.088 1871.546 1860.396 1783.067 1931.475 1933.906 1915.155 1907.306 1930.428 1933.136 1923.174 1902.204 1824.046 1637.249 1633.254 1599.101 1533.088 1428.764 1303.831 1227.576 1112.739 1046.954 989.142 927.240 865.525 821.369 803.135 784.313 755.543 769.943 813.414
-999.250 -999.250 -999.250 -999.250 -999.250 -999.250 -999.250 -999.250 -999.250 -999.250 -999.250 -999.250 -999.250 -999.250 -999.250 -999.250 -999.250 -999.250 -999.250 -999.250 -999.250 -999.250 -999.250 -999.250 -999.250 -999.250 -999.250 -999.250 -999.250 -999.250 -999.250 1698.361 1747.651 1667.784 1684.960 1698.098 1782.929 1863.896 1789.521 1831.904 1869.926 1911.341 1899.344 1802.245 1778.064 1646.264 1624.687 1551.670 1478.291 1406.955 1335.687 1249.949 1121.312 1032.603 960.892 915.600 817.467 809.875 769.582 758.734 815.409 851.762 875.515
-999.250 -999.250 -999.250 -999.250 -999.250 -999.250 -999.250 -999.250 -999.250 -999.250 -999.250 -999.250 -999.250 -999.250 -999.250 -999.250 -999.250 -999.250 -999.250 -999.250 -999.250 -999.250 -999.250 -999.250 -999.250 -999.250 -999.250 -999.250 -999.250 -999.250 1528.637 1623.341 1586.184 1572.708 1574.389 1611.388 1614.221 1639.190 1764.466 1760.839 1858.375 1823.752 1798.208 1783.624 1682.521 1626.699 1551.257 1467.243 1477.043 1396.177 1297.181 1239.134 1103.155 1063.127 974.008 883.304 841.586 773.767 768.100 770.760 825.783 875.813 976.808
