data/medianmodel_11-Jan-2021.asc
ncols	141
nrows	288
xllcorner	-120191.398
yllcorner	-301404.813
cellsize	2000.000
NODATA_value	-999.250
[rows 168 to 195 of 288, columns 64 to 127 of 141]
956.961 909.100 870.022 879.502 838.015 855.171 878.049 922.751 995.823 1092.785 1160.524 1254.229 1266.445 1331.097 1344.753 1404.070 1409.578 1373.062 1376.686 1353.576 1346.404 1307.334 1234.482 1152.323 1063.959 983.644 899.558 808.026 682.178 603.791 528.560 470.356 421.046 319.459 287.662 326.591 359.301 494.466 -999.250 -999.250 -999.250 862.452 922.214 965.664 -999.250 -999.250 -999.250 -999.250 -999.250 -999.250 -999.250 -999.250 -999.250 -999.250 -999.250 -999.250 -999.250 -999.250 -999.250 -999.250 -999.250 -999.250 -999.250 -999.250
942.066 925.465 888.245 859.195 793.428 777.087 785.899 826.253 891.591 931.621 995.879 1067.337 1065.887 1121.824 1047.935 992.780 957.647 981.992 1036.998 1148.013 1177.768 1211.125 1133.012 1125.967 1016.610 976.366 910.136 863.501 794.030 641.599 588.623 525.591 461.698 395.312 319.149 340.464 452.182 540.576 600.551 678.212 765.334 872.555 936.763 976.146 999.682 -999.250 -999.250 -999.250 -999.250 -999.250 -999.250 -999.250 -999.250 -999.250 -999.250 -999.250 -999.250 -999.250 -999.250 -999.250 -999.250 -999.250 -999.250 -999.250
1006.535 938.280 917.512 862.475 795.421 731.159 659.289 716.303 783.831 841.678 881.156 941.222 921.307 911.364 852.929 721.309 571.621 710.972 881.113 951.863 1048.517 1039.938 1070.993 1073.137 1074.200 1016.076 949.670 918.412 850.363 794.575 667.884 598.661 538.728 487.888 480.646 481.648 542.397 601.409 677.810 752.247 806.700 861.644 978.126 1079.502 1044.483 1093.356 -999.250 -999.250 -999.250 -999.250 -999.250 -999.250 -999.250 -999.250 -999.250 -999.250 -999.250 -999.250 -999.250 -999.250 -999.250 -999.250 -999.250 -999.250
1040.782 995.872 901.972 862.812 786.009 704.412 680.840 709.306 727.414 758.559 818.760 832.864 792.759 745.383 700.698 592.526 564.670 624.877 755.196 877.732 985.242 996.898 1060.474 1054.092 1085.895 1024.832 1018.466 1000.198 933.234 867.875 785.341 745.476 640.505 585.379 574.179 605.661 649.854 683.454 768.652 835.516 891.999 920.781 996.806 1037.814 1061.784 1089.231 -999.250 -999.250 -999.250 -999.250 -999.250 -999.250 -999.250 -999.250 -999.250 -999.250 -999.250 -999.250 -999.250 -999.250 -999.250 -999.250 -999.250 -999.250
1122.881 976.908 953.343 907.701 825.986 751.021 715.456 700.025 727.187 748.062 714.443 767.579 696.081 665.339 601.868 607.057 581.710 629.382 734.626 850.679 928.666 1002.729 1049.587 1105.056 1098.299 1099.370 1108.310 1109.244 993.288 939.388 912.826 830.569 776.038 734.781 708.968 741.949 773.580 818.046 861.153 869.023 904.989 956.880 1017.966 1052.659 1099.367 1132.830 -999.250 -999.250 -999.250 -999.250 -999.250 -999.250 -999.250 -999.250 -999.250 -999.250 -999.250 -999.250 -999.250 -999.250 -999.250 -999.250 -999.250 -999.250
1190.256 1105.175 1022.582 915.771 830.610 804.309 777.235 740.008 762.777 714.821 696.088 696.757 647.071 652.409 623.885 621.446 638.065 656.395 794.894 867.977 938.190 1026.196 1102.073 1162.469 1200.236 1287.450 1184.324 1110.109 1086.479 1043.417 968.418 912.851 877.712 857.371 854.596 881.242 862.584 895.517 927.677 954.013 967.618 996.750 1046.226 1050.724 1110.679 1122.086 1143.612 -999.250 -999.250 -999.250 -999.250 -999.250 -999.250 -999.250 -999.250 -999.250 -999.250 -999.250 -999.250 -999.250 -999.250 -999.250 -999.250 -999.250
1247.583 1134.737 1044.994 977.131 887.858 854.356 848.212 822.231 747.054 758.461 737.131 733.513 696.674 684.339 689.041 671.346 741.339 746.908 853.632 906.054 962.740 1029.106 1148.249 1230.059 1276.131 1273.705 1279.923 1217.904 1174.668 1145.828 1093.369 1060.348 1004.539 978.529 961.954 959.245 950.825 951.174 1009.583 1025.751 1047.597 1038.550 1080.658 1115.765 1148.452 1131.226 -999.250 -999.250 -999.250 -999.250 -999.250 -999.250 -999.250 -999.250 -999.250 -999.250 -999.250 -999.250 -999.250 -999.250 -999.250 -999.250 -999.250 -999.250
1335.400 1222.715 1144.059 1040.616 924.764 884.266 842.015 841.328 806.685 786.778 752.668 769.525 758.771 744.958 765.722 792.630 811.636 851.343 915.618 978.187 1086.207 1132.792 1222.774 1289.707 1364.226 1375.694 1334.964 1287.100 1268.302 1284.482 1206.635 1237.295 1155.683 1072.550 1097.403 1097.252 1037.211 1078.080 1069.541 1135.662 1143.071 1131.443 1150.493 1119.223 1114.905 -999.250 -999.250 -999.250 -999.250 -999.250 -999.250 -999.250 -999.250 -999.250 -999.250 -999.250 -999.250 -999.250 -999.250 -999.250 -999.250 -999.250 -999.250 -999.250
1356.299 1311.449 1230.314 1063.611 959.798 906.995 884.108 898.623 835.657 827.724 807.790 790.472 784.776 778.941 854.823 883.953 887.385 920.590 992.698 1057.357 1151.923 1242.834 1334.176 1377.825 1379.469 1384.208 1471.012 1405.627 1352.950 1361.132 1300.800 1320.438 1291.672 1258.186 1185.165 1175.176 1178.719 1198.210 1205.551 1212.077 1204.387 1163.225 1172.664 1213.257 1152.441 -999.250 -999.250 -999.250 -999.250 -999.250 -999.250 -999.250 -999.250 -999.250 -999.250 -999.250 -999.250 -999.250 -999.250 -999.250 -999.250 -999.250 -999.250 -999.250
1394.614 1309.865 1238.717 1133.727 1004.616 968.506 929.124 895.199 874.656 853.180 853.691 828.511 839.030 842.410 866.555 905.732 948.062 999.867 1088.147 1185.545 1237.338 1358.330 1396.502 1426.938 1473.418 1653.015 1617.170 1630.721 1548.293 1453.698 1386.994 1340.894 1385.316 1339.898 1317.952 1300.683 1293.356 1308.428 1288.134 1260.360 1234.070 1236.382 1242.909 1228.696 -999.250 -999.250 -999.250 -999.250 -999.250 -999.250 -999.250 -999.250 -999.250 -999.250 -999.250 -999.250 -999.250 -999.250 -999.250 -999.250 -999.250 -999.250 -999.250 -999.250
1376.391 1287.499 1277.492 1146.761 1045.088 979.894 945.599 927.546 895.587 879.004 865.813 869.681 846.991 848.178 911.922 958.470 984.186 1058.410 1165.573 1241.936 1342.534 1414.307 1575.648 1629.501 1712.005 1780.751 1888.355 1820.476 1760.207 1502.178 1457.510 1528.321 1426.571 1390.232 1393.532 1350.537 1354.473 1383.605 1387.935 1349.901 1335.794 1278.394 1256.605 1245.151 -999.250 -999.250 -999.250 -999.250 -999.250 -999.250 -999.250 -999.250 -999.250 -999.250 -999.250 -999.250 -999.250 -999.250 -999.250 -999.250 -999.250 -999.250 -999.250 -999.250
1400.738 1347.228 1301.978 1192.548 1057.076 1013.446 939.645 929.405 909.310 883.230 866.680 891.337 918.078 919.153 931.533 986.393 1050.245 1123.423 1240.995 1353.701 1367.106 1519.323 1638.585 1777.595 1882.057 1962.630 2019.467 1967.881 1852.478 1742.718 1726.930 1553.863 1547.976 1519.324 1505.021 1452.513 1451.907 1390.239 1414.878 1411.703 1388.535 1326.928 1269.907 -999.250 -999.250 -999.250 -999.250 -999.250 -999.250 -999.250 -999.250 -999.250 -999.250 -999.250 -999.250 -999.250 -999.250 -999.250 -999.250 -999.250 -999.250 -999.250 -999.250 -999.250
1473.678 1339.102 1307.129 1223.618 1140.241 1046.849 1029.572 964.951 946.335 939.906 930.203 935.620 917.916 917.389 951.311 1043.071 1077.240 1166.033 1305.355 1359.349 1510.436 1616.780 1832.671 1922.922 2054.555 2122.672 2172.594 2060.459 1943.639 1892.307 1691.788 1681.978 1600.277 1605.576 1578.364 1492.146 1488.963 1523.841 1508.326 1468.920 1449.423 1330.196 1321.097 -999.250 -999.250 -999.250 -999.250 -999.250 -999.250 -999.250 -999.250 -999.250 -999.250 -999.250 -999.250 -999.250 -999.250 -999.250 -999.250 -999.250 -999.250 -999.250 -999.250 -999.250
1430.947 1389.380 1302.379 1269.425 1232.716 1102.727 1016.280 1022.461 984.966 963.468 963.410 924.379 914.384 948.350 980.086 1070.696 1163.441 1265.241 1315.906 1400.242 1578.575 1720.489 1916.599 2047.994 2121.103 2247.099 2310.773 2238.061 2100.495 1908.396 1815.898 1795.868 1596.138 1579.170 1593.876 1597.517 1533.051 1533.581 1573.946 1503.827 1470.297 1435.541 1315.942 -999.250 -999.250 -999.250 -999.250 -999.250 -999.250 -999.250 -999.250 -999.250 -999.250 -999.250 -999.250 -999.250 -999.250 -999.250 -999.250 -999.250 -999.250 -999.250 -999.250 -999.250
1383.285 1403.779 1350.528 1266.490 1210.803 1101.648 1098.787 1032.740 988.792 1003.373 946.493 958.045 952.946 972.517 992.468 1043.227 1185.141 1262.217 1375.650 1502.238 1621.269 1792.717 1944.601 2038.881 2278.181 2336.558 2483.723 2338.129 2140.186 1965.291 1927.293 1755.549 1563.598 1553.354 1596.253 1574.801 1507.860 1554.242 1658.287 1606.178 1481.596 1388.398 -999.250 -999.250 -999.250 -999.250 -999.250 -999.250 -999.250 -999.250 -999.250 -999.250 -999.250 -999.250 -999.250 -999.250 -999.250 -999.250 -999.250 -999.250 -999.250 -999.250 -999.250 -999.250
1446.807 1469.347 1362.937 1340.765 1290.030 1207.476 1127.566 1062.049 1003.051 969.952 976.813 948.272 961.898 1005.471 1038.715 1052.582 1191.723 1231.749 1351.905 1539.912 1640.466 1720.675 1964.272 2278.026 2398.930 2665.030 2793.308 2332.253 2143.717 1901.909 1887.604 1698.367 1538.710 1526.207 1530.352 1451.070 1493.339 1602.767 1758.574 1545.483 1461.121 -999.250 -999.250 -999.250 -999.250 -999.250 -999.250 -999.250 -999.250 -999.250 -999.250 -999.250 -999.250 -999.250 -999.250 -999.250 -999.250 -999.250 -999.250 -999.250 -999.250 -999.250 -999.250 -999.250
1475.268 1420.989 1416.037 1346.341 1224.615 1165.491 1113.927 1067.920 1029.671 969.988 964.853 966.521 985.049 985.672 1069.850 1075.667 1160.351 1239.131 1325.675 1460.430 1612.810 1675.824 1989.246 2204.590 2324.326 2679.128 3043.349 2343.603 2082.475 1769.580 1673.265 1504.983 1456.590 1479.075 1460.300 1453.349 1449.822 1517.708 1548.484 1534.226 1464.487 -999.250 -999.250 -999.250 -999.250 -999.250 -999.250 -999.250 -999.250 -999.250 -999.250 -999.250 -999.250 -999.250 -999.250 -999.250 -999.250 -999.250 -999.250 -999.250 -999.250 -999.250 -999.250 -999.250
1495.952 1455.789 1365.842 1295.762 1214.812 1129.450 1148.167 1064.138 1070.921 985.156 957.150 970.224 1008.401 987.804 1014.623 1046.758 1165.827 1211.996 1313.791 1418.601 1603.435 1716.737 1800.835 2007.839 2173.629 2240.725 2174.625 1833.064 1603.026 1507.658 1474.881 1422.034 1387.740 1397.503 1375.285 1376.918 1354.872 1431.503 1499.811 -999.250 -999.250 -999.250 -999.250 -999.250 -999.250 -999.250 -999.250 -999.250 -999.250 -999.250 -999.250 -999.250 -999.250 -999.250 -999.250 -999.250 -999.250 -999.250 -999.250 -999.250 -999.250 -999.250 -999.250 -999.250
1435.378 1394.729 1349.939 1305.568 1197.536 1185.754 1124.742 1095.408 1053.394 1031.533 969.001 974.250 994.953 1023.573 1036.842 1086.647 1108.367 1162.627 1270.165 1377.534 1506.914 1627.314 1700.527 1736.473 1812.744 1696.207 1410.339 979.624 1146.193 1284.690 1254.251 1246.030 1294.466 1315.941 1309.915 1290.112 1282.597 1349.420 -999.250 -999.250 -999.250 -999.250 -999.250 -999.250 -999.250 -999.250 -999.250 -999.250 -999.250 -999.250 -999.250 -999.250 -999.250 -999.250 -999.250 -999.250 -999.250 -999.250 -999.250 -999.250 -999.250 -999.250 -999.250 -999.250
1404.679 1428.984 1318.524 1264.423 1198.071 1161.958 1145.100 1036.005 1006.305 1011.599 998.502 1013.315 992.555 1003.274 1036.945 1038.625 1139.894 1147.400 1223.233 1329.851 1394.792 1460.028 1632.620 1642.523 1548.759 1427.397 1217.731 956.567 953.477 1025.319 1084.770 1120.628 1203.450 1250.530 1200.516 1199.890 1289.759 -999.250 -999.250 -999.250 -999.250 -999.250 -999.250 -999.250 -999.250 -999.250 -999.250 -999.250 -999.250 -999.250 -999.250 -999.250 -999.250 -999.250 -999.250 -999.250 -999.250 -999.250 -999.250 -999.250 -999.250 -999.250 -999.250 -999.250
1363.799 1335.719 1335.544 1236.397 1185.323 1131.353 1098.762 1051.580 1014.809 1008.604 1045.855 1022.079 1001.842 1007.272 978.595 1059.791 1100.380 1166.004 1242.263 1288.201 1352.702 1362.929 1387.103 1399.639 1335.702 1257.739 1104.934 964.868 955.151 993.281 1032.535 1088.829 1094.076 1127.812 1132.016 1118.331 -999.250 -999.250 -999.250 -999.250 -999.250 -999.250 -999.250 -999.250 -999.250 -999.250 -999.250 -999.250 -999.250 -999.250 -999.250 -999.250 -999.250 -999.250 -999.250 -999.250 -999.250 -999.250 -999.250 -999.250 -999.250 -999.250 -999.250 -999.250
1284.592 1273.414 1247.608 1201.823 1137.966 1105.330 1076.903 1012.487 1018.505 988.107 1012.338 990.001 1008.777 924.013 1007.066 1061.111 1076.266 1099.691 1166.345 1281.044 1284.447 1276.596 1314.224 1271.847 1214.466 1152.090 1046.391 974.995 937.599 945.162 971.009 976.557 1044.548 1021.867 -999.250 -999.250 -999.250 -999.250 -999.250 -999.250 -999.250 -999.250 -999.250 -999.250 -999.250 -999.250 -999.250 -999.250 -999.250 -999.250 -999.250 -999.250 -999.250 -999.250 -999.250 -999.250 -999.250 -999.250 -999.250 -999.250 -999.250 -999.250 -999.250 -999.250
1183.312 1213.356 1175.097 1151.658 1090.505 1077.501 1005.984 1014.878 981.091 942.403 973.342 952.732 954.750 945.179 1001.321 1042.291 1057.079 1026.782 1103.478 1161.512 1126.380 1235.368 1211.217 1208.776 1175.742 1113.310 1018.042 936.533 930.197 945.797 949.036 973.748 987.759 987.362 -999.250 -999.250 -999.250 -999.250 -999.250 -999.250 -999.250 -999.250 -999.250 -999.250 -999.250 -999.250 -999.250 -999.250 -999.250 -999.250 -999.250 -999.250 -999.250 -999.250 -999.250 -999.250 -999.250 -999.250 -999.250 -999.250 -999.250 -999.250 -999.250 -999.250
1152.107 1140.765 1126.250 1120.375 1023.543 1020.269 1017.264 986.329 939.275 939.792 939.246 935.544 908.750 933.035 966.488 1031.722 1006.861 994.340 1053.016 1096.697 1114.984 1112.264 1126.566 1108.255 1098.750 1053.063 1009.077 963.954 952.216 951.516 928.178 947.531 970.107 -999.250 -999.250 -999.250 -999.250 -999.250 -999.250 -999.250 -999.250 -999.250 -999.250 -999.250 -999.250 -999.250 -999.250 -999.250 -999.250 -999.250 -999.250 -999.250 -999.250 -999.250 -999.250 -999.250 -999.250 -999.250 -999.250 -999.250 -999.250 -999.250 -999.250 -999.250
1071.190 1066.053 1008.083 993.048 994.793 1008.858 1000.349 964.851 927.037 918.338 899.717 928.862 899.439 943.294 940.712 972.713 966.869 982.699 989.160 1022.886 1044.057 1100.598 1091.273 1041.566 1062.614 1037.009 989.654 969.488 951.927 927.852 909.577 925.402 928.434 -999.250 -999.250 -999.250 -999.250 -999.250 -999.250 -999.250 -999.250 -999.250 -999.250 -999.250 -999.250 -999.250 -999.250 -999.250 -999.250 -999.250 -999.250 -999.250 -999.250 -999.250 -999.250 -999.250 -999.250 -999.250 -999.250 -999.250 -999.250 -999.250 -999.250 -999.250
1035.114 1034.347 973.506 984.635 932.336 977.414 971.939 916.891 933.220 899.817 893.737 879.152 889.997 893.378 904.948 910.658 934.849 948.634 960.007 960.176 962.369 997.042 987.272 1002.564 1005.329 1022.854 996.409 942.076 950.514 928.116 917.547 964.680 968.925 -999.250 -999.250 -999.250 -999.250 -999.250 -999.250 -999.250 -999.250 -999.250 -999.250 -999.250 -999.250 -999.250 -999.250 -999.250 -999.250 -999.250 -999.250 -999.250 -999.250 -999.250 -999.250 -999.250 -999.250 -999.250 -999.250 -999.250 -999.250 -999.250 -999.250 -999.250
970.628 949.330 936.204 949.881 933.385 916.126 920.955 936.938 922.658 899.093 877.063 890.942 866.505 867.217 857.988 881.828 911.070 896.170 917.045 916.583 935.458 942.962 925.132 926.857 992.195 1020.159 1028.956 996.552 974.935 938.867 972.054 972.933 951.862 -999.250 -999.250 -999.250 -999.250 -999.250 -999.250 -999.250 -999.250 -999.250 -999.250 -999.250 -999.250 -999.250 -999.250 -999.250 -999.250 -999.250 -999.250 -999.250 -999.250 -999.250 -999.250 -999.250 -999.250 -999.250 -999.250 -999.250 -999.250 -999.250 -999.250 -999.250
955.754 905.011 936.526 929.287 915.800 905.238 894.271 873.356 869.155 880.381 864.388 901.357 890.962 856.107 841.598 856.218 869.811 898.015 889.653 886.993 898.047 928.411 951.278 953.561 985.451 1002.670 1061.699 994.518 984.277 957.614 971.378 978.580 990.957 934.460 -999.250 -999.250 -999.250 -999.250 -999.250 -999.250 -999.250 -999.250 -999.250 -999.250 -999.250 -999.250 -999.250 -999.250 -999.250 -999.250 -999.250 -999.250 -999.250 -999.250 -999.250 -999.250 -999.250 -999.250 -999.250 -999.250 -999.250 -999.250 -999.250 -999.250
