data/medianmodel_27-Sep-2020.asc
ncols	141
nrows	288
xllcorner	-120191.398
yllcorner	-301404.813
cellsize	2000.000
NODATA_value	-999.250
[rows 90 to 119 of 288, columns 67 to 133 of 141]
55.769 61.497 61.638 63.863 66.944 67.012 60.977 56.619 51.748 42.251 34.589 27.551 21.556 17.565 12.730 8.073 2.222 0.000 0.000 0.000 0.000 0.000 0.000 0.000 0.000 0.000 2.944 6.204 13.187 14.076 15.283 15.651 16.080 13.361 12.115 10.826 8.846 5.880 5.137 5.802 3.028 1.832 0.999 1.928 5.945 3.638 7.454 11.420 12.963 -999.250 -999.250 -999.250 -999.250 -999.250 -999.250 -999.250 -999.250 -999.250 -999.250 -999.250 -999.250 -999.250 -999.250 -999.250 -999.250 -999.250 -999.250
47.366 54.154 57.981 60.339 63.465 63.428 60.009 55.390 48.022 42.797 33.178 25.055 22.194 15.007 11.420 9.658 2.821 0.000 0.000 0.000 0.000 0.000 0.000 0.000 0.000 0.330 4.119 5.848 11.846 12.920 13.835 13.702 16.885 14.805 15.180 12.354 10.720 10.832 7.811 7.336 8.366 5.101 4.389 3.739 2.554 2.528 6.856 11.483 -999.250 -999.250 -999.250 -999.250 -999.250 -999.250 -999.250 -999.250 -999.250 -999.250 -999.250 -999.250 -999.250 -999.250 -999.250 -999.250 -999.250 -999.250 -999.250
42.930 47.775 52.110 55.063 56.005 58.727 54.772 51.468 47.865 41.186 32.807 31.598 22.806 16.326 11.224 7.441 1.695 0.000 0.000 0.000 0.000 0.000 0.000 0.000 0.000 2.255 3.907 7.530 8.615 12.269 13.752 13.454 13.782 16.025 15.815 13.281 14.390 14.016 10.188 12.391 11.616 8.061 7.642 4.802 8.244 7.552 9.893 14.303 -999.250 -999.250 -999.250 -999.250 -999.250 -999.250 -999.250 -999.250 -999.250 -999.250 -999.250 -999.250 -999.250 -999.250 -999.250 -999.250 -999.250 -999.250 -999.250
37.691 41.573 45.951 47.277 51.933 48.546 48.942 49.138 46.127 42.265 37.289 32.040 26.766 19.202 13.702 9.681 4.551 1.094 0.000 0.000 0.000 0.000 0.000 0.000 0.000 2.856 5.195 9.077 11.399 11.553 14.600 13.398 16.614 17.462 17.550 15.076 16.780 18.053 14.117 14.878 11.393 15.177 10.682 11.289 4.826 10.626 12.457 -999.250 -999.250 -999.250 -999.250 -999.250 -999.250 -999.250 -999.250 -999.250 -999.250 -999.250 -999.250 -999.250 -999.250 -999.250 -999.250 -999.250 -999.250 -999.250 -999.250
32.359 36.467 41.367 42.601 45.317 48.148 47.113 43.450 44.258 40.142 38.050 33.524 27.351 21.616 15.708 11.679 6.770 3.170 0.000 0.000 0.000 0.000 0.000 0.000 0.000 2.535 3.753 3.721 10.173 12.928 13.384 14.900 17.353 18.954 21.562 20.963 22.670 18.928 18.292 17.858 16.321 15.447 14.804 12.927 12.879 13.622 17.664 -999.250 -999.250 -999.250 -999.250 -999.250 -999.250 -999.250 -999.250 -999.250 -999.250 -999.250 -999.250 -999.250 -999.250 -999.250 -999.250 -999.250 -999.250 -999.250 -999.250
34.453 33.769 38.043 37.597 44.696 42.447 40.906 41.396 44.113 42.837 37.644 38.031 31.624 25.654 18.066 12.172 8.585 3.329 0.000 0.000 0.000 0.000 0.000 0.000 0.009 1.283 4.182 3.957 9.129 13.833 17.339 16.768 21.702 22.720 23.719 23.226 23.011 22.222 20.856 18.413 18.864 19.480 19.206 17.710 17.904 18.866 22.963 -999.250 -999.250 -999.250 -999.250 -999.250 -999.250 -999.250 -999.250 -999.250 -999.250 -999.250 -999.250 -999.250 -999.250 -999.250 -999.250 -999.250 -999.250 -999.250 -999.250
32.483 35.202 37.886 39.646 41.405 39.303 42.655 43.647 42.115 40.628 39.993 36.744 40.478 27.499 20.872 14.275 7.853 2.619 0.000 0.000 0.000 0.000 0.000 0.567 1.640 4.453 6.425 7.075 12.843 14.910 18.059 22.087 22.150 24.405 26.289 25.560 23.934 21.388 23.585 23.050 21.637 23.341 22.099 22.292 22.147 22.785 24.806 23.394 -999.250 -999.250 -999.250 -999.250 -999.250 -999.250 -999.250 -999.250 -999.250 -999.250 -999.250 -999.250 -999.250 -999.250 -999.250 -999.250 -999.250 -999.250 -999.250
32.090 34.001 37.416 37.479 37.062 38.249 39.551 39.830 43.328 37.562 39.880 39.352 34.325 27.778 19.148 12.802 7.522 2.400 0.002 0.000 0.000 0.000 0.000 0.401 4.022 8.729 9.843 11.522 15.249 17.276 22.059 22.365 25.304 26.023 26.820 28.289 28.351 27.186 25.773 26.364 29.580 28.365 24.866 22.768 25.722 25.197 26.837 24.518 25.992 -999.250 -999.250 -999.250 -999.250 -999.250 -999.250 -999.250 -999.250 -999.250 -999.250 -999.250 -999.250 -999.250 -999.250 -999.250 -999.250 -999.250 -999.250
28.366 32.438 34.429 36.619 36.398 42.224 40.828 38.076 38.200 40.884 39.699 36.803 32.158 25.515 18.158 11.255 8.638 3.904 3.069 0.680 0.000 0.000 1.676 4.963 8.816 11.431 15.630 15.834 19.163 21.354 26.423 27.450 27.800 29.999 30.025 30.655 29.620 29.910 31.506 33.092 34.918 33.447 30.956 31.308 28.895 30.837 31.406 31.794 33.653 32.167 -999.250 -999.250 -999.250 -999.250 -999.250 -999.250 -999.250 -999.250 -999.250 -999.250 -999.250 -999.250 -999.250 -999.250 -999.250 -999.250 -999.250
30.002 29.569 30.528 31.405 35.996 41.552 37.566 36.732 37.093 40.505 39.796 35.415 29.248 24.934 18.608 13.520 11.849 6.649 4.552 3.486 2.058 3.804 4.337 7.650 9.544 15.258 18.729 21.537 23.947 25.534 28.989 31.903 35.099 35.101 35.468 39.568 39.945 37.789 39.505 42.223 40.422 42.447 44.252 40.398 38.507 39.289 41.412 40.233 35.369 -999.250 -999.250 -999.250 -999.250 -999.250 -999.250 -999.250 -999.250 -999.250 -999.250 -999.250 -999.250 -999.250 -999.250 -999.250 -999.250 -999.250 -999.250
27.431 29.806 27.744 28.466 33.696 36.705 33.159 34.081 35.182 33.972 36.843 31.083 28.057 22.851 18.916 15.048 11.381 10.006 8.406 9.150 5.913 8.672 10.165 10.078 13.967 17.156 22.404 23.646 26.545 30.103 35.675 38.237 42.590 44.416 50.375 44.567 49.088 47.787 49.032 50.790 52.525 56.574 48.211 40.909 45.500 47.909 46.585 42.573 45.104 40.735 -999.250 -999.250 -999.250 -999.250 -999.250 -999.250 -999.250 -999.250 -999.250 -999.250 -999.250 -999.250 -999.250 -999.250 -999.250 -999.250 -999.250
25.836 24.925 27.363 28.622 29.870 30.617 30.071 32.846 31.032 30.483 29.506 30.113 27.231 22.231 18.604 18.135 14.466 11.119 12.070 12.837 13.245 11.793 13.391 15.123 16.818 19.109 24.937 29.717 32.932 37.020 42.071 45.295 48.754 55.239 57.712 57.302 66.262 59.627 58.197 64.075 66.267 64.461 60.510 58.708 57.340 55.153 52.700 49.202 -999.250 -999.250 -999.250 -999.250 -999.250 -999.250 -999.250 -999.250 -999.250 -999.250 -999.250 -999.250 -999.250 -999.250 -999.250 -999.250 -999.250 -999.250 -999.250
22.918 24.305 25.431 26.579 26.121 27.348 26.299 26.884 25.591 25.750 25.119 25.019 23.755 18.690 18.107 17.794 15.483 12.342 15.184 15.778 14.961 13.946 15.979 18.755 21.323 23.947 26.516 33.092 41.947 44.034 51.999 56.002 62.730 67.944 70.082 70.216 74.127 75.666 73.857 70.970 74.864 75.058 70.571 67.987 59.802 61.271 50.293 -999.250 -999.250 -999.250 -999.250 -999.250 -999.250 -999.250 -999.250 -999.250 -999.250 -999.250 -999.250 -999.250 -999.250 -999.250 -999.250 -999.250 -999.250 -999.250 -999.250
23.037 21.954 22.993 22.662 21.947 24.084 22.669 22.830 23.155 23.879 23.504 20.816 20.916 20.234 17.093 16.938 14.504 16.504 15.126 15.075 19.236 17.536 20.554 20.680 22.915 28.528 34.524 41.632 46.273 56.730 59.212 66.941 77.124 80.436 83.099 87.342 87.499 86.784 88.877 83.820 88.636 82.916 77.424 78.939 72.833 72.791 62.594 -999.250 -999.250 -999.250 -999.250 -999.250 -999.250 -999.250 -999.250 -999.250 -999.250 -999.250 -999.250 -999.250 -999.250 -999.250 -999.250 -999.250 -999.250 -999.250 -999.250
20.977 20.925 19.504 18.992 19.455 19.558 19.367 20.606 19.094 19.629 19.477 18.718 18.213 15.159 14.896 16.489 14.623 13.931 14.090 15.227 19.053 19.516 22.929 26.939 25.805 31.271 39.000 46.404 49.443 61.909 72.152 79.209 84.281 88.661 94.236 100.463 103.135 101.451 100.252 95.708 98.286 97.447 86.399 80.633 75.941 75.196 -999.250 -999.250 -999.250 -999.250 -999.250 -999.250 -999.250 -999.250 -999.250 -999.250 -999.250 -999.250 -999.250 -999.250 -999.250 -999.250 -999.250 -999.250 -999.250 -999.250 -999.250
18.575 18.764 16.175 16.579 16.828 17.111 17.965 18.579 17.152 16.725 16.356 16.641 16.728 12.381 12.439 12.287 12.427 11.791 14.047 16.643 16.495 20.664 24.082 27.874 31.786 36.832 47.552 54.057 65.146 72.286 87.015 95.622 97.391 103.370 110.386 111.618 118.965 114.950 113.731 112.143 110.471 100.950 -999.250 -999.250 -999.250 -999.250 -999.250 -999.250 -999.250 -999.250 -999.250 -999.250 -999.250 -999.250 -999.250 -999.250 -999.250 -999.250 -999.250 -999.250 -999.250 -999.250 -999.250 -999.250 -999.250 -999.250 -999.250
19.412 15.986 12.364 13.357 16.003 16.703 16.250 16.256 15.298 15.100 13.136 11.830 9.370 9.735 9.442 12.378 11.100 11.678 14.206 15.354 18.705 21.359 26.046 28.249 38.578 45.686 54.064 64.418 74.291 80.852 93.808 99.724 108.740 120.118 119.037 131.214 129.437 137.600 128.697 122.223 -999.250 -999.250 -999.250 -999.250 -999.250 -999.250 -999.250 -999.250 -999.250 -999.250 -999.250 -999.250 -999.250 -999.250 -999.250 -999.250 -999.250 -999.250 -999.250 -999.250 -999.250 -999.250 -999.250 -999.250 -999.250 -999.250 -999.250
15.094 15.670 12.771 10.665 12.868 11.278 12.865 13.543 12.133 11.544 9.874 10.050 10.990 6.409 8.273 10.035 10.554 13.116 14.386 16.275 20.299 23.438 26.733 32.177 42.099 46.381 53.336 64.043 77.727 82.564 98.477 103.106 117.702 125.882 134.339 141.098 152.929 152.940 148.591 137.909 -999.250 -999.250 -999.250 -999.250 -999.250 -999.250 -999.250 -999.250 -999.250 -999.250 -999.250 -999.250 -999.250 -999.250 -999.250 -999.250 -999.250 -999.250 -999.250 -999.250 -999.250 -999.250 -999.250 -999.250 -999.250 -999.250 -999.250
11.223 9.414 9.156 10.490 9.347 8.998 8.700 10.026 11.454 9.810 6.950 4.172 6.848 6.856 6.489 7.830 10.340 10.906 14.208 17.019 21.022 26.212 27.586 32.822 46.105 47.945 55.247 62.752 80.134 88.566 94.910 109.840 115.061 132.428 141.278 148.169 155.823 164.414 156.957 136.279 -999.250 -999.250 -999.250 -999.250 -999.250 -999.250 -999.250 -999.250 -999.250 -999.250 -999.250 -999.250 -999.250 -999.250 -999.250 -999.250 -999.250 -999.250 -999.250 -999.250 -999.250 -999.250 -999.250 -999.250 -999.250 -999.250 -999.250
7.047 6.765 5.914 9.033 5.501 6.819 7.867 8.087 8.489 9.507 5.611 6.376 8.388 9.134 8.231 9.555 9.992 12.561 15.129 18.861 22.085 27.685 31.051 37.682 43.508 52.793 59.362 66.996 78.283 92.328 101.130 119.942 117.775 132.258 141.587 162.115 189.274 161.497 150.669 141.248 -999.250 -999.250 -999.250 -999.250 -999.250 -999.250 -999.250 -999.250 -999.250 -999.250 -999.250 -999.250 -999.250 -999.250 -999.250 -999.250 -999.250 -999.250 -999.250 -999.250 -999.250 -999.250 -999.250 -999.250 -999.250 -999.250 -999.250
4.662 3.133 5.615 7.029 2.427 5.000 3.304 5.271 4.329 7.313 7.290 5.913 9.317 7.359 8.175 8.066 10.903 10.876 14.521 19.639 26.420 28.901 30.440 36.179 45.972 53.093 60.849 68.902 80.021 88.805 99.548 114.102 112.753 124.668 150.880 162.711 171.209 169.197 161.444 134.197 -999.250 -999.250 -999.250 -999.250 -999.250 -999.250 -999.250 -999.250 -999.250 -999.250 -999.250 -999.250 -999.250 -999.250 -999.250 -999.250 -999.250 -999.250 -999.250 -999.250 -999.250 -999.250 -999.250 -999.250 -999.250 -999.250 -999.250
2.755 1.353 2.035 0.000 0.000 0.000 1.435 4.332 3.720 1.305 5.240 4.927 6.784 7.101 8.890 10.599 8.305 14.458 18.194 20.369 25.527 26.540 32.906 39.580 44.325 52.688 60.080 68.816 78.450 89.622 97.519 108.787 122.098 136.219 146.676 156.112 146.055 146.311 147.722 132.755 -999.250 -999.250 -999.250 -999.250 -999.250 -999.250 -999.250 -999.250 -999.250 -999.250 -999.250 -999.250 -999.250 -999.250 -999.250 -999.250 -999.250 -999.250 -999.250 -999.250 -999.250 -999.250 -999.250 -999.250 -999.250 -999.250 -999.250
2.842 2.094 0.000 0.000 0.000 0.000 0.713 3.330 3.365 7.174 6.492 5.500 8.349 9.283 8.936 11.799 11.032 12.490 16.411 19.295 23.391 26.097 28.204 37.860 42.437 53.206 56.909 65.085 72.278 82.511 95.308 98.178 120.845 134.920 135.612 140.785 142.541 142.227 150.161 138.663 130.537 122.257 -999.250 -999.250 -999.250 -999.250 -999.250 -999.250 -999.250 -999.250 -999.250 -999.250 -999.250 -999.250 -999.250 -999.250 -999.250 -999.250 -999.250 -999.250 -999.250 -999.250 -999.250 -999.250 -999.250 -999.250 -999.250
2.305 0.140 0.000 0.000 0.000 0.000 1.347 0.000 2.302 2.440 4.293 6.821 7.454 10.051 11.918 11.181 10.185 12.841 13.883 16.951 22.693 25.354 26.437 36.716 43.139 52.756 54.147 61.513 71.119 82.598 90.042 96.585 106.675 117.698 120.869 131.170 126.482 133.026 132.063 125.041 111.877 113.787 103.307 95.455 -999.250 -999.250 -999.250 -999.250 -999.250 -999.250 -999.250 -999.250 -999.250 -999.250 -999.250 -999.250 -999.250 -999.250 -999.250 -999.250 -999.250 -999.250 -999.250 -999.250 -999.250 -999.250 -999.250
1.021 0.183 0.000 0.000 0.000 0.000 0.000 0.000 2.149 5.264 4.331 4.825 7.339 8.391 8.142 9.637 11.143 10.136 12.545 15.296 19.081 22.518 24.969 30.334 41.767 49.822 52.266 56.532 67.941 79.801 83.771 93.381 96.779 99.430 114.787 108.350 114.819 119.428 112.481 122.634 111.478 108.158 104.420 94.308 -999.250 -999.250 -999.250 -999.250 -999.250 -999.250 -999.250 -999.250 -999.250 -999.250 -999.250 -999.250 -999.250 -999.250 -999.250 -999.250 -999.250 -999.250 -999.250 -999.250 -999.250 -999.250 -999.250
1.244 0.966 0.000 0.000 0.000 0.000 0.000 0.823 5.103 4.618 6.357 4.781 6.331 6.537 7.309 8.118 9.390 11.714 14.331 15.871 20.990 20.618 23.602 32.041 33.296 43.427 44.680 55.227 60.987 71.038 79.559 83.643 88.314 96.110 99.484 105.682 107.215 104.666 105.766 104.007 103.239 96.732 93.814 85.810 81.973 -999.250 -999.250 -999.250 -999.250 -999.250 -999.250 -999.250 -999.250 -999.250 -999.250 -999.250 -999.250 -999.250 -999.250 -999.250 -999.250 -999.250 -999.250 -999.250 -999.250 -999.250 -999.250
1.420 0.505 0.000 0.000 0.000 0.394 0.566 3.808 3.504 4.284 6.158 4.838 4.502 9.402 10.416 10.004 13.163 12.783 16.070 17.890 17.600 18.872 26.078 30.113 34.495 35.341 44.118 51.392 57.076 61.440 68.975 76.245 80.997 81.541 90.449 93.140 94.694 98.102 94.356 97.349 91.825 89.983 88.124 84.796 81.370 70.541 -999.250 -999.250 -999.250 -999.250 -999.250 -999.250 -999.250 -999.250 -999.250 -999.250 -999.250 -999.250 -999.250 -999.250 -999.250 -999.250 -999.250 -999.250 -999.250 -999.250 -999.250
1.528 0.000 0.000 0.000 0.000 0.000 1.758 3.324 2.544 2.742 6.637 7.862 5.758 6.973 10.575 12.218 13.744 13.111 14.954 14.951 17.539 20.496 23.601 26.841 26.259 33.205 36.348 41.135 46.563 52.670 63.189 69.620 72.467 77.216 82.188 84.461 80.884 84.724 78.687 77.298 77.121 75.374 77.906 75.526 72.058 70.456 -999.250 -999.250 -999.250 -999.250 -999.250 -999.250 -999.250 -999.250 -999.250 -999.250 -999.250 -999.250 -999.250 -999.250 -999.250 -999.250 -999.250 -999.250 -999.250 -999.250 -999.250
4.054 1.668 2.797 0.000 0.000 0.000 2.605 4.156 3.005 2.328 7.551 4.417 6.107 11.163 12.038 13.507 12.776 12.958 14.366 17.918 17.983 19.110 22.671 20.668 24.195 24.641 31.642 36.765 38.656 46.031 53.787 55.940 63.579 68.736 75.488 71.694 75.786 75.628 73.230 69.868 67.957 68.800 64.255 68.323 66.231 59.727 52.079 -999.250 -999.250 -999.250 -999.250 -999.250 -999.250 -999.250 -999.250 -999.250 -999.250 -999.250 -999.250 -999.250 -999.250 -999.250 -999.250 -999.250 -999.250 -999.250 -999.250
4.799 8.806 3.891 1.648 1.133 2.279 4.363 8.649 5.420 4.590 6.355 6.748 11.611 11.956 15.976 14.793 14.007 13.312 15.207 18.399 16.480 18.283 18.780 18.715 21.367 25.315 28.178 30.570 32.885 41.620 47.784 48.039 51.873 56.737 59.281 62.290 64.015 61.057 59.686 60.253 65.586 62.575 59.564 62.789 60.160 54.563 -999.250 -999.250 -999.250 -999.250 -999.250 -999.250 -999.250 -999.250 -999.250 -999.250 -999.250 -999.250 -999.250 -999.250 -999.250 -999.250 -999.250 -999.250 -999.250 -999.250 -999.250
