data/medianmodel_08-Aug-2020.asc
ncols	141
nrows	288
xllcorner	-120191.398
yllcorner	-301404.813
cellsize	2000.000
NODATA_value	-999.250
[rows 210 to 239 of 288, columns 68 to 135 of 141]
0.000 0.000 0.000 0.000 0.000 0.000 0.000 0.000 0.000 0.000 0.403 2.030 4.689 5.199 10.056 12.104 14.187 16.793 16.822 18.236 19.289 21.087 16.929 16.311 13.808 9.051 5.777 0.871 0.000 0.000 0.000 -999.250 -999.250 -999.250 -999.250 -999.250 -999.250 -999.250 -999.250 -999.250 -999.250 -999.250 -999.250 -999.250 -999.250 -999.250 -999.250 -999.250 -999.250 -999.250 -999.250 -999.250 -999.250 -999.250 -999.250 -999.250 -999.250 -999.250 -999.250 -999.250 -999.250 -999.250 -999.250 -999.250 -999.250 -999.250 -999.250 -999.250
0.000 0.000 0.000 0.000 0.000 0.000 0.000 0.000 0.000 0.000 0.000 1.239 3.800 5.287 7.207 8.874 15.906 13.994 17.927 18.118 16.928 16.900 17.078 15.677 12.428 8.789 5.682 3.617 1.223 0.000 0.000 0.000 -999.250 -999.250 -999.250 -999.250 -999.250 -999.250 -999.250 -999.250 -999.250 -999.250 -999.250 -999.250 -999.250 -999.250 -999.250 -999.250 -999.250 -999.250 -999.250 -999.250 -999.250 -999.250 -999.250 -999.250 -999.250 -999.250 -999.250 -999.250 -999.250 -999.250 -999.250 -999.250 -999.250 -999.250 -999.250 -999.250
0.000 0.000 0.000 0.000 0.000 0.000 0.000 0.000 0.000 0.000 0.000 0.884 3.688 4.572 7.467 10.102 12.118 12.981 14.065 16.436 17.675 17.035 18.445 16.504 13.908 10.465 7.806 6.180 3.469 0.958 0.000 0.000 0.000 -999.250 -999.250 -999.250 -999.250 -999.250 -999.250 -999.250 -999.250 -999.250 -999.250 -999.250 -999.250 -999.250 -999.250 -999.250 -999.250 -999.250 -999.250 -999.250 -999.250 -999.250 -999.250 -999.250 -999.250 -999.250 -999.250 -999.250 -999.250 -999.250 -999.250 -999.250 -999.250 -999.250 -999.250 -999.250
0.000 0.000 0.000 0.000 0.000 0.000 0.000 0.000 0.000 0.000 0.000 0.000 0.903 3.713 8.263 10.719 13.624 12.749 15.833 19.310 18.716 19.260 15.997 17.004 14.296 11.451 8.864 6.227 7.360 4.004 1.106 0.000 0.000 -999.250 -999.250 -999.250 -999.250 -999.250 -999.250 -999.250 -999.250 -999.250 -999.250 -999.250 -999.250 -999.250 -999.250 -999.250 -999.250 -999.250 -999.250 -999.250 -999.250 -999.250 -999.250 -999.250 -999.250 -999.250 -999.250 -999.250 -999.250 -999.250 -999.250 -999.250 -999.250 -999.250 -999.250 -999.250
0.000 0.000 0.000 0.000 0.000 0.000 0.000 0.000 0.000 0.000 0.000 0.000 0.964 2.918 5.311 9.075 12.006 13.736 14.418 17.095 18.778 17.210 20.558 17.426 13.783 15.180 13.795 11.197 7.326 5.724 4.478 3.994 0.754 0.000 -999.250 -999.250 -999.250 -999.250 -999.250 -999.250 -999.250 -999.250 -999.250 -999.250 -999.250 -999.250 -999.250 -999.250 -999.250 -999.250 -999.250 -999.250 -999.250 -999.250 -999.250 -999.250 -999.250 -999.250 -999.250 -999.250 -999.250 -999.250 -999.250 -999.250 -999.250 -999.250 -999.250 -999.250
0.000 0.776 0.211 0.000 0.000 0.000 0.000 0.000 0.000 0.000 0.000 0.000 0.897 2.623 5.781 6.901 9.833 14.086 16.489 18.728 18.952 18.693 20.213 23.354 21.112 21.866 20.396 13.147 11.520 8.826 7.443 4.871 3.792 0.916 0.000 -999.250 -999.250 -999.250 -999.250 -999.250 -999.250 -999.250 -999.250 -999.250 -999.250 -999.250 -999.250 -999.250 -999.250 -999.250 -999.250 -999.250 -999.250 -999.250 -999.250 -999.250 -999.250 -999.250 -999.250 -999.250 -999.250 -999.250 -999.250 -999.250 -999.250 -999.250 -999.250 -999.250
2.879 2.502 2.573 1.747 0.000 0.000 0.000 0.000 0.000 0.000 0.000 0.000 0.782 2.729 5.286 6.998 9.575 12.056 14.861 19.689 22.404 22.277 20.895 25.013 28.151 25.265 24.697 21.701 17.578 13.277 10.992 8.282 6.214 3.066 0.000 -999.250 -999.250 -999.250 -999.250 -999.250 -999.250 -999.250 -999.250 -999.250 -999.250 -999.250 -999.250 -999.250 -999.250 -999.250 -999.250 -999.250 -999.250 -999.250 -999.250 -999.250 -999.250 -999.250 -999.250 -999.250 -999.250 -999.250 -999.250 -999.250 -999.250 -999.250 -999.250 -999.250
3.773 3.396 5.207 4.435 1.754 1.775 0.000 0.000 0.000 0.000 0.000 0.000 0.459 3.742 6.478 6.239 9.422 12.884 15.790 19.225 22.544 24.830 24.827 28.158 29.609 31.435 28.738 24.242 26.459 16.859 14.589 10.839 8.787 5.015 2.306 -999.250 -999.250 -999.250 -999.250 -999.250 -999.250 -999.250 -999.250 -999.250 -999.250 -999.250 -999.250 -999.250 -999.250 -999.250 -999.250 -999.250 -999.250 -999.250 -999.250 -999.250 -999.250 -999.250 -999.250 -999.250 -999.250 -999.250 -999.250 -999.250 -999.250 -999.250 -999.250 -999.250
4.607 8.501 8.829 7.721 5.146 2.241 0.070 0.000 0.000 0.000 0.000 0.072 1.024 4.083 4.441 8.730 10.557 13.636 17.142 22.032 21.639 31.023 29.581 30.751 35.039 35.448 30.074 30.697 28.522 24.945 22.301 16.817 11.133 6.246 3.959 0.000 -999.250 -999.250 -999.250 -999.250 -999.250 -999.250 -999.250 0.000 -999.250 -999.250 -999.250 -999.250 -999.250 -999.250 -999.250 -999.250 -999.250 -999.250 -999.250 -999.250 -999.250 -999.250 -999.250 -999.250 -999.250 -999.250 -999.250 -999.250 -999.250 -999.250 -999.250 -999.250
9.115 12.122 12.358 10.286 6.813 3.678 1.357 0.267 0.000 0.000 0.000 0.000 1.197 3.336 5.734 8.889 10.354 13.167 21.972 24.534 28.577 31.503 35.622 34.047 35.505 37.097 32.383 27.972 31.899 29.419 24.570 19.313 15.648 8.280 5.364 3.048 0.000 -999.250 -999.250 -999.250 0.000 0.000 0.000 0.000 -999.250 -999.250 -999.250 -999.250 -999.250 -999.250 -999.250 -999.250 -999.250 -999.250 -999.250 -999.250 -999.250 -999.250 -999.250 -999.250 -999.250 -999.250 -999.250 -999.250 -999.250 -999.250 -999.250 -999.250
10.660 17.157 21.763 15.153 9.001 5.020 2.248 0.256 0.000 0.000 0.000 0.896 3.244 3.201 5.722 8.065 11.392 13.848 21.990 26.490 33.542 37.310 39.460 41.043 47.056 43.918 39.565 38.031 35.268 34.973 32.134 26.326 21.210 12.229 8.713 5.986 3.604 -999.250 0.000 0.000 0.000 0.000 0.000 -999.250 -999.250 -999.250 -999.250 -999.250 -999.250 -999.250 -999.250 -999.250 -999.250 -999.250 -999.250 -999.250 -999.250 -999.250 -999.250 -999.250 -999.250 -999.250 -999.250 -999.250 -999.250 -999.250 -999.250 -999.250
9.993 14.204 15.915 13.377 8.634 5.511 3.423 0.615 0.123 0.000 0.000 0.114 1.806 3.536 6.867 10.301 13.822 20.697 25.352 25.546 30.240 38.531 40.174 49.064 54.336 51.546 42.435 41.051 38.937 36.043 31.956 26.988 24.533 13.464 12.969 9.059 4.850 3.398 0.000 0.000 0.000 0.000 0.000 -999.250 -999.250 -999.250 -999.250 -999.250 -999.250 -999.250 -999.250 -999.250 -999.250 -999.250 -999.250 -999.250 -999.250 -999.250 -999.250 -999.250 -999.250 -999.250 -999.250 -999.250 -999.250 -999.250 -999.250 -999.250
9.062 14.343 14.030 9.967 8.277 4.637 2.412 0.264 0.000 0.000 0.487 0.660 3.284 4.113 8.680 11.161 18.031 23.021 23.741 28.834 36.333 39.324 43.870 53.228 65.607 58.392 48.229 41.921 40.426 36.775 31.087 26.413 20.304 17.633 15.128 10.521 7.121 3.079 0.024 0.000 0.000 0.000 0.000 -999.250 -999.250 -999.250 -999.250 -999.250 -999.250 -999.250 -999.250 -999.250 -999.250 -999.250 -999.250 -999.250 -999.250 -999.250 -999.250 -999.250 -999.250 -999.250 -999.250 -999.250 -999.250 -999.250 -999.250 -999.250
8.724 8.705 7.030 8.022 5.581 4.111 2.044 1.689 0.362 0.622 0.460 1.921 3.181 5.236 8.371 14.225 19.361 20.298 28.988 28.498 32.518 40.792 45.966 50.894 57.172 49.148 47.080 39.232 39.616 38.727 32.535 25.906 20.442 17.049 17.745 12.769 6.320 4.577 2.358 1.163 0.000 0.000 0.000 -999.250 -999.250 -999.250 -999.250 -999.250 -999.250 -999.250 -999.250 -999.250 -999.250 -999.250 -999.250 -999.250 -999.250 -999.250 -999.250 -999.250 -999.250 -999.250 -999.250 -999.250 -999.250 -999.250 -999.250 -999.250
5.307 6.903 6.868 5.120 5.808 3.807 2.778 2.135 0.382 0.000 0.982 3.580 4.627 5.686 8.238 16.890 16.695 20.817 24.312 29.214 33.749 39.675 39.924 44.982 49.656 43.371 41.014 39.178 43.940 37.724 29.395 27.431 24.958 17.263 14.036 14.191 7.710 4.670 4.003 0.673 0.000 0.000 -999.250 -999.250 -999.250 -999.250 -999.250 -999.250 -999.250 -999.250 -999.250 -999.250 -999.250 -999.250 -999.250 -999.250 -999.250 -999.250 -999.250 -999.250 -999.250 -999.250 -999.250 -999.250 -999.250 -999.250 -999.250 -999.250
4.712 4.928 4.777 4.295 3.666 3.747 2.959 1.749 0.808 1.369 1.604 3.108 4.186 6.238 8.828 13.467 16.286 18.871 27.699 28.568 35.010 37.704 37.810 37.925 42.760 38.977 40.194 41.949 43.848 38.752 30.786 30.510 23.442 16.964 16.702 12.190 7.823 7.897 4.594 3.968 1.442 0.084 -999.250 -999.250 -999.250 -999.250 -999.250 -999.250 -999.250 -999.250 -999.250 -999.250 -999.250 -999.250 -999.250 -999.250 -999.250 -999.250 -999.250 -999.250 -999.250 -999.250 -999.250 -999.250 -999.250 -999.250 -999.250 -999.250
3.291 3.270 2.966 2.652 2.585 3.678 2.412 0.508 1.436 0.731 2.827 2.812 2.833 5.821 7.975 10.610 14.306 19.659 21.149 30.053 32.464 35.958 33.459 37.353 40.031 40.141 39.857 41.739 37.004 36.699 27.391 26.925 23.040 20.047 15.227 11.302 7.630 7.617 5.110 2.805 1.692 0.632 -999.250 -999.250 -999.250 -999.250 -999.250 -999.250 -999.250 -999.250 -999.250 -999.250 -999.250 -999.250 -999.250 -999.250 -999.250 -999.250 -999.250 -999.250 -999.250 -999.250 -999.250 -999.250 -999.250 -999.250 -999.250 -999.250
2.279 2.235 1.505 1.690 2.304 0.938 0.219 0.663 0.936 0.480 2.424 2.168 3.716 4.891 6.943 9.610 11.606 16.248 21.212 22.580 27.411 29.234 34.406 35.606 37.440 36.857 39.634 38.066 33.771 34.223 26.849 23.461 25.338 19.004 15.867 14.927 8.258 8.854 6.671 5.107 2.371 -999.250 -999.250 -999.250 -999.250 -999.250 -999.250 -999.250 -999.250 -999.250 -999.250 -999.250 -999.250 -999.250 -999.250 -999.250 -999.250 -999.250 -999.250 -999.250 -999.250 -999.250 -999.250 -999.250 -999.250 -999.250 -999.250 -999.250
2.330 1.340 1.761 1.732 0.764 0.164 0.000 0.000 0.213 0.040 0.396 0.737 3.817 3.406 4.906 8.229 11.489 12.011 17.216 23.930 29.132 30.208 32.589 36.693 40.266 35.990 35.868 34.276 36.165 30.806 25.171 26.016 22.611 17.753 13.628 12.681 -999.250 -999.250 6.991 5.977 4.812 -999.250 -999.250 -999.250 -999.250 -999.250 -999.250 -999.250 -999.250 -999.250 -999.250 -999.250 -999.250 -999.250 -999.250 -999.250 -999.250 -999.250 -999.250 -999.250 -999.250 -999.250 -999.250 -999.250 -999.250 -999.250 -999.250 -999.250
0.361 0.521 2.978 1.584 0.000 0.000 0.000 0.000 0.000 0.000 0.000 0.178 1.538 3.976 5.150 6.431 7.807 10.826 16.575 18.374 24.634 23.168 28.390 31.158 33.550 33.324 30.370 33.330 30.639 29.179 24.399 23.596 20.249 17.766 16.566 13.516 -999.250 -999.250 -999.250 -999.250 -999.250 -999.250 -999.250 -999.250 -999.250 -999.250 -999.250 -999.250 -999.250 -999.250 -999.250 -999.250 -999.250 -999.250 -999.250 -999.250 -999.250 -999.250 -999.250 -999.250 -999.250 -999.250 -999.250 -999.250 -999.250 -999.250 -999.250 -999.250
0.000 0.003 1.057 0.462 0.000 0.000 0.000 0.000 0.000 0.000 0.000 0.000 0.217 3.435 5.124 5.893 7.473 9.331 15.095 19.424 23.552 24.325 25.218 25.032 28.473 33.068 26.243 27.342 28.178 26.087 28.534 24.815 -999.250 -999.250 15.735 -999.250 -999.250 -999.250 -999.250 -999.250 -999.250 -999.250 -999.250 -999.250 -999.250 -999.250 -999.250 -999.250 -999.250 -999.250 -999.250 -999.250 -999.250 -999.250 -999.250 -999.250 -999.250 -999.250 -999.250 -999.250 -999.250 -999.250 -999.250 -999.250 -999.250 -999.250 -999.250 -999.250
0.000 0.000 0.000 0.000 0.000 0.000 0.000 0.000 0.000 0.000 0.000 0.000 0.000 1.051 2.777 5.249 7.073 11.605 9.651 15.011 17.079 17.075 21.275 23.810 27.544 31.152 27.831 22.923 26.133 27.073 -999.250 -999.250 -999.250 -999.250 -999.250 -999.250 -999.250 -999.250 -999.250 -999.250 -999.250 -999.250 -999.250 -999.250 -999.250 -999.250 -999.250 -999.250 -999.250 -999.250 -999.250 -999.250 -999.250 -999.250 -999.250 -999.250 -999.250 -999.250 -999.250 -999.250 -999.250 -999.250 -999.250 -999.250 -999.250 -999.250 -999.250 -999.250
0.000 0.000 0.000 0.000 0.000 0.000 0.000 0.000 0.000 0.000 0.000 0.000 0.000 0.323 2.097 4.429 6.237 8.567 10.564 13.000 12.377 18.498 17.320 20.455 25.525 28.685 26.861 23.100 23.483 22.485 -999.250 -999.250 -999.250 -999.250 -999.250 -999.250 -999.250 -999.250 -999.250 -999.250 -999.250 -999.250 -999.250 -999.250 -999.250 -999.250 -999.250 -999.250 -999.250 -999.250 -999.250 -999.250 -999.250 -999.250 -999.250 -999.250 -999.250 -999.250 -999.250 -999.250 -999.250 -999.250 -999.250 -999.250 -999.250 -999.250 -999.250 -999.250
0.000 0.000 0.000 0.000 0.000 0.000 0.000 0.000 0.000 0.000 0.000 0.000 0.000 0.000 1.429 2.965 4.611 6.755 7.497 7.926 11.258 11.711 14.535 14.873 22.423 22.391 20.867 18.039 20.470 19.974 -999.250 -999.250 -999.250 -999.250 -999.250 -999.250 -999.250 -999.250 -999.250 -999.250 -999.250 -999.250 -999.250 -999.250 -999.250 -999.250 -999.250 -999.250 -999.250 -999.250 -999.250 -999.250 -999.250 -999.250 -999.250 -999.250 -999.250 -999.250 -999.250 -999.250 -999.250 -999.250 -999.250 -999.250 -999.250 -999.250 -999.250 -999.250
0.000 0.000 0.000 0.000 0.000 0.000 0.000 0.000 0.000 0.000 0.000 0.000 0.000 0.000 0.000 1.985 3.085 5.098 6.406 9.026 8.136 8.932 12.279 13.675 17.208 18.419 17.436 18.393 16.818 19.457 -999.250 -999.250 -999.250 -999.250 -999.250 -999.250 -999.250 -999.250 -999.250 -999.250 -999.250 -999.250 -999.250 -999.250 -999.250 -999.250 -999.250 -999.250 -999.250 -999.250 -999.250 -999.250 -999.250 -999.250 -999.250 -999.250 -999.250 -999.250 -999.250 -999.250 -999.250 -999.250 -999.250 -999.250 -999.250 -999.250 -999.250 -999.250
0.000 0.000 0.000 0.000 0.000 0.000 0.000 0.000 0.000 0.000 0.000 0.000 0.000 0.000 0.090 1.888 3.479 5.336 6.937 7.465 7.536 9.537 9.646 11.169 11.704 14.075 14.644 13.822 15.421 -999.250 -999.250 -999.250 -999.250 -999.250 -999.250 -999.250 -999.250 -999.250 -999.250 -999.250 -999.250 -999.250 -999.250 -999.250 -999.250 -999.250 -999.250 -999.250 -999.250 -999.250 -999.250 -999.250 -999.250 -999.250 -999.250 -999.250 -999.250 -999.250 -999.250 -999.250 -999.250 -999.250 -999.250 -999.250 -999.250 -999.250 -999.250 -999.250
0.000 0.000 0.000 0.000 0.000 0.000 0.000 0.000 0.000 0.000 0.000 0.000 0.000 0.000 0.000 1.698 3.494 6.991 6.579 6.107 6.883 6.994 7.722 10.094 10.747 9.046 11.301 10.811 11.279 -999.250 -999.250 -999.250 -999.250 -999.250 -999.250 -999.250 -999.250 -999.250 -999.250 -999.250 -999.250 -999.250 -999.250 -999.250 -999.250 -999.250 -999.250 -999.250 -999.250 -999.250 -999.250 -999.250 -999.250 -999.250 -999.250 -999.250 -999.250 -999.250 -999.250 -999.250 -999.250 -999.250 -999.250 -999.250 -999.250 -999.250 -999.250 -999.250
0.000 0.000 0.000 0.000 0.000 0.000 0.000 0.000 0.000 0.000 0.000 0.000 0.000 0.000 0.000 0.878 2.787 3.884 4.038 5.392 5.078 4.810 6.087 7.418 8.409 7.566 7.400 6.725 8.984 -999.250 -999.250 -999.250 -999.250 -999.250 -999.250 -999.250 -999.250 -999.250 -999.250 -999.250 -999.250 -999.250 -999.250 -999.250 -999.250 -999.250 -999.250 -999.250 -999.250 -999.250 -999.250 -999.250 -999.250 -999.250 -999.250 -999.250 -999.250 -999.250 -999.250 -999.250 -999.250 -999.250 -999.250 -999.250 -999.250 -999.250 -999.250 -999.250
0.000 0.000 0.000 0.000 0.000 0.000 0.000 0.000 0.000 0.000 0.000 0.000 0.000 0.000 0.000 0.000 0.393 1.245 2.736 3.015 3.129 3.981 4.057 4.996 5.734 6.636 6.177 5.225 -999.250 -999.250 -999.250 -999.250 -999.250 -999.250 -999.250 -999.250 -999.250 -999.250 -999.250 -999.250 -999.250 -999.250 -999.250 -999.250 -999.250 -999.250 -999.250 -999.250 -999.250 -999.250 -999.250 -999.250 -999.250 -999.250 -999.250 -999.250 -999.250 -999.250 -999.250 -999.250 -999.250 -999.250 -999.250 -999.250 -999.250 -999.250 -999.250 -999.250
0.000 0.000 0.000 0.000 0.000 0.000 0.000 0.000 0.000 0.000 0.000 0.000 0.000 0.000 0.000 0.000 0.000 0.000 0.000 1.538 2.161 4.094 3.095 3.672 3.880 4.860 4.043 5.221 -999.250 -999.250 -999.250 -999.250 -999.250 -999.250 -999.250 -999.250 -999.250 -999.250 -999.250 -999.250 -999.250 -999.250 -999.250 -999.250 -999.250 -999.250 -999.250 -999.250 -999.250 -999.250 -999.250 -999.250 -999.250 -999.250 -999.250 -999.250 -999.250 -999.250 -999.250 -999.250 -999.250 -999.250 -999.250 -999.250 -999.250 -999.250 -999.250 -999.250
