data/medianmodel_19-Oct-2020.asc
ncols	141
nrows	288
xllcorner	-120191.398
yllcorner	-301404.813
cellsize	2000.000
NODATA_value	-999.250
[rows 180 to 209 of 288, columns 0 to 66 of 141]
-999.250 -999.250 -999.250 242.276 220.122 216.108 208.502 215.935 181.340 173.849 187.802 190.651 211.097 219.267 229.061 256.715 251.729 262.543 278.776 260.191 243.340 252.197 225.759 211.200 181.861 150.424 134.387 128.471 131.216 114.978 105.107 94.954 86.925 75.235 79.391 83.361 75.804 66.886 60.397 51.998 57.086 53.827 49.183 58.614 62.116 53.268 55.911 58.825 58.575 60.487 63.319 53.309 56.007 49.475 47.062 46.605 35.427 28.246 28.755 29.276 24.332 31.344 31.106 35.300 37.053 39.825 41.256
-999.250 -999.250 -999.250 242.457 225.468 206.041 195.851 191.765 192.105 179.266 199.854 189.900 205.179 212.562 218.673 249.721 238.703 250.254 258.630 255.636 244.182 231.460 236.558 211.657 176.233 140.472 129.610 142.019 131.224 114.462 112.888 103.481 97.552 79.759 78.641 84.738 78.229 66.704 61.466 60.142 55.578 49.950 67.179 66.336 70.286 61.989 50.684 61.364 62.671 63.309 59.022 61.870 60.274 54.281 52.753 40.791 41.040 36.056 37.985 34.883 31.998 32.930 33.226 33.388 36.404 39.274 43.343
-999.250 -999.250 238.519 237.971 225.026 222.944 197.031 202.699 183.335 199.294 200.396 201.056 203.230 218.503 215.550 231.565 255.992 263.344 262.778 243.553 228.467 221.128 207.591 182.568 159.186 136.470 134.745 139.290 139.923 129.162 113.882 98.420 91.424 83.871 89.265 98.386 85.666 80.812 75.420 73.915 64.695 59.240 67.762 64.474 59.803 49.871 62.766 60.217 65.385 62.791 61.869 62.813 51.406 62.440 67.337 61.255 53.734 47.944 47.637 47.787 45.256 44.712 36.581 37.364 38.964 36.718 42.727
-999.250 -999.250 228.742 244.978 254.396 230.673 216.942 218.388 203.099 220.689 185.589 209.293 230.298 216.529 227.250 254.619 263.907 269.097 283.104 234.230 -999.250 210.109 180.150 160.998 122.969 126.364 126.671 133.851 127.977 127.443 112.669 109.818 101.083 88.826 99.463 100.727 90.791 89.087 74.876 76.059 72.193 70.599 68.763 68.311 61.829 56.205 65.142 61.184 65.392 69.286 64.616 69.571 74.409 75.595 74.378 73.704 68.247 61.412 50.501 50.021 50.165 44.849 38.546 44.622 39.478 36.843 43.807
-999.250 213.280 222.113 237.149 247.085 219.801 212.484 227.940 218.515 199.427 205.811 211.551 214.568 221.769 227.269 267.634 297.164 281.071 247.708 -999.250 -999.250 190.291 174.709 145.298 132.062 140.227 132.746 127.739 128.136 127.305 108.811 120.123 102.647 106.166 107.434 101.622 107.690 95.204 93.313 74.754 81.453 74.408 78.217 75.029 68.989 78.252 67.168 66.099 61.447 65.671 75.216 94.108 75.517 77.961 84.070 79.918 67.943 69.601 58.083 51.839 55.041 47.358 38.706 41.246 44.365 42.153 45.999
-999.250 213.072 216.115 225.658 216.887 211.695 231.930 222.246 235.570 233.531 224.130 231.412 239.888 244.248 233.659 266.715 283.608 272.520 -999.250 -999.250 -999.250 -999.250 155.674 156.382 125.362 149.274 131.296 129.639 119.209 117.401 113.433 120.844 115.610 116.195 108.515 104.260 99.046 113.134 108.902 96.883 76.248 81.772 74.344 71.089 74.324 74.166 68.995 63.254 62.360 66.432 76.175 85.326 80.380 98.314 92.323 80.823 77.836 95.254 63.536 59.075 56.633 57.863 55.475 48.856 47.192 53.034 61.022
221.432 229.168 228.250 241.847 208.914 194.361 195.871 234.637 247.409 266.478 244.198 220.135 245.601 248.341 242.697 262.771 262.195 262.743 -999.250 -999.250 -999.250 -999.250 -999.250 152.158 143.219 135.527 125.189 137.077 131.533 113.046 123.340 138.194 111.812 118.787 127.248 102.145 114.589 100.249 115.379 97.514 85.172 85.625 77.626 80.923 71.222 82.703 77.150 64.533 74.958 73.903 78.954 85.898 96.204 98.000 108.332 97.137 103.642 95.521 75.845 71.829 62.657 65.225 61.966 59.984 54.485 60.813 62.810
-999.250 235.177 239.094 229.040 223.033 225.724 221.280 233.860 223.285 246.582 232.639 221.637 247.683 244.873 256.094 265.658 266.119 237.491 -999.250 -999.250 -999.250 -999.250 140.089 132.428 133.640 136.061 142.022 118.469 113.953 115.118 122.605 123.900 124.790 108.787 98.435 113.355 101.762 102.620 105.848 95.395 86.724 79.382 83.112 82.396 79.378 73.850 74.793 79.470 80.293 85.328 91.768 88.561 106.880 101.173 108.439 103.049 94.796 85.724 89.849 78.483 71.320 67.132 73.017 64.174 62.409 57.737 58.633
-999.250 227.857 228.774 251.720 228.822 243.543 247.649 218.399 224.840 234.414 216.537 227.615 232.826 235.697 246.138 301.463 264.369 232.901 -999.250 -999.250 -999.250 152.908 -999.250 134.807 122.770 121.816 122.698 116.097 118.580 123.916 112.047 112.187 125.320 109.256 104.406 107.163 106.662 113.311 107.723 99.332 93.297 83.570 87.508 79.607 79.129 73.320 80.197 67.122 86.517 83.523 92.578 99.092 125.970 119.154 113.704 105.535 100.140 94.427 95.770 91.697 85.329 72.964 63.939 68.079 68.910 68.155 63.040
-999.250 266.248 243.782 271.116 258.113 256.424 245.885 235.943 215.756 207.000 224.130 216.709 233.091 222.407 263.005 267.743 241.884 -999.250 -999.250 -999.250 -999.250 154.559 142.147 129.768 129.312 108.110 125.217 131.158 128.034 115.848 116.509 119.904 128.074 116.033 103.524 118.746 107.941 111.744 106.150 87.343 84.061 75.025 64.943 76.682 65.580 70.200 69.931 65.414 75.242 82.439 84.018 97.523 109.827 115.047 137.898 130.040 104.388 107.073 95.128 92.172 91.577 89.065 70.980 70.621 74.386 69.577 69.153
-999.250 251.276 255.645 281.356 262.308 262.850 253.445 226.261 215.313 208.320 213.274 223.778 222.542 239.167 242.117 243.703 219.253 -999.250 -999.250 -999.250 150.206 139.853 135.384 123.565 117.050 119.107 127.914 122.326 131.399 114.931 113.424 127.394 130.634 127.716 118.539 120.053 117.359 110.318 87.183 85.773 66.505 64.058 58.770 57.236 64.334 60.596 67.764 66.356 68.475 77.453 82.046 87.730 104.712 129.602 123.121 126.354 129.391 110.768 126.039 107.501 115.929 92.863 85.829 87.741 79.185 72.695 72.706
-999.250 -999.250 -999.250 250.240 -999.250 -999.250 232.291 216.673 211.719 -999.250 -999.250 -999.250 217.412 234.361 -999.250 -999.250 -999.250 -999.250 -999.250 -999.250 135.523 120.025 123.835 120.619 115.711 111.423 115.257 123.292 128.085 133.279 120.723 133.343 150.712 128.835 121.607 116.690 109.753 91.724 96.395 86.720 72.431 73.797 57.733 56.886 59.704 59.923 59.393 61.240 72.499 74.681 75.979 94.908 117.004 135.951 152.418 152.997 156.510 136.223 130.881 132.574 115.145 109.953 104.262 93.973 84.209 79.674 77.003
-999.250 -999.250 -999.250 -999.250 -999.250 -999.250 -999.250 -999.250 -999.250 -999.250 -999.250 -999.250 -999.250 222.947 222.042 216.996 -999.250 -999.250 -999.250 109.990 102.233 99.837 111.230 119.763 124.904 107.586 119.371 126.406 142.129 142.136 139.918 129.578 136.521 119.481 110.164 111.761 100.801 78.764 91.059 78.334 74.536 66.101 58.403 50.400 53.859 44.425 56.881 66.166 67.254 72.662 92.443 93.717 112.668 134.323 157.710 171.373 166.188 145.806 140.257 132.771 114.980 112.447 118.103 98.895 88.943 95.490 97.274
-999.250 -999.250 -999.250 -999.250 -999.250 -999.250 -999.250 -999.250 -999.250 -999.250 -999.250 225.065 219.368 216.660 216.444 223.617 -999.250 -999.250 117.030 95.812 94.831 118.852 115.628 115.356 129.960 128.457 132.701 120.502 121.601 126.069 129.419 133.771 126.766 109.538 106.980 99.715 86.560 84.127 94.057 79.942 70.497 68.704 62.586 56.496 53.407 48.174 51.752 61.705 69.166 71.348 85.292 95.983 110.887 142.402 154.544 173.595 198.121 168.870 133.407 123.544 123.730 128.947 112.986 97.859 95.298 95.143 98.429
-999.250 -999.250 -999.250 -999.250 -999.250 -999.250 -999.250 -999.250 -999.250 -999.250 -999.250 199.325 215.092 217.482 203.204 209.196 186.551 153.837 114.901 103.968 101.420 125.763 121.084 119.114 128.835 136.344 135.369 137.678 122.232 115.896 126.621 124.269 98.360 86.411 105.390 114.556 93.586 88.438 90.125 90.185 74.132 65.134 63.235 55.969 62.991 57.640 60.699 56.117 63.560 70.103 86.553 95.100 122.225 147.112 147.507 166.317 164.347 166.490 164.528 147.421 130.060 127.362 95.088 90.476 86.532 101.564 110.816
-999.250 -999.250 -999.250 -999.250 -999.250 -999.250 -999.250 -999.250 -999.250 -999.250 -999.250 -999.250 192.420 199.983 181.227 179.293 183.604 155.272 120.623 113.980 114.703 112.937 115.484 121.692 127.401 129.734 132.241 143.650 131.967 120.052 129.026 111.958 104.349 111.698 108.945 95.096 90.143 91.734 84.910 79.427 85.536 75.975 66.591 63.668 60.911 64.941 61.344 59.993 63.476 76.030 90.515 105.436 113.825 128.011 152.925 147.133 147.291 149.959 151.905 125.093 127.962 129.042 118.511 110.611 104.883 102.763 114.180
-999.250 -999.250 -999.250 -999.250 -999.250 -999.250 -999.250 -999.250 -999.250 -999.250 -999.250 -999.250 -999.250 175.011 184.997 191.041 172.645 142.976 125.358 112.956 110.690 120.160 122.945 121.163 123.507 138.578 133.393 139.384 146.676 143.760 139.426 122.477 112.892 105.583 111.174 100.226 92.971 96.084 94.352 85.952 73.477 81.777 77.283 65.888 62.862 64.140 61.014 72.632 69.885 88.834 94.064 105.679 112.523 105.762 128.419 144.254 139.453 138.297 138.122 115.799 113.681 121.254 105.841 104.632 98.693 116.819 134.513
-999.250 -999.250 -999.250 -999.250 -999.250 -999.250 -999.250 -999.250 -999.250 -999.250 -999.250 -999.250 -999.250 172.198 160.419 158.097 161.997 134.270 140.277 131.434 102.334 111.860 118.342 133.749 135.311 151.153 156.449 147.051 148.741 151.865 143.688 120.533 104.465 97.383 108.319 80.407 79.049 87.997 91.457 91.745 81.639 81.967 68.611 73.967 60.925 64.596 73.013 81.300 94.876 85.831 96.610 102.918 121.310 130.087 114.888 114.712 113.220 121.338 131.618 117.141 125.435 105.062 123.420 119.623 114.094 126.880 125.914
-999.250 -999.250 -999.250 -999.250 -999.250 -999.250 -999.250 -999.250 -999.250 -999.250 -999.250 -999.250 -999.250 171.546 162.814 149.957 146.549 131.175 131.997 118.562 109.255 119.624 120.038 136.137 155.712 171.008 147.885 166.331 169.007 140.795 130.818 131.915 123.762 97.751 85.118 75.561 80.134 78.714 74.228 80.293 69.737 73.510 73.231 68.290 68.886 78.078 73.481 86.240 86.114 106.913 99.072 103.669 120.725 134.640 129.573 107.870 109.006 111.486 122.480 105.538 100.521 118.341 107.061 129.466 115.996 129.200 129.003
-999.250 -999.250 -999.250 -999.250 -999.250 -999.250 -999.250 -999.250 -999.250 -999.250 -999.250 -999.250 -999.250 -999.250 148.813 158.173 145.252 130.876 140.769 124.743 126.094 127.729 118.527 125.129 141.476 152.576 162.471 156.288 178.370 162.055 143.328 124.082 120.671 104.109 89.306 76.766 71.887 70.331 69.076 74.876 77.083 72.813 79.167 74.939 71.053 72.941 82.883 83.283 87.057 106.044 105.604 126.002 124.164 128.277 117.754 109.103 102.070 123.219 109.003 95.211 99.017 99.002 118.825 120.742 128.579 125.370 125.474
-999.250 -999.250 -999.250 -999.250 -999.250 -999.250 -999.250 -999.250 -999.250 -999.250 -999.250 -999.250 -999.250 -999.250 158.167 130.440 140.387 138.661 126.614 119.641 127.995 116.308 109.570 118.194 133.926 155.089 147.727 162.661 184.146 186.740 145.359 145.886 130.323 112.053 91.742 74.692 76.800 71.020 69.943 77.254 71.551 74.655 80.757 64.222 67.283 81.109 89.532 91.922 108.975 102.666 96.964 103.813 114.193 134.276 131.186 115.512 116.586 112.486 108.448 115.215 91.867 109.668 113.060 122.624 122.850 123.831 123.533
-999.250 -999.250 -999.250 -999.250 -999.250 -999.250 -999.250 -999.250 -999.250 -999.250 -999.250 -999.250 -999.250 -999.250 143.522 128.986 144.449 143.455 128.454 116.128 107.877 118.192 118.613 142.289 129.619 169.597 164.721 173.144 172.091 174.384 144.892 128.993 120.760 95.079 94.720 85.725 79.084 69.661 71.441 69.892 79.548 74.165 70.743 65.902 70.305 85.324 91.541 98.468 99.796 103.335 95.248 101.988 102.356 109.281 129.202 121.834 117.885 108.391 113.103 116.729 111.299 98.594 100.712 112.201 122.585 124.572 127.794
-999.250 -999.250 -999.250 -999.250 -999.250 -999.250 -999.250 -999.250 -999.250 -999.250 -999.250 -999.250 -999.250 -999.250 148.799 133.680 142.628 119.193 125.958 113.488 122.005 118.186 103.624 120.236 129.755 -999.250 159.957 174.049 174.471 150.425 142.046 129.736 108.387 98.574 94.450 89.436 83.846 71.145 76.211 78.396 73.436 66.649 68.372 66.119 72.877 83.753 83.563 91.460 104.523 92.662 94.090 90.573 105.800 112.178 121.321 126.515 100.296 115.568 126.026 117.878 109.645 101.114 93.159 106.578 108.966 117.023 112.833
-999.250 -999.250 -999.250 -999.250 -999.250 -999.250 -999.250 -999.250 -999.250 -999.250 -999.250 -999.250 -999.250 -999.250 122.279 124.360 127.136 132.947 116.694 121.524 115.522 110.685 109.082 -999.250 -999.250 -999.250 132.803 151.436 150.925 152.331 128.305 109.047 98.762 101.333 88.066 87.622 81.075 74.926 67.489 76.266 70.051 71.241 71.163 79.949 71.036 84.460 89.047 92.019 91.755 96.983 76.736 85.212 98.857 107.186 112.858 109.821 108.706 107.947 113.430 116.738 124.413 104.346 98.618 107.312 107.696 114.305 132.796
-999.250 -999.250 -999.250 -999.250 -999.250 -999.250 -999.250 -999.250 -999.250 -999.250 -999.250 -999.250 -999.250 137.421 133.658 118.639 139.726 135.772 136.451 133.066 130.427 115.850 -999.250 -999.250 -999.250 -999.250 -999.250 151.977 142.546 132.657 127.218 109.855 102.056 93.526 85.037 88.760 88.782 79.122 78.130 77.748 68.211 64.150 64.424 71.245 73.763 75.111 73.282 75.838 87.534 80.786 77.575 81.785 93.035 98.256 110.647 117.123 102.210 102.386 105.129 99.753 101.318 105.729 104.346 114.630 118.250 122.559 126.541
-999.250 -999.250 -999.250 -999.250 -999.250 -999.250 -999.250 -999.250 -999.250 -999.250 -999.250 -999.250 -999.250 105.623 123.626 124.863 128.474 141.206 151.786 127.179 -999.250 -999.250 -999.250 -999.250 -999.250 -999.250 -999.250 -999.250 134.173 118.414 110.392 109.745 98.258 97.300 88.914 86.615 94.503 96.385 94.745 69.402 65.795 67.203 55.968 65.215 66.668 77.044 75.430 85.748 79.325 81.741 79.143 75.154 76.600 96.745 107.240 108.065 101.461 107.311 103.267 93.783 102.294 109.858 110.772 115.980 134.198 129.914 133.042
-999.250 -999.250 -999.250 -999.250 -999.250 -999.250 -999.250 -999.250 -999.250 -999.250 -999.250 -999.250 100.984 120.075 -999.250 -999.250 -999.250 -999.250 -999.250 -999.250 -999.250 -999.250 -999.250 -999.250 -999.250 -999.250 -999.250 -999.250 -999.250 114.442 101.793 88.658 91.358 87.579 93.019 82.332 81.637 81.615 78.246 82.378 63.627 64.948 55.366 55.711 62.041 70.305 67.906 64.105 68.076 77.865 87.565 76.213 84.359 85.265 105.633 103.134 92.821 88.404 98.284 123.266 117.554 120.182 124.205 123.627 129.125 129.916 151.916
-999.250 -999.250 -999.250 -999.250 -999.250 -999.250 -999.250 -999.250 -999.250 -999.250 -999.250 -999.250 -999.250 -999.250 -999.250 -999.250 -999.250 -999.250 -999.250 -999.250 -999.250 -999.250 -999.250 -999.250 -999.250 -999.250 -999.250 -999.250 -999.250 -999.250 90.127 88.193 80.273 98.494 89.945 75.194 74.515 78.738 81.032 74.986 71.537 68.191 59.682 60.157 58.846 64.937 62.921 57.494 62.939 83.116 86.693 90.560 85.179 92.741 100.268 103.652 105.124 89.656 116.332 101.512 119.208 137.905 130.203 121.549 145.547 134.207 123.212
-999.250 -999.250 -999.250 -999.250 -999.250 -999.250 -999.250 -999.250 -999.250 -999.250 -999.250 -999.250 -999.250 -999.250 -999.250 -999.250 -999.250 -999.250 -999.250 -999.250 -999.250 -999.250 -999.250 -999.250 -999.250 -999.250 -999.250 -999.250 -999.250 -999.250 82.833 94.616 73.521 93.937 84.757 77.971 67.373 75.476 77.854 76.198 75.366 63.800 70.010 57.453 57.592 60.068 57.965 56.701 66.508 81.514 83.728 82.288 87.468 95.871 94.126 101.860 101.113 109.226 99.063 110.112 121.096 127.357 113.444 116.868 141.734 133.156 117.150
-999.250 -999.250 -999.250 -999.250 -999.250 -999.250 -999.250 -999.250 -999.250 -999.250 -999.250 -999.250 -999.250 -999.250 -999.250 -999.250 -999.250 -999.250 -999.250 -999.250 -999.250 -999.250 -999.250 -999.250 -999.250 -999.250 -999.250 -999.250 -999.250 -999.250 81.377 87.233 93.682 84.883 85.535 79.490 78.955 79.996 66.324 82.664 69.574 64.385 64.027 62.794 63.010 61.375 60.445 66.567 67.567 94.392 87.912 72.898 86.773 95.971 106.320 96.222 94.435 91.380 101.589 103.101 111.633 110.844 120.867 107.438 140.214 154.819 122.546
