data/medianmodel_20-Jul-2020.asc
ncols	141
nrows	288
xllcorner	-120191.398
yllcorner	-301404.813
cellsize	2000.000
NODATA_value	-999.250
[rows 186 to 216 of 288, columns 0 to 69 of 141]
86.961 87.651 97.417 97.591 100.771 96.154 99.393 105.393 126.954 141.031 131.086 129.338 138.971 137.348 131.622 116.149 105.508 92.924 -999.250 -999.250 -999.250 -999.250 -999.250 37.287 31.026 39.549 38.878 40.498 48.018 42.179 39.112 32.239 28.387 26.388 22.721 16.423 16.313 16.285 17.565 14.371 9.141 7.318 4.567 1.479 3.181 0.000 0.000 0.000 0.000 0.000 0.000 0.000 0.000 0.000 0.000 0.000 0.000 0.000 0.000 0.000 0.000 0.000 0.000 0.000 0.000 0.000 0.000 0.000 0.000 0.000
-999.250 89.244 86.319 92.227 93.963 101.314 101.399 103.300 118.564 129.975 127.684 138.953 152.630 135.805 112.266 101.082 102.940 89.629 -999.250 -999.250 -999.250 -999.250 36.850 32.651 28.912 25.077 31.142 23.841 28.039 35.862 26.873 27.292 25.547 22.852 16.753 15.385 14.707 14.137 13.369 9.730 8.147 6.507 3.870 1.985 1.041 0.000 0.000 0.000 0.000 0.000 0.000 0.000 0.000 0.000 0.000 0.000 0.000 0.000 0.000 0.000 0.000 0.000 0.000 0.000 0.000 0.000 0.000 0.000 0.000 0.000
-999.250 91.350 94.711 91.914 91.994 102.973 100.904 97.554 103.881 114.464 110.387 132.185 137.790 124.722 123.471 100.095 91.507 90.491 -999.250 -999.250 -999.250 43.653 -999.250 27.327 26.456 22.005 27.971 22.472 20.493 19.947 20.788 20.788 16.610 17.090 14.291 15.071 12.605 11.778 11.899 9.502 6.194 4.935 2.982 0.058 0.014 0.000 0.000 0.000 0.000 0.000 0.000 0.000 0.000 0.000 0.000 0.000 0.000 0.000 0.000 0.000 0.000 0.000 0.000 0.000 0.000 0.000 0.000 0.000 0.000 0.000
-999.250 95.021 96.274 98.054 85.484 92.687 95.140 92.726 99.119 101.138 100.725 113.193 111.339 116.288 103.964 94.951 92.459 -999.250 -999.250 -999.250 -999.250 50.530 31.556 23.402 21.120 21.288 17.563 19.189 20.042 17.224 15.695 12.788 12.099 12.383 11.831 8.830 10.595 12.062 10.560 8.549 6.857 4.476 2.514 0.000 0.000 0.000 0.000 0.000 0.000 0.000 0.000 0.000 0.000 0.000 0.000 0.000 0.000 0.000 0.000 0.000 0.000 0.000 0.000 0.000 0.000 0.000 0.000 0.000 0.000 0.000
-999.250 90.757 99.801 95.970 95.252 94.282 87.816 91.306 89.235 92.442 91.621 95.824 98.252 103.251 103.403 97.611 94.126 -999.250 -999.250 -999.250 64.663 51.608 34.714 25.661 18.830 17.291 16.573 16.657 25.269 14.361 12.988 12.067 9.786 10.118 9.653 9.948 7.826 10.658 9.307 8.272 6.511 4.583 0.936 0.000 0.000 0.000 0.000 0.000 0.000 0.000 0.000 0.000 0.000 0.000 0.000 0.000 0.000 0.000 0.000 0.000 0.000 0.000 0.000 0.000 0.000 0.000 0.000 0.000 0.000 0.000
-999.250 -999.250 -999.250 99.714 -999.250 -999.250 86.178 94.294 88.576 -999.250 -999.250 -999.250 93.355 91.315 -999.250 -999.250 -999.250 -999.250 -999.250 -999.250 80.306 74.570 54.604 32.422 22.386 17.222 15.638 15.540 14.924 13.241 11.604 8.458 7.208 8.913 6.541 7.578 5.949 7.956 6.589 5.494 3.954 3.224 0.000 0.000 0.000 0.000 0.000 0.000 0.000 0.000 0.000 0.000 0.000 0.000 0.000 0.000 0.000 0.000 0.000 0.000 0.000 0.000 0.000 0.000 0.000 0.000 0.000 0.000 0.026 0.000
-999.250 -999.250 -999.250 -999.250 -999.250 -999.250 -999.250 -999.250 -999.250 -999.250 -999.250 -999.250 -999.250 85.547 87.070 87.288 -999.250 -999.250 -999.250 93.967 94.202 91.258 77.436 48.088 35.518 25.250 16.999 13.587 13.719 11.686 10.279 7.369 8.037 7.870 6.707 5.366 5.634 4.951 4.564 3.103 1.840 0.590 0.000 0.000 0.000 0.000 0.000 0.000 0.000 0.000 0.000 0.000 0.000 0.000 0.000 0.000 0.000 0.000 0.000 0.000 0.000 0.000 0.000 0.000 0.000 0.000 0.619 0.599 0.970 0.719
-999.250 -999.250 -999.250 -999.250 -999.250 -999.250 -999.250 -999.250 -999.250 -999.250 -999.250 74.754 80.654 89.559 86.701 84.004 -999.250 -999.250 89.911 106.458 110.483 115.302 92.129 76.251 45.418 31.007 18.265 14.928 11.430 10.114 7.507 7.312 6.790 7.546 5.952 6.652 3.033 3.431 2.021 2.354 0.762 0.000 0.000 0.000 0.000 0.000 0.000 0.000 0.000 0.000 0.000 0.000 0.000 0.000 0.000 0.000 0.000 0.000 0.000 0.000 0.000 0.000 0.000 0.000 0.000 1.439 0.454 1.105 1.639 1.896
-999.250 -999.250 -999.250 -999.250 -999.250 -999.250 -999.250 -999.250 -999.250 -999.250 -999.250 73.240 70.786 79.925 81.663 85.686 85.111 84.339 90.082 100.466 115.270 130.421 107.989 84.568 65.809 32.779 26.451 15.467 13.289 12.497 10.164 9.763 8.075 7.487 6.183 4.425 2.755 1.580 2.014 0.380 0.000 0.000 0.000 0.000 0.000 0.000 0.000 0.000 0.000 0.000 0.000 0.000 0.000 0.000 0.000 0.000 0.000 0.000 0.000 0.000 0.000 0.000 0.000 0.840 1.154 2.408 1.113 1.325 3.596 2.904
-999.250 -999.250 -999.250 -999.250 -999.250 -999.250 -999.250 -999.250 -999.250 -999.250 -999.250 -999.250 62.233 71.819 78.070 80.478 79.284 79.398 87.643 89.016 104.442 113.272 103.235 76.595 56.752 40.059 27.332 21.825 16.110 14.170 11.745 10.238 11.001 7.585 6.087 3.881 1.513 0.389 2.576 1.413 0.130 0.000 0.000 0.000 0.000 0.000 0.000 0.000 0.000 0.000 0.000 0.000 0.000 0.000 0.000 0.000 0.000 0.000 0.000 0.000 0.000 0.000 0.000 1.081 1.947 2.562 2.037 2.889 5.111 6.423
-999.250 -999.250 -999.250 -999.250 -999.250 -999.250 -999.250 -999.250 -999.250 -999.250 -999.250 -999.250 -999.250 63.972 65.658 65.798 78.414 77.984 82.345 82.314 92.068 99.250 84.406 77.780 53.981 40.267 31.108 26.097 19.819 18.366 16.124 12.393 11.116 8.260 4.975 4.213 0.548 1.843 1.108 0.771 1.728 0.000 0.000 0.000 0.000 0.000 0.000 0.000 0.000 0.000 0.000 0.000 0.000 0.000 0.000 0.000 0.000 0.000 0.000 0.000 0.000 0.000 0.587 0.633 2.246 3.775 4.654 6.850 7.552 6.980
-999.250 -999.250 -999.250 -999.250 -999.250 -999.250 -999.250 -999.250 -999.250 -999.250 -999.250 -999.250 -999.250 42.643 45.041 59.477 60.831 63.639 68.115 73.968 86.931 83.955 77.514 69.820 57.861 46.202 34.382 27.545 26.962 25.206 20.294 17.544 14.220 8.744 4.056 2.095 2.163 0.000 2.249 0.000 1.786 0.000 0.000 0.000 0.000 0.000 0.000 0.000 0.000 0.000 0.000 0.000 0.000 0.000 0.000 0.000 0.000 0.000 0.000 0.000 0.000 0.162 0.414 2.419 3.957 4.736 5.065 6.786 8.623 10.497
-999.250 -999.250 -999.250 -999.250 -999.250 -999.250 -999.250 -999.250 -999.250 -999.250 -999.250 -999.250 -999.250 32.824 34.897 47.134 42.660 52.036 47.955 65.293 67.109 67.799 71.516 62.611 58.984 43.113 37.543 31.348 30.067 30.187 23.113 18.726 13.556 9.615 6.920 3.807 3.167 2.659 2.176 2.280 1.448 1.502 0.000 0.257 0.192 0.000 0.000 0.000 0.000 0.000 0.000 0.000 0.000 0.000 0.000 0.000 0.000 0.000 0.000 0.000 0.601 1.378 2.363 3.458 2.768 4.170 5.307 7.143 9.869 13.352
-999.250 -999.250 -999.250 -999.250 -999.250 -999.250 -999.250 -999.250 -999.250 -999.250 -999.250 -999.250 -999.250 -999.250 36.980 44.457 45.919 42.029 48.209 47.885 55.123 47.627 61.361 56.355 59.283 48.584 42.237 40.743 40.502 36.399 28.196 21.461 18.066 9.580 7.593 5.008 3.855 5.250 4.167 1.970 1.249 3.498 0.889 0.000 0.742 0.000 0.000 0.000 0.000 0.000 0.000 0.000 0.000 0.000 0.000 0.000 0.000 0.000 0.000 0.000 0.382 1.878 2.093 3.748 2.812 3.656 4.415 6.368 6.885 8.671
-999.250 -999.250 -999.250 -999.250 -999.250 -999.250 -999.250 -999.250 -999.250 -999.250 -999.250 -999.250 -999.250 -999.250 31.346 32.669 39.579 32.207 37.698 38.347 49.663 52.672 54.037 50.695 52.255 56.227 43.508 45.350 54.723 40.894 29.904 22.056 16.271 12.599 9.802 5.929 7.081 6.020 4.223 3.730 0.361 2.207 2.726 0.795 0.035 1.779 1.072 0.000 0.000 0.000 0.000 0.000 0.303 0.000 0.000 0.000 0.000 0.000 0.000 0.457 0.978 2.938 2.179 2.570 4.758 3.819 4.654 4.225 6.261 8.187
-999.250 -999.250 -999.250 -999.250 -999.250 -999.250 -999.250 -999.250 -999.250 -999.250 -999.250 -999.250 -999.250 -999.250 27.334 32.071 33.128 28.652 30.779 37.439 43.271 46.416 47.270 39.662 45.796 42.772 44.568 43.572 41.896 39.276 26.914 20.955 15.115 13.245 12.903 10.906 8.661 6.340 2.580 2.350 2.200 2.262 2.357 2.597 1.610 0.420 0.843 0.177 0.229 0.000 2.494 0.026 0.454 0.382 1.037 0.105 0.000 0.000 0.000 0.000 1.058 2.051 1.509 2.895 1.565 2.652 3.268 5.888 5.381 7.169
-999.250 -999.250 -999.250 -999.250 -999.250 -999.250 -999.250 -999.250 -999.250 -999.250 -999.250 -999.250 -999.250 -999.250 23.969 25.643 26.755 27.755 28.373 32.938 37.318 35.795 40.135 38.711 34.980 -999.250 37.339 44.720 36.557 29.310 22.969 19.101 15.317 13.906 12.592 12.916 10.406 9.257 5.477 4.765 3.194 3.206 2.494 1.399 2.407 3.399 0.402 0.290 0.119 1.143 1.997 0.517 1.190 1.975 1.567 0.400 0.759 0.000 0.000 0.056 1.503 1.844 2.139 1.786 1.692 2.905 3.889 6.537 5.126 7.393
-999.250 -999.250 -999.250 -999.250 -999.250 -999.250 -999.250 -999.250 -999.250 -999.250 -999.250 -999.250 -999.250 -999.250 22.242 19.925 23.910 24.578 26.403 31.308 36.680 37.211 34.425 -999.250 -999.250 -999.250 29.690 28.571 26.286 25.977 26.275 16.921 15.772 14.402 15.197 13.231 9.763 8.496 7.437 5.314 2.301 4.297 2.921 2.099 2.327 2.233 1.833 1.006 0.804 2.445 2.221 4.276 1.717 2.316 1.732 0.839 0.675 0.317 0.000 0.488 0.754 1.141 2.054 2.060 3.600 3.137 3.397 5.284 7.793 7.411
-999.250 -999.250 -999.250 -999.250 -999.250 -999.250 -999.250 -999.250 -999.250 -999.250 -999.250 -999.250 -999.250 18.974 19.792 17.886 20.674 21.802 23.473 23.203 27.879 30.473 -999.250 -999.250 -999.250 -999.250 -999.250 22.079 23.644 18.473 18.142 18.935 16.832 13.823 14.459 12.962 10.540 7.441 8.336 6.367 7.957 5.034 4.812 3.441 0.779 1.667 1.429 3.138 3.534 2.875 3.162 2.757 3.634 4.139 1.922 1.647 2.288 1.678 0.000 0.194 0.000 0.051 1.302 1.650 1.845 3.659 4.322 4.372 5.362 6.917
-999.250 -999.250 -999.250 -999.250 -999.250 -999.250 -999.250 -999.250 -999.250 -999.250 -999.250 -999.250 -999.250 17.953 17.507 21.064 19.928 20.098 24.460 19.159 -999.250 -999.250 -999.250 -999.250 -999.250 -999.250 -999.250 -999.250 17.426 14.574 15.500 18.729 20.723 14.014 14.073 12.460 9.751 9.076 8.441 6.963 5.228 4.355 3.526 2.273 2.106 2.905 2.981 3.488 2.679 2.803 3.725 2.675 2.210 2.330 3.164 2.377 1.077 0.285 0.877 0.000 0.000 0.950 1.728 1.741 0.836 3.885 2.214 3.950 5.066 3.814
-999.250 -999.250 -999.250 -999.250 -999.250 -999.250 -999.250 -999.250 -999.250 -999.250 -999.250 -999.250 24.534 19.190 -999.250 -999.250 -999.250 -999.250 -999.250 -999.250 -999.250 -999.250 -999.250 -999.250 -999.250 -999.250 -999.250 -999.250 -999.250 15.827 14.888 15.072 15.584 13.517 12.101 10.039 7.736 9.268 5.911 5.686 4.380 5.594 4.632 4.329 2.612 3.002 2.048 3.012 3.981 1.885 3.687 2.547 3.091 3.529 2.411 1.997 1.036 0.085 0.392 0.000 0.000 0.000 1.006 0.539 1.840 1.057 1.743 2.887 3.450 4.103
-999.250 -999.250 -999.250 -999.250 -999.250 -999.250 -999.250 -999.250 -999.250 -999.250 -999.250 -999.250 -999.250 -999.250 -999.250 -999.250 -999.250 -999.250 -999.250 -999.250 -999.250 -999.250 -999.250 -999.250 -999.250 -999.250 -999.250 -999.250 -999.250 -999.250 14.039 14.020 15.671 15.313 13.062 9.044 10.037 7.690 4.606 5.078 3.895 4.109 5.002 5.456 4.492 4.680 2.921 2.449 3.141 2.006 3.027 4.296 4.508 3.160 4.190 0.976 0.000 0.000 0.000 0.000 0.000 0.000 0.000 0.000 0.000 0.000 0.000 0.179 3.564 1.538
-999.250 -999.250 -999.250 -999.250 -999.250 -999.250 -999.250 -999.250 -999.250 -999.250 -999.250 -999.250 -999.250 -999.250 -999.250 -999.250 -999.250 -999.250 -999.250 -999.250 -999.250 -999.250 -999.250 -999.250 -999.250 -999.250 -999.250 -999.250 -999.250 -999.250 13.522 12.895 14.297 12.927 10.710 9.454 8.152 6.105 3.215 3.714 4.766 4.357 5.858 4.523 3.170 2.897 1.790 2.889 2.227 4.653 1.829 2.179 2.084 2.686 3.032 2.081 0.060 0.000 0.000 0.000 0.000 0.000 0.000 0.000 0.000 0.000 0.000 0.000 0.000 0.000
-999.250 -999.250 -999.250 -999.250 -999.250 -999.250 -999.250 -999.250 -999.250 -999.250 -999.250 -999.250 -999.250 -999.250 -999.250 -999.250 -999.250 -999.250 -999.250 -999.250 -999.250 -999.250 -999.250 -999.250 -999.250 -999.250 -999.250 -999.250 -999.250 -999.250 13.537 12.606 9.383 10.983 10.462 9.921 8.422 6.666 4.128 3.461 4.292 4.976 6.336 5.252 3.936 4.064 3.838 2.801 2.237 1.544 1.464 0.000 1.853 0.865 2.068 0.088 0.414 0.000 0.000 0.000 0.000 0.000 0.000 0.000 0.000 0.000 0.000 0.000 0.000 0.000
-999.250 -999.250 -999.250 -999.250 -999.250 -999.250 -999.250 -999.250 -999.250 -999.250 -999.250 -999.250 -999.250 -999.250 -999.250 -999.250 -999.250 -999.250 -999.250 -999.250 -999.250 -999.250 -999.250 -999.250 -999.250 -999.250 -999.250 -999.250 -999.250 -999.250 -999.250 12.455 10.693 9.560 11.271 7.800 6.783 5.199 3.713 2.831 5.319 5.505 8.577 4.403 2.207 2.122 2.535 2.884 0.000 1.710 0.046 0.961 1.637 1.681 2.323 0.000 0.000 0.000 0.000 0.000 0.000 0.000 0.000 0.000 0.000 0.000 0.000 0.000 0.000 0.000
-999.250 -999.250 -999.250 -999.250 -999.250 -999.250 -999.250 -999.250 -999.250 -999.250 -999.250 -999.250 -999.250 -999.250 -999.250 -999.250 -999.250 -999.250 -999.250 -999.250 -999.250 -999.250 -999.250 -999.250 -999.250 -999.250 -999.250 -999.250 -999.250 -999.250 -999.250 11.424 9.803 10.208 8.771 8.261 4.932 2.866 3.213 3.723 4.795 5.234 4.972 3.405 3.030 2.228 1.437 1.375 3.444 1.201 0.791 0.247 3.361 0.715 0.381 0.000 0.000 0.000 0.000 0.000 0.000 0.000 0.000 0.000 0.000 0.000 0.000 0.000 0.000 0.000
-999.250 -999.250 -999.250 -999.250 -999.250 -999.250 -999.250 -999.250 -999.250 -999.250 -999.250 -999.250 -999.250 -999.250 -999.250 -999.250 -999.250 -999.250 -999.250 -999.250 -999.250 -999.250 -999.250 -999.250 -999.250 -999.250 -999.250 -999.250 -999.250 -999.250 -999.250 11.664 12.162 9.398 8.226 6.243 4.688 2.371 3.479 2.944 2.302 2.487 2.939 0.868 1.489 0.683 0.541 0.660 1.126 0.884 0.369 1.491 3.005 0.367 0.000 0.000 0.000 0.000 0.000 0.000 0.000 0.000 0.000 0.000 0.000 0.000 0.000 0.000 0.000 0.000
-999.250 -999.250 -999.250 -999.250 -999.250 -999.250 -999.250 -999.250 -999.250 -999.250 -999.250 -999.250 -999.250 -999.250 -999.250 -999.250 -999.250 -999.250 -999.250 -999.250 -999.250 -999.250 -999.250 -999.250 -999.250 -999.250 -999.250 -999.250 -999.250 -999.250 -999.250 9.825 9.336 8.569 5.719 4.090 3.830 1.956 2.072 2.742 1.797 1.643 2.479 2.964 0.135 0.000 0.152 1.568 1.103 0.496 0.053 2.537 0.822 0.198 1.167 0.000 0.000 0.000 0.000 0.000 0.000 0.000 0.000 0.000 0.000 0.000 0.000 0.000 0.000 0.000
-999.250 -999.250 -999.250 -999.250 -999.250 -999.250 -999.250 -999.250 -999.250 -999.250 -999.250 -999.250 -999.250 -999.250 -999.250 -999.250 -999.250 -999.250 -999.250 -999.250 -999.250 -999.250 -999.250 -999.250 -999.250 -999.250 -999.250 -999.250 -999.250 -999.250 -999.250 9.588 10.156 7.430 4.818 3.868 3.497 2.175 4.170 1.176 1.960 2.580 2.758 2.145 0.000 0.000 0.379 1.404 2.627 1.279 3.972 5.113 4.344 3.525 4.144 1.794 0.000 0.000 0.000 0.000 0.000 0.000 0.000 0.000 0.000 0.000 0.000 0.000 1.713 3.825
-999.250 -999.250 -999.250 -999.250 -999.250 -999.250 -999.250 -999.250 -999.250 -999.250 -999.250 -999.250 -999.250 -999.250 -999.250 -999.250 -999.250 -999.250 -999.250 -999.250 -999.250 -999.250 -999.250 -999.250 -999.250 -999.250 -999.250 -999.250 -999.250 -999.250 -999.250 7.070 7.175 6.460 6.188 5.671 2.809 3.714 3.495 2.488 2.513 3.299 2.883 1.593 0.527 0.821 2.404 2.917 4.311 4.243 5.471 6.358 6.553 7.007 4.658 3.698 0.809 0.384 0.138 0.000 0.000 0.000 0.000 0.000 0.000 0.000 0.000 3.374 5.191 5.700
-999.250 -999.250 -999.250 -999.250 -999.250 -999.250 -999.250 -999.250 -999.250 -999.250 -999.250 -999.250 -999.250 -999.250 -999.250 -999.250 -999.250 -999.250 -999.250 -999.250 -999.250 -999.250 -999.250 -999.250 -999.250 -999.250 -999.250 -999.250 -999.250 -999.250 -999.250 8.128 8.348 8.623 7.240 7.811 5.912 3.933 2.659 1.571 1.808 3.338 1.707 2.172 1.835 2.191 3.541 4.699 6.320 4.532 8.085 8.961 8.425 7.931 7.087 7.482 5.991 4.293 3.987 2.741 0.000 0.000 0.000 0.000 0.000 0.000 2.385 6.761 10.064 11.277
