data/medianmodel_30-Apr-2020.asc
ncols	141
nrows	288
xllcorner	-120191.398
yllcorner	-301404.813
cellsize	2000.000
NODATA_value	-999.250
[rows 150 to 179 of 288, columns 0 to 68 of 141]
-999.250 -999.250 -999.250 -999.250 -999.250 -999.250 -999.250 -999.250 -999.250 -999.250 -999.250 -999.250 7.160 7.672 9.702 11.441 13.081 15.807 20.378 21.824 24.776 27.417 23.729 19.696 18.848 21.499 24.580 25.384 21.078 20.172 21.605 19.845 17.411 22.153 24.622 24.012 22.795 20.744 24.117 21.326 20.898 16.902 13.073 8.978 5.557 3.826 8.201 11.314 12.952 11.969 12.794 11.820 9.456 7.942 8.838 9.213 7.625 8.776 8.616 10.264 10.638 9.812 7.848 7.475 7.188 8.523 7.314 6.386 6.238
-999.250 -999.250 -999.250 -999.250 -999.250 -999.250 -999.250 -999.250 -999.250 -999.250 -999.250 4.999 6.269 6.585 7.099 8.001 12.171 16.011 19.787 24.602 26.466 24.735 23.940 18.543 18.898 17.776 19.942 21.334 23.125 20.712 19.974 19.779 19.728 23.903 23.192 22.346 24.057 27.164 23.806 20.642 19.125 15.528 13.203 7.961 5.642 0.000 8.395 12.695 14.010 16.520 16.160 12.346 11.537 10.731 8.928 10.952 9.363 9.407 12.040 10.708 10.044 8.028 11.069 9.023 7.946 7.918 7.023 8.886 6.097
-999.250 -999.250 -999.250 -999.250 -999.250 -999.250 -999.250 -999.250 -999.250 -999.250 6.331 5.331 4.659 4.429 3.953 4.478 9.884 15.710 20.033 26.920 25.531 23.116 23.074 20.958 19.898 17.112 17.736 22.171 19.777 23.461 23.034 20.218 21.276 21.543 26.040 23.648 24.030 30.352 23.187 18.185 19.026 14.400 12.805 12.584 11.021 8.814 16.038 18.935 19.225 16.999 18.823 14.743 14.032 14.928 11.841 11.481 11.032 12.163 12.154 11.011 9.885 9.696 8.066 8.923 6.504 8.519 8.813 7.332 6.311
-999.250 -999.250 -999.250 -999.250 -999.250 -999.250 -999.250 -999.250 -999.250 4.860 5.166 4.503 5.371 2.782 0.581 0.000 6.385 14.356 20.910 28.895 23.294 20.617 22.348 20.532 18.925 17.942 18.316 24.460 21.719 20.744 21.141 22.129 26.282 24.359 27.701 29.385 27.135 29.223 25.716 22.617 20.048 14.094 17.202 14.942 17.550 20.645 30.831 27.292 24.426 23.516 21.718 18.038 16.395 14.592 12.999 13.292 11.508 11.333 10.476 11.540 11.460 8.379 9.405 8.548 9.560 8.959 11.572 8.644 10.270
-999.250 -999.250 -999.250 -999.250 -999.250 4.469 3.773 3.337 5.654 5.451 5.708 5.146 3.910 3.628 0.496 1.726 6.513 12.588 16.473 20.006 19.789 18.699 18.582 17.211 15.128 18.358 21.352 25.906 27.297 20.774 25.549 26.976 25.403 26.141 28.396 27.061 26.773 27.320 26.963 22.713 20.073 19.009 20.186 20.058 23.150 31.309 43.492 35.641 30.146 27.406 23.361 20.791 22.104 15.857 16.660 16.915 13.832 12.302 12.511 9.742 9.566 7.716 9.444 8.457 10.163 8.175 9.802 10.808 8.313
-999.250 -999.250 -999.250 -999.250 -999.250 -999.250 -999.250 4.350 6.150 5.794 3.862 4.938 4.133 1.877 2.464 3.968 6.646 9.986 14.879 15.542 16.975 16.034 16.703 13.579 15.548 14.721 20.514 21.761 24.402 22.474 24.511 23.946 30.937 27.354 30.718 32.794 36.954 27.998 26.962 22.073 24.122 22.976 25.957 29.968 33.574 35.301 42.736 36.792 30.914 31.733 25.389 24.597 20.685 21.880 20.247 16.722 14.784 14.161 14.839 13.002 10.711 9.682 8.441 7.813 7.082 6.837 6.604 7.146 7.201
-999.250 -999.250 -999.250 -999.250 -999.250 -999.250 -999.250 6.453 5.448 6.379 6.451 5.367 6.090 2.746 3.931 3.509 5.570 6.071 12.153 12.704 13.164 15.370 13.357 15.942 15.318 16.164 18.688 21.431 25.879 25.345 28.772 30.720 30.073 34.086 30.634 33.829 37.854 35.778 36.244 36.702 30.502 25.746 28.562 37.050 29.742 35.781 39.353 37.983 34.936 39.240 28.382 27.501 25.311 22.896 20.471 17.733 17.741 16.043 15.085 12.500 10.933 8.824 6.275 7.410 6.328 6.504 7.221 6.006 7.450
-999.250 -999.250 -999.250 -999.250 -999.250 -999.250 -999.250 7.102 8.519 7.409 6.946 6.726 5.535 3.903 3.842 3.130 2.942 6.046 8.301 9.710 12.436 11.597 12.045 15.358 15.099 15.512 19.845 25.410 26.812 24.119 29.631 37.902 32.261 35.006 29.867 37.332 38.108 36.814 35.040 37.091 30.583 34.032 38.021 36.460 34.539 34.971 37.516 35.236 39.720 34.832 33.507 35.438 28.493 23.744 21.516 20.044 21.499 15.740 13.772 12.559 10.274 10.566 9.350 6.968 5.238 5.405 6.486 6.108 5.263
-999.250 -999.250 -999.250 -999.250 -999.250 -999.250 -999.250 8.119 9.661 7.704 7.893 7.822 7.616 2.583 3.970 4.001 5.008 4.214 7.434 8.322 10.679 11.492 13.209 15.341 14.411 17.905 21.732 22.167 25.483 27.990 31.809 30.561 34.481 31.428 28.187 34.119 37.598 38.513 37.510 37.948 30.771 38.066 41.246 40.510 36.761 38.725 38.328 40.501 33.693 33.247 38.772 33.138 30.697 31.165 23.099 21.004 18.643 16.386 11.958 11.658 9.749 12.118 7.589 7.249 5.344 3.961 4.292 7.160 6.239
-999.250 -999.250 -999.250 -999.250 -999.250 -999.250 -999.250 -999.250 10.995 12.023 8.367 8.027 5.362 4.823 3.778 2.091 2.279 3.861 4.933 6.954 9.961 9.001 12.367 17.133 18.469 18.316 23.506 24.303 25.665 27.916 34.704 34.142 25.871 32.962 33.777 37.536 43.149 38.691 37.574 36.412 38.774 38.193 40.891 36.730 35.666 43.003 35.753 32.544 33.754 33.094 35.432 34.624 29.471 28.643 26.862 21.763 21.051 16.962 16.257 13.854 11.119 9.795 7.168 5.930 4.083 1.355 4.540 5.648 6.201
-999.250 -999.250 -999.250 -999.250 -999.250 -999.250 -999.250 -999.250 11.062 11.603 7.722 7.646 7.145 6.358 2.100 0.000 0.620 1.570 1.952 4.165 6.161 7.560 10.450 15.208 20.983 22.956 26.149 30.223 31.258 26.203 37.075 32.704 24.889 32.458 37.618 42.294 41.041 35.702 34.382 37.874 38.505 42.499 42.315 37.647 38.549 40.146 34.854 35.128 37.195 37.252 37.351 30.174 29.925 24.220 22.223 20.473 18.582 19.053 18.273 12.830 11.917 9.488 7.185 4.719 2.512 0.000 3.783 5.478 6.112
-999.250 -999.250 -999.250 -999.250 -999.250 -999.250 -999.250 13.514 12.402 10.059 9.204 7.460 8.617 5.066 1.169 0.000 0.000 1.395 0.000 0.497 3.833 7.123 11.467 15.900 20.690 23.921 26.671 30.947 30.939 26.703 31.872 28.980 28.718 33.968 36.006 36.881 43.538 35.096 31.483 28.488 33.425 35.075 36.364 39.764 34.720 40.936 43.729 37.105 38.137 37.250 37.393 28.513 29.975 24.547 21.436 20.932 22.524 23.323 17.635 12.758 13.800 9.079 5.512 5.368 3.946 2.491 2.881 5.162 7.101
-999.250 -999.250 -999.250 -999.250 -999.250 -999.250 -999.250 11.598 10.684 9.030 7.698 6.912 6.878 5.312 2.558 0.000 0.096 0.031 0.000 0.000 0.000 6.401 13.771 17.220 21.112 33.630 39.919 34.508 33.407 33.879 30.307 31.497 29.857 30.932 30.263 29.215 33.029 28.693 23.255 25.432 27.343 30.098 31.052 37.270 36.869 34.871 35.922 39.966 36.441 34.105 32.611 35.681 26.978 27.248 28.282 26.595 21.837 19.309 16.124 15.540 14.555 11.540 8.148 6.126 5.336 3.527 3.698 4.617 6.400
-999.250 -999.250 -999.250 -999.250 -999.250 -999.250 -999.250 13.073 9.866 10.568 8.186 5.673 6.018 5.300 1.563 0.348 0.596 0.485 3.103 3.006 4.556 8.829 11.988 18.750 27.646 33.074 38.741 39.871 38.420 37.666 34.228 25.641 27.734 30.405 23.362 25.448 25.525 16.578 13.306 17.482 25.786 31.031 26.788 34.330 35.725 35.947 35.290 35.443 37.116 36.051 33.546 32.519 25.816 31.031 28.888 27.454 24.155 21.400 17.730 14.168 10.572 9.047 6.309 6.817 7.285 4.633 5.744 5.843 4.143
-999.250 -999.250 -999.250 -999.250 -999.250 -999.250 -999.250 12.140 13.749 8.657 7.179 6.480 6.596 4.292 3.757 0.348 0.529 0.817 4.039 4.820 7.805 8.247 13.105 19.415 24.332 38.221 39.419 43.148 37.659 35.453 31.785 26.724 25.252 25.669 22.346 23.475 19.300 13.747 12.691 16.362 23.740 24.966 28.810 34.055 30.411 28.268 31.817 34.581 33.484 33.208 30.466 32.180 32.868 25.782 32.304 27.337 23.776 23.420 19.906 13.781 8.205 7.820 6.889 7.891 6.691 5.101 4.843 3.570 4.216
-999.250 -999.250 -999.250 -999.250 -999.250 -999.250 12.217 11.277 10.037 7.714 6.395 4.278 4.928 4.764 1.464 2.042 0.922 3.183 4.937 5.303 8.728 10.818 14.770 22.947 30.516 34.530 39.133 39.961 38.027 33.493 28.029 25.165 21.930 21.116 24.028 20.787 15.757 13.018 14.632 16.351 19.154 23.374 28.036 30.984 31.974 30.236 32.587 33.350 35.058 32.157 29.453 31.380 32.011 29.434 30.668 28.702 27.299 21.951 16.995 14.116 10.237 9.091 5.429 7.033 6.697 5.263 5.766 5.550 5.507
-999.250 -999.250 -999.250 -999.250 -999.250 -999.250 14.476 12.869 9.069 8.523 5.363 4.508 4.450 2.254 1.291 4.199 3.244 4.954 5.137 6.154 8.028 13.061 17.561 23.697 31.021 36.477 45.717 50.089 46.111 41.319 33.474 28.172 22.479 20.694 21.116 19.492 16.726 17.093 14.482 18.023 19.981 24.865 33.585 34.294 37.831 32.589 28.466 30.019 32.445 35.873 27.838 36.039 31.455 33.742 27.090 22.642 19.368 20.967 19.288 11.119 9.903 11.458 7.934 7.442 6.334 6.513 4.794 5.888 6.090
-999.250 -999.250 -999.250 -999.250 -999.250 12.950 12.214 11.124 8.606 6.587 6.714 5.385 6.008 4.512 4.342 5.752 4.794 5.505 5.256 8.007 10.143 14.175 20.261 28.022 28.653 44.090 47.025 57.228 43.958 37.250 36.070 29.437 24.686 21.044 22.233 18.456 16.275 17.721 17.050 16.141 21.314 20.563 26.782 29.184 26.423 25.804 29.428 33.372 40.087 32.191 31.415 31.548 29.981 28.129 29.831 24.222 20.829 19.213 16.570 11.456 11.904 10.767 8.867 8.118 7.607 7.068 4.744 5.492 7.007
-999.250 -999.250 -999.250 -999.250 -999.250 14.246 11.842 11.803 8.921 7.314 6.253 5.094 5.414 4.789 4.757 3.978 4.618 5.416 8.404 9.025 11.473 15.275 18.784 25.068 33.731 38.788 47.371 54.404 47.568 50.444 36.374 28.625 27.215 22.643 22.360 15.082 13.943 17.051 16.995 17.787 19.501 20.784 25.619 24.881 26.881 27.419 29.976 35.335 35.320 26.441 28.999 33.503 27.216 27.433 25.482 23.810 21.362 18.584 14.048 13.097 14.459 8.393 9.675 10.313 7.812 6.693 5.940 6.671 5.872
-999.250 -999.250 -999.250 -999.250 15.156 12.168 13.010 8.457 7.268 7.115 7.073 5.348 5.903 4.679 3.754 4.571 5.541 6.265 8.263 8.791 11.162 14.715 18.408 20.846 32.495 41.069 47.698 45.004 42.445 45.729 34.065 28.393 28.380 22.367 20.535 17.070 12.836 15.420 17.201 16.927 19.530 25.278 21.594 25.484 29.868 31.378 34.818 35.992 32.346 26.967 29.515 26.710 26.239 25.580 27.174 19.136 16.754 18.322 12.460 11.233 7.863 7.358 6.559 10.230 9.704 8.154 6.949 6.704 5.193
-999.250 -999.250 -999.250 -999.250 13.344 8.965 10.617 6.615 6.782 4.449 6.476 6.622 5.955 5.125 5.475 4.940 6.210 8.466 9.508 10.846 14.694 15.434 13.620 21.693 30.604 38.247 38.818 41.926 45.864 38.789 37.946 28.027 28.486 24.791 22.240 15.228 15.010 18.146 19.051 20.863 22.979 28.465 30.282 31.549 31.447 31.445 36.160 32.451 32.325 26.799 31.280 29.657 27.523 26.202 22.379 18.253 16.293 12.837 10.530 7.873 7.696 8.826 6.533 7.521 7.885 9.570 7.834 6.174 5.575
-999.250 -999.250 -999.250 -999.250 11.251 9.623 8.122 8.778 8.413 7.373 5.934 4.402 4.454 5.782 6.079 5.315 6.926 7.219 11.938 14.013 16.804 16.338 16.817 24.908 29.262 33.460 38.087 46.028 43.662 40.890 44.060 33.359 25.843 22.872 20.307 16.835 18.474 17.072 21.636 20.401 22.377 26.162 35.688 34.591 36.971 40.104 37.673 37.793 35.897 25.129 29.707 31.903 23.051 23.703 21.076 19.068 16.020 13.361 10.822 11.100 6.797 6.977 6.834 8.018 9.009 7.238 6.238 6.583 6.783
-999.250 -999.250 -999.250 -999.250 12.601 10.644 9.614 10.066 10.080 8.605 5.538 6.132 3.938 6.495 5.560 6.299 7.385 9.289 14.572 16.551 20.424 21.357 25.784 31.770 34.635 41.205 44.033 46.971 51.290 49.500 44.688 39.699 27.645 22.393 21.832 18.784 19.216 25.294 19.062 22.495 28.970 32.539 36.599 39.216 41.226 40.378 44.871 34.112 33.220 31.018 36.739 36.659 28.407 25.502 19.671 16.436 14.002 11.240 7.344 7.432 6.921 6.332 6.412 7.779 9.526 8.005 8.699 7.357 5.908
-999.250 -999.250 -999.250 -999.250 12.816 9.080 8.955 11.785 9.558 9.985 7.415 7.144 7.756 7.263 8.888 9.154 9.389 13.469 17.730 27.328 27.066 31.631 30.808 42.761 43.809 44.725 51.592 46.024 54.998 57.184 44.737 42.280 28.817 25.702 25.222 26.109 23.402 29.442 23.992 21.591 32.356 28.541 35.610 44.304 48.879 45.743 47.959 38.554 42.167 39.604 37.647 33.887 27.536 26.938 22.433 17.752 13.564 10.198 7.077 5.847 5.148 5.722 5.232 6.717 7.858 7.354 7.206 6.377 6.322
-999.250 -999.250 -999.250 -999.250 12.299 11.055 10.757 12.290 12.453 13.903 11.546 10.186 11.264 9.587 12.176 12.794 12.118 17.282 24.954 32.442 33.541 37.932 38.227 46.117 53.102 50.075 48.636 57.456 50.975 46.997 43.862 37.883 32.776 31.986 25.346 26.612 28.610 27.052 29.932 28.723 32.681 38.559 37.741 43.827 51.041 49.357 38.584 42.017 43.516 36.660 36.477 35.579 33.959 28.179 20.608 17.133 11.009 7.975 4.359 4.507 5.909 4.444 4.862 5.487 6.950 7.247 6.530 7.355 6.003
-999.250 -999.250 -999.250 -999.250 10.520 13.023 13.074 14.460 14.569 17.276 14.268 18.487 16.070 14.213 19.323 18.969 20.360 27.913 26.980 34.485 40.246 48.999 43.912 52.537 50.231 54.097 58.882 60.689 53.299 45.311 45.095 39.884 36.585 29.822 28.921 31.022 30.730 27.986 32.429 32.411 34.838 43.321 46.028 49.875 46.282 46.970 46.423 48.684 46.522 42.804 41.345 38.614 36.437 29.221 24.287 17.149 11.517 4.928 2.289 1.426 4.526 5.339 5.247 5.491 5.809 5.325 5.411 5.589 5.234
-999.250 -999.250 -999.250 -999.250 14.348 15.484 14.766 16.506 19.619 21.181 18.863 22.306 22.594 23.816 26.377 27.871 37.225 36.514 37.734 47.559 49.726 50.484 52.577 55.865 56.985 64.549 58.772 61.593 50.950 46.137 45.197 40.943 39.259 34.666 29.664 28.360 33.055 31.362 33.479 37.338 41.082 46.185 51.207 57.238 55.899 48.067 46.341 50.585 49.879 48.118 45.649 45.671 37.000 30.381 18.886 14.012 9.884 0.000 0.000 2.974 4.127 3.664 4.371 5.118 5.733 5.195 6.364 7.035 6.142
-999.250 -999.250 -999.250 -999.250 20.820 18.047 21.106 20.151 22.408 22.060 23.248 33.935 31.631 31.942 30.732 37.273 40.926 47.104 51.423 61.135 62.890 64.875 62.567 62.343 67.052 61.433 65.441 58.795 46.633 45.475 50.254 44.956 43.252 37.900 34.770 37.491 42.206 39.958 33.659 39.603 46.787 48.983 52.135 56.762 56.510 54.692 49.203 53.215 55.197 48.189 46.886 44.304 32.721 37.328 21.320 18.852 11.846 4.759 3.591 2.621 4.874 4.525 3.554 6.196 4.504 5.120 6.422 6.286 6.064
-999.250 -999.250 -999.250 -999.250 27.821 25.091 26.545 26.974 28.937 29.541 30.742 36.799 37.509 38.863 43.595 47.153 53.710 55.796 66.436 72.336 75.213 70.563 69.039 67.925 65.306 52.284 56.008 45.790 47.793 47.179 48.834 43.180 43.819 44.498 36.925 35.633 38.876 40.834 42.248 42.855 51.478 53.677 49.069 54.826 56.932 54.376 56.645 52.339 56.263 52.083 48.128 42.335 39.664 34.342 29.444 22.520 14.082 8.186 6.455 5.867 5.474 7.485 6.318 7.058 6.104 6.095 5.897 5.657 5.414
-999.250 -999.250 -999.250 27.311 30.776 35.210 31.902 31.700 38.956 40.659 41.823 44.393 48.538 50.678 52.475 59.668 58.750 67.810 76.977 76.647 80.306 75.282 72.104 66.902 64.482 58.995 54.688 46.579 45.334 37.822 38.586 40.115 36.733 32.768 33.693 34.363 35.031 39.853 42.775 43.595 46.925 46.330 50.625 56.656 53.470 59.703 60.487 64.063 55.740 52.582 48.596 41.619 43.143 38.364 24.388 20.549 13.134 9.160 6.456 8.714 6.549 7.573 7.979 8.446 7.373 6.104 6.911 6.838 7.368
