data/medianmodel_23-Jun-2020.asc
ncols	141
nrows	288
xllcorner	-120191.398
yllcorner	-301404.813
cellsize	2000.000
NODATA_value	-999.250
[rows 180 to 209 of 288, columns 0 to 68 of 141]
-999.250 -999.250 -999.250 57.360 62.856 66.427 70.784 80.918 89.856 97.750 108.767 96.047 103.590 99.556 94.321 106.341 99.590 106.244 112.646 120.518 120.053 110.908 90.903 71.778 67.818 61.867 67.277 64.209 59.247 54.491 53.496 47.028 32.390 35.211 27.502 18.892 13.691 12.298 9.078 6.086 2.800 1.570 1.798 2.355 2.612 0.000 0.000 0.519 0.000 0.000 0.000 0.000 0.000 0.000 0.000 0.000 0.000 0.000 0.000 0.000 0.000 0.000 0.000 0.000 0.000 0.000 0.000 0.000 0.000
-999.250 -999.250 -999.250 67.816 72.725 81.628 89.911 98.218 100.201 100.038 118.979 126.967 116.173 116.383 121.757 120.554 112.722 111.858 121.827 129.845 109.286 103.740 87.266 70.736 63.676 65.719 59.160 60.982 56.494 57.356 60.140 49.228 42.436 31.950 28.344 20.863 16.283 14.001 9.494 6.854 4.311 2.816 3.246 3.598 2.999 1.972 0.000 0.946 1.351 0.199 0.000 0.000 0.000 0.000 0.000 0.000 0.000 0.000 0.000 0.000 0.000 0.000 0.000 0.000 0.000 0.000 0.000 0.000 0.000
-999.250 -999.250 61.599 82.365 93.530 97.441 95.261 92.760 110.124 140.129 128.434 121.330 121.208 128.373 118.743 135.422 137.964 129.755 123.214 118.030 105.748 93.564 71.356 64.963 51.848 54.727 49.418 53.043 62.737 59.985 55.291 50.143 34.694 40.833 28.158 21.608 18.391 15.368 12.900 8.343 4.143 4.178 4.437 2.770 2.069 0.304 0.000 0.453 0.620 0.951 0.000 0.275 0.000 0.000 0.000 0.000 0.000 0.000 0.000 0.000 0.000 0.000 0.000 0.000 0.000 0.000 0.000 0.000 0.000
-999.250 -999.250 80.259 89.331 105.465 111.468 102.519 120.150 113.084 126.796 137.284 139.701 142.990 128.807 141.274 149.093 151.557 153.258 123.318 108.301 -999.250 83.584 70.216 52.692 49.182 54.566 46.370 45.114 57.060 71.891 53.181 47.588 37.393 32.166 30.596 26.164 22.555 18.738 14.133 10.302 8.614 5.059 3.327 3.125 1.290 2.267 0.273 1.280 1.106 0.000 2.038 0.000 0.000 0.000 0.000 0.000 0.000 0.000 0.000 0.000 0.000 0.000 0.000 0.000 0.000 0.000 0.000 0.000 0.000
-999.250 67.202 77.448 93.655 111.098 119.093 113.911 120.805 144.019 136.425 141.192 153.654 148.534 138.753 178.452 168.817 193.741 150.212 116.073 -999.250 -999.250 78.378 64.134 48.413 45.935 45.711 41.460 38.958 47.061 55.934 48.000 36.195 35.288 30.204 25.981 23.988 18.836 17.202 16.858 10.131 7.166 5.529 4.478 2.366 1.881 1.282 0.955 0.865 1.146 1.199 0.083 0.000 0.038 0.468 0.000 0.000 0.000 0.000 0.000 0.000 0.000 0.000 0.000 0.000 0.000 0.000 0.000 0.000 0.000
-999.250 71.225 84.272 100.041 92.390 96.334 110.219 130.576 161.932 181.953 185.180 167.464 164.767 169.681 174.935 158.334 167.014 136.689 -999.250 -999.250 -999.250 -999.250 53.692 43.360 39.154 34.114 25.713 32.073 36.209 36.200 36.852 32.067 31.592 27.305 27.841 21.050 19.097 14.055 13.334 7.495 6.720 3.303 3.377 2.475 2.833 2.245 0.000 0.000 0.000 0.612 0.251 0.000 0.000 0.000 0.000 0.000 0.000 0.000 0.000 0.000 0.000 0.000 0.000 0.000 0.000 0.000 0.000 0.000 0.000
64.834 67.703 64.409 75.764 87.538 94.607 106.668 135.690 155.117 189.319 189.068 168.333 190.928 177.549 145.088 145.976 125.740 102.475 -999.250 -999.250 -999.250 -999.250 -999.250 34.960 32.010 24.007 21.895 27.352 26.801 25.200 25.402 24.022 23.748 21.359 27.182 19.951 16.400 15.725 13.797 9.250 4.295 4.007 2.623 1.649 1.789 0.993 0.020 0.000 0.000 0.596 1.132 0.000 0.000 0.000 0.000 0.000 0.000 0.000 0.000 0.000 0.000 0.000 0.000 0.000 0.000 0.000 0.000 0.000 0.000
-999.250 67.329 78.892 80.447 75.171 84.541 100.490 107.438 139.997 157.623 171.446 177.371 232.475 188.748 140.192 122.341 101.348 81.095 -999.250 -999.250 -999.250 -999.250 37.646 24.860 23.614 15.201 16.506 17.764 20.211 17.070 14.951 14.906 17.121 19.223 22.235 17.063 13.403 14.006 11.521 8.549 5.452 2.892 3.754 1.259 2.334 0.000 0.000 0.000 0.000 0.230 0.000 0.069 0.052 0.000 0.000 0.000 0.000 0.000 0.000 0.000 0.000 0.000 0.000 0.000 0.000 0.000 0.000 0.000 0.000
-999.250 72.989 69.928 70.261 73.566 81.563 83.652 86.157 106.936 126.716 136.351 167.546 189.586 145.693 121.813 106.768 91.915 84.823 -999.250 -999.250 -999.250 40.155 -999.250 20.535 13.956 12.912 10.445 12.132 12.777 12.901 10.550 9.622 15.027 17.446 17.043 15.616 11.483 9.489 9.695 9.347 4.310 5.437 2.546 1.398 0.000 0.000 0.000 0.000 0.000 0.000 0.174 0.000 0.000 0.053 0.000 0.000 0.000 0.000 0.000 0.000 0.000 0.000 0.000 0.000 0.000 0.000 0.843 0.804 0.506
-999.250 65.656 70.057 68.113 68.330 67.891 81.513 83.926 90.996 95.011 97.882 120.036 128.671 117.183 105.979 79.916 77.522 -999.250 -999.250 -999.250 -999.250 40.260 23.283 16.633 13.427 9.111 9.129 9.780 10.525 10.294 8.798 6.104 10.369 13.890 13.306 12.732 11.697 10.339 10.112 6.769 4.517 5.726 2.959 0.352 0.000 0.000 0.000 0.000 0.000 0.000 0.000 0.000 0.000 0.341 0.367 0.000 0.000 0.000 0.000 0.000 0.000 0.000 0.000 0.000 0.000 0.958 1.643 2.433 4.796
-999.250 67.118 67.835 79.585 63.679 61.243 58.661 57.299 65.570 79.925 82.973 91.879 87.883 88.615 80.011 64.601 67.642 -999.250 -999.250 -999.250 47.156 37.684 24.300 16.223 14.309 8.249 6.598 7.690 15.162 9.789 8.527 5.247 6.993 8.758 8.300 11.856 8.823 9.911 7.801 4.457 5.596 4.066 3.277 0.889 0.000 0.000 0.000 0.000 0.000 0.000 0.000 0.000 0.000 0.632 0.000 0.275 0.000 0.245 0.000 0.000 0.000 0.000 0.000 0.000 0.598 2.182 3.176 5.009 6.567
-999.250 -999.250 -999.250 66.021 -999.250 -999.250 58.620 49.291 59.245 -999.250 -999.250 -999.250 66.183 67.674 -999.250 -999.250 -999.250 -999.250 -999.250 -999.250 52.571 42.991 30.585 25.184 15.767 10.419 6.408 6.178 9.198 8.598 5.916 5.894 6.202 5.023 5.421 6.203 6.106 6.647 5.415 2.725 3.574 3.017 0.304 0.000 0.000 0.000 0.000 0.000 0.000 0.000 0.000 0.000 0.456 0.000 0.889 0.339 0.087 0.183 0.943 0.000 0.000 0.456 0.555 1.134 1.893 2.655 3.564 7.524 7.535
-999.250 -999.250 -999.250 -999.250 -999.250 -999.250 -999.250 -999.250 -999.250 -999.250 -999.250 -999.250 -999.250 49.026 51.385 55.541 -999.250 -999.250 -999.250 59.892 58.701 50.693 44.490 33.003 19.523 13.121 9.500 7.079 6.662 7.191 4.060 4.339 3.722 3.673 4.182 3.131 5.271 6.153 4.565 4.504 2.414 1.286 0.000 0.000 0.000 0.000 0.000 0.000 0.000 0.000 0.000 0.000 0.000 0.839 2.159 1.236 3.098 2.428 1.638 1.601 0.669 1.537 2.724 1.846 2.893 4.716 5.656 6.993 9.251
-999.250 -999.250 -999.250 -999.250 -999.250 -999.250 -999.250 -999.250 -999.250 -999.250 -999.250 36.270 40.625 42.869 47.234 52.651 -999.250 -999.250 56.836 70.528 66.678 66.806 56.532 41.611 24.032 19.596 14.824 9.945 9.292 5.704 3.403 3.107 3.301 3.329 4.460 4.502 6.250 4.167 3.415 2.124 0.570 0.271 0.000 0.000 0.000 0.000 0.000 0.000 0.000 0.000 0.000 0.000 0.000 0.737 2.349 2.995 6.391 3.283 2.495 1.792 3.435 1.713 2.802 3.344 4.773 3.858 6.417 9.926 12.865
-999.250 -999.250 -999.250 -999.250 -999.250 -999.250 -999.250 -999.250 -999.250 -999.250 -999.250 29.251 35.588 38.808 39.818 45.709 46.796 48.271 56.559 62.465 76.916 93.158 69.374 47.974 33.797 29.752 24.895 16.731 10.958 8.062 4.597 3.734 2.590 3.402 4.470 3.213 4.946 4.126 2.603 0.829 0.654 0.000 0.000 0.000 0.000 0.000 0.000 0.000 0.000 0.000 0.000 0.000 0.000 0.892 2.197 2.802 2.786 3.591 2.356 1.979 4.678 4.336 3.373 4.424 4.965 7.655 8.656 13.313 14.597
-999.250 -999.250 -999.250 -999.250 -999.250 -999.250 -999.250 -999.250 -999.250 -999.250 -999.250 -999.250 30.033 33.736 35.265 40.698 48.286 47.027 47.868 56.137 62.272 65.866 64.490 57.880 40.253 34.193 24.281 15.383 13.063 10.669 9.194 5.319 3.939 2.626 4.248 5.922 3.991 2.699 0.924 0.000 1.170 0.060 0.000 0.000 0.000 0.000 0.000 0.000 0.000 0.000 0.000 0.000 0.000 0.113 1.480 0.992 2.061 2.048 2.810 3.600 5.248 3.928 5.742 6.986 10.779 8.421 13.147 17.233 17.768
-999.250 -999.250 -999.250 -999.250 -999.250 -999.250 -999.250 -999.250 -999.250 -999.250 -999.250 -999.250 -999.250 27.468 28.713 35.769 38.800 42.217 47.634 56.031 57.338 57.912 62.282 50.720 37.712 29.721 24.604 19.977 12.863 11.753 9.020 10.170 6.716 4.321 5.468 5.954 3.072 2.415 1.330 0.000 2.348 1.243 0.000 0.000 0.000 0.000 0.000 0.000 0.000 0.000 0.000 0.421 0.000 0.646 1.922 0.000 2.093 2.497 4.231 8.474 5.316 5.712 7.020 7.872 11.762 13.955 13.608 15.392 19.479
-999.250 -999.250 -999.250 -999.250 -999.250 -999.250 -999.250 -999.250 -999.250 -999.250 -999.250 -999.250 -999.250 23.412 25.988 28.029 31.122 40.608 43.587 50.379 50.049 51.179 49.901 44.593 38.187 29.613 26.327 25.375 19.376 16.978 16.549 12.891 9.190 6.661 5.353 4.531 4.531 2.274 2.975 1.781 0.907 0.000 0.000 0.000 0.000 0.000 0.000 0.000 0.000 0.000 0.000 0.524 2.164 0.811 1.051 0.744 3.196 3.008 4.921 6.208 7.704 7.951 7.617 9.880 11.759 13.379 15.936 19.922 21.188
-999.250 -999.250 -999.250 -999.250 -999.250 -999.250 -999.250 -999.250 -999.250 -999.250 -999.250 -999.250 -999.250 18.349 21.024 25.024 26.612 30.022 35.829 37.213 39.209 38.205 42.449 44.180 38.201 32.537 28.780 31.187 25.798 23.810 18.733 19.617 12.683 7.817 9.481 4.336 2.547 1.690 3.145 2.195 4.011 2.592 2.186 0.000 0.049 1.261 1.365 0.687 0.970 0.300 0.163 0.931 2.342 3.624 1.911 3.446 4.450 4.899 6.015 5.107 9.439 9.937 9.158 6.521 10.575 11.328 15.645 20.216 23.880
-999.250 -999.250 -999.250 -999.250 -999.250 -999.250 -999.250 -999.250 -999.250 -999.250 -999.250 -999.250 -999.250 -999.250 20.903 18.957 20.414 22.367 28.925 35.573 38.972 38.227 35.175 36.376 40.450 31.183 29.683 32.408 35.262 29.086 23.520 16.938 14.146 11.603 7.416 6.466 3.741 3.466 3.123 1.454 3.698 2.569 2.938 0.736 2.748 1.751 1.158 0.427 2.375 1.682 0.986 3.072 2.074 3.402 5.371 5.196 5.482 5.994 5.309 6.140 10.284 12.194 9.159 11.747 11.258 12.340 16.341 17.577 23.939
-999.250 -999.250 -999.250 -999.250 -999.250 -999.250 -999.250 -999.250 -999.250 -999.250 -999.250 -999.250 -999.250 -999.250 20.772 16.734 16.257 20.819 20.856 28.076 27.412 28.497 31.329 28.979 34.922 27.361 35.441 39.588 44.299 30.924 28.234 17.986 16.676 13.046 9.101 5.888 3.522 2.822 3.434 3.765 2.636 1.152 2.000 1.385 1.995 2.571 1.742 1.579 2.228 2.910 3.306 1.685 2.915 5.019 6.624 6.180 5.843 9.171 7.758 8.007 9.640 10.133 11.271 11.624 13.511 14.377 16.504 22.686 26.044
-999.250 -999.250 -999.250 -999.250 -999.250 -999.250 -999.250 -999.250 -999.250 -999.250 -999.250 -999.250 -999.250 -999.250 15.498 15.846 13.755 16.377 16.489 23.100 25.591 25.450 26.203 25.559 24.912 28.404 27.917 36.042 36.598 26.897 25.368 23.525 16.558 13.898 10.998 8.063 3.350 4.235 4.093 2.890 3.249 1.029 2.169 2.123 2.696 2.213 3.352 2.701 3.354 3.479 2.390 3.786 4.487 4.108 9.551 7.520 7.356 8.986 6.536 7.844 10.618 9.550 10.674 13.156 14.717 16.493 21.684 23.178 24.867
-999.250 -999.250 -999.250 -999.250 -999.250 -999.250 -999.250 -999.250 -999.250 -999.250 -999.250 -999.250 -999.250 -999.250 16.776 15.871 16.810 15.747 15.594 16.937 21.805 20.615 24.061 21.005 18.186 -999.250 25.495 27.748 28.515 26.049 27.840 23.395 18.088 14.677 11.938 9.690 5.148 3.916 3.631 1.821 0.068 1.607 1.229 2.548 2.618 1.793 2.517 4.282 4.262 4.139 5.516 3.543 4.629 5.826 8.817 9.553 8.435 8.888 9.440 10.351 8.740 12.508 13.535 14.274 16.996 21.857 24.264 20.399 24.956
-999.250 -999.250 -999.250 -999.250 -999.250 -999.250 -999.250 -999.250 -999.250 -999.250 -999.250 -999.250 -999.250 -999.250 20.121 17.114 16.124 14.888 14.006 14.101 15.324 12.298 15.347 -999.250 -999.250 -999.250 18.571 22.487 23.730 26.245 25.261 25.236 16.982 15.193 10.415 9.009 5.132 2.656 2.816 0.977 0.022 1.439 1.415 2.117 2.660 1.103 3.137 2.420 4.564 4.674 3.290 3.013 4.950 6.376 8.509 9.545 8.201 10.638 11.526 9.028 10.451 13.440 13.196 14.740 15.289 19.223 25.992 22.536 19.431
-999.250 -999.250 -999.250 -999.250 -999.250 -999.250 -999.250 -999.250 -999.250 -999.250 -999.250 -999.250 -999.250 21.531 24.184 22.138 20.307 15.632 14.007 13.566 11.941 15.035 -999.250 -999.250 -999.250 -999.250 -999.250 22.796 20.996 23.629 21.374 20.114 16.822 12.497 8.488 4.903 3.863 2.516 0.577 1.040 0.000 0.000 0.517 0.862 2.803 2.828 2.175 1.289 1.556 3.421 2.442 2.947 4.439 8.239 9.344 9.772 8.897 11.276 10.880 11.245 13.535 14.113 12.628 16.203 16.327 19.407 17.365 22.756 17.540
-999.250 -999.250 -999.250 -999.250 -999.250 -999.250 -999.250 -999.250 -999.250 -999.250 -999.250 -999.250 -999.250 24.283 22.788 24.655 20.432 18.140 14.061 11.323 -999.250 -999.250 -999.250 -999.250 -999.250 -999.250 -999.250 -999.250 22.203 21.373 18.425 16.205 13.300 10.833 6.883 4.381 3.226 0.000 0.817 0.121 0.000 0.000 0.000 1.216 0.914 2.307 2.168 1.680 2.048 1.625 3.406 1.869 5.911 6.940 11.668 11.566 8.494 9.174 10.913 11.423 12.067 11.254 13.325 15.669 17.490 18.684 17.485 17.832 17.647
-999.250 -999.250 -999.250 -999.250 -999.250 -999.250 -999.250 -999.250 -999.250 -999.250 -999.250 -999.250 24.482 29.100 -999.250 -999.250 -999.250 -999.250 -999.250 -999.250 -999.250 -999.250 -999.250 -999.250 -999.250 -999.250 -999.250 -999.250 -999.250 17.329 11.887 11.786 10.737 6.497 5.549 3.512 2.700 0.000 0.000 0.000 0.000 0.000 0.000 0.000 0.000 0.045 1.111 0.728 1.394 1.161 1.525 3.929 5.734 7.206 7.181 8.159 8.448 9.219 11.051 12.267 12.690 12.518 12.629 16.888 24.554 22.374 20.019 23.515 18.042
-999.250 -999.250 -999.250 -999.250 -999.250 -999.250 -999.250 -999.250 -999.250 -999.250 -999.250 -999.250 -999.250 -999.250 -999.250 -999.250 -999.250 -999.250 -999.250 -999.250 -999.250 -999.250 -999.250 -999.250 -999.250 -999.250 -999.250 -999.250 -999.250 -999.250 8.244 8.683 8.529 5.275 4.516 2.133 3.220 2.027 0.411 0.000 0.000 0.000 0.000 0.000 0.000 0.000 0.547 0.264 0.514 1.863 2.780 5.742 6.767 7.196 8.329 9.398 11.209 10.247 11.883 13.090 13.229 15.338 18.676 20.869 21.171 22.239 21.124 24.785 21.376
-999.250 -999.250 -999.250 -999.250 -999.250 -999.250 -999.250 -999.250 -999.250 -999.250 -999.250 -999.250 -999.250 -999.250 -999.250 -999.250 -999.250 -999.250 -999.250 -999.250 -999.250 -999.250 -999.250 -999.250 -999.250 -999.250 -999.250 -999.250 -999.250 -999.250 8.597 7.294 5.594 4.759 3.017 3.684 0.599 0.421 0.000 0.000 0.000 0.000 0.000 0.000 0.000 0.000 0.000 0.531 0.546 2.855 6.200 4.805 5.913 7.954 6.334 6.635 10.342 11.973 14.952 13.463 13.845 15.643 19.362 22.213 23.123 24.114 21.392 21.110 25.464
-999.250 -999.250 -999.250 -999.250 -999.250 -999.250 -999.250 -999.250 -999.250 -999.250 -999.250 -999.250 -999.250 -999.250 -999.250 -999.250 -999.250 -999.250 -999.250 -999.250 -999.250 -999.250 -999.250 -999.250 -999.250 -999.250 -999.250 -999.250 -999.250 -999.250 7.811 6.069 7.718 5.233 3.224 0.952 0.000 0.000 0.000 0.000 0.000 0.000 0.000 0.000 0.000 0.000 0.000 0.000 2.311 2.665 5.934 6.414 4.961 6.977 8.951 8.735 8.978 11.690 12.416 13.451 16.118 16.918 21.307 23.113 27.429 25.354 25.986 26.507 26.036
