data/medianmodel_09-Jan-2021.asc
ncols	141
nrows	288
xllcorner	-120191.398
yllcorner	-301404.813
cellsize	2000.000
NODATA_value	-999.250
[rows 29 to 57 of 288, columns 64 to 127 of 141]
914.741 1022.666 1098.708 1141.371 1193.121 1214.048 1252.051 1299.069 1386.051 1303.054 1381.133 1378.837 1299.783 1305.145 1320.991 1314.851 1254.979 1186.637 1170.638 1111.197 1106.866 1008.544 969.963 942.049 934.177 900.068 849.937 902.481 869.568 887.049 911.054 827.832 809.082 776.824 780.563 780.013 805.609 815.107 873.472 957.383 989.274 1130.882 1197.044 1195.696 1292.915 1291.640 1270.301 1302.949 1232.725 1246.202 1242.709 1267.604 1251.445 1213.796 1217.204 1160.272 1160.894 1140.105 1109.030 1090.578 1135.871 1148.663 1164.705 1185.822
910.566 961.263 998.236 1093.194 1106.171 1221.422 1208.150 1266.234 1367.350 1295.822 1319.589 1343.587 1247.400 1231.752 1220.160 1154.823 1162.954 1105.836 1062.109 1092.086 976.560 937.175 900.771 893.091 863.494 869.844 873.314 853.277 842.134 842.366 833.741 812.851 777.597 763.431 741.970 783.871 795.214 835.517 881.985 974.977 1076.736 1155.184 1202.950 1262.103 1344.212 1337.992 1381.675 1330.251 1278.468 1266.352 1241.087 1279.166 1262.632 1262.519 1233.026 1230.530 1169.026 1149.504 1179.816 1214.696 1220.356 1207.428 1208.983 1242.854
875.926 917.555 944.652 983.790 1051.433 1125.863 1203.756 1214.935 1285.319 1273.273 1302.897 1270.517 1218.427 1112.136 1106.599 1099.196 1067.415 1032.682 953.409 959.487 896.091 875.380 886.987 855.662 836.802 800.613 808.298 813.968 798.609 776.900 770.237 782.705 743.571 748.087 742.657 748.255 772.390 811.311 878.017 992.467 1086.094 1194.252 1294.856 1346.207 1387.740 1398.844 1429.487 1336.586 1352.231 1292.731 1260.103 1271.930 1312.965 1335.861 1269.633 1229.415 1248.712 1232.255 1263.303 1277.972 1253.355 1279.327 1289.303 1348.391
872.787 903.199 898.669 954.148 1039.925 1068.340 1139.208 1186.030 1233.207 1272.179 1222.150 1197.731 1133.474 1007.808 993.886 977.879 953.993 886.287 894.526 859.289 824.340 832.738 831.941 801.325 799.275 777.628 759.615 783.380 745.824 742.925 739.912 744.245 728.780 713.026 713.182 723.727 756.800 800.581 894.225 994.857 1074.768 1190.163 1311.447 1473.057 1574.231 1560.506 1603.085 1481.062 1381.207 1309.706 1361.956 1343.617 1340.596 1341.517 1346.316 1307.083 1271.817 1246.564 1299.260 1278.172 1230.233 1311.052 1412.081 1546.414
858.505 849.969 876.378 926.340 998.690 1042.694 1148.458 1152.200 1201.247 1235.598 1167.766 1135.640 1087.634 961.994 924.449 914.202 884.903 829.049 804.886 799.059 785.697 789.482 767.929 756.558 735.795 739.234 721.423 705.124 696.804 694.419 699.466 668.454 667.767 653.843 654.542 667.354 757.142 770.543 848.220 949.488 1047.764 1163.621 1367.592 1508.049 1667.126 1582.121 1591.162 1489.826 1357.625 1392.756 1426.463 1433.654 1458.295 1382.137 1358.335 1333.973 1243.560 1314.609 1306.206 1328.733 1350.157 1515.441 1730.407 1811.362
838.239 845.598 864.264 897.308 1000.436 987.315 1026.288 1122.924 1144.877 1180.186 1154.170 1084.259 995.088 919.966 888.124 852.230 783.381 750.883 748.866 753.163 763.226 724.031 709.936 720.303 710.041 652.054 691.918 665.148 658.122 658.958 634.728 604.768 639.058 571.086 587.435 581.819 680.313 743.231 791.184 888.388 1016.315 1191.956 1346.094 1423.022 1548.638 1584.519 1454.012 1490.877 1374.632 1373.913 1389.249 1367.618 1401.688 1436.113 1429.544 1410.015 1356.449 1390.602 1382.169 1447.733 1538.812 1603.996 1773.911 2013.946
844.813 824.346 867.079 891.406 977.439 971.954 995.709 1120.551 1121.052 1140.409 1088.981 1004.737 916.117 889.592 866.087 795.928 777.274 719.003 730.530 718.903 723.916 686.077 666.410 605.742 624.135 601.457 612.950 607.446 596.961 590.215 584.134 558.462 559.897 524.863 509.468 526.752 571.290 686.835 797.355 878.700 1015.254 1201.653 1274.046 1344.016 1395.839 1452.057 1421.418 1414.620 1428.941 1389.352 1413.309 1526.144 1433.617 1454.664 1555.786 1536.093 1420.149 1486.266 1454.418 1566.312 1706.212 1773.659 1934.910 2041.748
830.167 823.292 851.906 860.672 932.071 1024.354 1006.805 1006.815 1053.477 1060.457 953.636 937.555 889.129 844.492 821.948 778.856 725.604 714.698 668.738 664.557 666.033 641.124 634.206 621.258 591.293 597.931 578.077 567.345 585.990 551.503 519.441 503.948 508.315 477.369 472.466 450.492 538.182 666.995 772.158 864.483 973.175 1079.398 1220.173 1289.597 1287.739 1338.606 1332.491 1368.695 1444.171 1357.956 1480.075 1423.848 1448.749 1477.910 1488.067 1678.117 1582.355 1610.039 1550.617 1602.543 1774.135 1867.472 2103.207 2191.604
820.833 824.139 842.624 863.826 888.220 945.582 960.675 958.796 953.791 948.129 898.000 881.916 832.438 799.943 774.563 743.491 712.981 709.967 669.041 602.501 617.100 596.458 584.625 592.859 547.528 559.947 558.953 535.448 543.534 526.693 483.825 503.059 457.551 469.177 481.158 489.546 554.581 674.604 747.701 853.934 917.448 1015.889 1135.880 1186.918 1250.518 1322.222 1348.286 1410.787 1502.483 1375.931 1342.320 1483.026 1507.654 1627.739 1731.046 1691.514 1721.730 1683.067 1653.363 1746.586 1981.551 2115.960 2144.644 2373.373
823.599 833.453 821.711 837.642 883.662 903.863 944.014 922.509 915.512 882.954 887.171 853.879 835.554 773.328 746.495 702.470 697.688 665.426 616.371 627.281 627.334 603.239 613.266 584.747 544.105 578.728 546.249 525.322 509.692 473.333 441.280 461.986 450.636 464.851 463.782 498.384 585.636 629.380 724.827 799.496 870.770 956.822 1047.839 1079.447 1199.666 1215.196 1281.310 1291.875 1303.506 1352.436 1419.627 1404.294 1525.204 1640.766 1682.966 1819.432 1747.674 1788.799 1705.120 1842.514 2053.894 2243.556 2322.898 2449.663
853.144 866.316 845.474 856.856 848.113 887.044 891.683 916.436 885.816 845.876 833.199 834.026 795.972 761.773 723.788 691.264 633.314 646.158 611.129 593.456 585.389 596.921 610.851 587.049 586.913 572.632 550.649 523.197 485.181 477.702 449.973 405.767 457.333 467.464 455.916 500.535 552.645 635.010 691.377 759.461 815.147 879.693 946.586 1082.050 1108.562 1143.540 1184.405 1188.562 1227.043 1282.831 1350.170 1426.689 1512.317 1607.440 1721.676 1781.496 1717.228 1796.443 1888.471 2001.141 2101.210 2181.444 2336.050 2287.998
890.549 875.021 852.708 848.344 864.296 864.587 868.131 863.881 850.432 833.942 811.469 822.681 757.031 732.481 707.784 681.576 653.565 617.300 568.513 564.519 580.654 600.883 629.438 625.724 622.369 575.287 538.722 522.177 488.692 450.093 422.401 431.268 417.770 443.132 462.405 491.926 557.002 611.883 708.854 741.050 765.203 818.131 880.532 910.438 1007.695 1074.179 1057.013 1126.557 1264.115 1300.925 1284.901 1428.013 1511.804 1630.729 1715.357 1834.999 1850.252 1887.772 1978.914 2084.895 2116.868 2240.410 2282.130 2566.972
889.587 881.379 890.659 906.997 883.577 869.224 852.146 844.392 815.623 802.848 788.060 768.363 772.964 737.485 715.458 645.714 607.746 602.524 598.489 564.289 592.308 597.220 628.548 634.519 606.991 576.722 536.006 509.058 505.721 487.891 456.712 406.144 434.667 455.936 480.251 516.155 568.112 647.158 678.233 740.529 754.262 789.384 815.980 865.562 894.349 956.282 980.353 1107.370 1190.440 1263.939 1319.372 1384.521 1458.147 1632.153 1767.139 1878.121 2071.453 1998.147 2021.725 2107.129 2255.238 2281.461 2253.568 2444.820
881.393 888.629 882.786 871.533 882.181 855.570 850.170 818.392 792.138 785.031 778.018 779.042 761.809 722.599 717.533 669.829 640.179 633.418 601.526 588.276 620.082 636.164 642.972 613.262 630.966 593.215 559.981 546.503 478.635 464.568 440.528 427.408 393.757 448.876 503.263 520.495 589.458 629.195 660.255 729.818 747.873 749.925 777.781 824.379 834.473 871.519 919.422 1004.667 1153.246 1219.306 1297.825 1400.675 1487.787 1776.414 1814.539 1899.408 1979.317 2073.974 2103.047 2187.896 2351.484 2397.630 2449.242 2558.569
883.875 897.591 852.590 865.804 856.164 844.986 849.905 814.347 773.014 782.915 792.292 760.224 758.333 743.667 720.114 691.005 639.775 641.873 629.119 590.913 619.395 620.678 653.597 655.601 663.249 631.993 580.630 540.135 500.692 468.685 426.406 385.623 426.852 458.348 514.361 554.934 580.547 637.501 672.434 708.536 718.078 706.184 733.372 730.962 761.414 769.231 816.282 912.165 1035.174 1104.297 1235.832 1365.061 1442.698 1599.313 1728.826 1853.101 1996.651 2085.001 2123.984 2156.883 2208.180 2456.493 2404.802 2412.718
863.590 836.114 815.775 844.125 819.084 833.244 807.386 777.945 779.610 762.292 774.960 755.641 750.316 730.737 728.114 679.371 651.658 649.626 634.951 618.294 659.166 674.358 678.646 669.696 679.711 676.314 591.301 528.452 479.165 474.545 410.955 387.041 403.066 463.540 508.608 582.930 649.803 658.472 684.621 686.235 700.572 680.025 658.639 682.757 690.698 724.498 754.198 825.322 942.356 1060.285 1205.024 1304.239 1383.523 1602.972 1826.357 1868.340 2044.640 2015.881 1999.508 2175.539 2188.044 2182.038 2266.418 2278.499
834.098 845.427 835.075 824.153 807.756 811.991 815.014 810.181 783.382 774.890 803.139 797.301 784.509 754.539 733.569 696.435 685.521 692.714 710.616 676.786 712.984 696.684 719.250 738.011 732.582 712.448 657.958 571.466 489.815 410.999 369.701 365.312 380.233 407.763 503.309 560.112 625.843 654.551 671.467 673.006 653.931 574.862 606.858 582.750 617.285 667.348 728.719 782.072 870.535 906.399 1110.039 1208.733 1317.898 1467.052 1689.631 1869.548 2013.823 2018.069 2031.809 2097.043 2215.860 2041.359 2111.747 2281.948
845.716 849.821 830.086 807.635 799.984 803.957 804.407 785.474 781.197 796.796 840.848 830.202 820.624 772.496 742.228 717.590 701.467 704.950 712.825 712.114 717.945 731.371 741.748 772.001 787.582 760.288 713.802 574.679 465.774 412.614 365.264 336.212 331.433 382.022 445.688 531.438 601.964 648.316 678.794 646.927 638.490 576.399 547.493 555.295 552.062 597.839 672.364 716.039 766.978 852.748 944.924 1085.006 1217.105 1373.193 1498.798 1660.258 1853.429 1867.160 1901.449 2047.096 2082.991 2045.713 2054.368 2124.489
854.810 814.946 818.963 781.457 804.444 785.850 790.481 786.775 811.629 832.694 853.980 828.829 841.079 839.239 798.908 762.520 745.880 732.212 712.368 718.700 738.483 744.462 786.345 822.013 865.882 806.551 722.701 600.795 468.922 388.596 304.742 257.252 293.820 320.332 404.764 491.092 571.139 694.904 638.505 575.756 545.170 523.172 523.721 492.767 501.767 534.955 570.858 648.149 725.416 777.100 839.090 931.917 1099.494 1210.103 1319.066 1488.225 1588.733 1734.814 1762.528 1911.155 1917.529 1920.005 1924.191 2105.201
837.706 799.186 771.300 755.622 761.419 781.962 797.554 799.254 785.046 854.295 868.960 883.071 894.805 860.796 839.297 821.538 786.660 751.176 731.755 723.465 752.985 788.755 816.759 861.313 868.294 816.007 729.732 641.637 494.914 383.138 263.455 179.987 189.920 255.981 351.474 434.254 514.459 581.464 535.204 485.171 487.955 473.627 438.864 452.842 435.437 489.673 495.360 529.756 638.438 696.712 746.511 849.248 927.501 1069.219 1219.805 1317.804 1396.504 1549.788 1629.765 1722.081 1888.013 1891.840 1883.442 1951.799
812.592 754.798 721.361 726.448 725.855 757.294 818.129 838.782 821.042 872.374 906.791 950.761 939.087 909.139 888.268 878.841 842.935 806.533 745.338 709.699 782.141 820.202 837.782 877.411 885.201 820.287 756.990 652.091 526.035 366.535 232.933 123.544 164.766 210.804 303.906 345.763 418.397 451.834 461.201 420.386 408.609 406.154 385.665 372.701 365.616 401.029 444.567 449.500 540.647 580.257 678.574 739.266 840.561 880.296 1034.270 1126.531 1261.507 1356.602 1482.378 -999.250 1776.500 1724.874 -999.250 -999.250
764.433 713.438 696.705 691.644 696.976 739.506 778.517 796.293 864.056 930.115 960.044 1054.152 1035.556 985.270 946.603 927.585 890.729 861.237 828.427 809.076 862.101 883.035 877.096 940.476 928.580 873.394 773.677 689.125 530.941 418.519 292.784 190.760 171.725 205.290 229.375 310.599 373.535 354.872 335.724 309.729 321.345 276.091 281.156 247.027 287.095 323.252 363.725 390.937 479.067 519.786 557.762 650.949 751.450 814.946 890.140 1029.676 1121.220 -999.250 -999.250 -999.250 -999.250 -999.250 -999.250 -999.250
719.231 711.157 686.628 633.139 633.657 689.009 763.802 833.366 905.154 993.112 1076.010 1128.920 1185.568 1131.597 1113.210 1006.112 982.222 939.651 908.409 919.672 967.989 996.836 950.433 966.072 964.244 911.951 817.837 718.091 604.408 477.305 355.860 261.126 188.497 206.438 248.690 271.228 295.809 294.163 252.044 256.074 216.853 231.805 203.868 210.698 254.090 232.846 307.393 358.219 405.041 446.225 502.637 548.197 638.453 699.821 784.305 890.341 -999.250 -999.250 -999.250 -999.250 -999.250 -999.250 -999.250 -999.250
671.762 661.105 610.962 570.437 584.601 596.112 715.777 793.201 996.480 1145.786 1121.382 1243.794 1255.211 1255.235 1193.523 1134.092 1056.100 1023.608 1011.800 1022.647 1030.559 1071.811 1058.116 1027.340 1092.712 1071.529 899.056 788.917 683.250 546.669 420.507 325.785 275.475 229.385 273.173 278.189 274.655 276.411 234.856 204.140 176.462 180.969 191.262 181.442 217.824 227.325 279.473 292.300 352.865 397.454 402.449 472.081 511.734 602.323 700.185 779.832 -999.250 -999.250 -999.250 -999.250 -999.250 -999.250 -999.250 -999.250
640.321 599.887 580.792 528.610 513.166 516.777 575.501 758.377 1047.586 1300.736 1768.845 1562.386 1449.263 1329.241 1255.507 1221.776 1131.540 1137.863 1112.506 1096.353 1121.939 1137.776 1172.145 1134.221 1161.182 1130.867 1049.026 897.177 749.441 627.883 457.563 369.640 341.075 308.573 286.783 315.767 312.351 316.212 294.772 218.698 155.945 187.401 198.207 194.440 211.531 219.403 255.714 233.380 242.244 283.452 306.274 371.167 428.190 497.998 614.363 -999.250 -999.250 -999.250 -999.250 -999.250 -999.250 -999.250 -999.250 -999.250
589.295 599.112 558.892 520.056 454.008 417.426 403.633 708.257 1008.636 1277.839 1524.856 1501.746 1497.566 1394.795 1310.996 1247.793 1188.026 1166.769 1166.503 1165.397 1185.048 1183.267 1216.512 1291.027 1293.913 1237.328 1186.404 952.355 800.221 690.464 523.889 445.600 401.533 367.602 345.054 367.446 356.267 369.881 375.408 299.499 232.989 215.764 243.968 260.157 254.723 233.013 218.217 220.833 208.904 237.849 217.838 276.899 342.260 412.421 -999.250 -999.250 -999.250 -999.250 -999.250 -999.250 -999.250 -999.250 -999.250 -999.250
586.697 568.527 581.395 468.921 413.854 380.473 496.206 718.898 975.320 1241.556 1357.762 1423.043 1428.556 1358.969 1303.527 1264.299 1212.085 1199.692 1183.471 1211.904 1218.711 1214.932 1237.716 1291.270 1370.387 1459.649 1223.199 1048.041 836.501 699.528 572.171 485.734 429.627 401.758 402.423 419.647 464.993 455.886 433.599 412.366 376.700 329.454 330.904 343.130 330.489 330.158 321.663 302.841 232.222 204.233 190.689 232.080 264.644 390.068 -999.250 -999.250 -999.250 -999.250 -999.250 -999.250 -999.250 -999.250 -999.250 -999.250
531.479 513.266 459.791 391.064 327.629 356.854 499.828 720.064 963.472 1214.932 1328.901 1320.648 1332.259 1296.019 1271.383 1226.416 1232.673 1248.042 1254.693 1276.314 1265.075 1280.743 1314.574 1312.330 1292.627 1284.972 1205.103 1026.020 840.178 719.496 601.430 544.536 466.835 425.515 440.109 492.298 551.636 564.861 551.441 529.932 501.972 465.051 449.742 457.179 434.625 424.976 434.731 349.323 317.912 242.880 211.526 193.420 200.894 -999.250 -999.250 -999.250 -999.250 -999.250 -999.250 -999.250 -999.250 -999.250 -999.250 -999.250
495.188 429.714 389.466 329.098 236.756 375.471 525.687 728.050 914.714 1164.892 1251.298 1318.137 1298.171 1298.391 1278.905 1230.716 1250.415 1234.671 1290.672 1289.309 1264.236 1358.018 1330.003 1230.407 1207.452 1219.925 1111.638 942.125 799.406 699.288 570.275 516.507 467.385 460.551 457.050 529.405 624.564 753.498 682.063 645.053 574.750 569.320 570.232 565.104 556.959 545.848 523.450 482.671 448.098 392.257 280.945 181.928 288.329 -999.250 -999.250 -999.250 -999.250 -999.250 -999.250 -999.250 -999.250 -999.250 -999.250 -999.250
