data/medianmodel_05-Jul-2020.asc
ncols	141
nrows	288
xllcorner	-120191.398
yllcorner	-301404.813
cellsize	2000.000
NODATA_value	-999.250
[rows 31 to 61 of 288, columns 69 to 137 of 141]
1.048 2.308 4.995 5.066 4.815 5.766 2.369 0.869 0.000 0.000 0.000 0.151 0.000 2.218 4.004 5.318 5.916 5.920 5.879 3.690 4.879 6.343 4.970 1.643 0.880 0.000 0.000 0.000 0.000 0.000 0.000 0.000 0.000 0.000 0.000 0.000 0.000 0.000 0.000 0.000 0.000 0.000 0.298 1.422 3.424 3.325 2.524 4.083 3.438 4.183 5.135 4.309 3.666 6.825 8.118 9.727 13.936 15.311 24.255 28.115 36.730 45.385 49.202 60.351 71.207 71.813 80.472 84.909 81.688
3.865 5.176 6.479 8.461 8.160 7.182 6.812 3.978 1.506 1.414 1.814 2.171 5.123 5.781 6.191 9.221 8.185 10.525 10.315 7.528 9.627 7.982 7.086 5.731 4.032 0.865 0.000 0.000 0.000 0.000 0.000 0.000 0.000 0.000 0.000 0.000 0.000 0.000 0.000 0.000 0.000 0.000 0.000 0.895 1.585 2.406 4.745 5.636 4.415 6.562 4.090 5.266 5.299 6.763 9.563 10.176 11.820 16.088 27.279 31.442 41.131 52.191 54.650 76.663 86.399 82.357 91.394 89.655 88.971
4.444 6.014 7.577 10.604 12.012 8.338 7.047 5.433 3.265 2.768 4.402 5.955 8.486 9.713 10.086 11.253 12.305 14.208 15.633 14.514 12.067 13.638 10.895 10.179 8.106 5.641 3.320 0.000 0.000 0.000 0.000 0.000 0.000 0.000 0.000 0.000 0.000 0.000 0.000 0.000 0.000 0.000 0.000 0.000 0.733 1.522 4.819 3.654 5.148 5.639 5.581 6.804 5.338 4.993 8.390 10.041 15.291 23.282 31.081 34.709 49.075 65.181 72.910 98.367 107.965 109.376 113.482 106.981 103.845
5.043 5.296 8.560 11.349 16.622 10.764 6.931 5.651 3.878 3.234 6.056 8.441 11.674 11.591 12.766 13.602 17.021 18.894 17.867 19.422 17.342 16.249 16.212 13.909 10.444 7.601 4.507 1.776 0.000 0.000 0.000 0.000 0.000 0.000 0.000 0.000 0.000 0.000 0.000 0.000 0.000 0.000 0.000 0.000 0.000 0.000 3.651 2.813 5.008 5.891 7.053 8.422 8.381 6.668 8.510 13.342 16.980 23.961 28.595 38.672 66.147 75.985 81.886 100.244 126.059 131.100 124.663 116.402 109.649
6.249 7.524 7.885 11.095 12.198 10.658 7.553 5.960 2.839 6.006 7.180 10.896 16.721 14.284 15.744 16.777 20.215 21.196 21.594 23.563 25.564 23.568 20.250 14.559 13.587 9.792 7.385 5.086 0.000 0.000 0.000 0.000 0.000 0.000 0.000 0.000 0.000 0.000 0.000 0.000 0.000 0.000 0.000 0.000 0.000 1.093 2.042 4.567 3.733 8.370 9.172 8.347 7.625 9.966 13.753 13.668 17.378 26.368 35.159 42.038 65.552 75.979 92.765 116.720 128.785 146.413 131.186 120.256 -999.250
5.526 6.694 7.621 10.500 11.157 8.955 7.556 6.464 6.630 7.006 8.181 12.385 14.580 17.129 19.353 25.252 26.127 25.364 32.537 29.320 27.401 31.826 23.822 20.476 14.251 10.520 8.214 6.981 0.940 0.000 0.000 0.000 0.000 0.000 0.000 0.000 0.000 0.000 0.000 0.000 0.000 0.000 0.000 0.000 0.000 1.396 2.134 3.764 6.828 9.498 7.826 7.964 7.435 8.077 14.054 15.776 20.943 29.892 39.452 61.010 72.549 80.143 92.636 112.404 119.427 129.375 122.564 106.448 -999.250
3.565 5.514 8.203 7.889 8.984 9.467 6.174 6.985 6.501 8.283 9.388 12.106 13.436 17.825 18.927 25.257 30.640 35.145 35.663 45.610 42.476 36.106 31.883 23.428 15.408 14.169 10.929 5.893 3.187 0.000 0.000 0.000 0.000 0.000 0.000 0.000 0.000 0.000 0.000 0.000 0.000 0.000 0.000 0.000 0.000 0.680 2.318 4.361 6.780 7.663 9.032 8.577 9.813 14.019 15.230 16.592 28.300 29.292 41.730 71.211 74.717 82.689 85.652 94.460 107.700 111.768 112.438 -999.250 -999.250
2.379 4.661 6.337 6.405 7.822 5.756 5.403 6.239 5.865 7.947 9.431 13.555 16.140 18.836 22.050 28.409 33.004 43.567 51.883 53.665 62.701 59.314 37.940 22.052 16.177 14.458 11.672 7.133 4.861 0.594 0.000 0.000 0.000 0.000 0.000 0.000 0.000 0.000 0.000 0.000 0.000 0.000 0.000 0.000 0.000 1.156 4.322 3.574 6.201 6.729 7.073 7.871 12.413 11.940 13.419 17.628 27.310 35.110 47.799 70.712 69.494 73.836 81.043 92.995 101.070 97.977 97.686 -999.250 -999.250
0.000 1.024 4.732 3.049 3.629 4.222 5.669 6.719 7.710 9.179 10.704 12.970 14.951 19.826 23.161 28.034 46.994 56.492 57.806 68.124 69.084 60.344 47.570 28.051 18.171 15.440 12.723 9.344 4.935 1.262 0.000 0.000 0.000 0.000 0.000 0.000 0.000 0.000 0.000 0.000 0.000 0.000 0.000 0.000 0.000 0.313 2.531 4.891 5.836 5.266 5.016 7.619 9.692 15.531 13.862 16.877 24.840 34.335 45.330 45.976 63.977 68.962 76.468 87.022 89.200 94.833 90.086 -999.250 -999.250
0.000 0.000 1.485 2.756 1.540 3.941 4.517 4.575 6.311 8.205 10.224 12.846 13.950 20.648 25.619 30.524 41.952 51.407 61.412 73.220 75.352 57.520 33.828 28.762 20.762 15.031 10.373 8.279 5.775 3.248 0.880 0.000 0.000 0.000 0.000 0.000 0.000 0.000 0.000 0.000 0.000 0.000 0.000 0.000 0.000 0.000 1.859 4.212 6.417 4.851 4.278 9.106 9.189 11.114 14.573 16.703 26.887 38.183 49.387 47.231 46.479 67.353 68.912 83.037 83.587 79.415 -999.250 -999.250 -999.250
0.000 0.000 0.000 0.343 1.379 2.912 3.239 4.362 5.605 7.208 7.902 10.975 14.216 17.932 21.448 24.368 31.789 42.137 50.533 50.904 58.290 44.365 36.397 27.718 19.175 15.041 10.991 9.929 5.682 3.671 2.194 1.802 1.844 0.000 0.000 0.000 0.000 0.000 0.000 0.000 0.000 0.000 0.000 0.000 0.000 0.418 1.384 3.456 4.058 4.141 3.999 7.549 9.847 12.543 13.105 18.112 21.878 29.264 33.177 39.863 44.396 60.727 59.448 71.127 76.102 88.056 75.061 -999.250 -999.250
0.000 0.000 0.000 0.373 1.421 0.444 2.716 3.563 5.471 7.389 9.055 10.342 12.289 15.655 18.977 20.552 22.807 28.761 33.893 31.525 31.185 27.145 24.874 20.172 15.236 13.493 10.552 6.213 4.701 6.068 4.333 5.342 3.224 1.955 0.000 0.000 0.000 0.000 0.000 0.000 0.000 0.000 0.000 0.000 0.000 0.000 0.574 2.138 1.625 4.542 7.266 7.406 9.644 10.813 14.686 15.184 16.929 25.227 24.921 34.393 37.122 56.517 55.585 -999.250 -999.250 -999.250 -999.250 -999.250 -999.250
0.000 0.000 0.000 0.000 0.174 0.669 3.259 2.987 5.219 5.616 7.281 8.309 11.008 13.030 17.096 17.008 18.590 23.368 24.277 26.243 23.488 20.140 16.253 13.056 13.328 10.745 8.362 6.463 4.923 4.648 4.972 6.112 5.093 4.496 1.279 0.123 0.890 0.000 0.000 0.000 0.000 0.000 0.000 0.000 0.000 0.000 0.435 0.500 3.311 4.333 7.068 7.515 8.693 9.611 10.466 13.798 18.158 17.555 27.130 25.833 33.176 38.882 41.901 52.394 -999.250 -999.250 -999.250 -999.250 -999.250
0.000 0.000 0.000 0.000 0.275 0.723 2.801 4.321 4.561 4.402 7.360 6.471 8.740 8.852 11.960 11.644 12.369 14.411 18.796 16.784 15.662 15.621 13.441 11.683 9.733 7.992 7.704 5.637 3.054 4.256 6.066 5.879 6.477 5.519 4.166 2.119 0.461 0.000 0.000 0.000 0.000 0.000 0.000 0.000 0.000 0.036 0.515 2.201 4.199 5.917 7.296 9.422 8.458 7.541 8.472 13.270 13.846 16.258 26.236 25.592 27.606 35.371 -999.250 -999.250 -999.250 -999.250 -999.250 -999.250 -999.250
0.000 0.000 0.000 0.000 0.000 2.546 3.911 5.318 3.862 3.205 4.313 4.183 4.028 7.256 5.965 6.779 6.411 8.377 10.667 11.680 9.767 9.704 7.476 7.480 7.359 4.633 6.004 4.942 4.490 3.293 4.589 5.848 6.838 7.682 7.291 4.518 2.987 1.208 0.270 0.000 0.000 0.000 0.000 0.000 0.437 3.359 3.818 5.782 4.485 4.687 7.315 11.916 7.794 7.732 6.011 10.260 13.335 13.905 19.260 19.939 25.731 25.025 -999.250 -999.250 -999.250 -999.250 -999.250 -999.250 -999.250
0.000 0.000 0.000 0.000 0.663 0.615 3.364 8.006 5.063 3.205 1.274 1.952 2.868 0.533 2.090 3.647 4.180 4.959 4.527 4.182 4.166 4.380 3.824 2.170 1.399 1.555 1.454 3.727 3.277 4.987 5.291 8.658 11.367 11.602 7.833 6.853 3.989 4.484 2.240 0.320 0.000 0.000 2.295 0.054 0.387 0.988 3.596 4.734 5.347 4.345 6.405 8.334 6.989 6.365 8.600 7.538 10.950 13.268 15.541 14.889 15.692 -999.250 -999.250 -999.250 -999.250 -999.250 -999.250 -999.250 -999.250
0.000 0.000 0.000 0.000 0.000 0.195 1.062 3.315 2.933 3.105 1.911 0.281 0.000 0.000 0.000 0.000 0.000 0.000 0.000 0.000 0.000 0.000 0.311 0.000 0.000 0.000 0.000 0.000 1.356 4.611 6.761 12.054 16.545 11.994 9.594 7.146 6.189 5.990 4.343 2.284 2.945 1.043 1.739 0.000 3.914 3.825 4.063 6.546 6.258 6.082 8.081 6.390 6.598 6.203 8.421 9.309 12.087 12.888 15.365 -999.250 -999.250 -999.250 -999.250 -999.250 -999.250 -999.250 -999.250 -999.250 -999.250
0.000 0.000 0.000 0.000 0.000 0.000 0.000 0.024 0.808 0.795 0.000 0.000 0.000 0.000 0.000 0.000 0.000 0.000 0.000 0.000 0.000 0.000 0.000 0.000 0.000 0.000 0.000 0.000 0.540 4.586 8.356 11.010 11.978 12.382 10.724 10.200 7.039 6.348 6.207 5.421 5.028 5.193 4.337 3.436 4.747 6.014 5.696 6.882 5.050 7.685 9.056 7.117 8.968 7.476 9.703 8.886 11.441 12.375 12.478 -999.250 -999.250 -999.250 -999.250 -999.250 -999.250 -999.250 -999.250 -999.250 -999.250
0.000 0.000 0.000 0.000 0.000 0.000 0.000 0.000 0.000 0.000 0.000 0.000 0.000 0.000 0.000 0.000 0.000 0.000 0.000 0.000 0.000 0.000 0.000 0.000 0.000 0.000 0.000 0.000 0.853 4.584 6.437 9.421 11.344 12.407 12.171 11.790 10.641 8.286 7.915 6.653 5.563 7.219 6.421 5.390 6.127 4.037 7.173 8.898 8.316 9.413 8.441 9.107 9.183 10.656 -999.250 11.150 10.781 -999.250 -999.250 -999.250 -999.250 -999.250 -999.250 -999.250 -999.250 -999.250 -999.250 -999.250 -999.250
0.000 0.000 0.000 0.000 0.000 0.000 0.000 0.000 0.000 0.000 0.000 0.000 0.000 0.000 0.000 0.000 0.000 0.000 0.000 0.000 0.000 0.000 0.000 0.000 0.000 0.000 0.000 0.000 0.000 2.984 5.833 8.114 11.725 11.632 13.082 13.282 12.525 8.737 9.743 8.499 8.720 8.826 9.911 8.575 8.934 7.722 7.391 9.753 9.966 8.981 8.317 9.946 -999.250 -999.250 -999.250 -999.250 -999.250 -999.250 -999.250 -999.250 -999.250 -999.250 -999.250 -999.250 -999.250 -999.250 -999.250 -999.250 -999.250
0.000 0.000 0.000 0.000 0.000 0.000 0.000 0.000 0.000 0.000 0.000 0.000 0.000 0.000 0.000 0.000 0.000 0.000 0.000 0.000 0.000 0.000 0.000 0.000 0.000 0.000 0.000 0.000 0.000 1.017 4.579 7.482 8.172 12.481 13.276 14.803 13.783 12.463 13.129 11.758 10.761 12.757 11.155 10.519 10.656 11.275 10.168 11.940 11.171 8.765 8.819 -999.250 -999.250 -999.250 -999.250 -999.250 -999.250 -999.250 -999.250 -999.250 -999.250 -999.250 -999.250 -999.250 -999.250 -999.250 -999.250 -999.250 -999.250
0.000 0.000 0.000 0.000 0.000 0.000 0.000 0.000 0.000 0.000 0.000 0.000 0.000 0.000 0.000 0.000 0.000 0.000 0.000 0.000 0.000 0.000 0.000 0.000 0.000 0.000 0.000 0.000 0.000 0.306 2.084 6.234 9.402 12.511 14.647 18.130 16.617 15.299 13.291 13.284 12.085 11.918 9.829 10.224 11.218 10.949 13.953 10.804 12.331 9.937 8.484 -999.250 -999.250 -999.250 -999.250 -999.250 -999.250 -999.250 -999.250 -999.250 -999.250 -999.250 -999.250 -999.250 -999.250 -999.250 -999.250 -999.250 -999.250
0.000 0.000 0.000 0.000 0.000 0.000 0.000 0.000 0.000 0.000 0.000 0.000 0.000 0.000 0.000 0.000 0.000 0.000 0.000 0.000 0.000 0.000 0.000 0.000 0.000 0.000 0.000 0.000 0.000 0.000 1.470 3.765 7.077 10.336 15.689 25.991 18.522 14.286 13.666 13.989 13.459 13.126 13.734 12.107 11.534 12.944 13.449 11.125 11.132 10.895 -999.250 -999.250 -999.250 -999.250 -999.250 -999.250 -999.250 -999.250 -999.250 -999.250 -999.250 -999.250 -999.250 -999.250 -999.250 -999.250 -999.250 -999.250 -999.250
0.000 0.000 0.000 0.000 0.000 0.000 0.000 0.000 0.000 0.000 0.000 0.000 0.000 0.000 0.000 0.000 0.000 0.000 0.000 0.000 0.000 0.000 0.000 0.000 0.000 0.000 0.000 0.000 0.000 0.000 0.208 2.673 5.722 7.542 12.749 17.024 16.802 13.642 13.724 14.279 15.070 13.968 11.622 12.684 12.847 14.135 13.430 12.924 11.204 -999.250 -999.250 -999.250 -999.250 -999.250 -999.250 -999.250 -999.250 -999.250 -999.250 -999.250 -999.250 -999.250 -999.250 -999.250 -999.250 -999.250 -999.250 -999.250 -999.250
0.000 0.000 0.000 0.000 1.593 1.609 0.348 0.000 0.000 0.000 0.000 0.000 0.000 0.000 0.000 0.000 0.000 0.000 0.000 0.000 0.000 0.000 0.000 0.000 0.000 0.000 0.000 0.000 0.000 0.000 0.000 0.051 3.417 5.676 8.028 12.771 12.284 12.955 14.631 15.464 14.327 13.735 13.937 14.416 15.598 16.257 16.275 16.461 13.372 -999.250 -999.250 -999.250 -999.250 -999.250 -999.250 -999.250 -999.250 -999.250 -999.250 -999.250 -999.250 -999.250 -999.250 -999.250 -999.250 -999.250 -999.250 -999.250 -999.250
0.186 0.000 0.689 3.609 6.143 4.053 0.969 0.000 0.000 0.000 0.000 0.000 0.000 0.000 0.000 0.000 0.000 0.000 0.000 0.000 0.000 0.000 0.000 0.000 0.000 0.000 0.000 0.000 0.000 0.000 0.000 0.000 0.131 1.931 6.219 7.959 9.916 12.917 12.564 13.975 12.269 14.468 13.728 16.516 18.882 19.277 21.158 19.186 -999.250 -999.250 -999.250 -999.250 -999.250 -999.250 -999.250 -999.250 -999.250 -999.250 -999.250 -999.250 -999.250 -999.250 -999.250 -999.250 -999.250 -999.250 -999.250 -999.250 -999.250
4.075 1.102 3.150 5.193 12.051 6.314 2.033 0.000 0.000 0.000 0.000 0.000 0.000 0.000 0.000 0.000 0.000 0.000 0.000 0.000 0.000 0.000 0.000 0.000 0.000 0.000 0.000 0.000 0.000 0.000 0.000 0.000 0.000 0.000 1.398 5.186 7.694 10.174 9.625 12.180 11.136 14.490 14.743 16.352 20.620 26.008 30.321 20.129 -999.250 -999.250 -999.250 -999.250 -999.250 -999.250 -999.250 -999.250 -999.250 -999.250 -999.250 -999.250 -999.250 -999.250 -999.250 -999.250 -999.250 -999.250 -999.250 -999.250 -999.250
5.209 2.861 4.222 4.794 6.782 4.697 2.479 0.000 0.000 0.000 0.000 0.000 0.000 0.000 0.000 0.000 0.000 0.000 0.000 0.000 0.000 0.000 0.000 0.000 0.000 0.000 0.000 0.000 0.000 0.000 0.000 0.000 0.000 0.000 0.038 4.267 5.982 8.159 9.506 12.630 13.030 13.274 15.507 16.499 17.557 20.132 21.750 18.455 -999.250 -999.250 -999.250 -999.250 -999.250 -999.250 -999.250 -999.250 -999.250 -999.250 -999.250 -999.250 -999.250 -999.250 -999.250 -999.250 -999.250 -999.250 -999.250 -999.250 -999.250
5.948 3.427 4.192 4.671 4.113 2.303 0.000 0.000 0.000 0.000 0.000 0.000 0.000 0.000 0.000 0.000 0.000 0.000 0.000 0.000 0.000 0.000 0.000 0.000 0.000 0.000 0.000 0.000 0.000 0.000 0.000 0.000 0.000 0.000 0.000 1.075 3.474 7.862 9.371 11.912 10.917 12.795 14.071 14.004 15.537 15.729 16.341 -999.250 -999.250 -999.250 -999.250 -999.250 -999.250 -999.250 -999.250 -999.250 -999.250 -999.250 -999.250 -999.250 -999.250 -999.250 -999.250 -999.250 -999.250 -999.250 -999.250 -999.250 -999.250
7.386 4.147 5.323 2.929 0.874 0.000 0.000 0.000 0.000 0.000 0.000 0.000 0.000 0.000 0.000 0.000 0.000 0.000 0.000 0.000 0.000 0.000 0.000 0.000 0.000 0.000 0.000 0.000 0.000 0.000 0.000 0.000 0.000 0.000 0.000 0.000 1.518 4.726 6.978 8.485 9.004 10.786 10.789 11.502 12.445 12.214 13.494 -999.250 -999.250 -999.250 -999.250 -999.250 -999.250 -999.250 -999.250 -999.250 -999.250 -999.250 -999.250 -999.250 -999.250 -999.250 -999.250 -999.250 -999.250 -999.250 -999.250 -999.250 -999.250
12.604 6.007 4.447 1.501 0.128 0.000 0.000 0.000 0.000 0.000 0.000 0.000 0.000 0.000 0.000 0.000 0.000 0.000 0.000 0.000 0.000 0.000 0.000 0.000 0.000 0.000 0.000 0.000 0.000 0.000 0.000 0.000 0.000 0.000 0.000 0.000 0.000 0.509 3.175 4.556 5.512 8.642 10.166 7.451 10.349 12.171 -999.250 -999.250 -999.250 -999.250 -999.250 -999.250 -999.250 -999.250 -999.250 -999.250 -999.250 -999.250 -999.250 -999.250 -999.250 -999.250 -999.250 -999.250 -999.250 -999.250 -999.250 -999.250 -999.250
