data/medianmodel_03-Nov-2020.asc
ncols	141
nrows	288
xllcorner	-120191.398
yllcorner	-301404.813
cellsize	2000.000
NODATA_value	-999.250
[rows 145 to 173 of 288, columns 0 to 64 of 141]
-999.250 -999.250 -999.250 -999.250 -999.250 -999.250 -999.250 -999.250 -999.250 -999.250 -999.250 -999.250 -999.250 -999.250 -999.250 -999.250 -999.250 202.381 200.247 184.253 166.130 149.974 133.808 120.584 144.769 139.282 138.892 169.598 190.870 187.805 202.586 194.235 210.882 219.019 211.274 231.065 224.890 249.117 249.818 257.181 237.870 232.763 216.392 198.871 209.077 193.790 173.599 150.360 144.807 153.940 162.947 185.671 185.963 194.103 210.304 234.229 242.682 227.778 238.565 238.685 232.320 209.319 176.445 173.724 159.493
-999.250 -999.250 -999.250 -999.250 -999.250 -999.250 -999.250 -999.250 -999.250 -999.250 -999.250 -999.250 -999.250 -999.250 -999.250 204.610 185.886 197.011 197.490 172.571 163.042 144.558 132.159 136.530 153.006 142.340 143.635 169.742 183.225 202.578 179.380 198.689 220.132 220.652 228.086 232.893 248.832 233.951 227.180 242.410 244.857 240.460 217.897 214.373 200.059 182.709 159.002 133.127 137.519 154.295 179.626 175.813 225.086 229.894 240.352 253.208 257.860 253.345 241.832 247.932 239.839 203.922 202.974 185.847 155.288
-999.250 -999.250 -999.250 -999.250 -999.250 -999.250 -999.250 -999.250 -999.250 -999.250 -999.250 -999.250 -999.250 -999.250 204.909 196.100 179.453 185.359 185.134 191.864 159.110 169.874 156.971 143.992 138.737 167.614 148.375 160.195 203.789 209.836 215.873 221.849 229.519 236.677 241.902 237.555 245.328 220.074 232.604 231.823 232.510 218.876 220.999 213.789 202.476 193.041 155.704 121.625 126.460 147.570 189.851 203.500 233.799 248.139 252.325 255.935 248.428 273.859 256.044 242.118 234.482 207.582 200.286 190.637 193.024
-999.250 -999.250 -999.250 -999.250 -999.250 -999.250 -999.250 -999.250 -999.250 -999.250 -999.250 -999.250 -999.250 -999.250 170.178 196.963 178.666 169.954 184.361 183.427 157.423 168.733 172.379 167.704 171.343 162.821 153.462 178.543 215.564 231.205 230.255 247.021 245.477 240.937 239.897 240.577 226.579 202.982 210.462 211.331 216.937 223.495 213.091 209.898 201.495 190.185 142.061 93.821 126.282 145.648 183.118 226.112 232.356 245.684 279.375 264.014 261.729 253.493 257.860 276.035 238.055 223.476 209.631 204.848 198.921
-999.250 -999.250 -999.250 -999.250 -999.250 -999.250 -999.250 -999.250 -999.250 -999.250 -999.250 -999.250 -999.250 170.176 165.745 156.814 161.664 167.955 168.360 187.719 174.222 182.468 174.044 170.720 180.202 173.873 178.501 208.521 226.767 229.835 258.724 257.574 249.857 255.063 247.224 256.945 224.992 233.074 227.098 228.930 206.421 199.861 205.853 188.299 194.740 166.934 143.847 132.679 140.159 159.065 193.547 217.752 234.984 260.252 288.343 274.055 285.770 280.610 248.336 253.318 218.145 219.474 225.725 232.579 204.721
-999.250 -999.250 -999.250 -999.250 -999.250 -999.250 -999.250 -999.250 -999.250 -999.250 -999.250 -999.250 160.725 170.306 163.299 158.860 139.341 156.441 157.356 165.414 161.617 172.883 189.168 185.701 196.474 201.912 190.058 226.217 240.968 251.918 253.784 267.020 274.549 290.426 276.089 284.065 244.001 241.105 245.637 229.004 220.454 206.122 203.969 186.315 177.574 170.279 164.350 150.786 169.202 183.199 188.785 219.310 243.846 246.297 257.797 260.921 272.301 262.785 254.058 240.231 234.834 225.916 211.001 207.834 188.334
-999.250 -999.250 -999.250 -999.250 -999.250 -999.250 -999.250 -999.250 -999.250 -999.250 -999.250 156.609 158.418 155.372 144.164 144.609 138.774 148.897 149.771 169.294 164.627 182.683 200.689 205.875 211.566 223.680 210.486 235.110 267.001 283.417 250.357 323.851 313.220 310.382 286.661 261.620 276.525 267.568 254.568 219.155 218.405 203.794 194.609 188.346 169.776 149.841 163.316 195.135 194.861 206.225 214.985 240.035 242.451 242.000 255.186 240.878 252.488 264.603 245.715 232.931 236.104 206.514 223.482 204.513 197.429
-999.250 -999.250 -999.250 -999.250 -999.250 -999.250 -999.250 -999.250 -999.250 -999.250 120.683 124.266 127.667 128.086 131.173 147.925 133.953 148.484 151.754 153.237 165.513 186.504 194.909 214.587 216.319 236.191 236.745 250.570 293.235 295.376 285.958 341.029 331.868 328.463 301.009 295.112 311.897 271.629 235.806 230.089 203.720 201.014 217.011 195.111 194.850 188.467 179.104 194.164 190.504 208.570 220.399 239.724 250.400 257.612 263.594 250.321 253.438 240.969 221.222 231.984 224.905 208.209 219.343 212.123 206.174
-999.250 -999.250 -999.250 -999.250 -999.250 -999.250 -999.250 -999.250 -999.250 89.497 101.029 118.641 110.148 106.205 124.715 118.144 129.551 146.229 154.195 156.033 182.273 203.378 223.707 231.695 225.613 241.177 268.856 263.176 296.847 331.914 315.183 345.002 347.789 354.283 298.712 297.040 325.319 292.120 302.539 239.564 221.162 203.519 218.449 212.889 211.299 206.937 210.365 210.420 203.318 211.698 233.532 257.886 249.787 257.334 270.431 256.990 254.860 246.566 214.858 217.709 206.830 213.880 213.650 217.437 217.804
-999.250 -999.250 -999.250 -999.250 -999.250 105.975 83.016 90.623 91.512 85.685 101.644 103.090 108.937 107.155 98.763 121.388 135.904 158.399 170.563 184.051 205.551 203.290 223.318 236.770 258.768 261.236 266.190 283.720 311.825 334.465 351.608 367.111 354.119 391.192 367.455 350.589 352.496 312.105 264.894 220.558 234.524 215.955 207.199 204.913 206.505 215.477 239.208 230.809 229.364 237.223 246.828 248.046 237.049 245.852 263.467 247.027 243.811 250.833 226.977 222.270 221.209 215.773 193.469 202.380 216.922
-999.250 -999.250 -999.250 -999.250 -999.250 -999.250 -999.250 105.867 95.287 87.685 90.624 100.580 99.905 94.061 100.560 119.860 124.025 157.208 184.534 211.873 224.039 247.652 245.465 258.870 270.961 274.793 313.321 323.499 343.104 358.380 355.411 391.049 411.318 390.222 380.111 370.163 343.649 327.597 281.175 247.208 219.916 189.431 190.502 194.513 196.804 217.979 213.493 242.376 240.776 246.633 246.337 252.402 273.202 267.672 238.500 246.064 250.036 239.371 219.394 221.657 234.678 229.050 214.658 214.513 220.238
-999.250 -999.250 -999.250 -999.250 -999.250 -999.250 -999.250 125.259 109.155 108.007 101.556 85.689 78.395 77.492 81.612 106.411 142.762 167.513 194.159 209.223 252.879 254.986 264.073 286.232 312.177 327.244 346.744 365.245 378.909 379.698 356.127 404.896 398.887 414.425 366.458 358.025 353.323 329.244 299.977 234.828 220.563 192.128 177.489 184.434 203.576 179.234 189.931 237.754 236.212 228.450 262.898 258.442 250.911 246.700 259.188 250.246 253.391 247.263 227.305 229.545 202.860 211.189 210.822 201.600 215.454
-999.250 -999.250 -999.250 -999.250 -999.250 -999.250 -999.250 137.979 141.025 144.136 125.161 110.998 83.463 61.736 68.150 81.408 122.965 174.272 201.212 224.527 284.827 330.394 323.138 311.159 303.718 333.246 372.548 381.955 382.701 389.099 403.918 411.562 419.854 406.077 387.897 398.487 366.939 349.384 325.947 233.683 200.609 168.141 173.356 170.496 160.550 184.578 197.976 213.805 222.136 220.725 254.855 255.330 251.082 263.825 241.377 220.662 238.179 249.826 216.689 215.391 206.730 216.870 226.826 186.572 228.462
-999.250 -999.250 -999.250 -999.250 -999.250 -999.250 -999.250 157.515 165.194 158.128 148.663 118.812 92.041 75.161 62.621 77.269 128.611 177.076 247.728 267.323 359.241 386.750 366.482 367.334 331.223 377.163 376.895 349.758 387.110 413.339 403.895 405.007 445.533 448.417 422.264 416.696 408.012 369.233 325.207 239.641 203.305 167.886 141.025 146.553 147.327 170.117 181.987 200.900 218.697 227.765 236.409 222.426 238.556 245.682 234.859 223.445 216.315 223.696 214.255 213.130 227.909 236.031 218.333 198.794 216.415
-999.250 -999.250 -999.250 -999.250 -999.250 -999.250 -999.250 -999.250 177.720 179.375 171.052 133.264 101.767 75.212 49.079 56.060 109.793 194.484 248.399 341.612 382.859 410.016 398.554 365.906 356.177 366.682 375.719 392.897 401.106 393.713 425.993 439.572 400.954 433.758 444.014 431.163 411.914 355.308 322.514 231.898 191.220 128.076 111.189 123.370 134.959 146.115 176.745 196.020 221.785 231.782 231.389 235.299 218.815 237.005 232.219 231.158 228.714 212.956 188.501 208.479 208.245 239.696 232.605 223.727 211.280
-999.250 -999.250 -999.250 -999.250 -999.250 -999.250 -999.250 -999.250 189.261 181.783 167.747 153.590 124.826 91.323 59.384 31.852 139.279 210.883 286.355 393.278 408.596 463.399 409.077 394.870 373.435 377.742 384.268 379.908 417.495 411.935 430.296 445.738 420.077 425.941 448.716 482.192 469.439 391.074 296.260 220.646 153.955 84.998 95.676 112.775 111.387 139.500 145.094 170.775 188.317 218.140 238.210 240.959 238.221 286.372 243.765 233.588 223.514 212.624 179.748 205.483 217.641 237.679 211.292 225.276 220.417
-999.250 -999.250 -999.250 -999.250 -999.250 -999.250 -999.250 205.401 198.714 201.637 185.062 165.904 147.922 131.059 110.185 115.671 181.303 253.299 318.536 386.607 437.637 449.226 449.787 445.346 395.319 394.368 386.345 376.928 411.202 438.352 430.830 423.892 418.949 448.183 427.289 461.238 543.355 402.139 309.447 220.183 154.789 103.236 85.342 96.014 127.475 136.662 153.486 167.454 206.154 221.607 208.566 242.157 235.554 254.182 246.351 239.118 247.795 225.579 207.679 204.915 229.880 236.943 214.256 222.676 225.872
-999.250 -999.250 -999.250 -999.250 -999.250 -999.250 -999.250 221.180 219.240 224.044 211.351 195.129 186.729 162.168 175.999 190.066 228.864 260.763 348.772 411.286 482.703 462.851 463.690 425.541 398.980 400.569 412.147 395.950 407.143 409.978 432.926 442.311 416.555 432.953 432.503 442.605 430.781 376.515 290.178 204.560 161.758 104.914 95.814 102.686 117.732 143.260 151.005 168.085 195.813 214.895 211.388 237.299 236.026 259.306 283.574 258.403 239.427 211.492 205.057 223.867 222.079 220.396 205.668 222.913 199.346
-999.250 -999.250 -999.250 -999.250 -999.250 -999.250 -999.250 225.719 226.810 230.673 224.829 201.507 182.383 190.971 189.856 209.166 266.956 307.754 336.552 415.458 438.163 447.508 530.030 494.615 448.834 417.868 405.047 391.712 415.803 413.154 418.888 444.811 417.653 428.931 408.181 418.350 365.973 311.440 217.333 186.948 159.775 146.601 101.917 106.470 130.337 147.541 166.213 181.891 202.655 198.900 232.471 241.135 227.671 239.094 289.670 269.880 225.345 217.872 212.469 219.979 195.642 201.457 213.105 206.355 213.655
-999.250 -999.250 -999.250 -999.250 -999.250 -999.250 -999.250 253.889 263.956 242.108 238.705 224.978 212.894 210.447 234.963 255.458 282.333 334.909 332.243 395.562 421.997 421.280 465.804 481.626 450.753 430.866 414.423 417.010 401.361 383.693 397.106 392.963 398.932 397.524 394.554 379.838 356.201 289.125 233.174 203.867 184.384 153.261 134.468 126.267 143.072 144.333 159.248 166.786 206.993 195.882 196.443 226.414 236.506 226.396 244.606 241.659 241.684 221.040 200.467 196.930 189.331 183.442 202.743 186.911 196.895
-999.250 -999.250 -999.250 -999.250 -999.250 -999.250 242.410 282.738 277.425 266.138 229.991 242.488 217.674 220.670 221.749 250.071 269.150 299.809 337.463 372.780 428.430 406.222 431.851 428.469 397.712 417.620 402.706 384.304 398.069 388.877 388.498 394.246 370.922 367.584 393.827 384.161 314.185 296.629 224.824 203.765 179.161 164.595 144.957 143.784 142.964 131.761 156.715 169.589 200.398 216.845 217.435 226.620 227.445 202.171 205.936 241.620 213.318 225.046 203.758 205.407 180.971 189.183 181.117 176.579 173.535
-999.250 -999.250 -999.250 -999.250 -999.250 -999.250 236.077 269.158 285.807 248.724 235.515 226.804 219.228 238.086 247.371 239.394 273.159 323.794 351.642 355.359 399.283 428.915 421.964 454.209 411.911 411.653 398.424 384.301 386.587 401.067 376.932 353.105 364.907 363.572 370.261 346.256 297.674 271.839 247.272 216.254 183.759 172.607 171.469 162.423 151.692 151.060 165.676 185.399 196.455 191.540 215.443 224.695 231.008 209.905 196.394 229.938 202.147 201.842 200.629 197.232 182.647 149.826 167.483 184.459 158.841
-999.250 -999.250 -999.250 -999.250 -999.250 262.164 229.839 249.198 223.923 230.056 230.000 236.258 236.226 252.645 247.070 262.533 285.673 307.285 373.379 379.948 406.543 391.141 420.670 439.439 434.158 427.077 382.199 369.783 376.818 380.592 376.724 354.379 324.191 342.391 338.173 298.397 322.961 271.238 228.780 199.150 198.469 186.499 166.172 163.182 167.828 159.950 177.030 194.097 185.953 205.158 198.675 195.556 209.646 211.464 196.642 205.042 198.240 181.274 181.252 170.355 158.898 156.277 152.634 156.104 164.022
-999.250 -999.250 -999.250 -999.250 -999.250 270.389 266.214 255.660 231.591 224.165 229.005 222.845 231.822 245.005 241.623 266.437 302.760 313.505 351.661 381.905 401.037 405.968 404.194 427.723 405.775 389.391 410.462 373.423 378.281 366.625 356.527 351.827 323.244 344.590 290.365 288.117 281.448 274.472 235.344 211.673 212.227 187.316 162.695 155.682 156.195 172.093 174.055 187.490 188.990 198.473 191.090 185.961 222.719 200.382 199.743 180.420 174.441 177.328 178.589 161.489 138.742 151.828 141.663 159.468 136.138
-999.250 -999.250 -999.250 -999.250 271.605 268.593 293.479 256.101 247.125 238.416 237.113 232.758 238.732 239.010 226.335 251.467 293.675 282.470 363.230 362.525 386.360 398.275 429.622 418.564 401.614 393.447 378.433 359.288 347.135 346.322 320.578 342.984 329.202 325.100 289.326 282.000 289.919 244.452 231.309 225.049 178.599 165.407 167.058 156.826 170.193 171.631 179.569 181.590 191.017 202.815 185.427 195.677 202.126 191.491 191.401 191.550 173.747 165.995 168.184 143.474 129.564 129.700 152.366 146.653 140.064
-999.250 -999.250 -999.250 -999.250 271.455 289.195 257.799 241.253 248.239 253.065 234.817 256.154 246.498 231.613 247.789 259.308 265.978 285.928 321.990 355.706 389.526 421.934 426.768 419.912 377.427 365.911 379.820 386.280 349.438 361.174 347.251 330.942 332.463 335.292 310.927 283.715 262.517 237.910 227.409 221.476 184.822 158.544 153.675 161.382 167.549 177.935 194.861 176.513 180.258 171.431 204.702 187.716 220.049 200.871 166.672 170.127 169.945 169.947 148.998 128.503 118.696 122.940 115.222 118.755 116.596
-999.250 -999.250 -999.250 -999.250 284.174 275.090 287.133 325.669 282.472 263.772 247.025 244.958 244.649 263.514 254.368 267.158 268.811 256.378 313.047 329.518 343.472 396.583 385.051 388.930 368.837 380.279 391.099 362.356 339.051 347.598 349.792 363.467 346.562 353.106 324.224 275.268 261.927 237.129 235.728 204.954 193.091 163.922 161.816 170.595 161.180 173.680 177.125 169.355 180.266 187.442 184.319 194.868 193.772 178.080 156.753 146.152 147.898 153.343 143.058 137.615 118.354 109.412 108.349 117.310 120.963
-999.250 -999.250 -999.250 -999.250 328.794 295.038 298.686 338.008 315.358 287.463 268.452 289.858 296.078 274.085 284.120 257.472 270.234 278.408 278.516 310.382 343.893 358.536 389.783 370.958 362.773 350.156 379.690 357.337 357.020 345.380 291.909 347.842 344.499 344.721 309.325 291.148 263.041 255.370 220.108 212.270 213.599 197.833 173.677 170.539 188.108 186.043 180.228 172.469 152.410 180.941 177.699 177.773 167.957 170.295 161.960 164.488 148.393 122.183 147.712 113.435 115.771 103.771 99.521 113.803 109.255
-999.250 -999.250 -999.250 -999.250 326.676 319.561 296.983 336.100 343.787 316.825 303.515 283.484 310.968 280.620 264.997 256.893 262.886 281.009 289.405 330.848 352.169 360.272 394.054 373.950 358.937 353.239 357.212 356.530 335.613 320.383 329.194 317.588 330.992 346.006 341.949 309.417 255.906 242.495 253.218 221.660 203.228 200.216 190.132 175.923 187.896 177.755 170.745 156.531 153.372 169.849 166.942 174.983 179.695 154.557 147.898 133.893 135.408 107.198 107.990 112.547 101.625 104.562 101.003 99.317 84.184
