data/medianmodel_30-Nov-2020.asc
ncols	141
nrows	288
xllcorner	-120191.398
yllcorner	-301404.813
cellsize	2000.000
NODATA_value	-999.250
[rows 29 to 57 of 288, columns 64 to 127 of 141]
1081.303 967.454 820.836 680.749 604.339 541.819 491.821 461.148 483.567 460.262 463.207 448.494 486.977 563.028 700.110 735.036 846.704 953.386 1036.107 1040.511 1201.527 1229.501 1309.082 1216.428 1259.531 1225.603 1208.898 1198.552 1073.647 1062.810 1039.277 1106.135 1066.485 1042.468 1054.853 1050.322 1035.355 1144.323 1080.402 1126.240 1091.544 1064.313 1018.234 1037.796 1056.285 1048.197 1042.072 1043.212 951.806 999.804 929.831 892.682 841.619 789.777 791.464 817.986 825.679 835.526 878.801 915.771 914.280 927.938 899.179 914.256
1199.138 1027.370 879.977 749.011 680.592 607.305 507.576 488.533 441.554 404.665 393.619 452.448 464.740 561.159 669.993 760.767 794.767 937.295 995.353 1020.735 1098.161 1170.088 1229.682 1134.584 1117.124 1153.618 1106.225 1121.762 1073.829 994.075 1030.891 1064.362 1006.560 1009.508 1077.805 1018.629 1019.350 1022.377 1107.362 1050.837 1125.656 1060.191 1018.961 1005.320 1063.056 1006.035 1084.387 1087.424 998.005 958.091 898.649 830.362 844.829 824.312 770.247 826.829 877.878 891.973 833.386 915.075 947.690 871.702 878.928 894.855
1132.364 1023.479 900.600 814.255 672.536 609.929 507.578 451.049 385.844 362.390 339.172 397.987 461.648 510.417 632.472 690.895 779.876 943.787 1008.918 990.926 1065.435 1141.616 1224.939 1084.242 1155.309 1090.412 1041.100 1060.063 1063.358 1003.590 986.305 976.515 942.818 926.708 1057.282 979.515 1052.182 1019.623 956.265 1051.443 1101.817 1126.284 1102.667 1035.548 1050.217 1066.302 1068.485 1012.747 1038.615 1027.567 965.576 913.100 886.775 876.644 878.148 822.845 869.427 819.668 830.725 961.807 965.386 900.088 891.662 913.318
1170.443 1055.340 973.896 795.124 725.271 619.484 481.325 388.306 327.608 283.022 291.175 360.731 475.741 581.381 639.167 729.324 764.886 923.200 959.946 1029.532 1086.875 1063.236 1123.920 1067.966 1050.306 1088.778 1042.852 1049.409 1020.637 995.622 1010.067 893.821 878.599 854.666 920.179 940.719 929.054 962.646 978.062 986.380 1061.882 1139.643 1092.036 1108.179 1060.100 1011.125 1114.015 1036.523 1044.155 1038.803 958.297 974.226 919.578 921.697 853.069 859.587 842.454 874.709 835.188 852.114 843.991 928.154 914.511 867.051
1110.722 1032.994 940.744 900.938 722.017 620.477 473.192 390.788 276.944 192.455 231.577 327.381 459.212 546.617 639.571 699.236 820.576 965.470 1005.593 1023.802 1011.600 1060.580 1049.771 1065.480 1138.382 1065.605 1012.512 944.442 949.832 939.422 944.018 868.169 889.097 801.425 885.231 844.370 904.510 916.306 952.891 971.547 1056.789 1121.772 1106.403 1139.908 1095.343 1043.050 1074.847 1035.412 1035.529 946.060 983.548 952.809 878.168 838.789 882.172 815.194 855.781 818.248 842.905 833.904 865.522 846.293 834.784 818.453
1074.994 985.816 942.381 904.948 749.586 641.528 540.286 426.925 259.442 99.734 221.031 330.472 451.806 569.547 629.269 743.103 817.284 873.228 979.835 996.594 1020.602 1029.171 999.955 1025.434 1107.866 1042.202 957.397 963.971 943.060 950.176 847.643 829.061 772.784 785.573 778.594 818.308 810.111 885.054 895.987 969.467 1010.497 1053.093 1060.118 1161.098 1065.614 1053.932 1036.661 1038.913 1027.941 988.850 914.599 856.804 897.184 956.364 818.277 852.975 818.087 855.823 809.051 807.638 831.640 841.100 835.252 789.092
1118.973 1069.624 1006.748 925.970 819.477 727.018 639.733 470.869 357.657 272.631 303.043 395.279 485.339 556.062 661.265 725.777 825.075 894.574 912.886 957.423 948.115 943.069 993.485 1028.163 1034.950 1016.739 1016.069 936.413 836.262 907.892 887.233 786.975 742.645 694.875 737.648 747.799 779.874 853.469 839.092 950.381 933.942 990.136 1052.288 1077.870 1058.269 1047.325 1033.233 972.183 954.418 935.411 948.799 919.944 829.651 866.398 837.111 754.778 771.751 752.149 724.517 791.803 800.114 806.176 802.805 796.662
1114.827 1083.926 1062.567 1011.368 1019.669 922.069 698.911 562.791 494.249 415.758 449.263 456.191 504.254 615.248 646.536 761.682 763.327 830.395 904.578 919.069 871.606 913.941 933.298 1011.216 1044.300 1043.487 1015.071 958.794 963.694 874.537 854.898 784.743 716.940 714.960 704.506 671.141 725.618 767.769 812.751 904.201 886.705 957.679 1003.029 1001.554 1077.041 1081.079 1011.361 910.952 939.454 885.636 910.309 912.310 880.431 787.911 781.972 765.986 767.754 763.257 722.849 745.999 742.903 758.848 778.186 705.121
1093.715 1157.733 1188.426 1132.281 1121.208 1043.584 869.469 738.622 670.793 574.115 526.738 521.941 581.914 605.162 694.879 735.982 795.170 790.299 883.291 856.553 887.420 867.586 887.313 907.461 984.055 917.259 928.299 930.063 938.688 909.552 847.412 777.098 698.738 707.331 673.372 673.837 696.978 759.247 808.552 829.685 846.434 910.547 963.793 1002.639 1042.669 997.267 971.638 906.477 945.805 942.886 840.378 922.568 813.458 804.303 736.855 707.178 696.536 688.087 678.397 688.633 692.752 701.721 696.020 658.748
1133.711 1202.582 1304.441 1348.706 1314.384 1182.864 1068.640 856.105 778.309 742.731 640.854 649.832 651.016 684.163 713.432 767.906 840.810 830.470 853.859 899.230 877.563 906.189 875.452 899.496 938.506 905.285 892.751 856.936 872.477 857.332 809.680 745.195 700.193 675.351 626.270 634.421 673.722 670.578 745.913 768.313 815.331 832.567 931.466 1016.080 1006.269 1030.650 989.096 954.878 943.520 907.295 844.963 837.115 765.499 752.733 636.512 655.960 640.404 595.187 629.006 616.286 621.883 618.856 638.307 635.694
1051.617 1274.096 1434.435 1523.615 1480.301 1453.718 1182.355 1098.322 931.750 828.916 730.129 705.677 669.925 729.299 718.017 739.485 816.821 813.276 837.945 810.372 826.569 874.803 879.386 857.767 846.133 824.736 823.877 783.760 792.920 817.129 759.420 724.651 671.928 642.681 631.249 638.590 625.985 631.636 692.770 713.376 783.135 784.840 813.333 966.766 993.933 1001.145 966.491 971.247 838.238 834.433 786.864 757.415 775.118 723.868 641.076 644.967 599.125 531.928 545.221 542.701 575.404 579.655 608.343 648.051
1092.959 1377.899 1547.463 1704.694 1678.681 1504.289 1413.774 1194.494 1084.908 933.230 787.003 748.949 758.384 736.223 766.632 764.531 820.826 788.547 777.697 794.695 783.028 833.940 836.757 808.683 823.723 785.581 796.496 770.167 750.116 718.808 705.634 655.725 645.828 634.361 637.517 588.785 611.050 607.556 618.877 662.293 728.442 776.912 862.111 901.861 888.372 939.105 969.112 933.646 871.989 853.188 816.893 773.733 702.343 679.982 612.301 574.809 555.212 505.250 505.366 490.529 536.344 596.892 589.454 595.004
1124.897 1366.771 1695.063 1871.581 1769.240 1606.680 1413.999 1257.732 1155.422 989.445 937.527 803.048 809.248 743.529 758.369 815.529 790.445 795.554 765.652 786.333 818.899 799.756 788.805 783.035 766.552 727.662 732.935 742.643 689.770 628.683 641.078 614.531 550.825 554.280 593.150 583.357 559.994 549.228 545.829 640.207 660.903 747.136 786.644 811.730 816.785 893.683 852.495 873.494 846.535 820.784 840.667 790.256 707.002 630.124 552.671 533.275 506.134 511.078 488.947 486.400 507.559 531.621 524.131 626.079
1197.013 1411.897 1568.831 1751.874 1777.476 1581.199 1446.935 1305.898 1153.116 998.107 821.300 793.811 723.204 744.020 737.987 747.367 731.857 751.278 779.713 749.360 791.427 746.852 764.630 743.506 758.438 700.759 728.763 724.833 654.124 584.706 579.558 532.188 489.049 516.233 518.091 524.369 480.194 496.215 496.392 559.658 635.117 675.773 747.060 811.656 854.771 854.098 935.243 839.987 867.268 795.775 784.225 764.297 702.515 604.937 547.263 493.184 471.388 483.472 458.215 489.386 520.826 492.365 499.026 576.620
1228.836 1327.614 1486.116 1575.751 1555.640 1455.673 1314.662 1188.922 1105.547 997.653 883.628 787.352 696.070 695.711 689.160 690.866 702.063 720.405 680.611 661.163 696.485 775.715 725.470 734.947 676.322 691.985 687.222 642.542 609.689 570.539 521.019 530.040 476.318 456.021 438.861 452.664 452.621 475.198 475.461 511.446 569.734 634.446 726.265 770.147 851.487 901.099 848.425 891.167 837.075 835.235 795.054 797.011 695.059 603.538 495.117 457.552 417.248 425.826 436.178 453.332 484.533 512.669 515.150 555.043
1247.224 1303.310 1334.415 1382.794 1345.069 1351.871 1232.205 1104.774 959.367 871.080 822.616 746.826 682.976 691.074 652.713 663.173 650.089 601.287 637.911 635.082 675.969 704.064 721.103 728.000 675.872 708.455 664.392 670.524 558.010 495.305 481.914 473.296 404.707 367.510 366.175 342.942 372.448 416.874 425.415 463.023 512.901 632.086 723.458 718.108 862.306 913.511 913.396 877.969 903.281 836.640 819.041 751.828 706.688 631.294 526.106 434.768 345.426 397.795 421.023 462.360 492.627 533.476 537.085 556.563
1193.265 1191.603 1266.399 1262.250 1223.887 1219.244 1140.139 1032.231 913.099 832.437 729.059 675.566 666.058 605.576 585.863 603.597 588.134 565.743 575.316 595.387 621.648 667.597 656.359 708.768 714.277 666.366 609.999 605.981 519.802 475.069 436.988 407.320 349.150 339.327 325.163 295.618 303.192 341.859 384.572 444.908 503.173 595.861 659.791 782.686 794.266 877.927 901.567 919.391 904.302 863.165 886.598 742.674 733.383 630.098 549.163 425.975 274.070 366.037 482.666 520.703 545.620 516.328 525.917 587.595
1122.623 1185.448 1120.773 1127.826 1117.159 1058.907 1015.766 952.742 854.768 769.791 714.759 622.971 588.447 571.009 587.082 563.386 521.219 515.172 477.984 488.395 546.473 604.029 592.461 670.589 670.514 679.343 613.759 542.646 479.719 433.015 395.262 347.733 307.651 285.640 255.237 240.381 262.052 281.552 338.378 399.014 464.337 530.669 629.869 745.430 802.451 893.815 981.185 938.466 949.773 926.289 830.566 846.677 790.859 709.991 626.684 541.257 493.814 499.031 491.314 551.297 600.522 550.835 563.999 574.648
1084.873 1149.639 1045.042 1019.812 957.526 923.620 876.844 811.298 798.453 736.302 621.975 561.090 541.568 518.953 524.903 505.415 470.613 446.037 423.779 453.832 482.738 518.369 570.425 597.530 621.177 587.528 534.007 499.096 451.963 357.690 309.674 278.010 253.589 226.932 212.531 205.129 211.397 198.544 280.384 364.269 447.214 526.554 614.722 687.485 770.757 876.437 891.940 951.210 952.706 976.304 914.660 898.146 838.889 843.913 745.050 740.648 633.312 605.668 602.798 586.689 612.973 626.300 587.576 571.476
1056.333 1062.218 1007.876 973.539 900.512 829.114 763.246 766.886 720.110 651.061 562.503 512.660 503.136 512.660 509.028 480.623 473.301 406.258 385.460 388.746 417.049 461.420 483.260 513.872 527.634 499.323 473.716 447.708 388.476 343.678 267.019 219.632 197.562 186.101 188.577 199.063 206.477 222.520 272.795 352.935 432.452 524.442 630.882 733.994 744.615 859.736 937.367 957.218 981.673 1002.748 1064.884 1064.673 1020.248 935.434 896.700 844.473 819.307 784.840 771.541 716.584 723.317 734.900 652.660 707.955
1015.507 973.833 961.625 843.553 820.262 750.742 694.278 683.008 591.272 533.575 503.226 487.871 491.350 496.755 461.074 466.580 463.470 388.929 337.058 287.259 353.052 388.539 441.673 449.682 467.306 448.133 420.750 374.352 341.336 300.786 225.882 141.193 157.188 162.136 157.368 182.581 193.872 231.851 271.563 338.133 435.203 486.157 613.310 738.151 814.990 891.024 1037.111 1032.755 1054.111 1111.686 1218.176 1161.705 1194.498 1126.910 1098.154 1104.983 1046.470 993.366 934.055 -999.250 790.326 759.498 -999.250 -999.250
977.096 915.738 855.292 805.692 741.599 643.524 569.103 530.079 523.584 479.305 491.198 480.067 480.552 500.068 499.577 482.261 467.964 394.030 347.967 303.408 318.257 346.419 380.063 382.306 403.889 376.591 391.627 365.561 318.689 248.773 209.510 164.460 150.185 165.807 171.536 184.039 217.452 255.877 289.934 357.790 447.867 508.888 616.153 743.835 841.307 976.807 1081.621 1154.977 1209.786 1330.847 1340.965 1341.104 1386.148 1313.825 1308.589 1301.991 1243.486 -999.250 -999.250 -999.250 -999.250 -999.250 -999.250 -999.250
966.032 893.121 802.024 758.284 683.978 606.249 500.908 487.923 451.278 438.035 444.656 471.730 502.732 528.879 531.086 503.106 476.946 439.886 370.226 331.230 324.075 330.851 326.755 353.817 337.124 350.682 316.401 308.454 291.919 254.187 219.097 179.469 171.747 184.916 195.272 214.557 229.674 268.680 306.653 371.204 449.026 535.081 688.009 750.605 834.563 1033.811 1169.713 1265.309 1411.870 1491.875 1510.838 1544.573 1541.332 1531.137 1564.038 1433.127 -999.250 -999.250 -999.250 -999.250 -999.250 -999.250 -999.250 -999.250
960.766 869.304 770.120 699.431 604.761 498.111 469.249 404.674 375.214 362.114 409.153 473.935 537.986 627.820 599.380 616.451 544.689 505.325 409.213 330.548 291.766 267.963 287.038 295.407 316.897 328.564 305.471 300.531 280.048 250.541 222.611 195.693 192.779 199.146 213.043 237.907 257.885 277.686 339.453 380.673 445.681 525.169 659.928 756.654 926.365 1030.293 1156.419 1369.052 1506.274 1653.389 1753.954 1786.945 1758.496 1739.654 1716.368 1569.160 -999.250 -999.250 -999.250 -999.250 -999.250 -999.250 -999.250 -999.250
997.926 897.224 824.317 751.031 600.406 449.782 347.145 321.539 320.645 343.466 304.317 470.998 597.259 672.230 736.174 676.419 623.039 487.122 425.073 328.455 287.789 251.100 270.264 276.655 281.320 299.344 297.798 292.305 270.850 254.226 240.586 210.333 242.457 224.744 241.851 281.646 288.480 329.469 375.752 379.290 415.854 546.299 703.807 827.026 959.204 1196.317 1279.661 1479.892 1620.594 1819.135 1864.181 1936.719 1864.903 1873.845 1853.612 -999.250 -999.250 -999.250 -999.250 -999.250 -999.250 -999.250 -999.250 -999.250
969.107 913.541 880.689 774.114 561.069 400.202 252.270 311.533 357.209 404.728 450.592 541.899 678.471 761.614 807.626 842.707 711.081 552.484 403.181 291.166 234.090 207.243 225.559 243.397 267.062 291.399 299.346 300.880 300.797 272.549 243.811 245.334 259.316 254.465 270.222 301.591 336.240 363.657 426.433 464.987 493.154 592.284 751.958 880.549 1057.843 1219.815 1377.278 1588.655 1805.197 1891.209 1985.718 2038.418 2031.252 2011.592 -999.250 -999.250 -999.250 -999.250 -999.250 -999.250 -999.250 -999.250 -999.250 -999.250
944.459 901.320 896.096 694.780 538.874 416.298 350.599 408.536 462.918 531.945 597.340 732.908 804.062 915.116 997.694 985.510 824.963 625.076 413.526 225.502 162.097 179.628 219.708 241.412 276.109 280.702 295.403 299.879 298.874 293.693 271.980 260.972 267.354 275.464 311.603 342.021 367.938 406.295 473.070 521.022 604.221 697.970 820.756 979.499 1140.054 1338.596 1558.387 1717.787 1901.089 1996.108 2103.632 2209.583 2205.599 2136.914 -999.250 -999.250 -999.250 -999.250 -999.250 -999.250 -999.250 -999.250 -999.250 -999.250
904.006 860.450 780.680 659.347 509.080 451.486 444.311 507.283 564.400 684.325 736.415 846.105 990.510 1112.413 1233.224 1208.720 992.969 700.240 407.505 116.028 135.452 164.848 203.694 230.038 265.525 293.984 296.038 308.475 304.012 294.186 295.695 289.263 274.771 299.358 335.764 384.129 379.275 453.264 484.438 573.321 669.681 771.256 927.499 1019.822 1204.256 1353.835 1641.738 1785.973 1922.434 2142.483 2304.466 2428.488 2469.427 -999.250 -999.250 -999.250 -999.250 -999.250 -999.250 -999.250 -999.250 -999.250 -999.250 -999.250
808.801 798.350 708.890 612.430 463.648 477.447 498.875 568.820 647.183 767.222 824.643 955.733 1068.488 1233.908 1384.610 1456.058 1129.423 773.714 493.003 273.269 187.639 184.687 222.003 245.731 286.386 289.153 302.045 316.528 330.840 336.786 334.831 342.574 319.136 318.948 365.627 404.985 440.739 476.703 562.176 617.636 725.365 804.758 944.870 1068.709 1287.455 1456.877 1643.474 1816.246 1969.688 2250.355 2503.767 2577.320 2481.366 -999.250 -999.250 -999.250 -999.250 -999.250 -999.250 -999.250 -999.250 -999.250 -999.250 -999.250
