data/medianmodel_01-Feb-2021.asc
ncols	141
nrows	288
xllcorner	-120191.398
yllcorner	-301404.813
cellsize	2000.000
NODATA_value	-999.250
[rows 252 to 279 of 288, columns 0 to 62 of 141]
-999.250 -999.250 -999.250 -999.250 -999.250 -999.250 -999.250 -999.250 -999.250 -999.250 -999.250 -999.250 -999.250 -999.250 -999.250 -999.250 -999.250 -999.250 -999.250 -999.250 -999.250 -999.250 -999.250 -999.250 -999.250 -999.250 -999.250 -999.250 -999.250 557.754 559.690 541.573 531.019 581.040 634.200 663.641 688.793 705.952 732.933 764.587 765.394 807.930 852.206 876.789 914.127 984.397 981.181 1007.561 1007.408 1038.813 1052.551 1088.441 1142.420 1103.940 1062.290 1036.369 1030.166 999.757 986.249 974.834 1008.540 935.806 920.762
-999.250 -999.250 -999.250 -999.250 -999.250 -999.250 -999.250 -999.250 -999.250 -999.250 -999.250 -999.250 -999.250 -999.250 -999.250 -999.250 -999.250 -999.250 -999.250 -999.250 -999.250 -999.250 -999.250 -999.250 -999.250 -999.250 -999.250 -999.250 -999.250 -999.250 540.969 541.636 531.436 566.065 603.163 625.529 613.566 728.545 738.884 799.788 817.127 845.367 831.951 865.832 900.095 942.342 942.555 997.981 999.700 1004.840 1044.149 1095.457 1005.998 999.114 984.580 980.183 956.887 934.086 912.995 893.949 919.441 919.236 864.224
-999.250 -999.250 -999.250 -999.250 -999.250 -999.250 -999.250 -999.250 -999.250 -999.250 -999.250 -999.250 -999.250 -999.250 -999.250 -999.250 -999.250 -999.250 -999.250 -999.250 -999.250 -999.250 -999.250 -999.250 -999.250 -999.250 -999.250 -999.250 -999.250 -999.250 541.015 548.010 509.849 551.542 580.187 629.631 677.460 741.991 780.733 800.579 822.649 837.926 859.987 858.876 927.421 916.044 982.791 974.826 967.009 994.358 1030.072 1052.283 976.035 980.141 979.267 926.828 897.881 903.529 870.209 847.841 872.234 845.378 847.881
-999.250 -999.250 -999.250 -999.250 -999.250 -999.250 -999.250 -999.250 -999.250 -999.250 -999.250 -999.250 -999.250 -999.250 -999.250 -999.250 -999.250 -999.250 -999.250 -999.250 -999.250 -999.250 -999.250 -999.250 -999.250 -999.250 -999.250 -999.250 -999.250 -999.250 -999.250 511.313 496.919 505.327 575.928 631.565 642.506 760.930 791.224 820.481 792.879 860.160 861.648 924.597 937.708 949.918 962.678 952.352 978.525 973.055 985.340 957.342 978.654 923.788 952.318 903.362 894.956 880.441 834.449 846.050 828.436 845.428 798.194
-999.250 -999.250 -999.250 -999.250 -999.250 -999.250 -999.250 -999.250 -999.250 -999.250 -999.250 -999.250 -999.250 -999.250 -999.250 -999.250 -999.250 -999.250 -999.250 -999.250 -999.250 -999.250 -999.250 -999.250 -999.250 -999.250 -999.250 -999.250 -999.250 -999.250 -999.250 497.974 534.219 515.774 547.926 548.121 648.272 744.072 786.515 796.231 827.441 854.714 861.006 916.188 928.011 947.305 1019.069 953.150 970.468 952.560 951.467 990.951 966.778 904.695 910.475 902.288 867.763 835.627 832.677 817.236 788.035 775.722 709.278
-999.250 -999.250 -999.250 -999.250 -999.250 -999.250 -999.250 -999.250 -999.250 -999.250 -999.250 -999.250 -999.250 -999.250 -999.250 -999.250 -999.250 -999.250 -999.250 -999.250 -999.250 -999.250 -999.250 -999.250 -999.250 -999.250 -999.250 -999.250 -999.250 -999.250 470.414 488.965 507.634 503.743 566.630 561.513 635.936 729.356 793.526 794.644 808.719 840.053 892.710 923.284 935.803 933.488 1004.136 945.244 928.610 950.802 945.850 930.511 911.358 917.029 890.983 856.934 857.916 831.515 819.573 760.630 779.834 732.330 686.748
-999.250 -999.250 -999.250 -999.250 -999.250 -999.250 -999.250 -999.250 -999.250 -999.250 -999.250 -999.250 -999.250 -999.250 -999.250 -999.250 -999.250 -999.250 -999.250 -999.250 -999.250 -999.250 -999.250 -999.250 -999.250 -999.250 -999.250 -999.250 -999.250 -999.250 484.064 490.633 494.148 505.196 525.044 601.395 643.283 726.722 774.539 819.916 833.946 858.564 911.553 919.074 947.608 941.999 938.552 969.444 925.847 943.793 934.187 914.581 925.035 906.124 893.318 880.156 868.134 806.696 795.813 774.731 749.786 714.362 683.597
-999.250 -999.250 -999.250 -999.250 -999.250 -999.250 -999.250 -999.250 -999.250 -999.250 -999.250 -999.250 -999.250 -999.250 -999.250 -999.250 -999.250 -999.250 -999.250 -999.250 -999.250 -999.250 -999.250 -999.250 -999.250 -999.250 -999.250 -999.250 -999.250 -999.250 485.565 514.486 501.247 500.277 569.246 595.476 693.895 734.611 779.158 810.617 859.256 903.462 898.932 917.160 915.210 941.918 961.262 932.162 945.239 940.475 941.130 963.784 923.437 877.946 859.174 860.368 852.592 841.684 808.790 761.036 720.529 657.150 702.837
-999.250 -999.250 -999.250 -999.250 -999.250 -999.250 -999.250 -999.250 -999.250 -999.250 -999.250 -999.250 -999.250 -999.250 -999.250 -999.250 -999.250 -999.250 -999.250 -999.250 -999.250 -999.250 -999.250 -999.250 -999.250 -999.250 -999.250 -999.250 -999.250 -999.250 412.495 459.262 522.768 510.338 566.065 552.547 662.772 756.303 805.169 824.443 868.901 891.537 900.229 914.995 916.916 948.260 915.377 961.895 943.487 953.392 974.369 924.020 867.105 877.869 853.085 847.728 880.905 832.328 817.183 805.781 758.544 724.791 710.087
-999.250 -999.250 -999.250 -999.250 -999.250 -999.250 -999.250 -999.250 -999.250 -999.250 -999.250 -999.250 -999.250 -999.250 -999.250 -999.250 -999.250 -999.250 -999.250 -999.250 -999.250 -999.250 -999.250 -999.250 -999.250 -999.250 -999.250 -999.250 -999.250 -999.250 429.947 478.780 514.420 510.575 580.921 578.975 670.206 762.138 853.468 845.165 870.233 858.968 923.307 933.135 939.913 939.336 918.511 935.866 918.480 955.116 931.399 927.134 869.888 821.996 838.374 878.475 845.931 833.713 816.153 817.724 773.996 745.665 680.734
-999.250 -999.250 -999.250 -999.250 -999.250 -999.250 -999.250 -999.250 -999.250 -999.250 -999.250 -999.250 -999.250 -999.250 -999.250 -999.250 -999.250 -999.250 -999.250 -999.250 -999.250 -999.250 -999.250 -999.250 -999.250 -999.250 -999.250 -999.250 -999.250 -999.250 394.691 461.224 496.835 538.252 556.864 604.734 767.754 818.792 845.718 888.942 922.804 926.618 954.418 963.422 946.883 936.709 926.118 933.844 930.159 943.512 915.217 882.887 868.406 864.100 836.528 868.911 853.405 830.820 817.766 799.608 803.228 755.635 754.640
-999.250 -999.250 -999.250 -999.250 -999.250 -999.250 -999.250 -999.250 -999.250 -999.250 -999.250 -999.250 -999.250 -999.250 -999.250 -999.250 -999.250 -999.250 -999.250 -999.250 -999.250 -999.250 -999.250 -999.250 -999.250 -999.250 -999.250 -999.250 -999.250 309.082 401.337 467.108 512.031 555.641 570.178 681.434 766.077 790.385 856.073 910.795 907.971 946.901 940.527 976.082 956.375 940.440 951.373 958.944 957.896 904.420 836.674 855.095 876.831 830.168 855.221 830.381 866.931 804.010 803.931 796.698 809.152 825.205 807.879
-999.250 -999.250 -999.250 -999.250 -999.250 -999.250 -999.250 -999.250 -999.250 -999.250 -999.250 -999.250 -999.250 -999.250 -999.250 -999.250 -999.250 -999.250 -999.250 -999.250 -999.250 -999.250 -999.250 -999.250 -999.250 -999.250 -999.250 -999.250 -999.250 296.858 388.435 436.541 493.531 540.016 574.994 666.753 775.577 833.793 896.142 914.119 976.965 1020.593 1023.850 1017.129 973.000 992.959 983.227 1010.928 972.189 918.403 871.862 892.366 867.661 845.483 833.317 840.409 888.342 808.756 805.891 805.267 788.695 833.628 804.461
-999.250 -999.250 -999.250 -999.250 -999.250 -999.250 -999.250 -999.250 -999.250 -999.250 -999.250 -999.250 -999.250 -999.250 -999.250 -999.250 -999.250 -999.250 -999.250 -999.250 -999.250 -999.250 -999.250 -999.250 -999.250 -999.250 -999.250 -999.250 206.759 237.430 275.494 360.704 453.609 534.410 580.950 703.136 776.959 871.268 954.285 983.434 1039.545 1110.039 1078.079 1045.417 1032.591 1005.750 1026.121 937.945 939.532 927.408 892.770 907.618 850.916 833.385 821.332 846.779 823.251 796.474 821.120 812.286 835.906 806.707 819.156
-999.250 -999.250 -999.250 -999.250 -999.250 -999.250 -999.250 -999.250 -999.250 -999.250 -999.250 -999.250 -999.250 -999.250 -999.250 -999.250 -999.250 -999.250 -999.250 -999.250 -999.250 -999.250 -999.250 -999.250 -999.250 -999.250 -999.250 -999.250 195.389 182.463 250.319 300.212 409.035 495.671 606.003 734.677 787.237 879.819 946.366 980.345 1095.036 1074.983 1088.169 1028.829 1006.842 1032.830 996.772 945.576 941.311 889.310 895.221 865.738 903.790 837.059 849.477 844.274 861.539 824.552 832.437 826.989 835.725 826.906 825.049
-999.250 -999.250 -999.250 -999.250 -999.250 -999.250 -999.250 -999.250 -999.250 -999.250 -999.250 -999.250 -999.250 -999.250 -999.250 -999.250 -999.250 -999.250 -999.250 -999.250 -999.250 -999.250 -999.250 -999.250 -999.250 -999.250 -999.250 145.224 212.858 146.516 136.866 217.216 400.557 505.818 556.514 687.585 820.470 863.565 943.472 1002.657 1122.710 1076.664 1061.392 1032.077 970.122 997.246 961.756 923.905 925.574 916.111 928.713 888.680 833.913 851.535 904.546 861.372 894.375 865.396 846.752 833.333 840.996 837.243 856.737
-999.250 -999.250 -999.250 -999.250 -999.250 -999.250 -999.250 -999.250 -999.250 -999.250 -999.250 -999.250 -999.250 -999.250 -999.250 -999.250 -999.250 -999.250 -999.250 -999.250 -999.250 -999.250 -999.250 -999.250 -999.250 -999.250 -999.250 144.762 159.157 142.217 125.134 208.641 367.327 472.402 525.384 715.175 803.660 850.253 914.364 967.029 1035.077 1032.019 979.949 984.035 947.417 940.478 932.752 880.997 860.386 896.016 898.227 850.433 872.540 877.950 852.128 905.388 844.360 884.591 870.101 885.871 914.875 847.952 907.288
-999.250 -999.250 -999.250 -999.250 -999.250 -999.250 -999.250 -999.250 -999.250 -999.250 -999.250 -999.250 -999.250 -999.250 -999.250 -999.250 -999.250 -999.250 -999.250 -999.250 -999.250 -999.250 -999.250 -999.250 -999.250 -999.250 -999.250 151.489 211.853 208.821 187.798 250.823 437.677 503.086 554.001 698.174 801.938 830.517 897.060 948.057 944.000 939.005 933.835 932.050 927.645 903.918 914.444 879.559 819.611 842.296 882.708 893.744 867.829 897.992 862.127 862.425 865.203 862.799 917.151 882.301 932.577 908.355 912.710
-999.250 -999.250 -999.250 -999.250 -999.250 -999.250 -999.250 -999.250 -999.250 -999.250 -999.250 -999.250 -999.250 -999.250 -999.250 -999.250 -999.250 -999.250 -999.250 -999.250 -999.250 -999.250 -999.250 -999.250 -999.250 -999.250 -999.250 200.538 231.392 276.090 272.549 371.057 468.973 479.995 600.233 700.776 767.374 810.139 854.865 846.737 904.786 900.343 880.808 889.167 862.750 870.361 887.662 859.246 821.486 826.186 863.297 840.057 903.986 889.088 894.980 886.820 930.858 910.821 917.246 947.343 983.087 978.554 991.873
-999.250 -999.250 -999.250 -999.250 -999.250 -999.250 -999.250 -999.250 -999.250 -999.250 -999.250 -999.250 -999.250 -999.250 -999.250 -999.250 -999.250 -999.250 -999.250 -999.250 -999.250 -999.250 -999.250 -999.250 -999.250 -999.250 -999.250 209.619 310.013 329.701 383.632 435.213 498.276 520.182 582.094 673.502 740.289 768.717 784.137 816.331 812.580 842.843 830.036 822.164 843.758 841.517 818.393 820.597 821.133 810.049 830.072 841.145 864.834 925.427 916.770 917.646 964.793 936.996 972.635 956.766 1030.649 1093.470 1071.104
-999.250 -999.250 -999.250 -999.250 -999.250 -999.250 -999.250 -999.250 -999.250 -999.250 -999.250 -999.250 -999.250 -999.250 -999.250 -999.250 -999.250 -999.250 -999.250 -999.250 -999.250 -999.250 -999.250 -999.250 -999.250 -999.250 -999.250 295.454 383.382 373.984 443.618 498.918 512.859 570.798 599.571 685.440 697.749 758.324 765.762 761.420 753.812 775.795 787.048 807.421 788.809 794.605 782.198 783.750 771.633 769.694 824.363 840.672 885.472 922.037 915.235 975.494 1031.976 1013.814 986.600 1059.023 1080.844 1062.942 1116.957
-999.250 -999.250 -999.250 -999.250 -999.250 -999.250 -999.250 -999.250 -999.250 -999.250 -999.250 -999.250 -999.250 -999.250 -999.250 -999.250 -999.250 -999.250 -999.250 -999.250 -999.250 -999.250 -999.250 -999.250 -999.250 -999.250 284.593 346.450 387.880 466.129 463.878 504.174 551.071 592.354 639.760 656.400 714.690 749.987 750.352 708.014 683.076 730.358 741.577 732.370 758.977 730.307 748.738 745.703 745.436 773.261 806.435 861.883 870.316 932.304 966.857 957.543 1067.680 1031.395 1064.472 1057.521 1117.027 1157.729 1175.964
-999.250 -999.250 -999.250 -999.250 -999.250 -999.250 -999.250 -999.250 -999.250 -999.250 -999.250 -999.250 -999.250 -999.250 -999.250 -999.250 -999.250 -999.250 -999.250 -999.250 -999.250 -999.250 -999.250 -999.250 -999.250 -999.250 334.006 403.819 416.761 481.847 480.851 512.850 591.178 636.146 701.674 752.622 766.815 741.538 719.732 651.588 672.114 621.614 656.094 678.627 714.892 702.960 680.375 690.710 735.600 747.109 798.574 875.706 883.149 925.240 950.952 992.314 1018.322 1092.350 1105.567 1144.337 1206.634 1209.410 1235.583
-999.250 -999.250 -999.250 -999.250 -999.250 -999.250 -999.250 -999.250 -999.250 -999.250 -999.250 -999.250 -999.250 -999.250 -999.250 -999.250 -999.250 -999.250 -999.250 -999.250 -999.250 -999.250 -999.250 -999.250 -999.250 265.453 310.624 414.448 457.863 480.163 516.590 556.457 641.656 699.150 750.694 754.644 743.931 734.666 704.286 642.532 625.793 576.753 605.469 599.350 646.972 629.934 607.878 642.352 717.865 754.150 781.795 836.275 900.514 935.945 950.941 959.862 1001.451 1116.615 1120.172 1204.275 1256.381 1269.954 1293.571
-999.250 -999.250 -999.250 -999.250 -999.250 -999.250 -999.250 -999.250 -999.250 -999.250 -999.250 -999.250 -999.250 -999.250 -999.250 -999.250 -999.250 -999.250 -999.250 -999.250 -999.250 -999.250 -999.250 -999.250 -999.250 336.453 344.766 435.597 454.890 526.814 531.174 603.453 688.554 732.359 780.496 788.577 779.853 747.888 705.547 661.373 658.307 585.101 603.997 563.266 579.626 555.154 569.823 607.985 642.293 715.534 782.403 817.224 866.373 889.277 927.746 963.981 1086.563 1106.588 1135.891 1202.784 1262.272 1324.535 1378.141
-999.250 -999.250 -999.250 -999.250 -999.250 -999.250 -999.250 -999.250 -999.250 -999.250 -999.250 -999.250 -999.250 -999.250 -999.250 -999.250 -999.250 -999.250 -999.250 -999.250 -999.250 -999.250 -999.250 -999.250 -999.250 334.246 376.646 448.830 471.781 536.321 549.214 647.925 721.459 777.071 812.709 819.371 774.345 766.505 713.097 697.778 708.155 608.263 575.361 565.600 542.397 518.849 534.813 553.322 617.968 733.571 761.884 830.286 849.944 916.932 950.929 996.376 1092.620 1144.814 1174.714 1247.812 1272.309 1383.465 1384.340
-999.250 -999.250 -999.250 -999.250 -999.250 -999.250 -999.250 -999.250 -999.250 -999.250 -999.250 -999.250 -999.250 -999.250 -999.250 -999.250 -999.250 -999.250 -999.250 -999.250 -999.250 -999.250 -999.250 -999.250 255.053 281.808 379.844 422.798 474.449 509.157 611.090 652.605 756.135 783.244 817.703 813.963 789.250 761.481 724.276 698.669 708.117 626.158 573.487 543.730 533.114 519.954 487.655 543.598 584.660 768.097 793.970 806.270 860.198 902.886 953.560 1019.545 1043.914 1104.284 1185.024 1309.608 1319.109 1407.216 1392.286
-999.250 -999.250 -999.250 -999.250 -999.250 -999.250 -999.250 -999.250 -999.250 -999.250 -999.250 -999.250 -999.250 -999.250 -999.250 -999.250 -999.250 -999.250 -999.250 -999.250 -999.250 -999.250 -999.250 -999.250 295.965 291.036 346.862 437.514 473.782 513.839 594.197 662.745 769.336 804.130 823.498 826.365 -999.250 -999.250 -999.250 -999.250 -999.250 -999.250 595.805 574.615 510.707 499.015 521.018 559.487 614.732 769.581 811.364 836.510 865.244 915.201 948.641 976.105 1042.428 1134.564 1184.596 1232.390 1313.451 1409.735 1438.406
