data/medianmodel_06-Jul-2020.asc
ncols	141
nrows	288
xllcorner	-120191.398
yllcorner	-301404.813
cellsize	2000.000
NODATA_value	-999.250
[rows 93 to 123 of 288, columns 0 to 68 of 141]
-999.250 -999.250 -999.250 -999.250 -999.250 -999.250 -999.250 -999.250 -999.250 -999.250 -999.250 -999.250 -999.250 -999.250 -999.250 -999.250 -999.250 -999.250 -999.250 -999.250 -999.250 -999.250 -999.250 -999.250 -999.250 -999.250 -999.250 -999.250 -999.250 -999.250 -999.250 0.000 0.000 0.000 0.000 1.024 7.694 15.834 21.963 33.771 38.830 40.577 44.726 35.986 30.113 19.375 11.006 5.120 0.000 0.000 0.000 0.000 0.000 0.000 0.000 0.000 0.000 0.000 0.000 0.000 0.000 0.000 0.000 0.000 0.000 0.000 0.000 0.000 0.000
-999.250 -999.250 -999.250 -999.250 -999.250 -999.250 -999.250 -999.250 -999.250 -999.250 -999.250 -999.250 -999.250 -999.250 -999.250 -999.250 -999.250 -999.250 -999.250 -999.250 -999.250 -999.250 -999.250 -999.250 -999.250 -999.250 -999.250 -999.250 -999.250 -999.250 -999.250 0.000 0.000 0.000 0.000 0.437 7.292 13.763 18.158 25.949 32.617 33.185 32.632 30.076 18.282 14.800 9.298 2.476 0.000 0.000 0.000 0.000 0.000 0.000 0.000 0.000 0.000 0.000 0.000 0.000 0.000 0.000 0.000 0.000 0.000 0.000 0.000 0.000 0.000
-999.250 -999.250 -999.250 -999.250 -999.250 -999.250 -999.250 -999.250 -999.250 -999.250 -999.250 -999.250 -999.250 -999.250 -999.250 -999.250 -999.250 -999.250 -999.250 -999.250 -999.250 -999.250 -999.250 -999.250 -999.250 -999.250 -999.250 -999.250 -999.250 -999.250 -999.250 0.000 0.000 0.000 0.000 0.000 4.697 9.787 16.256 18.780 18.473 18.607 21.409 17.509 16.545 13.559 6.761 1.372 0.000 0.000 0.000 0.000 0.000 0.000 0.000 0.000 0.000 0.000 0.000 0.000 0.000 0.000 0.000 0.000 0.000 0.000 0.000 0.000 0.000
-999.250 -999.250 -999.250 -999.250 -999.250 -999.250 -999.250 -999.250 -999.250 -999.250 -999.250 -999.250 -999.250 -999.250 -999.250 -999.250 -999.250 -999.250 -999.250 -999.250 -999.250 -999.250 -999.250 -999.250 -999.250 -999.250 -999.250 -999.250 -999.250 -999.250 0.000 0.000 0.000 0.000 0.000 0.000 2.486 7.669 12.832 13.619 17.140 16.948 18.051 14.197 12.426 11.590 8.428 3.521 0.000 0.000 0.000 0.000 0.000 0.000 0.000 0.000 0.000 0.000 0.000 0.000 0.000 0.000 0.000 0.000 0.000 0.000 0.000 0.000 0.000
-999.250 -999.250 -999.250 -999.250 -999.250 -999.250 -999.250 -999.250 -999.250 -999.250 -999.250 -999.250 -999.250 -999.250 -999.250 -999.250 -999.250 -999.250 -999.250 -999.250 -999.250 -999.250 -999.250 -999.250 -999.250 -999.250 -999.250 -999.250 -999.250 -999.250 0.000 0.000 0.000 0.000 0.000 0.000 1.909 6.190 9.917 11.869 14.317 14.621 13.931 13.261 11.303 11.894 15.065 6.329 0.328 0.000 0.000 0.000 0.000 0.000 0.000 0.000 0.000 0.000 0.000 0.000 0.000 0.000 0.000 0.000 0.000 0.000 0.000 0.000 0.000
-999.250 -999.250 -999.250 -999.250 -999.250 -999.250 -999.250 -999.250 -999.250 -999.250 -999.250 -999.250 -999.250 -999.250 -999.250 -999.250 -999.250 -999.250 -999.250 -999.250 -999.250 -999.250 -999.250 -999.250 -999.250 -999.250 -999.250 -999.250 -999.250 -999.250 0.000 0.000 0.000 0.000 0.000 0.000 0.000 4.846 6.742 8.972 11.446 11.829 10.346 10.036 9.005 9.068 9.222 5.553 0.268 0.000 0.000 0.000 0.000 0.000 0.000 0.000 0.000 0.000 0.000 0.000 0.000 0.000 0.000 0.000 0.000 0.000 0.000 0.000 0.000
-999.250 -999.250 -999.250 -999.250 -999.250 -999.250 -999.250 -999.250 -999.250 -999.250 -999.250 -999.250 -999.250 -999.250 -999.250 -999.250 -999.250 -999.250 -999.250 -999.250 -999.250 -999.250 -999.250 -999.250 -999.250 -999.250 -999.250 -999.250 -999.250 -999.250 0.000 0.000 0.000 0.000 0.000 0.000 0.000 1.878 5.521 8.669 14.281 10.869 9.906 8.026 7.547 7.305 6.470 2.852 1.053 0.000 0.000 0.000 0.000 0.000 0.000 0.000 0.000 0.000 0.000 0.000 0.000 0.000 0.000 0.000 0.000 0.000 0.000 0.000 0.000
-999.250 -999.250 -999.250 -999.250 -999.250 -999.250 -999.250 -999.250 -999.250 -999.250 -999.250 -999.250 -999.250 -999.250 -999.250 -999.250 -999.250 -999.250 -999.250 -999.250 -999.250 -999.250 -999.250 -999.250 -999.250 -999.250 -999.250 -999.250 -999.250 1.231 0.000 0.000 0.000 0.000 0.000 0.000 0.000 1.728 5.056 6.623 7.124 7.438 5.608 4.281 5.664 4.032 4.200 2.429 1.934 0.000 0.000 0.000 0.000 0.000 0.000 0.000 0.118 0.091 0.000 0.000 0.000 0.000 0.000 0.000 0.000 0.000 0.000 0.000 0.000
-999.250 -999.250 -999.250 -999.250 -999.250 -999.250 -999.250 -999.250 -999.250 -999.250 -999.250 -999.250 -999.250 -999.250 -999.250 -999.250 -999.250 -999.250 -999.250 -999.250 -999.250 -999.250 -999.250 -999.250 -999.250 -999.250 -999.250 -999.250 -999.250 0.000 0.000 0.000 0.000 0.000 0.000 0.000 0.000 0.000 0.207 3.232 3.812 3.629 1.985 0.835 2.074 2.142 2.390 2.370 0.498 1.654 0.987 2.081 0.514 2.060 2.202 3.902 4.066 2.295 1.514 0.311 0.000 0.000 0.000 0.000 0.000 0.000 0.000 0.000 0.000
-999.250 -999.250 -999.250 -999.250 -999.250 -999.250 -999.250 -999.250 -999.250 -999.250 -999.250 -999.250 -999.250 -999.250 -999.250 -999.250 -999.250 -999.250 -999.250 -999.250 -999.250 -999.250 -999.250 -999.250 -999.250 -999.250 -999.250 -999.250 -999.250 0.000 0.000 0.000 0.000 0.000 0.000 0.000 0.000 0.000 0.000 0.727 0.284 0.172 0.276 0.078 1.108 0.821 1.564 2.165 2.615 4.082 4.374 5.219 5.582 7.303 6.092 4.842 4.624 4.348 5.603 2.029 0.000 0.000 0.000 0.000 0.000 0.000 0.000 0.000 0.000
-999.250 -999.250 -999.250 -999.250 -999.250 -999.250 -999.250 -999.250 -999.250 -999.250 -999.250 -999.250 -999.250 -999.250 -999.250 -999.250 -999.250 -999.250 -999.250 -999.250 -999.250 -999.250 -999.250 -999.250 -999.250 -999.250 -999.250 -999.250 -999.250 0.000 0.000 0.000 0.000 0.000 0.000 0.000 0.000 0.000 0.000 0.000 0.000 0.000 0.000 0.000 0.000 2.214 1.008 4.038 5.112 5.178 6.940 7.131 7.638 10.088 10.247 8.648 8.086 7.391 7.221 3.362 1.626 0.775 0.000 0.000 0.000 0.000 0.000 0.000 0.039
-999.250 -999.250 -999.250 -999.250 -999.250 -999.250 -999.250 -999.250 -999.250 -999.250 -999.250 -999.250 -999.250 -999.250 -999.250 -999.250 -999.250 -999.250 -999.250 -999.250 -999.250 -999.250 -999.250 -999.250 -999.250 -999.250 -999.250 -999.250 0.064 0.000 0.000 0.000 0.000 0.000 0.000 0.000 0.000 0.000 0.000 0.000 0.000 0.000 0.000 0.000 0.000 2.113 4.115 4.520 5.015 6.397 7.878 9.393 10.380 12.472 15.009 13.877 12.220 9.925 8.484 6.157 3.396 3.451 1.827 0.913 2.664 0.861 1.088 1.779 2.473
-999.250 -999.250 -999.250 -999.250 -999.250 -999.250 -999.250 -999.250 -999.250 -999.250 -999.250 -999.250 -999.250 -999.250 -999.250 -999.250 -999.250 -999.250 -999.250 -999.250 -999.250 -999.250 -999.250 -999.250 -999.250 -999.250 -999.250 -999.250 0.000 0.000 0.000 0.000 0.000 0.000 0.000 0.000 0.000 0.000 0.000 0.000 0.000 0.000 0.000 0.000 0.963 3.492 7.454 6.768 5.488 8.235 10.916 11.524 16.694 17.474 20.908 18.653 14.859 14.985 10.828 8.022 5.498 4.906 3.456 3.997 4.736 1.996 2.172 4.263 4.630
-999.250 -999.250 -999.250 -999.250 -999.250 -999.250 -999.250 -999.250 -999.250 -999.250 -999.250 -999.250 -999.250 -999.250 -999.250 -999.250 -999.250 -999.250 -999.250 -999.250 -999.250 -999.250 -999.250 -999.250 -999.250 -999.250 -999.250 0.000 0.000 0.000 0.000 0.000 0.000 0.000 0.000 0.000 0.000 0.000 0.000 0.000 0.000 0.000 0.000 0.000 1.004 4.967 6.784 6.869 8.435 9.543 12.327 15.058 19.953 23.668 30.454 23.733 19.037 14.748 11.114 7.623 5.168 3.877 4.303 6.222 5.214 4.247 4.924 4.421 5.690
-999.250 -999.250 -999.250 -999.250 -999.250 -999.250 -999.250 -999.250 -999.250 -999.250 -999.250 -999.250 -999.250 -999.250 -999.250 -999.250 -999.250 -999.250 -999.250 -999.250 -999.250 -999.250 -999.250 -999.250 -999.250 -999.250 -999.250 0.192 0.000 0.000 0.000 0.000 0.000 0.000 0.000 0.000 0.000 0.000 0.000 0.000 0.000 0.000 0.000 0.000 0.189 3.933 5.156 8.037 9.015 9.882 15.624 18.419 20.136 33.779 43.234 33.749 19.806 13.543 11.194 8.376 4.224 4.270 5.927 9.079 7.273 8.398 5.990 9.376 9.335
-999.250 -999.250 -999.250 -999.250 -999.250 -999.250 -999.250 -999.250 -999.250 -999.250 -999.250 -999.250 -999.250 -999.250 -999.250 -999.250 -999.250 -999.250 -999.250 -999.250 -999.250 -999.250 -999.250 -999.250 -999.250 -999.250 -999.250 0.000 0.000 0.000 0.000 0.000 0.000 0.000 0.000 0.000 0.000 0.000 0.000 0.000 0.000 0.000 0.000 0.000 0.276 0.890 4.199 5.105 7.530 10.382 13.561 17.306 18.770 27.828 27.015 23.442 18.564 13.627 9.564 6.838 3.940 4.778 5.997 7.603 7.949 8.729 8.148 9.818 12.629
-999.250 -999.250 -999.250 -999.250 -999.250 -999.250 -999.250 -999.250 -999.250 -999.250 -999.250 -999.250 -999.250 -999.250 -999.250 -999.250 -999.250 -999.250 -999.250 -999.250 -999.250 -999.250 -999.250 -999.250 -999.250 -999.250 -999.250 0.000 0.744 0.000 1.702 0.000 0.000 0.000 0.000 0.000 0.000 0.000 0.000 0.000 0.000 0.000 0.000 0.000 0.000 0.000 0.256 4.011 6.132 9.721 11.769 13.272 13.938 16.680 19.071 17.277 16.148 10.561 5.991 4.113 1.645 2.094 5.304 6.583 7.386 8.733 12.022 11.865 15.768
-999.250 -999.250 -999.250 -999.250 -999.250 -999.250 -999.250 -999.250 -999.250 -999.250 -999.250 -999.250 -999.250 -999.250 -999.250 -999.250 -999.250 -999.250 -999.250 -999.250 -999.250 -999.250 -999.250 -999.250 -999.250 -999.250 -999.250 -999.250 0.000 0.000 0.000 0.000 0.000 0.000 0.000 0.000 0.000 0.000 0.000 0.000 0.000 0.000 0.000 0.000 0.000 0.000 0.000 2.476 5.888 8.301 9.251 12.392 13.277 12.287 14.316 12.097 10.245 7.875 4.640 0.930 0.000 0.000 2.222 4.719 6.956 11.945 13.998 19.131 20.421
-999.250 -999.250 -999.250 -999.250 -999.250 -999.250 -999.250 -999.250 -999.250 -999.250 -999.250 -999.250 -999.250 -999.250 -999.250 -999.250 -999.250 -999.250 -999.250 -999.250 -999.250 -999.250 -999.250 -999.250 -999.250 -999.250 -999.250 -999.250 0.000 0.000 0.000 0.000 0.000 0.000 0.000 0.000 0.000 0.000 0.000 0.000 0.000 0.000 0.314 0.000 0.000 0.000 0.000 0.000 3.328 4.170 7.606 9.447 11.489 8.945 8.909 7.671 5.706 3.653 0.389 0.000 0.000 0.000 2.829 5.706 9.426 14.356 20.512 21.251 30.577
-999.250 -999.250 -999.250 -999.250 -999.250 -999.250 -999.250 -999.250 -999.250 -999.250 -999.250 -999.250 -999.250 -999.250 -999.250 -999.250 -999.250 -999.250 -999.250 -999.250 -999.250 -999.250 -999.250 -999.250 -999.250 -999.250 -999.250 -999.250 0.000 0.000 0.000 0.000 0.000 0.000 0.000 0.000 0.000 0.000 0.000 0.000 0.000 0.086 0.000 0.000 0.000 0.000 0.000 0.000 0.000 2.525 5.327 8.002 7.930 7.193 6.282 5.828 3.657 0.960 0.000 0.000 0.000 0.000 3.303 7.217 12.368 18.474 22.979 34.090 35.142
-999.250 -999.250 -999.250 -999.250 -999.250 -999.250 -999.250 -999.250 -999.250 -999.250 -999.250 -999.250 -999.250 -999.250 -999.250 -999.250 -999.250 -999.250 -999.250 -999.250 -999.250 -999.250 -999.250 -999.250 -999.250 -999.250 -999.250 -999.250 0.178 0.000 0.000 0.000 0.000 0.000 0.000 0.000 1.356 0.670 0.000 0.797 0.969 0.232 0.000 0.000 0.000 0.000 0.000 0.000 0.000 0.000 3.242 7.869 6.271 6.191 4.070 2.706 0.000 0.000 0.000 0.000 0.000 0.000 3.974 9.647 13.556 16.092 24.058 36.176 41.372
-999.250 -999.250 -999.250 -999.250 -999.250 -999.250 -999.250 -999.250 -999.250 -999.250 -999.250 -999.250 -999.250 -999.250 -999.250 -999.250 -999.250 -999.250 -999.250 -999.250 -999.250 -999.250 -999.250 -999.250 -999.250 -999.250 -999.250 -999.250 0.599 0.000 0.000 0.007 0.000 0.000 0.000 0.593 2.177 0.976 3.063 3.491 3.842 1.945 0.000 0.000 0.000 0.000 0.000 0.000 0.000 0.000 2.366 4.832 6.555 4.917 4.069 0.000 0.000 0.000 0.000 0.000 0.000 0.000 2.398 6.387 14.679 21.934 27.370 38.048 43.566
-999.250 -999.250 -999.250 -999.250 -999.250 -999.250 -999.250 -999.250 -999.250 -999.250 -999.250 -999.250 -999.250 -999.250 -999.250 -999.250 -999.250 -999.250 -999.250 -999.250 -999.250 -999.250 -999.250 -999.250 -999.250 -999.250 -999.250 1.206 1.296 0.034 0.445 0.100 1.016 0.000 0.791 2.618 1.695 2.794 3.297 5.841 3.622 0.000 0.000 0.000 0.000 0.000 0.000 0.000 0.000 0.000 1.308 5.090 8.050 10.431 8.596 2.836 0.000 0.000 0.000 0.000 0.000 0.000 0.125 6.874 15.172 22.541 36.250 40.680 46.577
-999.250 -999.250 -999.250 -999.250 -999.250 -999.250 -999.250 -999.250 -999.250 -999.250 -999.250 -999.250 -999.250 -999.250 -999.250 -999.250 -999.250 -999.250 -999.250 -999.250 -999.250 -999.250 -999.250 -999.250 -999.250 -999.250 -999.250 3.785 3.297 3.502 2.068 0.352 0.000 1.439 1.363 2.032 2.099 1.313 3.146 3.821 1.988 0.000 0.000 0.000 0.000 0.000 0.000 0.000 0.000 0.000 2.350 10.372 13.652 15.678 14.782 8.406 2.028 0.000 0.000 0.000 0.000 0.000 0.091 6.976 13.784 21.943 39.117 44.317 47.270
-999.250 -999.250 -999.250 -999.250 -999.250 -999.250 -999.250 -999.250 -999.250 -999.250 -999.250 -999.250 -999.250 -999.250 -999.250 -999.250 -999.250 -999.250 -999.250 -999.250 -999.250 -999.250 -999.250 -999.250 -999.250 -999.250 -999.250 2.714 4.851 3.156 3.975 3.356 4.205 4.246 5.145 5.185 2.841 2.527 4.475 3.475 0.671 0.000 0.000 0.000 0.000 0.000 0.000 0.000 0.000 0.000 8.002 12.584 19.818 25.884 20.556 14.161 6.290 0.000 0.000 0.000 0.000 0.000 0.028 6.736 13.128 18.600 28.722 35.868 39.137
-999.250 -999.250 -999.250 -999.250 -999.250 -999.250 -999.250 -999.250 -999.250 -999.250 -999.250 -999.250 -999.250 -999.250 -999.250 -999.250 -999.250 -999.250 -999.250 -999.250 -999.250 -999.250 -999.250 -999.250 -999.250 -999.250 3.449 3.376 3.392 4.269 2.766 3.262 3.117 4.782 5.657 6.385 5.807 4.545 4.792 2.257 1.063 0.000 0.000 0.000 0.000 0.000 0.000 0.000 0.000 5.986 15.630 21.552 30.891 36.215 34.506 19.681 10.992 1.697 0.000 0.000 0.000 0.000 0.000 5.030 12.733 15.192 24.165 29.697 33.827
-999.250 -999.250 -999.250 -999.250 -999.250 -999.250 -999.250 -999.250 -999.250 -999.250 -999.250 -999.250 -999.250 -999.250 -999.250 -999.250 -999.250 -999.250 -999.250 -999.250 -999.250 -999.250 -999.250 -999.250 -999.250 -999.250 6.060 5.529 5.513 5.123 4.256 4.140 5.550 6.762 7.000 7.545 8.499 6.943 5.882 5.164 3.300 0.000 0.000 0.000 0.000 0.000 0.000 0.000 4.876 16.716 24.844 38.974 43.710 58.065 54.968 32.537 14.903 4.514 0.000 0.000 0.000 0.000 0.000 1.577 6.786 15.867 20.916 27.494 32.667
-999.250 -999.250 -999.250 -999.250 -999.250 -999.250 -999.250 -999.250 -999.250 -999.250 -999.250 -999.250 -999.250 -999.250 -999.250 -999.250 -999.250 -999.250 -999.250 -999.250 -999.250 -999.250 -999.250 -999.250 -999.250 -999.250 5.045 6.658 5.836 7.174 7.464 7.427 7.271 10.358 8.896 9.061 9.030 9.128 8.084 5.547 2.376 0.000 0.000 0.000 0.000 0.000 0.000 0.788 12.283 23.658 39.591 53.733 72.327 73.836 63.410 44.813 21.868 9.879 0.000 0.000 0.000 0.000 0.000 0.068 5.887 12.186 17.226 29.758 35.454
-999.250 -999.250 -999.250 -999.250 -999.250 -999.250 -999.250 -999.250 -999.250 -999.250 -999.250 -999.250 -999.250 -999.250 -999.250 -999.250 -999.250 -999.250 -999.250 -999.250 -999.250 -999.250 -999.250 -999.250 -999.250 5.877 6.471 7.595 5.907 7.367 6.513 7.980 8.452 10.066 11.445 11.183 10.470 10.909 9.821 7.161 4.272 0.000 0.000 0.000 0.000 0.000 0.000 0.129 14.781 35.750 66.688 78.447 99.915 105.969 85.887 67.903 37.078 17.022 0.000 0.000 0.000 0.000 0.000 0.000 3.873 7.152 15.698 21.561 31.094
-999.250 -999.250 -999.250 -999.250 -999.250 -999.250 -999.250 -999.250 -999.250 -999.250 -999.250 -999.250 -999.250 -999.250 -999.250 -999.250 -999.250 -999.250 -999.250 -999.250 -999.250 -999.250 -999.250 -999.250 -999.250 8.972 5.998 5.682 8.669 8.712 8.782 8.306 7.525 10.197 11.037 12.464 11.295 13.803 13.422 7.863 5.111 0.000 0.000 0.000 0.000 0.000 0.000 0.000 17.300 46.657 76.009 97.995 120.321 131.045 116.441 93.563 70.536 35.183 13.226 1.859 0.000 0.000 0.000 0.000 0.000 5.521 11.246 16.663 19.983
-999.250 -999.250 -999.250 -999.250 -999.250 -999.250 -999.250 -999.250 -999.250 -999.250 -999.250 -999.250 -999.250 -999.250 -999.250 -999.250 -999.250 -999.250 -999.250 -999.250 -999.250 -999.250 -999.250 -999.250 -999.250 8.299 8.390 8.183 10.507 10.784 10.586 11.498 10.232 11.423 10.150 12.837 14.684 15.764 19.432 11.725 5.583 0.000 0.000 0.000 0.000 0.000 0.000 7.188 24.167 47.652 82.900 123.075 134.308 145.803 138.635 121.971 92.525 44.350 25.002 11.527 2.389 0.000 0.000 0.000 0.000 4.317 9.366 11.747 19.224
