data/medianmodel_21-Jan-2021.asc
ncols	141
nrows	288
xllcorner	-120191.398
yllcorner	-301404.813
cellsize	2000.000
NODATA_value	-999.250
[rows 112 to 139 of 288, columns 0 to 62 of 141]
-999.250 -999.250 -999.250 -999.250 -999.250 -999.250 -999.250 -999.250 -999.250 -999.250 -999.250 -999.250 -999.250 -999.250 -999.250 -999.250 -999.250 -999.250 -999.250 -999.250 -999.250 -999.250 -999.250 -999.250 -999.250 -999.250 -999.250 -999.250 898.525 892.068 891.085 836.140 860.605 837.563 891.791 916.855 916.715 947.529 1000.458 1027.138 1138.204 1237.117 1272.824 1376.221 1546.069 1568.936 1619.020 1688.925 1777.113 1799.472 1869.820 1893.155 1830.849 1636.394 1413.910 1235.575 1638.607 1882.295 2309.605 2775.729 3231.305 3297.361 3189.217
-999.250 -999.250 -999.250 -999.250 -999.250 -999.250 -999.250 -999.250 -999.250 -999.250 -999.250 -999.250 -999.250 -999.250 -999.250 -999.250 -999.250 -999.250 -999.250 -999.250 -999.250 -999.250 -999.250 -999.250 -999.250 -999.250 -999.250 -999.250 870.261 897.050 871.216 844.721 872.594 868.162 880.979 882.623 904.582 947.428 970.514 1027.874 1110.685 1215.323 1310.343 1382.642 1425.998 1533.863 1591.814 1661.306 1634.158 1747.451 1848.120 1935.789 1735.047 1481.846 1309.071 1225.809 1385.761 1724.474 1965.894 2488.836 2850.997 2922.966 2985.468
-999.250 -999.250 -999.250 -999.250 -999.250 -999.250 -999.250 -999.250 -999.250 -999.250 -999.250 -999.250 -999.250 -999.250 -999.250 -999.250 -999.250 -999.250 -999.250 -999.250 -999.250 -999.250 -999.250 -999.250 -999.250 -999.250 -999.250 -999.250 864.278 886.153 908.098 887.566 885.528 881.739 923.630 917.661 974.216 960.073 996.746 1021.271 1125.120 1171.875 1281.787 1374.272 1433.106 1487.058 1526.534 1580.025 1608.098 1587.598 1653.247 1640.930 1542.033 1328.023 1192.766 1122.384 1247.871 1474.292 1761.678 2145.332 2514.266 2745.215 2812.493
-999.250 -999.250 -999.250 -999.250 -999.250 -999.250 -999.250 -999.250 -999.250 -999.250 -999.250 -999.250 -999.250 -999.250 -999.250 -999.250 -999.250 -999.250 -999.250 -999.250 -999.250 -999.250 -999.250 -999.250 -999.250 -999.250 -999.250 880.627 858.047 882.333 920.683 918.753 914.182 938.962 933.788 952.470 978.093 985.670 999.413 1016.355 1131.044 1240.594 1301.443 1373.236 1426.016 1465.797 1507.601 1446.801 1398.855 1408.253 1435.625 1448.640 1313.731 1227.007 1058.404 999.980 1090.964 1200.877 1500.065 1790.125 2064.050 2368.881 2628.819
-999.250 -999.250 -999.250 -999.250 -999.250 -999.250 -999.250 -999.250 -999.250 -999.250 -999.250 -999.250 -999.250 -999.250 -999.250 -999.250 -999.250 -999.250 -999.250 -999.250 -999.250 -999.250 -999.250 -999.250 -999.250 -999.250 -999.250 903.355 873.084 894.803 872.133 867.482 880.495 971.848 966.585 974.018 995.958 1034.732 1124.870 1124.359 1189.148 1296.313 1365.803 1448.911 1528.273 1510.679 1559.637 1495.130 1332.029 1245.926 1282.282 1292.602 1213.321 1097.855 998.050 925.166 892.492 956.271 1236.552 1600.482 1807.183 2020.906 2289.982
-999.250 -999.250 -999.250 -999.250 -999.250 -999.250 -999.250 -999.250 -999.250 -999.250 -999.250 -999.250 -999.250 -999.250 -999.250 -999.250 -999.250 -999.250 -999.250 -999.250 -999.250 -999.250 -999.250 -999.250 -999.250 -999.250 -999.250 935.113 900.006 904.497 910.292 889.577 925.197 983.032 994.186 1092.700 1133.031 1151.073 1181.761 1257.708 1315.000 1376.059 1441.611 1514.128 1568.998 1576.793 1587.853 1475.574 1286.118 1130.258 1201.328 1185.449 1115.577 1028.867 926.354 872.111 719.656 688.600 1039.244 1383.297 1681.785 1853.467 1928.047
-999.250 -999.250 -999.250 -999.250 -999.250 -999.250 -999.250 -999.250 -999.250 -999.250 -999.250 -999.250 -999.250 -999.250 -999.250 -999.250 -999.250 -999.250 -999.250 -999.250 -999.250 -999.250 -999.250 -999.250 -999.250 -999.250 926.184 933.043 908.076 904.187 933.204 951.412 970.798 1040.857 1050.343 1195.776 1190.727 1264.210 1338.104 1357.377 1485.198 1536.360 1596.074 1593.758 1664.936 1687.024 1642.637 1571.049 1434.332 1306.623 1261.019 1213.163 1131.233 1054.086 935.567 855.829 797.324 844.446 1036.825 1337.399 1565.062 1769.931 1838.537
-999.250 -999.250 -999.250 -999.250 -999.250 -999.250 -999.250 -999.250 -999.250 -999.250 -999.250 -999.250 -999.250 -999.250 -999.250 -999.250 -999.250 -999.250 -999.250 -999.250 -999.250 -999.250 -999.250 -999.250 -999.250 -999.250 910.423 930.006 931.130 959.471 942.277 922.970 990.334 1101.658 1169.183 1209.772 1292.773 1343.015 1476.028 1544.586 1574.262 1648.592 1725.872 1789.592 1757.350 1818.702 1831.577 1744.443 1618.137 1517.470 1393.120 1325.805 1243.552 1183.335 1024.130 932.796 931.024 978.975 1119.077 1306.033 1470.647 1627.992 1776.313
-999.250 -999.250 -999.250 -999.250 -999.250 -999.250 -999.250 -999.250 -999.250 -999.250 -999.250 -999.250 -999.250 -999.250 -999.250 -999.250 -999.250 -999.250 -999.250 -999.250 -999.250 -999.250 -999.250 -999.250 -999.250 -999.250 898.471 913.457 956.172 981.668 957.048 943.956 1042.179 1154.571 1213.161 1329.047 1380.723 1433.883 1577.623 1612.907 1697.278 1689.435 1761.510 1815.395 1855.635 2035.907 2109.877 1997.978 1825.474 1708.234 1601.008 1531.674 1335.896 1273.327 1200.588 1039.289 1087.162 1123.815 1224.737 1341.803 1449.210 1597.334 1731.702
-999.250 -999.250 -999.250 -999.250 -999.250 -999.250 -999.250 -999.250 -999.250 -999.250 -999.250 -999.250 -999.250 -999.250 -999.250 -999.250 -999.250 -999.250 -999.250 -999.250 -999.250 -999.250 -999.250 -999.250 -999.250 946.315 903.673 901.862 926.391 988.435 989.686 1016.210 1177.794 1235.316 1313.860 1390.984 1396.543 1540.113 1626.726 1651.553 1736.731 1817.669 1794.170 1884.377 2023.891 2310.186 2348.231 2360.548 2155.796 1895.125 1775.000 1597.798 1535.680 1379.738 1281.088 1244.625 1250.519 1283.768 1348.974 1409.103 1462.121 1470.999 1583.787
-999.250 -999.250 -999.250 -999.250 -999.250 -999.250 -999.250 -999.250 -999.250 -999.250 -999.250 -999.250 -999.250 -999.250 -999.250 -999.250 -999.250 -999.250 -999.250 -999.250 -999.250 -999.250 -999.250 -999.250 -999.250 881.245 943.028 976.358 963.549 999.362 1022.630 1098.595 1178.703 1234.014 1334.202 1435.128 1471.029 1605.186 1681.455 1755.665 1798.024 1842.079 1896.815 2096.585 2218.602 2328.866 2547.033 2641.415 2348.744 2197.481 1872.023 1793.963 1656.119 1590.464 1437.386 1403.186 1355.932 1393.301 1428.862 1472.638 1465.066 1507.945 1560.009
-999.250 -999.250 -999.250 -999.250 -999.250 -999.250 -999.250 -999.250 -999.250 -999.250 -999.250 -999.250 -999.250 -999.250 -999.250 -999.250 -999.250 -999.250 -999.250 -999.250 -999.250 -999.250 -999.250 -999.250 -999.250 949.242 952.403 940.507 974.834 1047.457 1073.976 1125.690 1206.239 1258.882 1330.232 1452.189 1608.693 1650.675 1750.841 1787.940 1794.021 1894.755 1944.361 2072.509 2204.510 2429.093 2545.744 2586.456 2436.753 2216.847 1946.925 1809.548 1767.154 1671.533 1584.646 1584.427 1512.879 1482.070 1468.190 1540.347 1498.771 1501.738 1471.446
-999.250 -999.250 -999.250 -999.250 -999.250 -999.250 -999.250 -999.250 -999.250 -999.250 -999.250 -999.250 -999.250 -999.250 -999.250 -999.250 -999.250 -999.250 -999.250 -999.250 -999.250 -999.250 -999.250 -999.250 870.999 898.329 928.945 930.141 969.586 1042.631 1073.892 1207.429 1221.969 1299.965 1381.420 1456.754 1580.980 1639.900 1763.735 1772.020 1841.974 1948.056 1936.656 2024.276 2158.446 2320.894 2392.217 2437.936 2275.424 2192.357 2046.097 1836.508 1773.086 1762.529 1708.633 1681.514 1636.072 1598.973 1549.161 1565.843 1566.567 1516.102 1444.348
-999.250 -999.250 -999.250 -999.250 -999.250 -999.250 -999.250 -999.250 -999.250 -999.250 -999.250 -999.250 -999.250 -999.250 -999.250 -999.250 -999.250 -999.250 -999.250 -999.250 -999.250 -999.250 -999.250 -999.250 877.560 907.784 942.919 932.485 1055.495 1038.069 1079.883 1187.752 1245.530 1283.446 1389.159 1480.401 1515.641 1651.244 1728.681 1789.054 1807.163 1903.877 1897.208 2055.934 2148.936 2277.422 2347.884 2381.761 2147.925 2104.277 1994.844 1840.010 1799.445 1828.516 1867.816 1788.443 1759.519 1689.577 1657.946 1631.715 1591.327 1491.406 1452.069
-999.250 -999.250 -999.250 -999.250 -999.250 -999.250 -999.250 -999.250 -999.250 -999.250 -999.250 -999.250 -999.250 -999.250 -999.250 -999.250 -999.250 -999.250 -999.250 -999.250 -999.250 -999.250 -999.250 797.125 825.641 882.109 919.038 984.262 1078.941 1104.772 1131.727 1194.784 1230.843 1295.596 1426.719 1420.867 1565.658 1614.506 1677.301 1781.307 1760.877 1827.597 1885.468 2043.254 2147.888 2276.669 2246.704 2198.828 2125.789 2115.264 1964.908 2008.084 1928.299 1901.515 1876.381 1845.346 1789.284 1754.836 1694.527 1617.172 1570.805 1480.098 1400.657
-999.250 -999.250 -999.250 -999.250 -999.250 -999.250 -999.250 -999.250 -999.250 -999.250 -999.250 -999.250 -999.250 -999.250 -999.250 -999.250 -999.250 -999.250 -999.250 -999.250 -999.250 -999.250 -999.250 863.006 865.005 847.924 911.769 978.066 1052.483 1077.509 1108.510 1212.553 1237.971 1319.484 1411.146 1469.012 1492.543 1628.471 1702.741 1775.268 1807.222 1975.415 1936.513 2045.085 2152.808 2279.312 2178.777 2156.080 2034.896 1993.894 2033.145 2054.856 2069.475 2004.213 1915.718 1894.054 1841.047 1815.649 1707.738 1587.744 1550.843 1504.352 1390.002
-999.250 -999.250 -999.250 -999.250 -999.250 -999.250 -999.250 -999.250 -999.250 -999.250 -999.250 -999.250 -999.250 -999.250 -999.250 -999.250 -999.250 -999.250 -999.250 -999.250 -999.250 -999.250 -999.250 845.717 850.444 869.689 935.325 974.934 1043.552 1087.404 1126.342 1200.754 1224.852 1297.809 1386.166 1454.616 1619.300 1636.410 1678.581 1776.342 1842.389 1894.140 1902.349 2044.458 2201.909 2215.436 2121.272 2046.799 1940.276 1980.851 2133.888 2239.265 2198.002 2119.122 2106.346 1975.423 1858.934 1786.391 1705.205 1599.355 1507.930 1466.058 1433.765
-999.250 -999.250 -999.250 -999.250 -999.250 -999.250 -999.250 -999.250 -999.250 -999.250 -999.250 -999.250 -999.250 -999.250 -999.250 -999.250 -999.250 -999.250 -999.250 -999.250 -999.250 -999.250 833.647 848.089 822.135 889.203 952.900 971.866 1031.824 1116.512 1170.668 1239.463 1242.651 1343.713 1443.557 1467.774 1547.130 1685.592 1683.175 1777.026 1851.123 1879.092 1953.711 2183.382 2148.309 2116.032 2211.239 2061.717 2102.387 2126.685 2268.206 2272.120 2301.601 2321.630 2237.468 2035.444 1856.148 1747.327 1677.674 1509.895 1437.189 1394.583 1344.236
-999.250 -999.250 -999.250 -999.250 -999.250 -999.250 -999.250 -999.250 -999.250 -999.250 -999.250 -999.250 -999.250 -999.250 -999.250 -999.250 -999.250 -999.250 -999.250 -999.250 -999.250 -999.250 877.963 888.242 887.340 927.388 949.017 1023.992 1058.582 1138.874 1198.448 1274.387 1317.204 1394.021 1456.040 1548.717 1564.213 1617.022 1623.603 1763.697 1832.804 1879.470 1928.342 2124.592 2173.372 2087.282 2141.822 2193.389 2238.078 2298.994 2380.197 2389.222 2347.941 2296.497 2146.395 2007.178 1833.568 1751.743 1626.689 1497.826 1401.083 1327.997 1250.150
-999.250 -999.250 -999.250 -999.250 -999.250 -999.250 -999.250 -999.250 -999.250 -999.250 -999.250 -999.250 -999.250 -999.250 -999.250 -999.250 -999.250 -999.250 -999.250 -999.250 -999.250 899.610 923.405 915.948 885.530 955.799 987.547 1049.227 1086.528 1161.642 1198.241 1268.370 1386.552 1420.570 1493.330 1527.648 1592.696 1647.748 1611.832 1760.835 1784.474 1811.076 1954.309 1977.553 2047.533 2126.906 2212.607 2207.879 2316.389 2482.192 2594.595 2563.679 2500.913 2413.603 2307.944 2064.863 1810.434 1729.242 1553.832 1440.849 1348.771 1265.188 1116.194
-999.250 -999.250 -999.250 -999.250 -999.250 -999.250 -999.250 -999.250 -999.250 -999.250 -999.250 -999.250 -999.250 -999.250 -999.250 -999.250 -999.250 -999.250 -999.250 -999.250 -999.250 932.263 978.474 947.417 960.376 980.392 1008.638 1112.095 1160.028 1218.325 1253.548 1330.423 1357.649 1432.341 1502.751 1564.341 1587.160 1564.054 1615.996 1735.069 1789.914 1836.044 1836.744 1992.726 2050.911 2347.402 2359.726 2280.943 2389.666 2561.527 2690.200 2653.935 2724.531 2488.450 2343.238 2045.571 1862.729 1695.210 1519.174 1359.352 1220.519 1183.045 1013.780
-999.250 -999.250 -999.250 -999.250 -999.250 -999.250 -999.250 -999.250 -999.250 -999.250 -999.250 -999.250 -999.250 -999.250 -999.250 -999.250 -999.250 -999.250 -999.250 -999.250 -999.250 967.332 984.157 1008.216 1001.570 1035.960 1074.496 1123.957 1201.893 1223.329 1284.734 1349.725 1437.534 1453.665 1472.023 1528.494 1544.213 1607.750 1666.895 1715.031 1782.087 1799.626 1879.823 1986.240 2126.501 2268.811 2330.629 2463.074 2519.555 2742.038 2824.248 2872.574 2775.791 2589.968 2315.649 2108.586 1795.738 1607.965 1444.933 1274.136 1164.017 1094.870 1022.731
-999.250 -999.250 -999.250 -999.250 -999.250 -999.250 -999.250 -999.250 -999.250 -999.250 -999.250 -999.250 -999.250 -999.250 -999.250 -999.250 -999.250 -999.250 -999.250 -999.250 999.553 1024.183 1027.628 1034.610 1087.407 1062.020 1174.667 1184.786 1235.270 1234.192 1298.412 1366.424 1415.807 1450.569 1514.168 1515.648 1583.512 1577.459 1675.428 1728.764 1777.931 1886.339 1906.701 2006.843 2069.439 2219.385 2308.734 2440.418 2532.953 2719.513 2813.941 2928.971 3002.890 2622.176 2347.121 2054.212 1787.670 1515.291 1255.919 1144.088 1063.706 994.214 926.357
-999.250 -999.250 -999.250 -999.250 -999.250 -999.250 -999.250 -999.250 -999.250 -999.250 -999.250 -999.250 -999.250 -999.250 -999.250 -999.250 -999.250 -999.250 -999.250 -999.250 1085.290 1081.698 1048.509 1117.249 1144.563 1153.885 1196.972 1239.792 1253.956 1246.390 1296.054 1341.161 1381.189 1455.325 1519.663 1555.086 1586.591 1614.898 1692.017 1691.272 1769.416 1787.834 1890.736 2033.173 2196.913 2223.415 2322.646 2411.935 2591.600 2603.048 2782.628 2880.690 2766.991 2536.105 2156.500 1894.131 1670.026 1390.576 1190.299 982.269 940.301 879.957 876.572
-999.250 -999.250 -999.250 -999.250 -999.250 -999.250 -999.250 -999.250 -999.250 -999.250 -999.250 -999.250 -999.250 -999.250 -999.250 -999.250 -999.250 -999.250 -999.250 -999.250 1116.344 1152.585 1087.874 1147.958 1193.373 1195.358 1264.175 1284.430 1286.028 1301.596 1327.267 1357.849 1402.659 1485.169 1517.069 1561.671 1593.262 1631.512 1643.472 1696.543 1767.269 1776.687 1928.077 2062.972 2111.187 2213.509 2296.117 2397.418 2584.342 2648.674 2728.716 2581.431 2531.437 2390.090 2042.453 1836.635 1506.683 1324.943 1045.915 844.197 817.286 826.597 847.200
-999.250 -999.250 -999.250 -999.250 -999.250 -999.250 -999.250 -999.250 -999.250 -999.250 -999.250 -999.250 -999.250 -999.250 -999.250 -999.250 -999.250 -999.250 -999.250 -999.250 1150.031 1192.285 1174.615 1194.485 1229.852 1260.292 1292.563 1346.731 1326.503 1333.792 1390.716 1420.408 1455.222 1483.869 1523.700 1558.590 1651.925 1617.944 1673.888 1737.857 1782.309 1821.865 1912.893 1986.543 2070.894 2178.100 2372.678 2471.050 2533.628 2490.120 2549.192 2471.673 2365.616 2214.104 1904.047 1674.497 1427.027 1199.484 932.622 662.052 737.841 828.764 936.272
-999.250 -999.250 -999.250 -999.250 -999.250 -999.250 -999.250 -999.250 -999.250 -999.250 -999.250 -999.250 -999.250 -999.250 -999.250 -999.250 -999.250 -999.250 -999.250 1174.482 1182.387 1234.418 1221.384 1259.658 1287.798 1281.355 1325.520 1369.126 1377.153 1414.969 1438.590 1471.450 1485.221 1508.783 1555.287 1596.500 1653.212 1634.378 1692.965 1753.148 1767.524 1834.919 1903.266 1941.697 2098.231 2163.152 2320.930 2323.563 2382.975 2366.855 2340.773 2311.798 2167.581 2050.762 1785.688 1603.046 1375.026 1145.909 944.726 782.462 806.051 878.357 988.705
-999.250 -999.250 -999.250 -999.250 -999.250 -999.250 -999.250 -999.250 -999.250 -999.250 -999.250 -999.250 -999.250 -999.250 -999.250 -999.250 -999.250 -999.250 -999.250 1256.521 1248.640 1264.735 1278.254 1322.494 1323.160 1337.064 1376.004 1385.984 1433.837 1519.229 1563.815 1523.426 1486.075 1576.115 1597.055 1605.436 1647.452 1661.140 1737.281 1738.752 1740.629 1796.637 1864.803 1996.222 2054.376 2121.538 2294.139 2329.332 2327.193 2298.721 2283.486 2214.532 2024.170 1861.709 1702.848 1547.681 1314.112 1142.059 992.123 886.475 875.587 949.139 1093.581
