data/medianmodel_02-Jul-2020.asc
ncols	141
nrows	288
xllcorner	-120191.398
yllcorner	-301404.813
cellsize	2000.000
NODATA_value	-999.250
[rows 62 to 92 of 288, columns 0 to 69 of 141]
-999.250 -999.250 -999.250 -999.250 -999.250 -999.250 -999.250 -999.250 -999.250 -999.250 -999.250 -999.250 -999.250 -999.250 -999.250 -999.250 -999.250 -999.250 -999.250 -999.250 -999.250 -999.250 -999.250 -999.250 -999.250 -999.250 -999.250 -999.250 -999.250 -999.250 -999.250 -999.250 -999.250 -999.250 -999.250 -999.250 -999.250 -999.250 17.609 20.328 12.462 9.167 7.169 3.100 1.288 0.000 0.000 0.000 0.000 0.000 0.000 0.000 4.348 15.395 35.301 60.568 90.366 120.900 130.023 138.020 134.169 123.726 113.039 95.446 83.723 69.405 50.115 33.768 26.725 18.819
-999.250 -999.250 -999.250 -999.250 -999.250 -999.250 -999.250 -999.250 -999.250 -999.250 -999.250 -999.250 -999.250 -999.250 -999.250 -999.250 -999.250 -999.250 -999.250 -999.250 -999.250 -999.250 -999.250 -999.250 -999.250 -999.250 -999.250 -999.250 -999.250 -999.250 -999.250 -999.250 -999.250 -999.250 -999.250 -999.250 -999.250 -999.250 18.117 16.369 13.308 9.546 6.837 5.329 2.347 0.000 0.000 0.000 0.000 0.000 0.000 0.000 5.871 17.996 35.811 55.428 78.147 103.284 118.034 119.635 127.399 123.017 115.029 96.419 87.799 75.718 58.560 36.418 30.469 21.548
-999.250 -999.250 -999.250 -999.250 -999.250 -999.250 -999.250 -999.250 -999.250 -999.250 -999.250 -999.250 -999.250 -999.250 -999.250 -999.250 -999.250 -999.250 -999.250 -999.250 -999.250 -999.250 -999.250 -999.250 -999.250 -999.250 -999.250 -999.250 -999.250 -999.250 -999.250 -999.250 -999.250 -999.250 -999.250 -999.250 -999.250 -999.250 17.988 15.921 12.861 11.617 11.031 7.373 3.318 0.000 0.000 0.000 0.000 0.000 0.000 0.000 5.671 18.577 28.369 49.305 63.009 79.355 96.861 110.163 107.245 108.100 106.118 90.222 84.394 73.860 58.962 48.692 30.233 20.520
-999.250 -999.250 -999.250 -999.250 -999.250 -999.250 -999.250 -999.250 -999.250 -999.250 -999.250 -999.250 -999.250 -999.250 -999.250 -999.250 -999.250 -999.250 -999.250 -999.250 -999.250 -999.250 -999.250 -999.250 -999.250 -999.250 -999.250 -999.250 -999.250 -999.250 -999.250 -999.250 -999.250 -999.250 -999.250 -999.250 -999.250 -999.250 18.684 18.187 16.014 13.623 17.311 8.105 4.791 0.379 0.000 0.000 0.000 0.000 0.000 0.000 6.091 15.820 26.604 41.830 56.389 66.843 75.508 87.254 95.433 98.003 85.757 85.022 70.638 64.918 51.947 40.044 29.742 19.591
-999.250 -999.250 -999.250 -999.250 -999.250 -999.250 -999.250 -999.250 -999.250 -999.250 -999.250 -999.250 -999.250 -999.250 -999.250 -999.250 -999.250 -999.250 -999.250 -999.250 -999.250 -999.250 -999.250 -999.250 -999.250 -999.250 -999.250 -999.250 -999.250 -999.250 -999.250 -999.250 -999.250 -999.250 -999.250 -999.250 -999.250 -999.250 19.477 18.843 17.575 16.305 12.976 8.821 5.312 3.595 0.000 0.000 0.000 0.000 0.000 0.000 5.038 14.235 28.957 35.810 46.966 57.094 70.166 74.655 76.485 78.694 74.212 74.151 63.163 61.543 44.064 38.001 30.118 23.420
-999.250 -999.250 -999.250 -999.250 -999.250 -999.250 -999.250 -999.250 -999.250 -999.250 -999.250 -999.250 -999.250 -999.250 -999.250 -999.250 -999.250 -999.250 -999.250 -999.250 -999.250 -999.250 -999.250 -999.250 -999.250 -999.250 -999.250 -999.250 -999.250 -999.250 -999.250 -999.250 -999.250 -999.250 -999.250 -999.250 -999.250 24.673 23.706 23.547 19.758 17.023 14.218 11.247 8.954 6.232 2.367 0.000 0.000 0.000 0.000 0.000 4.217 11.427 18.413 27.113 37.687 46.836 61.061 62.795 62.478 66.450 62.079 66.895 62.293 53.495 42.977 33.294 26.666 22.139
-999.250 -999.250 -999.250 -999.250 -999.250 -999.250 -999.250 -999.250 -999.250 -999.250 -999.250 -999.250 -999.250 -999.250 -999.250 -999.250 -999.250 -999.250 -999.250 -999.250 -999.250 -999.250 -999.250 -999.250 -999.250 -999.250 -999.250 -999.250 -999.250 -999.250 -999.250 -999.250 -999.250 -999.250 -999.250 -999.250 -999.250 26.802 27.109 27.859 24.699 18.749 17.097 14.587 13.218 8.634 5.000 0.000 0.000 0.000 0.000 0.000 2.118 7.062 14.893 19.431 30.554 41.537 48.314 56.581 53.275 52.147 55.206 55.315 54.933 46.675 38.027 28.683 25.083 28.937
-999.250 -999.250 -999.250 -999.250 -999.250 -999.250 -999.250 -999.250 -999.250 -999.250 -999.250 -999.250 -999.250 -999.250 -999.250 -999.250 -999.250 -999.250 -999.250 -999.250 -999.250 -999.250 -999.250 -999.250 -999.250 -999.250 -999.250 -999.250 -999.250 -999.250 -999.250 -999.250 -999.250 -999.250 -999.250 -999.250 -999.250 27.405 34.772 34.421 27.334 20.719 17.796 14.543 16.482 18.217 6.897 0.088 0.000 0.000 0.000 0.000 0.000 4.403 9.221 14.723 22.355 28.367 36.353 44.728 46.046 45.914 44.808 43.779 34.525 34.338 28.600 25.598 20.901 18.333
-999.250 -999.250 -999.250 -999.250 -999.250 -999.250 -999.250 -999.250 -999.250 -999.250 -999.250 -999.250 -999.250 -999.250 -999.250 -999.250 -999.250 -999.250 -999.250 -999.250 -999.250 -999.250 -999.250 -999.250 -999.250 -999.250 -999.250 -999.250 -999.250 -999.250 -999.250 -999.250 -999.250 -999.250 -999.250 -999.250 -999.250 29.505 37.500 47.917 30.878 22.908 18.145 13.016 11.680 10.199 4.179 0.000 0.000 0.000 0.000 0.000 0.000 1.106 5.748 10.087 16.820 23.047 28.771 29.992 34.996 33.390 37.377 30.107 29.470 26.413 20.070 18.857 15.149 11.568
-999.250 -999.250 -999.250 -999.250 -999.250 -999.250 -999.250 -999.250 -999.250 -999.250 -999.250 -999.250 -999.250 -999.250 -999.250 -999.250 -999.250 -999.250 -999.250 -999.250 -999.250 -999.250 -999.250 -999.250 -999.250 -999.250 -999.250 -999.250 -999.250 -999.250 -999.250 -999.250 -999.250 -999.250 -999.250 -999.250 23.127 27.724 31.707 30.698 26.109 21.252 16.128 10.550 7.484 5.525 0.805 0.000 0.000 0.000 0.000 0.000 0.000 0.000 3.949 6.924 11.364 17.080 21.574 25.108 25.693 28.503 26.998 27.017 22.352 19.679 17.733 15.156 12.094 8.198
-999.250 -999.250 -999.250 -999.250 -999.250 -999.250 -999.250 -999.250 -999.250 -999.250 -999.250 -999.250 -999.250 -999.250 -999.250 -999.250 -999.250 -999.250 -999.250 -999.250 -999.250 -999.250 -999.250 -999.250 -999.250 -999.250 -999.250 -999.250 -999.250 -999.250 -999.250 -999.250 -999.250 -999.250 -999.250 -999.250 21.103 22.410 23.368 22.093 19.958 16.722 11.596 5.981 4.604 6.060 0.000 0.000 0.000 0.000 0.000 0.000 0.000 0.000 0.208 4.063 7.198 12.362 14.849 17.494 21.424 23.676 24.066 21.007 19.555 16.002 13.461 9.032 6.947 5.029
-999.250 -999.250 -999.250 -999.250 -999.250 -999.250 -999.250 -999.250 -999.250 -999.250 -999.250 -999.250 -999.250 -999.250 -999.250 -999.250 -999.250 -999.250 -999.250 -999.250 -999.250 -999.250 -999.250 -999.250 -999.250 -999.250 -999.250 -999.250 -999.250 -999.250 -999.250 -999.250 -999.250 -999.250 -999.250 -999.250 17.974 18.494 17.805 16.334 14.304 8.504 6.090 2.892 1.035 0.000 0.000 0.000 0.000 4.689 0.000 0.000 0.000 0.000 0.000 0.378 4.627 7.725 9.158 12.160 13.857 17.181 19.071 17.619 15.708 10.503 10.186 7.132 4.163 0.701
-999.250 -999.250 -999.250 -999.250 -999.250 -999.250 -999.250 -999.250 -999.250 -999.250 -999.250 -999.250 -999.250 -999.250 -999.250 -999.250 -999.250 -999.250 -999.250 -999.250 -999.250 -999.250 -999.250 -999.250 -999.250 -999.250 -999.250 -999.250 -999.250 -999.250 -999.250 -999.250 -999.250 -999.250 -999.250 -999.250 12.328 12.494 12.066 9.406 5.926 4.468 1.198 0.000 0.000 0.000 0.000 0.000 0.433 2.503 1.081 0.049 0.000 0.000 0.000 0.000 0.833 3.802 5.783 7.607 13.560 15.457 17.731 16.073 11.689 11.819 7.873 5.011 3.004 1.280
-999.250 -999.250 -999.250 -999.250 -999.250 -999.250 -999.250 -999.250 -999.250 -999.250 -999.250 -999.250 -999.250 -999.250 -999.250 -999.250 -999.250 -999.250 -999.250 -999.250 -999.250 -999.250 -999.250 -999.250 -999.250 -999.250 -999.250 -999.250 -999.250 -999.250 -999.250 -999.250 -999.250 -999.250 -999.250 10.054 8.439 8.015 7.745 5.890 3.655 1.362 0.188 0.000 0.000 0.000 0.000 1.448 4.138 5.175 5.399 3.268 0.000 0.000 0.000 0.000 0.000 0.000 3.874 5.325 9.968 16.032 18.748 17.187 13.970 9.309 5.539 4.099 0.489 0.000
-999.250 -999.250 -999.250 -999.250 -999.250 -999.250 -999.250 -999.250 -999.250 -999.250 -999.250 -999.250 -999.250 -999.250 -999.250 -999.250 -999.250 -999.250 -999.250 -999.250 -999.250 -999.250 -999.250 -999.250 -999.250 -999.250 -999.250 -999.250 -999.250 -999.250 -999.250 -999.250 -999.250 -999.250 -999.250 6.684 6.139 6.289 6.642 4.365 1.314 3.845 0.000 0.000 0.000 0.000 0.328 3.978 9.271 10.697 10.695 8.577 4.861 1.637 0.000 0.000 0.000 0.000 0.581 4.481 9.345 14.843 25.969 16.986 11.221 6.845 4.955 1.496 0.000 0.000
-999.250 -999.250 -999.250 -999.250 -999.250 -999.250 -999.250 -999.250 -999.250 -999.250 -999.250 -999.250 -999.250 -999.250 -999.250 -999.250 -999.250 -999.250 -999.250 -999.250 -999.250 -999.250 -999.250 -999.250 -999.250 -999.250 -999.250 -999.250 -999.250 -999.250 -999.250 -999.250 -999.250 -999.250 -999.250 5.258 4.033 5.650 9.729 3.322 0.000 0.000 0.000 0.000 0.000 0.000 1.532 7.617 15.418 21.394 17.904 12.119 6.704 3.057 0.000 0.000 0.000 0.000 0.000 3.585 8.277 12.398 16.568 12.481 8.249 4.857 3.315 0.000 0.000 0.000
-999.250 -999.250 -999.250 -999.250 -999.250 -999.250 -999.250 -999.250 -999.250 -999.250 -999.250 -999.250 -999.250 -999.250 -999.250 -999.250 -999.250 -999.250 -999.250 -999.250 -999.250 -999.250 -999.250 -999.250 -999.250 -999.250 -999.250 -999.250 -999.250 -999.250 -999.250 -999.250 -999.250 -999.250 -999.250 4.111 3.849 3.407 3.692 0.051 0.000 0.000 0.000 0.000 0.000 0.000 1.489 8.499 19.600 35.301 22.249 14.146 7.391 3.114 0.000 0.000 0.000 0.000 0.000 2.612 6.567 10.057 10.809 10.212 5.770 3.843 1.147 0.000 0.000 0.000
-999.250 -999.250 -999.250 -999.250 -999.250 -999.250 -999.250 -999.250 -999.250 -999.250 -999.250 -999.250 -999.250 -999.250 -999.250 -999.250 -999.250 -999.250 -999.250 -999.250 -999.250 -999.250 -999.250 -999.250 -999.250 -999.250 -999.250 -999.250 -999.250 -999.250 -999.250 -999.250 -999.250 -999.250 6.160 4.511 1.973 0.690 0.432 0.000 0.000 0.000 0.000 0.000 0.000 0.000 0.753 7.457 15.996 22.956 20.575 15.030 7.383 4.150 0.210 0.000 0.000 0.000 0.000 4.242 7.216 12.812 11.084 7.522 4.926 1.804 0.874 0.000 0.000 0.000
-999.250 -999.250 -999.250 -999.250 -999.250 -999.250 -999.250 -999.250 -999.250 -999.250 -999.250 -999.250 -999.250 -999.250 -999.250 -999.250 -999.250 -999.250 -999.250 -999.250 -999.250 -999.250 -999.250 -999.250 -999.250 -999.250 -999.250 -999.250 -999.250 -999.250 -999.250 -999.250 -999.250 -999.250 6.635 6.160 4.478 4.117 1.164 0.629 0.000 0.000 0.000 0.000 0.000 0.000 1.466 6.056 11.960 17.361 14.873 11.503 6.033 3.942 0.000 0.000 0.000 0.000 0.457 4.656 9.577 20.792 12.054 7.861 4.670 1.236 0.000 0.000 0.000 0.000
-999.250 -999.250 -999.250 -999.250 -999.250 -999.250 -999.250 -999.250 -999.250 -999.250 -999.250 -999.250 -999.250 -999.250 -999.250 -999.250 -999.250 -999.250 -999.250 -999.250 -999.250 -999.250 -999.250 -999.250 -999.250 -999.250 -999.250 -999.250 -999.250 -999.250 -999.250 -999.250 -999.250 -999.250 9.752 8.636 8.485 5.622 4.782 3.992 1.450 0.000 0.000 0.000 0.000 0.000 2.743 5.822 10.151 13.368 11.468 9.685 6.577 2.821 0.000 0.000 0.000 0.000 0.178 4.300 7.384 11.126 8.681 5.823 3.891 0.000 0.000 0.000 0.000 0.000
-999.250 -999.250 -999.250 -999.250 -999.250 -999.250 -999.250 -999.250 -999.250 -999.250 -999.250 -999.250 -999.250 -999.250 -999.250 -999.250 -999.250 -999.250 -999.250 -999.250 -999.250 -999.250 -999.250 -999.250 -999.250 -999.250 -999.250 -999.250 -999.250 -999.250 -999.250 -999.250 -999.250 -999.250 12.896 14.348 11.154 7.852 8.179 7.622 5.944 3.589 2.209 1.105 1.150 2.961 5.243 6.995 9.710 10.952 11.122 7.755 5.917 3.099 0.141 0.000 0.000 0.000 0.000 0.300 4.201 5.976 4.422 3.425 0.935 0.000 0.000 0.000 0.000 3.085
-999.250 -999.250 -999.250 -999.250 -999.250 -999.250 -999.250 -999.250 -999.250 -999.250 -999.250 -999.250 -999.250 -999.250 -999.250 -999.250 -999.250 -999.250 -999.250 -999.250 -999.250 -999.250 -999.250 -999.250 -999.250 -999.250 -999.250 -999.250 -999.250 -999.250 -999.250 -999.250 -999.250 11.554 15.128 23.256 15.661 12.244 13.033 17.781 10.514 7.523 6.343 4.586 4.745 6.603 7.803 11.334 12.961 13.403 11.199 7.250 4.578 2.165 0.000 0.000 0.000 0.000 0.000 0.000 0.680 2.777 0.779 0.000 0.000 0.000 0.000 0.000 0.000 0.000
-999.250 -999.250 -999.250 -999.250 -999.250 -999.250 -999.250 -999.250 -999.250 -999.250 -999.250 -999.250 -999.250 -999.250 -999.250 -999.250 -999.250 -999.250 -999.250 -999.250 -999.250 -999.250 -999.250 -999.250 -999.250 -999.250 -999.250 -999.250 -999.250 -999.250 -999.250 -999.250 -999.250 10.570 13.806 16.203 17.026 13.914 14.391 14.640 13.559 11.422 9.930 9.341 8.792 10.973 12.219 15.799 16.315 13.474 10.303 6.579 4.521 0.386 0.000 0.000 0.000 0.000 0.000 0.000 0.000 0.000 0.000 0.000 0.000 0.000 0.000 0.000 0.000 0.000
-999.250 -999.250 -999.250 -999.250 -999.250 -999.250 -999.250 -999.250 -999.250 -999.250 -999.250 -999.250 -999.250 -999.250 -999.250 -999.250 -999.250 -999.250 -999.250 -999.250 -999.250 -999.250 -999.250 -999.250 -999.250 -999.250 -999.250 -999.250 -999.250 -999.250 -999.250 -999.250 -999.250 10.795 12.537 14.896 15.125 14.690 13.468 14.990 16.991 15.722 14.778 15.233 12.921 14.556 17.206 18.863 19.107 16.970 11.781 7.022 4.358 0.000 0.000 0.000 0.000 0.000 0.000 0.000 0.000 0.000 0.000 0.000 0.000 0.000 0.000 0.000 0.000 0.000
-999.250 -999.250 -999.250 -999.250 -999.250 -999.250 -999.250 -999.250 -999.250 -999.250 -999.250 -999.250 -999.250 -999.250 -999.250 -999.250 -999.250 -999.250 -999.250 -999.250 -999.250 -999.250 -999.250 -999.250 -999.250 -999.250 -999.250 -999.250 -999.250 -999.250 -999.250 -999.250 -999.250 9.698 10.663 14.017 15.163 15.498 14.902 17.483 20.725 22.337 22.698 20.030 19.105 16.772 18.385 19.928 30.385 18.352 11.462 6.770 3.728 0.330 0.000 0.000 0.000 0.000 0.000 0.000 0.000 0.000 0.000 0.000 0.000 0.000 0.000 0.000 0.000 0.000
-999.250 -999.250 -999.250 -999.250 -999.250 -999.250 -999.250 -999.250 -999.250 -999.250 -999.250 -999.250 -999.250 -999.250 -999.250 -999.250 -999.250 -999.250 -999.250 -999.250 -999.250 -999.250 -999.250 -999.250 -999.250 -999.250 -999.250 -999.250 -999.250 -999.250 -999.250 -999.250 -999.250 6.899 11.152 12.762 15.038 15.775 17.382 19.566 25.316 29.887 30.391 29.162 24.007 20.847 19.805 20.225 20.203 15.681 10.398 6.601 4.645 0.000 0.000 0.000 0.000 0.000 0.000 0.000 0.000 0.000 0.000 0.000 0.000 0.000 0.000 0.000 0.000 0.000
-999.250 -999.250 -999.250 -999.250 -999.250 -999.250 -999.250 -999.250 -999.250 -999.250 -999.250 -999.250 -999.250 -999.250 -999.250 -999.250 -999.250 -999.250 -999.250 -999.250 -999.250 -999.250 -999.250 -999.250 -999.250 -999.250 -999.250 -999.250 -999.250 -999.250 -999.250 -999.250 4.419 6.768 10.061 13.044 14.433 18.742 19.399 23.724 28.192 38.052 38.910 37.159 27.017 24.383 21.671 18.653 16.352 11.967 7.589 4.097 0.956 0.000 0.000 0.000 0.000 0.000 0.000 0.000 0.000 0.000 0.000 0.000 0.000 0.000 0.000 0.000 0.000 0.000
-999.250 -999.250 -999.250 -999.250 -999.250 -999.250 -999.250 -999.250 -999.250 -999.250 -999.250 -999.250 -999.250 -999.250 -999.250 -999.250 -999.250 -999.250 -999.250 -999.250 -999.250 -999.250 -999.250 -999.250 -999.250 -999.250 -999.250 -999.250 -999.250 -999.250 -999.250 -999.250 3.652 5.331 8.496 12.801 17.411 19.921 22.315 26.143 30.505 44.608 57.668 43.389 31.980 24.481 19.031 16.828 12.060 7.621 4.350 2.360 0.000 0.000 0.000 0.000 0.000 0.000 0.000 0.000 0.000 0.000 0.000 0.000 0.000 0.000 0.000 0.000 0.000 0.000
-999.250 -999.250 -999.250 -999.250 -999.250 -999.250 -999.250 -999.250 -999.250 -999.250 -999.250 -999.250 -999.250 -999.250 -999.250 -999.250 -999.250 -999.250 -999.250 -999.250 -999.250 -999.250 -999.250 -999.250 -999.250 -999.250 -999.250 -999.250 -999.250 -999.250 -999.250 -999.250 2.412 3.780 7.563 13.000 21.988 18.797 23.239 28.407 31.748 38.480 43.720 37.031 28.300 23.104 17.173 12.720 10.105 5.892 2.463 0.000 0.000 0.000 0.000 0.000 0.000 0.000 0.000 0.000 0.000 0.000 0.000 0.000 0.000 0.000 0.000 0.000 0.000 0.000
-999.250 -999.250 -999.250 -999.250 -999.250 -999.250 -999.250 -999.250 -999.250 -999.250 -999.250 -999.250 -999.250 -999.250 -999.250 -999.250 -999.250 -999.250 -999.250 -999.250 -999.250 -999.250 -999.250 -999.250 -999.250 -999.250 -999.250 -999.250 -999.250 -999.250 -999.250 -999.250 0.314 2.272 5.997 9.951 14.205 15.838 18.945 22.503 26.027 30.770 31.724 28.849 24.229 19.868 16.008 10.288 6.306 2.015 0.000 0.000 0.000 0.000 0.000 0.000 0.000 0.000 0.000 0.000 0.000 0.000 0.000 0.000 0.000 0.000 0.000 0.000 0.000 0.000
-999.250 -999.250 -999.250 -999.250 -999.250 -999.250 -999.250 -999.250 -999.250 -999.250 -999.250 -999.250 -999.250 -999.250 -999.250 -999.250 -999.250 -999.250 -999.250 -999.250 -999.250 -999.250 -999.250 -999.250 -999.250 -999.250 -999.250 -999.250 -999.250 -999.250 -999.250 0.000 0.000 0.000 2.625 5.796 9.270 11.747 16.528 19.962 21.262 23.695 24.357 23.032 18.916 14.801 11.161 6.534 3.783 0.000 0.000 0.000 0.000 0.000 0.000 0.000 0.000 0.000 0.000 0.000 0.000 0.000 0.000 0.000 0.000 0.000 0.000 0.000 0.000 0.000
