data/medianmodel_04-Jun-2020.asc
ncols	141
nrows	288
xllcorner	-120191.398
yllcorner	-301404.813
cellsize	2000.000
NODATA_value	-999.250
[rows 90 to 119 of 288, columns 0 to 68 of 141]
-999.250 -999.250 -999.250 -999.250 -999.250 -999.250 -999.250 -999.250 -999.250 -999.250 -999.250 -999.250 -999.250 -999.250 -999.250 -999.250 -999.250 -999.250 -999.250 -999.250 -999.250 -999.250 -999.250 -999.250 -999.250 -999.250 -999.250 -999.250 -999.250 -999.250 -999.250 -999.250 7.597 6.049 6.310 6.729 13.193 8.569 7.453 7.213 5.192 8.773 9.234 4.862 2.748 4.375 3.321 2.564 1.718 1.104 0.286 0.602 0.000 0.232 0.000 0.000 0.000 0.000 0.000 0.000 0.000 0.000 0.000 0.000 0.000 0.000 0.000 0.000 0.000
-999.250 -999.250 -999.250 -999.250 -999.250 -999.250 -999.250 -999.250 -999.250 -999.250 -999.250 -999.250 -999.250 -999.250 -999.250 -999.250 -999.250 -999.250 -999.250 -999.250 -999.250 -999.250 -999.250 -999.250 -999.250 -999.250 -999.250 -999.250 -999.250 -999.250 -999.250 -999.250 7.592 7.684 6.088 6.634 8.125 8.309 7.774 5.408 5.923 5.509 5.839 3.131 4.696 4.972 2.388 3.242 2.518 0.087 0.259 0.000 0.000 0.000 0.000 0.000 0.000 0.000 0.000 0.000 0.000 0.000 0.000 0.000 0.000 0.000 0.000 0.000 0.000
-999.250 -999.250 -999.250 -999.250 -999.250 -999.250 -999.250 -999.250 -999.250 -999.250 -999.250 -999.250 -999.250 -999.250 -999.250 -999.250 -999.250 -999.250 -999.250 -999.250 -999.250 -999.250 -999.250 -999.250 -999.250 -999.250 -999.250 -999.250 -999.250 -999.250 -999.250 8.591 6.051 6.423 4.065 5.552 7.162 4.539 6.754 5.250 4.049 3.198 3.076 3.796 2.036 1.928 1.619 0.496 0.000 0.617 0.000 0.774 0.000 0.000 0.000 0.000 0.000 0.000 0.000 0.000 0.000 0.000 0.000 0.000 0.000 0.000 0.000 0.000 0.000
-999.250 -999.250 -999.250 -999.250 -999.250 -999.250 -999.250 -999.250 -999.250 -999.250 -999.250 -999.250 -999.250 -999.250 -999.250 -999.250 -999.250 -999.250 -999.250 -999.250 -999.250 -999.250 -999.250 -999.250 -999.250 -999.250 -999.250 -999.250 -999.250 -999.250 -999.250 3.878 4.659 6.087 5.173 7.528 5.217 6.331 4.982 4.044 2.249 4.428 3.611 1.865 0.897 1.535 3.669 0.000 0.000 0.020 0.000 0.000 0.000 0.000 0.000 0.000 0.000 0.000 0.000 0.000 0.000 0.000 0.000 0.000 0.000 0.000 0.000 0.000 0.000
-999.250 -999.250 -999.250 -999.250 -999.250 -999.250 -999.250 -999.250 -999.250 -999.250 -999.250 -999.250 -999.250 -999.250 -999.250 -999.250 -999.250 -999.250 -999.250 -999.250 -999.250 -999.250 -999.250 -999.250 -999.250 -999.250 -999.250 -999.250 -999.250 -999.250 -999.250 5.575 4.952 4.612 6.048 6.208 7.146 5.201 2.372 3.246 3.029 2.593 4.449 2.211 2.123 0.000 0.000 0.000 0.031 0.000 0.000 0.000 0.000 0.000 0.000 0.000 0.000 0.000 0.000 0.000 0.000 0.000 0.000 0.000 0.000 0.000 0.000 0.000 0.000
-999.250 -999.250 -999.250 -999.250 -999.250 -999.250 -999.250 -999.250 -999.250 -999.250 -999.250 -999.250 -999.250 -999.250 -999.250 -999.250 -999.250 -999.250 -999.250 -999.250 -999.250 -999.250 -999.250 -999.250 -999.250 -999.250 -999.250 -999.250 -999.250 -999.250 -999.250 4.377 4.371 3.962 8.452 5.671 6.245 5.314 2.189 1.606 2.521 3.113 3.790 4.388 1.560 0.669 0.898 0.447 0.728 0.437 0.000 0.000 0.000 0.000 0.000 0.000 0.000 0.000 0.000 0.000 0.000 0.000 0.000 0.000 0.000 0.000 0.000 0.000 0.000
-999.250 -999.250 -999.250 -999.250 -999.250 -999.250 -999.250 -999.250 -999.250 -999.250 -999.250 -999.250 -999.250 -999.250 -999.250 -999.250 -999.250 -999.250 -999.250 -999.250 -999.250 -999.250 -999.250 -999.250 -999.250 -999.250 -999.250 -999.250 -999.250 -999.250 4.378 3.718 4.106 3.491 3.610 2.961 5.258 4.452 1.235 1.480 2.279 1.533 2.247 1.343 1.977 3.023 1.627 2.479 0.000 0.000 0.000 0.000 0.000 0.000 0.000 0.000 0.000 0.000 0.000 0.000 0.000 0.000 0.000 0.000 0.000 0.000 0.000 0.000 0.000
-999.250 -999.250 -999.250 -999.250 -999.250 -999.250 -999.250 -999.250 -999.250 -999.250 -999.250 -999.250 -999.250 -999.250 -999.250 -999.250 -999.250 -999.250 -999.250 -999.250 -999.250 -999.250 -999.250 -999.250 -999.250 -999.250 -999.250 -999.250 -999.250 -999.250 5.257 4.368 2.914 2.055 1.241 1.522 1.828 2.326 0.161 0.000 0.649 0.000 1.910 2.556 2.505 2.179 5.022 1.234 0.274 1.218 0.000 0.000 0.000 0.000 0.000 0.000 0.000 0.000 0.000 0.000 0.000 0.000 0.000 0.000 0.000 0.000 0.000 0.000 0.000
-999.250 -999.250 -999.250 -999.250 -999.250 -999.250 -999.250 -999.250 -999.250 -999.250 -999.250 -999.250 -999.250 -999.250 -999.250 -999.250 -999.250 -999.250 -999.250 -999.250 -999.250 -999.250 -999.250 -999.250 -999.250 -999.250 -999.250 -999.250 -999.250 -999.250 0.694 5.936 5.118 1.575 0.718 1.359 2.424 2.168 0.000 0.000 0.000 0.000 0.678 2.583 0.953 0.000 1.717 0.573 0.509 1.924 0.302 0.000 0.000 0.000 0.000 0.000 0.000 0.000 0.000 0.000 0.000 0.000 0.000 0.000 0.000 0.000 0.000 0.000 0.000
-999.250 -999.250 -999.250 -999.250 -999.250 -999.250 -999.250 -999.250 -999.250 -999.250 -999.250 -999.250 -999.250 -999.250 -999.250 -999.250 -999.250 -999.250 -999.250 -999.250 -999.250 -999.250 -999.250 -999.250 -999.250 -999.250 -999.250 -999.250 -999.250 -999.250 5.764 3.879 5.838 0.000 0.527 0.058 1.740 1.007 0.000 0.000 2.856 0.000 0.000 2.580 1.225 0.268 0.000 0.000 1.596 1.796 1.510 1.219 0.000 0.000 0.000 0.000 0.000 0.000 0.000 0.000 0.000 0.000 0.000 0.000 0.000 0.000 0.000 0.000 0.000
-999.250 -999.250 -999.250 -999.250 -999.250 -999.250 -999.250 -999.250 -999.250 -999.250 -999.250 -999.250 -999.250 -999.250 -999.250 -999.250 -999.250 -999.250 -999.250 -999.250 -999.250 -999.250 -999.250 -999.250 -999.250 -999.250 -999.250 -999.250 -999.250 2.335 3.495 3.928 3.659 3.053 0.737 0.275 0.276 0.313 0.346 0.684 0.000 1.422 2.285 2.752 0.776 1.773 1.515 2.204 0.265 0.000 0.009 0.095 0.000 0.000 0.000 0.000 0.000 0.000 0.000 0.000 0.000 0.000 0.000 0.000 0.000 0.000 0.000 0.000 0.000
-999.250 -999.250 -999.250 -999.250 -999.250 -999.250 -999.250 -999.250 -999.250 -999.250 -999.250 -999.250 -999.250 -999.250 -999.250 -999.250 -999.250 -999.250 -999.250 -999.250 -999.250 -999.250 -999.250 -999.250 -999.250 -999.250 -999.250 -999.250 -999.250 4.607 3.401 3.149 3.266 5.103 0.730 0.127 0.279 0.946 1.527 3.173 0.723 2.301 3.668 3.675 2.396 2.463 2.711 3.755 0.997 0.000 0.134 0.000 0.000 0.000 0.000 0.000 0.000 0.000 0.000 0.000 0.000 0.000 0.000 0.000 0.000 0.000 0.000 0.000 0.000
-999.250 -999.250 -999.250 -999.250 -999.250 -999.250 -999.250 -999.250 -999.250 -999.250 -999.250 -999.250 -999.250 -999.250 -999.250 -999.250 -999.250 -999.250 -999.250 -999.250 -999.250 -999.250 -999.250 -999.250 -999.250 -999.250 -999.250 -999.250 -999.250 2.721 5.023 3.212 2.552 1.761 0.644 0.420 0.655 3.121 3.956 4.816 4.313 2.504 3.753 2.649 3.056 4.146 2.222 2.768 1.212 0.000 0.000 0.000 0.000 0.000 0.000 0.000 0.000 0.000 0.000 0.000 0.000 0.000 0.000 0.000 0.000 0.000 0.000 0.000 0.000
-999.250 -999.250 -999.250 -999.250 -999.250 -999.250 -999.250 -999.250 -999.250 -999.250 -999.250 -999.250 -999.250 -999.250 -999.250 -999.250 -999.250 -999.250 -999.250 -999.250 -999.250 -999.250 -999.250 -999.250 -999.250 -999.250 -999.250 -999.250 -999.250 3.601 4.695 2.981 3.021 2.309 0.000 0.000 1.941 1.240 1.108 4.597 3.785 2.703 2.627 4.663 4.646 4.538 6.465 6.716 4.665 0.851 0.000 0.000 0.000 0.000 0.000 0.000 0.000 0.000 0.000 0.000 0.000 0.000 0.000 0.971 0.000 0.311 0.000 0.000 0.000
-999.250 -999.250 -999.250 -999.250 -999.250 -999.250 -999.250 -999.250 -999.250 -999.250 -999.250 -999.250 -999.250 -999.250 -999.250 -999.250 -999.250 -999.250 -999.250 -999.250 -999.250 -999.250 -999.250 -999.250 -999.250 -999.250 -999.250 -999.250 4.347 4.412 4.978 3.984 1.262 0.178 1.063 1.726 1.061 1.917 0.314 5.544 3.756 4.384 4.363 3.629 4.873 8.162 10.451 8.914 3.394 5.064 1.711 0.000 0.000 0.000 0.000 0.000 0.000 0.000 1.823 0.766 0.000 0.000 0.000 1.366 0.000 0.000 0.000 0.000 0.000
-999.250 -999.250 -999.250 -999.250 -999.250 -999.250 -999.250 -999.250 -999.250 -999.250 -999.250 -999.250 -999.250 -999.250 -999.250 -999.250 -999.250 -999.250 -999.250 -999.250 -999.250 -999.250 -999.250 -999.250 -999.250 -999.250 -999.250 -999.250 2.658 3.915 3.525 3.356 3.268 0.101 1.067 0.000 0.411 1.087 0.000 4.500 5.957 4.400 5.608 5.084 6.182 11.207 21.615 13.724 7.259 3.872 1.620 0.000 1.634 3.300 2.593 2.628 3.047 1.140 0.974 0.000 0.000 0.895 2.015 2.452 1.104 0.000 0.000 0.000 0.000
-999.250 -999.250 -999.250 -999.250 -999.250 -999.250 -999.250 -999.250 -999.250 -999.250 -999.250 -999.250 -999.250 -999.250 -999.250 -999.250 -999.250 -999.250 -999.250 -999.250 -999.250 -999.250 -999.250 -999.250 -999.250 -999.250 -999.250 1.572 0.949 3.690 4.517 3.602 2.779 2.259 2.226 0.000 0.163 0.867 3.965 2.371 4.387 4.473 3.909 3.256 6.314 9.665 11.693 8.530 6.637 4.188 1.649 0.658 1.776 4.895 7.057 5.088 4.551 3.239 2.141 0.926 0.373 1.564 3.773 4.681 2.997 0.310 0.000 0.000 0.000
-999.250 -999.250 -999.250 -999.250 -999.250 -999.250 -999.250 -999.250 -999.250 -999.250 -999.250 -999.250 -999.250 -999.250 -999.250 -999.250 -999.250 -999.250 -999.250 -999.250 -999.250 -999.250 -999.250 -999.250 -999.250 -999.250 -999.250 0.687 4.356 1.853 3.288 2.763 1.636 2.713 4.511 1.807 1.225 1.785 2.350 3.309 5.032 4.797 4.211 3.021 2.890 7.435 7.014 7.476 4.762 1.176 1.446 3.546 4.494 7.471 14.411 8.424 5.694 3.999 1.979 0.828 0.975 2.596 5.171 9.079 3.316 0.000 0.000 0.000 0.000
-999.250 -999.250 -999.250 -999.250 -999.250 -999.250 -999.250 -999.250 -999.250 -999.250 -999.250 -999.250 -999.250 -999.250 -999.250 -999.250 -999.250 -999.250 -999.250 -999.250 -999.250 -999.250 -999.250 -999.250 -999.250 -999.250 -999.250 2.416 2.150 2.531 2.167 4.309 4.045 2.776 2.006 2.859 1.022 0.316 2.204 5.704 3.487 5.606 2.108 1.963 5.901 6.189 5.305 4.812 2.791 2.417 3.114 4.196 3.577 6.512 9.010 8.356 5.780 3.195 0.000 0.255 1.417 2.605 3.577 4.062 1.098 0.000 0.000 2.330 0.931
-999.250 -999.250 -999.250 -999.250 -999.250 -999.250 -999.250 -999.250 -999.250 -999.250 -999.250 -999.250 -999.250 -999.250 -999.250 -999.250 -999.250 -999.250 -999.250 -999.250 -999.250 -999.250 -999.250 -999.250 -999.250 -999.250 -999.250 3.424 0.958 2.747 5.107 1.631 4.684 3.948 3.353 2.207 2.934 1.440 1.607 5.280 3.961 3.977 3.171 4.573 3.978 6.862 3.938 3.936 1.294 1.835 2.623 2.976 4.328 4.315 6.105 4.697 5.250 1.549 1.274 0.000 1.609 0.889 2.647 2.549 0.000 0.000 0.000 1.049 0.156
-999.250 -999.250 -999.250 -999.250 -999.250 -999.250 -999.250 -999.250 -999.250 -999.250 -999.250 -999.250 -999.250 -999.250 -999.250 -999.250 -999.250 -999.250 -999.250 -999.250 -999.250 -999.250 -999.250 -999.250 -999.250 -999.250 -999.250 -999.250 2.254 1.648 1.761 1.982 3.919 1.900 2.554 1.633 2.281 1.352 2.619 2.130 6.510 4.296 0.958 2.555 2.676 3.814 1.997 1.895 2.095 1.348 1.774 3.188 1.048 4.045 3.333 4.424 3.629 0.319 0.000 0.000 0.000 0.000 0.157 0.135 0.193 0.000 0.000 0.000 0.000
-999.250 -999.250 -999.250 -999.250 -999.250 -999.250 -999.250 -999.250 -999.250 -999.250 -999.250 -999.250 -999.250 -999.250 -999.250 -999.250 -999.250 -999.250 -999.250 -999.250 -999.250 -999.250 -999.250 -999.250 -999.250 -999.250 -999.250 -999.250 2.494 2.458 3.108 4.115 3.814 0.002 1.636 1.375 2.958 4.193 3.664 4.292 5.218 5.180 5.671 3.667 0.897 0.000 0.000 0.306 2.935 1.217 2.016 2.030 1.825 5.612 7.225 7.757 6.147 2.221 0.000 0.000 0.000 0.000 0.000 0.000 0.000 0.000 0.000 0.000 0.000
-999.250 -999.250 -999.250 -999.250 -999.250 -999.250 -999.250 -999.250 -999.250 -999.250 -999.250 -999.250 -999.250 -999.250 -999.250 -999.250 -999.250 -999.250 -999.250 -999.250 -999.250 -999.250 -999.250 -999.250 -999.250 -999.250 -999.250 -999.250 1.319 3.944 4.034 3.899 2.966 1.934 2.740 1.265 4.030 5.770 4.350 2.895 4.175 4.735 4.476 2.277 0.000 0.000 0.000 0.000 1.607 1.605 0.000 0.000 0.935 1.200 6.393 11.656 5.445 2.452 0.000 0.000 0.000 0.000 0.000 0.000 0.000 0.000 0.000 0.000 0.000
-999.250 -999.250 -999.250 -999.250 -999.250 -999.250 -999.250 -999.250 -999.250 -999.250 -999.250 -999.250 -999.250 -999.250 -999.250 -999.250 -999.250 -999.250 -999.250 -999.250 -999.250 -999.250 -999.250 -999.250 -999.250 -999.250 -999.250 -999.250 2.798 4.659 4.920 3.525 0.770 1.937 2.244 4.138 4.367 6.973 5.768 4.424 4.071 4.442 3.585 1.412 0.000 0.000 0.000 0.000 0.625 0.000 0.000 0.000 0.000 0.476 4.486 5.171 3.072 0.339 0.000 0.000 0.000 0.000 0.000 0.000 0.000 0.000 0.000 0.000 0.000
-999.250 -999.250 -999.250 -999.250 -999.250 -999.250 -999.250 -999.250 -999.250 -999.250 -999.250 -999.250 -999.250 -999.250 -999.250 -999.250 -999.250 -999.250 -999.250 -999.250 -999.250 -999.250 -999.250 -999.250 -999.250 -999.250 -999.250 -999.250 4.458 4.693 4.935 2.926 1.163 3.024 3.795 4.688 6.011 8.632 8.389 7.733 6.694 4.141 2.610 0.000 0.000 0.000 0.000 0.000 0.000 0.000 0.000 0.000 0.000 0.777 1.687 0.534 0.000 0.000 0.000 0.000 0.000 0.000 0.000 0.000 0.000 0.000 0.000 0.000 0.000
-999.250 -999.250 -999.250 -999.250 -999.250 -999.250 -999.250 -999.250 -999.250 -999.250 -999.250 -999.250 -999.250 -999.250 -999.250 -999.250 -999.250 -999.250 -999.250 -999.250 -999.250 -999.250 -999.250 -999.250 -999.250 -999.250 -999.250 5.147 2.744 5.036 3.990 5.530 3.884 3.786 5.507 7.564 7.817 10.632 10.583 17.523 9.077 4.136 1.548 0.000 0.000 0.000 0.000 0.000 0.000 0.000 0.000 0.000 0.000 0.000 0.000 0.000 0.000 0.000 0.000 0.000 0.000 0.000 0.000 0.000 0.000 0.000 0.000 0.000 0.000
-999.250 -999.250 -999.250 -999.250 -999.250 -999.250 -999.250 -999.250 -999.250 -999.250 -999.250 -999.250 -999.250 -999.250 -999.250 -999.250 -999.250 -999.250 -999.250 -999.250 -999.250 -999.250 -999.250 -999.250 -999.250 -999.250 -999.250 6.112 4.533 3.389 5.492 4.507 5.825 5.172 4.617 8.174 5.205 7.175 10.525 9.548 7.413 5.113 1.417 0.000 0.147 2.865 2.319 0.000 0.000 0.000 0.000 0.000 0.000 0.000 0.000 0.000 0.000 0.000 0.000 0.000 0.000 0.000 0.000 0.000 0.000 0.000 0.000 0.000 0.000
-999.250 -999.250 -999.250 -999.250 -999.250 -999.250 -999.250 -999.250 -999.250 -999.250 -999.250 -999.250 -999.250 -999.250 -999.250 -999.250 -999.250 -999.250 -999.250 -999.250 -999.250 -999.250 -999.250 -999.250 -999.250 -999.250 -999.250 4.459 5.517 5.574 4.856 4.306 5.434 6.433 5.109 7.074 5.364 8.301 8.953 8.984 7.123 6.131 4.316 4.504 3.665 2.102 0.718 0.000 0.000 0.000 0.000 0.000 0.000 0.000 0.000 0.000 0.000 0.000 0.000 0.000 0.000 0.000 0.000 0.000 0.000 0.000 0.000 0.000 0.000
-999.250 -999.250 -999.250 -999.250 -999.250 -999.250 -999.250 -999.250 -999.250 -999.250 -999.250 -999.250 -999.250 -999.250 -999.250 -999.250 -999.250 -999.250 -999.250 -999.250 -999.250 -999.250 -999.250 -999.250 -999.250 -999.250 5.047 2.993 4.682 4.431 4.758 4.548 4.902 4.062 3.948 4.249 4.682 7.416 7.645 7.309 6.990 4.972 6.918 6.273 5.729 2.405 1.887 0.633 0.000 0.000 0.000 0.000 0.000 0.000 0.000 0.000 0.000 0.000 0.000 0.000 0.000 0.000 0.000 0.000 0.000 0.000 0.000 0.000 0.000
-999.250 -999.250 -999.250 -999.250 -999.250 -999.250 -999.250 -999.250 -999.250 -999.250 -999.250 -999.250 -999.250 -999.250 -999.250 -999.250 -999.250 -999.250 -999.250 -999.250 -999.250 -999.250 -999.250 -999.250 -999.250 -999.250 5.630 2.857 1.882 4.265 5.873 6.010 4.699 4.656 6.724 4.478 6.654 5.414 6.623 7.209 6.800 6.177 8.307 5.653 7.211 6.384 7.600 4.156 1.995 0.000 0.000 0.000 0.000 0.000 0.000 0.000 0.000 0.000 0.000 0.000 0.000 0.000 0.000 0.000 0.000 0.000 0.000 0.000 0.000
