data/medianmodel_12-Feb-2021.asc
ncols	141
nrows	288
xllcorner	-120191.398
yllcorner	-301404.813
cellsize	2000.000
NODATA_value	-999.250
[rows 84 to 111 of 288, columns 0 to 64 of 141]
-999.250 -999.250 -999.250 -999.250 -999.250 -999.250 -999.250 -999.250 -999.250 -999.250 -999.250 -999.250 -999.250 -999.250 -999.250 -999.250 -999.250 -999.250 -999.250 -999.250 -999.250 -999.250 -999.250 -999.250 -999.250 -999.250 -999.250 -999.250 -999.250 -999.250 -999.250 -999.250 -999.250 528.403 534.151 558.509 554.258 526.691 526.246 500.047 498.642 481.679 474.563 484.091 496.934 492.559 501.473 495.841 502.596 529.478 549.679 536.743 572.156 548.944 566.164 578.667 566.795 599.998 635.669 598.278 605.935 609.096 631.958 647.780 690.754
-999.250 -999.250 -999.250 -999.250 -999.250 -999.250 -999.250 -999.250 -999.250 -999.250 -999.250 -999.250 -999.250 -999.250 -999.250 -999.250 -999.250 -999.250 -999.250 -999.250 -999.250 -999.250 -999.250 -999.250 -999.250 -999.250 -999.250 -999.250 -999.250 -999.250 -999.250 -999.250 -999.250 487.805 521.506 535.153 533.649 514.017 513.411 487.104 462.978 481.431 463.194 476.913 464.735 463.811 455.731 451.481 450.790 468.281 507.313 512.642 539.000 545.978 569.918 571.593 564.957 568.194 594.141 589.818 574.031 615.652 668.637 659.967 675.414
-999.250 -999.250 -999.250 -999.250 -999.250 -999.250 -999.250 -999.250 -999.250 -999.250 -999.250 -999.250 -999.250 -999.250 -999.250 -999.250 -999.250 -999.250 -999.250 -999.250 -999.250 -999.250 -999.250 -999.250 -999.250 -999.250 -999.250 -999.250 -999.250 -999.250 -999.250 -999.250 -999.250 443.531 469.212 489.384 488.792 508.154 488.545 490.412 489.315 471.813 458.578 466.092 450.096 421.472 434.677 421.692 412.371 440.980 461.834 497.216 510.990 547.241 519.165 552.774 538.135 543.505 562.296 572.055 584.813 662.143 658.078 659.741 649.804
-999.250 -999.250 -999.250 -999.250 -999.250 -999.250 -999.250 -999.250 -999.250 -999.250 -999.250 -999.250 -999.250 -999.250 -999.250 -999.250 -999.250 -999.250 -999.250 -999.250 -999.250 -999.250 -999.250 -999.250 -999.250 -999.250 -999.250 -999.250 -999.250 -999.250 -999.250 -999.250 -999.250 439.411 455.104 457.873 452.159 460.492 471.916 480.329 458.539 475.652 476.605 476.612 454.082 420.367 427.917 420.028 404.618 417.967 445.869 465.675 474.533 499.314 519.222 514.941 534.934 538.211 547.489 563.561 551.965 658.285 642.374 650.449 648.670
-999.250 -999.250 -999.250 -999.250 -999.250 -999.250 -999.250 -999.250 -999.250 -999.250 -999.250 -999.250 -999.250 -999.250 -999.250 -999.250 -999.250 -999.250 -999.250 -999.250 -999.250 -999.250 -999.250 -999.250 -999.250 -999.250 -999.250 -999.250 -999.250 -999.250 -999.250 -999.250 428.222 430.370 404.000 395.322 403.230 411.698 437.064 449.224 471.440 485.885 494.204 473.208 455.510 441.378 420.407 396.365 405.528 426.805 427.823 455.373 475.741 483.705 500.085 520.764 540.776 524.762 544.835 568.911 620.074 663.640 675.494 673.326 647.201
-999.250 -999.250 -999.250 -999.250 -999.250 -999.250 -999.250 -999.250 -999.250 -999.250 -999.250 -999.250 -999.250 -999.250 -999.250 -999.250 -999.250 -999.250 -999.250 -999.250 -999.250 -999.250 -999.250 -999.250 -999.250 -999.250 -999.250 -999.250 -999.250 -999.250 -999.250 -999.250 394.207 398.974 370.420 362.999 365.832 386.563 418.139 451.199 466.956 488.953 519.010 497.330 456.156 442.756 416.899 394.601 410.589 429.951 444.307 443.073 434.894 450.742 465.783 496.408 493.722 529.617 536.314 591.682 619.536 647.480 672.520 665.147 667.527
-999.250 -999.250 -999.250 -999.250 -999.250 -999.250 -999.250 -999.250 -999.250 -999.250 -999.250 -999.250 -999.250 -999.250 -999.250 -999.250 -999.250 -999.250 -999.250 -999.250 -999.250 -999.250 -999.250 -999.250 -999.250 -999.250 -999.250 -999.250 -999.250 -999.250 -999.250 -999.250 395.720 390.000 363.904 345.391 325.418 366.502 407.437 431.753 470.199 501.178 516.890 484.847 454.854 452.160 432.539 422.490 411.010 427.250 437.340 434.922 435.387 427.615 435.895 464.881 486.454 496.990 527.185 576.300 617.989 664.226 679.136 672.022 698.034
-999.250 -999.250 -999.250 -999.250 -999.250 -999.250 -999.250 -999.250 -999.250 -999.250 -999.250 -999.250 -999.250 -999.250 -999.250 -999.250 -999.250 -999.250 -999.250 -999.250 -999.250 -999.250 -999.250 -999.250 -999.250 -999.250 -999.250 -999.250 -999.250 -999.250 -999.250 -999.250 371.955 365.927 351.748 356.058 354.073 386.126 424.377 448.715 479.364 490.714 491.171 501.886 472.740 463.415 443.602 423.825 412.884 426.815 435.229 421.176 438.538 427.908 434.858 444.488 466.601 506.381 518.754 559.867 611.218 634.124 661.136 683.051 670.787
-999.250 -999.250 -999.250 -999.250 -999.250 -999.250 -999.250 -999.250 -999.250 -999.250 -999.250 -999.250 -999.250 -999.250 -999.250 -999.250 -999.250 -999.250 -999.250 -999.250 -999.250 -999.250 -999.250 -999.250 -999.250 -999.250 -999.250 -999.250 -999.250 -999.250 -999.250 398.656 381.367 372.542 370.900 388.118 388.225 421.748 441.656 466.916 502.634 507.389 508.219 505.611 498.546 475.462 453.870 439.616 440.885 435.142 437.985 424.900 420.896 424.286 431.369 414.382 453.918 480.977 498.341 532.641 557.638 589.106 650.980 658.800 655.693
-999.250 -999.250 -999.250 -999.250 -999.250 -999.250 -999.250 -999.250 -999.250 -999.250 -999.250 -999.250 -999.250 -999.250 -999.250 -999.250 -999.250 -999.250 -999.250 -999.250 -999.250 -999.250 -999.250 -999.250 -999.250 -999.250 -999.250 -999.250 -999.250 -999.250 -999.250 393.374 386.521 391.842 401.359 402.226 429.563 447.165 465.558 510.892 543.694 547.556 551.653 559.713 545.895 525.074 487.930 486.304 488.038 459.985 453.924 442.024 427.746 411.942 402.629 401.256 417.465 441.997 461.135 498.393 539.273 578.557 627.470 641.251 649.848
-999.250 -999.250 -999.250 -999.250 -999.250 -999.250 -999.250 -999.250 -999.250 -999.250 -999.250 -999.250 -999.250 -999.250 -999.250 -999.250 -999.250 -999.250 -999.250 -999.250 -999.250 -999.250 -999.250 -999.250 -999.250 -999.250 -999.250 -999.250 -999.250 -999.250 -999.250 407.175 402.785 407.973 427.316 441.478 463.684 493.767 517.069 548.308 564.219 571.880 617.889 640.112 613.438 592.173 565.061 583.169 553.507 552.762 508.950 471.179 455.089 415.758 410.697 379.829 388.274 410.499 446.931 477.610 525.475 568.628 589.296 626.653 654.359
-999.250 -999.250 -999.250 -999.250 -999.250 -999.250 -999.250 -999.250 -999.250 -999.250 -999.250 -999.250 -999.250 -999.250 -999.250 -999.250 -999.250 -999.250 -999.250 -999.250 -999.250 -999.250 -999.250 -999.250 -999.250 -999.250 -999.250 -999.250 -999.250 -999.250 -999.250 436.131 434.756 445.926 464.841 475.011 509.502 544.581 577.204 606.224 649.524 663.883 691.754 702.706 692.567 707.983 702.866 696.924 658.443 601.398 585.708 526.146 462.460 444.615 403.206 377.740 358.225 370.405 416.728 462.954 515.389 540.830 587.831 635.208 648.163
-999.250 -999.250 -999.250 -999.250 -999.250 -999.250 -999.250 -999.250 -999.250 -999.250 -999.250 -999.250 -999.250 -999.250 -999.250 -999.250 -999.250 -999.250 -999.250 -999.250 -999.250 -999.250 -999.250 -999.250 -999.250 -999.250 -999.250 -999.250 -999.250 -999.250 461.204 477.181 472.372 489.234 513.475 520.925 560.868 575.207 642.696 676.595 706.098 721.437 759.692 764.097 790.856 802.995 814.380 796.272 757.000 722.721 641.398 577.222 499.127 465.163 423.678 362.174 337.617 335.463 395.548 478.377 512.570 542.929 583.651 601.688 676.095
-999.250 -999.250 -999.250 -999.250 -999.250 -999.250 -999.250 -999.250 -999.250 -999.250 -999.250 -999.250 -999.250 -999.250 -999.250 -999.250 -999.250 -999.250 -999.250 -999.250 -999.250 -999.250 -999.250 -999.250 -999.250 -999.250 -999.250 -999.250 -999.250 -999.250 474.873 464.300 501.225 517.202 540.396 585.212 636.841 652.199 685.968 743.304 792.038 810.474 835.773 874.741 880.640 902.451 954.103 890.507 845.164 770.757 721.525 633.472 561.794 513.280 446.181 368.762 304.637 278.620 345.209 415.583 490.580 530.012 564.834 587.041 664.656
-999.250 -999.250 -999.250 -999.250 -999.250 -999.250 -999.250 -999.250 -999.250 -999.250 -999.250 -999.250 -999.250 -999.250 -999.250 -999.250 -999.250 -999.250 -999.250 -999.250 -999.250 -999.250 -999.250 -999.250 -999.250 -999.250 -999.250 -999.250 -999.250 -999.250 501.316 509.589 520.365 538.598 556.188 604.616 689.647 717.406 765.043 827.516 845.686 869.718 892.076 926.787 943.897 943.687 966.366 954.308 878.707 867.145 791.015 723.210 670.387 542.424 484.968 398.934 301.761 193.116 314.370 403.425 473.108 537.057 553.924 627.093 677.340
-999.250 -999.250 -999.250 -999.250 -999.250 -999.250 -999.250 -999.250 -999.250 -999.250 -999.250 -999.250 -999.250 -999.250 -999.250 -999.250 -999.250 -999.250 -999.250 -999.250 -999.250 -999.250 -999.250 -999.250 -999.250 -999.250 -999.250 -999.250 -999.250 -999.250 490.187 535.585 545.605 574.729 630.752 668.670 717.768 751.564 829.848 847.749 899.717 914.299 953.327 956.495 988.419 1009.755 992.305 1000.747 946.012 901.484 897.114 836.724 761.123 687.502 587.798 486.821 368.031 323.851 366.388 428.686 492.965 535.165 563.052 608.387 661.571
-999.250 -999.250 -999.250 -999.250 -999.250 -999.250 -999.250 -999.250 -999.250 -999.250 -999.250 -999.250 -999.250 -999.250 -999.250 -999.250 -999.250 -999.250 -999.250 -999.250 -999.250 -999.250 -999.250 -999.250 -999.250 -999.250 -999.250 -999.250 -999.250 498.138 513.405 560.543 592.766 641.733 658.000 685.291 768.623 796.391 836.881 872.168 919.066 940.163 969.554 984.352 1045.940 995.928 1016.408 1035.897 1006.981 969.797 941.797 936.298 870.905 811.793 689.576 549.788 460.862 438.920 438.596 453.763 509.927 558.684 561.649 605.711 658.246
-999.250 -999.250 -999.250 -999.250 -999.250 -999.250 -999.250 -999.250 -999.250 -999.250 -999.250 -999.250 -999.250 -999.250 -999.250 -999.250 -999.250 -999.250 -999.250 -999.250 -999.250 -999.250 -999.250 -999.250 -999.250 -999.250 -999.250 -999.250 -999.250 515.531 532.541 571.894 628.481 643.647 688.212 734.169 779.862 826.678 840.635 897.933 937.604 973.624 991.001 1014.213 1024.063 1032.298 1057.220 1083.386 1044.611 1039.468 1017.358 951.352 936.522 886.611 780.748 665.032 536.519 504.610 503.690 512.612 540.305 558.183 590.545 577.686 635.308
-999.250 -999.250 -999.250 -999.250 -999.250 -999.250 -999.250 -999.250 -999.250 -999.250 -999.250 -999.250 -999.250 -999.250 -999.250 -999.250 -999.250 -999.250 -999.250 -999.250 -999.250 -999.250 -999.250 -999.250 -999.250 -999.250 -999.250 -999.250 -999.250 518.045 563.189 604.731 617.450 653.727 730.225 721.741 797.067 819.729 880.460 927.417 962.713 978.715 1036.266 1035.134 1048.714 1066.393 1068.396 1076.909 1065.593 1052.684 1015.114 1003.246 987.789 1015.043 832.271 700.160 617.002 546.774 544.681 548.577 570.669 581.789 631.035 661.532 677.500
-999.250 -999.250 -999.250 -999.250 -999.250 -999.250 -999.250 -999.250 -999.250 -999.250 -999.250 -999.250 -999.250 -999.250 -999.250 -999.250 -999.250 -999.250 -999.250 -999.250 -999.250 -999.250 -999.250 -999.250 -999.250 -999.250 -999.250 -999.250 -999.250 528.056 582.159 580.923 642.674 676.139 688.589 744.116 783.717 836.057 896.592 960.932 969.876 968.860 972.321 1043.500 1043.599 1069.050 1075.391 1080.076 1029.035 1049.619 1022.257 951.750 938.414 897.487 812.293 715.748 623.949 583.982 558.187 538.830 610.653 601.442 654.088 647.561 702.719
-999.250 -999.250 -999.250 -999.250 -999.250 -999.250 -999.250 -999.250 -999.250 -999.250 -999.250 -999.250 -999.250 -999.250 -999.250 -999.250 -999.250 -999.250 -999.250 -999.250 -999.250 -999.250 -999.250 -999.250 -999.250 -999.250 -999.250 -999.250 506.602 540.992 553.120 629.388 684.577 674.169 711.469 769.121 788.590 877.860 904.705 954.741 954.223 985.897 961.400 1019.219 1062.388 1051.133 1092.359 1075.732 1061.408 979.571 955.045 891.426 884.257 817.083 728.252 665.948 591.329 600.267 559.310 564.108 625.306 657.083 680.309 697.892 689.753
-999.250 -999.250 -999.250 -999.250 -999.250 -999.250 -999.250 -999.250 -999.250 -999.250 -999.250 -999.250 -999.250 -999.250 -999.250 -999.250 -999.250 -999.250 -999.250 -999.250 -999.250 -999.250 -999.250 -999.250 -999.250 -999.250 -999.250 -999.250 521.741 540.857 579.238 654.370 661.952 676.736 720.401 798.714 837.244 903.967 915.179 929.195 960.937 951.082 951.878 955.357 1034.733 1041.112 1091.931 1053.779 1032.884 964.991 897.104 832.630 792.732 693.282 627.216 554.181 531.917 543.915 523.932 556.524 598.162 665.155 695.372 721.902 702.006
-999.250 -999.250 -999.250 -999.250 -999.250 -999.250 -999.250 -999.250 -999.250 -999.250 -999.250 -999.250 -999.250 -999.250 -999.250 -999.250 -999.250 -999.250 -999.250 -999.250 -999.250 -999.250 -999.250 -999.250 -999.250 -999.250 -999.250 473.500 499.084 525.017 582.800 637.201 670.768 717.496 737.432 791.408 863.506 888.848 943.546 933.565 953.501 995.607 938.831 962.206 982.002 1022.158 1019.534 1002.252 921.629 901.754 833.751 771.039 662.158 575.320 500.879 478.683 482.758 486.441 512.084 543.347 585.531 660.696 722.934 758.361 757.871
-999.250 -999.250 -999.250 -999.250 -999.250 -999.250 -999.250 -999.250 -999.250 -999.250 -999.250 -999.250 -999.250 -999.250 -999.250 -999.250 -999.250 -999.250 -999.250 -999.250 -999.250 -999.250 -999.250 -999.250 -999.250 -999.250 -999.250 472.513 506.163 514.118 582.584 654.494 710.213 717.494 777.319 791.614 829.691 885.544 909.605 933.995 916.205 947.386 951.952 971.976 957.514 964.405 932.212 912.246 864.351 816.807 753.570 692.319 614.246 498.010 403.516 414.732 456.597 464.605 496.602 508.585 562.044 622.402 696.795 808.063 785.237
-999.250 -999.250 -999.250 -999.250 -999.250 -999.250 -999.250 -999.250 -999.250 -999.250 -999.250 -999.250 -999.250 -999.250 -999.250 -999.250 -999.250 -999.250 -999.250 -999.250 -999.250 -999.250 -999.250 -999.250 -999.250 -999.250 -999.250 482.260 504.261 530.453 571.651 641.159 694.120 737.412 770.133 816.310 857.220 907.357 910.405 952.407 915.836 904.963 934.697 930.506 915.470 918.041 873.181 817.616 797.362 763.031 717.300 655.429 577.539 508.820 448.497 441.942 459.149 475.809 486.139 496.891 531.501 558.005 624.610 717.906 752.163
-999.250 -999.250 -999.250 -999.250 -999.250 -999.250 -999.250 -999.250 -999.250 -999.250 -999.250 -999.250 -999.250 -999.250 -999.250 -999.250 -999.250 -999.250 -999.250 -999.250 -999.250 -999.250 -999.250 -999.250 -999.250 -999.250 -999.250 467.277 481.332 518.163 544.709 600.383 662.526 713.109 771.265 816.637 869.899 913.960 913.008 917.096 945.185 935.580 924.224 902.456 892.457 866.641 830.886 820.130 758.458 763.090 697.454 652.400 602.334 541.272 521.167 500.337 485.067 512.524 507.928 478.348 486.168 541.503 581.317 653.893 690.929
-999.250 -999.250 -999.250 -999.250 -999.250 -999.250 -999.250 -999.250 -999.250 -999.250 -999.250 -999.250 -999.250 -999.250 -999.250 -999.250 -999.250 -999.250 -999.250 -999.250 -999.250 -999.250 -999.250 -999.250 -999.250 -999.250 -999.250 -999.250 483.834 513.151 551.570 623.250 676.660 709.306 792.192 819.102 869.969 904.307 928.886 904.433 914.608 898.198 887.731 891.773 822.115 837.942 819.892 811.481 742.946 740.497 715.503 681.461 620.957 615.503 598.232 613.195 609.914 600.931 564.654 493.065 463.701 504.852 575.695 659.004 672.848
-999.250 -999.250 -999.250 -999.250 -999.250 -999.250 -999.250 -999.250 -999.250 -999.250 -999.250 -999.250 -999.250 -999.250 -999.250 -999.250 -999.250 -999.250 -999.250 -999.250 -999.250 -999.250 -999.250 -999.250 -999.250 -999.250 -999.250 -999.250 451.216 496.060 529.258 577.856 636.250 727.708 785.059 820.761 860.802 905.201 925.775 918.535 879.605 894.430 866.311 832.247 792.764 780.313 804.602 793.830 800.461 776.009 760.100 696.572 717.731 742.606 744.747 763.895 781.346 791.791 724.257 585.887 446.781 532.749 581.477 629.366 652.342
