data/medianmodel_11-Feb-2021.asc
ncols	141
nrows	288
xllcorner	-120191.398
yllcorner	-301404.813
cellsize	2000.000
NODATA_value	-999.250
[rows 203 to 231 of 288, columns 0 to 63 of 141]
-999.250 -999.250 -999.250 -999.250 -999.250 -999.250 -999.250 -999.250 -999.250 -999.250 -999.250 -999.250 -999.250 -999.250 1270.361 1251.173 1299.251 1354.922 1403.319 1562.652 1504.644 1514.419 1553.699 -999.250 -999.250 -999.250 1764.512 1762.084 1735.368 1685.199 1576.209 1558.032 1515.327 1548.685 1420.869 1290.647 1270.520 1147.702 1119.178 1065.588 1021.608 999.185 951.611 890.984 843.404 799.499 783.728 686.260 622.603 578.281 543.316 538.104 507.086 479.392 466.458 465.732 442.803 411.654 395.266 391.497 389.020 366.187 357.931 342.571
-999.250 -999.250 -999.250 -999.250 -999.250 -999.250 -999.250 -999.250 -999.250 -999.250 -999.250 -999.250 -999.250 1263.601 1284.565 1378.577 1387.086 1380.584 1346.231 1405.756 1480.116 1553.699 -999.250 -999.250 -999.250 -999.250 -999.250 1720.944 1637.725 1614.331 1594.357 1544.562 1493.379 1492.546 1323.696 1328.448 1292.955 1200.640 1121.980 1054.850 1070.211 1015.189 989.570 967.746 922.543 834.657 787.406 735.482 649.950 595.601 571.992 528.402 508.037 501.198 475.890 464.756 426.645 419.861 388.873 384.876 371.149 364.554 371.056 351.214
-999.250 -999.250 -999.250 -999.250 -999.250 -999.250 -999.250 -999.250 -999.250 -999.250 -999.250 -999.250 -999.250 1230.566 1306.436 1378.254 1369.960 1482.942 1385.488 1351.670 -999.250 -999.250 -999.250 -999.250 -999.250 -999.250 -999.250 -999.250 1628.471 1659.363 1517.031 1487.994 1488.803 1481.639 1351.224 1358.615 1292.349 1188.930 1161.573 1144.412 1075.186 1030.576 1005.473 987.198 953.321 849.117 833.619 761.564 714.876 652.679 593.746 547.924 529.070 526.990 492.083 455.528 434.680 422.923 402.651 375.560 389.723 359.731 364.016 354.596
-999.250 -999.250 -999.250 -999.250 -999.250 -999.250 -999.250 -999.250 -999.250 -999.250 -999.250 -999.250 1191.544 1314.249 -999.250 -999.250 -999.250 -999.250 -999.250 -999.250 -999.250 -999.250 -999.250 -999.250 -999.250 -999.250 -999.250 -999.250 -999.250 1549.724 1501.610 1483.708 1450.018 1376.821 1350.293 1294.374 1295.004 1251.080 1177.570 1157.418 1102.525 1060.860 1005.620 969.914 993.095 907.045 841.647 815.945 746.890 670.640 630.679 568.026 547.332 536.556 509.458 495.781 463.102 443.441 416.172 408.742 390.264 370.105 369.883 351.764
-999.250 -999.250 -999.250 -999.250 -999.250 -999.250 -999.250 -999.250 -999.250 -999.250 -999.250 -999.250 -999.250 -999.250 -999.250 -999.250 -999.250 -999.250 -999.250 -999.250 -999.250 -999.250 -999.250 -999.250 -999.250 -999.250 -999.250 -999.250 -999.250 -999.250 1465.335 1415.427 1435.590 1365.721 1403.487 1365.554 1296.137 1259.779 1250.057 1165.723 1086.938 1054.937 1018.299 1019.081 983.381 954.086 906.866 832.520 783.871 706.147 679.695 631.270 576.229 539.700 523.327 504.133 476.492 429.611 429.581 428.611 388.456 378.135 366.373 357.089
-999.250 -999.250 -999.250 -999.250 -999.250 -999.250 -999.250 -999.250 -999.250 -999.250 -999.250 -999.250 -999.250 -999.250 -999.250 -999.250 -999.250 -999.250 -999.250 -999.250 -999.250 -999.250 -999.250 -999.250 -999.250 -999.250 -999.250 -999.250 -999.250 -999.250 1341.960 1365.147 1334.697 1438.800 1423.845 1332.930 1275.610 1259.832 1220.620 1149.542 1118.744 1092.547 1030.818 1010.470 988.329 959.103 946.481 828.298 795.444 735.279 686.814 645.910 610.288 566.696 527.104 507.981 487.261 445.563 430.419 425.489 392.282 381.569 359.320 362.126
-999.250 -999.250 -999.250 -999.250 -999.250 -999.250 -999.250 -999.250 -999.250 -999.250 -999.250 -999.250 -999.250 -999.250 -999.250 -999.250 -999.250 -999.250 -999.250 -999.250 -999.250 -999.250 -999.250 -999.250 -999.250 -999.250 -999.250 -999.250 -999.250 -999.250 1313.003 1337.726 1329.592 1318.662 1363.206 1331.147 1262.936 1188.343 1206.098 1154.062 1115.649 1099.272 1064.339 1053.571 1000.280 971.056 977.860 894.788 798.636 772.989 722.234 677.484 629.293 614.851 564.983 513.515 482.419 478.491 430.549 405.283 404.763 357.978 356.456 355.248
-999.250 -999.250 -999.250 -999.250 -999.250 -999.250 -999.250 -999.250 -999.250 -999.250 -999.250 -999.250 -999.250 -999.250 -999.250 -999.250 -999.250 -999.250 -999.250 -999.250 -999.250 -999.250 -999.250 -999.250 -999.250 -999.250 -999.250 -999.250 -999.250 -999.250 -999.250 1362.188 1339.040 1407.515 1436.188 1329.527 1286.595 1250.943 1185.449 1194.804 1177.332 1138.607 1115.018 1058.829 1026.742 1001.445 975.214 879.485 859.793 813.107 745.545 710.048 644.843 623.496 603.760 539.461 498.696 485.345 445.344 411.602 387.742 363.702 355.192 357.089
-999.250 -999.250 -999.250 -999.250 -999.250 -999.250 -999.250 -999.250 -999.250 -999.250 -999.250 -999.250 -999.250 -999.250 -999.250 -999.250 -999.250 -999.250 -999.250 -999.250 -999.250 -999.250 -999.250 -999.250 -999.250 -999.250 -999.250 -999.250 -999.250 -999.250 -999.250 1323.125 1353.762 1465.785 1428.568 1375.924 1315.816 1250.867 1262.514 1214.369 1200.247 1140.541 1136.833 1112.714 1089.326 1028.925 1029.812 976.743 933.117 879.902 867.525 770.685 713.872 640.868 607.766 562.850 525.778 451.820 414.238 400.592 372.100 355.906 340.020 347.220
-999.250 -999.250 -999.250 -999.250 -999.250 -999.250 -999.250 -999.250 -999.250 -999.250 -999.250 -999.250 -999.250 -999.250 -999.250 -999.250 -999.250 -999.250 -999.250 -999.250 -999.250 -999.250 -999.250 -999.250 -999.250 -999.250 -999.250 -999.250 -999.250 -999.250 -999.250 1298.977 1300.060 1386.540 1379.663 1400.349 1321.208 1269.514 1299.634 1274.786 1237.099 1201.364 1175.792 1128.450 1128.503 1069.182 1080.032 1050.536 947.890 908.019 904.466 809.133 736.700 648.817 614.883 556.207 504.476 459.563 422.226 385.718 368.430 335.350 332.340 331.060
-999.250 -999.250 -999.250 -999.250 -999.250 -999.250 -999.250 -999.250 -999.250 -999.250 -999.250 -999.250 -999.250 -999.250 -999.250 -999.250 -999.250 -999.250 -999.250 -999.250 -999.250 -999.250 -999.250 -999.250 -999.250 -999.250 -999.250 -999.250 -999.250 -999.250 -999.250 1294.078 1350.845 1307.155 1327.469 1353.737 1372.569 1304.788 1314.153 1293.516 1263.715 1229.381 1173.798 1165.487 1155.880 1127.266 1094.286 1055.769 1048.428 995.502 963.254 883.790 786.111 747.859 658.965 579.906 531.361 445.902 412.620 392.245 359.103 326.895 299.247 274.561
-999.250 -999.250 -999.250 -999.250 -999.250 -999.250 -999.250 -999.250 -999.250 -999.250 -999.250 -999.250 -999.250 -999.250 -999.250 -999.250 -999.250 -999.250 -999.250 -999.250 -999.250 -999.250 -999.250 -999.250 -999.250 -999.250 -999.250 -999.250 -999.250 -999.250 -999.250 1298.961 1303.754 1310.115 1305.957 1254.102 1351.489 1327.996 1345.873 1315.302 1225.744 1220.503 1228.958 1206.577 1178.579 1173.169 1119.734 1074.317 1060.600 1010.495 1011.933 931.405 879.604 784.810 663.975 599.848 535.694 474.739 412.047 365.615 336.531 310.413 271.993 243.249
-999.250 -999.250 -999.250 -999.250 -999.250 -999.250 -999.250 -999.250 -999.250 -999.250 -999.250 -999.250 -999.250 -999.250 -999.250 -999.250 -999.250 -999.250 -999.250 -999.250 -999.250 -999.250 -999.250 -999.250 -999.250 -999.250 -999.250 -999.250 -999.250 -999.250 -999.250 1227.681 1217.208 1228.721 1275.345 1323.583 1301.963 1264.239 1264.652 1298.955 1266.616 1250.674 1290.520 1242.301 1231.806 1186.518 1117.873 1083.288 1081.830 1036.454 1027.549 951.765 869.628 842.098 747.534 647.873 577.455 512.521 443.119 392.467 344.426 307.508 255.215 218.864
-999.250 -999.250 -999.250 -999.250 -999.250 -999.250 -999.250 -999.250 -999.250 -999.250 -999.250 -999.250 -999.250 -999.250 -999.250 -999.250 -999.250 -999.250 -999.250 -999.250 -999.250 -999.250 -999.250 -999.250 -999.250 -999.250 -999.250 -999.250 -999.250 -999.250 -999.250 1177.953 1159.608 1212.830 1205.030 1206.150 1202.158 1236.435 1298.326 1323.773 1327.120 1285.626 1308.291 1248.798 1233.269 1180.691 1170.353 1101.455 1056.564 1027.280 1023.042 971.658 919.456 839.857 761.952 694.757 619.573 545.240 469.634 412.697 374.378 322.929 270.442 206.410
-999.250 -999.250 -999.250 -999.250 -999.250 -999.250 -999.250 -999.250 -999.250 -999.250 -999.250 -999.250 -999.250 -999.250 -999.250 -999.250 -999.250 -999.250 -999.250 -999.250 -999.250 -999.250 -999.250 -999.250 -999.250 -999.250 -999.250 -999.250 -999.250 -999.250 -999.250 1161.994 1105.658 1141.173 1153.447 1228.142 1217.651 1308.964 1330.948 1419.497 1405.836 1402.156 1303.557 1316.241 1230.632 1198.005 1189.828 1111.386 1121.239 1031.601 995.611 961.189 949.482 873.611 775.995 717.712 672.050 573.027 531.398 472.198 398.805 349.460 263.126 226.722
-999.250 -999.250 -999.250 -999.250 -999.250 -999.250 -999.250 -999.250 -999.250 -999.250 -999.250 -999.250 -999.250 -999.250 -999.250 -999.250 -999.250 -999.250 -999.250 -999.250 -999.250 -999.250 -999.250 -999.250 -999.250 -999.250 -999.250 -999.250 -999.250 -999.250 -999.250 1134.578 1099.553 1143.576 1118.972 1191.023 1208.280 1292.027 1372.996 1426.158 1492.974 1450.211 1421.507 1333.040 1276.420 1245.451 1184.627 1168.333 1119.044 1060.733 1033.313 981.492 966.283 934.387 799.983 772.539 698.522 619.836 546.507 501.555 418.844 384.594 322.585 273.819
-999.250 -999.250 -999.250 -999.250 -999.250 -999.250 -999.250 -999.250 -999.250 -999.250 -999.250 -999.250 -999.250 -999.250 -999.250 -999.250 -999.250 -999.250 -999.250 -999.250 -999.250 -999.250 -999.250 -999.250 -999.250 -999.250 -999.250 -999.250 -999.250 -999.250 -999.250 1079.004 1059.023 1106.011 1104.472 1207.124 1182.700 1224.741 1321.427 1338.579 1448.805 1523.328 1402.576 1355.374 1275.587 1208.370 1226.385 1167.755 1172.948 1093.571 1046.595 1015.875 946.245 908.857 826.141 806.205 763.797 688.185 642.012 547.798 521.429 419.293 393.889 343.014
-999.250 -999.250 -999.250 -999.250 -999.250 -999.250 -999.250 -999.250 -999.250 -999.250 -999.250 -999.250 -999.250 -999.250 -999.250 -999.250 -999.250 -999.250 -999.250 -999.250 -999.250 -999.250 -999.250 -999.250 -999.250 -999.250 -999.250 -999.250 -999.250 -999.250 -999.250 1038.487 1072.530 1057.081 1105.070 1147.944 1169.708 1176.512 1240.110 1295.969 1329.874 1371.109 1382.050 1294.573 1236.798 1252.950 1192.843 1174.484 1172.540 1105.266 1077.997 1002.171 965.677 898.607 886.866 830.244 781.684 727.032 637.586 585.157 557.295 527.469 474.386 446.099
-999.250 -999.250 -999.250 -999.250 -999.250 -999.250 -999.250 -999.250 -999.250 -999.250 -999.250 -999.250 -999.250 -999.250 -999.250 -999.250 -999.250 -999.250 -999.250 -999.250 -999.250 -999.250 -999.250 -999.250 -999.250 -999.250 -999.250 -999.250 -999.250 -999.250 -999.250 1000.483 1010.945 1037.842 1038.641 1102.805 1095.932 1194.546 1181.397 1240.717 1242.684 1280.345 1319.368 1248.633 1262.443 1222.243 1244.633 1221.222 1182.245 1105.940 1057.978 1031.225 978.204 971.391 896.889 851.116 821.519 776.696 713.070 644.971 617.088 565.447 555.158 530.145
-999.250 -999.250 -999.250 -999.250 -999.250 -999.250 -999.250 -999.250 -999.250 -999.250 -999.250 -999.250 -999.250 -999.250 -999.250 -999.250 -999.250 -999.250 -999.250 -999.250 -999.250 -999.250 -999.250 -999.250 -999.250 -999.250 -999.250 -999.250 -999.250 -999.250 -999.250 951.805 993.904 977.645 1008.855 1064.447 1074.322 1130.074 1137.097 1188.314 1230.896 1216.349 1253.407 1253.936 1229.297 1202.453 1168.475 1227.375 1187.372 1148.209 1118.159 1034.716 1010.798 948.405 936.986 907.752 875.281 826.270 764.825 727.639 724.001 651.874 615.153 600.376
-999.250 -999.250 -999.250 -999.250 -999.250 -999.250 -999.250 -999.250 -999.250 -999.250 -999.250 -999.250 -999.250 -999.250 -999.250 -999.250 -999.250 -999.250 -999.250 -999.250 -999.250 -999.250 -999.250 -999.250 -999.250 -999.250 -999.250 -999.250 -999.250 -999.250 851.731 894.252 950.044 944.165 976.176 1014.124 1045.937 1052.350 1077.561 1125.253 1161.422 1190.562 1183.092 1200.780 1158.961 1188.333 1151.569 1183.329 1208.130 1119.312 1090.878 1024.886 1018.588 1021.201 993.491 969.015 966.983 935.598 848.509 813.611 770.404 714.698 656.992 671.770
-999.250 -999.250 -999.250 -999.250 -999.250 -999.250 -999.250 -999.250 -999.250 -999.250 -999.250 -999.250 -999.250 -999.250 -999.250 -999.250 -999.250 -999.250 -999.250 -999.250 -999.250 -999.250 -999.250 -999.250 -999.250 -999.250 -999.250 -999.250 -999.250 -999.250 831.719 811.245 869.594 874.473 921.677 961.821 975.708 1004.115 1047.790 1108.572 1089.749 1153.723 1122.199 1125.957 1186.370 1206.710 1171.457 1210.404 1208.747 1146.818 1080.967 1059.313 1049.577 1052.709 1024.945 1008.692 985.942 982.573 949.717 907.221 814.787 784.072 724.940 749.499
-999.250 -999.250 -999.250 -999.250 -999.250 -999.250 -999.250 -999.250 -999.250 -999.250 -999.250 -999.250 -999.250 -999.250 -999.250 -999.250 -999.250 -999.250 -999.250 -999.250 -999.250 -999.250 -999.250 -999.250 -999.250 -999.250 -999.250 -999.250 -999.250 -999.250 755.414 776.291 802.110 817.093 833.231 869.269 888.643 948.056 997.396 1052.360 1068.324 1097.698 1109.175 1143.941 1158.704 1161.557 1184.475 1168.329 1129.033 1123.857 1089.694 1136.202 1097.473 1049.287 1034.536 1048.693 1027.831 1033.194 1005.953 980.792 949.878 901.926 850.357 834.006
-999.250 -999.250 -999.250 -999.250 -999.250 -999.250 -999.250 -999.250 -999.250 -999.250 -999.250 -999.250 -999.250 -999.250 -999.250 -999.250 -999.250 -999.250 -999.250 -999.250 -999.250 -999.250 -999.250 -999.250 -999.250 -999.250 -999.250 -999.250 -999.250 -999.250 712.078 695.019 707.977 738.639 759.039 811.850 866.930 889.310 971.485 974.351 992.846 1015.497 1039.643 1117.743 1092.563 1154.398 1107.736 1119.114 1153.937 1099.119 1111.329 1117.315 1123.928 1100.246 1107.416 1092.825 1066.791 1062.647 1026.783 1021.645 991.780 977.796 948.952 930.272
-999.250 -999.250 -999.250 -999.250 -999.250 -999.250 -999.250 -999.250 -999.250 -999.250 -999.250 -999.250 -999.250 -999.250 -999.250 -999.250 -999.250 -999.250 -999.250 -999.250 -999.250 -999.250 -999.250 -999.250 -999.250 -999.250 -999.250 -999.250 -999.250 635.851 610.756 661.493 665.709 642.746 674.404 719.190 732.825 780.201 812.635 892.957 932.823 982.857 1028.491 1043.699 1074.943 1091.613 1131.852 1100.989 1057.698 1090.257 1130.537 1135.922 1134.238 1147.345 1154.950 1123.221 1139.647 1108.987 1091.756 1053.332 1076.596 1054.198 1019.509 961.752
-999.250 -999.250 -999.250 -999.250 -999.250 -999.250 -999.250 -999.250 -999.250 -999.250 -999.250 -999.250 -999.250 -999.250 -999.250 -999.250 -999.250 -999.250 -999.250 -999.250 -999.250 -999.250 -999.250 -999.250 -999.250 -999.250 -999.250 -999.250 -999.250 600.612 593.554 607.298 595.942 608.300 629.641 642.530 657.814 705.522 748.005 838.656 884.032 935.144 980.007 1039.255 1062.692 1058.736 1101.240 1085.331 1128.175 1100.705 1173.049 1136.124 1144.455 1174.254 1206.063 1192.587 1212.152 1205.497 1177.259 1160.346 1139.531 1129.898 1071.582 1028.830
-999.250 -999.250 -999.250 -999.250 -999.250 -999.250 -999.250 -999.250 -999.250 -999.250 -999.250 -999.250 -999.250 -999.250 -999.250 -999.250 -999.250 -999.250 -999.250 -999.250 -999.250 -999.250 -999.250 -999.250 -999.250 -999.250 -999.250 -999.250 611.693 589.162 587.102 574.020 573.157 577.285 568.818 573.989 583.516 618.423 719.550 807.553 825.344 869.960 964.017 1019.341 1060.283 1055.955 1085.797 1101.007 1160.069 1157.413 1135.266 1167.168 1193.776 1189.664 1223.051 1239.620 1256.554 1240.705 1225.053 1248.594 1194.230 1190.980 1117.199 1077.964
-999.250 -999.250 -999.250 -999.250 -999.250 -999.250 -999.250 -999.250 -999.250 -999.250 -999.250 -999.250 -999.250 -999.250 -999.250 -999.250 -999.250 -999.250 -999.250 -999.250 -999.250 -999.250 -999.250 -999.250 -999.250 -999.250 -999.250 -999.250 567.083 575.038 567.682 558.410 545.619 546.017 538.169 551.825 569.191 609.775 691.938 749.157 811.723 847.940 913.713 1018.833 1032.370 1076.008 1057.184 1075.951 1127.381 1164.958 1164.052 1214.331 1244.728 1257.340 1241.339 1256.361 1296.329 1291.048 1295.550 1291.097 1302.305 1218.473 1188.124 1156.433
-999.250 -999.250 -999.250 -999.250 -999.250 -999.250 -999.250 -999.250 -999.250 -999.250 -999.250 -999.250 -999.250 -999.250 -999.250 -999.250 -999.250 -999.250 -999.250 -999.250 -999.250 -999.250 -999.250 -999.250 -999.250 -999.250 -999.250 558.406 554.887 547.934 559.551 537.935 536.819 530.603 522.886 537.047 565.919 622.382 662.416 730.379 779.061 812.698 898.302 980.566 1003.068 1037.207 1070.339 1144.757 1181.139 1176.798 1204.762 1253.417 1267.766 1305.360 1346.571 1311.750 1369.039 1368.121 1404.969 1337.217 1341.002 1323.333 1285.325 1196.998
