data/medianmodel_12-Jul-2020.asc
ncols	141
nrows	288
xllcorner	-120191.398
yllcorner	-301404.813
cellsize	2000.000
NODATA_value	-999.250
[rows 155 to 185 of 288, columns 0 to 68 of 141]
-999.250 -999.250 -999.250 -999.250 -999.250 -999.250 -999.250 24.952 24.115 22.955 24.711 24.280 23.610 25.798 30.297 35.586 45.898 50.044 51.866 56.645 58.918 40.229 31.123 19.974 12.639 4.907 1.465 0.000 0.000 0.000 0.000 1.663 4.859 5.393 6.439 6.290 5.348 3.991 4.093 2.562 0.057 0.000 0.000 0.000 0.000 0.000 0.000 0.000 0.000 0.000 0.000 0.000 0.000 0.000 0.000 0.000 0.000 0.000 0.741 0.501 1.952 3.528 1.420 1.082 0.000 0.000 0.000 0.000 0.000
-999.250 -999.250 -999.250 -999.250 -999.250 -999.250 -999.250 22.718 24.361 21.889 19.471 18.401 17.593 19.382 21.868 29.113 37.863 41.194 38.968 43.166 39.317 33.857 21.018 14.137 8.207 4.869 0.949 0.000 0.000 0.000 0.000 2.269 5.050 6.334 6.388 6.324 6.787 4.579 6.161 4.144 1.100 0.000 0.000 0.000 0.000 0.000 0.000 0.000 0.000 0.000 0.000 0.000 0.000 0.000 0.000 0.000 0.130 0.000 0.881 0.758 0.348 1.217 0.262 0.000 0.000 0.000 0.000 0.000 0.000
-999.250 -999.250 -999.250 -999.250 -999.250 -999.250 -999.250 19.952 19.218 17.822 16.779 15.131 14.372 16.712 18.142 21.834 28.488 31.078 31.557 29.953 33.763 24.312 20.209 11.730 7.907 5.645 4.176 0.750 0.000 0.207 4.685 3.850 6.395 6.623 6.563 7.669 7.992 5.271 5.399 1.992 0.268 0.000 0.000 0.000 0.000 0.000 0.000 0.000 0.000 0.000 0.000 0.000 0.000 0.000 0.000 0.301 0.000 0.637 0.000 0.000 0.139 0.571 0.000 0.000 0.000 0.000 0.000 0.000 0.000
-999.250 -999.250 -999.250 -999.250 -999.250 -999.250 -999.250 18.905 19.445 18.167 14.225 14.626 13.031 12.136 13.781 19.342 21.353 22.781 20.749 24.753 27.380 21.035 17.141 12.362 10.895 7.876 6.728 3.515 4.225 2.800 4.448 5.751 7.606 9.163 10.386 11.274 9.918 7.584 4.835 3.144 0.239 0.000 0.000 0.000 0.000 0.000 0.000 0.000 0.000 0.000 0.000 0.000 0.000 0.000 0.264 0.959 1.367 0.000 0.000 0.282 0.035 0.787 0.000 0.000 0.000 0.000 0.000 0.000 0.000
-999.250 -999.250 -999.250 -999.250 -999.250 -999.250 -999.250 -999.250 19.763 17.602 15.861 12.358 9.824 10.624 11.994 15.856 15.900 19.241 20.905 20.757 28.555 22.604 16.898 15.043 12.347 11.524 7.599 5.617 6.922 7.656 8.651 8.698 8.197 11.463 11.105 12.282 12.735 10.185 6.537 2.314 0.000 0.000 0.000 0.000 0.000 0.000 0.000 0.000 0.000 0.000 0.000 0.000 0.000 0.000 0.028 0.801 1.689 1.131 1.488 0.000 0.503 0.335 0.000 0.000 0.000 0.000 0.000 0.000 0.000
-999.250 -999.250 -999.250 -999.250 -999.250 -999.250 -999.250 -999.250 21.398 23.206 15.140 12.333 9.407 9.875 11.685 15.926 16.090 15.980 19.824 22.780 22.202 25.010 19.301 17.606 15.793 14.730 9.746 10.277 12.298 11.286 13.291 12.126 14.457 14.042 15.844 16.494 16.413 12.736 8.090 3.822 0.000 0.000 0.000 0.000 0.000 0.000 0.000 0.000 0.000 0.000 0.373 0.921 0.923 0.211 0.051 0.000 1.910 1.622 1.955 1.099 0.949 0.135 0.000 0.000 0.000 0.000 0.000 0.000 0.000
-999.250 -999.250 -999.250 -999.250 -999.250 -999.250 -999.250 25.194 21.245 17.261 13.159 13.919 11.395 11.358 11.871 14.285 17.915 19.547 21.770 22.466 25.846 28.863 28.180 27.609 20.598 14.906 19.024 14.499 14.213 15.657 15.499 15.248 16.830 15.743 15.278 19.039 22.640 12.807 6.941 2.797 0.000 0.000 0.000 0.000 0.000 0.000 0.000 0.000 0.000 0.000 0.000 0.034 0.859 1.149 1.029 3.240 1.391 0.023 0.086 1.381 0.000 0.000 0.000 0.000 0.000 0.000 0.000 0.000 0.000
-999.250 -999.250 -999.250 -999.250 -999.250 -999.250 -999.250 20.627 19.241 15.456 14.506 12.011 12.010 13.880 14.719 17.296 17.300 21.079 24.600 27.611 36.568 30.249 32.393 30.704 20.394 19.542 23.583 20.253 19.443 17.379 20.645 19.319 20.678 20.087 18.218 15.742 15.636 10.710 4.723 0.808 0.000 0.000 0.000 0.000 0.000 0.000 0.000 0.000 0.000 0.000 0.142 0.209 2.634 3.315 2.818 2.591 0.832 2.027 0.000 0.000 0.000 0.000 0.000 0.000 0.000 0.000 0.000 0.000 0.000
-999.250 -999.250 -999.250 -999.250 -999.250 -999.250 -999.250 19.761 19.232 19.694 21.307 16.921 18.218 19.624 19.706 22.118 23.407 25.927 28.351 33.998 40.440 44.142 46.978 37.152 26.176 29.988 27.495 25.063 29.623 23.782 23.153 20.682 21.193 19.402 13.580 13.484 12.539 8.211 4.435 0.042 0.000 0.000 0.000 0.000 0.000 0.000 0.000 0.000 0.000 0.659 0.120 3.171 3.117 3.647 0.878 2.939 0.644 0.618 0.000 0.000 0.000 0.000 0.000 0.000 0.000 0.000 0.000 0.000 0.000
-999.250 -999.250 -999.250 -999.250 -999.250 -999.250 -999.250 33.032 22.356 25.574 22.204 26.801 26.477 31.592 34.420 33.103 35.008 38.288 42.806 54.715 54.093 46.006 56.174 48.110 38.649 31.825 37.914 35.076 35.258 33.809 30.429 25.608 21.302 16.514 13.783 10.487 8.016 6.367 3.336 0.000 0.000 0.000 0.000 0.000 0.000 0.000 0.000 0.000 0.000 0.000 0.852 1.591 3.058 2.247 2.035 0.498 2.182 0.023 0.025 0.000 0.000 0.000 0.000 0.000 0.000 0.000 0.000 0.000 0.000
-999.250 -999.250 -999.250 -999.250 -999.250 -999.250 32.085 35.113 35.777 35.736 34.964 38.222 40.924 39.459 40.825 45.475 46.834 49.698 55.076 48.430 63.186 69.639 52.402 63.183 51.863 46.153 42.643 42.703 32.396 29.286 32.900 33.553 20.666 15.000 11.495 8.153 3.801 3.667 1.482 0.000 0.000 0.000 0.000 0.000 0.000 0.000 0.000 0.354 0.000 0.514 0.534 0.000 0.997 0.271 0.966 0.000 0.000 0.000 0.000 0.000 0.000 0.000 0.000 0.000 0.000 0.000 0.000 0.000 0.000
-999.250 -999.250 -999.250 -999.250 -999.250 -999.250 37.245 38.611 42.027 47.737 46.610 43.282 43.052 45.619 50.210 55.776 56.294 64.050 73.639 70.261 83.531 88.726 80.697 74.363 69.110 63.654 55.755 50.478 42.173 35.552 31.626 23.225 17.071 12.786 10.311 6.414 2.084 0.000 0.000 0.000 0.000 0.000 0.000 0.000 0.000 0.000 0.000 0.000 1.327 2.140 2.479 0.561 1.019 0.972 1.643 1.285 0.000 0.000 0.000 0.000 0.000 0.000 0.000 0.000 0.000 0.000 0.000 0.000 0.000
-999.250 -999.250 -999.250 -999.250 -999.250 53.209 51.069 53.877 52.575 68.268 54.111 58.639 58.680 73.516 68.961 65.825 64.841 77.327 78.174 84.042 99.265 97.214 103.857 84.243 73.497 66.648 54.525 61.631 44.526 37.524 30.948 21.189 15.915 9.401 8.620 3.979 0.289 0.000 0.000 0.000 0.000 0.000 0.000 0.000 1.820 0.401 0.788 0.990 1.293 4.075 3.947 2.800 2.217 2.905 2.323 0.376 0.234 0.000 0.000 0.000 0.000 0.858 0.000 0.000 0.000 0.000 0.000 0.000 0.000
-999.250 -999.250 -999.250 -999.250 -999.250 70.975 53.449 56.089 67.975 76.591 71.781 73.857 68.815 85.304 86.386 99.767 98.453 79.941 98.638 115.074 119.953 113.436 107.873 101.489 87.450 68.633 66.013 60.328 44.888 34.760 29.757 22.384 13.577 8.401 5.404 1.604 0.011 0.000 0.000 0.000 0.000 0.000 0.000 0.000 2.211 3.739 1.813 2.979 2.918 3.558 3.763 3.932 3.234 2.521 3.555 1.857 0.615 0.306 0.123 0.896 0.000 0.000 0.000 0.000 0.000 0.000 0.000 0.000 0.000
-999.250 -999.250 -999.250 -999.250 59.293 73.703 72.575 68.371 81.290 86.891 97.266 95.834 84.645 102.024 100.870 106.286 105.979 93.604 96.939 91.826 115.453 127.029 120.730 107.620 93.147 82.175 73.910 60.307 42.185 31.908 24.253 18.285 13.713 7.285 3.486 0.000 0.000 0.000 0.000 0.000 0.000 0.000 0.974 3.689 4.149 4.531 3.886 3.367 3.908 3.364 4.697 4.198 4.592 4.467 5.354 4.330 3.882 1.841 1.666 1.769 2.444 0.794 0.000 0.000 0.000 0.000 0.000 0.000 0.000
-999.250 -999.250 -999.250 -999.250 77.368 84.893 91.957 104.388 91.927 112.909 103.038 106.543 105.928 124.416 109.695 122.841 119.172 110.673 105.518 118.011 118.524 121.197 127.123 116.213 85.670 88.209 72.331 52.357 45.462 31.687 22.984 18.608 10.581 6.578 2.289 0.000 0.000 0.000 0.000 0.000 0.000 1.993 2.434 2.171 5.504 7.659 7.576 5.169 5.314 5.310 4.894 5.435 6.371 4.955 5.316 5.564 5.358 3.508 2.695 2.290 1.210 0.658 0.075 0.000 0.000 0.000 0.000 0.000 0.000
-999.250 -999.250 -999.250 -999.250 104.271 103.094 92.387 100.281 106.693 109.775 115.161 107.837 113.777 121.377 125.388 126.782 126.351 118.166 103.811 96.880 104.477 105.105 119.673 101.972 104.602 92.772 57.906 50.896 31.262 29.574 23.584 17.803 11.520 6.226 5.098 1.484 0.000 0.000 0.000 0.000 0.947 2.926 4.530 5.729 7.076 7.143 8.713 7.019 7.550 7.284 5.369 6.800 7.936 5.525 5.834 6.452 4.427 5.424 5.400 5.301 4.139 1.119 0.000 0.000 0.000 0.000 0.000 0.000 0.000
-999.250 -999.250 -999.250 -999.250 102.630 105.993 116.101 114.979 124.768 120.258 111.376 112.384 103.464 115.611 130.165 139.887 126.919 115.444 96.848 70.702 78.250 88.338 92.163 98.401 87.690 76.262 64.053 52.827 38.235 31.265 20.069 16.962 12.118 8.510 6.594 4.696 0.000 0.000 0.000 0.000 1.519 5.118 6.261 8.607 10.194 9.006 9.017 9.437 8.913 6.404 9.056 8.035 7.208 8.207 7.956 7.127 6.503 7.101 6.092 5.684 4.516 4.545 1.791 0.824 0.000 0.000 0.000 0.000 0.000
-999.250 -999.250 -999.250 -999.250 112.404 102.533 118.917 129.397 128.551 129.018 123.305 124.977 122.456 118.010 131.113 134.753 150.221 113.404 71.896 55.968 57.625 69.636 76.632 71.410 70.164 59.685 44.551 47.200 40.728 30.986 24.690 19.576 14.275 8.646 6.609 4.813 1.530 0.204 0.862 2.501 5.634 6.226 9.388 10.689 11.226 12.439 12.329 12.458 12.320 11.656 9.863 9.352 7.796 9.137 10.510 10.187 10.373 8.439 8.634 8.526 6.450 6.240 3.068 2.611 3.953 2.087 0.908 0.000 0.000
-999.250 -999.250 -999.250 -999.250 117.571 126.181 128.318 131.249 125.284 135.029 131.148 134.808 133.507 124.944 127.444 126.470 123.870 95.016 49.421 25.954 33.029 56.518 59.870 65.462 60.182 56.997 61.336 50.796 43.329 36.922 26.873 22.726 16.708 12.673 9.189 5.512 4.025 4.060 4.047 5.806 9.279 9.482 11.196 12.561 13.804 12.449 12.360 13.072 12.148 11.757 9.749 9.901 11.600 9.381 9.877 11.253 12.284 12.497 13.273 10.855 9.473 6.233 5.765 4.861 3.705 3.028 0.118 0.016 0.000
-999.250 -999.250 -999.250 -999.250 121.126 133.080 131.906 136.711 137.579 135.121 138.586 130.447 134.379 134.599 125.734 119.204 112.435 65.672 54.144 28.859 30.220 56.396 64.967 68.167 65.202 53.880 50.686 48.374 48.343 36.737 32.047 23.892 15.662 14.877 13.714 8.493 7.024 5.986 4.484 8.043 8.625 11.031 13.899 17.337 15.980 15.451 12.447 11.936 10.684 10.742 10.912 13.381 11.120 11.316 10.896 13.037 14.072 16.134 14.582 13.355 10.820 9.106 6.199 6.196 3.939 2.844 0.633 0.026 0.000
-999.250 -999.250 -999.250 -999.250 138.812 145.741 151.960 169.779 150.150 132.457 138.168 138.402 132.736 132.490 129.424 116.008 90.580 73.980 57.205 50.585 45.065 59.424 64.039 63.629 67.793 56.761 52.251 51.395 54.287 38.575 35.150 25.082 22.612 17.303 14.560 12.466 10.597 6.109 6.988 8.810 10.224 12.997 15.216 22.895 18.523 13.219 12.111 11.608 10.435 10.140 10.423 13.624 11.968 11.438 12.141 15.089 19.763 24.166 16.736 14.052 11.555 10.564 8.025 7.575 4.326 3.420 1.422 0.000 0.000
-999.250 -999.250 -999.250 -999.250 144.385 145.288 152.776 153.912 143.929 134.845 141.979 134.872 129.950 134.841 118.559 106.111 96.615 66.240 73.714 72.884 74.576 80.543 71.032 71.713 65.488 67.656 61.062 59.770 56.735 46.441 41.950 32.757 25.626 19.361 16.982 12.448 12.919 10.365 8.620 9.532 11.756 13.336 13.922 16.124 16.937 13.537 12.611 11.754 11.193 10.570 12.280 11.387 10.537 10.959 13.181 16.638 17.673 21.007 16.290 14.456 11.525 10.335 8.623 8.353 6.700 4.583 0.983 1.634 0.122
-999.250 -999.250 -999.250 -999.250 134.102 146.506 149.045 152.993 150.067 139.717 136.098 131.192 127.114 130.869 119.946 116.407 109.609 97.522 91.963 111.565 113.085 103.197 95.257 86.763 73.128 57.750 62.865 62.890 52.125 46.600 43.030 33.026 30.748 21.350 21.083 16.175 17.379 15.110 12.930 14.643 11.614 13.411 12.500 14.728 15.053 12.722 13.357 12.986 12.402 11.867 10.623 10.922 10.520 11.811 11.638 16.171 17.808 17.970 15.702 11.727 12.606 12.070 9.480 7.060 5.325 5.708 3.281 1.413 1.317
-999.250 -999.250 -999.250 122.845 129.865 136.059 140.258 149.357 141.594 150.023 149.622 142.935 133.888 124.430 121.432 118.447 114.744 107.505 114.133 129.290 137.365 127.657 119.233 108.768 73.524 58.473 58.633 59.286 51.096 48.622 48.165 49.226 37.408 33.779 23.106 19.824 19.077 14.927 14.524 12.309 13.610 10.989 13.053 12.287 11.645 10.511 11.880 10.314 11.161 11.078 11.255 8.229 9.582 9.005 11.738 14.198 14.263 13.495 11.713 13.238 9.842 11.321 8.594 6.358 6.062 3.318 2.824 2.550 1.729
-999.250 -999.250 -999.250 110.021 133.865 129.062 132.295 145.684 145.705 141.905 142.121 133.270 139.087 134.629 128.421 127.157 120.760 121.384 123.057 129.254 129.368 125.143 113.374 105.132 80.757 59.868 57.243 55.327 57.028 61.026 56.516 46.412 38.826 37.490 32.069 27.839 20.858 19.382 16.758 13.588 12.770 14.208 12.407 10.998 11.485 8.787 9.938 7.822 9.336 10.953 8.269 10.128 9.756 9.591 11.316 13.475 12.472 11.580 10.908 11.972 10.461 8.605 7.994 5.608 6.041 4.316 3.351 2.311 2.063
-999.250 -999.250 -999.250 119.437 118.877 131.250 138.888 147.146 138.821 136.802 137.240 131.734 133.625 134.464 132.477 127.666 124.244 122.038 121.712 123.535 124.699 114.634 94.181 84.055 70.710 66.795 64.288 58.908 64.581 69.875 66.075 57.147 49.905 39.038 33.026 30.232 25.103 22.887 17.049 11.376 12.942 14.228 10.867 9.170 9.256 7.388 6.960 7.029 10.080 7.642 9.162 7.849 9.049 8.039 7.797 11.117 10.815 9.255 10.568 9.361 9.031 8.093 7.467 5.633 3.217 3.359 2.534 1.450 2.511
-999.250 -999.250 114.194 116.306 117.240 120.145 129.242 138.248 141.068 136.196 135.031 129.701 135.604 139.957 134.289 127.096 140.328 116.744 111.581 120.679 116.988 105.342 107.192 85.130 74.128 72.153 62.763 65.958 67.865 64.282 59.178 51.933 46.747 38.677 36.900 26.168 23.512 20.317 17.196 16.938 11.378 12.843 10.321 9.287 9.068 7.111 7.564 5.527 5.823 7.180 7.292 8.163 9.039 8.566 7.872 11.420 9.325 10.181 9.254 8.327 6.956 7.118 6.541 4.095 2.693 2.862 2.421 1.192 0.705
-999.250 -999.250 108.180 115.804 119.107 116.488 127.383 134.896 135.002 138.027 144.776 153.120 149.215 141.197 156.620 139.246 128.840 123.001 106.959 92.639 -999.250 100.728 98.527 85.054 71.118 68.145 62.475 70.103 64.689 71.891 52.193 42.988 39.172 35.175 33.932 27.999 25.390 22.945 19.582 16.331 13.642 15.759 10.414 9.521 7.892 6.135 6.008 5.438 4.508 6.285 6.429 7.638 8.989 9.208 8.065 7.996 8.610 8.290 6.957 7.818 7.797 7.138 5.261 2.175 3.213 1.585 1.458 0.000 0.000
-999.250 109.731 116.169 104.598 121.458 124.322 119.947 127.724 138.871 144.644 140.342 141.464 150.575 147.359 159.141 147.757 136.180 126.134 110.083 -999.250 -999.250 99.497 82.990 68.992 71.458 60.155 57.746 63.348 56.467 60.104 47.654 38.798 35.765 34.465 30.561 26.827 22.388 22.917 19.657 21.290 16.573 13.630 9.302 7.737 7.525 7.613 4.802 3.371 3.916 3.725 6.406 7.099 8.069 6.236 7.084 6.849 6.581 6.552 7.851 6.236 6.222 4.220 3.029 0.624 1.155 0.030 0.000 0.000 0.000
-999.250 112.759 122.085 114.938 109.948 119.436 130.176 126.880 142.963 151.972 153.419 154.480 157.672 159.334 162.572 137.673 125.986 118.876 -999.250 -999.250 -999.250 -999.250 70.460 59.660 60.069 63.496 56.632 51.053 50.711 45.026 40.866 37.032 28.066 31.097 27.818 25.547 23.973 23.345 18.988 16.736 14.035 11.674 10.453 7.246 5.521 5.312 4.521 1.964 2.558 1.449 5.328 6.593 4.737 5.248 4.818 5.339 6.148 5.239 6.281 4.939 4.468 2.704 1.239 1.072 0.000 0.000 0.000 0.000 0.000
